Acquisition,Preparation,Modeling,Training,Evaluation,Prediction,time
0,1,1,0,0,0,2019-04-01 12:44:10+02:00
0,0,0,0,0,0,2019-05-14 17:53:26+02:00
0,0,0,0,0,0,2019-05-14 17:57:17+02:00
0,0,0,0,0,0,2019-05-14 18:01:48+02:00
0,0,0,0,0,0,2019-05-14 18:03:05+02:00
0,0,0,0,0,0,2019-05-14 18:20:04+02:00
0,0,0,0,0,0,2019-05-14 18:20:18+02:00
0,0,0,0,0,0,2019-05-14 18:20:33+02:00
0,0,0,0,0,0,2019-05-14 18:20:42+02:00
0,0,0,0,0,0,2019-05-14 18:20:52+02:00
0,0,0,0,0,0,2019-05-14 18:21:00+02:00
0,0,0,0,0,0,2019-05-14 18:21:07+02:00
0,0,0,0,0,0,2019-05-14 18:21:13+02:00
0,0,0,0,0,0,2019-05-14 18:28:53+02:00
1,1,0,0,0,0,2019-05-15 16:27:50+02:00
0,0,0,0,0,0,2019-05-15 16:28:24+02:00
0,0,0,0,0,0,2019-05-15 16:28:32+02:00
0,0,0,0,0,0,2019-05-15 16:29:18+02:00
0,0,0,0,0,0,2019-05-15 16:29:25+02:00
0,0,0,0,0,0,2019-05-15 16:29:36+02:00
0,0,0,0,0,0,2019-05-15 16:29:47+02:00
0,0,0,0,0,0,2019-05-15 16:32:54+02:00
0,0,0,0,0,0,2019-05-15 16:34:26+02:00
0,0,0,0,0,0,2019-05-15 16:36:28+02:00
0,0,0,0,0,0,2019-05-20 21:38:22+02:00
0,1,0,0,0,0,2019-05-20 22:20:38+02:00
0,1,1,1,0,0,2019-05-20 22:26:11+02:00
0,0,0,0,0,0,2019-05-20 22:30:58+02:00
1,2,1,1,0,0,2019-05-20 23:15:24+02:00
1,2,1,1,0,0,2019-05-20 23:36:20+02:00
0,0,0,0,0,0,2019-05-20 23:39:52+02:00
0,0,0,0,0,0,2019-05-21 10:57:38+02:00
0,0,0,0,0,0,2019-05-21 10:59:28+02:00
0,0,0,0,0,0,2019-05-21 11:02:45+02:00
0,0,0,0,0,0,2019-05-21 11:26:50+02:00
0,1,1,1,0,0,2019-05-21 11:29:43+02:00
0,0,0,0,0,0,2019-05-21 11:31:48+02:00
0,1,1,1,0,0,2019-05-21 11:59:26+02:00
1,1,0,0,0,0,2019-05-22 09:38:40+02:00
0,0,0,0,0,0,2019-05-22 09:39:05+02:00
0,0,0,0,0,0,2019-05-22 09:39:23+02:00
0,0,0,0,0,0,2019-05-22 09:39:33+02:00
0,0,0,0,0,0,2019-05-22 09:40:52+02:00
0,0,0,0,0,0,2019-05-22 09:41:55+02:00
0,0,0,0,0,0,2019-05-22 09:50:44+02:00
0,0,0,0,0,0,2019-05-22 09:54:17+02:00
0,0,0,0,0,0,2019-05-22 11:40:03+02:00
0,0,0,0,0,0,2019-05-22 11:40:13+02:00
0,0,0,0,0,0,2019-05-22 11:41:01+02:00
0,0,0,0,0,0,2019-05-22 12:03:34+02:00
1,2,1,1,0,0,2019-05-23 12:02:18+02:00
0,1,1,1,0,0,2019-05-23 17:03:56+02:00
1,1,0,0,0,0,2019-05-23 17:06:20+02:00
0,0,0,0,0,0,2019-05-27 11:42:58+02:00
0,1,1,1,0,0,2019-05-27 12:15:28+02:00
1,1,0,0,0,0,2019-05-27 14:08:24+02:00
1,3,1,1,0,0,2019-05-27 15:34:34+02:00
0,1,0,0,0,0,2019-05-27 17:13:30+02:00
0,0,0,0,0,0,2019-05-27 19:05:17+02:00
0,1,0,0,0,0,2019-05-27 21:55:35+02:00
1,3,1,1,0,0,2019-05-28 10:35:00+02:00
0,1,0,0,0,0,2019-05-28 14:02:17+02:00
0,0,0,0,0,0,2019-05-28 14:14:00+02:00
0,2,1,1,0,0,2019-05-28 15:03:52+02:00
0,0,0,0,0,0,2019-05-28 16:14:32+02:00
0,0,0,0,0,0,2019-05-28 16:19:13+02:00
0,0,0,0,0,0,2019-05-28 16:19:39+02:00
0,0,0,0,0,0,2019-05-28 16:26:04+02:00
0,0,0,0,0,0,2019-05-28 16:29:48+02:00
0,0,0,0,0,0,2019-05-28 16:31:01+02:00
0,0,0,0,0,0,2019-05-28 16:31:26+02:00
0,1,0,0,0,0,2019-05-28 16:31:45+02:00
0,0,0,0,0,0,2019-05-28 16:34:47+02:00
0,0,0,0,0,0,2019-05-28 16:37:51+02:00
0,0,0,0,0,0,2019-05-28 16:42:41+02:00
0,0,0,0,0,0,2019-05-28 16:43:23+02:00
0,0,0,0,0,0,2019-05-28 16:47:30+02:00
0,0,0,0,0,0,2019-05-28 16:50:02+02:00
0,0,0,0,0,0,2019-05-28 16:50:27+02:00
0,1,0,0,0,0,2019-05-28 17:45:54+02:00
1,0,0,0,0,0,2019-05-28 17:51:16+02:00
0,0,0,0,0,0,2019-05-28 17:51:27+02:00
0,0,0,0,0,0,2019-05-28 17:51:57+02:00
1,0,0,0,0,0,2019-05-28 19:41:51+02:00
0,0,0,0,0,0,2019-05-28 19:41:59+02:00
0,0,0,0,0,0,2019-05-28 19:42:11+02:00
0,0,0,0,0,0,2019-05-28 19:42:21+02:00
0,0,0,0,0,0,2019-05-28 19:42:29+02:00
0,0,0,0,0,0,2019-05-28 19:42:34+02:00
0,0,0,0,0,0,2019-05-28 19:42:42+02:00
0,0,0,0,0,0,2019-05-28 19:43:17+02:00
0,0,0,0,0,0,2019-05-28 19:43:30+02:00
0,0,0,0,0,0,2019-05-28 22:42:25+02:00
1,0,0,0,0,0,2019-05-28 22:43:24+02:00
0,0,0,0,0,0,2019-05-28 22:43:36+02:00
0,0,0,0,0,0,2019-05-28 22:43:46+02:00
0,0,0,0,0,0,2019-05-28 22:43:58+02:00
0,0,0,0,0,0,2019-05-28 22:44:07+02:00
0,0,0,0,0,0,2019-05-28 22:49:09+02:00
0,0,0,0,0,0,2019-05-28 22:52:28+02:00
0,0,0,0,0,0,2019-05-28 22:52:33+02:00
0,0,0,0,0,0,2019-05-28 23:03:09+02:00
0,0,0,0,0,0,2019-05-28 23:03:19+02:00
0,0,0,0,0,0,2019-05-28 23:09:21+02:00
1,0,0,0,0,0,2019-05-28 23:30:38+02:00
0,0,0,0,0,0,2019-05-28 23:30:47+02:00
0,0,0,0,0,0,2019-05-28 23:36:21+02:00
1,0,0,0,0,0,2019-05-28 23:50:38+02:00
2,0,0,0,0,0,2019-05-29 10:14:34+02:00
0,0,0,0,0,0,2019-05-29 10:22:26+02:00
1,0,0,0,0,0,2019-05-29 10:23:42+02:00
0,0,0,0,0,0,2019-05-29 10:26:06+02:00
0,0,0,0,0,0,2019-05-29 10:39:18+02:00
0,0,0,0,0,0,2019-05-29 10:39:37+02:00
0,0,0,0,0,0,2019-05-29 10:39:45+02:00
0,0,0,0,0,0,2019-05-29 10:39:59+02:00
0,0,0,0,0,0,2019-05-29 10:40:05+02:00
0,0,0,0,0,0,2019-05-29 10:40:16+02:00
0,0,0,0,0,0,2019-05-29 10:45:42+02:00
0,0,0,0,0,0,2019-05-29 10:45:55+02:00
0,0,0,0,0,0,2019-05-29 10:46:02+02:00
1,2,1,1,0,0,2019-05-29 13:57:30+02:00
0,0,0,0,0,0,2019-05-29 16:20:30+02:00
0,1,1,1,0,0,2019-05-29 16:43:38+02:00
0,1,1,1,0,0,2019-05-29 16:46:05+02:00
0,1,1,1,0,0,2019-05-29 16:49:00+02:00
0,0,0,0,0,0,2019-05-29 16:50:33+02:00
0,0,0,0,0,0,2019-05-29 16:54:43+02:00
0,0,0,0,0,0,2019-05-29 16:57:45+02:00
0,0,0,0,0,0,2019-05-29 17:05:41+02:00
0,0,0,0,0,0,2019-05-30 08:46:08+02:00
0,0,0,0,0,0,2019-05-30 08:50:22+02:00
0,0,0,0,0,0,2019-05-30 09:34:36+02:00
2,5,1,1,0,0,2019-05-30 15:54:33+02:00
0,0,0,0,0,0,2019-05-30 15:59:29+02:00
0,1,1,1,0,0,2019-06-04 10:06:50+02:00
0,3,1,1,0,0,2019-06-04 16:31:03+02:00
0,1,1,1,0,0,2019-06-04 17:26:04+02:00
0,0,0,0,0,0,2019-06-04 17:28:19+02:00
0,1,1,1,0,0,2019-06-04 23:37:25+02:00
0,0,0,0,0,0,2019-06-05 09:16:21+02:00
0,1,0,0,0,0,2019-06-05 13:40:11+02:00
0,3,1,1,0,0,2019-06-05 13:57:45+02:00
0,0,0,0,0,0,2019-06-05 14:11:19+02:00
0,3,1,1,0,0,2019-06-05 17:44:26+02:00
0,3,1,1,0,0,2019-06-06 09:38:52+02:00
0,2,1,1,0,0,2019-06-06 11:22:24+02:00
0,4,1,1,0,0,2019-06-11 17:57:33+02:00
0,2,1,1,0,0,2019-06-11 22:33:00+02:00
0,2,0,0,0,0,2019-06-11 23:27:43+02:00
0,3,1,1,0,0,2019-06-12 22:18:50+02:00
0,1,1,1,0,0,2019-06-13 17:50:43+02:00
0,3,1,1,0,0,2019-06-13 18:48:16+02:00
0,3,1,1,0,0,2019-06-13 18:52:44+02:00
0,0,0,0,0,0,2019-06-13 23:49:28+02:00
1,3,0,0,0,0,2019-06-17 13:25:41+02:00
0,1,0,0,0,0,2019-06-17 15:15:44+02:00
0,2,1,1,0,0,2019-06-17 15:22:58+02:00
0,2,1,1,0,0,2019-06-17 19:19:48+02:00
0,1,1,1,0,0,2019-06-17 21:37:02+02:00
0,2,1,1,0,0,2019-06-17 22:00:55+02:00
0,4,1,1,0,0,2019-06-18 11:15:34+02:00
0,0,0,0,0,0,2019-06-18 13:00:55+02:00
0,4,1,1,0,0,2019-06-18 17:12:38+02:00
0,0,0,0,0,0,2019-06-18 17:34:14+02:00
0,3,1,1,0,0,2019-06-19 00:21:27+02:00
1,6,1,1,0,0,2019-06-19 22:38:39+02:00
1,2,0,0,0,0,2019-06-19 22:41:10+02:00
0,1,0,0,0,0,2019-06-20 00:59:10+02:00
0,1,0,0,0,0,2019-06-20 14:46:09+02:00
0,1,0,0,0,0,2019-06-20 15:20:58+02:00
0,3,1,1,0,0,2019-06-20 17:31:42+02:00
0,2,1,1,0,0,2019-06-20 21:36:22+02:00
0,1,1,1,0,0,2019-06-20 21:36:36+02:00
0,1,1,1,0,0,2019-06-20 23:05:56+02:00
0,1,1,1,0,0,2019-06-22 21:29:13+02:00
0,3,1,1,0,0,2019-06-24 15:43:06+02:00
0,1,1,1,0,0,2019-06-24 15:48:39+02:00
0,1,0,0,0,0,2019-06-24 18:19:50+02:00
0,0,0,0,0,0,2019-06-24 22:30:41+02:00
1,6,1,1,0,0,2019-06-25 21:17:33+02:00
0,0,0,0,0,0,2019-06-25 21:31:30+02:00
0,0,0,0,0,0,2019-06-25 21:33:48+02:00
0,1,0,0,0,0,2019-06-25 22:12:10+02:00
0,0,0,0,0,0,2019-06-25 23:09:32+02:00
0,0,0,0,0,0,2019-06-25 23:26:56+02:00
1,5,1,1,0,0,2019-06-27 15:07:16+02:00
0,2,1,1,0,0,2019-06-27 16:38:06+02:00
0,4,1,1,0,0,2019-06-28 13:29:43+02:00
0,3,0,0,0,0,2019-06-28 14:45:59+02:00
0,3,1,1,0,0,2019-06-28 20:05:28+02:00
1,1,0,0,0,0,2019-06-28 20:19:30+02:00
0,1,0,0,0,0,2019-06-29 22:42:12+02:00
0,0,0,0,0,0,2019-06-30 13:20:29+02:00
0,1,1,1,0,0,2019-06-30 16:02:57+02:00
0,1,1,1,0,0,2019-06-30 16:26:48+02:00
0,1,0,0,0,0,2019-06-30 16:51:21+02:00
0,1,0,0,0,0,2019-06-30 21:30:08+02:00
0,2,0,0,0,0,2019-07-01 21:10:26+02:00
0,1,1,1,0,0,2019-07-02 17:17:14+02:00
0,1,1,1,0,0,2019-07-05 22:05:17+02:00
0,0,0,0,0,0,2019-07-06 11:44:28+02:00
0,0,0,0,0,0,2019-07-09 13:47:48+02:00
0,0,0,0,0,0,2019-07-09 13:49:48+02:00
0,0,0,0,0,0,2019-07-09 14:26:00+02:00
0,0,0,0,0,0,2019-07-09 14:32:38+02:00
0,0,0,0,0,0,2019-08-14 17:53:28+02:00
0,0,0,0,0,0,2019-10-23 17:26:26+00:00
0,0,0,0,0,0,2019-10-23 19:54:18+02:00
