Acquisition,Preparation,Modeling,Training,Evaluation,Prediction,time
0,0,0,0,1,0,2020-08-20 14:27:46+02:00
0,0,0,0,0,0,2020-08-20 14:33:12+02:00
0,0,0,0,0,0,2020-08-20 14:39:10+02:00
0,0,0,0,0,0,2020-08-23 13:26:20+02:00
0,0,0,0,0,0,2020-08-23 13:28:02+02:00
0,0,0,0,0,0,2020-08-23 14:37:05+02:00
0,0,0,0,0,0,2020-08-23 15:25:36+02:00
0,2,0,0,1,0,2020-08-29 11:30:15+02:00
0,1,0,0,1,0,2020-08-29 12:06:01+02:00
0,0,0,0,0,0,2020-08-29 12:08:27+02:00
0,2,0,0,1,0,2020-08-29 14:16:20+02:00
0,0,0,0,1,0,2020-08-30 21:52:35+02:00
0,0,0,0,1,0,2020-08-31 18:07:02+02:00
0,0,0,0,0,0,2020-08-31 18:13:32+02:00
0,0,0,0,0,0,2020-09-05 09:15:22+02:00
0,0,0,0,1,0,2020-09-27 17:37:36+02:00
1,0,0,0,1,0,2020-11-08 11:27:13+01:00
1,1,0,0,1,1,2020-11-08 13:28:09+01:00
1,1,0,0,1,1,2020-11-08 14:38:38+01:00
1,1,0,0,1,1,2020-11-08 15:04:03+01:00
1,1,0,0,1,1,2020-11-08 15:22:41+01:00
1,1,0,0,1,1,2020-11-08 15:26:11+01:00
1,1,0,0,1,1,2020-11-09 19:34:43+01:00
1,1,0,0,1,1,2020-11-09 19:41:11+01:00
1,1,0,0,1,1,2020-11-09 19:54:22+01:00
1,1,0,0,1,1,2020-11-09 20:16:19+01:00
1,1,0,0,1,1,2020-11-11 14:02:35+01:00
1,1,0,0,1,1,2020-11-11 17:50:20+01:00
1,1,0,0,1,1,2020-11-13 19:59:43+01:00
1,1,0,0,1,1,2020-11-17 19:10:05+01:00
0,0,0,0,0,0,2020-11-17 19:16:13+01:00
1,1,0,0,1,1,2020-11-19 21:09:50+01:00
1,1,0,0,1,1,2021-01-16 17:12:01+01:00
0,0,0,0,0,0,2021-01-18 17:11:44+01:00
1,1,0,0,1,1,2021-01-19 17:03:32+01:00
1,1,0,0,1,1,2021-01-20 18:47:13+01:00
1,1,0,0,1,1,2021-01-21 19:20:10+01:00
1,1,0,0,1,1,2021-01-25 21:11:23+01:00
1,1,0,0,1,1,2021-01-27 21:34:28+01:00
0,0,0,0,0,0,2021-01-28 20:00:30+01:00
0,0,0,0,0,0,2021-01-28 20:21:05+01:00
0,0,0,0,0,0,2021-01-28 20:37:11+01:00
0,0,0,0,0,0,2021-01-28 20:37:38+01:00
0,0,0,0,0,0,2021-01-28 20:43:51+01:00
0,0,0,0,0,0,2021-01-28 20:51:37+01:00
1,1,0,0,1,1,2021-01-28 21:07:01+01:00
0,0,0,0,0,0,2021-01-28 21:20:42+01:00
0,0,0,0,0,0,2021-01-28 21:36:50+01:00
1,1,0,0,1,1,2021-01-28 22:00:16+01:00
1,1,0,0,1,1,2021-01-29 16:04:31+01:00
0,0,0,0,0,0,2021-01-29 16:14:32+01:00
0,0,0,0,0,0,2021-01-29 16:22:23+01:00
1,1,0,0,1,1,2021-01-29 18:47:34+01:00
0,0,0,0,0,0,2021-01-29 18:52:22+01:00
0,0,0,0,0,0,2021-02-17 16:44:59+01:00
0,0,0,0,0,0,2021-02-25 08:44:21+01:00
0,0,0,0,0,0,2021-02-25 08:48:48+01:00
0,0,0,0,0,0,2021-02-25 08:50:56+01:00
0,0,0,0,0,0,2021-02-25 09:44:08+01:00
0,0,0,0,0,0,2021-02-25 10:17:59+01:00
0,0,0,0,0,0,2021-03-28 11:42:13+02:00
0,0,0,0,0,0,2021-04-02 19:21:48+02:00
0,0,0,0,0,0,2021-04-02 19:23:18+02:00
0,0,0,0,0,0,2021-04-02 20:17:53+02:00
0,0,0,0,0,0,2021-04-02 21:15:56+02:00
0,0,0,0,0,0,2021-04-02 21:19:01+02:00
0,0,0,0,0,0,2021-07-07 09:39:17+02:00
1,1,0,0,1,1,2021-07-14 09:13:58+02:00
1,1,0,0,1,1,2021-07-14 19:11:47+02:00
1,1,0,0,1,1,2022-06-20 23:43:06+02:00
0,0,0,0,0,0,2022-06-21 01:00:30+02:00
0,0,0,0,0,0,2022-06-21 01:50:38+02:00
