Acquisition,Preparation,Modeling,Training,Evaluation,Prediction,time
12,21,10,3,5,3,2020-10-08 04:58:40-04:00
3,5,3,2,0,2,2020-10-08 05:46:46-04:00
0,0,0,0,0,0,2020-10-08 05:47:36-04:00
0,0,0,0,0,0,2020-10-08 05:47:59-04:00
0,0,0,0,0,0,2020-10-08 05:48:25-04:00
0,0,0,0,0,0,2020-10-08 05:48:55-04:00
0,0,0,0,0,0,2020-10-08 05:49:17-04:00
0,0,0,0,0,0,2020-10-08 05:50:03-04:00
0,0,0,0,0,0,2020-10-08 05:51:14-04:00
0,0,0,0,0,0,2020-10-08 05:53:45-04:00
0,0,0,0,0,0,2020-10-08 05:56:44-04:00
0,0,0,0,0,0,2020-10-08 05:57:06-04:00
0,0,0,0,0,0,2020-10-08 05:57:41-04:00
0,0,0,0,0,0,2020-10-08 06:07:27-04:00
0,0,0,0,0,0,2020-10-08 06:08:15-04:00
0,0,0,0,0,0,2020-10-08 06:12:06-04:00
0,0,0,0,0,0,2020-10-08 06:13:53-04:00
0,0,0,0,0,0,2020-10-08 06:14:07-04:00
0,0,0,0,0,0,2020-10-08 06:17:25-04:00
0,0,0,0,0,0,2020-10-08 06:18:39-04:00
0,0,0,0,0,0,2020-10-08 06:19:18-04:00
0,0,0,0,0,0,2020-10-08 06:19:59-04:00
0,0,0,0,0,0,2020-10-08 06:20:46-04:00
0,0,0,0,0,0,2020-10-08 06:21:05-04:00
0,0,0,0,0,0,2020-10-08 06:22:06-04:00
0,0,0,0,0,0,2020-10-08 06:24:03-04:00
0,0,0,0,0,0,2020-10-08 06:26:48-04:00
0,0,0,0,0,0,2020-10-08 06:28:31-04:00
0,0,0,0,0,0,2020-10-08 06:30:27-04:00
0,0,0,0,0,0,2020-10-08 06:31:16-04:00
0,0,0,0,0,0,2020-10-08 06:32:08-04:00
0,0,0,0,0,0,2020-10-08 06:32:33-04:00
0,0,0,0,0,0,2020-10-08 06:33:01-04:00
0,0,0,0,0,0,2020-10-08 06:34:43-04:00
0,0,0,0,0,0,2020-10-08 06:35:16-04:00
0,0,0,0,0,0,2020-10-08 06:36:51-04:00
0,0,0,0,0,0,2020-10-08 06:39:00-04:00
0,0,0,0,0,0,2020-10-08 06:41:59-04:00
0,0,0,0,0,0,2020-10-08 06:42:26-04:00
0,0,0,0,0,0,2020-10-08 06:43:09-04:00
0,0,0,0,0,0,2020-10-08 06:43:57-04:00
0,0,0,0,0,0,2020-10-08 06:47:02-04:00
0,0,0,0,0,0,2020-10-08 06:48:50-04:00
0,0,0,0,0,0,2020-10-08 06:50:43-04:00
0,0,0,0,0,0,2020-10-08 06:52:04-04:00
0,0,0,0,0,0,2020-10-08 06:52:58-04:00
0,0,0,0,0,0,2020-10-08 06:54:43-04:00
0,0,0,0,0,0,2020-10-08 06:56:26-04:00
0,0,0,0,0,0,2020-10-08 07:02:47-04:00
0,0,0,0,0,0,2020-10-08 07:03:11-04:00
0,0,0,0,0,0,2020-10-08 07:03:39-04:00
1,1,1,0,0,0,2020-10-09 05:17:16-04:00
1,1,1,0,0,0,2020-10-09 05:20:38-04:00
1,1,1,0,0,0,2020-10-09 05:57:18-04:00
1,1,1,0,0,0,2020-10-09 05:57:32-04:00
2,2,2,0,0,0,2020-10-09 06:05:30-04:00
0,0,0,0,0,0,2020-10-09 18:39:12-04:00
0,0,0,0,0,0,2020-10-09 18:39:19-04:00
0,0,0,0,0,0,2020-10-09 18:40:35-04:00
0,0,0,0,0,0,2020-10-09 18:40:57-04:00
0,0,0,0,0,0,2020-10-09 18:41:52-04:00
0,0,0,0,0,0,2020-10-09 18:42:31-04:00
0,0,0,0,0,0,2020-10-09 18:43:20-04:00
0,0,0,0,0,0,2020-10-09 18:44:35-04:00
0,0,0,0,0,0,2020-10-09 18:45:14-04:00
0,0,0,0,0,0,2020-10-09 18:45:39-04:00
0,0,0,0,0,0,2020-10-09 18:46:10-04:00
0,0,0,0,0,0,2020-10-09 18:46:36-04:00
0,0,0,0,0,0,2020-10-09 19:49:10-04:00
0,0,0,0,0,0,2020-10-09 19:49:43-04:00
0,0,0,0,0,0,2020-10-09 19:53:58-04:00
