Acquisition,Preparation,Modeling,Training,Evaluation,Prediction,time
0,0,0,0,0,0,2020-04-28 23:59:34+02:00
0,0,0,0,0,0,2020-05-03 00:17:35+02:00
0,0,0,0,0,0,2020-05-04 20:58:01+02:00
0,0,0,0,0,0,2020-05-07 00:30:51+02:00
0,0,0,0,0,0,2020-05-07 00:32:14+02:00
0,0,0,0,0,0,2020-05-07 01:00:24+02:00
0,0,0,0,0,0,2020-05-07 01:21:57+02:00
0,0,0,0,0,0,2020-05-07 12:30:07+02:00
0,0,0,0,0,0,2020-05-07 12:35:02+02:00
0,0,0,0,0,0,2020-05-07 13:09:17+02:00
0,0,0,0,0,0,2020-05-15 00:07:00+02:00
0,0,0,0,0,0,2020-05-15 22:34:35+02:00
0,0,0,0,0,0,2020-05-17 00:51:09+02:00
0,0,0,0,0,0,2020-05-17 20:28:38+02:00
0,0,0,0,0,0,2020-05-24 19:53:26+02:00
1,1,1,2,0,1,2020-05-26 23:40:54+02:00
0,0,0,0,0,0,2020-05-27 17:56:56+02:00
3,5,2,4,0,3,2020-06-04 12:41:09+02:00
0,1,0,1,0,1,2020-06-18 01:04:29+02:00
0,0,0,0,0,0,2020-07-23 00:56:10+02:00
0,0,0,0,0,0,2020-07-27 22:53:09+02:00
0,0,0,0,0,0,2020-07-28 19:59:15+02:00
1,3,1,2,0,2,2020-08-03 03:12:12+02:00
0,2,1,2,0,2,2020-08-03 23:14:29+02:00
0,0,0,0,0,0,2020-08-03 23:59:41+02:00
0,0,0,0,0,0,2020-08-04 16:00:15+02:00
0,0,0,0,0,0,2020-08-05 12:27:08+02:00
0,0,0,0,0,0,2020-08-11 18:18:00+02:00
0,0,0,0,0,0,2020-08-12 17:21:57+02:00
0,0,0,0,0,0,2020-08-13 11:58:12+02:00
0,0,0,0,0,0,2020-08-13 12:03:37+02:00
0,0,0,0,0,0,2020-08-14 00:33:54+02:00
0,0,0,0,0,0,2020-08-15 16:30:43+02:00
0,0,0,0,0,0,2020-08-16 19:28:42+02:00
0,0,0,0,0,0,2020-08-17 12:22:48+02:00
0,0,0,0,0,0,2020-10-04 20:18:03+02:00
0,0,0,0,0,0,2020-10-17 20:51:03+02:00
0,0,0,0,0,0,2020-12-18 22:39:06+01:00
0,0,0,0,0,0,2020-12-19 00:03:22+01:00
0,0,0,0,0,0,2020-12-20 01:15:43+01:00
0,0,0,0,0,0,2020-12-21 00:06:38+01:00
2,5,1,3,0,3,2020-12-22 23:50:26+01:00
0,0,0,0,0,0,2020-12-25 02:09:52+01:00
0,0,0,0,0,0,2020-12-26 00:52:25+01:00
0,0,0,0,0,0,2021-01-04 00:03:25+01:00
0,0,0,0,0,0,2021-01-04 10:44:11+01:00
0,0,0,0,0,0,2021-01-04 00:03:25+01:00
0,0,0,0,0,0,2021-01-04 10:53:47+01:00
0,0,0,0,0,0,2021-01-04 11:11:10+01:00
0,0,0,0,0,0,2021-01-04 11:13:57+01:00
0,0,0,0,0,0,2021-01-04 11:11:10+01:00
0,0,0,0,0,0,2021-01-04 18:16:04+01:00
0,0,0,0,0,0,2021-01-04 18:16:27+01:00
0,0,0,0,0,0,2021-01-05 00:25:03+01:00
0,1,0,1,0,1,2021-01-06 22:54:48+01:00
0,0,0,0,0,0,2021-01-07 20:05:51+00:00
0,0,0,0,0,0,2021-01-07 21:16:18+01:00
0,0,0,0,0,0,2021-01-14 15:21:26+01:00
0,1,0,1,0,1,2021-01-19 12:30:39+01:00
0,0,0,0,0,0,2021-01-20 17:41:18+01:00
0,0,0,0,0,0,2021-01-21 17:22:01+01:00
0,0,0,0,0,0,2021-01-23 19:57:23+01:00
0,0,0,0,0,0,2021-01-23 21:02:10+01:00
0,0,0,0,0,0,2021-01-24 22:25:28+01:00
0,0,0,0,0,0,2021-01-25 00:04:45+01:00
0,0,0,0,0,0,2021-01-25 17:35:06+01:00
0,0,0,0,0,0,2021-01-25 17:45:24+01:00
0,0,0,0,0,0,2021-01-27 17:57:23+01:00
1,1,0,0,0,0,2021-01-27 20:35:29+01:00
0,0,0,0,0,0,2021-01-27 20:48:15+01:00
0,0,0,0,0,0,2021-01-27 22:16:05+01:00
0,0,0,0,0,0,2021-01-28 21:46:21+01:00
0,0,0,0,0,0,2021-01-28 23:44:22+01:00
0,0,0,0,0,0,2021-01-28 23:52:30+01:00
1,1,0,0,0,0,2021-01-29 14:53:44+01:00
0,0,0,0,0,0,2021-01-29 18:13:06+01:00
0,0,0,0,0,0,2021-01-29 20:58:04+01:00
0,0,0,0,0,0,2021-01-30 12:38:31+01:00
0,0,0,0,0,0,2021-02-06 17:04:25+01:00
0,0,0,0,0,0,2021-02-19 20:22:29+01:00
0,0,0,0,0,0,2021-02-21 16:47:08+01:00
0,0,0,0,0,0,2021-02-25 18:25:43+01:00
