Acquisition,Preparation,Modeling,Training,Evaluation,Prediction,time
0,0,0,0,0,0,2020-07-28 18:14:57-07:00
3,3,2,1,0,1,2020-08-19 10:43:05-07:00
0,0,0,0,0,0,2020-08-19 10:43:35-07:00
1,1,0,0,0,1,2020-08-19 10:45:21-07:00
1,1,1,1,0,0,2020-08-19 11:00:23-07:00
1,1,1,0,0,0,2020-08-19 11:03:11-07:00
1,1,1,0,0,0,2020-08-19 11:03:54-07:00
1,1,1,0,0,0,2020-08-19 11:04:44-07:00
0,0,0,0,0,0,2020-08-19 11:05:03-07:00
0,0,0,0,0,0,2020-08-19 11:05:42-07:00
2,2,2,0,0,0,2020-08-19 11:56:43-07:00
1,1,1,0,0,0,2020-08-19 12:21:45-07:00
1,1,1,0,0,0,2020-08-19 12:22:32-07:00
0,1,0,0,0,0,2020-08-19 12:28:42-07:00
1,1,0,0,0,0,2020-08-19 12:45:19-07:00
1,1,0,0,0,1,2020-08-19 13:25:51-07:00
0,0,0,0,0,0,2020-08-19 13:31:04-07:00
0,0,0,0,0,0,2020-08-19 13:31:13-07:00
0,0,0,0,0,0,2020-08-19 13:32:24-07:00
0,0,0,0,0,0,2020-08-19 13:44:33-07:00
0,0,0,0,0,0,2020-08-19 13:44:55-07:00
1,1,1,1,0,0,2020-08-19 13:48:22-07:00
1,1,0,0,0,0,2020-08-19 13:48:32-07:00
1,1,1,0,0,0,2020-08-19 13:48:45-07:00
1,1,0,0,0,1,2020-08-19 13:48:53-07:00
1,1,1,0,0,0,2020-08-19 13:49:01-07:00
1,1,1,0,0,0,2020-08-19 13:49:09-07:00
1,1,0,0,0,1,2020-08-19 13:49:17-07:00
7,7,4,1,0,2,2020-08-19 13:49:50-07:00
0,0,0,0,0,0,2020-08-19 13:55:09-07:00
0,0,0,0,0,0,2020-08-19 13:56:00-07:00
0,0,0,0,0,0,2020-08-19 13:56:25-07:00
1,1,0,0,0,1,2020-08-22 00:03:38-07:00
1,1,0,0,0,1,2020-08-25 15:45:13-07:00
1,1,1,1,0,0,2020-08-25 15:49:03-07:00
0,0,0,0,0,0,2020-08-25 15:49:43-07:00
1,1,0,0,0,1,2020-08-28 15:54:25-07:00
1,1,1,1,0,0,2020-08-28 15:59:33-07:00
1,1,0,0,0,1,2020-09-01 20:38:31-07:00
0,0,0,0,0,0,2020-09-12 00:43:10-07:00
0,0,0,0,0,0,2020-09-12 00:43:31-07:00
0,0,0,0,0,0,2020-09-12 00:44:19-07:00
0,0,0,0,0,0,2020-09-12 00:47:20-07:00
1,1,1,1,0,0,2020-09-25 00:08:20-07:00
0,0,0,0,0,0,2020-12-25 19:55:37-08:00
0,0,0,0,0,0,2020-12-25 19:56:45-08:00
0,0,0,0,0,0,2020-12-25 19:57:47-08:00
1,1,1,1,0,0,2020-12-25 20:09:35-08:00
0,0,0,0,0,0,2021-01-16 00:44:52-08:00
0,0,0,0,0,0,2021-01-16 00:46:41-08:00
1,1,1,1,0,1,2021-05-11 14:17:38-07:00
0,0,0,0,0,0,2021-05-11 14:18:12-07:00
0,0,0,0,0,0,2021-05-11 14:18:42-07:00
1,1,1,1,0,0,2021-06-07 14:20:58-07:00
1,1,1,1,0,0,2021-06-07 14:21:14-07:00
1,1,1,1,0,1,2021-06-07 14:23:12-07:00
1,1,1,0,0,0,2021-06-07 14:36:34-07:00
1,1,0,0,0,1,2021-06-07 14:42:34-07:00
1,1,1,0,0,0,2021-06-07 14:45:45-07:00
1,1,1,0,0,0,2021-06-07 14:47:38-07:00
0,0,0,0,0,0,2021-06-16 00:32:27-07:00
1,1,1,1,0,1,2021-06-23 13:17:14-07:00
0,0,0,0,0,0,2021-06-23 13:17:52-07:00
1,1,1,1,0,1,2021-07-08 14:06:19-07:00
2,2,1,0,0,1,2021-07-10 11:32:52-07:00
0,0,0,0,0,0,2021-07-10 11:38:15-07:00
0,0,0,0,0,0,2021-07-10 11:40:43-07:00
0,0,0,0,0,0,2021-07-10 11:43:29-07:00
1,1,1,1,0,1,2021-07-10 11:45:22-07:00
1,1,1,1,0,1,2021-07-13 12:53:40-07:00
1,1,1,0,0,0,2021-11-18 09:37:43-08:00
1,1,1,0,0,0,2021-11-24 00:52:49-08:00
