Acquisition,Preparation,Modeling,Training,Evaluation,Prediction,time
0,0,0,0,0,0,2018-01-13 11:42:27-08:00
2,2,2,1,1,1,2018-01-13 23:53:35-08:00
2,3,1,1,0,1,2018-01-14 10:54:32-08:00
1,2,1,1,0,1,2018-01-14 10:58:54-08:00
1,0,0,0,0,0,2018-01-14 11:02:44-08:00
2,3,2,1,1,1,2018-01-14 15:24:48-08:00
1,3,0,1,0,1,2018-01-14 15:52:50-08:00
2,3,0,1,2,1,2018-01-14 16:43:25-08:00
0,1,0,0,0,1,2018-01-14 18:18:44-08:00
2,4,0,1,2,1,2018-01-14 18:33:24-08:00
2,3,0,1,2,1,2018-01-15 11:55:37-08:00
2,2,0,1,2,0,2018-01-15 12:09:03-08:00
0,1,0,0,0,0,2018-01-15 23:08:38-08:00
0,1,0,0,0,0,2018-01-16 12:26:49-08:00
4,3,0,1,2,0,2018-01-16 19:20:19-08:00
3,3,0,1,2,0,2018-01-16 19:47:10-08:00
3,5,0,1,2,1,2018-01-16 20:26:11-08:00
0,0,0,0,0,0,2018-01-17 12:44:01-08:00
4,4,1,1,2,1,2018-01-17 19:08:56-08:00
1,1,0,1,1,0,2018-01-17 20:45:05-08:00
3,3,1,1,2,1,2018-01-18 14:14:55-08:00
0,2,0,0,0,0,2018-01-18 17:13:15-08:00
4,6,1,1,2,1,2018-01-18 18:30:37-08:00
1,1,0,0,0,0,2018-01-18 18:36:26-08:00
3,4,0,1,2,0,2018-01-20 19:06:37-08:00
3,4,1,1,2,1,2018-01-21 17:09:25-08:00
1,3,0,1,2,0,2018-01-21 19:11:30-08:00
3,8,1,1,3,1,2018-01-22 00:24:25-08:00
4,6,1,0,1,1,2018-01-22 18:19:24-08:00
0,0,0,0,0,0,2018-01-22 18:25:16-08:00
0,0,0,0,0,0,2018-01-22 18:29:24-08:00
1,5,1,0,2,1,2018-01-22 23:21:14-08:00
3,3,1,1,2,0,2018-01-23 14:28:20-08:00
2,4,1,1,2,1,2018-01-23 15:51:18-08:00
1,1,0,0,0,1,2018-01-23 16:14:10-08:00
0,6,0,0,3,0,2018-01-23 19:05:52-08:00
1,7,1,2,3,1,2018-01-23 19:06:44-08:00
1,3,0,1,3,0,2018-01-23 19:34:09-08:00
0,2,0,0,1,0,2018-01-23 19:34:14-08:00
1,3,1,0,2,1,2018-01-23 19:38:53-08:00
0,1,0,0,1,0,2018-01-23 19:49:41-08:00
0,0,0,0,0,0,2018-01-23 19:53:12-08:00
4,5,1,1,2,2,2018-01-23 19:58:38-08:00
0,0,0,0,0,0,2018-01-23 20:05:20-08:00
0,0,0,0,0,0,2018-01-23 20:05:57-08:00
6,6,2,2,4,1,2018-01-23 20:48:17-08:00
4,4,1,1,1,0,2018-01-23 21:52:59-08:00
0,0,0,0,0,0,2018-01-23 21:53:26-08:00
1,1,0,0,0,0,2018-01-23 23:08:45-08:00
0,1,0,0,0,0,2018-01-23 23:20:52-08:00
0,0,0,0,0,1,2018-01-24 00:00:31-08:00
2,5,1,0,1,1,2018-01-24 00:37:18-08:00
4,4,0,0,1,0,2018-01-24 01:12:09-08:00
0,0,0,0,0,0,2018-01-24 01:12:24-08:00
2,2,1,0,0,1,2018-01-24 11:18:43-08:00
1,1,0,0,0,0,2018-01-24 14:21:21-08:00
0,0,0,0,0,0,2018-01-24 15:46:17-08:00
2,2,1,0,0,2,2018-01-24 15:59:15-08:00
4,4,2,1,2,0,2018-01-24 16:10:59-08:00
0,0,0,0,0,0,2018-01-24 16:14:59-08:00
0,0,0,0,0,0,2018-01-24 16:17:44-08:00
0,0,0,0,0,0,2018-01-24 16:17:45-08:00
0,1,0,0,0,0,2018-01-24 16:34:36-08:00
0,0,0,0,0,0,2018-01-24 16:44:02-08:00
1,1,0,0,0,0,2018-01-24 17:30:14-08:00
4,4,1,1,2,0,2018-01-24 17:34:30-08:00
0,0,0,0,0,0,2018-01-24 17:34:32-08:00
1,1,0,0,0,0,2018-01-24 17:44:13-08:00
1,1,0,0,0,0,2018-01-24 17:45:59-08:00
0,0,0,0,0,0,2018-01-24 17:48:53-08:00
2,4,0,0,0,0,2018-01-24 18:13:55-08:00
1,3,1,0,0,1,2018-01-24 19:26:50-08:00
7,8,3,2,3,1,2018-01-24 21:10:43-08:00
0,0,0,0,0,0,2018-01-24 21:10:47-08:00
2,2,0,0,0,0,2018-01-24 21:12:11-08:00
2,5,2,0,1,1,2018-01-24 22:29:24-08:00
0,0,0,0,0,0,2018-01-24 22:29:28-08:00
0,0,0,0,0,0,2018-01-24 22:57:48-08:00
1,4,0,0,2,0,2018-01-25 00:20:34-08:00
12,13,3,2,4,1,2018-01-25 02:35:28-08:00
0,0,0,0,0,0,2018-01-25 11:58:07-08:00
8,8,5,2,4,2,2018-01-25 18:11:38-08:00
0,4,0,0,4,0,2018-01-25 20:56:03-08:00
0,0,0,0,0,0,2018-01-25 20:58:42-08:00
0,1,0,0,0,0,2018-01-25 21:34:08-08:00
0,0,0,0,0,0,2018-01-25 22:21:12-08:00
0,0,0,0,0,0,2018-01-25 22:22:53-08:00
2,2,1,0,0,2,2018-01-26 15:31:44-08:00
2,2,0,0,0,0,2018-01-26 16:54:11-08:00
0,0,0,0,0,0,2018-01-26 16:58:02-08:00
1,3,1,0,0,1,2018-01-27 13:00:02-08:00
0,0,0,0,0,0,2018-01-27 13:04:05-08:00
1,1,1,0,0,0,2018-01-30 14:37:25-08:00
0,4,0,0,0,0,2018-01-30 14:55:16-08:00
0,0,0,0,0,0,2018-01-30 14:55:23-08:00
0,0,0,0,0,0,2018-01-30 14:59:20-08:00
0,2,0,0,2,0,2018-01-30 20:00:15-08:00
0,2,0,0,0,0,2018-01-30 20:23:26-08:00
0,2,0,0,0,0,2018-01-30 22:12:32-08:00
3,3,1,1,2,0,2018-01-30 22:25:31-08:00
0,0,0,0,0,0,2018-01-30 22:25:36-08:00
1,2,1,1,2,0,2018-01-30 23:01:00-08:00
0,1,0,0,0,0,2018-01-30 23:25:59-08:00
0,2,0,0,1,0,2018-01-31 10:35:42-08:00
0,0,0,0,0,0,2018-01-31 10:35:48-08:00
0,1,0,0,0,0,2018-01-31 10:41:17-08:00
0,0,0,0,0,0,2018-01-31 14:21:46-08:00
4,7,1,0,4,1,2018-02-01 02:03:41-08:00
0,0,0,0,0,0,2018-02-02 01:33:04-08:00
1,1,1,1,1,0,2018-02-02 14:32:11-08:00
0,0,0,0,0,0,2018-02-02 14:32:17-08:00
0,0,0,0,0,0,2018-02-02 15:19:12-08:00
0,1,0,0,1,0,2018-02-04 19:30:38-08:00
0,0,0,0,0,0,2018-02-12 14:00:57-08:00
0,0,0,0,0,0,2018-02-12 16:27:33-08:00
1,1,0,0,0,0,2018-02-23 00:27:50-08:00
0,0,0,0,0,0,2018-04-25 17:21:54-07:00
0,0,0,0,0,0,2018-04-26 16:02:33-07:00
5,5,2,1,2,1,2019-08-15 15:49:29+00:00
