Acquisition,Preparation,Modeling,Training,Evaluation,Prediction,time
0,0,0,0,0,0,2020-12-17 16:05:16+01:00
0,0,0,0,0,0,2020-12-17 16:09:35+01:00
0,0,0,0,0,0,2020-12-17 16:23:36+01:00
0,0,0,0,0,0,2020-12-17 16:24:39+01:00
0,0,0,0,0,0,2020-12-17 16:27:40+01:00
0,0,0,0,0,0,2020-12-17 16:35:24+01:00
0,0,0,0,0,0,2020-12-17 16:36:47+01:00
0,0,0,0,0,0,2020-12-17 23:39:42+01:00
0,0,0,0,0,0,2020-12-17 23:41:42+01:00
0,0,0,0,0,0,2020-12-17 23:44:21+01:00
0,0,0,0,0,0,2020-12-17 23:45:15+01:00
0,0,0,0,0,0,2020-12-17 23:49:00+01:00
0,0,0,0,0,0,2020-12-18 00:12:27+01:00
6,6,0,0,6,0,2020-12-18 02:00:03+01:00
3,3,0,0,3,0,2020-12-19 00:43:50+01:00
0,0,0,0,0,0,2020-12-19 00:50:22+01:00
0,0,0,0,0,0,2020-12-23 10:37:19+01:00
0,0,0,0,0,0,2020-12-23 10:42:05+01:00
0,0,0,0,0,0,2020-12-23 10:57:15+01:00
0,0,0,0,0,0,2020-12-23 19:22:02+01:00
3,3,0,0,1,0,2020-12-23 20:15:55+01:00
0,0,0,0,0,0,2020-12-23 20:18:03+01:00
0,0,0,0,0,0,2020-12-23 20:27:47+01:00
0,0,0,0,0,0,2020-12-23 20:43:32+01:00
0,0,0,0,0,0,2020-12-23 20:45:07+01:00
0,0,0,0,0,0,2020-12-23 20:47:35+01:00
0,0,0,0,0,0,2020-12-23 21:28:25+01:00
0,0,0,0,0,0,2020-12-26 12:32:12+01:00
1,1,0,0,1,0,2020-12-26 22:00:42+01:00
0,3,3,3,1,1,2020-12-30 23:00:24+01:00
0,0,0,0,0,0,2020-12-30 23:03:05+01:00
0,2,2,2,0,0,2020-12-31 00:36:31+01:00
0,2,2,2,0,0,2020-12-31 00:38:04+01:00
0,0,0,0,0,0,2020-12-31 00:41:24+01:00
3,3,3,3,0,3,2020-12-31 02:04:13+01:00
5,6,0,6,5,6,2021-01-01 04:21:03+01:00
6,9,9,9,1,8,2021-01-14 00:48:43+01:00
0,0,0,0,0,0,2021-01-18 21:08:09+01:00
0,0,0,0,0,0,2021-01-18 21:14:34+01:00
0,0,0,0,0,0,2021-01-18 21:16:10+01:00
5,8,4,4,2,3,2021-01-27 23:01:25+01:00
0,0,0,0,0,0,2021-01-28 00:25:10+01:00
2,4,2,4,2,2,2021-01-29 22:25:52+01:00
0,0,0,0,0,0,2021-01-29 23:08:17+01:00
0,0,0,0,0,0,2021-02-03 20:43:41+01:00
1,3,0,1,1,0,2021-02-03 21:53:13+01:00
0,1,0,1,1,0,2021-04-09 22:46:58+02:00
0,0,0,0,0,0,2021-04-09 22:50:01+02:00
0,0,0,0,0,0,2021-04-09 22:56:48+02:00
0,0,0,0,0,0,2021-04-09 23:03:11+02:00
0,0,0,0,0,0,2021-04-10 01:25:38+02:00
0,0,0,0,0,0,2021-04-10 01:26:19+02:00
0,0,0,0,0,0,2021-04-10 23:49:26+02:00
0,0,0,0,0,0,2021-04-10 23:53:54+02:00
0,0,0,0,0,0,2021-04-11 21:16:56+02:00
11,13,4,6,0,8,2021-04-16 22:55:11+02:00
0,0,0,0,0,0,2021-04-16 22:57:03+02:00
2,2,2,2,0,2,2021-04-18 00:59:36+02:00
1,1,1,1,0,1,2021-04-18 01:55:26+02:00
11,11,6,6,5,6,2021-06-29 22:55:21+02:00
4,8,1,1,5,1,2021-06-29 23:16:39+02:00
1,2,1,1,2,1,2021-07-02 15:27:29+02:00
0,0,0,0,0,0,2021-07-02 15:34:12+02:00
0,1,1,1,1,1,2021-07-02 16:01:43+02:00
