Acquisition,Preparation,Modeling,Training,Evaluation,Prediction,time
1,1,1,1,0,1,2021-10-01 01:45:19+05:18
0,0,0,0,0,0,2021-10-01 01:47:19+05:18
0,0,0,0,0,0,2021-10-01 02:31:15+05:18
1,1,0,0,0,1,2021-10-01 03:20:48+05:18
0,0,0,0,0,0,2021-10-27 01:07:44+05:18
1,1,1,1,0,1,2021-10-27 01:21:07+05:18
1,1,0,0,0,1,2021-10-27 01:21:26+05:18
2,2,1,1,0,2,2021-10-27 01:22:00+05:18
1,1,1,1,0,1,2021-10-27 01:22:23+05:18
1,1,1,1,0,1,2021-10-27 01:24:47+05:18
1,1,0,0,0,1,2021-10-27 01:24:58+05:18
2,2,1,1,0,2,2021-10-27 01:26:45+05:18
0,0,0,0,0,0,2021-10-27 12:17:18+05:18
0,0,0,0,0,0,2021-10-27 12:39:14+05:18
0,0,0,0,0,0,2021-10-27 12:59:18+05:18
0,0,0,0,0,0,2021-10-27 14:06:27+05:18
0,0,0,0,0,0,2021-10-27 14:25:40+05:18
0,0,0,0,0,0,2021-10-27 14:26:15+05:18
0,0,0,0,0,0,2021-10-27 14:26:32+05:18
0,0,0,0,0,0,2021-10-27 14:26:45+05:18
0,0,0,0,0,0,2021-10-27 14:27:02+05:18
0,0,0,0,0,0,2021-10-27 14:27:18+05:18
0,0,0,0,0,0,2021-10-27 14:27:39+05:18
0,0,0,0,0,0,2021-10-27 14:27:55+05:18
0,0,0,0,0,0,2021-10-27 14:28:18+05:18
0,0,0,0,0,0,2021-10-27 14:28:33+05:18
0,0,0,0,0,0,2021-10-27 14:28:46+05:18
0,0,0,0,0,0,2021-10-27 14:28:59+05:18
0,0,0,0,0,0,2021-10-27 14:29:13+05:18
0,0,0,0,0,0,2021-10-27 14:29:25+05:18
0,0,0,0,0,0,2021-10-27 14:29:39+05:18
0,0,0,0,0,0,2021-10-27 14:29:53+05:18
0,0,0,0,0,0,2021-10-27 14:30:06+05:18
0,0,0,0,0,0,2021-10-27 14:30:20+05:18
0,0,0,0,0,0,2021-10-27 14:30:33+05:18
0,0,0,0,0,0,2021-10-27 14:30:45+05:18
0,0,0,0,0,0,2021-10-27 14:30:56+05:18
0,0,0,0,0,0,2021-10-27 14:31:12+05:18
0,0,0,0,0,0,2021-10-27 14:31:24+05:18
0,0,0,0,0,0,2021-10-27 14:31:36+05:18
0,0,0,0,0,0,2021-10-27 14:31:55+05:18
0,0,0,0,0,0,2021-10-27 14:32:08+05:18
0,0,0,0,0,0,2021-10-27 14:32:19+05:18
0,0,0,0,0,0,2021-10-27 14:32:32+05:18
0,0,0,0,0,0,2021-10-27 14:32:51+05:18
0,0,0,0,0,0,2021-10-27 14:33:02+05:18
0,0,0,0,0,0,2021-10-27 14:33:27+05:18
0,0,0,0,0,0,2021-10-27 14:33:41+05:18
0,0,0,0,0,0,2021-10-27 14:34:10+05:18
0,0,0,0,0,0,2021-10-27 14:41:42+05:18
0,0,0,0,0,0,2021-10-27 14:43:13+05:18
0,0,0,0,0,0,2021-10-27 14:51:53+05:18
1,1,0,0,0,1,2021-10-27 14:52:25+05:18
0,0,0,0,0,0,2021-10-27 14:55:03+05:18
0,0,0,0,0,0,2021-10-27 14:57:02+05:18
0,0,0,0,0,0,2021-10-27 15:00:21+05:18
0,0,0,0,0,0,2021-10-27 15:02:02+05:18
1,1,0,0,0,1,2021-10-27 15:09:33+05:18
0,0,0,0,0,0,2021-10-27 15:12:23+05:18
1,1,0,0,0,1,2021-10-27 15:29:23+05:18
1,1,0,0,0,1,2021-10-27 15:34:28+05:18
0,0,0,0,0,0,2021-10-27 15:39:06+05:18
1,1,0,0,0,1,2021-10-27 15:43:39+05:18
0,0,0,0,0,0,2021-10-27 15:48:33+05:18
0,0,0,0,0,0,2021-10-27 16:00:52+05:18
0,0,0,0,0,0,2021-10-27 16:04:40+05:18
0,0,0,0,0,0,2021-10-27 16:07:41+05:18
1,1,0,0,0,1,2021-10-27 16:17:01+05:18
0,0,0,0,0,0,2021-10-27 17:30:05+05:18
0,0,0,0,0,0,2021-10-27 17:42:59+05:18
1,1,0,0,0,1,2021-10-27 18:13:08+05:18
0,0,0,0,0,0,2021-10-27 18:13:32+05:18
1,1,0,0,0,1,2021-10-27 18:52:36+05:18
1,1,0,0,0,1,2021-10-27 18:58:10+05:18
1,1,0,0,0,1,2021-10-27 19:00:34+05:18
1,1,0,0,0,1,2021-10-27 19:47:01+05:18
0,0,0,0,0,0,2021-10-27 23:45:31+05:18
0,0,0,0,0,0,2021-10-27 23:45:44+05:18
0,0,0,0,0,0,2021-10-27 23:46:16+05:18
1,1,0,0,0,1,2021-10-28 00:18:37+05:18
0,0,0,0,0,0,2021-10-28 09:26:33+05:18
