Acquisition,Preparation,Modeling,Training,Evaluation,Prediction,time
0,0,0,0,0,0,2021-07-12 13:24:26-03:00
2,2,0,2,0,0,2021-07-12 13:33:08-03:00
1,1,0,1,0,0,2021-07-12 13:41:38-03:00
0,0,0,0,0,0,2021-07-12 15:35:55-03:00
0,0,0,0,0,0,2021-07-12 15:36:49-03:00
0,0,0,0,0,0,2021-07-13 09:23:45-03:00
0,0,0,0,0,0,2021-07-13 10:54:03-03:00
1,1,0,0,0,0,2021-07-13 15:21:24-03:00
0,0,0,0,0,0,2021-07-13 15:22:18-03:00
1,1,0,0,0,0,2021-07-14 11:36:13-03:00
0,0,0,0,0,0,2021-07-14 11:40:02-03:00
0,0,0,0,0,0,2021-07-14 14:55:25-03:00
0,0,0,0,0,0,2021-07-14 16:02:32-03:00
0,0,0,0,0,0,2021-07-14 16:03:57-03:00
0,0,0,0,0,0,2021-07-14 16:05:23-03:00
0,0,0,0,0,0,2021-07-14 16:06:21-03:00
0,0,0,0,0,0,2021-07-15 03:49:03-03:00
0,0,0,0,0,0,2021-07-15 04:11:19-03:00
0,0,0,0,0,0,2021-07-15 04:15:14-03:00
0,0,0,0,0,0,2021-07-15 06:09:37-03:00
0,0,0,0,0,0,2021-07-15 06:17:32-03:00
2,2,2,2,2,0,2021-07-15 08:06:29-03:00
3,3,2,2,2,0,2021-07-16 16:17:54-03:00
1,1,0,0,0,0,2021-07-16 16:42:22-03:00
1,1,0,1,0,0,2021-07-16 17:58:22-03:00
0,0,0,0,0,0,2021-07-16 18:05:44-03:00
1,1,0,0,0,0,2021-07-16 18:13:26-03:00
1,1,0,1,0,0,2021-07-16 18:38:39-03:00
1,2,0,0,1,0,2021-07-17 12:10:15-03:00
0,1,0,1,0,1,2021-07-18 04:57:37-03:00
0,1,0,1,0,1,2021-07-18 05:07:24-03:00
0,1,0,1,0,1,2021-07-18 05:10:40-03:00
1,1,0,1,0,1,2021-07-18 06:04:49-03:00
0,0,0,0,0,0,2021-07-18 06:05:25-03:00
0,1,0,0,1,0,2021-07-18 06:06:02-03:00
1,1,0,0,0,0,2021-07-18 06:06:11-03:00
1,1,0,0,1,0,2021-07-18 06:08:30-03:00
1,1,0,0,0,0,2021-07-18 16:29:05-03:00
0,0,0,0,1,0,2021-07-18 16:40:04-03:00
1,1,0,0,0,0,2021-07-18 16:40:22-03:00
0,0,0,0,0,0,2021-07-18 16:40:44-03:00
1,1,0,0,0,0,2021-07-18 16:41:36-03:00
3,5,0,3,1,2,2021-07-18 17:07:37-03:00
1,1,0,0,0,0,2021-07-18 17:59:55-03:00
0,0,0,0,0,0,2021-07-18 18:09:00-03:00
0,0,0,0,0,0,2021-07-19 08:36:25-03:00
0,0,0,0,0,0,2021-07-19 08:42:00-03:00
0,0,0,0,0,0,2021-07-19 08:52:45-03:00
0,0,0,0,0,0,2021-07-19 09:03:44-03:00
0,0,0,0,0,0,2021-07-19 09:09:06-03:00
0,0,0,0,0,0,2021-07-19 09:23:12-03:00
0,0,0,0,0,0,2021-07-19 09:35:09-03:00
0,0,0,0,0,0,2021-07-19 10:41:51-03:00
0,0,0,0,0,0,2021-07-19 10:42:53-03:00
1,1,0,0,0,0,2021-07-19 10:53:02-03:00
0,0,0,0,0,0,2021-07-19 11:16:27-03:00
1,1,0,0,0,0,2021-07-19 11:26:58-03:00
1,1,0,0,0,0,2021-07-20 02:34:46-03:00
