Acquisition,Preparation,Modeling,Training,Evaluation,Prediction,time
0,0,0,0,0,0,2021-07-15 09:39:47+07:00
0,0,0,0,0,0,2021-07-15 09:49:06+07:00
0,0,0,0,0,0,2021-07-15 09:56:47+07:00
0,0,0,0,0,0,2021-07-15 10:05:54+07:00
0,0,0,0,0,0,2021-07-15 10:10:21+07:00
0,0,0,0,0,0,2021-07-15 10:23:58+07:00
0,0,0,0,0,0,2021-07-15 10:26:49+07:00
0,0,0,0,0,0,2021-07-15 10:28:46+07:00
0,0,0,0,0,0,2021-07-15 10:34:10+07:00
0,0,0,0,0,0,2021-07-15 10:33:54+07:00
0,0,0,0,0,0,2021-07-27 09:25:22+07:00
0,0,0,0,0,0,2021-07-27 09:25:43+07:00
0,0,0,0,0,0,2021-07-28 09:17:24+07:00
1,2,2,1,0,0,2021-07-29 14:06:25+07:00
1,0,1,0,0,0,2021-07-29 15:20:44+07:00
0,0,0,0,0,0,2021-07-29 15:23:38+07:00
0,0,0,0,0,0,2021-07-29 15:28:31+07:00
1,0,1,0,0,0,2021-07-29 15:33:12+07:00
0,0,0,0,0,0,2021-07-29 15:33:33+07:00
2,1,3,1,0,0,2021-07-29 16:25:13+07:00
0,0,0,0,0,0,2021-07-29 16:27:24+07:00
0,0,0,0,0,0,2021-07-29 16:28:04+07:00
2,1,3,1,0,0,2021-07-30 09:27:23+07:00
1,0,1,0,0,0,2021-07-30 09:32:18+07:00
0,0,0,0,0,0,2021-07-30 10:02:49+07:00
0,0,0,0,0,0,2021-07-30 10:07:30+07:00
0,0,0,0,0,0,2021-07-30 10:12:55+07:00
0,0,0,0,0,0,2021-07-30 10:14:46+07:00
0,0,0,0,0,0,2021-07-30 10:15:33+07:00
0,0,0,0,0,0,2021-07-30 10:16:54+07:00
0,0,0,0,0,0,2021-07-30 10:28:42+07:00
2,2,4,1,0,0,2021-07-30 15:44:08+07:00
0,0,0,0,0,0,2021-07-30 15:44:37+07:00
0,1,2,0,0,0,2021-08-02 09:35:40+07:00
0,0,0,0,0,0,2021-08-02 09:41:03+07:00
0,0,0,0,0,0,2021-08-02 09:48:07+07:00
0,0,0,0,0,0,2021-08-02 09:48:34+07:00
0,0,0,0,0,0,2021-08-02 09:57:38+07:00
0,1,1,0,0,0,2021-08-02 10:07:20+07:00
0,0,0,0,0,0,2021-08-02 11:21:47+07:00
0,0,0,0,0,0,2021-08-02 11:29:52+07:00
0,0,0,0,0,0,2021-08-02 11:33:30+07:00
0,0,0,0,0,0,2021-08-02 12:06:52+07:00
0,0,0,0,0,0,2021-08-04 08:16:58+07:00
0,0,0,0,0,0,2021-08-04 08:17:26+07:00
0,0,0,0,0,0,2021-08-04 13:56:12+07:00
0,0,0,0,0,0,2021-08-04 13:58:06+07:00
0,0,0,0,0,0,2021-08-04 14:02:35+07:00
2,1,3,1,0,0,2021-08-04 15:29:27+07:00
1,3,4,1,0,0,2021-08-04 15:44:28+07:00
0,0,0,0,0,0,2021-08-04 15:51:52+07:00
0,0,0,0,0,0,2021-08-04 15:52:50+07:00
0,0,0,0,0,0,2021-08-04 15:53:31+07:00
0,0,0,0,0,0,2021-08-04 16:45:02+07:00
1,1,1,1,0,0,2021-08-05 08:14:37+07:00
0,0,0,0,0,0,2021-08-05 08:15:01+07:00
0,0,0,0,0,0,2021-08-05 08:25:03+07:00
0,0,0,0,0,0,2021-08-06 15:57:45+07:00
0,0,0,0,0,0,2021-08-06 16:57:40+07:00
0,0,0,0,0,0,2021-08-06 16:58:15+07:00
1,2,1,1,0,0,2021-12-23 14:26:36+07:00
0,0,0,0,0,0,2021-12-23 14:42:55+07:00
0,0,0,0,0,0,2021-12-23 14:47:44+07:00
1,1,1,1,0,0,2021-12-24 08:27:12+07:00
0,0,0,0,0,0,2021-12-24 08:27:33+07:00
1,1,1,1,0,0,2021-12-29 11:08:54+07:00
1,1,1,1,0,0,2021-12-29 11:11:50+07:00
0,0,0,0,0,0,2022-01-13 09:14:27+07:00
1,1,2,1,0,0,2022-04-03 11:01:13+07:00
0,0,1,0,0,0,2022-04-05 10:35:13+07:00
0,0,0,0,0,0,2022-04-05 10:39:01+07:00
0,0,0,0,0,0,2022-04-05 10:39:29+07:00
0,0,0,0,0,0,2022-04-05 10:45:38+07:00
