Acquisition,Preparation,Modeling,Training,Evaluation,Prediction,time
1,5,0,2,0,0,2019-01-04 16:27:55+02:00
0,0,0,0,0,0,2019-01-04 16:36:34+02:00
1,1,0,1,0,0,2019-01-04 16:38:04+02:00
0,1,0,1,0,0,2019-01-04 16:38:32+02:00
0,1,0,0,0,0,2019-01-04 16:40:45+02:00
0,1,0,1,0,0,2019-01-04 16:59:30+02:00
0,1,0,0,0,0,2019-01-04 17:06:23+02:00
0,1,0,1,0,0,2019-01-04 17:07:44+02:00
0,1,0,1,0,0,2019-01-04 17:08:29+02:00
0,1,0,1,0,0,2019-01-04 17:12:53+02:00
1,1,0,1,0,0,2019-01-04 18:41:35+02:00
1,3,0,2,0,0,2019-01-04 18:41:59+02:00
0,1,0,0,0,0,2019-01-04 19:53:00+02:00
0,1,0,0,0,0,2019-01-04 20:35:51+02:00
0,1,0,0,0,0,2019-01-06 18:25:23+02:00
0,1,0,0,0,0,2019-01-06 19:25:27+02:00
0,1,0,0,0,0,2019-01-06 21:02:01+02:00
0,1,0,0,0,0,2019-01-09 19:44:51+02:00
0,1,1,1,0,0,2019-01-09 19:46:04+02:00
0,1,0,1,0,0,2019-01-09 19:46:18+02:00
1,3,0,3,0,0,2019-01-09 19:47:19+02:00
0,1,1,1,0,0,2019-01-09 20:47:29+02:00
0,1,1,1,0,0,2019-01-10 11:46:27+02:00
1,3,2,3,0,0,2019-01-10 12:39:50+02:00
0,1,1,1,0,0,2019-01-10 12:55:48+02:00
0,1,1,1,0,0,2019-01-10 13:08:45+02:00
0,2,2,2,0,0,2019-01-10 16:03:36+02:00
0,1,0,0,0,0,2019-01-11 15:01:26+02:00
0,1,0,0,0,0,2019-01-11 15:01:50+02:00
0,1,1,1,0,0,2019-01-11 15:56:33+02:00
0,1,0,0,0,0,2019-01-11 15:57:31+02:00
0,1,0,0,0,0,2019-01-12 12:55:03+02:00
0,1,1,1,0,1,2019-01-12 12:55:27+02:00
0,2,1,1,0,1,2019-01-12 14:17:25+02:00
0,1,0,0,0,0,2019-01-12 14:31:12+02:00
0,1,1,1,0,1,2019-01-12 14:31:28+02:00
0,1,0,0,0,0,2019-01-12 14:34:54+02:00
0,1,1,1,0,1,2019-01-12 14:39:07+02:00
0,1,1,1,0,1,2019-01-12 14:54:15+02:00
0,1,1,1,0,1,2019-01-12 17:42:34+02:00
0,1,1,1,0,1,2019-01-12 17:45:28+02:00
1,5,1,4,0,1,2019-01-12 22:46:55+02:00
0,1,0,0,0,0,2019-01-12 23:21:26+02:00
0,1,0,0,0,0,2019-01-13 01:37:30+02:00
0,1,1,1,0,0,2019-01-13 02:02:46+02:00
0,1,1,1,0,1,2019-01-14 13:55:13+02:00
0,1,1,1,0,1,2019-01-14 13:55:31+02:00
0,1,1,1,0,1,2019-01-14 13:56:33+02:00
0,1,1,1,0,1,2019-01-14 13:57:10+02:00
0,1,1,1,0,0,2019-01-15 02:26:26+02:00
0,1,1,1,0,0,2019-01-17 01:34:31+02:00
0,1,1,1,0,0,2019-01-17 15:24:57+02:00
0,1,1,1,0,0,2019-01-17 15:25:15+02:00
0,1,1,1,0,0,2019-01-17 15:25:47+02:00
0,1,1,1,0,0,2019-01-17 15:26:21+02:00
0,1,1,1,0,0,2019-01-17 16:45:22+02:00
0,1,1,1,0,0,2019-01-17 16:48:39+02:00
0,1,1,1,0,0,2019-01-17 20:08:02+02:00
0,1,1,1,0,0,2019-01-17 20:15:59+02:00
0,1,0,0,0,0,2019-01-17 20:19:05+02:00
1,2,0,1,0,0,2019-01-17 20:26:04+02:00
