Acquisition,Preparation,Modeling,Training,Evaluation,Prediction,time
0,0,0,0,0,0,2021-04-14 20:34:23-04:00
2,2,0,2,0,0,2021-04-14 20:41:09-04:00
1,1,0,1,0,0,2021-04-14 21:25:51-04:00
0,0,0,0,0,0,2021-04-15 21:17:16-04:00
2,2,0,2,0,0,2021-04-15 21:17:30-04:00
0,0,0,0,0,0,2021-04-16 20:05:54-04:00
0,0,0,0,0,0,2021-04-16 20:08:21-04:00
0,0,0,0,0,0,2021-04-17 00:27:21-04:00
0,0,0,0,0,0,2021-04-17 14:34:34-04:00
0,0,0,0,0,0,2021-04-17 17:59:44-04:00
0,0,0,0,0,0,2021-04-17 18:00:10-04:00
0,0,0,0,0,0,2021-04-17 19:20:15-04:00
0,0,0,0,0,0,2021-04-17 21:49:26-04:00
0,0,0,0,0,0,2021-04-17 21:49:40-04:00
0,0,0,0,0,0,2021-04-17 21:58:54-04:00
0,0,0,0,0,0,2021-04-17 23:36:20-04:00
0,0,0,0,0,0,2021-04-17 23:51:26-04:00
0,0,0,0,0,0,2021-04-17 23:51:42-04:00
0,0,0,0,0,0,2021-04-18 00:36:42-04:00
0,0,0,0,0,0,2021-04-18 00:41:02-04:00
0,0,0,0,0,0,2021-04-18 01:27:20-04:00
0,0,0,0,0,0,2021-04-18 09:35:28-04:00
0,0,0,0,0,0,2021-04-18 09:55:24-04:00
0,0,0,0,0,0,2021-04-18 09:56:30-04:00
0,0,0,0,0,0,2021-04-18 09:56:40-04:00
0,0,0,0,0,0,2021-04-18 10:20:18-04:00
0,0,0,0,0,0,2021-04-18 10:20:45-04:00
0,0,0,0,0,0,2021-04-18 10:59:22-04:00
0,0,0,0,0,0,2021-04-18 11:21:30-04:00
0,0,0,0,0,0,2021-04-19 18:25:42-04:00
1,1,0,1,0,0,2021-04-19 19:50:20-04:00
0,0,0,0,0,0,2021-04-19 19:52:15-04:00
0,0,0,0,0,0,2021-04-19 19:54:14-04:00
0,0,0,0,0,0,2021-04-19 19:54:27-04:00
0,0,0,0,0,0,2021-04-20 01:23:04-04:00
0,0,0,0,0,0,2021-04-20 01:23:34-04:00
0,0,0,0,0,0,2021-04-20 01:23:50-04:00
0,0,0,0,0,0,2021-04-20 18:13:21-04:00
0,0,0,0,0,0,2021-04-20 18:29:22-04:00
0,0,0,0,0,0,2021-04-20 18:48:16-04:00
0,0,0,0,0,0,2021-04-20 22:34:48-04:00
0,0,0,0,0,0,2021-04-20 22:35:21-04:00
0,0,0,0,0,0,2021-04-21 00:08:54-04:00
0,0,0,0,0,0,2021-04-22 10:20:28-04:00
0,0,0,0,0,0,2021-04-22 10:21:06-04:00
0,0,0,0,0,0,2021-04-22 10:21:18-04:00
0,0,0,0,0,0,2021-04-22 10:24:27-04:00
0,0,0,0,0,0,2021-04-22 19:21:24-04:00
0,0,0,0,0,0,2021-04-22 19:21:46-04:00
0,0,0,0,0,0,2021-04-22 20:16:22-04:00
0,0,0,0,0,0,2021-04-22 23:28:14-04:00
0,0,0,0,0,0,2021-04-22 23:28:27-04:00
0,0,0,0,0,0,2021-04-22 23:28:42-04:00
0,0,0,0,0,0,2021-04-23 09:30:35-04:00
0,0,0,0,0,0,2021-04-23 17:28:22-04:00
0,0,0,0,0,0,2021-04-23 17:29:26-04:00
0,0,0,0,0,0,2021-04-23 17:29:44-04:00
0,0,0,0,0,0,2021-04-23 17:39:53-04:00
0,0,0,0,0,0,2021-04-23 23:07:12-04:00
0,0,0,0,0,0,2021-04-26 21:24:45-04:00
0,0,0,0,0,0,2021-04-26 21:48:48-04:00
0,0,0,0,0,0,2021-04-26 23:15:07-04:00
0,0,0,0,0,0,2021-04-26 23:40:11-04:00
0,0,0,0,0,0,2021-04-27 00:02:39-04:00
0,0,0,0,0,0,2021-04-27 22:35:33-04:00
0,0,0,0,0,0,2021-04-27 22:49:57-04:00
0,0,0,0,0,0,2021-04-27 23:18:34-04:00
0,0,0,0,0,0,2021-04-28 01:03:04-04:00
0,0,0,0,0,0,2021-04-28 22:43:36-04:00
0,0,0,0,0,0,2021-04-28 23:26:55-04:00
0,0,0,0,0,0,2021-04-29 00:59:23-04:00
0,0,0,0,0,0,2021-04-29 01:25:52-04:00
0,0,0,0,0,0,2021-04-29 21:49:53-04:00
0,0,0,0,0,0,2021-04-29 22:48:09-04:00
0,0,0,0,0,0,2021-04-29 23:11:36-04:00
0,0,0,0,0,0,2021-04-29 23:13:08-04:00
0,0,0,0,0,0,2021-04-30 00:38:42-04:00
0,0,0,0,0,0,2021-04-30 00:40:06-04:00
0,0,0,0,0,0,2021-04-30 09:00:14-04:00
0,0,0,0,0,0,2021-04-30 14:39:09-04:00
0,0,0,0,0,0,2021-04-30 14:39:48-04:00
0,0,0,0,0,0,2021-04-30 14:41:49-04:00
0,0,0,0,0,0,2021-04-30 14:55:32-04:00
0,0,0,0,0,0,2021-04-30 15:22:51-04:00
0,0,0,0,0,0,2021-04-30 15:23:44-04:00
0,0,0,0,0,0,2021-05-03 10:10:58-04:00
