Acquisition,Preparation,Modeling,Training,Evaluation,Prediction,time
0,0,0,0,0,0,2021-03-26 23:10:20+05:18
0,0,0,0,0,0,2021-03-26 23:33:00+05:18
0,0,0,0,0,0,2021-03-26 23:51:13+05:18
0,0,0,0,0,0,2021-03-27 11:07:44+05:18
0,0,0,0,0,0,2021-03-27 11:11:33+05:18
0,0,0,0,0,0,2021-03-27 11:18:12+05:18
0,0,0,0,0,0,2021-03-27 11:29:57+05:18
0,0,0,0,0,0,2021-03-27 11:31:49+05:18
0,0,0,0,0,0,2021-03-27 11:50:07+05:18
0,0,0,0,0,0,2021-03-27 12:28:34+05:18
1,0,0,0,0,0,2021-04-04 11:29:59+05:18
0,0,0,0,0,0,2021-04-12 11:58:33+05:18
1,0,0,0,0,0,2021-04-12 22:02:26+05:18
1,0,0,0,0,0,2021-04-13 15:13:02+05:18
1,0,0,0,0,0,2021-04-13 15:15:19+05:18
1,0,0,0,0,0,2021-04-13 15:21:04+05:18
1,0,0,0,0,0,2021-04-13 15:55:52+05:18
1,0,0,0,0,0,2021-04-13 15:58:45+05:18
0,0,0,0,0,0,2021-04-13 20:48:38+05:18
1,0,0,0,0,0,2021-04-14 10:41:33+05:18
1,0,0,0,0,0,2021-04-14 10:42:11+05:18
1,1,0,0,0,0,2021-04-14 13:23:08+05:18
0,0,0,0,0,0,2021-04-14 13:27:43+05:18
1,1,0,0,0,0,2021-04-14 14:17:46+05:18
1,1,0,0,0,0,2021-04-14 16:46:36+05:18
1,1,0,0,0,0,2021-04-16 13:16:21+05:18
1,1,0,0,0,0,2021-04-16 20:14:00+05:18
1,1,0,0,0,0,2021-04-16 20:42:15+05:18
1,1,0,0,0,0,2021-04-17 08:07:39+05:18
1,1,0,0,0,0,2021-04-26 12:05:33+05:18
1,1,0,0,0,0,2021-04-26 12:09:55+05:18
1,1,0,0,0,0,2021-04-26 12:11:30+05:18
1,1,0,0,0,0,2021-04-26 12:12:57+05:18
0,0,0,0,0,0,2021-05-02 18:20:04+05:18
0,0,0,0,0,0,2021-05-02 18:21:23+05:18
0,0,0,0,0,0,2021-05-02 18:22:38+05:18
0,0,0,0,0,0,2021-05-02 21:57:57+05:18
0,0,0,0,0,0,2021-05-02 21:58:18+05:18
1,1,0,0,0,0,2021-05-02 22:02:37+05:18
0,0,0,0,0,0,2021-05-02 23:28:24+05:18
0,0,0,0,0,0,2021-05-10 22:17:36+05:18
0,0,0,1,0,1,2021-05-10 22:23:55+05:18
0,0,0,1,0,1,2021-05-10 22:29:31+05:18
0,0,0,0,0,0,2021-05-10 23:18:54+05:18
1,1,0,1,0,1,2021-05-20 11:19:00+05:18
1,1,0,2,2,2,2021-05-20 18:15:42+05:18
1,1,0,2,2,2,2021-05-23 23:31:07+05:18
0,0,0,0,0,0,2021-05-24 22:35:00+05:18
0,0,0,0,0,0,2021-05-24 22:35:28+05:18
0,0,0,0,0,0,2021-05-26 11:59:40+05:18
0,0,0,0,0,0,2021-05-26 12:29:26+05:18
0,0,0,0,0,0,2021-05-26 13:36:24+05:18
0,0,0,0,0,0,2021-05-26 13:46:31+05:18
1,1,0,1,0,1,2021-05-26 15:57:44+05:18
1,1,0,1,1,1,2021-05-26 18:32:42+05:18
0,0,0,0,0,0,2021-05-26 19:25:20+05:18
0,0,0,0,0,0,2021-05-26 19:30:32+05:18
1,1,0,1,0,1,2021-05-26 23:30:18+05:18
1,1,0,1,0,1,2021-05-27 11:26:16+05:18
0,0,0,0,0,0,2021-05-27 11:34:52+05:18
1,1,0,1,1,1,2021-05-27 12:34:40+05:18
0,0,0,0,0,0,2021-05-27 12:39:35+05:18
0,0,0,0,0,0,2021-05-27 12:44:02+05:18
0,0,0,0,0,0,2021-05-27 13:15:00+05:18
0,0,0,0,0,0,2021-05-27 13:16:08+05:18
0,0,0,0,0,0,2021-05-27 15:05:56+05:18
0,0,0,0,0,0,2021-05-27 15:10:28+05:18
0,0,0,0,0,0,2021-05-27 15:13:47+05:18
0,0,0,0,0,0,2021-05-27 19:17:18+05:18
0,0,0,0,0,0,2021-05-28 11:59:55+05:18
0,0,0,0,0,0,2021-05-28 13:47:56+05:18
1,1,0,1,0,1,2021-05-28 17:21:26+05:18
0,0,0,0,0,0,2021-05-28 18:38:41+05:18
0,0,0,0,0,0,2021-05-28 21:06:59+05:18
0,0,0,0,0,0,2021-05-29 11:23:30+05:18
0,0,0,0,0,0,2021-05-29 14:18:31+05:18
0,0,0,0,0,0,2021-05-29 22:21:27+05:18
0,0,0,0,0,0,2021-05-29 23:38:31+05:18
0,0,0,0,0,0,2021-05-30 00:17:00+05:18
1,1,0,1,0,1,2021-05-30 14:27:33+05:18
1,1,0,1,0,1,2021-05-30 14:33:43+05:18
1,1,0,1,0,1,2021-05-30 15:31:33+05:18
1,1,0,1,0,1,2021-05-30 16:13:24+05:18
1,1,0,1,0,1,2021-05-30 16:17:59+05:18
0,0,0,0,0,0,2021-05-30 16:20:01+05:18
0,0,0,0,0,0,2021-05-30 16:20:56+05:18
0,0,0,0,0,0,2021-05-30 16:37:04+05:18
0,0,0,0,0,0,2021-05-31 01:22:15+05:18
1,1,0,1,0,1,2021-05-31 09:35:07+05:18
0,0,0,0,0,0,2021-05-31 10:19:56+05:18
0,0,0,0,0,0,2021-05-31 15:04:37+05:18
0,0,0,0,0,0,2021-05-31 21:29:13+05:18
1,1,0,1,0,1,2021-06-01 11:00:49+05:18
0,0,0,0,0,0,2021-06-01 14:26:30+05:18
0,0,0,0,0,0,2021-06-02 12:39:36+05:18
0,0,0,0,0,0,2021-06-02 15:52:15+05:18
0,0,0,0,0,0,2021-06-03 22:13:02+05:18
1,1,0,1,0,1,2021-06-03 22:24:25+05:18
0,0,0,0,0,0,2021-06-05 21:34:39+05:18
0,0,0,0,0,0,2021-06-05 22:42:31+05:18
0,0,0,0,0,0,2021-06-05 22:42:50+05:18
0,0,0,0,0,0,2021-06-06 13:46:24+05:18
0,0,0,0,0,0,2021-06-08 23:27:47+05:18
0,0,0,0,0,0,2021-06-08 23:30:27+05:18
0,0,0,0,0,0,2021-06-08 23:32:08+05:18
0,0,0,0,0,0,2021-06-09 10:52:04+05:18
1,1,0,1,0,1,2021-06-09 11:13:48+05:18
0,0,0,0,0,0,2021-06-09 13:23:21+05:18
0,0,0,0,0,0,2021-06-09 13:24:43+05:18
0,0,0,0,0,0,2021-06-09 14:33:43+05:18
0,0,0,0,0,0,2021-06-09 15:21:55+05:18
0,0,0,0,0,0,2021-06-09 18:57:20+05:18
1,1,0,1,0,1,2021-06-09 22:29:45+05:18
0,0,0,0,0,0,2021-06-09 23:28:37+05:18
0,0,0,0,0,0,2021-06-10 13:05:23+05:18
0,0,0,0,0,0,2021-06-11 12:16:04+05:18
0,0,0,0,0,0,2021-06-11 21:07:25+05:18
1,1,0,1,0,1,2021-06-12 13:57:39+05:18
0,0,0,0,0,0,2021-06-12 14:48:42+05:18
0,0,0,0,0,0,2021-06-12 16:43:15+05:18
0,0,0,0,0,0,2021-06-12 18:50:26+05:18
0,0,0,0,0,0,2021-06-12 18:51:32+05:18
0,0,0,0,0,0,2021-06-12 19:05:38+05:18
0,0,0,0,0,0,2021-06-12 19:08:15+05:18
0,0,0,0,0,0,2021-06-12 19:09:15+05:18
0,0,0,0,0,0,2021-06-12 20:26:09+05:18
0,0,0,0,0,0,2021-06-12 21:56:50+05:18
0,0,0,0,0,0,2021-06-12 22:59:35+05:18
0,0,0,0,0,0,2021-06-12 23:00:03+05:18
0,0,0,0,0,0,2021-06-12 23:00:38+05:18
0,0,0,0,0,0,2021-06-12 23:01:25+05:18
0,0,0,0,0,0,2021-06-13 11:37:47+05:18
0,0,0,0,0,0,2021-06-13 11:38:37+05:18
0,0,0,0,0,0,2021-06-13 12:36:33+05:18
0,0,0,0,0,0,2021-06-13 12:41:55+05:18
0,0,0,0,0,0,2021-06-13 12:48:37+05:18
0,0,0,0,0,0,2021-06-13 13:10:47+05:18
0,0,0,0,0,0,2021-06-13 17:55:30+05:18
0,0,0,0,0,0,2021-06-13 17:56:22+05:18
0,0,0,0,0,0,2021-06-13 19:10:09+05:18
0,0,0,0,0,0,2021-06-13 19:10:41+05:18
0,0,0,0,0,0,2021-06-14 08:55:34+05:18
0,0,0,0,0,0,2021-06-14 09:03:55+05:18
0,0,0,0,0,0,2021-06-14 09:04:50+05:18
0,0,0,0,0,0,2021-06-14 09:10:25+05:18
0,0,0,0,0,0,2021-06-14 09:12:48+05:18
0,0,0,0,0,0,2021-06-14 09:13:44+05:18
0,0,0,0,0,0,2021-06-14 09:14:08+05:18
0,0,0,0,0,0,2021-06-14 20:56:55+05:18
1,1,0,1,0,1,2021-07-13 10:57:32+05:18
