Acquisition,Preparation,Modeling,Training,Evaluation,Prediction,time
1,0,0,0,0,0,2021-01-25 17:08:03+01:00
2,1,0,0,0,0,2021-01-26 19:28:57+01:00
1,1,1,0,0,0,2021-01-27 12:39:35+01:00
1,1,1,0,0,0,2021-01-27 12:52:48+01:00
1,1,1,0,0,0,2021-01-27 20:58:05+01:00
1,1,1,0,0,0,2021-01-29 14:47:10+01:00
0,1,0,0,0,0,2021-02-02 13:02:57+01:00
1,1,1,0,0,0,2021-02-02 14:23:01+01:00
1,2,1,1,0,1,2021-02-04 19:49:52+01:00
1,1,0,0,0,0,2021-02-04 19:50:29+01:00
1,1,1,0,0,0,2021-02-15 18:03:29+01:00
1,1,1,0,0,0,2021-02-15 18:41:13+01:00
2,2,1,1,0,1,2021-02-15 21:07:48+01:00
0,1,0,1,0,1,2021-02-26 14:50:37+01:00
0,1,0,1,0,1,2021-02-26 18:19:29+01:00
1,1,1,0,0,0,2021-03-03 17:08:39+01:00
0,1,0,1,0,1,2021-03-03 19:52:01+01:00
1,1,1,0,0,0,2021-03-05 17:57:55+01:00
0,1,0,1,0,1,2021-03-18 20:39:30+01:00
1,0,0,0,0,0,2021-03-19 14:19:14+01:00
1,2,1,1,0,1,2021-03-19 14:19:59+01:00
0,0,0,0,0,0,2021-03-19 14:20:21+01:00
1,1,1,0,0,0,2021-03-19 14:33:40+01:00
1,2,1,1,0,1,2021-03-22 18:59:13+01:00
1,2,1,1,0,1,2021-04-01 19:31:39+02:00
0,1,0,1,0,1,2021-04-07 15:26:48+02:00
0,1,0,1,0,1,2021-04-07 16:01:54+02:00
1,1,2,0,0,0,2021-04-09 19:17:03+02:00
1,1,2,0,0,0,2021-04-14 13:15:17+02:00
2,2,1,1,0,1,2021-04-14 13:27:23+02:00
1,1,1,0,0,0,2021-04-14 18:17:21+02:00
1,1,0,1,0,1,2021-04-14 21:00:39+02:00
2,2,3,1,0,1,2021-04-15 20:17:45+02:00
1,1,1,1,0,1,2021-04-16 15:54:00+02:00
1,1,0,0,0,0,2021-04-16 15:54:43+02:00
1,1,1,1,0,1,2021-04-16 16:50:48+02:00
1,1,0,0,0,0,2021-04-30 14:24:34+02:00
1,1,0,0,0,0,2021-05-04 21:23:56+02:00
1,1,0,0,0,0,2021-05-05 13:40:36+02:00
2,2,1,1,0,1,2021-05-05 15:14:47+02:00
0,0,1,0,0,0,2021-05-05 17:13:58+02:00
2,1,0,0,0,0,2021-05-07 18:20:22+02:00
1,1,1,1,0,1,2021-05-10 13:28:49+02:00
1,1,1,1,0,1,2021-05-10 14:29:44+02:00
2,2,1,1,0,1,2021-05-10 14:40:01+02:00
1,1,0,0,0,0,2021-05-12 17:52:37+02:00
2,3,2,1,0,1,2021-12-20 18:15:10+01:00
1,0,0,0,0,0,2021-12-20 18:32:32+01:00
1,0,1,0,0,0,2021-12-20 18:45:11+01:00
0,0,1,0,0,0,2021-12-21 17:13:10+01:00
2,2,1,0,0,0,2021-12-21 17:56:08+01:00
1,1,1,0,0,0,2021-12-21 19:14:18+01:00
2,2,1,0,0,0,2021-12-22 16:11:06+01:00
2,2,1,0,0,0,2021-12-22 16:37:32+01:00
2,2,1,0,0,0,2021-12-22 17:33:05+01:00
1,1,0,0,0,0,2021-12-22 18:58:34+01:00
1,1,1,0,0,0,2021-12-23 15:25:06+01:00
1,1,1,0,0,0,2021-12-23 16:04:36+01:00
3,3,2,1,0,1,2021-12-23 17:11:59+01:00
2,2,1,0,0,0,2021-12-23 17:48:48+01:00
2,3,1,1,0,1,2021-12-23 18:14:03+01:00
1,1,0,0,0,0,2021-12-30 16:40:21+01:00
1,1,0,0,0,0,2021-12-30 16:45:23+01:00
2,2,1,1,0,1,2021-12-30 17:39:28+01:00
0,0,0,0,0,0,2021-12-30 18:19:31+01:00
2,3,1,1,0,1,2021-12-30 19:39:36+01:00
1,1,0,0,0,0,2022-01-04 15:37:12+01:00
2,2,1,0,0,0,2022-01-04 17:43:50+01:00
1,2,0,0,0,0,2022-01-04 18:50:55+01:00
2,2,1,0,0,0,2022-01-04 18:58:25+01:00
2,2,1,0,0,0,2022-01-05 15:28:06+01:00
1,1,0,0,0,0,2022-01-05 19:32:02+01:00
0,0,0,0,0,0,2022-01-31 19:32:14+01:00
1,1,0,0,0,0,2022-03-17 16:32:08+01:00
0,0,0,0,0,0,2022-03-17 16:52:50+01:00
2,1,1,1,0,1,2022-03-24 17:10:32+01:00
2,2,1,0,0,0,2022-04-01 18:01:05+02:00
1,1,1,0,0,0,2022-04-01 18:07:45+02:00
2,3,1,1,0,1,2022-06-07 18:59:36+02:00
3,4,2,1,0,1,2022-06-16 14:20:12+02:00
