Acquisition,Preparation,Modeling,Training,Evaluation,Prediction,time
0,0,0,0,0,0,2019-05-02 22:47:53-07:00
0,0,0,0,0,0,2019-05-02 22:47:55-07:00
0,0,0,0,0,0,2019-05-02 22:47:57-07:00
5,19,5,11,2,9,2019-05-04 01:24:42-07:00
0,0,0,0,0,0,2019-05-04 01:43:53-07:00
2,3,2,2,0,0,2019-05-04 17:06:52-07:00
0,0,0,0,0,0,2019-05-04 17:16:14-07:00
0,0,0,0,0,0,2019-05-04 17:21:04-07:00
1,1,1,0,0,0,2019-05-04 17:55:43-07:00
2,1,1,1,0,0,2019-05-04 18:59:21-07:00
1,1,0,0,0,1,2019-05-04 19:26:06-07:00
0,0,0,0,0,0,2019-05-04 20:27:20-07:00
0,0,0,0,0,0,2019-05-04 21:07:06-07:00
0,0,0,0,0,0,2019-05-04 21:08:08-07:00
0,1,0,0,0,0,2019-05-04 22:26:31-07:00
0,0,0,0,0,0,2019-05-04 22:52:45-07:00
0,0,0,0,0,0,2019-05-05 02:31:39-07:00
0,3,0,0,0,0,2019-05-05 14:26:06-07:00
0,0,0,0,0,0,2019-05-05 14:59:29-07:00
0,0,0,0,0,0,2019-05-05 15:06:42-07:00
1,3,0,0,0,0,2019-05-05 15:28:05-07:00
1,2,2,2,0,0,2019-05-05 15:37:14-07:00
0,0,0,0,0,0,2019-05-05 15:37:42-07:00
0,0,0,0,0,0,2019-05-05 16:02:37-07:00
0,5,0,2,1,1,2019-05-05 20:19:08-07:00
1,1,0,0,0,0,2019-05-05 21:50:14-07:00
0,0,0,0,0,0,2019-05-05 21:54:20-07:00
0,0,0,0,0,0,2019-05-05 22:05:21-07:00
0,0,0,0,0,0,2019-05-05 23:08:33-07:00
0,0,0,0,0,0,2019-05-05 23:13:57-07:00
0,0,0,0,0,0,2019-05-05 23:15:28-07:00
0,0,0,0,0,0,2019-05-05 23:17:25-07:00
0,0,0,0,0,0,2019-05-06 03:30:08-07:00
0,0,0,0,0,0,2019-05-06 12:09:03-07:00
0,0,0,0,0,0,2019-05-06 12:13:22-07:00
0,0,0,0,0,0,2019-05-06 12:13:48-07:00
0,0,0,0,0,0,2019-05-06 12:16:06-07:00
0,0,0,0,0,0,2019-05-06 12:20:08-07:00
0,0,0,0,0,0,2019-05-06 13:05:15-07:00
0,0,0,0,0,0,2019-05-07 19:38:55-07:00
0,0,0,0,0,0,2019-05-08 17:54:30-07:00
0,0,0,0,0,0,2019-05-08 18:00:47-07:00
0,0,0,0,0,0,2019-05-08 18:13:39-07:00
0,0,0,0,0,0,2019-05-09 23:01:42-07:00
0,0,0,0,0,0,2019-05-12 18:09:50-07:00
0,0,0,0,0,0,2019-05-12 22:26:56-07:00
0,0,0,0,0,0,2019-05-13 02:41:51-07:00
0,0,0,0,0,0,2019-05-13 03:07:27-07:00
0,0,0,0,0,0,2019-05-13 04:10:07-07:00
0,0,0,0,0,0,2019-05-13 04:16:22-07:00
0,0,0,0,0,0,2019-05-13 16:00:12-07:00
4,18,3,9,2,9,2019-05-10 14:05:49-07:00
3,7,2,4,0,4,2019-05-10 14:41:09-07:00
0,0,0,0,0,0,2019-05-11 21:16:17-07:00
0,1,0,0,0,0,2019-05-13 18:47:59-07:00
0,0,1,1,0,1,2019-05-13 19:52:46-07:00
0,0,0,0,0,0,2019-05-14 11:46:55-07:00
0,0,0,0,0,0,2019-05-14 11:49:17-07:00
0,0,0,0,0,0,2019-05-14 13:26:25-07:00
0,0,0,0,0,0,2019-05-14 13:32:02-07:00
0,0,0,0,0,0,2019-05-15 11:34:50-07:00
0,0,0,0,0,0,2019-05-15 11:38:40-07:00
0,0,0,0,0,0,2019-05-15 14:37:11-07:00
0,1,0,0,0,0,2019-05-15 15:02:58-07:00
0,0,0,0,0,0,2019-05-15 15:03:08-07:00
0,0,0,0,0,0,2019-05-15 16:01:20-07:00
1,0,0,0,0,0,2019-05-16 12:49:04-07:00
1,0,0,0,0,0,2019-05-16 15:25:02-07:00
0,2,0,0,1,0,2019-05-16 16:01:52-07:00
0,0,0,0,0,0,2019-05-16 16:31:10-07:00
0,0,0,0,0,0,2019-05-16 16:31:44-07:00
0,0,0,0,0,0,2019-05-17 12:45:12-07:00
0,0,0,0,0,0,2019-05-17 12:53:29-07:00
0,0,0,0,0,0,2019-05-17 13:34:56-07:00
0,0,0,0,0,0,2019-05-17 13:35:02-07:00
0,0,0,0,0,0,2019-05-17 13:37:14-07:00
0,0,0,0,0,0,2019-05-17 13:37:35-07:00
0,0,0,0,0,0,2019-05-17 13:40:50-07:00
1,2,0,1,1,0,2019-05-17 13:41:12-07:00
0,0,0,0,0,0,2019-05-17 17:49:51-07:00
0,0,0,0,0,0,2019-05-17 18:35:54-07:00
0,0,0,0,0,0,2019-05-18 20:22:51-07:00
0,0,0,0,0,0,2019-05-19 04:49:35-07:00
0,0,0,0,0,0,2019-05-19 19:23:13-07:00
0,0,0,0,0,0,2019-05-19 20:38:19-07:00
0,0,0,0,0,0,2019-05-19 23:37:29-07:00
0,0,0,0,0,0,2019-05-20 02:20:15-07:00
0,0,0,0,0,0,2019-05-20 02:31:11-07:00
0,0,0,0,0,0,2019-05-20 02:48:24-07:00
0,0,0,0,0,0,2019-05-20 22:04:42-07:00
0,0,0,0,0,0,2019-05-21 00:41:02-07:00
0,0,0,0,0,0,2019-05-21 13:24:00-07:00
1,1,0,0,0,0,2019-05-21 18:49:40-07:00
0,0,0,0,0,0,2019-05-21 18:50:38-07:00
2,2,1,0,0,0,2019-05-22 16:29:01-07:00
1,1,1,0,0,0,2019-05-22 18:26:50-07:00
1,2,1,0,0,0,2019-05-22 20:42:30-07:00
0,0,0,0,0,0,2019-05-23 14:46:39-07:00
0,0,0,0,0,0,2019-05-23 14:47:22-07:00
0,0,0,0,0,0,2019-05-24 21:58:29-07:00
2,3,1,0,0,0,2019-05-25 21:35:41-07:00
2,3,1,0,0,0,2019-05-26 20:22:46-07:00
1,1,0,0,0,0,2019-05-27 20:55:31-07:00
0,1,0,0,0,0,2019-05-28 14:39:19-07:00
0,0,0,0,0,0,2019-05-28 17:50:40-07:00
1,1,0,0,0,0,2019-05-29 16:31:27-07:00
0,0,0,0,0,0,2019-05-29 16:31:58-07:00
1,2,1,2,0,0,2019-05-29 16:44:58-07:00
1,3,1,0,0,0,2019-05-29 18:24:33-07:00
1,2,1,0,0,0,2019-05-29 20:43:38-07:00
0,1,0,0,0,0,2019-05-29 21:32:05-07:00
0,0,0,0,0,0,2019-05-29 21:38:13-07:00
1,0,0,0,0,0,2019-05-29 22:20:57-07:00
0,1,0,0,0,0,2019-05-30 16:57:23-07:00
0,0,0,0,0,0,2019-05-30 16:57:27-07:00
2,2,1,2,0,2,2019-05-30 20:30:18-07:00
0,0,0,0,0,0,2019-05-30 20:44:23-07:00
1,1,0,0,0,0,2019-05-31 14:05:45-07:00
0,0,0,0,0,0,2019-05-31 15:39:22-07:00
1,9,0,4,2,3,2019-05-31 16:00:54-07:00
0,0,0,0,0,0,2019-05-31 16:20:41-07:00
0,0,0,0,0,0,2019-05-31 16:34:58-07:00
0,0,0,0,0,0,2019-05-31 16:40:35-07:00
0,0,0,0,0,0,2019-05-31 16:41:58-07:00
0,0,0,0,0,0,2019-05-31 16:42:17-07:00
0,0,0,0,0,0,2019-05-31 17:58:42-07:00
0,0,0,0,0,0,2019-05-31 17:59:24-07:00
0,0,0,0,0,0,2019-06-01 00:28:06-07:00
0,0,0,0,0,0,2019-06-01 19:17:34-07:00
0,0,0,0,0,0,2019-06-02 03:11:54-07:00
0,0,0,0,0,0,2019-06-02 23:00:20-07:00
0,0,0,0,0,0,2019-06-02 23:00:29-07:00
0,0,0,0,0,0,2019-06-03 16:51:21-07:00
3,3,3,3,0,2,2019-06-03 18:42:57-07:00
0,0,0,0,0,0,2019-06-03 18:43:22-07:00
0,1,1,1,0,0,2019-06-03 19:11:43-07:00
0,0,0,0,0,0,2019-06-03 19:30:10-07:00
0,1,1,1,0,0,2019-06-03 20:11:19-07:00
0,0,0,0,0,0,2019-06-03 22:12:51-07:00
0,0,0,0,0,0,2019-06-04 09:33:34-07:00
2,3,1,3,0,3,2019-06-04 13:50:54-07:00
2,2,1,1,0,1,2019-06-04 15:55:18-07:00
0,0,0,0,0,0,2019-06-04 15:55:33-07:00
0,0,0,0,0,0,2019-06-04 19:02:43-07:00
0,0,0,0,0,0,2019-06-05 15:50:07-07:00
0,1,1,1,0,0,2019-06-06 12:40:45-07:00
0,0,0,0,0,0,2019-06-06 12:42:28-07:00
0,1,1,1,0,0,2019-06-06 12:43:38-07:00
0,0,0,0,0,0,2019-06-06 13:13:42-07:00
0,1,0,0,0,1,2019-06-06 15:14:43-07:00
1,1,1,0,0,0,2019-06-06 18:06:33-07:00
0,0,0,0,0,0,2019-06-06 18:23:17-07:00
0,0,0,0,0,0,2019-06-06 18:23:50-07:00
1,0,0,0,0,0,2019-06-06 19:01:37-07:00
0,2,0,1,1,1,2019-06-07 16:41:33-07:00
0,0,0,0,0,0,2019-06-07 17:48:35-07:00
