Acquisition,Preparation,Modeling,Training,Evaluation,Prediction,time
0,0,0,0,0,0,2018-01-04 18:12:35+00:00
0,0,0,0,0,0,2018-01-04 18:12:35+00:00
0,0,0,0,0,0,2018-01-04 18:34:12+00:00
0,0,0,0,0,0,2018-01-04 18:34:12+00:00
0,0,0,0,0,0,2018-01-04 18:40:02+00:00
0,0,0,0,0,0,2018-01-04 18:40:02+00:00
1,4,1,0,0,0,2018-01-05 11:45:24+00:00
1,4,1,0,0,0,2018-01-05 11:45:24+00:00
1,4,1,0,0,0,2018-01-05 13:00:21+00:00
1,4,1,0,0,0,2018-01-05 13:00:21+00:00
1,4,1,0,0,0,2018-01-05 13:03:56+00:00
1,4,1,0,0,0,2018-01-05 13:03:56+00:00
1,4,1,0,0,0,2018-01-05 16:01:28+00:00
0,0,0,0,0,0,2018-01-05 16:04:23+00:00
0,0,0,0,0,0,2018-01-05 16:04:23+00:00
0,0,0,0,0,0,2018-01-05 16:24:04+00:00
0,0,0,0,0,0,2018-01-05 16:24:04+00:00
0,0,0,0,0,0,2018-01-09 14:06:25+00:00
0,0,0,0,0,0,2018-01-09 15:27:36+00:00
0,2,0,0,0,0,2018-01-09 15:40:00+00:00
0,0,0,0,0,0,2018-01-09 15:42:51+00:00
0,0,0,0,0,0,2018-01-09 16:00:26+00:00
0,0,0,0,0,0,2018-01-09 16:01:36+00:00
0,0,0,0,0,0,2018-01-09 16:11:30+00:00
0,0,0,0,0,0,2018-01-09 16:12:39+00:00
1,6,1,0,0,0,2018-01-09 16:14:01+00:00
1,6,1,0,0,0,2018-01-09 16:15:57+00:00
0,0,0,0,0,0,2018-01-09 16:31:06+00:00
0,0,0,0,0,0,2018-01-09 16:57:42+00:00
0,0,0,0,0,0,2018-01-09 16:57:42+00:00
0,0,0,0,0,0,2018-01-09 17:00:52+00:00
0,0,0,0,0,0,2018-01-09 17:00:52+00:00
0,0,0,0,0,0,2018-01-09 17:11:59+00:00
0,0,0,0,0,0,2018-01-29 09:05:06+00:00
3,2,1,0,0,0,2018-02-13 17:08:46+00:00
5,2,2,0,0,0,2018-02-14 14:21:06+00:00
1,0,0,0,0,0,2018-03-05 12:31:25+00:00
0,0,0,0,0,0,2018-03-05 12:33:29+00:00
0,0,0,0,0,0,2018-03-05 12:37:40+00:00
0,0,0,0,0,0,2018-03-05 12:40:05+00:00
3,2,1,0,0,0,2018-03-07 14:40:56+00:00
1,1,0,0,0,0,2018-03-07 17:35:57+00:00
3,2,0,0,0,0,2018-03-09 17:30:07+00:00
1,1,0,0,0,0,2018-03-15 16:19:09+00:00
2,1,1,0,0,0,2018-03-20 07:41:36+00:00
0,0,0,0,0,0,2018-03-20 11:23:37+00:00
0,0,0,0,0,0,2018-03-20 17:44:37+00:00
1,3,0,0,0,0,2018-04-09 18:51:32+01:00
0,0,0,0,0,0,2018-04-09 18:57:37+01:00
1,5,1,0,0,0,2018-04-09 19:01:05+01:00
0,0,0,0,0,0,2018-04-09 19:02:40+01:00
2,6,1,0,0,0,2018-04-12 14:31:45+01:00
0,0,0,0,0,0,2018-04-12 14:40:27+01:00
0,0,0,0,0,0,2018-04-12 14:42:14+01:00
0,0,0,0,0,0,2018-04-12 18:14:38+01:00
0,0,0,0,0,0,2018-04-12 18:41:15+01:00
0,0,0,0,0,0,2018-04-12 18:47:22+01:00
0,0,0,0,0,0,2018-04-12 18:54:03+01:00
0,0,0,0,0,0,2018-04-12 18:55:36+01:00
0,0,0,0,0,0,2018-04-12 18:57:51+01:00
0,0,0,0,0,0,2018-04-13 09:32:19+01:00
0,0,0,0,0,0,2018-04-13 09:35:10+01:00
0,0,0,0,0,0,2018-04-13 09:55:32+01:00
0,0,0,0,0,0,2018-04-13 10:01:26+01:00
0,0,0,0,0,0,2018-04-13 10:11:12+01:00
0,0,0,0,0,0,2018-04-13 10:39:06+01:00
0,0,0,0,0,0,2018-04-13 17:30:55+01:00
0,0,0,0,0,0,2018-04-13 17:51:56+01:00
1,0,0,0,0,0,2018-04-13 18:05:13+01:00
1,0,0,0,0,0,2018-04-13 18:10:48+01:00
1,0,0,0,0,0,2018-04-13 18:14:58+01:00
1,0,0,0,0,0,2018-04-13 18:17:07+01:00
1,0,0,0,0,0,2018-04-13 18:26:59+01:00
1,0,0,0,0,0,2018-04-13 18:33:05+01:00
2,0,1,0,0,0,2018-04-14 14:55:13+01:00
1,1,1,0,0,0,2018-04-14 16:56:27+01:00
3,1,1,0,0,0,2018-04-14 17:20:12+01:00
2,1,1,0,0,0,2018-04-14 17:43:59+01:00
0,0,0,0,0,0,2018-04-17 08:48:59+01:00
0,0,0,0,0,0,2018-04-17 10:54:45+01:00
0,0,0,0,0,0,2018-04-17 11:28:34+01:00
0,1,0,0,0,0,2018-04-17 13:25:13+01:00
0,0,0,0,0,0,2018-04-17 13:46:08+01:00
0,0,0,0,0,0,2018-04-17 13:47:42+01:00
1,0,0,0,0,0,2018-04-17 14:32:23+01:00
1,0,0,0,0,0,2018-04-17 14:34:55+01:00
2,5,1,0,0,0,2018-04-17 19:13:37+01:00
2,2,1,0,0,0,2018-04-18 12:36:33+01:00
0,0,0,0,0,0,2018-04-18 12:41:05+01:00
0,0,0,0,0,0,2018-04-18 14:09:27+01:00
0,0,0,0,0,0,2018-04-18 14:12:40+01:00
0,0,0,0,0,0,2018-04-18 14:47:33+01:00
1,0,0,0,0,0,2018-04-19 11:39:32+01:00
1,1,0,0,0,0,2018-05-21 09:20:15+01:00
2,2,0,0,0,0,2018-05-21 09:23:01+01:00
0,1,0,0,0,0,2018-05-25 09:47:59+01:00
0,1,0,0,0,0,2018-05-25 09:52:17+01:00
0,1,0,0,0,0,2018-05-25 10:00:53+01:00
0,0,0,0,0,0,2018-05-25 10:05:14+01:00
1,1,0,0,0,0,2018-06-06 10:19:41+01:00
0,0,0,0,0,0,2018-06-06 10:28:11+01:00
0,0,0,0,0,0,2018-06-07 14:11:21+01:00
0,0,0,0,0,0,2018-06-07 14:32:00+01:00
0,0,0,0,0,0,2018-06-07 17:27:51+01:00
0,0,0,0,0,0,2018-06-08 08:19:18+01:00
0,0,0,0,0,0,2018-06-08 13:39:47+01:00
1,1,1,0,0,0,2018-06-10 10:35:46+01:00
0,0,0,0,0,0,2018-06-10 11:24:35+01:00
1,1,1,0,0,0,2018-06-10 13:34:37+01:00
0,0,0,0,0,0,2018-06-11 10:10:57+01:00
2,3,0,0,0,0,2018-06-11 15:25:26+01:00
0,0,0,0,0,0,2018-06-11 15:59:48+01:00
0,0,0,0,0,0,2018-06-11 18:02:09+01:00
0,0,0,0,0,0,2018-06-12 09:15:28+01:00
0,0,0,0,0,0,2018-06-12 09:20:06+01:00
0,0,0,0,0,0,2018-06-12 09:22:30+01:00
1,1,0,0,0,0,2018-06-12 12:30:41+01:00
0,0,0,0,0,0,2018-06-12 12:33:23+01:00
1,1,0,0,0,0,2018-06-12 12:40:39+01:00
0,0,0,0,0,0,2018-06-13 10:30:21+01:00
1,1,0,0,0,0,2018-06-13 15:35:46+01:00
0,0,0,0,0,0,2018-06-16 13:12:36+01:00
1,2,1,0,0,0,2018-06-27 11:52:03+01:00
1,3,0,0,0,0,2018-06-27 14:52:08+01:00
0,0,0,0,0,0,2018-06-27 14:56:45+01:00
0,0,0,0,0,0,2018-06-27 14:58:04+01:00
0,0,0,0,0,0,2018-06-27 15:08:28+01:00
0,0,0,0,0,0,2018-06-27 16:12:52+01:00
0,0,0,0,0,0,2018-06-27 16:27:26+01:00
1,1,0,0,0,0,2018-06-28 11:04:21+01:00
2,3,0,0,0,0,2018-06-28 22:14:48+01:00
1,3,0,0,0,0,2018-06-29 21:10:10+01:00
0,0,0,0,0,0,2018-06-30 09:25:17+01:00
0,0,0,0,0,0,2018-06-30 10:23:55+01:00
2,3,0,0,0,0,2018-07-01 12:30:38+01:00
1,2,0,0,0,0,2018-07-01 22:59:45+01:00
1,1,0,0,0,0,2018-07-02 10:14:39+01:00
2,3,0,0,0,0,2018-07-05 11:47:46+01:00
0,1,0,0,0,0,2018-07-06 08:50:54+01:00
0,0,0,0,0,0,2018-07-06 09:52:43+01:00
0,0,0,0,0,0,2018-07-06 11:02:03+01:00
0,0,0,0,0,0,2018-07-07 14:04:14+01:00
5,7,1,0,1,0,2018-07-07 18:22:25+01:00
0,2,0,0,0,0,2018-07-07 18:55:40+01:00
3,5,1,0,0,0,2018-07-07 22:33:47+01:00
0,0,0,0,0,0,2018-07-08 08:43:53+01:00
2,4,1,0,0,0,2018-07-09 14:02:32+01:00
1,2,1,0,0,0,2018-07-09 15:27:59+01:00
1,1,0,0,0,0,2018-07-09 16:05:28+01:00
2,3,0,0,0,0,2018-07-09 16:35:06+01:00
0,0,0,0,0,0,2018-07-09 16:47:04+01:00
1,1,0,0,0,0,2018-07-09 17:22:27+01:00
0,0,0,0,0,0,2018-07-09 17:31:07+01:00
0,0,0,0,0,0,2018-07-09 17:34:01+01:00
0,0,0,0,0,0,2018-07-09 17:35:22+01:00
0,0,0,0,0,0,2018-07-09 21:54:01+01:00
5,6,1,0,1,0,2018-07-10 12:35:11+01:00
4,1,0,0,0,0,2018-07-10 15:43:21+01:00
0,0,0,0,0,0,2018-07-10 15:46:13+01:00
0,0,0,0,0,0,2018-07-10 15:50:37+01:00
0,1,0,0,0,0,2018-07-13 08:13:11+01:00
3,4,1,0,1,0,2018-07-13 08:22:35+01:00
0,2,0,0,0,0,2018-07-19 14:59:03+01:00
1,3,1,0,0,0,2018-07-19 16:43:30+01:00
0,0,0,0,0,0,2018-07-19 16:44:50+01:00
3,5,1,0,0,0,2018-07-19 17:31:50+01:00
2,3,1,0,0,0,2018-07-19 18:43:06+01:00
1,2,1,0,0,0,2018-07-19 19:00:59+01:00
1,2,0,0,1,0,2018-07-22 10:19:24+01:00
0,0,0,0,0,0,2018-07-22 10:19:43+01:00
2,4,1,0,0,0,2018-07-24 15:09:40+01:00
2,3,1,0,0,0,2018-07-24 20:59:42+01:00
0,2,0,0,0,0,2018-07-25 08:09:03+01:00
0,1,0,0,0,0,2018-07-30 11:58:17+01:00
0,0,0,0,0,0,2018-07-30 12:21:13+01:00
0,0,0,0,0,0,2018-07-30 13:05:01+01:00
0,0,0,0,0,0,2018-07-30 13:05:23+01:00
0,0,0,0,0,0,2018-07-30 13:06:21+01:00
0,0,0,0,0,0,2018-07-30 14:11:47+01:00
0,0,0,0,0,0,2018-07-30 14:11:56+01:00
0,0,0,0,0,0,2018-07-30 22:08:04+01:00
0,0,0,0,0,0,2018-07-30 22:09:16+01:00
1,1,0,0,0,0,2018-07-31 08:24:58+01:00
0,0,0,0,0,0,2018-07-31 08:26:15+01:00
5,8,1,0,1,0,2018-07-31 09:10:00+01:00
0,0,0,0,0,0,2018-07-31 13:20:08+01:00
3,4,1,0,1,0,2018-07-31 14:52:38+01:00
3,4,1,0,1,0,2018-08-01 13:28:38+01:00
2,2,1,0,1,0,2018-08-01 21:00:12+01:00
21,18,0,0,0,0,2018-08-02 09:22:34+01:00
12,11,0,0,0,0,2018-08-02 09:51:42+01:00
3,1,0,0,1,0,2018-08-02 09:59:39+01:00
20,13,1,0,0,0,2018-08-02 12:07:21+01:00
0,0,0,0,0,0,2018-08-02 12:08:11+01:00
8,4,0,0,1,0,2018-08-02 12:20:42+01:00
0,0,0,0,0,0,2018-08-02 12:29:32+01:00
0,0,0,0,0,0,2018-08-02 12:31:03+01:00
0,0,0,0,0,0,2018-08-02 12:42:47+01:00
8,6,0,0,0,0,2018-08-02 13:31:01+01:00
2,2,0,0,0,0,2018-09-24 14:12:22+01:00
0,1,0,0,0,0,2018-09-25 09:52:35+01:00
6,7,1,0,0,0,2018-11-24 20:04:12+00:00
0,0,0,0,0,0,2018-11-24 20:45:58+00:00
1,1,0,0,0,0,2018-11-24 20:49:13+00:00
0,0,0,0,0,0,2018-11-24 20:51:49+00:00
4,4,1,0,0,0,2018-11-25 18:29:44+00:00
2,2,0,0,0,0,2018-11-25 18:51:30+00:00
4,4,0,0,0,0,2018-11-25 19:50:00+00:00
1,1,0,0,0,0,2018-12-09 20:46:03+00:00
0,0,0,0,0,0,2018-12-22 11:20:38+02:00
2,2,1,0,0,0,2019-01-04 14:07:54+00:00
1,1,0,0,0,0,2019-01-04 15:18:24+00:00
2,2,0,0,0,0,2019-01-04 16:32:47+00:00
2,2,1,0,0,0,2019-01-06 17:37:19+00:00
0,0,0,0,0,0,2019-01-06 17:40:55+00:00
0,0,0,0,0,0,2019-01-06 17:44:45+00:00
11,6,0,0,0,0,2019-01-10 18:07:29+00:00
0,2,0,0,0,0,2019-01-12 13:10:24+00:00
0,1,0,0,0,0,2019-01-12 13:58:16+00:00
0,1,0,0,0,0,2019-01-13 21:44:22+00:00
0,1,0,0,0,0,2019-01-21 11:06:00+00:00
0,1,0,0,0,0,2019-01-25 17:01:12+00:00
2,2,1,0,0,0,2019-01-25 17:23:53+00:00
0,1,0,0,0,0,2019-01-29 19:48:05+00:00
0,1,0,0,0,0,2019-02-01 17:06:15+00:00
0,1,0,0,0,0,2019-02-01 17:23:22+00:00
0,1,0,0,0,0,2019-02-02 21:03:24+00:00
0,1,0,0,0,0,2019-02-03 11:35:38+00:00
0,1,0,0,0,0,2019-02-03 12:19:36+00:00
0,0,0,0,0,0,2019-02-03 17:54:27+00:00
0,0,0,0,0,0,2019-02-03 17:56:12+00:00
1,1,1,0,0,0,2019-02-04 19:16:58+00:00
0,0,0,0,0,0,2019-02-07 13:16:56+00:00
0,0,0,0,0,0,2019-02-07 17:54:15+00:00
0,0,0,0,0,0,2019-02-07 18:22:03+00:00
0,0,0,0,0,0,2019-02-08 16:55:46+00:00
1,2,1,0,0,0,2019-02-15 23:51:22+00:00
2,2,1,0,0,0,2019-02-21 22:21:19+00:00
2,2,0,0,1,0,2019-03-01 07:43:46+00:00
1,2,0,0,1,0,2019-03-01 07:54:32+00:00
1,2,0,0,0,1,2019-03-09 08:34:41+00:00
2,2,0,0,0,1,2019-03-29 15:11:22+00:00
1,1,0,0,0,0,2019-03-29 15:14:20+00:00
1,1,0,0,0,0,2019-04-02 14:48:46+01:00
3,5,0,0,0,1,2019-04-10 17:52:54+01:00
0,0,0,0,0,0,2019-04-10 18:23:46+01:00
20,13,0,0,0,1,2019-04-10 18:51:59+01:00
0,0,0,0,0,0,2019-04-10 18:56:54+01:00
3,3,0,0,0,1,2019-08-21 14:08:31+01:00
1,1,0,0,0,0,2019-08-21 14:09:01+01:00
0,0,0,0,0,0,2019-08-21 14:15:56+01:00
1,1,0,0,0,0,2019-08-22 09:08:04+01:00
2,2,0,0,1,1,2019-08-26 09:30:18+01:00
2,2,0,1,1,1,2019-08-27 10:58:15+01:00
1,1,0,0,0,0,2019-08-27 11:02:22+01:00
2,2,0,1,1,1,2019-09-09 15:06:07+01:00
0,1,0,0,0,0,2019-09-09 15:07:06+01:00
3,5,0,1,1,1,2019-09-09 15:22:30+01:00
1,1,0,0,0,0,2019-09-09 16:34:46+01:00
1,3,0,1,0,1,2019-09-09 18:01:41+01:00
1,2,0,2,0,2,2019-09-10 13:12:57+01:00
1,2,0,2,0,2,2019-09-10 15:09:49+01:00
2,3,0,3,0,2,2019-09-11 13:07:41+01:00
4,5,0,2,0,1,2019-09-12 08:37:30+01:00
1,2,0,1,0,1,2019-09-12 16:29:23+01:00
0,1,1,1,0,1,2019-09-13 19:41:23+01:00
0,1,1,1,0,1,2019-09-19 12:46:38+01:00
0,1,1,1,0,1,2019-09-19 13:09:56+01:00
0,1,1,1,0,1,2019-09-21 12:55:52+01:00
0,1,1,1,0,1,2019-09-21 22:10:01+01:00
2,4,1,1,0,1,2019-09-24 14:03:32+01:00
0,2,1,1,0,1,2020-01-30 14:16:40+00:00
2,2,0,0,0,0,2020-01-30 17:40:44+00:00
