Acquisition,Preparation,Modeling,Training,Evaluation,Prediction,time
57,135,45,0,6,0,2019-06-13 19:53:02+02:00
0,0,0,0,0,0,2019-06-13 19:57:40+02:00
512,2291,342,196,184,162,2019-06-13 21:16:42+02:00
0,1,0,0,0,0,2019-06-13 22:08:05+02:00
0,0,0,0,0,0,2019-07-18 08:52:31+02:00
0,1,2,0,0,0,2019-07-29 19:46:01+02:00
0,0,0,0,0,0,2019-07-29 19:46:51+02:00
1,1,0,0,0,0,2019-07-29 19:48:08+02:00
0,0,0,0,0,0,2019-07-29 19:49:01+02:00
0,0,0,0,0,0,2019-07-29 21:42:11+02:00
4,5,0,1,0,0,2019-08-19 19:02:36+02:00
0,0,0,0,0,0,2019-08-22 18:33:46+02:00
2,0,0,0,0,0,2019-08-27 22:48:37+02:00
0,0,0,0,0,0,2019-09-03 17:44:30+02:00
0,0,0,0,0,0,2019-09-19 16:28:27+02:00
4,4,0,0,0,0,2019-09-20 17:47:57+02:00
5,7,0,0,2,0,2019-09-21 21:19:13+02:00
0,0,0,0,0,0,2019-09-21 21:25:28+02:00
0,0,0,0,0,0,2019-09-22 12:38:43+02:00
0,0,0,0,0,0,2019-09-22 12:43:22+02:00
0,0,0,0,0,0,2019-09-22 12:45:26+02:00
0,0,0,0,0,0,2019-09-22 12:51:04+02:00
0,0,0,0,0,0,2019-09-22 12:52:33+02:00
0,0,0,0,0,0,2019-09-22 12:53:48+02:00
0,0,0,0,0,0,2019-09-22 14:28:55+02:00
0,0,0,0,0,0,2019-09-22 14:36:42+02:00
0,0,0,0,0,0,2019-09-22 15:39:53+02:00
0,0,0,0,0,0,2019-09-22 15:41:59+02:00
0,0,0,0,0,0,2019-09-22 16:49:43+02:00
0,0,0,0,0,0,2019-09-22 15:42:28+00:00
0,0,0,0,0,0,2019-09-22 20:27:13+02:00
0,0,0,0,0,0,2019-09-22 20:45:57+02:00
0,0,0,0,0,0,2019-09-22 23:03:43+02:00
4,6,0,1,0,0,2019-10-11 17:03:24+02:00
1,0,1,2,0,1,2019-10-12 13:26:36+02:00
1,0,1,1,0,1,2019-10-12 13:28:30+02:00
1,2,0,0,0,0,2019-10-12 19:40:51+02:00
0,0,1,0,0,0,2019-10-12 22:28:02+02:00
0,0,0,0,0,0,2019-10-14 08:56:09+02:00
0,0,0,0,0,0,2019-10-14 08:56:26+02:00
0,0,0,0,0,0,2019-10-14 09:06:34+02:00
0,0,0,0,0,0,2019-10-14 09:06:50+02:00
1,0,2,1,0,2,2019-10-14 09:08:11+02:00
0,0,0,0,0,0,2019-10-14 09:09:52+02:00
1,4,1,1,0,1,2019-10-27 14:14:00+01:00
0,0,0,0,0,0,2019-10-27 14:18:30+01:00
0,0,1,0,0,1,2019-10-27 15:00:21+01:00
4,6,4,7,0,2,2019-10-28 15:58:00+01:00
1,1,1,1,0,0,2019-10-28 17:26:09+01:00
0,2,0,2,0,0,2019-10-28 17:27:54+01:00
0,2,1,1,0,1,2019-10-31 16:23:07+01:00
3,5,0,0,0,0,2019-11-02 14:32:43+01:00
0,0,0,0,0,0,2019-11-02 15:56:00+01:00
0,0,0,0,0,0,2019-11-02 16:01:02+01:00
2,3,0,0,0,0,2019-11-02 19:06:03+01:00
0,0,0,0,0,0,2019-11-02 19:17:07+01:00
0,1,0,0,0,0,2019-11-02 19:35:45+01:00
2,3,0,0,0,0,2019-11-02 20:36:08+01:00
0,0,0,0,0,0,2019-11-02 20:39:26+01:00
1,3,0,1,0,0,2019-11-03 15:08:32+01:00
0,0,0,0,0,0,2019-11-03 15:27:58+01:00
8,11,4,4,0,4,2019-11-03 15:51:41+01:00
0,0,0,0,0,0,2019-11-03 16:02:36+01:00
0,0,0,0,0,0,2019-11-03 16:04:21+01:00
0,0,0,0,0,0,2019-11-03 16:06:13+01:00
0,0,0,0,0,0,2019-11-03 16:06:21+01:00
0,0,0,0,0,0,2019-11-03 16:06:49+01:00
0,0,0,0,0,0,2019-11-03 16:13:28+01:00
0,0,0,0,0,0,2019-11-03 16:26:50+01:00
1,2,0,0,0,0,2019-11-03 17:04:22+01:00
3,10,4,3,0,3,2019-11-27 20:30:18+01:00
0,0,0,0,0,0,2019-11-27 20:49:50+01:00
1,1,1,1,0,1,2019-11-27 21:12:43+01:00
1,1,1,1,0,1,2019-11-27 21:14:46+01:00
2,4,4,4,0,3,2019-11-28 22:47:47+01:00
1,5,3,4,0,2,2019-11-29 18:36:01+01:00
572,2434,388,199,190,163,2019-12-01 23:23:41+01:00
3,4,3,4,0,3,2019-12-02 22:13:52+01:00
1,1,1,2,0,1,2019-12-05 23:00:56+01:00
1,1,1,2,0,1,2019-12-06 18:35:34+01:00
0,1,0,0,0,0,2019-12-11 01:04:40+00:00
1,1,1,1,0,1,2019-12-12 17:26:56+00:00
1,4,2,1,0,2,2019-12-12 17:27:36+00:00
19,34,9,9,2,7,2019-12-13 07:26:23+00:00
2,4,3,4,0,2,2021-10-20 11:01:34+02:00
0,0,0,0,0,0,2021-10-20 11:02:11+02:00
