Acquisition,Preparation,Modeling,Training,Evaluation,Prediction,time
0,0,0,0,0,0,2018-05-23 11:21:25-04:00
0,1,0,0,0,0,2018-05-23 11:29:50-04:00
0,0,0,0,0,0,2018-05-23 12:48:41-04:00
0,0,0,0,0,0,2018-05-23 13:13:28-04:00
0,0,0,0,0,0,2018-05-23 13:18:20-04:00
0,1,0,0,0,0,2018-05-23 13:49:22-04:00
0,1,0,0,0,0,2018-05-23 13:53:53-04:00
0,1,0,0,0,0,2018-05-23 14:18:52-04:00
0,0,0,0,0,0,2018-05-24 10:54:20-04:00
0,0,0,0,0,0,2018-05-24 12:48:01-04:00
0,0,0,0,0,0,2018-05-24 12:52:35-04:00
0,1,0,0,0,0,2018-05-24 13:01:03-04:00
0,1,0,0,0,0,2018-05-24 13:07:52-04:00
0,1,0,0,0,0,2018-05-24 13:24:07-04:00
0,0,0,0,0,0,2018-05-24 13:31:36-04:00
0,0,0,0,0,0,2018-05-24 13:36:56-04:00
0,0,0,0,0,0,2018-05-24 13:45:19-04:00
0,0,0,0,0,0,2018-05-24 13:57:29-04:00
0,0,0,0,0,0,2018-05-24 14:04:13-04:00
0,0,0,0,0,0,2018-05-24 14:10:52-04:00
0,0,0,0,0,0,2018-05-24 14:33:35-04:00
0,0,0,0,0,0,2018-05-24 14:51:36-04:00
0,0,0,0,0,0,2018-05-24 14:52:49-04:00
0,0,0,0,0,0,2018-05-24 14:57:05-04:00
0,0,0,0,0,0,2018-05-24 15:06:27-04:00
0,0,0,0,0,0,2018-05-24 15:20:52-04:00
0,0,0,0,0,0,2018-05-24 15:25:48-04:00
0,0,0,0,0,0,2018-05-24 15:38:30-04:00
0,0,0,0,0,0,2018-05-24 15:47:16-04:00
0,0,0,0,0,0,2018-05-24 15:50:21-04:00
0,0,0,0,0,0,2018-05-24 15:56:49-04:00
0,0,0,0,0,0,2018-05-25 10:27:30-04:00
0,0,0,0,0,0,2018-05-25 10:34:59-04:00
0,0,0,0,0,0,2018-05-25 11:38:48-04:00
0,0,0,0,0,0,2018-05-25 13:44:23-04:00
1,2,1,1,0,1,2018-05-28 12:09:17-04:00
0,0,0,0,0,0,2018-05-28 12:32:17-04:00
0,0,0,0,0,0,2018-05-28 12:51:47-04:00
0,0,0,0,0,0,2018-05-28 13:18:48-04:00
1,2,2,1,0,1,2018-05-28 14:14:07-04:00
1,1,1,1,0,1,2018-05-28 14:14:54-04:00
0,0,0,0,0,0,2018-05-28 14:46:34-04:00
0,0,0,0,0,0,2018-05-28 14:52:39-04:00
0,0,0,0,0,0,2018-05-28 15:00:45-04:00
0,0,0,0,0,0,2018-05-28 15:11:51-04:00
0,0,0,0,0,0,2018-05-28 15:15:20-04:00
0,0,0,0,0,0,2018-05-28 15:18:54-04:00
0,0,0,0,0,0,2018-05-28 15:32:31-04:00
0,0,0,0,0,0,2018-05-28 15:39:29-04:00
0,0,0,0,0,0,2018-05-28 16:25:21-04:00
1,2,2,1,0,1,2018-06-01 12:00:44-04:00
0,0,0,0,0,0,2018-06-01 12:06:18-04:00
