Acquisition,Preparation,Modeling,Training,Evaluation,Prediction,time
0,0,0,0,0,0,2018-09-10 18:10:55-04:00
1,0,0,0,0,0,2018-11-10 16:06:38-05:00
2,3,1,1,0,0,2018-11-13 16:16:50-05:00
2,3,1,1,0,0,2018-11-13 16:18:24-05:00
1,1,1,1,0,0,2018-11-13 23:29:09-05:00
1,1,1,1,0,0,2018-11-14 15:34:17-05:00
1,1,0,0,0,0,2018-11-14 15:38:26-05:00
1,2,1,1,0,0,2018-11-14 16:05:13-05:00
2,2,2,2,0,0,2018-11-14 16:06:45-05:00
1,2,1,1,0,0,2018-11-14 17:08:14-05:00
1,1,1,1,0,0,2018-11-14 22:29:53-05:00
1,1,0,0,0,0,2018-11-14 22:32:03-05:00
1,1,0,0,0,0,2018-11-14 22:37:21-05:00
0,0,0,0,0,0,2018-11-15 15:58:07-05:00
1,0,0,0,0,0,2018-11-15 16:16:04-05:00
1,0,0,0,0,0,2018-11-15 21:45:25-05:00
0,0,0,0,0,0,2018-11-16 13:27:49-05:00
0,0,0,0,0,0,2018-11-16 13:28:19-05:00
0,0,0,0,0,0,2018-12-03 15:55:14-05:00
0,0,0,0,0,0,2018-12-03 15:55:28-05:00
2,4,1,1,0,0,2019-01-24 20:22:38-05:00
1,1,0,0,0,0,2019-01-24 22:14:25-05:00
1,1,0,0,0,0,2019-01-24 22:18:21-05:00
1,1,0,0,0,0,2019-01-25 16:07:34-05:00
1,1,0,0,0,0,2019-01-25 22:43:51-05:00
1,1,0,0,0,0,2019-01-25 22:47:58-05:00
1,1,0,0,0,0,2019-02-12 16:28:18-05:00
1,1,0,0,0,0,2019-02-12 18:46:22-05:00
1,1,1,1,0,0,2019-02-12 23:24:45-05:00
0,1,0,0,0,0,2019-02-12 23:25:18-05:00
0,1,0,0,0,0,2019-02-13 20:37:32-05:00
1,1,0,0,0,0,2019-02-13 20:39:07-05:00
1,1,0,0,0,0,2019-02-13 21:37:39-05:00
1,1,0,0,0,0,2019-02-14 10:53:09-05:00
0,1,0,0,0,0,2019-02-14 12:18:42-05:00
1,1,1,0,0,0,2019-02-14 21:54:12-05:00
1,1,1,0,0,0,2019-02-14 21:55:41-05:00
1,0,0,0,0,0,2019-02-14 21:59:07-05:00
0,1,0,0,0,0,2019-02-18 20:11:22-05:00
1,1,0,0,0,0,2019-02-19 14:58:33-05:00
0,0,0,0,0,0,2019-02-19 15:10:44-05:00
1,0,0,0,0,0,2019-02-19 15:13:50-05:00
0,0,0,0,0,0,2019-02-20 18:09:23-05:00
1,1,0,0,0,0,2019-02-20 18:10:10-05:00
0,0,0,0,0,0,2019-02-21 19:56:08-05:00
1,0,0,0,0,0,2019-02-22 15:24:24-05:00
1,1,0,0,0,0,2019-02-22 16:33:35-05:00
0,0,0,0,0,0,2019-02-22 19:00:32-05:00
1,2,0,0,0,0,2019-02-22 20:54:44-05:00
0,1,0,0,0,0,2019-02-22 20:59:34-05:00
0,0,0,0,0,0,2019-02-22 21:11:03-05:00
1,1,0,0,0,0,2019-02-23 01:02:16-05:00
1,1,1,0,0,0,2019-02-23 06:42:22-05:00
1,2,0,0,0,0,2019-02-23 08:21:13-05:00
0,0,0,0,0,0,2019-02-23 21:09:45-05:00
0,1,0,0,0,0,2019-02-23 23:33:01-05:00
0,1,0,0,0,0,2019-02-24 00:29:15-05:00
1,1,1,0,0,0,2019-02-24 13:00:29-05:00
1,1,1,0,0,0,2019-02-24 13:12:04-05:00
1,1,1,0,0,0,2019-02-24 15:02:50-05:00
1,1,0,0,0,0,2019-02-24 17:57:34-05:00
1,1,0,0,0,0,2019-02-24 21:24:00-05:00
0,0,0,0,0,0,2019-02-25 15:39:25-05:00
1,1,1,0,0,0,2019-02-25 23:27:26-05:00
0,0,0,0,0,0,2019-02-25 23:27:44-05:00
0,0,0,0,0,0,2019-02-25 23:33:22-05:00
0,0,0,0,0,0,2019-02-26 12:31:32-05:00
0,0,0,0,0,0,2019-03-07 11:09:08-05:00
1,1,0,0,0,0,2019-10-21 11:53:15-04:00
1,0,0,0,0,0,2019-10-21 11:55:19-04:00
1,1,0,0,0,0,2021-01-18 16:36:50-05:00
1,1,0,0,0,0,2021-01-18 16:38:59-05:00
0,0,0,0,0,0,2021-01-21 13:24:33-05:00
0,0,0,0,0,0,2021-01-21 13:25:32-05:00
0,0,0,0,0,0,2021-01-21 13:33:40-05:00
0,0,0,0,0,0,2021-02-11 17:27:45-05:00
