Acquisition,Preparation,Modeling,Training,Evaluation,Prediction,time
16,16,4,4,9,4,2019-11-06 10:15:24-05:00
1,3,1,3,1,1,2019-11-13 15:26:33-05:00
1,3,3,3,1,3,2019-11-27 12:35:05-05:00
1,2,2,2,1,2,2019-12-01 23:19:30-05:00
1,1,1,1,1,1,2019-12-04 10:24:51-05:00
1,1,1,1,1,1,2019-12-04 10:54:27-05:00
0,0,0,0,0,0,2019-12-12 14:00:31-05:00
1,2,2,2,1,2,2019-12-31 15:46:01-05:00
0,1,1,1,0,1,2020-01-10 14:17:46-05:00
1,3,3,3,1,3,2020-01-11 15:34:06-05:00
0,0,0,0,0,0,2020-01-11 15:34:33-05:00
1,2,1,2,1,2,2020-01-11 16:33:30-05:00
0,3,2,3,1,3,2020-01-12 16:33:43-05:00
1,1,1,1,1,1,2020-01-14 17:24:21-05:00
1,2,2,2,1,2,2020-01-18 13:55:51-05:00
0,0,0,0,0,0,2020-01-18 13:57:23-05:00
0,1,1,1,0,1,2020-01-18 14:41:15-05:00
0,1,1,1,0,1,2020-01-18 14:43:45-05:00
0,0,0,0,0,0,2020-01-21 12:01:31-05:00
1,1,1,1,1,1,2020-01-22 11:46:20-05:00
1,2,1,2,1,2,2020-01-22 19:05:46-05:00
1,2,1,2,1,2,2020-01-22 23:06:13-05:00
0,0,0,0,0,0,2020-01-24 13:51:30-05:00
16,25,10,15,11,12,2020-02-09 15:58:11-05:00
0,0,0,0,0,0,2020-02-09 17:52:24-05:00
0,0,0,0,0,0,2020-02-09 17:55:39-05:00
1,2,1,2,1,1,2020-02-09 17:56:48-05:00
0,0,0,0,0,0,2020-02-10 09:23:19-05:00
0,0,0,0,0,0,2020-02-11 14:46:01-05:00
0,0,0,0,0,0,2020-02-11 14:46:14-05:00
0,2,0,0,0,0,2020-02-11 14:49:28-05:00
0,0,0,0,0,0,2020-02-11 14:53:29-05:00
0,0,0,0,0,0,2020-02-11 14:53:48-05:00
0,0,0,0,0,0,2020-02-11 14:54:03-05:00
0,0,0,0,0,0,2020-02-11 15:00:13-05:00
0,0,0,0,0,0,2020-02-11 15:03:16-05:00
0,0,0,0,0,0,2020-02-11 15:03:41-05:00
0,0,0,0,0,0,2020-02-11 15:06:22-05:00
0,0,0,0,0,0,2020-02-17 12:50:40-05:00
0,0,0,0,0,0,2020-02-17 13:46:19-05:00
0,0,0,0,0,0,2020-02-17 14:12:54-05:00
0,0,0,0,0,0,2020-02-19 11:03:38-05:00
1,2,1,2,1,1,2020-02-19 11:05:59-05:00
0,0,0,0,0,0,2020-02-19 11:07:28-05:00
1,3,2,3,1,2,2020-02-20 10:02:22-05:00
0,0,0,0,0,0,2020-02-25 12:02:39-05:00
0,0,0,0,0,0,2020-02-25 12:04:38-05:00
0,0,0,0,0,0,2020-02-28 10:39:18-05:00
1,3,2,3,1,2,2020-06-10 21:04:16-04:00
1,2,1,2,1,1,2020-06-11 19:02:48-04:00
0,0,0,0,0,0,2020-06-11 19:27:27-04:00
1,2,1,2,1,1,2020-06-12 15:16:39-04:00
0,0,0,0,0,0,2020-06-12 15:16:50-04:00
1,2,1,2,1,1,2020-06-13 10:48:46-04:00
1,2,1,2,1,1,2020-06-14 11:27:12-04:00
1,3,2,3,1,2,2020-06-16 17:50:49-04:00
0,0,0,0,0,0,2020-06-16 17:56:58-04:00
0,0,0,0,0,0,2020-06-16 18:01:02-04:00
1,2,1,2,1,1,2020-06-23 14:51:57-04:00
1,1,0,1,1,0,2020-06-26 09:37:36-04:00
2,2,1,2,1,1,2020-09-22 15:46:14-04:00
1,1,0,1,1,0,2020-09-23 10:18:13-04:00
1,1,0,1,1,0,2020-09-23 10:55:27-04:00
1,1,0,1,1,0,2020-09-23 10:55:36-04:00
0,0,0,0,0,0,2020-09-23 11:09:50-04:00
0,0,0,0,0,0,2020-09-23 11:10:19-04:00
0,0,0,0,0,0,2020-09-23 11:12:18-04:00
0,0,0,0,0,0,2020-09-23 11:12:46-04:00
