Acquisition,Preparation,Modeling,Training,Evaluation,Prediction,time
0,0,0,0,0,0,2020-10-08 11:07:35+02:00
0,0,0,0,0,0,2020-10-08 11:09:41+02:00
0,0,0,0,0,0,2020-10-08 11:18:04+02:00
0,0,0,0,0,0,2020-10-08 11:32:16+02:00
0,0,0,0,0,0,2020-10-28 10:39:17+01:00
0,0,0,0,0,0,2020-10-28 14:20:58+01:00
0,0,0,0,0,0,2020-10-28 17:51:16+01:00
0,0,0,0,0,0,2020-10-28 18:18:48+01:00
0,0,0,0,0,0,2020-10-28 18:20:20+01:00
0,0,0,0,0,0,2020-11-09 13:40:44+01:00
0,0,0,0,0,0,2020-11-09 15:40:25+01:00
0,0,0,0,0,0,2020-11-09 15:42:59+01:00
0,0,0,0,0,0,2020-11-09 16:18:40+01:00
0,0,0,0,0,0,2020-11-12 14:03:10+01:00
0,0,0,0,0,0,2020-11-12 19:26:23+01:00
0,0,0,0,0,0,2020-11-12 19:29:28+01:00
0,0,0,0,0,0,2020-11-12 20:14:39+01:00
0,0,0,0,0,0,2020-11-17 15:34:23+01:00
1,3,0,1,1,2,2020-11-17 16:01:50+01:00
0,0,0,0,0,0,2020-11-17 16:13:06+01:00
0,0,0,0,0,0,2020-11-18 17:10:26+01:00
0,0,0,0,0,0,2020-11-18 17:21:25+01:00
0,0,0,0,0,0,2020-11-18 17:23:46+01:00
0,0,0,0,0,0,2020-11-18 18:33:37+01:00
0,0,0,0,0,0,2020-11-19 17:38:03+01:00
0,0,0,0,0,0,2020-11-19 23:47:19+01:00
0,0,0,0,0,0,2020-11-19 23:56:01+01:00
0,0,0,0,0,0,2020-11-19 23:58:39+01:00
0,0,0,0,0,0,2020-11-19 23:59:33+01:00
0,0,0,0,0,0,2020-11-20 00:01:19+01:00
0,0,0,0,0,0,2020-11-20 00:04:41+01:00
0,0,0,0,0,0,2020-11-20 00:20:37+01:00
0,0,0,0,0,0,2020-11-25 10:01:07+01:00
0,0,0,0,0,0,2020-11-25 10:05:42+01:00
0,0,0,0,0,0,2020-11-25 11:22:24+01:00
0,0,0,0,0,0,2020-11-25 19:31:39+01:00
0,0,0,0,0,0,2020-11-25 20:15:39+01:00
0,0,0,0,0,0,2020-11-26 15:10:41+01:00
0,0,0,0,0,0,2020-11-26 15:22:14+01:00
0,0,0,0,0,0,2020-11-26 15:23:27+01:00
0,0,0,0,0,0,2020-11-26 15:34:02+01:00
0,0,0,0,0,0,2020-11-27 16:44:18+01:00
0,0,0,0,0,0,2020-11-27 19:02:28+01:00
0,0,0,0,0,0,2020-11-30 12:27:56+01:00
0,0,0,0,0,0,2020-11-30 12:33:39+01:00
0,0,0,0,0,0,2020-11-30 14:45:31+01:00
0,0,0,0,0,0,2020-11-30 14:55:41+01:00
0,0,0,0,0,0,2020-11-30 15:20:09+01:00
0,1,0,1,1,1,2020-11-30 16:24:23+01:00
0,0,0,0,0,0,2020-11-30 16:27:42+01:00
0,0,0,0,0,0,2020-11-30 16:39:52+01:00
0,0,0,0,0,0,2020-12-01 11:02:46+01:00
0,0,0,0,0,0,2020-12-01 11:03:59+01:00
0,0,0,0,0,0,2020-12-01 11:19:24+01:00
0,0,0,0,0,0,2020-12-01 11:25:41+01:00
0,0,0,0,0,0,2020-12-01 12:27:50+01:00
0,0,0,0,0,0,2020-12-01 12:28:23+01:00
0,0,0,0,0,0,2020-12-01 12:43:36+01:00
0,0,0,0,0,0,2020-12-01 12:48:16+01:00
0,0,0,0,0,0,2020-12-01 12:49:16+01:00
0,0,0,0,0,0,2020-12-01 12:50:24+01:00
0,0,0,0,0,0,2020-12-01 12:51:09+01:00
0,0,0,0,0,0,2020-12-01 12:51:56+01:00
0,0,0,0,0,0,2020-12-01 12:52:25+01:00
0,0,0,0,0,0,2020-12-01 14:21:10+01:00
0,0,0,0,0,0,2020-12-01 14:22:52+01:00
0,0,0,0,0,0,2020-12-01 17:32:39+01:00
0,0,0,0,0,0,2020-12-01 17:32:52+01:00
0,0,0,0,0,0,2020-12-01 19:58:33+01:00
0,0,0,0,0,0,2020-12-02 10:01:52+01:00
0,0,0,0,0,0,2020-12-02 10:42:28+01:00
0,0,0,0,0,0,2020-12-02 11:18:39+01:00
0,0,0,0,0,0,2020-12-02 11:59:36+01:00
0,0,0,0,0,0,2020-12-02 12:00:42+01:00
0,0,0,0,0,0,2020-12-02 12:13:12+01:00
0,0,0,0,0,0,2020-12-02 12:28:13+01:00
0,0,0,0,0,0,2020-12-02 12:35:33+01:00
0,0,0,0,0,0,2020-12-02 12:37:23+01:00
0,0,0,0,0,0,2020-12-02 12:40:01+01:00
0,0,0,0,0,0,2020-12-02 13:27:01+01:00
0,0,0,0,0,0,2020-12-02 15:58:18+01:00
0,1,0,1,1,1,2020-12-02 17:46:15+01:00
0,0,0,0,0,0,2020-12-02 17:48:51+01:00
0,0,0,0,0,0,2020-12-03 11:53:33+01:00
0,0,0,0,0,0,2020-12-03 12:25:27+01:00
0,0,0,0,0,0,2020-12-03 12:26:28+01:00
0,0,0,0,0,0,2020-12-03 12:27:46+01:00
0,0,0,0,0,0,2020-12-03 12:53:32+01:00
0,0,0,0,0,0,2020-12-03 14:36:35+01:00
0,0,0,0,0,0,2020-12-03 14:38:12+01:00
0,0,0,0,0,0,2020-12-04 11:55:44+01:00
0,0,0,0,0,0,2020-12-04 13:09:27+01:00
0,0,0,0,0,0,2020-12-04 14:54:01+01:00
0,0,0,0,0,0,2020-12-04 14:56:29+01:00
0,0,0,0,0,0,2020-12-07 14:26:40+01:00
0,0,0,0,0,0,2020-12-07 14:27:09+01:00
0,0,0,0,0,0,2020-12-07 15:22:27+01:00
0,0,0,0,0,0,2020-12-07 15:30:32+01:00
0,0,0,0,0,0,2020-12-07 19:53:19+01:00
0,0,0,0,0,0,2020-12-08 10:07:19+01:00
0,0,0,0,0,0,2020-12-08 11:54:52+01:00
0,0,0,0,0,0,2020-12-08 12:26:02+01:00
0,0,0,0,0,0,2020-12-08 16:36:32+01:00
0,0,0,0,0,0,2020-12-08 17:02:06+01:00
0,0,0,0,0,0,2020-12-08 17:47:56+01:00
0,0,0,0,0,0,2020-12-08 19:20:58+01:00
0,0,0,0,0,0,2020-12-08 19:25:48+01:00
0,0,0,0,0,0,2020-12-08 20:52:57+01:00
0,0,0,0,0,0,2020-12-08 22:12:52+01:00
0,0,0,0,0,0,2020-12-09 09:33:14+01:00
0,0,0,0,0,0,2020-12-09 11:47:01+01:00
0,0,0,0,0,0,2020-12-09 11:54:01+01:00
0,0,0,0,0,0,2020-12-09 11:57:51+01:00
0,0,0,0,0,0,2020-12-09 12:00:44+01:00
0,0,0,0,0,0,2020-12-09 12:02:34+01:00
0,0,0,0,0,0,2020-12-09 12:05:06+01:00
0,0,0,0,0,0,2020-12-09 12:06:26+01:00
0,0,0,0,0,0,2020-12-09 12:34:38+01:00
0,0,0,0,0,0,2020-12-09 12:35:45+01:00
0,0,0,0,0,0,2020-12-09 13:00:23+01:00
0,0,0,0,0,0,2020-12-09 13:44:50+01:00
0,0,0,0,0,0,2020-12-09 13:51:54+01:00
0,0,0,0,0,0,2020-12-09 13:55:08+01:00
0,0,0,0,0,0,2020-12-09 14:10:58+01:00
0,0,0,0,0,0,2020-12-09 16:26:31+01:00
0,0,0,0,0,0,2020-12-09 16:40:16+01:00
0,0,0,0,0,0,2020-12-09 16:44:31+01:00
0,0,0,0,0,0,2020-12-09 16:46:37+01:00
0,0,0,0,0,0,2020-12-09 16:48:00+01:00
0,0,0,0,0,0,2020-12-09 16:48:29+01:00
0,0,0,0,0,0,2020-12-09 16:53:51+01:00
0,0,0,0,0,0,2020-12-09 16:55:59+01:00
0,0,0,0,0,0,2020-12-09 16:57:30+01:00
0,0,0,0,0,0,2020-12-09 19:14:49+01:00
0,0,0,0,0,0,2020-12-09 20:11:22+01:00
0,0,0,0,0,0,2020-12-09 20:34:46+01:00
0,0,0,0,0,0,2020-12-10 10:17:24+01:00
0,0,0,0,0,0,2020-12-10 14:14:24+01:00
0,0,0,0,0,0,2020-12-10 15:12:22+01:00
0,0,0,0,0,0,2020-12-10 15:21:14+01:00
0,0,0,0,0,0,2020-12-10 15:22:06+01:00
0,0,0,0,0,0,2020-12-10 15:23:58+01:00
0,0,0,0,0,0,2020-12-10 15:24:09+01:00
0,0,0,0,0,0,2020-12-10 15:51:58+01:00
0,0,0,0,0,0,2020-12-10 16:22:30+01:00
0,0,0,0,0,0,2020-12-10 16:35:03+01:00
0,0,0,0,0,0,2020-12-10 16:51:32+01:00
0,0,0,0,0,0,2020-12-10 19:12:45+01:00
0,0,0,0,0,0,2020-12-10 19:37:02+01:00
0,0,0,0,0,0,2020-12-10 19:39:12+01:00
0,0,0,0,0,0,2020-12-10 19:40:57+01:00
0,0,0,0,0,0,2020-12-11 09:45:30+01:00
0,0,0,0,0,0,2020-12-11 10:00:51+01:00
0,0,0,0,0,0,2020-12-11 11:30:36+01:00
0,0,0,0,0,0,2020-12-11 19:46:26+01:00
0,0,0,0,0,0,2020-12-11 20:00:43+01:00
0,0,0,0,0,0,2020-12-11 20:06:26+01:00
0,0,0,0,0,0,2020-12-11 20:38:32+01:00
0,0,0,0,0,0,2020-12-11 20:40:45+01:00
0,0,0,0,0,0,2020-12-11 20:43:01+01:00
0,0,0,0,0,0,2020-12-11 20:45:40+01:00
0,0,0,0,0,0,2020-12-11 20:48:17+01:00
0,0,0,0,0,0,2020-12-11 20:53:56+01:00
0,0,0,0,0,0,2020-12-11 22:08:26+01:00
0,0,0,0,0,0,2020-12-11 22:47:18+01:00
0,0,0,0,0,0,2020-12-11 23:15:01+01:00
0,0,0,0,0,0,2020-12-12 00:02:51+01:00
0,0,0,0,0,0,2020-12-12 00:53:38+01:00
0,0,0,0,0,0,2020-12-12 00:56:57+01:00
0,0,0,0,0,0,2020-12-12 01:06:52+01:00
0,0,0,0,0,0,2020-12-14 09:51:11+01:00
0,0,0,0,0,0,2020-12-14 09:54:24+01:00
0,0,0,0,0,0,2020-12-14 09:57:31+01:00
0,0,0,0,0,0,2020-12-14 10:12:47+01:00
0,0,0,0,0,0,2020-12-14 10:14:22+01:00
0,0,0,0,0,0,2020-12-14 10:25:55+01:00
0,0,0,0,0,0,2020-12-14 13:18:31+01:00
0,0,0,0,0,0,2020-12-14 13:21:32+01:00
0,0,0,0,0,0,2020-12-14 16:23:08+01:00
0,0,0,0,0,0,2020-12-14 16:23:28+01:00
0,0,0,0,0,0,2020-12-14 16:25:42+01:00
0,0,0,0,0,0,2020-12-14 16:45:29+01:00
0,0,0,0,0,0,2020-12-14 16:51:14+01:00
0,0,0,0,0,0,2020-12-14 17:44:33+01:00
0,0,0,0,0,0,2020-12-14 19:47:16+01:00
0,0,0,0,0,0,2020-12-14 20:00:11+01:00
0,0,0,0,0,0,2020-12-14 20:40:42+01:00
0,0,0,0,0,0,2020-12-14 21:32:34+01:00
0,0,0,0,0,0,2020-12-14 21:45:14+01:00
0,0,0,0,0,0,2020-12-14 22:05:33+01:00
0,0,0,0,0,0,2020-12-14 22:08:29+01:00
0,0,0,0,0,0,2020-12-15 10:28:34+01:00
0,0,0,0,0,0,2020-12-15 11:19:59+01:00
0,0,0,0,0,0,2020-12-16 12:00:48+01:00
0,0,0,0,0,0,2020-12-16 12:01:01+01:00
0,0,0,0,0,0,2020-12-16 14:49:28+01:00
0,0,0,0,0,0,2020-12-17 10:55:28+01:00
0,0,0,0,0,0,2020-12-17 11:04:10+01:00
0,0,0,0,0,0,2020-12-17 11:24:46+01:00
0,0,0,0,0,0,2020-12-17 11:30:55+01:00
0,0,0,0,0,0,2020-12-17 11:32:23+01:00
0,0,0,0,0,0,2020-12-17 11:35:16+01:00
0,0,0,0,0,0,2020-12-17 13:48:39+01:00
0,0,0,0,0,0,2020-12-17 13:55:31+01:00
0,0,0,0,0,0,2020-12-17 14:12:21+01:00
0,0,0,0,0,0,2020-12-17 14:33:11+01:00
0,0,0,0,0,0,2020-12-17 14:34:24+01:00
0,0,0,0,0,0,2020-12-17 15:02:17+01:00
0,0,0,0,0,0,2020-12-17 15:03:48+01:00
0,0,0,0,0,0,2020-12-17 15:05:32+01:00
0,0,0,0,0,0,2020-12-17 15:25:45+01:00
0,0,0,0,0,0,2021-01-27 12:55:42+01:00
0,0,0,0,0,0,2021-01-27 12:56:40+01:00
0,0,0,0,0,0,2021-02-01 12:50:34+01:00
0,0,0,0,0,0,2021-02-01 13:53:08+01:00
0,0,0,0,0,0,2021-02-02 08:49:35+01:00
0,0,0,0,0,0,2021-02-02 16:22:49+01:00
0,0,0,0,0,0,2021-02-02 16:44:16+01:00
0,0,0,0,0,0,2021-03-01 09:18:10+01:00
0,0,0,0,0,0,2021-03-01 09:21:41+01:00
0,0,0,0,0,0,2021-03-01 10:42:43+01:00
0,0,0,0,0,0,2021-03-01 20:27:01+01:00
0,0,0,0,0,0,2021-03-01 20:27:56+01:00
0,0,0,0,0,0,2021-03-02 13:15:18+01:00
0,0,0,0,0,0,2021-03-02 16:24:49+01:00
0,0,0,0,0,0,2021-03-02 16:56:47+01:00
0,0,0,0,0,0,2021-03-03 10:03:22+01:00
0,0,0,0,0,0,2021-05-17 10:28:53+02:00
0,0,0,0,0,0,2021-05-17 14:19:36+02:00
0,0,0,0,0,0,2021-05-17 14:20:13+02:00
0,0,0,0,0,0,2021-05-17 14:43:16+02:00
0,0,0,0,0,0,2021-05-17 14:48:49+02:00
0,0,0,0,0,0,2021-05-18 10:23:15+02:00
0,0,0,0,0,0,2021-05-18 11:23:58+02:00
0,0,0,0,0,0,2021-05-18 13:57:30+02:00
0,0,0,0,0,0,2021-05-18 15:41:58+02:00
0,0,0,0,0,0,2021-05-18 22:02:16+02:00
0,0,0,0,0,0,2021-05-19 14:25:33+02:00
0,0,0,0,0,0,2021-05-19 16:48:14+02:00
0,0,0,0,0,0,2021-06-17 09:47:03+02:00
0,0,0,0,0,0,2021-06-17 09:50:15+02:00
0,0,0,0,0,0,2021-06-17 16:28:31+02:00
0,0,0,0,0,0,2021-06-17 16:29:03+02:00
0,0,0,0,0,0,2021-07-09 15:34:35+02:00
0,0,0,0,0,0,2021-09-09 11:48:48+02:00
0,0,0,0,0,0,2021-09-09 18:36:11+02:00
0,0,0,0,0,0,2021-09-10 13:27:03+02:00
0,0,0,0,0,0,2021-09-14 14:21:52+02:00
0,0,0,0,0,0,2021-09-15 11:44:59+02:00
0,0,0,0,0,0,2021-09-15 11:57:24+02:00
0,0,0,0,0,0,2021-09-15 11:58:16+02:00
0,0,0,0,0,0,2021-09-15 12:00:20+02:00
0,0,0,0,0,0,2021-09-15 12:03:09+02:00
0,0,0,0,0,0,2021-09-27 14:04:17+02:00
0,0,0,0,0,0,2021-09-27 14:04:25+02:00
0,0,0,0,0,0,2021-09-27 14:04:35+02:00
0,0,0,0,0,0,2021-10-25 13:49:10+00:00
0,0,0,0,0,0,2021-10-25 15:49:40+02:00
0,0,0,0,0,0,2021-10-25 14:07:57+00:00
0,0,0,0,0,0,2021-10-25 16:09:01+02:00
0,0,0,0,0,0,2021-10-26 14:38:51+02:00
0,0,0,0,0,0,2021-10-26 14:30:10+00:00
0,0,0,0,0,0,2021-10-27 09:20:04+02:00
0,0,0,0,0,0,2021-10-27 11:16:53+02:00
0,0,0,0,0,0,2021-10-27 11:17:03+02:00
0,0,0,0,0,0,2021-10-27 11:17:16+02:00
0,0,0,0,0,0,2022-02-18 13:40:10+01:00
0,0,0,0,0,0,2022-02-19 14:36:27+01:00
0,0,0,0,0,0,2022-02-19 16:45:09+01:00
0,0,0,0,0,0,2022-02-19 16:55:25+01:00
0,0,0,0,0,0,2022-02-19 17:01:47+01:00
0,0,0,0,0,0,2022-02-19 17:12:37+01:00
0,0,0,0,0,0,2022-02-21 10:14:03+01:00
0,0,0,0,0,0,2022-02-21 10:15:57+01:00
0,0,0,0,0,0,2022-02-21 10:19:20+01:00
0,0,0,0,0,0,2022-02-21 10:20:37+01:00
0,0,0,0,0,0,2022-02-21 10:26:05+01:00
0,0,0,0,0,0,2022-02-21 10:27:03+01:00
0,0,0,0,0,0,2022-02-21 10:28:01+01:00
0,0,0,0,0,0,2022-02-21 10:29:28+01:00
0,0,0,0,0,0,2022-02-21 10:33:04+01:00
0,0,0,0,0,0,2022-02-21 10:35:19+01:00
0,0,0,0,0,0,2022-02-21 10:51:30+01:00
0,0,0,0,0,0,2022-02-21 10:54:17+01:00
0,0,0,0,0,0,2022-02-21 11:03:53+01:00
0,0,0,0,0,0,2022-02-21 11:15:58+01:00
0,0,0,0,0,0,2022-02-21 11:56:01+01:00
0,0,0,0,0,0,2022-02-21 11:57:32+01:00
0,0,0,0,0,0,2022-02-21 11:58:46+01:00
0,0,0,0,0,0,2022-02-21 14:22:52+01:00
0,0,0,0,0,0,2022-02-21 14:29:47+01:00
0,0,0,0,0,0,2022-02-21 14:30:32+01:00
0,0,0,0,0,0,2022-02-21 14:40:54+01:00
0,0,0,0,0,0,2022-02-21 14:49:24+01:00
0,0,0,0,0,0,2022-02-21 14:55:01+01:00
0,0,0,0,0,0,2022-02-21 14:57:45+01:00
0,0,0,0,0,0,2022-02-22 11:47:16+01:00
0,0,0,0,0,0,2022-02-22 11:49:13+01:00
0,0,0,0,0,0,2022-02-22 11:52:14+01:00
0,0,0,0,0,0,2022-02-22 12:05:17+01:00
0,0,0,0,0,0,2022-02-23 09:48:00+01:00
0,0,0,0,0,0,2022-02-23 11:28:06+01:00
0,0,0,0,0,0,2022-02-23 11:29:45+01:00
0,0,0,0,0,0,2022-02-23 11:32:13+01:00
0,0,0,0,0,0,2022-02-23 11:32:50+01:00
0,0,0,0,0,0,2022-02-23 16:17:22+01:00
0,0,0,0,0,0,2022-02-23 16:26:05+01:00
0,0,0,0,0,0,2022-02-23 16:27:50+01:00
0,0,0,0,0,0,2022-02-23 16:29:40+01:00
0,0,0,0,0,0,2022-02-23 16:31:03+01:00
0,0,0,0,0,0,2022-02-23 17:14:24+01:00
0,0,0,0,0,0,2022-02-23 17:23:21+01:00
0,0,0,0,0,0,2022-02-23 17:49:28+01:00
0,0,0,0,0,0,2022-02-23 17:50:20+01:00
0,0,0,0,0,0,2022-02-23 17:53:38+01:00
0,0,0,0,0,0,2022-02-24 10:56:05+01:00
0,0,0,0,0,0,2022-02-24 10:58:09+01:00
0,0,0,0,0,0,2022-02-24 11:09:29+01:00
0,0,0,0,0,0,2022-02-24 11:10:47+01:00
0,0,0,0,0,0,2022-02-24 11:11:40+01:00
0,0,0,0,0,0,2022-02-24 13:39:20+01:00
0,0,0,0,0,0,2022-02-24 13:40:27+01:00
0,0,0,0,0,0,2022-02-24 13:46:19+01:00
0,0,0,0,0,0,2022-02-24 13:50:39+01:00
0,0,0,0,0,0,2022-02-24 13:53:10+01:00
0,0,0,0,0,0,2022-02-24 14:24:28+01:00
0,0,0,0,0,0,2022-02-24 14:29:21+01:00
0,0,0,0,0,0,2022-02-24 14:30:06+01:00
0,0,0,0,0,0,2022-02-24 14:41:37+01:00
0,0,0,0,0,0,2022-02-24 14:42:21+01:00
0,0,0,0,0,0,2022-02-24 14:52:58+01:00
0,0,0,0,0,0,2022-02-24 14:56:26+01:00
0,0,0,0,0,0,2022-02-24 15:38:44+01:00
0,0,0,0,0,0,2022-02-24 15:40:06+01:00
0,0,0,0,0,0,2022-02-24 15:40:33+01:00
0,0,0,0,0,0,2022-02-24 15:50:06+01:00
0,0,0,0,0,0,2022-02-24 15:51:31+01:00
0,0,0,0,0,0,2022-02-24 16:53:25+01:00
0,0,0,0,0,0,2022-02-24 16:54:36+01:00
0,0,0,0,0,0,2022-03-02 10:30:29+01:00
0,0,0,0,0,0,2022-03-02 10:37:11+01:00
0,0,0,0,0,0,2022-03-02 10:57:16+01:00
0,0,0,0,0,0,2022-03-02 11:25:42+01:00
0,0,0,0,0,0,2022-03-02 11:45:54+01:00
0,0,0,0,0,0,2022-03-04 10:35:37+01:00
0,0,0,0,0,0,2022-03-04 10:37:50+01:00
0,0,0,0,0,0,2022-03-04 10:41:44+01:00
0,0,0,0,0,0,2022-03-04 10:48:33+01:00
0,0,0,0,0,0,2022-03-04 10:55:45+01:00
0,0,0,0,0,0,2022-03-04 10:56:59+01:00
0,0,0,0,0,0,2022-03-04 10:58:42+01:00
0,0,0,0,0,0,2022-03-04 15:43:01+01:00
0,0,0,0,0,0,2022-03-04 17:32:08+01:00
0,0,0,0,0,0,2022-03-04 17:32:33+01:00
0,0,0,0,0,0,2022-03-04 17:33:06+01:00
0,0,0,0,0,0,2022-03-04 17:34:46+01:00
0,0,0,0,0,0,2022-03-04 17:41:56+01:00
0,0,0,0,0,0,2022-03-04 17:48:26+01:00
0,0,0,0,0,0,2022-03-07 11:07:34+01:00
0,0,0,0,0,0,2022-03-07 11:30:27+01:00
0,0,0,0,0,0,2022-03-07 11:38:46+01:00
0,0,0,0,0,0,2022-03-07 11:41:01+01:00
0,0,0,0,0,0,2022-03-07 11:42:33+01:00
0,0,0,0,0,0,2022-03-07 11:42:46+01:00
0,0,0,0,0,0,2022-03-07 12:07:14+01:00
0,0,0,0,0,0,2022-03-07 14:31:57+01:00
0,0,0,0,0,0,2022-03-07 14:32:50+01:00
0,0,0,0,0,0,2022-03-07 14:41:56+01:00
0,0,0,0,0,0,2022-03-07 14:44:53+01:00
0,0,0,0,0,0,2022-03-07 15:19:01+01:00
0,0,0,0,0,0,2022-03-07 15:20:39+01:00
0,0,0,0,0,0,2022-03-07 15:27:20+01:00
0,0,0,0,0,0,2022-03-07 15:29:13+01:00
0,0,0,0,0,0,2022-03-07 16:27:28+01:00
0,0,0,0,0,0,2022-03-07 16:30:35+01:00
0,0,0,0,0,0,2022-03-07 17:14:37+01:00
0,0,0,0,0,0,2022-03-07 17:24:20+01:00
0,0,0,0,0,0,2022-03-07 17:28:01+01:00
0,0,0,0,0,0,2022-03-07 17:29:09+01:00
0,0,0,0,0,0,2022-03-07 17:29:47+01:00
0,0,0,0,0,0,2022-03-08 11:07:56+01:00
0,0,0,0,0,0,2022-03-08 11:37:49+01:00
0,0,0,0,0,0,2022-03-08 11:39:43+01:00
0,0,0,0,0,0,2022-03-08 11:41:21+01:00
0,0,0,0,0,0,2022-03-08 11:46:04+01:00
0,0,0,0,0,0,2022-03-08 11:59:49+01:00
0,0,0,0,0,0,2022-03-08 12:43:01+01:00
0,0,0,0,0,0,2022-03-08 14:38:43+01:00
0,0,0,0,0,0,2022-03-08 14:39:34+01:00
0,0,0,0,0,0,2022-03-08 14:40:09+01:00
0,0,0,0,0,0,2022-03-08 17:53:54+01:00
0,0,0,0,0,0,2022-03-08 17:56:23+01:00
0,0,0,0,0,0,2022-03-08 20:54:55+01:00
0,0,0,0,0,0,2022-03-08 21:13:57+01:00
0,0,0,0,0,0,2022-03-11 16:07:34+01:00
0,0,0,0,0,0,2022-03-11 17:27:36+01:00
0,0,0,0,0,0,2022-03-12 18:31:16+01:00
0,0,0,0,0,0,2022-03-12 18:40:50+01:00
0,0,0,0,0,0,2022-03-14 18:31:25+01:00
0,0,0,0,0,0,2022-03-15 09:32:41+01:00
0,0,0,0,0,0,2022-03-15 09:33:34+01:00
0,0,0,0,0,0,2022-03-15 09:40:35+01:00
0,0,0,0,0,0,2022-03-15 09:41:21+01:00
0,0,0,0,0,0,2022-03-16 11:51:34+01:00
0,0,0,0,0,0,2022-03-16 13:08:55+01:00
0,0,0,0,0,0,2022-03-16 13:31:38+01:00
0,0,0,0,0,0,2022-03-16 13:46:38+01:00
0,0,0,0,0,0,2022-03-16 14:12:52+01:00
0,0,0,0,0,0,2022-03-16 14:26:02+01:00
0,0,0,0,0,0,2022-03-16 15:14:30+01:00
0,0,0,0,0,0,2022-03-16 15:26:44+01:00
0,0,0,0,0,0,2022-03-16 15:27:06+01:00
0,0,0,0,0,0,2022-03-16 15:31:35+01:00
0,0,0,0,0,0,2022-03-16 15:33:48+01:00
0,0,0,0,0,0,2022-03-16 15:41:47+01:00
0,0,0,0,0,0,2022-03-16 15:45:19+01:00
0,0,0,0,0,0,2022-03-16 16:35:39+01:00
0,0,0,0,0,0,2022-03-16 16:44:37+01:00
0,0,0,0,0,0,2022-05-31 16:08:26+02:00
0,0,0,0,0,0,2022-06-08 17:55:45+02:00
0,0,0,0,0,0,2022-06-10 19:21:49+02:00
0,0,0,0,0,0,2022-06-10 19:25:41+02:00
0,0,0,0,0,0,2022-06-12 22:37:53+02:00
0,0,0,0,0,0,2022-06-13 11:32:57+02:00
0,0,0,0,0,0,2022-06-13 12:45:14+02:00
0,0,0,0,0,0,2022-06-13 15:27:08+02:00
0,0,0,0,0,0,2022-06-13 15:45:27+02:00
0,0,0,0,0,0,2022-06-13 16:28:51+02:00
0,0,0,0,0,0,2022-06-13 16:34:41+02:00
0,0,0,0,0,0,2022-06-13 16:57:51+02:00
0,0,0,0,0,0,2022-06-13 17:30:22+02:00
0,0,0,0,0,0,2022-06-13 17:31:53+02:00
0,0,0,0,0,0,2022-06-13 17:36:53+02:00
0,0,0,0,0,0,2022-06-13 17:40:44+02:00
0,0,0,0,0,0,2022-06-13 17:55:38+02:00
0,0,0,0,0,0,2022-06-13 17:57:43+02:00
0,0,0,0,0,0,2022-06-13 18:08:42+02:00
0,0,0,0,0,0,2022-06-13 18:31:44+02:00
0,0,0,0,0,0,2022-06-13 18:34:19+02:00
0,0,0,0,0,0,2022-06-13 18:35:41+02:00
0,0,0,0,0,0,2022-06-13 18:42:03+02:00
0,0,0,0,0,0,2022-06-13 18:53:42+02:00
0,0,0,0,0,0,2022-06-13 18:53:44+02:00
0,0,0,0,0,0,2022-06-13 18:55:42+02:00
0,0,0,0,0,0,2022-06-13 18:58:44+02:00
0,0,0,0,0,0,2022-06-13 18:59:24+02:00
0,0,0,0,0,0,2022-06-13 19:06:39+02:00
0,0,0,0,0,0,2022-06-13 19:18:02+02:00
0,0,0,0,0,0,2022-06-13 18:24:52+01:00
0,0,0,0,0,0,2022-06-13 20:54:19+02:00
0,0,0,0,0,0,2022-06-13 20:58:19+02:00
0,0,0,0,0,0,2022-06-13 21:55:22+02:00
0,0,0,0,0,0,2022-06-14 01:45:23+02:00
0,0,0,0,0,0,2022-06-14 01:52:06+02:00
0,0,0,0,0,0,2022-06-14 02:59:50+02:00
0,0,0,0,0,0,2022-06-14 03:02:31+02:00
0,0,0,0,0,0,2022-06-14 06:26:16+01:00
0,0,0,0,0,0,2022-06-14 08:27:01+02:00
0,0,0,0,0,0,2022-06-14 11:03:02+02:00
0,0,0,0,0,0,2022-06-14 10:06:13+01:00
0,0,0,0,0,0,2022-06-14 11:14:23+02:00
0,0,0,0,0,0,2022-06-14 10:16:37+01:00
0,0,0,0,0,0,2022-06-14 16:22:34+02:00
0,0,0,0,0,0,2022-06-14 15:24:21+01:00
0,0,0,0,0,0,2022-06-14 16:50:59+02:00
0,0,0,0,0,0,2022-06-14 17:26:12+02:00
0,0,0,0,0,0,2022-06-14 17:49:55+02:00
0,0,0,0,0,0,2022-06-14 17:50:21+02:00
0,0,0,0,0,0,2022-06-14 19:26:48+02:00
0,0,0,0,0,0,2022-06-14 19:32:12+01:00
0,0,0,0,0,0,2022-06-15 14:28:26+01:00
0,0,0,0,0,0,2022-06-15 15:32:32+02:00
0,0,0,0,0,0,2022-06-15 15:34:11+02:00
0,0,0,0,0,0,2022-06-15 15:40:03+02:00
