Acquisition,Preparation,Modeling,Training,Evaluation,Prediction,time
0,0,0,0,0,0,2019-10-03 18:11:57+02:00
0,0,0,0,0,0,2019-10-03 18:22:19+02:00
1,1,0,1,1,1,2019-10-03 23:07:20+02:00
1,1,0,1,1,1,2019-10-03 23:24:28+02:00
0,0,0,0,0,0,2019-10-07 22:07:30+02:00
1,1,0,1,1,1,2019-10-07 22:51:44+02:00
0,0,0,0,0,0,2019-10-07 22:56:26+02:00
1,1,0,1,1,1,2019-10-08 01:07:36+02:00
1,1,0,1,1,1,2019-10-08 01:17:55+02:00
1,1,0,1,1,1,2019-10-07 23:28:18+02:00
0,0,0,0,0,0,2019-10-14 14:13:51+02:00
1,1,0,1,1,1,2019-10-14 22:58:52+02:00
0,0,0,0,0,0,2019-10-14 21:02:52+02:00
1,1,1,1,1,1,2019-10-15 00:02:44+02:00
1,1,1,1,1,1,2019-10-14 22:25:21+02:00
1,1,1,1,1,1,2019-10-14 23:09:07+02:00
0,0,0,0,0,0,2019-10-15 17:01:41+02:00
1,2,1,1,1,1,2019-10-15 02:09:51+02:00
0,1,0,0,0,0,2019-10-15 19:13:26+02:00
1,2,1,1,1,1,2019-10-15 19:18:27+02:00
0,1,0,0,0,0,2019-10-15 19:22:26+02:00
0,1,0,1,0,0,2019-10-15 18:18:15+02:00
0,0,0,0,0,0,2019-10-15 18:22:39+02:00
1,1,1,1,1,1,2019-10-16 16:11:12+02:00
0,1,0,1,0,0,2019-10-16 16:13:56+02:00
0,0,0,0,0,0,2019-10-16 20:36:40+02:00
1,1,1,1,1,1,2019-10-17 00:58:45+02:00
0,0,0,0,0,0,2019-10-16 23:18:39+02:00
0,0,0,0,0,0,2019-10-17 01:30:08+02:00
1,1,1,1,1,1,2019-10-17 15:49:02+02:00
0,0,0,0,0,0,2019-10-17 15:52:06+02:00
1,1,1,1,1,1,2019-10-17 15:57:04+02:00
0,2,0,2,0,0,2019-10-17 16:07:52+02:00
0,0,0,0,0,0,2019-10-17 16:08:58+02:00
1,2,1,1,1,1,2019-10-17 16:11:52+02:00
0,0,0,0,0,0,2019-10-17 19:17:31+02:00
1,3,1,2,1,1,2019-10-17 21:06:55+02:00
0,1,0,1,0,0,2019-10-19 00:19:45+02:00
1,2,1,2,1,1,2019-10-19 01:12:45+02:00
0,0,0,0,0,0,2019-10-18 23:14:37+02:00
1,6,1,6,1,1,2019-10-22 16:59:08+02:00
1,2,1,2,1,2,2019-10-17 20:49:03+02:00
0,0,0,0,0,0,2019-11-09 23:00:09+01:00
1,2,1,1,1,2,2019-10-18 21:36:04+02:00
1,2,1,1,1,2,2019-10-20 14:15:26+02:00
1,2,1,2,1,2,2019-10-20 16:17:45+02:00
1,2,1,2,1,2,2019-10-21 00:46:43+02:00
1,3,2,1,1,2,2019-10-21 20:04:35+02:00
0,0,0,0,0,0,2019-11-13 18:39:12+01:00
2,2,0,0,1,2,2019-10-24 19:21:30+02:00
2,3,0,0,1,2,2019-10-24 21:01:07+02:00
1,3,1,1,1,2,2019-10-30 16:41:50+01:00
2,5,1,1,2,3,2019-10-30 19:27:26+01:00
2,4,1,1,1,3,2019-10-31 16:34:38+01:00
1,2,1,2,1,2,2020-03-09 17:32:26+09:00
0,0,0,0,0,0,2020-03-09 17:34:05+09:00
0,0,0,0,0,0,2020-03-09 18:07:00+09:00
2,3,1,2,1,3,2020-03-09 19:34:43+09:00
1,1,0,1,1,1,2020-03-09 19:45:10+09:00
2,3,0,1,1,2,2020-03-10 17:15:10+09:00
1,2,0,1,1,1,2020-03-10 18:37:27+09:00
0,0,0,0,0,0,2020-03-10 18:52:32+09:00
2,4,1,2,1,3,2020-03-11 17:08:44+09:00
0,0,0,0,0,0,2020-03-11 17:19:30+09:00
2,12,1,7,2,3,2020-03-11 20:35:32+09:00
0,0,0,0,0,0,2020-03-11 21:53:39+09:00
1,2,0,1,1,1,2020-03-11 22:26:45+09:00
0,0,0,0,0,0,2020-03-11 22:27:17+09:00
1,1,0,1,1,1,2020-03-11 22:40:48+09:00
0,0,0,0,0,0,2020-03-11 22:41:51+09:00
2,3,0,2,1,3,2020-03-12 17:37:13+09:00
1,2,0,2,1,2,2020-03-12 21:31:58+09:00
0,0,0,0,0,0,2020-03-12 21:46:13+09:00
2,3,0,1,1,2,2020-03-12 23:52:07+09:00
0,0,0,0,0,0,2020-03-13 00:04:45+09:00
0,0,0,0,0,0,2020-03-13 10:48:59+09:00
1,3,1,2,1,2,2020-03-13 13:26:51+09:00
1,3,1,4,1,4,2020-03-13 20:58:35+09:00
1,4,1,3,1,3,2020-03-14 13:10:37+09:00
0,0,0,0,0,0,2020-03-14 13:22:40+09:00
1,2,0,2,1,2,2020-03-14 19:05:01+09:00
1,1,0,1,1,1,2020-03-14 20:02:50+09:00
0,0,0,0,0,0,2020-03-14 20:06:44+09:00
1,3,1,2,1,2,2020-03-14 21:53:02+09:00
0,0,0,0,0,0,2020-03-14 21:56:51+09:00
0,0,0,0,0,0,2020-03-14 12:58:02+00:00
0,0,0,0,0,0,2020-03-14 22:18:03+09:00
1,3,1,2,1,2,2020-03-14 22:26:49+09:00
0,0,0,0,0,0,2020-03-14 22:28:18+09:00
0,0,0,0,0,0,2020-03-14 12:58:07+00:00
0,0,0,0,0,0,2020-03-14 22:29:52+09:00
1,3,0,2,1,2,2020-03-15 13:49:27+09:00
1,8,1,8,1,3,2020-03-15 17:15:14+09:00
0,0,0,0,0,0,2020-03-15 17:24:55+09:00
0,5,0,5,0,0,2020-03-16 17:48:05+09:00
2,11,0,9,1,2,2020-03-16 21:10:46+09:00
2,2,0,1,1,1,2020-03-17 13:37:53+09:00
0,2,0,1,0,0,2020-03-17 15:49:56+09:00
0,0,0,0,0,0,2020-03-17 15:51:43+09:00
0,0,0,0,0,0,2020-03-17 15:59:27+09:00
2,1,0,1,1,1,2020-03-17 18:25:25+09:00
1,10,0,8,1,1,2020-03-18 19:08:14+09:00
2,1,0,1,1,1,2020-03-18 19:48:43+09:00
0,0,0,0,0,0,2020-07-10 17:13:59+09:00
0,0,0,0,0,0,2020-07-10 17:26:59+09:00
