Acquisition,Preparation,Modeling,Training,Evaluation,Prediction,time
4,4,0,0,1,0,2019-02-11 14:56:27+08:00
2,2,0,0,0,0,2019-02-11 15:08:22+08:00
2,2,0,0,0,0,2019-02-11 15:13:15+08:00
1,1,0,0,0,0,2019-02-12 10:23:00+08:00
1,1,0,0,0,1,2019-02-12 10:53:05+08:00
4,4,0,0,0,0,2019-02-13 19:48:12+08:00
1,1,0,0,0,0,2019-02-13 19:51:19+08:00
1,1,0,0,0,1,2019-02-13 20:05:38+08:00
1,1,0,0,0,0,2019-02-13 20:22:09+08:00
0,0,0,0,0,0,2019-02-13 20:26:03+08:00
4,4,0,0,0,0,2019-02-16 16:18:39+08:00
0,0,0,0,0,0,2019-02-16 16:21:15+08:00
1,1,0,0,0,0,2019-02-18 17:15:34+08:00
1,1,0,0,0,1,2019-02-20 11:10:17+08:00
1,1,0,0,0,1,2019-02-20 11:23:47+08:00
2,2,0,0,0,0,2019-05-03 15:02:22+08:00
0,0,0,0,0,0,2019-05-03 15:04:30+08:00
1,1,0,0,0,0,2019-06-11 15:04:09+08:00
0,0,0,0,0,0,2020-04-19 20:57:53-06:00
0,0,0,0,0,0,2020-04-19 20:58:04-06:00
0,0,0,0,0,0,2020-04-19 20:58:36-06:00
0,0,0,0,0,0,2020-04-19 20:58:49-06:00
0,0,0,0,0,0,2020-04-19 21:14:47-06:00
0,0,0,0,0,0,2020-04-19 21:14:58-06:00
0,0,0,0,0,0,2020-04-19 21:15:03-06:00
0,0,0,0,0,0,2020-04-19 21:15:07-06:00
0,0,0,0,0,0,2020-04-19 21:15:10-06:00
0,0,0,0,0,0,2020-04-19 21:15:13-06:00
0,0,0,0,0,0,2020-04-19 21:15:15-06:00
0,0,0,0,0,0,2020-04-19 21:15:18-06:00
0,0,0,0,0,0,2020-04-19 21:15:21-06:00
0,0,0,0,0,0,2020-04-19 21:15:23-06:00
0,0,0,0,0,0,2020-04-19 21:15:25-06:00
0,0,0,0,0,0,2020-04-19 21:15:27-06:00
0,0,0,0,0,0,2020-04-19 21:15:29-06:00
0,0,0,0,0,0,2020-04-19 21:15:32-06:00
0,0,0,0,0,0,2020-04-19 21:15:34-06:00
0,0,0,0,0,0,2020-04-19 21:15:36-06:00
0,0,0,0,0,0,2020-04-19 21:15:38-06:00
0,0,0,0,0,0,2020-04-19 21:15:41-06:00
0,0,0,0,0,0,2020-04-19 21:15:43-06:00
0,0,0,0,0,0,2020-04-19 21:15:45-06:00
0,0,0,0,0,0,2020-04-19 21:15:47-06:00
0,0,0,0,0,0,2020-04-19 21:15:50-06:00
0,0,0,0,0,0,2020-04-19 21:15:52-06:00
0,0,0,0,0,0,2020-04-19 21:15:55-06:00
0,0,0,0,0,0,2020-04-19 21:15:57-06:00
0,0,0,0,0,0,2020-04-19 21:16:00-06:00
0,0,0,0,0,0,2020-04-19 21:16:02-06:00
0,0,0,0,0,0,2020-04-19 21:16:04-06:00
0,0,0,0,0,0,2020-04-19 21:16:06-06:00
0,0,0,0,0,0,2020-04-19 21:16:09-06:00
0,0,0,0,0,0,2020-04-19 21:16:11-06:00
0,0,0,0,0,0,2020-04-19 21:16:14-06:00
0,0,0,0,0,0,2020-04-19 21:38:46-06:00
0,0,0,0,0,0,2020-04-19 21:56:10-06:00
0,0,0,0,0,0,2020-04-19 21:56:13-06:00
0,0,0,0,0,0,2020-04-19 21:56:18-06:00
0,0,0,0,0,0,2020-04-19 21:56:22-06:00
0,0,0,0,0,0,2020-04-19 21:56:27-06:00
0,0,0,0,0,0,2020-04-19 21:56:32-06:00
0,0,0,0,0,0,2020-04-19 21:56:36-06:00
0,0,0,0,0,0,2020-04-19 21:56:39-06:00
0,0,0,0,0,0,2020-04-19 21:56:46-06:00
0,0,0,0,0,0,2020-04-19 21:57:13-06:00
0,0,0,0,0,0,2020-04-19 21:57:16-06:00
0,0,0,0,0,0,2020-04-19 21:57:19-06:00
0,0,0,0,0,0,2020-04-19 21:57:21-06:00
0,0,0,0,0,0,2020-04-19 21:57:24-06:00
0,0,0,0,0,0,2020-04-19 21:57:26-06:00
0,0,0,0,0,0,2020-04-19 21:57:28-06:00
0,0,0,0,0,0,2020-04-19 21:57:32-06:00
0,0,0,0,0,0,2020-04-19 21:57:35-06:00
0,0,0,0,0,0,2020-04-19 21:57:38-06:00
0,0,0,0,0,0,2020-04-19 21:57:40-06:00
0,0,0,0,0,0,2020-04-19 21:57:42-06:00
0,0,0,0,0,0,2020-04-19 21:57:46-06:00
0,0,0,0,0,0,2020-04-19 21:57:54-06:00
0,0,0,0,0,0,2020-04-19 21:57:57-06:00
0,0,0,0,0,0,2020-04-19 21:57:59-06:00
0,0,0,0,0,0,2020-04-19 21:58:02-06:00
0,0,0,0,0,0,2020-04-19 21:58:05-06:00
0,0,0,0,0,0,2020-04-19 21:58:07-06:00
0,0,0,0,0,0,2020-04-19 21:58:09-06:00
0,0,0,0,0,0,2020-04-19 21:58:12-06:00
0,0,0,0,0,0,2020-04-19 21:58:15-06:00
0,0,0,0,0,0,2020-04-19 21:58:18-06:00
0,0,0,0,0,0,2020-04-19 21:58:20-06:00
0,0,0,0,0,0,2020-04-19 21:58:22-06:00
0,0,0,0,0,0,2020-04-19 21:58:24-06:00
0,0,0,0,0,0,2020-04-19 21:58:28-06:00
0,0,0,0,0,0,2020-04-19 21:58:31-06:00
0,0,0,0,0,0,2020-04-19 21:58:33-06:00
0,0,0,0,0,0,2020-04-19 21:58:36-06:00
0,0,0,0,0,0,2020-04-19 21:58:39-06:00
0,0,0,0,0,0,2020-04-19 21:58:41-06:00
0,0,0,0,0,0,2020-04-19 21:58:45-06:00
0,0,0,0,0,0,2020-04-19 21:58:48-06:00
0,0,0,0,0,0,2020-04-19 21:58:52-06:00
0,0,0,0,0,0,2020-04-19 21:58:57-06:00
0,0,0,0,0,0,2020-04-19 21:58:59-06:00
0,0,0,0,0,0,2020-04-19 21:59:02-06:00
0,0,0,0,0,0,2020-04-19 21:59:06-06:00
0,0,0,0,0,0,2020-04-19 21:59:09-06:00
0,0,0,0,0,0,2020-04-19 21:59:11-06:00
0,0,0,0,0,0,2020-04-19 21:59:13-06:00
0,0,0,0,0,0,2020-04-19 21:59:16-06:00
0,0,0,0,0,0,2020-04-19 21:59:29-06:00
0,0,0,0,0,0,2020-04-19 21:59:31-06:00
0,0,0,0,0,0,2020-04-19 21:59:33-06:00
0,0,0,0,0,0,2020-04-19 21:59:37-06:00
0,0,0,0,0,0,2020-04-19 21:59:40-06:00
0,0,0,0,0,0,2020-04-19 21:59:42-06:00
0,0,0,0,0,0,2020-04-19 21:59:44-06:00
0,0,0,0,0,0,2020-04-19 21:59:47-06:00
0,0,0,0,0,0,2020-04-19 21:59:49-06:00
0,0,0,0,0,0,2020-04-19 21:59:52-06:00
0,0,0,0,0,0,2020-04-19 21:59:54-06:00
0,0,0,0,0,0,2020-04-19 21:59:56-06:00
0,0,0,0,0,0,2020-04-19 21:59:58-06:00
0,0,0,0,0,0,2020-04-19 22:00:01-06:00
0,0,0,0,0,0,2020-04-19 22:00:04-06:00
0,0,0,0,0,0,2020-04-19 22:00:07-06:00
0,0,0,0,0,0,2020-04-19 22:00:10-06:00
0,0,0,0,0,0,2020-04-19 22:00:13-06:00
0,0,0,0,0,0,2020-04-19 22:00:15-06:00
0,0,0,0,0,0,2020-04-19 22:00:21-06:00
0,0,0,0,0,0,2020-04-19 22:00:37-06:00
0,0,0,0,0,0,2020-04-19 22:00:40-06:00
0,0,0,0,0,0,2020-04-19 22:00:43-06:00
0,0,0,0,0,0,2020-04-19 22:00:46-06:00
0,0,0,0,0,0,2020-04-19 22:00:48-06:00
0,0,0,0,0,0,2020-04-19 22:00:51-06:00
0,0,0,0,0,0,2020-04-19 22:00:54-06:00
0,0,0,0,0,0,2020-04-19 22:00:57-06:00
0,0,0,0,0,0,2020-04-19 22:01:00-06:00
0,0,0,0,0,0,2020-04-19 22:01:02-06:00
0,0,0,0,0,0,2020-04-19 22:01:05-06:00
0,0,0,0,0,0,2020-04-19 22:01:07-06:00
0,0,0,0,0,0,2020-04-19 22:01:10-06:00
0,0,0,0,0,0,2020-04-19 22:01:12-06:00
0,0,0,0,0,0,2020-04-19 22:01:15-06:00
0,0,0,0,0,0,2020-04-19 22:01:18-06:00
0,0,0,0,0,0,2020-04-19 22:01:20-06:00
0,0,0,0,0,0,2020-04-19 22:01:23-06:00
0,0,0,0,0,0,2020-04-19 22:01:25-06:00
0,0,0,0,0,0,2020-04-19 22:01:28-06:00
0,0,0,0,0,0,2020-04-19 22:01:31-06:00
0,0,0,0,0,0,2020-04-19 22:01:34-06:00
0,0,0,0,0,0,2020-04-19 22:01:36-06:00
0,0,0,0,0,0,2020-04-19 22:01:38-06:00
0,0,0,0,0,0,2020-04-19 22:01:41-06:00
0,0,0,0,0,0,2020-04-19 22:01:44-06:00
0,0,0,0,0,0,2020-04-19 22:01:47-06:00
0,0,0,0,0,0,2020-04-19 22:01:50-06:00
0,0,0,0,0,0,2020-04-19 22:22:23-06:00
0,0,0,0,0,0,2020-04-19 22:27:31-06:00
0,0,0,0,0,0,2020-04-19 22:42:32-06:00
0,0,0,0,0,0,2020-04-19 22:47:48-06:00
