Acquisition,Preparation,Modeling,Training,Evaluation,Prediction,time
0,0,0,0,0,0,2021-06-23 17:26:21-04:00
0,0,0,0,0,0,2021-06-23 18:13:02-04:00
0,0,0,0,0,0,2021-06-23 18:16:09-04:00
0,1,0,1,0,0,2021-06-23 18:22:08-04:00
1,2,0,1,0,0,2021-06-23 18:53:54-04:00
1,3,0,2,0,0,2021-06-23 22:07:30-04:00
1,3,0,1,0,0,2021-06-24 01:08:55-04:00
1,2,0,1,0,0,2021-06-24 01:39:39-04:00
1,1,0,0,0,0,2021-06-25 12:23:02-04:00
1,1,0,0,0,0,2021-06-25 18:46:25-04:00
0,1,3,1,0,0,2021-06-25 19:40:24-04:00
2,3,2,1,0,0,2021-06-26 13:16:37-04:00
0,0,1,0,0,0,2021-06-26 13:19:24-04:00
1,2,2,1,0,0,2021-06-26 14:33:06-04:00
1,2,2,1,0,0,2021-06-26 21:23:46-04:00
1,1,0,0,0,0,2021-06-26 21:47:44-04:00
1,2,1,1,0,0,2021-06-27 17:54:03-04:00
0,0,2,0,0,0,2021-06-27 22:11:01-04:00
1,3,3,1,0,0,2021-06-28 15:37:21-04:00
0,0,0,0,0,0,2021-06-30 20:57:30-04:00
1,2,2,1,0,0,2021-06-30 20:57:46-04:00
0,0,0,0,0,0,2021-06-30 20:59:21-04:00
0,0,0,0,0,0,2021-06-30 22:17:04-04:00
0,1,2,1,0,0,2021-06-30 22:21:16-04:00
2,3,2,1,0,0,2021-07-01 13:41:41-04:00
2,3,1,1,0,0,2021-07-01 13:56:28-04:00
2,3,1,1,0,0,2021-07-01 19:00:10-04:00
1,2,1,1,0,0,2021-07-02 12:29:09-04:00
0,0,0,0,0,0,2021-07-02 17:08:03-04:00
0,0,0,0,0,0,2021-07-02 17:11:31-04:00
0,0,0,0,0,0,2021-07-02 17:12:20-04:00
0,0,0,0,0,0,2021-07-02 17:16:15-04:00
1,3,1,0,0,0,2021-07-02 20:29:02-04:00
1,3,2,1,0,0,2021-07-03 21:58:16-04:00
0,0,0,0,0,0,2021-07-03 22:00:25-04:00
0,0,0,0,0,0,2021-07-03 22:04:01-04:00
1,4,3,0,0,0,2021-07-04 18:57:21-04:00
0,1,2,0,0,0,2021-07-04 19:05:00-04:00
1,1,0,0,0,0,2021-07-05 10:51:07-04:00
2,6,3,0,1,0,2021-07-05 17:41:17-04:00
1,5,6,1,0,0,2021-07-06 20:07:00-04:00
0,2,2,1,0,0,2021-07-07 11:01:33-04:00
0,1,1,0,0,0,2021-07-07 11:11:17-04:00
0,2,2,1,0,0,2021-07-07 11:27:02-04:00
0,1,1,0,0,0,2021-07-07 11:30:35-04:00
0,1,1,0,0,0,2021-07-08 08:56:23-04:00
2,3,1,0,0,0,2021-07-08 13:27:47-04:00
0,1,1,0,0,0,2021-07-08 13:48:54-04:00
0,1,2,0,0,0,2021-07-08 16:13:35-04:00
1,5,3,0,0,0,2021-07-08 20:53:37-04:00
1,2,1,0,0,0,2021-07-09 12:33:05-04:00
0,4,3,0,0,0,2021-07-09 16:59:51-04:00
0,2,1,0,0,0,2021-07-09 18:36:07-04:00
1,4,3,0,0,0,2021-07-10 20:19:40-04:00
0,2,2,0,0,0,2021-07-11 11:39:49-04:00
0,1,1,0,0,0,2021-07-11 11:56:17-04:00
0,1,2,0,0,0,2021-07-11 12:00:05-04:00
1,3,3,0,0,0,2021-07-11 17:21:27-04:00
1,2,1,0,0,0,2021-07-11 18:00:44-04:00
1,3,3,0,0,0,2021-07-11 22:03:12-04:00
0,2,3,0,0,0,2021-07-12 12:26:08-04:00
0,2,2,0,0,0,2021-07-12 12:33:55-04:00
1,3,3,0,0,0,2021-07-12 18:25:57-04:00
0,2,4,0,0,0,2021-07-13 14:18:34-04:00
1,2,1,0,0,0,2021-07-13 14:39:31-04:00
1,3,3,0,0,0,2021-07-13 18:34:22-04:00
0,2,1,0,0,0,2021-07-13 22:47:01-04:00
1,3,1,0,0,0,2021-07-15 15:17:46-04:00
0,1,1,0,0,0,2021-07-15 21:18:40-04:00
0,2,3,0,0,0,2021-07-15 21:41:08-04:00
0,1,0,0,0,0,2021-07-15 21:45:20-04:00
0,1,1,0,0,0,2021-07-16 10:58:37-04:00
0,1,1,0,0,0,2021-07-16 11:17:41-04:00
0,1,2,0,0,0,2021-07-16 12:03:11-04:00
0,0,2,0,0,0,2021-07-16 12:39:53-04:00
1,1,2,0,0,0,2021-07-16 13:21:49-04:00
0,1,2,0,0,0,2021-07-16 15:24:53-04:00
0,1,2,0,0,0,2021-07-16 15:26:23-04:00
0,0,1,0,0,0,2021-07-16 16:52:06-04:00
0,0,0,0,0,0,2021-07-18 12:59:15-04:00
0,0,0,0,0,0,2021-07-18 12:59:28-04:00
0,0,0,0,0,0,2021-07-18 13:53:37-04:00
1,3,4,0,1,0,2021-07-18 13:56:13-04:00
1,2,3,0,1,0,2021-07-18 18:49:26-04:00
0,3,3,0,0,0,2021-07-19 21:46:13-04:00
1,5,1,0,0,0,2021-07-20 14:04:08-04:00
1,3,0,0,0,0,2021-07-20 14:50:04-04:00
0,2,3,0,0,0,2021-07-20 18:51:03-04:00
0,2,1,0,0,0,2021-07-21 10:56:27-04:00
3,7,3,0,0,0,2021-07-21 19:00:51-04:00
4,6,2,0,1,0,2021-07-22 12:13:32-04:00
0,2,1,0,0,0,2021-07-22 19:33:10-04:00
2,4,1,0,0,0,2021-07-22 21:50:56-04:00
0,0,0,0,0,0,2021-08-11 15:44:53-04:00
0,0,0,0,0,0,2021-08-11 21:45:13-04:00
1,4,2,0,0,0,2021-08-11 22:17:28-04:00
0,0,0,0,0,0,2021-08-12 18:25:35-04:00
0,0,0,0,0,0,2021-08-12 19:26:16-04:00
0,0,0,0,0,0,2021-08-12 19:51:11-04:00
0,0,0,0,0,0,2021-08-12 21:02:58-04:00
0,1,1,0,0,0,2021-08-13 15:46:13-04:00
0,0,0,0,0,0,2021-08-15 12:41:45-04:00
0,0,0,0,0,0,2021-08-15 16:58:06-04:00
0,0,0,0,0,0,2021-08-15 22:12:17-04:00
0,0,0,0,0,0,2021-08-18 13:22:33-04:00
0,0,0,0,0,0,2021-08-18 15:30:22-04:00
0,0,0,0,0,0,2021-08-18 16:47:51-04:00
0,0,0,0,0,0,2021-08-19 15:57:51-04:00
0,0,0,0,0,0,2021-08-19 16:13:53-04:00
0,0,0,0,0,0,2021-08-19 19:03:09-04:00
0,0,0,0,0,0,2021-08-19 19:05:37-04:00
0,0,0,0,0,0,2021-08-20 09:15:35-04:00
0,0,0,0,0,0,2021-08-20 09:28:20-04:00
0,0,0,0,0,0,2021-08-20 09:43:25-04:00
0,2,3,0,0,0,2021-08-20 17:12:28-04:00
1,5,2,0,0,0,2021-08-20 20:37:25-04:00
0,1,1,0,0,0,2021-08-21 09:15:49-04:00
0,1,1,0,0,0,2021-08-21 09:16:55-04:00
0,2,1,0,0,0,2021-08-21 09:45:10-04:00
0,1,1,0,0,0,2021-08-21 10:08:34-04:00
0,2,1,0,0,0,2021-08-21 19:41:52-04:00
0,1,0,0,0,0,2021-08-21 19:42:17-04:00
0,2,0,0,0,0,2021-08-21 21:30:10-04:00
0,2,1,0,0,0,2021-08-21 21:40:41-04:00
0,4,1,0,0,0,2021-08-24 18:39:51-04:00
0,4,3,0,0,0,2021-08-25 13:09:23-04:00
0,1,0,0,0,0,2021-08-25 13:22:20-04:00
1,4,2,0,0,0,2021-08-25 17:19:36-04:00
0,1,0,0,0,0,2021-08-26 14:30:36-04:00
0,0,0,0,0,0,2021-08-26 14:31:36-04:00
0,0,0,0,0,0,2021-08-29 11:48:37-04:00
0,5,2,0,0,0,2021-08-29 14:30:45-04:00
