Acquisition,Preparation,Modeling,Training,Evaluation,Prediction,time
0,0,0,0,0,0,2021-10-18 17:26:57+03:00
0,0,0,0,0,0,2021-11-15 00:36:48+03:00
0,0,0,0,0,0,2021-11-15 00:39:22+03:00
0,0,0,0,0,0,2021-11-15 22:59:12+03:00
0,0,0,0,0,0,2021-11-15 22:59:49+03:00
0,0,0,0,0,0,2021-11-16 21:54:20+03:00
0,0,0,0,0,0,2021-11-21 00:06:01+03:00
0,0,0,0,0,0,2021-11-21 22:14:12+03:00
0,0,0,0,0,0,2021-11-21 22:37:01+03:00
0,0,0,0,0,0,2021-11-21 22:42:03+03:00
0,0,0,0,0,0,2021-11-29 22:39:03+03:00
0,0,0,0,0,0,2021-12-09 21:21:52+03:00
4,1,1,2,0,1,2021-12-10 12:05:20+03:00
0,0,0,0,0,0,2021-12-10 12:24:01+03:00
0,0,0,0,0,0,2021-12-10 12:37:49+03:00
1,0,0,0,0,1,2021-12-10 12:44:50+03:00
0,0,0,0,0,0,2021-12-10 12:54:15+03:00
0,0,0,0,0,0,2021-12-10 13:01:38+03:00
0,0,0,0,0,0,2021-12-10 13:06:50+03:00
0,0,0,0,0,0,2021-12-10 13:09:16+03:00
0,0,0,0,0,0,2021-12-10 13:12:15+03:00
0,0,0,0,0,0,2021-12-10 13:19:02+03:00
0,0,0,0,0,0,2021-12-10 13:22:35+03:00
0,0,0,0,0,0,2021-12-10 13:54:38+03:00
0,0,0,0,0,0,2021-12-17 17:22:15+03:00
0,0,0,0,0,0,2021-12-17 17:36:21+03:00
0,0,0,0,0,0,2021-12-17 17:41:04+03:00
0,0,0,0,0,0,2021-12-17 17:46:14+03:00
0,0,0,0,0,0,2021-12-17 17:49:09+03:00
0,0,0,0,0,0,2021-12-17 17:51:52+03:00
0,0,0,0,0,0,2021-12-17 17:54:30+03:00
0,0,0,0,0,0,2021-12-17 17:56:40+03:00
1,0,1,1,0,0,2021-12-17 22:50:28+03:00
1,0,1,1,0,0,2021-12-17 23:05:44+03:00
0,0,0,0,0,0,2021-12-17 23:24:05+03:00
0,0,0,0,0,0,2021-12-18 12:40:46+03:00
2,1,0,1,0,1,2021-12-19 17:43:19+03:00
0,0,0,0,0,0,2021-12-19 17:44:23+03:00
1,0,0,0,0,1,2021-12-19 17:48:25+03:00
0,0,0,0,0,0,2021-12-19 17:51:12+03:00
0,0,0,0,0,0,2021-12-19 17:58:12+03:00
0,0,0,0,0,0,2021-12-19 18:03:05+03:00
0,0,0,0,0,0,2021-12-19 18:06:21+03:00
0,0,0,0,0,0,2021-12-19 18:09:47+03:00
0,0,0,0,0,0,2021-12-19 18:22:35+03:00
1,0,0,0,0,1,2021-12-19 18:25:53+03:00
1,0,0,0,0,1,2021-12-19 18:30:39+03:00
0,0,0,0,0,0,2021-12-22 13:57:00+03:00
0,0,0,0,0,0,2021-12-22 13:59:55+03:00
0,0,0,0,0,0,2021-12-22 16:44:10+03:00
0,0,0,0,0,0,2021-12-22 23:39:52+03:00
0,0,0,0,0,0,2021-12-22 23:50:38+03:00
4,1,1,2,0,1,2021-12-22 20:52:24+00:00
0,0,0,0,0,0,2021-12-22 23:53:31+03:00
0,0,0,0,0,0,2021-12-22 23:57:50+03:00
4,1,1,2,0,1,2021-12-23 00:01:02+03:00
3,0,1,1,0,1,2021-12-23 00:05:06+03:00
1,0,0,0,0,1,2021-12-23 00:05:37+03:00
3,0,1,1,0,1,2021-12-22 21:07:24+00:00
0,1,0,0,0,0,2021-12-23 12:58:47+03:00
0,0,0,0,0,0,2021-12-23 17:22:27+03:00
1,1,1,1,0,1,2022-01-10 21:29:14+03:00
0,0,0,0,0,0,2022-01-12 14:32:54+03:00
0,0,0,0,0,0,2022-01-12 14:33:17+03:00
0,0,0,0,0,0,2022-01-12 14:36:54+03:00
1,1,1,1,0,1,2022-01-21 15:03:17+03:00
1,1,1,1,0,1,2022-01-21 16:15:07+03:00
0,0,0,0,0,0,2022-01-21 16:21:26+03:00
0,0,0,0,0,0,2022-01-21 16:24:21+03:00
0,0,0,0,0,0,2022-01-21 16:27:44+03:00
0,0,0,0,0,0,2022-01-21 16:47:26+03:00
1,1,1,1,0,1,2022-01-21 13:48:43+00:00
0,0,0,0,0,0,2022-01-21 16:50:05+03:00
0,0,0,0,0,0,2022-01-21 16:50:21+03:00
1,2,1,2,0,1,2022-02-16 11:40:04+03:00
0,0,0,0,0,0,2022-02-16 11:46:07+03:00
0,0,0,0,0,0,2022-02-16 11:47:15+03:00
0,0,0,0,0,0,2022-02-16 11:52:51+03:00
0,0,0,0,0,0,2022-02-16 11:53:59+03:00
1,1,1,1,0,1,2022-02-16 08:54:23+00:00
0,0,0,0,0,0,2022-02-16 11:55:37+03:00
0,0,0,0,0,0,2022-02-16 11:55:54+03:00
0,0,0,0,0,0,2022-02-16 12:03:07+03:00
0,0,0,0,0,0,2022-02-16 12:05:06+03:00
1,1,1,1,0,1,2022-02-16 12:10:03+03:00
1,1,1,1,0,1,2022-02-16 12:46:35+03:00
0,0,0,0,0,0,2022-02-16 14:58:23+03:00
0,0,0,0,0,0,2022-02-16 15:16:53+03:00
0,0,0,0,0,0,2022-02-16 15:22:46+03:00
