Acquisition,Preparation,Modeling,Training,Evaluation,Prediction,time
0,0,0,0,0,0,2018-05-02 07:36:16+08:00
0,0,0,0,0,0,2018-05-02 07:47:05+08:00
1,1,2,0,0,0,2018-05-02 10:41:14+08:00
0,0,0,0,0,0,2018-05-02 10:49:31+08:00
1,1,0,0,0,0,2018-05-09 22:47:54+08:00
1,1,0,0,0,0,2018-05-09 23:34:23+08:00
1,1,0,0,0,0,2018-05-13 09:14:25+08:00
0,0,0,0,0,0,2018-05-13 13:15:30+08:00
0,0,0,0,0,0,2018-05-13 13:23:14+08:00
0,0,0,0,0,0,2018-05-13 13:31:57+08:00
0,0,0,0,0,0,2018-05-13 15:54:25+08:00
0,0,0,0,0,0,2018-05-13 19:29:59+08:00
0,0,0,0,0,0,2018-05-20 11:21:55+08:00
0,0,0,0,0,0,2018-05-20 18:02:04+08:00
0,0,0,0,0,0,2018-05-26 16:23:40+08:00
0,0,0,0,0,0,2018-05-26 16:50:26+08:00
0,0,0,0,0,0,2018-06-04 00:20:42+08:00
0,0,0,0,0,0,2018-07-21 12:53:36+08:00
0,0,0,0,0,0,2018-07-21 13:10:38+08:00
0,0,0,0,0,0,2018-07-22 17:14:47+08:00
2,3,1,0,0,0,2018-08-19 16:50:37+08:00
0,0,0,0,0,0,2018-08-19 18:06:13+08:00
0,0,0,0,0,0,2018-09-01 01:01:27+08:00
14,12,6,0,0,0,2019-03-19 00:31:02+08:00
0,0,0,0,0,0,2019-03-19 23:51:45+08:00
1,0,0,0,0,0,2019-06-22 11:44:28+08:00
0,0,0,0,0,0,2019-06-22 11:46:21+08:00
0,0,0,0,0,0,2019-07-04 23:39:55+08:00
0,0,0,0,0,0,2019-07-04 23:51:11+08:00
0,0,0,0,0,0,2019-07-05 22:07:17+08:00
0,0,0,0,0,0,2019-07-05 22:09:41+08:00
10,10,7,0,0,0,2019-07-09 08:45:00+08:00
8,6,4,0,0,0,2019-07-10 01:18:09+08:00
0,0,0,0,0,0,2019-07-10 01:20:14+08:00
2,2,2,0,0,0,2019-07-10 01:27:24+08:00
1,1,1,0,0,0,2019-07-10 01:29:16+08:00
1,1,1,0,0,0,2019-07-10 01:30:28+08:00
1,1,1,0,0,0,2019-07-10 01:32:06+08:00
2,2,0,0,0,0,2019-07-10 22:02:46+08:00
0,0,0,0,0,0,2019-07-10 22:04:33+08:00
1,1,1,0,0,0,2019-07-10 23:03:00+08:00
0,0,0,0,0,0,2019-07-11 22:24:56+08:00
0,0,0,0,0,0,2019-07-11 22:46:26+08:00
2,0,0,0,0,0,2019-07-11 23:36:51+08:00
0,0,0,0,0,0,2019-07-11 23:45:25+08:00
1,0,0,0,0,0,2019-07-11 23:50:24+08:00
1,1,1,0,0,0,2019-07-11 23:54:52+08:00
0,0,0,0,0,0,2019-07-13 11:34:27+08:00
1,1,1,0,0,0,2019-07-13 12:18:38+08:00
0,0,0,0,0,0,2019-07-13 12:19:12+08:00
2,1,0,0,0,0,2019-07-17 22:00:26+08:00
1,1,0,0,0,0,2019-07-18 00:26:42+08:00
2,2,2,0,0,0,2019-07-20 19:59:40+08:00
3,3,3,0,0,0,2019-07-21 12:58:47+08:00
0,0,0,0,0,0,2019-07-21 12:59:56+08:00
0,1,0,0,0,0,2019-08-18 19:58:55+08:00
0,0,0,0,0,0,2019-08-18 20:11:07+08:00
3,3,0,0,0,0,2019-10-07 13:18:11+08:00
1,1,1,0,0,0,2019-10-07 13:36:01+08:00
3,3,2,0,0,0,2019-10-10 19:18:52+08:00
2,2,1,0,0,0,2019-11-09 21:52:10+08:00
0,0,0,0,0,0,2019-11-09 22:14:09+08:00
0,1,1,0,0,0,2019-11-10 10:23:56+08:00
0,1,1,0,0,0,2019-11-10 10:27:16+08:00
0,1,1,0,0,0,2019-11-10 10:28:13+08:00
0,1,1,0,0,0,2019-11-10 10:29:36+08:00
0,1,1,0,0,0,2019-11-10 10:47:51+08:00
0,0,0,0,0,0,2019-11-10 23:27:35+08:00
0,0,0,0,0,0,2019-11-10 23:47:38+08:00
0,0,0,0,0,0,2019-11-11 19:09:06+08:00
0,0,0,0,0,0,2019-11-12 23:26:38+08:00
0,0,0,0,0,0,2019-11-16 12:15:17+08:00
0,0,0,0,0,0,2020-03-15 10:39:11+08:00
2,2,2,0,0,0,2020-03-15 11:20:49+08:00
1,1,1,0,0,0,2020-03-15 11:31:27+08:00
1,1,1,0,0,0,2020-03-15 12:04:00+08:00
0,0,0,0,0,0,2020-03-15 12:50:14+08:00
0,0,0,0,0,0,2020-03-15 12:58:59+08:00
0,0,0,0,0,0,2020-03-15 13:04:47+08:00
0,0,0,0,0,0,2020-03-15 13:14:13+08:00
0,0,0,0,0,0,2020-04-04 11:05:41+08:00
0,0,0,0,0,0,2020-04-07 23:50:29+08:00
2,2,2,0,0,0,2020-04-07 23:54:52+08:00
0,0,0,0,0,0,2020-04-11 19:23:20+08:00
0,0,0,0,0,0,2020-04-11 19:25:56+08:00
1,1,1,0,0,0,2020-04-11 19:35:22+08:00
0,0,0,0,0,0,2020-04-11 19:36:23+08:00
0,0,0,0,0,0,2020-10-05 20:22:46+08:00
0,0,0,0,0,0,2020-12-17 13:29:04+08:00
