Acquisition,Preparation,Modeling,Training,Evaluation,Prediction,time
0,0,0,0,0,0,2021-03-31 19:25:17+02:00
1,1,0,0,0,1,2021-03-31 19:31:29+02:00
0,0,0,0,0,0,2021-04-06 09:33:58+02:00
1,0,1,0,0,0,2021-04-07 11:56:43+02:00
1,1,0,0,0,0,2021-04-08 16:11:54+02:00
1,1,0,0,0,0,2021-04-08 17:07:50+02:00
2,2,0,0,0,0,2021-04-08 17:18:32+02:00
0,0,0,0,0,0,2021-04-08 19:18:39+02:00
0,0,0,0,0,0,2021-04-08 19:20:52+02:00
0,0,0,0,0,0,2021-04-08 19:22:23+02:00
1,1,0,0,0,0,2021-04-09 11:15:00+02:00
1,1,0,0,0,0,2021-04-09 13:28:24+02:00
0,0,0,0,0,0,2021-04-09 13:28:47+02:00
1,1,0,0,0,0,2021-04-09 20:44:46+02:00
0,0,0,0,0,0,2021-04-09 20:47:37+02:00
1,1,0,0,0,0,2021-04-17 21:08:51+02:00
1,1,0,0,0,0,2021-04-17 23:04:59+02:00
1,1,0,0,0,0,2021-04-18 03:45:37+02:00
1,1,0,0,0,0,2021-04-18 16:04:42+02:00
1,1,0,1,0,1,2021-04-18 20:51:51+02:00
1,1,0,1,0,1,2021-04-19 00:15:53+02:00
1,1,0,0,0,0,2021-04-19 12:17:11+02:00
0,0,0,0,0,0,2021-04-19 12:56:59+02:00
0,0,0,0,0,0,2021-04-19 13:31:09+02:00
0,0,0,0,0,0,2021-04-19 13:32:01+02:00
1,1,0,1,0,1,2021-04-19 15:56:37+02:00
0,0,0,0,0,0,2021-04-19 15:56:51+02:00
0,0,0,0,0,0,2021-04-20 13:16:32+02:00
1,0,1,0,1,0,2021-04-23 14:48:09+02:00
1,0,1,0,1,0,2021-04-23 14:57:15+02:00
1,1,0,0,0,0,2021-04-25 08:34:50+02:00
1,1,0,0,0,0,2021-04-25 08:38:38+02:00
1,1,0,0,0,0,2021-04-25 11:03:58+02:00
2,2,0,0,0,0,2021-04-25 12:55:46+02:00
0,0,0,0,0,0,2021-04-25 20:12:14+02:00
0,0,0,0,0,0,2021-04-26 16:17:40+02:00
0,0,0,0,0,0,2021-04-26 16:17:52+02:00
0,0,0,0,0,0,2021-04-26 16:18:59+02:00
1,1,0,0,0,0,2021-04-26 16:20:32+02:00
0,0,0,0,0,0,2021-04-28 11:12:39+02:00
3,3,0,0,0,0,2021-04-28 13:34:46+02:00
3,4,0,0,0,0,2021-04-28 16:22:17+02:00
1,1,0,0,0,0,2021-04-28 17:07:45+02:00
1,1,0,0,0,0,2021-04-28 17:14:34+02:00
3,3,0,0,0,0,2021-05-02 00:53:27+02:00
2,3,0,0,0,0,2021-05-02 11:38:26+02:00
1,1,0,0,0,0,2021-05-02 11:39:41+02:00
1,1,0,0,0,0,2021-05-02 11:43:10+02:00
0,2,1,2,2,2,2021-05-02 14:37:01+02:00
0,0,0,0,0,0,2021-05-06 21:18:34+02:00
0,0,0,0,0,0,2021-05-06 21:19:00+02:00
3,3,0,0,0,0,2021-05-06 21:19:36+02:00
0,0,0,0,0,0,2021-05-06 21:19:56+02:00
0,0,0,0,0,0,2021-05-06 21:20:36+02:00
0,0,0,0,0,0,2021-05-06 21:22:16+02:00
0,1,1,2,2,2,2021-05-07 12:21:24+02:00
4,3,1,1,1,1,2021-05-07 22:44:55+02:00
1,0,0,0,0,0,2021-05-07 22:45:15+02:00
2,2,1,2,2,2,2021-05-08 12:42:31+02:00
6,4,1,1,1,1,2021-05-09 21:15:09+02:00
1,1,0,0,0,0,2021-05-09 21:15:47+02:00
0,1,0,0,0,0,2021-05-09 21:16:45+02:00
1,1,0,0,0,0,2021-05-09 21:17:00+02:00
0,0,0,0,0,0,2021-05-09 21:28:37+02:00
1,1,0,0,0,0,2021-05-09 21:49:34+02:00
1,0,1,1,1,1,2021-05-10 10:53:54+02:00
2,2,0,0,0,0,2021-05-10 10:54:18+02:00
0,0,0,0,0,0,2021-05-10 10:54:55+02:00
1,1,0,0,0,0,2021-05-10 10:55:11+02:00
1,0,1,1,1,1,2021-05-10 11:06:04+02:00
1,1,0,0,0,0,2021-05-10 14:49:05+02:00
1,1,1,1,1,1,2021-05-10 17:04:52+02:00
0,0,0,0,0,0,2021-05-10 22:00:40+02:00
0,0,0,0,0,0,2021-05-11 08:48:09+02:00
4,4,0,0,0,0,2021-05-13 16:17:20+02:00
0,1,0,0,0,0,2021-05-13 16:17:39+02:00
0,0,0,0,0,0,2021-05-14 10:46:41+02:00
0,0,0,0,0,0,2021-05-14 21:26:48+02:00
0,0,0,0,0,0,2021-05-14 21:28:54+02:00
0,0,0,0,0,0,2021-05-25 18:08:29+02:00
0,0,0,0,0,0,2021-05-25 18:50:22+02:00
0,0,0,0,0,0,2021-05-25 23:09:33+02:00
10,7,2,2,2,2,2021-05-27 15:21:15+02:00
1,0,0,0,0,0,2021-05-27 15:21:54+02:00
0,0,0,0,0,0,2021-05-27 15:24:07+02:00
2,1,0,0,0,0,2021-05-27 16:11:25+02:00
6,4,0,0,0,0,2021-05-27 16:12:01+02:00
2,1,0,0,0,0,2021-05-27 16:15:47+02:00
1,1,0,0,0,0,2021-05-27 16:55:24+02:00
0,0,0,0,0,0,2021-05-27 18:55:14+02:00
1,1,0,0,0,0,2021-05-27 19:05:52+02:00
1,1,0,0,0,0,2021-05-28 10:02:11+02:00
2,4,0,0,0,0,2021-05-28 12:43:14+02:00
0,1,0,0,0,0,2021-05-28 12:44:16+02:00
2,3,0,0,0,0,2021-05-30 23:15:50+02:00
17,17,4,4,4,4,2021-06-02 23:00:47+02:00
9,8,2,3,2,2,2021-06-07 20:06:42+02:00
2,1,1,1,1,1,2021-06-07 21:47:47+02:00
1,2,0,1,0,0,2021-06-12 17:03:05+02:00
1,1,1,1,1,1,2021-06-12 17:03:19+02:00
2,2,1,2,1,1,2021-06-13 10:18:09+02:00
1,1,0,1,0,0,2021-06-13 22:19:09+02:00
6,6,1,3,1,1,2021-06-15 09:26:09+02:00
1,0,1,0,0,0,2021-06-15 09:28:26+02:00
1,1,1,1,1,1,2021-06-15 22:43:37+02:00
0,0,0,0,0,0,2021-06-20 14:01:20+02:00
2,2,1,2,1,1,2021-06-20 14:03:28+02:00
5,5,1,3,1,1,2021-06-20 14:03:51+02:00
1,1,0,1,0,0,2021-06-21 10:50:48+02:00
5,5,1,3,1,1,2021-06-21 10:51:06+02:00
0,0,0,0,0,0,2021-07-01 17:39:50+02:00
1,2,0,0,0,0,2021-07-20 10:52:03+02:00
0,0,0,0,0,0,2021-09-18 09:22:54+02:00
0,0,0,0,0,0,2021-09-18 09:39:42+02:00
2,2,0,2,2,2,2021-09-20 10:50:34+02:00
1,1,0,1,0,1,2021-09-20 10:50:42+02:00
