Acquisition,Preparation,Modeling,Training,Evaluation,Prediction,time
0,0,0,0,0,0,2021-07-19 19:14:46+03:00
0,0,0,0,0,0,2021-07-19 19:24:12+03:00
0,2,0,1,0,0,2021-07-19 21:13:20+03:00
0,2,0,1,0,0,2021-07-19 21:19:21+03:00
0,0,0,0,0,0,2021-07-19 21:20:59+03:00
0,0,0,0,0,0,2021-07-19 21:22:29+03:00
0,0,0,0,0,0,2021-07-19 21:22:43+03:00
0,0,0,0,0,0,2021-07-19 21:22:46+03:00
0,0,0,0,0,0,2021-07-19 21:24:05+03:00
0,0,0,0,0,0,2021-07-19 21:32:39+03:00
0,2,0,2,0,0,2021-07-21 00:07:47+03:00
0,0,0,0,0,0,2021-07-21 00:08:09+03:00
0,1,0,1,0,0,2021-07-21 23:35:48+03:00
0,2,0,1,0,0,2021-07-22 22:58:26+03:00
0,2,0,2,0,0,2021-07-22 23:12:07+03:00
0,0,0,0,0,0,2021-07-22 23:24:34+03:00
0,0,0,0,0,0,2021-07-22 23:40:03+03:00
0,0,0,0,0,0,2021-07-23 00:00:00+03:00
0,0,0,0,0,0,2021-07-23 15:45:08+03:00
0,0,0,0,0,0,2021-07-23 15:45:34+03:00
0,0,0,0,0,0,2021-07-23 16:19:35+03:00
0,0,0,0,0,0,2021-07-23 21:20:06+08:00
0,2,0,2,0,0,2021-07-24 00:06:50+03:00
0,2,0,2,0,0,2021-07-24 00:17:36+03:00
0,0,0,0,0,0,2021-07-24 00:22:09+03:00
0,2,0,0,0,0,2021-07-24 13:29:57+03:00
0,0,0,0,0,0,2021-07-24 13:30:54+03:00
0,0,0,0,0,0,2021-07-24 13:35:32+03:00
0,0,0,0,0,0,2021-07-24 13:35:59+03:00
0,0,0,0,0,0,2021-07-24 13:36:45+03:00
0,0,0,0,0,0,2021-07-24 13:38:30+03:00
0,0,0,0,0,0,2021-07-24 13:38:45+03:00
0,0,0,0,0,0,2021-07-24 13:39:04+03:00
0,0,0,0,0,0,2021-07-24 13:42:00+03:00
0,0,0,0,0,0,2021-07-24 13:45:54+03:00
0,0,0,0,0,0,2021-07-24 13:46:25+03:00
0,0,0,0,0,0,2021-07-24 13:47:59+03:00
0,0,0,0,0,0,2021-07-24 13:53:16+03:00
0,0,0,0,0,0,2021-07-24 13:53:27+03:00
0,0,0,0,0,0,2021-07-31 20:18:06+03:00
0,0,0,0,0,0,2021-07-31 20:18:25+03:00
0,3,0,0,0,0,2021-07-31 20:21:58+03:00
0,3,0,2,0,0,2021-08-10 15:27:47+03:00
0,0,0,0,0,0,2021-08-11 19:21:27+03:00
0,1,0,1,0,0,2021-08-11 19:23:41+03:00
0,0,0,0,0,0,2021-08-11 19:50:47+03:00
0,1,0,1,0,0,2021-08-13 22:31:54+03:00
0,0,0,0,0,0,2021-08-13 22:36:37+03:00
0,1,0,1,0,0,2021-08-13 22:39:03+03:00
0,0,0,0,0,0,2021-08-14 08:01:23+03:00
0,1,0,1,0,0,2021-08-14 08:05:11+03:00
0,1,0,1,0,0,2021-08-14 08:11:18+03:00
0,1,0,1,0,0,2021-08-14 20:46:26+03:00
0,1,0,1,0,0,2021-08-14 20:52:19+03:00
0,0,0,0,0,0,2021-08-15 15:32:44+03:00
0,0,0,0,0,0,2021-08-15 22:22:52+03:00
0,1,0,1,0,0,2021-08-15 22:37:26+03:00
0,1,0,1,0,0,2021-08-15 22:42:14+03:00
0,0,0,0,0,0,2021-08-24 21:22:59+03:00
0,1,0,1,0,0,2021-08-26 19:45:10+03:00
0,0,0,0,0,0,2021-08-28 20:27:09+03:00
0,1,0,1,0,0,2021-08-28 22:05:56+03:00
0,1,0,1,0,0,2021-08-28 22:12:40+03:00
0,1,0,1,0,0,2021-08-28 22:15:33+03:00
0,0,0,0,0,0,2021-08-28 22:18:54+03:00
0,0,0,0,0,0,2021-08-28 22:20:04+03:00
0,0,0,0,0,0,2021-08-29 21:27:37+03:00
0,0,0,0,0,0,2021-08-29 21:38:23+03:00
0,6,0,2,0,0,2021-09-09 20:24:57+03:00
0,6,0,1,0,0,2021-09-14 19:50:58+03:00
0,0,0,0,0,0,2021-09-14 20:00:12+03:00
0,0,0,0,0,0,2021-09-18 23:14:27+03:00
0,0,0,0,0,0,2021-09-18 23:35:06+03:00
1,5,0,2,0,0,2021-09-21 15:06:57+03:00
0,0,0,0,0,0,2021-09-21 15:12:27+03:00
0,0,0,0,0,0,2021-09-21 15:47:10+03:00
1,8,0,2,0,0,2021-09-21 16:56:39+03:00
0,0,0,0,0,0,2021-09-22 11:46:58+03:00
0,0,0,0,0,0,2021-09-22 12:51:17+03:00
0,0,0,0,0,0,2021-10-06 17:02:59+03:00
0,0,0,0,0,0,2021-10-07 19:18:16+03:00
0,2,0,1,0,0,2021-10-09 21:56:06+03:00
1,1,0,1,0,0,2021-10-16 16:38:20+03:00
