Acquisition,Preparation,Modeling,Training,Evaluation,Prediction,time
0,0,0,0,0,0,2015-06-07 11:12:43+01:00
0,0,0,0,0,0,2015-06-07 12:02:26+01:00
0,0,0,0,0,0,2015-06-07 17:29:41+01:00
0,0,0,0,0,0,2015-06-07 17:46:18+01:00
0,0,0,0,0,0,2015-06-07 17:59:19+01:00
0,0,0,0,0,0,2015-06-07 18:03:03+01:00
0,0,0,0,0,0,2015-06-07 18:17:34+01:00
0,0,0,0,0,0,2015-06-07 18:31:35+01:00
0,0,0,0,0,0,2015-06-07 18:39:17+01:00
0,0,0,0,0,0,2015-06-07 19:04:52+01:00
0,0,0,0,0,0,2015-06-07 22:28:55+01:00
0,0,0,0,0,0,2015-06-08 00:02:59+01:00
0,0,0,0,0,0,2015-06-08 01:06:33+01:00
0,0,0,0,0,0,2015-06-08 23:49:30+01:00
0,0,0,0,0,0,2015-08-18 17:33:23+01:00
0,0,0,0,0,0,2015-11-18 19:04:37+00:00
0,0,0,0,0,0,2015-11-18 20:29:29+00:00
0,0,0,0,0,0,2016-03-19 22:30:06+03:00
0,0,0,0,0,0,2016-04-23 18:03:08+01:00
0,0,0,0,0,0,2016-04-23 18:22:35+01:00
0,0,0,0,0,0,2016-04-26 20:54:48+01:00
0,0,0,0,0,0,2016-04-26 22:39:54+01:00
0,0,0,0,0,0,2016-04-26 22:44:08+01:00
0,0,0,0,0,0,2016-04-26 22:52:45+01:00
0,0,0,0,0,0,2016-04-26 23:58:18+01:00
0,0,0,0,0,0,2016-04-27 00:13:14+01:00
0,0,0,0,0,0,2016-04-27 16:55:25+01:00
0,0,0,0,0,0,2016-04-28 00:29:45+01:00
0,0,0,0,0,0,2016-04-28 00:40:29+01:00
0,0,0,0,0,0,2016-04-28 01:13:23+01:00
0,0,0,0,0,0,2016-04-28 10:11:21+01:00
0,0,0,0,0,0,2016-04-28 10:18:13+01:00
0,0,0,0,0,0,2016-04-28 14:37:05+01:00
0,0,0,0,0,0,2016-04-29 10:10:25+01:00
0,0,0,0,0,0,2016-04-29 10:13:35+01:00
0,0,0,0,0,0,2016-04-29 22:51:46+01:00
0,0,0,0,0,0,2016-04-29 23:30:28+01:00
0,0,0,0,0,0,2016-04-29 23:56:59+01:00
0,0,0,0,0,0,2016-04-30 08:58:02+01:00
0,0,0,0,0,0,2016-04-30 08:59:10+01:00
0,0,0,0,0,0,2016-04-30 09:02:19+01:00
0,0,0,0,0,0,2016-05-01 14:20:58+03:00
0,0,0,0,0,0,2016-05-01 15:13:46+03:00
0,0,0,0,0,0,2016-05-01 15:44:41+03:00
0,0,0,0,0,0,2016-05-02 20:54:10+03:00
0,0,0,0,0,0,2016-05-05 11:07:11+03:00
0,0,0,0,0,0,2016-05-07 19:00:39+03:00
0,0,0,0,0,0,2016-05-12 13:08:04+01:00
0,0,0,0,0,0,2016-05-19 11:38:42+01:00
0,0,0,0,0,0,2016-05-20 11:25:28+01:00
0,0,0,0,0,0,2016-05-24 15:59:02-07:00
0,0,0,0,0,0,2016-05-26 11:42:42-07:00
0,0,0,0,0,0,2016-06-06 20:23:26+03:00
0,0,0,0,0,0,2016-07-14 12:15:06+01:00
0,0,0,0,0,0,2016-07-14 21:15:27+01:00
0,0,0,0,0,0,2016-07-14 21:16:44+01:00
0,0,0,0,0,0,2016-07-26 19:22:30+01:00
0,0,0,0,0,0,2016-07-27 16:30:46+01:00
0,0,0,0,0,0,2016-07-27 17:03:22+01:00
0,0,0,0,0,0,2016-07-29 09:48:25+01:00
0,0,0,0,0,0,2016-08-09 22:30:42+01:00
0,0,0,0,0,0,2016-08-23 19:16:20+01:00
0,0,0,0,0,0,2016-08-31 23:31:27+01:00
0,0,0,0,0,0,2016-10-11 23:10:56+01:00
0,0,0,0,0,0,2016-10-17 13:50:12+03:00
0,0,0,0,0,0,2016-10-18 22:32:02+03:00
0,0,0,0,0,0,2016-10-23 19:28:54+03:00
0,0,0,0,0,0,2016-10-30 16:41:56+03:00
0,0,0,0,0,0,2016-10-30 20:16:28+03:00
0,0,0,0,0,0,2016-11-03 01:25:37+03:00
0,0,0,0,0,0,2016-11-03 01:56:20+03:00
0,0,0,0,0,0,2016-11-03 16:56:58+03:00
0,0,0,0,0,0,2016-11-03 17:18:40+03:00
0,0,0,0,0,0,2016-11-03 22:21:38+03:00
0,0,0,0,0,0,2016-11-04 01:11:00+03:00
0,0,0,0,0,0,2016-11-19 01:04:25+03:00
0,0,0,0,0,0,2016-11-20 22:39:34+03:00
0,0,0,0,0,0,2016-12-22 14:44:02+03:00
0,0,0,0,0,0,2017-03-02 12:11:36+03:00
0,0,0,0,0,0,2017-03-02 12:11:58+03:00
0,0,0,0,0,0,2017-04-03 20:52:18+03:00
0,0,0,0,0,0,2017-04-03 21:17:08+03:00
0,0,0,0,0,0,2017-04-03 22:57:17+03:00
0,0,0,0,0,0,2017-04-11 16:57:42+03:00
0,0,0,0,0,0,2017-05-19 00:49:42+03:00
0,0,0,0,0,0,2017-07-03 18:40:30+03:00
0,0,0,0,0,0,2017-07-20 19:53:06+03:00
0,0,0,0,0,0,2017-08-23 12:35:03+03:00
0,0,0,0,0,0,2017-08-25 23:47:54+03:00
0,0,0,0,0,0,2017-08-30 01:17:11+03:00
0,0,0,0,0,0,2017-10-10 23:21:17+03:00
0,0,0,0,0,0,2017-12-01 22:07:27+03:00
0,0,0,0,0,0,2017-12-01 22:08:49+03:00
0,0,0,0,0,0,2018-06-24 15:55:11+03:00
0,0,0,0,0,0,2018-07-30 22:38:00+03:00
0,0,0,0,0,0,2018-10-03 15:54:44+03:00
0,0,0,0,0,0,2018-11-05 21:21:06+03:00
0,0,0,0,0,0,2018-11-26 14:06:06+03:00
0,0,0,0,0,0,2018-12-27 14:38:31+03:00
0,0,0,0,0,0,2019-01-12 03:50:54+03:00
0,0,0,0,0,0,2019-01-14 15:44:29+03:00
0,0,0,0,0,0,2019-01-31 23:49:50+03:00
0,0,0,0,0,0,2019-02-01 00:23:35+03:00
0,0,0,0,0,0,2019-02-10 15:03:53+03:00
0,0,0,0,0,0,2019-02-20 11:31:56+03:00
0,0,0,0,0,0,2019-03-06 17:49:54+03:00
0,0,0,0,0,0,2019-05-10 00:43:52+03:00
0,0,0,0,0,0,2019-05-10 01:10:42+03:00
0,0,0,0,0,0,2019-05-10 01:13:27+03:00
0,0,0,0,0,0,2019-05-10 01:16:50+03:00
0,0,0,0,0,0,2019-05-10 01:17:41+03:00
0,0,0,0,0,0,2019-05-10 01:27:05+03:00
0,0,0,0,0,0,2019-05-15 04:31:16+03:00
0,0,0,0,0,0,2019-05-15 05:01:47+03:00
0,0,0,0,0,0,2019-05-20 00:37:38+03:00
0,0,0,0,0,0,2019-05-20 12:44:49+03:00
0,0,0,0,0,0,2019-05-25 11:17:22+03:00
0,0,0,0,0,0,2019-05-25 11:53:03+03:00
0,0,0,0,0,0,2019-05-25 12:26:15+03:00
0,0,0,0,0,0,2019-05-27 00:29:18+03:00
0,0,0,0,0,0,2019-05-29 19:40:02+03:00
0,0,0,0,0,0,2019-06-02 19:53:35+03:00
0,0,0,0,0,0,2019-06-02 20:52:28+03:00
0,0,0,0,0,0,2019-06-02 23:51:00+03:00
0,0,0,0,0,0,2019-06-03 00:01:09+03:00
0,0,0,0,0,0,2019-06-03 00:16:38+03:00
0,0,0,0,0,0,2019-06-03 00:53:11+03:00
0,0,0,0,0,0,2019-06-21 15:30:52+03:00
0,0,0,0,0,0,2019-07-06 04:16:15+06:00
0,0,0,0,0,0,2019-08-01 15:46:12+03:00
0,0,0,0,0,0,2019-09-14 17:48:45+03:00
0,0,0,0,0,0,2019-09-21 01:03:27+03:00
0,0,0,0,0,0,2019-09-27 18:17:37+03:00
0,0,0,0,0,0,2019-09-27 23:35:59+03:00
0,0,0,0,0,0,2019-09-28 01:32:54+03:00
0,0,0,0,0,0,2019-10-18 03:00:30+03:00
0,0,0,0,0,0,2019-11-30 10:36:04+10:00
0,0,0,0,0,0,2019-12-22 16:10:31+03:00
0,0,0,0,0,0,2020-03-12 22:23:02+03:00
0,0,0,0,0,0,2020-03-12 22:45:37+03:00
0,0,0,0,0,0,2020-03-27 11:03:10+03:00
0,0,0,0,0,0,2020-12-01 02:29:16+03:00
0,0,0,0,0,0,2020-12-06 01:15:59+03:00
0,0,0,0,0,0,2021-08-30 18:26:44+03:00
0,0,0,0,0,0,2021-08-30 18:38:21+03:00
0,0,0,0,0,0,2021-11-06 18:48:53+03:00
0,0,0,0,0,0,2021-11-08 13:11:22+03:00
0,0,0,0,0,0,2021-11-08 17:06:04+03:00
0,0,0,0,0,0,2021-11-13 00:51:39+03:00
0,0,0,0,0,0,2022-03-18 22:52:11+06:00
