Acquisition,Preparation,Modeling,Training,Evaluation,Prediction,time
0,0,0,0,0,0,2020-05-05 20:44:35+03:00
6,5,1,2,1,0,2020-05-05 21:01:45+03:00
5,4,2,3,1,0,2020-05-05 22:46:45+03:00
0,0,0,0,0,0,2020-05-05 22:50:39+03:00
0,0,0,0,0,0,2020-05-05 23:04:57+03:00
0,0,0,0,0,0,2020-05-05 23:05:45+03:00
0,0,0,0,0,0,2020-05-05 23:06:11+03:00
0,0,0,0,0,0,2020-05-05 23:06:30+03:00
0,0,0,0,0,0,2020-05-06 10:40:23+03:00
0,0,0,0,0,0,2020-05-06 10:48:50+03:00
0,0,0,0,0,0,2020-05-06 10:53:11+03:00
0,0,0,0,0,0,2020-05-11 13:23:03+03:00
0,0,0,0,0,0,2020-05-11 13:23:44+03:00
0,0,0,0,0,0,2020-05-11 13:24:05+03:00
0,0,0,0,0,0,2020-05-11 13:24:32+03:00
0,0,0,0,0,0,2020-05-11 13:24:50+03:00
0,0,0,0,0,0,2020-05-11 13:25:46+03:00
0,0,0,0,0,0,2020-05-11 13:26:19+03:00
0,0,0,0,0,0,2020-05-11 13:27:27+03:00
0,0,0,0,0,0,2020-05-11 13:28:11+03:00
0,0,0,0,0,0,2020-05-11 13:28:34+03:00
0,0,0,0,0,0,2020-05-11 13:28:53+03:00
0,0,0,0,0,0,2020-05-11 13:29:13+03:00
2,0,0,0,0,0,2020-05-11 13:29:49+03:00
1,0,0,0,0,0,2020-05-11 13:30:07+03:00
0,0,0,0,0,0,2020-05-11 16:17:55+03:00
1,0,0,0,0,0,2020-05-11 16:26:49+03:00
1,1,0,0,0,0,2020-05-11 18:18:02+03:00
1,1,0,0,0,0,2020-05-11 18:56:42+03:00
1,1,2,3,1,0,2020-05-11 19:09:09+03:00
1,1,0,0,0,0,2020-05-11 19:12:21+03:00
1,1,1,1,0,0,2020-05-11 19:13:09+03:00
0,0,0,0,0,0,2020-05-11 19:14:01+03:00
0,0,0,0,0,0,2020-05-11 19:14:17+03:00
0,0,0,0,0,0,2020-05-11 19:14:43+03:00
0,0,0,0,0,0,2020-05-11 19:16:13+03:00
0,0,0,0,0,0,2020-05-11 19:16:27+03:00
0,0,0,0,0,0,2020-05-11 19:17:45+03:00
0,0,0,0,0,0,2020-05-11 19:23:24+03:00
1,1,0,0,0,0,2020-05-11 19:24:47+03:00
0,0,0,0,0,0,2020-05-11 19:38:07+03:00
1,1,0,0,0,0,2020-05-11 19:39:42+03:00
0,0,0,0,0,0,2020-05-11 19:51:24+03:00
0,0,0,0,0,0,2020-05-11 19:52:12+03:00
1,0,0,1,0,0,2020-05-11 19:53:15+03:00
0,0,0,0,0,0,2020-05-11 20:12:37+03:00
1,0,0,1,0,0,2020-05-11 23:38:07+03:00
0,0,0,0,0,0,2020-05-11 23:43:12+03:00
0,0,0,0,0,0,2020-05-12 10:16:26+03:00
2,3,1,1,1,0,2020-09-16 23:45:37+03:00
0,0,0,0,0,0,2020-09-16 23:48:58+03:00
1,1,0,1,0,0,2020-09-16 23:50:08+03:00
