Acquisition,Preparation,Modeling,Training,Evaluation,Prediction,time
1,20,1,7,0,3,2019-01-17 09:40:16+01:00
1,13,1,2,0,2,2019-01-23 14:16:15+01:00
2,48,1,20,0,15,2019-10-24 19:42:25+02:00
0,0,0,0,0,0,2019-10-24 18:01:49+00:00
0,0,0,0,0,0,2019-10-24 22:55:23+02:00
0,0,0,0,0,0,2019-10-24 23:27:52+02:00
0,0,0,0,0,0,2019-10-24 21:29:41+00:00
0,0,0,0,0,0,2019-10-24 23:46:38+02:00
0,0,0,0,0,0,2019-10-24 23:55:32+02:00
0,0,0,0,0,0,2019-10-25 00:14:40+02:00
0,0,0,0,0,0,2019-10-25 11:34:46+02:00
0,0,0,0,0,0,2019-10-25 15:00:38+02:00
0,4,0,1,0,1,2019-10-29 18:05:31+00:00
0,0,0,0,0,0,2019-11-03 14:36:54+01:00
2,39,0,20,0,16,2019-11-15 19:43:51+01:00
0,0,0,0,0,0,2019-12-15 16:57:08+01:00
0,15,0,10,0,7,2019-12-15 17:04:57+01:00
0,0,0,0,0,0,2020-01-13 11:11:40+01:00
0,3,0,0,0,0,2020-01-14 17:04:34+01:00
0,0,0,0,0,0,2020-01-23 11:59:14+01:00
0,0,0,0,0,0,2020-01-23 13:13:26+01:00
0,0,0,0,0,0,2020-01-23 13:43:12+01:00
1,2,0,0,0,0,2020-01-23 16:37:49+01:00
0,0,0,0,0,0,2020-01-23 18:03:45+01:00
0,1,0,0,0,0,2020-01-25 17:22:11+01:00
1,2,0,2,0,2,2020-01-27 11:30:18+01:00
0,0,0,0,0,0,2020-01-27 12:48:43+01:00
0,2,0,1,0,0,2020-01-28 19:32:46+01:00
1,2,0,0,0,0,2020-01-28 20:15:40+01:00
0,0,0,0,0,0,2020-01-29 22:18:37+01:00
2,2,0,2,0,2,2020-01-30 11:44:18+01:00
0,1,0,0,0,0,2020-01-30 13:15:25+01:00
1,2,0,0,0,0,2020-01-31 09:35:53+01:00
1,2,0,0,0,0,2020-02-08 14:29:28+01:00
0,0,0,0,0,0,2020-02-09 10:08:10+01:00
0,0,0,0,0,0,2020-02-09 11:33:40+01:00
0,0,0,0,0,0,2020-02-10 11:11:01+01:00
1,2,0,0,0,0,2020-02-11 12:53:48+01:00
0,0,0,0,0,0,2020-02-12 23:10:46+01:00
0,0,0,0,0,0,2020-02-12 23:22:47+01:00
0,0,0,0,0,0,2020-02-13 00:33:34+01:00
0,0,0,0,0,0,2020-02-16 21:02:25+01:00
1,2,0,0,0,0,2020-02-16 21:25:24+01:00
0,0,0,0,0,0,2020-02-18 20:01:06+01:00
0,0,0,0,0,0,2020-02-18 23:22:17+01:00
0,0,0,0,0,0,2020-02-18 23:30:30+01:00
0,0,0,0,0,0,2020-02-18 23:32:27+01:00
0,0,0,0,0,0,2020-02-18 23:37:30+01:00
0,0,0,0,0,0,2020-02-18 23:40:43+01:00
2,3,0,0,0,0,2020-02-19 16:08:13+01:00
0,0,0,0,0,0,2020-02-19 17:01:34+01:00
0,0,0,0,0,0,2020-02-24 09:58:39+01:00
0,10,0,7,0,6,2020-02-25 11:15:49+01:00
0,3,0,2,0,2,2020-02-25 17:18:20+01:00
0,6,0,5,0,4,2020-02-26 17:37:21+01:00
0,5,0,3,0,2,2020-02-28 10:34:18+01:00
2,7,0,5,0,2,2020-03-01 23:03:01+01:00
0,1,0,0,0,0,2020-03-18 12:10:39+01:00
0,0,0,0,0,0,2020-03-18 12:15:47+01:00
0,4,0,0,0,0,2020-03-18 19:24:27+01:00
1,3,0,0,0,0,2020-03-20 17:59:35+01:00
1,2,0,2,0,2,2020-03-20 19:25:27+01:00
0,0,0,0,0,0,2020-03-20 19:43:51+01:00
1,4,0,2,0,2,2020-03-21 09:50:43+01:00
0,4,0,1,0,0,2020-03-23 12:36:29+01:00
0,0,0,0,0,0,2020-03-23 12:38:49+01:00
0,1,0,0,0,0,2020-03-25 11:49:52+01:00
0,1,0,0,0,0,2020-03-30 16:17:49+02:00
0,1,0,0,0,0,2020-04-02 18:31:48+02:00
0,4,0,2,0,2,2020-04-02 19:13:19+02:00
0,3,0,0,0,0,2020-04-03 09:49:28+02:00
0,0,0,0,0,0,2020-04-22 12:09:26+02:00
0,0,0,0,0,0,2020-05-02 12:41:57+02:00
0,0,0,0,0,0,2020-05-02 14:07:47+02:00
0,0,0,0,0,0,2020-05-02 14:25:32+02:00
0,0,0,0,0,0,2020-05-04 20:05:27+02:00
0,1,0,0,0,0,2020-05-06 16:26:33+02:00
0,0,0,0,0,0,2020-05-06 16:35:40+02:00
0,0,0,0,0,0,2020-05-12 10:34:20+02:00
0,0,0,0,0,0,2020-05-20 10:59:32+02:00
0,0,0,0,0,0,2020-05-21 18:09:11+02:00
0,0,0,0,0,0,2020-05-21 18:12:53+02:00
0,1,0,0,0,0,2020-05-22 17:23:38+02:00
1,2,0,0,0,0,2020-05-25 16:23:40+02:00
2,2,0,0,0,0,2020-05-27 13:09:08+02:00
2,2,0,0,0,0,2020-05-27 16:30:19+02:00
1,1,0,0,0,0,2020-05-28 11:17:09+02:00
0,1,0,0,0,0,2020-05-28 13:23:32+02:00
0,0,0,0,0,0,2020-06-02 09:46:46+02:00
0,0,0,0,0,0,2020-06-02 11:06:53+02:00
0,0,0,0,0,0,2020-06-02 12:05:20+02:00
2,3,0,0,0,0,2020-06-02 19:32:11+02:00
0,0,0,0,0,0,2020-06-03 15:26:50+02:00
0,0,0,0,0,0,2020-06-04 17:46:09+02:00
0,0,0,0,0,0,2020-06-04 19:09:47+02:00
0,0,0,0,0,0,2020-06-05 13:55:41+02:00
0,0,0,0,0,0,2020-08-25 12:25:50+02:00
0,0,0,0,0,0,2020-08-25 13:25:50+02:00
0,0,0,0,0,0,2020-08-27 10:01:12+02:00
0,0,0,0,0,0,2020-08-27 11:29:38+02:00
0,0,0,0,0,0,2020-10-14 09:34:02+02:00
0,0,0,0,0,0,2020-10-14 11:22:02+02:00
0,0,0,0,0,0,2020-10-14 11:29:19+02:00
0,1,0,0,0,0,2020-10-28 12:11:54+01:00
0,2,0,1,0,1,2020-10-28 12:59:04+01:00
0,13,0,11,0,9,2020-10-29 11:12:04+01:00
1,1,0,0,0,0,2020-11-24 13:08:17+01:00
0,0,0,0,0,0,2021-04-19 12:29:41+02:00
0,0,0,0,0,0,2021-04-19 13:57:20+02:00
0,2,1,3,0,1,2021-04-21 14:37:47+02:00
0,8,0,6,0,5,2021-04-21 17:33:50+02:00
2,1,0,0,0,0,2021-04-23 11:00:43+02:00
0,0,0,0,0,0,2021-07-05 18:18:18+02:00
0,0,0,0,0,0,2021-07-07 11:13:09+02:00
0,0,0,0,0,0,2021-07-07 12:37:19+02:00
0,0,0,0,0,0,2021-07-07 12:41:39+02:00
0,0,0,0,0,0,2021-07-07 12:48:33+02:00
0,0,0,0,0,0,2021-10-01 12:28:29+02:00
0,0,0,0,0,0,2021-11-24 10:37:12+01:00
0,0,0,0,0,0,2021-11-24 10:44:10+01:00
0,0,0,0,0,0,2021-11-24 10:44:40+01:00
0,0,0,0,0,0,2021-11-24 11:06:06+01:00
