Acquisition,Preparation,Modeling,Training,Evaluation,Prediction,time
1,1,1,1,1,1,2021-08-10 19:07:57+02:00
0,0,0,0,0,0,2021-08-10 19:12:59+02:00
0,0,0,0,0,0,2021-08-10 19:52:32+02:00
0,0,0,0,0,0,2021-08-11 12:17:23+02:00
0,0,0,0,0,0,2021-08-30 15:15:27+02:00
1,1,1,1,1,1,2021-08-31 10:47:34+02:00
0,0,0,0,0,0,2021-08-31 10:57:14+02:00
2,3,2,3,2,2,2021-09-07 11:44:38+02:00
1,1,1,1,1,1,2021-09-07 15:30:37+02:00
1,1,1,1,1,1,2021-09-10 09:40:47+02:00
0,1,1,1,1,1,2021-09-14 18:16:42+02:00
1,1,1,1,1,1,2021-09-14 18:24:32+02:00
0,1,1,1,1,1,2021-09-14 18:28:07+02:00
0,1,1,1,1,1,2021-09-14 18:32:15+02:00
0,1,1,1,1,1,2021-09-14 18:38:53+02:00
0,0,0,0,0,0,2021-09-16 16:26:49+02:00
1,1,1,1,1,1,2021-09-17 08:57:51+02:00
1,1,1,1,1,1,2021-09-17 09:11:01+02:00
0,1,1,1,1,1,2021-09-17 09:32:14+02:00
0,1,1,1,1,0,2021-09-17 09:34:00+02:00
1,1,1,1,0,1,2021-09-17 12:20:43+02:00
1,1,1,1,0,1,2021-09-17 12:23:11+02:00
1,1,1,1,0,1,2021-09-17 13:47:56+02:00
1,1,1,1,0,1,2021-09-20 09:14:51+02:00
1,1,1,1,1,1,2021-09-21 14:13:05+02:00
0,0,0,0,0,0,2021-09-21 14:15:03+02:00
1,1,1,1,1,1,2021-09-21 14:44:15+02:00
1,1,1,1,1,1,2021-09-21 14:46:13+02:00
1,1,1,1,1,1,2021-09-27 11:47:52+02:00
1,1,1,1,1,1,2021-09-27 11:52:20+02:00
0,1,1,1,1,1,2021-09-27 14:05:55+02:00
0,1,1,1,1,1,2021-09-30 08:34:31+02:00
3,3,3,3,2,1,2021-10-01 14:24:36+02:00
3,3,3,3,2,1,2021-10-01 14:28:49+02:00
0,0,0,0,0,0,2021-10-01 14:29:09+02:00
2,2,2,2,1,0,2021-10-01 16:19:13+02:00
3,4,3,4,3,2,2021-10-08 13:06:35+02:00
1,1,1,1,1,0,2021-10-08 13:18:52+02:00
0,0,0,0,0,0,2021-10-13 14:23:30+02:00
0,0,0,0,0,0,2021-10-13 14:23:38+02:00
0,0,0,0,1,0,2021-10-13 14:23:45+02:00
0,0,0,0,0,0,2021-10-13 14:26:36+02:00
0,0,0,0,1,0,2021-10-14 17:02:35+02:00
1,1,2,1,1,0,2021-10-29 14:11:41+02:00
1,1,1,1,1,1,2021-11-09 14:16:00+01:00
1,2,0,0,0,0,2021-11-16 14:13:17+01:00
0,0,0,0,0,0,2021-11-16 14:16:29+01:00
1,3,1,1,1,5,2021-11-16 14:43:38+01:00
1,1,1,1,1,1,2021-11-16 14:50:12+01:00
0,0,0,0,0,0,2021-11-16 14:50:34+01:00
1,3,0,0,0,0,2021-11-17 11:21:41+01:00
0,1,0,0,0,0,2021-11-17 11:22:48+01:00
0,1,0,0,0,0,2021-11-17 11:43:18+01:00
0,1,1,1,0,1,2021-11-17 12:50:39+01:00
2,2,2,2,2,2,2021-11-20 16:59:02+01:00
5,6,6,6,7,6,2021-11-20 19:05:55+01:00
