Acquisition,Preparation,Modeling,Training,Evaluation,Prediction,time
0,0,0,0,0,0,2020-08-04 09:08:56+02:00
0,0,0,0,0,0,2020-08-04 09:14:17+02:00
0,0,0,0,0,0,2020-08-04 09:19:39+02:00
0,0,0,0,0,0,2020-08-04 09:19:52+02:00
0,0,0,0,0,0,2020-08-04 09:23:43+02:00
0,0,0,0,0,0,2020-08-04 09:27:22+02:00
0,0,0,0,0,0,2020-08-04 09:36:28+02:00
0,0,0,0,0,0,2020-08-04 09:50:10+02:00
0,0,0,0,0,0,2020-08-04 09:54:38+02:00
0,0,0,0,0,0,2020-08-04 09:55:59+02:00
0,0,0,0,0,0,2020-08-05 12:40:57+02:00
0,0,0,0,0,0,2020-08-05 12:42:01+02:00
0,0,0,0,0,0,2020-08-05 12:42:16+02:00
0,0,0,0,0,0,2020-08-05 12:45:20+02:00
0,0,0,0,0,0,2020-08-05 12:45:26+02:00
0,0,0,0,0,0,2020-08-05 12:49:01+02:00
0,0,0,0,0,0,2020-08-06 19:08:09+02:00
1,1,1,1,1,1,2020-08-12 13:44:44+02:00
0,0,0,0,0,0,2020-08-12 13:44:51+02:00
1,1,1,1,1,1,2020-08-12 13:46:04+02:00
0,0,0,0,0,0,2020-09-02 10:02:06+02:00
0,0,0,0,0,0,2020-09-02 10:04:53+02:00
0,1,0,1,0,1,2020-09-02 12:33:01+02:00
1,1,1,1,1,1,2020-09-04 11:48:24+02:00
0,0,0,0,0,0,2020-09-04 11:48:36+02:00
0,1,1,1,1,1,2020-09-06 15:15:49+02:00
0,1,1,1,1,1,2020-09-06 15:22:34+02:00
0,1,1,1,1,1,2020-09-06 15:40:45+02:00
0,1,1,1,1,1,2020-09-08 09:13:26+02:00
0,0,0,0,0,0,2020-09-13 17:14:11+02:00
1,1,1,1,1,1,2020-09-13 17:32:54+02:00
0,1,0,1,1,1,2020-09-16 09:22:57+02:00
0,0,0,0,0,0,2020-09-16 09:23:38+02:00
0,1,1,1,1,1,2020-09-18 10:21:11+02:00
0,1,1,1,1,1,2020-09-18 10:35:37+02:00
0,1,1,1,1,1,2020-09-18 10:42:44+02:00
0,1,1,1,1,1,2020-09-22 11:37:38+02:00
0,1,1,1,1,1,2020-10-06 13:25:54+02:00
0,1,1,1,1,1,2020-10-06 13:26:11+02:00
0,1,0,1,1,1,2020-10-06 13:29:35+02:00
0,1,1,1,1,1,2020-10-06 13:30:03+02:00
0,1,1,1,1,1,2020-10-06 13:30:18+02:00
0,0,0,0,0,0,2020-10-06 20:42:22+02:00
0,0,0,0,0,0,2020-10-06 20:43:45+02:00
0,0,0,0,0,0,2020-10-06 20:44:04+02:00
0,0,0,0,0,0,2020-10-06 20:44:19+02:00
1,1,1,1,1,1,2020-10-11 14:50:57+02:00
0,1,0,0,0,0,2020-10-11 14:51:14+02:00
0,0,0,0,0,0,2020-10-11 14:53:37+02:00
0,0,0,0,0,0,2020-10-11 14:56:07+02:00
1,1,1,1,1,1,2020-10-17 21:26:51+02:00
1,1,1,1,1,1,2020-10-17 21:29:55+02:00
1,1,1,1,1,1,2020-10-17 21:30:30+02:00
0,0,0,0,0,0,2020-10-17 22:24:11+02:00
1,1,1,1,1,1,2020-10-17 22:24:48+02:00
1,1,1,1,1,1,2020-10-21 17:03:23+02:00
1,1,0,1,0,1,2020-10-21 17:05:19+02:00
0,1,1,1,1,1,2020-10-21 17:10:12+02:00
0,0,0,0,0,0,2020-10-21 17:10:23+02:00
1,1,0,1,0,1,2020-10-21 17:16:55+02:00
0,0,0,0,0,0,2020-10-21 17:52:08+02:00
1,1,1,1,1,1,2020-10-21 17:57:51+02:00
0,0,0,0,0,0,2020-11-01 12:26:16+01:00
0,1,0,1,1,1,2020-11-01 15:28:43+01:00
0,0,0,0,0,0,2020-11-01 15:28:53+01:00
0,0,0,0,0,0,2020-11-01 15:30:20+01:00
1,2,1,1,1,3,2020-11-01 17:05:31+01:00
0,0,0,0,0,0,2020-11-01 17:06:39+01:00
0,0,0,0,0,0,2020-11-01 17:15:25+01:00
0,0,0,0,0,0,2020-11-01 17:16:04+01:00
0,0,0,0,0,0,2020-11-01 17:18:35+01:00
0,0,0,0,0,0,2020-11-03 09:38:49+01:00
0,1,0,0,0,2,2020-11-08 17:15:47+01:00
0,0,0,0,0,0,2020-11-08 17:16:03+01:00
8,15,11,14,12,14,2020-11-10 20:27:37+01:00
8,16,11,14,12,16,2020-11-10 20:31:47+01:00
0,0,0,0,0,0,2020-11-10 20:32:59+01:00
