Acquisition,Preparation,Modeling,Training,Evaluation,Prediction,time
0,0,0,0,0,0,2018-10-28 20:08:39-07:00
1,1,0,0,0,0,2018-11-03 16:54:35-07:00
4,4,1,1,0,1,2018-11-03 17:47:12-07:00
1,1,0,0,0,0,2018-11-03 17:50:43-07:00
0,0,0,0,0,0,2018-11-03 17:52:06-07:00
1,1,0,0,0,0,2018-11-04 11:40:23-08:00
1,1,0,0,0,0,2018-11-04 11:40:59-08:00
1,1,0,0,0,0,2018-11-04 11:41:16-08:00
1,1,0,0,0,0,2018-11-04 11:43:05-08:00
1,1,0,0,0,0,2018-11-04 11:46:28-08:00
1,1,0,0,0,0,2018-11-04 11:51:26-08:00
1,1,0,0,0,0,2018-11-04 11:52:54-08:00
1,1,0,0,0,0,2018-11-04 11:53:17-08:00
1,1,0,0,0,0,2018-11-04 12:04:21-08:00
1,1,0,0,0,0,2018-11-04 12:04:51-08:00
0,0,0,0,0,0,2018-11-04 12:29:37-08:00
0,0,0,0,0,0,2018-11-04 12:36:29-08:00
2,2,1,1,0,1,2018-11-04 13:01:49-08:00
1,1,0,0,0,0,2018-11-04 15:22:13-08:00
1,1,0,0,0,0,2018-11-04 15:23:10-08:00
1,1,0,0,0,0,2018-11-04 16:56:02-08:00
1,1,1,1,0,1,2018-11-04 16:57:36-08:00
0,0,0,0,0,0,2018-11-04 17:38:15-08:00
0,0,0,0,0,0,2018-11-06 10:24:41-08:00
1,1,0,0,0,0,2018-11-10 10:57:27-08:00
1,1,0,0,0,0,2018-11-10 11:22:41-08:00
1,1,1,1,0,1,2018-11-10 11:28:52-08:00
0,0,0,0,0,0,2018-11-10 11:29:00-08:00
1,1,1,1,0,1,2018-11-10 11:29:16-08:00
1,1,1,1,0,1,2018-11-10 11:35:54-08:00
1,1,1,1,0,1,2018-11-10 11:40:19-08:00
1,1,0,0,0,0,2018-11-10 15:47:18-08:00
1,1,0,0,0,0,2018-11-10 15:48:45-08:00
1,1,0,0,0,0,2018-11-10 15:53:06-08:00
1,1,0,0,0,0,2018-11-10 15:56:06-08:00
1,1,0,0,0,0,2018-11-10 15:56:57-08:00
1,1,0,0,0,0,2018-11-10 15:57:42-08:00
1,1,0,0,0,0,2018-11-10 15:58:14-08:00
1,1,0,0,0,0,2018-11-10 15:59:09-08:00
1,1,0,0,0,0,2018-11-10 16:00:40-08:00
1,1,0,0,0,0,2018-11-10 16:00:59-08:00
1,1,0,0,0,0,2018-11-11 13:00:23-08:00
1,1,0,0,0,0,2018-11-11 13:11:41-08:00
2,2,1,1,0,1,2018-11-11 13:56:33-08:00
1,1,1,1,0,1,2018-11-11 14:06:26-08:00
1,1,1,1,0,1,2018-11-11 14:11:41-08:00
2,2,1,1,0,1,2018-11-11 14:18:59-08:00
1,1,1,1,0,1,2018-11-11 14:21:21-08:00
1,1,1,1,0,1,2018-11-11 14:23:05-08:00
2,2,1,1,0,1,2018-11-11 14:35:13-08:00
1,1,0,0,0,0,2018-11-11 14:36:02-08:00
2,2,1,1,0,1,2018-11-11 14:39:04-08:00
1,1,0,0,0,0,2018-11-11 14:39:55-08:00
1,1,0,0,0,0,2018-11-11 15:11:40-08:00
2,2,1,1,0,1,2018-11-11 15:14:54-08:00
2,2,1,1,0,1,2018-11-11 15:15:32-08:00
2,2,1,1,0,1,2018-11-11 15:16:27-08:00
1,1,0,0,0,0,2018-11-11 15:16:55-08:00
1,1,0,0,0,0,2018-11-11 15:18:10-08:00
1,1,0,0,0,0,2018-11-11 15:19:23-08:00
1,1,0,0,0,0,2018-11-11 15:19:51-08:00
1,1,0,0,0,0,2018-11-11 15:20:23-08:00
1,1,0,0,0,0,2018-11-11 15:30:03-08:00
2,2,1,1,0,1,2018-11-11 15:30:49-08:00
1,1,0,0,0,0,2018-11-11 15:34:55-08:00
1,1,0,0,0,0,2018-11-11 15:35:19-08:00
1,1,1,1,0,1,2018-11-11 15:36:37-08:00
1,1,1,1,0,1,2018-11-11 16:05:27-08:00
1,1,1,1,0,1,2018-11-11 16:10:45-08:00
1,1,0,0,0,0,2018-11-11 16:13:01-08:00
1,1,0,0,0,0,2018-11-12 11:25:59-08:00
1,1,0,0,0,0,2018-11-12 11:33:29-08:00
1,1,0,0,0,0,2018-11-12 11:34:26-08:00
1,1,1,1,0,1,2018-11-12 12:31:00-08:00
2,3,1,1,0,1,2018-11-13 14:25:48-08:00
0,1,0,0,0,0,2018-11-13 14:27:10-08:00
0,1,0,0,0,0,2018-11-13 14:28:21-08:00
0,1,0,0,0,0,2018-11-13 14:32:15-08:00
0,1,0,0,0,0,2018-11-13 14:35:05-08:00
0,1,0,0,0,0,2018-11-13 14:36:14-08:00
0,1,0,0,0,0,2018-11-13 14:36:27-08:00
0,1,0,0,0,0,2018-11-13 14:37:35-08:00
0,1,0,0,0,0,2018-11-13 14:38:21-08:00
0,1,0,0,0,0,2018-11-13 14:38:56-08:00
0,1,0,0,0,0,2018-11-13 14:43:49-08:00
0,1,0,0,0,0,2018-11-13 14:44:46-08:00
1,1,1,1,0,1,2018-11-13 15:35:16-08:00
1,1,0,0,0,0,2018-11-18 13:35:13-05:00
1,1,0,0,0,0,2018-11-30 15:14:02-08:00
1,1,0,0,0,0,2018-11-30 15:14:57-08:00
3,3,1,1,0,1,2018-12-03 19:32:11-08:00
0,0,0,0,0,0,2018-12-03 19:34:15-08:00
1,1,1,1,0,1,2018-12-03 19:49:39-08:00
1,1,1,1,0,1,2018-12-03 21:50:08-08:00
9,17,1,1,0,1,2018-12-03 23:07:11-08:00
1,1,1,1,0,1,2018-12-03 23:08:14-08:00
0,0,0,0,0,0,2018-12-04 17:34:36-08:00
1,1,1,1,0,1,2018-12-04 17:36:18-08:00
1,1,1,1,0,1,2018-12-04 17:36:53-08:00
1,1,1,1,0,1,2018-12-04 17:37:19-08:00
2,2,1,1,0,1,2018-12-04 17:40:53-08:00
2,2,1,1,0,1,2018-12-05 09:33:16-08:00
7,7,2,2,0,2,2018-12-08 13:22:27-08:00
0,0,0,0,0,0,2018-12-09 18:21:07-08:00
2,2,0,0,0,0,2018-12-09 18:21:40-08:00
1,1,0,0,0,0,2018-12-09 18:21:53-08:00
1,1,0,0,0,0,2018-12-09 18:22:51-08:00
0,0,0,0,0,0,2018-12-09 18:23:23-08:00
0,1,0,0,0,0,2018-12-13 15:45:09-05:00
0,1,0,0,0,0,2018-12-13 15:49:43-05:00
0,1,0,0,0,0,2018-12-13 15:50:03-05:00
0,1,0,0,0,0,2018-12-13 15:52:11-05:00
2,2,1,1,0,1,2018-12-13 20:33:10-05:00
0,0,0,0,0,0,2018-12-13 21:23:30-05:00
0,0,0,0,0,0,2018-12-13 21:23:41-05:00
3,3,0,0,0,0,2018-12-14 12:29:17-05:00
0,0,0,0,0,0,2018-12-14 12:31:10-05:00
0,0,0,0,0,0,2018-12-14 12:32:27-05:00
0,0,0,0,0,0,2018-12-14 12:33:49-05:00
0,0,0,0,0,0,2018-12-14 12:34:40-05:00
0,0,0,0,0,0,2018-12-14 12:35:34-05:00
0,0,0,0,0,0,2018-12-14 12:36:13-05:00
