Acquisition,Preparation,Modeling,Training,Evaluation,Prediction,time
2,2,0,0,1,0,2018-10-23 08:54:19+03:18
0,0,0,0,0,0,2018-10-23 08:57:52+03:18
0,0,0,0,0,0,2018-10-23 09:37:44+03:18
1,1,1,1,1,0,2018-10-23 12:35:15+03:18
1,1,1,1,1,0,2018-10-23 12:39:18+03:18
1,1,1,1,1,0,2018-10-23 12:40:10+03:18
1,1,1,1,1,0,2018-10-23 12:47:04+03:18
1,1,1,1,1,0,2018-10-23 12:50:16+03:18
1,1,1,1,1,0,2018-10-23 12:52:03+03:18
1,1,1,1,1,0,2018-10-23 13:01:13+03:18
1,1,1,1,1,0,2018-10-23 13:02:29+03:18
1,1,1,1,1,0,2018-10-23 13:02:52+03:18
1,1,1,1,1,0,2018-10-23 13:07:18+03:18
1,1,1,1,1,0,2018-10-23 13:07:49+03:18
1,1,1,1,1,0,2018-10-23 13:11:31+03:18
1,1,1,1,1,0,2018-10-23 13:13:32+03:18
1,1,1,1,1,0,2018-10-23 13:14:28+03:18
1,1,1,1,1,0,2018-10-23 13:16:32+03:18
1,1,1,1,1,0,2018-10-23 13:34:24+03:18
1,1,1,1,0,0,2018-10-23 14:27:59+03:18
0,0,0,0,0,0,2018-10-23 14:28:25+03:18
1,1,1,1,0,0,2018-10-23 14:31:44+03:18
1,1,1,1,0,0,2018-10-23 14:41:04+03:18
1,1,1,1,0,0,2018-10-23 14:41:32+03:18
1,1,1,1,0,0,2018-10-23 14:44:35+03:18
1,1,1,1,0,0,2018-10-23 14:46:25+03:18
1,1,1,1,0,0,2018-10-23 14:50:13+03:18
1,1,1,1,0,0,2018-10-23 14:51:03+03:18
1,1,1,1,0,0,2018-10-23 14:52:06+03:18
1,1,1,1,0,0,2018-10-23 14:54:22+03:18
1,1,1,1,0,0,2018-10-23 14:56:12+03:18
1,1,1,1,0,0,2018-10-23 14:58:27+03:18
1,1,1,1,0,0,2018-10-23 15:00:39+03:18
1,1,1,1,0,0,2018-10-23 15:03:18+03:18
1,1,1,1,0,0,2018-10-23 15:05:02+03:18
1,1,1,1,0,0,2018-10-23 15:06:14+03:18
1,1,1,1,0,0,2018-10-23 15:07:54+03:18
1,1,1,1,0,0,2018-10-23 15:10:26+03:18
1,1,1,1,0,0,2018-10-23 15:14:38+03:18
1,1,1,1,0,0,2018-10-23 15:15:47+03:18
1,1,1,1,0,0,2018-10-23 15:18:47+03:18
1,1,1,1,0,0,2018-10-23 15:22:53+03:18
2,1,2,2,0,0,2018-10-23 15:38:17+03:18
3,2,3,3,1,0,2018-10-23 15:42:35+03:18
1,0,1,1,1,0,2018-10-23 15:44:07+03:18
1,0,1,1,1,0,2018-10-23 15:47:56+03:18
1,1,1,1,1,0,2018-10-23 15:51:03+03:18
1,1,1,1,1,0,2018-10-23 15:56:15+03:18
1,0,1,1,1,0,2018-10-23 15:58:09+03:18
1,0,1,1,1,0,2018-10-23 15:59:40+03:18
1,0,1,1,1,0,2018-10-23 16:00:32+03:18
1,0,1,1,1,0,2018-10-23 16:02:19+03:18
1,0,1,1,1,0,2018-10-23 16:03:54+03:18
1,0,1,1,1,0,2018-10-23 16:06:57+03:18
1,1,1,1,1,0,2018-10-23 16:08:06+03:18
1,1,1,1,1,0,2018-10-23 16:08:45+03:18
1,1,1,1,1,0,2018-10-23 16:09:44+03:18
1,1,1,1,1,0,2018-10-23 16:10:25+03:18
1,1,1,1,1,0,2018-10-23 16:13:58+03:18
1,1,1,1,1,0,2018-10-23 16:15:33+03:18
1,1,1,1,1,0,2018-10-23 16:16:26+03:18
1,1,1,1,1,0,2018-10-23 16:18:35+03:18
1,1,1,1,1,0,2018-10-23 16:19:18+03:18
1,1,1,1,1,0,2018-10-23 16:21:01+03:18
1,1,1,1,1,0,2018-10-23 16:22:12+03:18
1,1,1,1,1,0,2018-10-23 16:23:34+03:18
1,1,1,1,1,0,2018-10-23 16:26:35+03:18
1,1,1,1,1,0,2018-10-23 16:33:13+03:18
1,1,1,1,1,0,2018-10-23 16:34:40+03:18
1,1,1,1,1,0,2018-10-23 16:39:34+03:18
1,1,1,1,1,0,2018-10-23 16:40:39+03:18
1,1,1,1,1,0,2018-10-23 16:42:09+03:18
1,1,1,1,1,0,2018-10-23 16:47:46+03:18
1,1,1,1,1,0,2018-10-23 16:49:22+03:18
1,1,1,1,1,0,2018-10-23 16:52:03+03:18
1,1,1,1,1,0,2018-10-23 16:54:05+03:18
1,1,1,1,1,0,2018-10-23 16:54:58+03:18
1,1,1,1,1,0,2018-10-23 16:57:18+03:18
1,1,1,1,1,0,2018-10-23 17:06:38+03:18
1,1,1,1,1,0,2018-10-23 17:07:53+03:18
1,1,1,1,1,0,2018-10-23 17:08:32+03:18
1,1,1,1,1,0,2018-10-23 17:10:06+03:18
1,1,1,1,1,0,2018-10-23 17:24:33+03:18
1,1,1,1,1,0,2018-10-23 17:39:55+03:18
2,2,1,1,2,0,2018-10-24 03:12:24-04:00
1,1,1,1,0,0,2018-10-24 10:32:24+03:18
1,1,1,1,0,0,2018-10-24 04:46:14-04:00
1,1,1,1,1,0,2018-10-24 12:12:18+03:18
1,1,1,1,1,0,2018-10-24 12:17:02+03:18
1,1,1,1,1,0,2018-10-24 12:22:04+03:18
1,1,1,1,1,0,2018-10-24 12:37:34+03:18
1,1,1,1,1,0,2018-10-24 12:39:16+03:18
1,1,1,1,1,0,2018-10-24 12:41:54+03:18
1,1,1,1,1,0,2018-10-24 12:46:32+03:18
1,1,1,1,1,1,2018-10-24 12:50:27+03:18
1,1,1,1,1,1,2018-10-24 12:57:42+03:18
1,1,1,1,1,1,2018-10-24 13:05:02+03:18
1,1,1,1,1,1,2018-10-24 13:05:15+03:18
1,1,1,1,1,1,2018-10-24 13:22:08+03:18
1,1,1,1,1,1,2018-10-24 13:22:54+03:18
1,1,1,1,1,1,2018-10-24 13:24:19+03:18
1,1,1,1,1,1,2018-10-24 13:26:03+03:18
1,1,1,1,1,1,2018-10-24 13:38:02+03:18
1,1,1,1,1,0,2018-10-24 13:49:27+03:18
1,1,1,1,1,0,2018-10-24 13:53:01+03:18
1,1,1,1,1,0,2018-10-24 13:56:49+03:18
2,2,2,2,2,0,2018-10-24 18:49:04+03:18
1,1,1,1,1,0,2018-10-24 18:55:46+03:18
1,1,1,1,1,0,2018-10-24 19:04:44+03:18
1,1,1,1,1,0,2018-10-24 19:06:08+03:18
1,1,1,1,1,0,2018-10-24 19:39:49+03:18
1,1,1,1,1,0,2018-10-24 19:42:33+03:18
1,1,1,1,1,0,2018-10-24 23:54:52+03:18
1,1,1,1,1,0,2018-10-25 00:00:32+03:18
1,1,1,1,1,0,2018-10-25 00:04:28+03:18
1,1,1,1,1,0,2018-10-25 00:04:52+03:18
