Acquisition,Preparation,Modeling,Training,Evaluation,Prediction,time
0,0,0,0,0,0,2017-03-04 09:48:33+08:00
0,0,0,0,0,0,2017-03-04 09:50:48+08:00
0,0,0,0,0,0,2018-03-06 17:33:12+05:18
2,2,1,1,0,0,2018-03-09 17:43:08+05:18
1,1,1,1,1,0,2018-03-09 22:24:28+05:18
1,1,1,0,1,0,2018-03-09 23:48:12+05:18
2,2,1,1,1,2,2018-03-10 05:34:48+05:18
2,2,1,0,1,2,2018-03-10 08:36:50+05:18
0,0,0,0,0,0,2018-03-10 16:12:50+05:18
6,6,5,3,3,4,2018-03-11 00:57:29+05:18
2,3,3,1,1,2,2018-03-11 04:31:35+00:00
1,1,1,1,0,1,2018-03-11 08:04:03+00:00
0,0,0,0,0,0,2018-03-11 08:08:43+00:00
2,1,1,1,0,1,2018-03-11 12:34:25+00:00
0,0,0,0,0,0,2018-03-11 18:08:37+05:18
0,0,0,0,0,0,2018-03-11 18:11:00+05:18
5,6,5,5,1,4,2018-03-14 12:20:28+05:18
0,1,1,1,0,1,2018-03-17 18:36:11+05:18
3,3,2,1,2,2,2018-03-17 21:00:56+05:18
1,1,1,1,1,0,2018-03-17 21:39:59+05:18
0,0,0,0,0,0,2018-07-20 13:30:57+00:00
0,0,0,0,0,0,2018-07-20 16:30:22+00:00
1,2,0,0,0,1,2018-07-21 02:46:15+00:00
1,3,2,1,1,2,2018-07-22 02:47:34+00:00
1,1,1,1,0,0,2018-07-22 10:17:17+00:00
1,1,1,1,0,0,2018-07-22 11:45:45+00:00
1,1,1,1,0,0,2018-07-22 11:46:21+00:00
1,1,1,1,0,0,2018-07-22 17:43:32+00:00
1,1,1,1,0,0,2018-07-22 23:05:37+05:18
5,8,7,5,4,5,2018-07-22 23:08:49+05:18
4,6,5,2,4,4,2018-07-22 19:12:04+00:00
3,3,3,2,2,3,2018-07-23 08:53:47+00:00
1,1,1,1,0,0,2018-07-23 10:39:58+00:00
1,1,1,1,0,0,2018-07-24 03:39:30+00:00
5,6,5,5,3,1,2018-07-24 10:11:01+00:00
0,0,0,0,0,0,2018-07-27 11:56:44+00:00
1,1,1,1,0,0,2018-07-27 11:57:21+00:00
3,4,4,3,1,2,2018-07-29 21:10:24+05:18
6,8,7,7,2,2,2018-07-29 21:53:31+00:00
2,3,3,3,0,0,2018-07-29 22:21:15+00:00
1,1,1,1,0,0,2018-07-31 10:11:40+05:18
0,1,1,1,0,0,2018-07-31 05:22:30+00:00
2,2,2,2,2,0,2018-07-31 08:41:32+00:00
0,0,0,0,0,0,2018-07-31 08:44:54+00:00
1,1,1,1,1,0,2018-07-31 08:49:42+00:00
0,0,0,0,0,0,2018-07-31 08:50:22+00:00
1,1,1,1,1,0,2018-07-31 10:52:16+00:00
5,5,5,5,3,1,2018-08-05 23:58:09+05:18
5,5,5,5,4,0,2018-08-06 01:48:11+00:00
1,1,1,1,1,0,2018-08-06 02:15:58+00:00
0,0,0,0,0,0,2018-08-10 09:10:09+05:18
0,0,0,0,0,0,2018-08-10 09:47:35+05:18
0,0,0,0,0,0,2018-08-10 10:10:59+05:18
0,0,0,0,0,0,2018-08-10 10:36:06+05:18
0,0,0,0,0,0,2018-08-10 15:00:17+05:18
0,0,0,0,0,0,2018-08-10 15:50:03+05:18
0,0,0,0,0,0,2018-08-10 16:32:09+05:18
0,0,0,0,0,0,2018-08-10 17:28:25+05:18
0,0,0,0,0,0,2018-08-10 17:29:32+05:18
0,0,0,0,0,0,2018-08-10 18:04:57+05:18
0,0,0,0,0,0,2018-08-10 20:42:21+05:18
0,1,1,1,0,0,2019-05-18 22:30:12+05:18
