Acquisition,Preparation,Modeling,Training,Evaluation,Prediction,time
0,0,0,0,0,0,2018-10-15 22:21:41+02:00
0,0,0,0,0,0,2018-10-16 10:49:17+02:00
0,0,0,0,0,0,2018-10-16 11:04:45+02:00
0,0,0,0,0,0,2018-10-16 13:33:38+02:00
0,0,0,0,0,0,2018-10-16 14:46:41+02:00
0,0,0,0,0,0,2018-10-27 18:41:45+02:00
0,0,0,0,0,0,2018-10-27 20:26:56+02:00
0,0,0,0,0,0,2018-10-28 19:54:17+01:00
0,0,0,0,0,0,2018-10-28 19:55:29+01:00
1,1,0,0,0,0,2018-11-05 18:27:56+01:00
0,0,0,0,0,0,2018-11-05 18:29:19+01:00
0,0,0,0,0,0,2018-11-09 04:23:22+01:00
0,0,0,0,0,0,2018-11-10 20:51:02+01:00
0,0,0,0,0,0,2018-11-13 01:25:32+01:00
0,0,0,0,0,0,2018-11-13 19:17:03+01:00
0,0,0,0,0,0,2018-11-13 19:18:28+01:00
1,1,1,1,1,0,2018-11-23 18:14:50+01:00
0,0,0,0,0,0,2018-11-23 18:15:16+01:00
1,1,1,1,1,0,2018-11-23 18:52:06+01:00
2,2,1,1,1,1,2018-11-26 20:43:53+01:00
0,0,0,0,0,0,2018-11-26 20:48:35+01:00
2,2,1,1,1,2,2018-11-28 23:54:15+01:00
3,3,1,1,1,2,2018-11-29 02:45:43+01:00
0,0,0,0,0,0,2018-11-29 03:30:01+01:00
0,0,0,0,0,0,2018-11-29 03:31:48+01:00
1,1,1,1,1,1,2018-11-30 03:52:50+01:00
2,3,2,2,1,1,2018-12-02 01:27:05+01:00
1,2,1,1,0,0,2018-12-02 03:17:03+01:00
2,2,0,2,2,1,2018-12-02 04:41:23+01:00
1,1,0,1,1,0,2018-12-03 03:52:41+01:00
0,0,0,0,0,0,2018-12-03 17:00:10+01:00
1,1,0,1,1,1,2018-12-03 18:08:54+01:00
2,3,1,2,2,1,2018-12-05 01:27:19+01:00
0,0,0,0,0,0,2018-12-05 16:05:50+01:00
1,1,0,1,1,1,2018-12-05 16:38:06+01:00
0,0,0,0,0,0,2018-12-05 16:56:11+01:00
0,0,0,0,0,0,2018-12-05 16:57:56+01:00
0,0,0,0,0,0,2018-12-05 16:59:51+01:00
0,0,0,0,0,0,2018-12-05 17:04:37+01:00
0,0,0,0,0,0,2018-12-05 17:08:12+01:00
0,0,0,0,0,0,2018-12-05 17:08:33+01:00
1,1,0,0,0,1,2018-12-05 17:10:16+01:00
1,1,0,1,1,0,2018-12-05 17:37:42+01:00
0,0,0,0,0,0,2018-12-05 17:45:43+01:00
0,0,0,0,0,0,2018-12-05 17:46:37+01:00
0,0,0,0,0,0,2018-12-05 17:51:16+01:00
0,0,0,0,0,0,2018-12-05 17:51:56+01:00
2,2,0,2,2,1,2018-12-05 17:54:37+01:00
2,2,0,2,2,1,2018-12-09 19:09:35+01:00
0,0,0,0,0,0,2018-12-09 21:21:56+01:00
2,3,1,2,2,1,2018-12-10 15:07:25+01:00
0,0,0,0,0,0,2018-12-10 15:09:34+01:00
0,0,0,0,0,0,2018-12-10 15:10:43+01:00
2,2,0,2,2,1,2018-12-10 17:15:25+01:00
0,0,0,0,0,0,2018-12-10 17:45:59+01:00
0,1,0,0,0,0,2018-12-17 17:04:14+01:00
0,0,0,0,0,0,2018-12-17 17:04:47+01:00
0,0,0,0,0,0,2018-12-17 17:31:53+01:00
0,0,0,0,0,0,2018-12-17 17:39:27+01:00
0,0,0,0,0,0,2018-12-17 17:41:45+01:00
0,0,0,0,0,0,2018-12-17 17:53:09+01:00
0,0,0,0,0,0,2018-12-17 17:58:15+01:00
0,0,0,0,0,0,2018-12-17 18:04:21+01:00
0,0,0,0,0,0,2018-12-17 18:05:18+01:00
0,0,0,0,0,0,2018-12-17 18:17:51+01:00
0,0,0,0,0,0,2018-12-17 23:41:12+01:00
0,0,0,0,0,0,2018-12-17 23:42:41+01:00
0,0,0,0,0,0,2018-12-21 16:36:23+01:00
0,0,0,0,0,0,2018-12-21 16:37:39+01:00
0,0,0,0,0,0,2018-12-21 16:38:21+01:00
0,0,0,0,0,0,2019-01-04 20:24:57+01:00
0,0,0,0,0,0,2019-01-04 20:25:25+01:00
0,0,0,0,0,0,2019-01-04 20:32:56+01:00
0,0,0,0,0,0,2019-01-10 23:55:25+01:00
0,0,0,0,0,0,2019-01-11 00:55:01+01:00
0,0,0,0,0,0,2019-01-13 16:37:27+01:00
0,0,0,0,0,0,2019-01-13 16:41:40+01:00
2,2,0,1,1,2,2019-04-08 01:08:00+02:00
0,0,0,0,0,0,2019-04-08 01:10:52+02:00
1,1,0,1,1,1,2019-04-11 20:03:54+02:00
0,0,0,0,0,0,2019-04-11 20:05:56+02:00
0,0,0,0,0,0,2019-04-11 20:06:57+02:00
1,1,0,0,0,1,2019-04-11 20:51:12+02:00
0,0,0,0,0,0,2019-04-11 20:52:04+02:00
0,0,0,0,0,0,2019-04-11 20:53:51+02:00
1,1,0,1,1,1,2019-04-13 17:55:11+02:00
0,0,0,0,0,0,2019-04-19 15:51:59+02:00
0,0,0,0,0,0,2019-04-19 15:52:13+02:00
0,0,0,0,0,0,2019-04-19 15:52:26+02:00
0,0,0,0,0,0,2019-04-19 15:56:03+02:00
0,0,0,0,0,0,2019-04-19 15:56:21+02:00
2,4,1,1,1,2,2019-04-20 02:05:29+02:00
0,0,0,0,0,0,2019-04-20 02:06:49+02:00
1,1,0,1,1,1,2019-04-27 22:56:04+02:00
1,2,1,1,1,1,2019-04-28 14:44:34+02:00
2,2,0,0,0,0,2019-05-04 00:58:00+02:00
0,0,0,0,0,0,2019-11-29 16:14:48+01:00
0,0,0,0,0,0,2019-11-29 15:15:13+00:00
0,0,0,0,0,0,2019-11-29 16:16:58+01:00
0,0,0,0,0,0,2019-11-29 20:52:55+01:00
0,0,0,0,0,0,2019-11-29 20:57:59+01:00
1,1,0,0,0,0,2019-11-30 00:00:38+01:00
2,3,0,1,1,2,2019-11-30 01:16:38+01:00
5,6,1,1,1,0,2019-11-30 02:27:45+01:00
0,0,0,0,0,0,2019-11-30 02:30:45+01:00
0,0,0,0,0,0,2019-11-30 02:34:59+01:00
1,2,0,0,0,0,2019-12-01 02:13:59+01:00
1,1,0,0,0,0,2019-12-01 02:17:25+01:00
2,1,0,0,0,0,2019-12-01 13:46:27+01:00
1,1,0,0,0,0,2019-12-01 17:03:32+01:00
0,0,0,0,0,0,2019-12-01 23:29:09+01:00
0,0,0,0,0,0,2019-12-01 23:32:36+01:00
0,0,0,0,0,0,2019-12-02 23:28:15+01:00
0,0,0,0,0,0,2019-12-02 23:37:34+01:00
0,0,0,0,0,0,2019-12-02 23:45:58+01:00
0,0,0,0,0,0,2019-12-03 00:30:35+01:00
0,0,0,0,0,0,2019-12-03 00:39:43+01:00
1,1,0,0,0,0,2019-12-03 22:35:03+01:00
0,0,0,0,0,0,2019-12-03 22:58:25+01:00
2,2,0,0,0,0,2019-12-09 22:19:11+01:00
1,1,0,0,0,0,2019-12-09 22:21:11+01:00
1,1,0,0,0,0,2019-12-09 22:22:19+01:00
3,4,0,0,0,0,2019-12-23 23:36:35+01:00
1,1,0,0,0,0,2020-02-23 11:05:43+01:00
1,1,0,0,0,0,2020-02-23 11:19:41+01:00
0,0,0,0,0,0,2020-02-23 11:24:29+01:00
0,0,0,0,0,0,2020-02-23 10:25:18+00:00
0,0,0,0,0,0,2020-02-23 13:36:02+01:00
2,2,1,2,2,2,2020-04-25 02:03:37+02:00
0,0,0,0,0,0,2020-04-27 23:43:20+02:00
0,0,0,0,0,0,2020-09-02 23:25:41+02:00
0,0,0,0,0,0,2020-09-02 23:25:41+02:00
0,0,0,0,0,0,2020-09-02 23:33:15+02:00
6,8,2,2,2,2,2020-09-03 00:56:49+02:00
6,7,2,2,2,2,2020-09-04 19:55:36+02:00
0,0,0,0,0,0,2020-09-04 20:04:28+02:00
0,0,0,0,0,0,2020-09-07 19:33:29+02:00
1,1,0,0,0,0,2020-09-07 20:21:43+02:00
0,0,0,0,0,0,2020-09-07 20:24:20+02:00
0,0,0,0,0,0,2020-09-07 21:11:41+02:00
0,0,0,0,0,0,2020-09-07 21:14:09+02:00
1,1,0,0,0,0,2020-09-07 00:06:13+02:00
3,4,1,2,2,2,2020-09-07 00:32:33+02:00
0,0,0,0,0,0,2020-09-07 00:35:01+02:00
0,0,0,0,0,0,2020-09-07 21:29:21+02:00
0,0,0,0,0,0,2020-09-07 22:02:39+02:00
4,5,1,2,2,2,2020-09-07 22:35:13+02:00
0,0,0,0,0,0,2020-09-07 22:46:34+02:00
0,0,0,0,0,0,2020-09-07 22:48:57+02:00
1,0,0,0,0,0,2020-09-08 00:01:48+02:00
1,1,0,0,0,0,2020-09-08 00:25:30+02:00
0,0,0,0,0,0,2020-09-08 00:31:04+02:00
0,0,0,0,0,0,2020-11-13 18:06:40+00:00
0,1,1,0,0,0,2020-12-05 01:05:26+01:00
0,0,0,0,0,0,2020-12-05 01:11:34+01:00
