Acquisition,Preparation,Modeling,Training,Evaluation,Prediction,time
0,0,0,0,0,0,2020-03-07 13:05:08-07:00
0,2,2,0,0,0,2020-03-11 22:31:41-04:00
0,0,0,0,0,0,2020-03-11 22:32:01-04:00
1,1,0,0,0,0,2020-03-12 12:13:52-04:00
0,0,0,0,1,0,2020-03-12 12:25:47-04:00
1,1,0,0,0,0,2020-03-12 12:25:57-04:00
2,2,3,0,1,0,2020-04-02 17:15:59-06:00
0,0,0,0,0,0,2020-04-02 23:17:35+00:00
0,0,0,0,0,0,2020-04-04 13:12:23-06:00
2,2,0,0,0,0,2020-04-08 16:20:33-06:00
0,0,0,0,0,0,2020-04-08 16:21:53-06:00
0,0,0,0,0,0,2020-04-13 18:51:29-06:00
0,0,0,0,0,0,2020-04-13 18:53:52-06:00
0,0,0,0,0,0,2020-04-13 18:54:09-06:00
2,2,0,0,0,0,2020-04-13 19:03:57-06:00
0,0,0,0,0,0,2020-04-13 19:07:40-06:00
2,2,0,0,0,0,2020-04-13 19:08:59-06:00
0,0,0,0,0,0,2020-04-14 01:20:26+00:00
0,0,0,0,0,0,2020-04-14 17:23:45-06:00
0,0,0,0,0,0,2020-04-14 17:24:20-06:00
3,3,0,0,0,0,2020-04-14 17:26:26-06:00
0,0,0,0,0,0,2020-04-14 17:26:41-06:00
0,0,0,0,0,0,2020-04-14 17:27:28-06:00
0,0,0,0,0,0,2020-04-14 19:26:15-06:00
0,0,0,0,0,0,2020-04-14 19:26:44-06:00
0,0,0,0,0,0,2020-04-14 19:27:11-06:00
2,3,0,0,0,0,2020-04-14 19:28:11-06:00
0,0,0,0,0,0,2020-04-14 19:28:22-06:00
0,0,0,0,0,0,2020-04-14 19:39:03-06:00
0,1,0,0,0,0,2020-04-15 08:21:07-06:00
0,0,0,0,0,0,2020-04-15 08:21:45-06:00
0,1,0,0,0,0,2020-04-15 08:29:26-06:00
0,0,0,0,0,0,2020-04-19 13:02:39-07:00
0,0,0,0,0,0,2020-04-24 13:02:41-04:00
0,0,0,0,0,0,2020-04-24 22:35:46-07:00
0,0,0,0,0,0,2020-04-24 23:36:26-07:00
0,0,0,0,0,0,2020-05-05 03:56:39+00:00
1,1,0,0,0,0,2020-05-04 21:59:37-06:00
2,3,0,0,0,0,2020-08-26 16:21:38-06:00
0,1,0,0,0,0,2020-08-26 16:27:17-06:00
1,1,0,0,0,0,2020-08-28 09:27:07-06:00
0,0,0,0,0,0,2020-09-26 00:53:06+00:00
0,1,0,0,0,0,2020-10-08 18:09:28-06:00
1,1,0,0,0,0,2020-10-09 16:32:51-06:00
2,3,0,0,0,0,2020-10-09 17:07:11-06:00
1,2,0,0,0,0,2020-10-09 17:23:16-06:00
0,0,0,0,0,0,2020-10-10 01:27:48-06:00
0,0,0,0,0,0,2020-10-10 01:28:17-06:00
2,3,0,0,0,0,2020-10-10 03:11:36-06:00
0,0,0,0,0,0,2020-10-10 03:11:53-06:00
0,1,0,0,0,0,2020-10-19 16:41:22-06:00
2,3,0,0,0,0,2021-01-31 12:26:41-07:00
2,2,0,0,0,0,2021-01-31 17:37:14-07:00
1,1,0,0,0,0,2021-01-31 18:15:07-07:00
1,1,0,0,0,0,2021-01-31 18:20:19-07:00
1,1,0,0,0,0,2021-01-31 18:26:49-07:00
2,2,0,0,0,0,2021-12-12 23:04:42-05:00
0,0,0,0,0,0,2021-12-15 11:44:00-05:00
0,0,0,0,0,0,2021-12-16 18:06:54-05:00
0,0,0,0,0,0,2021-12-16 18:07:24-05:00
0,0,0,0,0,0,2021-12-16 16:14:28-07:00
0,0,0,0,0,0,2021-12-16 16:15:21-07:00
1,1,0,0,0,0,2022-03-30 10:22:02-06:00
0,0,0,0,0,0,2022-03-30 10:22:13-06:00
0,0,0,0,0,0,2022-03-30 10:22:55-06:00
