Acquisition,Preparation,Modeling,Training,Evaluation,Prediction,time
2,2,0,0,0,0,2021-09-06 09:16:47+01:00
1,1,0,0,1,0,2021-09-07 10:59:47+01:00
0,0,0,0,0,0,2021-09-07 11:01:30+01:00
0,0,0,0,0,0,2021-09-07 11:28:35+01:00
0,0,0,0,0,0,2021-09-07 11:36:15+01:00
0,0,0,0,0,0,2021-09-07 12:03:54+01:00
0,0,0,0,0,0,2021-09-07 12:06:36+01:00
0,0,0,0,0,0,2021-09-07 12:11:04+01:00
0,0,0,0,0,0,2021-09-07 12:13:39+01:00
1,1,0,0,1,0,2021-09-07 12:18:58+01:00
0,0,0,0,0,0,2021-09-07 12:19:37+01:00
1,1,0,0,1,0,2021-09-07 16:46:23+01:00
0,0,0,0,0,0,2021-09-07 16:47:09+01:00
1,2,0,1,0,0,2021-09-07 16:54:30+01:00
0,0,0,0,0,0,2021-09-07 16:55:24+01:00
2,2,0,0,1,0,2021-09-07 17:20:05+01:00
1,4,0,2,0,0,2021-09-08 08:55:06+01:00
0,0,0,0,0,0,2021-09-08 08:56:20+01:00
1,2,1,1,0,0,2021-09-08 09:06:51+01:00
0,0,0,0,0,0,2021-09-08 09:12:32+01:00
0,0,0,0,0,0,2021-09-08 09:12:47+01:00
2,2,0,0,2,0,2021-09-08 09:16:50+01:00
1,1,0,0,0,0,2021-09-08 09:17:44+01:00
0,0,0,0,0,0,2021-09-08 09:19:28+01:00
0,0,0,0,0,0,2021-09-08 09:19:33+01:00
1,2,0,1,0,1,2021-09-08 10:57:02+01:00
0,0,0,0,0,0,2021-09-08 10:57:44+01:00
0,1,0,0,2,0,2021-09-08 12:02:51+01:00
0,0,0,0,0,0,2021-09-08 12:05:08+01:00
0,0,0,0,0,0,2021-09-08 12:05:17+01:00
2,3,1,2,3,1,2021-09-09 11:20:33+01:00
0,0,0,0,0,0,2021-09-09 11:22:10+01:00
1,2,0,1,1,0,2021-09-09 11:28:04+01:00
0,0,0,0,0,0,2021-09-09 11:28:31+01:00
1,4,0,1,0,0,2021-09-09 17:46:26+01:00
0,0,0,0,0,0,2021-09-09 17:47:58+01:00
0,0,0,0,0,0,2021-09-09 17:48:04+01:00
2,5,1,1,0,0,2021-09-10 17:29:25+01:00
0,0,0,0,0,0,2021-09-10 17:30:17+01:00
1,4,3,4,3,3,2021-09-14 09:40:43+01:00
0,0,0,0,0,0,2021-09-14 09:43:32+01:00
2,5,1,1,0,0,2021-09-14 09:43:49+01:00
0,0,0,0,0,0,2021-09-14 09:44:54+01:00
1,3,1,1,0,1,2021-09-15 17:50:27+01:00
0,0,0,0,0,0,2021-09-15 17:51:15+01:00
0,2,2,2,1,1,2021-09-16 09:21:18+01:00
0,0,0,0,0,0,2021-09-16 09:22:39+01:00
0,2,1,2,1,1,2021-09-16 09:40:31+01:00
0,0,0,0,0,0,2021-09-16 09:52:48+01:00
0,0,0,0,0,0,2021-09-16 09:54:52+01:00
0,0,0,0,0,0,2021-09-16 10:06:27+01:00
0,0,0,0,0,0,2021-09-16 11:13:38+01:00
0,0,0,0,0,0,2021-09-16 12:00:36+01:00
0,0,0,0,0,0,2021-09-16 14:06:05+01:00
0,0,0,0,0,0,2021-09-16 14:13:37+01:00
0,0,0,0,0,0,2021-09-16 14:48:41+01:00
0,1,0,1,1,0,2021-09-20 16:35:55+01:00
0,0,0,0,0,0,2021-09-20 16:36:29+01:00
0,0,0,0,0,0,2021-09-21 10:45:43+01:00
0,0,0,0,0,0,2021-09-21 10:46:09+01:00
0,6,6,6,4,3,2021-09-28 12:16:25+01:00
0,0,0,0,0,0,2021-10-08 18:42:51+01:00
0,0,0,0,0,0,2021-10-08 18:48:22+01:00
0,0,0,0,0,0,2021-10-08 18:48:42+01:00
0,0,0,0,0,0,2021-10-08 18:50:11+01:00
0,0,0,0,0,0,2021-10-08 18:57:05+01:00
