Acquisition,Preparation,Modeling,Training,Evaluation,Prediction,time
0,0,0,0,0,0,2020-10-12 18:50:07+05:18
0,0,0,0,0,0,2020-10-12 18:51:56+05:18
0,0,0,0,0,0,2020-10-13 00:26:00+05:18
0,0,0,0,0,0,2020-10-13 17:15:39+05:18
0,0,0,0,0,0,2020-10-13 23:24:09+05:18
0,0,0,0,0,0,2020-10-13 23:26:36+05:18
0,0,0,0,0,0,2020-10-13 23:33:46+05:18
0,0,0,0,0,0,2020-10-14 11:45:36+05:18
0,0,0,0,0,0,2020-10-14 16:44:13+05:18
0,0,0,0,0,0,2020-10-15 00:45:37+05:18
0,0,0,0,0,0,2020-10-21 16:50:35+05:18
0,0,0,0,0,0,2020-10-21 23:14:22+05:18
0,0,0,0,0,0,2020-10-21 23:19:09+05:18
0,0,0,0,0,0,2020-10-21 23:19:41+05:18
0,0,0,0,0,0,2020-10-21 23:22:48+05:18
0,0,0,0,0,0,2020-10-21 23:26:01+05:18
0,0,0,0,0,0,2020-10-21 23:42:21+05:18
0,0,0,0,0,0,2020-10-21 23:44:52+05:18
0,0,0,0,0,0,2020-10-22 00:08:42+05:18
0,0,0,0,0,0,2020-10-27 23:33:22+05:18
0,0,0,0,0,0,2020-10-27 23:36:08+05:18
4,5,1,1,0,1,2020-11-12 02:35:00+05:18
13,13,0,0,0,4,2020-11-16 22:36:16+05:18
0,0,0,0,0,0,2020-11-16 22:44:52+05:18
0,0,0,0,0,0,2020-11-16 22:46:01+05:18
0,0,0,0,0,0,2020-11-17 15:41:55+05:18
5,5,0,0,0,2,2020-11-17 15:59:22+05:18
5,6,0,0,0,1,2020-11-17 16:30:55+05:18
1,1,0,0,0,0,2020-11-17 16:36:41+05:18
2,2,0,0,0,1,2020-11-18 12:04:31+05:18
1,2,0,0,0,1,2020-11-18 16:33:04+05:18
1,1,0,0,0,1,2020-11-18 16:43:09+05:18
2,4,0,0,0,1,2020-11-19 13:26:23+05:18
1,2,0,0,0,0,2020-11-19 14:37:04+05:18
1,1,0,0,0,1,2020-11-19 21:36:15+05:18
5,6,0,0,0,2,2020-11-19 21:41:00+05:18
0,1,0,0,0,0,2020-11-19 21:46:35+05:18
2,4,0,0,0,2,2020-11-21 11:21:44+05:18
0,0,0,0,0,0,2020-11-21 11:24:39+05:18
0,0,0,0,0,0,2020-11-21 11:25:21+05:18
1,1,0,0,0,1,2020-11-21 11:29:14+05:18
0,0,0,0,0,0,2020-11-21 11:30:50+05:18
1,1,0,0,0,1,2020-11-21 11:35:27+05:18
0,0,0,0,0,0,2020-11-21 11:36:14+05:18
1,1,0,0,0,1,2020-11-21 11:53:40+05:18
2,2,0,0,0,2,2020-11-22 01:45:25+05:18
3,2,0,0,0,2,2020-12-03 20:37:35+05:18
1,1,0,0,0,1,2020-12-03 23:41:29+05:18
3,5,0,0,0,4,2020-12-04 00:49:36+05:18
0,0,0,0,0,0,2020-12-04 01:05:58+05:18
0,0,0,0,0,0,2020-12-04 01:19:30+05:18
1,1,0,0,0,1,2020-12-04 01:20:01+05:18
1,1,0,0,0,1,2020-12-04 01:29:58+05:18
0,0,0,0,0,0,2020-12-04 01:42:45+05:18
0,0,0,0,0,0,2020-12-04 01:45:36+05:18
1,1,0,0,0,1,2020-12-04 10:09:33+05:18
0,0,0,0,0,0,2020-12-04 10:10:52+05:18
1,1,0,0,0,1,2020-12-04 10:19:40+05:18
1,1,0,0,0,1,2020-12-04 10:58:44+05:18
0,0,0,0,0,0,2020-12-04 10:59:50+05:18
0,0,0,0,0,0,2020-12-04 11:09:22+05:18
1,1,0,0,0,1,2020-12-04 13:04:39+05:18
