Acquisition,Preparation,Modeling,Training,Evaluation,Prediction,time
0,0,0,0,0,0,2019-08-10 18:46:41+05:18
0,0,0,0,0,0,2019-08-10 18:48:02+05:18
2,2,0,0,0,0,2019-08-10 18:50:52+05:18
1,1,1,1,0,1,2019-08-13 21:59:06+05:18
0,0,0,0,0,0,2019-08-13 22:02:03+05:18
0,0,0,0,0,0,2019-08-20 21:08:49+05:18
0,0,0,0,0,0,2019-08-20 21:10:30+05:18
1,1,1,1,0,1,2019-08-20 21:22:52+05:18
1,1,1,1,0,1,2019-08-20 21:23:18+05:18
0,0,0,0,0,0,2019-08-20 21:31:49+05:18
1,1,0,0,0,0,2019-08-21 08:21:29+05:18
1,1,0,0,0,0,2019-08-21 08:25:04+05:18
0,0,0,0,0,0,2019-08-21 08:29:20+05:18
2,2,0,0,0,0,2019-08-22 12:27:08+05:18
1,1,1,1,0,1,2019-08-22 12:31:57+05:18
2,2,0,0,0,0,2019-08-22 12:37:15+05:18
2,2,0,0,0,0,2019-08-23 08:42:33+05:18
0,0,0,0,0,0,2019-08-23 08:43:56+05:18
0,0,0,0,0,0,2019-08-29 21:51:46+05:18
0,0,0,0,0,0,2019-08-29 21:52:45+05:18
1,1,0,0,0,1,2019-08-30 20:50:01+05:18
0,0,0,0,0,0,2019-08-30 20:53:33+05:18
0,0,0,0,0,0,2019-08-30 20:56:00+05:18
1,2,2,1,0,1,2019-08-30 21:07:43+05:18
0,0,0,0,0,0,2019-08-30 21:43:11+05:18
1,1,1,1,0,1,2019-09-01 23:44:37+05:18
1,1,0,0,0,1,2019-09-02 22:29:35+05:18
0,0,0,0,0,0,2019-09-07 12:22:28+05:18
0,0,0,0,0,0,2019-09-07 12:32:36+05:18
1,1,1,1,0,1,2020-04-16 07:31:08+05:18
1,1,1,1,0,1,2020-04-16 07:49:14+05:18
0,0,0,0,0,0,2020-05-04 07:05:04+05:18
0,0,0,0,0,0,2020-07-10 18:15:13+05:18
2,2,0,0,0,0,2020-12-30 09:04:16+05:18
2,3,2,1,0,2,2020-12-30 09:13:43+05:18
0,0,0,0,0,0,2021-04-10 14:45:29+05:18
2,3,2,1,0,2,2021-04-10 14:45:47+05:18
3,4,2,0,0,1,2021-04-10 14:56:29+05:18
0,0,0,0,0,0,2021-04-10 14:56:59+05:18
0,0,0,0,0,0,2021-04-10 15:00:49+05:18
3,4,3,1,0,3,2021-04-10 19:25:03+05:18
0,0,0,0,0,0,2021-04-10 19:25:45+05:18
0,0,0,0,0,0,2021-04-10 19:27:02+05:18
0,0,0,0,0,0,2021-04-10 19:27:51+05:18
0,0,0,0,0,0,2021-04-10 21:51:51+05:18
0,0,0,0,0,0,2021-04-10 21:52:27+05:18
1,1,1,1,0,1,2021-04-10 21:52:53+05:18
0,0,0,0,0,0,2021-04-10 22:03:45+05:18
0,0,0,0,0,0,2021-04-10 22:07:36+05:18
0,0,0,0,0,0,2021-04-10 22:09:21+05:18
0,0,0,0,0,0,2021-04-10 22:11:23+05:18
0,0,0,0,0,0,2021-04-10 22:11:37+05:18
