Acquisition,Preparation,Modeling,Training,Evaluation,Prediction,time
0,0,0,0,0,0,2021-03-02 11:19:03+00:00
0,0,0,0,0,0,2021-03-02 11:47:05+00:00
0,0,0,0,0,0,2021-03-02 11:47:19+00:00
0,0,0,0,0,0,2021-03-02 11:51:25+00:00
0,0,0,0,0,0,2021-03-02 13:57:49+00:00
0,0,0,0,0,0,2021-03-02 14:00:06+00:00
0,0,0,0,0,0,2021-03-02 14:00:47+00:00
0,0,0,0,0,0,2021-03-02 14:01:20+00:00
0,0,0,0,0,0,2021-03-02 14:02:23+00:00
0,0,0,0,0,0,2021-03-02 14:02:50+00:00
0,0,0,0,0,0,2021-03-02 14:11:03+00:00
0,0,0,0,0,0,2021-03-02 14:12:48+00:00
0,0,0,0,0,0,2021-03-02 14:13:17+00:00
0,0,0,0,0,0,2021-03-02 14:16:23+00:00
0,0,0,0,0,0,2021-03-02 18:05:51+00:00
0,0,0,0,0,0,2021-03-02 18:09:56+00:00
0,0,0,0,0,0,2021-03-02 18:23:39+00:00
0,0,0,0,0,0,2021-03-02 18:29:41+00:00
0,0,0,0,0,0,2021-03-02 18:30:38+00:00
0,0,0,0,0,0,2021-03-03 17:53:15+00:00
0,0,0,0,0,0,2021-03-04 11:04:34+00:00
0,0,0,0,0,0,2021-03-04 11:09:41+00:00
0,0,0,0,0,0,2021-03-04 15:28:28+00:00
0,0,0,0,0,0,2021-03-04 15:31:44+00:00
0,0,0,0,0,0,2021-03-06 10:32:23+00:00
2,2,2,2,0,0,2021-03-07 11:19:53+00:00
0,0,0,0,0,0,2021-03-07 11:20:22+00:00
2,2,2,2,0,0,2021-03-07 11:49:35+00:00
0,0,0,0,0,0,2021-03-09 22:50:31+00:00
0,1,0,1,0,0,2021-03-11 00:28:50+00:00
0,0,0,0,0,0,2021-03-11 00:29:26+00:00
0,0,0,0,0,0,2021-03-11 00:29:54+00:00
0,0,0,0,0,0,2021-03-11 10:31:20+00:00
0,0,0,0,0,0,2021-03-12 11:06:35+00:00
0,0,0,0,0,0,2021-03-12 11:10:27+00:00
2,4,2,4,2,2,2021-03-16 12:39:40+00:00
0,0,0,0,0,0,2021-03-16 12:41:14+00:00
0,0,0,0,0,0,2021-03-16 12:41:30+00:00
0,0,0,0,0,0,2021-03-31 16:02:36+01:00
0,0,0,0,0,0,2021-03-31 17:02:45+01:00
0,0,0,0,0,0,2021-03-31 17:06:48+01:00
2,2,1,1,0,0,2021-04-07 18:35:51+01:00
0,0,0,0,0,0,2021-04-08 11:32:33+01:00
0,0,0,0,0,0,2021-04-08 11:39:02+01:00
0,0,0,0,0,0,2021-04-08 11:42:30+01:00
0,0,0,0,0,0,2021-04-08 11:43:54+01:00
0,0,0,0,0,0,2021-04-08 11:59:30+01:00
0,0,0,0,0,0,2021-04-08 12:12:30+01:00
0,0,0,0,0,0,2021-04-08 12:49:10+01:00
0,0,0,0,0,0,2021-04-08 13:11:53+01:00
0,0,0,0,0,0,2021-04-08 13:29:46+01:00
0,0,0,0,0,0,2021-04-08 13:31:58+01:00
0,0,0,0,0,0,2021-04-08 13:35:42+01:00
0,0,0,0,0,0,2021-04-08 13:37:45+01:00
0,0,0,0,0,0,2021-04-08 13:41:50+01:00
0,0,0,0,0,0,2021-04-08 13:45:41+01:00
0,0,0,0,0,0,2021-04-08 13:52:19+01:00
0,0,0,0,0,0,2021-04-08 13:59:29+01:00
0,0,0,0,0,0,2021-04-08 14:09:36+01:00
0,0,0,0,0,0,2021-04-08 14:12:29+01:00
0,0,0,0,0,0,2021-04-08 14:17:25+01:00
1,1,0,0,0,0,2021-04-08 14:32:37+01:00
0,0,0,0,0,0,2021-04-08 14:35:05+01:00
0,0,0,0,0,0,2021-04-08 14:43:36+01:00
1,1,0,0,0,0,2021-04-08 15:04:00+01:00
0,0,0,0,0,0,2021-04-11 21:39:48+01:00
0,0,0,0,0,0,2021-04-11 21:40:12+01:00
2,1,1,1,0,0,2021-04-13 11:22:44+01:00
0,0,0,0,0,0,2021-04-13 11:23:11+01:00
0,0,0,0,0,0,2021-04-13 17:49:13+01:00
0,0,0,0,0,0,2021-04-13 17:49:37+01:00
1,1,1,1,0,0,2021-04-13 18:09:44+01:00
1,1,1,1,0,0,2021-04-14 13:11:53+01:00
0,0,0,0,0,0,2021-04-17 11:41:18+01:00
0,0,0,0,0,0,2021-04-17 11:41:45+01:00
0,0,0,0,0,0,2021-04-17 12:23:38+01:00
0,0,0,0,0,0,2021-04-17 12:25:27+01:00
1,1,0,1,0,0,2021-04-19 16:51:01+01:00
1,1,0,1,0,0,2021-04-19 16:52:45+01:00
1,1,0,1,0,0,2021-04-19 16:53:11+01:00
1,1,1,1,1,1,2021-04-20 19:08:54+01:00
1,1,1,1,1,1,2021-04-21 12:43:02+01:00
1,1,1,1,1,1,2021-04-21 12:44:55+01:00
0,0,0,0,0,0,2021-04-21 12:47:04+01:00
1,1,0,0,0,0,2021-04-24 10:23:59+01:00
0,0,0,0,0,0,2021-04-24 11:29:27+01:00
0,0,0,0,0,0,2021-04-24 11:29:39+01:00
1,1,0,0,0,0,2021-04-26 17:32:13+01:00
0,0,0,0,0,0,2021-04-26 17:32:29+01:00
0,0,0,0,0,0,2022-05-25 14:36:01+01:00
0,0,0,0,0,0,2022-05-25 14:39:34+01:00
0,0,0,0,0,0,2022-05-25 14:40:10+01:00
0,0,0,0,0,0,2022-05-25 14:40:54+01:00
