Acquisition,Preparation,Modeling,Training,Evaluation,Prediction,time
0,0,0,0,0,0,2019-02-18 20:51:27+09:00
0,0,0,0,0,0,2019-02-18 22:38:54+09:00
0,0,0,0,0,0,2019-02-18 22:46:24+09:00
0,0,0,0,0,0,2019-02-18 22:50:36+09:00
0,0,0,0,0,0,2019-02-18 22:53:21+09:00
0,0,0,0,0,0,2019-02-18 22:57:00+09:00
0,0,0,0,0,0,2019-02-19 14:14:23+09:00
0,0,0,0,0,0,2019-02-19 16:12:47+09:00
0,0,0,0,0,0,2019-02-19 19:12:01+09:00
0,0,0,0,0,0,2019-02-19 19:14:50+09:00
0,0,0,0,0,0,2019-02-19 19:36:00+09:00
0,0,0,0,0,0,2019-02-19 19:39:53+09:00
0,0,0,0,0,0,2019-02-19 19:43:27+09:00
0,0,0,0,0,0,2019-02-19 19:59:24+09:00
0,0,0,0,0,0,2019-02-19 20:01:16+09:00
0,0,0,0,0,0,2019-02-20 15:01:54+09:00
0,0,0,0,0,0,2019-02-20 15:21:31+09:00
0,0,0,0,0,0,2019-02-20 15:24:28+09:00
0,0,0,0,0,0,2019-02-26 19:03:13+09:00
0,0,0,0,0,0,2019-02-26 19:08:17+09:00
0,0,0,0,0,0,2019-02-26 20:42:00+09:00
0,1,0,0,0,0,2019-02-26 21:18:50+09:00
0,0,0,0,0,0,2019-02-26 23:48:44+09:00
0,1,0,0,0,0,2019-02-27 00:42:01+09:00
0,0,0,0,0,0,2019-02-28 17:21:49+09:00
0,0,0,0,0,0,2019-02-28 18:20:49+09:00
0,0,0,0,0,0,2019-03-05 02:41:46+09:00
0,0,0,0,0,0,2019-03-05 02:48:30+09:00
0,1,0,0,0,0,2019-03-05 02:51:16+09:00
0,1,0,0,0,0,2019-03-05 03:07:41+09:00
0,1,0,0,0,0,2019-03-06 18:17:43+09:00
0,1,0,0,0,0,2019-03-06 19:14:31+09:00
0,0,0,0,0,0,2019-03-06 19:15:53+09:00
0,0,0,0,0,0,2019-03-06 19:19:32+09:00
0,0,0,0,0,0,2019-03-06 19:20:17+09:00
0,1,0,0,0,0,2019-03-06 19:21:50+09:00
0,2,0,0,0,0,2019-03-06 20:23:51+09:00
0,1,0,0,0,0,2019-03-06 20:50:26+09:00
0,0,0,0,0,0,2019-03-06 20:54:32+09:00
0,0,0,0,0,0,2019-03-06 20:58:36+09:00
1,0,0,0,0,0,2019-03-06 21:24:15+09:00
1,0,0,0,0,0,2019-03-06 21:55:43+09:00
0,1,0,0,0,0,2019-03-07 16:29:55+09:00
0,1,0,0,0,0,2019-03-07 16:32:22+09:00
0,0,0,0,0,0,2019-03-07 16:33:35+09:00
0,1,0,0,0,0,2019-03-07 16:35:03+09:00
0,0,0,0,0,0,2019-03-07 16:36:10+09:00
0,1,0,0,0,0,2019-03-07 16:37:15+09:00
1,0,0,0,0,0,2019-03-07 18:07:40+09:00
0,1,0,0,0,0,2019-03-07 19:16:26+09:00
0,1,0,0,0,0,2019-03-07 19:25:24+09:00
0,0,0,0,0,0,2019-03-07 19:27:41+09:00
0,1,0,0,0,0,2019-03-07 19:40:38+09:00
0,0,0,0,0,0,2019-03-07 19:45:40+09:00
0,0,0,0,0,0,2019-03-07 19:47:58+09:00
0,0,0,0,0,0,2019-03-07 20:46:07+09:00
0,0,0,0,0,0,2019-03-07 20:48:21+09:00
0,0,0,0,0,0,2019-03-07 20:49:45+09:00
1,0,0,0,0,0,2019-03-07 21:27:27+09:00
1,0,0,0,0,0,2019-03-11 18:00:50+09:00
1,0,0,0,0,0,2019-03-11 18:06:24+09:00
1,1,0,0,0,0,2019-03-11 18:08:34+09:00
1,0,0,0,0,0,2019-03-11 18:09:27+09:00
1,0,0,0,0,0,2019-03-11 18:10:23+09:00
1,0,0,0,0,0,2019-03-11 18:12:00+09:00
1,0,0,0,0,0,2019-04-10 23:01:35+09:00
1,1,0,0,0,0,2019-04-10 23:02:12+09:00
1,1,0,0,0,0,2019-04-10 23:02:45+09:00
1,1,0,0,0,0,2019-04-10 23:03:13+09:00
4,4,0,0,0,0,2019-04-11 21:18:27+09:00
0,0,0,0,0,0,2019-04-11 21:19:44+09:00
0,0,0,0,0,0,2019-04-11 21:23:19+09:00
0,0,0,0,0,0,2019-04-11 21:30:33+09:00
1,0,0,0,0,0,2019-05-04 23:14:44+09:00
1,1,0,0,0,0,2019-05-04 23:16:40+09:00
1,1,0,0,0,0,2019-05-04 23:17:26+09:00
1,1,0,0,0,0,2019-05-04 23:20:28+09:00
1,1,0,0,0,0,2019-05-04 23:21:23+09:00
1,0,0,0,0,0,2019-05-04 23:22:13+09:00
1,0,0,0,0,0,2019-05-04 23:24:26+09:00
1,0,0,0,0,0,2019-05-04 23:25:04+09:00
1,1,0,0,0,0,2019-05-04 23:26:52+09:00
1,1,0,0,0,0,2019-05-06 02:43:39+09:00
1,1,0,0,0,0,2019-05-06 02:46:53+09:00
1,1,0,0,0,0,2019-05-08 16:23:29+09:00
0,0,0,0,0,0,2019-05-08 17:18:42+09:00
0,0,0,0,0,0,2019-05-13 15:31:14+09:00
1,1,0,0,0,0,2019-05-25 13:07:09+09:00
1,1,0,0,0,0,2019-05-25 13:07:32+09:00
1,1,0,0,0,0,2019-05-25 13:07:38+09:00
1,1,0,0,0,0,2019-05-25 13:07:46+09:00
1,0,0,0,0,0,2019-05-25 13:07:54+09:00
1,1,0,0,0,0,2019-05-25 13:08:29+09:00
1,1,0,0,0,0,2019-05-25 13:08:35+09:00
1,1,0,0,0,0,2019-05-25 13:08:40+09:00
1,1,0,0,0,0,2019-05-25 14:07:34+09:00
1,1,0,0,0,0,2019-05-25 14:07:47+09:00
1,1,0,0,0,0,2019-05-25 14:07:55+09:00
1,0,0,0,0,0,2019-05-25 14:08:13+09:00
1,1,0,0,0,0,2019-05-25 14:08:32+09:00
1,1,0,0,0,0,2019-05-25 14:08:49+09:00
1,1,0,0,0,0,2019-05-25 14:09:06+09:00
0,0,0,0,0,0,2019-05-25 16:39:29+09:00
0,0,0,0,0,0,2019-05-26 00:31:46+09:00
1,1,0,0,0,0,2019-05-26 21:25:32+09:00
0,0,0,0,0,0,2019-05-26 21:25:45+09:00
0,0,0,0,0,0,2019-05-26 21:25:53+09:00
0,0,0,0,0,0,2019-05-26 21:26:03+09:00
0,0,0,0,0,0,2019-05-26 21:26:12+09:00
0,0,0,0,0,0,2019-05-26 21:26:19+09:00
0,0,0,0,0,0,2019-05-26 21:26:27+09:00
0,0,0,0,0,0,2019-05-26 21:26:34+09:00
0,0,0,0,0,0,2019-05-26 21:26:42+09:00
0,0,0,0,0,0,2019-05-26 21:26:50+09:00
0,0,0,0,0,0,2019-05-27 19:42:22+09:00
1,0,0,0,0,0,2019-06-03 23:16:11+09:00
1,1,0,0,0,0,2019-06-03 23:18:13+09:00
1,1,0,0,0,0,2019-06-03 23:18:26+09:00
1,1,0,0,0,0,2019-06-03 23:18:31+09:00
1,1,0,0,0,0,2019-06-03 23:18:37+09:00
1,0,0,0,0,0,2019-06-03 23:18:44+09:00
1,0,0,0,0,0,2019-06-03 23:18:50+09:00
1,0,0,0,0,0,2019-06-03 23:18:56+09:00
1,0,0,0,0,0,2019-06-03 23:19:02+09:00
1,1,0,0,0,0,2019-06-03 23:19:09+09:00
0,0,0,0,0,0,2019-06-03 23:22:26+09:00
1,1,0,0,0,0,2019-06-04 00:43:22+09:00
1,0,1,0,0,0,2019-06-04 00:43:57+09:00
1,0,0,0,0,0,2019-06-04 00:44:03+09:00
1,0,0,0,0,0,2019-06-04 00:44:24+09:00
1,0,0,0,0,0,2019-06-04 00:44:30+09:00
1,1,0,0,0,0,2019-06-04 00:44:34+09:00
0,0,0,0,0,0,2019-06-04 14:38:50+09:00
1,1,0,0,0,0,2019-06-04 17:50:54+09:00
0,0,0,0,0,0,2019-06-04 17:50:59+09:00
0,0,0,0,0,0,2019-06-04 17:51:04+09:00
0,0,0,0,0,0,2019-06-04 17:51:09+09:00
0,0,0,0,0,0,2019-06-04 17:51:14+09:00
0,0,0,0,0,0,2019-06-04 17:51:22+09:00
0,0,0,0,0,0,2019-06-04 17:51:27+09:00
0,1,0,0,0,0,2019-06-04 17:51:35+09:00
0,0,0,0,0,0,2019-06-04 17:51:41+09:00
0,1,0,0,0,0,2019-06-04 20:01:47+09:00
0,1,0,0,0,0,2019-06-04 21:13:55+09:00
0,1,0,0,0,0,2019-06-04 21:14:22+09:00
0,0,0,0,0,0,2019-06-04 21:24:26+09:00
0,0,0,0,0,0,2019-06-04 21:27:11+09:00
1,1,0,0,0,0,2019-10-02 23:22:42+09:00
1,1,0,0,0,0,2019-10-02 23:24:58+09:00
1,1,0,0,0,0,2019-10-02 23:25:14+09:00
1,0,1,0,0,0,2019-10-02 23:25:30+09:00
0,0,0,0,0,0,2019-10-02 23:25:48+09:00
0,0,0,0,0,0,2019-10-02 23:26:01+09:00
0,0,0,0,0,0,2019-10-02 23:26:17+09:00
0,1,0,0,0,0,2019-10-02 23:26:35+09:00
0,0,0,0,0,0,2019-10-02 23:34:47+09:00
1,1,0,0,0,0,2019-10-02 23:47:19+09:00
1,0,0,0,0,0,2019-10-02 23:47:45+09:00
1,1,0,0,0,0,2019-10-02 23:48:04+09:00
1,1,0,1,0,0,2019-10-03 01:10:12+09:00
1,1,0,1,0,0,2019-10-03 01:10:27+09:00
1,1,0,1,0,0,2019-10-03 01:10:40+09:00
1,1,0,1,0,0,2019-10-03 01:10:55+09:00
1,1,0,1,1,0,2019-10-03 01:11:08+09:00
1,0,0,0,0,0,2019-10-03 15:26:54+09:00
1,1,0,0,0,0,2019-10-03 15:27:53+09:00
1,1,0,1,0,0,2019-10-03 15:29:29+09:00
4,4,0,4,1,0,2019-10-03 15:30:17+09:00
1,1,0,1,0,0,2019-10-03 17:37:10+09:00
1,1,0,0,1,0,2019-10-03 17:47:48+09:00
0,0,0,0,0,0,2019-10-03 17:48:32+09:00
0,0,0,0,0,0,2019-10-03 17:50:44+09:00
0,0,0,0,0,0,2019-10-23 14:07:30+09:00
0,0,0,0,0,0,2019-10-23 14:14:30+09:00
0,0,0,0,0,0,2019-10-23 14:22:08+09:00
0,0,0,0,0,0,2019-10-23 14:23:21+09:00
0,0,0,0,0,0,2019-10-23 14:24:41+09:00
0,0,0,0,0,0,2019-10-25 15:14:44+09:00
0,1,0,0,0,0,2019-10-25 15:19:45+09:00
0,1,0,0,0,0,2019-10-25 15:23:25+09:00
0,1,0,0,0,0,2019-10-25 15:27:41+09:00
0,0,0,0,0,0,2019-10-25 15:31:22+09:00
0,1,0,0,0,0,2019-10-25 15:34:05+09:00
0,0,0,0,0,0,2019-10-25 15:37:47+09:00
0,1,0,0,0,0,2019-10-25 15:41:09+09:00
0,0,0,0,0,0,2019-10-25 22:24:57+09:00
