Acquisition,Preparation,Modeling,Training,Evaluation,Prediction,time
2,2,2,1,1,0,2019-07-10 20:55:31+02:00
0,0,0,0,0,0,2019-07-10 21:02:04+02:00
1,2,1,1,1,0,2019-07-14 21:25:30+02:00
2,2,2,1,1,1,2019-07-16 19:43:46+02:00
0,1,1,1,1,1,2019-07-16 19:55:40+02:00
0,1,1,1,1,1,2019-07-16 20:28:04+02:00
0,1,1,1,1,1,2019-07-16 20:40:09+02:00
0,1,1,1,1,1,2019-07-16 20:55:11+02:00
2,3,2,1,1,1,2019-07-16 22:10:10+02:00
1,2,1,1,1,1,2019-07-16 22:19:55+02:00
1,2,1,1,1,1,2019-07-16 22:49:07+02:00
0,1,1,1,1,1,2019-07-17 06:18:48+02:00
1,1,1,0,0,0,2019-07-17 06:55:36+02:00
0,2,2,1,2,2,2019-07-20 15:57:37+02:00
2,2,2,1,0,0,2019-07-20 16:02:13+02:00
0,2,1,1,0,0,2019-07-20 16:28:18+02:00
0,2,1,1,0,0,2019-07-20 17:02:03+02:00
1,3,2,1,1,1,2019-07-20 17:44:33+02:00
1,1,0,0,0,0,2019-07-21 12:53:52+02:00
0,0,0,0,0,0,2019-07-21 12:55:00+02:00
0,0,0,0,0,0,2019-07-21 13:25:50+02:00
0,2,1,1,0,0,2019-07-21 14:35:37+02:00
0,0,0,0,0,0,2019-07-21 14:36:11+02:00
0,2,1,1,0,0,2019-07-21 14:40:39+02:00
0,2,2,1,1,1,2019-07-21 15:24:12+02:00
0,1,1,0,0,0,2019-07-22 15:43:17+02:00
1,4,2,0,1,1,2019-07-22 21:35:13+02:00
0,0,0,0,0,0,2019-07-22 21:42:01+02:00
0,1,1,0,0,0,2019-07-24 07:22:22+02:00
1,3,2,0,1,1,2019-07-29 07:47:39+02:00
1,5,3,0,1,1,2019-07-30 01:58:50+02:00
0,2,1,0,1,1,2019-07-30 02:13:27+02:00
1,2,2,0,1,1,2019-09-09 02:05:01+02:00
0,1,0,0,0,0,2019-09-10 07:44:31+02:00
0,1,1,0,0,0,2019-09-10 07:47:20+02:00
0,0,0,0,0,0,2019-09-10 18:58:05+02:00
0,2,1,0,1,1,2019-09-10 20:43:15+02:00
0,1,0,0,0,0,2019-09-10 21:51:06+02:00
0,2,1,0,1,1,2019-09-11 00:39:25+02:00
0,1,1,0,1,1,2019-09-11 00:51:57+02:00
0,1,1,0,1,1,2019-09-11 07:58:51+02:00
0,0,0,0,0,0,2019-10-25 11:21:50+02:00
1,7,3,0,1,2,2019-10-28 07:02:39+01:00
0,2,2,0,0,0,2019-10-31 13:17:16+01:00
0,4,3,0,1,1,2019-10-31 14:10:49+01:00
0,1,1,0,1,1,2019-10-31 14:16:46+01:00
1,3,4,0,1,1,2019-12-07 16:23:40+01:00
0,1,0,0,0,0,2019-12-07 16:29:05+01:00
0,1,0,0,0,0,2019-12-07 16:31:07+01:00
0,1,0,0,0,0,2019-12-07 16:34:58+01:00
0,1,0,0,0,0,2019-12-07 16:36:02+01:00
0,1,0,0,0,0,2019-12-07 16:39:18+01:00
0,1,0,0,0,0,2019-12-07 16:46:49+01:00
0,1,1,0,1,1,2019-12-07 16:57:35+01:00
0,1,1,0,1,1,2019-12-07 16:59:22+01:00
0,0,0,0,0,0,2019-12-07 17:07:40+01:00
0,2,2,0,1,1,2019-12-07 17:40:57+01:00
0,2,2,0,1,1,2019-12-07 17:50:36+01:00
1,0,1,0,0,0,2019-12-07 17:51:55+01:00
0,0,0,0,0,0,2019-12-07 17:55:22+01:00
