Acquisition,Preparation,Modeling,Training,Evaluation,Prediction,time
0,0,0,0,0,0,2021-06-10 16:20:38-03:00
0,0,0,0,0,0,2021-06-13 21:42:23-03:00
0,0,0,0,0,0,2021-06-18 12:00:55-03:00
0,0,0,0,0,0,2021-06-18 12:08:45-03:00
2,6,2,2,2,2,2021-06-25 13:16:06-03:00
0,1,1,1,0,1,2021-06-25 13:27:47-03:00
0,1,1,1,0,1,2021-06-25 13:29:34-03:00
1,4,2,2,1,2,2021-06-25 13:55:51-03:00
0,0,0,0,0,0,2021-06-25 13:58:22-03:00
0,0,0,0,0,0,2021-06-25 16:52:40-03:00
1,4,2,2,1,2,2021-07-01 12:56:01-03:00
0,2,2,2,0,2,2021-07-07 18:34:29-03:00
0,0,0,0,0,0,2021-07-07 18:35:37-03:00
1,3,1,1,1,1,2021-07-12 10:23:02-03:00
1,1,0,0,1,0,2021-07-18 21:46:56-03:00
2,2,0,0,1,0,2021-07-19 11:53:10-03:00
1,1,0,0,1,0,2021-07-19 19:27:24-03:00
1,1,0,0,1,0,2021-07-20 11:22:02-03:00
1,1,0,0,1,0,2021-07-20 11:32:28-03:00
2,3,1,1,2,1,2021-07-20 12:27:41-03:00
1,1,0,0,1,0,2021-07-21 17:20:41-03:00
1,1,0,0,1,0,2021-07-22 11:59:18-03:00
1,1,0,0,1,0,2021-07-22 20:31:15-03:00
1,1,0,0,1,0,2021-07-24 21:03:31-03:00
0,0,0,0,0,0,2021-07-24 21:18:45-03:00
1,1,0,1,1,0,2021-07-27 17:08:38-03:00
0,0,0,0,0,0,2021-07-27 17:13:23-03:00
0,0,0,0,0,0,2021-07-27 17:13:51-03:00
1,1,0,1,0,0,2021-08-05 22:35:58-03:00
1,1,0,1,0,0,2021-08-05 22:41:21-03:00
1,1,0,1,0,0,2021-08-05 22:43:06-03:00
1,1,0,1,1,0,2021-08-06 09:43:46-03:00
1,1,0,1,1,0,2021-08-08 20:13:44-03:00
1,1,0,1,1,0,2021-08-08 21:09:13-03:00
1,1,0,1,1,0,2021-08-08 21:14:08-03:00
1,1,0,1,1,0,2021-08-08 22:15:47-03:00
1,1,0,1,1,0,2021-08-12 22:39:52-03:00
1,1,0,1,1,0,2021-08-12 22:58:05-03:00
1,3,1,2,2,1,2021-08-13 10:35:59-03:00
1,1,0,1,1,0,2021-08-13 10:44:18-03:00
1,3,1,2,2,1,2021-08-15 19:55:24-03:00
0,0,0,0,0,0,2021-08-15 20:17:05-03:00
1,2,1,2,1,1,2021-08-27 08:43:56-03:00
0,2,2,2,1,2,2021-08-27 09:16:14-03:00
3,5,3,3,4,3,2021-08-31 22:23:49-03:00
1,3,2,3,2,2,2021-09-04 13:18:11-03:00
0,0,0,0,0,0,2021-09-04 13:19:49-03:00
3,6,3,5,3,3,2021-09-09 21:28:36-03:00
1,1,0,1,0,1,2022-02-26 13:14:52-03:00
0,0,0,0,0,0,2022-02-26 13:17:17-03:00
2,2,1,2,0,2,2022-03-03 22:06:54-03:00
5,11,6,8,7,7,2022-03-05 11:15:07-03:00
1,1,0,1,0,1,2022-03-05 11:33:13-03:00
1,1,0,1,0,1,2022-03-05 19:36:16-03:00
1,1,0,1,0,1,2022-03-05 20:09:48-03:00
1,1,0,1,0,1,2022-03-09 22:48:02-03:00
1,1,0,1,0,1,2022-03-09 23:02:19-03:00
1,1,0,1,0,1,2022-03-15 19:28:31-03:00
1,1,0,1,0,1,2022-03-15 19:56:12-03:00
1,1,0,1,0,1,2022-03-15 22:59:44-03:00
2,1,2,2,1,2,2022-04-11 20:03:54-03:00
2,1,1,1,0,1,2022-04-12 19:55:45-03:00
1,2,1,1,0,1,2022-04-12 22:47:02-03:00
1,1,1,1,0,1,2022-04-13 23:14:37-03:00
2,6,2,2,0,2,2022-04-19 11:26:27-03:00
1,2,1,1,0,2,2022-04-19 14:39:01-03:00
2,2,2,2,1,1,2022-04-21 00:50:45-03:00
0,0,0,0,0,0,2022-04-22 14:47:56-03:00
0,0,0,0,0,0,2022-04-22 14:50:43-03:00
1,2,2,1,1,0,2022-04-27 21:38:45-03:00
0,0,0,0,0,0,2022-04-27 21:41:53-03:00
0,2,0,0,0,0,2022-06-17 10:20:13-03:00
0,0,0,0,0,0,2022-06-17 12:16:02-03:00
0,0,0,0,0,0,2022-06-17 14:29:48-03:00
0,0,0,0,0,0,2022-06-17 14:58:32-03:00
0,0,0,0,0,0,2022-06-17 15:28:01-03:00
1,0,0,0,0,0,2022-06-17 17:43:29-03:00
1,0,0,0,0,0,2022-06-17 19:09:59-03:00
