Acquisition,Preparation,Modeling,Training,Evaluation,Prediction,time
0,0,0,0,0,0,2019-04-22 20:58:09-04:00
0,0,0,0,0,0,2019-04-22 20:58:25-04:00
1,0,0,0,0,0,2019-04-22 21:53:28-04:00
1,0,0,0,0,0,2019-04-23 11:41:11-04:00
0,0,0,0,0,0,2019-04-23 12:43:44-04:00
0,0,0,0,0,0,2019-04-23 12:43:56-04:00
7,8,2,7,6,7,2019-04-23 12:46:15-04:00
0,0,0,0,0,0,2019-04-23 12:46:29-04:00
5,4,1,2,1,1,2019-04-23 12:50:01-04:00
1,1,1,1,1,1,2019-04-23 14:07:16-04:00
1,1,1,1,1,1,2019-04-23 14:39:35-04:00
1,1,1,1,1,1,2019-04-23 15:12:14-04:00
0,0,0,0,0,0,2019-04-23 16:59:50-04:00
1,1,1,1,1,1,2019-04-23 19:40:14-04:00
0,0,0,0,0,0,2019-04-23 19:48:25-04:00
1,1,0,1,1,1,2019-04-24 00:10:40-04:00
1,1,0,1,1,1,2019-04-29 22:38:06-04:00
0,0,0,0,0,0,2019-05-02 17:06:19-04:00
0,0,0,0,0,0,2019-05-02 17:06:49-04:00
0,0,0,0,0,0,2019-05-02 17:27:43-04:00
3,2,1,2,2,2,2019-05-02 20:13:00-04:00
0,0,0,0,0,0,2019-05-02 20:16:32-04:00
0,0,0,0,0,0,2019-05-07 17:19:30-04:00
0,0,0,0,0,0,2019-05-07 18:02:30-04:00
0,0,0,0,0,0,2019-05-07 18:02:40-04:00
0,2,0,0,0,0,2019-05-07 20:56:01-04:00
0,0,0,0,0,0,2019-05-07 20:56:13-04:00
4,4,4,4,0,4,2019-05-14 19:19:25-04:00
4,4,4,4,0,4,2019-05-14 19:21:56-04:00
0,0,0,0,0,0,2019-05-15 11:12:58-04:00
5,5,3,3,2,5,2019-05-15 11:15:14-04:00
0,0,0,0,0,0,2019-05-15 11:17:23-04:00
2,2,2,2,0,2,2019-05-21 22:08:04-04:00
2,2,2,2,0,1,2019-05-21 22:09:47-04:00
1,1,1,1,0,1,2019-05-27 10:05:28-04:00
1,1,1,1,0,0,2019-05-27 10:05:37-04:00
1,1,1,1,0,1,2019-05-27 10:26:25-04:00
1,1,1,1,0,1,2019-05-27 10:26:42-04:00
4,4,4,4,0,4,2019-05-27 10:49:28-04:00
1,1,1,1,1,1,2019-06-03 12:35:38-04:00
1,1,1,1,1,1,2019-06-03 12:35:51-04:00
1,1,0,0,0,1,2019-06-03 12:45:54-04:00
1,1,0,0,0,1,2019-06-03 12:46:06-04:00
1,1,0,0,0,1,2019-06-03 12:48:58-04:00
1,1,0,0,0,1,2019-06-03 12:49:09-04:00
3,4,1,2,0,3,2019-06-04 12:37:04-04:00
1,1,1,1,0,1,2019-06-04 12:38:37-04:00
0,0,0,0,0,0,2019-06-04 12:39:25-04:00
0,0,0,0,0,0,2019-06-04 12:39:33-04:00
0,0,0,0,0,0,2019-06-04 12:39:42-04:00
0,0,0,0,0,0,2019-06-04 12:39:51-04:00
0,0,0,0,0,0,2019-06-04 12:39:58-04:00
0,0,0,0,0,0,2019-06-04 12:40:10-04:00
0,0,0,0,0,0,2019-06-04 12:40:27-04:00
0,0,0,0,0,0,2019-06-04 12:40:36-04:00
0,0,0,0,0,0,2019-06-04 12:42:22-04:00
1,1,0,1,0,1,2019-06-06 22:46:27-04:00
1,1,0,0,0,1,2019-06-06 22:47:17-04:00
0,0,0,0,0,0,2019-06-10 22:57:40-04:00
0,0,0,0,0,0,2019-06-10 22:58:08-04:00
30,30,13,22,10,25,2019-06-10 23:00:02-04:00
0,0,0,0,0,0,2019-06-10 23:01:54-04:00
0,0,0,0,0,0,2019-06-10 23:03:15-04:00
0,0,0,0,0,0,2019-06-10 23:03:46-04:00
0,0,0,0,0,0,2019-06-10 23:04:36-04:00
0,0,0,0,0,0,2019-06-10 23:04:58-04:00
0,0,0,0,0,0,2019-06-10 23:07:29-04:00
2,1,0,1,0,2,2019-06-10 23:09:43-04:00
0,0,0,0,0,0,2019-06-10 23:11:12-04:00
0,0,0,0,0,0,2019-06-10 23:28:43-04:00
0,0,0,0,0,0,2019-06-10 23:41:35-04:00
0,0,0,0,0,0,2019-06-11 13:30:37-04:00
1,0,0,0,0,1,2019-06-11 17:24:34-04:00
1,0,0,0,0,1,2019-06-11 17:34:37-04:00
1,0,0,0,0,1,2019-06-11 17:35:41-04:00
1,1,0,1,0,1,2019-06-13 13:57:31-04:00
1,0,0,0,0,1,2019-06-13 14:00:06-04:00
0,0,0,0,0,0,2019-06-13 14:07:33-04:00
0,0,0,0,0,0,2019-06-13 14:08:58-04:00
0,0,0,0,0,0,2019-07-08 21:56:48-04:00
2,1,0,1,0,2,2019-07-16 10:55:50-04:00
0,0,0,0,0,0,2019-07-16 10:57:35-04:00
0,0,0,0,0,0,2019-07-22 19:20:58-04:00
1,1,0,1,0,1,2019-07-22 19:28:06-04:00
3,2,0,2,0,3,2019-09-10 05:23:07-04:00
