Acquisition,Preparation,Modeling,Training,Evaluation,Prediction,time
0,1,0,0,0,0,2019-10-29 21:05:28+01:00
0,0,0,0,0,0,2019-10-29 21:11:14+01:00
0,0,0,0,0,0,2019-10-29 21:13:29+01:00
0,1,0,0,0,0,2019-10-30 13:10:40+01:00
1,2,1,0,1,1,2019-10-30 20:04:25+01:00
2,2,1,0,1,1,2019-10-30 20:37:27+01:00
1,1,0,0,0,0,2019-11-05 10:21:54+01:00
1,1,1,0,1,1,2019-11-18 21:18:50+00:00
1,1,1,0,1,1,2019-11-20 12:20:06+00:00
1,1,1,0,0,1,2019-11-20 17:25:48+00:00
1,1,1,0,0,1,2019-11-20 17:26:46+00:00
1,1,1,0,0,1,2019-11-20 19:03:17+00:00
1,1,1,0,0,1,2019-11-20 20:57:34+00:00
1,1,1,0,0,1,2019-11-20 22:24:03+00:00
1,1,1,0,0,1,2019-11-20 22:35:51+00:00
1,1,1,0,0,1,2019-11-20 23:17:02+00:00
1,1,1,0,0,1,2019-11-20 23:37:46+00:00
1,1,1,0,0,1,2019-11-21 11:09:54+00:00
1,1,1,0,0,1,2019-11-21 11:58:00+00:00
2,2,2,0,0,1,2019-11-21 15:29:27+00:00
1,1,1,0,0,1,2019-11-21 15:44:20+00:00
1,1,1,0,0,1,2019-11-21 15:47:27+00:00
1,1,1,0,0,1,2019-11-21 16:37:05+00:00
1,1,1,0,0,0,2019-11-21 18:56:58+00:00
1,1,1,0,0,0,2019-11-21 19:04:41+00:00
1,1,1,0,0,0,2019-11-21 20:37:07+00:00
2,2,2,0,0,1,2019-11-21 21:57:03+00:00
1,1,1,0,0,1,2019-11-22 11:44:05+00:00
1,1,1,0,0,1,2019-11-22 12:27:35+00:00
1,2,1,0,0,1,2019-11-22 14:18:10+00:00
1,1,1,0,0,1,2019-11-22 14:23:20+00:00
0,1,0,0,0,0,2019-11-22 14:26:45+00:00
1,1,1,0,0,1,2019-11-22 14:38:33+00:00
2,3,2,0,0,1,2019-11-24 12:34:24+00:00
2,2,2,0,0,1,2019-11-26 12:25:51+00:00
1,1,1,0,0,0,2019-11-26 14:07:43+00:00
2,2,2,0,0,1,2019-11-26 14:19:36+00:00
1,1,1,0,0,1,2019-11-26 15:13:37+00:00
1,1,1,0,0,0,2019-11-26 16:12:48+00:00
1,1,1,0,0,1,2019-11-26 16:48:29+00:00
1,1,1,0,0,1,2019-11-26 17:51:52+00:00
3,4,2,0,1,1,2019-11-26 20:37:23+00:00
2,2,2,0,0,1,2019-11-26 20:43:45+00:00
1,2,1,0,1,0,2019-11-27 01:27:16+00:00
1,1,1,0,0,1,2019-11-27 10:10:58+00:00
1,1,1,0,0,1,2019-11-27 10:58:02+00:00
1,1,1,0,0,1,2019-11-27 11:19:15+00:00
0,1,0,0,1,0,2019-11-27 11:21:35+00:00
1,1,1,0,0,0,2019-11-27 11:26:33+00:00
1,1,1,0,0,0,2019-11-27 11:41:58+00:00
1,1,1,0,0,0,2019-11-27 12:26:45+00:00
1,1,1,0,0,0,2019-11-27 12:38:25+00:00
1,1,1,0,0,0,2019-11-27 13:39:39+00:00
1,1,1,0,0,0,2019-11-27 14:43:19+00:00
1,1,1,0,0,0,2019-11-27 15:46:40+00:00
1,1,1,0,0,0,2019-11-27 17:09:33+00:00
1,1,1,0,0,1,2019-11-27 17:20:24+00:00
1,1,1,0,0,1,2019-11-27 17:37:11+00:00
1,0,0,0,0,0,2019-11-27 18:41:55+00:00
1,0,1,0,0,0,2019-11-27 18:48:52+00:00
1,0,1,0,0,0,2019-11-27 18:59:53+00:00
1,0,1,0,0,0,2019-11-27 19:02:32+00:00
1,1,1,0,0,1,2019-11-27 19:15:47+00:00
1,1,1,0,0,1,2019-11-27 23:10:47+00:00
1,1,1,0,0,0,2019-11-27 23:24:40+00:00
1,1,1,0,0,0,2019-11-27 23:41:56+00:00
1,1,1,0,0,1,2019-11-28 12:29:54+00:00
1,1,1,0,0,0,2019-11-28 12:37:35+00:00
1,1,1,0,0,0,2019-11-28 12:40:09+00:00
1,1,1,0,0,0,2019-11-28 14:01:20+00:00
1,1,1,0,0,1,2019-11-28 14:29:11+00:00
1,1,1,0,0,0,2019-11-28 14:39:14+00:00
1,1,1,0,0,0,2019-11-28 16:38:22+00:00
2,2,2,0,0,1,2019-12-01 17:32:43+00:00
1,1,1,0,0,1,2019-12-01 17:37:32+00:00
1,1,1,0,0,1,2019-12-01 17:52:49+00:00
1,1,1,0,0,1,2019-12-01 18:30:11+00:00
1,1,1,0,0,1,2019-12-01 18:49:53+00:00
1,1,1,0,0,1,2019-12-02 11:46:39+00:00
1,1,1,0,0,1,2019-12-02 11:48:18+00:00
1,1,1,0,0,1,2019-12-02 12:05:53+00:00
1,1,1,0,0,1,2019-12-02 12:33:00+00:00
1,1,1,0,0,1,2019-12-02 12:37:01+00:00
0,0,0,0,0,0,2019-12-03 11:56:40+00:00
0,0,0,0,0,0,2019-12-03 12:29:25+00:00
0,0,0,0,0,0,2019-12-03 12:33:16+00:00
0,0,0,0,0,0,2019-12-03 14:04:52+00:00
1,1,1,0,0,1,2019-12-03 14:54:54+00:00
1,1,1,0,0,1,2019-12-03 15:05:51+00:00
1,1,1,0,0,1,2019-12-03 15:08:43+00:00
1,1,1,0,0,1,2019-12-03 15:10:44+00:00
1,1,1,0,0,1,2019-12-03 15:12:43+00:00
1,1,1,0,0,1,2019-12-03 15:28:54+00:00
1,1,1,0,0,1,2019-12-04 13:59:01+00:00
1,1,1,0,0,1,2019-12-04 14:25:50+00:00
1,1,1,0,0,1,2019-12-04 14:33:45+00:00
1,1,1,0,0,1,2019-12-04 14:46:08+00:00
1,1,1,0,0,1,2019-12-04 15:17:23+00:00
1,1,1,0,0,1,2019-12-04 15:22:45+00:00
1,1,1,0,0,1,2019-12-04 15:50:41+00:00
0,0,0,0,0,0,2019-12-04 16:48:28+00:00
1,1,1,0,0,1,2019-12-04 17:52:03+00:00
1,1,1,0,0,1,2019-12-05 11:17:56+00:00
1,1,1,0,0,1,2019-12-05 14:33:26+00:00
1,1,1,0,0,1,2019-12-05 14:37:51+00:00
1,1,1,0,0,1,2019-12-05 14:44:12+00:00
1,1,1,0,0,1,2019-12-05 18:15:23+00:00
1,2,1,0,0,1,2019-12-08 14:18:45+00:00
1,1,1,0,0,1,2019-12-08 14:41:49+00:00
0,0,0,0,0,0,2019-12-08 14:42:51+00:00
0,0,0,0,0,0,2019-12-08 14:45:13+00:00
1,2,1,0,0,1,2019-12-08 18:52:41+00:00
1,1,1,0,0,1,2019-12-08 21:22:40+00:00
1,1,1,0,0,1,2019-12-08 21:30:33+00:00
1,1,1,0,0,1,2019-12-08 22:24:18+00:00
1,1,1,0,0,1,2019-12-09 13:22:38+00:00
1,1,1,0,0,1,2019-12-09 15:52:35+00:00
1,1,1,0,0,1,2019-12-09 17:06:19+00:00
1,2,1,0,0,1,2019-12-09 20:01:40+00:00
1,1,1,0,0,1,2019-12-10 16:55:10+00:00
1,1,1,0,0,1,2019-12-10 18:56:14+00:00
1,1,1,0,0,1,2019-12-10 20:39:28+00:00
0,0,0,0,0,0,2019-12-10 20:51:28+00:00
1,1,1,0,0,1,2019-12-10 21:23:38+00:00
1,2,1,0,0,1,2019-12-11 09:43:18+00:00
1,1,1,0,0,1,2019-12-11 15:09:55+00:00
1,1,1,0,0,1,2019-12-11 19:18:04+00:00
2,2,2,0,0,1,2019-12-11 21:23:48+00:00
0,0,0,0,0,0,2019-12-11 21:28:59+00:00
1,1,1,0,0,1,2019-12-11 22:07:09+00:00
1,2,1,0,0,1,2019-12-12 09:42:06+00:00
1,1,1,0,0,1,2019-12-12 10:32:54+00:00
1,2,1,0,0,1,2019-12-12 16:37:40+00:00
1,1,1,0,0,1,2019-12-12 18:15:50+00:00
1,1,1,0,0,1,2019-12-13 12:48:59+00:00
0,0,0,0,0,0,2019-12-13 12:53:14+00:00
1,1,1,0,0,1,2019-12-13 13:46:00+00:00
1,2,1,0,0,1,2019-12-14 14:50:19+00:00
1,2,1,0,0,1,2019-12-15 11:22:28+00:00
1,1,1,0,0,1,2019-12-15 11:43:51+00:00
1,2,1,0,0,1,2019-12-15 15:03:43+00:00
1,1,1,0,0,1,2019-12-15 15:19:35+00:00
1,1,1,0,0,1,2019-12-15 17:56:53+00:00
1,2,1,0,0,1,2019-12-17 17:38:07+01:00
1,1,1,0,0,1,2019-12-18 11:53:23+01:00
1,1,1,0,0,1,2019-12-18 15:57:07+01:00
0,0,0,0,0,0,2019-12-18 16:00:59+01:00
0,0,0,0,0,0,2019-12-18 16:05:44+01:00
0,0,0,0,0,0,2019-12-18 16:07:21+01:00
1,2,1,0,0,1,2019-12-18 16:55:15+01:00
1,1,1,0,0,0,2019-12-19 19:02:02+01:00
0,0,0,0,0,0,2019-12-19 19:33:20+01:00
0,0,0,0,0,0,2019-12-20 12:41:06+01:00
1,1,1,0,0,1,2019-12-20 12:46:44+01:00
1,1,0,0,0,0,2019-12-20 13:16:30+01:00
1,1,0,0,0,0,2019-12-20 13:19:02+01:00
1,1,0,0,0,0,2019-12-20 13:22:10+01:00
1,1,1,0,0,1,2019-12-20 13:56:53+01:00
0,0,0,0,0,0,2019-12-20 14:01:05+01:00
0,0,0,0,0,0,2019-12-20 14:02:44+01:00
1,1,1,0,0,1,2019-12-20 15:46:03+01:00
2,2,1,0,0,1,2019-12-20 16:42:53+01:00
1,1,1,0,0,1,2019-12-20 17:59:29+01:00
1,1,1,0,0,1,2019-12-20 21:20:34+01:00
1,1,1,0,1,1,2019-12-21 02:07:40+01:00
1,1,1,0,1,1,2019-12-21 02:47:02+01:00
1,1,1,0,1,1,2019-12-21 12:06:09+01:00
1,1,1,0,1,1,2019-12-21 12:58:01+01:00
1,1,1,0,1,1,2019-12-22 11:01:30+01:00
1,1,1,0,1,1,2019-12-22 11:34:58+01:00
2,1,1,0,1,1,2019-12-27 12:34:53+01:00
1,1,1,0,1,1,2019-12-27 16:23:32+01:00
1,1,1,0,0,1,2019-12-28 11:42:48+01:00
1,1,1,0,0,1,2019-12-28 12:29:18+01:00
1,1,1,0,0,1,2019-12-28 12:58:14+01:00
1,1,1,0,0,1,2019-12-28 16:02:12+01:00
1,1,1,0,0,1,2019-12-28 16:16:46+01:00
3,2,1,0,0,1,2019-12-30 10:46:02+01:00
0,0,0,0,0,0,2020-02-11 17:29:55+00:00
1,1,1,0,0,1,2020-02-11 17:46:49+00:00
1,2,1,0,0,0,2020-03-24 22:51:16+01:00
2,2,1,0,0,0,2020-03-25 09:15:39+01:00
1,1,1,0,0,0,2020-03-25 10:07:30+01:00
1,1,1,0,0,0,2020-03-25 13:57:05+01:00
1,1,1,0,0,0,2020-03-25 14:51:23+01:00
0,1,0,1,0,0,2020-03-30 22:06:50+02:00
0,1,0,0,0,0,2020-03-31 17:42:49+02:00
1,1,1,0,0,0,2020-03-31 18:12:45+02:00
0,1,0,1,0,0,2020-03-31 19:39:21+02:00
1,2,1,2,0,0,2020-03-31 20:51:05+02:00
1,1,1,1,0,0,2020-04-01 13:05:11+02:00
1,1,1,1,0,0,2020-04-01 13:16:00+02:00
1,1,1,1,0,0,2020-04-01 14:24:18+02:00
1,1,1,1,0,0,2020-04-01 14:31:01+02:00
1,1,1,1,0,0,2020-04-01 17:05:42+02:00
1,1,1,1,0,0,2020-04-01 17:09:40+02:00
1,2,1,2,0,0,2020-04-02 12:47:54+02:00
1,2,1,2,0,0,2020-04-02 13:57:53+02:00
0,1,0,1,0,0,2020-04-02 14:42:49+02:00
1,2,1,2,0,0,2020-04-02 17:06:22+02:00
0,1,0,1,0,0,2020-04-02 17:32:24+02:00
2,2,1,2,0,0,2020-04-05 20:49:20+02:00
0,0,0,0,0,0,2020-04-06 13:26:56+02:00
2,2,1,2,0,0,2020-04-06 15:44:17+02:00
1,1,1,0,0,1,2020-04-06 16:56:37+02:00
1,1,1,0,0,1,2020-04-06 18:35:45+02:00
1,1,1,0,0,1,2020-04-07 12:25:23+02:00
0,1,0,0,0,0,2020-04-07 15:29:36+02:00
1,2,1,0,0,1,2020-04-07 16:08:29+02:00
1,1,1,0,0,1,2020-04-07 16:17:06+02:00
0,1,0,0,0,0,2020-04-07 17:26:32+02:00
0,1,0,0,0,0,2020-04-07 17:51:28+02:00
0,0,0,0,0,0,2020-04-07 18:31:14+02:00
1,2,0,1,0,0,2020-04-16 19:20:33+02:00
0,1,0,0,0,0,2020-04-16 20:23:11+02:00
1,2,1,1,0,0,2020-04-16 20:54:53+02:00
2,2,1,1,0,0,2020-04-17 10:56:57+02:00
0,1,0,0,0,0,2020-04-17 11:12:53+02:00
3,3,1,1,0,0,2020-04-17 14:27:37+02:00
1,1,0,0,0,0,2020-04-17 15:18:39+02:00
1,1,0,0,0,0,2020-04-17 14:52:23+01:00
1,1,0,0,0,0,2020-04-17 15:55:34+02:00
2,3,1,1,0,0,2020-04-18 12:00:37+02:00
0,1,0,0,0,0,2020-04-18 12:16:22+02:00
2,2,0,0,0,0,2020-04-19 11:41:04+02:00
1,1,1,1,0,0,2020-04-19 11:55:42+02:00
1,1,0,0,0,0,2020-04-19 12:02:58+02:00
1,1,1,0,0,0,2020-04-20 12:22:26+02:00
1,1,1,0,0,0,2020-04-20 12:24:10+02:00
2,2,1,0,0,0,2020-04-20 20:46:21+02:00
1,1,1,0,0,0,2020-04-20 23:18:47+02:00
1,1,1,1,0,0,2020-04-21 09:46:09+02:00
3,3,2,1,0,0,2020-04-21 16:51:02+02:00
1,1,1,1,0,0,2020-04-22 12:36:02+02:00
1,1,1,1,0,0,2020-04-22 15:37:39+02:00
1,1,1,1,0,0,2020-04-23 15:14:38+02:00
1,1,1,0,0,0,2020-05-08 16:16:14+02:00
1,1,1,0,0,0,2020-05-08 16:18:32+02:00
1,1,1,0,0,0,2020-05-08 16:21:11+02:00
1,1,1,1,0,0,2020-05-08 16:29:04+02:00
1,1,1,1,0,0,2020-05-08 16:32:15+02:00
1,1,1,0,0,0,2020-06-09 13:41:08+02:00
2,2,2,1,0,0,2020-06-09 15:18:27+02:00
1,1,1,0,0,0,2020-06-28 20:35:40+02:00
1,1,1,1,0,0,2020-06-28 23:44:46+02:00
2,2,1,1,0,0,2020-06-29 15:09:08+02:00
1,1,0,0,0,0,2020-06-29 16:44:26+02:00
1,1,1,1,0,0,2020-06-29 17:59:28+02:00
2,1,1,1,0,0,2020-06-29 19:38:49+02:00
1,0,0,0,0,0,2020-06-29 19:39:37+02:00
0,0,0,0,0,0,2020-06-29 19:42:39+02:00
1,0,0,0,0,0,2020-06-29 19:44:53+02:00
0,1,0,0,0,0,2020-06-30 12:08:22+01:00
0,0,0,0,0,0,2020-06-30 12:08:56+01:00
0,0,0,0,0,0,2020-06-30 22:17:30+02:00
1,1,1,1,0,0,2020-07-01 01:11:23+02:00
1,1,1,1,0,0,2020-07-01 12:36:57+02:00
1,1,1,1,0,0,2020-07-01 14:48:02+02:00
2,2,2,1,0,0,2020-07-01 16:45:16+02:00
1,1,1,1,0,0,2020-07-10 17:10:55+02:00
1,1,1,1,0,0,2020-07-12 16:30:48+02:00
3,3,3,1,0,1,2020-07-15 14:41:10+02:00
0,0,0,0,0,0,2020-07-15 14:42:27+02:00
1,1,1,0,0,1,2020-07-15 14:44:02+02:00
1,2,1,0,1,0,2020-07-15 14:59:11+02:00
0,1,0,0,1,0,2020-07-15 20:49:02+02:00
0,1,0,0,1,0,2020-07-15 20:54:15+02:00
1,1,1,0,0,0,2020-07-15 21:06:22+02:00
1,1,1,0,0,0,2020-07-15 21:07:57+02:00
1,1,1,0,0,1,2020-07-16 14:04:16+02:00
2,3,1,0,1,0,2020-07-16 14:34:09+02:00
1,2,1,0,1,0,2020-07-16 19:53:30+02:00
1,1,1,0,0,0,2020-07-16 20:06:38+02:00
1,1,1,0,0,0,2020-07-16 20:15:24+02:00
1,1,1,0,0,0,2020-07-16 23:46:58+02:00
1,1,1,0,0,0,2020-07-16 23:55:01+02:00
1,2,1,0,1,0,2020-07-17 00:37:46+02:00
1,1,1,0,0,0,2020-07-17 00:41:53+02:00
1,1,1,0,0,0,2020-07-17 00:48:40+02:00
1,1,1,0,0,0,2020-07-17 00:50:44+02:00
1,1,1,0,0,0,2020-07-17 00:53:05+02:00
1,1,1,0,0,0,2020-07-17 00:54:40+02:00
1,1,1,0,0,0,2020-07-17 11:11:54+02:00
1,1,1,0,0,0,2020-07-17 11:16:38+02:00
1,1,1,0,0,0,2020-07-17 11:17:01+02:00
1,1,1,1,0,0,2020-07-17 15:07:17+02:00
1,1,1,0,0,1,2020-07-17 22:46:13+02:00
1,1,1,0,0,1,2020-07-18 16:55:35+02:00
1,1,1,0,0,1,2020-07-20 16:59:11+02:00
1,1,1,0,0,1,2020-07-20 17:07:28+02:00
2,2,1,1,0,0,2020-07-20 19:06:05+02:00
1,1,1,0,0,1,2020-07-20 23:13:42+02:00
0,1,1,1,0,0,2020-07-21 00:07:11+02:00
0,1,1,1,0,0,2020-07-21 00:36:52+02:00
0,1,1,1,0,0,2020-07-21 00:45:36+02:00
0,0,0,0,0,0,2020-07-21 00:55:00+02:00
0,1,1,1,0,0,2020-07-21 01:06:34+02:00
0,1,1,1,0,0,2020-07-21 10:45:40+02:00
0,1,0,0,0,0,2020-07-21 11:44:54+02:00
0,1,0,0,0,0,2020-07-21 14:58:20+02:00
1,2,1,1,0,0,2020-07-21 17:47:04+02:00
0,1,1,1,0,0,2020-07-21 17:51:38+02:00
0,1,1,1,0,0,2020-07-21 18:11:24+02:00
0,1,1,1,0,0,2020-07-21 18:18:06+02:00
0,1,1,1,0,0,2020-07-21 18:19:46+02:00
0,1,1,1,0,0,2020-07-21 17:26:09+01:00
0,2,1,1,0,0,2020-07-21 18:57:02+02:00
1,1,1,0,0,1,2020-07-22 12:45:45+02:00
1,1,0,0,0,0,2020-07-23 13:30:34+02:00
1,1,0,0,0,0,2020-07-23 14:55:07+01:00
1,1,0,0,0,0,2020-07-23 16:00:16+02:00
1,1,0,0,0,0,2020-07-23 16:37:37+02:00
1,1,1,0,0,1,2020-07-24 20:10:56+02:00
0,1,0,0,0,0,2020-07-24 20:22:20+02:00
1,1,1,0,0,0,2020-07-24 20:40:11+02:00
1,1,1,0,0,0,2020-07-24 23:36:14+02:00
1,1,1,0,0,1,2020-07-24 23:56:05+02:00
0,1,0,0,1,0,2020-07-25 12:16:37+02:00
1,1,1,0,0,1,2020-07-25 12:59:48+02:00
1,1,1,0,0,1,2020-07-25 13:04:51+02:00
1,1,1,0,0,1,2020-07-25 18:26:00+02:00
1,1,1,0,0,1,2020-07-25 19:04:11+02:00
0,45,2,0,0,1,2020-07-26 21:59:07+02:00
0,2,2,0,0,0,2020-07-26 22:17:42+02:00
0,1,1,0,0,0,2020-07-26 23:35:07+02:00
0,1,1,0,0,0,2020-07-26 23:38:44+02:00
0,1,1,0,0,0,2020-07-26 23:42:33+02:00
0,1,1,0,0,0,2020-07-26 23:53:27+02:00
0,1,1,0,0,0,2020-07-27 00:15:12+02:00
0,1,1,0,0,0,2020-07-27 02:29:33+02:00
1,2,0,0,0,0,2020-07-31 13:29:13+02:00
0,0,0,0,0,0,2020-07-31 13:33:00+02:00
0,1,0,0,0,0,2020-07-31 13:43:14+02:00
0,1,0,0,0,0,2020-07-31 13:45:23+01:00
0,1,0,0,0,0,2020-07-31 18:35:02+02:00
0,1,0,0,0,0,2020-07-31 20:29:32+02:00
2,3,1,0,0,1,2020-07-31 22:15:44+02:00
0,1,0,0,0,0,2020-08-01 01:02:25+02:00
0,1,0,0,0,0,2020-08-01 01:26:03+02:00
1,2,1,0,1,0,2020-08-01 08:05:38+02:00
0,1,0,0,0,0,2020-08-01 08:11:58+02:00
1,1,1,0,0,0,2020-08-01 08:19:26+02:00
1,1,0,0,0,0,2020-08-03 12:04:27+02:00
1,1,0,0,0,0,2020-08-03 11:10:50+01:00
1,1,0,0,0,0,2020-08-03 12:39:00+02:00
1,1,0,0,0,0,2020-08-03 12:50:00+02:00
1,1,0,0,0,0,2020-08-03 15:23:44+02:00
1,1,0,0,0,0,2020-08-03 15:33:25+02:00
1,1,0,0,0,0,2020-08-03 15:59:32+02:00
1,1,0,0,0,0,2020-08-03 16:17:46+02:00
0,0,0,0,0,0,2020-08-03 20:47:26+02:00
1,1,0,0,0,0,2020-08-04 11:32:20+02:00
2,2,1,0,0,1,2020-08-04 20:13:19+02:00
1,1,1,0,0,1,2020-08-05 13:19:03+02:00
1,1,0,0,0,0,2020-08-11 12:00:29+02:00
0,1,0,0,0,0,2020-08-14 11:42:08+02:00
0,1,0,0,0,0,2020-08-14 12:21:13+02:00
1,2,1,1,0,1,2020-08-20 10:44:47+02:00
1,1,1,1,0,0,2020-08-20 10:49:38+02:00
0,1,0,0,0,1,2020-08-20 10:52:08+02:00
1,2,1,1,0,1,2020-08-20 11:22:59+02:00
0,1,0,0,0,1,2020-08-20 11:32:15+02:00
1,1,1,1,0,0,2020-08-20 13:51:38+02:00
1,1,1,1,0,0,2020-08-20 14:08:28+02:00
1,1,1,1,0,0,2020-08-20 14:16:10+02:00
1,1,1,1,0,0,2020-08-20 14:25:23+02:00
1,1,1,1,0,0,2020-08-20 15:02:03+02:00
1,1,1,1,0,0,2020-08-20 15:03:22+02:00
1,1,1,1,0,0,2020-08-21 15:59:34+02:00
1,1,1,1,0,0,2020-08-21 16:06:49+02:00
1,1,1,1,0,0,2020-08-24 17:56:46+02:00
1,1,1,1,0,0,2020-08-24 22:04:36+02:00
1,1,1,1,0,0,2020-08-25 10:54:32+02:00
1,1,1,1,0,0,2020-08-30 21:01:59+01:00
1,1,1,1,0,0,2020-08-30 21:10:52+01:00
1,1,1,0,0,1,2020-09-02 11:11:30+01:00
1,2,1,1,0,0,2020-09-07 16:44:08+01:00
1,1,0,0,0,0,2020-09-07 16:50:42+01:00
1,1,0,0,0,0,2020-09-07 17:21:44+01:00
1,1,0,0,0,0,2020-09-07 18:02:59+01:00
0,1,1,1,0,0,2020-09-07 22:01:26+01:00
0,1,1,1,0,0,2020-09-07 22:03:41+01:00
0,1,1,1,0,0,2020-09-07 22:06:13+01:00
0,1,1,1,0,0,2020-09-07 22:08:03+01:00
0,1,1,1,0,0,2020-09-07 22:12:56+01:00
2,2,1,1,0,0,2020-09-08 11:55:06+01:00
1,1,0,0,0,0,2020-09-08 12:04:54+01:00
1,1,0,0,0,0,2020-09-08 15:19:23+01:00
1,1,1,1,0,0,2020-09-08 15:56:39+01:00
1,1,1,1,0,0,2020-09-08 21:25:48+01:00
1,1,1,1,0,0,2020-09-09 12:08:41+01:00
1,1,1,1,0,0,2020-09-09 12:40:48+01:00
0,0,0,0,0,0,2020-09-09 12:50:39+01:00
0,0,0,0,0,0,2020-09-09 12:52:00+01:00
1,1,1,1,0,0,2020-09-09 14:27:39+01:00
1,1,1,1,0,0,2020-09-09 15:48:58+01:00
1,1,1,1,0,0,2020-09-09 19:42:54+01:00
1,1,1,1,0,0,2020-09-09 20:02:46+01:00
1,1,1,1,0,0,2020-09-09 20:05:53+01:00
1,1,1,1,0,0,2020-09-09 20:08:54+01:00
1,1,1,1,0,0,2020-09-09 20:16:49+01:00
1,1,1,1,0,0,2020-09-09 20:29:16+01:00
1,1,1,1,0,0,2020-09-09 20:33:08+01:00
1,1,1,1,0,0,2020-09-09 22:22:37+01:00
1,1,1,1,0,0,2020-09-09 22:30:07+01:00
1,1,1,1,0,0,2020-09-09 22:32:50+01:00
1,1,0,0,0,0,2020-09-09 22:45:22+01:00
1,1,1,0,0,0,2020-09-09 23:04:46+01:00
1,1,0,0,0,0,2020-09-09 23:26:24+01:00
1,1,1,0,0,0,2020-09-10 12:23:55+01:00
0,0,0,0,0,0,2020-09-13 15:30:46+01:00
0,0,0,0,0,0,2020-09-14 13:33:37+01:00
1,1,1,0,0,1,2020-09-17 11:56:06+01:00
1,1,1,0,0,1,2020-09-17 12:40:01+01:00
2,2,1,0,1,0,2020-09-25 20:04:13+01:00
1,1,1,0,0,0,2020-09-25 21:37:37+01:00
2,2,1,0,1,0,2020-09-26 14:20:19+01:00
1,1,1,0,0,0,2020-09-26 14:21:17+01:00
1,1,1,0,0,0,2020-09-28 19:28:33+01:00
1,1,1,0,0,0,2020-09-28 19:37:24+01:00
1,1,1,0,0,0,2020-09-28 20:20:21+01:00
1,1,1,0,0,0,2020-09-28 20:25:00+01:00
1,1,1,0,0,0,2020-09-30 22:49:00+01:00
0,1,0,0,0,0,2020-10-05 12:26:27+01:00
0,1,0,0,0,0,2020-10-05 12:30:27+01:00
0,1,0,0,0,0,2020-10-05 13:53:10+01:00
0,1,0,0,0,0,2020-10-05 13:54:51+01:00
0,1,0,0,0,0,2020-10-05 14:00:54+01:00
1,1,1,0,0,0,2020-10-05 15:22:28+01:00
1,1,1,0,0,0,2020-10-05 15:26:25+01:00
1,1,1,0,0,0,2020-10-05 15:28:53+01:00
0,1,0,0,0,0,2020-10-12 13:38:57+01:00
0,1,0,0,0,0,2020-10-12 13:46:10+01:00
1,1,1,0,0,0,2020-10-12 13:54:45+01:00
1,1,1,0,0,0,2020-10-12 13:57:38+01:00
2,2,2,0,0,1,2020-10-16 16:43:02+01:00
2,2,2,0,0,1,2020-10-17 11:41:39+01:00
1,1,1,0,0,0,2020-10-17 11:58:17+01:00
1,1,1,0,0,0,2020-10-17 12:26:31+01:00
1,1,1,0,0,0,2020-10-17 12:27:01+01:00
1,1,1,0,0,0,2020-10-17 12:52:39+01:00
1,1,1,0,0,1,2020-10-20 12:15:27+01:00
0,0,0,0,0,0,2020-10-25 13:21:55+00:00
0,0,0,0,0,0,2020-10-25 13:24:47+00:00
0,0,0,0,0,0,2020-10-25 13:56:16+00:00
1,1,0,0,0,0,2021-02-08 15:36:54+01:00
1,1,0,0,0,0,2021-02-08 18:52:52+01:00
1,1,0,0,0,0,2021-02-08 18:58:56+01:00
1,1,0,0,0,0,2021-02-08 19:03:33+01:00
1,2,1,1,0,0,2021-02-09 13:26:53+01:00
1,1,1,1,0,0,2021-02-09 13:29:40+01:00
2,2,1,1,0,0,2021-02-09 15:07:37+01:00
1,1,0,0,0,0,2021-02-09 15:22:28+01:00
1,1,0,0,0,0,2021-02-09 16:37:12+01:00
1,1,1,1,0,0,2021-02-10 18:44:13+01:00
2,2,1,1,0,0,2021-02-10 20:29:14+01:00
1,1,1,1,0,0,2021-02-11 12:05:36+01:00
1,1,1,1,0,0,2021-02-11 12:43:59+01:00
1,2,1,1,0,0,2021-02-14 21:22:00+01:00
1,1,1,1,0,0,2021-02-14 21:29:27+01:00
1,2,1,1,0,0,2021-02-14 22:11:58+01:00
1,1,1,1,0,0,2021-02-14 22:21:36+01:00
2,2,1,1,0,0,2021-02-15 11:35:52+01:00
1,1,1,1,0,0,2021-02-15 13:42:02+01:00
2,2,1,1,0,0,2021-02-15 21:17:22+01:00
1,1,1,1,0,0,2021-02-15 22:44:34+01:00
1,1,1,1,0,0,2021-02-15 23:22:39+01:00
1,1,1,1,0,0,2021-02-16 15:00:41+01:00
1,1,1,1,0,0,2021-02-19 10:39:05+01:00
1,1,1,1,0,0,2021-02-23 12:56:18+01:00
1,1,1,1,0,0,2021-02-23 15:57:45+01:00
1,1,1,1,0,0,2021-02-23 15:58:51+01:00
1,1,1,1,0,0,2021-02-23 16:03:30+01:00
1,1,1,1,0,0,2021-02-23 16:03:59+01:00
1,1,1,1,0,0,2021-02-23 16:16:12+01:00
1,1,1,1,0,0,2021-02-23 15:54:03+00:00
1,1,1,1,0,0,2021-02-23 17:31:59+01:00
1,1,1,1,0,0,2021-02-23 18:55:52+01:00
1,1,1,1,0,0,2021-02-24 12:31:26+01:00
1,1,1,1,0,0,2021-02-24 13:07:20+01:00
1,1,1,1,0,0,2021-02-24 13:17:54+01:00
1,1,1,1,0,0,2021-02-24 15:44:13+01:00
1,1,1,1,0,0,2021-02-24 16:04:51+01:00
1,1,1,1,0,0,2021-02-24 16:24:43+01:00
1,1,1,1,0,0,2021-02-25 11:16:05+01:00
1,1,1,1,0,0,2021-02-25 12:30:50+01:00
1,1,1,1,0,0,2021-03-01 22:07:30+01:00
1,1,1,1,0,0,2021-03-02 11:55:29+01:00
2,2,1,1,0,0,2021-03-08 20:35:45+01:00
2,2,2,1,0,0,2021-03-08 21:12:58+01:00
2,2,2,1,0,0,2021-03-09 13:23:22+01:00
2,2,2,2,0,0,2021-03-09 17:21:41+01:00
1,1,1,1,0,0,2021-03-09 17:56:14+01:00
3,3,3,2,0,0,2021-03-10 15:11:29+01:00
1,1,1,1,0,0,2021-03-10 15:21:04+01:00
2,2,2,2,0,0,2021-03-10 16:13:07+01:00
1,1,1,1,0,0,2021-03-10 16:36:52+01:00
2,2,2,1,0,0,2021-03-11 16:57:22+01:00
2,2,2,1,0,0,2021-03-16 17:27:04+01:00
2,2,2,1,0,0,2021-03-16 19:34:45+01:00
2,2,2,1,0,0,2021-03-16 19:46:04+01:00
1,1,1,0,0,0,2021-03-17 11:17:42+01:00
1,1,1,1,0,0,2021-03-17 17:32:21+01:00
3,3,3,2,0,0,2021-03-18 14:21:26+01:00
2,2,2,1,0,0,2021-03-18 14:40:53+01:00
1,1,1,1,0,0,2021-03-22 14:17:56+01:00
1,1,1,1,0,0,2021-03-23 16:55:26+01:00
1,1,1,1,0,0,2021-03-25 15:37:27+01:00
2,2,2,0,0,1,2021-04-12 19:32:58+02:00
1,1,1,0,0,1,2021-04-19 20:49:37+02:00
1,1,1,1,0,0,2021-04-20 12:20:26+02:00
1,1,1,1,0,0,2021-04-20 13:06:50+02:00
1,1,1,1,0,0,2021-04-21 14:21:14+02:00
1,1,1,0,0,1,2021-04-23 11:55:07+02:00
1,1,1,0,0,1,2021-04-24 15:23:20+02:00
1,0,0,0,0,0,2021-06-16 17:51:25+02:00
1,1,1,0,0,1,2021-06-16 18:27:36+02:00
2,1,1,0,0,1,2021-06-17 15:47:36+02:00
2,1,1,0,0,1,2021-06-23 10:45:52+02:00
2,2,2,0,0,1,2021-06-23 16:57:19+02:00
1,1,1,0,0,1,2021-06-23 17:04:58+02:00
1,1,1,0,0,1,2021-06-23 19:03:46+02:00
1,1,1,0,0,1,2021-09-30 15:30:18+02:00
2,1,1,0,0,1,2021-09-30 17:19:37+02:00
1,1,1,0,0,1,2021-10-01 12:11:24+02:00
1,1,1,0,0,1,2021-10-18 17:30:22+02:00
0,0,0,0,0,0,2021-10-18 17:58:58+02:00
0,0,0,0,0,0,2021-10-18 18:12:11+02:00
0,0,0,0,0,0,2021-10-18 18:14:18+02:00
0,0,0,0,0,0,2021-10-18 18:16:36+02:00
0,0,0,0,0,0,2021-10-18 20:16:35+02:00
0,0,0,0,0,0,2021-10-18 20:21:16+02:00
0,0,0,0,0,0,2021-10-18 21:04:49+02:00
2,2,3,1,0,1,2021-10-19 14:29:35+02:00
10,10,7,3,0,0,2021-10-19 14:30:56+02:00
5,5,4,4,0,0,2021-10-19 15:23:53+02:00
0,0,0,0,0,0,2021-10-19 15:26:54+02:00
