Acquisition,Preparation,Modeling,Training,Evaluation,Prediction,time
0,0,0,0,0,0,2016-09-20 00:39:35-04:00
0,0,0,0,0,0,2016-10-03 21:01:18-04:00
0,0,0,0,0,0,2016-10-03 21:08:31-04:00
0,0,0,0,0,0,2016-10-03 21:11:54-04:00
0,0,0,0,0,0,2016-10-12 17:35:47-04:00
0,0,0,0,0,0,2016-10-12 17:57:17-04:00
0,0,0,0,0,0,2016-10-12 18:00:29-04:00
0,0,0,0,0,0,2016-10-12 18:22:02-04:00
0,0,0,0,0,0,2016-10-12 18:25:10-04:00
0,0,0,0,0,0,2016-10-12 18:27:31-04:00
0,0,0,0,0,0,2016-10-12 18:29:44-04:00
0,0,0,0,0,0,2016-10-12 18:35:15-04:00
0,0,0,0,0,0,2016-10-12 18:36:26-04:00
0,0,0,0,0,0,2016-10-12 19:30:48-04:00
0,0,0,0,0,0,2016-10-12 19:37:56-04:00
0,0,0,0,0,0,2016-10-13 07:19:37-04:00
0,0,0,0,0,0,2016-10-13 07:29:43-04:00
0,1,0,0,0,0,2016-10-14 00:15:26-04:00
0,0,0,0,0,0,2016-10-14 00:18:37-04:00
0,1,0,0,0,0,2016-10-14 02:34:06-04:00
0,1,0,0,0,0,2016-10-14 18:15:51-04:00
0,0,0,0,0,0,2016-10-15 17:26:00-04:00
0,0,0,0,0,0,2016-10-15 17:35:23-04:00
0,0,0,0,0,0,2016-10-15 18:25:42-04:00
0,0,0,0,0,0,2016-10-15 18:43:52-04:00
0,1,0,0,0,0,2016-10-15 22:29:00-04:00
0,1,0,0,0,0,2016-10-15 22:47:00-04:00
0,0,0,0,0,0,2016-10-15 22:49:17-04:00
0,0,0,0,0,0,2016-10-16 00:59:20-04:00
0,0,0,0,0,0,2016-10-16 12:18:54-04:00
0,3,0,0,0,1,2016-10-16 21:40:11-04:00
0,0,0,0,0,0,2016-10-16 21:42:54-04:00
0,1,0,0,0,0,2016-10-17 14:25:34-04:00
0,2,0,0,0,1,2016-10-17 16:13:12-04:00
0,0,0,0,0,0,2016-10-17 16:19:17-04:00
0,0,0,0,0,0,2016-10-17 16:35:05-04:00
0,0,0,0,0,0,2016-10-17 15:58:19-04:00
0,0,0,0,0,0,2016-10-17 16:41:50-04:00
0,0,0,1,0,0,2016-10-17 17:27:24-04:00
0,0,0,1,0,0,2016-10-17 17:53:22-04:00
0,0,0,1,0,0,2016-10-17 18:06:36-04:00
0,1,0,0,0,0,2016-10-17 18:32:27-04:00
0,0,0,0,0,0,2016-10-17 18:31:51-04:00
0,0,0,0,0,0,2016-10-17 18:50:36-04:00
0,0,0,0,0,0,2016-10-17 19:42:24-04:00
0,0,0,0,0,0,2016-10-17 19:42:52-04:00
0,0,0,0,0,0,2016-10-17 19:43:16-04:00
0,0,0,0,0,0,2016-10-17 19:48:48-04:00
0,0,0,0,0,0,2016-10-17 19:53:16-04:00
0,0,0,0,0,0,2016-10-17 20:07:10-04:00
0,0,0,0,0,0,2016-10-17 20:12:05-04:00
0,0,0,0,0,0,2016-10-17 20:33:42-04:00
0,5,1,0,0,0,2016-10-17 21:26:05-04:00
0,0,0,0,0,0,2016-10-17 22:12:57-04:00
0,2,0,0,0,0,2016-10-19 17:55:13-04:00
0,0,0,0,0,0,2016-10-20 03:07:20-04:00
0,0,0,0,0,0,2016-10-24 05:00:52-04:00
0,0,0,0,0,0,2016-10-29 13:33:51-04:00
0,2,0,0,0,1,2016-10-29 13:42:11-04:00
0,0,0,0,0,0,2016-10-29 13:54:47-04:00
0,0,0,0,0,0,2016-10-29 14:20:20-04:00
0,0,0,0,0,0,2016-10-29 14:42:47-04:00
0,0,0,0,0,0,2016-10-29 15:07:56-04:00
0,0,0,0,0,0,2016-10-29 15:16:25-04:00
0,0,0,0,0,0,2016-10-29 15:17:29-04:00
0,0,0,0,0,0,2016-10-29 15:21:21-04:00
0,0,0,0,0,0,2016-10-29 15:24:11-04:00
0,0,0,0,0,0,2016-10-29 15:26:45-04:00
0,0,0,0,0,0,2016-10-29 15:36:58-04:00
0,2,0,0,0,1,2016-10-29 15:54:37-04:00
0,0,0,0,0,0,2016-10-29 16:09:45-04:00
0,0,0,0,0,0,2016-10-29 16:10:55-04:00
0,1,0,0,0,1,2016-10-29 16:48:52-04:00
0,0,0,0,0,0,2016-10-29 17:05:00-04:00
0,2,0,0,0,1,2016-10-29 17:07:36-04:00
0,0,0,0,0,0,2016-10-29 17:10:30-04:00
0,0,0,0,0,0,2016-10-29 17:14:15-04:00
0,0,0,0,0,0,2016-10-29 17:16:42-04:00
0,0,0,0,0,0,2016-10-29 17:18:02-04:00
0,0,0,0,0,0,2016-10-29 17:20:26-04:00
0,0,0,0,0,0,2016-10-29 17:22:36-04:00
0,0,0,1,0,0,2016-10-29 17:39:09-04:00
0,0,0,0,0,0,2016-10-29 17:43:57-04:00
0,0,0,0,0,0,2016-10-29 17:45:40-04:00
0,0,0,0,0,0,2016-10-29 17:50:11-04:00
0,0,0,0,0,0,2016-10-29 17:54:06-04:00
0,0,0,0,0,0,2016-10-29 17:57:22-04:00
0,0,0,0,0,0,2016-10-29 17:58:00-04:00
0,0,0,0,0,0,2016-10-29 17:58:21-04:00
0,0,0,0,0,0,2016-10-29 18:02:04-04:00
0,0,0,0,0,0,2016-10-29 18:13:22-04:00
0,0,0,0,0,0,2016-10-29 18:17:33-04:00
0,0,0,0,0,0,2016-10-29 18:35:32-04:00
0,0,0,0,0,0,2016-10-29 18:46:09-04:00
0,0,0,0,0,0,2016-10-29 19:02:46-04:00
0,0,0,0,0,0,2016-10-29 22:03:43-04:00
0,0,0,0,0,0,2016-10-29 22:12:37-04:00
0,3,0,0,0,1,2016-10-30 16:49:35-04:00
0,0,0,0,0,0,2016-10-30 17:39:45-04:00
0,0,0,0,0,0,2016-10-30 17:42:00-04:00
0,4,0,0,0,1,2016-10-30 17:49:21-04:00
0,0,0,0,0,0,2016-10-30 18:13:41-04:00
0,0,0,0,0,0,2016-10-30 23:44:01-04:00
0,0,0,0,0,0,2016-10-30 23:44:36-04:00
0,0,0,0,0,0,2016-10-30 23:45:11-04:00
0,0,0,0,0,0,2016-10-31 00:04:22-04:00
0,0,0,0,0,0,2016-10-31 00:16:54-04:00
0,1,0,0,0,0,2016-10-31 01:01:23-04:00
0,0,0,0,0,0,2016-10-31 01:04:41-04:00
0,0,0,0,0,0,2016-10-31 01:10:31-04:00
0,2,0,0,0,0,2016-10-31 01:35:53-04:00
0,0,0,0,0,0,2016-10-31 15:51:35-04:00
0,0,0,0,0,0,2016-10-31 16:02:15-04:00
0,0,0,0,0,0,2016-10-31 16:39:02-04:00
0,0,0,0,0,0,2016-10-31 17:08:28-04:00
0,0,0,0,0,0,2016-10-31 17:23:02-04:00
0,0,0,0,0,0,2016-10-31 17:34:16-04:00
0,0,0,0,0,0,2016-10-31 17:56:03-04:00
0,0,0,0,0,0,2016-10-31 17:56:31-04:00
0,1,0,0,0,1,2016-10-31 18:44:04-04:00
0,0,0,0,0,0,2016-10-31 18:54:51-04:00
0,0,0,0,0,0,2016-10-31 19:46:33-04:00
0,0,0,0,0,0,2016-10-31 19:51:30-04:00
0,0,0,0,0,0,2016-10-31 20:46:29-04:00
0,0,0,0,0,0,2016-10-31 20:52:22-04:00
0,0,0,0,0,0,2016-10-31 20:57:35-04:00
0,2,0,0,0,0,2016-10-31 20:42:33-04:00
0,0,0,0,0,0,2016-10-31 21:00:53-04:00
0,0,0,0,0,0,2016-10-31 22:47:16-04:00
0,0,0,0,0,0,2016-10-31 23:08:15-04:00
0,0,0,0,0,0,2016-10-31 23:12:46-04:00
0,0,0,0,0,0,2016-10-31 23:17:44-04:00
0,0,0,0,0,0,2016-10-31 23:18:50-04:00
0,0,0,0,0,0,2016-10-31 23:26:51-04:00
0,0,0,0,0,0,2016-10-31 23:29:22-04:00
0,0,0,0,0,0,2016-10-31 23:39:38-04:00
0,0,0,0,0,0,2016-10-31 23:55:42-04:00
0,0,0,0,0,0,2016-11-01 00:15:49-04:00
0,0,0,0,0,0,2016-11-01 00:29:25-04:00
0,0,0,0,0,0,2016-11-01 00:41:52-04:00
0,0,0,0,0,0,2016-11-01 00:54:46-04:00
0,0,0,0,0,0,2016-11-01 01:28:25-04:00
0,0,0,0,0,0,2016-11-01 01:45:44-04:00
0,0,0,0,0,0,2016-11-01 01:58:24-04:00
0,0,0,0,0,0,2016-11-01 02:42:01-04:00
0,0,0,0,0,0,2016-11-01 02:48:54-04:00
0,0,0,0,0,0,2016-11-01 03:05:18-04:00
0,0,0,0,0,0,2016-11-01 23:15:52-04:00
0,0,0,0,0,0,2016-11-01 23:28:07-04:00
0,3,0,0,0,1,2016-11-02 05:54:38-04:00
0,0,0,0,0,0,2016-11-02 05:55:50-04:00
0,0,0,0,0,0,2016-11-02 19:20:10-04:00
0,0,0,0,0,0,2016-11-03 18:23:28-04:00
0,0,0,0,0,0,2016-11-05 16:18:01-04:00
0,0,0,0,0,0,2016-11-05 16:29:13-04:00
0,0,0,0,0,0,2016-11-05 16:46:47-04:00
0,0,0,0,0,0,2016-11-05 16:48:49-04:00
0,1,0,0,0,0,2016-11-05 17:48:15-04:00
0,0,0,0,0,0,2016-11-05 17:49:36-04:00
0,0,0,0,0,0,2016-11-05 17:52:10-04:00
0,0,0,0,0,0,2016-11-05 17:54:34-04:00
0,0,0,0,0,0,2016-11-05 18:04:53-04:00
0,0,0,0,0,0,2016-11-05 17:56:26-04:00
0,1,0,0,0,0,2016-11-06 14:07:30-05:00
0,0,0,0,0,0,2016-11-06 14:08:03-05:00
0,0,0,0,0,0,2016-11-06 14:08:34-05:00
0,0,0,0,0,0,2016-11-07 14:01:18-05:00
0,2,0,0,0,0,2016-11-09 14:42:31-05:00
0,0,0,0,0,0,2016-11-12 11:42:51-05:00
0,0,0,0,0,0,2016-11-12 15:51:57-05:00
0,0,0,0,0,0,2016-11-12 21:22:20-05:00
0,0,0,0,0,0,2016-11-12 23:18:59-05:00
0,0,0,0,0,0,2016-11-13 23:05:32-05:00
0,0,0,0,0,0,2016-11-13 23:33:27-05:00
0,0,0,0,0,0,2016-11-13 23:55:21-05:00
0,0,0,0,0,0,2016-11-14 03:06:21-05:00
1,1,0,0,0,0,2016-11-14 23:11:05-05:00
0,0,0,0,0,0,2016-11-14 23:37:49-05:00
0,0,0,0,0,0,2016-11-14 23:39:50-05:00
0,0,0,0,0,0,2016-11-15 00:55:31-05:00
0,0,0,0,0,0,2016-11-15 01:49:00-05:00
0,0,0,0,0,0,2016-11-15 01:52:19-05:00
0,0,0,0,0,0,2016-11-15 01:55:28-05:00
0,0,0,0,0,0,2016-11-15 05:41:14-05:00
0,0,0,0,0,0,2016-11-15 05:46:02-05:00
0,1,0,0,0,1,2016-11-15 06:11:26-05:00
0,0,0,0,0,0,2016-11-15 07:17:26-05:00
0,0,0,0,0,0,2016-11-15 07:20:08-05:00
0,0,0,0,0,0,2016-11-14 12:39:54-05:00
0,2,0,0,0,0,2016-11-18 18:22:41-05:00
0,0,0,0,0,0,2016-11-19 11:26:39-05:00
0,0,0,0,0,0,2016-11-27 18:06:58-05:00
0,0,0,0,0,0,2016-12-02 12:05:54-05:00
0,0,0,0,0,0,2016-12-03 16:21:10-05:00
0,2,0,0,0,1,2016-12-11 21:08:01-05:00
0,0,0,0,0,0,2016-12-11 22:50:30-05:00
0,0,0,0,0,0,2016-12-11 23:06:50-05:00
0,0,0,0,0,0,2016-12-11 23:10:44-05:00
0,0,0,0,0,0,2016-12-11 23:14:18-05:00
0,0,0,0,0,0,2016-12-11 23:45:28-05:00
0,0,0,0,0,0,2016-12-12 00:08:22-05:00
1,1,0,0,0,0,2016-12-12 00:18:53-05:00
0,0,0,0,0,0,2016-12-12 14:41:18-05:00
0,0,0,0,0,0,2016-12-12 14:51:08-05:00
1,2,0,0,0,0,2016-12-12 22:33:39-05:00
0,2,0,0,0,0,2016-12-13 01:57:00-05:00
1,5,2,3,0,1,2016-12-13 02:24:23-05:00
0,0,0,1,0,0,2016-12-13 02:31:46-05:00
0,0,0,0,0,0,2016-12-13 02:59:57-05:00
1,1,0,0,0,0,2016-12-13 03:34:10-05:00
0,1,1,1,0,0,2016-12-13 03:35:22-05:00
0,0,0,1,0,0,2016-12-13 03:53:06-05:00
0,0,0,0,0,0,2016-12-13 03:53:47-05:00
0,0,0,0,0,0,2016-12-13 04:40:01-05:00
0,0,0,0,0,0,2016-12-13 04:40:41-05:00
1,1,0,0,0,0,2016-12-13 04:41:51-05:00
0,0,0,1,0,0,2016-12-13 04:42:38-05:00
0,0,0,0,0,0,2016-12-13 04:43:43-05:00
0,0,0,0,0,0,2016-12-13 04:44:42-05:00
1,1,0,0,0,0,2016-12-13 05:14:50-05:00
1,1,0,0,0,0,2016-12-13 05:36:03-05:00
0,0,0,0,0,0,2016-12-13 07:16:03-05:00
0,0,0,0,0,0,2016-12-13 15:44:37-05:00
0,1,1,1,0,0,2016-12-13 16:33:21-05:00
0,0,0,0,0,0,2016-12-13 16:53:44-05:00
0,0,0,0,0,0,2016-12-13 16:55:46-05:00
0,0,0,0,0,0,2016-12-13 16:57:24-05:00
0,0,0,0,0,0,2016-12-13 16:58:41-05:00
0,0,0,0,0,0,2016-12-13 16:59:47-05:00
0,1,0,0,0,0,2016-12-13 17:18:03-05:00
0,1,0,0,0,0,2016-12-13 17:18:34-05:00
0,0,0,0,0,0,2016-12-13 17:19:18-05:00
1,1,0,0,0,0,2016-12-13 17:49:42-05:00
0,1,0,0,0,1,2016-12-13 17:58:38-05:00
0,0,0,0,0,0,2016-12-13 18:03:14-05:00
0,1,0,0,0,1,2016-12-13 18:03:32-05:00
0,0,0,0,0,0,2016-12-13 18:03:51-05:00
1,1,0,0,0,0,2016-12-13 18:04:28-05:00
0,0,0,0,0,0,2016-12-13 21:25:29-05:00
0,0,0,0,0,0,2016-12-16 15:48:27-05:00
0,0,0,0,0,0,2016-12-16 16:18:29-05:00
0,0,0,0,0,0,2016-12-17 13:11:22-05:00
0,0,0,0,0,0,2016-12-17 13:25:19-05:00
0,0,0,0,0,0,2016-12-17 13:48:36-05:00
0,0,0,0,0,0,2016-12-17 13:53:50-05:00
0,0,0,0,0,0,2016-12-17 14:23:06-05:00
0,1,0,0,0,1,2016-12-17 14:46:32-05:00
0,0,0,0,0,0,2016-12-17 13:53:50-05:00
0,0,0,0,0,0,2016-12-17 14:57:53-05:00
1,1,0,0,0,0,2016-12-16 15:48:27-05:00
0,0,0,0,0,0,2016-12-17 15:08:00-05:00
0,0,0,0,0,0,2016-12-17 15:23:43-05:00
0,0,0,0,0,0,2016-12-17 15:32:26-05:00
0,0,0,0,0,0,2016-12-17 15:47:22-05:00
0,0,0,0,0,0,2016-12-17 19:39:42-05:00
0,0,0,0,0,0,2016-12-17 19:40:04-05:00
0,0,0,0,0,0,2016-12-17 19:46:34-05:00
0,0,0,0,0,0,2016-12-17 19:51:20-05:00
1,0,0,0,0,0,2016-12-17 19:54:37-05:00
0,0,0,0,0,0,2016-12-17 20:09:34-05:00
0,0,0,0,0,0,2016-12-17 20:36:10-05:00
0,1,0,1,0,1,2016-12-17 21:22:52-05:00
0,0,0,0,0,0,2016-12-18 00:59:07-05:00
0,0,0,1,0,0,2016-12-18 01:54:08-05:00
0,0,0,1,0,0,2016-12-18 02:29:20-05:00
0,0,0,1,0,0,2016-12-18 02:42:21-05:00
0,0,0,1,0,0,2016-12-18 02:48:32-05:00
0,0,0,0,0,0,2016-12-18 03:24:23-05:00
0,0,0,0,0,0,2016-12-18 14:06:27-05:00
0,0,0,0,0,0,2016-12-18 22:08:16-05:00
0,0,0,0,0,0,2016-12-18 22:08:22-05:00
0,0,0,0,0,0,2016-12-18 22:15:22-05:00
0,0,0,0,0,0,2016-12-18 22:18:38-05:00
0,1,1,2,0,0,2016-12-18 22:32:12-05:00
0,0,0,0,0,0,2016-12-19 19:29:21-05:00
0,0,0,0,0,0,2016-12-19 19:30:30-05:00
0,0,0,0,0,0,2016-12-19 19:30:35-05:00
0,0,0,0,0,0,2016-12-19 19:51:34-05:00
0,0,0,0,0,0,2016-12-19 20:47:38-05:00
0,0,0,0,0,0,2016-12-19 21:24:21-05:00
0,0,0,0,0,0,2016-12-19 21:37:58-05:00
0,0,0,0,0,0,2016-12-19 22:00:18-05:00
0,0,0,0,0,0,2016-12-19 22:00:28-05:00
0,0,0,0,0,0,2016-12-19 22:13:18-05:00
0,0,0,0,0,0,2016-12-19 22:21:22-05:00
0,0,0,0,0,0,2016-12-20 01:06:41-05:00
0,0,0,0,0,0,2016-12-19 22:27:12-05:00
0,0,0,0,0,0,2016-12-20 01:16:45-05:00
0,0,0,0,0,0,2016-12-20 01:32:15-05:00
0,0,0,0,0,0,2016-12-20 01:45:09-05:00
0,0,0,0,0,0,2016-12-20 02:05:26-05:00
0,0,0,0,0,0,2016-12-20 02:51:07-05:00
0,0,0,0,0,0,2016-12-20 03:14:32-05:00
0,0,0,0,0,0,2016-12-20 01:13:54-05:00
0,0,0,0,0,0,2016-12-20 03:15:45-05:00
0,0,0,0,0,0,2016-12-20 03:17:17-05:00
0,0,0,0,0,0,2016-12-20 05:30:25-05:00
0,0,0,0,0,0,2016-12-20 05:36:23-05:00
0,0,0,1,0,0,2016-12-20 05:36:47-05:00
0,1,1,1,0,0,2016-12-20 05:37:14-05:00
0,0,0,0,0,0,2016-12-20 05:37:57-05:00
0,0,0,0,0,0,2016-12-20 07:09:52-05:00
0,0,0,0,0,0,2016-12-20 09:33:30-05:00
1,1,0,0,0,1,2016-12-21 19:34:01-05:00
0,0,0,0,0,0,2016-12-21 22:12:50-05:00
0,0,0,0,0,0,2016-12-21 22:13:17-05:00
0,5,0,0,0,0,2016-12-21 23:52:42-05:00
0,0,0,0,0,0,2016-12-21 23:53:06-05:00
0,4,0,0,0,1,2017-09-03 20:02:43-04:00
