Acquisition,Preparation,Modeling,Training,Evaluation,Prediction,time
0,0,0,0,0,0,2020-05-21 12:35:00-06:00
0,0,0,0,0,0,2020-05-21 12:35:20-06:00
2,2,0,0,0,0,2020-06-02 10:43:29-07:00
1,2,0,0,0,0,2020-06-03 05:49:14-07:00
3,7,0,0,1,0,2020-06-04 05:06:04-07:00
1,2,0,0,0,0,2020-06-04 08:20:48-07:00
0,1,0,0,0,0,2020-06-04 10:27:00-07:00
1,2,0,0,0,0,2020-06-05 09:51:14-07:00
0,1,0,0,0,0,2020-06-05 09:52:14-07:00
1,1,0,0,0,0,2020-06-06 06:51:26-07:00
0,0,0,0,0,0,2020-06-06 07:03:46-07:00
1,2,0,0,0,0,2020-06-06 16:23:33+01:00
1,1,0,0,0,0,2020-06-06 20:55:19+01:00
1,1,0,0,0,0,2020-06-08 05:07:03-07:00
1,1,0,0,0,0,2020-06-08 05:10:01-07:00
2,2,0,0,0,0,2020-06-08 05:45:31-07:00
2,2,0,0,0,0,2020-06-08 13:03:28-07:00
2,2,0,0,0,0,2020-06-08 13:17:56-07:00
1,1,0,0,0,0,2020-06-08 13:51:44-07:00
1,1,0,0,0,0,2020-06-13 06:40:18-07:00
1,1,0,0,0,0,2020-06-13 08:20:04-07:00
2,2,0,0,0,0,2020-06-13 06:04:30-07:00
1,1,0,0,0,0,2020-06-15 13:38:59-07:00
2,2,0,0,0,0,2020-06-15 15:12:29-07:00
1,1,0,0,0,0,2020-06-16 06:40:18-07:00
1,1,0,0,0,0,2020-06-16 06:42:49-07:00
1,1,0,0,0,0,2020-06-16 19:05:27+01:00
2,2,0,0,0,0,2020-06-17 07:00:03-07:00
1,1,0,0,0,0,2020-06-17 13:19:40-07:00
1,1,0,0,0,0,2020-06-18 12:07:13+01:00
0,0,0,0,0,0,2020-06-22 00:22:25+01:00
1,1,0,0,0,0,2020-06-21 16:02:41-07:00
1,1,0,0,0,0,2020-06-21 16:57:35-07:00
0,0,0,0,0,0,2020-06-22 11:47:21+01:00
1,1,0,0,0,0,2020-06-22 06:38:34-07:00
1,1,0,0,0,0,2020-06-22 07:18:58-07:00
1,1,0,0,0,0,2020-06-22 09:25:06-07:00
1,1,0,0,0,0,2020-06-23 06:14:38-07:00
0,0,0,0,0,0,2020-06-23 06:15:58-07:00
0,0,0,0,0,0,2020-06-23 07:01:03-07:00
0,0,0,0,0,0,2020-06-23 07:14:17-07:00
0,0,0,0,0,0,2020-06-23 08:04:41-07:00
1,1,0,0,0,0,2020-06-29 16:22:00-07:00
1,1,0,0,0,0,2020-06-29 17:41:59-07:00
1,1,0,0,0,0,2020-06-29 17:43:44-07:00
2,3,0,0,0,0,2020-06-29 18:43:05-07:00
1,2,0,0,0,0,2020-06-29 18:58:48-07:00
1,2,0,0,0,0,2020-06-29 20:18:28-07:00
1,1,0,0,0,0,2020-06-30 05:35:06-07:00
1,2,0,0,0,0,2020-06-30 05:57:03-07:00
1,2,0,0,0,0,2020-06-30 06:09:38-07:00
1,1,0,0,0,0,2020-06-30 07:23:25-07:00
1,1,0,0,0,0,2020-07-02 14:48:14-07:00
2,2,0,0,0,0,2020-07-02 14:48:32-07:00
2,2,0,0,0,0,2020-07-02 15:42:12-07:00
1,1,0,0,0,0,2020-07-02 16:08:55-07:00
1,2,0,0,0,0,2020-07-02 16:46:48-07:00
1,1,0,0,0,0,2020-07-02 17:11:44-07:00
2,3,0,0,0,0,2020-07-03 13:27:39+01:00
2,2,0,0,0,0,2020-07-03 10:51:48-07:00
1,2,0,0,0,0,2020-07-03 23:16:17+01:00
1,2,0,0,0,0,2020-07-06 23:49:07+01:00
1,1,0,0,0,0,2020-07-07 14:17:29+01:00
1,1,0,0,0,0,2020-07-07 06:46:49-07:00
1,2,0,0,0,0,2020-07-13 18:22:19-07:00
2,3,0,0,0,0,2020-07-13 19:37:20-07:00
1,1,0,0,0,0,2020-07-14 13:44:30-07:00
2,2,0,0,0,0,2020-07-14 13:58:08-07:00
2,3,0,0,0,0,2020-07-15 11:53:51+02:00
1,1,0,0,0,0,2020-07-15 05:32:59-07:00
1,1,0,0,0,0,2020-07-15 06:07:31-07:00
1,1,0,0,0,0,2020-07-15 07:14:35-07:00
1,2,0,0,0,0,2020-07-17 08:55:13-07:00
1,1,0,0,0,0,2020-07-17 09:10:07-07:00
1,1,0,0,0,0,2020-07-17 09:42:16-07:00
0,0,0,0,0,0,2020-07-17 09:48:24-07:00
1,2,0,0,0,0,2020-07-17 10:15:05-07:00
1,1,0,0,0,0,2020-07-20 05:40:09-07:00
1,2,0,0,0,0,2020-07-20 09:10:39-07:00
1,1,0,0,0,0,2020-08-15 17:03:55-07:00
1,1,0,0,0,0,2020-08-15 18:04:15-07:00
1,2,0,0,0,0,2020-08-16 18:13:33-07:00
1,1,0,0,0,0,2020-08-17 00:39:15-07:00
1,3,0,0,0,0,2020-09-01 06:18:32+00:00
1,1,0,0,0,0,2020-08-13 09:20:55+01:00
0,1,0,0,0,0,2020-09-01 00:19:45-07:00
2,1,0,0,0,0,2020-09-05 23:01:03-07:00
2,1,0,0,0,0,2020-09-06 00:34:42-07:00
1,1,0,0,0,0,2020-09-06 02:26:53-07:00
2,1,0,0,0,0,2020-09-11 00:32:37-07:00
1,0,0,0,0,0,2020-09-11 00:47:38-07:00
0,2,0,0,0,0,2020-09-11 14:38:17-07:00
2,1,0,0,0,0,2020-09-11 18:07:47-07:00
1,1,0,0,0,0,2020-09-11 22:21:40-07:00
2,1,0,0,0,0,2020-09-11 23:35:58-07:00
2,1,0,0,0,0,2020-09-11 23:53:01-07:00
1,1,0,0,0,0,2020-09-12 00:49:57-07:00
1,1,0,0,0,0,2020-09-12 00:57:32-07:00
0,0,0,0,0,0,2020-09-12 01:03:23-07:00
2,2,0,0,0,0,2020-09-12 13:28:16-07:00
1,2,0,0,0,0,2020-09-14 18:41:49-07:00
1,2,0,0,0,0,2020-09-14 18:50:27-07:00
0,0,0,0,0,0,2020-09-14 19:25:44-07:00
1,2,0,0,0,0,2020-09-14 19:38:13-07:00
1,1,0,0,0,0,2020-09-14 19:47:28-07:00
2,1,0,0,0,0,2020-09-14 20:17:59-07:00
2,1,0,0,0,0,2020-09-17 00:29:37-07:00
1,0,0,0,0,0,2020-10-14 08:32:30-07:00
0,0,0,0,0,0,2020-10-14 08:58:34-07:00
1,0,0,0,0,0,2020-10-14 09:14:08-07:00
1,0,0,0,0,0,2020-10-14 09:23:22-07:00
