Acquisition,Preparation,Modeling,Training,Evaluation,Prediction,time
0,0,0,0,0,0,2019-03-31 18:58:47-06:00
1,2,0,0,0,1,2019-04-01 22:23:22-06:00
0,1,1,1,0,0,2019-04-02 00:55:27-06:00
78,82,74,74,2,75,2019-04-03 00:53:04-06:00
0,0,0,0,0,0,2019-04-03 10:12:32-06:00
72,73,72,72,0,72,2019-04-03 10:14:15-06:00
0,0,0,0,0,0,2019-04-03 10:14:28-06:00
1,1,0,0,0,0,2019-04-03 18:52:51-06:00
2,1,0,0,0,0,2019-04-04 00:57:29-06:00
0,0,0,0,0,0,2019-04-04 01:05:32-06:00
0,0,0,0,0,0,2019-04-04 01:16:24-06:00
1,1,0,0,0,0,2019-04-04 18:44:12-06:00
1,1,0,0,0,0,2019-04-04 20:18:41-06:00
6,7,7,0,0,4,2019-04-06 22:28:16-06:00
0,0,0,0,0,0,2019-04-09 15:33:08-06:00
0,0,0,0,0,0,2019-04-09 15:33:46-06:00
0,0,0,0,0,0,2019-04-09 15:33:57-06:00
3,3,0,0,0,0,2019-04-09 15:34:35-06:00
1,1,1,0,0,1,2019-04-10 14:13:15-06:00
8,11,7,3,0,4,2019-04-13 21:01:34-06:00
1,1,1,0,0,1,2019-04-13 21:07:10-06:00
2,1,1,0,0,1,2019-04-13 23:10:30-06:00
1,2,1,0,0,1,2019-04-15 20:45:03-06:00
0,0,0,0,0,0,2019-04-15 20:45:54-06:00
1,1,1,0,0,1,2019-04-15 20:56:36-06:00
3,3,1,0,0,1,2019-04-16 00:56:57-06:00
0,0,0,0,0,0,2019-04-17 12:49:16-06:00
0,0,0,0,0,0,2019-04-17 12:50:02-06:00
3,4,0,1,0,1,2019-04-17 14:50:53-06:00
0,0,0,0,0,0,2019-04-17 14:51:02-06:00
0,0,0,0,0,0,2019-04-17 17:25:39-06:00
0,0,0,0,0,0,2019-04-17 17:43:07-06:00
0,0,0,0,0,0,2019-04-17 17:43:53-06:00
4,6,2,0,0,2,2019-04-19 02:40:06-06:00
2,3,0,0,0,0,2019-04-22 21:04:15-06:00
1,0,0,0,0,0,2019-04-23 15:51:09-06:00
1,0,0,0,0,0,2019-04-23 15:52:10-06:00
1,0,0,0,0,0,2019-04-23 15:57:17-06:00
1,0,0,0,0,0,2019-04-24 12:14:36-06:00
6,4,0,0,0,0,2019-05-01 00:59:11-06:00
0,0,0,0,0,0,2019-05-01 01:00:54-06:00
1,0,0,0,0,0,2019-05-06 17:47:14-06:00
0,0,0,0,0,0,2019-06-03 17:56:38-06:00
0,0,0,0,0,0,2019-06-03 17:57:54-06:00
3,1,0,0,0,0,2019-06-04 19:11:03-06:00
1,0,0,0,0,0,2019-06-06 19:07:25-06:00
1,0,0,0,0,0,2019-06-07 18:30:04-06:00
0,0,0,0,0,0,2019-06-07 18:31:23-06:00
4,4,2,0,0,1,2019-06-07 19:27:54-06:00
0,0,0,0,0,0,2019-06-09 18:34:30-06:00
3,4,2,0,0,1,2019-06-09 22:50:54-06:00
2,2,0,0,0,0,2019-06-10 19:26:50-06:00
1,1,0,0,0,0,2019-06-12 18:32:09-06:00
17,22,8,5,2,5,2020-02-23 17:13:20-07:00
0,0,0,0,0,0,2020-02-23 17:13:52-07:00
0,0,0,0,0,0,2020-02-23 17:17:32-07:00
6,8,5,1,0,3,2020-02-23 17:43:53-07:00
0,0,0,0,0,0,2020-02-23 17:50:14-07:00
3,4,2,0,0,1,2020-03-01 13:40:41-07:00
1,1,0,0,0,0,2020-03-01 21:58:16-07:00
