Acquisition,Preparation,Modeling,Training,Evaluation,Prediction,time
0,0,0,0,0,0,2018-10-12 19:56:03-04:00
0,0,0,0,0,0,2018-10-12 20:33:20-04:00
0,0,0,0,0,0,2018-11-27 10:08:18-05:00
0,0,0,0,0,0,2018-11-27 10:08:42-05:00
0,0,0,0,0,0,2018-12-10 17:53:41-05:00
0,0,0,0,0,0,2018-12-17 10:17:58-05:00
0,0,0,0,0,0,2018-12-17 12:53:42-05:00
0,0,0,0,0,0,2018-12-17 12:54:44-05:00
0,0,0,0,0,0,2018-12-17 12:57:40-05:00
1,1,0,0,0,0,2018-12-21 14:14:56+01:00
0,0,0,0,0,0,2018-12-21 14:15:00+01:00
1,1,0,0,0,0,2018-12-21 14:40:28+01:00
1,1,0,0,0,0,2018-12-21 14:49:49+01:00
2,1,0,1,1,0,2018-12-21 17:22:22+01:00
0,0,0,0,0,0,2019-01-03 10:33:33-05:00
0,0,0,0,0,0,2019-01-08 16:14:43-05:00
0,0,0,0,0,0,2019-01-09 06:14:38-05:00
0,0,0,0,0,0,2019-01-09 09:27:55-05:00
0,0,0,0,0,0,2019-01-09 09:31:56-05:00
0,0,0,0,0,0,2019-01-09 09:45:05-05:00
0,0,0,0,0,0,2019-01-09 09:46:07-05:00
0,0,0,0,0,0,2019-01-09 10:12:26-05:00
0,0,0,0,0,0,2019-01-09 10:19:22-05:00
0,0,0,0,0,0,2019-01-09 10:53:56-05:00
0,0,0,0,0,0,2019-01-09 11:27:54-05:00
0,0,0,0,0,0,2019-01-09 11:28:21-05:00
0,0,0,0,0,0,2019-01-09 12:00:52-05:00
0,0,0,0,0,0,2019-01-09 12:02:21-05:00
0,0,0,0,0,0,2019-01-09 12:02:55-05:00
0,0,0,0,0,0,2019-01-09 12:10:50-05:00
0,0,0,0,0,0,2019-01-10 11:18:23+01:00
0,0,0,0,0,0,2019-01-10 11:19:20+01:00
0,0,0,0,0,0,2019-01-10 05:26:56-05:00
0,0,0,0,0,0,2019-01-10 05:46:32-05:00
0,0,0,0,0,0,2019-01-10 05:53:27-05:00
0,0,0,0,0,0,2019-01-10 05:54:18-05:00
0,0,0,0,0,0,2019-01-10 06:02:41-05:00
0,0,0,0,0,0,2019-01-10 06:09:16-05:00
0,0,0,0,0,0,2019-01-10 06:10:31-05:00
0,0,0,0,0,0,2019-01-10 06:21:08-05:00
0,0,0,0,0,0,2019-01-10 06:22:52-05:00
0,0,0,0,0,0,2019-01-10 06:23:30-05:00
0,0,0,0,0,0,2019-01-10 06:29:01-05:00
0,0,0,0,0,0,2019-01-10 14:52:52+03:00
0,0,0,0,0,0,2019-01-10 14:54:19+03:00
0,0,0,0,0,0,2019-01-10 14:56:16+03:00
0,0,0,0,0,0,2019-04-24 11:18:19-04:00
0,0,0,0,0,0,2019-04-25 10:33:38-04:00
0,0,0,0,0,0,2019-04-25 10:38:10-04:00
0,0,0,0,0,0,2019-04-25 10:38:27-04:00
1,0,0,0,0,0,2019-04-25 17:42:54+03:00
0,0,0,0,0,0,2019-04-25 17:44:19+03:00
1,0,0,0,0,0,2019-04-25 17:44:53+03:00
0,0,0,0,0,0,2019-04-25 10:59:39-04:00
1,0,0,0,0,0,2019-06-05 16:33:22+03:00
1,0,0,0,0,0,2019-06-05 16:35:11+03:00
0,0,0,0,0,0,2019-06-05 18:04:33+03:00
0,0,0,0,0,0,2019-06-05 13:02:57-04:00
0,0,0,0,0,0,2019-06-05 13:05:45-04:00
0,0,0,0,0,0,2019-06-05 13:06:13-04:00
0,0,0,0,0,0,2019-06-05 13:07:52-04:00
0,0,0,0,0,0,2019-06-05 13:12:45-04:00
0,0,0,0,0,0,2019-06-05 13:14:12-04:00
0,0,0,0,0,0,2019-06-05 13:22:09-04:00
0,0,0,0,0,0,2019-06-05 13:27:13-04:00
0,0,0,0,0,0,2019-06-05 13:27:26-04:00
0,0,0,0,0,0,2019-06-05 13:31:00-04:00
0,0,0,0,0,0,2019-06-05 13:39:07-04:00
0,0,0,0,0,0,2019-06-05 13:56:28-04:00
0,0,0,0,0,0,2019-06-05 13:57:05-04:00
0,0,0,0,0,0,2019-06-06 16:36:00+03:00
1,1,0,0,0,0,2019-06-18 16:25:18+02:00
2,1,0,1,1,0,2019-06-20 13:39:26+02:00
2,1,0,1,1,0,2019-06-20 13:42:57+02:00
0,0,0,0,0,0,2019-06-20 14:49:53+03:00
1,1,0,0,0,0,2019-06-26 15:00:21+00:00
1,1,0,0,0,0,2019-06-26 20:32:40+00:00
1,1,0,0,0,0,2019-06-27 12:59:20+00:00
1,1,0,0,0,0,2019-06-29 22:15:43+00:00
0,0,0,0,0,0,2019-06-29 22:28:14-04:00
0,0,0,0,0,0,2019-06-29 22:51:28-04:00
0,0,0,0,0,0,2019-06-30 07:24:12-04:00
0,0,0,0,0,0,2019-06-30 07:57:43-04:00
1,1,0,0,0,0,2019-06-30 14:15:56+00:00
0,0,0,0,0,0,2019-06-30 14:16:17+00:00
0,0,0,0,0,0,2019-06-30 21:05:40-04:00
1,1,0,0,0,0,2019-07-01 01:14:45+00:00
0,0,0,0,0,0,2019-07-01 01:15:33+00:00
4,4,0,3,2,0,2019-07-02 11:37:28+02:00
0,0,0,0,0,0,2019-07-02 11:37:45+02:00
0,0,0,0,0,0,2019-07-02 20:00:46+00:00
1,1,0,0,0,0,2019-07-02 20:19:29+00:00
1,1,0,0,0,0,2019-07-02 17:26:52-04:00
1,1,0,0,0,0,2019-07-02 21:33:43+00:00
4,3,0,2,2,0,2019-07-03 10:53:36+00:00
1,0,0,0,0,0,2019-07-04 13:39:05+03:00
1,0,0,0,0,0,2019-07-04 13:40:13+03:00
1,0,0,0,0,0,2019-07-04 13:41:23+03:00
1,0,0,0,0,0,2019-07-04 13:42:55+03:00
1,1,0,0,0,0,2019-07-04 16:09:24+00:00
0,0,0,0,0,0,2019-07-05 05:42:22-04:00
1,0,0,0,0,0,2019-07-07 20:54:36+03:00
1,0,0,0,0,0,2019-07-07 20:56:25+03:00
0,0,0,0,0,0,2019-07-07 21:03:10+03:00
1,0,0,0,0,0,2019-07-07 21:06:37+03:00
1,1,0,0,0,0,2019-07-08 07:08:56+00:00
1,1,0,1,1,0,2019-07-08 12:35:02+02:00
0,0,0,0,0,0,2019-07-08 12:35:14+02:00
0,0,0,0,0,0,2019-08-08 17:44:11+02:00
0,1,0,0,0,0,2019-09-08 21:47:10+02:00
2,2,1,0,0,0,2019-09-09 15:43:12+02:00
0,0,0,0,0,0,2019-09-09 15:43:16+02:00
1,1,1,0,0,0,2019-09-09 15:53:20+02:00
0,0,0,0,0,0,2019-09-11 09:23:34-04:00
0,0,0,0,0,0,2019-09-11 09:24:44-04:00
1,1,0,0,0,0,2019-09-12 01:16:33+00:00
0,0,0,0,0,0,2019-09-12 01:16:47+00:00
1,1,0,0,0,0,2019-09-13 01:19:35+00:00
1,1,0,0,1,0,2019-09-13 17:45:02+00:00
1,1,0,0,0,0,2019-09-14 01:42:47+00:00
1,1,1,0,0,0,2019-09-14 14:24:07+00:00
3,3,0,0,1,0,2019-09-14 17:16:24+00:00
1,1,0,0,0,0,2019-09-14 19:17:28+00:00
1,1,1,0,0,0,2019-09-15 13:18:31-04:00
1,1,0,0,1,0,2019-09-17 08:46:05-04:00
2,2,1,0,0,0,2019-09-17 08:47:06-04:00
0,0,0,0,0,0,2019-09-17 09:18:14-04:00
0,0,0,0,0,0,2019-09-17 09:21:32-04:00
0,0,0,0,0,0,2019-09-17 09:22:10-04:00
0,0,0,0,0,0,2019-09-17 09:23:50-04:00
0,0,0,0,0,0,2019-09-17 09:26:09-04:00
0,0,0,0,0,0,2019-09-17 09:37:03-04:00
0,0,0,0,0,0,2019-09-17 09:43:44-04:00
0,0,0,0,0,0,2019-09-17 09:43:54-04:00
0,0,0,0,0,0,2019-09-17 18:31:37-04:00
12,15,2,3,4,0,2019-09-18 07:21:14-04:00
0,0,0,0,0,0,2019-09-18 07:23:26-04:00
10,10,2,3,3,0,2019-09-18 07:24:16-04:00
0,0,0,0,0,0,2019-09-18 07:24:32-04:00
0,0,0,0,0,0,2019-09-18 07:25:11-04:00
4,8,0,2,4,0,2019-09-18 15:11:11+00:00
0,0,0,0,0,0,2019-09-18 11:17:48-04:00
0,0,0,0,0,0,2019-09-18 11:26:25-04:00
0,0,0,0,0,0,2019-09-18 11:27:54-04:00
0,0,0,0,0,0,2019-09-18 11:30:20-04:00
0,0,0,0,0,0,2019-09-18 11:31:39-04:00
0,0,0,0,0,0,2019-09-18 11:34:34-04:00
0,0,0,0,0,0,2019-09-18 11:38:10-04:00
1,1,0,0,0,0,2019-09-18 16:29:23+00:00
1,1,1,1,1,0,2019-09-18 20:27:35+02:00
0,0,0,0,0,0,2019-09-18 20:29:13+02:00
0,0,0,0,0,0,2019-09-18 20:30:51+02:00
0,0,0,0,0,0,2019-09-18 14:54:01-04:00
1,1,0,0,0,0,2019-09-18 15:17:03-04:00
0,0,0,0,0,0,2019-09-18 15:17:14-04:00
1,1,1,1,1,0,2019-09-18 15:42:24-04:00
0,0,0,0,0,0,2019-09-18 15:49:23-04:00
1,1,1,1,0,0,2019-09-19 15:38:55-04:00
0,0,0,0,0,0,2019-09-19 15:39:08-04:00
5,7,1,3,3,0,2019-09-21 13:21:58+02:00
1,1,1,0,0,0,2019-09-21 13:26:52+02:00
1,1,1,1,0,0,2019-09-21 17:33:46+02:00
0,0,0,0,0,0,2019-09-21 11:42:22-04:00
1,1,0,0,0,0,2019-09-21 21:12:58+02:00
0,0,0,0,0,0,2019-09-21 21:13:39+02:00
0,0,0,0,0,0,2019-09-22 00:31:12+00:00
0,0,0,0,0,0,2019-09-22 00:32:16+00:00
0,0,0,0,0,0,2019-09-22 10:32:36+02:00
1,1,0,0,0,0,2019-09-22 11:13:07+02:00
0,0,0,0,0,0,2019-09-22 11:13:44+02:00
2,2,1,1,0,0,2019-09-22 13:10:51+02:00
0,1,0,0,1,0,2019-09-22 13:35:59+02:00
1,1,1,1,0,0,2019-09-22 15:15:48+02:00
0,1,0,0,0,0,2019-09-22 18:09:43+02:00
0,0,0,0,0,0,2019-09-22 21:39:48+02:00
2,1,0,0,0,0,2019-09-22 22:14:29+02:00
0,0,0,0,0,0,2019-09-22 22:15:07+02:00
6,7,2,1,1,0,2019-09-23 12:10:15+00:00
2,2,1,1,0,0,2019-09-23 14:25:00+02:00
0,0,0,0,0,0,2019-09-23 14:38:42+02:00
0,0,0,0,0,0,2019-09-23 16:45:08+02:00
6,4,0,0,1,0,2019-09-23 17:52:31+02:00
0,0,0,0,0,0,2019-09-23 17:54:49+02:00
1,2,1,0,0,0,2019-09-24 08:18:36+02:00
1,1,0,0,0,0,2019-09-24 15:24:19+02:00
2,2,1,0,1,0,2019-09-25 08:28:24+02:00
1,1,1,0,1,0,2019-09-25 12:12:45+02:00
0,0,0,0,0,0,2019-10-11 12:11:12-04:00
0,0,0,0,0,0,2019-10-16 13:53:57-04:00
6,7,3,2,3,0,2019-11-03 18:49:56-05:00
0,0,0,0,0,0,2019-11-03 18:51:37-05:00
1,1,0,0,0,0,2019-11-03 23:53:33+00:00
0,0,0,0,0,0,2019-11-03 23:57:38+00:00
1,1,0,0,1,0,2019-11-04 08:17:48-05:00
1,0,0,0,0,0,2019-11-04 09:41:41-05:00
1,1,0,0,1,0,2019-11-04 14:42:57+00:00
4,3,0,0,2,0,2020-02-17 16:49:52-05:00
4,3,1,2,0,0,2020-02-21 11:52:29-05:00
2,2,0,2,0,0,2020-02-21 16:51:32-05:00
2,3,0,2,1,0,2020-02-21 21:50:55-05:00
2,2,0,1,0,0,2020-02-21 22:39:01-05:00
2,2,0,2,0,0,2020-02-22 08:55:49-05:00
3,3,1,3,1,0,2020-02-22 09:08:36-05:00
2,2,0,2,0,0,2020-02-22 09:38:30-05:00
0,0,0,0,0,0,2020-02-22 11:51:40-05:00
3,3,1,3,0,0,2020-02-22 13:22:45-05:00
0,0,0,0,0,0,2020-03-05 12:15:18-05:00
1,1,1,1,0,0,2020-03-06 22:29:25+01:00
0,0,0,0,0,0,2020-03-08 06:25:24-04:00
3,3,2,1,0,0,2020-03-08 06:29:41-04:00
1,1,0,0,0,0,2020-03-08 06:40:16-04:00
1,1,0,0,0,0,2020-03-08 06:46:55-04:00
1,1,0,0,0,0,2020-03-08 06:52:51-04:00
0,1,0,0,0,0,2020-03-08 07:11:29-04:00
0,0,0,0,0,0,2020-03-08 07:24:52-04:00
1,1,1,1,0,0,2021-02-12 07:43:24-05:00
