Acquisition,Preparation,Modeling,Training,Evaluation,Prediction,time
1,1,0,0,0,0,2021-01-04 17:38:58-05:00
0,1,0,0,0,0,2021-01-04 17:45:49-05:00
0,0,0,0,0,0,2021-01-04 17:47:23-05:00
0,1,0,0,0,0,2021-01-12 10:15:10-05:00
0,0,0,0,0,0,2021-01-12 10:15:37-05:00
0,0,0,0,0,0,2021-01-12 10:17:28-05:00
0,0,0,0,0,0,2021-01-12 10:18:08-05:00
0,4,2,0,2,1,2021-01-12 10:18:56-05:00
0,1,0,0,1,0,2021-01-12 15:31:30-05:00
0,1,0,0,1,0,2021-01-12 16:15:00-05:00
2,2,1,1,1,1,2021-01-13 13:55:33-05:00
1,2,1,1,0,0,2021-01-14 11:20:06-05:00
1,1,1,0,0,0,2021-01-14 08:38:18-08:00
1,2,1,0,0,0,2021-01-14 11:40:56-05:00
0,1,0,1,0,0,2021-01-14 11:48:33-05:00
0,1,0,1,0,0,2021-01-14 11:49:51-05:00
0,1,0,1,0,0,2021-01-14 09:03:41-08:00
1,1,1,0,0,0,2021-01-14 12:56:21-05:00
0,0,0,0,0,0,2021-01-14 12:56:26-05:00
0,2,0,0,2,1,2021-01-14 14:25:48-05:00
0,1,0,1,0,0,2021-01-14 11:39:45-08:00
0,0,0,0,0,0,2021-01-14 14:49:40-05:00
0,1,0,0,1,0,2021-01-19 17:33:04-05:00
0,1,0,0,0,0,2021-01-19 17:40:26-05:00
0,1,0,1,0,0,2021-01-20 16:18:11-05:00
0,1,0,1,0,0,2021-01-20 14:07:35-08:00
0,1,0,1,1,0,2021-01-21 14:15:34-05:00
0,1,0,1,1,0,2021-01-21 16:53:19-05:00
0,1,0,1,0,0,2021-01-21 17:49:12-05:00
1,1,1,0,1,0,2021-02-02 11:36:15-05:00
1,1,1,0,0,0,2021-02-02 11:41:58-05:00
1,1,1,0,0,0,2021-02-02 11:44:27-05:00
1,1,1,0,0,0,2021-02-02 12:28:58-05:00
0,1,0,1,0,0,2021-02-02 13:41:45-05:00
0,1,0,1,0,0,2021-02-02 13:53:58-05:00
0,1,0,1,0,0,2021-02-02 14:00:41-05:00
0,2,0,1,1,0,2021-02-03 17:59:29-05:00
0,1,0,0,1,0,2021-02-03 18:06:35-05:00
0,1,0,0,1,0,2021-02-03 18:10:02-05:00
0,1,0,0,1,0,2021-02-03 18:12:40-05:00
0,1,0,1,0,0,2021-02-06 10:15:59-05:00
0,1,0,1,0,0,2021-02-08 14:37:10-05:00
0,1,1,0,0,0,2021-03-17 13:55:11-04:00
0,1,0,0,0,0,2021-03-17 17:56:01-04:00
0,0,0,0,0,0,2021-03-17 18:04:54-04:00
0,1,1,0,0,0,2021-03-18 13:01:13-04:00
0,0,0,0,0,0,2021-03-18 13:09:54-04:00
0,0,0,0,0,0,2021-03-18 13:20:40-04:00
0,1,0,0,0,1,2021-03-18 13:30:05-04:00
0,2,1,0,0,1,2021-03-18 13:33:37-04:00
0,1,0,0,0,1,2021-03-18 13:35:39-04:00
0,1,1,0,0,1,2021-03-18 13:37:29-04:00
0,0,0,0,0,0,2021-03-18 13:42:14-04:00
0,0,0,0,0,0,2021-03-18 13:56:13-04:00
0,1,1,0,0,1,2021-03-19 13:33:20-04:00
0,1,1,0,0,1,2021-03-19 14:55:30-04:00
0,1,1,0,0,1,2021-03-19 14:57:15-04:00
0,1,0,0,0,0,2021-03-23 15:52:49-04:00
0,1,0,0,0,0,2021-03-23 15:57:13-04:00
0,1,0,0,0,0,2021-03-23 15:59:52-04:00
0,1,1,0,0,1,2021-03-23 16:05:28-04:00
0,1,0,0,0,0,2021-03-27 14:01:12-04:00
0,1,0,0,0,0,2021-03-27 14:04:02-04:00
0,1,0,0,0,0,2021-03-27 14:05:16-04:00
0,1,0,0,0,0,2021-03-27 14:06:05-04:00
0,1,0,0,0,0,2021-03-27 14:07:50-04:00
0,1,0,0,0,0,2021-03-27 14:11:18-04:00
0,1,0,0,0,0,2021-03-27 14:11:44-04:00
0,1,1,0,0,1,2021-03-29 11:08:04-04:00
0,1,1,0,0,1,2021-03-29 11:08:28-04:00
0,1,0,0,0,0,2021-03-29 11:15:21-04:00
0,1,0,0,0,0,2021-03-29 11:16:22-04:00
0,1,0,0,0,0,2021-03-29 11:17:39-04:00
0,1,0,0,0,0,2021-03-29 11:18:14-04:00
0,2,0,0,0,0,2021-03-29 11:34:20-04:00
0,1,0,0,0,0,2021-03-29 11:41:07-04:00
0,1,0,0,0,0,2021-03-29 11:42:19-04:00
0,1,0,0,0,0,2021-03-29 11:42:58-04:00
0,1,1,0,0,1,2021-03-29 11:44:53-04:00
0,2,1,0,0,1,2021-03-29 11:46:00-04:00
0,1,1,0,0,1,2021-03-29 12:13:58-04:00
0,1,1,0,0,1,2021-03-29 12:14:58-04:00
0,0,0,0,0,0,2021-03-30 10:51:18-04:00
0,0,0,0,0,0,2021-03-30 11:42:51-04:00
0,0,0,0,0,0,2021-03-30 16:56:52-04:00
2,2,1,0,0,0,2021-03-31 10:48:24-04:00
2,2,1,0,0,0,2021-03-31 11:22:07-04:00
1,1,1,0,0,0,2021-03-31 13:25:22-04:00
1,1,1,0,0,0,2021-03-31 13:58:26-04:00
0,0,0,0,0,0,2021-03-31 15:25:45-04:00
0,0,0,0,0,0,2021-04-01 12:46:49-04:00
3,4,1,1,2,1,2021-04-01 15:46:54-04:00
1,1,0,0,0,0,2021-04-01 15:53:28-04:00
1,1,0,0,0,0,2021-04-01 15:59:18-04:00
0,0,0,0,0,0,2021-04-01 16:03:38-04:00
1,1,1,0,0,0,2021-04-01 16:09:13-04:00
2,2,1,0,0,0,2021-04-06 11:46:26-04:00
2,2,1,0,0,0,2021-04-07 12:51:46-04:00
1,1,0,0,0,0,2021-07-26 09:27:24-04:00
1,1,0,1,1,1,2021-07-27 17:05:25-04:00
3,3,1,0,0,0,2021-07-28 10:59:55-04:00
1,1,1,0,0,0,2021-07-28 11:02:58-04:00
0,0,0,0,0,0,2021-07-28 11:08:31-04:00
1,1,1,0,0,0,2021-07-28 12:20:50-04:00
0,0,0,0,0,0,2021-07-28 12:22:56-04:00
0,0,0,0,0,0,2021-07-28 12:22:56-04:00
0,0,0,0,0,0,2021-07-28 16:44:36-04:00
0,0,0,0,0,0,2021-07-28 16:44:36-04:00
0,0,0,0,0,0,2021-07-28 16:49:40-04:00
4,11,4,2,4,3,2021-08-04 16:54:43-04:00
0,0,0,0,0,0,2021-08-04 16:55:12-04:00
