Acquisition,Preparation,Modeling,Training,Evaluation,Prediction,time
7,29,4,5,3,6,2021-08-02 10:01:30-07:00
0,0,0,0,0,0,2021-08-02 10:22:45-07:00
0,0,0,0,0,0,2021-08-02 10:23:26-07:00
0,0,0,0,0,0,2021-08-02 10:26:14-07:00
0,0,0,0,0,0,2021-08-02 10:27:32-07:00
0,2,0,0,0,0,2021-08-02 10:35:35-07:00
0,1,0,0,0,0,2021-08-02 12:14:06-07:00
0,1,0,0,0,0,2021-08-02 12:15:18-07:00
2,5,0,0,1,0,2021-08-04 12:43:22-07:00
0,0,0,0,0,0,2021-08-04 12:52:19-07:00
0,1,0,0,0,0,2021-08-04 12:54:10-07:00
0,0,0,0,0,0,2021-08-04 13:48:14-07:00
0,0,0,0,0,0,2021-08-04 13:51:26-07:00
3,3,1,1,2,1,2021-08-04 15:57:34-07:00
1,1,0,0,0,0,2021-08-04 16:24:41-07:00
2,2,0,0,1,0,2021-08-04 18:11:07-07:00
2,2,0,0,1,0,2021-08-04 18:17:20-07:00
1,1,0,0,0,0,2021-08-04 18:33:06-07:00
1,1,0,0,0,0,2021-08-05 10:25:52-07:00
1,1,0,0,0,0,2021-08-05 10:39:01-07:00
1,1,0,0,0,0,2021-08-05 10:46:38-07:00
0,1,0,0,0,0,2021-08-05 10:52:43-07:00
1,3,0,0,0,0,2021-08-05 13:19:12-07:00
2,2,0,0,0,0,2021-08-05 14:57:41-07:00
1,2,0,0,0,0,2021-08-05 15:05:29-07:00
0,1,0,0,0,0,2021-08-05 15:21:58-07:00
1,1,0,0,0,0,2021-08-05 15:25:35-07:00
1,1,0,0,0,0,2021-08-05 15:43:56-07:00
1,2,0,0,0,0,2021-08-05 16:28:29-07:00
0,1,0,0,0,0,2021-08-05 16:42:33-07:00
1,1,0,0,0,0,2021-08-05 17:09:20-07:00
1,5,0,0,0,0,2021-08-06 14:10:43-07:00
3,12,1,3,2,3,2021-08-12 13:53:36-07:00
1,1,1,1,1,1,2021-08-20 14:48:11-07:00
3,14,0,0,1,0,2021-08-20 14:49:06-07:00
4,10,1,1,2,1,2021-08-24 08:31:03-07:00
0,0,0,0,0,0,2021-08-24 08:54:15-07:00
0,0,0,0,0,0,2021-08-24 08:59:03-07:00
0,0,0,0,0,0,2021-08-24 10:41:55-07:00
2,3,0,0,0,0,2021-08-24 18:07:12-07:00
1,1,0,0,0,0,2021-08-24 18:09:36-07:00
1,1,0,0,0,0,2021-08-24 18:26:32-07:00
1,1,0,0,0,0,2021-08-24 18:29:45-07:00
2,8,0,0,1,0,2021-08-27 08:12:42-07:00
0,0,0,0,0,0,2021-08-27 08:17:06-07:00
0,1,0,0,0,0,2021-09-09 07:50:33-07:00
8,27,2,3,5,3,2021-09-10 09:40:12-07:00
0,0,0,0,0,0,2021-09-10 12:42:14-04:00
0,0,0,0,0,0,2021-09-10 12:44:43-04:00
0,0,0,0,0,0,2021-09-10 12:50:52-04:00
1,1,0,0,1,0,2021-09-10 13:02:37-04:00
