Acquisition,Preparation,Modeling,Training,Evaluation,Prediction,time
0,0,0,0,0,0,2021-05-19 22:52:53+03:00
12,14,9,6,8,1,2021-07-21 20:56:37+03:00
0,0,0,0,0,0,2021-07-21 21:01:12+03:00
0,0,0,0,0,0,2021-07-21 21:01:47+03:00
0,1,0,0,1,0,2021-07-21 21:10:39+03:00
0,1,0,0,0,0,2021-07-21 21:16:16+03:00
0,1,0,0,0,0,2021-07-21 21:17:48+03:00
0,1,0,0,0,0,2021-07-21 21:21:52+03:00
0,1,1,1,1,1,2021-07-21 21:53:12+03:00
0,0,0,0,0,0,2021-07-21 21:54:33+03:00
0,0,0,0,0,0,2021-07-21 21:55:31+03:00
0,0,0,0,0,0,2021-07-21 21:55:52+03:00
0,0,0,0,0,0,2021-07-21 21:56:23+03:00
0,0,0,0,0,0,2021-07-21 21:56:50+03:00
0,0,0,0,0,0,2021-07-21 22:02:30+03:00
0,0,0,0,0,0,2021-07-21 22:03:07+03:00
0,0,0,0,0,0,2021-07-21 22:04:30+03:00
0,0,0,0,0,0,2021-07-21 22:09:12+03:00
0,0,0,0,0,0,2021-07-21 22:10:20+03:00
0,0,0,0,0,0,2021-07-21 22:13:35+03:00
0,1,1,1,1,1,2021-07-21 22:15:43+03:00
0,1,1,1,1,1,2021-07-21 22:15:55+03:00
2,2,1,1,2,0,2021-08-15 19:55:04+03:00
0,0,0,0,0,0,2021-08-15 20:17:14+03:00
2,3,1,1,2,0,2021-08-22 21:02:01+03:00
0,1,1,1,1,1,2021-08-22 21:02:14+03:00
2,2,1,1,2,0,2021-08-22 21:02:46+03:00
0,0,0,0,0,0,2021-08-22 21:02:54+03:00
3,4,3,2,3,1,2021-08-22 21:03:03+03:00
0,0,0,0,0,0,2021-08-22 21:03:10+03:00
0,0,0,0,0,0,2021-08-22 21:03:18+03:00
0,0,0,0,0,0,2021-08-22 21:03:26+03:00
1,1,1,0,0,0,2021-08-22 21:03:33+03:00
6,6,4,3,3,0,2021-08-22 21:03:42+03:00
17,26,12,7,19,1,2021-08-22 21:05:46+03:00
0,0,0,0,0,0,2021-08-22 21:23:16+03:00
0,0,0,0,0,0,2021-08-22 21:25:21+03:00
0,0,0,0,0,0,2021-08-22 21:25:29+03:00
0,0,0,0,0,0,2021-08-22 21:25:58+03:00
0,0,0,0,0,0,2021-08-22 21:26:05+03:00
0,0,0,0,0,0,2021-08-22 21:26:24+03:00
0,0,0,0,0,0,2021-08-22 21:26:34+03:00
0,0,0,0,0,0,2021-08-22 21:26:40+03:00
0,0,0,0,0,0,2021-08-22 21:26:46+03:00
0,0,0,0,0,0,2021-08-22 21:26:53+03:00
0,0,0,0,0,0,2021-08-22 21:27:06+03:00
0,0,0,0,0,0,2021-08-22 21:27:15+03:00
0,0,0,0,0,0,2021-08-22 21:27:25+03:00
0,0,0,0,0,0,2021-08-22 21:27:32+03:00
0,0,0,0,0,0,2021-08-22 21:27:39+03:00
0,0,0,0,0,0,2021-08-23 12:12:02+03:00
0,0,0,0,0,0,2021-08-23 12:14:24+03:00
0,0,0,0,0,0,2021-08-23 12:17:00+03:00
0,0,0,0,0,0,2021-08-23 12:20:23+03:00
0,0,0,0,0,0,2021-08-23 12:28:40+03:00
0,0,0,0,0,0,2021-08-24 19:18:39+03:00
0,0,0,0,0,0,2021-08-24 19:39:08+03:00
0,0,0,0,0,0,2021-08-24 19:40:56+03:00
0,0,0,0,0,0,2021-08-24 19:49:23+03:00
0,0,0,0,0,0,2021-08-24 19:50:26+03:00
0,0,0,0,0,0,2021-08-24 19:52:08+03:00
0,0,0,0,0,0,2021-08-24 19:52:25+03:00
0,0,0,0,0,0,2021-08-24 19:53:17+03:00
0,0,0,0,0,0,2021-08-24 19:54:26+03:00
0,0,0,0,0,0,2021-08-24 19:56:45+03:00
0,0,0,0,0,0,2021-08-24 20:03:07+03:00
0,0,0,0,0,0,2021-08-24 20:06:41+03:00
0,0,0,0,0,0,2021-08-24 20:21:38+03:00
0,0,0,0,0,0,2021-08-24 20:22:57+03:00
0,0,0,0,0,0,2021-08-24 20:25:41+03:00
0,0,0,0,0,0,2021-08-24 20:32:37+03:00
0,0,0,0,0,0,2021-08-24 20:38:26+03:00
0,0,0,0,0,0,2021-08-24 20:44:44+03:00
0,0,0,0,0,0,2021-08-24 20:49:42+03:00
0,0,0,0,0,0,2021-08-24 21:04:42+03:00
0,0,0,0,0,0,2021-08-24 21:57:42+03:00
0,0,0,0,0,0,2021-08-24 21:58:50+03:00
0,0,0,0,0,0,2021-08-24 21:59:08+03:00
0,0,0,0,0,0,2021-08-24 21:59:32+03:00
0,0,0,0,0,0,2021-08-24 22:00:11+03:00
0,0,0,0,0,0,2021-08-24 22:00:34+03:00
0,0,0,0,0,0,2021-08-24 22:01:04+03:00
0,0,0,0,0,0,2021-08-24 22:01:18+03:00
0,0,0,0,0,0,2021-08-24 22:01:26+03:00
0,0,0,0,0,0,2021-08-24 22:01:49+03:00
0,0,0,0,0,0,2021-08-24 22:02:08+03:00
0,0,0,0,0,0,2021-08-24 22:02:53+03:00
0,0,0,0,0,0,2021-08-24 22:03:34+03:00
0,0,0,0,0,0,2021-08-24 22:04:07+03:00
10,11,7,5,8,1,2021-08-25 11:40:18+03:00
0,0,0,0,0,0,2021-08-25 11:40:23+03:00
0,0,0,0,0,0,2021-08-25 11:40:58+03:00
0,0,0,0,0,0,2021-08-25 11:42:00+03:00
0,0,0,0,0,0,2021-08-25 11:42:16+03:00
0,0,0,0,0,0,2021-08-25 11:43:19+03:00
0,0,0,0,0,0,2021-08-25 11:43:45+03:00
0,0,0,0,0,0,2021-08-25 11:44:11+03:00
0,0,0,0,0,0,2021-08-25 11:44:58+03:00
0,0,0,0,0,0,2021-10-07 12:30:22+03:00
0,0,0,0,0,0,2021-10-07 12:30:41+03:00
0,1,0,0,1,0,2021-10-07 12:38:06+03:00
0,0,0,0,0,0,2021-10-07 12:41:12+03:00
0,0,0,0,0,0,2021-10-31 18:17:46+03:00
0,0,0,0,0,0,2021-10-31 18:20:29+03:00
0,0,0,0,0,0,2021-10-31 18:20:57+03:00
0,0,0,0,0,0,2021-10-31 18:21:08+03:00
