Acquisition,Preparation,Modeling,Training,Evaluation,Prediction,time
1,2,1,0,0,0,2019-09-07 17:35:24-07:00
1,1,1,0,0,0,2019-09-07 21:50:00-07:00
2,3,1,0,0,0,2019-09-08 16:57:47-07:00
3,3,1,0,0,0,2019-09-08 17:52:38-07:00
1,1,0,0,0,0,2019-09-09 00:18:15-07:00
2,2,0,0,0,0,2019-09-09 01:30:23-07:00
0,1,0,0,0,0,2019-09-09 02:17:51-07:00
0,1,0,0,0,0,2019-09-09 02:47:45-07:00
0,0,1,0,0,0,2019-09-09 03:01:18-07:00
0,2,1,0,0,0,2019-09-09 03:20:12-07:00
2,4,1,0,0,0,2019-09-09 03:25:57-07:00
0,0,0,0,0,0,2019-09-09 10:42:04-07:00
0,0,0,0,0,0,2019-09-09 13:17:35-07:00
1,2,0,0,0,0,2019-09-09 22:45:28-07:00
0,1,1,0,0,0,2019-09-10 09:10:37-07:00
1,3,1,0,0,0,2019-09-11 12:45:33-07:00
1,2,1,0,0,0,2019-09-11 17:43:46-07:00
1,2,1,0,0,0,2019-09-11 21:23:13-07:00
1,2,1,0,0,0,2019-09-11 21:55:45-07:00
1,1,0,0,0,0,2019-09-13 11:55:20-07:00
0,1,0,0,0,0,2019-09-13 15:01:29-07:00
2,2,0,0,0,0,2019-09-13 17:34:12-07:00
1,1,0,0,1,0,2019-09-13 20:14:18-07:00
0,2,1,0,0,0,2019-09-14 21:20:43-07:00
2,3,1,0,0,0,2019-09-15 02:37:16-07:00
1,2,0,0,0,0,2019-09-15 12:16:13-07:00
2,5,2,0,1,0,2019-09-15 12:18:10-07:00
2,4,2,0,1,0,2019-09-15 12:47:49-07:00
2,4,2,0,1,0,2019-09-15 23:00:18-07:00
2,4,2,0,1,0,2019-09-15 23:00:23-07:00
1,2,1,0,0,0,2019-09-28 13:49:41-07:00
1,2,1,0,0,0,2019-10-04 14:14:02-07:00
1,2,1,0,0,0,2019-10-04 14:34:17-07:00
3,3,0,0,0,1,2019-10-12 13:19:48-07:00
0,0,0,0,0,0,2019-10-12 13:20:02-07:00
1,2,1,1,0,0,2019-10-12 17:39:12-07:00
1,1,1,0,0,0,2019-10-12 18:27:50-07:00
0,0,0,0,0,0,2019-10-12 18:41:42-07:00
0,0,0,0,0,0,2019-10-12 18:41:48-07:00
1,2,1,1,0,0,2019-10-12 19:13:31-07:00
1,1,1,0,0,1,2019-10-12 20:51:17-07:00
0,0,0,0,0,0,2019-10-12 20:51:34-07:00
1,2,1,0,0,0,2019-10-12 21:12:47-07:00
0,0,0,0,0,0,2019-10-12 21:14:59-07:00
1,2,1,1,0,0,2019-10-12 21:18:09-07:00
2,3,1,0,0,0,2019-10-12 21:44:22-07:00
1,1,1,0,0,0,2019-10-12 21:56:55-07:00
0,0,0,0,0,0,2019-10-12 21:57:06-07:00
0,1,1,1,0,0,2019-10-12 22:31:11-07:00
0,0,0,0,0,0,2019-10-12 22:31:18-07:00
1,2,1,1,0,0,2019-10-01 19:07:50-07:00
0,1,1,1,0,0,2019-10-04 14:14:44-07:00
0,1,0,0,0,0,2019-10-08 19:44:14-07:00
0,1,1,1,0,0,2019-10-08 19:48:33-07:00
0,1,1,1,0,0,2019-10-08 20:22:48-07:00
2,4,1,2,0,0,2019-10-09 17:59:26-07:00
2,2,1,0,0,0,2019-10-12 13:19:28-07:00
0,1,0,1,0,1,2019-10-12 18:35:27-07:00
1,1,0,0,0,0,2019-10-12 18:48:52-07:00
0,0,0,0,0,0,2019-10-13 01:09:17-07:00
0,0,0,0,0,0,2019-10-13 01:24:29-07:00
0,2,1,1,0,0,2019-10-13 02:12:03-07:00
1,1,0,0,0,0,2019-10-13 03:35:28-07:00
0,1,0,0,0,1,2019-10-13 03:48:06-07:00
0,1,0,0,0,0,2019-10-13 04:18:52-07:00
2,4,0,0,0,1,2019-10-13 04:32:13-07:00
0,1,0,0,0,0,2019-10-13 04:45:44-07:00
1,1,0,0,0,0,2019-10-13 09:29:38-07:00
0,2,0,0,0,0,2019-10-13 13:13:43-07:00
1,1,0,0,0,0,2019-10-13 13:48:57-07:00
0,0,0,0,0,0,2019-10-13 13:51:26-07:00
0,0,0,0,0,0,2019-10-13 13:56:03-07:00
2,8,2,2,0,1,2019-10-13 21:46:21-07:00
0,0,0,0,0,0,2019-10-13 23:52:12-07:00
1,1,0,0,0,0,2019-10-14 00:19:53-07:00
2,4,1,0,1,0,2019-10-14 03:06:50-07:00
1,3,0,0,0,2,2019-10-14 04:14:16-07:00
2,2,1,0,0,0,2019-10-14 11:21:56-07:00
1,0,0,0,0,0,2019-10-14 16:15:23-07:00
2,3,2,1,0,0,2019-10-14 17:27:01-07:00
2,2,2,1,0,1,2019-10-15 02:01:17-07:00
1,1,1,1,0,1,2019-10-15 03:37:46-07:00
1,1,1,1,0,1,2019-10-15 15:16:11-07:00
0,1,1,1,0,0,2019-10-15 20:45:38-07:00
1,5,1,1,0,2,2019-10-16 22:26:23-07:00
0,1,1,1,0,0,2019-10-18 00:26:24-07:00
0,1,1,1,0,0,2019-10-18 00:27:46-07:00
0,3,0,1,0,1,2019-10-18 12:27:50-07:00
0,3,1,3,0,2,2019-10-18 12:28:44-07:00
0,1,0,0,0,0,2019-10-18 14:11:07-07:00
1,6,1,2,0,2,2019-10-19 17:04:14-07:00
0,2,1,0,0,0,2019-10-19 18:07:21-07:00
0,1,1,0,0,0,2019-10-20 16:23:41-07:00
0,1,0,0,0,0,2019-10-20 16:43:39-07:00
0,1,0,1,0,1,2019-10-20 16:56:43-07:00
0,1,1,1,0,0,2019-10-15 20:45:38-07:00
0,2,1,0,0,0,2019-10-19 18:07:21-07:00
0,1,1,0,0,0,2019-10-20 16:23:41-07:00
0,1,0,0,0,0,2019-10-20 16:43:39-07:00
0,0,0,0,0,0,2019-10-20 17:06:21-07:00
0,0,0,0,0,0,2019-10-20 17:07:33-07:00
0,0,0,0,0,0,2019-10-20 17:15:16-07:00
0,2,1,0,0,0,2019-10-20 17:31:36-07:00
0,2,0,1,0,0,2019-10-20 19:14:47-07:00
0,7,0,0,0,3,2019-10-20 21:55:04-07:00
0,0,0,0,0,0,2019-10-20 21:55:41-07:00
0,0,0,0,0,0,2019-10-20 22:04:27-07:00
0,0,0,0,0,0,2019-10-20 22:06:25-07:00
1,1,1,1,0,1,2019-11-11 14:26:40-07:00
0,2,0,2,2,0,2019-11-11 14:37:18-07:00
0,4,1,4,3,0,2019-11-11 22:24:37-07:00
2,6,3,3,0,1,2019-11-12 01:27:53-07:00
0,0,0,0,0,0,2019-11-12 01:32:10-07:00
0,1,0,1,1,0,2019-11-12 01:54:15-07:00
0,2,0,0,1,1,2019-11-17 12:59:10-07:00
0,0,0,0,0,0,2019-11-19 22:58:39-07:00
0,1,0,1,1,1,2019-11-21 20:00:34-07:00
0,0,0,0,0,0,2019-11-21 20:02:58-07:00
0,0,0,0,0,0,2019-11-25 16:46:37-07:00
4,7,3,2,0,1,2019-11-25 23:20:09-07:00
0,4,0,4,4,0,2019-11-25 23:21:11-07:00
0,1,0,0,1,0,2019-11-25 23:23:03-07:00
0,1,0,0,1,0,2019-11-25 23:23:14-07:00
0,2,0,1,2,1,2019-11-26 00:46:56-07:00
1,3,1,0,1,1,2019-11-26 00:54:54-07:00
0,0,0,0,0,0,2019-11-26 01:30:24-07:00
0,0,0,0,0,0,2019-11-26 15:50:32-07:00
0,1,0,1,1,0,2019-11-26 16:06:47-07:00
0,0,0,0,0,0,2019-11-26 16:08:32-07:00
1,8,2,5,2,3,2019-11-28 01:02:51-07:00
0,0,0,0,0,0,2019-11-28 01:19:51-07:00
1,2,1,1,0,0,2019-11-28 12:45:19-07:00
1,5,1,1,0,1,2019-11-28 12:46:26-07:00
0,1,0,1,0,0,2019-11-28 17:27:35-07:00
0,0,0,0,0,0,2019-11-28 17:29:49-07:00
0,1,0,0,0,0,2019-11-28 20:26:47-07:00
4,4,2,2,0,1,2019-11-29 02:01:19-07:00
0,2,0,1,0,0,2019-11-29 09:46:43-07:00
0,0,0,0,0,0,2019-11-29 09:47:22-07:00
0,3,0,2,0,1,2019-11-29 15:24:15-07:00
0,1,0,1,0,0,2019-11-30 04:37:22-07:00
1,3,0,1,0,0,2019-11-30 11:34:56-07:00
0,0,0,0,0,0,2019-11-30 16:54:19-07:00
0,2,0,2,0,1,2019-11-30 16:56:03-07:00
0,2,0,1,0,0,2019-11-30 18:49:37-07:00
0,0,0,0,0,0,2019-11-30 19:38:09-07:00
0,2,0,0,1,1,2019-12-01 01:59:16-07:00
0,2,1,1,0,1,2019-12-01 04:21:54-07:00
0,2,0,1,0,1,2019-12-01 19:03:52-07:00
0,1,0,1,0,0,2019-12-01 22:09:24-07:00
0,1,0,1,0,0,2019-12-01 22:10:25-07:00
0,2,0,0,0,0,2019-12-02 00:01:26-07:00
0,1,0,1,0,1,2019-12-02 00:38:15-07:00
0,6,0,3,0,2,2019-12-02 15:59:44-07:00
0,1,0,0,0,1,2019-12-02 23:19:02-07:00
0,1,0,0,0,0,2019-12-02 23:49:13-07:00
