Acquisition,Preparation,Modeling,Training,Evaluation,Prediction,time
0,2,2,2,1,2,2020-11-12 20:10:36+07:00
0,0,0,0,0,0,2020-11-12 20:11:11+07:00
0,1,1,1,1,1,2020-11-13 05:57:11+07:00
0,0,0,0,0,0,2020-11-13 06:03:43+07:00
0,1,1,1,1,1,2020-11-13 06:09:04+07:00
0,1,1,1,1,1,2020-11-13 06:10:22+07:00
0,1,1,1,1,1,2020-11-13 06:13:17+07:00
0,1,1,1,1,1,2020-11-13 06:16:05+07:00
0,0,0,0,0,0,2020-11-13 06:19:37+07:00
0,1,1,1,1,1,2020-11-13 06:27:10+07:00
0,1,1,1,1,1,2020-11-13 06:28:04+07:00
0,0,0,0,0,0,2020-11-13 07:04:30+07:00
0,1,1,1,1,1,2020-11-13 07:05:24+07:00
0,1,1,1,1,1,2020-11-13 07:10:35+07:00
0,0,0,0,0,0,2020-11-13 07:13:13+07:00
0,0,0,0,0,0,2020-11-13 07:13:54+07:00
0,1,1,1,0,1,2020-11-13 07:16:28+07:00
0,1,1,1,1,1,2020-11-13 07:24:08+07:00
0,1,1,1,0,1,2020-11-13 07:24:19+07:00
0,0,0,0,0,0,2020-11-13 07:24:28+07:00
0,1,1,1,0,1,2020-11-13 07:25:00+07:00
0,0,0,0,0,0,2020-11-13 07:25:19+07:00
0,0,0,0,0,0,2020-11-13 07:29:05+07:00
0,0,0,0,0,0,2020-11-13 07:34:39+07:00
0,0,0,0,0,0,2020-11-13 07:55:42+07:00
0,0,0,0,0,0,2020-11-13 07:55:59+07:00
0,1,1,1,0,1,2020-11-13 07:58:57+07:00
0,2,2,2,1,2,2020-11-13 07:59:23+07:00
0,1,1,1,1,1,2020-11-13 08:00:01+07:00
0,0,0,0,0,0,2020-11-13 08:03:15+07:00
0,0,0,0,0,0,2020-11-13 08:05:58+07:00
0,0,0,0,0,0,2020-11-13 08:11:35+07:00
0,0,0,0,0,0,2020-11-13 08:12:48+07:00
0,0,0,0,0,0,2020-11-13 08:20:09+07:00
0,0,0,0,0,0,2020-11-13 08:22:54+07:00
0,0,0,0,0,0,2020-11-13 08:31:29+07:00
0,0,0,0,0,0,2020-11-13 08:32:00+07:00
0,1,1,1,0,1,2020-11-13 08:36:40+07:00
0,1,1,1,0,1,2020-11-13 08:37:13+07:00
0,1,1,1,0,1,2020-11-13 08:40:35+07:00
0,1,1,1,0,1,2020-11-13 08:42:09+07:00
0,1,1,1,1,1,2020-11-13 08:43:40+07:00
0,0,0,0,0,0,2020-11-13 08:45:20+07:00
0,1,1,1,1,1,2020-11-13 09:20:21+07:00
0,1,1,1,1,1,2020-11-13 09:55:37+07:00
0,1,1,1,0,1,2020-11-13 09:56:34+07:00
0,0,0,0,0,0,2020-11-13 09:58:44+07:00
0,1,1,1,0,1,2020-11-13 10:04:24+07:00
0,0,0,0,0,0,2020-11-13 10:10:34+07:00
0,0,0,0,0,0,2020-11-13 18:22:22+07:00
0,0,0,0,0,0,2020-11-13 18:23:16+07:00
0,0,0,0,0,0,2020-11-13 18:23:44+07:00
0,0,0,0,0,0,2020-11-13 18:25:42+07:00
0,0,0,0,0,0,2020-11-13 18:26:57+07:00
0,0,0,0,0,0,2020-11-13 18:27:16+07:00
0,0,0,0,0,0,2020-11-13 18:28:53+07:00
0,0,0,0,0,0,2020-11-14 10:30:02+07:00
0,1,1,1,1,1,2020-11-15 05:30:22+07:00
0,1,1,1,1,1,2020-11-15 05:38:09+07:00
0,1,1,1,1,1,2020-11-15 05:47:49+07:00
0,1,1,1,1,1,2020-11-15 05:49:01+07:00
0,1,1,1,1,1,2020-11-15 05:49:55+07:00
0,1,1,1,1,1,2020-11-15 06:18:04+07:00
0,1,1,1,1,1,2020-11-15 06:26:49+07:00
0,1,1,1,1,1,2020-11-15 06:27:51+07:00
0,1,1,1,1,1,2020-11-15 06:28:43+07:00
0,1,1,1,1,1,2020-11-15 06:31:47+07:00
0,1,1,1,1,1,2020-11-15 06:36:04+07:00
0,1,1,1,1,1,2020-11-15 06:37:37+07:00
0,1,1,1,1,1,2020-11-15 06:40:45+07:00
0,1,1,1,1,1,2020-11-15 06:41:35+07:00
0,1,1,1,1,1,2020-11-15 06:42:28+07:00
0,1,1,1,1,1,2020-11-15 06:53:43+07:00
0,1,1,1,1,1,2020-11-15 06:56:34+07:00
0,1,1,1,1,1,2020-11-15 06:57:33+07:00
0,1,1,1,1,1,2020-11-15 06:58:48+07:00
0,1,1,1,1,1,2020-11-15 07:30:22+07:00
0,1,1,1,1,1,2020-11-15 07:31:07+07:00
0,1,1,1,1,1,2020-11-15 07:41:14+07:00
0,1,1,1,1,1,2020-11-15 07:42:02+07:00
0,1,1,1,1,1,2020-11-15 07:43:46+07:00
0,1,1,1,1,1,2020-11-15 07:44:52+07:00
0,1,1,1,1,1,2020-11-15 07:46:47+07:00
0,1,1,1,1,1,2020-11-15 07:53:28+07:00
0,1,1,1,1,1,2020-11-15 07:55:28+07:00
0,1,1,1,1,1,2020-11-15 08:02:08+07:00
0,1,1,1,1,1,2020-11-15 08:03:04+07:00
0,0,0,0,0,0,2020-11-15 08:17:53+07:00
0,1,1,1,1,1,2020-11-15 08:27:59+07:00
0,1,1,1,1,1,2020-11-15 08:33:03+07:00
0,1,1,1,1,1,2020-11-15 08:39:16+07:00
0,1,1,1,1,1,2020-11-15 08:41:06+07:00
0,1,1,1,1,1,2020-11-15 08:43:11+07:00
0,1,1,1,1,1,2020-11-15 08:44:44+07:00
0,1,1,1,1,1,2020-11-15 08:46:41+07:00
0,1,1,1,1,1,2020-11-15 08:47:25+07:00
0,1,1,1,1,1,2020-11-15 08:48:43+07:00
0,1,1,1,1,1,2020-11-15 09:45:20+07:00
0,1,1,1,1,1,2020-11-15 09:56:00+07:00
0,1,1,1,1,1,2020-11-15 09:56:33+07:00
0,1,1,1,1,1,2020-11-15 09:57:52+07:00
0,1,1,1,1,1,2020-11-15 09:58:48+07:00
0,1,1,1,1,1,2020-11-15 10:02:05+07:00
0,1,1,1,1,1,2020-11-15 10:05:44+07:00
0,1,1,1,1,1,2020-11-15 10:07:58+07:00
0,1,1,1,1,1,2020-11-15 10:09:08+07:00
0,1,1,1,0,1,2020-11-15 10:12:00+07:00
0,1,1,1,1,1,2020-11-15 10:12:09+07:00
0,1,1,1,0,1,2020-11-15 10:13:39+07:00
0,1,1,1,1,1,2020-11-15 10:18:41+07:00
0,1,1,1,1,1,2020-11-15 10:20:23+07:00
0,1,1,1,1,1,2020-11-15 10:22:40+07:00
0,1,1,1,1,1,2020-11-15 10:25:56+07:00
0,1,1,1,1,1,2020-11-15 10:27:56+07:00
0,1,1,1,1,1,2020-11-15 10:28:58+07:00
0,1,1,1,1,1,2020-11-15 10:29:52+07:00
0,1,1,1,1,1,2020-11-15 10:32:14+07:00
0,1,1,1,1,1,2020-11-15 10:34:39+07:00
0,1,1,1,1,1,2020-11-15 10:35:42+07:00
0,1,1,1,1,1,2020-11-15 10:38:33+07:00
0,0,0,0,0,0,2020-11-15 10:39:30+07:00
0,0,0,0,0,0,2020-11-15 10:40:33+07:00
0,1,1,1,1,1,2020-11-15 10:49:17+07:00
0,1,1,1,1,1,2020-11-15 10:51:12+07:00
0,1,1,1,1,1,2020-11-15 10:53:50+07:00
0,1,1,1,1,1,2020-11-15 10:55:39+07:00
0,1,1,1,1,1,2020-11-15 10:59:21+07:00
0,1,1,1,1,1,2020-11-15 11:03:22+07:00
0,1,1,1,1,1,2020-11-15 11:05:50+07:00
0,1,1,1,1,1,2020-11-15 11:07:07+07:00
0,1,1,1,1,1,2020-11-15 11:13:14+07:00
0,1,1,1,1,1,2020-11-15 11:15:11+07:00
0,1,1,1,1,1,2020-11-15 11:15:33+07:00
0,1,1,1,1,1,2020-11-15 11:17:02+07:00
0,1,1,1,1,1,2020-11-15 11:18:41+07:00
0,1,1,1,1,1,2020-11-15 11:20:23+07:00
0,1,1,1,1,1,2020-11-15 11:22:37+07:00
0,1,1,1,1,1,2020-11-15 11:24:04+07:00
0,1,1,1,1,1,2020-11-15 11:25:35+07:00
0,1,1,1,1,1,2020-11-15 11:27:13+07:00
0,1,1,1,1,1,2020-11-15 11:28:51+07:00
0,1,1,1,1,1,2020-11-15 13:31:23+07:00
0,1,1,1,1,1,2020-11-15 13:33:51+07:00
0,1,1,1,1,1,2020-11-15 13:48:27+07:00
0,1,1,1,1,1,2020-11-15 14:11:04+07:00
0,1,1,1,1,1,2020-11-15 14:13:20+07:00
0,1,1,1,1,1,2020-11-15 14:14:40+07:00
0,1,1,1,1,1,2020-11-15 14:15:30+07:00
0,1,1,1,1,1,2020-11-15 14:18:14+07:00
0,1,1,1,1,1,2020-11-15 14:18:53+07:00
0,1,1,1,1,1,2020-11-15 14:20:00+07:00
0,1,1,1,1,1,2020-11-15 14:21:12+07:00
0,1,1,1,1,1,2020-11-15 14:24:08+07:00
0,1,1,1,1,1,2020-11-15 14:24:57+07:00
0,1,1,1,0,1,2020-11-15 14:27:24+07:00
0,1,1,1,1,1,2020-11-15 14:40:09+07:00
0,1,1,1,1,1,2020-11-15 14:42:48+07:00
0,1,1,1,0,1,2020-11-15 14:43:44+07:00
0,1,1,1,0,1,2020-11-15 14:44:48+07:00
0,1,1,1,0,1,2020-11-15 14:45:15+07:00
0,1,1,1,0,1,2020-11-15 14:45:49+07:00
0,1,1,1,1,1,2020-11-15 14:46:01+07:00
0,1,1,1,1,1,2020-11-15 14:47:35+07:00
0,1,1,1,1,1,2020-11-15 14:49:00+07:00
0,1,1,1,1,1,2020-11-15 14:51:48+07:00
0,1,1,1,1,1,2020-11-15 14:54:26+07:00
0,1,1,1,1,1,2020-11-15 14:56:08+07:00
0,1,1,1,1,1,2020-11-15 14:59:51+07:00
0,1,1,1,1,1,2020-11-15 15:21:02+07:00
0,0,0,0,0,0,2020-11-15 15:22:42+07:00
0,0,0,0,0,0,2020-11-15 15:24:34+07:00
0,1,1,1,1,1,2020-11-15 15:28:56+07:00
0,0,0,0,0,0,2020-11-15 15:29:27+07:00
0,1,1,1,1,1,2020-11-15 15:30:47+07:00
0,1,1,1,0,1,2020-11-15 15:43:59+07:00
0,1,1,1,1,1,2020-11-15 15:44:42+07:00
0,0,0,0,0,0,2020-11-15 15:45:17+07:00
0,1,1,1,1,1,2020-11-15 15:46:26+07:00
0,1,1,1,1,1,2020-11-15 15:46:48+07:00
0,1,1,1,1,1,2020-11-15 15:48:07+07:00
0,1,1,1,1,1,2020-11-15 15:48:56+07:00
0,1,1,1,1,1,2020-11-15 15:49:23+07:00
0,1,1,1,1,1,2020-11-15 16:04:43+07:00
0,1,1,1,1,1,2020-11-15 16:09:56+07:00
0,1,1,1,1,1,2020-11-15 16:10:39+07:00
0,1,1,1,1,1,2020-11-15 16:12:25+07:00
0,1,1,1,1,1,2020-11-15 16:15:08+07:00
0,1,1,1,1,1,2020-11-15 16:16:31+07:00
0,1,1,1,1,1,2020-11-15 16:18:15+07:00
0,1,1,1,1,1,2020-11-15 16:20:13+07:00
0,1,1,1,1,1,2020-11-15 16:22:53+07:00
0,0,0,0,0,0,2020-11-15 16:23:42+07:00
0,0,0,0,0,0,2020-11-15 16:24:03+07:00
0,1,1,1,1,1,2020-11-15 16:26:28+07:00
0,1,1,1,1,1,2020-11-15 16:27:22+07:00
0,0,0,0,0,0,2020-11-15 16:28:03+07:00
0,1,1,1,1,1,2020-11-15 16:30:06+07:00
0,1,1,1,1,1,2020-11-15 16:32:15+07:00
0,0,0,0,0,0,2020-11-15 16:36:01+07:00
0,1,1,1,1,1,2020-11-15 16:36:10+07:00
0,1,1,1,1,1,2020-11-15 16:38:24+07:00
0,1,1,1,1,1,2020-11-15 16:45:58+07:00
0,1,1,1,1,1,2020-11-15 16:46:21+07:00
0,1,1,1,1,1,2020-11-15 16:46:43+07:00
0,1,1,1,1,1,2020-11-15 16:59:33+07:00
0,1,1,1,1,1,2020-11-15 18:08:41+07:00
0,1,1,1,1,1,2020-11-15 18:12:49+07:00
0,1,1,1,1,1,2020-11-15 18:20:41+07:00
0,0,0,0,0,0,2020-11-15 18:21:16+07:00
0,1,1,1,1,1,2020-11-15 18:24:46+07:00
0,1,1,1,1,1,2020-11-15 18:27:38+07:00
0,1,1,1,1,1,2020-11-15 18:40:19+07:00
0,1,1,1,1,1,2020-11-15 18:50:18+07:00
0,1,1,1,1,1,2020-11-15 19:00:04+07:00
0,1,1,1,1,1,2020-11-16 05:18:58+07:00
0,1,1,1,1,1,2020-11-16 05:20:23+07:00
0,0,0,0,0,0,2020-11-16 05:20:51+07:00
0,1,1,1,1,1,2020-11-16 05:21:15+07:00
0,1,1,1,1,1,2020-11-16 05:24:46+07:00
0,0,0,0,0,0,2020-11-16 05:25:46+07:00
0,1,1,1,1,1,2020-11-16 05:27:27+07:00
0,1,1,1,1,1,2020-11-16 05:34:31+07:00
0,0,0,0,0,0,2020-11-16 05:36:48+07:00
0,0,0,0,0,0,2020-11-16 05:37:18+07:00
0,0,0,0,0,0,2020-11-16 05:51:47+07:00
0,1,1,1,1,1,2020-11-16 06:33:57+07:00
0,1,1,1,1,1,2020-11-16 06:34:38+07:00
0,0,0,0,0,0,2020-11-16 06:36:18+07:00
0,1,1,1,1,1,2020-11-16 19:13:41+07:00
0,1,1,1,1,1,2020-11-16 19:16:14+07:00
0,1,1,1,1,1,2020-11-16 19:17:01+07:00
0,1,1,1,1,1,2020-11-16 19:23:03+07:00
0,1,1,1,1,1,2020-11-16 19:24:36+07:00
0,1,1,1,1,1,2020-11-16 19:26:21+07:00
0,1,1,1,1,1,2020-11-16 19:41:04+07:00
0,1,1,1,1,1,2020-11-16 19:43:57+07:00
0,1,1,1,1,1,2020-11-16 19:48:22+07:00
0,1,1,1,1,1,2020-11-16 19:49:03+07:00
0,1,1,1,1,1,2020-11-16 19:52:05+07:00
0,1,1,1,1,1,2020-11-16 20:06:16+07:00
0,1,1,1,1,1,2020-11-16 20:13:33+07:00
0,1,1,1,1,1,2020-11-16 20:16:05+07:00
0,0,0,0,0,0,2020-11-16 21:23:06+07:00
0,1,1,1,1,1,2020-11-16 21:26:52+07:00
0,1,1,1,1,1,2020-11-16 21:29:57+07:00
0,1,1,1,1,1,2020-11-16 21:37:09+07:00
0,1,1,1,1,1,2020-11-16 21:38:50+07:00
0,1,1,1,1,1,2020-11-16 21:46:07+07:00
0,1,1,1,1,1,2020-11-16 22:02:35+07:00
0,1,1,1,1,1,2020-11-16 22:05:47+07:00
0,1,1,1,1,1,2020-11-16 22:12:05+07:00
0,1,1,1,1,1,2020-11-16 22:14:15+07:00
0,1,1,1,1,1,2020-11-16 22:19:49+07:00
0,1,1,1,1,1,2020-11-17 05:19:25+07:00
0,0,0,0,0,0,2020-11-17 05:19:50+07:00
0,1,1,1,1,1,2020-11-17 05:20:45+07:00
0,1,1,1,1,1,2020-11-17 05:25:12+07:00
0,1,1,1,1,1,2020-11-17 05:30:17+07:00
0,1,1,1,1,1,2020-11-17 05:31:38+07:00
0,1,1,1,1,1,2020-11-17 05:34:02+07:00
0,1,1,1,1,1,2020-11-17 05:35:55+07:00
0,1,1,1,1,1,2020-11-17 05:39:10+07:00
0,1,1,1,1,1,2020-11-17 05:41:45+07:00
0,1,1,1,1,1,2020-11-17 05:43:55+07:00
0,1,1,1,1,1,2020-11-17 05:49:34+07:00
0,1,1,1,1,1,2020-11-17 05:50:25+07:00
0,1,1,1,1,1,2020-11-17 05:55:08+07:00
0,1,1,1,1,1,2020-11-17 06:08:36+07:00
0,1,1,1,1,1,2020-11-17 07:14:43+07:00
0,1,1,1,1,1,2020-11-17 07:16:57+07:00
0,1,1,1,1,1,2020-11-17 07:40:08+07:00
0,1,1,1,1,1,2020-11-17 07:40:48+07:00
0,1,1,1,1,1,2020-11-17 07:53:01+07:00
0,1,1,1,1,1,2020-11-17 07:55:47+07:00
0,1,1,1,1,1,2020-11-17 07:58:36+07:00
0,1,1,1,1,1,2020-11-17 08:26:32+07:00
0,1,1,1,1,1,2020-11-17 08:37:43+07:00
0,0,0,0,0,0,2020-11-17 08:40:25+07:00
0,1,1,1,0,1,2020-11-17 08:41:55+07:00
0,0,0,0,0,0,2020-11-17 08:43:28+07:00
0,1,1,1,0,1,2020-11-17 08:44:19+07:00
0,1,1,1,0,1,2020-11-17 08:44:54+07:00
0,1,1,1,0,1,2020-11-17 08:46:07+07:00
0,1,1,1,0,1,2020-11-17 08:46:41+07:00
0,1,1,1,1,1,2020-11-17 08:47:38+07:00
0,1,1,1,1,1,2020-11-17 08:48:17+07:00
0,0,0,0,0,0,2020-11-17 08:49:18+07:00
0,1,1,1,1,1,2020-11-17 08:51:48+07:00
0,0,0,0,0,0,2020-11-17 08:52:49+07:00
0,1,1,1,1,1,2020-11-17 09:04:30+07:00
0,1,1,1,1,1,2020-11-17 09:06:39+07:00
0,1,1,1,1,1,2020-11-17 09:10:34+07:00
0,1,1,1,0,1,2020-11-17 09:29:54+07:00
0,1,1,1,1,1,2020-11-17 09:30:21+07:00
0,1,1,1,1,1,2020-11-17 09:53:44+07:00
0,1,1,1,1,1,2020-11-17 09:54:18+07:00
0,1,1,1,1,1,2020-11-17 09:55:28+07:00
0,1,1,1,1,1,2020-11-17 09:56:13+07:00
0,1,1,1,1,1,2020-11-17 10:04:17+07:00
0,1,1,1,1,1,2020-11-17 10:11:38+07:00
0,1,1,1,1,1,2020-11-17 15:23:39+07:00
0,1,1,1,1,1,2020-11-17 15:26:09+07:00
0,0,0,0,0,0,2020-11-18 15:35:48+07:00
0,0,0,0,0,0,2020-11-19 08:53:56+07:00
0,1,1,1,1,1,2020-11-19 08:57:29+07:00
0,0,0,0,0,0,2020-11-19 09:00:10+07:00
0,1,1,1,1,1,2020-11-19 09:04:29+07:00
0,1,1,1,1,1,2020-11-19 09:06:50+07:00
0,1,1,1,1,1,2020-11-19 09:07:56+07:00
0,1,1,1,1,1,2020-11-19 09:10:22+07:00
0,1,1,1,1,1,2020-11-19 09:13:36+07:00
0,1,1,1,1,1,2020-11-19 09:15:04+07:00
0,1,1,1,1,1,2020-11-19 09:17:12+07:00
0,1,1,1,1,1,2020-11-19 09:18:28+07:00
0,1,1,1,1,1,2020-11-19 09:18:53+07:00
0,1,1,1,1,1,2020-11-19 09:21:28+07:00
0,1,1,1,1,1,2020-11-19 09:23:04+07:00
0,1,1,1,1,1,2020-11-19 09:32:50+07:00
0,1,1,1,1,1,2020-11-19 09:33:28+07:00
0,1,1,1,1,1,2020-11-19 09:37:06+07:00
0,1,1,1,1,1,2020-11-19 09:41:50+07:00
0,1,1,1,1,1,2020-11-19 09:43:27+07:00
0,0,0,0,0,0,2020-11-28 12:04:39-08:00
0,0,0,0,0,0,2020-11-29 16:10:59+07:00
0,0,0,0,0,0,2020-11-30 09:10:06+07:00
0,0,0,0,0,0,2021-10-10 09:06:00+07:00
