Acquisition,Preparation,Modeling,Training,Evaluation,Prediction,time
0,0,0,0,0,0,2020-06-03 13:45:01-04:00
0,0,0,0,0,0,2020-06-04 20:41:41-04:00
1,1,1,1,0,0,2020-06-04 20:46:33-04:00
0,0,0,0,0,0,2020-06-06 17:05:45-04:00
1,1,1,1,0,0,2020-06-06 17:05:55-04:00
0,0,0,0,0,0,2020-06-06 17:06:07-04:00
0,0,0,0,0,0,2020-06-06 17:06:15-04:00
1,1,1,1,0,1,2020-06-06 18:30:56-04:00
0,0,0,0,0,0,2020-06-06 18:33:12-04:00
0,0,0,0,0,0,2020-06-06 18:35:24-04:00
0,0,0,0,0,0,2020-06-06 18:37:21-04:00
1,1,1,1,0,1,2020-06-06 18:46:11-04:00
1,1,1,1,0,1,2020-06-06 18:48:47-04:00
1,1,1,1,0,1,2020-06-06 18:49:36-04:00
1,1,1,1,0,1,2020-06-06 18:52:50-04:00
1,1,1,1,0,1,2020-06-06 18:54:25-04:00
1,1,1,1,0,1,2020-06-06 18:56:35-04:00
1,1,1,1,0,1,2020-06-07 10:34:09-04:00
0,0,0,0,0,0,2020-06-07 10:37:51-04:00
1,1,1,1,0,1,2020-06-07 10:40:44-04:00
0,0,0,0,0,0,2020-06-07 10:44:48-04:00
1,1,1,1,0,1,2020-06-07 10:46:56-04:00
1,1,1,1,0,1,2020-06-07 10:56:24-04:00
0,0,0,0,0,0,2020-06-07 15:14:04-04:00
0,0,0,0,0,0,2020-06-07 15:19:48-04:00
0,0,0,0,0,0,2020-06-07 15:22:42-04:00
0,0,0,0,0,0,2020-06-07 15:24:46-04:00
0,0,0,0,0,0,2020-06-07 15:26:22-04:00
0,0,0,0,0,0,2020-06-07 15:32:27-04:00
0,0,0,0,0,0,2020-06-07 15:40:43-04:00
0,0,0,0,0,0,2020-06-07 15:45:57-04:00
0,0,0,0,0,0,2020-06-07 17:22:01-04:00
0,0,0,0,0,0,2020-06-07 17:30:51-04:00
1,1,1,1,0,1,2020-06-07 17:39:07-04:00
1,1,1,1,0,1,2020-06-07 17:44:02-04:00
1,1,0,1,0,1,2020-06-07 17:48:25-04:00
1,1,0,1,0,1,2020-06-07 18:05:39-04:00
1,1,0,1,0,1,2020-06-07 18:36:17-04:00
1,1,0,1,0,1,2020-06-07 18:42:34-04:00
1,1,0,1,0,1,2020-06-07 18:46:06-04:00
1,1,0,1,0,1,2020-06-07 19:00:00-04:00
1,1,0,1,0,1,2020-06-07 19:08:41-04:00
1,1,0,1,0,1,2020-06-07 19:12:19-04:00
1,1,0,1,0,1,2020-06-07 19:15:54-04:00
1,1,0,1,0,1,2020-06-08 09:14:33-04:00
1,1,0,1,0,1,2020-06-08 09:18:11-04:00
1,1,0,1,0,1,2020-06-11 09:07:09-04:00
1,1,0,1,0,1,2020-06-11 10:57:27-04:00
1,1,0,1,0,1,2020-06-11 11:47:29-04:00
1,1,0,1,0,1,2020-06-11 11:49:59-04:00
1,1,0,1,0,1,2020-06-11 12:05:28-04:00
1,1,0,1,0,1,2020-06-11 16:25:05+00:00
1,1,0,1,0,1,2020-06-11 12:38:32-04:00
1,1,0,1,0,1,2020-06-11 12:40:43-04:00
1,1,0,1,0,1,2020-06-11 12:43:34-04:00
1,1,0,1,0,1,2020-06-11 12:45:48-04:00
1,1,0,1,0,1,2020-06-11 12:50:15-04:00
1,1,0,1,0,1,2020-06-11 12:53:09-04:00
1,1,0,1,0,1,2020-06-11 12:56:34-04:00
0,0,0,0,0,0,2020-06-12 13:48:46-04:00
0,0,0,0,0,0,2020-06-12 13:49:41-04:00
1,1,0,1,0,1,2020-06-14 12:28:02-04:00
0,0,0,0,0,0,2020-06-14 12:38:26-04:00
1,1,0,1,0,1,2020-06-14 12:54:05-04:00
1,1,0,1,0,1,2020-06-14 15:00:48-04:00
0,0,0,0,0,0,2020-06-17 14:55:05-04:00
0,0,0,0,0,0,2020-06-17 15:02:31-04:00
1,1,1,1,0,1,2020-06-17 15:09:27-04:00
1,1,1,1,0,1,2020-06-17 15:14:45-04:00
1,1,1,1,0,1,2020-06-17 15:18:16-04:00
1,1,1,1,0,1,2020-06-17 15:21:22-04:00
1,1,1,1,0,1,2020-06-17 15:23:43-04:00
1,1,1,1,0,1,2020-06-17 15:25:40-04:00
1,1,1,1,0,1,2020-06-17 15:29:03-04:00
1,1,1,1,0,1,2020-06-17 15:31:34-04:00
1,1,1,1,0,1,2020-06-17 15:36:55-04:00
1,1,1,1,0,1,2020-06-17 15:59:12-04:00
1,1,1,1,0,1,2020-06-17 16:04:07-04:00
1,1,1,1,0,1,2020-06-17 16:13:46-04:00
1,1,1,1,0,1,2020-06-17 16:22:25-04:00
1,1,1,1,0,1,2020-06-17 16:28:02-04:00
1,1,1,1,0,1,2020-06-17 16:35:51-04:00
1,1,1,1,0,1,2020-06-17 16:40:08-04:00
1,1,1,1,0,1,2020-06-17 16:42:22-04:00
1,1,1,1,0,1,2020-06-17 16:45:17-04:00
1,1,1,1,0,1,2020-06-17 16:47:39-04:00
1,1,1,1,0,1,2020-06-17 16:50:20-04:00
1,1,1,1,0,1,2020-06-17 16:54:45-04:00
1,1,1,1,0,1,2020-06-17 17:55:47-04:00
1,1,1,1,0,1,2020-06-21 12:14:37-04:00
1,1,1,1,0,1,2020-06-21 12:27:35-04:00
1,1,1,1,0,1,2020-06-21 13:02:11-04:00
1,1,1,1,0,1,2020-06-21 13:14:26-04:00
1,1,1,1,0,1,2020-06-21 13:16:52-04:00
0,0,0,0,0,0,2020-06-21 16:09:16-04:00
1,1,1,1,0,1,2020-06-21 16:10:44-04:00
1,1,1,1,0,1,2020-06-21 16:18:36-04:00
1,1,1,1,0,1,2020-06-21 16:20:04-04:00
1,1,1,1,0,1,2020-06-21 17:14:03-04:00
0,0,0,0,0,0,2020-06-24 13:50:42-04:00
0,0,0,0,0,0,2020-06-24 13:53:17-04:00
0,0,0,0,0,0,2020-06-24 14:15:05-04:00
1,1,1,1,0,1,2020-06-24 14:23:24-04:00
1,1,1,1,0,1,2020-06-24 14:33:42-04:00
1,1,1,1,0,1,2020-06-26 10:21:55-04:00
1,1,1,1,0,1,2020-06-26 10:29:55-04:00
1,1,1,1,0,1,2020-06-26 12:49:02-04:00
1,1,1,1,0,1,2020-06-26 12:56:16-04:00
