Acquisition,Preparation,Modeling,Training,Evaluation,Prediction,time
0,0,0,0,0,0,2021-01-15 14:07:06-08:00
0,0,0,0,0,0,2021-01-18 14:27:10-08:00
0,0,0,0,0,0,2021-01-18 16:02:30-08:00
0,0,0,0,0,0,2021-01-18 16:04:02-08:00
2,2,0,2,1,0,2021-01-18 16:08:22-08:00
0,0,0,0,0,0,2021-01-18 22:27:34-08:00
2,1,0,1,1,0,2021-01-19 00:11:15-08:00
0,0,1,1,0,1,2021-01-20 22:01:42-08:00
1,0,0,0,0,0,2021-01-22 17:33:12-08:00
0,0,0,0,0,0,2021-01-22 17:36:07-08:00
0,0,0,0,0,0,2021-01-22 17:36:37-08:00
1,0,0,0,0,0,2021-01-22 17:40:31-08:00
0,0,0,0,0,0,2021-01-22 17:42:01-08:00
0,0,0,0,0,0,2021-01-22 17:42:46-08:00
0,0,0,0,0,0,2021-01-23 22:49:48-08:00
1,0,0,0,0,0,2021-01-24 13:30:13-08:00
1,0,0,0,0,0,2021-01-25 01:07:13-08:00
0,0,0,0,0,0,2021-01-25 01:25:53-08:00
0,0,0,0,0,0,2021-01-26 01:16:39-08:00
1,0,0,0,0,0,2021-01-26 01:40:29-08:00
0,0,0,0,0,0,2021-01-27 16:01:21-08:00
0,0,0,0,0,0,2021-01-28 00:11:21-08:00
0,0,0,0,0,0,2021-01-28 20:15:55-08:00
0,0,0,0,0,0,2021-01-28 20:18:40-08:00
3,3,0,1,0,0,2021-01-30 14:50:44-08:00
2,2,0,0,0,0,2021-01-30 15:21:20-08:00
0,0,0,0,0,0,2021-01-30 15:43:16-08:00
0,0,0,0,0,0,2021-01-30 15:43:43-08:00
0,0,0,0,0,0,2021-01-30 15:58:09-08:00
2,2,0,0,0,0,2021-01-30 16:14:14-08:00
0,0,0,0,0,0,2021-01-30 16:14:33-08:00
1,0,0,1,0,1,2021-01-30 21:05:04-08:00
0,0,0,0,0,0,2021-01-31 01:49:15-08:00
1,1,0,0,0,0,2021-01-31 02:23:50-08:00
1,1,0,0,0,0,2021-01-31 02:49:13-08:00
1,1,0,0,0,0,2021-01-31 13:20:54-08:00
1,1,0,0,0,0,2021-01-31 13:50:50-08:00
1,1,0,0,0,0,2021-01-31 15:02:59-08:00
1,2,0,1,0,0,2021-01-31 16:04:30-08:00
1,1,0,1,0,0,2021-02-01 00:47:43-08:00
1,1,0,0,0,0,2021-02-01 01:22:50-08:00
0,0,0,0,0,0,2021-02-01 12:38:59-08:00
1,1,0,1,0,0,2021-02-01 23:56:13-08:00
1,1,0,1,0,0,2021-02-02 00:08:29-08:00
1,1,0,0,0,0,2021-02-02 00:27:53-08:00
3,2,0,0,0,0,2021-02-02 03:53:08-08:00
1,1,0,1,0,0,2021-02-02 12:50:07-08:00
2,1,0,0,0,0,2021-02-02 12:58:18-08:00
2,1,0,0,0,0,2021-02-02 18:15:30-08:00
0,0,0,0,0,0,2021-02-02 18:29:19-08:00
1,1,0,0,0,1,2021-02-02 23:00:07-08:00
0,1,0,0,0,0,2021-02-03 17:24:56-08:00
0,0,0,0,0,0,2021-02-03 17:26:00-08:00
2,1,0,0,0,1,2021-02-03 22:41:05-08:00
0,0,0,0,0,0,2021-02-03 22:41:14-08:00
2,3,0,1,0,1,2021-02-04 02:38:50-08:00
1,1,0,1,0,0,2021-02-04 03:09:18-08:00
1,1,0,0,0,1,2021-02-04 10:23:49-08:00
1,1,0,0,0,1,2021-02-04 10:24:29-08:00
1,1,0,1,0,0,2021-02-04 14:18:30-08:00
0,0,0,0,0,0,2021-02-04 14:44:14-08:00
0,0,1,1,0,1,2021-02-04 16:43:32-08:00
0,1,0,0,0,0,2021-02-04 16:45:59-08:00
0,0,1,1,0,1,2021-02-04 16:57:24-08:00
0,0,0,0,0,0,2021-02-04 19:29:35-08:00
1,2,0,2,0,0,2021-02-04 21:59:24-08:00
1,1,0,1,0,0,2021-02-05 02:29:36-08:00
1,0,0,0,0,0,2021-02-05 04:04:01-08:00
0,0,0,0,0,0,2021-02-05 04:06:49-08:00
2,1,0,1,0,1,2021-02-05 05:18:53-08:00
0,0,0,0,0,0,2021-02-05 05:19:07-08:00
1,1,0,1,0,1,2021-02-06 15:51:45-08:00
1,1,0,1,0,0,2021-02-08 15:04:56-08:00
0,1,0,1,0,0,2021-02-08 16:30:33-08:00
0,0,0,0,0,0,2021-02-08 22:18:21-08:00
0,0,0,0,0,0,2021-02-08 22:32:16-08:00
3,1,0,1,0,1,2021-02-09 02:37:09-08:00
1,0,0,0,0,0,2021-02-09 10:55:34-08:00
0,1,0,1,0,0,2021-02-09 11:01:28-08:00
0,0,0,0,0,0,2021-02-09 11:07:07-08:00
0,0,0,0,0,0,2021-02-09 13:25:11-08:00
1,1,0,1,0,0,2021-02-09 15:29:01-08:00
1,0,0,0,0,0,2021-02-09 16:18:14-08:00
0,0,0,0,0,0,2021-02-09 16:19:47-08:00
1,2,1,3,0,2,2021-02-09 16:27:02-08:00
0,0,0,0,0,0,2021-02-09 16:28:51-08:00
1,0,0,0,0,0,2021-02-09 16:43:22-08:00
0,0,0,0,0,0,2021-02-09 18:32:20-08:00
0,0,0,0,0,0,2021-02-09 20:33:44-08:00
0,0,0,0,0,0,2021-02-09 20:34:04-08:00
0,1,0,0,0,0,2021-02-09 20:36:49-08:00
0,0,0,0,0,0,2021-02-09 20:48:36-08:00
0,0,0,0,0,0,2021-02-09 21:50:24-08:00
0,0,0,0,0,0,2021-02-09 21:58:31-08:00
0,0,0,0,0,0,2021-02-09 21:58:48-08:00
2,1,0,1,0,1,2021-02-10 10:57:09-08:00
0,0,0,0,0,0,2021-02-10 10:57:49-08:00
0,1,0,1,0,0,2021-02-10 15:46:39-08:00
2,1,0,0,0,1,2021-02-10 16:30:24-08:00
0,0,0,0,0,0,2021-02-10 16:30:32-08:00
0,1,0,0,0,0,2021-02-10 17:29:52-08:00
0,0,0,0,0,0,2021-02-10 17:30:00-08:00
2,1,0,0,0,1,2021-02-10 17:49:35-08:00
0,0,0,0,0,0,2021-02-10 17:49:44-08:00
0,1,0,1,0,0,2021-02-10 17:54:04-08:00
0,0,0,0,0,0,2021-02-10 17:54:32-08:00
0,0,0,0,0,0,2021-02-10 18:18:08-08:00
0,0,0,0,0,0,2021-02-10 18:18:25-08:00
0,0,0,0,0,0,2021-02-10 18:20:09-08:00
0,0,0,0,0,0,2021-02-10 18:21:47-08:00
0,0,0,0,0,0,2021-02-10 18:25:43-08:00
0,0,0,0,0,0,2021-02-10 18:27:12-08:00
0,1,0,1,0,0,2021-02-10 19:34:26-08:00
0,1,0,0,0,0,2021-02-10 20:56:23-08:00
0,0,0,0,0,0,2021-02-10 21:03:54-08:00
0,1,0,0,0,0,2021-02-10 21:06:02-08:00
0,0,0,0,0,0,2021-02-10 21:06:12-08:00
0,1,0,0,0,0,2021-02-10 21:08:01-08:00
0,1,0,0,0,0,2021-02-10 21:15:28-08:00
0,0,0,0,0,0,2021-02-10 21:44:56-08:00
0,0,0,0,0,0,2021-02-10 21:45:35-08:00
0,0,0,0,0,0,2021-02-10 21:46:06-08:00
0,0,0,0,0,0,2021-02-10 21:48:48-08:00
0,0,0,0,0,0,2021-02-10 21:52:53-08:00
0,0,0,0,0,0,2021-02-10 21:53:12-08:00
0,0,0,0,0,0,2021-02-10 21:53:45-08:00
0,0,0,0,0,0,2021-02-10 21:54:08-08:00
0,0,0,0,0,0,2021-02-10 21:54:23-08:00
0,0,0,0,0,0,2021-02-10 21:54:40-08:00
0,0,0,0,0,0,2021-02-10 22:12:29-08:00
2,2,0,1,0,1,2021-02-10 22:39:25-08:00
0,0,0,0,0,0,2021-02-10 22:39:28-08:00
0,0,0,0,0,0,2021-02-10 22:41:14-08:00
0,0,0,0,0,0,2021-02-10 22:55:07-08:00
0,0,0,0,0,0,2021-02-10 22:55:13-08:00
0,0,0,0,0,0,2021-02-10 23:20:47-08:00
0,0,0,0,0,0,2021-02-10 23:21:45-08:00
0,0,0,0,0,0,2021-02-10 23:22:10-08:00
0,0,0,0,0,0,2021-02-10 23:23:38-08:00
0,0,0,0,0,0,2021-02-10 23:24:34-08:00
0,0,0,0,0,0,2021-02-10 23:25:13-08:00
0,0,0,0,0,0,2021-02-10 23:25:58-08:00
0,0,0,0,0,0,2021-02-10 23:30:03-08:00
0,0,0,0,0,0,2021-02-10 23:34:21-08:00
0,0,0,0,0,0,2021-02-10 23:34:46-08:00
