Acquisition,Preparation,Modeling,Training,Evaluation,Prediction,time
2,2,0,0,0,0,2019-09-01 09:48:30-07:00
0,0,0,0,0,0,2019-09-01 10:06:55-07:00
0,0,0,0,0,0,2019-09-01 10:17:50-07:00
0,0,0,0,0,0,2019-09-01 14:36:49-07:00
0,0,0,0,0,0,2019-09-01 14:50:08-07:00
0,1,0,0,0,0,2019-09-01 15:16:06-07:00
0,0,0,0,0,0,2019-09-01 15:17:13-07:00
0,0,0,0,0,0,2019-09-01 15:20:44-07:00
0,1,0,0,0,0,2019-09-03 11:44:54-07:00
0,0,0,0,0,0,2019-09-03 15:30:00-07:00
1,1,0,0,0,0,2019-09-03 17:16:05-07:00
0,0,0,0,0,0,2019-09-05 16:05:50-07:00
0,0,0,0,0,0,2019-09-05 16:07:42-07:00
1,0,0,0,0,0,2019-09-05 16:10:14-07:00
1,0,0,0,1,0,2019-09-05 16:20:29-07:00
1,0,0,0,0,0,2019-09-05 17:00:56-07:00
1,1,1,1,1,0,2019-09-09 17:27:55-07:00
0,0,0,0,0,0,2019-09-09 17:28:09-07:00
0,0,0,0,0,0,2019-09-09 17:42:44-07:00
0,0,0,0,0,0,2019-09-09 17:50:36-07:00
1,1,1,1,1,0,2019-09-10 14:31:44-07:00
0,0,0,0,0,0,2019-09-10 15:07:15-07:00
0,1,0,0,0,0,2019-09-10 15:08:03-07:00
1,0,0,0,0,0,2019-09-10 15:14:43-07:00
0,0,0,0,0,0,2019-09-10 15:18:09-07:00
0,0,0,0,0,0,2019-09-10 15:19:54-07:00
1,1,0,0,0,0,2019-09-10 16:31:04-07:00
1,0,0,0,0,0,2019-09-17 15:03:04-07:00
0,1,0,0,0,0,2019-09-18 16:20:09-07:00
1,0,0,0,0,0,2019-09-19 12:31:44-07:00
1,1,0,0,0,0,2019-09-19 17:09:13-07:00
0,0,0,0,0,0,2019-09-19 17:13:34-07:00
1,0,0,0,0,0,2019-09-19 17:18:53-07:00
1,0,0,0,0,0,2019-09-20 13:07:32-07:00
1,0,0,0,0,0,2019-09-29 12:16:49-07:00
0,0,0,0,0,0,2019-09-29 12:25:14-07:00
2,0,0,0,0,0,2019-09-29 12:29:51-07:00
1,0,0,0,0,0,2019-09-29 12:31:11-07:00
1,0,0,0,0,0,2019-09-29 13:42:01-07:00
3,3,1,1,2,0,2019-11-17 15:58:57-08:00
2,2,0,0,1,0,2019-11-24 16:45:14-08:00
0,1,0,0,0,0,2019-11-24 22:57:50-08:00
2,2,0,0,1,0,2019-11-24 22:59:17-08:00
0,1,0,0,0,0,2019-11-25 13:56:56-08:00
0,0,0,0,0,0,2019-11-25 19:10:02-08:00
0,0,0,0,0,0,2019-11-25 20:25:30-08:00
0,1,0,0,0,0,2019-11-25 22:01:49-08:00
1,1,0,1,1,0,2019-11-25 22:02:07-08:00
1,2,1,1,1,0,2019-11-26 15:36:36-08:00
1,1,0,0,1,0,2019-11-26 17:11:19-08:00
0,0,0,0,0,0,2019-11-26 17:12:13-08:00
0,1,1,0,0,0,2019-11-26 17:12:25-08:00
1,2,1,0,1,0,2019-11-26 20:10:05-08:00
1,1,0,0,1,0,2019-11-26 21:20:05-08:00
1,1,0,0,1,0,2019-11-26 21:23:00-08:00
1,1,0,0,1,0,2019-11-26 21:40:47-08:00
0,0,0,0,0,0,2019-11-26 21:40:59-08:00
1,1,0,0,1,0,2019-11-27 14:13:48-08:00
0,0,0,0,0,0,2019-11-27 14:14:06-08:00
1,1,0,0,1,0,2019-11-28 10:44:53-08:00
1,1,0,0,1,0,2019-12-01 08:58:24-08:00
1,1,0,0,1,0,2019-12-01 18:29:17-08:00
1,1,0,0,1,0,2019-12-01 23:14:44-08:00
0,0,0,0,0,0,2019-12-01 23:15:05-08:00
0,0,0,0,0,0,2019-12-01 23:15:42-08:00
0,0,0,0,0,0,2019-12-02 09:49:42-08:00
0,0,0,0,0,0,2019-12-02 09:49:51-08:00
1,1,0,0,1,0,2019-12-05 15:28:47-08:00
1,1,0,0,1,0,2019-12-05 15:29:39-08:00
1,1,0,0,1,0,2019-12-05 15:33:33-08:00
1,1,0,0,1,0,2019-12-06 10:24:32-08:00
0,0,0,0,0,0,2019-12-06 10:33:20-08:00
0,0,0,0,0,0,2019-12-07 14:00:19-08:00
1,1,0,0,1,0,2019-12-11 22:39:26-08:00
0,0,0,0,0,0,2019-12-11 23:32:38-08:00
0,0,0,0,0,0,2019-12-12 15:27:23-08:00
0,0,0,0,0,0,2019-12-12 15:28:12-08:00
0,0,0,0,0,0,2019-12-12 15:28:36-08:00
0,0,0,0,0,0,2020-01-04 18:25:11-08:00
0,0,0,0,0,0,2020-01-04 18:25:57-08:00
0,0,0,0,0,0,2020-01-12 20:42:38-08:00
0,0,0,0,0,0,2020-01-13 15:46:36-08:00
0,0,0,0,0,0,2020-01-28 21:46:19+00:00
0,0,0,0,0,0,2020-01-28 22:54:39-08:00
0,0,0,0,0,0,2020-03-31 10:47:13+00:00
0,0,0,0,0,0,2020-06-07 10:19:19-07:00
0,0,0,0,0,0,2020-06-07 10:34:14-07:00
0,0,0,0,0,0,2020-06-07 10:43:15-07:00
0,0,0,0,0,0,2020-06-07 10:58:31-07:00
0,0,0,0,0,0,2020-06-07 10:58:50-07:00
0,0,0,0,0,0,2020-06-07 14:43:41-07:00
0,0,0,0,0,0,2020-06-12 10:54:11-07:00
0,0,0,0,0,0,2020-06-12 22:04:24-07:00
1,1,0,0,0,0,2020-06-12 22:04:54-07:00
1,1,0,0,1,0,2020-06-12 22:05:12-07:00
0,0,0,0,0,0,2020-06-12 22:10:40-07:00
0,0,0,0,0,0,2020-06-12 22:12:09-07:00
1,1,1,1,1,1,2020-06-13 15:11:12-07:00
1,1,0,0,0,0,2020-06-13 15:11:40-07:00
0,0,0,0,0,0,2020-06-13 15:11:55-07:00
1,1,1,1,1,1,2020-06-13 15:20:34-07:00
1,1,1,1,1,1,2020-06-13 16:55:22-07:00
0,0,0,0,0,0,2020-06-13 16:56:21-07:00
1,1,0,0,0,0,2020-06-18 19:46:30-07:00
0,0,0,0,0,0,2020-06-19 12:43:20-07:00
2,2,1,1,1,1,2020-06-20 10:03:32-07:00
1,1,0,0,0,0,2020-06-20 15:51:32-07:00
1,1,1,1,1,1,2020-06-20 15:51:43-07:00
1,1,1,1,1,1,2020-06-20 19:59:19-07:00
0,0,0,0,0,0,2020-06-20 20:07:55-07:00
0,0,0,0,0,0,2020-06-20 20:08:50-07:00
0,0,0,0,0,0,2020-07-03 22:31:14-07:00
2,2,1,1,2,1,2020-07-19 14:33:14-07:00
3,2,3,3,1,1,2020-07-19 14:33:42-07:00
0,0,0,0,0,0,2020-08-10 09:39:34-07:00
2,1,0,0,1,0,2020-08-11 12:00:46-07:00
0,0,0,0,0,0,2020-08-11 12:01:11-07:00
1,0,0,0,0,0,2020-08-12 09:44:19-07:00
1,1,0,0,0,0,2020-08-12 09:46:06-07:00
0,0,0,0,0,0,2020-08-12 09:59:55-07:00
1,1,0,0,0,0,2020-08-12 10:00:06-07:00
1,1,0,0,0,0,2020-08-12 10:14:31-07:00
0,0,0,0,0,0,2020-08-12 10:14:50-07:00
0,0,0,0,0,0,2020-08-12 10:17:46-07:00
1,1,0,1,0,0,2020-08-12 10:24:00-07:00
1,1,0,0,0,0,2020-08-12 10:24:21-07:00
0,0,0,0,0,0,2020-08-12 10:28:24-07:00
0,1,0,0,1,0,2020-08-12 10:37:36-07:00
1,0,1,1,1,1,2020-08-12 10:49:24-07:00
0,0,0,0,0,1,2020-08-12 10:51:13-07:00
1,1,0,1,0,0,2020-08-12 10:57:09-07:00
0,0,0,0,0,1,2020-08-12 11:06:15-07:00
1,1,1,1,1,0,2020-08-12 11:07:25-07:00
0,0,0,0,0,0,2020-08-12 11:08:34-07:00
0,0,0,0,0,0,2020-08-12 11:15:11-07:00
1,1,2,1,1,0,2020-08-12 11:16:13-07:00
0,0,0,0,0,0,2020-08-12 11:24:29-07:00
2,2,3,2,1,0,2020-08-12 11:57:41-07:00
1,1,0,1,0,0,2020-08-12 12:00:33-07:00
0,0,1,0,0,0,2020-08-12 12:20:43-07:00
1,1,1,1,1,0,2020-08-12 12:20:56-07:00
0,0,0,0,0,0,2020-08-12 12:22:33-07:00
0,0,0,0,0,0,2020-08-12 12:23:16-07:00
0,0,0,0,0,0,2020-08-12 12:23:50-07:00
0,0,0,0,0,1,2020-08-12 12:25:42-07:00
1,1,0,1,0,0,2020-08-12 12:34:42-07:00
0,0,0,0,0,1,2020-08-12 12:38:14-07:00
0,0,1,0,0,0,2020-08-12 12:41:23-07:00
1,1,0,0,0,0,2020-08-12 12:43:39-07:00
0,0,0,0,0,0,2020-08-12 12:44:09-07:00
0,0,0,0,0,0,2020-08-12 12:46:07-07:00
0,0,0,0,0,0,2020-08-12 12:46:18-07:00
1,1,0,0,0,0,2020-08-13 08:54:48-07:00
0,0,1,0,0,0,2020-08-13 12:07:47-07:00
1,1,0,0,0,0,2020-08-13 12:08:18-07:00
1,1,0,0,0,1,2020-08-18 15:51:15-07:00
1,0,0,0,0,1,2020-08-18 16:05:59-07:00
0,0,0,0,0,0,2020-08-18 16:06:51-07:00
0,0,0,0,0,1,2020-08-18 16:09:29-07:00
0,0,0,0,0,0,2020-08-18 16:15:06-07:00
0,0,0,0,0,0,2020-08-18 16:16:29-07:00
0,0,0,0,0,0,2020-08-18 16:17:01-07:00
0,0,0,0,0,0,2020-08-18 16:18:52-07:00
0,0,0,0,0,0,2020-08-18 16:19:21-07:00
1,0,0,0,0,0,2020-08-18 16:39:15-07:00
1,1,0,0,0,1,2020-08-18 16:41:24-07:00
0,0,0,0,0,0,2020-08-18 16:42:13-07:00
0,0,0,0,0,0,2020-08-18 16:43:59-07:00
0,0,0,0,0,0,2020-08-19 15:22:40-07:00
0,0,0,0,0,0,2020-08-19 15:24:43-07:00
2,1,0,0,0,1,2020-12-02 13:13:03-08:00
0,0,0,0,0,0,2020-12-02 13:48:00-08:00
0,0,0,0,0,1,2020-12-02 13:51:44-08:00
1,0,0,0,0,0,2020-12-02 15:14:22-08:00
0,0,0,0,0,0,2020-12-02 15:28:33-08:00
1,1,0,0,0,2,2020-12-02 15:28:47-08:00
0,0,0,0,0,0,2020-12-02 15:38:34-08:00
0,0,0,0,0,0,2020-12-02 15:44:03-08:00
0,0,0,0,0,0,2020-12-02 23:54:41+00:00
0,0,0,0,0,0,2020-12-02 15:55:34-08:00
0,0,0,0,0,0,2020-12-02 16:01:46-08:00
0,0,0,0,0,0,2020-12-02 16:02:13-08:00
0,0,0,0,0,0,2020-12-02 16:13:11-08:00
0,0,0,0,0,0,2020-12-02 16:35:11-08:00
0,0,0,0,0,0,2020-12-02 16:37:03-08:00
0,0,0,0,0,0,2020-12-02 16:43:54-08:00
0,0,0,0,0,0,2020-12-02 16:49:48-08:00
0,0,0,0,0,0,2020-12-02 16:50:10-08:00
0,0,0,0,0,0,2020-12-02 17:05:47-08:00
0,0,0,0,0,0,2020-12-02 17:20:23-08:00
0,0,0,0,0,1,2020-12-03 09:17:46-08:00
0,0,0,0,0,1,2020-12-03 09:18:14-08:00
0,0,0,0,0,0,2020-12-03 09:21:06-08:00
0,0,0,0,0,0,2020-12-03 09:25:29-08:00
0,0,0,0,0,0,2020-12-03 09:30:49-08:00
0,0,0,0,0,0,2020-12-03 09:35:57-08:00
0,0,0,0,0,0,2020-12-03 09:41:39-08:00
0,0,0,0,0,0,2020-12-03 09:56:01-08:00
0,0,0,0,0,1,2020-12-03 10:00:37-08:00
0,0,0,0,0,0,2020-12-03 10:03:14-08:00
0,0,0,0,0,1,2020-12-03 10:19:07-08:00
1,1,0,0,0,1,2020-12-03 10:31:54-08:00
0,0,0,0,0,1,2020-12-03 10:47:41-08:00
0,0,0,0,0,1,2020-12-03 10:59:33-08:00
0,0,0,0,0,1,2020-12-03 11:38:51-08:00
0,0,0,0,0,0,2020-12-03 11:40:03-08:00
0,0,0,0,0,0,2020-12-03 11:50:35-08:00
0,0,0,0,0,0,2020-12-03 12:00:29-08:00
0,0,0,0,0,0,2020-12-03 13:02:32-08:00
0,0,0,0,0,0,2020-12-03 13:11:17-08:00
0,0,0,0,0,0,2020-12-03 13:13:45-08:00
0,0,0,0,0,0,2020-12-12 18:48:24-08:00
0,0,0,0,0,0,2020-12-13 14:44:49-08:00
0,0,0,0,0,0,2020-12-13 14:48:47-08:00
0,0,0,0,0,0,2020-12-13 15:42:15-08:00
0,0,0,0,0,0,2022-01-12 19:58:42-08:00
0,0,0,0,0,0,2022-01-13 03:59:11+00:00
0,0,0,0,0,0,2022-02-11 03:30:59+00:00
0,0,0,0,0,0,2022-02-12 17:34:28-08:00
0,0,0,0,0,0,2022-02-12 17:34:44-08:00
