Acquisition,Preparation,Modeling,Training,Evaluation,Prediction,time
0,0,0,0,0,0,2017-01-30 16:48:56-08:00
0,0,0,0,0,0,2017-02-05 22:01:21-08:00
0,0,0,0,0,0,2017-02-20 20:10:14-08:00
0,0,0,0,0,0,2017-02-27 23:02:56-08:00
0,0,0,0,0,0,2017-03-06 21:14:42-08:00
0,0,0,0,0,0,2017-03-20 23:23:17-07:00
0,0,0,0,0,0,2017-04-24 00:59:25-07:00
0,0,0,0,0,0,2017-04-24 01:05:29-07:00
0,0,0,0,0,0,2017-04-25 00:19:17-07:00
0,0,0,0,0,0,2017-04-25 00:19:44-07:00
0,0,0,0,0,0,2017-04-25 11:58:17-07:00
0,0,0,0,0,0,2017-04-25 11:58:30-07:00
0,0,0,0,0,0,2017-04-27 02:35:32-07:00
0,0,0,0,0,0,2017-04-27 02:36:20-07:00
0,0,0,0,0,0,2017-04-27 02:37:35-07:00
0,0,0,0,0,0,2017-04-27 02:39:00-07:00
0,0,0,0,0,0,2017-04-27 02:42:20-07:00
0,0,0,0,0,0,2017-04-27 15:32:30-07:00
0,1,0,0,0,0,2017-05-01 00:16:41-07:00
0,0,0,0,0,0,2017-05-01 00:17:58-07:00
0,0,0,0,0,0,2017-05-01 00:21:24-07:00
0,1,0,0,0,0,2017-05-01 00:21:36-07:00
0,1,0,0,0,0,2017-05-01 00:22:31-07:00
0,0,0,0,0,0,2017-05-01 00:27:00-07:00
0,0,0,0,0,0,2017-05-02 13:42:35-07:00
0,0,0,0,0,0,2017-05-02 13:47:39-07:00
0,0,0,0,0,0,2017-05-02 13:48:06-07:00
0,0,0,0,0,0,2017-05-02 13:49:01-07:00
0,0,0,0,0,0,2017-05-02 13:49:41-07:00
0,0,0,0,0,0,2017-05-14 00:56:35-04:00
0,0,0,0,0,0,2017-05-14 00:57:34-04:00
0,0,0,0,0,0,2017-05-14 22:08:59-04:00
0,0,0,0,0,0,2017-06-19 22:06:06-07:00
0,0,0,0,0,0,2017-06-19 22:08:07-07:00
0,0,0,0,0,0,2020-05-17 19:12:32-07:00
2,2,1,0,1,0,2020-05-17 19:13:41-07:00
0,0,0,0,0,0,2020-05-17 19:44:48-07:00
0,0,0,0,0,0,2020-05-17 19:48:58-07:00
0,0,0,0,0,0,2020-05-17 20:25:46-07:00
3,4,2,2,1,2,2020-05-17 20:29:47-07:00
0,0,0,0,0,0,2020-05-17 20:32:03-07:00
2,2,2,2,0,1,2020-05-17 21:15:43-07:00
0,0,0,0,0,0,2020-05-17 21:16:34-07:00
0,0,0,0,0,0,2020-05-17 21:49:00-07:00
6,7,1,1,1,1,2020-05-21 20:19:50-07:00
0,0,0,0,0,0,2020-05-21 20:20:51-07:00
0,0,0,0,0,0,2020-05-21 20:26:03-07:00
0,0,0,0,0,0,2020-05-21 22:51:33-07:00
0,0,0,0,0,0,2020-05-22 15:22:09-07:00
0,0,0,0,0,0,2020-05-22 15:23:22-07:00
0,1,0,0,0,0,2020-05-27 13:30:33-07:00
0,0,0,0,0,0,2020-05-27 13:31:01-07:00
0,0,0,0,0,0,2020-05-27 13:34:11-07:00
0,0,0,0,0,0,2020-05-27 13:34:46-07:00
0,0,0,0,0,0,2020-05-27 13:35:09-07:00
0,1,0,0,0,0,2020-05-27 17:36:48-07:00
0,0,0,0,0,0,2020-05-27 17:37:59-07:00
0,0,0,0,0,0,2020-05-27 17:38:09-07:00
0,0,0,0,0,0,2020-05-27 17:43:52-07:00
0,0,0,0,0,0,2020-06-08 13:21:51-07:00
3,3,0,0,0,0,2020-06-08 13:26:12-07:00
0,0,0,0,0,0,2020-06-08 13:26:59-07:00
0,0,0,0,0,0,2020-06-08 13:33:02-07:00
0,0,0,0,0,0,2020-06-08 13:36:45-07:00
0,0,0,0,0,0,2020-06-08 13:54:15-07:00
0,0,0,0,0,0,2020-06-08 13:55:11-07:00
