Acquisition,Preparation,Modeling,Training,Evaluation,Prediction,time
0,0,0,0,0,0,2020-07-03 00:01:13+03:00
0,1,0,0,0,0,2020-07-03 01:30:35+03:00
0,0,1,0,0,0,2020-07-03 14:49:53+03:00
0,1,0,0,0,0,2020-07-04 10:49:06+03:00
1,1,0,1,1,0,2020-07-05 14:58:42+03:00
1,1,0,1,1,0,2020-07-05 17:44:42+03:00
1,1,0,1,1,0,2020-07-05 17:46:41+03:00
1,1,0,1,1,0,2020-07-05 17:52:21+03:00
0,0,0,0,0,0,2020-07-05 18:15:30+03:00
0,1,0,1,1,1,2020-07-05 18:30:04+03:00
0,0,0,0,0,0,2020-07-05 18:36:29+03:00
0,0,0,0,0,0,2020-07-05 18:42:16+03:00
0,0,0,0,0,0,2020-07-05 22:09:49+03:00
1,1,1,1,1,1,2020-07-07 00:56:47+03:00
0,0,0,0,0,0,2020-07-07 12:20:01+03:00
0,0,0,0,0,0,2020-07-07 19:13:47+03:00
0,0,0,0,0,0,2020-07-07 19:47:11+03:00
0,0,0,0,0,0,2020-07-07 19:54:55+03:00
0,0,0,0,0,0,2020-07-07 19:55:53+03:00
1,1,0,0,0,0,2020-07-07 20:36:47+03:00
0,0,0,0,0,0,2020-07-07 21:05:34+03:00
0,0,0,0,0,0,2020-07-07 21:08:41+03:00
0,0,0,0,0,0,2020-07-07 21:17:30+03:00
1,1,0,1,1,1,2020-07-07 21:36:31+03:00
1,1,0,1,1,1,2020-07-07 22:13:16+03:00
0,0,0,0,0,0,2020-07-07 22:19:31+03:00
0,0,0,0,0,0,2020-07-07 22:24:13+03:00
0,0,0,0,0,0,2020-07-07 22:54:22+03:00
2,2,0,1,1,1,2020-07-07 22:56:42+03:00
0,0,0,0,0,0,2020-07-07 23:03:15+03:00
0,0,0,0,0,0,2020-07-07 23:04:10+03:00
0,0,0,0,0,0,2020-07-07 23:07:02+03:00
0,1,0,1,1,1,2020-07-09 10:38:10+03:00
0,0,0,0,0,0,2020-07-09 10:39:20+03:00
3,3,1,2,2,2,2020-07-10 06:26:55+03:00
0,0,0,0,0,0,2020-07-10 10:36:04+03:00
0,1,0,1,1,1,2020-07-10 10:36:41+03:00
0,0,0,0,0,0,2020-07-10 10:38:24+03:00
0,0,0,0,0,0,2020-07-12 01:12:25+03:00
3,3,1,2,2,2,2020-07-12 01:12:50+03:00
0,0,0,0,0,0,2020-07-13 05:26:19+03:00
0,0,0,0,0,0,2020-07-13 05:31:10+03:00
0,0,0,0,0,0,2020-07-13 05:32:05+03:00
0,0,0,0,0,0,2020-07-13 05:53:06+03:00
0,0,0,0,0,0,2020-07-13 06:10:15+03:00
0,0,0,0,0,0,2020-07-13 06:53:48+03:00
0,0,0,0,0,0,2020-07-13 07:03:51+03:00
0,0,0,0,0,0,2020-07-13 23:13:03+03:00
0,0,0,0,0,0,2020-07-13 23:13:37+03:00
0,0,0,0,0,0,2020-07-15 09:03:32+03:00
0,0,0,0,0,0,2020-07-15 09:10:41+03:00
0,0,0,0,0,0,2020-07-15 10:10:37+03:00
1,1,0,1,1,1,2020-07-16 03:52:08+03:00
0,0,0,0,0,0,2020-07-16 03:53:21+03:00
0,0,0,0,0,0,2020-07-16 03:53:58+03:00
0,0,0,0,0,0,2020-07-16 03:54:31+03:00
0,0,0,0,0,0,2020-07-16 05:07:24+03:00
0,0,0,0,0,0,2020-07-16 05:08:23+03:00
0,0,0,0,0,0,2020-07-16 05:10:34+03:00
1,1,0,1,1,1,2020-07-16 05:12:35+03:00
0,0,0,0,0,0,2020-07-17 16:43:33+03:00
0,2,0,0,0,0,2020-07-18 01:00:54+03:00
1,1,0,1,1,1,2020-07-18 01:19:56+03:00
0,0,0,0,0,0,2020-07-18 10:00:49+03:00
1,1,1,1,1,1,2020-07-20 03:55:44+03:00
0,0,0,0,0,0,2020-07-20 06:37:20+03:00
1,1,1,1,1,1,2020-07-20 09:34:36+00:00
0,0,0,0,0,0,2020-07-20 16:20:22+03:00
1,1,1,1,1,1,2020-07-20 16:20:44+03:00
1,0,0,0,1,1,2020-07-23 05:19:25+00:00
0,0,0,0,0,0,2020-07-23 05:19:45+00:00
1,0,0,0,1,1,2020-07-24 00:11:21+00:00
0,1,0,0,0,0,2020-07-24 00:27:01+00:00
1,0,0,0,1,1,2020-07-24 00:27:36+00:00
1,1,1,1,1,1,2020-07-24 20:26:06+03:00
0,0,0,0,0,0,2020-07-24 20:29:16+03:00
0,0,0,0,0,0,2020-07-25 00:22:56+03:00
0,0,0,0,0,0,2020-07-25 00:24:57+03:00
1,1,1,1,1,1,2020-07-25 12:31:41+03:00
1,1,1,1,1,1,2020-07-27 01:39:14+03:00
1,1,1,1,1,1,2020-07-27 02:13:03+03:00
1,0,0,0,1,1,2020-07-27 03:57:46+00:00
0,1,0,0,0,0,2020-07-28 20:15:27+03:00
2,1,1,1,2,2,2020-07-29 09:24:07+03:00
1,1,1,1,1,1,2020-07-29 18:03:37+00:00
0,1,0,0,0,0,2020-07-29 22:10:18+03:00
2,1,1,1,2,2,2020-07-29 22:12:51+03:00
2,1,1,1,2,2,2020-07-29 22:15:51+03:00
0,0,0,0,0,0,2020-08-01 09:50:26+00:00
0,0,0,0,0,0,2020-08-01 09:53:46+00:00
1,1,1,1,1,1,2020-08-01 10:11:34+00:00
0,0,0,0,0,0,2020-08-01 10:28:03+00:00
1,1,0,0,0,0,2020-08-05 04:07:59+00:00
0,0,0,0,0,0,2020-08-05 04:08:29+00:00
1,1,1,1,1,1,2020-08-05 04:08:55+00:00
1,1,0,0,1,1,2020-08-05 04:09:08+00:00
0,0,0,0,0,0,2020-08-05 04:42:17+00:00
0,0,0,0,0,0,2020-08-05 04:44:45+00:00
0,1,0,0,0,0,2020-08-14 21:01:53+03:00
0,0,0,0,0,0,2020-08-14 23:10:25+03:00
