Acquisition,Preparation,Modeling,Training,Evaluation,Prediction,time
0,0,0,0,0,0,2020-04-12 13:07:35+01:00
1,0,0,0,0,0,2020-04-12 16:06:54+01:00
0,0,0,0,0,0,2020-04-13 13:58:58+01:00
0,0,0,0,0,0,2020-04-13 14:01:27+01:00
0,0,0,0,0,0,2020-04-13 14:10:25+01:00
0,0,0,0,0,0,2020-04-13 14:42:39+01:00
0,0,0,0,0,0,2020-04-13 15:11:05+01:00
0,0,0,0,0,0,2020-04-13 15:19:22+01:00
0,0,0,0,0,0,2020-04-13 15:21:49+01:00
0,0,0,0,0,0,2020-04-13 15:26:35+01:00
0,0,0,0,0,0,2020-04-13 15:31:46+01:00
0,0,0,0,0,0,2020-04-13 15:32:39+01:00
0,0,0,0,0,0,2020-04-13 15:35:56+01:00
0,0,0,0,0,0,2020-04-13 15:36:35+01:00
0,0,0,0,0,0,2020-04-13 15:55:29+01:00
0,0,0,0,0,0,2020-04-13 16:07:54+01:00
0,0,0,0,0,0,2020-04-13 16:30:41+01:00
0,0,0,0,0,0,2020-04-13 16:34:38+01:00
0,0,0,0,0,0,2020-04-13 16:35:20+01:00
0,0,0,0,0,0,2020-04-13 16:39:15+01:00
0,0,0,0,0,0,2020-04-13 16:44:52+01:00
0,0,0,0,0,0,2020-04-13 16:49:39+01:00
0,0,0,0,0,0,2020-04-13 17:08:21+01:00
0,0,0,0,0,0,2020-04-13 17:11:20+01:00
0,0,0,0,0,0,2020-04-13 17:15:33+01:00
0,0,0,0,0,0,2020-04-13 17:20:22+01:00
0,0,0,0,0,0,2020-04-13 17:22:44+01:00
0,0,0,0,0,0,2020-04-13 17:25:10+01:00
0,0,0,0,0,0,2020-04-13 17:27:11+01:00
0,0,0,0,0,0,2020-04-13 17:31:40+01:00
0,0,0,0,0,0,2020-04-13 17:35:32+01:00
0,0,0,0,0,0,2020-04-13 17:58:36+01:00
0,0,0,0,0,0,2020-04-13 18:07:05+01:00
0,0,0,0,0,0,2020-04-13 18:09:56+01:00
0,0,0,0,0,0,2020-04-13 18:14:06+01:00
0,0,0,0,0,0,2020-04-13 18:19:21+01:00
0,0,0,0,0,0,2020-04-13 18:21:26+01:00
1,0,0,0,0,0,2020-04-13 18:27:43+01:00
0,0,0,0,0,0,2020-04-14 12:15:04+01:00
0,0,0,0,0,0,2020-04-14 12:20:58+01:00
0,0,0,0,0,0,2020-04-14 12:22:39+01:00
5,6,5,0,0,3,2020-04-14 12:56:00+01:00
0,0,0,0,0,0,2020-04-14 13:00:17+01:00
0,0,0,0,0,0,2020-04-14 13:11:06+01:00
0,0,0,0,0,0,2020-04-14 13:12:14+01:00
0,0,0,0,0,0,2020-04-14 13:17:11+01:00
0,0,0,0,0,0,2020-04-14 13:22:40+01:00
0,0,0,0,0,0,2020-04-14 13:25:24+01:00
0,0,0,0,0,0,2020-04-14 13:33:34+01:00
0,0,0,0,0,0,2020-04-14 13:44:01+01:00
0,0,0,0,0,0,2020-04-14 14:08:23+01:00
0,0,0,0,0,0,2020-04-14 14:11:28+01:00
0,0,0,0,0,0,2020-04-14 14:20:42+01:00
0,0,0,0,0,0,2020-04-14 20:14:12+01:00
0,0,0,0,0,0,2020-04-14 20:15:33+01:00
0,0,0,0,0,0,2020-04-14 22:56:04+01:00
0,0,0,0,0,0,2020-05-02 16:35:39+01:00
0,0,0,0,0,0,2020-05-02 16:39:06+01:00
3,4,4,0,0,1,2020-05-03 18:26:38+01:00
3,3,3,0,0,1,2020-05-03 18:40:52+01:00
1,0,0,0,0,0,2020-05-03 18:53:44+01:00
0,0,0,0,0,0,2020-05-08 00:33:33+01:00
0,0,0,0,0,0,2020-05-08 00:45:30+01:00
0,0,0,0,0,0,2020-05-08 00:48:17+01:00
0,0,0,0,0,0,2020-05-08 00:50:15+01:00
0,0,0,0,0,0,2020-05-08 07:54:12+01:00
1,1,1,0,0,1,2020-05-08 22:20:13+01:00
1,1,1,0,0,0,2020-05-12 13:38:29+01:00
0,0,0,0,0,0,2020-05-12 14:05:36+01:00
0,0,0,0,0,0,2020-05-12 20:01:03+01:00
0,0,0,0,0,0,2020-05-12 20:51:15+01:00
0,0,0,0,0,0,2020-05-13 11:03:38+01:00
0,0,0,0,0,0,2020-05-14 12:32:45+01:00
0,0,0,0,0,0,2020-05-14 12:38:40+01:00
0,0,0,0,0,0,2020-05-14 17:32:11+01:00
0,0,0,0,0,0,2020-05-14 18:07:08+01:00
0,0,0,0,0,0,2020-05-14 18:15:37+01:00
0,0,0,0,0,0,2020-05-14 18:20:16+01:00
0,0,0,0,0,0,2020-05-14 18:22:43+01:00
0,0,0,0,0,0,2020-05-14 18:40:27+01:00
0,0,0,0,0,0,2020-05-14 18:43:31+01:00
0,0,0,0,0,0,2020-05-14 18:45:42+01:00
0,0,0,0,0,0,2020-05-14 18:48:26+01:00
0,0,0,0,0,0,2020-05-14 18:51:52+01:00
0,0,0,0,0,0,2020-05-18 01:31:22+01:00
0,0,0,0,0,0,2020-05-18 01:40:38+01:00
0,0,0,0,0,0,2020-05-18 01:43:58+01:00
0,0,0,0,0,0,2020-05-18 11:00:13+01:00
0,0,0,0,0,0,2020-05-18 11:04:12+01:00
0,0,0,0,0,0,2020-05-18 11:05:48+01:00
0,0,0,0,0,0,2020-05-18 11:07:45+01:00
1,1,1,0,0,0,2020-05-18 12:38:26-04:00
0,0,0,0,0,0,2020-05-18 17:38:38+01:00
1,1,1,0,0,0,2020-05-18 12:48:20-04:00
0,0,0,0,0,0,2020-05-18 17:52:42+01:00
0,0,0,0,0,0,2020-05-18 20:01:11+01:00
0,0,0,0,0,0,2020-05-18 20:35:58+01:00
0,0,0,0,0,0,2020-05-18 23:20:50+01:00
0,0,0,0,0,0,2020-05-18 23:23:17+01:00
0,0,0,0,0,0,2020-05-19 16:56:58+01:00
1,1,1,0,0,1,2020-05-23 10:18:27+01:00
0,0,0,0,0,0,2020-05-23 10:22:45+01:00
1,1,1,0,0,1,2020-05-23 10:33:07+01:00
0,0,0,0,0,0,2020-05-23 21:10:28+01:00
0,0,0,0,0,0,2020-05-31 18:27:57+01:00
0,0,0,0,0,0,2020-05-31 18:28:37+01:00
0,0,0,0,0,0,2020-06-13 18:04:00+01:00
0,0,0,0,0,0,2020-06-13 18:23:14+01:00
0,0,0,0,0,0,2020-06-13 18:28:48+01:00
0,0,0,0,0,0,2020-06-13 18:39:49+01:00
0,0,0,0,0,0,2020-06-13 18:43:44+01:00
0,0,0,0,0,0,2020-06-13 18:47:45+01:00
0,0,0,0,0,0,2020-06-13 18:52:05+01:00
0,0,0,0,0,0,2020-06-14 07:13:59+01:00
0,0,0,0,0,0,2020-06-14 07:25:47+01:00
0,0,0,0,0,0,2020-06-14 07:48:09+01:00
0,0,0,0,0,0,2020-06-14 07:49:35+01:00
0,0,0,0,0,0,2020-06-14 07:50:40+01:00
0,0,0,0,0,0,2020-06-14 07:58:39+01:00
0,0,0,0,0,0,2020-06-14 08:00:47+01:00
0,0,0,0,0,0,2020-06-14 08:35:51+01:00
0,0,0,0,0,0,2020-06-14 08:37:20+01:00
0,0,0,0,0,0,2020-06-14 08:39:00+01:00
0,0,0,0,0,0,2020-06-14 08:54:02+01:00
0,0,0,0,0,0,2020-06-14 08:57:35+01:00
0,0,0,0,0,0,2020-06-14 09:42:47+01:00
0,0,0,0,0,0,2020-06-14 09:47:54+01:00
0,0,0,0,0,0,2020-06-14 09:52:35+01:00
0,0,0,0,0,0,2020-06-14 09:57:45+01:00
0,0,0,0,0,0,2020-06-14 10:03:43+01:00
0,0,0,0,0,0,2020-06-14 16:03:05+01:00
0,0,0,0,0,0,2020-06-15 11:01:59+01:00
0,0,0,0,0,0,2020-06-15 11:04:44+01:00
0,0,0,0,0,0,2020-06-15 11:21:53+01:00
0,0,0,0,0,0,2020-06-15 11:30:11+01:00
0,0,0,0,0,0,2020-06-16 17:06:15+01:00
0,0,0,0,0,0,2020-06-16 17:08:03+01:00
0,0,0,0,0,0,2020-06-16 17:11:40+01:00
0,0,0,0,0,0,2020-06-16 17:16:03+01:00
0,0,0,0,0,0,2020-06-17 11:16:36+01:00
0,0,0,0,0,0,2020-06-17 11:20:59+01:00
0,0,0,0,0,0,2020-06-17 14:48:53+01:00
0,0,0,0,0,0,2020-06-20 08:34:52+01:00
0,0,0,0,0,0,2020-06-20 08:37:02+01:00
0,0,0,0,0,0,2020-06-20 11:13:35+01:00
0,0,0,0,0,0,2020-06-21 10:39:00+01:00
0,0,0,0,0,0,2020-06-23 10:27:37+01:00
0,0,0,0,0,0,2020-06-23 10:33:53+01:00
5,4,4,0,0,2,2020-06-24 08:27:18+01:00
0,0,0,0,0,0,2020-06-27 11:57:06+01:00
0,0,0,0,0,0,2020-06-27 12:00:07+01:00
0,0,0,0,0,0,2020-07-14 12:57:43+01:00
0,0,0,0,0,0,2020-07-30 10:49:09+01:00
1,1,1,0,0,1,2020-08-24 14:21:51+01:00
0,0,0,0,0,0,2020-08-24 14:28:02+01:00
0,0,0,0,0,0,2020-08-24 14:28:57+01:00
0,0,0,0,0,0,2020-08-28 08:10:48+01:00
0,0,0,0,0,0,2020-08-28 08:12:55+01:00
0,0,0,0,0,0,2020-08-28 08:14:35+01:00
0,0,0,0,0,0,2020-08-31 12:07:11+01:00
5,6,4,2,0,3,2020-09-07 09:59:59+01:00
0,0,0,0,0,0,2020-09-07 11:15:24+01:00
0,0,0,0,0,0,2020-09-07 11:20:24+01:00
0,0,0,0,0,0,2020-09-07 11:28:45+01:00
0,0,0,0,0,0,2020-09-07 11:33:25+01:00
0,0,0,0,0,0,2020-09-07 11:42:43+01:00
0,0,0,0,0,0,2020-09-07 11:47:47+01:00
0,0,0,0,0,0,2020-09-07 11:50:49+01:00
0,0,0,0,0,0,2020-09-07 12:20:25+01:00
0,0,0,0,0,0,2020-09-07 12:23:15+01:00
0,0,0,0,0,0,2020-09-07 12:54:53+01:00
0,0,0,0,0,0,2020-09-07 13:09:11+01:00
0,0,0,0,0,0,2020-09-07 14:32:59+01:00
0,0,0,0,0,0,2020-09-07 14:41:07+01:00
0,0,0,0,0,0,2020-09-07 15:12:20+01:00
0,0,0,0,0,0,2020-09-07 15:17:59+01:00
0,0,0,0,0,0,2020-09-07 17:57:17+01:00
0,0,0,0,0,0,2020-09-07 19:02:16+01:00
0,0,0,0,0,0,2020-09-08 20:22:40+01:00
0,0,0,0,0,0,2020-09-08 20:26:17+01:00
0,0,0,0,0,0,2020-09-09 11:45:30+01:00
0,0,0,0,0,0,2020-09-12 17:51:01+01:00
0,0,0,0,0,0,2020-09-13 08:17:55+01:00
0,0,0,0,0,0,2020-09-13 08:23:26+01:00
0,0,0,0,0,0,2020-09-13 08:25:58+01:00
0,0,0,0,0,0,2020-09-14 10:29:53+01:00
1,1,1,0,0,1,2020-09-17 12:56:31+01:00
2,2,2,0,0,2,2020-09-23 15:03:13+01:00
1,1,1,0,0,1,2020-09-27 10:56:37+01:00
0,0,0,0,0,0,2020-09-27 11:09:55+01:00
0,0,0,0,0,0,2020-09-27 11:45:09+01:00
0,0,0,0,0,0,2020-09-27 13:14:21+01:00
0,0,0,0,0,0,2020-09-27 13:55:14+01:00
0,0,0,0,0,0,2020-09-27 15:19:45+01:00
0,0,0,0,0,0,2020-09-27 15:23:41+01:00
0,0,0,0,0,0,2020-09-27 15:26:54+01:00
0,0,0,0,0,0,2020-09-27 19:08:21+01:00
0,0,0,0,0,0,2020-09-27 19:15:33+01:00
0,0,0,0,0,0,2020-09-28 11:00:24+01:00
0,0,0,0,0,0,2020-09-28 11:07:34+01:00
0,0,0,0,0,0,2020-09-28 11:10:58+01:00
0,0,0,0,0,0,2020-09-28 11:26:11+01:00
0,0,0,0,0,0,2020-09-28 11:35:37+01:00
0,0,0,0,0,0,2020-09-28 11:40:38+01:00
0,0,0,0,0,0,2020-09-28 11:43:13+01:00
0,0,0,0,0,0,2020-09-28 11:46:51+01:00
0,0,0,0,0,0,2020-09-28 12:10:34+01:00
0,0,0,0,0,0,2020-09-28 12:21:37+01:00
0,0,0,0,0,0,2020-09-28 12:27:14+01:00
1,1,1,0,0,1,2020-10-01 10:04:42+01:00
0,0,0,0,0,0,2020-10-01 10:10:46+01:00
0,0,0,0,0,0,2020-10-04 11:36:53+01:00
0,0,0,0,0,0,2020-10-04 11:37:22+01:00
0,0,0,0,0,0,2020-10-04 12:21:24+01:00
0,0,0,0,0,0,2020-10-04 12:59:26+01:00
0,0,0,0,0,0,2020-10-04 16:41:36+01:00
0,0,0,0,0,0,2020-10-04 16:44:08+01:00
0,0,0,0,0,0,2020-10-04 23:33:55+01:00
0,0,0,0,0,0,2020-10-04 23:34:47+01:00
1,1,1,1,0,0,2020-10-12 17:08:00+02:00
0,0,0,0,0,0,2020-10-12 16:40:19+01:00
1,1,1,1,0,0,2020-10-12 17:30:50+01:00
0,0,0,0,0,0,2020-10-12 17:33:14+01:00
1,1,1,1,0,0,2020-10-12 17:42:13+01:00
0,0,0,0,0,0,2020-10-12 17:42:39+01:00
1,1,1,1,0,0,2020-10-12 17:45:08+01:00
0,0,0,0,0,0,2020-10-12 17:45:15+01:00
2,2,2,0,0,2,2020-11-10 12:58:02+01:00
0,0,0,0,0,0,2020-11-12 11:46:56+01:00
0,0,0,0,0,0,2020-11-12 11:53:34+01:00
0,0,0,0,0,0,2020-11-13 10:00:16+01:00
4,4,3,2,0,1,2020-11-14 18:57:48+01:00
2,1,1,1,0,1,2020-11-15 18:31:32+01:00
0,0,0,0,0,0,2020-11-15 21:57:00+01:00
3,4,3,1,0,1,2020-11-17 12:53:45+01:00
0,0,0,0,0,0,2020-11-17 12:55:27+01:00
0,0,0,0,0,0,2020-11-17 13:08:12+01:00
0,0,0,0,0,0,2020-11-17 13:12:51+01:00
1,1,1,0,0,0,2020-11-25 16:50:46+01:00
0,0,0,0,0,0,2020-11-25 16:51:47+01:00
3,3,3,0,0,2,2020-11-29 18:42:31+01:00
0,0,0,0,0,0,2020-11-29 18:55:16+01:00
0,0,0,0,0,0,2020-11-29 20:12:36+01:00
0,0,0,0,0,0,2020-11-29 20:14:49+01:00
0,0,0,0,0,0,2020-11-29 20:16:36+01:00
0,0,0,0,0,0,2020-11-29 20:24:45+01:00
0,0,0,0,0,0,2020-11-29 20:28:38+01:00
0,0,0,0,0,0,2020-11-29 20:30:13+01:00
0,0,0,0,0,0,2020-11-29 20:33:42+01:00
0,0,0,0,0,0,2020-11-29 20:37:30+01:00
0,0,0,0,0,0,2020-11-29 20:38:22+01:00
0,0,0,0,0,0,2020-11-29 20:47:27+01:00
0,0,0,0,0,0,2020-11-29 20:49:36+01:00
0,0,0,0,0,0,2020-11-29 20:51:57+01:00
0,0,0,0,0,0,2020-11-29 20:54:53+01:00
0,0,0,0,0,0,2020-11-30 19:50:19+01:00
0,0,0,0,0,0,2020-11-30 19:51:06+01:00
0,0,0,0,0,0,2020-11-30 19:54:01+01:00
0,0,0,0,0,0,2020-11-30 19:56:22+01:00
0,0,0,0,0,0,2020-11-30 22:40:42+01:00
0,0,0,0,0,0,2020-11-30 22:41:55+01:00
0,0,0,0,0,0,2020-11-30 22:45:33+01:00
0,0,0,0,0,0,2020-12-01 17:18:12+01:00
1,1,1,0,0,1,2020-12-02 11:22:41+01:00
0,0,0,0,0,0,2020-12-06 12:53:43+01:00
1,1,1,0,0,0,2020-12-29 12:56:05+01:00
0,0,0,0,0,0,2021-01-29 12:36:23+01:00
0,0,0,0,0,0,2021-01-29 13:04:09+01:00
0,0,0,0,0,0,2021-01-29 13:06:36+01:00
0,0,0,0,0,0,2021-01-29 13:07:34+01:00
0,0,0,0,0,0,2021-01-29 13:09:13+01:00
0,0,0,0,0,0,2021-01-29 13:10:06+01:00
0,0,0,0,0,0,2021-01-29 13:11:21+01:00
0,0,0,0,0,0,2021-01-30 11:20:39+01:00
0,0,0,0,0,0,2021-01-30 11:23:19+01:00
0,0,0,0,0,0,2021-01-30 11:26:06+01:00
9,10,8,2,0,5,2021-02-10 16:41:44+01:00
0,0,0,0,0,0,2021-02-10 16:43:47+01:00
0,0,0,0,0,0,2021-02-10 16:46:17+01:00
0,0,0,0,0,0,2021-02-10 16:49:47+01:00
0,0,0,0,0,0,2021-02-10 16:50:46+01:00
7,8,6,2,0,4,2021-02-10 16:52:30+01:00
0,0,0,0,0,0,2021-02-10 18:28:51+01:00
0,0,0,0,0,0,2021-02-10 18:42:55+01:00
0,0,0,0,0,0,2021-02-10 18:48:06+01:00
0,0,0,0,0,0,2021-02-11 08:00:49+01:00
0,0,0,0,0,0,2021-02-11 16:54:58+01:00
0,0,0,0,0,0,2021-02-12 08:35:16+01:00
0,0,0,0,0,0,2021-02-12 11:57:14+01:00
0,0,0,0,0,0,2021-02-12 11:59:27+01:00
0,0,0,0,0,0,2021-02-12 12:04:13+01:00
0,0,0,0,0,0,2021-02-12 12:08:48+01:00
0,0,0,0,0,0,2021-02-12 12:10:35+01:00
0,0,0,0,0,0,2021-02-12 12:14:27+01:00
0,0,0,0,0,0,2021-02-12 12:15:04+01:00
1,1,1,0,0,1,2021-02-17 08:13:56+01:00
0,0,0,0,0,0,2021-02-17 08:14:18+01:00
0,0,0,0,0,0,2021-02-17 08:15:38+01:00
0,0,0,0,0,0,2021-02-19 15:39:41+01:00
1,1,1,1,0,0,2021-02-20 19:00:49+05:18
0,0,0,0,0,0,2021-02-21 11:31:53+01:00
1,1,1,1,0,0,2021-02-21 12:34:26+01:00
1,1,1,0,0,0,2021-03-06 11:03:19+01:00
0,0,0,0,0,0,2021-03-06 18:29:46+01:00
0,0,0,0,0,0,2021-03-06 19:08:34+01:00
0,0,0,0,0,0,2021-03-06 19:10:14+01:00
0,0,0,0,0,0,2021-03-06 19:12:09+01:00
0,0,0,0,0,0,2021-03-06 19:13:50+01:00
0,0,0,0,0,0,2021-03-08 05:59:02+01:00
0,0,0,0,0,0,2021-03-11 14:39:58+01:00
1,1,1,0,0,0,2021-03-11 14:45:14+01:00
0,0,0,0,0,0,2021-03-11 14:47:17+01:00
0,0,0,0,0,0,2021-03-11 14:51:24+01:00
0,0,0,0,0,0,2021-05-07 14:21:20+05:18
0,0,0,0,0,0,2021-05-08 11:28:52+01:00
0,0,0,0,0,0,2021-05-08 11:29:24+01:00
1,1,1,0,0,0,2021-06-01 12:03:44+02:00
1,1,1,0,0,0,2021-06-11 20:51:46+01:00
0,0,0,0,0,0,2021-06-11 21:05:22+01:00
1,1,1,0,0,0,2021-06-20 17:45:10+01:00
2,2,1,1,0,1,2021-06-20 18:53:14+01:00
0,0,0,0,0,0,2021-07-19 22:53:54+01:00
0,0,0,0,0,0,2021-07-20 19:17:14+01:00
0,0,0,0,0,0,2021-07-20 19:20:39+01:00
1,1,1,0,0,1,2021-08-10 14:19:56-03:00
1,1,1,0,0,1,2021-08-17 14:14:01+01:00
0,0,0,0,0,0,2021-09-02 12:51:48+01:00
22,89,19,7,4,8,2021-09-19 23:55:47+01:00
0,0,0,0,0,0,2021-09-24 01:01:22+01:00
0,0,0,0,0,0,2021-09-24 01:19:58+01:00
0,0,0,0,0,0,2021-09-24 01:25:30+01:00
0,0,0,0,0,0,2021-09-24 01:27:26+01:00
0,0,0,0,0,0,2021-09-24 01:33:00+01:00
0,0,0,0,0,0,2021-09-24 01:34:28+01:00
0,0,0,0,0,0,2021-09-24 01:36:22+01:00
0,0,0,0,0,0,2021-09-24 01:41:09+01:00
0,0,0,0,0,0,2021-09-24 01:42:19+01:00
0,0,0,0,0,0,2021-09-24 20:41:22+01:00
0,0,0,0,0,0,2021-09-25 00:47:06+01:00
0,0,0,0,0,0,2021-09-25 00:50:40+01:00
0,0,0,0,0,0,2021-09-25 00:51:39+01:00
0,0,0,0,0,0,2021-09-25 00:52:38+01:00
0,0,0,0,0,0,2021-09-25 00:54:39+01:00
0,0,0,0,0,0,2021-09-25 00:55:15+01:00
0,0,0,0,0,0,2021-09-25 00:56:01+01:00
0,0,0,0,0,0,2021-09-25 00:56:49+01:00
0,0,0,0,0,0,2021-09-25 00:57:58+01:00
0,0,0,0,0,0,2021-09-25 00:58:37+01:00
0,0,0,0,0,0,2021-09-25 00:59:06+01:00
0,0,0,0,0,0,2021-09-25 00:59:55+01:00
0,0,0,0,0,0,2021-09-25 01:03:05+01:00
0,0,0,0,0,0,2021-09-25 01:04:12+01:00
0,0,0,0,0,0,2021-09-25 01:04:57+01:00
0,0,0,0,0,0,2021-09-25 01:05:32+01:00
0,0,0,0,0,0,2021-09-25 01:32:51+01:00
0,0,0,0,0,0,2021-09-25 01:34:05+01:00
0,0,0,0,0,0,2021-09-25 01:34:48+01:00
0,0,0,0,0,0,2021-09-25 01:35:46+01:00
0,0,0,0,0,0,2021-09-25 01:37:32+01:00
0,0,0,0,0,0,2021-09-25 01:40:35+01:00
0,0,0,0,0,0,2021-09-25 01:41:40+01:00
0,0,0,0,0,0,2021-09-25 01:44:18+01:00
0,0,0,0,0,0,2021-09-25 01:46:13+01:00
0,0,0,0,0,0,2021-09-25 01:50:03+01:00
23,90,19,7,4,8,2021-10-11 11:29:36+01:00
22,89,19,7,4,8,2021-10-11 11:34:10+01:00
0,0,0,0,0,0,2022-01-29 11:18:56+05:18
0,0,0,0,0,0,2022-01-29 23:51:36+01:00
