Acquisition,Preparation,Modeling,Training,Evaluation,Prediction,time
0,0,0,0,0,0,2021-02-05 10:27:13+04:00
0,0,0,0,0,0,2021-02-07 10:35:08+04:00
0,0,0,0,0,0,2021-02-07 14:59:37+04:00
0,1,0,0,0,0,2021-02-07 15:10:33+04:00
0,1,0,0,0,0,2021-02-08 21:54:44+04:00
0,1,0,0,0,0,2021-02-08 23:00:51+04:00
0,1,0,0,0,0,2021-02-09 15:54:03+04:00
0,1,0,0,0,0,2021-02-26 13:24:09+04:00
0,1,0,0,0,0,2021-03-22 22:46:29+04:00
0,1,0,0,0,0,2021-03-29 13:27:08+04:00
0,1,0,0,0,0,2021-04-01 20:19:11+04:00
1,1,0,0,0,0,2021-04-02 09:39:58+04:00
1,1,0,0,0,0,2021-04-02 09:40:06+04:00
1,1,0,0,0,0,2021-04-02 09:40:29+04:00
0,0,0,0,0,0,2021-04-02 19:12:46+04:00
0,0,0,0,0,0,2021-04-02 21:00:04+04:00
0,0,0,0,0,0,2021-04-08 23:35:17+04:00
1,1,0,0,0,0,2021-04-09 12:09:19+04:00
1,1,1,0,0,1,2021-04-20 09:09:10+04:00
1,1,0,0,0,0,2021-04-09 12:09:19+04:00
0,0,0,0,0,0,2021-04-21 11:03:18+04:00
0,0,0,0,0,0,2021-04-21 15:24:01+04:00
0,0,0,0,0,0,2021-04-21 15:39:59+04:00
1,1,0,0,0,0,2021-04-09 12:09:19+04:00
0,0,0,0,0,0,2021-04-21 15:48:04+04:00
1,1,0,0,0,0,2021-04-21 15:57:17+04:00
0,0,0,0,0,0,2021-04-21 15:57:47+04:00
2,2,1,0,0,1,2021-04-22 13:57:53+04:00
1,1,0,0,0,0,2021-04-24 15:17:07+04:00
1,1,0,0,0,0,2021-04-25 01:17:59+04:00
1,1,0,0,0,0,2021-04-25 08:54:10+04:00
0,0,0,0,0,0,2021-04-25 08:54:12+04:00
1,1,0,0,0,0,2021-04-25 17:03:57+04:00
1,1,0,0,0,0,2021-04-25 17:12:21+04:00
1,1,0,0,0,0,2021-04-25 17:12:42+04:00
1,1,0,0,0,0,2021-04-25 17:21:36+04:00
1,1,0,0,0,0,2021-04-26 00:42:49+04:00
0,0,0,0,0,0,2021-04-26 00:44:09+04:00
0,0,0,0,0,0,2021-04-26 00:44:31+04:00
0,0,0,0,0,0,2021-04-26 12:27:05+04:00
0,0,0,0,0,0,2021-04-26 12:37:11+04:00
0,0,0,0,0,0,2021-04-26 12:53:22+04:00
0,0,0,0,0,0,2021-04-26 13:02:51+04:00
1,1,0,0,0,0,2021-04-26 13:17:51+04:00
0,0,0,0,0,0,2021-04-26 13:26:03+04:00
1,1,0,0,0,0,2021-04-26 14:38:41+04:00
1,1,0,0,0,0,2021-04-26 16:10:25+04:00
0,0,0,0,0,0,2021-04-26 16:14:39+04:00
0,0,0,0,0,0,2021-04-26 16:35:49+04:00
0,0,0,0,0,0,2021-04-26 16:37:03+04:00
0,0,0,0,0,0,2021-04-26 20:13:31+04:00
0,0,0,0,0,0,2021-04-26 21:27:46+04:00
1,1,0,0,0,0,2021-04-26 23:23:12+04:00
1,1,0,0,0,0,2021-04-26 23:44:42+04:00
0,0,0,0,0,0,2021-04-27 00:19:04+04:00
0,0,0,0,0,0,2021-04-27 08:47:29+04:00
