Acquisition,Preparation,Modeling,Training,Evaluation,Prediction,time
0,0,0,0,0,0,2021-05-05 21:21:17+07:00
0,0,0,0,0,0,2021-05-24 20:00:38+07:00
0,0,0,0,0,0,2021-05-26 10:36:17+07:00
0,0,0,0,0,0,2021-05-30 17:48:21+07:00
0,0,0,0,0,0,2021-05-30 17:52:33+07:00
0,0,0,0,0,0,2021-05-30 18:02:58+07:00
0,0,0,0,0,0,2021-05-31 01:15:25+07:00
0,0,0,0,0,0,2021-05-31 02:00:19+07:00
0,0,0,0,0,0,2021-05-31 17:19:56+07:00
0,0,0,0,0,0,2021-05-31 18:58:55+07:00
0,0,0,0,0,0,2021-05-31 19:33:21+07:00
0,0,0,0,0,0,2021-05-31 19:40:12+07:00
0,0,0,0,0,0,2021-05-31 19:40:34+07:00
0,0,0,0,0,0,2021-05-31 20:01:20+07:00
0,0,0,0,0,0,2021-05-31 20:03:35+07:00
0,0,0,0,0,0,2021-05-31 23:55:15+07:00
0,0,0,0,0,0,2021-06-01 00:51:36+07:00
0,0,0,0,0,0,2021-06-01 00:54:12+07:00
0,0,0,0,0,0,2021-06-01 01:27:02+07:00
0,0,0,0,0,0,2021-06-01 01:28:09+07:00
0,0,0,0,0,0,2021-06-01 01:44:58+07:00
0,0,0,0,0,0,2021-06-01 01:50:32+07:00
0,0,0,0,0,0,2021-06-01 01:51:44+07:00
0,0,0,0,0,0,2021-06-01 02:11:33+07:00
0,0,0,0,0,0,2021-06-01 02:15:21+07:00
0,0,0,0,0,0,2021-06-01 02:19:41+07:00
0,0,0,0,0,0,2021-06-01 02:55:26+07:00
0,0,0,0,0,0,2021-06-01 03:16:50+07:00
0,0,0,0,0,0,2021-06-01 03:26:40+07:00
0,0,0,0,0,0,2021-06-01 03:38:39+07:00
0,0,0,0,0,0,2021-06-01 03:43:00+07:00
0,0,0,0,0,0,2021-06-01 03:45:06+07:00
0,0,0,0,0,0,2021-06-01 03:47:07+07:00
0,0,0,0,0,0,2021-06-01 03:55:00+07:00
0,0,0,0,0,0,2021-06-01 03:57:45+07:00
0,0,0,0,0,0,2021-06-01 04:04:49+07:00
0,0,0,0,0,0,2021-06-03 02:31:50+07:00
0,0,0,0,0,0,2021-06-03 09:58:51+07:00
0,0,0,0,0,0,2021-06-03 10:03:21+07:00
0,0,0,0,0,0,2021-06-03 10:03:54+07:00
0,0,0,0,0,0,2021-06-03 10:10:03+07:00
0,0,0,0,0,0,2021-06-03 10:10:30+07:00
0,0,0,0,0,0,2021-06-03 10:25:31+07:00
0,0,0,0,0,0,2021-06-03 10:34:32+07:00
0,0,0,0,0,0,2021-06-03 10:38:27+07:00
0,0,0,0,0,0,2021-06-03 10:51:17+07:00
0,0,0,0,0,0,2021-06-03 10:58:10+07:00
0,0,0,0,0,0,2021-06-03 11:04:18+07:00
0,0,0,0,0,0,2021-06-03 11:09:49+07:00
0,0,0,0,0,0,2021-06-03 11:13:30+07:00
0,0,0,0,0,0,2021-06-03 11:27:33+07:00
0,0,0,0,0,0,2021-06-03 11:44:33+07:00
0,0,0,0,0,0,2021-06-03 11:50:36+07:00
0,0,0,0,0,0,2021-06-03 12:27:06+07:00
0,0,0,0,0,0,2021-06-03 13:31:37+07:00
0,0,0,0,0,0,2021-06-03 14:27:44+07:00
0,0,0,0,0,0,2021-06-03 14:29:05+07:00
0,0,0,0,0,0,2021-06-03 16:38:56+07:00
1,1,0,1,0,1,2021-06-03 23:25:56+07:00
0,0,0,0,0,0,2021-06-04 19:20:29+07:00
1,1,0,1,0,1,2021-06-06 02:56:06+07:00
0,0,0,0,0,0,2021-06-06 03:26:18+07:00
0,0,0,0,0,0,2021-06-06 04:09:54+07:00
1,2,0,1,0,1,2021-06-06 22:45:07+07:00
0,1,0,0,0,0,2021-06-06 22:59:04+07:00
0,0,0,0,0,0,2021-06-06 23:14:03+07:00
0,0,0,0,0,0,2021-06-06 23:14:12+07:00
1,2,0,1,0,1,2021-06-07 07:47:47+07:00
0,0,0,0,0,0,2021-06-07 08:07:49+07:00
1,1,0,1,0,1,2021-06-08 01:59:18+07:00
0,0,0,0,0,0,2021-06-08 02:23:16+07:00
0,0,0,0,0,0,2021-06-08 16:38:50+07:00
0,0,0,0,0,0,2021-06-08 16:52:03+07:00
0,0,0,0,0,0,2021-06-08 22:56:08+07:00
0,0,0,0,0,0,2021-06-08 22:56:30+07:00
0,0,0,0,0,0,2021-06-09 02:20:40+07:00
0,0,0,0,0,0,2021-06-12 05:03:37+07:00
0,0,0,0,0,0,2021-06-12 05:04:10+07:00
0,0,0,0,0,0,2021-06-12 05:06:20+07:00
0,0,0,0,0,0,2021-06-12 10:46:51+07:00
0,0,0,0,0,0,2021-06-12 10:47:49+07:00
0,0,0,0,0,0,2021-06-12 13:31:25+07:00
0,0,0,0,0,0,2021-06-12 13:32:17+07:00
