Acquisition,Preparation,Modeling,Training,Evaluation,Prediction,time
0,0,0,0,0,0,2021-07-24 20:02:35-03:00
0,0,0,0,0,0,2021-07-25 18:17:05-03:00
0,0,0,0,0,0,2021-07-25 18:18:01-03:00
0,0,0,0,0,0,2021-07-30 20:38:40-03:00
0,0,0,0,0,0,2021-07-31 18:52:50-03:00
0,0,0,0,0,0,2021-08-01 12:37:48-03:00
0,0,0,0,0,0,2021-08-01 12:45:32-03:00
0,0,0,0,0,0,2021-08-01 12:45:49-03:00
0,0,0,0,0,0,2021-08-01 12:50:10-03:00
0,0,0,0,0,0,2021-08-01 12:58:54-03:00
0,0,0,0,0,0,2021-08-01 13:01:46-03:00
0,0,0,0,0,0,2021-08-01 13:03:08-03:00
0,0,0,0,0,0,2021-08-01 13:03:58-03:00
0,0,0,0,0,0,2021-08-01 13:06:36-03:00
0,0,0,0,0,0,2021-08-04 21:52:07-03:00
5,5,1,0,4,0,2021-08-05 20:22:17-03:00
0,0,0,0,0,0,2021-08-05 20:29:02-03:00
0,0,0,0,0,0,2021-08-05 20:29:26-03:00
0,0,0,0,0,0,2021-08-05 20:30:35-03:00
0,0,0,0,0,0,2021-08-05 20:31:00-03:00
4,4,1,0,4,0,2021-08-05 20:41:51-03:00
0,0,0,0,0,0,2021-08-05 20:42:08-03:00
0,0,0,0,0,0,2021-08-05 20:46:51-03:00
0,0,0,0,0,0,2021-08-05 21:01:04-03:00
1,1,1,0,1,0,2021-08-05 21:52:18-03:00
0,0,0,0,0,0,2021-08-06 19:27:23-03:00
0,0,0,0,0,0,2021-08-06 19:29:34-03:00
0,0,0,0,0,0,2021-08-06 19:29:47-03:00
1,1,0,0,1,0,2021-08-08 15:40:19-03:00
3,3,0,0,3,0,2021-08-12 20:00:50-03:00
2,2,1,0,1,0,2021-08-13 13:20:17-03:00
0,0,0,0,0,0,2021-08-18 18:52:33-03:00
4,4,1,0,4,0,2021-08-18 21:14:39-03:00
0,0,0,0,0,0,2021-08-18 21:15:06-03:00
3,3,0,1,3,0,2021-08-18 21:15:20-03:00
2,3,1,1,0,1,2021-08-18 21:15:34-03:00
14,14,11,0,4,10,2021-08-18 21:15:48-03:00
14,14,11,0,4,10,2021-08-18 23:09:37-03:00
3,3,0,1,3,0,2021-08-18 23:10:50-03:00
17,17,11,1,7,10,2021-08-18 23:17:08-03:00
0,0,0,0,0,0,2021-08-19 15:24:11-03:00
29,29,22,1,8,21,2021-08-19 20:07:11-03:00
0,0,0,0,0,0,2021-08-19 20:44:08-03:00
19,19,12,1,8,11,2021-08-19 20:45:07-03:00
0,0,0,0,0,0,2021-08-19 20:50:23-03:00
0,0,0,0,0,0,2021-08-19 20:51:00-03:00
0,0,0,0,0,0,2021-08-19 20:51:28-03:00
0,0,0,0,0,0,2021-08-19 20:52:24-03:00
0,0,0,0,0,0,2021-08-19 20:54:52-03:00
0,0,0,0,0,0,2021-08-19 20:55:08-03:00
0,0,0,0,0,0,2021-08-19 21:09:08-03:00
0,0,0,0,0,0,2021-08-19 21:11:18-03:00
1,1,0,0,1,0,2021-08-19 21:12:57-03:00
0,0,0,0,0,0,2021-09-09 11:17:37-03:00
0,0,0,0,0,0,2022-06-09 23:02:37-03:00
