Acquisition,Preparation,Modeling,Training,Evaluation,Prediction,time
0,0,0,0,0,0,2019-06-02 17:39:09+01:00
0,0,0,0,0,0,2019-06-02 17:43:09+01:00
0,0,0,0,0,0,2019-06-02 17:43:22+01:00
2,4,2,2,2,3,2019-06-03 17:38:16+01:00
0,1,1,1,1,1,2019-06-04 15:05:32+01:00
0,0,0,0,0,0,2019-06-04 15:29:32+01:00
0,0,0,0,0,0,2019-06-04 16:56:38+01:00
2,4,3,3,3,4,2019-06-10 22:59:26+01:00
0,0,0,0,0,0,2019-06-11 10:35:58+01:00
0,0,0,0,0,0,2019-06-11 10:36:37+01:00
0,0,0,0,0,0,2019-06-11 11:49:30+01:00
2,0,2,2,2,0,2019-06-11 13:25:05+01:00
0,0,0,0,0,0,2019-06-11 17:00:28+01:00
0,0,0,0,0,0,2019-06-11 17:18:40+01:00
0,0,0,0,0,0,2019-06-11 17:20:20+01:00
0,0,0,0,0,0,2019-06-11 16:35:32+01:00
0,0,0,0,0,0,2019-06-11 18:32:22+01:00
0,0,0,0,0,0,2019-06-13 12:07:01+01:00
0,0,0,0,0,0,2019-06-13 13:11:50+01:00
0,0,0,0,0,0,2019-06-13 13:25:55+01:00
0,0,0,0,0,0,2019-06-13 12:31:27+01:00
0,0,0,0,0,0,2019-06-13 13:38:23+01:00
0,0,0,0,0,0,2019-06-13 13:43:31+01:00
0,0,0,0,0,0,2019-06-13 12:44:54+01:00
0,0,0,0,0,0,2019-06-13 12:52:32+01:00
0,0,0,0,0,0,2019-06-13 13:08:11+01:00
0,0,0,0,0,0,2019-06-13 13:22:12+01:00
0,0,0,0,0,0,2019-06-13 13:32:51+01:00
0,0,0,0,0,0,2019-06-13 13:50:37+01:00
0,0,0,0,0,0,2019-06-13 14:06:14+01:00
0,0,0,0,0,0,2019-06-13 15:10:51+01:00
0,0,0,0,0,0,2019-06-13 14:20:56+01:00
0,0,0,0,0,0,2019-06-13 14:23:13+01:00
0,0,0,0,0,0,2019-06-13 17:13:47+01:00
0,0,0,0,0,0,2019-06-13 21:20:42+01:00
0,0,0,0,0,0,2019-06-13 20:23:57+01:00
0,0,0,0,0,0,2019-06-13 20:38:55+01:00
0,0,0,0,0,0,2019-06-13 21:49:11+01:00
0,0,0,0,0,0,2019-06-14 00:07:21+01:00
0,0,0,0,0,0,2019-06-14 11:32:54+01:00
0,0,0,0,0,0,2019-06-14 12:43:28+01:00
0,0,0,0,0,0,2019-06-14 14:54:13+01:00
1,1,0,0,0,1,2019-06-14 15:32:00+01:00
0,1,0,0,0,1,2019-06-14 15:52:25+01:00
0,0,0,0,0,0,2019-06-14 17:05:52+01:00
0,0,0,0,0,0,2019-06-14 17:56:36+01:00
0,0,0,0,0,0,2019-06-14 17:57:37+01:00
0,1,1,1,1,1,2019-06-14 17:39:31+01:00
0,0,0,0,0,0,2019-06-14 18:43:15+01:00
0,0,0,0,0,0,2019-06-14 17:51:07+01:00
0,0,0,0,0,0,2019-06-14 19:03:26+01:00
0,0,0,0,0,0,2019-06-14 19:15:06+01:00
0,0,0,0,0,0,2019-06-14 19:39:47+01:00
0,0,0,0,0,0,2019-06-14 21:29:48+01:00
0,0,0,0,0,0,2019-06-14 23:27:59+01:00
0,0,0,0,0,0,2019-06-14 23:43:47+01:00
0,0,0,0,0,0,2019-06-14 23:45:43+01:00
0,0,0,0,0,0,2019-06-15 13:05:50+01:00
0,0,0,0,0,0,2019-06-15 13:53:36+01:00
0,0,0,0,0,0,2019-06-15 15:04:02+01:00
0,0,0,0,0,0,2019-06-15 22:32:31+01:00
0,0,0,0,0,0,2019-06-15 23:46:33+01:00
0,0,0,0,0,0,2019-06-15 23:47:33+01:00
0,0,0,0,0,0,2019-06-16 00:22:52+01:00
0,0,0,0,0,0,2019-06-16 00:25:37+01:00
0,0,0,0,0,0,2019-06-16 10:17:20+01:00
0,0,0,0,0,0,2019-06-16 10:51:05+01:00
0,0,0,0,0,0,2019-06-16 18:59:59+01:00
0,0,0,0,0,0,2019-06-16 19:06:43+01:00
0,0,0,0,0,0,2019-06-17 13:06:28+01:00
0,0,0,0,0,0,2019-06-17 18:45:32+01:00
0,0,0,0,0,0,2019-06-18 10:15:52+01:00
0,0,0,0,0,0,2019-06-18 10:52:16+01:00
0,0,0,0,0,0,2019-06-18 12:18:22+01:00
0,0,0,0,0,0,2019-06-18 12:22:29+01:00
0,0,0,0,0,0,2019-06-18 12:30:58+01:00
0,0,0,0,0,0,2019-06-18 12:32:53+01:00
5,5,0,0,0,0,2019-06-18 18:03:19+01:00
0,0,0,0,0,0,2019-06-19 12:03:22+01:00
0,0,0,0,0,0,2019-06-20 15:03:10+01:00
0,0,0,0,0,0,2019-06-23 15:08:01+01:00
0,0,0,0,0,0,2019-06-23 15:10:32+01:00
5,6,2,2,2,2,2019-06-23 20:24:00+01:00
0,0,0,0,0,0,2019-06-23 23:00:53+01:00
0,0,0,0,0,0,2021-03-25 22:43:33+00:00
0,0,0,0,0,0,2021-03-29 19:49:27+00:00
0,0,0,0,0,0,2021-03-29 19:49:57+00:00
0,0,0,0,0,0,2021-03-29 19:50:33+00:00
0,0,0,0,0,0,2021-03-31 16:24:11+01:00
0,0,0,0,0,0,2021-03-31 16:24:36+01:00
0,0,0,0,0,0,2021-03-31 16:24:48+01:00
0,0,0,0,0,0,2021-03-31 16:25:05+01:00
