Acquisition,Preparation,Modeling,Training,Evaluation,Prediction,time
0,0,0,0,0,0,2019-02-04 20:21:59-05:00
1,3,0,0,0,0,2019-02-20 21:16:11-05:00
0,0,0,0,0,0,2019-02-20 21:37:23-05:00
0,0,0,0,0,0,2019-03-13 13:12:32-04:00
1,1,0,0,0,0,2019-03-13 19:29:44-04:00
0,0,0,0,0,0,2019-03-13 19:29:50-04:00
1,1,0,0,0,0,2019-03-13 19:48:39-04:00
4,4,2,0,2,0,2019-03-14 00:59:25-04:00
0,0,0,0,0,0,2019-03-18 18:40:53-04:00
0,0,0,0,0,0,2019-03-18 18:42:12-04:00
1,1,0,0,0,0,2019-03-18 18:42:32-04:00
0,2,0,0,0,0,2019-03-18 23:59:04-04:00
1,2,0,0,0,0,2019-03-19 00:30:42-04:00
2,2,1,0,1,0,2019-03-19 00:55:02-04:00
1,1,0,0,0,0,2019-03-19 00:55:21-04:00
1,1,0,0,0,0,2019-03-19 09:52:56-04:00
0,0,0,0,0,0,2019-03-19 19:10:01-04:00
12,12,1,0,0,0,2019-03-19 19:25:09-04:00
0,0,0,0,0,0,2019-03-19 19:25:33-04:00
3,3,2,0,0,0,2019-03-20 19:01:22-04:00
1,1,0,0,0,0,2019-03-20 22:23:33-04:00
1,1,1,0,0,0,2019-03-25 20:41:03-04:00
1,1,1,0,0,0,2019-03-27 14:27:12-04:00
1,1,1,0,0,0,2019-03-27 22:02:02-04:00
1,1,1,0,0,0,2019-03-27 22:02:10-04:00
1,1,1,0,0,0,2019-03-28 18:34:08-04:00
0,0,0,0,0,0,2019-03-29 11:34:43-04:00
0,0,0,0,0,0,2019-03-29 11:38:24-04:00
1,2,1,0,0,0,2019-03-29 11:39:08-04:00
0,0,0,0,0,0,2019-03-29 11:41:09-04:00
1,1,1,0,0,0,2019-04-13 09:54:58-04:00
0,1,1,0,0,0,2019-04-13 09:56:16-04:00
0,0,0,0,0,0,2019-04-13 10:43:18-04:00
1,1,1,0,0,0,2019-04-13 10:43:40-04:00
6,8,2,0,0,0,2019-04-13 10:44:15-04:00
1,1,0,0,0,0,2019-04-13 11:49:13-04:00
1,1,1,0,0,0,2019-04-13 11:49:40-04:00
0,1,1,0,0,0,2019-04-13 11:50:10-04:00
0,0,0,0,0,0,2019-04-13 12:05:59-04:00
4,6,0,0,0,0,2019-04-15 19:41:02-04:00
0,0,0,0,0,0,2019-04-15 19:41:28-04:00
0,0,0,0,0,0,2019-04-15 19:53:54-04:00
2,2,1,0,0,0,2019-04-15 23:19:37-04:00
3,3,1,0,0,0,2019-04-16 14:47:13-04:00
0,0,0,0,0,0,2019-04-16 14:48:01-04:00
0,1,0,0,0,0,2019-04-16 14:48:08-04:00
4,5,2,0,0,0,2019-04-16 22:05:08-04:00
1,1,0,0,0,0,2019-04-16 22:18:59-04:00
3,4,1,0,0,0,2019-04-18 14:05:08-04:00
1,1,0,0,1,0,2019-04-18 14:05:43-04:00
0,0,0,0,0,0,2019-04-18 15:17:21-04:00
1,1,0,0,1,0,2019-04-18 15:18:02-04:00
1,1,1,0,0,0,2019-04-18 15:20:43-04:00
1,1,0,0,0,0,2019-04-18 15:22:47-04:00
0,1,0,0,0,0,2019-04-18 15:24:48-04:00
0,1,0,0,0,0,2019-04-18 15:26:17-04:00
1,1,0,0,0,0,2019-04-18 15:29:01-04:00
1,1,1,0,0,0,2019-04-18 15:30:03-04:00
1,1,0,0,0,0,2019-04-18 15:32:17-04:00
1,1,0,0,0,0,2019-04-18 15:32:49-04:00
1,1,0,0,0,0,2019-04-18 15:33:44-04:00
1,1,1,0,0,0,2019-04-18 15:34:42-04:00
1,1,0,0,0,0,2019-04-18 15:35:48-04:00
1,1,0,0,0,0,2019-04-18 15:36:45-04:00
1,1,0,0,1,0,2019-04-18 15:37:22-04:00
0,0,0,0,0,0,2019-04-18 20:09:34-04:00
0,0,0,0,0,0,2019-04-18 20:38:49-04:00
0,0,0,0,0,0,2019-04-18 20:41:17-04:00
0,0,0,0,0,0,2019-04-18 20:42:40-04:00
0,0,0,0,0,0,2019-04-18 20:58:12-04:00
0,0,0,0,0,0,2019-04-18 21:07:01-04:00
0,0,0,0,0,0,2019-04-18 21:13:01-04:00
0,0,0,0,0,0,2019-04-18 21:16:09-04:00
1,1,0,0,0,0,2019-04-18 21:25:26-04:00
0,0,0,0,0,0,2019-04-18 21:30:22-04:00
0,0,0,0,0,0,2019-04-18 21:30:27-04:00
0,0,0,0,0,0,2019-04-18 21:46:09-04:00
0,0,0,0,0,0,2019-04-18 21:48:00-04:00
0,0,0,0,0,0,2019-04-18 21:49:32-04:00
0,0,0,0,0,0,2019-04-18 21:50:26-04:00
0,0,0,0,0,0,2019-04-18 21:51:53-04:00
0,0,0,0,0,0,2019-04-18 21:56:33-04:00
4,4,0,0,0,0,2019-04-23 07:56:33-04:00
0,0,0,0,0,0,2019-04-23 21:33:45-04:00
0,0,0,0,0,0,2019-04-23 21:33:56-04:00
0,0,0,0,0,0,2019-04-23 21:34:17-04:00
0,0,0,0,0,0,2019-04-23 21:34:33-04:00
0,0,0,0,0,0,2019-04-29 20:53:27-04:00
0,0,0,0,0,0,2019-04-29 21:02:49-04:00
0,0,0,0,0,0,2021-05-17 10:17:12-05:00
