Acquisition,Preparation,Modeling,Training,Evaluation,Prediction,time
4,8,0,0,2,1,2021-10-11 12:07:05-04:00
0,0,0,0,0,0,2021-10-11 12:14:07-04:00
0,0,0,0,0,0,2021-10-11 12:14:25-04:00
0,0,0,0,0,0,2021-10-11 14:21:39-04:00
0,0,0,0,0,0,2021-10-11 14:23:43-04:00
0,0,0,0,0,0,2021-10-11 14:25:14-04:00
0,0,0,0,0,0,2021-10-11 14:26:57-04:00
0,0,0,0,0,0,2021-10-11 14:27:19-04:00
0,0,0,0,0,0,2021-10-11 14:29:12-04:00
0,0,0,0,0,0,2021-10-11 14:40:29-04:00
0,0,0,0,0,0,2021-10-11 14:44:39-04:00
0,0,0,0,0,0,2021-10-11 14:47:36-04:00
0,0,0,0,0,0,2021-10-11 14:48:43-04:00
0,0,0,0,0,0,2021-10-11 14:51:41-04:00
0,0,0,0,0,0,2021-10-11 14:52:13-04:00
0,0,0,0,0,0,2021-10-11 14:53:13-04:00
0,0,0,0,0,0,2021-10-11 14:54:15-04:00
0,0,0,0,0,0,2021-10-11 14:55:30-04:00
0,0,0,0,0,0,2021-10-11 15:01:35-04:00
0,0,0,0,0,0,2021-10-11 16:10:50-04:00
0,0,0,0,0,0,2021-10-11 16:13:21-04:00
0,0,0,0,0,0,2021-10-11 16:22:02-04:00
0,0,0,0,0,0,2021-10-11 16:25:40-04:00
0,0,0,0,0,0,2021-10-11 16:40:13-04:00
0,0,0,0,0,0,2021-10-11 18:38:07-04:00
0,0,0,0,0,0,2021-10-12 09:35:00-04:00
0,0,0,0,0,0,2021-10-12 09:43:16-04:00
0,0,0,0,0,0,2021-10-12 09:44:03-04:00
0,0,0,0,0,0,2021-10-12 09:49:16-04:00
0,0,0,0,0,0,2021-10-12 17:59:03-04:00
0,0,0,0,0,0,2021-10-12 18:01:13-04:00
0,0,0,0,0,0,2021-10-12 18:03:18-04:00
0,0,0,0,0,0,2021-11-18 13:59:44-05:00
0,0,0,0,0,0,2021-11-18 13:59:46-05:00
0,0,0,0,0,0,2021-11-18 14:02:15-05:00
0,1,0,0,0,0,2021-12-03 11:36:33-05:00
0,0,0,0,0,0,2021-12-03 11:36:36-05:00
0,1,0,0,0,0,2021-12-06 16:42:33-05:00
0,0,0,0,0,0,2021-12-06 16:44:49-05:00
0,1,0,0,0,0,2021-12-07 10:30:52-05:00
0,0,0,0,0,0,2021-12-07 10:44:05-05:00
0,1,0,0,0,0,2022-01-03 10:12:34-08:00
0,0,0,0,0,0,2022-01-03 10:13:38-08:00
0,0,0,0,0,0,2022-01-03 10:28:47-08:00
0,0,0,0,0,0,2022-01-03 10:34:03-08:00
0,0,0,0,0,0,2022-01-03 10:34:14-08:00
0,0,0,0,0,0,2022-01-03 10:55:34-08:00
0,0,0,0,0,0,2022-01-03 11:41:50-08:00
0,0,0,0,0,0,2022-01-03 11:47:56-08:00
0,0,0,0,0,0,2022-01-03 11:50:10-08:00
0,0,0,0,0,0,2022-01-03 12:01:46-08:00
0,0,0,0,0,0,2022-01-03 12:48:20-08:00
0,0,0,0,0,0,2022-01-03 12:51:28-08:00
0,0,0,0,0,0,2022-01-03 13:14:03-08:00
0,0,0,0,0,0,2022-01-03 13:51:28-08:00
0,0,0,0,0,0,2022-01-03 13:57:07-08:00
0,0,0,0,0,0,2022-01-03 14:02:31-08:00
0,0,0,0,0,0,2022-01-03 16:18:37-08:00
0,0,0,0,0,0,2022-01-03 16:43:03-08:00
0,0,0,0,0,0,2022-01-03 16:54:58-08:00
0,0,0,0,0,0,2022-01-03 18:57:41-08:00
0,0,0,0,0,0,2022-01-04 09:36:51-08:00
0,0,0,0,0,0,2022-01-04 09:55:48-08:00
0,0,0,0,0,0,2022-01-04 09:56:23-08:00
0,0,0,0,0,0,2022-01-04 09:58:25-08:00
0,0,0,0,0,0,2022-01-04 13:32:00-05:00
0,0,0,0,0,0,2022-01-04 13:37:29-05:00
0,0,0,0,0,0,2022-01-04 12:39:43-07:00
0,0,0,0,0,0,2022-01-04 12:41:12-07:00
0,0,0,0,0,0,2022-01-04 11:59:19-08:00
0,0,0,0,0,0,2022-01-04 12:02:38-08:00
0,0,0,0,0,0,2022-01-04 12:02:53-08:00
0,0,0,0,0,0,2022-01-04 12:03:28-08:00
0,0,0,0,0,0,2022-01-04 12:03:32-08:00
0,0,0,0,0,0,2022-01-04 15:13:13-05:00
0,0,0,0,0,0,2022-01-04 15:20:58-05:00
0,0,0,0,0,0,2022-01-04 15:23:33-05:00
0,0,0,0,0,0,2022-01-04 13:55:43-08:00
0,0,0,0,0,0,2022-01-05 10:29:56-05:00
0,0,0,0,0,0,2022-01-05 13:13:06-05:00
0,0,0,0,0,0,2022-01-05 13:21:30-05:00
0,0,0,0,0,0,2022-01-05 13:26:11-05:00
0,0,0,0,0,0,2022-01-05 13:45:34-05:00
0,0,0,0,0,0,2022-01-05 14:19:24-05:00
0,0,0,0,0,0,2022-01-05 14:48:18-05:00
0,0,0,0,0,0,2022-01-05 15:20:26-06:00
0,0,0,0,0,0,2022-01-05 16:14:20-06:00
0,0,0,0,0,0,2022-01-05 16:25:42-06:00
0,0,0,0,0,0,2022-01-05 16:12:36-08:00
0,0,0,0,0,0,2022-01-05 17:11:33-08:00
0,0,0,0,0,0,2022-01-05 17:26:02-08:00
0,0,0,0,0,0,2022-01-05 17:26:33-08:00
0,0,0,0,0,0,2022-01-05 17:26:42-08:00
0,0,0,0,0,0,2022-01-05 17:35:25-08:00
0,0,0,0,0,0,2022-01-05 17:36:00-08:00
0,0,0,0,0,0,2022-01-05 17:37:30-08:00
0,0,0,0,0,0,2022-01-05 21:13:51-05:00
0,0,0,0,0,0,2022-01-05 21:20:29-05:00
0,1,0,0,0,0,2022-01-05 18:28:04-08:00
0,0,0,0,0,0,2022-01-05 18:40:41-08:00
0,0,0,0,0,0,2022-01-05 18:44:04-08:00
0,0,0,0,0,0,2022-01-05 21:47:54-05:00
0,0,0,0,0,0,2022-01-05 19:02:05-08:00
0,0,0,0,0,0,2022-01-05 19:02:10-08:00
0,0,0,0,0,0,2022-01-05 19:02:50-08:00
0,0,0,0,0,0,2022-01-05 19:02:54-08:00
0,1,0,0,0,0,2022-01-05 19:05:53-08:00
0,0,0,0,0,0,2022-01-05 19:07:28-08:00
0,0,0,0,0,0,2022-01-05 19:07:39-08:00
0,1,0,0,0,0,2022-01-05 19:21:25-08:00
0,0,0,0,0,0,2022-01-05 19:52:06-08:00
0,0,0,0,0,0,2022-01-05 19:59:17-08:00
0,0,0,0,0,0,2022-01-05 19:59:29-08:00
0,0,0,0,0,0,2022-01-05 19:59:51-08:00
0,1,0,0,0,0,2022-01-05 20:07:36-08:00
0,0,0,0,0,0,2022-01-05 20:07:38-08:00
0,0,0,0,0,0,2022-01-05 20:42:38-08:00
0,0,0,0,0,0,2022-01-05 20:48:11-08:00
0,1,0,0,0,0,2022-01-05 21:04:03-08:00
0,1,0,0,0,0,2022-01-05 21:05:36-08:00
0,0,0,0,0,0,2022-01-06 00:30:02-06:00
0,0,0,0,0,0,2022-01-06 10:24:57-06:00
0,0,0,0,0,0,2022-01-06 10:31:07-06:00
0,1,0,0,0,0,2022-01-06 09:25:40-08:00
0,1,0,0,0,0,2022-01-06 09:27:48-08:00
0,1,0,0,0,0,2022-01-06 09:44:57-08:00
0,1,0,0,0,0,2022-01-06 09:45:18-08:00
0,0,0,0,0,0,2022-01-06 09:53:14-08:00
0,0,0,0,0,0,2022-01-06 09:56:42-08:00
0,0,0,0,0,0,2022-01-06 11:26:01-08:00
0,1,0,0,0,0,2022-01-06 18:52:16-08:00
0,0,0,0,0,0,2022-01-06 18:52:19-08:00
0,1,0,0,0,0,2022-01-06 18:53:31-08:00
0,1,0,0,0,0,2022-01-06 18:54:21-08:00
0,1,0,0,0,0,2022-01-06 18:57:53-08:00
0,1,0,0,0,0,2022-01-07 08:33:12-08:00
0,1,0,0,0,0,2022-01-07 08:44:51-08:00
0,1,0,0,0,0,2022-01-07 09:40:39-08:00
0,0,0,0,0,0,2022-01-07 09:44:48-08:00
0,0,0,0,0,0,2022-01-07 09:47:15-08:00
0,1,0,0,0,0,2022-01-07 09:58:53-08:00
0,0,0,0,0,0,2022-01-07 10:01:10-08:00
1,1,0,0,0,0,2022-01-09 23:51:29-08:00
0,1,0,1,0,0,2022-01-10 11:15:40-05:00
0,2,0,1,0,0,2022-01-10 11:44:42-05:00
0,0,0,0,0,0,2022-01-10 11:45:59-05:00
0,0,0,0,0,0,2022-01-10 11:46:25-05:00
0,1,0,1,0,0,2022-01-10 12:11:36-05:00
0,1,0,1,0,0,2022-01-10 12:30:09-05:00
0,0,0,0,0,0,2022-01-10 12:32:31-05:00
0,0,0,0,0,0,2022-01-10 12:33:09-05:00
0,0,0,0,0,0,2022-01-10 12:35:02-05:00
0,0,0,0,0,0,2022-01-10 12:40:00-05:00
0,0,0,0,0,0,2022-01-10 12:42:00-05:00
0,1,0,1,0,0,2022-01-10 12:50:35-05:00
0,1,0,1,0,0,2022-01-10 12:51:14-05:00
0,0,0,0,0,0,2022-01-10 16:22:45-05:00
0,0,0,0,0,0,2022-01-10 16:26:37-05:00
0,1,0,0,0,0,2022-01-10 18:21:50-05:00
0,1,0,0,0,0,2022-01-11 11:44:09-05:00
0,1,0,0,0,0,2022-01-11 11:46:56-05:00
0,1,0,0,0,0,2022-01-11 11:48:24-05:00
0,1,0,0,0,0,2022-01-11 11:54:02-05:00
0,1,0,0,0,0,2022-01-11 12:10:56-05:00
0,1,0,0,0,0,2022-01-11 14:32:35-05:00
1,1,0,1,0,0,2022-01-12 11:57:00-05:00
1,1,0,1,0,0,2022-01-12 12:16:58-05:00
1,1,0,1,0,0,2022-01-12 12:54:22-05:00
1,1,0,1,0,0,2022-01-12 13:00:13-05:00
0,0,0,0,0,0,2022-01-12 17:27:54-05:00
1,1,0,1,0,0,2022-01-12 18:12:52-05:00
1,1,0,1,0,0,2022-01-12 18:25:55-05:00
1,1,0,1,0,0,2022-01-12 18:32:20-05:00
1,1,0,1,0,0,2022-01-13 10:12:48-05:00
1,1,0,1,0,0,2022-01-13 11:14:26-05:00
1,1,0,1,0,0,2022-01-13 11:18:27-05:00
1,1,0,1,0,0,2022-01-13 11:20:49-05:00
0,0,0,0,0,0,2022-01-13 11:38:28-05:00
1,1,0,1,0,0,2022-01-13 12:28:35-05:00
1,1,0,1,0,0,2022-01-13 12:51:58-05:00
1,0,0,1,0,0,2022-01-13 14:45:39-05:00
0,1,0,0,0,0,2022-01-13 17:43:55-05:00
0,0,0,0,0,0,2022-01-13 17:44:16-05:00
0,0,0,0,0,0,2022-01-13 17:48:34-05:00
0,0,0,0,0,0,2022-01-13 17:49:03-05:00
0,0,0,0,0,0,2022-01-13 17:49:33-05:00
0,0,0,0,0,0,2022-01-14 09:13:02-05:00
0,0,0,0,0,0,2022-01-14 09:34:50-05:00
0,1,0,1,0,0,2022-01-14 11:47:52-05:00
0,1,0,1,0,0,2022-01-14 11:55:25-05:00
0,0,0,0,0,0,2022-01-14 12:28:33-05:00
0,0,0,0,0,0,2022-01-14 12:31:08-05:00
0,1,0,1,0,0,2022-01-14 12:49:22-05:00
0,0,0,0,0,0,2022-01-14 17:34:11-05:00
0,1,0,0,0,0,2022-01-14 17:38:12-05:00
0,1,0,0,0,0,2022-01-14 17:40:04-05:00
1,1,0,0,0,0,2022-01-16 00:34:34-08:00
0,0,0,0,0,0,2022-01-16 00:40:44-08:00
0,0,0,0,0,0,2022-01-16 00:40:55-08:00
1,1,0,1,0,0,2022-01-18 09:29:27-05:00
1,1,0,1,0,0,2022-01-18 10:14:39-05:00
1,1,0,1,0,0,2022-01-18 11:44:02-05:00
1,1,0,1,0,0,2022-01-18 11:44:45-05:00
1,1,0,1,0,0,2022-01-18 11:49:33-05:00
1,1,0,1,0,0,2022-01-18 12:26:42-05:00
1,1,0,1,0,0,2022-01-18 12:43:36-05:00
1,1,0,1,0,0,2022-01-18 12:59:47-05:00
1,1,0,1,0,0,2022-01-18 22:24:07-05:00
0,0,0,0,0,0,2022-01-19 09:11:35-05:00
1,1,0,1,1,1,2022-01-19 12:44:34-05:00
1,1,0,1,1,1,2022-01-19 12:55:46-05:00
0,0,0,0,0,0,2022-01-19 13:26:50-05:00
1,1,0,0,0,0,2022-01-19 13:52:12-05:00
0,0,0,0,0,0,2022-01-19 13:56:36-05:00
1,1,0,1,1,1,2022-01-19 14:47:12-05:00
0,0,0,0,0,0,2022-01-19 14:49:22-05:00
1,1,0,1,1,1,2022-01-19 15:59:28-05:00
2,2,0,1,0,0,2022-01-19 21:04:40-05:00
0,0,0,0,0,0,2022-01-19 21:07:09-05:00
0,0,0,0,0,0,2022-01-19 20:55:59-07:00
1,1,1,1,1,1,2022-01-19 20:58:09-07:00
1,1,1,1,1,1,2022-01-19 22:13:21-07:00
1,1,0,1,1,0,2022-01-20 05:30:27-05:00
0,0,0,0,0,0,2022-01-20 05:33:08-05:00
1,1,0,1,1,0,2022-01-20 05:35:34-05:00
0,0,0,0,0,0,2022-01-20 05:36:28-05:00
1,1,0,1,1,0,2022-01-20 05:44:42-05:00
1,1,0,1,1,0,2022-01-20 09:30:18-05:00
0,0,0,0,0,0,2022-01-20 09:30:41-05:00
1,1,0,1,0,0,2022-01-20 09:35:42-05:00
0,0,0,0,0,0,2022-01-20 09:35:55-05:00
1,1,0,0,0,0,2022-01-20 09:43:21-05:00
0,0,0,0,0,0,2022-01-20 09:44:40-05:00
0,0,0,0,0,0,2022-01-20 09:44:49-05:00
1,1,1,1,1,1,2022-01-20 09:47:28-05:00
0,0,0,0,0,0,2022-01-20 09:48:32-05:00
0,0,0,0,0,0,2022-01-20 09:48:41-05:00
0,0,0,0,0,0,2022-01-20 10:28:11-05:00
0,0,0,0,0,0,2022-01-20 10:32:32-05:00
0,0,0,0,0,0,2022-01-20 11:30:08-05:00
0,0,0,0,0,0,2022-01-20 11:57:58-05:00
0,1,0,1,0,0,2022-01-20 12:08:44-05:00
0,0,0,0,0,0,2022-01-20 12:11:15-05:00
0,0,0,0,0,0,2022-01-20 12:13:06-05:00
0,1,0,0,0,0,2022-01-20 12:31:21-05:00
0,1,0,0,0,0,2022-01-20 12:31:29-05:00
0,0,0,0,0,0,2022-01-20 12:31:48-05:00
0,0,0,0,0,0,2022-01-20 12:35:56-05:00
0,0,0,0,0,0,2022-01-20 12:53:25-05:00
0,0,0,0,0,0,2022-01-20 12:54:13-05:00
0,1,0,0,0,0,2022-01-20 20:44:03-05:00
0,0,0,0,0,0,2022-01-20 20:48:13-05:00
0,0,0,0,0,0,2022-01-20 23:33:45-05:00
0,1,0,0,0,0,2022-01-20 23:42:53-05:00
0,1,0,1,0,0,2022-01-21 00:00:06-05:00
0,0,0,0,0,0,2022-01-21 09:42:06-05:00
0,1,0,0,0,0,2022-01-20 12:31:29-05:00
0,0,0,0,0,0,2022-01-20 12:35:56-05:00
0,1,0,0,0,0,2022-01-20 23:42:53-05:00
0,0,0,0,0,0,2022-01-21 09:42:06-05:00
0,0,0,0,0,0,2022-01-21 09:46:14-05:00
0,0,0,0,0,0,2022-01-21 09:47:32-05:00
0,1,0,0,0,0,2022-01-21 09:48:27-05:00
0,0,0,0,0,0,2022-01-21 09:48:37-05:00
0,1,0,1,0,0,2022-01-21 09:50:57-05:00
0,0,0,0,0,0,2022-01-21 09:51:22-05:00
0,0,0,0,0,0,2022-01-21 09:52:57-05:00
0,0,0,0,0,0,2022-01-21 09:54:31-05:00
0,0,0,0,0,0,2022-01-21 10:02:11-05:00
0,0,0,0,0,0,2022-01-21 10:04:29-05:00
0,0,0,0,0,0,2022-01-21 10:05:08-05:00
0,1,0,0,0,0,2022-01-21 10:05:30-05:00
0,0,0,0,0,0,2022-01-21 10:05:46-05:00
3,4,1,3,2,1,2022-01-21 10:07:56-05:00
4,6,1,4,2,1,2022-01-21 10:14:50-05:00
0,0,0,0,0,0,2022-01-21 12:43:41-05:00
1,1,0,0,0,0,2022-01-21 13:00:25-05:00
0,1,0,1,0,0,2022-01-21 13:05:21-05:00
0,0,0,0,0,0,2022-01-21 13:12:41-05:00
0,1,0,1,0,0,2022-01-21 13:14:03-05:00
0,0,0,0,0,0,2022-01-21 13:16:24-05:00
0,1,0,1,0,0,2022-01-21 13:17:34-05:00
0,0,0,0,0,0,2022-01-21 13:17:47-05:00
0,0,0,0,0,0,2022-01-21 13:23:07-05:00
0,0,0,0,0,0,2022-01-24 09:18:13-05:00
1,1,0,0,0,0,2022-01-24 12:20:41-05:00
0,0,0,0,0,0,2022-01-24 12:25:23-05:00
0,0,0,0,0,0,2022-01-24 12:25:24-05:00
0,0,0,0,0,0,2022-01-24 12:26:31-05:00
1,1,0,0,0,0,2022-01-24 12:27:53-05:00
0,0,0,0,0,0,2022-01-24 12:28:02-05:00
0,1,0,0,0,0,2022-01-24 13:07:00-05:00
0,0,0,0,0,0,2022-01-24 13:07:02-05:00
0,1,0,0,0,0,2022-01-24 14:46:32-05:00
0,1,0,1,0,0,2022-01-24 15:09:38-05:00
0,1,0,0,0,0,2022-01-25 10:13:09-05:00
1,1,0,1,1,1,2022-01-26 13:22:52-05:00
