Acquisition,Preparation,Modeling,Training,Evaluation,Prediction,time
0,0,0,0,0,0,2019-12-13 17:35:49+01:00
0,0,0,0,0,0,2019-12-26 18:04:49+01:00
2,3,0,0,0,0,2019-12-30 12:18:04+01:00
2,2,2,1,0,0,2020-01-04 16:55:39+01:00
1,1,1,1,0,0,2020-01-06 16:17:41+01:00
3,2,2,1,0,0,2020-01-07 18:36:04+01:00
3,2,2,1,0,0,2020-01-09 18:00:41+01:00
0,0,0,0,0,0,2020-01-11 14:21:41+01:00
0,0,0,0,0,0,2020-01-11 15:20:47+01:00
0,0,0,0,0,0,2020-01-11 15:21:52+01:00
0,0,2,2,0,0,2020-01-11 15:51:41+01:00
0,0,0,0,0,0,2020-01-12 16:15:18+01:00
1,0,2,2,0,0,2020-01-12 16:50:53+01:00
0,0,0,0,0,0,2020-01-12 16:50:55+01:00
1,0,1,1,0,0,2020-01-12 18:11:09+01:00
1,0,2,2,0,0,2020-01-12 19:23:12+01:00
0,0,0,0,0,0,2020-01-12 19:23:29+01:00
1,0,1,1,0,0,2020-01-13 16:15:48+01:00
0,0,0,0,0,0,2020-01-13 16:16:20+01:00
0,0,0,0,0,0,2020-01-13 16:18:17+01:00
1,0,2,1,0,0,2020-01-13 16:51:13+01:00
0,0,0,0,0,0,2020-01-13 16:51:37+01:00
1,0,2,1,0,0,2020-01-13 18:19:39+01:00
1,2,0,1,0,0,2020-01-14 14:51:24+01:00
0,0,0,0,0,0,2020-01-14 14:52:12+01:00
0,0,0,0,0,0,2020-01-14 15:13:08+01:00
0,1,0,1,0,0,2020-01-14 15:14:49+01:00
1,1,0,0,0,0,2020-01-14 16:52:22+01:00
0,0,0,0,0,0,2020-01-14 17:03:26+01:00
1,1,0,0,0,0,2020-01-14 17:07:52+01:00
2,2,0,2,0,0,2020-01-14 20:03:38+01:00
3,3,0,2,0,0,2020-01-15 15:10:56+01:00
0,0,1,1,0,0,2020-01-15 15:11:10+01:00
3,2,2,1,0,0,2020-01-15 16:49:30+01:00
2,1,1,0,0,0,2020-01-15 19:13:20+01:00
2,1,2,2,0,0,2020-01-16 00:28:13+01:00
1,1,0,0,0,0,2020-01-16 00:28:37+01:00
2,2,0,0,0,0,2020-01-16 10:17:57+01:00
0,0,0,0,0,0,2020-01-16 10:19:43+01:00
1,1,0,0,0,0,2020-01-16 11:41:47+01:00
1,1,0,0,0,0,2020-01-16 11:46:08+01:00
3,3,1,2,0,0,2020-01-16 11:50:47+01:00
0,0,0,0,0,0,2020-01-16 11:51:11+01:00
0,0,0,0,0,0,2020-01-16 11:51:11+01:00
0,0,0,0,0,0,2020-01-16 12:12:14+01:00
1,1,0,0,0,0,2020-01-16 15:15:36+01:00
2,2,0,0,0,0,2020-01-16 16:09:55+01:00
2,2,1,1,0,0,2020-01-16 18:13:49+01:00
1,1,0,1,0,0,2020-01-16 18:29:37+01:00
1,1,0,1,0,0,2020-01-16 18:33:55+01:00
1,1,0,0,0,0,2020-01-16 23:12:46+01:00
2,1,0,1,0,0,2020-01-16 23:40:46+01:00
1,1,0,0,0,0,2020-01-17 00:05:30+01:00
2,1,1,2,0,0,2020-01-17 00:32:21+01:00
2,0,2,2,0,0,2020-01-17 01:28:26+01:00
0,0,1,1,0,0,2020-01-17 01:42:29+01:00
2,1,2,1,0,0,2020-01-17 11:19:47+01:00
4,2,2,2,0,1,2020-01-17 16:19:18+01:00
1,1,0,0,0,0,2020-01-17 17:27:47+01:00
1,0,0,1,0,1,2020-01-18 16:28:47+01:00
1,1,0,0,0,0,2020-01-18 17:01:49+01:00
2,0,2,2,0,1,2020-01-18 17:02:09+01:00
0,0,0,0,0,0,2020-01-19 10:14:08+01:00
0,0,1,1,1,0,2020-01-19 11:07:26+01:00
1,0,1,0,0,0,2020-01-19 15:17:29+01:00
0,0,1,1,1,0,2020-01-19 15:23:21+01:00
1,0,0,1,0,1,2020-01-19 16:25:16+01:00
1,0,1,0,0,0,2020-01-19 16:30:49+01:00
2,1,2,2,1,2,2020-01-20 10:44:14+01:00
0,0,1,1,1,1,2020-01-20 14:45:48+01:00
1,0,1,0,0,0,2020-01-20 14:46:09+01:00
0,0,0,0,0,0,2020-01-21 13:33:17+01:00
0,0,1,1,1,1,2020-01-21 17:58:21+01:00
1,0,1,0,0,0,2020-01-21 17:59:51+01:00
1,0,1,2,0,2,2020-01-21 18:10:06+01:00
0,0,0,0,0,0,2020-01-21 18:10:51+01:00
1,1,0,1,0,0,2020-01-21 23:10:09+01:00
1,1,0,1,0,0,2020-01-21 23:36:53+01:00
1,1,1,0,0,0,2020-01-22 13:17:26+01:00
0,0,0,0,0,0,2020-01-22 17:29:52+01:00
0,0,0,0,0,0,2020-01-22 23:09:44+01:00
1,0,1,2,0,2,2020-01-22 23:14:49+01:00
0,0,0,0,0,0,2020-01-23 00:26:36+01:00
0,0,1,1,0,1,2020-01-23 00:27:55+01:00
0,0,0,0,0,0,2020-01-23 00:27:59+01:00
3,1,3,2,0,2,2020-01-23 11:08:05+01:00
0,0,0,0,0,0,2020-01-23 15:13:30+01:00
0,0,0,0,0,0,2020-01-23 15:15:43+01:00
0,0,0,0,0,0,2020-01-23 17:00:27+01:00
0,0,0,0,0,0,2020-01-23 17:40:42+01:00
0,0,0,0,0,0,2020-01-23 17:41:18+01:00
3,4,2,0,1,0,2020-01-23 19:56:09+01:00
4,5,5,3,2,2,2020-01-23 20:28:42+01:00
0,1,1,2,2,0,2020-01-23 20:32:35+01:00
0,2,2,2,2,0,2020-01-23 21:17:08+01:00
1,0,0,1,1,1,2020-01-23 21:18:10+01:00
1,1,1,3,3,1,2020-01-23 21:25:24+01:00
1,2,2,3,3,1,2020-01-23 22:01:18+01:00
1,0,0,1,1,1,2020-01-23 22:40:23+01:00
2,3,3,3,3,1,2020-01-24 10:34:06+01:00
1,1,1,1,1,1,2020-01-24 10:43:32+01:00
3,1,0,2,2,1,2020-01-24 10:49:48+01:00
2,1,1,2,2,1,2020-01-24 11:20:10+01:00
3,4,4,3,3,2,2020-01-24 11:28:00+01:00
0,0,0,0,0,0,2020-01-24 11:29:33+01:00
2,0,0,2,2,1,2020-01-24 11:41:30+01:00
2,0,0,2,2,1,2020-01-24 14:04:01+01:00
2,2,2,3,3,2,2020-01-24 15:19:32+01:00
0,0,0,0,0,0,2020-01-24 15:21:52+01:00
2,2,2,3,3,2,2020-01-24 16:41:03+01:00
2,0,0,2,2,1,2020-01-24 22:51:29+01:00
2,0,0,2,2,1,2020-01-24 22:57:02+01:00
0,0,0,0,0,0,2020-01-24 23:00:49+01:00
0,0,0,0,0,0,2020-01-24 23:02:29+01:00
0,0,0,0,0,0,2020-01-24 23:51:55+01:00
0,0,0,0,0,0,2020-01-25 00:06:24+01:00
