Acquisition,Preparation,Modeling,Training,Evaluation,Prediction,time
0,0,0,0,0,0,2021-03-30 09:55:54+01:00
1,1,0,0,0,0,2021-03-30 10:07:31+01:00
1,1,0,0,0,0,2021-03-30 11:45:58+01:00
1,0,0,0,0,0,2021-04-01 17:06:43+01:00
1,1,0,0,0,0,2021-04-06 11:20:57+01:00
1,1,0,0,0,0,2021-04-06 12:48:10+01:00
1,1,0,0,0,0,2021-04-06 17:37:51+01:00
1,1,0,0,0,0,2021-04-07 11:03:21+01:00
1,1,0,0,0,0,2021-04-08 10:51:35+01:00
1,1,0,0,0,0,2021-04-12 13:29:20+01:00
1,1,0,0,0,0,2021-04-14 10:50:48+01:00
1,1,0,0,0,0,2021-04-15 08:38:39+01:00
2,2,0,0,0,0,2021-04-17 21:06:50+01:00
0,0,0,0,0,0,2021-04-18 11:25:11+01:00
0,0,0,0,0,0,2021-04-19 21:38:19+01:00
0,0,0,0,0,0,2021-04-20 18:03:49+01:00
1,1,1,1,0,1,2021-04-22 09:48:24+01:00
0,0,0,0,0,0,2021-04-22 10:07:53+01:00
1,1,0,0,0,0,2021-04-22 14:09:17+01:00
3,3,3,3,0,3,2021-04-23 16:01:13+01:00
2,2,2,2,0,2,2021-04-23 19:39:17+01:00
2,2,2,2,0,2,2021-04-23 19:41:05+01:00
3,2,0,0,0,0,2021-04-26 10:57:16+01:00
3,2,1,1,0,1,2021-04-27 10:45:56+01:00
4,4,0,0,0,0,2021-04-27 16:51:56+01:00
0,0,0,0,0,0,2021-04-28 09:26:41+01:00
8,7,1,1,0,1,2021-04-28 13:46:18+01:00
2,3,1,1,0,1,2021-04-28 16:48:47+01:00
4,3,3,3,0,3,2021-04-29 12:41:23+01:00
3,4,4,4,0,3,2021-04-29 16:11:59+01:00
5,5,0,0,0,1,2021-04-30 14:18:18+01:00
0,0,0,0,0,0,2021-05-04 12:05:23+01:00
2,2,1,1,0,2,2021-05-05 07:36:01+01:00
0,0,0,0,0,0,2021-05-05 07:50:26+01:00
0,0,0,0,0,0,2021-05-05 08:43:03+01:00
0,0,0,0,0,0,2021-05-05 09:01:03+01:00
0,0,0,0,0,0,2021-05-05 09:08:26+01:00
0,0,0,0,0,0,2021-05-05 11:24:10+01:00
2,4,1,1,0,2,2021-05-06 14:40:47+01:00
3,3,0,0,0,0,2021-05-06 16:18:21+01:00
2,4,1,1,0,2,2021-05-11 13:13:24+01:00
0,1,1,1,0,1,2021-05-12 11:10:12+01:00
1,2,0,0,0,0,2021-05-12 13:16:14+01:00
3,4,1,1,0,2,2021-05-12 16:30:13+01:00
0,2,0,0,0,0,2021-05-14 09:49:34+01:00
0,0,0,0,0,0,2021-05-17 08:03:37+01:00
1,2,1,1,0,1,2021-05-17 15:07:30+01:00
0,1,0,0,0,0,2021-05-19 07:54:50+01:00
1,2,1,1,0,1,2021-05-21 08:26:20+01:00
1,1,0,0,0,0,2021-06-25 16:28:33+01:00
1,1,0,0,0,0,2021-06-28 17:41:09+01:00
1,2,0,0,0,0,2021-06-29 16:11:15+01:00
0,2,0,0,0,0,2021-06-30 13:36:04+01:00
1,1,0,0,0,1,2021-07-01 08:10:33+01:00
0,0,0,0,0,0,2021-07-01 15:45:31+01:00
0,0,0,0,0,0,2021-07-01 15:45:57+01:00
0,0,0,0,0,0,2021-07-01 16:33:18+01:00
1,1,0,0,0,0,2021-07-05 16:56:22+01:00
1,1,0,0,0,0,2021-07-06 14:16:46+01:00
1,1,0,0,0,0,2021-07-06 18:07:57+01:00
1,1,0,0,0,0,2021-07-07 15:31:09+01:00
1,1,0,0,0,0,2021-07-08 16:00:20+01:00
0,1,0,0,0,0,2021-07-09 11:33:38+01:00
0,1,0,0,0,0,2021-07-12 11:23:04+01:00
0,1,0,0,0,0,2021-07-13 10:45:15+01:00
1,1,0,0,0,0,2021-07-14 17:03:39+01:00
1,1,0,0,0,0,2021-07-15 11:22:33+01:00
1,1,0,0,0,0,2021-07-21 12:26:40+01:00
0,0,0,0,0,0,2021-07-21 15:23:36+01:00
0,0,0,0,0,0,2021-07-22 12:35:03+01:00
0,0,0,0,0,0,2021-07-23 14:38:59+01:00
0,0,0,0,0,0,2021-07-26 08:20:24+01:00
0,0,0,0,0,0,2021-07-26 08:45:56+01:00
0,0,0,0,0,0,2021-07-27 12:30:57+01:00
0,0,0,0,0,0,2021-07-27 14:31:11+01:00
0,0,0,0,0,0,2021-07-28 15:13:55+01:00
0,0,0,0,0,0,2021-08-11 09:46:23+01:00
0,0,0,0,0,0,2021-08-12 08:45:33+01:00
1,1,1,1,0,1,2021-08-13 08:31:50+01:00
0,0,0,0,0,0,2021-08-14 13:54:14+01:00
0,0,0,0,0,0,2021-08-15 09:33:35+01:00
0,0,0,0,0,0,2021-08-15 09:39:53+01:00
0,1,0,0,0,0,2021-08-17 11:44:45+01:00
0,1,0,0,0,0,2021-08-18 11:04:09+01:00
1,1,1,1,0,1,2021-08-19 09:40:53+01:00
1,1,1,1,0,1,2021-08-23 11:38:08+01:00
0,0,0,0,0,0,2021-08-24 10:03:57+01:00
1,1,1,1,0,1,2021-08-31 09:52:25+01:00
1,1,1,1,0,0,2021-08-31 10:40:54+01:00
0,2,0,0,0,0,2021-08-31 10:42:03+01:00
3,2,1,1,0,0,2021-09-22 13:03:40+01:00
0,0,0,0,0,0,2021-09-22 13:04:42+01:00
0,0,0,0,0,0,2021-09-22 13:05:19+01:00
0,0,0,0,0,0,2021-09-23 15:37:22+01:00
0,0,0,0,0,0,2021-09-23 15:38:08+01:00
0,0,0,0,0,0,2021-09-23 15:45:00+01:00
0,0,0,0,0,0,2021-09-23 15:49:34+01:00
0,0,0,0,0,0,2021-09-23 16:02:19+01:00
0,0,0,0,0,0,2021-09-23 16:15:07+01:00
0,0,0,0,0,0,2021-09-23 16:35:19+01:00
0,0,0,0,0,0,2021-09-23 16:45:10+01:00
0,0,0,0,0,0,2021-09-23 17:04:26+01:00
0,0,0,0,0,0,2021-09-23 17:16:48+01:00
0,0,0,0,0,0,2021-09-23 17:27:08+01:00
0,0,0,0,0,0,2021-09-23 17:27:32+01:00
0,0,0,0,0,0,2021-09-23 17:32:21+01:00
0,0,0,0,0,0,2021-09-23 17:35:13+01:00
0,0,0,0,0,0,2021-09-23 18:01:57+01:00
0,0,0,0,0,0,2021-09-23 18:05:32+01:00
0,0,0,0,0,0,2021-09-24 11:56:43+01:00
0,0,0,0,0,0,2021-09-24 11:59:03+01:00
0,0,0,0,0,0,2021-09-24 11:59:56+01:00
0,0,0,0,0,0,2021-09-24 12:00:52+01:00
0,0,0,0,0,0,2021-09-24 12:05:47+01:00
0,0,0,0,0,0,2021-09-24 12:06:36+01:00
0,0,0,0,0,0,2021-09-24 12:16:24+01:00
0,0,0,0,0,0,2021-09-24 12:30:54+01:00
4,2,1,1,0,0,2021-09-24 13:52:36+01:00
0,0,0,0,0,0,2021-09-27 11:54:39+01:00
0,0,0,0,0,0,2021-09-27 12:00:49+01:00
0,0,0,0,0,0,2021-09-27 12:25:16+01:00
5,8,2,2,0,2,2021-10-06 16:57:17+01:00
0,0,0,0,0,0,2021-10-07 11:19:39+01:00
0,0,0,0,0,0,2021-10-07 11:21:25+01:00
0,0,0,0,0,0,2021-10-07 11:39:36+01:00
0,0,0,0,0,0,2021-10-07 11:41:59+01:00
0,0,0,0,0,0,2021-10-07 12:00:41+01:00
0,0,0,0,0,0,2021-10-07 12:01:54+01:00
0,0,0,0,0,0,2021-10-07 13:09:23+01:00
0,0,0,0,0,0,2021-10-07 13:13:11+01:00
0,0,0,0,0,0,2021-10-07 13:14:06+01:00
0,0,0,0,0,0,2021-10-08 12:11:45+01:00
0,0,0,0,0,0,2021-10-11 11:53:43+01:00
0,0,0,0,0,0,2021-10-11 11:54:24+01:00
0,0,0,0,0,0,2021-10-11 11:56:13+01:00
0,0,0,0,0,0,2021-10-15 12:14:58+01:00
0,0,0,0,0,0,2021-10-20 21:54:48+01:00
0,0,0,0,0,0,2021-10-22 14:52:41+01:00
0,0,0,0,0,0,2021-11-22 18:01:26+00:00
0,0,0,0,0,0,2021-12-09 15:44:22+00:00
3,6,1,1,0,2,2021-12-14 09:50:57+00:00
2,4,0,1,0,2,2022-01-07 11:03:20+00:00
4,3,3,3,0,3,2022-01-07 14:03:00+00:00
1,0,0,0,0,0,2022-01-07 15:56:02+00:00
1,0,0,0,0,0,2022-01-07 16:06:13+00:00
0,0,0,0,0,0,2022-01-07 16:07:00+00:00
0,0,0,0,0,0,2022-01-07 16:08:49+00:00
0,1,0,0,0,0,2022-01-10 10:55:45+00:00
0,0,0,0,0,0,2022-01-10 11:08:54+00:00
0,0,0,0,0,0,2022-01-10 11:14:24+00:00
0,0,0,0,0,0,2022-01-10 11:17:04+00:00
0,0,0,0,0,0,2022-01-10 11:17:45+00:00
