Acquisition,Preparation,Modeling,Training,Evaluation,Prediction,time
0,0,0,0,0,0,2021-04-12 14:59:40-07:00
0,0,0,0,0,0,2021-04-14 14:39:32-07:00
0,0,0,0,0,0,2021-04-14 14:47:37-07:00
0,0,0,0,0,0,2021-04-15 12:31:47-07:00
0,0,0,0,0,0,2021-04-15 12:34:44-07:00
0,0,0,0,0,0,2021-04-15 12:38:28-07:00
0,0,0,0,0,0,2021-04-15 15:11:15-07:00
0,0,0,0,0,0,2021-04-15 15:12:55-07:00
0,0,0,0,0,0,2021-04-15 15:13:37-07:00
0,0,0,0,0,0,2021-04-15 15:13:39-07:00
0,0,0,0,0,0,2021-04-15 15:17:03-07:00
1,2,0,0,0,0,2021-04-15 15:50:17-07:00
0,0,0,0,0,0,2021-04-15 15:51:24-07:00
0,0,0,0,0,0,2021-04-15 15:53:33-07:00
0,0,0,0,0,0,2021-04-15 15:53:55-07:00
0,0,0,0,0,0,2021-04-15 16:15:52-07:00
0,0,0,0,0,0,2021-04-15 16:16:51-07:00
0,0,0,0,0,0,2021-04-15 16:18:15-07:00
0,0,0,0,0,0,2021-04-15 16:19:05-07:00
0,0,0,0,0,0,2021-04-15 16:20:02-07:00
0,0,0,0,0,0,2021-04-15 16:26:48-07:00
0,1,0,0,0,0,2021-04-15 16:28:29-07:00
0,0,0,0,0,0,2021-04-15 16:30:20-07:00
0,0,0,0,0,0,2021-04-15 16:36:12-07:00
0,0,0,0,0,0,2021-04-15 16:36:28-07:00
0,0,0,0,0,0,2021-04-15 21:34:44-07:00
0,0,0,0,0,0,2021-04-15 21:35:01-07:00
0,0,0,0,0,0,2021-04-15 21:35:57-07:00
0,0,0,0,0,0,2021-04-16 01:47:20-07:00
0,0,0,0,0,0,2021-04-26 15:05:20-07:00
1,2,1,1,1,1,2021-04-26 17:02:13-07:00
0,0,0,0,0,0,2021-04-27 12:55:10-07:00
0,0,0,0,0,0,2021-04-27 12:56:53-07:00
0,0,0,0,0,0,2021-04-28 01:27:21-07:00
0,0,0,0,0,0,2021-04-28 01:51:28-07:00
0,0,0,0,0,0,2021-04-28 21:40:33-07:00
1,2,0,0,0,0,2021-05-03 17:14:13-07:00
0,1,0,1,0,0,2021-05-04 20:47:36-07:00
1,2,1,1,1,1,2021-05-10 16:30:13-07:00
0,0,0,0,0,0,2021-05-10 16:30:57-07:00
0,1,0,0,0,0,2021-05-10 21:35:16-07:00
0,1,0,0,0,0,2021-05-11 02:46:54-07:00
0,1,0,0,0,0,2021-05-11 13:16:57-07:00
0,1,0,0,0,0,2021-05-11 14:08:02-07:00
0,0,0,0,0,0,2021-05-11 19:57:17-07:00
0,0,0,0,0,0,2021-05-11 20:15:21-07:00
0,0,0,0,0,0,2021-05-11 20:42:49-07:00
0,0,0,0,0,0,2021-05-11 21:11:59-07:00
0,1,0,0,0,0,2021-05-11 21:34:33-07:00
0,0,0,0,0,0,2021-05-11 21:34:35-07:00
0,0,0,0,0,0,2021-05-11 21:40:43-07:00
0,0,0,0,0,0,2021-05-11 21:40:59-07:00
0,1,0,0,0,0,2021-05-11 22:37:12-07:00
0,1,0,0,0,0,2021-05-11 22:48:46-07:00
0,0,0,0,0,0,2021-05-11 22:48:48-07:00
0,0,0,0,0,0,2021-05-11 23:17:45-07:00
0,0,0,0,0,0,2021-05-11 23:21:28-07:00
0,0,0,0,0,0,2021-05-13 10:08:37-07:00
1,2,0,0,0,0,2021-05-13 11:36:25-07:00
1,2,0,0,0,0,2021-05-13 11:36:58-07:00
0,0,0,0,0,0,2021-05-13 11:39:34-07:00
0,1,0,0,0,0,2021-05-13 14:43:05-07:00
1,1,0,0,0,0,2021-05-16 23:50:13-07:00
0,1,0,1,0,0,2021-05-21 23:32:19-07:00
0,1,0,1,0,0,2021-05-21 23:51:31-07:00
1,1,1,1,0,1,2021-05-22 00:18:20-07:00
1,1,0,0,0,0,2021-05-23 21:36:04-07:00
1,1,0,0,0,0,2021-05-24 00:51:41-07:00
0,0,0,0,0,0,2021-05-24 02:21:02-07:00
0,0,0,0,0,0,2021-05-24 11:19:48-07:00
0,0,0,0,0,0,2021-05-24 11:46:30-07:00
0,0,0,0,0,0,2021-05-26 12:17:43-07:00
0,0,0,0,0,0,2021-05-26 12:17:59-07:00
1,1,0,0,0,0,2021-05-26 12:18:14-07:00
0,0,0,0,0,0,2021-05-26 22:04:55-07:00
0,0,0,0,0,0,2021-05-26 22:05:01-07:00
0,0,0,0,0,0,2021-05-26 22:06:01-07:00
0,1,0,1,0,0,2021-05-26 22:43:15-07:00
0,0,0,0,0,0,2021-05-26 22:44:34-07:00
5,6,5,3,1,5,2021-05-26 22:44:52-07:00
0,0,0,0,0,0,2021-05-26 22:45:37-07:00
2,2,1,0,0,1,2021-05-26 23:06:40-07:00
1,2,1,0,0,1,2021-05-26 23:59:03-07:00
1,1,0,0,0,0,2021-05-28 10:20:18-07:00
0,0,0,0,0,0,2021-05-28 10:27:33-07:00
0,0,0,0,0,0,2021-05-28 23:33:43-07:00
0,0,0,0,0,0,2021-05-29 02:31:26-07:00
1,1,0,0,0,0,2021-05-29 02:31:44-07:00
0,0,0,0,0,0,2021-05-29 02:31:56-07:00
0,0,0,0,0,0,2021-05-29 02:35:16-07:00
1,4,1,0,0,1,2021-05-31 14:54:41-07:00
1,2,0,0,0,0,2021-05-31 14:58:10-07:00
1,1,0,0,0,0,2021-05-31 15:05:49-07:00
0,1,0,0,0,0,2021-05-31 20:40:34-07:00
0,0,0,0,0,0,2021-05-31 21:05:40-07:00
0,0,0,0,0,0,2021-05-31 21:11:25-07:00
0,0,0,0,0,0,2021-05-31 21:23:53-07:00
0,0,0,0,0,0,2021-05-31 21:30:38-07:00
0,1,1,0,0,1,2021-06-01 20:29:54-07:00
0,0,0,0,0,0,2021-06-01 21:55:17-06:00
0,0,0,0,0,0,2021-06-01 21:02:40-07:00
0,1,1,0,0,1,2021-06-01 21:19:16-07:00
0,0,0,0,0,0,2021-06-01 21:23:58-07:00
0,1,1,0,0,1,2021-06-01 21:49:29-07:00
0,0,0,0,0,0,2021-06-01 21:58:49-07:00
0,0,0,0,0,0,2021-06-01 22:08:02-07:00
1,2,1,0,0,1,2021-06-01 22:15:29-07:00
1,1,0,0,0,0,2021-06-01 22:33:10-07:00
1,2,1,0,0,1,2021-06-02 09:47:12-07:00
0,0,0,0,0,0,2021-06-02 09:47:18-07:00
2,4,3,2,1,3,2021-06-02 10:35:15-07:00
1,1,1,1,1,1,2021-06-02 10:47:00-07:00
0,2,1,0,0,1,2021-06-02 10:47:14-07:00
0,0,0,0,0,0,2021-06-02 11:04:27-07:00
0,1,0,0,0,0,2021-06-02 11:09:38-07:00
0,0,0,0,0,0,2021-06-02 12:12:09-07:00
0,0,0,0,0,0,2021-06-02 12:12:50-07:00
1,1,0,0,0,0,2021-06-02 12:15:59-07:00
0,1,1,0,0,1,2021-06-02 12:16:06-07:00
2,3,2,2,1,2,2021-06-02 12:16:27-07:00
0,0,0,0,0,0,2021-06-02 12:16:32-07:00
0,0,0,0,0,0,2021-06-02 12:17:24-07:00
1,1,1,1,1,1,2021-06-02 12:33:26-07:00
0,0,0,0,0,0,2021-06-02 12:34:44-07:00
0,0,0,0,0,0,2021-06-03 20:07:09-07:00
0,0,0,0,0,0,2021-06-03 20:07:14-07:00
0,0,0,0,0,0,2021-06-04 09:46:29-07:00
1,1,1,1,1,1,2021-06-04 10:31:21-07:00
1,3,0,0,0,0,2021-06-04 15:30:59-07:00
0,0,0,0,0,0,2021-06-04 15:47:49-07:00
0,0,0,0,0,0,2021-06-04 16:12:33-07:00
0,0,0,0,0,0,2021-06-04 16:12:35-07:00
1,1,0,0,0,0,2021-06-06 12:34:50-07:00
1,1,0,0,0,0,2021-06-06 12:45:41-07:00
1,1,0,0,0,0,2021-06-06 12:46:50-07:00
1,1,0,0,0,0,2021-06-06 12:50:35-07:00
1,1,0,0,0,0,2021-06-06 13:02:58-07:00
1,1,0,0,0,0,2021-06-06 13:07:17-07:00
1,1,0,0,0,0,2021-06-06 13:10:45-07:00
1,1,1,1,1,1,2021-06-07 16:49:26-07:00
1,2,0,0,0,0,2021-06-07 16:49:41-07:00
0,0,0,0,0,0,2021-06-07 16:49:47-07:00
0,0,0,0,0,0,2021-06-07 17:05:14-07:00
0,0,0,0,0,0,2021-06-07 17:11:48-07:00
1,1,1,1,1,1,2021-06-07 17:23:20-07:00
0,0,0,0,0,0,2021-06-07 17:23:39-07:00
0,0,0,0,0,0,2021-06-07 17:24:27-07:00
0,0,0,0,0,0,2021-06-07 17:25:40-07:00
0,0,0,0,0,0,2021-06-07 17:26:31-07:00
0,1,1,0,0,1,2021-06-07 17:29:39-07:00
0,0,0,0,0,0,2021-06-07 17:30:22-07:00
2,2,2,1,0,2,2021-06-07 17:30:41-07:00
1,1,0,0,0,0,2021-06-07 17:45:18-07:00
1,2,0,0,0,0,2021-06-07 18:18:51-07:00
0,0,0,0,0,0,2021-06-07 18:18:55-07:00
1,1,0,0,0,0,2021-06-07 18:22:05-07:00
5,6,4,1,0,4,2021-06-07 23:45:11-07:00
0,0,0,0,0,0,2021-06-08 01:22:29-07:00
3,4,3,0,0,3,2021-06-08 01:22:36-07:00
0,0,0,0,0,0,2021-06-08 01:33:08-07:00
0,0,0,0,0,0,2021-06-08 01:33:24-07:00
3,5,2,0,0,2,2021-06-08 02:05:23-07:00
1,1,1,1,0,1,2021-06-08 02:42:09-07:00
0,0,0,0,0,0,2021-06-08 03:06:03-07:00
0,0,0,0,0,0,2021-06-08 03:09:09-07:00
0,0,0,0,0,0,2021-06-08 15:06:26-07:00
0,0,0,0,0,0,2021-06-08 23:30:42-07:00
0,0,0,0,0,0,2021-06-08 23:45:45-07:00
0,0,0,0,0,0,2021-06-09 01:22:01-07:00
1,1,1,1,1,1,2021-06-09 21:26:04-07:00
5,6,4,3,2,4,2021-06-09 21:44:04-07:00
1,2,1,0,0,1,2021-06-09 21:55:34-07:00
0,0,0,0,0,0,2021-06-09 23:28:03-07:00
0,0,0,0,0,0,2021-06-09 23:30:49-07:00
0,0,0,0,0,0,2021-06-09 23:31:37-07:00
