Acquisition,Preparation,Modeling,Training,Evaluation,Prediction,time
0,0,0,0,0,0,2021-08-30 01:49:03+09:00
0,0,0,0,0,0,2021-08-30 10:50:49-07:00
0,0,0,0,0,0,2021-08-30 18:50:36-07:00
0,0,0,0,0,0,2021-08-31 03:54:19-07:00
0,0,0,0,0,0,2021-09-01 03:07:07-07:00
0,0,0,0,0,0,2021-09-01 21:26:32-07:00
0,0,0,0,0,0,2021-09-02 22:53:17-07:00
0,0,0,0,0,0,2021-09-06 05:26:41-07:00
0,0,0,0,0,0,2021-09-06 21:50:41-07:00
0,0,0,0,0,0,2021-09-07 05:41:09+00:00
0,0,0,0,0,0,2021-09-07 05:20:20-07:00
17,21,14,10,1,4,2021-09-10 01:32:59+09:00
0,0,0,0,0,0,2021-09-10 01:37:06+09:00
0,0,0,0,0,0,2021-09-09 18:18:26-07:00
0,0,0,0,0,0,2021-09-09 18:21:53-07:00
0,0,0,0,0,0,2021-09-11 10:20:49-07:00
0,0,0,0,0,0,2021-09-11 17:23:59+00:00
0,0,0,0,0,0,2021-09-12 22:52:57+09:00
0,0,0,0,0,0,2021-09-12 22:57:06+09:00
0,0,0,0,0,0,2021-09-13 10:28:19+09:00
0,0,0,0,0,0,2021-09-13 11:13:00+09:00
0,0,0,0,0,0,2021-09-13 13:16:40+09:00
0,0,0,0,0,0,2021-09-13 13:32:54+09:00
0,0,0,0,0,0,2021-09-13 04:34:24+00:00
0,0,0,0,0,0,2021-09-13 15:17:59+09:00
0,0,0,0,0,0,2021-09-13 06:19:29+00:00
0,0,0,0,0,0,2021-09-13 15:26:27+09:00
0,0,0,0,0,0,2021-09-13 15:29:13+09:00
0,0,0,0,0,0,2021-09-13 16:02:47+09:00
0,0,0,0,0,0,2021-09-13 16:03:16+09:00
0,0,0,0,0,0,2021-09-13 17:29:43+09:00
0,0,0,0,0,0,2021-09-13 19:58:20+09:00
0,0,0,0,0,0,2021-09-13 20:02:04+09:00
0,0,0,0,0,0,2021-09-13 23:00:51+09:00
0,0,0,0,0,0,2021-09-14 14:14:13+09:00
0,0,0,0,0,0,2021-09-14 15:30:13+09:00
0,0,0,0,0,0,2021-09-14 15:51:56+09:00
0,0,0,0,0,0,2021-09-14 16:04:50+09:00
0,0,0,0,0,0,2021-09-14 07:06:57+00:00
0,0,0,0,0,0,2021-09-14 17:09:24+09:00
0,0,0,0,0,0,2021-09-14 17:16:20+09:00
0,0,0,0,0,0,2021-09-14 17:50:06+09:00
0,0,0,0,0,0,2021-09-14 17:55:48+09:00
3,3,1,2,0,0,2021-09-14 18:22:11+09:00
0,0,0,0,0,0,2021-09-14 10:55:11+00:00
0,0,0,0,0,0,2021-09-14 19:57:44+09:00
0,0,0,0,0,0,2021-09-14 05:27:22-07:00
0,0,0,0,0,0,2021-09-14 21:52:00+09:00
0,0,0,0,0,0,2021-09-14 22:09:09+09:00
0,0,0,0,0,0,2021-09-14 22:09:30+09:00
0,0,0,0,0,0,2021-09-14 06:31:42-07:00
0,0,0,0,0,0,2021-09-14 23:07:15+09:00
0,0,0,0,0,0,2021-09-14 23:09:41+09:00
0,0,0,0,0,0,2021-09-14 23:11:21+09:00
0,0,0,0,0,0,2021-09-14 14:14:51+00:00
0,0,0,0,0,0,2021-09-14 23:25:20+09:00
0,0,0,0,0,0,2021-09-14 14:26:12+00:00
0,0,0,0,0,0,2021-09-15 09:31:39+09:00
0,0,0,0,0,0,2021-09-15 06:04:10+00:00
0,0,0,0,0,0,2021-09-15 16:34:23+09:00
0,0,0,0,0,0,2021-09-15 16:43:06+09:00
0,0,0,0,0,0,2021-09-15 21:59:27+09:00
0,0,0,0,0,0,2021-09-15 22:00:24+09:00
0,0,0,0,0,0,2021-09-15 13:10:54+00:00
0,0,0,0,0,0,2021-09-15 22:35:11+09:00
0,0,0,0,0,0,2021-09-15 22:36:13+09:00
0,0,0,0,0,0,2021-09-15 22:37:19+09:00
0,0,0,0,0,0,2021-09-15 13:40:04+00:00
0,0,0,0,0,0,2021-09-15 22:48:04+09:00
0,0,0,0,0,0,2021-09-15 23:40:38+09:00
0,0,0,0,0,0,2021-09-15 23:41:01+09:00
0,0,0,0,0,0,2021-09-16 17:08:51+09:00
0,0,0,0,0,0,2021-09-16 22:45:21+09:00
0,0,0,0,0,0,2021-09-16 13:46:12+00:00
2,4,0,0,2,0,2021-09-17 09:56:00+09:00
0,0,0,0,0,0,2021-09-17 10:14:24+09:00
0,0,0,0,0,0,2021-09-17 01:15:26+00:00
0,0,0,0,0,0,2021-09-17 10:23:59+09:00
0,0,0,0,0,0,2021-09-17 10:24:51+09:00
0,0,0,0,0,0,2021-09-17 01:25:50+00:00
0,0,0,0,0,0,2021-09-17 01:26:02+00:00
0,0,0,0,0,0,2021-09-17 10:35:38+09:00
0,0,0,0,0,0,2021-09-17 10:36:16+09:00
0,0,0,0,0,0,2021-09-17 01:38:35+00:00
0,0,0,0,0,0,2021-09-17 01:39:05+00:00
0,0,0,0,0,0,2021-09-17 02:04:04+00:00
0,0,0,0,0,0,2021-09-17 06:52:00+00:00
0,0,0,0,0,0,2021-09-18 16:39:10+09:00
0,0,0,0,0,0,2021-09-19 02:13:58+09:00
0,0,0,0,0,0,2021-09-23 04:42:27+00:00
0,0,0,0,0,0,2021-09-23 14:08:40+09:00
0,0,0,0,0,0,2021-09-23 22:52:17+09:00
0,0,0,0,0,0,2021-09-23 15:04:24+00:00
0,0,0,0,0,0,2021-09-24 00:10:03+09:00
0,0,0,0,0,0,2021-09-24 00:10:34+09:00
0,0,0,0,0,0,2021-09-23 15:12:23+00:00
0,0,0,0,0,0,2021-09-24 11:18:33+09:00
0,0,0,0,0,0,2021-09-24 15:32:30+09:00
0,0,0,0,0,0,2021-09-24 06:33:57+00:00
0,0,0,0,0,0,2021-09-24 16:22:15+09:00
0,0,0,0,0,0,2021-09-24 16:47:48+09:00
0,0,0,0,0,0,2021-09-24 07:48:32+00:00
0,0,0,0,0,0,2021-09-24 16:55:48+09:00
0,0,0,0,0,0,2021-09-24 07:56:38+00:00
0,0,0,0,0,0,2021-09-24 17:15:51+09:00
0,0,0,0,0,0,2021-09-24 17:18:26+09:00
0,0,0,0,0,0,2021-09-24 17:25:09+09:00
0,0,0,0,0,0,2021-09-24 08:25:47+00:00
0,0,0,0,0,0,2021-09-24 17:34:18+09:00
0,0,0,0,0,0,2021-09-24 23:31:48+09:00
0,0,0,0,0,0,2021-09-24 14:34:36+00:00
0,0,0,0,0,0,2021-09-24 23:51:13+09:00
0,0,0,0,0,0,2021-09-24 14:51:50+00:00
0,0,0,0,0,0,2021-09-25 00:00:06+09:00
0,0,0,0,0,0,2021-09-24 15:02:59+00:00
0,0,0,0,0,0,2021-09-26 22:45:47+09:00
0,0,0,0,0,0,2021-09-27 01:37:57+09:00
0,0,0,0,0,0,2021-09-27 02:12:03+09:00
0,0,0,0,0,0,2021-09-26 17:14:10+00:00
0,0,0,0,0,0,2021-09-27 02:19:36+09:00
0,0,0,0,0,0,2021-09-26 17:21:26+00:00
0,0,0,0,0,0,2021-09-27 10:14:13+09:00
0,0,0,0,0,0,2021-09-27 01:16:23+00:00
1,1,0,1,0,0,2021-09-27 11:08:03+09:00
1,1,0,1,0,0,2021-09-27 11:10:13+09:00
0,0,0,0,0,0,2021-09-27 02:12:15+00:00
0,0,0,0,0,0,2021-09-27 14:19:30+09:00
0,0,0,0,0,0,2021-09-27 14:22:03+09:00
0,0,0,0,0,0,2021-09-27 14:22:23+09:00
0,0,0,0,0,0,2021-09-27 14:40:39+09:00
0,0,0,0,0,0,2021-09-27 05:42:19+00:00
0,0,0,0,0,0,2021-09-27 05:43:09+00:00
0,0,0,0,0,0,2021-09-27 15:15:31+09:00
0,0,0,0,0,0,2021-09-27 06:30:17+00:00
0,0,0,0,0,0,2021-09-27 16:20:33+09:00
0,0,0,0,0,0,2021-09-27 07:21:27+00:00
0,0,0,0,0,0,2021-09-27 21:27:14+09:00
0,0,0,0,0,0,2021-09-27 12:29:37+00:00
0,0,0,0,0,0,2021-09-28 01:58:56+09:00
0,0,0,0,0,0,2021-09-27 16:59:56+00:00
0,0,0,0,0,0,2021-09-27 17:34:53+00:00
0,0,0,0,0,0,2021-09-28 05:41:30+09:00
0,0,0,0,0,0,2021-09-28 10:21:41+09:00
0,0,0,0,0,0,2021-09-28 01:23:22+00:00
0,0,0,0,0,0,2021-09-28 13:48:01+09:00
0,0,0,0,0,0,2021-09-28 13:50:52+09:00
0,0,0,0,0,0,2021-09-28 04:53:02+00:00
0,0,0,0,0,0,2021-09-28 14:12:47+09:00
0,0,0,0,0,0,2021-09-28 05:14:47+00:00
0,0,0,0,0,0,2021-09-28 14:57:22+09:00
0,0,0,0,0,0,2021-09-28 05:59:25+00:00
0,0,0,0,0,0,2021-09-28 15:03:09+09:00
0,0,0,0,0,0,2021-09-28 06:04:11+00:00
0,0,0,0,0,0,2021-09-28 15:10:03+09:00
0,0,0,0,0,0,2021-09-28 15:10:45+09:00
0,0,0,0,0,0,2021-09-28 06:11:59+00:00
0,0,0,0,0,0,2021-09-28 15:14:20+09:00
0,0,0,0,0,0,2021-09-28 06:16:58+00:00
0,0,0,0,0,0,2021-09-28 15:24:46+09:00
0,0,0,0,0,0,2021-09-28 06:25:27+00:00
0,0,0,0,0,0,2021-09-28 15:27:01+09:00
0,0,0,0,0,0,2021-09-28 06:27:50+00:00
0,0,0,0,0,0,2021-09-28 15:32:22+09:00
0,0,0,0,0,0,2021-09-28 06:32:59+00:00
0,0,0,0,0,0,2021-09-28 15:59:34+09:00
0,0,0,0,0,0,2021-09-28 07:00:15+00:00
0,0,0,0,0,0,2021-09-28 16:03:28+09:00
0,0,0,0,0,0,2021-09-28 07:07:31+00:00
0,0,0,0,0,0,2021-09-28 21:07:14+09:00
0,0,0,0,0,0,2021-09-28 12:08:02+00:00
0,0,0,0,0,0,2021-09-28 21:25:16+09:00
0,0,0,0,0,0,2021-09-28 23:10:58+09:00
0,0,0,0,0,0,2021-09-28 14:11:26+00:00
0,0,0,0,0,0,2021-09-28 23:20:53+09:00
0,0,0,0,0,0,2021-09-28 14:22:00+00:00
0,0,0,0,0,0,2021-09-29 01:29:01+09:00
0,0,0,0,0,0,2021-09-28 16:29:49+00:00
0,0,0,0,0,0,2021-09-29 09:53:15+09:00
0,0,0,0,0,0,2021-09-29 09:56:35+09:00
0,0,0,0,0,0,2021-09-29 00:57:39+00:00
0,0,0,0,0,0,2021-09-29 10:31:30+09:00
0,0,0,0,0,0,2021-09-29 10:40:14+09:00
0,0,0,0,0,0,2021-09-29 10:53:02+09:00
0,0,0,0,0,0,2021-09-29 10:58:29+09:00
0,0,0,0,0,0,2021-09-29 02:00:06+00:00
0,0,0,0,0,0,2021-09-29 11:04:57+09:00
0,0,0,0,0,0,2021-09-29 11:33:19+09:00
0,0,0,0,0,0,2021-09-29 11:38:02+09:00
0,0,0,0,0,0,2021-09-29 11:44:17+09:00
0,0,0,0,0,0,2021-09-29 17:14:32+09:00
0,0,0,0,0,0,2021-09-29 08:16:18+00:00
0,0,0,0,0,0,2021-09-29 17:20:13+09:00
0,0,0,0,0,0,2021-09-29 17:23:10+09:00
0,0,0,0,0,0,2021-09-29 08:23:50+00:00
0,0,0,0,0,0,2021-09-29 18:38:57+09:00
0,0,0,0,0,0,2021-09-29 09:41:30+00:00
0,0,0,0,0,0,2021-09-29 23:41:33+09:00
0,0,0,0,0,0,2021-09-29 14:43:47+00:00
0,0,0,0,0,0,2021-09-30 01:43:06+09:00
0,0,0,0,0,0,2021-09-30 01:05:42+00:00
0,0,0,0,0,0,2021-09-30 10:54:40+09:00
0,0,0,0,0,0,2021-09-30 01:57:14+00:00
0,0,0,0,0,0,2021-09-30 10:58:51+09:00
0,0,0,0,0,0,2021-09-30 11:04:12+09:00
0,0,0,0,0,0,2021-09-30 11:05:29+09:00
0,0,0,0,0,0,2021-09-30 14:36:34+09:00
0,0,0,0,0,0,2021-09-30 15:13:29+09:00
0,0,0,0,0,0,2021-09-30 06:16:41+00:00
0,0,0,0,0,0,2021-09-30 15:44:59+09:00
0,0,0,0,0,0,2021-09-30 06:46:07+00:00
0,0,0,0,0,0,2021-09-30 16:02:58+09:00
0,0,0,0,0,0,2021-09-30 16:06:21+09:00
0,0,0,0,0,0,2021-09-30 16:29:13+09:00
0,0,0,0,0,0,2021-09-30 16:29:19+09:00
0,0,0,0,0,0,2021-09-30 16:49:43+09:00
0,0,0,0,0,0,2021-09-30 17:04:44+09:00
0,0,0,0,0,0,2021-09-30 08:05:29+00:00
0,0,0,0,0,0,2021-09-30 17:21:22+09:00
0,0,0,0,0,0,2021-09-30 08:21:49+00:00
0,0,0,0,0,0,2021-09-30 18:10:47+09:00
0,0,0,0,0,0,2021-09-30 09:11:35+00:00
0,0,0,0,0,0,2021-09-30 18:37:41+09:00
0,0,0,0,0,0,2021-09-30 18:39:07+09:00
0,0,0,0,0,0,2021-09-30 09:40:13+00:00
0,0,0,0,0,0,2021-10-01 02:10:34+09:00
0,0,0,0,0,0,2021-09-30 17:11:16+00:00
0,0,0,0,0,0,2021-10-01 13:08:36+09:00
0,0,0,0,0,0,2021-10-01 04:09:04+00:00
0,0,0,0,0,0,2021-10-01 13:47:08+09:00
0,0,0,0,0,0,2021-10-01 04:47:31+00:00
0,0,0,0,0,0,2021-10-01 14:28:14+09:00
0,0,0,0,0,0,2021-10-01 05:29:22+00:00
0,0,0,0,0,0,2021-10-01 14:29:55+09:00
0,0,0,0,0,0,2021-10-01 05:30:20+00:00
0,0,0,0,0,0,2021-10-01 14:39:39+09:00
0,0,0,0,0,0,2021-10-01 05:41:13+00:00
0,0,0,0,0,0,2021-10-01 14:42:55+09:00
0,0,0,0,0,0,2021-10-01 14:43:34+09:00
0,0,0,0,0,0,2021-10-01 05:44:36+00:00
0,0,0,0,0,0,2021-10-01 14:48:37+09:00
0,0,0,0,0,0,2021-10-01 05:49:14+00:00
0,0,0,0,0,0,2021-10-01 14:53:33+09:00
0,0,0,0,0,0,2021-10-01 05:53:49+00:00
0,0,0,0,0,0,2021-10-01 14:59:01+09:00
0,0,0,0,0,0,2021-10-01 14:59:40+09:00
0,0,0,0,0,0,2021-10-01 15:00:48+09:00
0,0,0,0,0,0,2021-10-01 06:01:36+00:00
0,0,0,0,0,0,2021-10-01 15:42:42+09:00
0,0,0,0,0,0,2021-10-01 15:46:50+09:00
0,0,0,0,0,0,2021-10-01 17:56:01+09:00
0,0,0,0,0,0,2021-10-01 08:57:29+00:00
0,0,0,0,0,0,2021-10-01 22:43:35+09:00
0,0,0,0,0,0,2021-10-02 01:50:14+09:00
0,0,0,0,0,0,2021-10-01 16:59:03+00:00
0,0,0,0,0,0,2021-10-03 16:20:53+09:00
0,0,0,0,0,0,2021-10-03 20:00:32+09:00
0,0,0,0,0,0,2021-10-03 21:04:57+09:00
0,0,0,0,0,0,2021-10-03 12:06:41+00:00
0,0,0,0,0,0,2021-10-03 21:07:20+09:00
0,0,0,0,0,0,2021-10-03 21:07:45+09:00
0,0,0,0,0,0,2021-10-03 21:16:44+09:00
0,0,0,0,0,0,2021-10-03 21:25:22+09:00
0,0,0,0,0,0,2021-10-03 12:26:20+00:00
0,0,0,0,0,0,2021-10-03 21:30:10+09:00
0,0,0,0,0,0,2021-10-04 14:47:50+09:00
0,0,0,0,0,0,2021-10-04 05:48:31+00:00
0,0,0,0,0,0,2021-10-04 15:19:56+09:00
0,0,0,0,0,0,2021-10-04 06:22:06+00:00
0,0,0,0,0,0,2021-10-04 16:21:45+09:00
0,0,0,0,0,0,2021-10-04 17:24:08+09:00
0,0,0,0,0,0,2021-10-04 08:25:05+00:00
0,0,0,0,0,0,2021-10-04 17:37:50+09:00
0,0,0,0,0,0,2021-10-04 08:39:18+00:00
0,0,0,0,0,0,2021-10-04 19:19:47+09:00
0,0,0,0,0,0,2021-10-04 10:20:30+00:00
0,0,0,0,0,0,2021-10-04 20:01:26+09:00
0,0,0,0,0,0,2021-10-04 11:02:56+00:00
0,0,0,0,0,0,2021-10-04 20:07:57+09:00
0,0,0,0,0,0,2021-10-04 11:08:21+00:00
0,0,0,0,0,0,2021-10-04 21:51:20+09:00
0,0,0,0,0,0,2021-10-04 12:52:26+00:00
0,0,0,0,0,0,2021-10-04 22:53:15+09:00
0,0,0,0,0,0,2021-10-04 13:53:49+00:00
0,0,0,0,0,0,2021-10-05 01:49:17+09:00
0,0,0,0,0,0,2021-10-05 01:49:46+09:00
0,0,0,0,0,0,2021-10-04 16:57:34+00:00
0,0,0,0,0,0,2021-10-05 02:31:27+09:00
0,0,0,0,0,0,2021-10-04 17:32:07+00:00
0,0,0,0,0,0,2021-10-05 10:34:33+09:00
0,0,0,0,0,0,2021-10-05 01:35:00+00:00
0,0,0,0,0,0,2021-10-05 10:44:22+09:00
0,0,0,0,0,0,2021-10-05 01:44:51+00:00
0,0,0,0,0,0,2021-10-05 11:14:29+09:00
0,0,0,0,0,0,2021-10-05 11:21:40+09:00
0,0,0,0,0,0,2021-10-05 11:21:59+09:00
0,0,0,0,0,0,2021-10-05 11:27:48+09:00
0,0,0,0,0,0,2021-10-05 11:27:56+09:00
0,0,0,0,0,0,2021-10-05 11:28:21+09:00
0,0,0,0,0,0,2021-10-05 02:30:24+00:00
0,0,0,0,0,0,2021-10-05 12:53:35+09:00
0,0,0,0,0,0,2021-10-05 14:25:57+09:00
0,0,0,0,0,0,2021-10-05 14:42:44+09:00
0,0,0,0,0,0,2021-10-05 05:43:22+00:00
0,0,0,0,0,0,2021-10-05 05:53:14+00:00
0,0,0,0,0,0,2021-10-05 15:21:00+09:00
0,0,0,0,0,0,2021-10-05 15:24:44+09:00
0,0,0,0,0,0,2021-10-05 15:36:47+09:00
0,0,0,0,0,0,2021-10-05 16:47:03+09:00
0,0,0,0,0,0,2021-10-05 16:47:06+09:00
0,0,0,0,0,0,2021-10-05 16:47:30+09:00
0,0,0,0,0,0,2021-10-05 08:01:27+00:00
0,0,0,0,0,0,2021-10-05 18:35:45+09:00
0,0,0,0,0,0,2021-10-05 18:53:26+09:00
0,0,0,0,0,0,2021-10-05 09:54:20+00:00
0,0,0,0,0,0,2021-10-05 19:52:13+09:00
0,0,0,0,0,0,2021-10-05 19:53:02+09:00
0,0,0,0,0,0,2021-10-05 10:55:15+00:00
0,0,0,0,0,0,2021-10-05 20:12:34+09:00
0,0,0,0,0,0,2021-10-05 11:13:05+00:00
0,0,0,0,0,0,2021-10-05 20:30:07+09:00
0,0,0,0,0,0,2021-10-05 11:30:39+00:00
0,0,0,0,0,0,2021-10-05 21:04:44+09:00
0,0,0,0,0,0,2021-10-05 12:05:27+00:00
0,0,0,0,0,0,2021-10-05 21:36:05+09:00
0,0,0,0,0,0,2021-10-05 12:36:40+00:00
0,0,0,0,0,0,2021-10-05 22:19:30+09:00
0,0,0,0,0,0,2021-10-05 13:20:00+00:00
0,0,0,0,0,0,2021-10-05 23:49:47+09:00
0,0,0,0,0,0,2021-10-05 14:51:21+00:00
0,0,0,0,0,0,2021-10-06 01:45:22+09:00
0,0,0,0,0,0,2021-10-06 15:13:20+09:00
0,0,0,0,0,0,2021-10-06 06:25:05+00:00
0,0,0,0,0,0,2021-10-06 16:32:39+09:00
0,0,0,0,0,0,2021-10-06 07:33:35+00:00
0,0,0,0,0,0,2021-10-06 16:43:28+09:00
0,0,0,0,0,0,2021-10-06 07:44:01+00:00
0,0,0,0,0,0,2021-10-06 16:51:39+09:00
0,0,0,0,0,0,2021-10-06 07:52:12+00:00
0,0,0,0,0,0,2021-10-06 18:04:16+09:00
0,0,0,0,0,0,2021-10-06 18:32:15+09:00
0,0,0,0,0,0,2021-10-06 09:32:54+00:00
0,0,0,0,0,0,2021-10-06 21:10:00+09:00
0,0,0,0,0,0,2021-10-06 12:10:28+00:00
0,0,0,0,0,0,2021-10-06 21:20:22+09:00
0,0,0,0,0,0,2021-10-06 12:22:15+00:00
0,0,0,0,0,0,2021-10-06 21:27:37+09:00
0,0,0,0,0,0,2021-10-06 12:27:54+00:00
0,0,0,0,0,0,2021-10-06 21:33:06+09:00
0,0,0,0,0,0,2021-10-06 12:33:29+00:00
0,0,0,0,0,0,2021-10-06 21:35:05+09:00
0,0,0,0,0,0,2021-10-06 21:35:19+09:00
0,0,0,0,0,0,2021-10-06 21:35:42+09:00
0,0,0,0,0,0,2021-10-06 12:37:02+00:00
0,0,0,0,0,0,2021-10-06 21:55:58+09:00
0,0,0,0,0,0,2021-10-06 12:56:22+00:00
0,0,0,0,0,0,2021-10-06 22:33:57+09:00
0,0,0,0,0,0,2021-10-06 22:34:26+09:00
0,0,0,0,0,0,2021-10-06 22:34:33+09:00
0,0,0,0,0,0,2021-10-06 22:35:15+09:00
0,0,0,0,0,0,2021-10-06 22:35:44+09:00
0,0,0,0,0,0,2021-10-06 13:36:24+00:00
0,0,0,0,0,0,2021-10-07 00:52:33+09:00
0,0,0,0,0,0,2021-10-07 00:52:48+09:00
0,0,0,0,0,0,2021-10-06 15:53:17+00:00
0,0,0,0,0,0,2021-10-07 00:57:16+09:00
0,0,0,0,0,0,2021-10-07 01:15:44+09:00
0,0,0,0,0,0,2021-10-07 01:16:05+09:00
0,0,0,0,0,0,2021-10-06 16:17:20+00:00
0,0,0,0,0,0,2021-10-06 16:34:54+00:00
0,0,0,0,0,0,2021-10-07 01:40:21+09:00
0,0,0,0,0,0,2021-10-07 01:41:22+09:00
0,0,0,0,0,0,2021-10-06 16:41:58+00:00
0,0,0,0,0,0,2021-10-07 02:44:44+09:00
0,0,0,0,0,0,2021-10-07 02:44:52+09:00
0,0,0,0,0,0,2021-10-07 02:58:18+09:00
0,0,0,0,0,0,2021-10-07 10:08:41+09:00
0,0,0,0,0,0,2021-10-07 01:15:22+00:00
0,0,0,0,0,0,2021-10-07 13:31:08+09:00
0,0,0,0,0,0,2021-10-07 04:33:43+00:00
0,0,0,0,0,0,2021-10-07 14:02:43+09:00
0,0,0,0,0,0,2021-10-07 05:03:12+00:00
0,0,0,0,0,0,2021-10-07 06:59:41+00:00
0,0,0,0,0,0,2021-10-07 07:04:24+00:00
0,0,0,0,0,0,2021-10-07 07:05:58+00:00
0,0,0,0,0,0,2021-10-07 16:25:36+09:00
0,0,0,0,0,0,2021-10-07 07:37:17+00:00
0,0,0,0,0,0,2021-10-07 07:37:41+00:00
0,0,0,0,0,0,2021-10-07 07:44:13+00:00
0,0,0,0,0,0,2021-10-07 20:08:55+09:00
0,0,0,0,0,0,2021-10-07 20:15:37+09:00
0,0,0,0,0,0,2021-10-07 12:06:28+00:00
0,0,0,0,0,0,2021-10-08 00:08:21+09:00
0,0,0,0,0,0,2021-10-07 15:08:46+00:00
6,8,3,1,2,0,2021-10-08 00:09:16+09:00
0,0,0,0,0,0,2021-10-08 00:09:59+09:00
0,0,0,0,0,0,2021-10-07 15:14:29+00:00
0,0,0,0,0,0,2021-10-08 00:15:03+09:00
0,0,0,0,0,0,2021-10-07 15:15:50+00:00
0,0,0,0,0,0,2021-10-07 15:17:23+00:00
0,0,0,0,0,0,2021-10-07 15:20:10+00:00
0,0,0,0,0,0,2021-10-07 15:20:31+00:00
0,0,0,0,0,0,2021-10-08 00:28:25+09:00
0,0,0,0,0,0,2021-10-08 02:06:46+09:00
0,0,0,0,0,0,2021-10-08 11:15:38+09:00
0,0,0,0,0,0,2021-10-08 11:16:07+09:00
0,0,0,0,0,0,2021-10-08 02:18:56+00:00
0,0,0,0,0,0,2021-10-08 02:29:10+00:00
0,0,0,0,0,0,2021-10-08 02:30:26+00:00
0,0,0,0,0,0,2021-10-08 11:34:18+09:00
0,0,0,0,0,0,2021-10-29 23:55:40+09:00
0,0,0,0,0,0,2021-10-29 23:55:55+09:00
0,0,0,0,0,0,2021-10-29 23:56:34+09:00
0,0,0,0,0,0,2021-10-29 23:57:09+09:00
0,0,0,0,0,0,2021-10-30 00:05:14+09:00
0,0,0,0,0,0,2021-10-30 00:05:36+09:00
0,0,0,0,0,0,2021-10-30 00:06:26+09:00
0,0,0,0,0,0,2021-10-30 00:07:12+09:00
0,0,0,0,0,0,2021-10-30 00:07:49+09:00
0,0,0,0,0,0,2021-10-30 00:11:39+09:00
0,0,0,0,0,0,2021-10-30 00:12:53+09:00
0,0,0,0,0,0,2021-10-30 00:13:35+09:00
0,0,0,0,0,0,2021-10-30 00:14:21+09:00
0,0,0,0,0,0,2021-10-30 00:16:13+09:00
0,0,0,0,0,0,2021-10-30 00:16:34+09:00
0,0,0,0,0,0,2021-10-30 00:16:58+09:00
0,0,0,0,0,0,2021-10-30 00:17:30+09:00
0,0,0,0,0,0,2021-10-30 00:18:01+09:00
0,0,0,0,0,0,2021-10-30 00:30:23+09:00
0,0,0,0,0,0,2021-10-30 00:31:08+09:00
0,0,0,0,0,0,2021-10-30 00:34:59+09:00
0,0,0,0,0,0,2021-10-30 00:36:06+09:00
0,0,0,0,0,0,2021-10-30 01:31:08+09:00
0,0,0,0,0,0,2021-10-31 01:00:07+09:00
0,0,0,0,0,0,2021-11-01 06:06:14+09:00
0,0,0,0,0,0,2021-11-01 06:13:40+09:00
0,0,0,0,0,0,2021-11-01 06:19:37+09:00
