Acquisition,Preparation,Modeling,Training,Evaluation,Prediction,time
0,0,0,0,0,0,2021-01-19 14:28:54+05:18
0,1,0,0,0,0,2021-01-21 18:21:44+05:18
1,1,0,0,0,0,2021-01-28 18:18:47+05:18
1,1,0,0,0,0,2021-01-28 18:34:50+05:18
0,0,0,0,0,0,2021-02-11 20:34:57+05:18
0,0,0,0,0,0,2021-02-11 20:35:51+05:18
0,0,0,0,0,0,2021-02-11 22:32:15+05:18
0,0,0,0,0,0,2021-02-11 22:34:22+05:18
0,0,0,0,0,0,2021-02-11 22:42:27+05:18
0,0,0,0,0,0,2021-02-11 22:51:20+05:18
0,1,0,0,0,0,2021-02-11 22:57:21+05:18
0,0,0,0,0,0,2021-02-11 22:58:43+05:18
0,1,0,0,0,0,2021-02-11 22:59:20+05:18
1,1,0,0,0,0,2021-02-11 23:00:16+05:18
1,1,0,0,0,0,2021-02-11 23:00:57+05:18
0,0,0,0,0,0,2021-02-11 23:01:36+05:18
1,1,0,0,0,0,2021-02-12 01:55:29+05:18
0,0,0,0,0,0,2021-02-22 12:12:12+05:18
0,0,0,0,0,0,2021-02-22 12:19:11+05:18
0,0,0,0,0,0,2021-02-23 15:11:40+05:18
0,0,0,0,0,0,2021-02-23 15:14:46+05:18
0,0,0,0,0,0,2021-02-24 16:47:09+05:18
0,0,0,0,0,0,2021-02-24 23:34:13+05:18
0,0,0,0,0,0,2021-02-25 13:10:41+05:18
0,0,0,0,0,0,2021-02-25 13:11:08+05:18
1,1,0,0,0,0,2021-02-25 14:11:50+05:18
1,1,0,0,0,0,2021-02-25 14:43:09+05:18
1,1,0,0,0,0,2021-02-25 15:16:28+05:18
1,1,0,0,0,0,2021-02-25 16:19:58+05:18
1,1,0,0,0,0,2021-02-25 16:20:38+05:18
1,1,0,0,0,0,2021-02-25 16:21:25+05:18
1,1,0,0,0,0,2021-02-25 16:41:19+05:18
0,0,0,0,0,0,2021-02-25 16:47:12+05:18
0,0,0,0,0,0,2021-02-25 16:47:39+05:18
0,0,0,0,0,0,2021-02-25 16:48:42+05:18
0,0,0,0,0,0,2021-02-25 16:49:06+05:18
0,0,0,0,0,0,2021-02-25 16:49:33+05:18
1,1,1,1,1,1,2021-02-26 00:16:33+05:18
1,1,1,1,1,1,2021-02-26 00:31:39+05:18
1,1,1,1,1,1,2021-02-26 00:56:04+05:18
1,1,1,1,1,1,2021-03-01 15:16:33+05:18
0,0,0,0,0,0,2021-03-01 15:24:22+05:18
0,0,0,0,0,0,2021-03-01 15:25:31+05:18
0,0,0,0,0,0,2021-03-01 15:26:40+05:18
0,0,0,0,0,0,2021-03-01 15:28:03+05:18
0,0,0,0,0,0,2021-03-08 18:41:24+05:18
1,1,1,1,1,1,2021-03-08 18:50:34+05:18
0,0,0,0,0,0,2021-03-08 18:51:12+05:18
0,0,0,0,0,0,2021-03-08 18:51:49+05:18
1,1,1,1,0,0,2021-03-08 23:51:13+05:18
0,0,0,0,0,0,2021-03-09 01:36:43+05:18
0,1,1,1,0,0,2021-03-09 01:37:12+05:18
0,0,0,0,0,0,2021-03-09 01:37:57+05:18
1,1,1,1,1,0,2021-03-09 01:43:35+05:18
1,1,1,1,1,0,2021-03-09 01:45:29+05:18
1,1,1,1,1,0,2021-03-09 01:52:57+05:18
1,1,1,1,1,1,2021-04-07 19:02:03+01:00
1,1,1,1,1,1,2021-04-07 19:03:18+01:00
1,1,1,1,1,1,2021-04-13 13:25:19+01:00
1,1,1,1,1,1,2021-04-22 14:24:35+01:00
1,1,1,1,1,1,2021-04-22 15:50:17+01:00
1,1,1,1,0,1,2021-04-22 16:13:39+01:00
1,1,1,1,0,1,2021-04-22 16:27:24+01:00
0,0,0,0,0,0,2021-04-22 19:26:06+01:00
1,0,0,0,0,1,2021-04-22 19:26:55+01:00
0,0,0,0,0,0,2021-04-22 19:33:07+01:00
0,0,0,0,0,0,2021-04-22 19:42:58+01:00
0,0,0,0,0,0,2021-04-22 19:48:31+01:00
0,0,0,0,0,0,2021-04-22 19:48:46+01:00
0,0,0,0,0,0,2021-04-22 19:49:13+01:00
0,0,0,0,0,0,2021-04-22 20:09:43+01:00
1,1,1,1,1,1,2021-05-03 11:54:56+01:00
1,1,1,1,1,1,2021-05-03 11:55:22+01:00
1,1,1,1,1,1,2021-05-03 11:55:31+01:00
1,1,0,0,0,0,2021-05-03 12:35:06+01:00
1,1,0,0,0,0,2021-05-03 12:35:15+01:00
1,1,0,0,0,0,2021-05-03 12:52:59+01:00
1,1,0,0,0,0,2021-05-03 13:03:20+01:00
1,1,0,0,0,0,2021-05-03 13:29:00+01:00
0,1,0,0,0,0,2021-05-03 13:35:33+01:00
1,1,1,1,1,1,2021-05-03 15:37:15+01:00
1,1,1,1,1,1,2021-05-03 15:39:51+01:00
1,1,1,1,1,1,2021-05-03 15:40:06+01:00
0,0,0,0,0,0,2021-05-03 16:07:32+01:00
1,1,0,1,0,1,2021-05-04 12:55:55+01:00
1,1,1,1,1,1,2021-05-04 21:24:52+01:00
1,1,1,1,1,1,2021-05-04 21:26:04+01:00
1,1,1,1,1,0,2021-05-04 21:49:43+01:00
1,1,1,1,1,0,2021-05-04 22:24:40+01:00
0,1,1,1,0,0,2021-05-04 23:09:49+01:00
1,1,1,1,1,1,2021-05-04 23:44:26+01:00
1,1,1,1,1,1,2021-05-05 00:10:52+01:00
1,1,1,1,1,1,2021-05-05 00:11:26+01:00
0,0,0,0,0,0,2021-05-05 00:24:20+01:00
1,0,0,0,0,1,2021-05-05 00:24:28+01:00
0,0,0,0,0,0,2021-05-05 00:24:35+01:00
0,0,0,0,0,0,2021-05-05 00:25:14+01:00
0,0,0,0,0,0,2021-05-05 00:25:32+01:00
0,0,0,0,0,0,2021-05-05 00:26:16+01:00
1,0,0,0,0,1,2021-05-05 00:26:57+01:00
0,0,0,0,0,0,2021-05-05 00:28:04+01:00
0,0,0,0,0,0,2021-05-05 00:28:41+01:00
0,0,0,0,0,0,2021-05-05 00:29:02+01:00
0,0,0,0,0,0,2021-05-05 00:29:29+01:00
0,0,0,0,0,0,2021-05-05 00:29:50+01:00
0,0,0,0,0,0,2021-05-05 00:30:12+01:00
1,1,0,0,0,0,2021-05-05 11:54:17+01:00
1,1,0,0,0,0,2021-05-05 12:07:04+01:00
1,1,0,0,0,0,2021-05-05 12:17:50+01:00
1,1,0,0,0,0,2021-05-05 12:19:28+01:00
1,1,0,0,0,0,2021-05-05 12:19:36+01:00
1,1,0,0,0,0,2021-05-05 12:19:43+01:00
1,1,0,0,0,0,2021-05-05 12:19:52+01:00
1,1,0,0,0,0,2021-05-05 12:20:02+01:00
1,1,0,0,0,0,2021-05-05 12:29:49+01:00
1,1,0,0,0,0,2021-05-05 12:32:35+01:00
1,1,0,0,0,0,2021-05-05 12:32:41+01:00
1,1,0,0,0,0,2021-05-05 12:32:46+01:00
1,1,0,0,0,0,2021-05-05 12:33:19+01:00
1,1,0,0,0,0,2021-05-05 12:33:29+01:00
1,1,1,1,0,1,2021-05-05 13:25:57+01:00
1,1,1,1,1,1,2021-05-05 13:33:46+01:00
1,1,1,1,1,1,2021-05-05 13:33:56+01:00
1,1,0,1,0,1,2021-05-05 14:04:34+01:00
1,1,0,1,0,1,2021-05-05 14:14:58+01:00
1,1,0,1,0,1,2021-05-05 14:15:48+01:00
1,1,1,1,0,0,2021-05-05 14:40:28+01:00
1,1,0,1,1,0,2021-05-05 14:40:48+01:00
1,0,0,0,0,1,2021-05-05 14:59:41+01:00
1,0,0,0,0,1,2021-05-05 15:13:53+01:00
0,0,0,0,0,0,2021-05-05 15:14:28+01:00
0,0,0,0,0,0,2021-05-05 15:15:40+01:00
0,0,0,0,0,0,2021-05-05 16:38:25+01:00
0,0,0,0,0,0,2021-05-05 16:49:20+01:00
0,0,0,0,0,0,2021-05-05 16:49:30+01:00
0,0,0,0,0,0,2022-03-01 15:18:50+00:00
