Acquisition,Preparation,Modeling,Training,Evaluation,Prediction,time
2,8,1,4,3,5,2018-03-03 04:40:06+05:18
1,1,0,0,0,1,2018-03-03 15:27:18+05:18
0,0,0,0,0,0,2018-03-03 15:28:23+05:18
0,0,0,0,0,0,2018-03-12 20:43:24+05:18
0,0,0,0,0,0,2018-03-15 12:13:26+05:18
0,0,0,0,0,0,2018-03-16 21:25:51+05:18
0,0,0,0,0,0,2018-03-16 22:01:32+05:18
0,0,0,0,0,0,2018-03-16 22:07:43+05:18
0,0,0,0,0,0,2018-03-16 22:11:35+05:18
0,0,0,0,0,0,2018-03-16 22:23:17+05:18
0,0,0,0,0,0,2018-03-16 22:26:03+05:18
0,0,0,0,0,0,2018-03-16 22:28:09+05:18
0,0,0,0,0,0,2018-03-16 22:29:26+05:18
0,0,0,0,0,0,2018-03-16 22:31:38+05:18
0,0,0,0,0,0,2018-03-16 22:33:37+05:18
0,0,0,0,0,0,2018-03-16 22:47:23+05:18
0,0,0,0,0,0,2018-03-16 22:48:40+05:18
0,0,0,0,0,0,2018-03-16 22:50:04+05:18
0,0,0,0,0,0,2018-03-16 22:51:12+05:18
0,0,0,0,0,0,2018-03-16 23:15:25+05:18
0,0,0,0,0,0,2018-03-16 23:18:00+05:18
0,0,0,0,0,0,2018-03-16 23:28:36+05:18
0,0,0,0,0,0,2018-03-16 23:29:33+05:18
0,0,0,0,0,0,2018-03-16 23:38:58+05:18
0,0,0,0,0,0,2018-03-16 23:42:17+05:18
0,0,0,0,0,0,2018-03-16 23:45:58+05:18
0,0,0,0,0,0,2018-03-16 23:46:41+05:18
0,0,0,0,0,0,2020-10-27 21:08:27+00:00
0,0,0,0,0,0,2021-02-08 20:21:26+00:00
0,0,0,0,0,0,2021-03-19 22:36:22+00:00
0,0,0,0,0,0,2021-03-25 21:46:12+00:00
0,0,0,0,0,0,2021-03-29 17:19:12+00:00
0,0,0,0,0,0,2021-06-01 22:00:38+00:00
0,0,0,0,0,0,2021-09-09 02:45:57+05:18
0,0,0,0,0,0,2021-10-21 17:52:30+00:00
0,0,0,0,0,0,2021-12-13 19:45:45+00:00
0,0,0,0,0,0,2022-01-13 00:42:23+00:00
0,0,0,0,0,0,2022-01-14 15:59:49+05:18
0,0,0,0,0,0,2022-01-14 16:00:03+05:18
0,0,0,0,0,0,2022-01-14 16:00:15+05:18
0,0,0,0,0,0,2022-01-14 10:42:17+00:00
0,0,0,0,0,0,2022-01-14 16:00:40+05:18
0,0,0,0,0,0,2022-01-14 16:00:51+05:18
0,0,0,0,0,0,2022-01-14 10:42:56+00:00
0,0,0,0,0,0,2022-01-14 16:01:10+05:18
0,0,0,0,0,0,2022-01-14 16:01:21+05:18
0,0,0,0,0,0,2022-01-14 16:01:32+05:18
0,0,0,0,0,0,2022-01-14 16:01:40+05:18
0,0,0,0,0,0,2022-01-14 16:01:50+05:18
0,0,0,0,0,0,2022-01-14 10:43:57+00:00
0,0,0,0,0,0,2022-01-14 16:01:57+05:18
0,0,0,0,0,0,2022-01-14 16:02:04+05:18
0,0,0,0,0,0,2022-01-14 10:44:14+00:00
0,0,0,0,0,0,2022-01-14 10:44:20+00:00
0,0,0,0,0,0,2022-01-14 10:44:24+00:00
0,0,0,0,0,0,2022-01-14 16:02:52+05:18
0,0,0,0,0,0,2022-01-14 16:03:01+05:18
0,0,0,0,0,0,2022-01-14 16:03:11+05:18
