Acquisition,Preparation,Modeling,Training,Evaluation,Prediction,time
0,0,0,0,0,0,2021-06-17 14:37:56+08:00
0,0,0,0,0,0,2021-06-17 14:42:57+08:00
0,0,0,0,0,0,2021-06-18 15:20:36+08:00
0,0,0,0,0,0,2021-06-18 16:16:41+08:00
0,0,0,0,0,0,2021-06-18 18:33:19+08:00
0,0,0,0,0,0,2021-06-18 21:13:58+08:00
0,0,0,0,0,0,2021-06-19 08:50:43+08:00
0,0,0,0,0,0,2021-06-20 15:07:09+08:00
0,1,0,0,0,0,2021-06-20 15:32:07+08:00
0,1,0,0,0,0,2021-06-21 12:28:42+08:00
0,0,0,0,0,0,2021-06-21 12:49:32+08:00
0,0,0,0,0,0,2021-06-22 09:46:20+08:00
0,0,0,0,0,0,2021-06-22 09:48:05+08:00
0,0,0,0,0,0,2021-06-22 12:43:23+08:00
0,1,0,0,0,0,2021-06-22 13:30:50+08:00
0,2,0,0,0,0,2021-06-22 18:10:18+08:00
0,2,0,0,0,0,2021-06-22 18:51:25+08:00
0,0,0,0,0,0,2021-06-22 20:58:49+08:00
0,0,0,0,0,0,2021-06-22 21:14:27+08:00
0,2,0,0,0,0,2021-06-22 21:41:15+08:00
0,0,0,0,0,0,2021-06-22 21:42:48+08:00
0,2,0,0,0,0,2021-06-22 23:19:02+08:00
0,0,0,0,0,0,2021-06-23 09:25:59+08:00
0,1,0,0,0,0,2021-06-23 16:45:35+08:00
0,0,0,0,0,0,2021-06-23 17:09:15+08:00
0,3,0,0,0,0,2021-06-23 17:16:05+08:00
0,2,0,0,0,0,2021-06-23 17:21:48+08:00
0,1,0,0,0,0,2021-06-23 23:17:02+08:00
0,1,0,0,0,0,2021-06-23 23:21:46+08:00
0,2,0,0,0,0,2021-06-24 00:20:00+08:00
0,1,0,0,0,0,2021-06-24 09:10:27+08:00
0,2,0,0,0,0,2021-06-24 09:41:57+08:00
0,3,0,0,0,0,2021-06-24 16:07:55+08:00
0,3,0,0,0,0,2021-06-24 18:45:53+08:00
0,2,0,0,0,0,2021-06-26 15:48:57+08:00
0,2,0,0,0,0,2021-06-26 16:07:19+08:00
0,1,0,0,0,0,2021-06-26 16:08:13+08:00
0,1,0,0,0,0,2021-06-26 16:42:22+08:00
0,2,0,0,0,0,2021-06-27 14:12:56+08:00
0,2,0,0,0,0,2021-06-27 17:47:19+08:00
0,1,0,0,0,0,2021-06-27 23:12:11+08:00
0,1,0,0,0,0,2021-06-28 13:05:20+08:00
0,1,0,0,0,0,2021-06-29 16:04:19+08:00
0,1,0,0,0,0,2021-06-29 18:11:52+08:00
0,2,0,0,0,0,2021-06-30 09:48:38+08:00
0,1,0,0,0,0,2021-06-30 13:56:29+08:00
0,2,0,0,0,0,2021-06-30 16:04:26+08:00
0,4,0,0,0,0,2021-06-30 21:07:13+08:00
0,1,0,0,0,0,2021-06-30 21:09:19+08:00
0,1,0,0,0,0,2021-07-01 08:30:36+08:00
0,2,0,0,0,0,2021-07-01 08:34:25+08:00
0,2,0,0,0,0,2021-07-01 15:19:23+08:00
0,1,0,0,0,0,2021-07-02 09:50:32+08:00
0,2,0,0,0,0,2021-07-02 18:47:52+08:00
0,1,0,0,0,0,2021-07-02 22:20:06+08:00
0,2,0,0,0,0,2021-07-03 00:31:05+08:00
0,1,0,0,0,0,2021-07-03 08:55:55+08:00
0,2,0,0,0,0,2021-07-03 09:35:13+08:00
0,1,0,0,0,0,2021-07-03 13:07:05+08:00
0,5,0,0,0,0,2021-07-03 20:39:43+08:00
0,5,0,0,0,0,2021-07-04 16:32:51+08:00
0,1,0,0,0,0,2021-07-04 22:14:01+08:00
0,2,0,0,0,0,2021-07-05 10:05:08+08:00
0,0,0,0,0,0,2021-07-05 12:50:59+08:00
0,1,0,0,0,0,2021-07-05 14:59:33+08:00
0,1,0,0,0,0,2021-07-05 15:00:03+08:00
0,1,0,0,0,0,2021-07-05 21:08:28+08:00
0,1,0,0,0,0,2021-07-06 14:20:09+08:00
0,3,0,0,0,0,2021-07-06 20:37:03+08:00
0,1,0,0,0,0,2021-07-06 20:48:25+08:00
0,3,0,0,0,0,2021-07-06 21:26:41+08:00
0,2,0,0,0,0,2021-07-07 13:21:19+08:00
0,4,0,0,0,0,2021-07-07 16:05:16+08:00
0,3,0,0,0,0,2021-07-07 16:18:49+08:00
0,0,0,0,0,0,2021-07-10 13:43:19+08:00
0,0,0,0,0,0,2021-07-11 10:10:03+08:00
0,0,0,0,0,0,2021-07-11 14:17:26+08:00
0,0,0,0,0,0,2021-07-11 17:00:26+08:00
0,0,0,0,0,0,2021-07-11 17:19:30+08:00
0,0,0,0,0,0,2021-07-12 10:09:05+08:00
0,3,0,0,0,0,2021-07-13 08:56:39+08:00
0,2,0,0,0,0,2021-07-13 09:16:12+08:00
0,3,0,0,0,0,2021-07-14 09:39:05+08:00
0,3,0,0,0,0,2021-07-14 13:47:10+08:00
0,1,0,0,0,0,2021-07-14 19:01:20+08:00
0,4,0,0,0,0,2021-07-14 21:56:18+08:00
0,0,0,0,0,0,2021-07-15 09:10:51+08:00
0,0,0,0,0,0,2021-07-15 09:53:14+08:00
0,1,0,0,0,0,2021-07-15 10:02:30+08:00
0,1,0,0,0,0,2021-07-15 13:29:22+08:00
0,1,0,0,0,0,2021-07-15 14:48:41+08:00
0,0,0,0,0,0,2021-07-16 09:15:09+08:00
0,3,0,0,0,0,2021-07-16 13:05:42+08:00
0,2,0,0,0,0,2021-07-16 15:05:31+08:00
0,1,0,0,0,0,2021-07-16 15:58:35+08:00
0,1,0,0,0,0,2021-07-16 23:50:23+08:00
0,0,0,0,0,0,2021-07-16 23:50:51+08:00
0,0,0,0,0,0,2021-07-17 00:41:36+08:00
0,1,0,0,0,0,2021-07-17 01:11:52+08:00
0,0,0,0,0,0,2021-07-17 09:02:30+08:00
0,1,0,0,0,0,2021-07-17 09:08:24+08:00
0,0,0,0,0,0,2021-07-17 09:42:08+08:00
0,0,0,0,0,0,2021-07-17 09:46:31+08:00
0,0,0,0,0,0,2021-07-17 09:46:52+08:00
0,0,0,0,0,0,2021-07-17 09:48:41+08:00
0,0,0,0,0,0,2021-07-17 13:55:19+08:00
0,3,0,0,0,0,2021-07-18 13:03:19+08:00
0,1,0,0,0,0,2021-07-18 14:09:04+08:00
0,4,0,0,0,0,2021-07-18 16:21:39+08:00
0,2,0,0,0,0,2021-07-18 16:29:06+08:00
0,1,0,0,0,0,2021-07-18 17:42:47+08:00
0,1,0,0,0,0,2021-07-18 22:49:58+08:00
0,1,0,0,0,0,2021-07-18 23:34:09+08:00
0,1,0,0,0,0,2021-07-19 19:34:26+08:00
0,1,0,0,0,0,2021-07-19 19:34:46+08:00
0,1,0,0,0,0,2021-07-19 20:26:11+08:00
0,1,0,0,0,0,2021-07-19 20:29:51+08:00
0,1,0,0,0,0,2021-07-19 20:40:09+08:00
0,4,0,0,0,0,2021-07-20 20:57:24+08:00
0,2,0,0,0,0,2021-07-21 10:10:30+08:00
0,3,0,0,0,0,2021-07-21 13:29:51+08:00
0,2,0,0,0,0,2021-07-21 14:13:03+08:00
0,1,0,0,0,0,2021-07-21 14:16:37+08:00
0,1,0,0,0,0,2021-07-21 18:37:36+08:00
0,1,0,0,0,0,2021-07-21 21:35:48+08:00
0,2,0,0,0,0,2021-07-22 08:34:10+08:00
0,2,0,0,0,0,2021-07-22 08:34:30+08:00
0,0,0,0,0,0,2021-07-24 09:43:27+08:00
0,2,0,0,0,0,2021-07-24 14:31:53+08:00
0,4,0,0,0,0,2021-07-24 16:49:45+08:00
0,2,0,0,0,0,2021-07-24 17:22:45+08:00
0,2,0,0,0,0,2021-07-24 17:29:49+08:00
0,2,0,0,0,0,2021-07-24 17:55:20+08:00
0,1,0,0,0,0,2021-07-24 17:55:41+08:00
0,1,0,0,0,0,2021-07-24 21:37:47+08:00
0,1,0,0,0,0,2021-07-24 21:38:09+08:00
0,1,0,0,0,0,2021-07-24 22:00:07+08:00
0,1,0,0,0,0,2021-07-25 00:22:22+08:00
0,0,0,0,0,0,2021-07-25 00:27:24+08:00
0,0,0,0,0,0,2021-07-25 00:27:47+08:00
0,1,0,0,0,0,2021-07-25 00:35:48+08:00
0,1,0,0,0,0,2021-07-25 00:36:38+08:00
0,0,0,0,0,0,2021-07-25 09:41:09+08:00
0,0,0,0,0,0,2021-07-25 09:41:45+08:00
0,2,0,0,0,0,2021-07-25 09:42:17+08:00
0,5,0,0,0,0,2021-07-25 15:01:54+08:00
0,1,0,0,0,0,2021-07-26 12:45:39+08:00
0,1,0,0,0,0,2021-07-28 09:00:09+08:00
0,4,0,0,0,0,2021-07-28 16:39:42+08:00
0,1,0,0,0,0,2021-07-28 16:40:48+08:00
0,0,0,0,0,0,2021-07-28 19:07:06+08:00
0,1,0,0,0,0,2021-07-28 19:07:39+08:00
0,1,0,0,0,0,2021-07-28 19:10:25+08:00
0,3,0,0,0,0,2021-07-29 09:22:35+08:00
0,4,0,0,0,0,2021-07-29 14:40:13+08:00
0,0,0,0,0,0,2021-07-29 14:43:05+08:00
0,0,0,0,0,0,2021-07-30 10:19:48+08:00
0,3,0,0,0,0,2021-07-30 10:20:18+08:00
0,4,0,0,0,0,2021-07-30 15:14:46+08:00
0,2,0,0,0,0,2021-07-30 15:15:52+08:00
0,1,0,0,0,0,2021-07-30 19:11:30+08:00
0,1,0,0,0,0,2021-07-31 10:10:37+08:00
0,2,0,0,0,0,2021-07-31 10:11:22+08:00
0,1,0,0,0,0,2021-07-31 12:53:13+08:00
0,0,0,0,0,0,2021-07-31 21:19:25+08:00
0,0,0,0,0,0,2021-08-01 08:43:35+08:00
0,2,0,0,0,0,2021-08-01 13:11:14+08:00
0,0,0,0,0,0,2021-08-01 13:15:18+08:00
0,1,0,0,0,0,2021-08-01 13:15:43+08:00
0,0,0,0,0,0,2021-08-01 13:29:55+08:00
0,1,0,0,0,0,2021-08-01 13:31:20+08:00
0,0,0,0,0,0,2021-08-01 13:31:45+08:00
0,1,0,0,0,0,2021-08-01 13:32:30+08:00
0,1,0,0,0,0,2021-08-01 13:33:39+08:00
0,0,0,0,0,0,2021-08-01 15:39:57+08:00
1,1,0,0,0,0,2021-08-01 15:40:58+08:00
1,1,0,0,0,0,2021-08-01 15:46:38+08:00
1,1,0,0,0,0,2021-08-01 15:54:26+08:00
0,2,0,0,0,0,2021-08-01 16:46:55+08:00
1,1,0,0,0,0,2021-08-01 16:49:01+08:00
0,2,0,0,0,0,2021-08-01 18:14:45+08:00
1,1,0,0,0,0,2021-08-01 18:15:29+08:00
1,2,0,0,0,0,2021-08-02 13:09:17+08:00
1,2,0,0,0,0,2021-08-02 13:38:30+08:00
0,1,0,0,0,0,2021-08-02 16:02:14+08:00
0,1,0,0,0,0,2021-08-02 16:02:35+08:00
0,2,0,0,0,0,2021-08-02 16:18:50+08:00
0,1,0,0,0,0,2021-08-02 16:41:04+08:00
1,2,0,0,0,0,2021-08-02 16:52:33+08:00
1,1,0,0,0,0,2021-08-03 10:08:31+08:00
1,4,0,0,0,0,2021-08-03 16:16:36+08:00
0,2,0,0,0,0,2021-08-03 20:27:01+08:00
1,1,0,0,0,0,2021-08-04 12:36:06+08:00
0,0,0,0,0,0,2021-08-04 17:21:58+08:00
0,1,0,0,0,0,2021-08-06 10:07:52+08:00
0,0,0,0,0,0,2021-08-06 10:10:27+08:00
0,0,0,0,0,0,2021-08-06 10:16:32+08:00
0,3,0,0,0,0,2021-08-06 12:35:56+08:00
0,3,0,0,0,0,2021-08-06 12:49:29+08:00
0,2,0,0,0,0,2021-08-07 09:59:46+08:00
0,0,0,0,0,0,2021-08-07 10:08:14+08:00
0,0,0,0,0,0,2021-08-08 13:22:11+08:00
1,2,0,0,0,0,2021-08-09 14:07:14+08:00
0,2,0,0,0,0,2021-08-09 14:50:14+08:00
0,2,0,0,0,0,2021-08-09 15:31:01+08:00
0,0,0,0,0,0,2021-08-09 15:31:44+08:00
0,2,0,0,0,0,2021-08-09 16:14:08+08:00
0,0,0,0,0,0,2021-08-09 16:28:47+08:00
0,0,0,0,0,0,2021-08-09 16:29:17+08:00
0,1,0,0,0,0,2021-08-09 18:01:23+08:00
0,2,0,0,0,0,2021-08-09 18:14:27+08:00
0,0,0,0,0,0,2021-08-09 18:15:02+08:00
0,2,0,0,0,0,2021-08-09 18:22:18+08:00
0,0,0,0,0,0,2021-08-09 18:22:41+08:00
0,0,0,0,0,0,2021-08-09 22:17:14+08:00
0,0,0,0,0,0,2021-08-09 22:19:14+08:00
0,0,0,0,0,0,2021-08-11 15:33:33+08:00
0,0,0,0,0,0,2021-08-11 15:34:01+08:00
1,1,0,0,0,0,2021-08-14 08:28:28+08:00
1,1,0,0,0,0,2021-08-14 08:29:36+08:00
1,7,0,0,0,0,2021-08-14 10:12:56+08:00
0,0,0,0,0,0,2021-08-14 15:32:12+08:00
1,2,0,0,0,0,2021-08-14 15:38:51+08:00
0,1,0,0,0,0,2021-08-15 10:10:00+08:00
0,1,0,0,0,0,2021-08-15 10:11:25+08:00
0,1,0,0,0,0,2021-08-15 10:12:38+08:00
0,4,0,0,0,0,2021-08-15 12:56:30+08:00
0,1,0,0,0,0,2021-08-15 13:04:12+08:00
0,1,0,0,0,0,2021-08-15 13:04:58+08:00
0,1,0,0,0,0,2021-08-15 13:05:50+08:00
0,1,0,0,0,0,2021-08-15 13:15:33+08:00
0,1,0,0,0,0,2021-08-15 13:33:11+08:00
0,1,0,0,0,0,2021-08-15 13:33:33+08:00
0,1,0,0,0,0,2021-08-15 13:34:52+08:00
0,1,0,0,0,0,2021-08-15 13:41:31+08:00
0,3,0,0,0,0,2021-08-15 15:13:32+08:00
0,0,0,0,0,0,2021-08-15 15:13:59+08:00
0,0,0,0,0,0,2021-08-15 21:18:56+08:00
0,3,0,0,0,0,2021-08-15 21:28:31+08:00
0,0,0,0,0,0,2021-08-15 21:29:07+08:00
0,3,0,0,0,0,2021-08-15 22:21:38+08:00
0,0,0,0,0,0,2021-08-15 22:25:12+08:00
0,2,0,0,0,0,2021-08-16 08:38:22+08:00
0,1,0,0,0,0,2021-08-16 09:43:16+08:00
0,2,0,0,0,0,2021-08-16 10:13:16+08:00
0,2,0,0,0,0,2021-08-16 13:13:57+08:00
0,1,0,0,0,0,2021-08-16 13:22:42+08:00
0,0,0,0,0,0,2021-08-16 13:23:06+08:00
0,0,0,0,0,0,2021-08-16 13:36:40+08:00
0,0,0,0,0,0,2021-08-16 13:37:06+08:00
0,0,0,0,0,0,2021-08-16 14:22:19+08:00
0,0,0,0,0,0,2021-08-16 14:22:45+08:00
1,2,0,0,0,0,2021-08-16 16:00:53+08:00
0,1,0,0,0,0,2021-08-16 16:13:01+08:00
0,1,0,0,0,0,2021-08-16 16:14:13+08:00
0,0,0,0,0,0,2021-08-16 16:14:44+08:00
1,1,0,0,0,0,2021-08-16 16:19:02+08:00
1,3,0,0,0,0,2021-08-16 16:32:45+08:00
0,0,0,0,0,0,2021-08-16 16:33:14+08:00
0,2,0,0,0,0,2021-08-16 19:00:01+08:00
0,0,0,0,0,0,2021-08-16 19:01:16+08:00
1,1,0,0,0,0,2021-08-16 19:03:07+08:00
1,1,0,0,0,0,2021-08-16 19:06:41+08:00
0,2,0,0,0,0,2021-08-16 19:06:59+08:00
0,0,0,0,0,0,2021-08-16 19:07:20+08:00
1,1,0,0,0,0,2021-08-16 19:12:40+08:00
0,1,0,0,0,0,2021-08-16 19:22:32+08:00
0,2,0,0,0,0,2021-08-16 20:49:39+08:00
1,1,0,0,0,0,2021-08-16 20:50:09+08:00
0,0,0,0,0,0,2021-08-16 20:50:30+08:00
0,2,0,0,0,0,2021-08-16 21:56:27+08:00
0,0,0,0,0,0,2021-08-16 21:57:00+08:00
1,1,0,0,0,0,2021-08-16 22:25:43+08:00
0,0,0,0,0,0,2021-08-17 12:54:00+08:00
0,0,0,0,0,0,2021-08-17 12:54:42+08:00
0,2,0,0,0,0,2021-08-17 13:10:06+08:00
0,2,0,0,0,0,2021-08-17 13:17:31+08:00
0,0,0,0,0,0,2021-08-17 13:18:00+08:00
0,0,0,0,0,0,2021-08-17 13:22:06+08:00
1,1,0,0,0,0,2021-08-17 15:18:02+08:00
1,6,0,0,0,0,2021-08-17 15:19:48+08:00
0,2,0,0,0,0,2021-08-17 15:50:27+08:00
0,2,0,0,0,0,2021-08-17 15:53:48+08:00
0,2,0,0,0,0,2021-08-17 18:06:21+08:00
0,0,0,0,0,0,2021-08-17 18:07:26+08:00
0,0,0,0,0,0,2021-08-17 23:08:20+08:00
0,0,0,0,0,0,2021-08-17 23:11:44+08:00
0,1,0,0,0,0,2021-08-18 00:01:41+08:00
0,0,0,0,0,0,2021-08-18 08:33:07+08:00
0,2,0,0,0,0,2021-08-18 09:09:33+08:00
0,2,0,0,0,0,2021-08-18 09:20:26+08:00
0,0,0,0,0,0,2021-08-18 09:22:51+08:00
1,1,0,0,0,0,2021-08-19 09:13:56+08:00
0,1,0,0,0,0,2021-08-19 09:19:25+08:00
1,1,0,0,0,0,2021-08-19 09:30:50+08:00
1,1,0,0,0,0,2021-08-19 09:31:50+08:00
1,1,0,0,0,0,2021-08-19 09:34:11+08:00
1,1,0,0,0,0,2021-08-19 09:42:36+08:00
0,0,0,0,0,0,2021-08-20 09:09:51+08:00
0,0,0,0,0,0,2021-08-20 09:10:23+08:00
0,0,0,0,0,0,2021-08-20 09:16:02+08:00
0,0,0,0,0,0,2021-08-20 09:16:24+08:00
0,0,0,0,0,0,2021-08-20 13:14:52+08:00
0,0,0,0,0,0,2021-08-20 14:37:39+08:00
0,0,0,0,0,0,2021-08-20 14:42:45+08:00
0,0,0,0,0,0,2021-08-20 14:46:51+08:00
0,0,0,0,0,0,2021-08-20 15:16:27+08:00
0,0,0,0,0,0,2021-08-20 15:28:09+08:00
2,2,0,0,0,0,2021-08-20 15:28:56+08:00
2,2,0,0,0,0,2021-08-20 15:30:28+08:00
2,2,0,0,0,0,2021-08-20 15:39:25+08:00
0,0,0,0,0,0,2021-08-20 15:47:19+08:00
2,2,0,0,0,0,2021-08-20 18:08:13+08:00
0,0,0,0,0,0,2021-08-20 18:09:27+08:00
2,2,0,0,0,0,2021-08-20 18:22:36+08:00
0,0,0,0,0,0,2021-08-20 19:22:46+08:00
0,0,0,0,0,0,2021-08-21 09:43:38+08:00
0,0,0,0,0,0,2021-08-21 12:41:11+08:00
0,2,0,0,0,0,2021-08-21 13:01:46+08:00
0,0,0,0,0,0,2021-08-21 13:02:14+08:00
0,2,0,0,0,0,2021-08-21 13:14:30+08:00
0,0,0,0,0,0,2021-08-21 13:17:30+08:00
0,2,0,0,0,0,2021-08-21 13:22:29+08:00
0,2,0,0,0,0,2021-08-21 13:24:49+08:00
0,0,0,0,0,0,2021-08-21 13:25:09+08:00
0,2,0,0,0,0,2021-08-21 13:29:57+08:00
0,2,0,0,0,0,2021-08-21 13:32:48+08:00
0,0,0,0,0,0,2021-08-21 13:33:14+08:00
0,3,0,0,0,0,2021-08-21 13:46:28+08:00
0,0,0,0,0,0,2021-08-21 13:47:05+08:00
0,0,0,0,0,0,2021-08-21 13:55:29+08:00
1,1,0,0,0,0,2021-08-21 13:57:22+08:00
1,1,0,0,0,0,2021-08-21 15:13:21+08:00
2,2,0,0,0,0,2021-08-21 15:17:18+08:00
1,1,0,0,0,0,2021-08-21 15:19:28+08:00
0,0,0,0,0,0,2021-08-21 15:27:07+08:00
2,6,0,0,0,0,2021-08-21 15:33:06+08:00
0,0,0,0,0,0,2021-08-21 15:41:56+08:00
0,0,0,0,0,0,2021-08-21 15:44:39+08:00
0,0,0,0,0,0,2021-08-21 15:47:39+08:00
0,0,0,0,0,0,2021-08-21 15:58:14+08:00
0,0,0,0,0,0,2021-08-21 15:59:45+08:00
0,0,0,0,0,0,2021-08-21 16:26:14+08:00
0,0,0,0,0,0,2021-08-21 18:44:45+08:00
0,0,0,0,0,0,2021-08-21 19:08:26+08:00
0,0,0,0,0,0,2021-08-21 19:10:29+08:00
0,0,0,0,0,0,2021-08-21 19:12:14+08:00
0,0,0,0,0,0,2021-08-21 19:33:54+08:00
0,0,0,0,0,0,2021-08-21 23:30:28+08:00
0,0,0,0,0,0,2021-08-22 09:48:12+08:00
0,0,0,0,0,0,2021-08-22 09:54:07+08:00
0,0,0,0,0,0,2021-08-22 13:06:40+08:00
0,0,0,0,0,0,2021-08-22 13:15:20+08:00
0,0,0,0,0,0,2021-08-22 13:26:24+08:00
0,0,0,0,0,0,2021-08-22 13:30:56+08:00
0,0,0,0,0,0,2021-08-22 13:37:08+08:00
1,4,0,0,0,0,2021-08-22 14:26:31+08:00
0,0,0,0,0,0,2021-08-22 15:10:24+08:00
0,0,0,0,0,0,2021-08-22 17:29:06+08:00
1,1,0,0,0,0,2021-08-22 17:31:57+08:00
0,0,0,0,0,0,2021-08-22 17:36:58+08:00
0,0,0,0,0,0,2021-08-22 17:43:16+08:00
0,0,0,0,0,0,2021-08-22 18:10:22+08:00
0,0,0,0,0,0,2021-08-22 20:50:08+08:00
2,2,0,0,0,0,2021-08-22 21:33:25+08:00
0,0,0,0,0,0,2021-08-22 21:35:13+08:00
0,0,0,0,0,0,2021-08-23 09:11:57+08:00
0,2,0,0,0,0,2021-08-23 09:14:44+08:00
0,0,0,0,0,0,2021-08-23 09:37:46+08:00
0,0,0,0,0,0,2021-08-23 10:00:16+08:00
0,0,0,0,0,0,2021-08-23 10:02:10+08:00
0,0,0,0,0,0,2021-08-23 12:48:06+08:00
0,0,0,0,0,0,2021-08-23 12:52:39+08:00
0,0,0,0,0,0,2021-08-23 13:12:03+08:00
0,0,0,0,0,0,2021-08-23 13:56:51+08:00
0,0,0,0,0,0,2021-08-23 14:00:20+08:00
0,0,0,0,0,0,2021-08-23 14:12:35+08:00
0,0,0,0,0,0,2021-08-23 14:25:27+08:00
0,0,0,0,0,0,2021-08-23 14:34:40+08:00
0,0,0,0,0,0,2021-08-23 14:35:15+08:00
0,0,0,0,0,0,2021-08-23 14:37:01+08:00
0,0,0,0,0,0,2021-08-23 14:39:28+08:00
0,2,0,0,0,0,2021-08-23 14:51:51+08:00
0,0,0,0,0,0,2021-08-23 15:49:24+08:00
0,4,0,0,0,0,2021-08-23 15:55:05+08:00
0,0,0,0,0,0,2021-08-23 15:59:44+08:00
0,0,0,0,0,0,2021-08-23 16:25:06+08:00
0,0,0,0,0,0,2021-08-23 16:26:45+08:00
0,2,0,0,0,0,2021-08-23 17:40:22+08:00
0,0,0,0,0,0,2021-08-23 17:41:35+08:00
0,0,0,0,0,0,2021-08-23 17:52:00+08:00
0,0,0,0,0,0,2021-08-23 22:09:35+08:00
0,0,0,0,0,0,2021-08-24 08:31:14+08:00
0,0,0,0,0,0,2021-08-24 08:33:06+08:00
0,0,0,0,0,0,2021-08-24 08:40:23+08:00
0,0,0,0,0,0,2021-08-24 08:45:18+08:00
0,0,0,0,0,0,2021-08-24 08:47:43+08:00
0,0,0,0,0,0,2021-08-24 08:48:58+08:00
0,0,0,0,0,0,2021-08-24 08:49:11+08:00
0,0,0,0,0,0,2021-08-24 08:54:48+08:00
0,2,0,0,0,0,2021-08-24 09:16:09+08:00
0,0,0,0,0,0,2021-08-24 09:46:19+08:00
2,10,0,0,0,0,2021-08-24 10:24:52+08:00
0,0,0,0,0,0,2021-08-24 12:35:03+08:00
0,0,0,0,0,0,2021-08-24 14:42:11+08:00
0,3,0,0,0,0,2021-08-24 15:06:52+08:00
0,0,0,0,0,0,2021-08-24 20:36:46+08:00
2,2,0,0,0,0,2021-08-25 08:41:51+08:00
2,2,0,0,0,0,2021-08-25 12:22:56+08:00
0,0,0,0,0,0,2021-08-25 21:08:23+08:00
0,0,0,0,0,0,2021-08-25 21:15:55+08:00
0,0,0,0,0,0,2021-08-26 08:52:23+08:00
0,0,0,0,0,0,2021-08-26 08:54:03+08:00
0,0,0,0,0,0,2021-08-26 09:03:16+08:00
0,0,0,0,0,0,2021-08-26 09:11:15+08:00
0,2,0,0,0,0,2021-08-26 10:12:53+08:00
0,2,0,0,0,0,2021-08-26 13:23:17+08:00
0,2,0,0,0,0,2021-08-26 14:26:21+08:00
0,0,0,0,0,0,2021-08-26 14:47:39+08:00
0,0,0,0,0,0,2021-08-26 14:48:55+08:00
0,0,0,0,0,0,2021-08-26 14:52:43+08:00
0,0,0,0,0,0,2021-08-26 16:24:11+08:00
0,0,0,0,0,0,2021-08-26 16:30:24+08:00
0,0,0,0,0,0,2021-08-26 16:42:09+08:00
0,2,0,0,0,0,2021-08-26 18:59:23+08:00
0,0,0,0,0,0,2021-08-26 19:05:36+08:00
2,2,0,0,0,0,2021-08-27 09:04:37+08:00
0,0,0,0,0,0,2021-08-27 09:06:03+08:00
1,1,0,0,1,0,2021-08-27 13:58:50+08:00
0,0,0,0,0,0,2021-08-27 14:06:19+08:00
0,0,0,0,0,0,2021-08-27 14:08:18+08:00
1,1,0,0,1,0,2021-08-27 14:10:34+08:00
0,0,0,0,0,0,2021-08-27 14:11:07+08:00
0,0,0,0,0,0,2021-08-27 14:14:28+08:00
1,1,0,0,1,0,2021-08-27 14:24:40+08:00
1,1,0,0,1,0,2021-08-27 14:29:18+08:00
1,1,0,0,1,0,2021-08-27 14:30:00+08:00
1,1,0,0,1,0,2021-08-27 15:51:33+08:00
0,0,0,0,0,0,2021-08-27 16:39:52+08:00
0,0,0,0,0,0,2021-08-27 16:45:23+08:00
0,0,0,0,0,0,2021-08-27 16:47:35+08:00
0,0,0,0,0,0,2021-08-27 17:02:45+08:00
0,0,0,0,0,0,2021-08-27 17:06:02+08:00
0,0,0,0,0,0,2021-08-27 17:07:21+08:00
0,0,0,0,0,0,2021-08-27 18:55:35+08:00
0,0,0,0,0,0,2021-08-27 18:57:12+08:00
0,3,0,0,0,0,2021-08-28 09:58:13+08:00
0,0,0,0,0,0,2021-08-28 10:14:56+08:00
0,0,0,0,0,0,2021-08-28 10:16:44+08:00
0,0,0,0,0,0,2021-08-28 12:39:35+08:00
0,0,0,0,0,0,2021-08-28 12:41:18+08:00
0,0,0,0,0,0,2021-08-28 12:53:18+08:00
0,0,0,0,0,0,2021-08-28 13:06:45+08:00
0,0,0,0,0,0,2021-08-28 13:10:28+08:00
0,0,0,0,0,0,2021-08-28 14:41:08+08:00
0,0,0,0,0,0,2021-08-28 13:06:45+08:00
0,0,0,0,0,0,2021-08-28 13:06:45+08:00
0,0,0,0,0,0,2021-08-28 19:04:31+08:00
1,1,1,1,0,0,2021-08-28 23:05:03+08:00
0,2,0,0,0,0,2021-08-28 23:06:29+08:00
1,1,1,1,0,0,2021-08-28 23:08:42+08:00
0,2,0,0,0,0,2021-08-28 23:09:29+08:00
0,2,0,0,0,0,2021-08-28 23:11:11+08:00
2,2,1,1,1,0,2021-08-28 23:14:18+08:00
1,1,0,0,1,0,2021-08-28 23:31:33+08:00
1,1,0,0,1,0,2021-08-28 23:42:51+08:00
0,0,0,0,0,0,2021-08-28 23:49:21+08:00
0,0,0,0,0,0,2021-08-28 23:50:47+08:00
1,1,1,1,0,0,2021-08-29 08:37:32+08:00
1,1,1,1,0,0,2021-08-29 08:41:31+08:00
1,1,1,1,0,0,2021-08-29 08:44:19+08:00
1,1,1,1,0,0,2021-08-29 08:59:45+08:00
1,1,1,1,0,0,2021-08-29 09:10:59+08:00
0,0,0,0,0,0,2021-08-29 09:22:20+08:00
1,1,1,1,0,0,2021-08-29 09:32:02+08:00
0,0,0,0,0,0,2021-08-29 09:47:18+08:00
0,2,0,0,0,0,2021-08-29 09:52:52+08:00
0,2,0,0,0,0,2021-08-29 09:58:36+08:00
0,0,0,0,0,0,2021-08-29 09:59:07+08:00
0,0,0,0,0,0,2021-08-29 09:59:34+08:00
1,1,1,1,0,0,2021-08-29 13:44:39+08:00
2,4,1,1,1,0,2021-08-29 15:28:27+08:00
0,0,0,0,0,0,2021-08-29 15:28:50+08:00
0,0,0,0,0,0,2021-08-29 15:34:25+08:00
0,2,0,0,0,0,2021-09-10 12:33:43+02:00
2,2,0,0,0,0,2021-09-10 17:26:02+02:00
2,2,0,0,0,0,2021-09-10 17:51:16+02:00
0,0,0,0,0,0,2021-09-10 17:52:21+02:00
0,0,0,0,0,0,2021-09-10 17:58:56+02:00
4,4,1,1,1,0,2021-09-10 19:26:21+02:00
1,1,1,1,0,0,2021-09-10 20:35:58+02:00
2,2,0,0,0,0,2021-09-10 20:58:45+02:00
0,0,0,0,0,0,2021-09-11 05:38:58+02:00
1,1,1,1,0,0,2021-09-11 06:32:47+02:00
0,1,0,0,0,0,2021-09-11 08:14:53+02:00
0,0,0,0,0,0,2021-09-11 08:15:36+02:00
0,0,0,0,0,0,2021-09-11 13:17:14+02:00
0,0,0,0,0,0,2021-09-11 15:17:47+02:00
0,0,0,0,0,0,2021-09-11 16:22:06+02:00
0,0,0,0,0,0,2021-09-12 14:47:05+02:00
0,0,0,0,0,0,2021-09-12 15:33:32+02:00
2,2,0,0,0,0,2021-09-12 15:35:08+02:00
0,0,0,0,0,0,2021-09-12 15:47:13+02:00
0,0,0,0,0,0,2021-09-12 15:53:29+02:00
0,0,0,0,0,0,2021-09-12 17:37:35+02:00
0,0,0,0,0,0,2021-09-15 18:01:36+02:00
0,2,0,0,0,0,2021-09-27 15:10:12+02:00
0,0,0,0,0,0,2021-09-27 15:10:38+02:00
0,0,0,0,0,0,2021-09-27 15:24:11+02:00
0,0,0,0,0,0,2021-09-27 15:28:15+02:00
0,0,0,0,0,0,2021-09-29 09:14:31+02:00
1,5,1,1,0,0,2021-10-03 14:11:11+02:00
0,0,0,0,0,0,2021-10-03 14:16:43+02:00
1,1,0,0,0,0,2021-10-03 14:36:31+02:00
0,4,0,0,0,0,2021-10-03 14:55:19+02:00
0,0,0,0,0,0,2021-10-03 15:18:45+02:00
0,0,0,0,0,0,2021-10-03 15:33:05+02:00
1,1,0,0,0,0,2021-10-03 15:36:03+02:00
0,4,0,0,0,0,2021-10-03 14:36:31+02:00
0,0,0,0,0,0,2021-10-03 15:39:04+02:00
0,0,0,0,0,0,2021-10-03 15:45:30+02:00
1,1,1,1,0,0,2021-10-04 07:05:41+02:00
0,1,0,0,0,0,2021-11-05 10:33:51+08:00
0,0,0,0,0,0,2021-11-05 12:15:50+08:00
0,0,0,0,0,0,2021-11-05 12:25:49+08:00
0,0,0,0,0,0,2021-11-05 12:32:21+08:00
0,0,0,0,0,0,2021-11-07 12:20:49+08:00
0,0,0,0,0,0,2021-11-07 12:21:45+08:00
0,0,0,0,0,0,2021-11-07 17:59:30+08:00
0,0,0,0,0,0,2021-11-08 15:10:17+08:00
0,0,0,0,0,0,2021-11-14 11:48:44+08:00
0,3,0,0,0,0,2021-11-14 11:49:05+08:00
0,1,0,0,0,0,2021-11-17 12:16:08+08:00
0,3,0,0,0,0,2021-11-17 13:47:24+08:00
0,0,0,0,0,0,2021-11-17 14:13:09+08:00
0,0,0,0,0,0,2021-11-17 16:12:22+08:00
0,2,0,0,0,0,2021-11-17 16:12:47+08:00
0,0,0,0,0,0,2021-11-17 17:01:47+08:00
0,5,0,0,0,0,2021-11-17 17:02:09+08:00
0,0,0,0,0,0,2021-11-17 17:37:05+08:00
0,2,0,0,0,0,2021-11-17 19:47:15+08:00
0,0,0,0,0,0,2021-11-17 19:50:18+08:00
0,2,0,0,0,0,2021-11-17 19:53:56+08:00
3,5,0,0,1,0,2021-11-17 20:33:39+08:00
0,0,0,0,0,0,2021-11-17 20:49:27+08:00
3,11,0,0,1,0,2021-11-20 08:03:45+08:00
3,7,0,0,1,0,2021-11-20 08:45:02+08:00
0,0,0,0,0,0,2021-11-20 08:49:07+08:00
0,1,0,0,0,0,2021-11-20 08:56:33+08:00
0,0,0,0,0,0,2021-11-20 09:07:27+08:00
0,0,0,0,0,0,2021-11-20 09:13:48+08:00
0,0,0,0,0,0,2021-11-24 14:31:29+08:00
0,1,0,0,0,0,2021-11-25 15:48:00+08:00
0,0,0,0,0,0,2021-11-25 15:48:12+08:00
0,0,0,0,0,0,2022-04-03 17:03:59+08:00
0,0,0,0,0,0,2022-04-03 17:08:16+08:00
0,2,0,0,0,0,2022-04-03 17:58:40+08:00
0,0,0,0,0,0,2022-04-03 18:04:05+08:00
0,0,0,0,0,0,2022-04-03 18:04:16+08:00
0,2,0,0,0,0,2022-04-28 08:56:01+08:00
0,0,0,0,0,0,2022-04-28 08:56:26+08:00
0,1,0,0,0,0,2022-04-30 10:12:36+08:00
4,12,1,1,1,0,2022-05-04 21:07:37+08:00
1,1,1,1,0,0,2022-05-22 08:54:24+08:00
0,0,0,0,0,0,2022-05-22 09:18:01+08:00
0,0,0,0,0,0,2022-05-22 09:32:07+08:00
1,1,1,1,0,0,2022-05-22 09:48:13+08:00
0,2,0,0,0,0,2022-05-22 12:21:51+08:00
0,0,0,0,0,0,2022-05-22 12:22:12+08:00
2,2,1,1,1,0,2022-05-22 12:27:26+08:00
1,1,1,1,0,0,2022-05-22 13:18:46+08:00
1,1,1,1,0,0,2022-05-22 15:10:08+08:00
1,1,1,1,0,0,2022-05-28 08:30:25+08:00
1,1,1,1,0,0,2022-05-28 08:32:38+08:00
0,1,0,0,0,0,2022-05-28 14:17:15+08:00
0,1,0,0,0,0,2022-05-28 20:58:54+08:00
0,0,0,0,0,0,2022-05-28 22:26:44+08:00
1,1,1,1,0,0,2022-05-29 08:32:05+08:00
0,0,0,0,0,0,2022-06-05 13:34:12+08:00
0,0,0,0,0,0,2022-06-05 13:35:12+08:00
2,2,1,1,1,0,2022-06-16 16:11:46+08:00
0,0,0,0,0,0,2022-06-18 08:27:24+08:00
0,0,0,0,0,0,2022-06-18 14:22:24+08:00
0,0,0,0,0,0,2022-06-18 14:50:37+08:00
