Acquisition,Preparation,Modeling,Training,Evaluation,Prediction,time
0,0,0,0,0,0,2016-09-08 10:08:42-04:00
0,0,0,0,0,0,2016-09-22 20:12:22+02:00
0,0,0,0,0,0,2016-09-23 15:27:09+02:00
0,0,0,0,0,0,2016-11-07 21:28:15+01:00
0,0,0,0,0,0,2016-11-09 19:56:03+01:00
0,0,0,0,0,0,2016-11-09 22:39:48+01:00
0,0,0,0,0,0,2016-11-10 18:34:43+01:00
0,0,0,0,0,0,2016-11-10 18:46:25+01:00
0,0,0,0,0,0,2016-11-10 21:25:51+01:00
0,0,0,0,0,0,2016-11-11 23:46:33+01:00
0,0,0,0,0,0,2016-11-14 17:38:11+01:00
0,0,0,0,0,0,2016-11-14 17:52:05+01:00
0,0,0,0,0,0,2016-11-14 21:32:16+01:00
0,0,0,0,0,0,2016-11-15 18:14:51+01:00
0,0,0,0,0,0,2016-11-15 21:23:52+01:00
0,0,0,0,0,0,2016-11-15 21:32:43+01:00
0,0,0,0,0,0,2016-11-16 20:21:03+01:00
0,0,0,0,0,0,2016-11-16 23:49:17+01:00
0,0,0,0,0,0,2016-11-17 22:24:32+01:00
0,0,0,0,0,0,2016-11-18 17:29:37+01:00
0,0,0,0,0,0,2016-11-21 21:59:10+01:00
0,0,0,0,0,0,2016-11-21 23:29:57+01:00
0,0,0,0,0,0,2016-11-23 16:46:50+01:00
0,0,0,0,0,0,2016-11-23 16:50:18+01:00
0,0,0,0,0,0,2016-11-23 19:56:46+01:00
0,0,0,0,0,0,2016-11-24 18:21:30+01:00
0,0,0,0,0,0,2016-11-24 22:05:24+01:00
0,0,0,0,0,0,2016-12-01 16:39:19+01:00
0,0,0,0,0,0,2016-12-02 15:41:35-05:00
0,0,0,0,0,0,2016-12-02 15:57:22-05:00
0,0,0,0,0,0,2016-12-02 16:14:36-05:00
0,0,0,0,0,0,2016-12-06 16:30:58-05:00
0,0,0,0,0,0,2016-12-07 11:01:41-05:00
0,0,0,0,0,0,2016-12-08 16:14:18-05:00
0,0,0,0,0,0,2016-12-08 16:23:00-05:00
0,0,0,0,0,0,2016-12-08 17:02:57-05:00
0,0,0,0,0,0,2016-12-12 13:20:19-05:00
0,0,0,0,0,0,2016-12-13 10:12:17-05:00
0,0,0,0,0,0,2016-12-13 12:21:33-05:00
0,0,0,0,0,0,2016-12-13 13:28:08-05:00
0,0,0,0,0,0,2016-12-13 13:45:23-05:00
0,0,0,0,0,0,2016-12-13 14:15:26-05:00
0,0,0,0,0,0,2016-12-13 14:21:17-05:00
0,0,0,0,0,0,2016-12-13 18:05:19-05:00
0,0,0,0,0,0,2016-12-14 11:41:49-05:00
0,0,0,0,0,0,2016-12-14 17:10:23-05:00
0,0,0,0,0,0,2016-12-14 17:12:02-05:00
0,0,0,0,0,0,2016-12-14 18:06:33-05:00
0,0,0,0,0,0,2016-12-14 22:42:01-05:00
0,0,0,0,0,0,2016-12-14 23:07:52-05:00
0,0,0,0,0,0,2016-12-14 23:42:49-05:00
0,0,0,0,0,0,2016-12-14 23:59:48-05:00
0,0,0,0,0,0,2016-12-15 00:12:17-05:00
0,0,0,0,0,0,2016-12-15 10:21:57-05:00
0,0,0,0,0,0,2016-12-15 11:09:47-05:00
0,0,0,0,0,0,2016-12-16 10:24:35-05:00
0,0,0,0,0,0,2016-12-16 10:33:20-05:00
0,0,0,0,0,0,2017-01-03 17:56:21-05:00
0,0,0,0,0,0,2017-01-11 23:50:21-05:00
0,0,0,0,0,0,2017-01-11 23:54:57-05:00
0,0,0,0,0,0,2017-01-12 00:00:46-05:00
0,0,0,0,0,0,2017-01-12 21:52:56-05:00
0,0,0,0,0,0,2017-01-13 10:04:05-05:00
0,0,0,0,0,0,2017-01-13 15:56:17-05:00
0,0,0,0,0,0,2017-01-13 15:57:16-05:00
0,0,0,0,0,0,2017-01-13 16:16:07-05:00
0,0,0,0,0,0,2017-01-13 16:22:51-05:00
0,0,0,0,0,0,2017-01-13 17:38:34-05:00
0,0,0,0,0,0,2017-01-13 23:29:07-05:00
0,0,0,0,0,0,2017-01-13 23:58:00-05:00
0,0,0,0,0,0,2017-01-14 00:45:32-05:00
0,0,0,0,0,0,2017-01-14 00:49:22-05:00
0,0,0,0,0,0,2017-01-17 09:18:42-05:00
0,0,0,0,0,0,2017-01-17 13:57:52-05:00
0,0,0,0,0,0,2017-01-17 14:05:49-05:00
0,0,0,0,0,0,2017-01-17 14:33:51-05:00
0,0,0,0,0,0,2017-01-19 14:41:24-05:00
0,0,0,0,0,0,2017-01-19 15:58:48-05:00
0,0,0,0,0,0,2017-01-19 16:03:47-05:00
0,0,0,0,0,0,2017-01-19 17:44:00-05:00
0,0,0,0,0,0,2017-01-20 17:11:47-05:00
0,0,0,0,0,0,2017-01-23 17:49:56-05:00
0,0,0,0,0,0,2017-01-23 17:55:42-05:00
0,0,0,0,0,0,2017-01-23 18:16:35-05:00
0,0,0,0,0,0,2017-01-24 19:39:23-05:00
0,0,0,0,0,0,2017-01-26 19:57:22-05:00
0,0,0,0,0,0,2017-01-27 17:39:29-05:00
0,0,0,0,0,0,2017-01-27 17:51:50-05:00
0,0,0,0,0,0,2017-01-27 17:57:08-05:00
0,0,0,0,0,0,2017-01-30 10:54:03-05:00
0,0,0,0,0,0,2017-01-31 11:44:22-05:00
0,0,0,0,0,0,2017-02-02 17:01:37-05:00
0,0,0,0,0,0,2017-02-02 19:03:11-05:00
0,0,0,0,0,0,2017-02-03 18:12:10-05:00
0,0,0,0,0,0,2017-02-03 18:32:39-05:00
0,0,0,0,0,0,2017-02-03 19:52:03-05:00
0,0,0,0,0,0,2017-02-03 21:11:53-05:00
0,0,0,0,0,0,2017-02-03 21:25:52-05:00
0,0,0,0,0,0,2017-02-14 16:36:48-05:00
0,0,0,0,0,0,2017-02-14 17:10:57-05:00
0,0,0,0,0,0,2017-02-14 17:12:56-05:00
0,0,0,0,0,0,2017-02-14 18:16:22-05:00
0,0,0,0,0,0,2017-02-14 18:22:26-05:00
0,0,0,0,0,0,2017-02-16 16:24:47-05:00
0,0,0,0,0,0,2017-02-16 18:12:13-05:00
0,0,0,0,0,0,2017-02-21 12:45:43-05:00
0,0,0,0,0,0,2017-02-21 12:49:44-05:00
0,0,0,0,0,0,2017-02-21 15:29:34-05:00
0,0,0,0,0,0,2017-02-21 18:08:38-05:00
0,0,0,0,0,0,2017-02-22 11:23:16-05:00
0,0,0,0,0,0,2017-02-22 11:54:44-05:00
0,0,0,0,0,0,2017-02-22 19:59:06-05:00
0,0,0,0,0,0,2017-02-22 20:01:08-05:00
0,0,0,0,0,0,2017-02-22 20:11:52-05:00
0,0,0,0,0,0,2017-02-23 10:04:47-05:00
0,0,0,0,0,0,2017-02-23 10:09:35-05:00
0,0,0,0,0,0,2017-02-23 11:40:25-05:00
0,0,0,0,0,0,2017-02-23 12:36:36-05:00
0,0,0,0,0,0,2017-02-23 13:22:45-05:00
0,0,0,0,0,0,2017-02-23 17:08:03-05:00
0,0,0,0,0,0,2017-02-23 17:36:10-05:00
0,0,0,0,0,0,2017-02-23 19:21:44-05:00
0,0,0,0,0,0,2017-02-24 11:22:50-05:00
0,0,0,0,0,0,2017-02-24 11:24:23-05:00
0,0,0,0,0,0,2017-02-24 11:35:14-05:00
0,0,0,0,0,0,2017-02-24 15:57:52-05:00
0,0,0,0,0,0,2017-02-24 16:13:25-05:00
0,0,0,0,0,0,2017-02-24 16:57:29-05:00
0,0,0,0,0,0,2017-02-24 21:11:57-05:00
0,0,0,0,0,0,2017-02-24 21:13:26-05:00
0,0,0,0,0,0,2017-02-27 18:30:50-05:00
0,0,0,0,0,0,2017-02-27 18:55:26-05:00
0,0,0,0,0,0,2017-03-02 18:16:54-05:00
0,0,0,0,0,0,2017-03-02 18:23:26-05:00
0,0,0,0,0,0,2017-03-02 18:32:08-05:00
0,0,0,0,0,0,2017-03-03 15:55:18-05:00
0,0,0,0,0,0,2017-03-09 13:39:21-05:00
0,0,0,0,0,0,2017-03-09 14:46:54-05:00
0,0,0,0,0,0,2017-03-09 18:00:32-05:00
0,0,0,0,0,0,2017-03-11 12:01:43-05:00
0,0,0,0,0,0,2017-03-11 12:13:42-05:00
0,0,0,0,0,0,2017-03-13 11:04:39-04:00
0,0,0,0,0,0,2017-03-15 17:00:39-04:00
0,0,0,0,0,0,2017-03-15 20:13:15-04:00
0,0,0,0,0,0,2017-03-17 15:51:34-04:00
0,0,0,0,0,0,2017-03-17 21:16:01-04:00
0,0,0,0,0,0,2017-03-20 17:56:46-04:00
0,0,0,0,0,0,2017-04-02 21:56:19-04:00
0,0,0,0,0,0,2017-04-13 12:32:37-04:00
0,0,0,0,0,0,2017-04-13 15:19:43-04:00
0,0,0,0,0,0,2017-04-13 15:20:34-04:00
0,0,0,0,0,0,2017-04-19 14:50:15-04:00
0,0,0,0,0,0,2017-05-24 15:38:52-04:00
0,0,0,0,0,0,2017-05-30 18:47:27-04:00
0,0,0,0,0,0,2017-06-20 18:04:52-04:00
0,0,0,0,0,0,2017-06-28 14:40:39-04:00
0,0,0,0,0,0,2017-06-29 20:37:45-04:00
0,0,0,0,0,0,2017-06-29 20:44:43-04:00
0,0,0,0,0,0,2017-06-30 15:44:06-04:00
0,0,0,0,0,0,2017-06-30 15:45:21-04:00
0,0,0,0,0,0,2017-07-04 17:24:07-04:00
0,0,0,0,0,0,2017-07-05 10:48:35-04:00
0,0,0,0,0,0,2017-07-06 12:05:17-04:00
0,0,0,0,0,0,2017-07-06 12:50:04-04:00
0,0,0,0,0,0,2017-07-06 13:28:05-04:00
0,0,0,0,0,0,2017-07-11 15:33:27-04:00
0,0,0,0,0,0,2017-07-11 15:36:59-04:00
0,0,0,0,0,0,2017-07-11 15:38:45-04:00
0,0,0,0,0,0,2017-07-11 18:13:13-04:00
0,0,0,0,0,0,2017-07-11 18:13:45-04:00
0,0,0,0,0,0,2017-07-11 18:14:53-04:00
0,0,0,0,0,0,2017-07-11 18:16:28-04:00
0,0,0,0,0,0,2017-07-11 18:17:06-04:00
0,0,0,0,0,0,2017-07-20 11:49:48-04:00
0,0,0,0,0,0,2017-07-20 12:14:31-04:00
0,0,0,0,0,0,2017-07-20 17:00:48-04:00
0,0,0,0,0,0,2017-07-20 17:18:41-04:00
0,0,0,0,0,0,2017-07-20 17:24:42-04:00
0,0,0,0,0,0,2017-07-26 15:30:49-04:00
0,0,0,0,0,0,2017-07-27 15:10:21-04:00
0,0,0,0,0,0,2017-07-27 15:19:24-04:00
0,0,0,0,0,0,2017-07-27 15:27:47-04:00
0,0,0,0,0,0,2017-07-27 15:29:20-04:00
0,0,0,0,0,0,2017-07-31 20:13:49-04:00
0,0,0,0,0,0,2017-08-03 21:47:54-04:00
0,0,0,0,0,0,2017-08-03 22:03:54-04:00
0,0,0,0,0,0,2017-08-03 22:05:48-04:00
0,0,0,0,0,0,2017-08-03 22:06:15-04:00
0,0,0,0,0,0,2017-08-03 22:22:37-04:00
0,0,0,0,0,0,2017-08-03 22:26:56-04:00
0,0,0,0,0,0,2017-08-03 22:48:23-04:00
0,0,0,0,0,0,2017-08-03 22:51:26-04:00
0,0,0,0,0,0,2017-08-04 14:26:17-04:00
0,0,0,0,0,0,2017-08-04 21:18:35-04:00
0,0,0,0,0,0,2017-08-04 21:21:41-04:00
0,0,0,0,0,0,2017-08-04 21:22:49-04:00
0,0,0,0,0,0,2017-08-11 21:10:26-04:00
0,0,0,0,0,0,2017-08-11 21:23:58-04:00
0,0,0,0,0,0,2017-08-12 14:48:04-04:00
0,0,0,0,0,0,2017-08-14 14:31:11-04:00
0,0,0,0,0,0,2017-08-14 14:34:54-04:00
0,0,0,0,0,0,2017-08-14 16:24:53-04:00
0,0,0,0,0,0,2017-09-06 20:31:34-04:00
0,0,0,0,0,0,2017-09-07 19:39:06-04:00
0,0,0,0,0,0,2017-09-07 19:55:13-04:00
0,0,0,0,0,0,2017-09-08 16:50:25-04:00
0,0,0,0,0,0,2017-09-14 23:53:39-04:00
0,0,0,0,0,0,2017-09-14 23:57:45-04:00
0,1,0,1,1,0,2017-09-15 14:19:05-04:00
0,0,0,0,0,0,2017-09-15 17:33:26-04:00
0,0,0,0,0,0,2017-09-15 17:34:28-04:00
0,0,0,0,0,0,2017-09-15 17:40:36-04:00
0,0,0,0,0,0,2017-09-15 20:30:56-04:00
0,0,0,0,0,0,2017-09-15 20:31:24-04:00
0,0,0,0,0,0,2017-09-15 21:01:46-04:00
0,0,0,0,0,0,2017-09-16 11:55:45-04:00
0,0,0,0,0,0,2017-09-16 11:59:26-04:00
0,0,0,0,0,0,2017-09-16 12:01:54-04:00
0,0,0,0,0,0,2017-09-19 13:46:56-04:00
0,0,0,0,0,0,2017-09-19 14:06:59-04:00
0,0,0,0,0,0,2017-09-19 14:32:38-04:00
0,0,0,0,0,0,2017-09-19 14:58:16-04:00
0,0,0,0,0,0,2017-09-19 15:27:21-04:00
0,0,0,0,0,0,2017-09-19 15:32:12-04:00
0,0,0,0,0,0,2017-09-20 11:45:10-04:00
0,0,0,0,0,0,2017-09-20 12:00:20-04:00
0,0,0,0,0,0,2017-09-20 12:17:28-04:00
0,0,0,0,0,0,2017-09-20 12:18:35-04:00
0,0,0,0,0,0,2017-09-20 12:35:04-04:00
0,0,0,0,0,0,2017-09-20 14:03:27-04:00
0,0,0,0,0,0,2017-09-20 14:10:59-04:00
0,0,0,0,0,0,2017-09-20 14:54:51-04:00
0,0,0,0,0,0,2017-09-27 14:43:01-04:00
0,0,0,0,0,0,2017-09-27 15:02:32-04:00
0,0,0,0,0,0,2017-09-27 15:04:33-04:00
0,0,0,0,0,0,2017-09-27 15:34:31-04:00
0,0,0,0,0,0,2017-09-27 15:50:17-04:00
0,0,0,0,0,0,2017-09-27 16:12:23-04:00
0,0,0,0,0,0,2017-09-27 16:14:34-04:00
0,0,0,0,0,0,2017-09-28 12:21:13-04:00
0,0,0,0,0,0,2017-09-28 12:22:45-04:00
0,0,0,0,0,0,2017-09-28 12:24:26-04:00
1,1,0,1,1,0,2017-09-28 16:54:26-04:00
1,1,0,1,1,0,2017-09-28 17:36:36-04:00
0,0,0,0,0,0,2017-09-28 17:39:52-04:00
0,0,0,0,0,0,2017-09-29 15:46:01-04:00
0,0,0,0,0,0,2017-09-29 16:25:41-04:00
0,0,0,0,0,0,2017-09-29 17:43:04-04:00
0,0,0,0,0,0,2017-10-02 13:20:34-04:00
0,0,0,0,0,0,2017-10-02 13:24:45-04:00
0,0,0,0,0,0,2017-10-02 13:27:19-04:00
0,1,0,1,1,0,2017-10-02 15:44:44-04:00
0,0,0,0,0,0,2017-10-02 16:26:31-04:00
0,0,0,0,0,0,2017-10-02 17:15:31-04:00
0,0,0,0,0,0,2017-10-03 14:02:41-04:00
1,1,0,1,1,0,2017-10-03 15:21:11-04:00
0,0,0,0,0,0,2017-10-03 15:49:26-04:00
0,0,0,0,0,0,2017-10-03 16:51:16-04:00
0,0,0,0,0,0,2017-10-03 17:46:36-04:00
0,0,0,0,0,0,2017-10-04 13:02:38-04:00
0,0,0,0,0,0,2017-10-04 15:45:36-04:00
0,0,0,0,0,0,2017-10-05 11:31:39-04:00
0,0,0,0,0,0,2017-10-05 11:32:26-04:00
0,0,0,0,0,0,2017-10-05 11:43:04-04:00
0,0,0,0,0,0,2017-10-05 11:57:26-04:00
0,0,0,0,0,0,2017-10-05 13:22:06-04:00
0,0,0,0,0,0,2017-10-05 16:33:11-04:00
0,0,0,0,0,0,2017-10-05 17:46:09-04:00
0,0,0,0,0,0,2017-10-05 18:21:38-04:00
0,0,0,0,0,0,2017-10-05 18:25:35-04:00
0,0,0,0,0,0,2017-10-05 18:39:05-04:00
0,0,0,0,0,0,2017-10-05 19:04:54-04:00
0,0,0,0,0,0,2017-10-06 16:04:20-04:00
0,0,0,0,0,0,2017-10-06 16:31:04-04:00
0,0,0,0,0,0,2017-10-06 16:59:37-04:00
0,0,0,0,0,0,2017-10-10 07:57:55-04:00
0,0,0,0,0,0,2017-10-11 10:57:51-04:00
0,0,0,0,0,0,2017-10-11 11:02:14-04:00
0,0,0,0,0,0,2017-10-11 11:32:43-04:00
0,0,0,0,0,0,2017-10-11 11:47:49-04:00
1,1,0,1,1,0,2017-10-11 12:24:36-04:00
0,0,0,0,0,0,2017-10-11 15:44:54-04:00
0,0,0,0,0,0,2017-10-12 11:00:26-04:00
0,0,0,0,0,0,2017-10-12 11:51:43-04:00
0,0,0,0,0,0,2017-10-12 15:37:31-04:00
0,0,0,0,0,0,2017-10-12 21:02:05-04:00
0,0,0,0,0,0,2017-10-13 10:29:35-04:00
0,0,0,0,0,0,2017-10-13 10:30:34-04:00
0,0,0,0,0,0,2017-10-13 10:30:57-04:00
0,0,0,0,0,0,2017-10-18 13:38:05-04:00
0,0,0,0,0,0,2017-10-18 13:44:16-04:00
0,0,0,0,0,0,2017-10-18 13:46:44-04:00
0,0,0,0,0,0,2017-10-18 14:04:23-04:00
0,0,0,0,0,0,2017-10-19 13:38:14-04:00
0,0,0,0,0,0,2017-10-19 14:12:46-04:00
0,0,0,0,0,0,2017-10-19 14:53:03-04:00
0,0,0,0,0,0,2017-10-21 13:48:59-04:00
0,0,0,0,0,0,2017-10-24 12:25:55-04:00
0,0,0,0,0,0,2017-10-24 12:43:33-04:00
0,0,0,0,0,0,2017-10-24 14:46:31-04:00
0,0,0,0,0,0,2017-10-25 09:21:33-04:00
0,0,0,0,0,0,2017-10-25 12:29:14-04:00
0,0,0,0,0,0,2017-11-01 14:26:05-04:00
0,0,0,0,0,0,2017-11-02 10:32:32-04:00
0,0,0,0,0,0,2017-11-02 10:58:55-04:00
0,0,0,0,0,0,2017-11-02 11:07:18-04:00
0,0,0,0,0,0,2017-11-02 11:19:44-04:00
0,0,0,0,0,0,2017-11-02 11:29:40-04:00
0,0,0,0,0,0,2017-11-02 11:32:50-04:00
0,0,0,0,0,0,2017-11-02 12:01:24-04:00
0,0,0,0,0,0,2017-11-02 12:07:43-04:00
0,0,0,0,0,0,2017-11-02 12:14:00-04:00
0,0,0,0,0,0,2017-11-02 12:16:10-04:00
1,1,0,1,1,0,2017-11-02 13:05:21-04:00
0,0,0,0,0,0,2017-11-02 13:25:17-04:00
0,0,0,0,0,0,2017-11-02 13:42:15-04:00
0,0,0,0,0,0,2017-11-02 14:47:59-04:00
0,0,0,0,0,0,2017-11-02 15:43:07-04:00
0,0,0,0,0,0,2017-11-02 16:11:41-04:00
0,0,0,0,0,0,2017-11-02 18:06:59-04:00
0,0,0,0,0,0,2017-11-02 18:24:39-04:00
0,0,0,0,0,0,2017-11-02 18:28:38-04:00
0,0,0,0,0,0,2017-11-02 18:33:40-04:00
0,0,0,0,0,0,2017-11-03 09:44:46-04:00
0,0,0,0,0,0,2017-11-03 11:16:26-04:00
0,0,0,0,0,0,2017-11-03 11:53:10-04:00
0,0,0,0,0,0,2017-11-09 16:52:07-05:00
0,0,0,0,0,0,2017-11-09 17:40:55-05:00
0,0,0,0,0,0,2017-11-10 13:14:30-05:00
0,0,0,0,0,0,2017-11-10 14:28:36-05:00
0,0,0,0,0,0,2017-11-10 16:16:38-05:00
0,0,0,0,0,0,2017-11-10 20:27:24-05:00
0,0,0,0,0,0,2017-11-10 20:27:43-05:00
1,1,0,0,0,0,2017-11-10 21:22:27-05:00
0,0,0,0,0,0,2017-11-10 21:32:55-05:00
0,0,0,0,0,0,2017-11-10 21:54:16-05:00
0,0,0,0,0,0,2017-11-10 22:01:49-05:00
0,0,0,0,0,0,2017-11-10 22:14:00-05:00
0,0,0,0,0,0,2017-11-10 22:17:03-05:00
0,0,0,0,0,0,2017-11-10 22:21:26-05:00
0,0,0,0,0,0,2017-11-10 22:33:19-05:00
0,0,0,0,0,0,2017-11-10 22:37:51-05:00
0,0,0,0,0,0,2017-11-10 22:48:31-05:00
1,1,0,0,0,0,2017-11-11 13:09:44-05:00
0,0,0,0,0,0,2017-11-11 13:13:54-05:00
0,0,0,0,0,0,2017-11-11 13:19:20-05:00
0,0,0,0,0,0,2017-11-11 13:21:18-05:00
0,0,0,0,0,0,2017-11-11 13:37:57-05:00
1,1,0,0,0,0,2017-11-11 13:49:39-05:00
0,0,0,0,0,0,2017-11-11 13:55:50-05:00
0,0,0,0,0,0,2017-11-11 15:37:30-05:00
0,0,0,0,0,0,2017-11-12 17:45:41-05:00
1,1,0,1,1,0,2017-11-12 17:53:59-05:00
0,0,0,0,0,0,2017-11-12 18:11:12-05:00
0,0,0,0,0,0,2017-11-12 19:05:31-05:00
0,0,0,0,0,0,2017-11-12 19:25:56-05:00
0,0,0,0,0,0,2017-11-13 12:37:46-05:00
0,0,0,0,0,0,2017-11-13 12:49:44-05:00
0,0,0,0,0,0,2017-11-13 12:56:40-05:00
0,0,0,0,0,0,2017-11-13 17:34:13-05:00
0,0,0,0,0,0,2017-11-13 17:55:13-05:00
0,0,0,0,0,0,2017-11-13 17:56:39-05:00
1,1,0,0,0,0,2017-11-16 10:05:28-05:00
0,0,0,0,0,0,2017-11-23 11:02:58-05:00
0,0,0,0,0,0,2017-11-23 11:06:46-05:00
0,0,0,0,0,0,2017-11-30 11:27:18-05:00
0,0,0,0,0,0,2017-11-30 12:41:31-05:00
0,0,0,0,0,0,2017-11-30 12:42:26-05:00
0,0,0,0,0,0,2017-11-30 20:31:59-05:00
1,1,0,0,0,0,2017-12-20 11:50:25-05:00
1,1,0,0,0,0,2017-12-20 12:04:51-05:00
1,1,0,1,1,0,2018-01-05 15:18:01-05:00
1,1,0,1,1,0,2018-01-05 17:44:26-05:00
2,2,0,0,0,0,2018-01-08 14:05:00-05:00
0,0,0,0,0,0,2018-01-08 18:49:28-05:00
1,1,0,0,0,0,2018-01-08 18:57:23-05:00
0,0,0,0,0,0,2018-01-08 19:04:14-05:00
1,1,0,0,0,0,2018-01-08 19:13:26-05:00
0,0,0,0,0,0,2018-01-08 19:18:53-05:00
1,1,0,1,1,0,2018-01-17 11:48:37-05:00
1,1,0,1,1,0,2018-01-17 12:16:54-05:00
1,1,0,1,1,0,2018-01-17 19:20:13-05:00
1,1,0,0,0,0,2018-01-18 17:12:23-05:00
0,0,0,0,0,0,2018-01-18 17:24:11-05:00
0,0,0,0,0,0,2018-01-18 22:36:10-05:00
0,0,0,0,0,0,2018-01-19 08:58:46-05:00
0,0,0,0,0,0,2018-01-19 21:43:29-05:00
0,0,0,0,0,0,2018-01-19 21:45:09-05:00
1,1,0,0,0,0,2018-01-25 11:17:41-05:00
0,0,0,0,0,0,2018-01-25 13:59:03-05:00
0,0,0,0,0,0,2018-01-25 13:59:22-05:00
0,0,0,0,0,0,2018-01-25 14:00:29-05:00
1,1,0,1,1,0,2018-02-04 12:34:23-05:00
1,1,0,1,1,0,2018-02-05 14:02:35-05:00
0,0,0,0,0,0,2018-02-06 10:32:21-05:00
0,0,0,0,0,0,2018-02-11 11:35:45-05:00
1,1,0,1,1,0,2018-02-11 11:45:23-05:00
1,1,0,1,1,0,2018-02-11 19:42:17-05:00
1,1,0,1,1,0,2018-02-15 18:26:52-05:00
1,1,0,1,1,0,2018-02-16 15:59:04-05:00
1,1,0,1,1,0,2018-02-21 17:29:33-05:00
1,1,0,1,1,0,2018-02-21 18:04:38-05:00
0,0,0,0,0,0,2018-02-21 21:16:57-05:00
0,0,0,0,0,0,2018-02-21 21:20:32-05:00
1,1,0,1,1,0,2018-02-22 16:57:30-05:00
1,1,0,1,1,0,2018-03-01 18:50:41-05:00
0,0,0,0,0,0,2018-03-02 11:57:21-05:00
0,0,0,0,0,0,2018-03-06 10:48:48-05:00
0,0,0,0,0,0,2018-03-06 15:27:09-05:00
1,1,0,1,1,0,2018-03-07 22:04:44-05:00
0,0,0,0,0,0,2018-03-08 15:17:46-05:00
0,0,0,0,0,0,2018-03-08 17:07:17-05:00
0,0,0,0,0,0,2018-03-09 20:14:39-05:00
1,1,0,0,0,0,2018-03-09 20:23:44-05:00
0,0,0,0,0,0,2018-03-10 20:22:39-05:00
0,0,0,0,0,0,2018-03-10 20:24:34-05:00
1,1,0,1,1,0,2018-03-10 20:40:48-05:00
0,0,0,0,0,0,2018-03-10 20:49:15-05:00
0,0,0,0,0,0,2018-03-11 14:02:19-04:00
0,0,0,0,0,0,2018-03-11 14:09:14-04:00
0,0,0,0,0,0,2018-03-12 11:50:41-04:00
0,0,0,0,0,0,2018-03-12 11:59:49-04:00
0,0,0,0,0,0,2018-03-12 12:23:07-04:00
0,0,0,0,0,0,2018-03-12 12:29:02-04:00
0,0,0,0,0,0,2018-03-12 12:33:00-04:00
0,0,0,0,0,0,2018-03-12 12:52:56-04:00
0,0,0,0,0,0,2018-03-12 13:03:36-04:00
0,0,0,0,0,0,2018-03-12 13:23:51-04:00
1,1,0,1,1,0,2018-03-13 21:17:13-04:00
0,0,0,0,0,0,2018-03-13 21:19:25-04:00
0,0,0,0,0,0,2018-03-14 11:50:35-04:00
0,0,0,0,0,0,2018-03-14 12:11:46-04:00
1,1,0,0,0,0,2018-03-15 21:00:27-04:00
1,1,0,1,1,0,2018-03-15 21:02:24-04:00
0,0,0,0,0,0,2018-03-15 21:18:45-04:00
0,0,0,0,0,0,2018-03-15 21:24:39-04:00
0,0,0,0,0,0,2018-03-16 07:35:45-04:00
0,0,0,0,0,0,2018-03-16 07:37:22-04:00
0,0,0,0,0,0,2018-03-16 07:47:29-04:00
0,0,0,0,0,0,2018-03-16 07:52:25-04:00
0,0,0,0,0,0,2018-03-16 08:01:04-04:00
0,0,0,0,0,0,2018-03-16 08:06:23-04:00
1,1,0,0,0,0,2018-03-16 16:27:12-04:00
1,1,0,0,0,0,2018-03-26 11:44:34-04:00
2,2,0,0,0,0,2018-03-26 11:53:09-04:00
1,1,0,0,0,0,2018-03-26 13:36:36-04:00
0,0,0,0,0,0,2018-03-26 13:38:07-04:00
1,1,0,0,0,0,2018-03-26 13:47:13-04:00
0,0,0,0,0,0,2018-03-26 13:53:30-04:00
0,0,0,0,0,0,2018-03-26 14:01:26-04:00
0,0,0,0,0,0,2018-03-26 14:03:29-04:00
0,0,0,0,0,0,2018-03-26 14:22:16-04:00
0,0,0,0,0,0,2018-03-26 14:37:32-04:00
0,0,0,0,0,0,2018-03-26 15:00:43-04:00
0,0,0,0,0,0,2018-03-26 15:06:02-04:00
1,1,0,0,0,0,2018-03-28 11:59:10-04:00
0,0,0,0,0,0,2018-03-28 12:01:16-04:00
0,0,0,0,0,0,2018-03-28 12:08:20-04:00
0,0,0,0,0,0,2018-03-28 12:09:41-04:00
1,1,0,0,0,0,2018-03-28 12:20:40-04:00
1,1,0,1,1,0,2018-04-10 09:54:53-04:00
1,1,0,0,0,0,2018-04-20 21:20:16-04:00
1,1,0,0,0,0,2018-04-23 15:46:03-04:00
1,1,0,0,0,0,2018-04-23 15:50:46-04:00
0,0,0,0,0,0,2018-04-24 18:16:07-04:00
0,0,0,0,0,0,2018-04-24 18:23:00-04:00
0,0,0,0,0,0,2018-05-01 13:15:25-07:00
1,1,0,1,1,0,2018-05-03 19:09:36-04:00
2,2,0,0,0,0,2018-05-07 09:45:53-04:00
0,0,0,0,0,0,2018-05-07 09:36:40-04:00
0,0,0,0,0,0,2018-05-07 09:43:49-04:00
1,1,0,0,0,0,2018-05-07 09:44:17-04:00
0,0,0,0,0,0,2018-05-07 09:51:31-04:00
1,1,0,0,0,0,2018-05-07 09:52:21-04:00
0,0,0,0,0,0,2018-05-07 11:12:27-04:00
0,0,0,0,0,0,2018-05-07 11:13:14-04:00
2,2,0,0,0,0,2018-05-07 12:13:30-04:00
0,0,0,0,0,0,2018-05-07 12:39:47-04:00
0,0,0,0,0,0,2018-05-07 13:58:04-04:00
0,0,0,0,0,0,2018-05-07 14:05:02-04:00
0,0,0,0,0,0,2018-05-07 17:17:35-04:00
0,0,0,0,0,0,2018-05-07 17:28:53-04:00
0,0,0,0,0,0,2018-05-07 17:32:49-04:00
0,0,0,0,0,0,2018-05-07 17:35:47-04:00
0,0,0,0,0,0,2018-05-07 18:29:42-04:00
0,0,0,0,0,0,2018-05-07 18:33:03-04:00
0,0,0,0,0,0,2018-05-07 18:59:12-04:00
0,0,0,0,0,0,2018-05-07 19:06:43-04:00
0,0,0,0,0,0,2018-05-07 19:09:47-04:00
0,0,0,0,0,0,2018-05-07 19:10:23-04:00
0,0,0,0,0,0,2018-05-07 19:16:50-04:00
0,0,0,0,0,0,2018-05-07 19:26:56-04:00
0,0,0,0,0,0,2018-05-07 19:36:38-04:00
0,0,0,0,0,0,2018-05-07 19:43:52-04:00
0,0,0,0,0,0,2018-05-07 19:47:41-04:00
0,0,0,0,0,0,2018-05-07 20:51:34-04:00
0,0,0,0,0,0,2018-05-07 20:52:09-04:00
3,3,0,0,0,0,2018-05-09 11:16:56-04:00
0,0,0,0,0,0,2018-05-09 11:25:14-04:00
0,0,0,0,0,0,2018-05-09 11:13:32-04:00
1,1,0,0,0,0,2018-05-09 11:13:47-04:00
0,0,0,0,0,0,2018-05-09 11:17:51-04:00
0,0,0,0,0,0,2018-05-09 12:54:27-04:00
0,0,0,0,0,0,2018-05-09 12:54:40-04:00
0,0,0,0,0,0,2018-05-09 12:58:21-04:00
0,0,0,0,0,0,2018-05-09 13:02:20-04:00
0,0,0,0,0,0,2018-05-09 13:05:11-04:00
0,0,0,0,0,0,2018-05-09 13:07:55-04:00
0,0,0,0,0,0,2018-05-09 13:12:00-04:00
1,1,0,0,0,0,2018-05-09 13:21:51-04:00
1,1,0,0,0,0,2018-05-09 14:04:57-04:00
1,1,0,0,0,0,2018-05-09 14:12:09-04:00
1,1,0,0,0,0,2018-05-09 14:18:20-04:00
0,0,0,0,0,0,2018-05-09 14:25:18-04:00
0,0,0,0,0,0,2018-05-09 14:34:34-04:00
0,0,0,0,0,0,2018-05-09 14:38:05-04:00
0,0,0,0,0,0,2018-05-09 14:41:55-04:00
0,0,0,0,0,0,2018-05-09 14:47:51-04:00
0,0,0,0,0,0,2018-05-09 19:30:52-04:00
1,1,0,0,0,0,2018-05-09 19:43:27-04:00
1,1,0,0,0,0,2018-05-09 19:54:44-04:00
1,1,0,0,0,0,2018-05-09 19:55:36-04:00
0,0,0,0,0,0,2018-05-09 21:42:19-04:00
0,0,0,0,0,0,2018-05-09 21:42:33-04:00
0,0,0,0,0,0,2018-05-09 21:43:36-04:00
0,0,0,0,0,0,2018-05-09 21:43:56-04:00
0,0,0,0,0,0,2018-05-09 21:44:39-04:00
0,0,0,0,0,0,2018-05-09 21:44:52-04:00
0,0,0,0,0,0,2018-05-09 21:53:48-04:00
0,0,0,0,0,0,2018-05-10 09:59:26-04:00
0,0,0,0,0,0,2018-05-10 10:12:31-04:00
0,0,0,0,0,0,2018-05-10 10:21:21-04:00
1,1,0,0,0,0,2018-05-10 10:32:17-04:00
0,0,0,0,0,0,2018-05-10 10:37:10-04:00
3,3,0,0,0,0,2018-05-10 11:05:42-04:00
0,0,0,0,0,0,2018-05-10 11:10:08-04:00
2,2,0,0,0,0,2018-05-11 11:53:22-04:00
1,1,0,0,0,0,2018-05-11 12:32:37-04:00
2,1,0,0,0,0,2018-05-11 12:35:55-04:00
0,0,0,0,0,0,2018-05-11 12:38:00-04:00
0,0,0,0,0,0,2018-05-11 13:02:54-04:00
0,0,0,0,0,0,2018-05-13 19:22:46-04:00
0,0,0,0,0,0,2018-05-13 19:53:04-04:00
3,2,0,0,0,0,2018-05-15 22:17:40-04:00
0,0,0,0,0,0,2018-05-18 17:16:32-04:00
0,0,0,0,0,0,2018-05-18 17:23:09-04:00
0,0,0,0,0,0,2018-05-18 17:25:36-04:00
2,1,0,0,0,0,2018-05-22 12:51:14-04:00
0,0,0,0,0,0,2018-05-22 13:03:38-04:00
0,0,0,0,0,0,2018-05-22 13:21:29-04:00
1,0,0,0,0,0,2018-05-22 13:53:34-04:00
0,0,0,0,0,0,2018-05-22 13:58:48-04:00
0,0,0,0,0,0,2018-05-22 16:05:24-04:00
1,1,0,0,0,0,2018-05-22 16:53:44-04:00
0,0,0,0,0,0,2018-05-24 13:02:23-07:00
2,2,0,0,0,0,2018-05-25 10:44:08-04:00
0,0,0,0,0,0,2018-05-25 11:15:15-04:00
0,0,0,0,0,0,2018-05-25 11:21:48-04:00
3,3,0,0,0,0,2018-05-25 12:34:19-04:00
0,0,0,0,0,0,2018-05-25 12:35:07-04:00
3,2,0,0,0,0,2018-05-25 13:17:07-04:00
0,0,0,0,0,0,2018-05-25 15:51:18-04:00
0,0,0,0,0,0,2018-06-06 14:08:33-04:00
1,1,0,1,1,0,2018-06-06 14:10:14-04:00
1,1,0,1,1,0,2018-06-06 14:13:27-04:00
0,0,0,0,0,0,2018-06-06 15:32:31-04:00
3,3,0,0,0,0,2018-06-10 09:19:24-04:00
1,1,0,1,1,0,2018-06-12 11:18:48-04:00
0,0,0,0,0,0,2018-06-13 23:28:19-04:00
0,0,0,0,0,0,2018-06-14 10:46:00-04:00
1,0,0,0,0,0,2018-06-15 00:22:52-04:00
0,0,0,0,0,0,2018-06-18 11:21:48-04:00
0,0,0,0,0,0,2018-06-19 11:26:54-04:00
0,0,0,0,0,0,2018-06-19 08:28:54-07:00
0,0,0,0,0,0,2018-06-19 08:30:47-07:00
0,0,0,0,0,0,2018-06-19 12:15:02-04:00
1,1,0,1,1,0,2018-07-11 16:33:44-07:00
1,1,0,1,1,0,2018-07-22 16:11:41-07:00
0,0,0,0,0,0,2018-07-23 15:36:18-07:00
0,0,0,0,0,0,2018-07-30 12:00:42-07:00
0,0,0,0,0,0,2018-07-30 13:29:38-07:00
2,1,0,0,0,0,2018-08-07 12:39:24-04:00
0,0,0,0,0,0,2018-08-07 12:41:45-04:00
0,0,0,0,0,0,2018-08-07 12:44:42-04:00
0,0,0,0,0,0,2018-08-07 13:10:29-04:00
1,0,0,0,0,0,2018-08-07 13:24:27-04:00
5,3,1,0,0,0,2018-08-14 12:50:42-04:00
0,0,0,0,0,0,2018-08-14 12:58:07-04:00
1,1,1,0,0,0,2018-08-15 15:55:34-04:00
5,5,1,0,0,0,2018-08-15 19:45:51-04:00
0,0,0,0,0,0,2018-08-15 19:46:50-04:00
0,0,0,0,0,0,2018-08-15 20:14:49-04:00
0,0,0,0,0,0,2018-08-15 20:26:19-04:00
0,0,0,0,0,0,2018-08-15 20:26:39-04:00
0,0,0,0,0,0,2018-08-15 20:33:54-04:00
0,0,0,0,0,0,2018-08-16 12:21:42-04:00
0,0,0,0,0,0,2018-08-16 12:23:01-04:00
0,0,0,0,0,0,2018-08-16 15:28:57-04:00
0,0,0,0,0,0,2018-08-16 15:47:39-04:00
0,0,0,0,0,0,2018-08-16 16:16:06-04:00
0,0,0,0,0,0,2018-08-16 16:24:14-04:00
3,3,0,0,0,0,2018-08-17 16:08:13-04:00
0,0,0,0,0,0,2018-08-17 16:26:05-04:00
0,0,0,0,0,0,2018-08-17 14:15:48-07:00
0,0,0,0,0,0,2018-08-17 17:18:13-04:00
0,0,0,0,0,0,2018-08-17 19:56:17-04:00
0,0,0,0,0,0,2018-09-05 12:13:00-04:00
0,0,0,0,0,0,2018-09-05 12:40:34-04:00
0,0,0,0,0,0,2018-09-05 12:47:32-04:00
0,0,0,0,0,0,2018-09-05 13:00:51-04:00
0,0,0,0,0,0,2018-09-05 14:48:58-04:00
0,0,0,0,0,0,2018-09-05 15:05:08-04:00
0,0,0,0,0,0,2018-09-05 15:30:03-04:00
3,3,0,1,1,0,2018-09-05 19:23:54-04:00
2,2,0,1,1,0,2018-09-05 19:52:44-04:00
1,1,0,1,1,0,2018-09-05 20:12:37-04:00
0,0,0,0,0,0,2018-09-05 20:39:42-04:00
0,0,0,0,0,0,2018-09-05 20:40:31-04:00
1,1,0,1,1,0,2018-09-05 20:40:41-04:00
1,1,0,1,1,0,2018-09-06 11:01:54-04:00
1,1,0,1,1,0,2018-09-06 11:27:08-04:00
0,0,0,0,0,0,2018-09-06 11:29:05-04:00
1,1,0,0,0,0,2018-09-06 11:30:24-04:00
1,1,0,0,0,0,2018-09-06 11:30:45-04:00
1,1,0,0,0,0,2018-09-06 11:49:39-04:00
0,0,0,0,0,0,2018-09-06 13:22:04-04:00
1,1,0,0,0,0,2018-09-06 17:03:49-04:00
0,0,0,0,0,0,2018-09-06 18:05:47-04:00
0,0,0,0,0,0,2018-09-06 18:10:15-04:00
0,0,0,0,0,0,2018-09-06 18:28:33-04:00
0,0,0,0,0,0,2018-09-06 18:29:49-04:00
0,0,0,0,0,0,2018-09-06 18:49:29-04:00
0,0,0,0,0,0,2018-09-06 19:16:31-04:00
0,0,0,0,0,0,2018-09-06 19:19:10-04:00
0,0,0,0,0,0,2018-09-06 19:19:38-04:00
0,0,0,0,0,0,2018-09-06 19:35:03-04:00
0,0,0,0,0,0,2018-09-06 21:18:17-04:00
3,3,0,0,0,0,2018-09-07 16:17:25-04:00
2,2,0,0,0,0,2018-09-07 16:24:14-04:00
0,0,0,0,0,0,2018-09-07 16:35:06-04:00
1,1,0,0,0,0,2018-09-07 16:39:21-04:00
1,1,0,1,1,0,2018-09-10 20:29:59-04:00
1,1,0,1,1,0,2018-09-11 10:14:45-04:00
1,1,0,0,0,0,2018-09-11 14:14:23-04:00
2,2,1,0,0,0,2018-09-11 18:04:21-04:00
2,2,1,0,0,0,2018-09-11 19:09:11-04:00
3,3,0,0,0,0,2018-09-11 20:51:42-04:00
4,4,1,1,1,0,2018-09-14 13:38:14-04:00
1,1,0,0,0,0,2018-09-14 13:48:42-04:00
1,1,0,0,0,0,2018-09-14 13:52:59-04:00
6,6,1,1,1,0,2018-09-14 15:58:53-04:00
1,1,0,0,0,0,2018-09-14 16:29:18-04:00
4,4,0,1,1,0,2018-09-14 18:28:29-04:00
5,5,1,1,1,0,2018-09-14 20:31:05-04:00
0,0,0,0,0,0,2018-09-14 20:49:40-04:00
0,0,0,0,0,0,2018-09-14 21:19:02-04:00
0,0,0,0,0,0,2018-09-17 12:00:15-04:00
0,0,0,0,0,0,2018-09-17 12:04:00-04:00
0,0,0,0,0,0,2018-09-17 12:04:29-04:00
1,1,0,0,0,0,2018-09-17 14:05:46-04:00
3,3,0,0,0,0,2018-09-17 14:39:26-04:00
4,4,0,0,0,0,2018-09-18 11:30:18-04:00
0,0,0,0,0,0,2018-09-19 14:32:01-04:00
0,0,0,0,0,0,2018-09-24 13:50:08-04:00
2,2,1,0,0,0,2018-09-24 14:39:49-04:00
8,7,1,0,0,0,2018-09-25 14:29:25-04:00
0,0,0,0,0,0,2018-09-25 14:33:56-04:00
1,1,0,0,0,0,2018-09-25 14:45:34-04:00
0,0,0,0,0,0,2018-09-25 14:46:24-04:00
1,1,0,0,0,1,2018-09-25 14:53:35-04:00
2,1,1,0,0,0,2018-09-25 15:18:29-04:00
0,0,0,0,0,0,2018-09-25 15:24:07-04:00
0,1,0,0,0,0,2018-09-25 15:25:20-04:00
0,0,0,0,0,0,2018-09-25 15:31:19-04:00
3,2,0,0,0,0,2018-09-25 20:10:24-04:00
2,2,0,0,0,0,2018-09-26 11:42:49-04:00
3,2,0,0,0,0,2018-09-26 11:50:47-04:00
2,2,0,0,0,0,2018-09-26 12:23:56-04:00
2,2,0,0,0,0,2018-09-26 12:32:29-04:00
1,1,0,0,0,0,2018-10-01 13:39:45-04:00
0,0,0,0,0,0,2018-10-01 17:21:29-04:00
9,7,1,1,0,0,2019-10-03 17:20:20-04:00
0,0,0,0,0,0,2019-10-03 17:25:02-04:00
0,0,0,0,0,0,2019-10-03 17:33:46-04:00
0,0,0,0,0,0,2019-10-04 12:56:59-04:00
0,0,0,0,0,0,2019-10-04 12:57:24-04:00
0,0,0,0,0,0,2019-10-04 13:03:00-04:00
0,0,0,0,0,0,2019-10-04 13:57:08-04:00
0,0,0,0,0,0,2019-10-04 14:07:33-04:00
0,0,0,0,0,0,2019-10-04 14:14:01-04:00
0,0,0,0,0,0,2019-10-04 14:18:48-04:00
1,0,0,0,0,0,2019-10-04 14:57:52-04:00
1,0,0,0,0,0,2019-10-04 15:04:19-04:00
1,1,0,0,0,0,2019-10-04 15:26:12-04:00
0,0,0,0,0,0,2019-10-04 15:27:58-04:00
1,1,0,0,0,0,2019-10-04 15:34:52-04:00
1,1,0,0,0,0,2019-10-04 15:59:55-04:00
1,1,0,1,0,0,2019-10-04 16:09:38-04:00
1,1,0,1,0,0,2019-10-04 16:18:38-04:00
1,1,0,1,0,0,2019-10-04 16:26:21-04:00
1,1,0,1,0,0,2019-10-04 16:30:22-04:00
0,1,0,0,0,0,2019-10-04 18:18:27-04:00
1,1,1,0,0,0,2019-10-15 20:56:13-04:00
0,0,0,0,0,0,2019-10-15 21:02:28-04:00
0,0,0,0,0,0,2019-10-15 21:06:35-04:00
0,0,0,0,0,0,2019-10-15 21:10:01-04:00
0,0,0,0,0,0,2019-10-15 21:13:46-04:00
4,3,0,1,0,0,2019-11-11 16:45:01-05:00
0,0,0,0,0,0,2019-11-11 16:48:28-05:00
1,1,0,1,0,0,2019-11-11 17:08:35-05:00
1,1,0,1,0,0,2019-11-11 17:20:45-05:00
1,1,0,1,0,0,2019-11-11 19:08:02-05:00
0,0,0,0,0,0,2019-11-21 13:07:51-05:00
0,0,0,0,0,0,2019-11-21 13:28:41-05:00
1,1,0,0,0,0,2019-11-21 13:49:25-05:00
1,1,0,0,0,0,2019-11-21 14:03:37-05:00
1,1,0,0,0,0,2019-11-22 12:22:40-05:00
0,0,0,0,0,0,2019-11-22 14:25:31-05:00
0,0,0,0,0,0,2019-11-22 14:47:12-05:00
1,1,0,0,0,0,2019-11-22 15:40:03-05:00
0,0,0,0,0,0,2019-11-22 15:48:58-05:00
0,0,0,0,0,0,2019-11-22 16:08:01-05:00
0,0,0,0,0,0,2019-11-22 16:26:48-05:00
1,1,0,0,0,0,2019-11-22 17:45:54-05:00
0,0,0,0,0,0,2019-11-22 18:02:43-05:00
0,0,0,0,0,0,2019-11-24 10:51:21-05:00
0,0,0,0,0,0,2019-11-24 11:08:52-05:00
1,1,0,0,0,0,2019-11-24 11:21:57-05:00
1,1,1,0,0,0,2019-11-25 11:22:08-05:00
1,1,1,0,0,0,2019-11-25 11:43:30-05:00
1,1,1,0,0,0,2019-11-25 11:54:16-05:00
1,1,1,0,0,0,2019-11-25 12:05:15-05:00
2,2,0,1,1,1,2019-11-25 13:16:45-05:00
0,0,0,0,0,0,2019-11-25 13:19:07-05:00
0,0,0,0,0,0,2019-11-25 19:27:35-05:00
0,0,0,0,0,0,2019-11-25 20:36:42-05:00
0,0,0,0,0,0,2019-11-25 21:16:37-05:00
0,0,0,0,0,0,2019-11-25 21:39:38-05:00
0,0,0,0,0,0,2019-11-26 18:19:44-05:00
0,0,0,0,0,0,2019-11-29 15:33:10-05:00
0,0,0,0,0,0,2019-11-29 15:40:25-05:00
0,0,0,0,0,0,2019-11-29 16:24:14-05:00
0,0,0,0,0,0,2019-12-02 15:39:18-05:00
1,1,0,0,0,0,2019-12-29 20:15:42-05:00
3,3,0,1,0,0,2020-03-05 17:46:34-05:00
0,0,0,0,0,0,2020-03-05 17:55:52-05:00
7,8,0,1,0,0,2020-04-13 01:01:07-04:00
1,2,0,0,0,0,2020-04-13 02:41:58-04:00
2,2,0,1,0,0,2020-04-13 03:05:43-04:00
1,1,0,1,0,0,2020-04-13 03:48:11-04:00
5,4,0,0,0,0,2020-04-15 12:28:02-04:00
0,0,0,0,0,0,2020-04-15 12:35:33-04:00
3,3,0,0,0,0,2020-04-15 15:13:16-04:00
0,0,0,0,0,0,2020-04-15 15:27:41-04:00
3,3,0,0,0,0,2020-04-15 19:33:54-04:00
0,0,0,0,0,0,2020-04-15 20:40:51-04:00
0,0,0,0,0,0,2020-04-15 21:58:45-04:00
0,0,0,0,0,0,2020-04-15 22:48:23-04:00
0,0,0,0,0,0,2020-04-15 23:06:36-04:00
3,3,0,0,0,0,2020-04-16 02:34:31-04:00
0,0,0,0,0,0,2020-04-16 03:09:39-04:00
0,0,0,0,0,0,2020-04-16 03:32:23-04:00
3,3,0,0,0,0,2020-04-16 23:42:16-04:00
1,1,0,0,0,0,2020-04-16 23:53:44-04:00
1,1,0,0,0,0,2020-04-17 00:01:21-04:00
0,0,0,0,0,0,2020-04-28 17:10:47-04:00
1,1,0,0,0,0,2020-05-02 21:24:33-04:00
0,0,0,0,0,0,2020-05-02 22:30:12-04:00
1,1,0,0,0,0,2020-05-02 22:54:06-04:00
0,0,0,0,0,0,2020-05-04 14:17:21-04:00
3,3,0,1,0,0,2020-05-05 22:44:37-04:00
0,0,0,0,0,0,2020-05-05 23:22:23-04:00
0,0,0,0,0,0,2020-05-06 00:02:12-04:00
0,0,0,0,0,0,2020-05-06 00:25:41-04:00
0,0,0,0,0,0,2020-05-06 01:04:43-04:00
0,0,0,0,0,0,2020-05-06 01:53:08-04:00
0,0,0,0,0,0,2020-05-06 01:59:06-04:00
0,0,0,0,0,0,2020-05-06 02:02:12-04:00
0,0,0,0,0,0,2020-05-06 02:07:00-04:00
0,0,0,0,0,0,2020-05-06 02:10:48-04:00
0,0,0,0,0,0,2020-05-06 02:13:52-04:00
0,0,0,0,0,0,2020-05-06 02:18:24-04:00
1,1,0,0,0,0,2020-05-06 03:53:36-04:00
0,0,0,0,0,0,2020-05-06 13:08:28-04:00
0,0,0,0,0,0,2020-05-06 13:22:10-04:00
0,0,0,0,0,0,2020-05-11 15:14:54-04:00
0,0,0,0,0,0,2020-05-11 15:21:33-04:00
0,0,0,0,0,0,2020-05-11 15:22:34-04:00
0,0,0,0,0,0,2020-05-11 15:56:57-04:00
8,8,2,0,0,0,2020-05-13 15:05:10-04:00
0,0,0,0,0,0,2020-05-13 15:16:22-04:00
0,0,0,0,0,0,2020-05-13 19:31:53-04:00
7,7,0,1,0,0,2020-05-13 19:44:45-04:00
0,0,0,0,0,0,2020-05-14 01:53:42-04:00
4,4,1,1,0,0,2020-05-18 02:10:54-04:00
2,2,1,0,0,0,2020-05-18 02:40:55-04:00
5,5,2,0,0,0,2020-05-18 15:11:28-04:00
0,0,0,0,0,0,2020-05-18 15:31:36-04:00
0,0,0,0,0,0,2020-05-18 22:18:18-04:00
5,5,2,0,0,0,2020-05-19 02:25:55-04:00
0,0,0,0,0,0,2020-05-25 15:02:12-04:00
0,0,0,0,0,0,2020-05-25 15:04:56-04:00
0,0,0,0,0,0,2020-05-25 15:10:21-04:00
0,0,0,0,0,0,2020-05-25 15:10:40-04:00
0,0,0,0,0,0,2020-05-25 15:12:29-04:00
1,0,0,0,0,0,2020-05-27 00:57:39-04:00
1,0,0,0,0,0,2020-05-27 01:12:56-04:00
0,0,0,0,0,0,2020-05-27 01:24:29-04:00
0,0,0,0,0,0,2020-05-27 01:35:38-04:00
0,0,0,0,0,0,2020-06-01 14:43:24-04:00
0,0,0,0,0,0,2020-06-01 14:51:45-04:00
0,0,0,0,0,0,2020-06-01 14:53:22-04:00
0,0,0,0,0,0,2020-06-01 14:56:18-04:00
0,0,0,0,0,0,2020-06-01 14:58:02-04:00
0,0,0,0,0,0,2020-06-02 10:28:21-04:00
0,0,0,0,0,0,2020-06-02 11:50:56-04:00
0,0,0,0,0,0,2020-06-02 12:13:15-04:00
0,0,0,0,0,0,2020-06-02 12:17:28-04:00
3,3,1,0,0,0,2020-07-22 15:16:05-04:00
2,2,1,0,0,0,2020-07-22 15:34:59-04:00
3,3,2,0,0,0,2020-08-05 01:09:54-04:00
0,0,0,0,0,0,2020-08-05 01:14:45-04:00
2,2,0,0,0,0,2020-08-05 01:27:24-04:00
1,1,0,0,0,0,2020-08-05 19:39:47-04:00
0,0,0,0,0,0,2020-08-05 19:56:54-04:00
1,1,0,0,0,0,2020-08-05 20:19:45-04:00
1,1,0,0,0,0,2020-08-11 11:38:25-04:00
1,1,0,0,0,0,2020-08-11 11:47:00-04:00
1,1,1,0,0,0,2020-08-20 14:39:14-04:00
0,0,0,0,0,0,2020-08-20 15:36:20-04:00
1,1,0,0,0,0,2020-08-31 23:36:53-04:00
0,0,0,0,0,0,2020-08-31 23:45:49-04:00
0,0,0,0,0,0,2020-08-31 23:56:54-04:00
0,0,0,0,0,0,2020-09-01 09:22:20-04:00
