Acquisition,Preparation,Modeling,Training,Evaluation,Prediction,time
0,0,0,0,0,0,2020-03-09 17:08:09+08:00
1,1,0,1,0,2,2020-03-12 14:01:10+08:00
0,0,0,0,0,0,2020-03-12 14:01:53+08:00
1,1,0,1,0,2,2020-03-12 14:23:25+08:00
0,0,0,0,0,0,2020-03-12 14:25:31+08:00
0,1,0,0,0,0,2020-03-12 20:07:19+08:00
0,0,0,0,0,0,2020-03-12 20:10:28+08:00
0,0,0,0,0,0,2020-03-12 20:17:55+08:00
0,0,0,0,0,0,2020-03-12 20:24:37+08:00
0,0,0,0,0,0,2020-03-12 20:24:59+08:00
0,0,0,0,0,0,2020-03-12 20:27:19+08:00
0,0,0,0,0,0,2020-03-12 20:35:18+08:00
0,0,0,0,0,0,2020-03-12 20:39:31+08:00
0,1,0,0,0,0,2020-03-13 00:00:37+08:00
0,1,0,0,0,0,2020-03-14 16:59:42+08:00
0,0,0,0,0,0,2020-03-14 23:58:39+08:00
0,1,0,0,0,0,2020-03-15 00:06:41+08:00
0,1,0,0,0,0,2020-03-15 00:07:14+08:00
0,1,0,0,0,0,2020-03-15 00:07:56+08:00
0,1,0,0,0,0,2020-03-15 11:24:06+08:00
0,1,0,0,0,0,2020-03-15 11:25:02+08:00
0,1,0,0,0,0,2020-03-15 11:26:03+08:00
0,1,0,0,0,0,2020-03-15 11:26:43+08:00
0,1,0,0,0,0,2020-03-15 11:27:26+08:00
0,1,0,0,0,0,2020-03-15 11:28:08+08:00
0,1,0,0,0,0,2020-03-15 11:29:29+08:00
0,1,0,0,0,0,2020-03-15 11:31:03+08:00
0,1,0,0,0,0,2020-03-15 11:32:24+08:00
0,0,0,0,0,0,2020-03-15 11:35:18+08:00
0,0,0,0,0,0,2020-03-15 15:08:10+08:00
0,0,0,0,0,0,2020-03-16 21:25:40+08:00
0,1,0,0,0,0,2020-03-16 22:22:17+08:00
0,0,0,0,0,0,2020-03-16 22:27:02+08:00
0,1,0,0,0,0,2020-03-16 22:37:31+08:00
0,1,0,0,0,0,2020-03-16 22:39:18+08:00
0,0,0,0,0,0,2020-03-16 22:40:22+08:00
0,1,0,0,0,0,2020-03-16 23:17:00+08:00
0,1,0,0,0,0,2020-03-16 23:17:18+08:00
0,0,0,0,0,0,2020-03-16 23:21:53+08:00
0,0,0,0,0,0,2020-03-16 23:23:31+08:00
0,1,0,0,0,0,2020-03-16 23:27:49+08:00
0,0,0,0,0,0,2020-03-16 23:31:57+08:00
0,1,0,0,0,0,2020-03-16 23:41:57+08:00
0,1,0,0,0,0,2020-03-16 23:45:16+08:00
0,2,0,0,0,1,2020-03-17 00:23:18+08:00
0,0,0,0,0,0,2020-03-17 00:25:08+08:00
1,1,0,1,0,2,2020-03-17 00:52:47+08:00
0,0,0,0,0,0,2020-03-17 00:54:18+08:00
0,0,0,0,0,0,2020-03-17 00:54:27+08:00
0,0,0,0,0,0,2020-03-17 01:00:34+08:00
0,0,0,0,0,0,2020-03-17 01:01:08+08:00
0,1,0,0,0,0,2020-03-17 01:48:10+08:00
0,0,0,0,0,0,2020-03-17 01:48:45+08:00
0,1,0,0,0,0,2020-03-17 02:27:53+08:00
0,0,0,0,0,0,2020-03-17 02:28:53+08:00
0,1,0,0,0,0,2020-03-17 02:43:21+08:00
0,0,0,0,0,0,2020-03-17 02:43:47+08:00
0,1,0,0,0,1,2020-03-17 03:07:02+08:00
0,1,0,0,0,0,2020-03-17 14:45:41+08:00
0,2,0,0,0,0,2020-03-18 22:30:28+08:00
0,0,0,0,0,0,2020-03-18 22:30:46+08:00
