Acquisition,Preparation,Modeling,Training,Evaluation,Prediction,time
0,0,0,0,0,0,2019-02-05 11:49:26-08:00
1,0,0,0,0,0,2019-02-05 11:51:41-08:00
0,0,0,0,0,0,2019-02-05 11:54:29-08:00
0,0,0,0,0,0,2019-02-05 12:08:19-08:00
0,0,0,0,0,0,2019-02-05 16:51:07-08:00
0,0,0,0,0,0,2019-02-18 22:27:04-08:00
0,0,0,0,0,0,2019-02-18 22:27:31-08:00
0,0,0,0,0,0,2019-02-18 22:27:50-08:00
0,0,0,0,0,0,2019-02-18 22:31:01-08:00
1,0,0,0,0,0,2019-02-19 14:22:39-08:00
0,0,0,0,0,0,2019-02-19 14:26:17-08:00
0,0,0,0,0,0,2019-02-19 14:39:00-08:00
0,0,0,0,0,0,2019-02-23 21:35:34-08:00
0,0,0,0,0,0,2019-02-23 21:37:03-08:00
0,0,0,0,0,0,2019-02-24 21:14:22-08:00
0,0,0,0,0,0,2019-02-24 22:05:21-08:00
0,0,0,0,0,0,2019-02-25 23:54:37-08:00
0,0,0,0,0,0,2019-02-25 23:56:56-08:00
0,0,0,0,0,0,2019-02-26 00:27:58-08:00
0,0,0,0,0,0,2019-03-02 22:31:57-08:00
0,0,0,0,0,0,2019-03-02 22:52:39-08:00
0,0,0,0,0,0,2019-03-03 22:18:04-08:00
0,0,0,0,0,0,2019-03-05 15:39:30-08:00
0,0,0,0,0,0,2019-03-05 15:39:32-08:00
1,1,0,0,0,0,2019-03-05 16:21:57-08:00
1,1,0,0,0,0,2019-03-05 20:09:53-08:00
0,0,0,0,0,0,2019-03-05 20:45:29-08:00
0,0,0,0,0,0,2019-03-05 20:47:10-08:00
1,1,0,1,0,0,2019-03-05 23:41:23-08:00
0,0,0,0,0,0,2019-03-06 06:37:34-08:00
0,0,0,0,0,0,2019-03-06 21:27:48-08:00
1,1,0,1,0,0,2019-03-06 21:28:15-08:00
1,1,0,1,0,0,2019-03-06 21:55:23-08:00
1,1,0,1,0,0,2019-03-06 22:03:26-08:00
1,1,0,1,0,0,2019-03-06 22:26:36-08:00
1,1,0,1,0,0,2019-03-06 22:31:57-08:00
2,2,0,0,0,0,2019-03-09 13:35:51-08:00
1,1,0,0,0,0,2019-03-09 13:36:14-08:00
1,1,0,0,0,0,2019-03-09 13:49:11-08:00
1,1,0,0,0,0,2019-03-09 13:51:00-08:00
0,0,0,0,0,0,2019-03-21 23:37:23-07:00
0,0,0,0,0,0,2019-03-26 14:18:25-07:00
0,0,0,0,0,0,2019-03-26 15:39:53-07:00
0,0,0,0,0,0,2019-03-30 11:36:27-07:00
0,0,0,0,0,0,2019-03-30 11:43:37-07:00
1,1,1,1,1,1,2019-04-01 22:28:12-07:00
1,1,1,1,1,1,2019-04-01 22:36:16-07:00
0,0,0,0,0,0,2019-04-02 14:10:47-07:00
0,0,0,0,0,0,2019-04-02 14:11:54-07:00
1,0,1,1,1,1,2019-04-03 09:58:45-07:00
0,0,0,0,0,0,2019-04-04 21:36:13-07:00
0,0,0,0,0,0,2019-04-09 14:22:54-07:00
0,0,0,0,0,0,2019-04-09 16:23:02-07:00
1,0,1,1,1,1,2019-04-09 16:24:02-07:00
0,0,0,0,0,0,2019-04-19 23:16:47-07:00
0,0,0,0,0,0,2019-04-19 23:18:36-07:00
0,0,0,0,0,0,2019-04-22 22:41:05-07:00
0,0,0,0,0,0,2019-04-29 21:02:43-07:00
0,0,0,0,0,0,2019-04-29 21:48:54-07:00
2,0,1,1,1,1,2019-04-29 22:28:16-07:00
0,0,0,0,0,0,2019-04-30 02:06:48-07:00
0,0,0,0,0,0,2019-04-30 02:07:53-07:00
0,0,0,0,0,0,2019-04-30 02:08:46-07:00
