Acquisition,Preparation,Modeling,Training,Evaluation,Prediction,time
0,0,0,0,0,0,2018-05-17 06:48:21+02:00
0,0,0,0,0,0,2018-05-17 07:00:10+02:00
0,0,0,0,0,0,2018-05-17 11:15:49+02:00
0,0,0,0,0,0,2018-05-17 11:17:05+02:00
0,0,0,0,0,0,2018-05-17 11:36:34+02:00
0,0,0,0,0,0,2018-05-17 21:04:10+02:00
0,0,0,0,0,0,2018-05-17 21:39:10+02:00
0,0,0,0,0,0,2018-05-17 21:46:20+02:00
0,0,0,0,0,0,2018-05-17 22:03:23+02:00
0,0,0,0,0,0,2018-05-30 14:05:01+02:00
0,0,0,0,0,0,2018-05-30 14:27:15+02:00
0,0,0,0,0,0,2018-05-30 16:56:03+02:00
0,0,0,0,0,0,2018-05-30 16:57:40+02:00
0,0,0,0,0,0,2018-06-01 23:49:19+02:00
0,0,0,0,0,0,2018-06-02 14:07:55+02:00
0,0,0,0,0,0,2018-06-04 23:38:13+02:00
0,0,0,0,0,0,2018-06-05 00:32:37+02:00
0,0,0,0,0,0,2018-06-05 01:16:03+02:00
0,0,0,0,0,0,2018-06-05 02:15:06+02:00
0,0,0,0,0,0,2018-06-07 01:00:39+02:00
0,0,0,0,0,0,2018-06-07 01:12:24+02:00
0,0,0,0,0,0,2018-06-07 01:32:39+02:00
0,0,0,0,0,0,2018-06-07 09:21:18+02:00
0,0,0,0,0,0,2018-06-07 10:46:13+02:00
0,0,0,0,0,0,2018-06-07 11:04:16+02:00
0,0,0,0,0,0,2018-06-07 23:31:58+02:00
0,0,0,0,0,0,2018-06-08 00:26:31+02:00
0,0,0,0,0,0,2018-06-08 01:02:21+02:00
0,0,0,0,0,0,2018-06-08 11:14:46+02:00
0,0,0,0,0,0,2018-06-08 11:55:42+02:00
0,0,0,0,0,0,2018-06-08 12:41:59+02:00
0,0,0,0,0,0,2018-06-08 19:21:12+02:00
0,0,0,0,0,0,2018-06-08 20:27:41+02:00
0,0,0,0,0,0,2018-06-08 20:29:28+02:00
0,0,0,0,0,0,2018-06-08 20:42:09+02:00
0,0,0,0,0,0,2018-06-09 12:26:06+02:00
0,0,0,0,0,0,2018-06-09 13:07:09+02:00
0,0,0,0,0,0,2018-06-10 17:44:14+02:00
0,0,0,0,0,0,2018-06-12 00:37:21+02:00
0,0,0,0,0,0,2018-06-12 15:17:45+02:00
0,0,0,0,0,0,2018-06-12 16:37:13+02:00
0,0,0,0,0,0,2018-06-12 16:53:16+02:00
0,0,0,0,0,0,2018-06-12 17:01:52+02:00
0,0,0,0,0,0,2018-06-12 17:19:56+02:00
0,0,0,0,0,0,2018-06-12 17:47:37+02:00
0,0,0,0,0,0,2018-06-12 17:58:58+02:00
0,0,0,0,0,0,2018-06-12 18:25:49+02:00
0,0,0,0,0,0,2018-06-13 01:45:56+02:00
0,0,0,0,0,0,2018-06-13 22:49:05+02:00
0,0,0,0,0,0,2018-06-13 22:50:36+02:00
0,0,0,0,0,0,2018-06-14 23:45:21+02:00
0,0,0,0,0,0,2018-06-15 01:07:35+02:00
0,0,0,0,0,0,2018-06-15 10:03:42+02:00
0,0,0,0,0,0,2018-06-17 15:29:48+02:00
0,0,0,0,0,0,2018-06-17 18:46:13+02:00
0,0,0,0,0,0,2018-06-18 21:46:33+02:00
0,0,0,0,0,0,2018-06-19 11:48:22+02:00
0,0,0,0,0,0,2018-06-19 12:07:49+02:00
0,0,0,0,0,0,2018-06-19 12:11:42+02:00
0,0,0,0,0,0,2018-06-19 12:27:58+02:00
0,0,0,0,0,0,2018-06-19 12:28:23+02:00
0,0,0,0,0,0,2018-06-19 12:50:16+02:00
0,0,0,0,0,0,2018-06-19 12:54:44+02:00
0,0,0,0,0,0,2018-06-19 18:50:38+02:00
0,0,0,0,0,0,2018-06-19 19:13:35+02:00
0,0,0,0,0,0,2018-06-23 14:07:46+02:00
0,0,0,0,0,0,2018-06-23 14:21:04+02:00
0,0,0,0,0,0,2018-06-24 22:13:24+02:00
0,0,0,0,0,0,2018-06-24 22:32:58+02:00
0,0,0,0,0,0,2018-06-26 10:07:48+02:00
0,0,0,0,0,0,2018-06-26 11:41:52+02:00
0,0,0,0,0,0,2018-06-26 12:05:22+02:00
0,0,0,0,0,0,2018-06-26 12:10:43+02:00
0,0,0,0,0,0,2018-06-26 12:24:34+02:00
0,0,0,0,0,0,2018-07-03 16:09:53+02:00
0,0,0,0,0,0,2018-07-03 16:26:31+02:00
0,0,0,0,0,0,2018-07-03 21:34:48+02:00
0,0,0,0,0,0,2018-07-03 22:17:20+02:00
0,0,0,0,0,0,2018-07-06 14:09:10+02:00
0,0,0,0,0,0,2018-07-09 23:14:58+02:00
0,0,0,0,0,0,2018-07-09 23:38:19+02:00
0,0,0,0,0,0,2018-07-15 16:11:20+02:00
0,0,0,0,0,0,2018-07-20 17:16:24+02:00
0,0,0,0,0,0,2018-07-20 17:45:55+02:00
0,0,0,0,0,0,2018-07-21 01:25:58+02:00
0,0,0,0,0,0,2018-07-21 02:45:11+02:00
0,0,0,0,0,0,2018-07-21 14:17:02+02:00
0,0,0,0,0,0,2018-07-23 00:45:47+02:00
0,0,0,0,0,0,2018-07-23 21:08:25+02:00
0,0,0,0,0,0,2018-07-23 22:14:16+02:00
0,0,0,0,0,0,2018-07-23 22:42:37+02:00
0,0,0,0,0,0,2018-07-23 23:01:28+02:00
0,0,0,0,0,0,2018-07-23 23:29:58+02:00
0,0,0,0,0,0,2018-07-23 23:57:04+02:00
0,0,0,0,0,0,2018-07-24 12:37:55+02:00
0,0,0,0,0,0,2018-07-24 13:28:16+02:00
0,0,0,0,0,0,2018-07-24 23:41:51+02:00
0,0,0,0,0,0,2018-09-11 01:12:55+02:00
0,0,0,0,0,0,2018-09-11 12:29:12+02:00
0,0,0,0,0,0,2018-09-11 14:34:58+02:00
0,0,0,0,0,0,2018-09-13 01:17:45+02:00
0,0,0,0,0,0,2018-09-13 11:28:15+02:00
0,0,0,0,0,0,2018-09-13 11:28:48+02:00
0,0,0,0,0,0,2018-09-13 11:52:30+02:00
0,0,0,0,0,0,2018-09-13 12:01:52+02:00
0,0,0,0,0,0,2018-09-13 14:01:29+02:00
0,0,0,0,0,0,2018-09-13 14:03:18+02:00
0,0,0,0,0,0,2018-09-13 14:59:52+02:00
0,0,0,0,0,0,2018-09-13 15:04:07+02:00
0,0,0,0,0,0,2018-09-13 16:05:47+02:00
0,0,0,0,0,0,2018-09-19 15:33:31+02:00
0,0,0,0,0,0,2018-09-19 17:38:34+02:00
0,0,0,0,0,0,2018-09-19 17:56:40+02:00
0,0,0,0,0,0,2018-09-19 18:04:29+02:00
0,0,0,0,0,0,2018-09-20 23:03:36+02:00
0,0,0,0,0,0,2018-09-21 11:00:08+02:00
0,0,0,0,0,0,2018-09-21 11:43:05+02:00
0,0,0,0,0,0,2018-09-21 12:05:29+02:00
0,0,0,0,0,0,2018-09-21 12:13:16+02:00
0,0,0,0,0,0,2018-09-22 00:28:09+02:00
0,0,0,0,0,0,2018-10-03 01:39:17+02:00
0,0,0,0,0,0,2018-10-10 00:25:10+02:00
0,0,0,0,0,0,2018-11-08 01:55:58+01:00
0,0,0,0,0,0,2018-11-08 10:07:42+01:00
0,0,0,0,0,0,2018-11-08 11:56:59+01:00
0,0,0,0,0,0,2018-11-08 12:36:35+01:00
0,0,0,0,0,0,2018-11-08 21:01:49+01:00
0,0,0,0,0,0,2018-11-10 15:37:53+01:00
0,0,0,0,0,0,2018-11-10 19:36:16+01:00
0,0,0,0,0,0,2018-11-11 01:01:29+01:00
0,0,0,0,0,0,2018-11-11 01:51:00+01:00
0,0,0,0,0,0,2018-11-11 14:27:04+01:00
0,0,0,0,0,0,2018-11-12 01:04:33+01:00
0,0,0,0,0,0,2018-11-14 00:06:17+01:00
0,0,0,0,0,0,2018-11-14 01:26:10+01:00
0,0,0,0,0,0,2018-11-14 02:14:46+01:00
0,0,0,0,0,0,2018-11-14 02:55:36+01:00
0,0,0,0,0,0,2018-11-14 17:59:36+01:00
0,0,0,0,0,0,2018-11-15 01:31:12+01:00
0,0,0,0,0,0,2018-11-22 11:25:30+01:00
0,0,0,0,0,0,2018-11-23 00:21:45+01:00
0,0,0,0,0,0,2018-11-23 00:22:41+01:00
0,0,0,0,0,0,2018-11-25 01:25:01+01:00
0,0,0,0,0,0,2018-11-25 15:09:55+01:00
0,0,0,0,0,0,2018-11-25 16:54:48+01:00
0,1,2,2,0,1,2018-11-25 17:20:51+01:00
2,1,0,0,0,0,2018-11-26 22:57:52+01:00
0,0,0,0,0,0,2018-11-26 23:29:44+01:00
1,1,1,1,0,1,2018-11-28 00:15:58+01:00
0,0,0,0,0,0,2018-11-28 10:13:20+01:00
3,2,0,0,0,0,2018-11-29 03:13:21+01:00
0,0,0,0,0,0,2018-11-29 03:14:17+01:00
1,1,0,0,0,0,2018-12-04 03:11:59+01:00
1,1,0,0,0,0,2018-12-04 12:17:00+01:00
2,1,0,0,0,0,2018-12-04 23:22:56+01:00
0,0,0,0,0,0,2018-12-05 00:24:21+01:00
1,1,0,0,0,0,2018-12-09 13:57:31+01:00
0,0,0,0,0,0,2018-12-09 15:18:32+01:00
0,0,0,0,0,0,2018-12-09 16:55:19+01:00
0,0,0,0,0,0,2018-12-09 22:39:21+01:00
2,1,0,0,0,0,2018-12-10 00:42:56+01:00
0,0,0,0,0,0,2018-12-10 00:43:27+01:00
2,1,0,0,0,0,2018-12-13 00:46:35+01:00
1,0,0,0,0,0,2018-12-13 11:30:24+01:00
1,2,0,0,0,1,2018-12-27 18:10:14+01:00
0,0,1,1,0,0,2018-12-27 18:10:56+01:00
2,2,0,0,0,0,2018-12-27 18:12:44+01:00
1,3,3,3,0,2,2018-12-27 23:58:28+01:00
0,0,0,0,0,0,2019-12-06 17:04:53+01:00
0,1,0,0,0,1,2020-12-02 18:27:38+01:00
0,1,0,0,0,1,2020-12-04 01:37:30+01:00
