Acquisition,Preparation,Modeling,Training,Evaluation,Prediction,time
0,0,0,0,0,0,2019-11-23 17:42:06+00:00
1,0,0,0,0,0,2019-11-23 17:47:31+00:00
0,0,0,0,0,0,2019-11-23 17:50:44+00:00
0,0,0,0,0,0,2019-11-23 17:52:20+00:00
0,0,0,0,0,0,2019-11-23 17:53:56+00:00
1,1,0,0,0,0,2019-11-23 18:03:42+00:00
0,0,0,0,0,0,2019-11-28 09:09:02+00:00
0,0,0,0,0,0,2019-12-01 23:20:42+00:00
1,1,0,0,0,0,2019-12-03 16:44:27+00:00
0,0,0,0,0,0,2019-12-03 17:13:32+00:00
0,0,0,0,0,0,2019-12-03 17:13:44+00:00
1,1,0,0,0,0,2019-12-07 18:06:39+00:00
1,1,0,0,0,0,2019-12-07 18:24:48+00:00
0,0,0,0,0,0,2019-12-07 22:58:10+00:00
0,0,0,0,0,0,2019-12-08 00:07:48+00:00
0,0,0,0,0,0,2019-12-08 00:40:13+00:00
1,1,0,0,0,0,2019-12-08 14:53:38+00:00
0,0,0,0,0,0,2019-12-08 16:40:01+00:00
0,0,0,0,0,0,2019-12-08 16:40:56+00:00
0,0,0,0,0,0,2019-12-08 20:26:59+00:00
0,0,0,0,0,0,2019-12-08 21:23:22+00:00
0,0,0,0,0,0,2019-12-08 22:13:42+00:00
0,0,0,0,0,0,2019-12-08 22:14:19+00:00
0,0,0,0,0,0,2019-12-09 13:01:05+00:00
0,0,0,0,0,0,2019-12-09 19:00:42+00:00
0,0,0,0,0,0,2019-12-09 19:02:19+00:00
0,0,0,0,0,0,2019-12-09 19:44:42+00:00
0,0,0,0,0,0,2019-12-09 21:46:03+00:00
0,0,0,0,0,0,2019-12-09 21:47:10+00:00
0,0,0,0,0,0,2019-12-10 12:30:50+00:00
0,0,0,0,0,0,2019-12-10 14:57:38+00:00
0,0,0,0,0,0,2019-12-10 15:33:44+00:00
0,0,0,0,0,0,2019-12-10 15:55:52+00:00
0,0,0,0,0,0,2019-12-10 16:22:48+00:00
0,0,0,0,0,0,2019-12-10 17:04:36+00:00
0,0,0,0,0,0,2019-12-10 17:10:46+00:00
0,0,0,0,0,0,2019-12-10 17:11:26+00:00
0,0,0,0,0,0,2019-12-10 17:12:57+00:00
0,0,0,0,0,0,2019-12-11 13:29:06+00:00
0,0,0,0,0,0,2019-12-11 13:29:24+00:00
0,0,0,0,0,0,2019-12-13 16:00:10+00:00
0,0,0,0,0,0,2019-12-18 01:22:11+00:00
0,0,0,0,0,0,2019-12-18 14:30:33+00:00
0,0,0,0,0,0,2020-01-31 13:39:02+00:00
0,0,0,0,0,0,2020-01-31 14:02:33+00:00
0,0,0,0,0,0,2020-01-31 15:46:53+00:00
0,0,0,0,0,0,2020-01-31 17:25:23+00:00
0,0,0,0,0,0,2020-02-02 22:02:40+00:00
4,6,4,3,0,2,2020-02-04 12:22:06+00:00
0,0,0,0,0,0,2020-02-04 12:23:07+00:00
1,1,0,0,0,0,2020-02-04 13:00:44+00:00
1,1,0,0,0,0,2020-02-04 17:00:08+00:00
1,1,0,0,0,0,2020-02-08 16:28:53+00:00
