Acquisition,Preparation,Modeling,Training,Evaluation,Prediction,time
0,0,0,0,0,0,2019-07-30 12:28:14-04:00
0,0,0,0,0,0,2019-07-30 12:28:14-04:00
0,0,0,0,0,0,2019-07-30 12:46:55-04:00
0,0,0,0,0,0,2019-07-30 12:46:55-04:00
0,0,0,0,0,0,2019-07-30 12:48:42-04:00
0,0,0,0,0,0,2019-07-30 12:48:42-04:00
0,0,0,0,0,0,2019-07-30 13:12:57-04:00
0,0,0,0,0,0,2019-07-30 13:12:57-04:00
0,0,0,0,0,0,2019-08-01 17:42:01-04:00
0,0,0,0,0,0,2019-08-01 17:42:01-04:00
0,0,0,0,0,0,2019-08-01 22:13:04-04:00
0,0,0,0,0,0,2019-08-01 22:13:04-04:00
0,0,0,0,0,0,2019-08-01 22:29:21-04:00
0,0,0,0,0,0,2019-08-01 22:29:21-04:00
0,0,0,0,0,0,2019-08-01 22:30:45-04:00
0,0,0,0,0,0,2019-08-01 22:30:45-04:00
0,1,0,0,0,0,2019-08-03 17:02:45-04:00
0,1,0,0,0,0,2019-08-03 17:02:45-04:00
0,0,0,0,0,0,2019-08-04 21:23:57-04:00
0,0,0,0,0,0,2019-08-04 21:23:57-04:00
0,1,0,0,0,0,2019-08-17 16:43:30-04:00
0,1,0,0,0,0,2019-08-17 16:43:30-04:00
0,0,0,0,0,0,2019-08-17 16:56:13-04:00
0,0,0,0,0,0,2019-08-17 16:56:13-04:00
0,1,0,0,0,0,2019-08-17 17:53:09-04:00
0,1,0,0,0,0,2019-08-17 17:53:09-04:00
0,1,0,0,0,0,2019-08-17 19:33:37-04:00
0,1,0,0,0,0,2019-08-17 19:33:37-04:00
0,2,0,0,0,0,2019-08-27 21:33:53-04:00
0,2,0,0,0,0,2019-08-27 21:33:53-04:00
0,2,0,0,0,0,2019-09-05 22:08:20-04:00
0,2,0,0,0,0,2019-09-05 22:08:20-04:00
0,1,0,0,0,0,2019-09-07 22:29:49-04:00
0,1,0,0,0,0,2019-09-07 22:29:49-04:00
0,1,0,0,0,0,2019-09-07 23:00:32-04:00
0,1,0,0,0,0,2019-09-07 23:00:32-04:00
0,2,0,0,0,0,2019-09-09 21:24:08-04:00
0,2,0,0,0,0,2019-09-09 21:24:08-04:00
0,1,0,0,0,0,2019-09-09 23:17:11-04:00
0,1,0,0,0,0,2019-09-09 23:17:11-04:00
1,4,0,0,0,0,2019-09-12 17:02:17-04:00
1,4,0,0,0,0,2019-09-12 17:02:17-04:00
0,0,0,0,0,0,2019-09-12 17:34:00-04:00
0,0,0,0,0,0,2019-09-12 17:34:00-04:00
0,9,0,0,0,0,2019-10-06 17:02:02-04:00
0,9,0,0,0,0,2019-10-06 17:02:02-04:00
0,3,0,0,0,0,2019-10-06 18:37:45-04:00
0,3,0,0,0,0,2019-10-06 18:37:45-04:00
0,2,0,0,0,0,2019-10-07 21:37:15-04:00
0,2,0,0,0,0,2019-10-07 21:37:15-04:00
0,2,0,0,0,0,2019-10-07 22:32:29-04:00
0,2,0,0,0,0,2019-10-07 22:32:29-04:00
0,1,0,0,0,0,2019-10-08 10:17:00-04:00
0,1,0,0,0,0,2019-10-08 10:17:00-04:00
0,1,0,0,0,0,2019-10-08 12:25:55-04:00
0,1,0,0,0,0,2019-10-08 12:25:55-04:00
0,2,0,0,0,0,2019-10-08 13:03:04-04:00
0,2,0,0,0,0,2019-10-08 13:03:04-04:00
0,1,0,0,0,0,2019-10-08 22:59:49-04:00
0,1,0,0,0,0,2019-10-08 22:59:49-04:00
0,3,0,0,0,0,2019-10-12 15:05:23-04:00
0,3,0,0,0,0,2019-10-12 15:05:23-04:00
0,1,0,0,0,0,2019-10-12 17:14:48-04:00
0,1,0,0,0,0,2019-10-12 17:14:48-04:00
0,2,0,0,0,0,2019-10-12 22:36:51-04:00
0,2,0,0,0,0,2019-10-12 22:36:51-04:00
0,1,0,0,0,0,2019-10-14 12:05:12-04:00
0,1,0,0,0,0,2019-10-14 12:05:12-04:00
0,0,0,0,0,0,2019-10-14 12:42:03-04:00
0,0,0,0,0,0,2019-10-14 12:42:03-04:00
0,0,0,0,0,0,2019-10-14 22:22:06-04:00
0,0,0,0,0,0,2019-10-14 22:22:06-04:00
0,2,0,0,0,0,2019-10-15 09:59:09-04:00
0,2,0,0,0,0,2019-10-15 09:59:09-04:00
1,2,0,0,0,0,2019-10-15 14:41:08-04:00
1,2,0,0,0,0,2019-10-15 14:41:08-04:00
0,3,0,0,0,0,2019-10-15 22:43:47-04:00
0,3,0,0,0,0,2019-10-15 22:43:47-04:00
0,1,0,0,0,0,2019-10-16 12:49:13-04:00
0,1,0,0,0,0,2019-10-16 12:49:13-04:00
0,1,0,0,0,0,2019-10-16 13:42:21-04:00
0,1,0,0,0,0,2019-10-16 13:42:21-04:00
0,3,0,0,0,0,2019-10-16 23:10:37-04:00
0,3,0,0,0,0,2019-10-16 23:10:37-04:00
0,3,0,0,0,0,2019-10-17 13:59:55-04:00
0,2,0,0,0,0,2019-10-17 13:59:55-04:00
0,0,0,0,0,0,2019-10-17 14:15:06-04:00
0,0,0,0,0,0,2019-10-17 14:15:06-04:00
0,0,0,0,0,0,2019-10-17 14:16:37-04:00
0,0,0,0,0,0,2019-10-17 14:16:37-04:00
0,0,0,0,0,0,2019-10-17 22:55:41-04:00
0,0,0,0,0,0,2019-10-17 22:55:41-04:00
0,0,0,0,0,0,2019-10-17 22:57:40-04:00
0,0,0,0,0,0,2019-10-17 22:57:40-04:00
0,0,0,0,0,0,2019-10-17 23:07:15-04:00
0,0,0,0,0,0,2019-10-17 23:07:15-04:00
0,1,0,0,0,0,2019-10-17 23:11:51-04:00
0,1,0,0,0,0,2019-10-17 23:11:51-04:00
0,0,0,0,0,0,2019-10-17 23:27:27-04:00
0,0,0,0,0,0,2019-10-17 23:27:27-04:00
0,0,0,0,0,0,2019-10-17 23:38:58-04:00
0,0,0,0,0,0,2019-10-17 23:38:58-04:00
0,0,0,0,0,0,2019-10-19 08:36:00-04:00
0,0,0,0,0,0,2019-10-19 08:36:00-04:00
0,1,0,0,0,0,2019-10-19 08:58:43-04:00
0,1,0,0,0,0,2019-10-19 08:58:43-04:00
0,1,0,0,0,0,2019-10-19 09:30:38-04:00
0,1,0,0,0,0,2019-10-19 09:30:38-04:00
0,3,0,0,0,0,2019-10-19 21:43:13-04:00
0,3,0,0,0,0,2019-10-19 21:43:13-04:00
0,1,0,0,0,0,2019-10-19 22:13:37-04:00
0,1,0,0,0,0,2019-10-19 22:13:37-04:00
0,2,0,0,0,0,2019-10-20 15:38:35-04:00
0,2,0,0,0,0,2019-10-20 15:38:35-04:00
0,1,0,0,0,0,2019-10-20 15:57:43-04:00
0,1,0,0,0,0,2019-10-20 15:57:43-04:00
0,2,0,0,0,0,2019-10-20 17:13:49-04:00
0,2,0,0,0,0,2019-10-20 17:13:49-04:00
0,3,0,0,0,0,2019-10-20 22:17:21-04:00
0,3,0,0,0,0,2019-10-20 22:17:21-04:00
0,1,0,0,0,0,2019-10-20 22:41:49-04:00
0,1,0,0,0,0,2019-10-20 22:41:49-04:00
0,2,0,0,0,0,2019-10-20 22:55:24-04:00
0,2,0,0,0,0,2019-10-20 22:55:24-04:00
0,2,0,0,0,0,2019-10-21 10:13:30-04:00
0,2,0,0,0,0,2019-10-21 10:13:30-04:00
0,3,0,0,0,0,2019-10-22 14:31:12-04:00
0,3,0,0,0,0,2019-10-22 14:31:12-04:00
0,0,0,0,0,0,2019-10-22 15:04:00-04:00
0,0,0,0,0,0,2019-10-22 15:04:00-04:00
0,1,0,0,0,0,2019-10-22 22:56:41-04:00
0,1,0,0,0,0,2019-10-22 22:56:41-04:00
0,1,0,0,0,0,2019-10-22 23:11:06-04:00
0,1,0,0,0,0,2019-10-22 23:11:06-04:00
0,3,0,0,0,0,2019-11-02 18:44:43-04:00
0,2,0,0,0,0,2019-11-02 18:44:43-04:00
0,0,0,0,0,0,2019-11-02 18:46:28-04:00
0,0,0,0,0,0,2019-11-02 18:46:28-04:00
0,0,0,0,0,0,2019-11-02 18:54:48-04:00
0,0,0,0,0,0,2019-11-02 18:54:48-04:00
0,0,0,0,0,0,2019-11-03 16:12:54-05:00
0,0,0,0,0,0,2019-11-03 16:12:54-05:00
0,1,0,0,0,0,2019-11-03 16:56:59-05:00
0,1,0,0,0,0,2019-11-03 16:56:59-05:00
0,1,0,0,0,0,2019-11-03 17:36:17-05:00
0,1,0,0,0,0,2019-11-03 17:36:17-05:00
0,1,0,0,0,0,2019-11-03 18:14:58-05:00
0,1,0,0,0,0,2019-11-03 18:14:58-05:00
0,2,0,0,0,0,2019-11-04 18:50:03-05:00
0,2,0,0,0,0,2019-11-04 18:50:03-05:00
0,2,0,0,0,0,2019-11-04 21:39:53-05:00
0,1,0,0,0,0,2019-11-04 21:39:53-05:00
0,0,0,0,0,0,2019-11-04 21:41:04-05:00
0,0,0,0,0,0,2019-11-04 21:41:04-05:00
0,4,0,0,0,0,2019-11-11 17:58:10-05:00
0,3,0,0,0,0,2019-11-11 17:58:10-05:00
0,3,0,0,0,0,2019-11-16 17:58:41-05:00
0,3,0,0,0,0,2019-11-16 17:58:41-05:00
0,3,0,0,0,0,2019-11-17 16:00:53-05:00
0,3,0,0,0,0,2019-11-17 16:00:53-05:00
0,2,0,0,0,0,2019-11-17 16:45:53-05:00
0,2,0,0,0,0,2019-11-17 16:45:53-05:00
0,0,0,0,0,0,2019-11-17 17:33:39-05:00
0,0,0,0,0,0,2019-11-17 17:33:39-05:00
0,0,0,0,0,0,2019-11-17 18:04:29-05:00
0,0,0,0,0,0,2019-11-17 18:04:29-05:00
0,2,0,0,0,0,2019-11-17 18:44:23-05:00
0,2,0,0,0,0,2019-11-17 18:44:23-05:00
0,3,0,0,0,0,2019-11-17 22:14:44-05:00
0,3,0,0,0,0,2019-11-17 22:14:44-05:00
0,1,0,0,0,0,2019-11-17 22:57:22-05:00
0,1,0,0,0,0,2019-11-17 22:57:22-05:00
0,2,0,0,0,0,2019-11-19 22:45:20-05:00
0,1,0,0,0,0,2019-11-19 22:45:20-05:00
0,2,0,0,0,0,2019-11-20 12:55:24-05:00
0,1,0,0,0,0,2019-11-20 12:55:24-05:00
1,4,1,0,0,0,2019-11-21 09:43:22-05:00
1,3,1,0,0,0,2019-11-21 09:43:22-05:00
0,0,1,0,0,0,2019-11-21 09:44:22-05:00
0,0,1,0,0,0,2019-11-21 09:44:22-05:00
0,5,0,0,0,0,2019-11-24 16:06:02-05:00
0,4,0,0,0,0,2019-11-24 16:06:02-05:00
0,2,0,0,0,0,2019-11-24 17:00:23-05:00
0,2,0,0,0,0,2019-11-24 17:00:23-05:00
0,0,0,0,0,0,2019-11-24 17:32:53-05:00
0,0,0,0,0,0,2019-11-24 17:32:53-05:00
0,0,0,0,0,0,2019-11-24 17:33:21-05:00
0,0,0,0,0,0,2019-11-24 17:33:21-05:00
0,1,0,0,0,0,2019-11-24 17:36:01-05:00
0,1,0,0,0,0,2019-11-24 17:36:01-05:00
0,4,0,0,0,0,2019-11-25 21:48:27-05:00
0,3,0,0,0,0,2019-11-25 21:48:27-05:00
0,1,0,0,0,0,2019-11-25 22:07:26-05:00
0,1,0,0,0,0,2019-11-25 22:07:26-05:00
0,1,0,0,0,0,2019-11-25 22:15:57-05:00
0,1,0,0,0,0,2019-11-25 22:15:57-05:00
0,1,0,0,0,0,2019-11-25 23:08:28-05:00
0,1,0,0,0,0,2019-11-25 23:08:28-05:00
0,1,0,0,0,0,2019-11-26 09:28:55-05:00
0,1,0,0,0,0,2019-11-26 09:28:55-05:00
0,1,0,0,0,0,2019-11-26 09:51:21-05:00
0,1,0,0,0,0,2019-11-26 09:51:21-05:00
0,1,0,0,0,0,2019-11-26 09:52:52-05:00
0,1,0,0,0,0,2019-11-26 09:52:52-05:00
0,1,0,0,0,0,2019-11-26 10:19:22-05:00
0,1,0,0,0,0,2019-11-26 10:19:22-05:00
0,1,0,0,0,0,2019-11-26 23:19:27-05:00
0,1,0,0,0,0,2019-11-26 23:19:27-05:00
0,2,0,0,0,0,2019-11-26 23:25:58-05:00
0,1,0,0,0,0,2019-11-26 23:25:58-05:00
0,0,0,0,0,0,2019-11-28 18:10:05-05:00
0,0,0,0,0,0,2019-11-28 18:10:05-05:00
0,2,0,0,0,0,2019-11-28 21:20:13-05:00
0,1,0,0,0,0,2019-11-28 21:20:13-05:00
0,1,0,0,0,0,2019-11-28 21:28:17-05:00
0,1,0,0,0,0,2019-11-28 21:28:17-05:00
1,3,0,0,0,0,2019-11-30 22:57:24-05:00
1,2,0,0,0,0,2019-11-30 22:57:24-05:00
0,2,0,0,0,0,2019-12-01 21:31:58-05:00
0,2,0,0,0,0,2019-12-01 21:31:58-05:00
0,2,0,0,0,0,2019-12-01 21:55:40-05:00
0,2,0,0,0,0,2019-12-01 21:55:40-05:00
0,0,0,0,0,0,2019-12-02 16:59:13-05:00
0,0,0,0,0,0,2019-12-02 16:59:13-05:00
0,2,0,0,0,0,2019-12-02 22:06:21-05:00
0,2,0,0,0,0,2019-12-02 22:06:21-05:00
0,1,0,0,0,0,2019-12-02 22:51:40-05:00
0,1,0,0,0,0,2019-12-02 22:51:40-05:00
0,1,0,0,0,0,2019-12-04 08:01:36-05:00
0,1,0,0,0,0,2019-12-04 08:01:36-05:00
0,1,0,0,0,0,2019-12-04 08:10:48-05:00
0,1,0,0,0,0,2019-12-04 08:10:48-05:00
0,0,0,0,0,0,2019-12-04 08:14:04-05:00
0,0,0,0,0,0,2019-12-04 08:14:04-05:00
0,1,0,0,0,0,2019-12-04 08:21:14-05:00
0,1,0,0,0,0,2019-12-04 08:21:14-05:00
0,2,0,0,0,0,2019-12-04 12:20:40-05:00
0,1,0,0,0,0,2019-12-04 12:20:40-05:00
0,1,0,0,0,0,2019-12-07 17:43:41-05:00
0,0,0,0,0,0,2019-12-07 17:43:41-05:00
0,0,0,0,0,0,2019-12-07 18:18:55-05:00
0,0,0,0,0,0,2019-12-07 18:18:55-05:00
0,1,0,0,0,0,2019-12-08 16:19:33-05:00
0,1,0,0,0,0,2019-12-08 16:19:33-05:00
0,2,0,0,0,0,2019-12-09 09:07:54-05:00
0,1,0,0,0,0,2019-12-09 09:07:54-05:00
0,1,0,0,0,0,2019-12-15 15:15:18-05:00
0,0,0,0,0,0,2019-12-15 15:15:18-05:00
0,1,0,0,0,0,2019-12-15 17:49:38-05:00
0,1,0,0,0,0,2019-12-15 17:49:38-05:00
0,0,0,0,0,0,2019-12-16 22:28:06-05:00
0,0,0,0,0,0,2019-12-16 22:28:06-05:00
0,3,0,0,0,0,2019-12-21 22:29:17-05:00
0,2,0,0,0,0,2019-12-21 22:29:17-05:00
0,1,0,0,0,0,2019-12-21 22:35:45-05:00
0,0,0,0,0,0,2019-12-21 22:35:45-05:00
0,0,0,0,0,0,2019-12-21 22:38:22-05:00
0,0,0,0,0,0,2019-12-21 22:38:22-05:00
0,0,0,0,0,0,2019-12-21 22:47:32-05:00
0,0,0,0,0,0,2019-12-21 22:47:32-05:00
0,1,0,0,0,0,2019-12-21 22:49:38-05:00
0,0,0,0,0,0,2019-12-21 22:49:38-05:00
0,2,0,0,0,0,2019-12-26 18:10:01-06:00
0,1,0,0,0,0,2019-12-26 18:10:01-06:00
0,0,0,0,0,0,2019-12-26 18:16:08-06:00
0,0,0,0,0,0,2019-12-26 18:16:08-06:00
0,1,0,0,0,0,2019-12-26 21:05:08-06:00
0,1,0,0,0,0,2019-12-26 21:05:08-06:00
0,0,0,0,0,0,2020-01-09 02:48:42+00:00
0,0,0,0,0,0,2020-01-09 02:48:42+00:00
0,0,0,0,0,0,2020-01-08 21:50:32-05:00
0,0,0,0,0,0,2020-01-08 21:50:32-05:00
0,2,0,0,0,0,2020-01-09 21:37:49-05:00
0,1,0,0,0,0,2020-01-09 21:37:49-05:00
0,0,0,0,0,0,2020-01-09 22:35:34-05:00
0,0,0,0,0,0,2020-01-09 22:35:34-05:00
0,0,0,0,0,0,2020-01-11 21:07:06-05:00
0,1,0,0,0,0,2020-01-11 21:07:06-05:00
0,0,0,0,0,0,2020-01-12 17:07:22-05:00
0,0,0,0,0,0,2020-01-12 17:14:42-05:00
0,0,0,0,0,0,2020-01-12 17:18:06-05:00
0,1,0,0,0,0,2020-01-12 18:49:39-05:00
1,7,1,0,0,0,2020-01-13 09:44:03-05:00
0,0,0,0,0,0,2020-01-13 09:46:39-05:00
0,1,0,0,0,0,2020-01-21 16:46:20-05:00
0,0,0,0,0,0,2020-01-21 14:41:30-08:00
0,1,0,0,0,0,2020-01-21 14:43:30-08:00
0,0,0,0,0,0,2020-01-21 22:01:52-05:00
0,0,0,0,0,0,2020-01-22 20:16:12-08:00
0,0,0,0,0,0,2020-01-22 20:17:22-08:00
0,2,0,0,0,0,2020-01-22 20:43:55-08:00
0,1,0,0,0,0,2020-01-22 21:01:02-08:00
0,0,0,0,0,0,2020-01-24 17:17:09-05:00
0,0,0,0,0,0,2020-01-24 17:21:01-05:00
0,0,0,0,0,0,2020-01-24 17:21:13-05:00
0,7,0,0,0,0,2020-01-24 17:55:38-05:00
0,0,0,0,0,0,2020-01-24 17:57:49-05:00
0,6,0,0,0,0,2020-01-24 17:59:30-05:00
0,0,0,0,0,0,2020-01-24 18:01:52-05:00
0,6,0,0,0,0,2020-01-26 18:45:57-05:00
0,7,0,0,0,0,2020-02-01 21:30:51-05:00
0,4,0,0,0,0,2020-02-01 22:34:49-05:00
0,6,0,0,0,0,2020-02-02 17:10:30-05:00
0,5,0,0,0,0,2020-02-02 21:37:11-05:00
0,4,0,0,0,0,2020-02-02 22:11:57-05:00
0,2,0,0,0,0,2020-02-02 22:21:04-05:00
0,2,0,0,0,0,2020-02-05 22:04:17-05:00
0,1,0,0,0,0,2020-02-10 21:26:05-05:00
0,3,0,0,0,0,2020-02-12 10:05:44-05:00
0,0,0,0,0,0,2020-02-12 11:10:53-05:00
0,1,0,0,0,0,2020-02-12 12:48:49-05:00
0,3,0,0,0,0,2020-02-29 12:11:44-05:00
0,2,0,0,0,0,2020-02-29 18:52:17-05:00
0,4,0,0,0,0,2020-03-01 16:25:39-05:00
0,0,0,0,0,0,2020-03-01 21:38:18-05:00
0,1,0,0,0,0,2020-03-02 23:01:06-05:00
0,2,0,0,0,0,2020-03-02 23:04:31-05:00
0,1,0,0,0,0,2020-03-19 07:57:03-04:00
0,1,0,0,0,0,2020-03-19 21:49:38-04:00
0,1,0,0,0,0,2020-03-21 15:38:09-04:00
0,0,0,0,0,0,2020-03-21 16:23:48-04:00
0,0,0,0,0,0,2020-03-21 16:24:28-04:00
0,3,0,0,0,0,2020-03-22 12:56:38-04:00
0,1,0,0,0,0,2020-03-22 15:00:04-04:00
0,0,0,0,0,0,2020-03-22 16:44:10-04:00
0,6,0,0,0,0,2020-03-28 18:56:37-04:00
0,2,0,0,0,0,2020-03-28 22:26:12-04:00
0,7,0,0,0,0,2020-04-02 21:26:53-04:00
0,0,0,0,0,0,2020-04-02 21:53:01-04:00
0,0,0,0,0,0,2020-04-02 21:56:08-04:00
0,0,0,0,0,0,2020-04-02 21:56:13-04:00
0,5,0,0,0,0,2020-04-02 22:17:18-04:00
0,3,0,0,0,0,2020-04-04 19:11:02-04:00
0,2,0,0,0,0,2020-04-06 09:40:19-04:00
0,0,0,0,0,0,2020-04-06 09:41:09-04:00
0,1,0,0,0,0,2020-04-06 09:42:13-04:00
0,0,0,0,0,0,2020-04-06 22:05:04-04:00
0,0,0,0,0,0,2020-04-06 22:12:01-04:00
0,1,0,0,0,0,2020-04-07 08:46:26-04:00
0,1,0,0,0,0,2020-04-08 21:48:43-04:00
0,0,0,0,0,0,2020-04-08 21:51:27-04:00
0,1,0,0,0,0,2020-04-10 14:49:58-04:00
0,1,0,0,0,0,2020-04-15 22:18:40-04:00
0,0,0,0,0,0,2020-04-15 22:20:09-04:00
0,0,0,0,0,0,2020-04-15 23:01:14-04:00
0,0,0,0,0,0,2020-04-15 23:01:33-04:00
0,1,0,0,0,0,2020-04-15 23:35:39-04:00
0,1,0,0,0,0,2020-04-16 21:25:08-04:00
0,1,0,0,0,0,2020-04-18 20:48:42-04:00
0,1,0,0,0,0,2020-04-18 21:14:46-04:00
0,0,0,0,0,0,2020-04-18 21:15:50-04:00
0,1,0,0,0,0,2020-04-18 21:19:06-04:00
0,0,0,0,0,0,2020-04-19 17:09:14-04:00
0,1,0,0,0,0,2020-04-19 21:29:00-04:00
0,0,0,0,0,0,2020-04-20 18:01:35-04:00
0,0,0,0,0,0,2020-04-20 18:06:13-04:00
0,0,0,0,0,0,2020-04-20 18:17:01-04:00
0,0,0,0,0,0,2020-04-20 18:39:37-04:00
0,0,0,0,0,0,2020-04-20 18:43:46-04:00
42,57,30,0,2,0,2020-04-21 09:31:25-04:00
0,0,0,0,0,0,2020-04-23 17:00:56-04:00
0,0,0,0,0,0,2020-04-23 17:53:36-04:00
0,0,0,0,0,0,2020-04-23 18:17:35-04:00
0,1,0,0,0,0,2020-04-25 17:29:51-04:00
0,1,0,0,0,0,2020-04-25 17:33:43-04:00
0,1,0,0,0,0,2020-04-25 17:43:49-04:00
0,0,0,0,0,0,2020-04-25 17:56:44-04:00
0,1,0,0,0,0,2020-04-25 18:10:35-04:00
0,1,0,0,0,0,2020-04-25 18:10:35-04:00
0,1,0,0,0,0,2020-04-25 22:41:39-04:00
0,1,0,0,0,0,2020-04-30 00:05:49-04:00
0,1,0,0,0,0,2020-05-03 18:52:00-04:00
0,1,0,0,0,0,2020-05-04 21:54:05-04:00
0,3,0,0,0,0,2020-05-09 18:49:10-04:00
0,0,0,0,0,0,2020-05-09 19:09:29-04:00
0,0,0,0,0,0,2020-05-10 21:14:57-04:00
0,4,0,0,0,0,2020-05-17 21:46:48-04:00
0,1,0,0,0,0,2020-05-17 22:08:35-04:00
0,3,0,0,0,0,2020-05-17 22:36:56-04:00
0,0,0,0,0,0,2020-05-17 22:37:18-04:00
0,0,0,0,0,0,2020-05-17 22:43:34-04:00
0,1,0,0,0,0,2020-05-17 22:44:20-04:00
0,1,0,0,0,0,2020-05-17 22:45:14-04:00
0,3,0,0,0,0,2020-05-18 22:13:36-04:00
0,2,0,0,0,0,2020-05-18 22:28:26-04:00
0,0,0,0,0,0,2020-05-18 22:30:57-04:00
0,0,0,0,0,0,2020-05-18 22:34:26-04:00
0,0,0,0,0,0,2020-05-18 23:24:46-04:00
0,2,0,0,0,0,2020-05-19 22:20:18-04:00
0,6,1,0,0,0,2020-05-24 23:28:04-04:00
0,3,0,0,0,0,2020-05-25 11:48:10-04:00
0,0,0,0,0,0,2020-05-25 11:53:00-04:00
0,0,0,0,0,0,2020-05-25 11:59:17-04:00
0,1,0,0,0,0,2020-05-30 16:00:35-04:00
0,2,0,0,0,0,2020-06-04 08:57:39-04:00
0,1,0,0,0,0,2020-06-09 09:48:22-04:00
0,0,0,0,0,0,2020-06-09 09:57:41-04:00
0,0,0,0,0,0,2020-06-10 09:44:41-04:00
0,0,0,0,0,0,2020-06-10 18:23:35-04:00
0,2,0,0,0,0,2020-06-10 22:37:39-04:00
0,1,0,0,0,0,2020-06-10 22:57:47-04:00
0,4,0,0,0,0,2020-06-11 18:13:54-04:00
0,8,0,0,0,0,2020-06-14 17:32:27-04:00
0,1,0,0,0,0,2020-06-14 17:33:34-04:00
0,3,0,0,0,0,2020-06-15 23:19:31-04:00
0,1,0,0,0,0,2020-06-15 23:21:08-04:00
0,1,0,0,0,0,2020-06-16 09:23:23-04:00
0,1,0,0,0,0,2020-06-16 09:28:52-04:00
0,1,0,0,0,0,2020-06-17 09:07:22-04:00
0,2,0,0,0,0,2020-06-17 09:42:32-04:00
0,0,0,0,0,0,2020-06-17 11:01:00-04:00
0,1,0,0,0,0,2020-06-24 08:58:08-04:00
0,1,0,0,0,0,2020-06-24 09:30:39-04:00
0,1,0,0,0,0,2020-06-24 09:49:12-04:00
0,0,0,0,0,0,2020-06-24 11:16:45-04:00
0,0,0,0,0,0,2020-07-12 18:02:22-04:00
0,0,0,0,0,0,2020-07-12 18:30:20-04:00
0,0,0,0,0,0,2020-07-23 18:20:47-04:00
0,1,0,0,0,0,2020-07-23 18:39:47-04:00
0,4,0,0,0,0,2020-08-23 16:46:31-04:00
0,0,0,0,0,0,2020-08-23 16:46:53-04:00
0,1,0,0,0,0,2020-08-23 18:24:02-04:00
0,0,0,0,0,0,2020-08-23 18:28:18-04:00
0,3,0,0,0,0,2020-08-29 22:29:07-04:00
0,0,0,0,0,0,2020-08-29 22:51:10-04:00
0,1,0,0,0,0,2020-09-06 15:33:21-04:00
0,0,0,0,0,0,2020-09-06 15:44:10-04:00
0,2,0,0,0,0,2020-09-08 17:59:29-04:00
0,1,0,0,0,0,2020-09-10 22:54:23-04:00
0,4,0,0,0,0,2020-10-06 17:55:00-04:00
0,1,0,0,0,0,2020-10-06 18:07:57-04:00
0,0,0,0,0,0,2020-10-06 18:15:34-04:00
0,4,0,0,0,0,2020-09-20 22:45:56-04:00
0,0,0,0,0,0,2020-09-20 23:08:04-04:00
0,1,0,0,0,0,2020-09-21 21:38:45-04:00
0,0,0,0,0,0,2020-09-21 21:41:18-04:00
0,0,0,0,0,0,2020-09-21 22:02:14-04:00
0,0,0,0,0,0,2020-09-21 22:22:55-04:00
0,0,0,0,0,0,2020-09-21 22:35:23-04:00
0,0,0,0,0,0,2020-09-21 22:38:33-04:00
0,0,0,0,0,0,2020-09-21 22:38:51-04:00
0,0,0,0,0,0,2020-09-21 22:40:01-04:00
0,0,0,0,0,0,2020-09-21 22:42:55-04:00
0,1,0,0,0,0,2020-09-22 22:16:46-04:00
0,1,0,0,0,0,2020-09-22 22:43:44-04:00
0,1,0,0,0,0,2020-09-22 23:00:50-04:00
0,1,0,0,0,0,2020-09-22 23:02:57-04:00
0,0,0,0,0,0,2020-09-22 23:15:58-04:00
0,1,0,0,0,0,2020-09-23 17:42:27-04:00
0,0,0,0,0,0,2020-09-23 17:44:17-04:00
0,0,0,0,0,0,2020-09-23 18:07:10-04:00
0,1,0,0,0,0,2020-09-23 18:14:51-04:00
0,1,0,0,0,0,2020-09-23 21:55:43-04:00
0,0,0,0,0,0,2020-09-23 21:57:48-04:00
0,0,0,0,0,0,2020-09-23 21:59:48-04:00
0,0,0,0,0,0,2020-09-28 21:50:02-04:00
0,2,0,0,0,0,2020-10-06 17:45:55-04:00
0,0,0,0,0,0,2020-10-11 17:29:40-04:00
0,0,0,0,0,0,2020-10-11 18:19:44-04:00
0,0,0,0,0,0,2020-10-11 18:30:57-04:00
0,1,0,0,0,0,2020-10-15 22:43:14-04:00
0,1,0,0,0,0,2020-10-15 23:10:27-04:00
0,1,0,0,0,0,2020-10-15 23:16:36-04:00
0,0,0,0,0,0,2020-10-16 19:37:06+00:00
1,2,0,0,0,0,2020-10-18 22:26:24-04:00
1,1,0,0,0,0,2020-10-21 08:54:26-04:00
42,59,30,0,2,0,2020-10-27 22:53:35-04:00
0,2,0,0,0,0,2020-11-02 18:01:11-05:00
0,1,0,0,0,0,2020-11-22 16:22:39-05:00
0,2,0,0,0,0,2020-11-22 16:34:30-05:00
0,0,0,0,0,0,2020-11-22 16:43:30-05:00
0,0,0,0,0,0,2020-11-22 16:45:22-05:00
1,1,0,0,0,0,2020-11-22 17:12:35-05:00
1,1,0,0,0,0,2020-11-22 18:08:45-05:00
1,1,0,0,0,0,2020-11-22 18:14:37-05:00
0,1,0,0,0,0,2020-11-22 21:26:32-05:00
1,1,0,0,0,0,2020-12-02 17:36:56-05:00
0,0,0,0,0,0,2020-12-02 17:41:43-05:00
0,1,0,0,0,0,2020-12-02 17:48:02-05:00
0,3,0,0,0,0,2020-12-02 18:05:49-05:00
0,1,0,0,0,0,2020-12-02 18:26:00-05:00
0,2,0,0,0,0,2020-12-02 18:35:15-05:00
0,1,0,0,0,0,2020-12-07 17:07:22-05:00
0,1,0,0,0,0,2020-12-07 17:08:10-05:00
0,3,0,0,0,0,2020-12-07 17:22:48-05:00
0,1,0,0,0,0,2020-12-07 17:24:10-05:00
0,1,0,0,0,0,2020-12-08 09:16:36-05:00
0,0,0,0,0,0,2020-12-12 05:04:36+00:00
0,0,0,0,0,0,2020-12-22 22:02:08-05:00
0,0,0,0,0,0,2020-12-22 22:44:52-05:00
0,0,0,0,0,0,2020-12-22 22:46:19-05:00
0,0,0,0,0,0,2020-12-22 22:58:39-05:00
0,0,0,0,0,0,2020-12-22 23:16:50-05:00
0,0,0,0,0,0,2020-12-22 23:26:10-05:00
0,0,0,0,0,0,2020-12-22 23:31:39-05:00
0,0,0,0,0,0,2020-12-28 22:45:09-05:00
0,0,0,0,0,0,2020-12-28 23:00:10-05:00
0,0,0,0,0,0,2020-12-28 23:12:35-05:00
0,4,0,0,0,0,2020-12-30 22:47:10-05:00
0,3,0,0,0,0,2021-01-01 17:04:45-05:00
0,0,0,0,0,0,2021-01-01 17:06:37-05:00
0,0,0,0,0,0,2021-01-01 17:06:49-05:00
0,0,0,0,0,0,2021-01-01 17:07:07-05:00
0,1,0,0,0,0,2021-01-01 17:15:09-05:00
0,0,0,0,0,0,2021-01-01 18:24:15-05:00
0,1,0,0,0,0,2021-01-01 18:27:10-05:00
0,3,0,0,0,0,2021-01-11 23:07:36-05:00
0,5,0,0,0,0,2021-01-16 16:55:54-05:00
0,1,0,0,0,0,2021-01-16 17:05:18-05:00
0,1,0,0,0,0,2021-01-16 17:09:17-05:00
0,1,0,0,0,0,2021-01-16 17:11:42-05:00
0,0,0,0,0,0,2021-01-16 17:23:39-05:00
0,2,0,0,0,0,2021-01-16 18:56:40-05:00
0,3,0,0,0,0,2021-01-17 16:41:43-05:00
0,2,0,0,0,0,2021-01-17 17:10:08-05:00
0,2,0,0,0,0,2021-01-17 17:19:26-05:00
0,0,0,0,0,0,2021-01-17 17:23:35-05:00
0,1,0,0,0,0,2021-01-17 17:40:05-05:00
0,1,0,0,0,0,2021-01-17 18:11:34-05:00
0,0,0,0,0,0,2021-01-18 09:35:47-05:00
0,2,0,0,0,0,2021-01-23 11:12:56-05:00
0,1,0,0,0,0,2021-01-23 11:28:11-05:00
0,1,0,0,0,0,2021-01-23 11:36:10-05:00
0,2,0,0,0,0,2021-01-23 11:44:25-05:00
0,2,0,0,0,0,2021-01-23 13:37:19-05:00
0,1,0,0,0,0,2021-01-23 13:54:05-05:00
0,0,0,0,0,0,2021-01-23 15:49:57-05:00
0,1,0,0,0,0,2021-01-24 16:52:36-05:00
0,2,0,0,0,0,2021-01-25 09:06:59-05:00
0,0,0,0,0,0,2021-01-25 09:07:59-05:00
0,1,0,0,0,0,2021-01-26 08:48:11-05:00
0,1,0,0,0,0,2021-01-26 09:02:32-05:00
0,0,0,0,0,0,2021-01-26 09:05:37-05:00
0,0,0,0,0,0,2021-02-15 16:00:37-05:00
0,6,0,0,0,0,2021-02-20 21:58:43-05:00
0,3,0,0,0,0,2021-02-20 22:45:15-05:00
0,8,0,0,0,0,2021-02-20 23:10:58-05:00
0,0,0,0,0,0,2021-02-20 23:14:47-05:00
0,0,0,0,0,0,2021-02-20 23:16:47-05:00
0,0,0,0,0,0,2021-02-20 23:22:25-05:00
0,3,0,0,0,0,2021-02-21 22:42:22-05:00
0,2,0,0,0,0,2021-02-21 23:43:56-05:00
0,0,0,0,0,0,2021-02-22 09:08:09-05:00
0,2,0,0,0,0,2021-02-22 09:39:06-05:00
0,1,0,0,0,0,2021-02-22 22:02:50-05:00
0,2,0,0,0,0,2021-02-22 22:16:50-05:00
0,0,0,0,0,0,2021-02-22 22:19:42-05:00
0,2,0,0,0,0,2021-02-22 23:16:07-05:00
0,1,0,0,0,0,2021-02-22 23:23:47-05:00
0,3,0,0,0,0,2021-02-23 22:31:06-05:00
0,1,0,0,0,0,2021-02-25 09:33:22-05:00
0,2,0,0,0,0,2021-02-25 12:08:52-05:00
0,1,0,0,0,0,2021-02-25 12:19:15-05:00
0,0,0,0,0,0,2021-02-25 12:20:56-05:00
0,0,0,0,0,0,2021-02-25 12:25:06-05:00
0,1,0,0,0,0,2021-02-28 14:49:16-05:00
0,4,0,0,0,0,2021-03-17 20:19:44-04:00
0,3,0,0,0,0,2021-03-23 10:47:37-04:00
0,4,0,0,0,0,2021-03-23 23:42:12-04:00
0,1,0,0,0,0,2021-03-24 09:33:46-04:00
0,0,0,0,0,0,2021-03-24 09:35:35-04:00
0,2,0,0,0,0,2021-03-24 21:32:19-04:00
0,1,0,0,0,0,2021-03-24 22:20:40-04:00
0,3,0,0,0,0,2021-03-24 22:39:23-04:00
0,0,0,0,0,0,2021-03-24 22:51:41-04:00
0,1,0,0,0,0,2021-03-24 23:03:53-04:00
0,0,0,0,0,0,2021-03-31 10:57:42+00:00
0,1,0,0,0,0,2021-04-01 22:06:52-04:00
0,0,0,0,0,0,2021-04-03 23:39:28-04:00
0,2,0,0,0,0,2021-05-08 18:48:11-04:00
0,0,0,0,0,0,2021-05-28 10:18:07+00:00
0,0,0,0,0,0,2021-05-30 18:54:01-04:00
0,13,1,0,0,0,2021-06-20 17:28:52-04:00
0,0,0,0,0,0,2021-06-20 17:29:53-04:00
0,0,0,0,0,0,2021-06-20 17:31:08-04:00
0,0,0,0,0,0,2021-06-20 17:39:16-04:00
0,0,0,0,0,0,2021-06-20 21:41:42+00:00
0,0,0,0,0,0,2021-06-20 21:41:42+00:00
0,0,0,0,0,0,2021-06-20 21:41:58+00:00
0,1,0,0,0,0,2021-06-20 17:43:55-04:00
0,0,0,0,0,0,2021-06-21 12:32:58-04:00
0,2,0,0,0,0,2021-06-27 17:42:52-04:00
0,2,0,0,0,0,2021-07-05 19:11:01-04:00
0,0,0,0,0,0,2021-08-13 01:48:51+00:00
0,2,0,0,0,0,2021-09-05 16:19:00-04:00
0,1,0,0,0,0,2021-09-05 16:51:15-04:00
0,0,0,0,0,0,2021-09-05 20:52:08+00:00
0,0,0,0,0,0,2021-09-05 21:41:45-04:00
0,0,0,0,0,0,2021-09-05 21:57:56-04:00
0,0,0,0,0,0,2021-09-05 23:10:43-04:00
0,0,0,0,0,0,2021-09-05 23:16:51-04:00
0,0,0,0,0,0,2021-09-05 23:20:07-04:00
0,0,0,0,0,0,2021-09-05 23:20:17-04:00
0,0,0,0,0,0,2021-09-05 23:20:42-04:00
0,0,0,0,0,0,2021-09-05 23:20:52-04:00
0,0,0,0,0,0,2021-09-05 23:21:02-04:00
0,0,0,0,0,0,2021-09-05 23:21:12-04:00
0,0,0,0,0,0,2021-09-05 23:21:20-04:00
0,2,0,0,0,0,2021-10-04 21:22:05-04:00
0,0,0,0,0,0,2022-02-09 23:44:26-05:00
24,34,15,0,1,0,2022-02-15 23:14:02-05:00
0,0,0,0,0,0,2022-02-15 23:31:38-05:00
0,0,0,0,0,0,2022-02-16 22:03:25-05:00
0,0,0,0,0,0,2022-02-17 21:41:58-05:00
0,0,0,0,0,0,2022-02-17 21:43:37-05:00
0,0,0,0,0,0,2022-02-19 23:00:57-05:00
