Acquisition,Preparation,Modeling,Training,Evaluation,Prediction,time
0,0,0,0,0,0,2019-04-07 21:50:39-07:00
0,0,0,0,0,0,2019-04-07 21:51:40-07:00
0,0,0,0,0,0,2019-04-08 13:13:38-07:00
0,0,0,0,0,0,2019-04-08 20:58:46-07:00
0,0,0,0,0,0,2019-04-09 21:13:25-07:00
0,0,0,0,0,0,2019-04-09 21:53:00-07:00
0,0,0,0,0,0,2019-04-09 21:59:51-07:00
0,0,0,0,0,0,2019-04-10 08:10:18-07:00
0,0,0,0,0,0,2019-04-10 21:34:19-07:00
0,0,0,0,0,0,2019-04-12 16:29:18-07:00
0,0,0,0,0,0,2019-05-13 10:57:20-04:00
0,0,0,0,0,0,2019-05-13 12:03:41-04:00
0,0,0,0,0,0,2019-05-14 11:49:20-04:00
0,0,0,0,0,0,2019-05-15 11:58:08-04:00
0,0,0,0,0,0,2019-05-16 12:01:31-04:00
0,0,0,0,0,0,2019-07-23 15:33:39+00:00
0,0,0,0,0,0,2019-08-19 10:05:35-05:00
0,0,0,0,0,0,2019-08-19 10:16:07-05:00
0,0,0,0,0,0,2019-08-19 10:17:34-05:00
0,0,0,0,0,0,2019-08-19 10:17:57-05:00
0,0,0,0,0,0,2019-08-20 10:54:23-05:00
1,1,1,1,0,1,2019-08-21 10:54:48-05:00
0,0,0,0,0,0,2019-08-22 10:37:04-05:00
0,0,0,0,0,0,2019-08-22 10:49:24-05:00
0,0,0,0,0,0,2019-08-22 10:49:52-05:00
0,0,0,0,0,0,2019-08-22 10:50:06-05:00
0,0,0,0,0,0,2019-09-17 15:42:16-05:00
0,0,0,0,0,0,2019-09-17 15:42:34-05:00
0,0,0,0,0,0,2019-09-17 15:43:53-05:00
1,1,1,1,0,1,2019-09-18 10:57:58-05:00
0,0,0,0,0,0,2019-10-14 10:49:38-05:00
1,1,1,1,0,1,2019-10-15 11:03:58-05:00
0,0,0,0,0,0,2019-10-15 11:04:55-05:00
1,1,1,1,1,1,2019-10-15 12:56:01-05:00
1,1,1,1,0,1,2019-10-16 10:38:51-05:00
1,1,1,1,1,1,2019-11-11 10:59:08-06:00
0,0,0,0,0,0,2019-11-12 13:03:27-06:00
0,0,0,0,0,0,2019-12-16 09:58:57-06:00
0,0,0,0,0,0,2019-12-16 09:59:36-06:00
0,0,0,0,0,0,2019-12-17 17:04:21+00:00
1,1,1,1,1,1,2020-02-24 10:59:37-06:00
0,0,0,0,0,0,2020-02-24 11:01:01-06:00
1,1,1,1,1,1,2020-02-25 11:01:50-06:00
0,0,0,0,0,0,2020-02-25 12:10:40-06:00
0,0,0,0,0,0,2020-02-26 13:38:42-06:00
1,1,1,1,0,1,2020-03-23 10:54:42-05:00
0,0,0,0,0,0,2020-03-23 10:55:32-05:00
1,1,1,1,0,1,2020-03-25 10:22:51-05:00
0,0,0,0,0,0,2020-03-26 10:32:37-05:00
0,0,0,0,0,0,2020-03-26 10:33:06-05:00
0,0,0,0,0,0,2020-03-26 10:33:15-05:00
0,0,0,0,0,0,2020-03-26 10:37:30-05:00
0,0,0,0,0,0,2020-03-26 10:40:11-05:00
0,0,0,0,0,0,2020-03-26 10:44:22-05:00
0,0,0,0,0,0,2020-04-20 10:57:59-05:00
0,0,0,0,0,0,2020-04-21 10:52:20-05:00
0,0,0,0,0,0,2020-04-21 13:17:43-05:00
0,0,0,0,0,0,2020-04-21 13:19:07-05:00
3,3,2,3,1,2,2020-05-19 10:45:41-05:00
1,1,1,1,0,0,2020-05-19 12:57:50-05:00
1,1,1,1,0,0,2020-05-19 13:02:44-05:00
0,0,0,0,0,0,2020-05-20 10:53:45-05:00
0,0,0,0,0,0,2020-06-24 13:21:18-05:00
0,1,0,0,0,0,2020-07-20 13:10:24-05:00
0,0,0,0,0,0,2020-07-20 13:10:53-05:00
0,1,0,0,0,0,2020-07-20 13:11:15-05:00
1,1,0,1,0,0,2020-09-04 15:01:20-05:00
0,0,0,0,0,0,2020-09-24 14:42:06-07:00
2,2,1,2,1,2,2021-02-21 18:20:36-08:00
1,1,1,1,0,1,2021-02-21 18:24:04-08:00
2,2,1,2,1,2,2021-02-21 18:29:45-08:00
1,1,0,1,0,1,2021-02-21 18:32:32-08:00
0,1,0,0,0,0,2021-02-22 08:41:02-08:00
0,0,0,0,0,0,2021-02-23 17:12:24-08:00
2,3,1,2,1,1,2021-04-01 13:59:49-07:00
0,0,0,0,0,0,2021-04-01 14:18:17-07:00
0,1,0,0,0,0,2021-07-19 17:22:59-06:00
0,1,0,0,0,0,2021-07-19 17:23:18-06:00
1,1,0,1,0,1,2021-09-10 09:48:18-06:00
0,0,0,0,0,0,2021-09-10 09:51:59-06:00
1,1,1,1,1,1,2021-09-10 10:08:24-06:00
0,0,0,0,0,0,2021-09-10 10:09:09-06:00
0,0,0,0,0,0,2021-09-10 10:13:09-06:00
0,0,0,0,0,0,2021-09-10 10:14:27-06:00
0,0,0,0,0,0,2021-09-10 10:14:51-06:00
0,0,1,0,0,0,2021-09-10 10:20:21-06:00
0,0,0,0,0,0,2021-09-10 10:27:35-06:00
0,0,0,0,0,0,2021-09-10 10:29:07-06:00
0,0,0,0,0,0,2021-09-10 10:30:15-06:00
1,1,0,1,0,1,2021-09-22 11:48:58-07:00
1,1,1,1,1,1,2021-09-22 11:49:21-07:00
0,0,0,0,0,0,2021-09-22 11:49:40-07:00
1,1,1,1,1,1,2021-09-22 11:50:05-07:00
1,1,1,1,1,1,2021-10-14 18:18:50-07:00
0,0,0,0,0,0,2021-10-18 19:03:33-07:00
0,0,0,0,0,0,2021-10-18 19:04:00-07:00
0,0,0,0,0,0,2021-10-18 19:04:28-07:00
0,0,0,0,0,0,2021-11-16 16:12:25-06:00
0,0,0,0,0,0,2021-11-22 21:51:56-08:00
0,0,0,0,0,0,2021-11-22 21:52:33-08:00
0,0,0,0,0,0,2021-11-22 21:53:11-08:00
0,0,1,0,0,0,2021-11-22 21:54:14-08:00
0,0,0,0,0,0,2021-11-22 22:10:21-08:00
0,0,0,0,0,0,2021-11-22 22:12:32-08:00
0,0,0,0,0,0,2021-11-22 22:14:37-08:00
0,0,0,0,0,0,2021-11-22 22:28:28-08:00
0,0,0,0,0,0,2021-11-22 22:44:28-08:00
0,0,1,0,0,0,2021-11-23 10:56:21-08:00
0,0,0,0,0,0,2021-12-17 12:06:11-08:00
0,0,0,0,0,0,2021-12-17 12:06:48-08:00
0,0,0,0,0,0,2021-12-17 12:07:23-08:00
0,0,1,0,0,0,2021-12-17 12:07:58-08:00
