Acquisition,Preparation,Modeling,Training,Evaluation,Prediction,time
0,0,0,0,0,0,2019-07-21 11:08:42+09:00
1,3,1,0,1,0,2019-07-21 22:56:27+09:00
0,2,1,0,0,0,2019-07-21 23:23:56+09:00
0,3,2,0,1,0,2019-07-21 23:40:02+09:00
0,0,0,0,0,0,2019-07-21 23:40:56+09:00
0,0,0,0,0,0,2019-07-21 23:41:03+09:00
0,0,0,0,0,0,2019-07-22 01:43:23+09:00
0,2,1,1,1,0,2019-07-22 01:47:16+09:00
0,0,0,0,0,0,2019-07-22 01:50:00+09:00
0,1,0,0,0,0,2019-07-22 02:03:27+09:00
0,1,0,0,0,0,2019-07-22 03:21:53+09:00
1,6,4,2,1,0,2019-07-22 23:10:06+09:00
0,3,1,2,1,0,2019-07-22 23:49:49+09:00
0,1,1,1,1,0,2019-07-22 23:55:29+09:00
0,1,1,1,1,0,2019-07-23 00:00:45+09:00
1,2,1,2,1,0,2019-07-23 00:39:19+09:00
0,2,1,1,1,0,2019-07-23 03:19:23+09:00
0,1,1,1,1,0,2019-07-23 03:38:47+09:00
0,1,1,1,1,0,2019-07-23 03:49:50+09:00
0,1,0,0,0,0,2019-07-23 03:56:01+09:00
0,2,1,1,1,0,2019-07-23 04:13:45+09:00
0,2,1,1,1,0,2019-07-23 04:16:23+09:00
0,2,1,1,1,0,2019-07-23 04:32:07+09:00
0,1,1,1,1,0,2019-07-23 04:36:20+09:00
0,1,1,1,1,0,2019-07-23 04:49:42+09:00
0,1,1,1,1,0,2019-07-23 05:03:44+09:00
1,2,1,2,1,0,2019-07-23 05:32:48+09:00
0,2,1,1,1,0,2019-07-23 05:39:21+09:00
0,2,1,1,1,0,2019-07-23 06:17:54+09:00
1,7,4,3,3,0,2019-07-23 13:54:44+09:00
0,1,1,1,1,0,2019-07-23 14:26:54+09:00
0,1,1,1,1,0,2019-07-23 14:27:56+09:00
0,0,0,0,0,0,2019-07-23 14:30:33+09:00
0,0,0,0,0,0,2019-07-23 14:30:41+09:00
0,1,1,1,1,0,2019-07-23 20:12:46+09:00
0,0,0,0,0,0,2019-07-23 20:12:49+09:00
0,1,1,1,1,0,2019-07-23 23:24:20+09:00
0,3,2,2,1,0,2019-07-24 00:12:57+09:00
1,2,2,1,1,0,2019-07-24 02:44:35+09:00
0,1,1,1,1,0,2019-07-24 03:13:53+09:00
0,1,1,1,1,0,2019-07-24 03:21:01+09:00
0,2,1,1,1,0,2019-07-24 03:27:40+09:00
0,1,0,1,0,0,2019-07-24 05:29:10+09:00
0,1,1,1,1,0,2019-07-24 05:58:58+09:00
1,8,6,2,4,0,2019-07-24 20:06:01+09:00
1,4,2,2,2,0,2019-07-25 03:17:38+09:00
0,4,2,1,2,0,2019-07-25 03:48:53+09:00
1,2,1,1,1,0,2019-07-25 04:08:07+09:00
1,0,0,0,0,0,2019-07-25 10:01:53+09:00
0,2,1,1,1,0,2019-07-25 12:23:57+09:00
0,1,0,1,0,0,2019-07-25 12:31:44+09:00
0,1,1,1,1,0,2019-07-25 12:36:13+09:00
0,1,1,1,1,0,2019-07-25 12:39:08+09:00
0,1,1,1,1,0,2019-07-25 12:40:50+09:00
0,1,1,1,1,0,2019-07-25 12:41:52+09:00
0,1,1,1,1,0,2019-07-25 12:48:57+09:00
1,5,2,2,2,0,2019-07-25 23:25:17+09:00
0,1,1,1,1,0,2019-07-25 23:37:42+09:00
0,0,0,0,0,0,2019-07-25 23:39:26+09:00
0,3,2,1,2,0,2019-07-25 23:46:30+09:00
0,1,1,1,1,0,2019-07-25 23:52:53+09:00
0,0,0,0,0,0,2019-07-25 23:56:39+09:00
0,1,1,1,1,0,2019-07-26 00:11:39+09:00
0,1,1,1,1,0,2019-07-26 00:13:39+09:00
0,0,0,0,0,0,2019-07-26 00:16:38+09:00
0,1,1,1,1,0,2019-07-26 00:21:24+09:00
1,4,1,1,1,0,2019-07-26 02:36:29+09:00
0,2,1,1,1,0,2019-07-26 03:06:01+09:00
0,1,0,0,0,0,2019-07-26 03:50:05+09:00
0,1,1,1,1,0,2019-07-26 04:14:44+09:00
1,2,1,0,1,0,2019-07-26 06:10:43+09:00
0,0,0,0,0,0,2019-07-26 11:40:20+09:00
0,3,2,1,2,0,2019-07-26 13:14:45+09:00
0,0,0,0,0,0,2019-07-26 13:18:11+09:00
0,2,2,1,2,0,2019-07-26 13:34:45+09:00
0,1,1,0,1,0,2019-07-26 13:40:46+09:00
0,1,1,0,1,0,2019-07-27 17:39:28+09:00
0,1,1,0,1,0,2019-07-27 17:43:11+09:00
0,2,1,0,1,0,2019-07-27 18:21:53+09:00
0,2,1,0,1,0,2019-07-27 18:23:59+09:00
0,3,1,0,1,0,2019-07-28 03:09:34+09:00
1,1,0,0,0,0,2019-07-28 04:28:43+09:00
0,1,0,0,0,0,2019-07-28 04:48:02+09:00
0,0,0,0,0,0,2019-07-28 04:50:15+09:00
0,1,0,0,0,0,2019-07-28 04:55:31+09:00
0,1,0,0,0,0,2019-07-28 05:13:16+09:00
0,1,0,0,0,0,2019-07-28 05:16:14+09:00
0,1,0,0,0,0,2019-07-28 05:18:13+09:00
0,1,0,0,0,0,2019-07-28 05:21:54+09:00
0,2,0,0,0,0,2019-07-28 05:35:34+09:00
0,1,0,0,0,0,2019-07-28 05:40:02+09:00
0,1,0,0,0,0,2019-07-28 05:52:39+09:00
0,1,0,0,0,0,2019-07-28 05:55:38+09:00
0,1,0,0,0,0,2019-07-28 06:00:54+09:00
0,1,0,0,0,0,2019-07-28 06:03:25+09:00
0,1,0,0,0,0,2019-07-28 06:06:22+09:00
0,3,1,0,1,0,2019-07-28 06:23:41+09:00
1,2,0,0,0,0,2019-07-28 07:05:32+09:00
0,2,0,0,0,0,2019-07-28 07:14:01+09:00
0,1,0,0,0,0,2019-07-28 07:15:14+09:00
0,1,0,0,0,0,2019-07-28 07:20:15+09:00
0,1,0,0,0,0,2019-07-28 07:28:14+09:00
0,2,0,0,0,0,2019-07-28 07:36:10+09:00
0,1,0,0,0,0,2019-07-28 07:45:12+09:00
0,1,0,0,0,0,2019-07-28 07:58:20+09:00
0,0,0,0,0,0,2019-07-28 08:02:04+09:00
0,1,0,0,0,0,2019-07-28 08:06:04+09:00
1,2,1,0,1,0,2019-07-28 15:59:00+09:00
0,0,0,0,0,0,2019-07-28 16:03:58+09:00
1,6,1,1,1,0,2019-07-28 17:14:01+09:00
1,1,0,0,0,0,2019-07-28 17:16:52+09:00
0,1,1,0,1,0,2019-07-28 20:25:25+09:00
1,1,0,0,0,0,2019-07-28 22:22:03+09:00
0,1,0,0,0,0,2019-07-28 22:26:30+09:00
0,1,0,0,0,0,2019-07-28 22:43:57+09:00
0,0,0,0,0,0,2019-07-28 22:55:04+09:00
0,0,0,0,0,0,2019-07-28 22:59:05+09:00
0,1,0,0,0,0,2019-07-28 23:02:12+09:00
0,0,0,0,0,0,2019-07-28 23:07:30+09:00
0,2,1,0,1,0,2019-07-28 23:28:41+09:00
0,0,0,0,0,0,2019-07-28 23:40:34+09:00
0,0,0,0,0,0,2019-07-28 23:41:22+09:00
1,0,0,0,0,0,2019-07-28 23:46:15+09:00
0,0,0,0,0,0,2019-07-28 23:47:53+09:00
0,0,0,0,0,0,2019-07-28 23:48:39+09:00
1,3,1,1,1,0,2019-07-29 00:17:38+09:00
1,2,1,2,1,0,2019-07-29 01:05:17+09:00
0,3,2,1,2,0,2019-07-29 10:06:47+09:00
0,1,0,0,0,0,2019-07-29 10:47:28+09:00
0,0,0,0,0,0,2019-07-29 10:47:56+09:00
0,1,0,0,0,0,2019-07-29 10:58:30+09:00
1,1,1,1,1,0,2019-07-29 11:11:17+09:00
0,1,0,0,0,0,2019-07-29 11:25:32+09:00
0,1,0,0,0,0,2019-07-29 11:42:41+09:00
1,4,2,0,2,0,2019-07-29 23:16:25+09:00
0,0,0,0,0,0,2019-07-29 23:19:09+09:00
0,1,0,0,0,0,2019-07-29 23:28:34+09:00
0,1,0,0,0,0,2019-07-29 23:49:56+09:00
0,1,0,0,0,0,2019-07-29 23:52:22+09:00
0,0,0,0,0,0,2019-07-29 23:56:37+09:00
0,0,0,0,0,0,2019-07-30 00:01:29+09:00
0,2,1,0,1,0,2019-07-30 00:05:29+09:00
1,0,0,0,0,0,2019-07-30 00:07:12+09:00
0,1,1,0,1,0,2019-07-30 00:10:36+09:00
0,0,0,0,0,0,2019-07-30 01:03:30+09:00
0,1,1,0,1,0,2019-07-30 01:04:36+09:00
0,2,1,0,1,0,2019-07-30 01:12:15+09:00
0,1,0,0,0,0,2019-07-30 01:35:33+09:00
0,1,1,0,1,0,2019-07-30 01:46:22+09:00
0,1,0,0,0,0,2019-07-30 03:32:44+09:00
1,2,0,0,0,0,2019-07-30 23:54:39+09:00
0,1,0,0,0,0,2019-07-31 00:07:32+09:00
0,1,1,1,1,0,2019-07-31 00:10:51+09:00
0,0,0,0,0,0,2019-07-31 10:50:08+09:00
0,0,0,0,0,0,2019-07-31 10:57:25+09:00
0,2,1,0,1,0,2019-07-31 11:48:05+09:00
0,1,0,0,0,0,2019-07-31 11:49:48+09:00
0,2,0,0,0,0,2019-07-31 17:36:04+09:00
0,0,0,0,0,0,2019-07-31 17:36:15+09:00
0,2,0,0,0,0,2019-07-31 20:28:07+09:00
0,0,0,0,0,0,2019-07-31 20:28:22+09:00
0,0,0,0,0,0,2019-07-31 20:28:34+09:00
1,5,2,2,1,0,2019-08-02 22:53:28+09:00
