Acquisition,Preparation,Modeling,Training,Evaluation,Prediction,time
0,0,0,0,0,0,2020-12-09 09:39:17+01:00
3,3,1,1,0,2,2020-12-09 10:49:29+01:00
1,1,0,1,0,1,2020-12-09 11:29:02+01:00
1,1,1,0,0,0,2021-01-14 16:04:53+01:00
0,0,0,0,0,0,2021-01-15 09:49:16+01:00
1,1,1,0,0,0,2021-01-27 18:20:42+01:00
0,0,0,0,0,0,2021-01-27 18:25:42+01:00
0,0,0,0,0,0,2021-02-01 09:13:29+01:00
1,1,1,0,0,0,2021-03-22 11:46:20+01:00
1,1,1,0,0,0,2021-03-22 11:47:36+01:00
3,3,2,0,0,1,2021-06-09 13:07:24+00:00
0,0,0,0,0,0,2021-06-09 13:11:47+00:00
4,8,3,1,0,3,2021-06-10 16:37:30+02:00
1,1,1,1,0,0,2021-06-10 17:09:00+02:00
1,1,1,1,0,0,2021-06-10 22:33:07+02:00
1,1,1,1,0,0,2021-06-10 21:19:53+00:00
2,2,1,1,0,1,2021-06-11 12:17:13+02:00
2,2,1,1,0,1,2021-06-11 10:57:06+00:00
1,1,1,1,0,0,2021-06-11 10:57:57+00:00
1,1,1,1,0,0,2021-06-11 13:36:16+02:00
1,1,1,1,0,0,2021-06-11 13:38:26+02:00
1,1,0,0,0,1,2021-06-11 13:41:19+02:00
1,1,0,0,0,1,2021-06-11 18:07:23+02:00
2,2,1,1,0,1,2021-06-11 18:13:35+02:00
2,2,1,1,0,1,2021-06-14 07:15:06+00:00
1,2,0,0,0,1,2021-06-14 09:39:06+02:00
0,1,0,0,0,0,2021-06-14 09:41:08+02:00
1,1,1,1,0,0,2021-06-14 10:26:40+02:00
1,1,1,1,0,0,2021-06-14 17:32:01+02:00
1,1,1,1,0,0,2021-06-14 18:09:07+02:00
0,0,0,0,0,0,2021-06-15 09:37:50+02:00
1,1,1,1,0,0,2021-06-15 09:48:34+00:00
2,3,1,1,0,1,2021-06-16 09:30:36+02:00
1,2,0,0,0,1,2021-06-16 10:12:48+02:00
3,4,1,1,0,2,2021-06-17 06:56:14+00:00
2,2,1,0,0,1,2021-06-17 11:46:36+02:00
1,1,0,0,0,1,2021-06-17 12:35:03+02:00
1,1,0,0,0,1,2021-06-17 11:08:12+00:00
1,1,0,0,0,1,2021-06-18 07:31:51+00:00
1,1,1,0,0,1,2021-06-18 09:58:50+02:00
1,1,1,0,0,1,2021-06-18 10:59:48+00:00
2,2,2,1,0,1,2021-06-19 20:37:14+00:00
1,1,1,0,0,1,2021-06-19 23:07:11+02:00
1,1,1,1,0,0,2021-06-22 10:56:46+02:00
2,2,2,1,0,1,2021-06-22 14:57:36+00:00
1,1,1,1,0,0,2021-06-22 17:04:07+02:00
1,1,1,0,0,1,2021-06-23 10:34:31+02:00
1,1,1,0,0,1,2021-06-23 10:36:20+02:00
1,1,1,0,0,1,2021-06-23 16:24:51+00:00
0,0,0,0,0,0,2021-06-25 12:54:45+02:00
1,1,1,0,0,1,2021-06-25 12:55:08+02:00
1,1,1,0,0,1,2021-06-25 14:16:11+02:00
1,1,1,0,0,1,2021-06-28 00:46:39+02:00
1,1,1,0,0,1,2021-06-28 12:23:08+02:00
0,0,0,0,0,0,2021-06-28 12:23:16+02:00
1,1,1,0,0,1,2021-06-28 19:55:23+02:00
2,2,2,1,0,2,2021-06-30 09:23:03+02:00
2,2,2,1,0,2,2021-07-01 14:31:43+02:00
3,3,2,1,0,2,2021-07-07 11:02:27+02:00
0,0,0,0,0,0,2021-07-13 10:54:00+02:00
1,1,1,0,0,1,2021-07-13 13:28:27+02:00
1,1,1,1,0,1,2021-07-14 11:51:30+02:00
1,2,1,0,0,1,2021-07-14 12:18:00+02:00
1,1,1,1,0,1,2021-07-16 11:01:45+02:00
1,1,1,0,0,1,2021-07-16 11:21:31+02:00
1,1,1,0,0,1,2021-07-18 15:56:10+02:00
0,1,0,0,0,0,2021-07-18 15:56:42+02:00
0,0,0,0,0,0,2021-07-19 09:31:41+02:00
1,1,1,0,0,1,2021-07-19 10:30:35+02:00
2,2,2,1,0,1,2021-07-19 20:49:02+02:00
3,4,2,1,0,2,2021-07-29 08:17:31+00:00
1,1,1,1,0,1,2021-07-29 21:17:35+02:00
1,1,1,1,0,1,2021-07-30 09:53:32+02:00
1,1,1,1,0,1,2021-07-31 11:44:02+02:00
1,1,1,1,0,1,2021-08-01 19:15:51+02:00
1,2,1,1,0,1,2021-08-30 11:48:44+02:00
2,3,2,2,0,2,2021-09-01 10:39:56+02:00
1,1,1,1,0,1,2021-09-02 13:07:12+02:00
2,2,2,2,0,2,2021-09-03 10:03:10+02:00
0,0,1,0,0,0,2021-09-05 17:06:08+02:00
1,1,1,1,0,1,2021-09-05 17:07:06+02:00
0,0,0,0,0,0,2021-09-05 20:05:59+02:00
0,0,0,0,0,0,2021-09-05 20:10:37+02:00
2,2,3,2,0,2,2021-09-06 09:40:01+02:00
1,1,1,1,0,1,2021-09-06 09:47:22+02:00
2,3,1,1,0,2,2021-09-06 12:11:25+02:00
1,1,1,1,0,1,2021-09-09 13:38:11+02:00
1,1,1,1,0,1,2021-09-11 16:55:40+02:00
1,2,1,1,0,1,2021-09-13 09:11:59+02:00
4,5,3,1,0,4,2021-09-13 09:24:56+02:00
2,2,1,1,0,2,2021-09-15 10:04:59+02:00
2,2,2,1,0,1,2021-09-16 11:51:24+02:00
3,3,2,1,0,3,2021-09-27 10:11:37+02:00
0,0,0,0,0,0,2021-09-27 17:01:28+02:00
2,2,3,3,0,3,2021-09-29 09:37:09+02:00
1,1,1,0,0,1,2021-09-29 09:41:31+02:00
1,1,1,1,0,1,2021-09-29 09:51:23+02:00
0,0,1,1,0,1,2021-09-30 14:50:27+02:00
0,1,0,0,0,0,2021-09-30 16:56:38+02:00
0,1,0,0,0,0,2021-10-06 10:38:14+02:00
1,1,2,1,0,1,2021-10-20 10:14:38+02:00
3,3,4,2,0,3,2021-10-27 10:33:15+02:00
2,3,2,0,0,2,2021-10-28 14:47:25+02:00
3,9,5,2,0,3,2021-11-03 15:49:11+01:00
1,1,1,1,0,1,2021-12-02 17:08:07+01:00
3,3,4,2,0,2,2022-01-06 14:11:32+01:00
2,3,1,1,0,2,2022-01-13 10:33:15+01:00
3,3,1,0,0,0,2022-01-17 10:43:50+01:00
2,3,0,0,0,1,2022-01-20 13:08:40+01:00
1,1,1,1,0,1,2022-01-21 09:45:30+01:00
0,1,0,0,0,1,2022-01-21 11:11:21+01:00
1,3,1,1,0,2,2022-01-21 17:11:54+01:00
2,5,2,1,0,2,2022-01-25 15:26:15+01:00
2,2,2,1,0,1,2022-01-26 16:03:11+01:00
2,3,2,1,0,1,2022-01-30 15:08:17+01:00
1,1,1,1,0,1,2022-01-30 15:56:57+01:00
1,1,1,1,0,1,2022-02-06 11:30:57+01:00
1,3,1,1,0,2,2022-02-15 09:26:13+01:00
4,4,1,0,0,0,2022-02-15 19:51:18+01:00
0,1,0,0,0,0,2022-02-15 22:54:00+01:00
1,3,1,1,0,2,2022-02-16 10:28:25+01:00
1,1,3,0,0,0,2022-02-22 16:16:54+01:00
2,2,0,0,0,0,2022-02-22 16:41:34+01:00
5,8,2,1,0,1,2022-02-23 19:52:25+01:00
0,1,0,0,0,1,2022-02-23 19:53:20+01:00
1,1,1,1,0,1,2022-02-23 19:56:18+01:00
0,0,0,0,0,0,2022-02-24 11:10:18+01:00
1,0,0,0,0,0,2022-02-24 15:43:37+01:00
0,1,2,1,0,1,2022-03-03 18:18:09+01:00
0,2,0,0,0,0,2022-03-14 10:50:08+01:00
0,1,0,0,0,1,2022-03-14 11:00:16+01:00
0,0,0,0,0,0,2022-03-15 12:07:07+01:00
1,3,1,1,0,1,2022-03-16 10:20:44+01:00
1,1,3,0,0,0,2022-03-17 15:59:35+01:00
1,2,2,0,0,0,2022-03-17 16:00:10+01:00
1,1,2,0,0,0,2022-03-18 10:36:28+01:00
0,1,0,0,0,0,2022-03-23 11:42:54+01:00
0,0,0,0,0,0,2022-03-26 16:38:46+01:00
0,0,0,0,0,0,2022-04-06 11:24:39+02:00
0,2,0,0,0,0,2022-03-25 20:36:59+01:00
0,4,1,0,0,0,2022-03-29 18:12:52+02:00
0,2,0,0,0,0,2022-03-30 09:46:03+02:00
2,4,1,0,0,1,2022-03-31 15:44:27+02:00
1,4,1,1,0,0,2022-04-04 18:21:56+02:00
0,1,0,0,0,0,2022-04-06 13:00:59+02:00
0,0,0,0,0,0,2022-04-06 13:25:33+02:00
2,5,2,1,0,2,2022-01-25 15:26:15+01:00
2,3,2,1,0,1,2022-01-30 15:08:17+01:00
1,1,1,1,0,1,2022-02-06 11:30:57+01:00
1,3,1,1,0,2,2022-02-15 09:26:13+01:00
4,4,1,0,0,0,2022-02-15 19:51:18+01:00
1,3,1,1,0,2,2022-02-15 22:54:00+01:00
1,1,3,0,0,0,2022-02-22 16:16:54+01:00
2,2,0,0,0,0,2022-02-22 16:41:34+01:00
5,8,2,1,0,1,2022-02-23 19:52:25+01:00
0,1,0,0,0,1,2022-02-23 19:53:20+01:00
1,1,1,1,0,1,2022-02-23 19:56:18+01:00
1,0,0,0,0,0,2022-02-24 11:10:18+01:00
0,1,2,1,0,1,2022-03-03 18:18:09+01:00
1,4,1,1,0,2,2022-03-14 10:50:08+01:00
1,1,3,0,0,0,2022-03-17 15:59:35+01:00
1,2,2,0,0,0,2022-03-17 16:00:10+01:00
1,1,2,0,0,0,2022-03-18 10:36:28+01:00
0,1,0,0,0,0,2022-03-23 11:42:54+01:00
4,14,9,1,0,2,2022-03-25 20:36:59+01:00
0,0,0,0,0,0,2022-06-07 13:20:54+02:00
0,0,0,0,0,0,2022-06-07 13:25:51+02:00
0,0,1,0,0,0,2022-06-07 13:28:49+02:00
11,24,14,3,0,5,2022-06-21 09:25:06+02:00
2,2,1,0,0,1,2022-06-22 11:32:23+02:00
2,3,2,0,0,1,2022-06-22 17:03:43+02:00
1,2,1,0,0,1,2022-06-23 19:12:22+02:00
1,2,1,0,0,1,2022-06-23 19:16:42+02:00
13,26,14,1,0,6,2022-06-26 12:58:56+02:00
0,1,0,0,0,0,2022-06-26 13:00:25+02:00
0,1,0,0,0,0,2022-06-29 22:30:38+02:00
1,2,1,0,0,1,2022-07-04 19:44:10+02:00
0,1,0,0,0,0,2022-07-04 23:25:46+02:00
1,1,1,0,0,1,2022-07-05 10:11:28+02:00
1,2,1,0,0,1,2022-07-05 12:42:24+02:00
0,1,0,0,0,0,2022-07-05 12:48:28+02:00
1,2,1,0,0,1,2022-07-05 15:08:45+02:00
0,1,0,0,0,0,2022-07-05 15:36:13+02:00
1,2,1,0,0,1,2022-07-05 21:13:43+02:00
1,3,1,0,0,1,2022-07-06 14:46:16+02:00
1,3,1,0,0,1,2022-07-06 14:46:16+02:00
0,0,0,0,0,0,2022-07-07 12:56:43+02:00
1,1,1,0,0,0,2022-07-08 10:51:24+02:00
1,1,1,0,0,0,2022-07-08 11:57:55+02:00
0,4,2,0,0,0,2022-07-11 09:25:54+02:00
1,3,1,1,0,1,2022-07-12 14:41:02+02:00
0,2,0,0,0,0,2022-07-12 15:01:26+02:00
3,4,6,0,0,0,2022-07-13 22:59:52+02:00
0,0,0,0,0,0,2022-07-14 09:31:16+02:00
0,0,0,0,0,0,2022-07-14 09:33:19+02:00
