Acquisition,Preparation,Modeling,Training,Evaluation,Prediction,time
0,0,0,0,0,0,2021-10-30 16:01:13+09:00
1,0,0,0,0,0,2021-10-31 23:46:06+09:00
0,0,0,0,0,0,2021-11-01 23:52:31+09:00
1,0,0,0,0,0,2021-11-02 20:54:31+09:00
0,0,0,0,0,0,2021-11-03 00:07:22+09:00
0,1,0,0,0,0,2021-11-03 00:10:30+09:00
2,1,0,0,0,1,2021-11-03 00:13:10+09:00
1,1,0,0,0,1,2021-11-03 00:16:04+09:00
0,0,0,0,0,0,2021-11-03 00:23:46+09:00
0,0,0,0,0,1,2021-11-04 22:38:32+09:00
0,0,0,0,0,0,2021-11-05 20:31:57+09:00
0,0,0,0,0,0,2021-11-06 21:50:31+09:00
0,0,0,0,0,0,2021-11-07 23:59:44+09:00
1,0,0,0,0,0,2021-11-08 00:16:32+09:00
0,0,0,0,0,0,2021-11-08 02:56:03+09:00
1,0,0,0,0,0,2021-11-08 17:56:53+09:00
0,0,0,0,0,0,2021-11-09 21:32:19+09:00
1,0,0,0,0,0,2021-11-11 23:28:21+09:00
0,0,0,0,0,0,2021-11-12 17:00:07+09:00
0,0,0,0,0,0,2021-11-12 20:34:51+09:00
0,0,0,0,0,0,2021-11-23 01:45:13+09:00
0,0,0,0,0,0,2021-11-24 03:02:00+09:00
0,0,0,0,0,0,2021-11-25 11:33:11+09:00
0,0,0,0,0,0,2021-12-04 12:08:42+09:00
0,0,0,0,0,0,2021-12-04 16:23:39+09:00
0,0,0,0,0,0,2021-12-04 17:07:34+09:00
0,0,0,0,0,0,2021-12-04 17:08:29+09:00
0,0,0,0,0,0,2021-12-04 17:11:30+09:00
0,0,0,0,0,0,2021-12-04 17:19:28+09:00
0,0,0,0,0,0,2021-12-04 17:25:00+09:00
0,0,0,0,0,0,2021-12-04 17:27:22+09:00
0,0,0,0,0,0,2021-12-05 01:44:48+09:00
0,0,0,0,0,0,2021-12-05 01:45:02+09:00
0,0,0,0,0,0,2021-12-17 14:14:20+09:00
0,0,0,0,0,0,2021-12-17 15:54:37+09:00
0,0,0,0,0,0,2021-12-18 16:11:11+09:00
0,0,0,0,0,0,2021-12-18 16:12:03+09:00
0,0,0,0,0,0,2021-12-19 15:01:58+09:00
0,0,0,0,0,0,2021-12-19 15:02:33+09:00
0,0,0,0,0,0,2021-12-19 15:03:15+09:00
0,0,0,0,0,0,2021-12-20 16:05:59+09:00
0,0,0,0,0,0,2021-12-20 16:08:31+09:00
0,0,0,0,0,0,2021-12-20 16:23:41+09:00
0,0,0,0,0,0,2021-12-21 14:25:27+09:00
0,0,0,0,0,0,2021-12-21 14:29:11+09:00
0,0,0,0,0,0,2021-12-21 14:33:39+09:00
0,0,0,0,0,0,2021-12-21 14:36:17+09:00
0,0,0,0,0,0,2021-12-21 14:52:11+09:00
0,0,0,0,0,0,2021-12-22 14:53:50+09:00
0,0,0,0,0,0,2021-12-23 14:54:51+09:00
1,0,0,0,0,0,2021-12-24 12:10:40+09:00
0,0,0,0,0,0,2021-12-24 12:46:52+09:00
0,0,0,0,0,0,2021-12-25 12:25:32+09:00
0,0,0,0,0,0,2021-12-25 12:25:56+09:00
0,0,0,0,0,0,2021-12-26 14:09:47+09:00
0,0,0,0,0,0,2021-12-26 14:32:33+09:00
0,0,0,0,0,0,2021-12-26 14:33:56+09:00
0,0,0,0,0,0,2022-01-04 18:37:54+09:00
0,0,0,0,0,0,2022-01-04 18:44:03+09:00
0,0,0,0,0,0,2022-01-04 23:32:03+09:00
1,1,0,0,0,0,2022-01-04 23:32:50+09:00
0,0,0,0,0,0,2022-01-04 23:33:10+09:00
1,0,0,0,0,0,2022-01-06 01:28:40+09:00
0,1,0,0,0,0,2022-01-07 17:10:00+09:00
0,1,0,0,0,0,2022-01-08 15:52:17+09:00
0,1,0,0,0,0,2022-01-08 16:43:35+09:00
0,0,0,0,0,0,2022-01-08 16:45:28+09:00
0,1,0,0,0,0,2022-01-08 16:45:43+09:00
0,0,0,0,0,0,2022-01-08 16:47:41+09:00
0,1,0,0,0,0,2022-01-08 16:52:23+09:00
0,1,0,0,0,0,2022-01-08 17:03:11+09:00
1,0,0,0,0,0,2022-01-08 17:03:46+09:00
0,0,0,0,0,0,2022-01-08 17:08:45+09:00
0,0,0,0,0,0,2022-01-08 17:11:39+09:00
0,0,0,0,0,0,2022-01-08 17:31:47+09:00
0,0,0,0,0,0,2022-01-08 17:32:11+09:00
0,0,0,0,0,0,2022-01-08 17:32:33+09:00
0,0,0,0,0,0,2022-01-08 17:33:11+09:00
0,0,0,0,0,0,2022-01-08 17:40:50+09:00
1,0,0,0,0,0,2022-01-08 17:41:55+09:00
0,0,0,0,0,0,2022-01-08 19:31:56+09:00
0,0,0,0,0,0,2022-01-09 01:29:10+09:00
0,0,0,0,0,0,2022-01-09 01:29:36+09:00
0,0,0,0,0,0,2022-01-09 01:35:02+09:00
1,2,0,0,0,0,2022-01-09 01:37:19+09:00
0,0,0,0,0,0,2022-01-09 01:47:56+09:00
0,0,0,0,0,0,2022-01-09 01:49:11+09:00
0,0,0,0,0,0,2022-01-09 14:47:58+09:00
0,0,0,0,0,0,2022-01-09 14:48:35+09:00
0,1,0,0,0,0,2022-01-09 14:49:25+09:00
0,0,0,0,0,0,2022-01-09 15:00:28+09:00
0,0,0,0,0,0,2022-01-09 15:50:11+09:00
0,0,0,0,0,0,2022-01-09 15:50:54+09:00
0,0,0,0,0,0,2022-01-09 15:52:43+09:00
0,1,0,0,0,0,2022-01-09 17:48:16+09:00
0,1,0,0,0,0,2022-01-10 00:32:36+09:00
0,0,0,0,0,0,2022-01-10 00:35:38+09:00
1,0,0,0,0,0,2022-01-10 14:17:42+09:00
1,2,0,0,0,0,2022-01-10 14:19:38+09:00
0,0,0,0,0,0,2022-01-10 16:41:23+09:00
0,1,0,0,0,0,2022-01-10 16:44:22+09:00
0,1,0,0,0,0,2022-01-10 16:45:26+09:00
0,1,0,0,0,0,2022-01-10 17:03:26+09:00
1,1,0,0,0,0,2022-01-11 00:53:26+09:00
0,0,0,0,0,0,2022-01-11 01:13:27+09:00
0,0,0,0,0,0,2022-01-11 17:11:33+09:00
0,0,0,0,0,0,2022-01-23 16:18:06+09:00
0,1,0,0,0,0,2022-01-27 02:05:46+09:00
0,1,0,0,0,0,2022-01-27 02:06:12+09:00
0,0,0,0,0,0,2022-01-28 02:56:16+09:00
0,1,0,0,0,0,2022-01-28 02:56:44+09:00
0,0,0,0,0,0,2022-01-28 02:57:59+09:00
0,1,0,0,0,0,2022-01-29 23:36:30+09:00
0,1,0,0,0,0,2022-01-29 23:37:24+09:00
0,1,0,0,0,0,2022-01-29 23:38:38+09:00
0,1,0,0,0,0,2022-01-29 23:39:16+09:00
0,1,0,0,0,0,2022-01-30 21:47:01+09:00
0,1,0,0,0,0,2022-01-31 14:03:07+09:00
0,0,0,0,0,0,2022-01-31 14:03:31+09:00
0,1,0,0,0,0,2022-01-31 20:58:11+09:00
0,0,0,0,0,0,2022-02-01 01:27:47+09:00
0,1,0,0,0,0,2022-03-07 19:42:10+09:00
1,1,0,0,0,0,2022-03-07 19:54:01+09:00
0,0,0,0,0,0,2022-03-12 02:16:21+09:00
0,0,0,0,0,0,2022-03-12 02:17:46+09:00
0,0,0,0,0,0,2022-03-12 03:00:39+09:00
1,0,0,0,0,0,2022-03-13 04:56:54+09:00
0,1,0,0,0,0,2022-03-13 04:58:04+09:00
0,1,0,0,0,0,2022-03-14 01:34:35+09:00
0,0,0,0,0,0,2022-03-14 01:35:54+09:00
0,0,0,0,0,0,2022-03-15 22:29:43+09:00
1,0,0,0,0,0,2022-03-16 03:54:27+09:00
1,1,0,0,0,0,2022-03-17 16:05:39+09:00
0,0,0,0,0,0,2022-03-17 16:17:09+09:00
0,0,0,0,0,0,2022-03-17 16:23:31+09:00
0,1,0,0,0,0,2022-03-17 16:25:49+09:00
0,0,0,0,0,0,2022-03-18 13:35:55+09:00
1,0,0,0,0,0,2022-03-18 14:20:11+09:00
0,0,0,0,0,0,2022-03-18 14:20:31+09:00
0,0,0,0,0,0,2022-03-18 14:20:48+09:00
0,0,0,0,0,0,2022-03-19 13:04:51+09:00
0,0,0,0,0,0,2022-03-20 13:13:07+09:00
1,0,0,0,0,0,2022-03-20 18:32:16+09:00
0,0,0,0,0,0,2022-03-21 13:23:12+09:00
1,1,0,0,0,0,2022-04-04 14:04:34+09:00
1,1,0,0,0,1,2022-04-18 14:13:30+09:00
0,0,0,0,0,0,2022-04-20 15:46:06+09:00
0,0,0,0,0,0,2022-04-20 15:46:30+09:00
0,0,0,0,0,0,2022-04-21 16:08:01+09:00
0,0,0,0,0,1,2022-04-21 16:08:10+09:00
0,0,0,0,0,0,2022-04-29 15:12:31+09:00
0,0,0,0,0,0,2022-05-20 23:53:15+09:00
