Acquisition,Preparation,Modeling,Training,Evaluation,Prediction,time
0,0,0,0,0,0,2016-12-02 15:39:24+01:00
0,0,0,0,0,0,2016-12-02 16:26:34+01:00
0,0,0,0,0,0,2016-12-02 16:26:42+01:00
0,0,0,0,0,0,2016-12-02 16:26:52+01:00
0,0,0,0,0,0,2016-12-02 16:29:34+01:00
0,0,0,0,0,0,2016-12-02 16:37:07+01:00
0,0,0,0,0,0,2016-12-07 08:41:23+01:00
0,0,0,0,0,0,2017-02-09 14:50:47+01:00
0,0,0,0,0,0,2017-02-09 14:51:55+01:00
0,0,0,0,0,0,2017-02-14 12:22:36+01:00
0,0,0,0,0,0,2017-02-15 14:17:02+01:00
0,0,0,0,0,0,2017-02-26 11:14:12+01:00
0,0,0,0,0,0,2017-02-26 11:38:24+01:00
0,0,0,0,0,0,2017-02-26 11:42:11+01:00
0,1,1,1,0,1,2017-02-27 15:22:13+01:00
0,0,0,0,0,0,2017-02-27 17:32:10+01:00
0,0,0,0,0,0,2017-02-27 17:33:12+01:00
0,1,1,1,0,1,2017-03-01 18:45:46+01:00
0,2,2,2,0,2,2017-03-03 10:31:17+01:00
0,0,0,0,0,0,2017-03-03 12:51:37+01:00
0,0,0,0,0,0,2017-03-03 13:42:44+01:00
0,0,0,0,0,0,2017-03-03 14:22:10+01:00
0,1,1,1,0,1,2017-03-03 16:31:50+01:00
0,1,0,1,0,0,2017-03-05 11:30:12+01:00
1,2,1,1,1,1,2017-03-06 23:14:50+01:00
0,0,0,0,0,0,2017-03-07 17:00:49+01:00
0,2,2,2,1,2,2017-03-08 13:59:11+01:00
0,1,1,1,1,1,2017-03-08 16:42:16+00:00
1,1,0,0,0,0,2017-03-09 16:34:57+00:00
1,2,1,1,1,1,2017-03-11 13:37:32+00:00
0,1,1,1,1,1,2017-03-11 13:38:17+00:00
0,1,1,1,1,1,2017-03-11 13:38:41+00:00
1,3,2,2,1,2,2017-03-13 10:27:36+01:00
0,0,0,0,0,0,2017-03-13 22:29:10+01:00
1,2,1,0,0,0,2017-03-13 22:45:12+01:00
0,0,0,0,0,0,2017-03-13 22:50:13+01:00
0,0,0,0,0,0,2017-03-13 22:54:48+01:00
0,0,0,0,0,0,2017-03-13 23:04:12+01:00
0,0,0,0,0,0,2017-03-14 01:36:29+01:00
0,0,0,0,0,0,2017-03-14 01:44:53+01:00
0,0,0,0,0,0,2017-03-14 01:58:24+01:00
0,2,0,1,0,0,2017-03-14 13:58:36+01:00
0,0,0,0,0,0,2017-03-14 14:15:23+01:00
1,1,1,0,0,0,2017-03-14 14:50:12+01:00
0,0,0,0,0,0,2017-03-14 15:59:42+01:00
0,0,0,0,0,0,2017-03-16 08:12:33+01:00
0,0,0,0,0,0,2017-03-17 18:55:21+01:00
0,0,0,0,0,0,2017-03-17 18:56:07+01:00
1,2,2,1,1,1,2017-03-17 19:00:43+01:00
0,2,1,2,1,1,2017-03-17 19:01:36+01:00
0,0,0,0,0,0,2017-03-17 19:04:01+01:00
0,0,0,0,0,0,2017-03-17 19:06:05+01:00
0,0,0,0,0,0,2017-03-17 19:09:00+01:00
0,0,0,0,0,0,2017-03-17 19:23:19+01:00
0,4,2,3,1,2,2017-03-22 17:09:21+01:00
0,0,0,0,0,0,2017-03-24 19:00:16+01:00
3,3,2,2,0,1,2017-03-27 10:02:14+02:00
2,2,0,1,0,0,2017-03-27 12:30:11+02:00
1,1,1,1,1,1,2017-03-27 17:44:12+02:00
2,2,0,1,0,0,2017-03-28 20:31:43+02:00
1,1,1,1,1,1,2017-03-29 14:10:30+02:00
2,2,1,1,1,1,2017-03-29 14:13:54+02:00
1,1,1,1,1,1,2017-03-29 17:24:57+02:00
2,2,1,2,0,1,2017-03-29 17:25:45+02:00
1,1,0,0,0,0,2017-03-29 15:28:23+00:00
1,1,1,1,0,1,2017-03-29 20:32:24+02:00
1,1,1,1,1,1,2017-03-29 20:59:16+02:00
1,1,0,0,0,0,2017-03-29 20:59:55+02:00
1,1,1,1,1,1,2017-03-29 21:31:40+02:00
1,1,1,1,1,1,2017-03-30 15:22:36+02:00
4,4,2,3,1,2,2017-03-31 10:52:30+02:00
0,0,0,0,0,0,2017-03-31 10:55:01+02:00
3,4,2,0,1,0,2017-03-31 15:44:14+02:00
4,5,2,1,2,0,2017-03-31 17:02:05+02:00
5,5,3,3,1,2,2017-04-01 17:33:40+02:00
3,4,2,0,2,0,2017-04-01 17:36:46+02:00
0,0,0,0,0,0,2017-04-01 17:37:06+02:00
3,3,2,0,2,0,2017-04-02 22:14:13+02:00
2,2,1,0,2,0,2017-04-03 14:24:21+00:00
2,2,1,0,2,0,2017-04-03 15:29:14+00:00
1,1,1,0,1,0,2017-04-03 15:59:17+00:00
1,1,0,0,1,0,2017-04-04 15:57:29+02:00
2,2,1,1,0,0,2017-04-04 16:00:11+02:00
5,5,3,3,1,2,2017-04-05 23:07:00+02:00
0,1,1,1,0,1,2017-04-05 23:07:28+02:00
1,2,1,1,2,1,2017-04-05 23:08:16+02:00
1,1,0,0,1,0,2017-04-05 23:32:05+02:00
3,3,2,0,2,0,2017-04-06 01:05:46+02:00
2,2,1,0,1,0,2017-04-08 20:01:20+02:00
2,2,1,0,2,0,2017-04-09 13:49:31+02:00
1,2,1,0,0,0,2017-04-09 13:52:08+02:00
0,1,1,0,0,0,2017-04-09 12:29:50+00:00
0,1,1,0,0,0,2017-04-10 00:16:54+02:00
0,1,1,0,0,0,2017-04-10 11:22:21+02:00
0,1,1,0,0,0,2017-04-10 22:04:02+02:00
1,2,1,0,1,0,2017-04-11 00:08:52+02:00
0,1,1,0,0,0,2017-04-11 13:36:30+02:00
0,1,1,0,0,0,2017-04-11 13:43:10+02:00
1,2,2,1,1,1,2017-04-11 17:35:03+00:00
1,1,1,0,0,0,2017-04-11 20:29:41+00:00
0,1,0,1,1,0,2017-04-12 02:40:23+02:00
0,1,0,1,1,0,2017-04-12 14:16:38+02:00
0,2,2,2,1,2,2017-04-12 12:53:26+00:00
1,1,1,0,0,0,2017-04-15 16:19:39+00:00
1,1,0,0,1,0,2017-04-15 18:47:26+02:00
0,2,1,2,2,1,2017-04-15 19:08:52+02:00
0,1,0,1,1,0,2017-04-15 19:17:39+02:00
0,1,0,1,1,0,2017-04-15 19:20:45+02:00
0,1,0,1,1,0,2017-04-16 02:59:41+02:00
0,1,0,1,1,0,2017-04-16 03:00:12+02:00
0,1,0,1,1,0,2017-04-16 03:02:44+02:00
2,3,1,1,2,0,2017-04-16 03:12:20+02:00
1,2,1,1,2,1,2017-04-16 03:22:11+02:00
0,1,0,1,1,0,2017-04-17 14:15:21+02:00
0,1,0,1,1,0,2017-04-17 14:16:11+02:00
0,1,0,1,1,0,2017-04-17 14:17:17+02:00
0,1,0,1,1,0,2017-04-18 01:02:59+02:00
0,1,0,1,1,0,2017-04-18 01:05:26+02:00
0,1,0,1,1,0,2017-04-18 01:05:51+02:00
2,2,1,0,2,0,2017-04-18 17:05:56+02:00
0,1,0,1,1,0,2017-04-19 01:37:18+02:00
1,1,1,0,0,0,2017-04-19 01:37:44+02:00
0,0,0,0,0,0,2017-04-19 01:40:31+02:00
2,3,1,1,3,0,2017-04-19 15:47:07+02:00
0,0,0,0,0,0,2017-04-19 18:33:14+02:00
0,1,0,1,1,0,2017-04-19 19:14:56+02:00
0,1,0,1,1,0,2017-04-20 14:38:48+02:00
1,1,1,0,0,0,2017-04-21 13:11:13+02:00
1,1,0,0,1,0,2017-04-22 11:36:10+00:00
0,1,0,1,1,0,2017-04-22 11:40:19+00:00
0,0,0,0,0,0,2017-04-25 14:45:05+02:00
1,5,2,3,3,2,2017-04-25 14:45:28+02:00
0,2,1,2,2,1,2017-04-25 12:58:38+00:00
2,6,3,3,4,2,2017-04-25 22:11:21+02:00
0,1,0,1,1,0,2017-04-25 22:40:28+02:00
0,0,0,0,0,0,2017-04-25 23:22:55+02:00
0,0,0,0,0,0,2017-05-05 12:35:00+02:00
0,0,0,0,0,0,2017-05-09 17:41:39+02:00
0,0,0,0,0,0,2017-05-10 11:58:58+02:00
0,1,0,1,1,0,2017-05-24 15:19:08+02:00
0,0,0,0,0,0,2017-05-24 16:01:53+02:00
0,0,0,0,0,0,2017-05-29 18:03:57+02:00
0,0,0,0,0,0,2017-06-09 13:44:13+02:00
0,0,0,0,0,0,2017-06-09 13:50:02+02:00
0,1,0,1,1,0,2017-07-07 10:02:14+02:00
0,1,1,0,0,0,2017-07-08 12:33:10+02:00
0,1,0,1,1,0,2017-07-08 14:23:43+02:00
0,0,0,0,0,0,2017-08-30 14:36:12+02:00
0,0,0,0,0,0,2017-09-05 20:48:54+02:00
0,0,0,0,0,0,2017-09-29 15:12:05+02:00
0,0,0,0,0,0,2017-10-10 15:33:42+02:00
1,1,1,0,0,0,2017-10-11 19:03:21+02:00
0,0,0,0,0,0,2017-10-24 15:40:03+02:00
0,0,0,0,0,0,2017-11-01 15:43:23+01:00
0,1,0,1,1,0,2017-11-01 16:13:02+01:00
0,0,0,0,0,0,2017-11-20 16:57:52+01:00
0,0,0,0,0,0,2017-11-24 18:10:26+01:00
0,0,0,0,0,0,2017-12-07 14:31:09+01:00
0,0,0,0,0,0,2017-12-11 15:10:19+01:00
0,0,0,0,0,0,2017-12-12 00:50:15+01:00
0,1,1,1,1,1,2018-01-17 17:24:48+01:00
0,0,0,0,0,0,2018-03-15 14:39:26+01:00
1,1,1,0,1,0,2018-04-15 17:57:20+00:00
1,1,1,0,0,0,2018-04-16 13:54:22+00:00
0,0,0,0,0,0,2018-04-26 00:47:34+02:00
0,0,0,0,0,0,2019-01-19 18:25:46+01:00
0,0,0,0,0,0,2019-05-15 11:48:59+02:00
0,0,0,0,0,0,2019-05-15 12:04:46+02:00
0,0,0,0,0,0,2020-02-13 17:29:40+01:00
0,0,0,0,0,0,2020-02-21 04:35:17+01:00
0,0,0,0,0,0,2020-02-21 12:17:25+01:00
0,0,0,0,0,0,2020-06-13 00:10:18+02:00
1,5,2,3,4,2,2020-06-13 00:11:44+02:00
0,0,0,0,0,0,2020-06-13 00:55:24+02:00
0,0,0,0,0,0,2020-06-13 01:08:32+02:00
1,1,1,0,0,0,2020-06-13 01:34:25+02:00
0,1,0,1,1,0,2020-06-13 01:40:59+02:00
0,3,2,3,3,2,2020-06-17 02:39:33+02:00
0,0,0,0,0,0,2020-06-13 05:57:04+02:00
0,0,0,0,0,0,2020-06-17 02:48:17+02:00
0,0,0,0,0,0,2020-06-13 05:56:32+02:00
0,0,0,0,0,0,2020-06-17 03:20:50+02:00
1,1,1,0,0,0,2020-06-17 01:49:51+02:00
0,0,0,0,0,0,2020-06-17 01:41:48+02:00
0,0,0,0,0,0,2020-06-18 15:06:28+02:00
0,0,0,0,0,0,2020-06-18 15:09:22+02:00
0,0,0,0,0,0,2020-06-18 15:10:11+02:00
0,0,0,0,0,0,2020-06-18 15:12:00+02:00
1,2,2,1,1,1,2020-06-14 17:48:51-04:00
0,0,0,0,0,0,2020-06-19 16:47:36-04:00
0,0,0,0,0,0,2020-06-27 15:51:05+02:00
0,0,0,0,0,0,2020-07-21 00:19:49+02:00
0,0,0,0,0,0,2020-07-21 00:20:36+02:00
0,0,0,0,0,0,2020-07-21 00:21:07+02:00
1,1,1,0,0,0,2020-07-21 02:44:41+02:00
0,0,0,0,0,0,2020-07-21 03:35:26+02:00
0,1,1,1,1,1,2020-07-21 22:41:03-04:00
1,1,1,0,0,0,2020-07-22 22:00:21-04:00
0,0,0,0,0,0,2020-09-23 00:24:10+02:00
1,1,1,0,0,0,2020-11-04 20:16:08+01:00
0,0,0,0,0,0,2020-11-04 20:23:15+01:00
0,0,0,0,0,0,2020-11-26 22:21:42+01:00
1,2,1,2,2,1,2020-12-14 12:03:57-08:00
1,2,1,2,2,1,2020-12-14 16:57:10-08:00
0,0,0,0,0,0,2020-12-14 16:59:19-08:00
0,0,0,0,0,0,2020-12-14 16:59:32-08:00
0,0,0,0,0,0,2020-12-14 17:00:49-08:00
