Acquisition,Preparation,Modeling,Training,Evaluation,Prediction,time
2,7,5,1,1,1,2018-12-10 12:00:36+00:00
0,3,3,0,0,0,2018-12-11 21:27:06+00:00
0,1,0,0,0,0,2018-12-11 21:42:58+00:00
0,4,2,1,0,1,2018-12-18 09:36:01+00:00
0,0,1,0,0,0,2018-12-18 10:16:32+00:00
0,0,0,0,0,0,2018-12-18 10:21:23+00:00
0,0,0,0,0,0,2018-12-18 10:21:46+00:00
0,6,1,1,1,1,2019-01-08 12:22:29+00:00
0,1,0,0,0,0,2019-01-10 11:47:56+00:00
0,4,1,0,1,0,2019-01-10 11:48:25+00:00
0,7,2,0,1,0,2019-01-16 09:07:10+00:00
1,2,0,0,1,0,2019-01-16 13:00:13+00:00
1,5,0,0,1,0,2019-01-18 08:36:20+00:00
0,0,0,0,0,0,2019-01-18 08:37:18+00:00
1,7,2,0,1,0,2019-01-22 09:02:15+00:00
0,0,1,0,0,0,2019-01-22 10:55:09+00:00
1,7,3,0,0,0,2019-02-05 08:56:39+00:00
1,2,0,0,0,0,2019-02-05 11:21:39+00:00
1,3,2,0,0,0,2019-02-11 12:15:10+00:00
1,5,1,1,2,1,2019-02-18 09:58:40+00:00
1,3,1,0,2,0,2019-02-25 11:17:49+00:00
0,1,0,0,0,0,2019-02-25 11:18:35+00:00
1,2,2,0,1,0,2019-03-04 12:28:28+00:00
1,3,2,0,2,0,2019-03-04 15:02:34+00:00
1,4,3,0,2,0,2019-03-05 10:13:12+00:00
1,5,2,1,0,1,2019-03-05 12:12:58+00:00
1,2,1,0,0,0,2019-03-05 12:34:34+00:00
0,0,1,0,0,0,2019-03-05 12:50:06+00:00
0,12,5,0,1,0,2019-03-05 13:47:53+00:00
1,5,4,0,0,0,2019-03-05 14:21:14+00:00
2,7,6,0,0,0,2019-03-05 15:43:34+00:00
0,4,2,0,0,0,2019-03-05 16:01:15+00:00
2,8,6,1,0,1,2019-03-25 07:59:52+00:00
2,3,2,0,0,0,2019-03-25 11:42:34+00:00
1,2,2,0,0,0,2019-03-26 09:23:25+00:00
1,2,2,0,0,0,2019-03-26 12:07:32+00:00
1,1,1,0,0,0,2019-03-26 12:24:21+00:00
2,19,7,0,1,0,2019-06-07 12:30:09+00:00
0,1,0,0,1,0,2019-06-11 06:59:22+00:00
1,1,1,0,0,0,2019-06-12 13:14:44+00:00
1,2,1,0,0,0,2019-06-13 11:27:42+00:00
1,2,2,0,1,0,2019-06-13 18:44:25+00:00
0,2,1,0,1,0,2019-06-14 08:01:25+00:00
1,3,1,0,0,0,2019-06-14 09:27:07+00:00
0,2,1,0,0,0,2019-06-14 11:29:41+00:00
0,22,7,0,0,0,2019-06-15 18:07:29+00:00
1,0,0,0,0,0,2019-06-26 13:52:10+00:00
1,9,3,0,0,0,2019-06-26 13:53:29+00:00
2,5,5,0,0,0,2019-07-26 06:49:12+00:00
1,1,0,0,0,0,2019-07-26 10:48:35+00:00
2,8,8,1,1,1,2019-09-12 06:45:46+00:00
0,6,4,0,0,0,2019-09-30 07:19:48+00:00
0,0,1,0,0,0,2019-10-02 11:37:29+00:00
1,1,1,0,0,0,2019-10-02 13:53:40+00:00
0,1,0,0,0,0,2019-10-02 14:33:56+00:00
0,0,1,0,0,0,2019-10-02 16:58:29+00:00
0,1,2,0,0,0,2019-10-10 11:16:49+00:00
0,2,2,0,0,0,2019-10-10 11:32:34+00:00
0,0,0,0,0,0,2019-10-10 11:51:24+00:00
0,2,1,0,0,0,2019-10-10 12:22:33+00:00
0,0,1,0,0,0,2019-10-10 12:30:14+00:00
0,0,0,0,0,0,2019-10-10 12:49:37+00:00
0,0,0,0,0,0,2019-10-10 13:00:54+00:00
0,0,0,0,0,0,2019-10-10 13:05:54+00:00
0,0,0,0,0,0,2019-10-30 08:48:15+00:00
0,0,0,0,0,0,2019-10-30 09:45:06+00:00
0,0,0,0,0,0,2019-10-30 12:27:42+00:00
0,0,0,0,0,0,2019-10-30 13:30:24+00:00
0,0,0,0,0,0,2019-10-30 13:46:15+00:00
0,0,0,0,0,0,2019-10-30 14:26:18+00:00
0,0,0,0,0,0,2019-10-30 14:40:22+00:00
0,0,0,0,0,0,2019-10-30 14:52:33+00:00
1,0,0,0,0,0,2019-10-30 19:30:17+00:00
1,0,0,0,0,0,2019-10-31 08:08:31+00:00
0,0,0,0,0,0,2019-10-31 08:10:34+00:00
0,0,0,0,0,0,2019-10-31 08:12:39+00:00
1,17,5,0,0,0,2019-10-31 09:06:10+00:00
0,6,15,0,0,0,2019-10-31 09:19:54+00:00
0,0,0,0,0,0,2019-10-31 09:38:55+00:00
1,1,0,0,0,0,2019-10-31 09:49:58+00:00
0,0,0,0,0,0,2019-10-31 09:50:45+00:00
1,1,0,0,0,0,2019-10-31 10:12:01+00:00
1,1,0,0,0,0,2019-10-31 10:18:35+00:00
0,0,0,0,0,0,2019-10-31 10:22:58+00:00
1,1,0,0,0,0,2019-10-31 11:13:22+00:00
1,2,1,0,0,0,2019-10-31 11:33:27+00:00
3,3,1,0,1,0,2019-10-31 11:48:13+00:00
0,0,0,0,0,0,2019-10-31 12:02:42+00:00
1,1,0,0,0,0,2019-10-31 12:19:12+00:00
1,1,0,0,0,0,2019-10-31 12:51:33+00:00
2,2,2,0,0,0,2019-10-31 13:08:38+00:00
1,1,2,0,0,0,2019-10-31 13:15:16+00:00
1,1,0,0,0,0,2019-10-31 13:18:13+00:00
1,1,0,0,0,0,2019-10-31 13:19:44+00:00
1,1,0,0,0,0,2019-10-31 13:41:53+00:00
0,0,0,0,0,0,2019-10-31 14:04:59+00:00
1,1,0,0,0,0,2019-10-31 18:48:43+00:00
1,1,0,0,0,0,2019-10-31 18:53:00+00:00
1,1,0,0,0,0,2019-10-31 18:54:12+00:00
1,1,0,0,0,0,2019-10-31 18:55:59+00:00
4,2,1,0,0,0,2019-10-31 19:05:26+00:00
0,0,0,0,0,0,2019-10-31 19:05:59+00:00
2,0,0,0,0,0,2019-10-31 19:07:58+00:00
0,0,0,0,0,0,2019-10-31 19:08:15+00:00
2,3,2,0,1,0,2019-11-01 08:48:55+00:00
0,0,0,0,0,0,2019-11-01 08:49:31+00:00
9,27,17,0,1,0,2019-11-01 09:09:35+00:00
0,0,0,0,0,0,2019-11-01 09:09:50+00:00
0,0,0,0,0,0,2019-11-01 09:21:34+00:00
0,0,0,0,0,0,2019-11-01 09:21:52+00:00
0,0,0,0,0,0,2019-11-01 09:23:15+00:00
0,0,0,0,0,0,2019-11-01 09:23:21+00:00
0,0,0,0,0,0,2019-11-01 09:28:23+00:00
0,1,1,0,0,0,2019-11-01 11:02:24+00:00
0,3,1,0,0,0,2019-11-01 12:33:19+00:00
0,0,2,0,0,0,2019-11-01 18:35:21+00:00
0,0,0,0,0,0,2019-11-03 10:04:30+00:00
2,2,0,0,0,0,2019-11-03 18:34:03+00:00
3,2,0,0,0,0,2019-11-03 19:27:16+00:00
1,1,0,0,0,0,2019-11-04 21:52:25+00:00
1,3,1,0,0,0,2019-11-05 19:56:00+00:00
1,2,2,0,0,0,2019-11-05 21:48:59+00:00
3,3,2,0,0,0,2019-11-07 15:53:57+00:00
4,2,1,0,0,0,2019-11-15 08:30:03+00:00
2,3,1,0,0,0,2019-11-21 13:04:01+00:00
1,1,0,0,0,0,2019-11-21 13:24:23+00:00
1,1,0,0,0,0,2019-11-30 15:49:17+00:00
2,2,1,0,0,0,2019-12-05 10:52:14+00:00
0,0,0,0,0,0,2019-12-05 11:07:24+00:00
0,0,0,0,0,0,2019-12-05 13:19:53+00:00
1,1,0,0,0,0,2019-12-05 14:16:07+00:00
0,1,1,0,0,0,2019-12-11 11:24:24+00:00
0,0,0,0,0,0,2019-12-11 11:27:20+00:00
0,0,0,0,0,0,2019-12-11 17:47:34+00:00
0,1,0,0,0,0,2019-12-18 15:19:48+00:00
1,2,1,0,0,0,2019-12-18 15:44:21+00:00
1,1,0,0,0,0,2020-01-07 12:05:51+00:00
2,2,1,0,1,0,2020-01-08 12:57:58+00:00
0,0,0,0,0,0,2020-01-14 13:16:19+00:00
0,0,0,0,0,0,2020-01-14 13:40:18+00:00
0,0,0,0,0,0,2020-01-14 13:41:43+00:00
3,3,1,0,0,0,2020-01-14 14:00:50+00:00
0,0,0,0,0,0,2020-01-16 08:37:35+00:00
0,0,0,0,0,0,2020-01-27 14:00:22+00:00
1,2,1,0,1,0,2020-01-28 10:23:16+00:00
3,3,1,0,1,0,2020-01-28 14:32:22+00:00
2,2,0,0,1,0,2020-01-28 20:11:59+00:00
2,2,0,0,1,0,2020-01-29 15:11:38+00:00
1,1,0,0,1,0,2020-01-30 09:07:13+00:00
5,6,2,0,1,0,2020-02-12 14:54:49+00:00
4,4,2,0,1,0,2020-02-28 12:14:09+00:00
1,1,0,0,0,0,2020-03-04 08:40:30+00:00
2,2,0,0,0,0,2020-03-04 11:57:15+00:00
6,9,4,0,1,0,2020-03-10 15:33:21+00:00
1,1,0,0,0,0,2020-03-11 11:06:14+00:00
2,2,1,0,0,0,2020-03-11 11:56:30+00:00
1,1,1,0,0,0,2020-03-11 12:08:34+00:00
2,2,1,0,0,0,2020-03-11 14:38:51+00:00
2,2,1,0,1,0,2020-03-12 09:39:59+00:00
9,8,7,0,1,0,2020-03-25 10:09:48+00:00
3,3,1,0,0,0,2020-03-28 15:04:26+00:00
1,1,0,0,0,0,2020-04-13 20:03:20+00:00
2,3,1,0,0,0,2020-05-28 10:50:28+00:00
1,3,1,0,1,0,2020-05-29 12:43:07+00:00
0,0,0,0,0,0,2020-05-29 15:53:16+00:00
0,1,0,0,0,0,2020-06-02 09:07:01+00:00
0,0,0,0,0,0,2020-06-02 09:08:51+00:00
0,0,0,0,0,0,2020-06-03 08:04:45+00:00
4,3,2,0,1,0,2020-06-12 13:02:13+00:00
3,3,3,0,0,0,2020-06-16 12:37:13+00:00
0,1,0,1,0,1,2020-06-16 12:54:00+00:00
0,0,0,0,0,0,2020-06-16 13:06:25+00:00
0,1,0,1,1,1,2020-06-16 15:09:36+00:00
1,1,0,0,0,0,2020-06-25 07:56:36+00:00
2,2,1,0,0,0,2020-06-25 08:53:36+00:00
1,1,0,0,0,0,2020-06-25 13:37:19+00:00
0,0,0,0,0,0,2020-06-25 20:01:18+00:00
3,3,2,0,1,0,2020-08-07 11:55:27+00:00
1,1,0,0,0,0,2020-08-07 13:00:08+00:00
4,3,2,0,1,0,2020-08-27 07:35:53+00:00
1,1,1,0,0,0,2020-08-27 08:52:00+00:00
2,2,1,0,0,0,2020-08-27 09:59:06+00:00
2,2,1,0,0,0,2020-08-27 11:49:53+00:00
1,1,0,0,0,0,2020-08-27 12:14:52+00:00
1,1,0,0,0,0,2020-09-03 16:39:15+00:00
2,2,1,0,0,0,2020-09-03 16:51:31+00:00
7,6,1,0,1,0,2020-09-03 17:00:54+00:00
2,3,2,0,0,0,2020-09-04 08:41:37+00:00
2,2,1,0,0,0,2020-09-04 11:40:10+00:00
0,0,0,0,0,0,2020-09-04 11:46:09+00:00
1,1,0,0,0,0,2020-09-04 12:23:56+00:00
0,0,0,0,0,0,2020-09-07 09:50:09+00:00
0,0,0,0,0,0,2020-09-07 11:53:48+00:00
0,0,0,0,0,0,2020-09-07 11:56:51+00:00
0,0,1,0,0,0,2020-09-07 12:00:21+00:00
0,0,0,0,0,0,2020-09-07 12:04:51+00:00
0,0,0,0,0,0,2020-09-07 12:08:19+00:00
2,4,2,1,2,1,2020-09-07 12:48:53+00:00
2,2,1,0,0,0,2020-09-07 13:11:32+00:00
0,0,0,0,0,0,2020-09-08 09:46:51+00:00
0,0,0,0,0,0,2020-09-08 09:50:45+00:00
1,1,0,1,1,1,2020-09-08 10:24:41+00:00
0,1,0,1,1,1,2020-09-08 10:26:41+00:00
1,1,1,0,0,0,2020-09-08 11:01:25+00:00
1,1,1,0,0,0,2020-09-08 11:14:59+00:00
2,1,1,0,0,0,2020-09-08 11:57:52+00:00
1,0,0,0,0,0,2020-09-08 12:14:10+00:00
1,0,0,0,0,0,2020-09-08 12:15:25+00:00
0,1,0,1,1,1,2020-09-08 12:22:45+00:00
0,1,0,1,1,1,2020-09-08 12:25:18+00:00
3,3,1,0,0,0,2020-09-09 18:31:52+00:00
2,2,0,0,0,0,2020-09-10 12:02:09+00:00
0,1,1,0,0,0,2020-09-10 12:30:22+00:00
1,0,0,0,0,0,2020-09-10 12:40:05+00:00
1,1,1,0,0,0,2020-09-10 12:42:27+00:00
1,1,1,0,0,0,2020-09-10 12:44:37+00:00
1,0,0,0,0,0,2020-09-10 12:45:55+00:00
0,0,0,0,0,0,2020-09-10 12:49:08+00:00
1,0,0,0,0,0,2020-09-10 12:53:00+00:00
1,1,1,0,0,0,2020-09-10 12:56:19+00:00
1,0,0,0,0,0,2020-09-10 12:57:46+00:00
1,0,0,0,0,0,2020-09-10 13:04:49+00:00
1,0,0,0,0,0,2020-09-10 13:16:54+00:00
0,0,0,0,0,0,2020-09-10 13:20:31+00:00
0,0,0,0,0,0,2020-09-10 13:22:44+00:00
1,1,1,0,0,0,2020-09-10 13:27:39+00:00
1,1,1,0,0,0,2020-09-10 13:30:39+00:00
1,1,1,0,0,0,2020-09-10 13:32:54+00:00
1,1,1,0,0,0,2020-09-10 13:41:24+00:00
1,1,1,0,0,0,2020-09-10 18:36:09+00:00
1,1,1,0,0,0,2020-09-10 18:39:27+00:00
1,1,1,0,0,0,2020-09-10 19:00:17+00:00
1,1,1,0,0,0,2020-09-10 19:01:42+00:00
1,1,1,0,0,0,2020-09-10 19:04:12+00:00
1,1,1,0,0,0,2020-09-10 19:06:34+00:00
1,1,1,0,0,0,2020-09-10 19:08:30+00:00
1,1,1,0,0,0,2020-09-14 08:32:30+00:00
1,1,0,0,0,0,2020-09-14 08:35:08+00:00
1,1,0,0,0,0,2020-09-14 08:37:53+00:00
1,1,1,0,0,0,2020-09-14 08:43:59+00:00
1,1,0,0,1,0,2020-09-24 19:15:28+00:00
0,0,0,0,0,0,2020-09-24 19:36:44+00:00
0,0,0,0,0,0,2020-09-24 19:49:03+00:00
0,0,0,0,0,0,2020-09-24 19:53:16+00:00
2,2,1,0,1,0,2020-09-24 20:14:46+00:00
2,3,1,0,2,0,2020-09-25 08:38:06+00:00
0,1,1,0,0,0,2020-09-25 08:42:11+00:00
1,1,0,0,1,0,2020-09-25 08:50:38+00:00
1,1,0,0,1,0,2020-09-25 08:57:13+00:00
1,1,0,0,1,0,2020-09-25 09:00:26+00:00
1,2,1,0,1,0,2020-09-25 09:12:11+00:00
1,1,0,0,1,0,2020-09-25 09:14:02+00:00
1,1,0,0,1,0,2020-09-25 09:16:29+00:00
1,1,0,0,1,0,2020-09-25 09:17:36+00:00
1,1,0,0,1,0,2020-09-25 09:31:58+00:00
1,1,0,0,1,0,2020-09-25 09:32:50+00:00
1,1,0,0,1,0,2020-09-25 09:37:53+00:00
1,1,0,0,1,0,2020-09-25 09:45:47+00:00
1,1,0,0,1,0,2020-09-25 09:49:28+00:00
1,1,0,0,1,0,2020-09-25 11:16:44+00:00
1,1,1,0,0,0,2020-09-25 11:35:34+00:00
1,1,1,0,0,0,2020-09-25 11:51:52+00:00
1,1,1,0,0,0,2020-09-25 12:01:32+00:00
1,1,1,0,0,0,2020-09-25 12:04:42+00:00
1,1,1,0,0,0,2020-09-25 12:06:44+00:00
0,0,0,0,0,0,2020-09-25 12:14:25+00:00
0,0,0,0,0,0,2020-09-25 12:22:28+00:00
1,1,0,0,0,0,2020-09-25 12:50:35+00:00
1,2,1,0,0,0,2020-09-25 13:06:08+00:00
1,1,0,0,0,0,2020-09-25 13:07:09+00:00
1,1,0,0,0,0,2020-09-25 13:08:00+00:00
1,1,1,0,0,0,2020-09-25 13:12:12+00:00
1,1,0,0,0,0,2020-09-25 13:13:21+00:00
1,1,0,0,0,0,2020-09-25 13:14:21+00:00
1,1,0,0,0,0,2020-09-25 13:15:59+00:00
1,1,0,0,0,0,2020-09-25 13:18:52+00:00
1,1,0,0,0,0,2020-09-26 19:07:13+00:00
1,1,0,0,1,0,2020-09-26 19:22:42+00:00
1,1,0,0,1,0,2020-09-28 12:41:30+00:00
1,1,0,0,1,0,2020-09-28 12:46:59+00:00
1,1,0,0,1,0,2020-09-28 13:02:16+00:00
2,2,2,0,1,0,2020-09-28 13:13:28+00:00
1,1,1,0,1,0,2020-09-28 13:15:34+00:00
0,0,0,0,0,0,2020-09-28 13:18:50+00:00
1,1,1,0,1,0,2020-09-28 13:20:13+00:00
1,1,1,0,1,0,2020-09-28 13:22:01+00:00
1,1,1,0,1,0,2020-09-28 13:30:26+00:00
4,4,2,0,1,0,2020-09-28 18:57:06+00:00
1,1,0,0,0,0,2020-09-28 19:01:28+00:00
1,1,1,0,1,0,2020-09-28 19:10:21+00:00
2,2,2,0,1,0,2020-09-28 19:15:31+00:00
2,2,2,0,1,0,2020-09-29 06:04:27+00:00
1,1,1,0,0,0,2020-09-29 06:05:37+00:00
1,2,0,1,1,1,2020-09-29 08:05:40+00:00
1,2,0,1,1,1,2020-09-29 11:58:34+00:00
1,1,1,0,0,0,2020-09-29 12:01:13+00:00
1,1,1,0,1,0,2020-09-30 13:59:59+00:00
1,1,1,0,1,0,2020-10-01 07:12:35+00:00
1,1,1,0,1,0,2020-10-01 08:05:08+00:00
10,24,18,0,1,0,2020-10-01 09:37:27+00:00
0,0,0,0,0,0,2020-10-01 09:40:10+00:00
0,0,0,0,0,0,2020-10-01 10:10:44+00:00
1,1,1,0,1,0,2020-10-08 06:52:32+00:00
0,0,0,0,0,0,2020-10-08 07:19:22+00:00
8,7,3,0,1,0,2020-10-19 11:50:40+00:00
2,2,0,0,0,0,2020-10-19 12:10:05+00:00
0,0,0,0,0,0,2020-10-21 08:24:41+00:00
2,2,1,0,0,0,2020-10-21 12:11:03+00:00
0,0,0,0,0,0,2020-10-21 12:12:53+00:00
1,1,1,0,0,0,2020-10-21 12:21:47+00:00
1,1,1,0,0,0,2020-10-21 12:24:37+00:00
1,1,1,0,0,0,2020-10-21 12:30:40+00:00
1,1,1,0,0,0,2020-10-21 12:37:27+00:00
1,1,1,0,0,0,2020-10-21 12:41:11+00:00
1,1,1,0,0,0,2020-10-21 12:42:52+00:00
1,1,1,0,0,0,2020-10-21 12:51:47+00:00
1,1,1,0,0,0,2020-10-21 12:52:37+00:00
1,1,1,0,0,0,2020-10-21 13:03:50+00:00
1,1,1,0,0,0,2020-10-21 13:07:02+00:00
1,1,1,0,0,0,2020-10-21 13:35:00+00:00
1,1,0,0,0,0,2020-10-21 13:38:52+00:00
1,1,1,0,0,0,2020-10-21 13:43:00+00:00
1,1,1,0,0,0,2020-10-21 14:04:33+00:00
1,1,1,0,0,0,2020-10-21 14:07:19+00:00
4,4,3,0,1,0,2020-10-22 08:19:55+00:00
2,2,2,0,0,0,2020-10-22 08:28:50+00:00
1,1,1,0,1,0,2020-10-22 08:33:12+00:00
1,1,0,0,0,0,2020-10-22 08:46:08+00:00
1,1,0,0,0,0,2020-10-22 08:50:00+00:00
1,1,1,0,0,0,2020-10-22 08:51:22+00:00
2,2,1,0,0,0,2020-10-22 13:24:58+00:00
1,1,1,0,0,0,2020-10-22 13:32:04+00:00
1,1,1,0,0,0,2020-10-22 13:44:32+00:00
1,1,1,0,0,0,2020-10-22 13:45:17+00:00
3,3,0,0,0,0,2020-10-22 19:30:15+00:00
2,2,0,0,0,0,2020-10-22 19:50:37+00:00
1,1,0,0,0,0,2020-10-23 08:43:12+00:00
1,1,0,0,0,0,2020-10-23 08:45:10+00:00
2,2,1,0,0,0,2020-10-23 09:42:24+00:00
1,1,1,0,0,0,2020-10-23 10:29:53+00:00
1,1,1,0,0,0,2020-10-23 10:33:59+00:00
1,1,1,0,1,0,2020-10-26 19:46:36+00:00
1,1,1,0,1,0,2020-10-26 20:21:13+00:00
1,1,1,0,1,0,2020-10-26 20:23:37+00:00
1,1,1,0,1,0,2020-10-26 20:35:01+00:00
0,1,0,0,0,0,2020-10-27 09:55:42+00:00
2,3,1,0,0,0,2020-10-27 10:25:17+00:00
0,1,0,0,0,0,2020-10-27 10:27:47+00:00
0,1,0,0,0,0,2020-10-27 10:29:40+00:00
0,1,0,0,1,0,2020-10-27 12:52:46+00:00
0,1,0,0,0,0,2020-10-27 13:15:15+00:00
0,1,0,0,0,0,2020-10-27 13:24:18+00:00
0,1,0,0,0,0,2020-10-27 13:26:27+00:00
0,1,0,0,0,0,2020-10-27 13:29:33+00:00
0,1,0,0,0,0,2020-10-27 13:40:15+00:00
1,1,1,0,1,0,2020-10-27 14:15:48+00:00
0,0,0,0,0,0,2020-10-28 09:33:13+00:00
2,3,1,1,2,1,2020-10-28 12:37:45+00:00
1,1,0,0,0,0,2020-10-28 12:38:53+00:00
2,1,2,0,0,0,2020-10-28 13:09:07+00:00
2,2,1,0,0,0,2020-10-28 13:24:39+00:00
2,2,1,0,0,0,2020-10-28 14:12:54+00:00
4,4,2,0,0,0,2020-10-30 11:16:39+00:00
3,3,2,0,0,0,2020-10-30 11:19:52+00:00
5,4,2,0,0,0,2020-10-30 11:45:42+00:00
4,2,2,0,0,0,2020-10-30 11:58:48+00:00
1,0,1,0,0,0,2020-10-30 12:09:14+00:00
1,0,1,0,0,0,2020-10-30 12:17:52+00:00
9,6,4,0,0,0,2020-10-30 19:48:18+00:00
1,1,0,0,0,0,2020-10-30 20:20:40+00:00
0,0,0,0,0,0,2020-11-02 09:21:38+00:00
0,0,0,0,0,0,2020-11-02 09:22:30+00:00
0,0,0,0,0,0,2020-11-02 09:24:06+00:00
2,1,1,0,0,0,2020-11-02 11:20:04+00:00
2,2,1,0,0,0,2020-11-02 12:10:23+00:00
1,1,0,0,0,0,2020-11-02 12:15:04+00:00
0,0,0,0,0,0,2020-11-02 12:25:32+00:00
1,1,0,0,0,0,2020-11-02 13:17:05+00:00
1,1,0,0,0,0,2020-11-02 13:19:39+00:00
1,1,0,0,0,0,2020-11-02 13:20:29+00:00
1,1,0,0,0,0,2020-11-02 13:21:45+00:00
1,1,0,0,0,0,2020-11-02 13:23:14+00:00
0,0,0,0,0,0,2020-11-02 13:29:05+00:00
1,1,0,0,0,0,2020-11-02 13:34:18+00:00
1,1,0,0,0,0,2020-11-02 13:36:57+00:00
1,1,0,0,0,0,2020-11-02 13:54:18+00:00
1,1,1,0,0,0,2020-11-14 13:45:06+00:00
0,0,0,0,0,0,2020-11-14 13:45:50+00:00
1,1,0,0,0,0,2020-11-14 13:52:22+00:00
1,1,1,0,1,0,2020-11-14 14:14:46+00:00
2,2,2,0,1,0,2020-11-25 21:03:40+00:00
0,0,0,0,0,0,2020-11-25 22:35:35+01:00
3,2,2,0,0,0,2020-11-25 22:54:58+01:00
0,0,0,0,0,0,2020-11-26 14:10:20+01:00
1,1,1,0,0,0,2020-11-27 21:07:56+01:00
1,1,1,0,0,0,2020-11-27 21:46:24+01:00
3,3,2,0,0,0,2020-12-06 22:27:04+01:00
1,1,0,0,0,0,2020-12-07 14:33:27+01:00
3,3,2,0,0,0,2020-12-07 20:47:14+01:00
1,1,1,0,0,0,2020-12-08 15:13:14+01:00
3,3,2,0,1,0,2020-12-09 10:45:09+01:00
1,1,1,0,0,0,2020-12-09 14:35:13+01:00
2,2,1,0,0,0,2020-12-11 22:55:28+01:00
1,1,1,0,0,0,2020-12-11 23:17:57+01:00
6,5,3,0,1,0,2020-12-20 20:58:38+01:00
0,0,0,0,0,0,2020-12-20 21:08:56+01:00
1,1,0,0,0,0,2020-12-22 21:14:36+01:00
1,1,0,0,0,0,2021-01-09 14:56:58+01:00
1,1,0,0,0,0,2021-01-09 15:00:35+01:00
1,1,0,0,0,0,2021-01-15 09:32:15+01:00
2,2,0,0,0,0,2021-01-15 10:51:35+01:00
1,1,1,0,0,0,2021-01-15 14:40:07+01:00
3,3,1,0,0,0,2021-01-18 09:57:38+01:00
4,4,1,0,0,0,2021-01-18 15:24:55+01:00
2,2,1,0,0,0,2021-01-19 15:13:38+01:00
1,1,0,0,0,0,2021-01-20 10:05:24+01:00
2,2,1,0,0,0,2021-01-21 14:47:48+01:00
1,1,0,0,0,0,2021-01-22 11:19:50+01:00
1,1,0,0,0,0,2021-01-22 14:41:31+01:00
0,0,0,0,0,0,2021-02-12 13:05:23+01:00
1,1,0,0,0,0,2021-02-12 13:47:32+01:00
1,1,0,0,0,0,2021-02-12 13:51:41+01:00
2,2,0,0,1,0,2021-02-15 20:39:12+01:00
1,1,0,0,0,0,2021-02-16 10:40:00+01:00
1,1,0,0,0,0,2021-02-16 10:40:26+01:00
2,2,0,0,0,0,2021-02-17 12:25:56+01:00
3,3,1,0,0,0,2021-02-18 10:57:38+01:00
1,1,0,0,0,0,2021-02-19 15:00:57+01:00
2,2,0,0,0,0,2021-02-20 21:59:26+01:00
1,1,1,0,0,0,2021-02-22 21:11:51+01:00
1,2,1,1,1,1,2021-02-23 22:14:58+01:00
1,1,1,0,0,0,2021-03-02 12:06:53+01:00
1,1,0,0,0,0,2021-03-03 13:02:03+01:00
1,1,0,0,0,0,2021-03-03 13:16:06+01:00
1,1,0,0,0,0,2021-03-03 13:32:22+01:00
1,1,0,0,0,0,2021-03-03 13:49:13+01:00
1,1,0,0,0,0,2021-03-04 11:28:18+01:00
1,1,0,0,0,0,2021-03-04 12:55:09+01:00
2,2,0,0,0,0,2021-03-05 13:00:04+01:00
1,1,0,0,0,0,2021-03-05 13:21:55+01:00
1,1,0,0,0,0,2021-03-05 13:38:40+01:00
2,3,1,1,1,1,2021-03-12 11:44:26+01:00
1,1,0,0,0,0,2021-03-12 12:21:01+01:00
1,1,0,0,0,0,2021-03-12 12:54:23+01:00
1,1,0,0,0,0,2021-03-15 11:46:56+01:00
1,1,0,0,0,0,2021-03-15 22:30:53+01:00
3,3,1,0,0,0,2021-03-16 10:21:45+01:00
2,2,0,0,0,0,2021-03-16 14:12:15+01:00
1,1,0,0,0,0,2021-03-16 21:02:04+01:00
1,1,0,0,0,0,2021-03-17 21:21:26+01:00
4,5,1,1,1,1,2021-03-18 22:49:47+01:00
4,5,1,1,1,1,2021-03-19 17:42:08+01:00
4,5,1,0,1,0,2021-03-19 19:51:28+01:00
2,3,1,1,1,1,2021-03-19 21:27:09+01:00
1,2,0,1,1,1,2021-03-22 10:54:15+01:00
1,1,0,0,0,0,2021-03-22 11:58:49+01:00
3,3,0,0,1,0,2021-03-22 14:42:01+01:00
1,1,0,0,0,0,2021-03-22 14:59:56+01:00
1,1,0,0,0,0,2021-03-22 15:03:12+01:00
1,1,0,0,0,0,2021-03-22 20:26:47+01:00
2,2,0,0,0,0,2021-03-23 13:39:15+01:00
2,2,0,0,0,0,2021-03-23 15:19:32+01:00
2,3,0,1,1,1,2021-03-24 11:07:13+01:00
2,2,0,1,1,1,2021-03-24 21:52:28+01:00
2,2,0,0,0,0,2021-03-25 11:09:42+01:00
3,3,0,1,1,1,2021-03-25 14:56:23+01:00
4,4,0,0,1,0,2021-03-26 20:44:51+01:00
3,3,1,0,0,0,2021-03-28 15:51:43+02:00
4,4,1,1,1,1,2021-03-29 20:57:35+02:00
4,4,1,1,1,1,2021-03-30 13:59:44+02:00
3,3,1,1,1,1,2021-03-31 14:55:49+02:00
1,1,0,0,0,0,2021-04-06 15:34:33+02:00
5,3,1,1,1,1,2021-04-08 15:24:55+02:00
3,3,0,0,1,0,2021-04-09 15:13:47+02:00
2,2,0,0,0,0,2021-04-12 15:01:40+02:00
0,1,0,1,0,1,2021-04-13 21:42:11+02:00
3,3,0,2,1,2,2021-04-14 15:17:55+02:00
4,4,0,1,0,1,2021-04-15 14:25:16+02:00
1,1,0,0,0,0,2021-04-15 14:59:34+02:00
2,2,0,1,0,1,2021-04-16 15:30:48+02:00
4,3,1,0,0,0,2021-04-21 10:39:17+02:00
2,2,0,0,0,0,2021-04-22 21:04:33+02:00
1,1,0,0,0,0,2021-04-22 21:33:11+02:00
2,2,0,0,1,0,2021-04-27 15:38:23+02:00
1,1,1,0,0,0,2021-04-27 21:31:48+02:00
2,2,1,1,1,1,2021-04-28 13:01:06+02:00
2,2,1,0,1,0,2021-04-29 09:55:47+02:00
0,0,0,0,0,0,2021-04-29 09:56:25+02:00
2,2,1,0,1,0,2021-04-29 14:56:39+02:00
1,1,1,0,0,0,2021-04-29 21:27:14+02:00
1,1,0,0,0,0,2021-04-29 21:40:03+02:00
3,3,2,0,0,0,2021-04-30 14:58:48+02:00
2,2,1,0,0,0,2021-05-01 16:11:54+02:00
1,1,0,0,0,0,2021-05-02 12:45:44+02:00
1,1,0,0,0,0,2021-05-04 18:10:44+00:00
0,0,0,0,0,0,2021-05-05 08:19:18+00:00
1,1,1,0,0,0,2021-05-06 06:23:25+00:00
0,0,0,0,0,0,2021-05-06 06:28:50+00:00
1,1,0,0,0,0,2021-05-06 09:11:47+00:00
1,1,0,0,0,0,2021-05-06 09:40:28+00:00
0,0,0,0,0,0,2021-05-07 12:07:45+00:00
1,1,0,0,0,0,2021-05-09 20:07:25+02:00
1,1,1,0,0,0,2021-05-14 12:57:18+02:00
1,1,0,0,0,0,2021-05-14 20:14:14+02:00
2,2,0,0,1,0,2021-05-16 11:01:48+02:00
3,3,0,0,1,0,2021-05-18 11:28:35+02:00
1,1,0,1,0,1,2021-05-18 15:34:44+02:00
2,1,1,0,0,0,2021-05-19 10:04:28+02:00
2,2,2,0,0,0,2021-05-19 10:18:31+02:00
1,0,0,0,0,0,2021-05-19 15:31:17+02:00
2,2,0,2,1,2,2021-05-19 21:23:12+02:00
2,2,0,1,0,1,2021-05-20 09:52:38+02:00
1,1,0,0,0,0,2021-05-21 08:28:46+02:00
0,1,1,0,0,0,2021-05-21 14:46:12+02:00
0,0,0,0,0,0,2021-05-21 15:40:18+02:00
2,1,0,0,0,0,2021-05-21 20:32:43+02:00
1,1,0,0,0,0,2021-05-24 11:38:04+02:00
2,2,2,0,0,0,2021-05-24 12:24:16+02:00
2,2,2,0,0,0,2021-05-24 13:07:19+02:00
0,0,0,0,0,0,2021-05-24 13:09:27+02:00
0,0,0,0,0,0,2021-05-24 13:19:27+02:00
1,1,0,1,0,1,2021-05-25 15:34:53+02:00
1,1,0,1,0,1,2021-05-26 11:20:55+02:00
1,1,0,1,0,1,2021-05-26 12:47:06+02:00
0,0,0,0,0,0,2021-05-28 08:45:55+02:00
0,0,0,0,0,0,2021-05-28 08:51:13+02:00
1,1,0,0,0,0,2021-05-28 09:47:49+02:00
0,0,0,0,0,0,2021-05-28 09:52:34+02:00
1,1,0,1,0,1,2021-05-28 14:27:04+02:00
0,0,0,0,0,0,2021-05-31 10:57:16+02:00
0,0,0,0,0,0,2021-05-31 11:04:30+02:00
0,0,0,0,0,0,2021-05-31 11:15:53+02:00
2,1,1,0,0,0,2021-05-31 11:20:05+02:00
5,5,2,1,0,1,2021-05-31 11:37:09+02:00
2,0,1,0,0,0,2021-05-31 11:48:22+02:00
0,0,0,0,0,0,2021-05-31 11:51:04+02:00
0,0,0,0,0,0,2021-05-31 11:52:09+02:00
0,0,0,0,0,0,2021-05-31 11:54:45+02:00
0,0,0,0,0,0,2021-05-31 12:01:59+02:00
1,2,0,1,0,1,2021-05-31 14:39:02+02:00
0,0,0,0,0,0,2021-05-31 14:39:23+02:00
3,7,2,1,1,1,2021-05-31 20:05:40+02:00
2,2,0,0,0,0,2021-05-31 20:08:11+02:00
0,1,0,0,0,0,2021-05-31 21:31:54+02:00
1,1,0,0,0,0,2021-06-01 09:24:23+02:00
1,1,1,0,0,0,2021-06-01 10:13:11+02:00
0,0,0,0,0,0,2021-06-02 09:29:03+02:00
0,0,0,0,0,0,2021-06-02 09:32:06+02:00
0,0,0,0,0,0,2021-06-02 09:38:59+02:00
0,0,0,0,0,0,2021-06-02 09:51:16+02:00
0,0,0,0,0,0,2021-06-02 09:58:10+02:00
0,0,0,0,0,0,2021-06-02 10:02:16+02:00
0,0,0,0,0,0,2021-06-02 10:16:55+02:00
0,0,0,0,0,0,2021-06-02 10:28:07+02:00
0,0,0,0,0,0,2021-06-02 12:47:14+02:00
0,0,0,0,0,0,2021-06-02 12:54:43+02:00
0,0,0,0,0,0,2021-06-02 12:55:07+02:00
0,0,0,0,0,0,2021-06-02 12:57:49+02:00
0,0,0,0,0,0,2021-06-02 13:03:41+02:00
0,0,0,0,0,0,2021-06-02 13:04:57+02:00
0,0,0,0,0,0,2021-06-02 13:07:17+02:00
0,0,0,0,0,0,2021-06-02 14:54:39+02:00
0,0,0,0,0,0,2021-06-02 14:59:26+02:00
0,0,0,0,0,0,2021-06-02 15:24:04+02:00
0,0,0,0,0,0,2021-06-02 15:25:39+02:00
0,0,0,0,0,0,2021-06-02 15:26:48+02:00
0,0,0,0,0,0,2021-06-02 15:35:10+02:00
0,1,0,0,0,0,2021-06-03 10:49:14+02:00
1,1,0,0,1,0,2021-06-03 13:51:35+02:00
3,5,1,1,0,1,2021-06-04 14:17:45+02:00
1,1,0,0,1,0,2021-06-04 15:45:08+02:00
0,0,0,0,0,0,2021-06-04 15:49:05+02:00
2,2,1,1,1,1,2021-06-04 21:02:56+02:00
0,1,0,0,0,0,2021-06-06 21:15:52+02:00
1,0,0,0,0,0,2021-06-07 09:29:02+02:00
2,5,1,1,0,1,2021-06-07 09:39:18+02:00
0,0,0,0,0,0,2021-06-07 09:39:55+02:00
0,1,1,0,0,0,2021-06-07 09:47:44+02:00
0,0,0,0,0,0,2021-06-07 09:53:13+02:00
2,4,1,1,0,1,2021-06-16 15:48:31+02:00
2,2,0,0,1,0,2021-06-17 13:09:23+02:00
0,0,0,0,0,0,2021-06-17 13:12:04+02:00
2,3,0,0,1,0,2021-06-18 10:11:02+02:00
1,2,0,0,1,0,2021-06-18 10:29:36+02:00
2,3,1,0,1,0,2021-08-18 08:37:04+02:00
2,3,0,0,1,0,2021-08-18 10:47:00+02:00
0,0,0,0,0,0,2021-08-19 14:51:05+02:00
0,0,0,0,0,0,2021-08-19 16:23:24+02:00
0,0,0,0,0,0,2021-08-19 20:05:05+02:00
0,0,0,0,0,0,2021-08-20 09:49:39+02:00
0,0,0,0,0,0,2021-08-20 15:30:21+02:00
0,0,0,0,0,0,2021-08-20 21:36:12+02:00
3,5,2,0,0,0,2021-08-22 10:31:57+02:00
0,0,0,0,0,0,2021-08-22 21:34:31+02:00
1,1,1,0,0,0,2021-08-23 14:37:09+02:00
0,0,0,0,0,0,2021-08-23 15:00:35+02:00
1,1,1,0,0,0,2021-08-23 15:39:24+02:00
0,0,0,0,0,0,2021-08-23 20:39:17+02:00
0,1,0,0,0,0,2021-08-26 13:54:21+02:00
0,1,0,0,0,0,2021-08-26 15:29:09+02:00
1,1,0,0,0,0,2021-08-26 16:02:38+02:00
2,3,0,0,0,0,2021-08-27 09:35:49+02:00
0,0,0,0,0,0,2021-08-27 10:04:14+02:00
3,2,1,0,1,0,2021-08-30 21:42:56+02:00
1,1,0,0,1,0,2021-09-01 14:23:31+02:00
1,1,0,0,0,0,2021-09-03 12:06:29+02:00
1,1,0,0,0,0,2021-09-01 20:51:21+02:00
1,2,0,0,0,0,2021-09-02 12:12:12+02:00
1,2,0,0,0,0,2021-09-02 14:13:45+02:00
1,2,0,0,0,0,2021-09-03 09:22:57+02:00
2,4,1,0,1,0,2021-09-09 13:41:07+02:00
1,1,0,0,1,0,2021-09-12 21:33:29+02:00
2,3,0,0,1,0,2021-09-13 11:38:21+02:00
3,2,1,0,0,0,2021-09-13 14:26:56+02:00
1,1,0,0,0,0,2021-09-14 06:37:48+02:00
0,0,0,0,0,0,2021-09-14 10:27:41+02:00
0,0,0,0,0,0,2021-09-14 10:58:20+02:00
0,1,0,0,0,0,2021-09-14 11:12:35+02:00
0,0,0,0,0,0,2021-09-14 11:40:59+02:00
2,1,0,0,0,0,2021-09-14 13:16:06+02:00
3,3,0,0,0,0,2021-09-14 13:17:32+02:00
0,1,0,0,0,0,2021-09-14 14:55:30+02:00
1,2,0,0,0,0,2021-09-14 22:38:05+02:00
1,2,1,0,0,0,2021-09-15 09:40:58+02:00
1,1,0,0,0,0,2021-09-15 09:54:20+02:00
0,0,0,0,0,0,2021-09-15 10:59:03+02:00
0,1,0,0,0,0,2021-09-15 14:44:25+02:00
0,0,0,0,0,0,2021-09-15 14:46:26+02:00
1,3,0,1,0,1,2021-09-15 15:45:41+02:00
1,2,0,1,0,1,2021-09-16 16:05:57+02:00
0,1,0,1,0,1,2021-09-17 10:45:37+02:00
0,1,0,1,0,1,2021-09-17 11:07:05+02:00
0,1,0,1,0,1,2021-09-17 15:35:46+02:00
1,1,0,0,0,0,2021-09-20 06:50:39+02:00
1,2,0,0,0,0,2021-09-20 12:49:51+02:00
1,4,1,1,0,1,2021-09-21 13:41:15+02:00
9,6,4,0,0,0,2021-09-21 13:42:36+02:00
0,1,0,0,0,0,2021-09-21 15:25:56+02:00
1,1,0,0,0,0,2021-09-21 15:40:45+02:00
0,1,0,1,0,1,2021-09-22 10:26:13+02:00
0,0,0,0,0,0,2021-09-22 10:37:27+02:00
0,0,0,0,0,0,2021-09-22 11:16:18+02:00
0,0,0,0,0,0,2021-09-23 08:57:59+02:00
0,0,0,0,0,0,2021-09-23 09:02:55+02:00
0,0,0,0,0,0,2021-09-23 09:03:32+02:00
0,0,0,0,0,0,2021-09-23 09:18:26+02:00
0,0,0,0,0,0,2021-09-23 09:26:10+02:00
0,0,0,0,0,0,2021-09-23 09:41:09+02:00
0,2,0,1,0,1,2021-09-23 11:39:59+02:00
1,1,0,0,1,0,2021-09-23 14:24:25+02:00
0,0,0,0,0,0,2021-09-23 14:51:08+02:00
1,2,0,0,0,0,2021-09-23 17:45:43+02:00
2,4,1,0,1,0,2021-09-24 09:39:54+02:00
0,0,0,0,0,0,2021-09-27 09:30:09+02:00
0,0,0,0,0,0,2021-09-27 09:34:09+02:00
0,1,0,0,0,0,2021-09-27 10:17:07+02:00
0,1,0,0,0,0,2021-09-27 12:04:41+02:00
1,3,1,0,0,0,2021-09-27 12:11:48+02:00
0,0,0,0,0,0,2021-09-27 13:18:28+02:00
1,3,0,0,0,0,2021-09-27 15:45:54+02:00
0,0,0,0,0,0,2021-09-27 15:48:44+02:00
0,3,0,0,0,0,2021-09-27 20:49:56+02:00
0,0,0,0,0,0,2021-09-28 10:05:02+02:00
0,3,1,0,0,0,2021-09-28 11:08:02+02:00
0,0,0,0,0,0,2021-09-28 11:20:09+02:00
0,0,0,0,0,0,2021-09-28 11:35:34+02:00
1,1,0,0,0,0,2021-09-28 12:24:33+02:00
2,2,0,0,1,0,2021-09-28 13:34:40+02:00
1,1,0,0,0,0,2021-09-28 13:37:00+02:00
1,3,1,0,0,0,2021-09-28 14:37:02+02:00
1,4,1,0,1,0,2021-09-28 15:31:39+02:00
0,1,1,0,0,0,2021-09-28 15:48:45+02:00
1,1,0,0,0,0,2021-09-28 19:40:47+02:00
0,1,0,0,0,0,2021-09-28 19:52:57+02:00
1,2,0,0,1,0,2021-09-28 22:17:05+02:00
0,4,2,0,0,0,2021-09-29 09:16:49+02:00
0,0,0,0,0,0,2021-09-29 10:40:58+02:00
0,0,0,0,0,0,2021-09-29 11:14:07+02:00
0,0,0,0,0,0,2021-09-29 11:17:22+02:00
1,2,0,1,0,1,2021-09-30 12:44:43+02:00
1,1,0,0,0,0,2021-09-30 14:55:41+02:00
0,2,1,0,0,0,2021-10-01 16:02:59+02:00
2,2,0,0,1,0,2021-10-04 14:16:05+02:00
0,1,0,1,0,1,2021-10-05 11:58:13+02:00
0,0,0,0,0,0,2021-10-05 14:54:53+02:00
0,0,0,0,0,0,2021-10-05 15:06:22+02:00
0,1,0,0,0,0,2021-10-06 09:26:09+02:00
0,1,0,0,0,0,2021-10-06 09:40:22+02:00
1,2,0,0,1,0,2021-10-06 09:51:00+02:00
1,1,0,0,1,0,2021-10-06 13:56:10+02:00
0,0,0,0,0,0,2021-10-06 13:59:58+02:00
0,0,0,0,0,0,2021-10-06 15:34:42+02:00
1,5,0,0,1,0,2021-10-07 15:27:09+02:00
0,0,0,0,0,0,2021-10-07 15:31:41+02:00
1,2,0,0,1,0,2021-10-07 20:48:04+02:00
0,1,1,0,0,0,2021-10-08 10:01:43+02:00
0,2,0,0,0,0,2021-10-14 09:20:14+02:00
0,1,1,0,0,0,2021-10-19 16:01:08+02:00
1,2,0,0,1,0,2021-10-21 13:41:25+02:00
0,1,0,0,0,0,2021-10-21 15:17:51+02:00
0,1,1,0,0,0,2021-10-21 15:30:09+02:00
0,1,1,0,0,0,2021-10-21 15:30:45+02:00
0,2,0,0,0,0,2021-10-22 14:14:44+02:00
0,2,0,0,0,0,2021-10-24 17:05:21+02:00
0,2,1,0,0,0,2021-10-25 10:25:13+02:00
0,2,0,0,0,0,2021-10-25 14:55:46+02:00
1,2,0,0,1,0,2021-10-25 15:44:19+02:00
0,1,0,0,1,0,2021-10-25 20:36:24+02:00
0,0,0,0,0,0,2021-10-25 20:48:06+02:00
0,0,0,0,0,0,2021-10-25 20:48:26+02:00
0,1,0,0,0,0,2021-10-25 22:17:56+02:00
0,1,0,0,0,0,2021-10-25 22:35:42+02:00
0,1,0,0,1,0,2021-10-26 09:57:34+02:00
0,1,1,0,0,0,2021-10-27 15:11:19+02:00
0,1,1,0,0,0,2021-10-27 16:04:42+02:00
0,1,1,0,0,0,2021-10-27 20:32:42+02:00
0,2,2,0,0,0,2021-10-28 13:31:15+02:00
0,2,1,1,0,1,2021-10-29 09:28:50+02:00
0,3,3,0,0,0,2021-11-22 11:21:59+01:00
1,4,3,0,1,0,2021-11-22 15:42:51+01:00
0,1,1,0,0,0,2021-11-23 15:35:00+01:00
2,5,3,0,1,0,2021-11-26 13:13:21+01:00
0,1,0,0,0,0,2021-11-26 13:54:06+01:00
0,2,2,0,0,0,2021-11-26 22:02:49+01:00
0,1,1,0,0,0,2021-11-27 12:32:29+01:00
0,1,1,0,0,0,2021-11-27 12:38:02+01:00
1,1,0,0,0,0,2021-11-27 12:46:48+01:00
0,0,0,0,0,0,2021-11-27 19:24:58+01:00
0,1,1,0,0,0,2021-11-28 08:29:24+01:00
0,1,0,0,0,0,2021-11-28 08:34:53+01:00
0,1,0,1,0,1,2021-11-28 08:35:12+01:00
0,1,0,1,0,1,2021-11-28 13:06:16+01:00
2,2,0,0,1,0,2021-11-28 13:30:26+01:00
0,1,0,0,1,0,2021-11-28 13:33:21+01:00
0,3,2,0,0,0,2021-11-29 07:18:24+01:00
0,1,1,0,0,0,2021-11-29 20:31:40+01:00
0,3,3,0,0,0,2021-11-29 21:23:28+01:00
0,6,4,0,1,0,2021-11-30 10:23:45+01:00
1,2,1,0,0,0,2021-11-30 10:50:35+01:00
0,0,0,0,0,0,2021-11-30 10:54:25+01:00
0,1,1,0,0,0,2021-11-30 11:25:59+01:00
0,0,0,0,0,0,2021-11-30 13:02:10+01:00
2,5,3,0,1,0,2021-12-01 12:06:36+01:00
1,2,1,0,1,0,2021-12-02 09:46:05+01:00
0,0,0,0,0,0,2021-12-02 10:47:29+01:00
0,0,0,0,0,0,2021-12-02 11:01:39+01:00
0,1,1,0,0,0,2021-12-02 11:27:12+01:00
0,0,0,0,0,0,2021-12-02 12:58:30+01:00
1,4,3,0,0,0,2021-12-03 14:20:37+01:00
0,1,1,0,0,0,2021-12-03 14:27:33+01:00
1,3,2,0,1,0,2021-12-03 14:42:34+01:00
0,4,3,0,0,0,2021-12-05 13:24:29+01:00
1,2,1,0,1,0,2021-12-06 13:07:49+01:00
0,0,0,0,0,0,2021-12-06 13:32:44+01:00
0,2,1,0,0,0,2021-12-06 20:47:39+01:00
0,0,0,0,0,0,2021-12-06 21:29:54+01:00
1,2,1,0,1,0,2021-12-09 15:27:24+01:00
1,2,1,0,0,0,2021-12-12 13:22:57+01:00
2,1,1,0,0,0,2021-12-13 10:20:12+01:00
1,1,1,0,0,0,2021-12-14 11:31:37+01:00
2,4,3,0,0,0,2021-12-14 11:54:03+01:00
0,2,2,0,0,0,2021-12-15 12:42:51+01:00
0,1,0,0,0,0,2021-12-15 21:15:38+01:00
0,1,1,0,0,0,2021-12-16 14:48:52+01:00
2,2,1,0,1,0,2022-01-07 12:22:13+01:00
1,1,1,0,0,0,2022-01-07 12:27:41+01:00
1,3,2,0,0,0,2022-01-07 13:09:18+01:00
1,2,1,0,0,0,2022-01-07 15:24:34+01:00
1,2,1,0,0,0,2022-01-08 13:06:20+01:00
1,2,1,0,0,0,2022-01-08 13:56:52+01:00
2,2,0,0,1,0,2022-01-11 15:35:41+01:00
1,3,2,0,1,0,2022-02-01 12:39:21+01:00
0,0,0,0,0,0,2022-02-01 12:40:17+01:00
0,0,0,0,0,0,2022-02-01 13:12:00+01:00
0,0,0,0,0,0,2022-02-01 13:24:57+01:00
0,0,0,0,0,0,2022-02-01 15:00:31+01:00
0,0,0,0,0,0,2022-02-02 08:29:06+01:00
0,0,0,0,0,0,2022-02-04 14:42:29+01:00
0,0,0,0,0,0,2022-02-08 15:11:33+01:00
0,0,0,0,0,0,2022-02-17 13:13:13+01:00
4,4,2,0,0,0,2022-02-17 14:46:19+01:00
0,1,1,0,0,0,2022-02-17 15:48:06+01:00
2,2,2,0,0,0,2022-02-22 12:21:29+01:00
2,2,1,0,1,0,2022-02-23 10:50:52+01:00
2,2,1,0,1,0,2022-02-23 15:07:06+01:00
1,1,1,0,0,0,2022-02-25 11:36:35+01:00
1,1,1,0,0,0,2022-02-25 11:56:00+01:00
0,1,0,0,0,0,2022-02-28 21:01:25+01:00
0,1,0,1,0,1,2022-02-28 21:19:18+01:00
0,1,0,1,0,1,2022-03-01 08:31:53+01:00
1,1,0,0,0,0,2022-03-08 16:47:07+01:00
1,1,0,0,0,0,2022-03-17 10:07:32+01:00
1,1,0,0,0,0,2022-03-17 10:40:47+01:00
1,1,0,0,0,0,2022-03-17 11:01:52+01:00
1,1,1,0,0,0,2022-03-17 13:51:42+01:00
3,3,0,0,1,0,2022-03-18 15:04:20+01:00
2,2,0,0,0,0,2022-03-18 15:39:38+01:00
4,5,2,1,0,1,2022-03-21 11:07:56+01:00
1,1,1,0,0,0,2022-03-21 13:59:41+01:00
0,0,0,0,0,0,2022-03-21 16:37:19+01:00
1,1,1,0,0,0,2022-03-22 15:19:55+01:00
1,1,1,0,0,0,2022-03-22 15:26:41+01:00
1,1,1,0,0,0,2022-03-22 15:48:13+01:00
1,1,1,0,0,0,2022-03-22 19:40:20+01:00
0,1,1,0,0,0,2022-03-22 22:11:40+01:00
1,3,3,0,0,0,2022-03-23 11:13:59+01:00
0,0,0,0,0,0,2022-03-23 20:35:18+01:00
0,0,0,0,0,0,2022-03-23 20:36:31+01:00
1,1,0,0,1,0,2022-03-23 20:44:45+01:00
1,1,1,0,0,0,2022-03-23 20:59:28+01:00
0,0,0,0,0,0,2022-03-23 21:07:02+01:00
1,1,0,0,1,0,2022-03-25 09:38:59+01:00
1,1,1,0,0,0,2022-03-25 10:21:33+01:00
0,0,0,0,0,0,2022-03-26 12:46:59+01:00
0,0,0,0,0,0,2022-03-26 13:07:36+01:00
0,0,0,0,0,0,2022-03-28 10:53:08+02:00
0,0,0,0,0,0,2022-03-28 10:59:43+02:00
0,0,0,0,0,0,2022-03-28 11:19:05+02:00
0,0,0,0,0,0,2022-03-28 11:47:55+02:00
1,1,0,0,0,0,2022-04-01 10:40:05+02:00
1,1,1,0,0,0,2022-04-08 15:10:12+02:00
2,4,1,0,1,0,2022-04-19 10:53:21+02:00
1,1,1,0,0,0,2022-04-19 14:52:44+02:00
1,1,0,0,1,0,2022-05-05 10:11:38+02:00
2,2,2,0,0,0,2022-05-19 15:04:01+02:00
1,1,1,0,0,0,2022-06-02 14:34:01+02:00
0,0,0,0,0,0,2022-06-08 13:10:38+02:00
0,0,0,0,0,0,2022-06-08 13:16:06+02:00
0,0,0,0,0,0,2022-06-09 08:53:29+02:00
0,0,0,0,0,0,2022-06-09 09:22:45+02:00
0,1,0,1,0,1,2022-06-23 11:00:13+02:00
1,2,1,1,0,1,2022-06-27 10:55:43+02:00
0,1,0,1,0,1,2022-06-27 11:50:40+02:00
0,0,0,0,0,0,2022-06-27 13:45:26+02:00
0,0,0,0,0,0,2022-06-27 16:16:13+02:00
