Acquisition,Preparation,Modeling,Training,Evaluation,Prediction,time
0,0,0,0,0,0,2021-05-15 19:35:23+02:00
0,0,0,0,0,0,2021-05-15 19:35:49+02:00
0,0,0,0,0,0,2021-05-15 19:42:11+02:00
1,1,0,0,0,0,2021-05-15 19:43:33+02:00
0,0,0,0,0,0,2021-05-20 17:20:56+02:00
0,0,0,0,0,0,2021-05-20 17:25:16+02:00
1,1,1,2,0,0,2021-05-21 12:49:41+02:00
0,0,0,0,0,0,2021-05-21 12:53:24+02:00
0,0,0,0,0,0,2021-05-21 12:53:58+02:00
1,1,1,2,0,0,2021-05-21 13:50:15+02:00
0,1,1,2,0,0,2021-05-21 14:28:47+02:00
0,1,0,1,0,0,2021-05-23 13:31:06+02:00
0,0,0,1,0,0,2021-05-23 14:08:42+02:00
0,1,1,2,0,0,2021-05-23 22:26:51+02:00
0,0,0,1,0,0,2021-05-23 23:08:20+02:00
0,1,1,1,0,0,2021-05-24 12:00:29+02:00
0,2,1,1,0,0,2021-05-27 09:29:39+02:00
0,2,0,1,0,0,2021-05-28 18:24:35+02:00
3,4,1,0,0,0,2021-06-12 19:49:16+02:00
5,6,1,0,1,0,2021-06-18 14:29:26+02:00
2,5,2,0,0,0,2021-06-18 16:55:51+02:00
0,1,1,0,0,0,2021-06-18 17:06:22+02:00
1,5,2,1,0,0,2021-06-18 18:58:33+02:00
3,7,2,2,1,0,2021-06-23 14:47:30+02:00
0,0,0,0,0,0,2021-06-23 15:35:44+02:00
2,3,1,1,0,0,2021-06-28 15:11:39+02:00
0,0,0,0,0,0,2021-06-30 11:43:48+02:00
0,0,0,0,0,0,2021-07-11 14:32:07+02:00
1,1,0,0,0,0,2021-07-11 14:58:18+02:00
0,0,0,0,0,0,2021-07-11 15:05:02+02:00
0,0,0,0,0,0,2021-07-11 16:04:27+02:00
0,0,0,0,0,0,2021-07-11 17:37:16+02:00
0,0,0,0,0,0,2021-07-12 14:06:14+02:00
0,0,0,0,0,0,2021-07-12 14:22:32+02:00
0,0,0,0,0,0,2021-07-12 14:24:51+02:00
0,0,0,0,0,0,2021-07-12 14:25:33+02:00
0,0,0,0,0,0,2021-07-12 14:28:16+02:00
0,0,0,0,0,0,2021-07-12 14:33:27+02:00
0,1,0,1,0,0,2021-07-12 14:44:03+02:00
0,0,0,0,0,0,2021-07-12 14:44:13+02:00
0,0,0,0,0,0,2021-07-12 14:52:04+02:00
0,1,0,1,0,0,2021-07-12 15:12:57+02:00
0,0,0,0,0,0,2021-07-12 15:13:26+02:00
0,0,0,0,0,0,2021-07-12 15:16:45+02:00
0,1,1,0,0,0,2021-07-12 16:11:35+02:00
0,1,0,1,0,0,2021-07-12 16:14:03+02:00
0,1,0,1,0,0,2021-07-12 16:14:51+02:00
0,0,0,0,0,0,2021-07-12 16:17:42+02:00
0,1,1,0,0,0,2021-07-12 16:24:59+02:00
0,1,1,0,0,0,2021-07-12 16:32:25+02:00
0,1,1,0,0,0,2021-07-12 16:46:44+02:00
0,1,1,0,0,0,2021-07-12 17:03:26+02:00
0,0,0,0,0,0,2021-07-12 17:06:56+02:00
0,0,0,0,0,0,2021-07-13 09:31:13+02:00
1,2,1,0,0,0,2021-07-13 09:32:32+02:00
1,1,0,0,0,0,2021-07-13 09:37:35+02:00
0,1,1,0,0,0,2021-07-13 09:52:16+02:00
0,1,1,0,0,0,2021-07-13 09:57:44+02:00
0,1,1,0,0,0,2021-07-13 10:05:51+02:00
0,1,1,0,0,0,2021-07-13 10:14:27+02:00
0,1,1,0,0,0,2021-07-13 10:27:33+02:00
0,1,1,0,0,0,2021-07-13 10:54:24+02:00
0,1,1,0,0,0,2021-07-13 15:30:42+02:00
0,0,0,0,0,0,2021-07-13 15:35:44+02:00
0,1,1,0,0,0,2021-07-13 22:28:38+02:00
0,2,1,1,0,0,2021-07-14 11:28:39+02:00
0,1,1,0,0,0,2021-07-14 11:31:40+02:00
0,0,0,0,0,0,2021-07-14 13:18:59+02:00
0,0,0,0,0,0,2021-07-14 14:26:10+02:00
0,0,0,0,0,0,2021-07-14 14:27:16+02:00
0,1,0,1,0,0,2021-07-14 16:31:31+02:00
0,0,0,0,0,0,2021-07-14 16:32:22+02:00
0,0,0,0,0,0,2021-07-14 16:36:40+02:00
0,1,0,1,0,0,2021-07-14 17:39:45+02:00
0,1,0,1,0,0,2021-07-15 09:46:35+02:00
0,0,0,0,0,0,2021-07-15 09:49:48+02:00
0,1,1,0,0,0,2021-07-15 09:54:42+02:00
0,2,1,1,0,0,2021-07-15 10:11:00+02:00
0,0,0,0,0,0,2021-07-15 10:12:28+02:00
0,0,0,0,0,0,2021-07-15 10:13:07+02:00
0,0,0,0,0,0,2021-07-15 10:23:54+02:00
0,2,1,1,0,0,2021-07-15 10:29:25+02:00
0,0,0,0,0,0,2021-07-15 10:29:46+02:00
0,2,1,1,0,0,2021-07-15 10:39:43+02:00
0,0,0,0,0,0,2021-07-15 10:40:26+02:00
0,1,0,1,0,0,2021-07-15 10:43:45+02:00
0,1,0,1,0,0,2021-07-15 10:44:27+02:00
0,0,0,0,0,0,2021-07-15 10:44:29+02:00
0,1,1,0,0,0,2021-07-15 10:47:30+02:00
0,1,0,1,0,0,2021-07-15 13:40:34+02:00
0,1,1,0,0,0,2021-07-15 13:41:44+02:00
0,1,0,1,0,0,2021-07-15 15:29:19+02:00
0,1,0,1,0,0,2021-07-15 16:02:54+02:00
0,2,2,0,0,0,2021-07-16 11:59:40+02:00
0,1,1,0,0,0,2021-07-16 12:00:01+02:00
0,1,0,1,0,0,2021-07-16 12:01:18+02:00
0,0,0,0,0,0,2021-07-16 12:01:40+02:00
0,0,0,0,0,0,2021-07-24 12:37:09+02:00
1,3,1,1,0,0,2021-07-24 12:38:40+02:00
0,0,0,0,0,0,2021-07-24 12:38:59+02:00
3,3,0,0,0,0,2021-07-24 12:58:28+02:00
0,0,0,0,0,0,2021-07-24 13:01:11+02:00
0,1,0,1,0,0,2021-07-24 13:24:06+02:00
0,2,1,1,0,0,2021-07-24 13:37:04+02:00
0,0,0,0,0,0,2021-07-24 13:44:49+02:00
0,1,1,0,0,0,2021-07-24 13:46:23+02:00
0,2,1,1,0,0,2021-07-24 13:52:15+02:00
0,2,0,1,0,0,2021-07-24 14:06:26+02:00
0,1,0,0,0,0,2021-07-24 14:13:49+02:00
0,0,0,0,0,0,2021-07-24 14:18:47+02:00
0,1,0,1,0,0,2021-07-24 14:26:01+02:00
0,2,1,1,0,0,2021-07-24 16:24:03+02:00
0,0,0,0,0,0,2021-07-24 16:24:42+02:00
0,2,2,0,0,0,2021-07-24 16:31:51+02:00
0,2,1,1,0,0,2021-07-24 16:36:14+02:00
0,4,2,1,0,0,2021-07-25 10:15:40+02:00
0,0,0,0,0,0,2021-07-25 10:18:48+02:00
0,1,1,0,0,0,2021-07-25 11:49:21+02:00
0,0,0,0,0,0,2021-07-26 16:55:47+02:00
0,0,0,0,0,0,2021-07-26 16:58:10+02:00
1,1,0,0,0,0,2021-07-26 19:34:01+02:00
0,2,1,1,0,0,2021-07-26 23:28:11+02:00
0,1,0,1,0,0,2021-07-26 23:31:31+02:00
0,1,0,1,0,0,2021-07-27 08:16:15+02:00
0,1,1,0,0,0,2021-07-27 08:18:44+02:00
1,10,6,2,0,0,2021-07-27 09:16:45+02:00
0,0,0,0,0,0,2021-07-27 09:39:59+02:00
0,1,1,0,0,0,2021-07-27 09:45:28+02:00
0,0,0,0,0,0,2021-07-27 10:04:26+02:00
0,0,0,0,0,0,2021-07-27 11:01:16+02:00
0,0,0,0,0,0,2021-07-27 11:17:37+02:00
0,2,1,1,0,0,2021-07-27 11:44:43+02:00
0,0,0,0,0,0,2021-07-27 11:57:17+02:00
0,0,0,0,0,0,2021-07-27 11:59:31+02:00
0,0,0,0,0,0,2021-07-27 12:00:56+02:00
0,3,1,1,0,0,2021-07-28 09:57:51+02:00
0,0,0,0,0,0,2021-07-28 13:13:24+02:00
0,0,0,0,0,0,2021-07-28 13:31:45+02:00
0,0,0,0,0,0,2021-07-28 13:32:07+02:00
0,1,0,1,0,0,2021-07-28 13:37:51+02:00
0,0,0,0,0,0,2021-07-28 13:37:59+02:00
0,1,0,1,0,0,2021-07-28 14:00:14+02:00
0,0,0,0,0,0,2021-07-28 14:00:51+02:00
0,0,0,0,0,0,2021-07-28 14:17:53+02:00
0,0,0,0,0,0,2021-07-28 14:18:35+02:00
4,3,0,0,1,0,2021-07-31 16:46:45+02:00
0,0,0,0,0,0,2021-08-01 10:18:29+02:00
2,3,1,1,1,0,2021-08-01 15:44:25+02:00
0,0,0,0,0,0,2021-08-01 15:49:40+02:00
0,1,0,1,0,0,2021-08-01 16:02:05+02:00
0,0,0,0,0,0,2021-08-01 16:25:48+02:00
0,1,1,0,0,0,2021-08-01 16:32:04+02:00
0,1,1,0,0,0,2021-08-01 17:16:45+02:00
0,0,0,0,0,0,2021-08-01 17:29:28+02:00
0,0,0,0,0,0,2021-08-01 17:30:44+02:00
0,0,0,0,0,0,2021-08-01 17:57:00+02:00
0,0,0,0,0,0,2021-08-01 23:56:23+02:00
0,0,0,0,0,0,2021-08-03 11:23:07+02:00
0,0,0,0,0,0,2021-08-03 11:24:05+02:00
0,0,0,0,0,0,2021-08-03 11:24:08+02:00
0,0,0,0,0,0,2021-08-03 13:10:49+02:00
0,1,1,0,0,0,2021-08-03 13:14:12+02:00
2,3,1,1,1,0,2021-08-04 16:50:42+02:00
0,0,0,0,0,0,2021-08-04 16:51:15+02:00
0,0,0,0,0,0,2021-08-04 16:56:45+02:00
0,1,1,0,0,0,2021-08-05 09:04:22+02:00
0,1,1,0,0,0,2021-08-05 16:23:31+02:00
0,1,1,0,0,0,2021-08-23 16:08:28+02:00
