Acquisition,Preparation,Modeling,Training,Evaluation,Prediction,time
0,0,0,0,0,0,2020-06-26 02:53:08-06:00
0,0,0,0,0,0,2020-06-26 02:58:42-06:00
0,0,0,0,0,0,2020-06-26 03:01:58-06:00
0,0,0,0,0,0,2020-06-26 03:04:08-06:00
0,0,0,0,0,0,2020-06-26 03:05:05-06:00
0,0,0,0,0,0,2020-06-26 03:05:33-06:00
0,0,0,0,0,0,2020-06-26 03:06:23-06:00
0,0,0,0,0,0,2020-06-26 13:39:00-06:00
0,0,0,0,0,0,2020-06-28 20:03:14-06:00
0,0,0,0,0,0,2020-06-28 20:04:42-06:00
0,0,0,0,0,0,2020-06-28 20:06:47-06:00
0,0,0,0,0,0,2020-06-28 20:09:41-06:00
0,0,0,0,0,0,2020-06-28 20:11:26-06:00
1,1,0,0,0,1,2020-06-28 20:12:16-06:00
0,0,0,0,0,0,2020-06-28 20:13:36-06:00
0,0,0,0,0,0,2020-06-28 20:15:39-06:00
0,0,0,0,0,0,2020-06-28 20:18:14-06:00
0,0,0,0,0,0,2020-06-30 08:12:17-06:00
0,0,0,0,0,0,2020-06-30 08:13:10-06:00
0,0,0,0,0,0,2020-06-30 08:14:15-06:00
1,0,0,0,0,0,2020-06-30 08:14:55-06:00
0,0,0,0,0,0,2020-06-30 08:16:45-06:00
0,0,0,0,0,0,2020-06-30 08:17:31-06:00
0,0,0,0,0,0,2020-06-30 08:24:35-06:00
1,1,0,0,0,0,2020-06-30 08:25:10-06:00
0,0,0,0,0,0,2020-06-30 08:28:25-06:00
0,0,0,0,0,0,2020-06-30 08:28:44-06:00
0,0,0,0,0,0,2020-06-30 08:30:43-06:00
1,1,0,0,0,0,2020-06-30 08:31:58-06:00
1,1,1,1,1,1,2020-07-02 18:10:08-06:00
0,0,0,0,0,0,2020-07-05 17:04:39-06:00
0,0,0,0,0,0,2020-07-05 17:06:04-06:00
0,0,0,0,0,0,2020-07-06 02:15:03-06:00
0,0,0,0,0,0,2020-07-06 02:23:46-06:00
0,0,0,0,0,0,2020-07-06 02:25:01-06:00
0,0,0,0,0,0,2020-07-06 02:26:22-06:00
0,0,0,0,0,0,2020-07-06 02:36:09-06:00
0,0,0,0,0,0,2020-07-06 02:38:31-06:00
0,0,0,0,0,0,2020-07-07 17:34:26-06:00
1,1,1,1,1,1,2020-07-12 01:21:20-06:00
1,1,0,0,0,0,2020-07-12 01:21:49-06:00
0,0,0,0,0,0,2020-07-12 01:22:03-06:00
0,0,0,0,0,0,2020-07-12 01:22:17-06:00
0,0,0,0,0,0,2020-07-12 01:22:35-06:00
0,0,0,0,0,0,2020-07-22 18:30:01-06:00
1,0,0,0,0,0,2020-07-22 18:40:35-06:00
1,0,0,0,0,0,2020-07-22 18:41:13-06:00
0,0,0,0,0,0,2020-07-22 18:41:30-06:00
0,0,0,0,0,0,2020-07-22 18:42:19-06:00
0,0,0,0,0,0,2020-07-22 18:42:47-06:00
0,0,0,0,0,0,2020-07-22 18:43:14-06:00
0,0,0,0,0,0,2020-07-22 18:43:48-06:00
0,0,0,0,0,0,2020-07-22 18:53:48-06:00
0,0,0,0,0,0,2020-07-22 18:54:35-06:00
0,0,0,0,0,0,2020-07-22 18:57:27-06:00
0,0,0,0,0,0,2020-07-22 19:26:20-06:00
1,1,1,1,0,0,2020-07-22 19:26:42-06:00
0,0,0,0,0,0,2020-07-22 19:27:18-06:00
0,0,0,0,0,0,2020-07-22 19:27:50-06:00
0,0,0,0,0,0,2020-07-22 19:28:31-06:00
0,0,0,0,0,0,2020-07-22 19:29:00-06:00
0,0,0,0,0,0,2020-07-22 19:29:13-06:00
0,0,0,0,0,0,2020-07-22 19:34:05-06:00
0,0,0,0,0,0,2020-07-24 19:43:57-06:00
1,1,0,0,0,0,2020-07-24 21:40:13-06:00
0,0,0,0,0,0,2020-07-24 21:41:03-06:00
0,0,0,0,0,0,2020-07-24 21:43:46-06:00
0,0,0,0,0,0,2020-07-28 23:38:56-06:00
1,1,0,0,1,0,2020-08-06 13:59:57-06:00
0,0,0,0,0,0,2020-08-06 14:00:37-06:00
0,0,0,0,0,0,2020-08-21 10:18:32-06:00
1,0,0,0,0,0,2020-08-21 10:18:45-06:00
0,0,0,0,0,0,2020-08-21 10:19:03-06:00
0,0,0,0,0,0,2020-08-25 21:23:14-06:00
