Acquisition,Preparation,Modeling,Training,Evaluation,Prediction,time
0,0,0,0,0,0,2021-09-27 21:28:23+09:00
0,0,0,0,0,0,2021-09-27 21:30:41+09:00
3,3,1,1,2,2,2021-09-27 12:36:23+00:00
3,3,1,1,2,2,2021-09-30 12:27:32+09:00
2,2,1,1,1,1,2021-09-30 17:35:21+09:00
1,1,1,1,1,1,2021-09-30 17:58:39+09:00
1,1,1,1,1,1,2021-10-01 00:21:44+09:00
1,1,1,1,1,1,2021-10-01 01:32:47+09:00
4,4,2,1,3,3,2021-10-02 14:57:07+09:00
5,5,3,1,3,2,2021-10-03 01:33:30+09:00
0,0,1,0,0,0,2021-10-04 01:01:17+09:00
4,4,5,1,3,1,2021-10-04 01:02:01+09:00
3,3,4,1,3,1,2021-10-04 03:00:02+09:00
3,4,4,1,3,1,2021-10-04 19:22:33+09:00
0,0,0,0,0,0,2021-10-04 19:25:27+09:00
0,0,0,0,0,0,2021-10-04 19:57:57+09:00
4,4,4,1,2,1,2021-10-04 22:22:56+09:00
3,3,3,1,2,1,2021-10-05 00:55:18+09:00
1,1,1,1,1,0,2021-10-05 00:59:52+09:00
1,1,1,0,0,0,2021-10-05 01:39:57+09:00
1,1,1,0,1,1,2021-10-05 02:04:56+09:00
1,1,1,0,1,1,2021-10-05 02:05:26+09:00
1,1,2,0,0,0,2021-10-05 18:24:04+09:00
3,3,4,1,3,1,2021-10-06 18:02:29+09:00
1,1,1,1,0,0,2021-10-06 18:37:48+09:00
0,0,0,0,0,0,2021-10-06 18:38:35+09:00
0,1,0,0,0,0,2021-10-06 21:40:22+09:00
1,1,1,0,1,1,2021-10-06 22:45:07+09:00
2,2,2,1,2,1,2021-10-06 22:48:36+09:00
0,0,0,0,0,0,2021-10-06 22:51:27+09:00
1,1,2,0,1,0,2021-10-07 02:07:50+09:00
1,1,1,0,1,0,2021-10-07 02:09:48+09:00
1,1,1,1,0,0,2021-10-08 15:12:22+09:00
0,0,0,0,0,0,2021-10-08 15:14:24+09:00
0,0,0,0,0,0,2021-10-08 15:17:39+09:00
0,0,0,0,0,0,2021-10-08 15:24:35+09:00
0,0,0,0,0,0,2021-10-08 15:32:45+09:00
0,0,0,0,0,0,2021-10-08 15:36:52+09:00
0,0,0,0,0,0,2021-10-08 15:47:11+09:00
0,0,0,0,0,0,2021-10-08 15:49:49+09:00
0,0,0,0,0,0,2021-10-08 15:51:23+09:00
0,0,0,0,0,0,2021-10-08 15:52:30+09:00
0,0,0,0,0,0,2021-10-08 15:53:37+09:00
0,0,0,0,0,0,2021-10-08 15:54:36+09:00
3,3,4,1,3,1,2021-10-08 15:55:45+09:00
0,0,0,0,0,0,2021-10-08 15:55:53+09:00
0,0,0,0,0,0,2021-10-08 16:06:17+09:00
0,0,0,0,0,0,2021-10-08 16:29:26+09:00
0,0,0,0,0,0,2021-10-08 16:58:53+09:00
0,0,0,0,0,0,2021-10-08 17:55:21+09:00
0,0,0,0,0,0,2021-10-08 17:56:19+09:00
0,0,0,0,0,0,2021-10-08 17:56:35+09:00
0,0,0,0,0,0,2021-10-08 17:57:12+09:00
0,0,0,0,0,0,2021-10-08 18:04:34+09:00
0,0,0,0,0,0,2021-10-09 10:50:20+09:00
0,0,0,0,0,0,2021-11-08 11:15:56+09:00
