Acquisition,Preparation,Modeling,Training,Evaluation,Prediction,time
0,1,1,0,0,0,2021-11-10 13:18:58-08:00
0,2,1,0,0,0,2021-11-16 16:20:08-08:00
0,0,0,0,0,0,2021-11-16 16:23:13-08:00
0,1,1,0,0,0,2021-11-16 16:23:37-08:00
0,0,0,0,0,0,2021-11-16 16:25:12-08:00
0,1,1,0,0,0,2021-11-16 16:27:36-08:00
0,1,1,0,0,0,2021-11-16 16:27:58-08:00
0,1,0,0,0,0,2021-11-16 16:29:54-08:00
0,1,1,0,0,0,2021-11-16 16:37:23-08:00
0,1,1,0,0,0,2021-11-16 16:39:55-08:00
0,1,1,0,0,0,2021-11-16 16:41:39-08:00
0,1,1,0,0,0,2021-11-16 16:42:22-08:00
0,1,1,0,0,0,2021-11-16 16:42:55-08:00
0,1,1,0,0,0,2021-11-16 16:43:57-08:00
0,1,1,0,0,0,2021-11-16 16:46:23-08:00
0,1,1,0,0,0,2021-11-16 16:54:02-08:00
0,1,0,0,0,0,2021-11-16 17:01:25-08:00
0,1,1,0,0,0,2021-11-16 17:19:34-08:00
0,1,1,0,0,0,2021-11-16 17:19:57-08:00
0,1,1,0,0,0,2021-11-16 17:21:21-08:00
0,2,2,0,0,0,2021-11-16 17:22:18-08:00
0,1,1,0,0,0,2021-11-16 17:23:21-08:00
0,1,1,0,0,0,2021-11-16 17:24:38-08:00
0,1,1,0,0,0,2021-11-16 17:26:26-08:00
0,1,1,0,0,0,2021-11-16 19:49:56-08:00
0,1,1,0,0,0,2021-11-16 19:51:20-08:00
0,1,1,0,0,0,2021-11-16 19:52:22-08:00
0,1,1,0,0,0,2021-11-16 19:53:24-08:00
0,1,1,0,0,0,2021-11-16 19:54:26-08:00
0,1,1,0,0,0,2021-11-16 19:55:39-08:00
0,1,1,0,0,0,2021-11-16 19:57:12-08:00
0,1,1,0,0,0,2021-11-16 19:57:58-08:00
0,1,1,0,0,0,2021-11-16 20:00:48-08:00
0,1,1,0,0,0,2021-11-16 20:01:57-08:00
0,1,1,0,0,0,2021-11-16 20:02:43-08:00
0,1,1,0,0,0,2021-11-16 20:04:46-08:00
0,1,1,0,0,0,2021-11-16 20:06:06-08:00
0,1,1,0,0,0,2021-11-16 20:08:12-08:00
0,1,1,0,0,0,2021-11-16 20:11:22-08:00
0,1,1,0,0,0,2021-11-16 20:13:33-08:00
0,1,1,0,0,0,2021-11-16 20:15:46-08:00
0,1,1,0,0,0,2021-11-16 20:16:28-08:00
0,1,1,0,0,0,2021-11-16 20:17:25-08:00
0,0,0,0,0,0,2021-11-17 22:46:43-08:00
2,1,1,0,0,0,2021-11-17 22:49:22-08:00
1,0,0,0,0,0,2021-11-18 12:02:26-08:00
0,0,1,0,0,0,2021-11-18 16:53:23-08:00
0,0,1,0,0,0,2021-11-18 17:07:44-08:00
0,0,0,0,0,0,2021-11-18 17:10:29-08:00
0,1,1,0,0,0,2021-11-18 17:31:46-08:00
0,1,1,0,0,0,2021-11-18 17:33:09-08:00
0,1,1,0,0,0,2021-11-18 17:35:41-08:00
0,0,1,0,0,0,2021-11-18 17:55:27-08:00
0,0,1,0,0,0,2021-11-18 17:56:23-08:00
0,2,2,0,0,0,2021-11-19 13:49:18-08:00
0,1,1,0,0,0,2021-11-19 14:59:08-08:00
