Acquisition,Preparation,Modeling,Training,Evaluation,Prediction,time
0,0,0,0,0,0,2020-11-14 22:31:56-06:00
0,0,0,0,0,0,2020-11-14 22:51:09-06:00
0,0,0,0,0,0,2020-11-14 23:03:08-06:00
0,0,0,0,0,0,2020-11-14 23:39:12-06:00
0,0,0,0,0,0,2020-11-15 00:25:12-06:00
0,0,0,0,0,0,2020-11-15 00:49:53-06:00
0,0,0,0,0,0,2020-11-15 01:01:16-06:00
0,0,0,0,0,0,2020-11-15 12:09:41-06:00
0,0,0,0,0,0,2020-11-15 12:12:59-06:00
0,0,0,0,0,0,2020-11-15 12:35:09-06:00
0,0,0,0,0,0,2020-11-16 00:18:12+05:18
0,0,0,0,0,0,2020-11-16 00:24:52+05:18
0,0,0,0,0,0,2020-11-15 13:11:23-06:00
0,0,0,0,0,0,2020-11-15 13:12:03-06:00
1,0,0,0,0,0,2020-11-15 13:28:56-06:00
1,0,0,0,0,0,2020-11-15 13:38:54-06:00
1,0,0,0,0,0,2020-11-15 13:48:32-06:00
0,0,0,0,0,0,2020-11-15 13:51:11-06:00
1,0,0,0,0,0,2020-11-15 13:55:45-06:00
0,0,0,0,0,0,2020-11-15 14:05:37-06:00
2,0,0,0,0,0,2020-11-15 14:19:49-06:00
1,0,0,0,0,0,2020-11-15 14:48:37-06:00
1,0,0,0,0,0,2020-11-15 14:56:24-06:00
1,0,0,0,0,0,2020-11-15 14:59:33-06:00
1,0,0,0,0,0,2020-11-15 15:04:55-06:00
1,1,0,0,0,0,2020-11-16 02:27:43+05:18
0,0,0,0,0,0,2020-11-15 15:14:40-06:00
0,0,0,0,0,0,2020-11-15 15:15:20-06:00
0,0,0,0,0,0,2020-11-15 15:19:19-06:00
0,0,0,0,0,0,2020-11-15 15:20:53-06:00
1,0,0,0,0,0,2020-11-15 15:29:08-06:00
1,0,0,0,0,0,2020-11-15 16:05:46-06:00
1,0,0,0,0,0,2020-11-15 16:13:05-06:00
1,0,0,0,0,0,2020-11-15 16:15:38-06:00
0,0,0,0,0,0,2020-11-15 16:17:47-06:00
0,0,0,0,0,0,2020-12-10 09:44:53+05:18
1,0,0,0,0,0,2020-12-09 22:31:38-06:00
0,0,0,0,0,0,2020-12-10 10:04:55+05:18
0,0,0,0,0,0,2020-12-10 10:05:31+05:18
0,0,0,0,0,0,2020-12-09 22:57:34-06:00
0,0,0,0,0,0,2020-12-09 23:32:59-06:00
1,0,0,0,0,0,2020-12-09 23:39:31-06:00
1,0,0,0,0,0,2020-12-10 00:27:16-06:00
1,0,0,0,0,0,2020-12-10 11:53:15-06:00
1,0,0,0,0,0,2020-12-10 11:59:29-06:00
1,1,0,0,0,0,2020-12-10 10:16:55-08:00
3,3,0,0,0,0,2020-12-10 12:46:38-06:00
0,0,0,0,0,0,2020-12-10 12:48:07-06:00
0,0,0,0,0,0,2020-12-10 12:52:06-06:00
1,1,0,0,0,0,2020-12-10 12:58:01-06:00
0,0,0,0,0,0,2020-12-10 13:00:13-06:00
1,1,0,0,0,0,2020-12-10 13:09:19-06:00
1,1,0,0,0,0,2020-12-10 13:15:06-06:00
1,1,0,0,0,0,2020-12-10 13:26:06-06:00
1,1,0,0,0,0,2020-12-10 13:33:03-06:00
1,1,0,0,0,0,2020-12-10 13:38:56-06:00
1,1,0,0,0,0,2020-12-10 13:45:21-06:00
1,1,0,0,0,0,2020-12-10 14:00:08-06:00
1,1,0,0,0,0,2020-12-10 14:04:00-06:00
1,1,0,0,0,0,2020-12-10 14:11:10-06:00
1,1,0,0,0,0,2020-12-10 14:20:03-06:00
1,1,0,0,0,0,2020-12-10 14:24:40-06:00
1,1,0,0,0,0,2020-12-10 14:27:45-06:00
1,1,0,0,0,0,2020-12-10 14:35:29-06:00
