Acquisition,Preparation,Modeling,Training,Evaluation,Prediction,time
1,3,1,1,0,2,2021-11-17 22:34:35-04:00
0,0,0,0,0,0,2021-11-17 22:47:27-04:00
0,1,0,0,0,0,2021-11-17 23:01:46-04:00
0,0,0,0,0,0,2021-11-18 07:41:36-04:00
0,0,0,0,0,0,2021-11-18 07:49:29-04:00
0,0,0,0,0,0,2021-11-18 08:09:32-04:00
0,1,0,0,0,1,2021-11-18 08:14:01-04:00
0,1,0,0,0,1,2021-11-18 08:16:33-04:00
0,0,0,0,0,0,2021-11-18 08:16:47-04:00
0,0,0,0,0,0,2021-11-18 08:17:13-04:00
0,0,0,0,0,0,2021-11-18 08:19:42-04:00
0,0,0,0,0,0,2021-11-18 08:21:50-04:00
0,0,0,0,0,0,2021-11-18 08:40:39-04:00
0,0,0,0,0,0,2021-11-18 08:49:56-04:00
0,0,0,0,0,0,2021-11-18 08:56:53-04:00
0,0,0,0,0,0,2021-11-18 09:01:00-04:00
0,0,0,0,0,0,2021-11-18 09:06:48-04:00
1,3,1,1,0,2,2021-11-18 09:20:57-04:00
0,0,0,0,0,0,2021-11-18 09:33:51-04:00
0,0,0,0,0,0,2021-11-18 09:42:25-04:00
0,0,0,0,0,0,2021-11-18 09:47:33-04:00
0,1,0,0,0,0,2021-11-18 22:19:55-04:00
0,1,0,0,0,0,2021-11-18 23:24:59-04:00
0,1,0,0,0,1,2021-11-22 08:31:59-04:00
0,0,0,0,0,0,2021-11-22 08:33:54-04:00
0,1,0,0,0,0,2021-11-22 08:41:49-04:00
0,1,0,0,0,1,2021-11-22 08:48:06-04:00
2,3,1,1,0,2,2021-12-12 20:30:07-04:00
0,0,0,0,0,0,2021-12-12 20:32:59-04:00
0,0,0,0,0,0,2021-12-12 20:35:31-04:00
2,3,1,1,0,2,2021-12-13 00:08:27-04:00
0,0,0,0,0,0,2021-12-13 00:14:18-04:00
1,1,1,1,0,1,2021-12-13 00:24:41-04:00
0,0,0,0,0,0,2021-12-13 00:25:29-04:00
0,0,0,0,0,0,2021-12-13 00:27:40-04:00
0,0,0,0,0,0,2021-12-13 00:28:03-04:00
0,0,0,0,0,0,2021-12-13 00:30:36-04:00
0,0,0,0,0,0,2021-12-13 12:34:16-04:00
0,1,0,0,0,1,2021-12-13 15:29:41-04:00
0,0,0,0,0,0,2021-12-13 15:43:30-04:00
1,1,0,0,0,0,2021-12-13 15:43:45-04:00
1,1,1,1,0,1,2021-12-13 15:44:44-04:00
0,1,0,0,0,1,2021-12-13 15:45:26-04:00
0,0,0,0,0,0,2021-12-13 15:56:12-04:00
1,1,1,1,0,1,2021-12-13 16:09:11-04:00
1,2,1,1,0,2,2021-12-13 16:22:24-04:00
0,0,0,0,0,0,2021-12-13 16:22:41-04:00
1,1,0,0,0,0,2021-12-13 16:27:25-04:00
1,1,1,1,0,1,2021-12-13 16:39:26-04:00
0,1,0,0,0,1,2021-12-13 16:47:47-04:00
1,1,0,0,0,0,2021-12-13 23:23:45-04:00
0,0,0,0,0,0,2021-12-13 23:24:09-04:00
0,0,0,0,0,0,2021-12-13 23:47:20-04:00
0,1,0,0,0,1,2021-12-13 23:52:55-04:00
1,1,0,0,0,0,2021-12-14 00:03:58-04:00
1,1,0,0,0,0,2021-12-14 00:08:43-04:00
0,0,0,0,0,0,2021-12-14 00:29:29-04:00
0,0,0,0,0,0,2021-12-14 00:41:45-04:00
0,0,0,0,0,0,2021-12-14 00:47:48-04:00
0,0,0,0,0,0,2021-12-14 20:54:22-04:00
0,0,0,0,0,0,2021-12-14 21:01:12-04:00
0,0,0,0,0,0,2021-12-14 21:13:58-04:00
0,0,0,0,0,0,2021-12-14 21:44:16-04:00
0,0,0,0,0,0,2021-12-14 21:53:20-04:00
1,2,0,0,0,1,2021-12-15 22:49:16-04:00
0,0,0,0,0,0,2021-12-15 22:49:52-04:00
0,1,0,0,0,1,2021-12-15 22:58:29-04:00
0,1,0,0,0,1,2021-12-15 23:08:01-04:00
0,1,0,0,0,1,2021-12-15 23:10:30-04:00
0,1,0,0,0,1,2021-12-15 23:19:15-04:00
0,1,0,0,0,1,2021-12-15 23:22:29-04:00
0,1,0,0,0,1,2021-12-15 23:25:09-04:00
0,1,0,0,0,1,2021-12-15 23:38:05-04:00
1,1,0,0,0,0,2021-12-15 23:45:00-04:00
0,0,0,0,0,0,2021-12-16 17:14:03-04:00
0,1,0,0,0,1,2021-12-16 17:20:32-04:00
2,3,1,1,0,2,2021-12-27 14:32:53-04:00
0,0,0,0,0,0,2021-12-27 14:33:12-04:00
0,1,0,0,0,1,2021-12-27 14:38:21-04:00
0,0,0,0,0,0,2021-12-27 14:57:19-04:00
0,1,0,0,0,1,2021-12-27 16:20:53-04:00
0,1,0,0,0,1,2021-12-28 12:00:41-04:00
0,1,0,0,0,1,2021-12-28 12:06:49-04:00
0,0,0,0,0,0,2021-12-28 12:08:31-04:00
0,0,0,0,0,0,2021-12-28 12:12:29-04:00
0,0,0,0,0,0,2021-12-28 12:12:46-04:00
0,0,0,0,0,0,2021-12-28 12:12:59-04:00
0,0,0,0,0,0,2021-12-28 12:17:15-04:00
0,0,0,0,0,0,2021-12-28 12:27:19-04:00
0,0,0,0,0,0,2022-01-01 16:12:01-04:00
0,0,0,0,0,0,2022-01-01 16:15:46-04:00
0,0,0,0,0,0,2022-01-01 16:19:40-04:00
0,0,0,0,0,0,2022-01-01 16:24:29-04:00
0,0,0,0,0,0,2022-01-01 16:26:44-04:00
0,0,0,0,0,0,2022-01-01 16:31:16-04:00
0,0,0,0,0,0,2022-01-01 16:34:46-04:00
0,0,0,0,0,0,2022-01-03 10:30:51-03:00
0,1,0,0,0,1,2022-01-06 12:27:36-04:00
0,0,0,0,0,0,2022-01-06 13:28:03-03:00
0,0,0,0,0,0,2022-01-06 12:29:41-04:00
0,0,0,0,0,0,2022-01-06 12:33:46-04:00
0,0,0,0,0,0,2022-01-06 12:37:50-04:00
0,1,0,0,0,1,2022-01-07 04:05:42-04:00
0,0,0,0,0,0,2022-01-07 11:42:32-03:00
0,1,0,0,0,1,2022-01-08 09:47:29-04:00
0,0,0,0,0,0,2022-01-08 09:53:39-04:00
0,0,0,0,0,0,2022-01-08 09:56:30-04:00
0,0,0,0,0,0,2022-01-08 10:01:45-04:00
0,0,0,0,0,0,2022-01-08 10:02:31-04:00
0,1,0,0,0,1,2022-01-08 10:05:45-04:00
0,0,0,0,0,0,2022-01-08 11:06:10-03:00
0,0,0,0,0,0,2022-01-11 10:17:18-08:00
0,1,0,0,0,1,2022-01-12 21:53:18-04:00
0,0,0,0,0,0,2022-01-12 21:57:13-04:00
0,0,0,0,0,0,2022-01-12 21:58:11-04:00
0,0,0,0,0,0,2022-01-12 18:03:07-08:00
0,0,0,0,0,0,2022-01-12 18:04:09-08:00
0,0,0,0,0,0,2022-01-12 23:39:54-04:00
0,0,0,0,0,0,2022-01-12 23:45:39-04:00
0,0,0,0,0,0,2022-01-12 23:55:03-04:00
0,0,0,0,0,0,2022-01-13 00:35:54-04:00
0,0,0,0,0,0,2022-01-12 20:36:16-08:00
1,1,1,1,0,1,2022-01-13 00:38:10-04:00
0,1,0,0,0,1,2022-01-13 00:39:42-04:00
0,1,0,0,0,1,2022-01-13 00:41:18-04:00
0,0,0,0,0,0,2022-01-13 00:45:06-04:00
0,0,0,0,0,0,2022-01-12 20:53:57-08:00
0,0,0,0,0,0,2022-01-13 00:59:43-04:00
0,0,0,0,0,0,2022-01-13 01:04:56-04:00
1,1,1,1,0,1,2022-01-13 01:06:09-04:00
0,0,0,0,0,0,2022-01-13 01:07:29-04:00
0,0,0,0,0,0,2022-01-13 01:12:04-04:00
0,0,0,0,0,0,2022-01-13 01:16:15-04:00
0,0,0,0,0,0,2022-01-13 01:19:52-04:00
1,1,1,1,0,1,2022-01-13 01:26:29-04:00
0,0,0,0,0,0,2022-01-13 01:27:57-04:00
0,1,0,0,0,1,2022-01-13 01:30:06-04:00
0,0,0,0,0,0,2022-01-13 01:36:52-04:00
0,0,0,0,0,0,2022-01-13 01:46:43-04:00
0,0,0,0,0,0,2022-01-13 01:49:40-04:00
0,0,0,0,0,0,2022-01-13 01:55:35-04:00
0,1,0,0,0,1,2022-01-13 02:05:27-04:00
0,1,0,0,0,1,2022-01-13 02:09:59-04:00
0,1,0,0,0,1,2022-01-13 13:53:55-04:00
0,0,0,0,0,0,2022-01-13 12:22:39-08:00
0,1,0,0,0,1,2022-01-13 16:37:10-04:00
0,1,0,0,0,1,2022-01-13 22:14:50-04:00
0,0,0,0,0,0,2022-01-13 22:27:52-04:00
0,0,0,0,0,0,2022-01-13 22:32:54-04:00
0,0,0,0,0,0,2022-01-13 22:37:15-04:00
0,0,0,0,0,0,2022-01-13 22:48:56-04:00
0,0,0,0,0,0,2022-01-13 22:52:33-04:00
0,0,0,0,0,0,2022-01-13 22:58:16-04:00
0,0,0,0,0,0,2022-01-14 15:04:23-08:00
0,1,0,0,0,1,2022-01-14 19:09:42-04:00
0,1,0,0,0,1,2022-01-14 19:13:02-04:00
0,0,0,0,0,0,2022-01-14 21:36:57-04:00
0,0,0,0,0,0,2022-01-14 21:49:39-04:00
0,0,0,0,0,0,2022-01-14 21:59:13-04:00
0,0,0,0,0,0,2022-01-14 22:15:04-04:00
0,0,0,0,0,0,2022-01-14 22:29:59-04:00
0,0,0,0,0,0,2022-01-17 22:47:57-04:00
0,0,0,0,0,0,2022-01-17 19:47:19-08:00
0,0,0,0,0,0,2022-01-18 10:37:52-08:00
1,2,1,1,0,2,2022-01-18 14:41:24-04:00
1,1,0,0,0,0,2022-01-18 14:42:23-04:00
0,0,0,0,0,0,2022-01-18 14:42:52-04:00
1,1,1,1,0,1,2022-01-18 14:49:26-04:00
1,1,0,0,0,0,2022-01-18 15:14:24-04:00
0,1,0,0,0,1,2022-01-18 18:53:51-04:00
0,1,0,0,0,1,2022-01-18 19:16:47-04:00
0,0,0,0,0,0,2022-01-18 19:21:36-04:00
0,0,0,0,0,0,2022-01-18 15:27:39-08:00
0,1,0,0,0,1,2022-01-18 19:30:51-04:00
0,1,0,0,0,1,2022-01-18 19:48:43-04:00
1,1,1,1,0,1,2022-01-18 19:49:18-04:00
1,1,0,0,0,0,2022-01-18 19:49:50-04:00
0,0,0,0,0,0,2022-01-25 08:58:23-04:00
0,1,0,0,0,1,2022-01-25 09:10:17-04:00
0,1,0,0,0,1,2022-02-25 10:27:29-04:00
0,0,0,0,0,0,2022-02-25 10:55:30-04:00
0,1,0,0,0,1,2022-03-04 17:17:08-04:00
0,0,0,0,0,0,2022-03-04 17:18:05-04:00
0,0,0,0,0,0,2022-03-04 17:19:26-04:00
1,1,1,1,0,1,2022-03-04 17:35:17-04:00
0,0,0,0,0,0,2022-03-04 17:40:50-04:00
1,1,1,1,0,1,2022-03-04 17:52:42-04:00
0,0,0,0,0,0,2022-03-05 10:05:55-04:00
1,1,1,1,0,1,2022-03-05 11:30:50-04:00
0,0,0,0,0,0,2022-03-05 14:25:49-04:00
0,0,0,0,0,0,2022-03-05 14:53:14-04:00
0,0,0,0,0,0,2022-03-05 15:11:31-04:00
0,0,0,0,0,0,2022-03-05 20:33:40-04:00
0,0,0,0,0,0,2022-03-05 20:39:23-04:00
0,0,0,0,0,0,2022-03-06 22:28:50-03:00
0,1,0,0,0,1,2022-03-07 20:56:13-04:00
0,0,0,0,0,0,2022-03-12 10:46:05-04:00
0,0,0,0,0,0,2022-03-12 10:46:37-04:00
0,0,0,0,0,0,2022-03-12 10:46:45-04:00
0,0,0,0,0,0,2022-03-12 10:46:59-04:00
0,0,0,0,0,0,2022-03-12 10:47:09-04:00
0,0,0,0,0,0,2022-03-12 10:47:21-04:00
0,0,0,0,0,0,2022-03-12 10:47:31-04:00
0,0,0,0,0,0,2022-03-12 10:47:40-04:00
0,0,0,0,0,0,2022-03-12 10:47:49-04:00
0,0,0,0,0,0,2022-03-12 10:48:04-04:00
0,0,0,0,0,0,2022-03-12 10:48:15-04:00
0,0,0,0,0,0,2022-03-12 10:48:25-04:00
0,0,0,0,0,0,2022-03-12 10:50:08-04:00
0,0,0,0,0,0,2022-03-12 10:51:31-04:00
0,0,0,0,0,0,2022-03-12 10:51:39-04:00
0,0,0,0,0,0,2022-03-12 10:51:44-04:00
0,0,0,0,0,0,2022-03-12 10:51:53-04:00
0,0,0,0,0,0,2022-03-12 10:51:59-04:00
0,0,0,0,0,0,2022-03-12 10:52:06-04:00
0,0,0,0,0,0,2022-03-12 10:52:12-04:00
0,0,0,0,0,0,2022-03-12 10:52:18-04:00
0,0,0,0,0,0,2022-03-12 10:52:30-04:00
0,0,0,0,0,0,2022-03-12 12:13:28-03:00
