Acquisition,Preparation,Modeling,Training,Evaluation,Prediction,time
0,0,0,0,0,0,2020-06-01 20:13:22-03:00
0,0,0,0,0,0,2020-06-01 20:16:30-03:00
0,0,0,0,0,0,2020-06-02 19:06:54-03:00
1,4,0,0,0,0,2020-06-02 19:40:13-03:00
0,0,0,0,0,0,2020-06-02 19:40:29-03:00
0,0,0,0,0,0,2020-06-02 19:42:05-03:00
0,0,0,0,0,0,2020-06-03 18:31:56-03:00
0,0,0,0,0,0,2020-06-07 20:41:28-03:00
0,0,0,0,0,0,2020-06-07 20:42:18-03:00
0,0,0,0,0,0,2020-06-11 11:30:50-03:00
0,1,0,0,0,0,2020-07-06 20:33:45-03:00
0,0,0,0,0,0,2020-07-07 21:45:49-03:00
0,0,0,0,0,0,2020-07-07 21:58:26-03:00
0,0,0,0,0,0,2020-07-15 19:45:03-03:00
0,0,0,0,0,0,2020-07-29 21:35:18-03:00
0,0,0,0,0,0,2020-07-30 22:04:22-03:00
1,1,0,0,0,0,2020-08-04 21:02:53-03:00
0,0,0,0,0,0,2020-08-04 21:05:14-03:00
0,0,0,0,0,0,2020-08-05 00:14:01+00:00
0,0,0,0,0,0,2020-08-04 21:26:23-03:00
1,1,0,0,0,0,2020-08-05 21:26:50-03:00
2,1,0,0,0,0,2020-08-23 15:03:37-03:00
0,0,0,0,0,0,2020-09-12 18:28:32-03:00
0,0,0,0,0,0,2020-09-12 18:32:57-03:00
0,0,0,0,0,0,2020-09-12 20:52:21-03:00
0,0,0,0,0,0,2020-09-12 21:16:59-03:00
0,0,0,0,0,0,2020-09-12 21:17:09-03:00
0,0,0,0,0,0,2020-09-13 12:52:37-03:00
2,4,0,0,0,0,2020-09-19 14:42:58-03:00
0,0,0,0,0,0,2020-09-19 14:43:22-03:00
0,0,0,0,0,0,2020-09-26 23:08:54-03:00
0,1,0,0,0,0,2020-09-26 23:09:58-03:00
0,0,0,0,0,0,2020-09-26 23:11:45-03:00
0,0,0,0,0,0,2020-09-27 01:07:42-03:00
0,0,0,0,0,0,2020-09-27 01:07:55-03:00
0,0,0,0,0,0,2020-09-27 01:08:54-03:00
0,0,0,0,0,0,2020-09-27 11:01:55-03:00
0,0,0,0,0,0,2020-09-27 11:02:21-03:00
0,0,0,0,0,0,2020-09-27 11:03:52-03:00
1,0,0,0,0,0,2020-09-27 11:10:12-03:00
0,0,0,0,0,0,2020-09-27 14:47:40-03:00
0,0,0,0,0,0,2020-09-27 22:03:43-03:00
0,0,0,0,0,0,2020-10-26 22:16:34-03:00
0,0,0,0,0,0,2020-10-27 21:44:36-03:00
0,0,0,0,0,0,2020-10-31 23:06:05-03:00
0,0,0,0,0,0,2020-10-31 23:08:18-03:00
0,0,0,0,0,0,2020-11-03 22:14:10-03:00
2,0,0,0,0,0,2020-11-03 22:14:32-03:00
0,0,0,0,0,0,2020-11-04 15:04:56-03:00
1,2,1,0,0,0,2020-11-04 15:07:24-03:00
0,1,0,0,0,0,2020-11-04 20:47:40-03:00
0,0,0,0,0,0,2020-11-04 20:51:23-03:00
0,0,0,0,0,0,2020-11-05 09:40:32-03:00
0,0,0,0,0,0,2020-11-10 22:51:58-03:00
0,0,0,0,0,0,2020-11-13 18:56:18-03:00
9,15,1,0,0,0,2020-11-18 11:31:08-03:00
9,13,0,0,0,0,2020-11-18 11:31:29-03:00
0,0,0,0,0,0,2020-11-19 22:39:00-03:00
0,2,1,0,0,0,2020-11-19 22:47:47-03:00
0,0,0,0,0,0,2020-12-01 20:45:41-03:00
0,0,0,0,0,0,2020-12-09 21:03:40-03:00
0,0,0,0,0,0,2020-12-22 22:46:53-03:00
0,0,0,0,0,0,2020-12-26 22:38:10-03:00
0,0,0,0,0,0,2020-12-28 21:05:36-03:00
0,0,0,0,0,0,2020-12-29 19:03:01-03:00
0,0,0,0,0,0,2020-12-30 22:46:45-03:00
0,0,0,0,0,0,2020-12-31 09:46:10-03:00
0,0,0,0,0,0,2021-01-02 23:00:51-03:00
0,0,0,0,0,0,2021-01-03 20:12:49-03:00
0,0,0,0,0,0,2021-01-03 20:13:09-03:00
0,0,0,0,0,0,2021-01-03 20:13:31-03:00
0,0,0,0,0,0,2021-01-04 20:49:55-03:00
0,0,0,0,0,0,2021-01-05 19:52:56-03:00
0,0,0,0,0,0,2021-01-05 22:50:14-03:00
0,0,0,0,0,0,2021-01-05 22:55:11-03:00
0,0,0,0,0,0,2021-01-05 23:11:22-03:00
0,0,0,0,0,0,2021-01-16 21:52:43-03:00
1,1,1,1,0,1,2021-01-18 22:35:03-03:00
1,6,0,0,1,0,2021-01-18 22:36:55-03:00
1,2,0,0,0,0,2021-01-18 22:40:54-03:00
0,0,0,0,0,0,2021-01-18 22:43:14-03:00
0,76,0,0,0,0,2021-01-18 22:46:16-03:00
0,0,0,0,0,0,2021-02-26 03:09:02+00:00
0,0,0,0,0,0,2021-02-26 03:09:40+00:00
0,0,0,0,0,0,2021-03-20 05:29:42+00:00
0,0,0,0,0,0,2021-03-22 10:20:16-03:00
0,0,0,0,0,0,2021-03-22 10:20:27-03:00
0,0,0,0,0,0,2021-03-22 10:20:40-03:00
0,0,0,0,0,0,2021-04-20 16:46:17+00:00
0,0,0,0,0,0,2021-04-20 17:01:23+00:00
0,0,0,0,0,0,2021-04-20 20:59:14+00:00
0,0,0,0,0,0,2021-04-25 12:38:13-03:00
0,0,0,0,0,0,2021-04-25 12:38:47-03:00
0,0,0,0,0,0,2021-04-25 12:41:00-03:00
0,0,0,0,0,0,2021-04-25 12:41:10-03:00
0,0,0,0,0,0,2021-05-13 20:44:08+00:00
0,0,0,0,0,0,2021-05-13 21:02:05+00:00
0,0,0,0,0,0,2021-05-13 21:12:32+00:00
0,0,0,0,0,0,2021-05-18 14:27:31-03:00
0,0,0,0,0,0,2021-05-18 14:27:45-03:00
0,0,0,0,0,0,2021-05-18 14:27:56-03:00
0,0,0,0,0,0,2021-06-10 15:50:07+00:00
0,0,0,0,0,0,2021-06-10 16:00:25+00:00
0,0,0,0,0,0,2021-06-10 16:12:06+00:00
0,0,0,0,0,0,2021-06-11 09:21:15-03:00
0,0,0,0,0,0,2021-06-11 09:21:26-03:00
0,0,0,0,0,0,2021-06-11 09:21:40-03:00
0,0,0,0,0,0,2021-09-06 14:02:42-03:00
0,0,0,0,0,0,2021-10-13 10:17:22-03:00
0,0,0,0,0,0,2021-10-13 13:28:04+00:00
0,0,0,0,0,0,2021-10-14 08:40:46-03:00
0,0,0,0,0,0,2021-10-16 15:34:44-03:00
0,0,0,0,0,0,2021-11-05 09:32:23-03:00
0,0,0,0,0,0,2021-12-13 21:01:13+00:00
0,0,0,0,0,0,2022-01-13 04:02:34+00:00
0,0,0,0,0,0,2022-01-17 09:17:39-03:00
0,0,0,0,0,0,2022-01-17 12:18:12+00:00
0,0,0,0,0,0,2022-01-17 09:20:38-03:00
0,0,0,0,0,0,2022-01-17 09:20:46-03:00
0,0,0,0,0,0,2022-01-17 09:21:03-03:00
0,0,0,0,0,0,2022-01-17 09:21:27-03:00
0,0,0,0,0,0,2022-01-17 12:21:32+00:00
0,0,0,0,0,0,2022-01-17 09:21:35-03:00
0,0,0,0,0,0,2022-01-17 12:21:50+00:00
0,0,0,0,0,0,2022-01-17 09:21:53-03:00
0,0,0,0,0,0,2022-01-17 09:22:05-03:00
0,0,0,0,0,0,2022-01-17 12:28:04+00:00
0,0,0,0,0,0,2022-02-03 16:20:32-03:00
0,0,0,0,0,0,2022-02-03 16:25:57-03:00
0,0,0,0,0,0,2022-02-07 08:21:43-03:00
0,0,0,0,0,0,2022-02-07 11:22:05+00:00
0,0,0,0,0,0,2022-02-07 11:22:05+00:00
0,0,0,0,0,0,2022-02-07 11:22:05+00:00
0,0,0,0,0,0,2022-02-07 11:22:06+00:00
0,0,0,0,0,0,2022-02-07 11:22:11+00:00
0,0,0,0,0,0,2022-02-07 11:22:11+00:00
0,0,0,0,0,0,2022-05-15 21:46:57-03:00
0,0,0,0,0,0,2022-05-15 21:47:19-03:00
0,0,0,0,0,0,2022-05-15 21:48:18-03:00
0,0,0,0,0,0,2022-05-15 21:48:26-03:00
0,0,0,0,0,0,2022-05-15 21:48:46-03:00
0,0,0,0,0,0,2022-05-15 21:48:59-03:00
0,0,0,0,0,0,2022-05-15 21:49:13-03:00
0,0,0,0,0,0,2022-06-01 23:57:42+00:00
0,0,0,0,0,0,2022-06-02 10:13:43-03:00
0,0,0,0,0,0,2022-06-03 17:48:30-03:00
0,0,0,0,0,0,2022-06-03 17:48:43-03:00
1,2,0,0,0,0,2022-06-03 17:50:11-03:00
0,0,0,0,0,0,2022-06-03 17:50:45-03:00
1,0,0,0,0,0,2022-06-03 17:51:51-03:00
0,0,0,0,0,0,2022-06-03 17:53:44-03:00
0,0,0,0,1,0,2022-06-03 17:54:13-03:00
0,0,0,0,0,0,2022-06-03 17:54:39-03:00
0,0,0,0,1,0,2022-06-03 17:55:50-03:00
0,0,0,0,0,0,2022-06-03 17:56:47-03:00
0,0,0,0,0,0,2022-06-21 17:03:15-03:00
