Acquisition,Preparation,Modeling,Training,Evaluation,Prediction,time
0,1,1,0,0,0,2020-06-26 20:59:38+08:00
0,1,0,1,0,1,2020-06-28 17:44:19+08:00
1,1,1,1,1,1,2020-06-29 00:34:36+08:00
0,0,0,0,0,0,2020-06-29 00:46:51+08:00
1,1,1,1,1,1,2020-07-11 00:32:27+08:00
1,1,1,1,1,0,2020-07-11 15:31:16+08:00
0,1,1,1,1,0,2020-07-19 23:29:18+08:00
0,1,0,0,1,0,2020-07-22 06:45:25+08:00
0,1,0,0,1,0,2020-07-22 07:30:56+08:00
0,1,1,0,1,0,2020-07-23 02:49:05+08:00
0,1,1,0,1,0,2020-07-23 19:13:32+08:00
0,0,0,0,0,0,2020-07-23 19:15:25+08:00
0,1,1,0,1,0,2020-07-24 06:12:03+08:00
0,2,2,1,2,0,2020-07-24 22:39:03+08:00
0,0,0,0,0,0,2020-07-24 22:39:18+08:00
0,1,1,1,1,1,2020-07-25 05:44:33+08:00
0,1,1,1,1,1,2020-07-25 22:32:51+08:00
0,1,1,1,1,1,2020-07-26 05:26:59+08:00
0,0,0,0,0,0,2020-07-26 10:30:32+08:00
0,0,0,0,0,0,2020-07-27 00:27:42+08:00
0,1,1,1,1,1,2020-07-27 03:41:57+08:00
0,0,0,0,0,0,2020-07-27 03:42:14+08:00
0,1,1,1,1,1,2020-07-29 05:00:39+08:00
1,1,1,1,1,1,2020-07-30 04:23:32+08:00
1,1,1,1,1,1,2020-07-30 04:31:00+08:00
0,0,0,0,0,0,2020-07-30 23:01:57+08:00
1,1,1,1,1,1,2020-08-01 04:40:31+08:00
1,1,1,1,1,1,2020-08-01 11:06:39+08:00
2,2,2,1,2,1,2020-08-03 00:07:06+08:00
2,2,1,1,2,1,2020-08-03 02:50:22+08:00
0,0,0,0,0,0,2020-08-03 02:51:27+08:00
1,2,0,0,1,0,2020-08-03 09:03:04+08:00
2,2,2,1,2,1,2020-08-10 08:51:29+08:00
0,0,0,0,0,0,2020-08-10 08:51:40+08:00
1,1,0,0,1,0,2020-08-10 15:35:34+08:00
1,1,1,0,1,0,2020-08-11 00:18:00+08:00
0,0,0,0,0,0,2020-08-11 00:18:06+08:00
0,0,0,0,0,0,2020-08-14 13:04:36+01:00
0,0,0,0,0,0,2020-08-14 13:13:29+01:00
0,0,0,0,0,0,2020-08-14 13:16:56+01:00
1,1,1,1,1,1,2020-08-14 20:43:36+08:00
0,0,0,0,0,0,2020-08-14 20:43:45+08:00
1,2,0,0,2,0,2020-08-14 22:52:12+08:00
0,0,0,0,0,0,2020-08-14 22:54:56+08:00
1,2,0,0,1,0,2020-08-15 21:09:20+08:00
2,2,1,1,2,1,2020-08-16 03:09:17+08:00
2,2,2,1,2,1,2020-08-16 19:53:08+08:00
0,0,0,0,0,0,2020-08-16 22:31:43+08:00
1,1,1,0,1,0,2020-08-17 10:03:22+08:00
1,1,1,0,1,0,2020-08-17 12:53:30+01:00
0,0,0,0,0,0,2020-08-17 12:56:01+01:00
3,3,2,2,2,2,2020-08-18 22:02:40+08:00
0,0,0,0,0,0,2020-08-18 22:03:16+08:00
1,1,1,1,1,1,2020-08-19 23:09:40+08:00
0,0,0,0,0,0,2020-08-21 16:37:11+01:00
5,3,2,1,4,1,2020-08-22 06:04:23+08:00
0,0,0,0,0,0,2020-08-22 06:04:32+08:00
0,0,0,0,0,0,2020-08-23 14:11:36+08:00
0,0,0,0,0,0,2020-08-23 14:14:08+08:00
3,1,0,0,2,0,2020-08-24 12:12:30+08:00
0,0,0,0,0,0,2020-08-24 12:12:40+08:00
0,0,0,0,0,0,2020-08-24 12:28:13+08:00
0,0,0,0,0,0,2020-08-24 12:34:17+08:00
10,12,8,7,10,5,2020-08-25 02:54:32+08:00
0,0,0,0,0,0,2020-08-25 02:59:00+08:00
3,1,0,0,2,0,2020-08-25 02:59:33+08:00
6,4,2,1,5,1,2020-08-25 03:00:05+08:00
0,0,0,0,0,0,2020-08-25 03:00:31+08:00
0,0,0,0,0,0,2020-08-25 03:02:32+08:00
1,1,1,0,1,0,2020-08-25 03:04:13+08:00
0,0,0,0,0,0,2020-08-25 03:14:04+08:00
0,0,0,0,0,0,2020-08-25 10:08:59+08:00
2,2,1,0,2,0,2020-08-25 10:18:06+08:00
0,0,0,0,0,0,2020-08-25 10:18:13+08:00
1,1,0,0,1,0,2020-08-25 10:49:13+08:00
1,1,1,0,1,0,2020-08-25 17:06:31+01:00
2,2,1,0,2,0,2020-08-29 02:29:55+08:00
3,3,2,1,3,1,2020-08-29 20:31:00+08:00
3,3,2,1,3,1,2020-09-02 10:28:23+08:00
2,2,2,1,2,1,2020-09-05 21:04:36+08:00
1,1,1,0,1,0,2020-09-08 15:32:44+08:00
2,2,2,1,2,1,2020-09-08 20:54:46+08:00
0,0,0,0,0,0,2020-09-08 20:57:40+08:00
0,0,0,0,0,0,2020-09-09 01:10:11+08:00
1,1,1,1,1,1,2020-09-09 22:42:03+08:00
0,0,0,0,0,0,2020-09-09 22:42:28+08:00
1,1,1,0,1,0,2020-09-11 13:19:52+08:00
1,1,1,1,1,1,2020-09-12 17:05:33+08:00
1,1,1,1,1,1,2020-09-12 17:08:34+08:00
1,1,1,1,1,1,2020-09-12 17:22:21+08:00
0,0,0,0,0,0,2020-09-13 13:36:13+01:00
0,0,0,0,0,0,2020-09-14 18:53:22+08:00
0,0,0,0,0,0,2020-09-14 18:53:41+08:00
1,1,0,0,1,0,2020-09-14 19:39:19+08:00
1,1,0,0,1,0,2020-09-14 19:45:19+08:00
0,0,0,0,0,0,2020-09-14 20:19:25+08:00
0,0,0,0,0,0,2020-09-14 20:25:07+08:00
1,1,1,1,1,1,2020-09-14 21:26:37+08:00
0,0,0,0,0,0,2020-09-14 21:27:30+08:00
0,0,0,0,0,0,2020-09-14 23:27:35+08:00
0,0,0,0,0,0,2020-09-15 05:50:32+08:00
0,0,0,0,0,0,2020-09-15 05:51:42+08:00
1,1,1,1,1,1,2020-09-15 19:51:40+08:00
1,1,1,1,1,1,2020-09-16 23:22:25+08:00
0,0,0,0,0,0,2020-09-17 14:57:11+01:00
0,0,0,0,0,0,2020-09-18 13:20:17+08:00
0,0,0,0,0,0,2020-09-18 13:25:35+08:00
1,1,1,1,1,1,2020-09-18 13:44:22+08:00
1,1,1,1,1,1,2020-09-19 21:19:42+08:00
0,0,0,0,0,0,2020-09-20 07:26:02+08:00
0,0,0,0,0,0,2020-09-20 07:26:07+08:00
1,1,1,1,1,1,2020-09-21 08:18:52+08:00
1,1,1,1,1,1,2020-09-22 16:14:22+08:00
1,1,1,1,1,1,2020-09-22 21:26:14+08:00
1,1,1,1,1,1,2020-09-23 00:39:50+08:00
1,1,1,1,1,1,2020-09-25 12:32:35+08:00
1,1,1,1,1,1,2020-09-28 18:45:11+08:00
2,2,2,1,2,1,2020-09-29 18:56:06+08:00
1,1,1,1,1,1,2020-10-05 11:05:25+08:00
1,1,1,1,1,1,2020-10-05 11:20:53+08:00
1,1,1,1,1,1,2020-10-05 11:33:38+08:00
1,1,1,1,1,1,2020-10-06 14:40:34+08:00
0,0,0,0,0,0,2020-10-06 18:36:59+08:00
0,0,0,0,0,0,2020-10-06 22:25:57+08:00
0,0,0,0,0,0,2020-10-07 00:09:35+08:00
1,1,1,1,1,1,2020-10-13 02:30:56+08:00
1,1,1,1,1,1,2020-10-13 21:10:00+08:00
1,1,1,1,1,1,2020-10-25 13:10:23+08:00
1,1,1,1,1,1,2020-11-02 03:09:25+08:00
1,1,1,1,1,1,2020-11-03 23:06:24+08:00
1,1,1,1,1,1,2020-11-04 04:32:22+08:00
1,1,1,1,1,1,2020-11-19 01:37:54+08:00
1,1,1,1,1,1,2020-11-21 13:16:44+08:00
0,0,0,0,0,0,2020-11-25 00:52:04+08:00
1,1,1,1,1,1,2020-11-28 12:49:06+08:00
0,0,0,0,0,0,2020-12-06 21:17:43+08:00
0,0,0,0,0,0,2020-12-06 21:18:58+08:00
0,0,0,0,0,0,2020-12-08 23:19:30+08:00
1,1,1,1,1,1,2020-12-22 21:05:21+08:00
0,0,0,0,0,0,2021-05-01 20:46:57+08:00
1,1,1,1,1,1,2021-05-02 03:15:52+08:00
0,0,0,0,0,0,2021-05-02 18:01:21+08:00
1,1,1,0,0,0,2021-05-02 20:10:40+08:00
1,1,1,0,0,0,2021-05-02 23:16:16+08:00
1,1,1,0,0,0,2021-05-05 23:01:36+08:00
1,1,1,1,1,1,2021-05-06 03:40:11+08:00
1,1,1,0,0,0,2021-05-09 18:59:10+08:00
1,1,1,0,0,0,2021-05-09 20:42:27+08:00
1,1,1,0,0,0,2021-05-09 21:57:23+08:00
1,1,1,0,0,1,2021-05-09 23:43:16+08:00
1,1,1,0,0,1,2021-05-16 01:42:46+08:00
1,1,1,0,1,1,2021-05-16 21:30:01+08:00
1,1,1,0,1,1,2021-05-17 21:47:52+08:00
1,1,1,0,1,1,2021-05-22 22:14:50+08:00
1,2,1,1,1,1,2021-05-23 22:45:44+08:00
1,1,1,0,1,0,2021-05-24 22:59:40+08:00
1,1,1,0,1,1,2021-05-25 01:08:35+08:00
1,1,1,0,1,1,2021-05-25 23:11:09+08:00
1,1,1,0,1,0,2021-05-26 08:10:50+08:00
1,1,1,0,1,0,2021-06-17 19:23:49+08:00
1,1,1,0,1,0,2021-06-19 18:28:19+08:00
2,2,2,0,2,0,2021-06-23 23:25:45+08:00
1,1,1,0,1,0,2021-06-26 00:58:55+08:00
1,1,1,0,1,0,2021-06-28 00:20:49+08:00
0,0,0,0,0,0,2021-06-28 00:22:47+08:00
1,1,1,0,1,0,2021-06-28 01:01:18+08:00
3,4,5,0,2,0,2021-06-28 17:32:59+01:00
0,0,0,0,0,0,2021-06-28 17:33:33+01:00
2,6,3,0,1,0,2021-06-28 17:34:56+01:00
0,0,0,0,0,0,2021-06-28 17:35:44+01:00
1,1,1,0,1,0,2021-06-28 17:36:09+01:00
0,0,0,0,0,0,2021-06-28 17:37:12+01:00
0,0,0,0,0,0,2021-06-28 17:39:52+01:00
0,0,0,0,0,0,2021-06-28 19:28:40+01:00
0,0,0,0,0,0,2021-06-28 19:49:01+01:00
0,0,0,0,0,0,2021-06-28 20:04:09+01:00
1,5,0,0,1,0,2021-06-28 20:54:34+01:00
1,2,1,0,1,0,2021-06-28 21:17:03+01:00
2,4,3,0,1,0,2021-06-28 22:02:06+01:00
0,1,0,0,0,0,2021-06-28 23:04:30+01:00
0,1,0,0,0,0,2021-06-30 16:52:51+01:00
0,0,0,0,0,0,2021-06-30 17:03:47+01:00
0,2,0,0,0,0,2021-07-01 12:11:02+01:00
0,1,0,0,0,0,2021-07-01 17:49:32+01:00
0,1,0,0,0,0,2021-07-01 20:50:35+01:00
1,3,1,0,0,0,2021-07-01 21:27:15+01:00
0,0,0,0,0,0,2021-07-01 22:47:06+01:00
0,0,0,0,0,0,2021-07-02 14:26:10+01:00
0,3,0,0,0,0,2021-07-02 15:07:31+01:00
0,0,0,0,0,0,2021-07-02 15:37:31+01:00
1,3,3,0,1,0,2021-07-05 13:10:52+01:00
0,0,0,0,0,0,2021-07-05 13:15:11+01:00
1,3,1,0,0,0,2021-07-05 15:10:31+01:00
1,4,2,0,0,0,2021-07-05 15:31:25+01:00
1,2,0,0,1,0,2021-07-05 15:49:54+01:00
0,0,0,0,0,0,2021-07-05 17:07:57+01:00
1,1,0,0,1,0,2021-07-05 18:01:53+01:00
1,6,1,0,1,0,2021-07-05 21:27:08+01:00
0,2,0,0,0,0,2021-07-05 20:32:29+01:00
0,1,0,0,0,0,2021-07-06 09:50:09+01:00
0,2,0,0,0,0,2021-07-06 13:32:47+01:00
0,0,0,0,0,0,2021-07-06 13:39:48+01:00
0,6,0,0,0,0,2021-07-06 20:13:30+01:00
0,0,0,0,0,0,2021-07-06 20:21:27+01:00
0,0,0,0,0,0,2021-07-07 07:33:07+01:00
0,0,0,0,0,0,2021-07-07 07:34:26+01:00
2,4,1,0,1,0,2021-07-07 12:30:21+01:00
1,1,1,0,0,0,2021-07-07 12:44:43+01:00
1,1,1,0,0,0,2021-07-07 12:20:10+01:00
1,1,1,0,0,0,2021-07-07 21:18:13+01:00
1,1,1,0,0,0,2021-07-08 07:47:46+01:00
0,0,0,0,0,0,2021-07-08 07:52:27+01:00
1,4,0,0,1,0,2021-07-08 12:08:17+01:00
0,1,0,0,0,0,2021-07-08 12:29:23+01:00
0,0,0,0,0,0,2021-07-08 12:34:39+01:00
1,4,0,0,1,0,2021-07-08 13:54:38+01:00
1,1,1,0,0,0,2021-07-07 12:03:03+01:00
0,1,1,0,0,0,2021-07-08 10:03:13+01:00
0,0,0,0,0,0,2021-07-08 13:06:19+01:00
0,0,0,0,0,0,2021-07-08 18:56:45+01:00
2,8,1,0,1,0,2021-07-08 19:20:33+01:00
0,1,0,0,0,0,2021-07-08 19:21:31+01:00
2,5,1,0,0,0,2021-07-09 08:46:28+01:00
0,0,0,0,0,0,2021-07-09 12:06:28+01:00
0,0,0,0,0,0,2021-07-09 12:09:36+01:00
0,1,0,0,0,0,2021-07-09 15:42:19+01:00
2,4,2,0,1,0,2021-07-09 18:19:14+01:00
1,2,0,0,1,0,2021-07-09 19:13:17+01:00
0,0,0,0,0,0,2021-07-15 13:11:07+01:00
0,0,0,0,0,0,2021-07-15 13:12:10+01:00
1,1,1,0,0,0,2021-07-23 11:31:37+01:00
0,1,0,0,0,0,2021-07-23 16:51:12+01:00
2,18,3,0,1,0,2021-07-29 10:32:42+01:00
1,8,2,0,0,0,2021-07-29 16:39:58+01:00
1,0,0,0,0,0,2021-07-30 10:16:08+01:00
1,1,1,0,0,0,2021-08-08 20:52:00+08:00
0,1,1,0,0,0,2021-08-08 22:27:58+08:00
0,0,0,0,0,0,2021-08-08 22:37:03+08:00
