Acquisition,Preparation,Modeling,Training,Evaluation,Prediction,time
0,0,0,0,0,0,2020-04-24 15:35:01-05:00
0,0,0,0,0,0,2020-04-27 14:02:59-04:00
0,0,0,0,0,0,2020-04-28 11:36:43-05:00
1,1,0,1,0,0,2020-04-28 20:58:45-04:00
0,0,0,0,0,0,2020-04-28 21:02:52-04:00
1,1,0,0,0,1,2020-04-29 09:16:54-04:00
0,0,0,0,0,0,2020-04-29 11:12:50-04:00
0,1,0,0,0,1,2020-04-29 12:26:45-04:00
0,1,0,0,0,1,2020-04-29 12:36:24-04:00
0,1,0,0,0,1,2020-04-29 12:57:53-04:00
0,0,0,0,0,0,2020-04-29 13:20:02-04:00
0,0,0,0,0,0,2020-04-29 13:25:33-04:00
0,0,0,0,0,0,2020-04-29 13:28:44-04:00
0,0,0,0,0,0,2020-04-29 13:30:54-04:00
0,0,0,0,0,0,2020-04-29 13:33:02-04:00
0,0,0,0,0,0,2020-04-29 13:33:50-04:00
0,0,0,0,0,0,2020-04-29 13:35:08-04:00
1,1,0,1,0,0,2020-04-29 13:40:13-04:00
0,0,0,0,0,0,2020-04-29 13:40:54-04:00
1,1,0,1,0,0,2020-04-29 13:42:53-04:00
0,1,0,0,0,1,2020-04-29 16:58:37-04:00
0,1,0,0,0,1,2020-04-29 17:03:12-04:00
0,0,0,0,0,0,2020-04-29 17:40:07-04:00
0,0,0,0,0,0,2020-04-29 17:41:14-04:00
0,1,0,0,0,1,2020-04-29 18:54:56-04:00
0,0,0,0,0,0,2020-04-29 19:04:21-04:00
0,0,0,0,0,0,2020-04-29 19:31:51-04:00
0,0,0,0,0,0,2020-04-29 19:34:16-04:00
0,0,0,0,0,0,2020-04-29 19:36:09-04:00
0,0,0,0,0,0,2020-04-29 19:42:09-04:00
1,0,0,0,0,0,2020-04-29 19:46:25-04:00
1,0,0,0,0,0,2020-04-29 19:53:53-04:00
0,0,0,0,0,0,2020-04-29 20:02:28-04:00
0,1,0,0,0,1,2020-04-29 22:49:32-04:00
0,0,0,0,0,0,2020-04-29 23:21:37-04:00
0,0,0,0,0,0,2020-04-29 23:42:04-04:00
0,0,0,0,0,0,2020-04-29 23:43:35-04:00
0,0,0,0,0,0,2020-04-29 23:57:01-04:00
0,0,0,0,0,0,2020-04-29 23:59:18-04:00
0,0,0,0,0,0,2020-04-30 00:01:09-04:00
0,0,0,0,0,0,2020-04-30 00:11:22-04:00
0,1,0,0,0,1,2020-04-30 00:20:52-04:00
0,1,0,0,0,1,2020-04-30 00:49:17-04:00
0,0,0,0,0,0,2020-04-30 01:40:19-04:00
0,0,0,0,0,0,2020-04-30 01:46:36-04:00
0,1,0,0,0,1,2020-04-30 08:44:05-04:00
0,0,0,0,0,0,2020-04-30 09:16:39-04:00
0,1,0,0,0,1,2020-04-30 09:54:06-04:00
0,0,0,0,0,0,2020-04-30 10:00:57-04:00
0,0,0,0,0,0,2020-04-30 10:40:21-04:00
0,0,0,0,0,0,2020-04-30 10:45:55-04:00
0,1,0,0,0,1,2020-04-30 11:12:58-04:00
0,0,0,0,0,0,2020-04-30 11:26:31-04:00
0,0,0,0,0,0,2020-04-30 11:30:35-04:00
0,1,0,0,0,1,2020-04-30 12:37:58-04:00
0,1,0,0,0,1,2020-04-30 13:01:33-04:00
0,1,0,1,0,1,2020-04-30 13:36:02-04:00
1,1,0,1,0,1,2020-04-30 14:05:06-04:00
0,0,0,0,0,0,2020-04-30 14:15:04-04:00
0,0,0,0,0,0,2020-04-30 14:30:16-04:00
0,0,0,0,0,0,2020-04-30 14:37:23-04:00
0,0,0,0,0,0,2020-04-30 14:40:54-04:00
0,0,0,0,0,0,2020-04-30 14:45:43-04:00
0,0,0,0,0,0,2020-04-30 15:15:18-04:00
1,1,0,0,0,1,2020-04-30 15:37:30-04:00
1,1,0,0,0,1,2020-04-30 15:40:06-04:00
1,1,0,0,0,1,2020-04-30 15:51:26-04:00
0,0,0,0,0,0,2020-04-30 15:56:18-04:00
1,1,0,0,0,1,2020-04-30 17:22:07-04:00
1,1,0,0,0,1,2020-04-30 17:29:46-04:00
1,1,0,0,0,1,2020-04-30 17:34:55-04:00
0,0,0,0,0,0,2020-04-30 22:25:18-04:00
0,0,0,0,0,0,2020-04-30 23:10:28-04:00
1,1,0,0,0,1,2020-05-01 00:14:11-04:00
0,0,0,0,0,0,2020-05-01 00:23:03-04:00
0,0,0,0,0,0,2020-05-01 00:25:45-04:00
0,0,0,0,0,0,2020-05-01 00:50:17-04:00
0,0,0,0,0,0,2020-05-01 00:59:21-04:00
0,0,0,0,0,0,2020-05-01 01:01:23-04:00
0,0,0,0,0,0,2020-05-01 01:25:58-04:00
1,1,0,1,0,0,2020-05-01 10:36:14-04:00
0,0,0,0,0,0,2020-05-01 10:37:04-04:00
1,1,0,1,0,0,2020-05-01 08:45:03-07:00
