Acquisition,Preparation,Modeling,Training,Evaluation,Prediction,time
0,0,0,0,0,0,2018-11-10 02:19:39-05:00
0,0,0,0,0,0,2018-11-10 02:32:56-05:00
0,0,0,0,0,0,2018-11-10 04:21:49-05:00
0,0,0,0,0,0,2018-11-10 04:22:03-05:00
0,0,0,0,0,0,2018-11-10 14:13:25-05:00
0,0,0,0,0,0,2018-11-10 14:27:03-05:00
0,0,0,0,0,0,2018-11-11 01:12:41-05:00
0,0,0,0,0,0,2018-11-11 01:13:27-05:00
0,0,0,0,0,0,2018-11-11 01:14:44-05:00
0,0,0,0,0,0,2018-11-11 02:10:03-05:00
0,0,0,0,0,0,2018-11-11 20:42:18-05:00
0,0,0,0,0,0,2018-11-11 20:50:35-05:00
0,0,0,0,0,0,2018-11-11 20:52:00-05:00
0,0,0,0,0,0,2018-11-11 20:59:25-05:00
0,0,0,0,0,0,2018-11-13 00:56:34-05:00
0,0,0,0,0,0,2018-11-13 19:24:47-05:00
0,0,0,0,0,0,2019-02-17 00:07:47-05:00
0,0,0,0,0,0,2019-02-17 00:44:28-05:00
0,0,0,0,0,0,2019-02-17 00:48:13-05:00
0,0,0,0,0,0,2019-02-17 00:55:56-05:00
0,0,0,0,0,0,2019-02-17 22:41:52-05:00
1,1,0,0,0,0,2019-02-17 22:44:00-05:00
0,0,0,0,0,0,2019-02-17 22:46:43-05:00
0,0,0,0,0,0,2019-02-17 22:49:16-05:00
0,0,0,0,0,0,2019-02-17 22:53:55-05:00
0,0,0,0,0,0,2019-02-17 22:54:27-05:00
0,0,0,0,0,0,2019-02-17 23:04:04-05:00
0,0,0,0,0,0,2019-02-17 23:05:39-05:00
0,0,0,0,0,0,2019-02-17 23:08:20-05:00
0,0,0,0,0,0,2019-02-17 23:09:02-05:00
0,0,0,0,0,0,2019-02-17 23:09:30-05:00
0,0,0,0,0,0,2019-02-17 23:09:58-05:00
0,0,0,0,0,0,2019-02-17 23:12:21-05:00
0,0,0,0,0,0,2019-02-17 23:13:05-05:00
0,0,0,0,0,0,2019-02-17 23:16:41-05:00
0,0,0,0,0,0,2019-02-17 23:17:45-05:00
0,0,0,0,0,0,2019-02-17 23:21:12-05:00
0,0,0,0,0,0,2019-02-17 23:50:58-05:00
0,0,0,0,0,0,2019-02-17 23:59:37-05:00
0,0,0,0,0,0,2019-02-18 00:00:18-05:00
0,0,0,0,0,0,2019-02-18 00:00:52-05:00
0,0,0,0,0,0,2019-02-18 00:06:17-05:00
0,0,0,0,0,0,2019-02-18 00:07:11-05:00
0,0,0,0,0,0,2019-02-18 00:07:46-05:00
0,0,0,0,0,0,2019-02-18 00:25:18-05:00
0,0,0,0,0,0,2019-02-18 00:25:31-05:00
0,0,0,0,0,0,2019-02-18 01:21:00-05:00
0,0,0,0,0,0,2019-02-18 06:48:14-05:00
2,3,2,1,1,0,2019-02-19 16:58:10-05:00
0,0,0,0,0,0,2019-02-19 16:58:30-05:00
0,0,0,0,0,0,2019-02-19 17:06:51-05:00
0,0,0,0,0,0,2019-02-19 17:07:20-05:00
0,0,0,0,0,0,2019-02-19 17:09:48-05:00
0,0,0,0,0,0,2019-02-19 17:21:35-05:00
0,0,0,0,0,0,2019-02-19 17:26:11-05:00
0,0,0,0,0,0,2019-02-19 17:28:49-05:00
0,0,0,0,0,0,2019-02-19 17:32:00-05:00
0,0,0,0,0,0,2019-02-19 17:39:27-05:00
0,0,0,0,0,0,2019-02-19 17:41:27-05:00
0,0,0,0,0,0,2019-02-19 17:44:49-05:00
0,0,0,0,0,0,2019-02-19 17:45:34-05:00
0,0,0,0,0,0,2019-02-19 17:46:44-05:00
0,0,0,0,0,0,2019-02-19 17:47:24-05:00
0,0,0,0,0,0,2019-02-19 19:01:04-05:00
1,2,2,1,2,0,2019-02-19 20:31:26-05:00
0,0,0,0,0,0,2019-02-19 20:31:55-05:00
0,0,0,0,0,0,2019-02-19 20:32:39-05:00
0,0,0,0,0,0,2019-02-19 20:41:40-05:00
0,0,0,0,0,0,2019-02-19 20:43:19-05:00
0,0,0,0,0,0,2019-02-19 20:45:35-05:00
0,0,0,0,0,0,2019-02-19 20:48:12-05:00
0,0,0,0,0,0,2019-02-19 20:49:29-05:00
0,0,0,0,0,0,2019-02-19 20:51:22-05:00
0,0,0,0,0,0,2019-02-19 20:52:30-05:00
0,0,0,0,0,0,2019-02-19 22:11:54-05:00
0,0,0,0,0,0,2019-02-19 22:13:24-05:00
0,0,0,0,0,0,2019-02-19 22:17:27-05:00
0,0,0,0,0,0,2019-02-20 00:50:54-05:00
0,0,0,0,0,0,2019-02-20 00:53:34-05:00
0,0,0,0,0,0,2019-02-20 23:55:21-05:00
0,0,0,0,0,0,2019-02-21 00:17:56-05:00
2,2,2,1,2,0,2019-02-21 13:49:29+08:00
0,0,0,0,0,0,2019-02-21 13:51:45+08:00
0,0,0,0,0,0,2019-02-21 00:55:03-05:00
0,0,0,0,0,0,2019-02-21 00:55:40-05:00
0,0,0,0,0,0,2019-02-21 00:56:17-05:00
0,0,0,0,0,0,2019-02-21 14:16:55+08:00
0,0,0,0,0,0,2019-02-21 01:36:40-05:00
0,0,0,0,0,0,2019-02-21 15:37:31-05:00
0,0,0,0,0,0,2019-02-21 23:06:34-05:00
0,0,0,0,0,0,2019-02-21 23:07:22-05:00
0,0,0,0,0,0,2019-02-24 15:38:47-05:00
0,0,0,0,0,0,2019-08-13 22:56:47-04:00
0,0,0,0,0,0,2019-08-13 22:57:15-04:00
0,0,0,0,0,0,2019-08-13 22:58:52-04:00
0,0,0,0,0,0,2019-08-14 16:01:16-04:00
0,0,0,0,0,0,2019-10-27 15:14:52-04:00
0,0,0,0,0,0,2019-10-27 15:15:30-04:00
0,0,0,0,0,0,2019-10-27 15:16:01-04:00
0,1,1,0,0,0,2021-02-28 16:28:26+08:00
