Acquisition,Preparation,Modeling,Training,Evaluation,Prediction,time
0,0,0,0,0,0,2021-06-09 14:36:29-10:00
2,4,1,3,0,0,2021-06-10 09:17:09-06:00
3,2,1,1,0,1,2021-06-11 08:56:16-06:00
0,0,0,0,0,0,2021-06-11 08:59:52-06:00
1,7,0,0,0,0,2021-08-03 12:09:22-06:00
0,3,0,0,0,0,2021-08-03 15:25:08-06:00
0,0,0,0,0,0,2021-08-03 15:41:11-06:00
0,1,0,0,0,0,2021-08-04 12:55:22+04:18
0,0,0,0,0,0,2021-08-04 12:56:22+04:18
0,1,0,0,0,0,2021-08-04 13:00:56+04:18
0,1,0,0,0,0,2021-08-04 13:07:04+04:18
0,0,0,0,0,0,2021-08-12 12:48:24-06:00
0,0,0,0,0,0,2021-08-12 12:51:37-06:00
0,3,0,0,0,0,2021-08-12 12:56:42-06:00
0,1,0,0,0,0,2021-08-20 13:54:07-06:00
0,0,0,0,0,0,2021-09-24 11:16:01-06:00
0,0,0,0,0,0,2021-09-24 11:17:29-06:00
0,0,0,0,0,0,2021-09-30 12:59:24-06:00
0,0,0,0,0,0,2021-10-04 02:03:37+03:18
0,0,0,0,0,0,2021-10-04 02:21:40+03:18
0,0,0,0,0,0,2021-10-04 02:47:40+03:18
0,0,0,0,0,0,2021-10-07 04:24:54-06:00
0,0,0,0,0,0,2021-10-07 04:34:57-06:00
0,0,0,0,0,0,2021-10-07 04:36:03-06:00
0,0,0,0,0,0,2021-10-07 04:38:26-06:00
0,0,0,0,0,0,2021-10-07 14:11:11+03:18
0,0,0,0,0,0,2021-10-07 04:58:47-06:00
0,0,0,0,0,0,2021-10-07 14:18:20+03:18
0,0,0,0,0,0,2021-10-07 14:18:23+03:18
0,0,0,0,0,0,2021-10-07 05:07:54-06:00
0,0,0,0,0,0,2021-10-07 14:36:00+03:18
0,0,0,0,0,0,2021-10-07 05:43:10-06:00
0,0,0,0,0,0,2021-10-07 06:00:20-06:00
0,0,0,0,0,0,2021-10-07 06:01:06-06:00
0,0,0,0,0,0,2021-10-07 06:33:55-06:00
0,0,0,0,0,0,2021-10-07 06:39:09-06:00
0,0,0,0,0,0,2021-10-07 06:46:05-06:00
0,0,0,0,0,0,2021-10-07 07:05:29-06:00
0,0,0,0,0,0,2021-10-07 07:09:36-06:00
0,0,0,0,0,0,2021-10-07 07:15:08-06:00
0,0,0,0,0,0,2021-10-07 07:24:36-06:00
0,0,0,0,0,0,2021-10-07 07:25:03-06:00
0,0,0,0,0,0,2021-10-07 07:31:28-06:00
0,0,0,0,0,0,2021-10-07 07:58:57-06:00
0,0,0,0,0,0,2021-10-07 08:40:49-06:00
0,0,0,0,0,0,2021-10-07 08:45:17-06:00
0,0,0,0,0,0,2021-10-07 09:57:31-06:00
0,0,0,0,0,0,2021-10-07 09:58:36-06:00
0,0,0,0,0,0,2021-10-07 19:28:25+03:18
0,0,0,0,0,0,2021-10-07 19:33:13+03:18
0,0,0,0,0,0,2021-10-07 19:34:31+03:18
0,0,0,0,0,0,2021-10-07 19:37:09+03:18
0,0,0,0,0,0,2021-10-07 19:38:26+03:18
0,0,0,0,0,0,2021-10-07 19:39:22+03:18
0,0,0,0,0,0,2021-10-07 19:52:23+03:18
0,0,0,0,0,0,2021-10-07 19:54:07+03:18
0,0,0,0,0,0,2021-10-07 19:54:57+03:18
0,0,0,0,0,0,2021-10-07 20:02:32+03:18
0,0,0,0,0,0,2021-10-07 10:47:43-06:00
0,0,0,0,0,0,2021-10-07 10:48:22-06:00
0,0,0,0,0,0,2021-10-07 20:07:16+03:18
0,0,0,0,0,0,2021-10-07 20:09:44+03:18
0,0,0,0,0,0,2021-10-07 20:11:38+03:18
0,0,0,0,0,0,2021-10-07 20:11:57+03:18
0,0,0,0,0,0,2021-10-07 10:57:25-06:00
0,0,0,0,0,0,2021-10-07 10:59:30-06:00
0,0,0,0,0,0,2021-10-07 20:18:13+03:18
0,0,0,0,0,0,2021-10-07 20:19:34+03:18
0,0,0,0,0,0,2021-10-07 20:20:05+03:18
0,0,0,0,0,0,2021-10-07 20:20:48+03:18
0,0,0,0,0,0,2021-10-07 20:21:35+03:18
0,0,0,0,0,0,2021-10-07 20:22:43+03:18
0,0,0,0,0,0,2021-10-07 20:35:38+03:18
0,0,0,0,0,0,2021-10-07 20:37:28+03:18
0,0,0,0,0,0,2021-10-07 20:37:46+03:18
0,0,0,0,0,0,2021-10-07 20:38:05+03:18
0,0,0,0,0,0,2021-10-07 20:39:03+03:18
0,0,0,0,0,0,2021-10-07 20:40:22+03:18
0,0,0,0,0,0,2021-10-07 20:41:41+03:18
0,0,0,0,0,0,2021-10-07 20:42:25+03:18
0,0,0,0,0,0,2021-10-07 20:43:00+03:18
0,0,0,0,0,0,2021-10-07 20:43:18+03:18
0,0,0,0,0,0,2021-10-07 20:43:41+03:18
0,0,0,0,0,0,2021-10-07 20:44:27+03:18
0,0,0,0,0,0,2021-10-07 20:44:46+03:18
0,0,0,0,0,0,2021-10-07 20:45:07+03:18
0,0,0,0,0,0,2021-10-07 20:45:21+03:18
0,0,0,0,0,0,2021-10-07 20:45:36+03:18
0,0,0,0,0,0,2021-10-07 20:46:28+03:18
0,0,0,0,0,0,2021-10-07 20:46:42+03:18
0,0,0,0,0,0,2021-10-07 11:29:32-06:00
0,0,0,0,0,0,2021-10-07 11:35:25-06:00
0,0,0,0,0,0,2021-10-07 11:45:03-06:00
0,0,0,0,0,0,2021-10-07 22:44:41+03:18
0,0,0,0,0,0,2021-10-07 22:44:46+03:18
0,0,0,0,0,0,2021-10-07 22:44:48+03:18
0,0,0,0,0,0,2021-10-07 22:46:37+03:18
0,0,0,0,0,0,2021-10-07 22:46:39+03:18
0,0,0,0,0,0,2021-10-07 22:46:41+03:18
0,0,0,0,0,0,2021-10-07 22:46:43+03:18
0,0,0,0,0,0,2021-10-07 22:46:46+03:18
0,0,0,0,0,0,2021-10-07 22:46:48+03:18
0,0,0,0,0,0,2021-10-07 22:46:50+03:18
0,0,0,0,0,0,2021-10-07 22:46:54+03:18
0,0,0,0,0,0,2021-10-07 22:47:08+03:18
0,0,0,0,0,0,2021-10-07 22:47:10+03:18
0,0,0,0,0,0,2021-10-07 22:47:12+03:18
0,0,0,0,0,0,2021-10-07 22:47:14+03:18
0,0,0,0,0,0,2021-10-07 22:47:17+03:18
0,0,0,0,0,0,2021-10-07 22:47:19+03:18
0,0,0,0,0,0,2021-10-07 22:47:23+03:18
0,0,0,0,0,0,2021-10-07 22:47:25+03:18
0,0,0,0,0,0,2021-10-07 22:47:28+03:18
0,0,0,0,0,0,2021-10-07 22:47:30+03:18
0,0,0,0,0,0,2021-10-07 22:49:36+03:18
0,0,0,0,0,0,2021-10-07 22:52:01+03:18
0,0,0,0,0,0,2021-10-07 22:54:19+03:18
0,0,0,0,0,0,2021-10-07 22:54:31+03:18
0,0,0,0,0,0,2021-10-07 22:56:13+03:18
0,0,0,0,0,0,2021-10-07 23:00:33+03:18
0,0,0,0,0,0,2021-10-07 23:01:56+03:18
0,0,0,0,0,0,2021-10-07 23:12:30+03:18
1,0,0,0,0,0,2021-10-07 23:16:57+03:18
0,0,0,0,0,0,2021-10-07 23:20:34+03:18
0,0,0,0,0,0,2021-10-08 01:15:43+03:18
0,0,0,0,0,0,2021-10-08 01:16:28+03:18
0,0,0,0,0,0,2021-10-08 01:18:36+03:18
0,0,0,0,0,0,2021-10-08 06:41:56-06:00
0,0,0,0,0,0,2021-10-08 06:59:00-06:00
0,0,0,0,0,0,2021-10-08 09:13:25-07:00
0,0,0,0,0,0,2021-10-08 09:19:04-07:00
0,0,0,0,0,0,2021-10-08 11:59:29-06:00
0,0,0,0,0,0,2021-10-09 10:10:21-07:00
0,0,0,0,0,0,2021-10-11 00:24:10+03:18
0,0,0,0,0,0,2021-10-11 00:24:31+03:18
0,0,0,0,0,0,2021-10-11 00:26:22+03:18
0,0,0,0,0,0,2021-10-11 02:06:40+03:18
0,0,0,0,0,0,2021-10-11 02:08:36+03:18
0,0,0,0,0,0,2021-10-11 09:04:26-07:00
0,0,0,0,0,0,2021-10-11 20:13:16+03:18
0,0,0,0,0,0,2021-10-11 20:13:32+03:18
0,0,0,0,0,0,2021-10-11 20:14:16+03:18
0,0,0,0,0,0,2021-10-11 20:14:23+03:18
0,0,0,0,0,0,2021-10-11 20:17:45+03:18
0,0,0,0,0,0,2021-10-11 20:19:00+03:18
3,13,0,0,0,0,2021-10-11 20:43:45+03:18
0,0,0,0,0,0,2021-10-11 20:45:47+03:18
0,0,0,0,0,0,2021-10-11 11:30:36-06:00
6,12,1,3,0,1,2021-10-11 11:38:25-06:00
0,0,0,0,0,0,2021-10-11 11:41:17-06:00
0,0,0,0,0,0,2021-10-11 11:42:26-06:00
0,0,0,0,0,0,2021-10-11 11:43:11-06:00
0,0,0,0,0,0,2021-10-11 13:32:38-07:00
3,1,0,0,0,0,2021-10-12 17:46:49+03:18
0,0,0,0,0,0,2021-10-12 18:55:43+03:18
0,0,0,0,0,0,2021-10-14 18:04:56+03:18
0,0,0,0,0,0,2021-10-15 16:50:01+03:18
0,0,0,0,0,0,2021-10-15 19:31:38+03:18
0,0,0,0,0,0,2021-10-17 22:25:01+03:18
0,0,0,0,0,0,2021-10-19 01:26:46+04:00
0,0,0,0,0,0,2021-10-19 01:27:02+04:00
0,0,0,0,0,0,2021-10-19 01:27:06+04:00
0,1,0,0,0,0,2021-10-19 01:27:08+04:00
0,0,0,0,0,0,2021-10-19 09:45:28-07:00
0,0,0,0,0,0,2021-10-20 01:20:54+04:00
1,6,0,0,0,0,2021-10-20 01:53:44+04:00
1,3,0,0,0,0,2021-10-20 01:58:37+04:00
0,0,0,0,0,0,2021-10-20 02:50:16+04:00
0,0,0,0,0,0,2021-10-20 03:03:34+03:18
0,0,0,0,0,0,2021-10-20 13:38:17-07:00
0,2,0,0,0,0,2021-11-01 21:53:28+04:00
1,0,0,0,0,0,2021-11-01 21:59:25+04:00
0,0,0,0,0,0,2021-11-01 22:10:43+04:00
0,4,1,1,0,1,2021-11-02 14:26:11+04:00
1,2,1,1,0,1,2021-11-05 20:40:21+04:00
0,0,0,0,0,0,2021-11-05 20:41:33+04:00
0,0,0,0,0,0,2021-11-05 20:48:30+04:00
2,5,1,1,0,1,2021-11-08 19:27:33+04:00
2,6,1,1,0,1,2021-11-27 13:08:48+04:00
1,1,0,0,0,0,2021-11-27 13:20:40+04:00
1,6,1,1,0,1,2021-12-15 16:59:32+04:00
0,0,0,0,0,0,2021-12-15 16:59:41+04:00
0,0,0,0,0,0,2021-12-15 23:40:40+04:00
0,0,0,0,0,0,2021-12-15 23:45:10+04:00
0,0,0,0,0,0,2021-12-15 23:45:20+04:00
1,2,1,1,0,1,2021-12-15 23:47:41+04:00
0,0,0,0,0,0,2021-12-15 23:52:58+04:00
0,0,0,0,0,0,2021-12-15 23:54:12+04:00
0,0,0,0,0,0,2021-12-15 23:54:51+04:00
0,0,0,0,0,0,2021-12-15 23:55:32+04:00
0,1,1,1,0,1,2021-12-16 23:38:04+04:00
0,1,0,0,0,0,2021-12-16 23:58:16+04:00
0,1,1,1,0,1,2021-12-16 23:44:32+03:18
0,0,0,0,0,0,2021-12-19 20:32:23-07:00
0,0,0,0,0,0,2021-12-19 20:34:23-07:00
0,0,0,0,0,0,2021-12-19 20:35:15-07:00
0,0,0,0,0,0,2021-12-19 20:35:59-07:00
0,0,0,0,0,0,2021-12-19 20:36:34-07:00
0,5,1,1,0,1,2021-12-20 16:38:31+04:00
2,10,3,2,0,2,2022-01-17 20:26:26+04:00
0,0,0,0,0,0,2022-01-18 22:36:03+04:00
0,0,0,0,0,0,2022-01-18 22:49:04+04:00
0,0,0,0,0,0,2022-01-18 23:28:36+04:00
1,8,2,1,0,1,2022-01-21 08:57:30+04:00
0,0,0,0,0,0,2022-01-31 11:40:38-07:00
0,0,0,0,0,0,2022-01-31 11:41:05-07:00
0,0,0,0,0,0,2022-01-31 22:44:12+04:00
0,0,0,0,0,0,2022-01-31 22:48:36+04:00
0,0,0,0,0,0,2022-01-31 14:11:50-07:00
0,0,0,0,0,0,2022-01-31 14:36:49-07:00
0,0,0,0,0,0,2022-01-31 14:45:00-07:00
0,0,0,0,0,0,2022-01-31 14:57:46-07:00
0,0,0,0,0,0,2022-02-01 09:44:11-07:00
0,0,0,0,0,0,2022-02-02 11:48:26-07:00
0,0,0,0,0,0,2022-02-02 11:53:13-07:00
0,0,0,0,0,0,2022-02-02 11:54:58-07:00
3,10,1,0,0,0,2022-03-29 15:24:13+04:00
1,3,0,0,0,0,2022-03-29 15:36:05+04:00
1,0,0,0,0,0,2022-03-29 16:29:58+04:00
0,0,0,0,0,0,2022-03-30 12:48:53+04:00
0,0,0,0,0,0,2022-04-22 11:34:20-06:00
0,0,0,0,0,0,2022-04-22 21:38:14+04:00
0,0,0,0,0,0,2022-04-22 12:02:51-06:00
0,0,0,0,0,0,2022-04-22 22:22:00+04:00
1,7,1,0,0,1,2022-04-25 20:34:28+04:00
0,3,0,0,0,0,2022-04-28 15:51:17+04:00
0,1,0,0,0,0,2022-04-28 16:00:21+04:00
0,1,0,0,0,0,2022-04-28 16:04:56+04:00
0,1,0,0,0,0,2022-04-28 16:11:11+04:00
0,1,0,0,0,0,2022-04-28 16:21:46+04:00
0,0,0,0,0,0,2022-04-28 16:51:28+04:00
0,0,0,0,0,0,2022-04-28 17:56:42+04:00
0,0,0,0,0,0,2022-04-28 18:01:27+04:00
0,0,0,0,0,0,2022-04-28 18:02:32+04:00
0,0,0,0,0,0,2022-04-28 18:03:31+04:00
0,0,0,0,0,0,2022-04-28 18:05:49+04:00
0,0,0,0,0,0,2022-04-28 18:07:57+04:00
0,0,0,0,0,0,2022-04-28 18:15:35+04:00
0,0,0,0,0,0,2022-04-28 18:17:30+04:00
0,0,0,0,0,0,2022-04-28 18:18:09+04:00
0,0,0,0,0,0,2022-04-28 18:24:29+04:00
0,0,0,0,0,0,2022-04-29 02:23:30+04:00
0,0,0,0,0,0,2022-04-29 16:21:36+04:00
0,0,0,0,0,0,2022-04-29 16:26:34+04:00
0,0,0,0,0,0,2022-04-29 16:26:47+04:00
0,0,0,0,0,0,2022-05-04 18:42:17+04:00
0,1,0,0,0,0,2022-05-04 21:21:41+04:00
0,0,0,0,0,0,2022-05-04 21:21:59+04:00
0,0,0,0,0,0,2022-05-09 17:00:53+04:00
0,0,0,0,0,0,2022-05-09 19:59:04+04:00
0,0,0,0,0,0,2022-05-09 20:05:21+04:00
0,0,0,0,0,0,2022-05-09 20:07:51+04:00
0,0,0,0,0,0,2022-05-09 20:19:40+04:00
0,0,0,0,0,0,2022-05-09 20:31:45+04:00
0,0,0,0,0,0,2022-05-09 20:47:49+04:00
0,0,0,0,0,0,2022-05-09 20:50:33+04:00
0,0,0,0,0,0,2022-05-09 20:52:12+04:00
0,0,0,0,0,0,2022-05-09 20:55:06+04:00
0,7,1,0,0,1,2022-05-16 19:45:03+04:00
0,1,1,0,0,0,2022-05-16 20:44:02+04:00
0,0,0,0,0,0,2022-05-16 20:58:25+04:00
0,0,0,0,0,0,2022-05-18 18:05:52+04:00
0,0,0,0,0,0,2022-05-18 18:46:11+04:00
0,0,0,0,0,0,2022-05-18 20:45:29+04:00
0,3,0,0,0,1,2022-05-22 23:37:06+04:00
0,0,0,0,0,0,2022-05-23 00:06:23+04:00
0,1,0,0,0,0,2022-05-23 00:16:28+04:00
0,0,0,0,0,0,2022-05-23 22:26:38+04:00
1,1,0,0,0,0,2022-05-27 13:49:09+04:00
0,0,0,0,0,0,2022-05-27 15:19:05+04:00
0,0,0,0,0,0,2022-05-27 16:57:07+04:00
0,0,0,0,0,0,2022-05-27 18:06:40+04:00
0,0,0,0,0,0,2022-05-27 18:09:17+04:00
0,0,0,0,0,0,2022-05-27 18:33:19+04:00
0,0,0,0,0,0,2022-05-27 18:33:46+04:00
0,0,0,0,0,0,2022-05-27 18:36:51+04:00
0,0,0,0,0,0,2022-05-27 19:01:36+04:00
0,0,0,0,0,0,2022-06-01 20:53:59+04:00
0,0,0,0,0,0,2022-06-03 20:52:37+04:00
0,0,0,0,0,0,2022-06-03 21:01:52+04:00
0,0,0,0,0,0,2022-06-06 20:27:25+04:00
0,0,0,0,0,0,2022-06-06 20:32:50+04:00
0,0,0,0,0,0,2022-06-09 21:01:35+04:00
0,0,0,0,0,0,2022-06-09 21:02:16+04:00
0,0,0,0,0,0,2022-06-09 21:12:30+04:00
0,0,0,0,0,0,2022-06-09 21:15:51+04:00
1,5,1,0,0,1,2022-06-27 17:52:15+04:00
0,2,1,0,0,0,2022-06-27 19:46:28+04:00
0,0,0,0,0,0,2022-06-27 19:51:08+04:00
3,4,1,0,0,0,2022-07-25 23:31:31+04:00
0,0,0,0,0,0,2022-07-25 23:47:18+04:00
0,0,0,0,0,0,2022-07-25 23:55:10+04:00
0,0,0,0,0,0,2022-07-26 00:00:36+04:00
0,0,0,0,0,0,2022-07-26 01:28:55+04:00
0,0,0,0,0,0,2022-07-26 01:30:55+04:00
0,0,0,0,0,0,2022-07-26 01:37:51+04:00
0,0,0,0,0,0,2022-07-26 01:41:43+04:00
0,0,0,0,0,0,2022-07-26 16:52:49+04:00
0,0,0,0,0,0,2022-07-26 16:54:34+04:00
0,0,0,0,0,0,2022-07-26 16:56:20+04:00
0,0,0,0,0,0,2022-07-26 16:56:39+04:00
0,0,0,0,0,0,2022-07-26 16:57:22+04:00
0,0,0,0,0,0,2022-07-26 16:57:44+04:00
