Acquisition,Preparation,Modeling,Training,Evaluation,Prediction,time
0,0,0,0,0,0,2020-07-21 14:20:48+09:00
0,0,0,0,0,0,2020-07-21 14:22:53+09:00
0,1,0,0,0,0,2020-07-21 14:22:53+09:00
0,0,0,0,0,0,2020-07-23 15:35:31+09:00
1,1,0,0,0,0,2020-07-23 17:25:46+09:00
1,2,0,0,0,0,2020-07-23 17:25:46+09:00
0,0,0,0,0,0,2020-07-27 15:48:09+09:00
0,0,0,0,0,0,2020-07-27 15:57:17+09:00
0,1,0,0,0,0,2020-07-28 12:10:50+09:00
1,0,0,0,0,0,2020-07-28 13:33:30+09:00
0,1,1,1,0,1,2020-07-30 01:38:58+09:00
2,2,1,1,0,1,2020-08-03 18:30:37+09:00
1,1,1,1,0,1,2020-08-04 10:18:37+09:00
1,2,1,2,0,1,2020-08-04 18:26:11+09:00
1,1,1,2,0,1,2020-08-05 10:41:33+09:00
2,1,2,1,0,0,2020-08-05 17:37:53+09:00
1,1,1,1,0,1,2020-08-05 18:04:54+09:00
1,2,1,1,0,1,2020-08-06 18:02:27+09:00
1,1,0,0,0,0,2020-08-07 13:07:05+09:00
1,2,2,2,0,1,2020-08-17 10:46:23+09:00
2,4,2,2,0,1,2020-08-18 12:44:29+09:00
0,0,0,0,0,0,2020-08-18 12:45:43+09:00
2,2,0,1,1,0,2020-08-18 22:23:59+09:00
1,3,2,2,0,1,2020-08-20 13:23:02+09:00
1,2,1,1,0,0,2020-08-21 19:21:16+09:00
1,2,1,1,0,1,2020-08-24 09:23:22+09:00
0,0,0,0,0,0,2020-08-24 19:55:19+09:00
0,0,0,0,0,0,2020-08-24 19:58:16+09:00
1,2,1,2,0,0,2020-08-25 09:44:24+09:00
0,2,1,1,0,1,2020-08-25 09:47:43+09:00
0,1,1,2,0,0,2020-08-25 10:01:15+09:00
0,1,1,1,0,1,2020-08-25 10:13:20+09:00
0,0,0,0,0,0,2020-08-25 10:15:43+09:00
0,0,0,1,0,0,2020-08-25 10:18:02+09:00
0,0,0,0,0,0,2020-08-25 10:19:33+09:00
0,0,0,0,0,0,2020-08-25 11:09:59+09:00
2,5,3,3,0,2,2020-08-25 17:49:24+09:00
1,2,1,1,0,1,2020-08-26 18:13:19+09:00
0,1,1,1,0,1,2020-08-27 10:01:46+09:00
3,4,0,1,1,0,2020-08-29 19:47:15+09:00
0,0,0,0,0,0,2020-08-31 16:10:31+09:00
1,3,0,0,0,0,2020-08-31 17:39:40+09:00
2,2,0,0,0,0,2020-09-01 13:35:33+09:00
1,1,0,0,0,0,2020-09-01 15:53:21+09:00
1,1,0,0,0,0,2020-09-01 18:19:13+09:00
1,1,0,0,0,0,2020-09-01 22:16:21+09:00
1,1,0,0,0,0,2020-09-01 23:47:44+09:00
1,1,0,0,0,0,2020-09-02 09:41:17+09:00
1,1,0,0,0,0,2020-09-02 10:46:16+09:00
3,4,0,0,0,0,2020-09-02 13:59:02+09:00
0,0,0,0,0,0,2020-09-02 14:30:25+09:00
1,1,0,0,0,0,2020-09-02 14:47:21+09:00
1,1,0,0,0,0,2020-09-02 14:52:38+09:00
3,5,0,0,1,0,2020-09-02 16:41:38+09:00
1,1,0,0,0,0,2020-09-02 17:48:12+09:00
2,2,0,0,1,0,2020-09-02 17:50:11+09:00
1,2,1,1,0,0,2020-09-02 18:33:05+09:00
1,1,0,0,0,0,2020-09-02 18:36:37+09:00
2,2,1,0,0,0,2020-09-02 20:37:15+09:00
1,2,1,1,0,1,2020-09-03 09:14:11+09:00
1,2,1,1,0,1,2020-09-03 10:12:13+09:00
0,1,1,1,0,1,2020-09-04 12:59:04+09:00
1,2,1,1,0,1,2020-09-04 15:30:21+09:00
1,1,0,0,0,0,2020-09-04 15:54:45+09:00
0,1,1,1,0,1,2020-09-04 18:39:20+09:00
0,1,1,1,0,1,2020-09-04 18:59:55+09:00
1,2,1,1,0,1,2020-09-07 08:35:22+09:00
0,0,0,0,0,0,2020-09-07 09:15:36+09:00
1,1,0,0,0,0,2020-09-07 13:16:40+09:00
1,1,0,0,0,0,2020-09-07 13:20:13+09:00
1,1,0,0,0,0,2020-09-07 13:32:05+09:00
1,1,0,0,0,0,2020-09-08 15:10:36+09:00
1,3,2,2,0,1,2020-09-08 18:16:19+09:00
1,1,0,0,0,0,2020-09-09 08:39:18+09:00
0,1,1,1,0,0,2020-09-09 08:41:49+09:00
1,1,0,0,0,0,2020-09-09 16:37:57+09:00
1,2,1,1,0,1,2020-09-10 09:59:12+09:00
3,5,2,2,0,1,2020-09-10 14:00:20+09:00
1,1,0,0,0,0,2020-09-10 16:58:54+09:00
1,1,0,0,0,0,2020-09-10 20:33:13+09:00
3,4,1,1,0,1,2020-09-11 09:58:40+09:00
0,1,1,1,0,1,2020-09-11 10:49:31+09:00
1,2,1,1,0,1,2020-09-11 12:14:10+09:00
1,2,1,2,0,1,2020-09-11 12:39:15+09:00
1,3,1,2,0,1,2020-09-11 14:46:53+09:00
1,2,1,1,0,1,2020-09-11 18:23:31+09:00
3,5,2,2,0,1,2020-09-16 13:30:11+09:00
1,3,2,2,0,1,2020-09-16 13:30:45+09:00
0,0,0,0,0,0,2020-09-16 13:32:49+09:00
0,0,0,0,0,0,2020-09-16 13:35:32+09:00
1,3,1,2,0,1,2020-09-16 13:42:53+09:00
1,1,0,0,0,0,2020-09-16 14:07:41+09:00
1,2,1,1,0,1,2020-09-16 16:43:13+09:00
2,2,0,0,0,0,2020-09-16 19:08:32+09:00
1,1,0,0,0,0,2020-09-16 19:15:34+09:00
1,1,0,0,0,0,2020-09-16 19:16:15+09:00
1,1,0,0,0,0,2020-09-17 09:00:27+09:00
2,3,1,1,0,1,2020-09-17 14:08:35+09:00
3,6,1,2,0,0,2020-09-18 11:02:44+09:00
0,1,1,1,0,1,2020-09-18 12:38:19+09:00
0,1,1,1,0,1,2020-09-18 12:45:42+09:00
0,1,1,1,0,1,2020-09-18 17:26:32+09:00
0,1,1,1,0,1,2020-09-18 17:32:15+09:00
1,2,1,1,0,1,2020-09-19 14:50:48+09:00
1,2,1,1,0,1,2020-09-19 17:40:41+09:00
0,0,0,0,0,0,2020-09-19 17:42:09+09:00
1,2,1,1,0,1,2020-09-19 17:48:31+09:00
0,0,0,0,0,0,2020-09-19 17:48:46+09:00
1,2,1,1,0,1,2020-09-19 19:03:37+09:00
1,1,0,0,0,0,2020-09-19 21:38:51+09:00
3,6,1,2,0,0,2020-09-22 09:08:27+09:00
1,2,1,1,0,1,2020-09-22 11:36:56+09:00
1,2,1,1,0,1,2020-09-22 16:05:31+09:00
0,1,1,1,0,1,2020-09-22 16:14:54+09:00
3,4,1,2,0,1,2020-09-22 16:49:01+09:00
1,2,1,1,0,1,2020-09-22 16:50:36+09:00
0,1,0,1,0,0,2020-09-22 18:08:05+09:00
1,1,0,0,0,0,2020-09-22 18:11:30+09:00
0,0,0,0,0,0,2020-09-22 18:12:30+09:00
2,2,1,0,0,0,2020-09-23 10:18:41+09:00
0,1,1,1,0,1,2020-09-23 10:50:18+09:00
0,1,1,1,0,1,2020-09-23 10:57:22+09:00
1,1,0,0,0,0,2020-09-23 12:30:07+09:00
1,1,0,0,0,0,2020-09-23 12:33:13+09:00
1,1,0,0,0,0,2020-09-23 13:48:47+09:00
2,5,1,1,0,0,2020-09-23 18:31:46+09:00
1,1,0,0,0,0,2020-09-24 03:05:11+09:00
1,1,0,0,0,0,2020-09-25 10:53:29+09:00
0,1,1,1,0,1,2020-09-25 13:38:57+09:00
1,1,0,0,0,0,2020-09-29 09:26:41+09:00
1,1,0,0,0,0,2020-09-29 09:37:29+09:00
0,0,0,0,0,0,2020-09-29 09:47:02+09:00
1,1,0,0,0,0,2020-09-29 11:54:27+09:00
1,1,0,0,0,0,2020-09-29 11:55:39+09:00
3,3,1,1,0,0,2020-09-29 20:00:03+09:00
1,2,1,1,0,1,2020-10-05 10:36:28+09:00
1,2,1,1,0,1,2020-10-05 14:47:28+09:00
4,9,2,3,0,2,2020-10-05 14:51:28+09:00
0,0,0,0,0,0,2020-10-05 14:52:20+09:00
1,2,1,1,0,1,2020-10-05 15:14:50+09:00
1,1,0,0,0,0,2020-10-05 15:20:36+09:00
1,1,0,0,0,0,2020-10-05 15:31:50+09:00
0,1,1,1,0,1,2020-10-05 15:36:55+09:00
1,1,0,0,0,0,2020-10-06 13:06:45+09:00
1,1,0,0,0,0,2020-10-06 13:20:27+09:00
1,1,0,0,0,0,2020-10-06 13:22:32+09:00
3,3,1,0,0,0,2020-10-06 13:39:52+09:00
0,0,0,0,0,0,2020-10-06 13:40:06+09:00
1,2,1,1,0,1,2020-10-06 14:23:11+09:00
1,1,0,0,0,0,2020-10-07 09:38:02+09:00
1,1,0,0,0,0,2020-10-07 09:39:32+09:00
0,1,1,1,0,1,2020-10-07 15:17:58+09:00
3,3,1,0,0,0,2020-10-07 18:33:51+09:00
0,0,0,0,0,0,2020-10-07 19:03:41+09:00
3,5,1,2,0,1,2020-10-28 17:25:05+09:00
3,4,1,1,0,0,2021-03-02 14:47:20+09:00
1,2,1,1,0,1,2021-03-02 15:15:28+09:00
3,3,1,0,0,0,2021-03-03 17:37:36+09:00
3,3,0,0,0,1,2021-03-09 12:30:27+09:00
0,0,0,0,0,0,2021-06-28 09:47:51+09:00
