Acquisition,Preparation,Modeling,Training,Evaluation,Prediction,time
0,0,0,0,0,0,2020-09-25 12:34:27+01:00
0,0,0,0,0,0,2021-03-03 14:52:31-06:00
0,0,0,0,0,0,2021-03-03 14:54:44-06:00
0,0,0,0,0,0,2021-03-05 14:11:10-06:00
0,0,0,0,0,0,2021-03-07 14:52:35-06:00
0,0,0,0,0,0,2021-03-07 14:54:13-06:00
1,1,0,0,0,0,2021-03-08 12:10:59-06:00
0,0,0,0,0,0,2021-03-08 15:16:03-05:00
1,1,0,1,0,0,2021-03-08 14:17:37-06:00
0,0,0,0,0,0,2021-03-08 14:18:28-06:00
0,0,0,0,0,0,2021-03-08 15:20:40-05:00
0,0,0,0,0,0,2021-03-08 14:21:23-06:00
0,0,0,0,0,0,2021-03-08 14:27:31-06:00
0,0,0,0,0,0,2021-03-08 14:38:16-06:00
1,1,0,1,0,0,2021-03-08 14:43:07-06:00
0,0,0,0,0,0,2021-03-08 14:54:39-06:00
1,1,1,1,0,0,2021-03-08 15:37:24-06:00
0,0,0,0,0,0,2021-03-08 21:41:00+00:00
1,1,1,1,0,0,2021-03-08 15:46:38-06:00
1,1,1,1,0,0,2021-03-10 14:45:08-06:00
1,1,0,1,0,0,2021-03-12 14:22:38-06:00
1,1,0,1,0,0,2021-03-12 14:23:20-06:00
0,1,0,0,0,0,2021-03-17 19:55:18-05:00
0,1,0,0,0,0,2021-03-17 20:11:27-05:00
1,1,1,1,0,0,2021-03-22 13:50:43-05:00
1,1,1,1,0,0,2021-03-22 14:45:49-05:00
0,0,0,0,0,0,2021-03-22 14:49:29-05:00
0,0,0,0,0,0,2021-03-22 19:50:13+00:00
1,1,1,1,0,0,2021-03-22 15:08:54-05:00
0,1,0,0,0,0,2021-03-22 16:13:38-04:00
0,0,0,0,0,0,2021-03-22 16:14:18-04:00
0,0,0,0,0,0,2021-03-22 16:16:51-04:00
0,0,0,0,0,0,2021-03-24 15:16:05-04:00
0,1,0,0,0,0,2021-03-24 15:22:10-04:00
0,1,0,0,0,0,2021-03-31 14:11:19-05:00
0,0,0,0,0,0,2021-03-31 14:14:50-05:00
0,0,0,0,0,0,2021-03-31 14:16:29-05:00
1,2,1,1,0,1,2021-03-31 15:10:18-05:00
0,0,0,0,0,0,2021-03-31 15:13:49-05:00
0,0,0,0,0,0,2021-04-05 15:50:09-04:00
0,0,0,0,0,0,2021-04-05 16:28:14-04:00
0,0,0,0,0,0,2021-04-07 09:13:59-04:00
1,1,1,1,0,1,2021-04-07 14:45:10-05:00
0,0,0,0,0,0,2021-04-07 14:45:31-05:00
1,1,1,1,0,1,2021-04-07 19:46:48+00:00
0,1,0,0,0,0,2021-04-09 14:47:03-04:00
0,0,0,0,0,0,2021-04-09 14:48:14-04:00
0,0,0,0,0,0,2021-04-09 14:10:50-05:00
0,0,0,0,0,0,2021-04-09 14:10:57-05:00
0,0,0,0,0,0,2021-04-09 19:11:56+00:00
0,0,0,0,0,0,2021-04-14 14:55:03-04:00
0,1,0,0,0,0,2021-04-16 14:39:39-05:00
0,0,0,0,0,0,2021-04-16 14:41:18-05:00
1,1,1,1,0,1,2021-04-16 14:53:38-05:00
1,1,1,1,0,1,2021-04-16 15:19:35-05:00
1,1,1,1,0,1,2021-04-19 15:03:49-04:00
0,0,0,0,0,0,2021-04-19 15:06:39-04:00
1,1,1,1,0,1,2021-04-19 19:11:27+00:00
0,0,0,0,0,0,2021-04-19 15:16:52-04:00
1,1,1,1,0,1,2021-04-21 14:43:21-05:00
0,0,0,0,0,0,2021-04-21 14:48:40-05:00
2,3,2,2,0,2,2021-04-21 15:50:18-04:00
1,1,1,1,0,1,2021-04-21 19:50:43+00:00
0,0,0,0,0,0,2021-04-21 15:52:29-04:00
1,1,1,1,0,1,2021-04-21 19:53:59+00:00
1,1,1,1,0,1,2021-04-23 19:36:24+00:00
0,0,0,0,0,0,2021-04-23 14:39:09-05:00
0,0,0,0,0,0,2021-04-23 19:45:48+00:00
1,1,1,1,0,1,2021-04-23 19:47:44+00:00
0,0,0,0,0,0,2021-04-26 14:51:55-04:00
0,0,0,0,0,0,2021-04-26 14:54:56-04:00
0,0,0,0,0,0,2021-04-26 21:11:16+00:00
1,1,1,1,0,1,2021-04-26 17:26:17-04:00
0,0,0,0,0,0,2021-04-26 17:26:44-04:00
0,0,0,0,0,0,2021-04-26 17:27:13-04:00
0,0,0,0,0,0,2021-04-26 21:42:10+00:00
0,0,0,0,0,0,2021-04-26 18:06:13-04:00
0,0,0,0,0,0,2021-04-26 18:06:36-04:00
0,0,0,0,0,0,2021-04-26 22:24:02+00:00
0,0,0,0,0,0,2021-04-26 22:24:32+00:00
0,0,0,0,0,0,2021-04-26 23:05:27+00:00
1,0,0,0,0,0,2021-04-26 18:38:01-05:00
0,0,0,0,0,0,2021-04-26 18:38:19-05:00
0,0,0,0,0,0,2021-04-26 23:38:33+00:00
0,0,0,0,0,0,2021-04-26 18:39:02-05:00
1,3,1,1,0,1,2021-04-26 19:41:54-04:00
0,0,0,0,0,0,2021-04-26 19:42:09-04:00
1,1,1,1,0,1,2021-04-26 18:48:17-05:00
2,1,1,1,0,1,2021-04-26 19:05:06-05:00
2,1,1,1,0,1,2021-04-26 19:10:18-05:00
0,0,0,0,0,0,2021-04-26 20:11:06-04:00
0,0,0,0,0,0,2021-04-26 20:11:27-04:00
0,0,0,0,0,0,2021-04-27 00:14:17+00:00
0,0,0,0,0,0,2021-04-27 00:14:52+00:00
1,1,1,1,0,1,2021-04-26 20:17:26-04:00
1,1,1,1,0,1,2021-04-26 20:18:07-04:00
0,0,0,0,0,0,2021-04-26 20:19:40-04:00
0,1,0,0,0,0,2021-04-26 20:26:20-04:00
0,0,0,0,0,0,2021-04-27 00:29:50+00:00
0,0,0,0,0,0,2021-04-28 18:56:06+00:00
0,0,0,0,0,0,2021-04-28 14:00:42-05:00
0,0,0,0,0,0,2021-04-28 14:02:00-05:00
0,0,0,0,0,0,2021-04-28 19:02:51+00:00
1,1,1,1,0,1,2021-04-28 14:02:52-05:00
0,0,0,0,0,0,2021-04-28 14:04:12-05:00
0,0,0,0,0,0,2021-04-28 14:05:48-05:00
0,0,0,0,0,0,2021-04-28 19:09:17+00:00
0,1,0,0,0,0,2021-04-28 14:27:57-05:00
0,1,0,0,0,0,2021-04-28 14:45:43-05:00
1,1,1,1,0,1,2021-04-29 10:06:03-05:00
1,1,1,1,0,1,2021-04-29 10:06:41-05:00
0,0,0,0,0,0,2021-04-29 21:23:26-04:00
0,0,0,0,0,0,2021-04-30 01:28:17+00:00
0,0,0,0,0,0,2021-04-29 21:31:13-04:00
0,0,0,0,0,0,2021-04-29 21:31:40-04:00
0,0,0,0,0,0,2021-04-30 01:35:45+00:00
0,0,0,0,0,0,2021-04-30 09:26:01-04:00
