Acquisition,Preparation,Modeling,Training,Evaluation,Prediction,time
2,2,0,0,0,0,2020-11-30 11:45:26+01:00
1,1,0,0,0,0,2020-11-30 13:16:50+01:00
1,1,0,0,0,0,2020-11-30 16:32:25+01:00
0,0,0,0,0,0,2020-11-30 16:36:58+01:00
0,0,0,0,0,0,2020-11-30 16:38:48+01:00
0,0,0,0,0,0,2020-11-30 16:39:52+01:00
0,0,0,0,0,0,2020-11-30 16:43:01+01:00
0,0,0,0,0,0,2020-11-30 16:46:02+01:00
0,0,0,0,0,0,2020-11-30 16:48:44+01:00
0,0,0,0,0,0,2020-11-30 16:59:05+01:00
0,0,0,0,0,0,2020-11-30 17:02:12+01:00
1,0,0,0,0,0,2020-12-01 16:32:03+01:00
0,0,0,0,0,0,2020-12-01 16:39:00+01:00
1,0,0,0,0,0,2020-12-01 16:40:42+01:00
0,0,0,0,0,0,2020-12-01 16:41:08+01:00
1,1,0,0,0,0,2020-12-01 17:20:09+01:00
0,0,0,0,0,0,2020-12-01 17:20:20+01:00
0,0,0,0,0,0,2020-12-01 17:22:14+01:00
0,0,0,0,0,0,2020-12-01 17:23:48+01:00
1,0,0,0,0,0,2020-12-01 17:48:31+01:00
1,1,0,0,0,0,2020-12-01 18:15:06+01:00
0,0,0,0,0,0,2020-12-01 18:16:35+01:00
0,0,0,0,0,0,2020-12-01 18:18:45+01:00
0,0,0,0,0,0,2020-12-01 18:19:31+01:00
0,1,0,0,0,0,2020-12-01 21:11:58+01:00
0,1,0,0,0,0,2020-12-02 09:19:26+01:00
0,1,0,0,0,0,2020-12-02 09:39:17+01:00
0,0,0,0,0,0,2020-12-02 09:40:19+01:00
1,1,0,0,0,0,2020-12-02 10:11:48+01:00
0,1,0,0,0,0,2020-12-02 10:16:54+01:00
0,1,0,0,0,0,2020-12-02 10:18:49+01:00
0,1,0,0,0,0,2020-12-02 10:20:05+01:00
0,1,0,0,0,0,2020-12-02 10:22:16+01:00
0,1,0,0,0,0,2020-12-02 10:23:14+01:00
0,1,0,0,0,0,2020-12-02 10:26:14+01:00
0,1,0,0,0,0,2020-12-02 10:28:06+01:00
0,1,0,0,0,0,2020-12-02 10:28:51+01:00
0,1,0,0,0,0,2020-12-02 10:36:42+01:00
0,1,0,0,0,0,2020-12-02 10:37:38+01:00
0,1,0,0,0,0,2020-12-02 10:38:36+01:00
0,1,0,0,0,0,2020-12-02 10:42:55+01:00
1,0,0,0,0,0,2020-12-02 10:44:00+01:00
0,0,0,0,0,0,2020-12-02 10:44:34+01:00
0,0,0,0,0,0,2020-12-02 10:47:44+01:00
0,1,0,0,0,0,2020-12-02 11:16:03+01:00
0,1,0,0,0,0,2020-12-02 11:16:36+01:00
0,1,0,0,0,0,2020-12-02 11:40:44+01:00
1,1,0,0,0,0,2020-12-02 12:14:58+01:00
0,0,0,0,0,0,2020-12-02 12:21:10+01:00
0,1,0,0,0,0,2020-12-02 13:47:41+01:00
0,2,0,1,0,0,2020-12-02 13:50:32+01:00
0,0,0,0,0,0,2020-12-02 13:52:19+01:00
0,2,0,1,0,0,2020-12-02 15:02:19+01:00
0,1,0,1,0,0,2020-12-02 15:29:55+01:00
0,2,0,1,0,0,2020-12-02 15:35:51+01:00
0,1,0,1,0,0,2020-12-02 15:50:37+01:00
0,0,0,0,0,0,2020-12-02 15:53:16+01:00
0,0,0,0,0,0,2020-12-02 15:55:26+01:00
0,0,0,0,0,0,2020-12-02 15:57:20+01:00
0,0,0,0,0,0,2020-12-02 16:05:17+01:00
0,0,0,0,0,0,2020-12-02 16:06:32+01:00
0,0,0,0,0,0,2020-12-02 16:14:09+01:00
0,0,0,0,0,0,2020-12-02 16:15:49+01:00
0,0,0,0,0,0,2020-12-02 16:17:22+01:00
1,1,0,0,0,0,2020-12-02 16:41:15+01:00
1,1,0,0,0,0,2020-12-02 16:43:39+01:00
0,0,0,0,0,0,2020-12-02 16:46:18+01:00
0,0,0,0,0,0,2020-12-02 16:46:59+01:00
3,2,0,1,0,0,2020-12-02 17:10:01+01:00
0,0,0,0,0,0,2020-12-02 17:11:34+01:00
0,0,0,0,0,0,2020-12-02 17:13:06+01:00
0,0,0,0,0,0,2020-12-02 17:13:59+01:00
0,0,0,0,0,0,2020-12-02 17:14:59+01:00
0,0,0,0,0,0,2020-12-02 17:22:13+01:00
1,0,0,0,0,0,2020-12-02 17:23:09+01:00
0,0,0,0,0,0,2020-12-02 17:25:23+01:00
0,0,0,0,0,0,2020-12-02 17:33:38+01:00
0,0,0,0,0,0,2020-12-02 17:42:17+01:00
0,0,0,0,0,0,2020-12-02 18:03:49+01:00
1,0,0,0,0,0,2020-12-02 18:04:40+01:00
0,0,0,0,0,0,2020-12-02 18:05:22+01:00
4,2,0,0,0,0,2020-12-02 19:23:37+01:00
0,0,0,0,0,0,2020-12-02 19:28:53+01:00
1,1,0,0,0,0,2020-12-02 19:50:25+01:00
0,0,0,0,0,0,2020-12-02 19:50:53+01:00
0,0,0,0,0,0,2020-12-03 09:19:48+01:00
1,0,0,0,0,0,2020-12-03 09:57:44+01:00
0,0,0,0,0,0,2020-12-03 10:02:00+01:00
1,1,0,0,0,0,2020-12-03 11:51:07+01:00
0,1,0,0,0,0,2020-12-03 11:51:41+01:00
1,2,0,0,0,0,2020-12-03 12:38:16+01:00
0,1,0,0,0,0,2020-12-03 12:42:17+01:00
0,1,0,0,0,0,2020-12-03 12:43:56+01:00
1,1,0,0,0,0,2020-12-03 12:45:34+01:00
1,1,0,0,0,0,2020-12-03 13:00:06+01:00
0,0,0,0,0,0,2020-12-03 13:00:45+01:00
0,1,0,0,0,0,2020-12-03 13:01:25+01:00
0,1,0,0,0,0,2020-12-03 13:05:43+01:00
1,1,0,0,0,0,2020-12-03 13:06:34+01:00
1,1,0,0,0,0,2020-12-03 13:19:37+01:00
1,1,0,0,0,0,2020-12-03 14:11:45+01:00
0,0,0,0,0,0,2020-12-03 14:13:25+01:00
0,2,0,0,0,0,2020-12-03 14:14:51+01:00
0,0,0,0,0,0,2020-12-03 14:16:59+01:00
1,1,0,0,0,0,2020-12-03 18:41:26+01:00
0,0,0,0,0,0,2020-12-03 18:41:48+01:00
0,0,0,0,0,0,2020-12-03 18:54:14+01:00
1,1,0,0,0,0,2020-12-03 18:54:52+01:00
0,0,0,0,0,0,2020-12-03 18:56:32+01:00
0,0,0,0,0,0,2020-12-03 18:57:53+01:00
0,0,0,0,0,0,2020-12-03 20:12:36+01:00
0,0,0,0,0,0,2020-12-03 22:11:40+01:00
0,0,0,0,0,0,2020-12-03 23:08:24+01:00
1,1,0,0,0,0,2020-12-04 08:57:17+01:00
1,1,0,0,0,0,2020-12-04 09:37:35+01:00
3,2,0,0,0,0,2020-12-04 09:44:20+01:00
0,0,0,0,0,0,2020-12-04 09:46:04+01:00
1,0,0,0,0,0,2020-12-04 09:50:07+01:00
0,0,0,0,0,0,2020-12-04 09:51:37+01:00
0,0,0,0,0,0,2020-12-04 09:52:50+01:00
1,1,0,0,0,0,2020-12-04 10:06:29+01:00
2,2,0,0,0,0,2020-12-04 10:21:00+01:00
0,0,0,0,0,0,2020-12-04 10:30:09+01:00
1,1,0,0,0,0,2020-12-04 10:40:06+01:00
1,1,0,1,0,0,2020-12-04 10:56:17+01:00
0,0,0,0,0,0,2020-12-04 10:59:11+01:00
1,1,0,0,0,0,2020-12-04 11:01:26+01:00
0,0,0,0,0,0,2020-12-04 11:08:57+01:00
0,0,0,0,0,0,2020-12-04 11:12:04+01:00
1,0,0,0,0,0,2020-12-04 11:15:14+01:00
0,0,0,0,0,0,2020-12-04 11:19:51+01:00
2,2,0,1,0,0,2020-12-04 12:44:26+01:00
1,0,0,0,0,0,2020-12-04 12:55:41+01:00
1,2,0,1,0,0,2020-12-04 15:00:12+01:00
1,1,0,0,0,0,2020-12-04 15:30:08+01:00
0,0,0,0,0,0,2020-12-04 15:33:04+01:00
3,4,0,0,0,0,2020-12-04 15:33:39+01:00
0,0,0,0,0,0,2020-12-04 15:34:06+01:00
1,1,0,1,0,0,2020-12-04 15:36:01+01:00
0,0,0,0,0,0,2020-12-04 15:37:00+01:00
2,2,0,0,0,0,2020-12-04 15:53:02+01:00
0,0,0,0,0,0,2020-12-04 15:54:46+01:00
1,1,0,1,0,0,2020-12-04 15:55:35+01:00
1,1,0,1,0,0,2020-12-04 15:56:14+01:00
0,0,0,0,0,0,2020-12-04 15:56:54+01:00
0,0,0,0,0,0,2020-12-04 16:10:37+01:00
0,0,0,0,0,0,2020-12-04 16:12:24+01:00
1,1,0,1,0,0,2020-12-04 19:11:38+01:00
1,1,1,1,1,0,2020-12-04 19:52:50+01:00
1,1,1,1,1,0,2020-12-04 19:58:48+01:00
3,3,0,1,0,0,2020-12-04 20:06:21+01:00
1,1,1,1,1,0,2020-12-04 20:11:55+01:00
1,1,0,0,0,0,2020-12-04 20:20:58+01:00
1,1,0,0,0,0,2020-12-04 20:29:40+01:00
0,0,0,0,0,0,2020-12-04 20:30:08+01:00
0,0,0,0,0,0,2020-12-04 20:30:48+01:00
1,3,0,0,0,0,2020-12-04 20:31:24+01:00
0,0,0,0,0,0,2020-12-04 20:32:44+01:00
1,1,1,1,1,0,2020-12-05 11:04:27+01:00
0,0,0,0,0,0,2020-12-05 11:08:58+01:00
1,1,1,1,1,0,2020-12-05 11:21:46+01:00
1,0,0,0,0,0,2020-12-05 11:22:21+01:00
2,3,1,1,1,0,2020-12-05 11:42:07+01:00
0,0,0,0,0,0,2020-12-05 11:42:36+01:00
0,0,0,0,0,0,2020-12-05 11:51:32+01:00
0,1,0,0,0,0,2020-12-05 12:13:06+01:00
2,2,1,1,1,0,2020-12-05 12:15:53+01:00
1,1,0,0,0,0,2020-12-05 13:36:06+01:00
1,2,1,1,1,0,2020-12-05 13:36:14+01:00
1,1,0,0,0,0,2020-12-05 13:44:22+01:00
2,3,3,2,2,0,2020-12-05 15:48:19+01:00
1,1,1,1,1,0,2020-12-05 15:48:40+01:00
1,2,2,1,1,0,2020-12-05 17:28:23+01:00
1,1,0,0,0,0,2020-12-05 17:48:18+01:00
1,1,0,0,0,0,2020-12-05 17:56:06+01:00
1,1,0,0,0,0,2020-12-05 17:56:35+01:00
2,2,0,0,0,0,2020-12-05 18:28:12+01:00
1,1,0,0,0,0,2020-12-05 18:29:14+01:00
2,2,0,0,0,0,2020-12-05 19:50:32+01:00
0,0,0,0,0,0,2020-12-05 19:55:00+01:00
2,2,2,2,2,0,2020-12-05 20:11:21+01:00
0,0,0,0,0,0,2020-12-05 20:12:01+01:00
1,1,1,1,1,0,2020-12-05 20:46:51+01:00
2,2,0,0,0,0,2020-12-05 20:49:08+01:00
1,1,0,0,0,0,2020-12-05 20:51:50+01:00
0,0,0,0,0,0,2020-12-05 20:52:37+01:00
1,1,0,0,0,0,2020-12-06 14:32:09+01:00
1,1,0,0,0,0,2020-12-06 14:58:34+01:00
0,0,0,0,0,0,2020-12-06 15:13:12+01:00
2,2,0,0,0,0,2020-12-06 15:18:21+01:00
0,0,0,0,0,0,2020-12-06 15:19:55+01:00
0,0,0,0,0,0,2020-12-06 15:24:24+01:00
2,2,0,0,0,0,2020-12-06 15:44:46+01:00
0,0,0,0,0,0,2020-12-06 15:59:24+01:00
0,0,0,0,0,0,2020-12-06 16:03:54+01:00
0,0,0,0,0,0,2020-12-06 16:19:57+01:00
0,0,0,0,0,0,2020-12-06 16:40:48+01:00
0,0,0,0,0,0,2020-12-06 16:45:17+01:00
0,0,0,0,0,0,2020-12-06 16:52:38+01:00
0,0,0,0,0,0,2020-12-06 17:18:30+01:00
0,0,0,0,0,0,2020-12-06 17:27:59+01:00
0,0,0,0,0,0,2020-12-06 17:28:50+01:00
0,0,0,0,0,0,2020-12-06 17:29:41+01:00
5,5,3,3,3,1,2020-12-06 18:15:57+01:00
1,1,0,0,0,0,2020-12-06 18:35:18+01:00
1,1,0,0,0,0,2020-12-06 18:46:20+01:00
2,2,0,0,0,0,2020-12-06 19:17:00+01:00
0,0,0,0,0,0,2020-12-06 19:22:28+01:00
2,1,1,1,1,1,2020-12-06 19:27:29+01:00
1,2,2,1,1,1,2020-12-06 19:46:17+01:00
3,2,1,1,1,1,2020-12-06 20:31:17+01:00
3,2,1,1,1,1,2020-12-06 21:30:04+01:00
1,1,0,0,0,0,2020-12-06 21:43:37+01:00
0,0,0,0,0,0,2020-12-06 21:43:55+01:00
2,2,2,2,2,1,2020-12-07 00:26:48+01:00
1,1,0,0,0,0,2020-12-07 08:50:33+01:00
1,1,0,0,0,0,2020-12-07 08:54:32+01:00
1,1,0,0,0,0,2020-12-07 09:21:53+01:00
2,1,1,1,1,1,2020-12-07 09:27:50+01:00
1,0,1,1,1,1,2020-12-07 09:30:45+01:00
1,1,0,0,0,0,2020-12-07 09:33:07+01:00
3,2,1,1,1,1,2020-12-07 09:46:09+01:00
2,2,0,0,0,0,2020-12-07 09:57:02+01:00
1,1,0,0,0,0,2020-12-07 10:05:51+01:00
2,1,1,1,1,1,2020-12-07 10:09:35+01:00
2,1,1,1,1,1,2020-12-07 10:34:43+01:00
2,1,1,1,1,1,2020-12-07 10:43:12+01:00
1,1,0,0,0,0,2020-12-07 10:46:52+01:00
0,0,0,0,0,0,2020-12-07 11:43:13+01:00
0,0,0,0,0,0,2020-12-07 11:44:18+01:00
0,0,0,0,0,0,2020-12-07 11:46:38+01:00
1,1,0,0,0,0,2020-12-07 11:49:27+01:00
2,2,0,0,0,0,2020-12-07 14:07:23+01:00
1,1,0,0,0,0,2020-12-07 14:21:02+01:00
1,2,1,1,1,1,2020-12-07 15:07:35+01:00
1,1,0,0,0,0,2020-12-07 16:15:19+01:00
1,1,0,0,0,0,2020-12-07 16:15:47+01:00
1,1,1,1,1,1,2020-12-07 17:49:17+01:00
0,0,0,0,0,0,2020-12-07 17:53:03+01:00
1,1,0,0,0,0,2020-12-07 17:53:42+01:00
0,0,0,0,0,0,2020-12-07 19:34:06+01:00
2,2,0,0,0,0,2020-12-07 20:07:12+01:00
2,2,0,0,0,0,2020-12-07 21:54:13+01:00
1,1,0,0,0,0,2020-12-07 22:38:50+01:00
1,1,0,0,0,0,2020-12-07 22:53:10+01:00
0,0,0,0,0,0,2020-12-07 23:47:52+01:00
1,1,0,0,0,0,2020-12-07 23:48:42+01:00
2,2,0,0,0,0,2020-12-08 10:36:28+01:00
0,0,0,0,0,0,2020-12-08 10:48:47+01:00
0,0,0,0,0,0,2020-12-08 10:50:53+01:00
0,0,0,0,0,0,2020-12-08 10:52:58+01:00
1,1,0,0,0,0,2020-12-08 11:32:32+01:00
1,1,0,0,0,0,2020-12-08 11:59:27+01:00
1,1,0,0,0,0,2020-12-08 12:04:15+01:00
1,1,0,0,0,0,2020-12-08 12:36:32+01:00
0,0,0,0,0,0,2020-12-08 12:36:35+01:00
0,0,0,0,0,0,2020-12-08 12:41:03+01:00
0,0,0,0,0,0,2020-12-08 13:04:03+01:00
0,0,0,0,0,0,2020-12-08 13:05:17+01:00
1,1,0,0,0,0,2020-12-08 15:49:46+01:00
2,2,1,1,1,1,2020-12-08 17:55:04+01:00
1,1,1,1,1,1,2020-12-08 18:27:35+01:00
2,2,1,1,1,1,2020-12-08 19:28:54+01:00
1,1,0,0,0,0,2020-12-08 19:30:29+01:00
1,1,0,0,0,0,2020-12-08 19:31:12+01:00
1,1,0,0,0,0,2020-12-08 19:32:36+01:00
2,2,1,1,1,1,2020-12-08 19:34:14+01:00
1,1,0,0,0,0,2020-12-08 19:36:56+01:00
3,3,0,0,0,0,2020-12-08 19:49:16+01:00
3,2,1,1,1,1,2020-12-08 22:02:18+01:00
2,1,1,1,1,1,2020-12-08 22:12:00+01:00
3,3,1,1,1,1,2020-12-08 22:50:12+01:00
1,1,1,1,1,1,2020-12-08 22:53:21+01:00
1,1,1,1,1,1,2020-12-08 22:55:31+01:00
0,0,0,0,0,0,2020-12-08 22:58:40+01:00
0,0,0,0,0,0,2020-12-08 23:02:28+01:00
0,0,0,0,0,0,2020-12-08 23:05:08+01:00
1,1,0,0,0,0,2020-12-09 01:46:20+01:00
1,1,0,0,0,0,2020-12-09 09:49:03+01:00
0,0,0,0,0,0,2020-12-09 09:50:11+01:00
0,0,0,0,0,0,2020-12-09 09:59:23+01:00
0,0,0,0,0,0,2020-12-09 10:00:01+01:00
0,0,0,0,0,0,2020-12-09 10:00:11+01:00
0,0,0,0,0,0,2020-12-09 10:08:09+01:00
0,0,0,0,0,0,2020-12-09 10:23:46+01:00
1,1,0,0,0,0,2020-12-09 10:29:29+01:00
0,0,0,0,0,0,2020-12-09 10:29:43+01:00
6,5,2,1,1,1,2020-12-09 12:28:45+01:00
2,2,0,0,0,0,2020-12-09 12:28:56+01:00
1,1,1,1,1,1,2020-12-09 12:29:10+01:00
0,0,0,0,0,0,2020-12-09 12:31:07+01:00
1,1,1,0,0,0,2020-12-09 12:46:21+01:00
0,0,0,0,0,0,2020-12-09 12:47:23+01:00
1,1,0,0,0,0,2020-12-09 13:01:44+01:00
1,1,0,0,0,0,2020-12-09 15:56:33+01:00
0,0,0,0,0,0,2020-12-09 15:59:06+01:00
1,1,0,0,0,0,2020-12-09 16:05:09+01:00
1,1,0,0,0,0,2020-12-09 16:12:31+01:00
1,1,1,1,1,1,2020-12-09 16:12:36+01:00
1,1,0,0,0,0,2020-12-09 16:15:32+01:00
1,1,0,0,0,0,2020-12-09 16:19:17+01:00
0,0,0,0,0,0,2020-12-09 16:19:20+01:00
1,1,1,1,1,1,2020-12-09 16:21:40+01:00
1,1,0,0,0,0,2020-12-09 16:35:05+01:00
2,2,1,1,1,1,2020-12-09 16:40:38+01:00
2,2,1,1,1,1,2020-12-09 16:50:11+01:00
2,2,1,1,1,1,2020-12-09 17:11:24+01:00
1,1,0,0,0,0,2020-12-09 17:15:49+01:00
4,4,0,0,0,0,2020-12-09 17:20:35+01:00
0,0,0,0,0,0,2020-12-09 17:24:45+01:00
0,0,0,0,0,0,2020-12-09 17:25:08+01:00
3,3,1,1,1,1,2020-12-09 20:02:34+01:00
2,2,1,1,1,1,2020-12-09 20:43:40+01:00
2,2,1,1,1,1,2020-12-09 21:01:57+01:00
2,2,2,2,1,1,2020-12-09 21:21:47+01:00
2,2,0,0,0,0,2020-12-09 21:23:45+01:00
1,1,0,0,0,0,2020-12-09 21:38:46+01:00
0,0,0,0,0,0,2020-12-09 21:40:48+01:00
1,1,1,1,1,1,2020-12-09 22:15:59+01:00
0,0,0,0,0,0,2020-12-09 22:16:36+01:00
3,3,1,1,1,1,2020-12-09 23:03:25+01:00
2,2,0,0,0,0,2020-12-09 23:05:21+01:00
1,1,1,1,1,1,2020-12-09 23:17:40+01:00
1,1,1,1,1,1,2020-12-09 23:20:12+01:00
1,1,1,1,1,1,2020-12-09 23:22:29+01:00
0,0,0,0,0,0,2020-12-09 23:22:58+01:00
1,1,1,1,1,1,2020-12-09 23:23:29+01:00
1,1,1,1,1,1,2020-12-09 23:24:01+01:00
0,0,0,0,0,0,2020-12-09 23:24:41+01:00
1,1,1,1,1,1,2020-12-09 23:26:57+01:00
0,0,0,0,0,0,2020-12-09 23:28:01+01:00
0,0,0,0,0,0,2020-12-09 23:29:52+01:00
1,1,1,1,1,1,2020-12-10 09:52:57+01:00
1,1,1,1,1,1,2020-12-10 10:21:41+01:00
1,1,1,1,1,1,2020-12-10 10:25:38+01:00
2,2,1,1,1,1,2020-12-10 10:27:16+01:00
0,0,0,0,0,0,2020-12-10 10:30:12+01:00
0,0,0,0,0,0,2020-12-10 10:37:36+01:00
1,1,1,1,1,1,2020-12-10 10:45:12+01:00
1,1,1,1,1,1,2020-12-10 10:56:36+01:00
1,1,1,1,1,1,2020-12-10 10:58:42+01:00
2,2,1,1,1,1,2020-12-10 14:16:42+01:00
1,1,0,0,0,0,2020-12-10 14:22:15+01:00
1,1,1,1,1,1,2020-12-10 14:23:41+01:00
1,1,1,1,1,1,2020-12-10 14:28:29+01:00
0,0,0,0,0,0,2020-12-10 14:29:00+01:00
2,2,1,1,1,1,2020-12-10 19:55:45+01:00
0,0,0,0,0,0,2020-12-10 19:56:45+01:00
0,0,0,0,0,0,2020-12-10 19:57:10+01:00
0,0,0,0,0,0,2020-12-10 19:58:26+01:00
0,0,0,0,0,0,2020-12-10 21:40:53+01:00
2,2,1,1,1,1,2020-12-11 09:37:10+01:00
1,1,0,0,0,0,2020-12-11 09:37:37+01:00
1,1,0,0,0,0,2020-12-14 14:33:23+01:00
0,0,0,0,0,0,2020-12-16 14:39:07+01:00
1,0,0,0,0,0,2020-12-17 20:14:02+01:00
1,2,0,0,0,0,2020-12-17 20:24:57+01:00
1,2,0,0,0,0,2020-12-17 20:34:37+01:00
0,0,0,0,0,0,2020-12-18 11:51:51+01:00
1,1,0,0,0,0,2020-12-19 20:50:52+01:00
1,1,0,0,0,0,2020-12-19 20:53:19+01:00
0,1,0,0,0,0,2020-12-19 20:54:29+01:00
1,1,0,0,0,0,2020-12-21 14:02:07+01:00
0,0,0,0,0,0,2020-12-21 14:06:10+01:00
0,0,0,0,0,0,2020-12-21 14:06:47+01:00
0,0,0,0,0,0,2020-12-21 16:30:10+01:00
0,0,0,0,0,0,2020-12-21 19:23:34+01:00
1,0,0,0,0,0,2020-12-21 19:43:29+01:00
1,0,0,0,0,0,2020-12-21 19:51:22+01:00
1,0,0,0,0,0,2020-12-21 19:56:47+01:00
1,1,0,0,0,0,2020-12-21 20:09:53+01:00
1,1,0,0,0,0,2020-12-21 20:17:37+01:00
1,1,0,0,0,0,2020-12-21 20:22:01+01:00
1,1,0,0,0,0,2020-12-21 20:28:12+01:00
1,1,0,0,0,0,2020-12-22 13:19:15+01:00
1,1,0,0,0,0,2020-12-22 13:21:30+01:00
1,1,0,0,0,0,2020-12-22 13:29:12+01:00
1,1,0,0,0,0,2020-12-22 13:30:07+01:00
1,0,0,0,0,0,2020-12-22 13:31:35+01:00
0,0,0,0,0,0,2020-12-23 09:43:09+01:00
0,0,0,0,0,0,2020-12-23 09:43:28+01:00
0,0,0,0,0,0,2020-12-23 10:35:38+01:00
1,0,0,0,0,0,2020-12-23 10:38:06+01:00
1,1,0,1,0,0,2020-12-23 10:42:30+01:00
0,0,0,0,0,0,2020-12-23 10:46:59+01:00
1,1,0,0,0,0,2020-12-26 21:51:37+01:00
2,1,0,0,0,0,2020-12-26 22:07:43+01:00
1,1,0,0,0,0,2020-12-26 22:09:33+01:00
1,1,0,0,0,0,2020-12-26 22:18:25+01:00
1,1,0,0,0,0,2020-12-26 22:20:27+01:00
2,1,0,0,0,0,2020-12-28 18:54:28+01:00
1,0,0,0,0,0,2020-12-30 00:02:40+01:00
4,2,0,0,0,0,2021-01-02 17:47:03-04:00
1,1,0,0,0,0,2021-01-02 17:53:34-04:00
1,1,0,0,0,0,2021-01-02 17:58:42-04:00
2,2,0,0,0,0,2021-01-02 18:09:37-04:00
1,1,0,0,0,0,2021-01-03 18:40:55-04:00
1,1,0,0,0,0,2021-01-04 09:33:58-04:00
2,1,0,0,0,0,2021-01-04 10:06:20-04:00
2,1,0,0,0,0,2021-01-04 10:13:29-04:00
1,0,0,0,0,0,2021-01-04 10:15:38-04:00
0,0,0,0,0,0,2021-01-04 13:57:25-04:00
2,2,0,0,0,0,2021-01-05 09:07:45-04:00
1,2,0,0,0,0,2021-01-05 09:18:58-04:00
2,2,0,0,0,0,2021-01-05 09:53:44-04:00
1,1,0,0,0,0,2021-01-05 10:06:34-04:00
0,0,0,0,0,0,2021-01-05 10:10:43-04:00
1,1,0,0,0,0,2021-01-05 10:13:53-04:00
1,1,0,0,0,0,2021-01-05 10:23:05-04:00
2,3,1,1,1,1,2021-01-05 10:30:32-04:00
3,4,1,1,1,1,2021-01-05 11:28:53-04:00
0,0,0,0,0,0,2021-01-05 16:36:25+01:00
0,0,0,0,0,0,2021-01-06 11:12:19-04:00
1,1,0,0,0,0,2021-01-06 11:13:31-04:00
0,1,0,0,0,0,2021-01-06 11:16:04-04:00
1,1,1,1,1,1,2021-01-07 10:34:36-04:00
1,1,1,1,1,1,2021-01-07 10:38:39-04:00
1,1,1,1,1,1,2021-01-07 10:44:59-04:00
1,1,1,1,1,1,2021-01-07 10:55:12-04:00
0,0,0,0,0,0,2021-01-07 10:58:32-04:00
0,0,0,0,0,0,2021-01-13 14:04:20+01:00
1,1,0,0,0,0,2021-01-27 14:00:52+01:00
0,0,0,0,0,0,2021-01-27 14:01:26+01:00
