Acquisition,Preparation,Modeling,Training,Evaluation,Prediction,time
0,0,0,0,0,1,2014-10-17 15:00:16+03:00
0,0,0,0,0,0,2014-10-17 15:10:29+03:00
0,1,0,0,0,1,2014-10-17 15:38:25+03:00
0,2,0,0,0,0,2014-10-17 16:31:53+03:00
0,2,0,0,0,2,2014-10-21 17:47:11+03:00
0,1,0,0,0,1,2014-10-21 18:24:56+03:00
0,1,0,0,0,1,2014-10-21 21:00:42+03:00
0,1,0,0,0,1,2014-10-22 14:35:00+03:00
0,1,0,0,0,1,2014-10-22 15:04:07+03:00
0,1,0,0,0,1,2014-10-22 15:16:37+03:00
0,0,0,0,0,0,2014-10-22 15:21:58+03:00
1,1,0,1,0,1,2014-11-13 15:10:27+02:00
0,0,0,0,0,0,2014-11-14 08:30:43+02:00
0,0,0,0,0,0,2014-11-14 08:34:03+02:00
0,0,0,0,0,0,2014-11-14 08:36:19+02:00
0,0,0,0,0,0,2014-11-14 08:41:15+02:00
0,0,0,0,0,0,2014-11-14 10:22:13+02:00
0,1,0,0,0,1,2014-11-14 10:49:16+02:00
0,0,0,0,0,0,2014-11-14 10:53:27+02:00
0,1,0,0,0,1,2014-11-14 13:29:27+02:00
1,4,0,1,0,2,2014-11-22 23:57:35+02:00
1,3,0,2,0,1,2014-12-15 10:37:00+02:00
1,4,0,1,0,2,2015-01-12 18:26:22-06:00
0,1,0,0,0,0,2015-04-29 10:17:22+03:00
0,2,0,0,0,1,2015-05-12 09:26:45+03:00
0,0,0,0,0,0,2015-05-12 12:48:51+03:00
0,0,0,0,0,0,2015-05-12 12:52:02+03:00
0,2,0,0,0,1,2015-05-12 17:32:38+03:00
0,1,0,0,0,1,2015-05-12 22:06:14+03:00
0,0,0,0,0,1,2015-05-12 22:11:03+03:00
0,3,0,0,0,1,2015-05-12 23:20:56+03:00
0,1,0,0,0,0,2015-05-13 13:47:16+03:00
0,2,0,1,0,1,2015-05-13 15:14:48+03:00
0,2,0,1,0,2,2015-05-13 15:59:08+03:00
0,1,0,1,0,1,2015-05-13 18:47:08+03:00
0,1,0,0,0,1,2015-05-13 20:52:21+03:00
0,1,0,0,0,0,2015-05-14 09:50:14+03:00
0,0,0,0,0,0,2015-05-14 10:01:42+03:00
0,0,0,0,0,0,2015-05-14 10:02:47+03:00
0,0,0,0,0,0,2015-05-14 10:18:01+03:00
0,1,0,0,0,0,2015-05-14 12:53:35+03:00
0,1,0,0,0,0,2015-05-14 13:52:28+03:00
0,1,0,0,0,1,2015-05-14 15:28:42+03:00
0,0,0,0,0,1,2015-05-14 16:08:47+03:00
0,1,0,0,0,2,2015-05-14 18:28:17+03:00
0,0,0,0,0,0,2015-05-14 18:32:44+03:00
0,3,0,0,0,2,2015-05-14 19:26:10+03:00
0,4,0,0,0,2,2015-05-15 16:14:10+03:00
0,3,0,0,0,3,2015-05-15 16:47:36+03:00
0,2,0,0,0,1,2015-05-15 16:54:59+03:00
0,4,0,0,0,0,2015-05-15 17:48:54+03:00
0,2,0,0,0,1,2015-05-19 21:35:13+03:00
0,2,0,0,0,2,2015-05-19 22:16:09+03:00
0,3,0,0,0,2,2015-05-21 00:11:57+03:00
0,2,0,0,0,2,2015-05-29 00:29:36+03:00
0,2,0,1,0,2,2015-05-29 09:57:59+03:00
0,2,0,0,0,2,2015-05-30 19:25:11+03:00
0,1,0,0,0,0,2015-05-31 00:14:57+03:00
0,1,0,0,0,0,2015-05-31 08:52:00+03:00
1,1,0,1,0,0,2015-05-31 23:39:14+03:00
