Acquisition,Preparation,Modeling,Training,Evaluation,Prediction,time
0,0,0,0,0,0,2020-09-30 20:21:27-07:00
0,0,0,0,0,0,2020-10-01 06:00:21+00:00
0,0,0,0,0,0,2020-10-01 16:33:52+00:00
0,1,0,0,0,0,2020-10-05 09:47:19-04:00
1,2,0,0,0,0,2020-10-17 06:07:36-04:00
5,4,0,0,0,0,2020-10-19 14:30:41-04:00
3,1,0,0,0,0,2020-10-19 20:51:36-04:00
6,3,0,0,0,0,2020-11-02 20:44:31-05:00
5,4,0,1,0,0,2020-11-20 11:41:04-05:00
1,1,0,0,1,0,2020-11-20 11:49:40-05:00
1,1,0,1,0,0,2020-11-20 15:07:52-05:00
1,1,0,1,0,0,2020-11-20 15:37:31-05:00
1,1,0,0,1,0,2020-11-30 00:44:29-05:00
2,2,0,1,1,0,2020-11-30 00:45:48-05:00
1,1,0,0,1,0,2020-11-30 00:52:32-05:00
1,1,0,0,1,0,2020-11-30 00:56:24-05:00
2,1,0,0,0,0,2020-11-30 09:08:15-05:00
1,1,0,1,0,0,2020-12-01 10:15:29-05:00
0,0,0,0,0,0,2020-12-01 10:49:15-05:00
4,1,0,0,1,0,2020-12-01 22:45:27-05:00
4,1,0,0,1,0,2020-12-01 22:45:27-05:00
2,2,0,0,0,0,2020-12-01 22:50:09-05:00
2,2,0,0,0,0,2020-12-01 21:34:53-08:00
0,0,0,0,0,0,2020-12-01 21:35:26-08:00
11,8,0,0,1,0,2020-12-02 01:25:45-05:00
1,1,0,0,0,0,2020-12-02 13:04:37-05:00
0,0,0,0,0,0,2020-12-02 16:07:29-05:00
5,5,0,0,1,0,2020-12-08 09:31:24-05:00
4,7,0,0,2,0,2020-12-16 10:39:49-05:00
0,0,0,0,0,0,2020-12-16 09:14:26-08:00
2,2,0,0,0,0,2020-12-16 11:39:37-08:00
2,2,0,0,0,0,2020-12-16 13:27:19-08:00
14,11,0,1,2,0,2020-12-16 13:27:48-08:00
1,1,0,0,0,0,2020-12-16 14:54:32-08:00
1,1,0,0,0,0,2020-12-17 00:00:39-08:00
4,7,0,0,3,0,2020-12-17 13:57:58-05:00
0,0,0,0,0,0,2020-12-17 13:58:28-05:00
1,2,0,0,0,0,2020-12-17 14:00:09-05:00
11,10,0,1,0,0,2020-12-17 11:10:29-08:00
0,0,0,0,0,0,2020-12-17 11:13:33-08:00
0,0,0,0,0,0,2020-12-17 14:17:40-05:00
1,3,0,0,1,0,2020-12-17 17:45:54-05:00
4,0,0,0,0,0,2020-12-18 00:22:48-05:00
0,0,0,0,0,0,2020-12-18 07:07:56+00:00
1,1,1,1,0,1,2020-12-18 03:16:51-05:00
0,0,0,0,0,0,2020-12-18 09:02:25-08:00
0,0,0,0,0,0,2020-12-18 09:02:37-08:00
0,0,0,0,0,0,2020-12-21 08:10:19+00:00
0,0,0,0,0,0,2020-12-21 09:32:10-08:00
4,4,0,0,0,0,2020-12-21 10:00:30-08:00
0,0,0,0,0,0,2020-12-21 17:00:04-08:00
1,3,0,0,0,0,2020-12-22 11:24:42-05:00
0,0,0,0,0,0,2020-12-22 11:25:33-05:00
0,0,0,0,0,0,2020-12-22 10:25:11-08:00
16,14,1,2,1,1,2020-12-22 14:51:37-08:00
1,1,0,0,1,0,2020-12-23 09:02:07+00:00
1,1,1,1,0,1,2020-12-23 09:03:51+00:00
0,0,0,0,0,0,2020-12-23 09:47:38-08:00
6,8,1,1,1,1,2020-12-23 09:51:11-08:00
0,0,0,0,0,0,2020-12-23 10:03:48-08:00
2,2,1,1,0,1,2020-12-23 10:14:35-08:00
0,0,0,0,0,0,2020-12-23 10:16:06-08:00
9,12,0,0,3,0,2020-12-23 14:32:00-08:00
0,0,0,0,0,0,2020-12-23 14:38:01-08:00
0,0,0,0,0,0,2020-12-23 14:55:33-08:00
4,4,0,1,3,0,2020-12-30 11:21:16-05:00
1,1,0,0,1,0,2020-12-30 11:30:42-05:00
0,0,0,0,1,0,2020-12-30 12:04:27-05:00
1,1,0,0,0,0,2020-12-30 12:30:23-05:00
1,1,0,0,0,0,2021-01-05 08:56:54-05:00
1,1,0,1,0,0,2021-01-05 09:03:08-05:00
1,1,0,0,0,0,2021-01-05 14:21:53-05:00
2,2,0,0,1,0,2021-01-05 19:13:05-05:00
0,1,0,0,1,0,2021-01-11 17:42:50-05:00
3,4,0,1,2,1,2021-01-13 16:17:54-05:00
1,1,0,0,0,0,2021-01-13 16:27:25-05:00
1,1,0,0,0,0,2021-01-13 16:29:58-05:00
1,1,0,0,0,0,2021-01-13 16:39:21-05:00
1,1,0,0,0,0,2021-01-13 16:41:46-05:00
1,1,0,0,0,0,2021-01-19 11:17:07-05:00
1,2,1,1,1,0,2021-01-19 21:00:39-05:00
0,1,1,1,0,0,2021-01-19 21:12:18-05:00
0,1,1,1,0,0,2021-01-19 21:13:40-05:00
1,2,1,1,1,0,2021-01-19 22:03:59-05:00
0,1,1,1,1,0,2021-01-19 22:29:42-05:00
0,1,1,1,1,0,2021-01-19 22:31:03-05:00
0,1,1,1,1,0,2021-01-19 22:32:23-05:00
2,1,0,0,0,0,2021-01-20 08:16:21-08:00
0,1,1,1,1,0,2021-01-20 16:34:25-05:00
0,1,1,1,1,0,2021-01-20 16:41:16-05:00
0,1,1,1,1,0,2021-01-24 20:00:45-05:00
0,1,1,1,1,0,2021-01-24 20:03:46-05:00
0,1,1,1,1,0,2021-01-24 20:27:55-05:00
0,0,0,0,0,0,2021-01-24 23:09:13-05:00
3,3,1,0,1,0,2021-01-25 05:43:20+00:00
0,0,0,0,0,0,2021-01-25 08:37:26-08:00
0,0,0,0,0,0,2021-01-25 08:38:32-08:00
1,1,1,0,1,0,2021-01-25 22:16:15+00:00
1,1,0,0,0,0,2021-01-26 11:35:03-05:00
1,1,0,0,1,0,2021-01-26 11:53:27-05:00
0,1,1,1,1,0,2021-01-26 19:03:55-05:00
0,1,1,1,1,0,2021-01-27 11:06:31-05:00
1,1,0,1,1,1,2021-01-27 13:19:22-05:00
0,0,0,0,0,0,2021-01-27 13:24:15-05:00
2,1,0,0,0,0,2021-01-28 14:02:54-08:00
0,0,0,0,0,0,2021-01-28 14:03:36-08:00
0,1,0,0,1,0,2021-01-29 16:04:08-05:00
1,1,0,0,0,0,2021-01-29 16:56:01-05:00
1,1,0,0,1,0,2021-01-30 03:02:16-05:00
1,1,0,0,1,0,2021-02-02 13:22:38-05:00
1,1,0,0,0,0,2021-02-02 13:24:39-05:00
3,2,0,0,1,0,2021-02-02 14:31:59-05:00
1,1,0,0,1,0,2021-02-02 14:56:46-05:00
1,1,0,0,1,0,2021-02-02 15:00:23-05:00
0,0,0,0,0,0,2021-02-02 16:25:57-05:00
1,0,0,0,0,0,2021-02-02 17:44:19-05:00
1,0,0,0,0,0,2021-02-03 13:28:02-05:00
1,1,1,0,1,0,2021-02-03 15:15:56-05:00
2,2,1,0,1,0,2021-02-03 15:25:20-05:00
1,1,1,0,1,0,2021-02-03 15:38:28-05:00
1,1,1,0,1,0,2021-02-03 15:42:30-05:00
1,1,1,0,1,0,2021-02-03 15:57:41-05:00
0,0,0,0,0,0,2021-02-03 14:19:17-08:00
1,1,1,0,1,0,2021-02-03 19:03:56-05:00
1,1,1,0,1,0,2021-02-03 19:04:44-05:00
0,0,0,0,0,0,2021-02-03 19:05:06-05:00
2,2,1,0,1,0,2021-02-03 21:20:26-05:00
0,0,0,0,0,0,2021-02-04 09:29:10-08:00
3,5,0,2,4,1,2021-02-04 19:25:06-05:00
0,0,0,0,0,0,2021-02-04 19:25:44-05:00
0,0,0,0,0,0,2021-02-04 16:39:10-08:00
1,2,0,2,2,1,2021-02-05 16:59:36+00:00
4,4,2,0,2,0,2021-02-05 17:25:23+00:00
1,1,0,0,1,0,2021-02-05 15:42:55-05:00
2,3,1,2,3,1,2021-02-06 03:15:39+00:00
0,0,0,0,0,0,2021-02-06 14:32:02-05:00
1,1,0,0,0,0,2021-02-06 14:54:58-08:00
1,1,0,0,0,0,2021-02-06 23:16:09-05:00
0,0,0,0,0,0,2021-02-08 07:39:24+00:00
1,1,0,0,0,0,2021-02-08 19:25:18-05:00
0,0,0,0,0,0,2021-02-09 10:25:17-08:00
1,1,0,1,1,1,2021-02-17 22:45:45+00:00
1,0,0,0,0,0,2021-02-17 22:46:42+00:00
2,1,0,0,1,0,2021-02-17 23:00:36+00:00
0,0,0,0,0,0,2021-02-17 18:03:25-05:00
2,1,0,0,1,0,2021-02-19 22:32:11+00:00
0,0,0,0,0,0,2021-02-08 07:39:24+00:00
1,1,0,0,1,0,2021-02-23 21:28:32+00:00
1,0,0,0,0,0,2021-02-23 21:30:08+00:00
0,0,0,0,0,0,2021-02-23 16:34:41-05:00
1,1,1,1,0,0,2021-02-23 16:41:32-05:00
0,0,0,0,0,0,2021-02-25 10:28:30-08:00
1,1,0,0,0,0,2021-02-25 10:30:40-08:00
0,0,0,0,0,0,2021-02-25 20:14:54-08:00
0,0,0,0,0,0,2021-02-25 20:15:06-08:00
0,0,0,0,0,0,2021-02-25 20:18:34-08:00
6,6,0,2,4,0,2021-02-26 08:08:30+00:00
0,0,0,0,0,0,2021-02-26 17:03:36-05:00
4,3,0,1,1,0,2021-03-01 23:54:58-08:00
0,0,0,0,0,0,2021-03-02 17:30:22+00:00
4,3,0,1,1,0,2021-03-02 18:30:05+00:00
4,3,0,1,1,0,2021-03-02 18:38:09+00:00
1,0,0,0,0,0,2021-03-02 22:26:02+00:00
1,1,0,0,1,0,2021-03-02 22:28:38+00:00
1,1,0,0,1,0,2021-03-02 22:32:51+00:00
1,1,1,1,0,0,2021-03-02 22:33:26+00:00
1,1,0,0,0,0,2021-03-02 22:34:36+00:00
1,1,0,0,1,0,2021-03-02 22:37:12+00:00
1,1,0,1,1,1,2021-03-02 22:39:59+00:00
1,1,0,0,1,0,2021-03-02 22:41:01+00:00
1,1,0,0,1,0,2021-03-02 22:42:45+00:00
1,1,0,0,0,0,2021-03-02 22:44:02+00:00
0,1,0,0,0,0,2021-03-02 22:44:52+00:00
1,1,0,1,1,0,2021-03-02 22:46:03+00:00
1,1,0,0,1,0,2021-03-02 22:48:38+00:00
1,1,0,1,1,1,2021-03-02 22:50:49+00:00
0,0,0,0,0,0,2021-03-02 22:51:12+00:00
0,0,0,0,0,0,2021-03-02 22:55:14+00:00
0,0,0,0,0,0,2021-03-02 22:56:11+00:00
0,0,0,0,0,0,2021-03-03 04:11:50+00:00
0,0,0,0,0,0,2021-03-03 04:13:19+00:00
1,1,0,1,1,0,2021-03-03 04:14:07+00:00
1,1,0,0,1,0,2021-03-03 04:15:01+00:00
0,0,0,0,0,0,2021-03-04 08:09:44+00:00
3,1,0,0,1,0,2021-03-04 08:13:02+00:00
7,6,0,1,6,0,2021-03-04 08:18:27+00:00
0,0,0,0,0,0,2021-03-04 12:46:59-05:00
0,0,0,0,0,0,2021-03-04 12:49:25-05:00
1,0,0,0,0,0,2021-03-04 17:23:26-05:00
0,0,0,0,0,0,2021-03-04 17:24:51-05:00
0,0,0,0,0,0,2021-03-04 18:52:51-05:00
0,0,0,0,0,0,2021-03-09 12:46:51-08:00
0,0,0,0,0,0,2021-03-09 14:58:35-08:00
0,0,0,0,0,0,2021-03-09 16:17:36-08:00
0,0,0,0,0,0,2021-03-09 16:19:04-08:00
0,0,0,0,0,0,2021-03-09 16:27:12-08:00
0,0,0,0,0,0,2021-03-09 16:34:04-08:00
0,0,0,0,0,0,2021-03-09 16:35:46-08:00
0,0,0,0,0,0,2021-03-09 16:44:47-08:00
0,0,0,0,0,0,2021-03-09 20:24:30-08:00
0,0,0,0,0,0,2021-03-09 20:26:55-08:00
0,0,0,0,0,0,2021-03-09 20:35:49-08:00
0,0,0,0,0,0,2021-03-09 21:52:54-08:00
0,0,0,0,0,0,2021-03-09 22:22:57-08:00
1,1,0,0,1,0,2021-03-11 15:40:23+00:00
1,1,0,0,0,0,2021-03-11 15:44:00+00:00
1,1,0,0,1,0,2021-03-11 15:54:10+00:00
1,1,0,1,1,0,2021-03-11 15:57:08+00:00
0,0,0,0,0,0,2021-03-11 15:57:51+00:00
2,3,0,0,0,0,2021-03-11 13:37:18-05:00
1,1,0,0,1,0,2021-03-11 13:47:48-05:00
3,4,0,2,3,1,2021-03-11 14:05:15-05:00
1,2,0,0,1,0,2021-03-11 14:07:44-05:00
1,0,0,0,0,0,2021-03-11 14:08:52-05:00
2,1,0,0,1,0,2021-03-11 14:13:58-05:00
2,2,0,0,0,0,2021-03-11 14:26:49-05:00
1,1,1,0,1,0,2021-03-11 14:29:20-05:00
0,0,0,0,0,0,2021-03-11 23:15:08-05:00
0,0,0,0,0,0,2021-03-12 15:19:46-05:00
10,4,0,0,1,0,2021-03-12 15:51:53-05:00
0,0,0,0,0,0,2021-03-12 21:12:37+00:00
1,1,0,0,0,0,2021-03-12 21:39:55+00:00
4,2,1,1,2,0,2021-03-12 16:48:35-05:00
5,4,1,1,0,0,2021-03-17 00:15:36+00:00
5,6,0,2,5,2,2021-03-18 22:09:41+00:00
0,0,0,0,0,0,2021-03-19 15:13:33-07:00
1,1,1,1,0,0,2021-03-23 10:32:02-07:00
0,0,0,0,0,0,2021-03-24 11:45:39-04:00
0,0,0,0,0,0,2021-03-24 10:17:51-07:00
11,9,1,2,3,0,2021-03-24 10:26:16-07:00
0,0,0,0,0,0,2021-03-24 10:30:23-07:00
1,1,0,0,0,0,2021-03-24 10:38:06-07:00
1,2,0,0,0,0,2021-03-24 10:55:59-07:00
0,0,0,0,0,0,2021-03-24 11:01:12-07:00
1,1,1,0,0,0,2021-03-31 11:51:47-07:00
1,0,0,0,0,0,2021-03-31 21:17:40+00:00
4,4,0,0,0,0,2021-03-31 21:27:26+00:00
7,7,1,2,2,1,2021-03-31 23:15:21+00:00
2,2,0,1,2,0,2021-03-31 23:24:37+00:00
0,0,0,0,0,0,2021-03-31 23:32:30+00:00
0,0,0,0,0,0,2021-03-31 19:36:44-04:00
0,1,0,0,0,0,2021-04-01 10:11:31-04:00
0,1,0,0,0,0,2021-04-01 10:09:05-07:00
1,0,0,0,0,0,2021-04-01 18:21:58-04:00
0,0,0,0,0,0,2021-04-01 23:43:34+00:00
1,1,0,0,1,0,2021-04-01 23:45:52+00:00
1,1,0,0,1,0,2021-04-01 23:49:02+00:00
1,1,0,1,1,1,2021-04-02 14:15:20+00:00
1,0,0,0,0,0,2021-04-02 11:38:18-04:00
0,0,0,0,0,0,2021-04-06 07:29:54+00:00
0,0,0,0,0,0,2021-04-08 07:30:15+00:00
1,0,0,0,1,0,2021-04-08 15:14:17+00:00
0,0,0,0,0,0,2021-04-09 08:23:10-07:00
0,0,0,0,0,0,2021-04-09 14:08:25-07:00
0,0,0,0,0,0,2021-04-09 14:08:32-07:00
0,0,0,0,0,0,2021-04-09 14:32:08-07:00
0,0,0,0,0,0,2021-04-12 17:02:07+00:00
1,1,0,0,1,0,2021-04-12 17:13:15+00:00
0,0,0,0,0,0,2021-04-12 13:11:29-04:00
1,1,0,1,1,0,2021-04-12 17:27:00+00:00
0,0,0,0,0,0,2021-04-12 13:28:12-04:00
2,2,0,1,1,0,2021-04-12 17:33:53+00:00
1,1,0,0,1,0,2021-04-12 18:06:35+00:00
2,2,0,0,1,0,2021-04-12 18:17:21+00:00
2,2,0,1,2,1,2021-04-12 20:31:17+00:00
0,0,0,0,0,0,2021-04-12 20:35:29+00:00
0,0,0,0,0,0,2021-04-12 16:39:28-04:00
0,0,0,0,0,0,2021-04-13 07:28:14+00:00
1,0,0,0,0,0,2021-04-13 15:55:02-04:00
1,0,0,0,0,0,2021-04-13 16:02:18-04:00
1,0,0,0,0,0,2021-04-13 16:05:53-04:00
1,0,0,0,0,0,2021-04-13 16:15:23-04:00
1,0,0,0,0,0,2021-04-13 16:17:10-04:00
1,0,0,0,0,0,2021-04-13 16:23:18-04:00
1,0,0,0,0,0,2021-04-13 16:28:50-04:00
1,0,0,0,0,0,2021-04-13 16:34:55-04:00
1,0,0,0,0,0,2021-04-13 16:43:46-04:00
1,0,0,0,0,0,2021-04-13 16:51:14-04:00
1,0,0,0,0,0,2021-04-13 16:57:39-04:00
1,1,1,0,1,0,2021-04-14 15:01:17+00:00
0,0,0,0,0,0,2021-04-14 15:05:07+00:00
1,1,1,0,0,0,2021-04-14 17:15:31-07:00
0,0,0,0,0,0,2021-04-15 12:04:03-07:00
0,0,0,0,0,0,2021-04-15 12:34:32-07:00
1,1,1,0,0,0,2021-04-15 13:13:10-07:00
1,0,0,0,0,0,2021-04-15 16:42:23-04:00
0,0,0,0,0,0,2021-04-15 16:43:15-04:00
0,0,0,0,0,0,2021-04-15 13:48:35-07:00
0,0,0,0,0,0,2021-04-21 07:21:48+00:00
0,0,0,0,0,0,2021-04-27 20:45:48-07:00
8,6,0,3,4,2,2021-04-28 20:17:38+00:00
0,0,0,0,0,0,2021-04-28 13:44:58-07:00
0,0,0,0,0,0,2021-04-28 14:39:48-07:00
0,0,0,0,0,0,2021-04-28 14:43:38-07:00
0,0,0,0,0,0,2021-04-28 15:24:32-07:00
0,0,0,0,0,0,2021-04-28 15:26:40-07:00
0,0,0,0,0,0,2021-04-29 01:53:35-07:00
0,0,0,0,0,0,2021-04-29 02:02:09-07:00
0,0,0,0,0,0,2021-04-29 08:05:55-07:00
0,0,0,0,0,0,2021-04-29 08:18:25-07:00
0,0,0,0,0,0,2021-04-29 08:59:39-07:00
0,0,0,0,0,0,2021-05-01 08:37:48-07:00
0,0,0,0,0,0,2021-05-12 05:59:52+00:00
0,0,0,0,0,0,2021-05-12 05:59:54+00:00
0,0,0,0,0,0,2021-05-12 06:00:05+00:00
0,0,0,0,0,0,2021-06-29 20:56:37-07:00
0,0,0,0,0,0,2021-06-30 15:05:52+00:00
0,0,0,0,0,0,2021-08-20 15:07:23+00:00
0,0,0,0,0,0,2021-09-29 10:14:44-07:00
0,0,0,0,0,0,2021-09-29 10:14:53-07:00
0,0,0,0,0,0,2021-09-29 10:15:01-07:00
0,0,0,0,0,0,2021-09-29 10:15:10-07:00
0,0,0,0,0,0,2021-09-30 15:08:08+00:00
0,0,0,0,0,0,2021-09-30 08:17:23-07:00
1,2,0,0,0,0,2021-10-13 19:02:25+00:00
0,0,0,0,0,0,2021-10-13 15:06:11-04:00
1,2,0,0,0,0,2021-10-13 12:54:17-07:00
0,0,0,0,0,0,2021-10-13 13:56:02-07:00
0,0,0,0,0,0,2021-10-15 12:17:18-07:00
0,0,0,0,0,0,2021-10-15 12:36:13-07:00
0,0,0,0,0,0,2021-10-18 15:07:43+00:00
0,0,0,0,0,0,2021-10-18 08:49:30-07:00
0,0,0,0,0,0,2021-10-25 15:06:39+00:00
0,0,0,0,0,0,2021-10-25 08:30:41-07:00
0,0,0,0,0,0,2021-11-10 23:38:59-08:00
0,0,0,0,0,0,2021-12-01 15:02:05+00:00
0,0,0,0,0,0,2021-12-01 15:02:08+00:00
0,0,0,0,0,0,2021-12-01 07:42:53-08:00
0,0,0,0,0,0,2021-12-01 07:44:30-08:00
0,0,0,0,0,0,2022-01-01 15:01:22+00:00
0,0,0,0,0,0,2022-02-08 10:04:34-05:00
1,0,0,0,0,0,2022-02-08 10:24:45-05:00
1,0,0,0,0,0,2022-02-08 18:18:08-05:00
0,0,0,0,0,0,2022-02-08 18:19:01-05:00
0,0,0,0,0,0,2022-02-08 23:59:18+00:00
0,0,0,0,0,0,2022-02-09 00:09:13+00:00
0,0,0,0,0,0,2022-02-09 00:10:47+00:00
1,0,0,0,0,0,2022-02-09 00:12:09+00:00
0,0,0,0,0,0,2022-02-16 14:29:58+00:00
0,0,0,0,0,0,2022-03-08 17:41:26+00:00
0,0,0,0,0,0,2022-03-08 18:18:41+00:00
0,0,0,0,0,0,2022-03-08 11:48:50-07:00
0,0,0,0,0,0,2022-04-01 15:01:33+00:00
0,0,0,0,0,0,2022-04-01 15:01:36+00:00
0,0,0,0,0,0,2022-04-01 15:01:41+00:00
0,0,0,0,0,0,2022-04-11 22:42:40+00:00
0,0,0,0,0,0,2022-04-26 16:50:37-07:00
0,0,0,0,0,0,2022-04-26 16:56:41-07:00
0,0,0,0,0,0,2022-04-26 16:56:54-07:00
0,0,0,0,0,0,2022-04-26 16:57:03-07:00
0,0,0,0,0,0,2022-04-26 16:57:12-07:00
0,0,0,0,0,0,2022-04-26 16:57:26-07:00
0,0,0,0,0,0,2022-04-26 23:57:42+00:00
0,0,0,0,0,0,2022-04-26 16:58:16-07:00
0,0,0,0,0,0,2022-04-26 16:59:40-07:00
1,0,0,0,0,0,2022-04-26 17:13:25-07:00
0,0,0,0,0,0,2022-04-26 17:17:37-07:00
0,0,0,0,0,0,2022-04-26 17:23:32-07:00
