Acquisition,Preparation,Modeling,Training,Evaluation,Prediction,time
0,0,0,0,0,0,2020-08-07 13:18:38-07:00
0,0,0,0,0,0,2020-08-07 13:37:36-07:00
0,0,0,0,0,0,2020-08-07 20:38:16+00:00
0,0,0,0,0,0,2020-08-07 14:01:25-07:00
0,1,0,0,0,0,2020-08-07 14:04:33-07:00
0,0,0,0,0,0,2020-08-07 14:04:43-07:00
0,0,0,0,0,0,2020-08-12 05:48:44+00:00
0,0,0,0,0,0,2020-08-11 22:56:45-07:00
4,3,0,0,0,0,2020-08-23 00:43:51-07:00
0,0,0,0,0,0,2020-08-23 00:43:56-07:00
1,1,0,0,0,0,2020-08-24 01:04:18-07:00
1,1,0,0,0,0,2020-08-27 18:38:18+00:00
0,0,0,0,0,0,2020-08-27 15:03:26-07:00
1,1,0,0,0,0,2020-08-30 17:26:35-07:00
1,1,0,0,0,0,2020-08-30 17:42:39-07:00
1,1,0,0,0,0,2020-09-02 21:06:12-07:00
1,1,0,0,0,0,2020-09-08 12:09:54-07:00
1,1,0,0,0,0,2020-09-08 12:12:03-07:00
1,1,0,0,0,0,2020-09-11 21:02:04-04:00
3,3,1,1,1,1,2020-09-19 20:08:28-07:00
0,0,0,0,0,0,2020-09-24 06:05:02+00:00
5,8,2,1,1,3,2020-09-25 22:46:29-07:00
1,2,1,0,0,2,2020-09-25 23:13:36-07:00
2,4,0,0,0,1,2020-09-27 15:50:50-07:00
2,5,1,0,0,2,2020-09-27 20:50:04-07:00
1,1,0,0,0,0,2020-09-28 22:25:22-04:00
1,1,0,0,0,0,2020-09-29 23:30:01-04:00
2,3,1,0,0,2,2020-09-29 20:35:07-07:00
5,8,2,1,1,3,2020-09-30 00:17:40-07:00
2,2,0,0,0,1,2020-09-30 00:25:17-07:00
2,4,1,0,0,2,2020-09-30 10:28:44-07:00
1,1,0,0,0,0,2020-09-30 14:07:40-04:00
1,1,0,0,0,0,2020-09-30 14:28:42-04:00
0,0,0,0,0,0,2020-09-30 11:55:54-07:00
0,0,0,0,0,0,2020-09-30 11:56:01-07:00
2,2,0,0,0,1,2020-09-30 11:56:37-07:00
0,0,0,0,0,0,2020-09-30 11:57:33-07:00
1,1,0,0,0,0,2020-09-30 12:12:35-07:00
1,1,0,1,0,1,2020-09-30 23:41:34+00:00
1,1,0,0,0,0,2020-09-30 23:46:57+00:00
1,1,0,0,0,0,2020-09-30 23:56:09+00:00
2,2,0,0,0,1,2020-10-01 03:02:34+00:00
0,0,0,0,0,0,2020-10-01 06:08:05+00:00
1,1,0,0,0,1,2020-10-01 01:17:10-07:00
0,0,0,0,0,0,2020-10-01 01:17:39-07:00
0,0,0,1,0,1,2020-10-01 01:19:33-07:00
4,5,1,1,0,3,2020-10-01 06:32:12-07:00
0,0,0,0,0,0,2020-10-01 07:47:34-07:00
0,0,0,0,0,0,2020-10-01 07:47:50-07:00
1,1,1,0,0,1,2020-10-01 10:25:34-07:00
0,0,0,0,0,0,2020-10-01 10:25:40-07:00
2,5,2,0,0,3,2020-10-01 18:57:55-07:00
1,1,1,1,0,2,2020-10-01 19:32:26-07:00
1,1,0,0,0,0,2020-10-03 12:43:36-07:00
5,11,2,1,0,3,2020-10-03 13:12:03-07:00
6,13,3,3,2,5,2020-10-12 09:52:48-07:00
0,0,0,0,0,0,2020-10-15 06:06:28+00:00
1,1,0,0,0,0,2020-10-19 10:45:25-07:00
8,13,3,3,2,4,2020-10-19 11:21:46-07:00
1,3,2,1,1,2,2020-10-19 12:26:04-07:00
0,0,0,0,0,0,2020-10-19 12:29:53-07:00
0,0,0,0,0,0,2020-10-19 13:25:02-07:00
0,0,0,0,0,0,2020-10-19 13:26:04-07:00
0,0,0,0,0,0,2020-10-19 13:30:28-07:00
0,0,0,0,0,0,2020-10-19 13:35:49-07:00
0,0,0,0,0,0,2020-10-19 13:39:06-07:00
0,0,0,0,0,0,2020-10-19 13:43:22-07:00
0,0,0,0,0,0,2020-10-19 13:48:50-07:00
0,0,0,0,0,0,2020-10-19 13:52:27-07:00
0,0,0,0,0,0,2020-10-19 15:01:00-07:00
3,13,3,3,2,4,2020-10-22 14:03:09-07:00
0,4,2,2,2,2,2020-10-22 15:07:44-07:00
1,5,3,3,2,3,2020-10-22 16:39:20-07:00
0,0,0,0,0,0,2020-10-22 16:42:29-07:00
1,5,2,2,2,2,2020-10-23 17:33:01-07:00
0,0,0,0,0,0,2020-10-25 20:10:42-07:00
6,12,3,2,2,5,2020-10-25 23:48:36-07:00
0,0,0,0,0,0,2020-10-25 23:48:41-07:00
0,0,0,0,0,0,2020-10-25 23:49:46-07:00
2,3,1,1,1,3,2020-10-26 00:31:45-07:00
0,2,0,0,0,2,2020-10-26 00:32:30-07:00
2,2,0,0,0,0,2020-10-26 11:36:42-07:00
1,1,0,0,0,0,2020-10-26 14:51:38-07:00
1,1,0,0,0,2,2020-10-26 14:51:46-07:00
2,2,1,0,0,2,2020-10-26 16:21:52-07:00
0,1,0,0,0,0,2020-10-27 00:01:41+00:00
1,1,0,0,0,0,2020-10-26 17:12:24-07:00
0,0,0,0,0,0,2020-10-26 17:38:44-07:00
1,1,0,0,0,0,2020-10-26 20:42:23-04:00
0,0,0,0,0,0,2020-10-26 20:46:18-04:00
1,1,0,0,0,0,2020-10-26 21:00:40-04:00
0,0,0,0,0,0,2020-10-26 18:55:40-07:00
5,14,2,1,1,5,2020-10-26 19:48:25-07:00
0,0,0,0,0,0,2020-10-26 19:55:32-07:00
0,0,0,0,0,0,2020-10-26 20:35:57-07:00
1,1,0,0,0,0,2020-10-26 20:43:16-07:00
4,5,2,1,1,3,2020-10-27 00:12:15-07:00
2,2,0,0,0,1,2020-10-27 20:36:41+00:00
0,0,0,0,0,0,2020-10-27 20:45:13+00:00
0,1,0,0,0,0,2020-10-27 20:45:51+00:00
1,1,0,0,0,0,2020-10-29 00:22:58+00:00
3,7,3,2,1,6,2020-10-28 18:55:33-07:00
8,16,7,2,1,10,2020-10-29 00:16:47-07:00
5,7,4,0,0,4,2020-10-29 00:54:06-07:00
1,1,1,0,0,0,2020-10-29 10:13:44-07:00
3,4,0,0,0,4,2020-10-29 10:13:55-07:00
1,2,1,1,0,1,2020-10-29 10:14:04-07:00
3,5,2,1,0,3,2020-10-29 10:14:53-07:00
8,13,5,0,0,5,2020-10-29 11:11:36-07:00
2,4,3,0,0,3,2020-10-29 11:13:16-07:00
0,1,0,0,0,0,2020-10-29 11:25:01-07:00
0,1,0,0,0,0,2020-10-29 11:32:01-07:00
0,1,0,0,0,0,2020-10-29 11:44:22-07:00
3,7,5,0,0,4,2020-10-29 11:50:08-07:00
2,2,0,0,0,0,2020-10-29 12:25:55-07:00
0,3,3,0,0,3,2020-10-29 12:26:08-07:00
3,4,1,0,0,1,2020-10-29 12:57:51-07:00
0,1,0,0,0,0,2020-10-29 15:45:28-07:00
0,1,1,0,0,1,2020-10-29 15:53:27-07:00
6,12,4,0,0,4,2020-10-29 20:52:16-07:00
0,1,0,0,0,0,2020-10-29 21:00:22-07:00
0,1,0,0,0,0,2020-10-29 21:01:30-07:00
0,3,1,0,0,2,2020-10-30 02:18:37-07:00
1,4,1,0,0,2,2020-10-30 11:04:21-07:00
1,1,0,0,0,0,2020-10-30 20:29:38+00:00
2,3,0,0,0,4,2020-10-30 17:17:28-07:00
0,0,0,0,0,0,2020-10-30 17:17:35-07:00
1,1,0,0,0,0,2020-10-30 18:02:48-07:00
0,0,0,0,0,0,2020-10-30 18:14:06-07:00
0,0,0,0,0,0,2020-10-30 18:37:24-07:00
0,3,0,0,0,0,2020-10-31 22:00:18-07:00
0,1,0,0,0,0,2020-10-31 22:04:17-07:00
0,0,0,0,0,0,2020-11-01 20:27:03-08:00
0,0,0,0,0,0,2020-11-04 06:03:19+00:00
0,0,0,0,0,0,2020-11-04 00:11:38-07:00
0,0,0,0,0,0,2020-11-05 17:57:01+00:00
0,0,0,0,0,0,2020-11-05 17:58:06+00:00
0,0,0,0,0,0,2020-11-05 10:27:54-08:00
0,0,0,0,0,0,2020-11-05 10:40:13-08:00
0,0,0,0,0,0,2020-11-05 19:37:50+00:00
0,0,0,0,0,0,2020-11-05 12:11:17-08:00
0,0,0,0,0,0,2020-11-05 15:31:13-07:00
0,1,0,0,0,0,2020-11-05 14:34:08-08:00
0,0,0,0,0,0,2020-11-05 14:34:14-08:00
0,0,0,0,0,0,2020-11-05 14:34:31-08:00
0,1,0,0,0,0,2020-11-06 01:11:13+00:00
0,1,1,0,0,0,2020-11-10 18:39:13+00:00
0,0,0,0,0,0,2020-11-11 13:12:06-05:00
1,1,0,0,0,0,2020-11-11 13:33:17-05:00
0,0,0,0,0,0,2020-11-11 15:20:06-08:00
1,1,0,0,0,0,2020-11-17 09:33:10-05:00
0,0,0,0,0,0,2020-11-20 13:57:27-08:00
1,3,1,1,0,2,2020-11-28 16:35:26-08:00
1,1,0,0,0,0,2020-11-30 13:41:21-08:00
2,2,0,0,0,0,2020-11-30 19:56:53-05:00
0,0,0,0,0,0,2020-12-01 19:20:49-08:00
2,2,0,0,0,0,2020-12-02 16:27:03-08:00
2,2,0,0,0,0,2020-12-09 15:37:23-05:00
1,1,0,0,0,0,2020-12-15 13:28:16-05:00
1,1,0,0,0,0,2020-12-15 13:40:29-05:00
1,1,0,0,0,0,2020-12-15 14:04:52-05:00
1,1,0,0,0,0,2020-12-15 16:30:56-05:00
0,0,0,0,0,0,2020-12-15 23:04:14-08:00
3,11,0,0,0,1,2020-12-16 00:05:15-08:00
0,0,0,0,0,0,2020-12-16 00:05:21-08:00
0,0,0,0,0,0,2020-12-18 05:59:47+00:00
0,0,0,0,0,0,2020-12-18 08:29:45-08:00
0,0,0,0,0,0,2020-12-21 06:59:34+00:00
0,0,0,0,0,0,2020-12-21 10:36:42-08:00
0,7,1,1,1,2,2021-01-04 23:49:56-08:00
0,0,0,0,0,0,2021-01-04 23:50:01-08:00
0,11,1,1,1,2,2021-01-04 23:50:55-08:00
0,4,0,0,0,1,2021-01-05 00:47:56-08:00
0,0,0,0,0,0,2021-01-08 18:47:42+00:00
0,1,0,0,0,0,2021-01-13 07:50:37+00:00
1,2,0,0,0,1,2021-01-13 14:23:35-08:00
0,1,0,0,0,0,2021-01-14 07:13:03+00:00
0,2,0,0,0,0,2021-01-14 07:58:09+00:00
0,2,1,1,1,1,2021-01-21 22:52:51+00:00
1,3,1,0,0,0,2021-01-22 01:41:58+00:00
0,1,0,0,0,0,2021-01-22 01:46:08+00:00
1,5,0,0,0,1,2021-01-24 15:25:07-08:00
0,0,0,0,0,0,2021-02-02 10:10:03-08:00
0,0,0,0,0,0,2021-02-08 06:07:25+00:00
0,0,0,0,0,0,2021-02-09 11:13:32-08:00
0,3,0,0,0,0,2021-02-18 19:18:43-08:00
0,0,0,0,0,0,2021-02-18 19:18:48-08:00
0,1,0,0,0,0,2021-02-19 10:39:15-08:00
0,1,0,0,0,0,2021-02-19 10:40:51-08:00
0,1,0,0,0,0,2021-02-23 05:00:34+00:00
1,2,0,0,0,0,2021-02-23 05:02:09+00:00
0,1,1,0,0,1,2021-02-23 05:07:15+00:00
0,1,0,0,0,0,2021-02-23 05:08:21+00:00
0,1,1,0,0,1,2021-02-23 05:18:51+00:00
0,1,1,0,0,1,2021-02-23 05:33:00+00:00
0,1,1,0,0,1,2021-02-23 06:25:52+00:00
1,2,1,0,0,1,2021-02-24 05:51:52+00:00
0,0,0,0,0,0,2021-03-08 16:32:22-08:00
0,0,0,0,0,0,2021-03-08 16:34:02-08:00
0,0,0,0,0,0,2021-03-10 16:17:20-08:00
2,8,0,0,0,2,2021-03-10 16:26:52-08:00
0,0,0,0,0,0,2021-03-10 16:33:57-08:00
0,0,0,0,0,0,2021-03-10 16:45:12-08:00
0,0,0,0,0,0,2021-03-10 16:53:47-08:00
0,1,1,0,0,1,2021-03-16 03:51:40+00:00
0,1,0,0,0,0,2021-03-16 05:28:07+00:00
0,1,0,0,0,0,2021-03-16 17:38:28+00:00
0,1,0,0,0,0,2021-03-16 18:32:07+00:00
2,4,0,0,0,0,2021-03-17 13:49:40+00:00
0,1,0,0,0,0,2021-03-17 23:56:08+00:00
0,1,0,0,0,0,2021-03-18 21:19:05+00:00
0,1,1,1,1,1,2021-03-18 16:29:38-07:00
0,0,0,0,0,0,2021-03-19 15:27:50-07:00
1,1,0,0,0,0,2021-03-19 15:36:43-07:00
0,1,1,0,0,1,2021-03-20 01:24:02+00:00
0,2,1,0,0,1,2021-03-20 01:44:48+00:00
0,1,0,0,0,0,2021-03-20 02:04:11+00:00
0,0,0,0,0,0,2021-03-21 09:59:20-07:00
0,0,0,0,0,0,2021-03-21 09:59:45-07:00
1,3,0,0,0,1,2021-03-21 23:35:07-07:00
0,1,0,0,0,1,2021-03-22 00:16:41-07:00
0,1,0,0,0,1,2021-03-22 00:17:41-07:00
0,3,0,0,0,0,2021-03-23 00:25:59+00:00
1,2,0,0,0,0,2021-03-23 00:30:29+00:00
0,1,0,0,0,1,2021-03-23 01:39:19+00:00
0,0,0,0,0,0,2021-03-23 03:03:00+00:00
1,2,0,0,0,0,2021-03-23 17:44:30+00:00
0,1,1,0,0,1,2021-03-23 17:45:00+00:00
0,1,0,0,0,0,2021-03-23 17:47:00+00:00
0,3,0,0,0,0,2021-03-23 17:54:01+00:00
1,6,0,0,0,0,2021-03-24 20:58:30+00:00
1,7,0,0,0,1,2021-03-25 21:09:54+00:00
0,4,0,0,0,0,2021-03-30 05:21:38+00:00
1,2,0,0,0,0,2021-03-30 07:32:01+00:00
0,1,0,0,0,0,2021-03-30 22:41:38+00:00
0,0,0,0,0,0,2021-03-30 22:57:49+00:00
0,1,1,0,0,1,2021-03-31 20:41:23+00:00
0,1,0,0,0,0,2021-04-01 07:12:55+00:00
3,6,3,1,1,4,2021-04-01 16:38:58+00:00
0,4,1,0,0,1,2021-04-01 18:39:58+00:00
0,0,0,0,0,0,2021-04-01 19:02:48+00:00
0,0,0,0,0,0,2021-04-01 19:04:11+00:00
0,2,0,0,0,0,2021-04-02 01:04:38+00:00
0,1,0,0,0,0,2021-04-02 01:36:30+00:00
0,1,0,0,0,0,2021-04-02 01:41:44+00:00
0,1,0,0,0,0,2021-04-02 01:47:33+00:00
0,1,0,0,0,0,2021-04-02 19:55:31+00:00
0,1,0,0,0,0,2021-04-02 19:57:19+00:00
0,0,0,0,0,0,2021-04-06 05:37:33+00:00
0,0,0,0,0,0,2021-04-06 16:35:00-07:00
0,0,0,0,0,0,2021-04-08 05:39:17+00:00
0,0,0,0,0,0,2021-04-08 09:00:40-07:00
0,0,0,0,0,0,2021-04-08 09:32:01-07:00
0,0,0,0,0,0,2021-04-08 09:32:31-07:00
0,1,1,0,0,1,2021-04-14 22:11:32+00:00
0,3,0,0,0,0,2021-04-14 22:14:42+00:00
1,1,0,0,0,0,2021-04-14 22:16:20+00:00
0,3,0,0,0,0,2021-04-14 22:22:39+00:00
0,0,0,0,0,0,2021-04-14 22:23:40+00:00
0,0,0,0,0,0,2021-04-14 23:41:38+00:00
0,0,0,0,0,0,2021-04-14 23:43:14+00:00
1,3,0,0,0,0,2021-04-14 23:43:58+00:00
3,14,4,0,0,4,2021-04-14 17:07:53-07:00
0,0,0,0,0,0,2021-04-14 17:09:57-07:00
1,1,0,0,0,1,2021-04-15 05:57:36+00:00
1,4,3,0,0,2,2021-04-15 06:04:36+00:00
2,5,3,0,0,2,2021-04-14 23:09:40-07:00
0,0,0,0,0,0,2021-04-14 23:30:19-07:00
2,6,3,0,0,2,2021-04-15 17:00:43+00:00
1,1,0,0,0,0,2021-04-15 18:29:13+00:00
0,4,0,0,0,0,2021-04-15 20:52:01+00:00
0,0,0,0,0,0,2021-04-21 05:27:04+00:00
0,0,0,0,0,0,2021-04-26 08:14:38-07:00
0,0,0,0,0,0,2021-04-26 10:42:58-07:00
0,0,0,0,0,0,2021-04-26 17:43:41+00:00
0,0,0,0,0,0,2021-04-26 10:48:30-07:00
0,0,0,0,0,0,2021-04-26 10:48:46-07:00
0,0,0,0,0,0,2021-04-28 17:04:57-07:00
1,1,0,0,0,0,2021-05-04 04:06:51+00:00
0,0,0,0,0,0,2021-05-04 16:43:49+00:00
0,0,0,0,0,0,2021-05-04 16:44:34+00:00
0,0,0,0,0,0,2021-05-04 09:52:45-07:00
3,5,0,0,0,0,2021-05-04 23:07:06-07:00
0,0,0,0,0,0,2021-05-04 23:07:33-07:00
0,1,1,0,0,1,2021-05-05 20:22:17+00:00
0,0,0,0,0,0,2021-05-05 20:22:34+00:00
2,4,2,0,0,1,2021-05-06 20:55:49+00:00
0,0,0,0,0,0,2021-05-06 21:08:58+00:00
0,2,0,0,0,0,2021-05-07 02:22:21+00:00
0,2,0,0,0,0,2021-05-07 02:25:18+00:00
0,0,0,0,0,0,2021-05-07 02:26:32+00:00
0,2,1,0,0,1,2021-05-08 02:21:29+00:00
0,2,0,0,0,0,2021-05-08 02:28:38+00:00
0,1,0,0,0,0,2021-05-08 02:30:48+00:00
1,3,0,0,0,1,2021-05-08 16:51:42+00:00
0,0,0,0,0,0,2021-05-08 16:51:56+00:00
2,2,0,0,0,0,2021-05-08 09:53:17-07:00
1,1,0,0,0,0,2021-05-08 11:51:35-07:00
5,9,1,0,0,0,2021-05-08 11:52:57-07:00
0,2,0,0,0,0,2021-05-10 22:25:11+00:00
0,1,0,0,0,0,2021-05-10 22:31:34+00:00
0,0,0,0,0,0,2021-05-10 22:34:30+00:00
1,2,0,0,0,0,2021-05-10 22:50:36+00:00
0,0,0,0,0,0,2021-05-10 23:10:04+00:00
0,0,0,0,0,0,2021-05-12 05:07:25+00:00
0,0,0,0,0,0,2021-05-12 05:08:42+00:00
0,1,0,0,0,0,2021-05-12 19:27:25+00:00
0,1,0,0,0,0,2021-05-12 19:28:17+00:00
0,1,0,0,0,0,2021-05-12 19:48:14+00:00
0,0,0,0,0,0,2021-05-12 19:52:24+00:00
0,0,0,0,0,0,2021-05-12 13:05:56-07:00
0,0,0,0,0,0,2021-05-12 13:06:05-07:00
1,2,0,0,0,0,2021-05-12 13:49:40-07:00
1,4,0,0,0,0,2021-05-12 13:55:28-07:00
1,1,0,0,0,0,2021-05-12 21:04:02+00:00
2,2,0,0,0,0,2021-05-12 22:04:59+00:00
0,0,0,0,0,0,2021-05-12 15:17:35-07:00
0,0,0,0,0,0,2021-05-12 15:22:45-07:00
0,0,0,0,0,0,2021-05-12 15:23:26-07:00
0,1,0,0,0,0,2021-05-12 22:51:55+00:00
0,0,0,0,0,0,2021-05-12 22:52:49+00:00
0,0,0,0,0,0,2021-05-12 16:21:59-07:00
0,4,0,0,0,0,2021-05-12 23:23:35+00:00
0,0,0,0,0,0,2021-05-12 23:24:10+00:00
0,1,0,0,0,0,2021-05-12 23:28:13+00:00
0,0,0,0,0,0,2021-05-12 16:41:56-07:00
0,1,0,0,0,0,2021-05-13 17:47:28+00:00
1,1,0,0,0,0,2021-05-13 17:48:04+00:00
0,0,0,0,0,0,2021-05-13 17:51:59+00:00
1,2,0,0,0,0,2021-05-14 06:12:26+00:00
1,1,0,0,0,0,2021-05-14 23:54:05+00:00
0,0,0,0,0,0,2021-05-15 00:00:54+00:00
0,0,0,0,0,0,2021-10-25 13:02:15+00:00
0,0,0,0,0,0,2021-10-25 08:31:50-07:00
0,0,0,0,0,0,2021-10-25 08:32:03-07:00
0,0,0,0,0,0,2021-10-25 08:32:12-07:00
0,0,0,0,0,0,2021-10-25 15:32:33+00:00
0,0,0,0,0,0,2021-10-25 09:17:41-07:00
0,0,0,0,0,0,2021-10-26 13:02:48+00:00
0,0,0,0,0,0,2021-11-03 13:02:44+00:00
0,0,0,0,0,0,2021-11-09 19:29:40-08:00
0,0,0,0,0,0,2021-11-09 19:29:50-08:00
0,0,0,0,0,0,2021-11-11 15:04:11-08:00
0,0,0,0,0,0,2021-11-11 15:42:07-08:00
0,0,0,0,0,0,2021-11-17 13:03:35+00:00
0,0,0,0,0,0,2021-11-17 06:52:25-08:00
0,0,0,0,0,0,2021-11-29 13:03:01+00:00
0,0,0,0,0,0,2021-11-30 13:03:01+00:00
0,0,0,0,0,0,2021-11-30 10:08:30-08:00
0,0,0,0,0,0,2021-11-30 10:08:43-08:00
5,6,0,0,0,0,2022-04-13 16:38:40-07:00
1,1,0,0,0,0,2022-04-13 16:46:48-07:00
2,2,0,0,0,0,2022-04-13 22:15:58-07:00
2,2,0,1,0,1,2022-04-13 22:44:21-07:00
0,0,0,0,0,0,2022-04-13 22:48:03-07:00
0,0,0,0,0,0,2022-04-13 22:55:06-07:00
0,3,0,0,0,0,2022-04-14 20:58:54+00:00
0,1,0,0,0,0,2022-04-14 21:04:34+00:00
0,1,0,0,0,0,2022-04-14 21:38:37+00:00
0,1,0,0,0,0,2022-04-14 21:53:16+00:00
0,2,0,0,0,0,2022-04-14 22:08:51+00:00
0,1,0,0,0,0,2022-04-14 22:10:35+00:00
0,2,0,0,0,0,2022-04-14 23:57:31+00:00
0,1,0,0,0,0,2022-04-15 17:19:06+00:00
0,7,0,0,0,0,2022-04-15 17:23:52+00:00
0,0,0,0,0,0,2022-04-15 14:49:48-07:00
1,1,0,0,0,0,2022-04-15 15:23:13-07:00
1,1,1,0,0,0,2022-06-03 14:57:36-05:00
