Acquisition,Preparation,Modeling,Training,Evaluation,Prediction,time
405,1361,286,7,42,18,2019-05-18 10:09:05+02:00
405,1361,286,7,42,18,2019-05-18 10:22:19+02:00
0,0,0,0,0,0,2019-05-18 10:43:20+02:00
0,0,0,0,0,0,2019-05-18 10:49:04+02:00
0,0,0,0,0,0,2019-05-18 09:57:57+00:00
0,0,0,0,0,0,2019-05-18 09:59:53+00:00
0,0,0,0,0,0,2019-05-18 10:02:07+00:00
0,0,0,0,0,0,2019-05-18 12:05:21+02:00
0,0,0,0,0,0,2019-05-18 12:35:34+02:00
0,0,1,0,0,0,2019-05-18 15:04:39+02:00
1,1,2,0,0,0,2019-05-22 18:30:46+02:00
0,0,0,0,0,0,2019-05-22 20:17:57+02:00
1,1,1,0,0,0,2019-05-22 23:20:52+02:00
0,0,0,0,0,0,2019-05-24 09:21:48+02:00
0,0,0,0,0,0,2019-05-24 16:58:02+02:00
1,1,1,1,1,0,2019-06-21 17:08:05+02:00
0,0,0,0,0,0,2019-06-21 17:31:18+02:00
2,2,2,2,2,0,2019-06-21 17:44:01+02:00
0,0,0,0,0,0,2019-06-22 11:59:46+02:00
3,3,3,3,3,0,2019-06-22 12:03:52+02:00
0,0,0,0,0,0,2019-06-26 10:09:34+02:00
0,0,0,0,0,0,2019-06-26 10:38:30+02:00
9,7,7,7,4,0,2019-06-27 15:23:26+02:00
2,2,2,2,1,0,2019-06-27 17:03:48+02:00
5,8,8,6,4,0,2019-06-28 13:58:16+02:00
2,3,3,2,1,0,2019-06-28 17:00:48+02:00
1,1,1,1,1,0,2019-07-03 12:53:16+02:00
1,1,1,1,1,0,2019-07-03 13:28:30+02:00
0,0,0,0,0,0,2019-07-03 13:32:25+02:00
0,0,0,0,0,0,2019-07-03 13:36:43+02:00
0,0,0,0,0,0,2019-07-03 13:41:40+02:00
1,1,1,1,1,0,2019-07-03 13:48:00+02:00
2,2,2,2,2,0,2019-07-03 13:50:32+02:00
2,2,2,2,2,0,2019-07-03 13:57:36+02:00
2,2,2,2,2,0,2019-07-03 14:00:24+02:00
5,4,4,4,3,0,2019-07-03 17:54:42+02:00
6,2,2,2,2,0,2019-07-03 18:35:52+02:00
2,1,1,1,1,0,2019-07-03 19:02:45+02:00
0,0,0,0,0,0,2019-07-04 21:35:43+02:00
4,4,2,2,1,0,2019-07-05 12:46:50+02:00
9,12,11,7,8,0,2019-07-17 14:50:24+02:00
0,1,1,1,1,0,2019-07-17 15:20:00+02:00
5,6,6,6,6,0,2019-07-17 16:19:44+02:00
8,8,2,1,5,0,2019-07-19 13:11:53+02:00
1,2,1,1,0,0,2019-07-19 14:23:54+02:00
2,6,5,3,4,0,2019-07-19 14:52:56+02:00
0,5,4,4,4,0,2019-07-20 12:18:22+02:00
0,3,2,3,3,0,2019-07-20 13:43:16+02:00
0,2,1,2,2,0,2019-07-20 14:32:26+02:00
10,9,3,4,6,0,2019-07-22 23:09:25+02:00
2,3,1,1,3,0,2019-07-24 10:52:01+02:00
1,0,0,0,1,0,2019-07-24 14:12:21+02:00
0,2,1,2,2,0,2019-07-24 14:22:12+02:00
0,0,0,0,0,0,2019-07-24 14:31:16+02:00
10,9,4,4,8,1,2019-07-25 10:38:16+02:00
2,2,0,0,0,0,2019-07-25 12:18:43+02:00
2,2,1,1,2,1,2019-07-25 14:23:45+02:00
1,2,1,2,2,0,2019-07-25 14:32:39+02:00
1,2,1,2,2,0,2019-07-25 14:36:14+02:00
4,4,1,2,5,0,2019-07-26 09:10:54+02:00
9,9,3,3,8,1,2019-07-26 15:16:05+02:00
0,1,1,1,1,0,2019-07-26 15:23:25+02:00
3,2,1,1,1,1,2019-07-30 10:01:14+02:00
1,1,0,0,0,0,2019-07-30 10:05:31+02:00
0,0,0,0,0,0,2019-07-30 10:06:39+02:00
7,6,2,2,3,1,2019-08-02 07:48:03+02:00
2,4,3,4,3,1,2019-08-02 18:17:05+02:00
1,2,1,1,1,1,2019-08-08 19:57:00+02:00
4,4,2,2,2,1,2019-08-09 18:39:29+02:00
6,7,4,3,3,1,2019-08-13 16:33:28+02:00
0,0,0,0,0,0,2019-08-14 16:55:04+02:00
8,10,6,6,5,2,2019-08-14 16:55:26+02:00
0,1,1,1,1,0,2019-08-14 16:57:45+02:00
4,8,6,6,6,0,2019-08-14 22:51:44+02:00
1,5,5,5,4,0,2019-08-15 10:05:33+02:00
0,0,0,0,0,0,2019-08-15 10:11:07+02:00
0,0,0,0,0,0,2019-08-15 08:24:56+00:00
0,0,0,0,0,0,2019-08-15 08:52:35+00:00
1,1,0,0,1,0,2019-08-15 10:59:33+02:00
4,4,2,2,3,2,2019-08-15 11:51:21+02:00
1,1,1,1,1,0,2019-08-15 12:43:12+02:00
2,6,4,3,3,1,2019-08-15 13:05:26+02:00
3,3,0,2,2,1,2019-08-15 13:21:20+02:00
0,0,0,0,0,0,2019-08-15 12:07:56+00:00
6,9,4,6,7,1,2019-08-15 18:39:24+02:00
8,8,4,4,2,2,2019-08-16 11:52:44+02:00
1,1,1,1,0,0,2019-08-16 15:54:42+02:00
3,3,3,3,0,0,2019-08-20 18:35:19+02:00
3,6,4,4,4,2,2019-08-20 21:47:58+02:00
5,6,1,1,1,2,2019-08-21 11:04:01+02:00
2,2,0,0,0,1,2019-08-21 13:20:14+02:00
2,2,0,0,1,1,2019-08-21 14:12:53+02:00
9,10,5,5,4,2,2019-08-22 15:46:34+02:00
6,9,6,6,3,0,2019-08-22 20:51:36+02:00
4,10,9,9,8,0,2019-08-23 12:39:14+02:00
2,1,1,1,1,0,2019-08-23 13:48:54+02:00
5,7,4,1,1,0,2019-08-23 15:56:50+02:00
4,11,8,6,5,2,2019-08-23 17:19:48+02:00
5,5,1,1,2,1,2019-08-28 09:43:05+02:00
0,0,0,0,0,0,2019-08-28 09:46:13+02:00
6,6,2,2,3,1,2019-08-28 16:18:25+02:00
12,17,11,10,7,2,2019-08-29 11:00:35+02:00
5,11,6,5,5,3,2019-08-29 13:51:17+02:00
5,9,4,4,4,2,2019-08-29 15:04:14+02:00
9,10,2,1,2,5,2019-08-30 10:20:15+02:00
1,3,2,1,1,1,2019-08-30 11:32:38+02:00
1,2,1,1,1,0,2019-08-30 13:15:51+02:00
7,10,6,5,3,2,2019-08-30 17:11:55+02:00
5,6,2,2,1,1,2019-09-04 12:12:30+02:00
0,4,4,4,3,0,2019-09-04 12:32:39+02:00
2,2,1,1,1,0,2019-09-04 13:02:25+02:00
2,2,2,2,2,0,2019-09-04 14:04:17+02:00
3,4,4,4,3,0,2019-09-04 16:29:19+02:00
2,3,3,3,2,0,2019-09-04 16:32:32+02:00
3,5,4,4,4,0,2019-09-05 09:02:43+02:00
11,16,6,5,9,2,2019-09-05 12:42:11+02:00
0,0,0,0,0,0,2019-09-05 12:51:31+02:00
6,10,4,4,5,2,2019-09-05 18:18:43+02:00
4,4,1,1,1,1,2019-09-18 08:40:37+02:00
1,0,0,0,0,0,2019-09-18 09:22:27+02:00
10,9,1,1,0,5,2019-09-26 12:42:45+02:00
28,23,1,1,6,1,2019-10-02 13:36:45+02:00
1,2,1,1,1,1,2019-10-02 13:48:12+02:00
8,6,0,0,1,1,2019-10-02 17:52:52+02:00
0,0,0,0,0,0,2019-10-02 19:20:32+02:00
2,0,0,0,0,0,2019-10-03 11:44:13+02:00
9,5,1,1,0,1,2019-10-10 09:27:00+02:00
1,2,2,2,2,0,2019-10-10 09:40:55+02:00
6,8,7,7,7,1,2019-10-10 11:09:43+02:00
4,5,3,3,1,0,2019-10-11 16:30:29+02:00
3,3,1,1,0,1,2019-10-11 23:18:41+02:00
7,7,2,2,2,0,2019-10-16 10:29:26+02:00
6,7,2,1,3,2,2019-11-02 15:27:43+01:00
1,1,0,0,0,1,2019-11-20 09:27:25+01:00
0,1,1,1,0,0,2019-11-20 09:37:29+01:00
13,10,0,0,0,0,2019-11-21 13:39:05+01:00
5,5,2,2,0,1,2019-11-21 13:39:37+01:00
0,2,2,1,0,0,2019-11-21 14:09:35+01:00
7,10,4,4,3,3,2019-11-21 18:22:54+01:00
12,14,5,6,4,2,2019-12-02 18:42:53+01:00
17,13,0,0,0,0,2019-12-03 10:44:32+01:00
3,3,3,3,2,1,2019-12-03 11:31:35+01:00
2,2,2,2,2,0,2019-12-03 11:37:41+01:00
0,0,0,0,0,0,2019-12-03 15:55:57+01:00
4,4,2,2,2,0,2019-12-03 15:56:16+01:00
8,8,0,0,0,0,2019-12-03 19:47:10+01:00
7,6,2,1,3,0,2019-12-09 08:18:29+01:00
7,9,3,2,1,0,2019-12-11 09:40:03+01:00
1,1,1,1,1,0,2019-12-11 09:45:31+01:00
1,1,1,1,1,0,2019-12-11 09:46:56+01:00
2,3,2,1,2,0,2019-12-11 10:07:49+01:00
1,1,0,0,0,0,2019-12-11 16:48:32+01:00
8,10,3,2,3,1,2019-12-11 16:48:46+01:00
15,15,2,2,3,0,2019-12-12 18:48:55+01:00
2,2,1,1,2,0,2019-12-13 08:04:33+01:00
4,4,0,0,1,0,2019-12-13 11:36:34+01:00
11,12,1,0,0,0,2019-12-18 12:18:46+01:00
5,6,1,1,1,1,2019-12-18 18:29:26+01:00
10,10,0,0,1,1,2019-12-19 18:48:19+01:00
25,31,10,9,3,2,2020-02-01 09:59:01+01:00
4,5,4,4,2,2,2020-02-01 10:35:56+01:00
1,2,2,2,1,0,2020-02-01 11:01:09+01:00
0,0,0,0,0,0,2020-02-20 12:28:30+01:00
0,0,0,0,0,0,2020-02-20 12:28:42+01:00
5,6,4,4,2,2,2020-02-20 14:55:53+01:00
0,0,0,0,0,0,2020-02-21 08:37:55+01:00
0,0,0,0,0,0,2020-02-21 08:40:56+01:00
1,1,0,0,0,1,2020-02-21 09:25:38+01:00
0,0,0,0,0,0,2020-02-26 15:11:52+01:00
2,3,2,2,0,2,2020-02-26 16:14:14+01:00
