Acquisition,Preparation,Modeling,Training,Evaluation,Prediction,time
0,0,0,0,0,0,2018-10-22 12:11:28+01:00
0,0,0,0,0,0,2018-10-31 14:42:09+00:00
1,1,0,1,0,0,2018-11-02 14:12:27+00:00
1,1,0,1,0,0,2018-11-04 17:16:26+00:00
2,2,0,2,0,0,2018-11-05 17:36:18+00:00
1,1,0,1,0,0,2018-11-05 17:36:45+00:00
2,2,0,2,0,0,2018-11-05 17:52:01+00:00
1,2,0,1,0,0,2018-11-05 21:27:30+00:00
1,1,0,1,0,1,2018-11-05 22:03:24+00:00
1,1,0,1,0,0,2018-11-07 19:00:36+00:00
1,1,1,1,0,1,2018-11-07 19:01:50+00:00
1,1,1,1,0,1,2018-11-10 14:48:51+00:00
0,0,0,0,0,0,2018-11-11 16:06:25+00:00
0,0,0,0,0,0,2018-11-11 16:11:25+00:00
0,0,0,0,0,0,2018-11-11 23:52:20+00:00
0,0,0,0,0,0,2018-11-12 00:42:38+00:00
0,0,0,0,0,0,2018-11-12 14:16:44+00:00
0,0,0,0,0,0,2018-11-12 14:19:49+00:00
0,0,0,0,0,0,2018-11-12 18:44:07+00:00
0,0,0,0,0,0,2018-11-12 21:44:37+00:00
0,0,0,0,0,0,2018-11-12 21:51:08+00:00
0,0,0,0,0,0,2018-11-12 15:16:12+00:00
0,0,0,0,0,0,2018-11-13 00:05:22+00:00
0,0,0,0,0,0,2018-11-13 00:32:11+00:00
0,0,0,0,0,0,2018-11-13 00:36:12+00:00
0,0,0,0,0,0,2018-11-13 14:00:23+00:00
0,0,0,0,0,0,2018-11-13 14:28:21+00:00
0,0,0,0,0,0,2018-11-13 14:31:03+00:00
0,0,0,0,0,0,2018-11-13 16:49:43+00:00
0,0,0,0,0,0,2018-11-13 19:44:30+00:00
0,0,0,0,0,0,2018-11-14 22:58:46+00:00
0,1,0,0,0,0,2018-11-14 23:02:27+00:00
0,0,0,0,0,0,2018-11-15 01:41:10+00:00
0,0,0,0,0,0,2018-11-15 01:42:58+00:00
0,0,0,0,0,0,2018-11-15 13:06:23+00:00
0,0,0,0,0,0,2018-11-15 13:25:56+00:00
1,1,0,0,0,0,2018-11-15 16:20:47+00:00
0,1,0,0,0,0,2018-11-15 16:56:15+00:00
0,1,0,0,0,0,2018-11-15 18:15:16+00:00
0,0,0,0,0,0,2018-11-15 18:19:32+00:00
0,0,0,0,0,0,2018-11-15 19:38:54+00:00
0,0,0,0,0,0,2018-11-15 19:47:27+00:00
1,2,0,0,0,0,2018-11-15 19:56:33+00:00
1,1,0,1,0,0,2018-11-15 19:56:51+00:00
0,0,0,0,0,0,2018-11-15 21:19:30+00:00
1,1,0,1,0,0,2018-11-15 21:27:02+00:00
1,1,0,1,0,0,2018-11-15 22:15:09+00:00
1,1,0,1,0,0,2018-11-15 22:29:03+00:00
0,0,0,0,0,0,2018-11-16 02:49:02+00:00
1,1,0,1,0,0,2018-11-16 12:53:06+00:00
0,0,0,0,0,0,2018-11-16 13:04:33+00:00
0,0,0,0,0,0,2018-11-16 13:06:43+00:00
1,1,1,1,0,0,2018-11-16 13:38:08+00:00
1,1,1,1,0,0,2018-11-16 15:16:51+00:00
1,1,1,1,0,0,2018-11-16 20:40:57+00:00
1,1,1,1,0,0,2018-11-16 21:09:43+00:00
1,1,1,1,1,1,2018-11-16 23:26:58+00:00
1,1,1,1,1,1,2018-11-17 01:44:59+00:00
1,1,1,1,1,1,2018-11-17 13:10:42+00:00
1,1,1,1,1,1,2018-11-17 13:57:34+00:00
1,1,1,1,1,1,2018-11-17 16:39:08+00:00
1,1,1,1,1,1,2018-11-17 20:27:08+00:00
1,1,1,1,1,1,2018-11-17 22:13:36+00:00
1,1,1,1,1,1,2018-11-17 22:45:28+00:00
1,1,1,1,1,1,2018-11-17 22:57:34+00:00
0,0,0,0,0,0,2018-11-17 23:52:01+00:00
1,1,1,1,1,1,2018-11-18 00:01:24+00:00
1,1,1,1,1,1,2018-11-18 00:28:20+00:00
0,0,0,0,0,0,2018-11-18 00:29:20+00:00
0,0,0,0,0,0,2018-11-18 01:13:50+00:00
1,1,1,1,1,1,2018-11-18 02:15:09+00:00
1,1,1,1,1,1,2018-11-18 10:16:20+00:00
1,1,1,1,1,1,2018-11-18 00:28:20+00:00
1,1,1,1,1,1,2018-11-18 10:50:49+00:00
1,1,1,1,1,1,2018-11-18 11:01:53+00:00
0,0,0,0,0,0,2018-11-18 11:16:59+00:00
1,1,1,1,1,1,2018-11-18 11:47:00+00:00
1,1,1,1,1,1,2018-11-18 13:54:25+00:00
0,0,0,0,0,0,2018-11-18 15:27:47+00:00
1,1,1,1,1,1,2018-11-18 20:56:38+00:00
0,0,0,0,0,0,2018-11-18 21:31:08+00:00
0,0,0,0,0,0,2018-11-18 21:32:56+00:00
1,1,1,1,1,1,2018-11-18 21:47:45+00:00
0,0,0,0,0,0,2018-11-19 11:36:59+00:00
1,1,1,1,1,1,2018-11-19 15:24:33+00:00
0,0,0,0,0,0,2018-11-19 17:36:29+00:00
0,0,0,0,0,0,2018-11-19 17:38:14+00:00
0,0,0,0,0,0,2018-11-19 17:38:34+00:00
1,1,1,1,1,1,2018-11-19 17:51:03+00:00
