Acquisition,Preparation,Modeling,Training,Evaluation,Prediction,time
0,0,0,0,0,0,2021-07-24 11:39:06-04:00
0,0,0,0,0,0,2021-07-24 13:50:58-04:00
0,0,0,0,0,0,2021-07-24 14:15:18-04:00
0,0,0,0,0,0,2021-07-24 14:22:01-04:00
0,1,0,0,0,0,2021-07-24 14:42:06-04:00
0,1,0,0,0,0,2021-07-24 14:46:41-04:00
0,0,0,0,0,0,2021-07-24 15:30:15-04:00
0,0,0,0,0,0,2021-07-24 15:37:23-04:00
0,1,0,0,0,0,2021-07-24 15:44:53-04:00
0,1,0,0,0,0,2021-07-24 15:50:03-04:00
0,1,0,0,0,0,2021-07-24 15:52:36-04:00
0,0,0,0,0,0,2021-07-24 16:07:41-04:00
0,0,0,0,0,0,2021-07-24 16:36:36-04:00
0,0,0,0,0,0,2021-07-25 14:48:12-04:00
0,1,0,0,0,0,2021-07-25 14:51:28-04:00
0,1,0,0,0,0,2021-07-25 14:53:20-04:00
0,1,0,0,0,0,2021-07-25 15:17:14-04:00
0,0,0,0,0,0,2021-07-25 16:52:02-04:00
0,0,0,0,0,0,2021-07-25 17:43:49-04:00
0,0,0,0,0,0,2021-07-25 21:24:55-04:00
0,0,0,0,0,0,2021-07-25 21:28:54-04:00
0,0,0,0,0,0,2021-07-25 21:29:51-04:00
0,0,0,0,0,0,2021-07-26 08:25:34-04:00
0,0,0,0,0,0,2021-07-26 08:27:31-04:00
0,0,0,0,0,0,2021-07-26 08:47:03-04:00
0,0,0,0,0,0,2021-07-26 08:47:46-04:00
0,0,0,0,0,0,2021-07-26 08:48:06-04:00
0,0,0,0,0,0,2021-07-26 08:48:38-04:00
0,0,0,0,0,0,2021-07-26 08:49:02-04:00
0,0,0,0,0,0,2021-07-26 08:49:22-04:00
0,0,0,0,0,0,2021-07-26 08:49:38-04:00
0,0,0,0,0,0,2021-07-26 08:49:54-04:00
0,0,0,0,0,0,2021-07-26 08:50:05-04:00
0,0,0,0,0,0,2021-07-26 09:22:43-04:00
0,0,0,0,0,0,2021-07-26 09:23:11-04:00
0,0,0,0,0,0,2021-07-26 09:23:37-04:00
0,0,0,0,0,0,2021-07-26 09:23:59-04:00
0,0,0,0,0,0,2021-07-26 09:25:17-04:00
0,0,0,0,0,0,2021-07-26 09:25:58-04:00
0,0,0,0,0,0,2021-07-26 09:26:31-04:00
0,0,0,0,0,0,2021-07-26 10:16:56-04:00
0,0,0,0,0,0,2021-07-26 10:17:12-04:00
0,1,0,0,0,0,2021-07-26 23:27:56+09:00
0,1,0,0,0,0,2021-07-26 23:30:19+09:00
0,0,0,0,0,0,2021-07-26 10:33:19-04:00
0,0,0,0,0,0,2021-07-26 10:35:02-04:00
0,0,0,0,0,0,2021-07-26 12:12:53-04:00
0,0,0,0,0,0,2021-07-26 11:17:57-05:00
0,0,0,0,0,0,2021-07-26 11:19:24-05:00
0,0,0,0,0,0,2021-07-26 16:31:02+00:00
0,0,0,0,0,0,2021-07-26 16:31:51+00:00
0,0,0,0,0,0,2021-07-26 11:34:57-05:00
0,0,0,0,0,0,2021-07-26 11:35:10-05:00
0,0,0,0,0,0,2021-07-26 11:38:06-05:00
0,0,0,0,0,0,2021-07-26 11:38:13-05:00
0,0,0,0,0,0,2021-07-26 11:39:16-05:00
0,0,0,0,0,0,2021-07-26 11:40:10-05:00
1,1,0,0,0,0,2021-07-26 11:56:10-05:00
1,1,0,0,0,0,2021-07-26 11:58:45-05:00
0,0,0,0,0,0,2021-07-26 11:59:51-05:00
0,0,0,0,0,0,2021-07-26 13:12:29-04:00
0,1,0,0,0,0,2021-07-26 13:14:56-04:00
0,1,1,1,0,1,2021-07-26 13:28:49-04:00
1,1,0,0,0,0,2021-07-26 12:34:33-05:00
1,1,0,0,0,0,2021-07-26 12:42:06-05:00
0,0,0,0,0,0,2021-07-26 12:42:31-05:00
0,0,0,0,0,0,2021-07-26 13:44:58-04:00
0,1,0,0,0,0,2021-07-26 14:12:49-04:00
0,0,0,0,0,0,2021-07-26 14:13:14-04:00
1,2,0,0,0,0,2021-07-26 13:20:10-05:00
0,0,0,0,0,0,2021-07-26 13:20:43-05:00
0,1,0,0,0,0,2021-07-26 14:43:21-04:00
0,1,0,0,0,0,2021-07-26 14:46:50-04:00
0,0,0,0,0,0,2021-07-26 14:52:36-04:00
0,0,0,0,0,0,2021-07-26 15:02:58-04:00
0,1,1,1,0,1,2021-07-26 15:25:50-04:00
0,0,0,0,0,0,2021-07-26 14:32:08-05:00
0,1,0,0,0,0,2021-07-26 15:32:52-04:00
0,0,0,0,0,0,2021-07-26 14:34:04-05:00
0,1,0,0,0,0,2021-07-26 15:38:17-04:00
0,1,1,1,0,1,2021-07-26 15:39:16-04:00
0,1,0,0,0,0,2021-07-26 15:44:19-04:00
0,1,0,0,0,0,2021-07-26 15:46:24-04:00
0,1,0,0,0,0,2021-07-26 15:57:33-04:00
0,1,0,0,0,0,2021-07-26 16:03:01-04:00
0,0,0,0,0,0,2021-07-26 13:11:12-07:00
0,1,0,0,0,0,2021-07-26 16:12:40-04:00
0,0,0,0,0,0,2021-07-26 13:13:30-07:00
0,0,0,0,0,0,2021-07-26 13:15:19-07:00
0,0,0,0,0,0,2021-07-26 16:15:34-04:00
0,1,0,0,0,0,2021-07-26 16:17:10-04:00
0,1,0,0,0,0,2021-07-26 16:51:33-04:00
1,1,0,0,0,0,2021-07-26 16:05:03-05:00
0,1,0,0,0,0,2021-07-26 17:15:26-04:00
0,1,0,0,0,0,2021-07-26 17:25:23-04:00
0,1,0,0,0,0,2021-07-26 17:27:55-04:00
0,1,0,0,0,0,2021-07-26 17:29:16-04:00
0,1,0,0,0,0,2021-07-26 17:37:32-04:00
0,2,0,0,0,0,2021-07-26 17:49:17-04:00
1,2,1,1,1,0,2021-07-26 17:52:46-04:00
0,3,1,2,0,2,2021-07-26 18:31:19-04:00
0,0,0,0,0,0,2021-07-26 16:24:42-07:00
0,1,0,0,0,0,2021-07-26 19:38:15-04:00
0,2,0,1,0,1,2021-07-26 19:48:42-04:00
0,3,0,0,0,0,2021-07-26 19:49:20-04:00
0,0,0,0,0,0,2021-07-26 20:47:04-04:00
0,2,0,0,0,0,2021-07-26 20:48:39-04:00
0,2,0,0,0,0,2021-07-26 20:50:17-04:00
0,0,0,0,0,0,2021-07-26 18:25:30-07:00
0,0,0,0,0,0,2021-07-26 18:25:37-07:00
0,0,0,0,0,0,2021-07-26 18:26:38-07:00
1,2,0,0,0,0,2021-07-26 21:55:57-04:00
0,0,0,0,0,0,2021-07-26 21:02:53-04:00
1,1,0,0,0,0,2021-07-26 21:30:55-04:00
0,1,0,0,0,0,2021-07-26 21:31:33-04:00
0,1,0,0,0,0,2021-07-26 21:34:25-04:00
1,1,0,0,0,0,2021-07-26 21:50:18-04:00
1,1,0,0,0,0,2021-07-26 22:04:49-04:00
0,1,0,0,0,0,2021-07-26 22:42:34-04:00
2,5,0,0,0,0,2021-07-26 23:03:06-04:00
0,0,0,0,0,0,2021-07-26 23:32:39-04:00
1,1,0,0,0,0,2021-07-26 23:32:55-04:00
0,0,0,0,0,0,2021-07-26 23:37:36-04:00
0,1,0,1,0,1,2021-07-26 23:45:37-04:00
1,1,0,0,0,0,2021-07-26 23:53:29-04:00
0,0,0,0,0,0,2021-07-26 23:59:28-04:00
0,0,0,0,0,0,2021-07-27 00:00:39-04:00
1,1,0,0,0,0,2021-07-27 00:19:59-04:00
0,0,0,0,0,0,2021-07-26 21:22:57-07:00
1,1,0,0,0,0,2021-07-27 00:51:28-04:00
0,0,0,0,0,0,2021-07-27 00:53:14-04:00
1,1,0,0,0,0,2021-07-27 00:56:16-04:00
1,1,0,0,0,0,2021-07-27 01:02:48-04:00
0,1,0,0,0,0,2021-07-27 01:05:51-04:00
0,2,0,0,0,0,2021-07-27 01:16:52-04:00
0,0,0,0,0,0,2021-07-27 01:18:48-04:00
2,4,2,3,0,0,2021-07-27 14:20:30+09:00
1,2,0,0,0,0,2021-07-27 01:31:26-04:00
0,0,0,0,0,0,2021-07-27 01:42:21-04:00
3,5,0,0,0,0,2021-07-27 01:57:43-04:00
0,0,0,0,0,0,2021-07-27 01:57:52-04:00
0,1,0,0,0,0,2021-07-26 23:23:53-07:00
5,6,1,1,1,0,2021-07-27 02:36:14-04:00
0,0,0,0,0,0,2021-07-27 02:36:19-04:00
0,2,0,0,0,0,2021-07-26 23:43:46-07:00
0,0,0,0,0,0,2021-07-26 23:43:49-07:00
0,1,0,0,0,0,2021-07-26 23:44:45-07:00
1,1,0,0,0,0,2021-07-27 02:54:40-04:00
0,0,0,0,0,0,2021-07-27 00:06:23-07:00
1,1,0,0,0,0,2021-07-27 09:09:32+02:00
4,4,2,2,2,2,2021-07-27 03:17:45-04:00
0,0,0,0,0,0,2021-07-27 03:17:54-04:00
0,0,0,0,0,0,2021-07-27 09:26:39+02:00
1,1,0,0,0,0,2021-07-27 09:29:19+02:00
1,4,2,3,0,0,2021-07-27 16:53:08+09:00
0,0,0,0,0,0,2021-07-27 01:28:54-07:00
0,0,0,0,0,0,2021-07-27 01:29:00-07:00
0,1,0,0,0,0,2021-07-27 04:30:31-04:00
0,2,0,1,0,1,2021-07-27 04:36:20-04:00
0,4,0,1,0,1,2021-07-27 05:13:35-04:00
0,2,0,0,0,0,2021-07-27 02:23:03-07:00
0,0,0,0,0,0,2021-07-27 02:23:16-07:00
0,0,0,0,0,0,2021-07-27 13:09:22+02:00
0,0,0,0,0,0,2021-07-27 13:11:24+02:00
0,0,0,0,0,0,2021-07-27 13:20:01+02:00
0,0,0,0,0,0,2021-07-27 19:27:23+08:00
0,2,0,0,0,0,2021-07-27 08:34:27-04:00
0,1,0,0,0,0,2021-07-27 08:37:37-04:00
0,1,0,0,0,0,2021-07-27 08:37:51-04:00
0,2,0,1,0,0,2021-07-27 21:57:19+09:00
0,1,0,0,0,0,2021-07-27 15:17:38+02:00
0,0,0,0,0,0,2021-07-27 15:27:21+02:00
0,1,0,0,0,1,2021-07-27 16:04:05+02:00
0,0,0,0,0,0,2021-07-27 10:28:05-04:00
0,0,0,0,0,0,2021-07-27 10:30:54-04:00
0,0,0,0,0,0,2021-07-27 10:31:35-04:00
0,0,0,0,0,0,2021-07-27 10:37:12-04:00
0,0,0,0,0,0,2021-07-27 16:40:54+02:00
0,0,0,0,0,0,2021-07-27 10:42:01-04:00
0,0,0,0,0,0,2021-07-27 10:43:11-04:00
0,0,0,0,0,0,2021-07-27 10:45:08-04:00
1,1,0,0,0,0,2021-07-27 10:46:10-04:00
0,0,0,0,0,0,2021-07-27 10:46:39-04:00
0,0,0,0,0,0,2021-07-27 10:46:52-04:00
1,1,0,0,0,0,2021-07-27 10:48:07-04:00
0,0,0,0,0,0,2021-07-27 16:48:33+02:00
0,0,0,0,0,0,2021-07-27 10:50:55-04:00
0,0,0,0,0,0,2021-07-27 10:57:32-04:00
0,0,0,0,0,0,2021-07-27 10:58:14-04:00
0,0,0,0,0,0,2021-07-27 10:59:34-04:00
0,0,0,0,0,0,2021-07-27 11:06:57-04:00
0,0,0,0,0,0,2021-07-27 11:11:11-04:00
0,0,0,0,0,0,2021-07-27 11:11:36-04:00
0,0,0,0,0,0,2021-07-27 11:21:59-04:00
0,0,0,0,0,0,2021-07-27 11:42:30-04:00
0,0,0,0,0,0,2021-07-27 11:47:17-04:00
0,0,0,0,0,0,2021-07-27 11:47:30-04:00
0,0,0,0,0,0,2021-07-27 11:50:31-04:00
0,0,0,0,0,0,2021-07-27 11:53:21-04:00
1,1,0,0,0,0,2021-07-27 11:54:05-04:00
0,0,0,0,0,0,2021-07-27 11:54:07-04:00
0,0,0,0,0,0,2021-07-27 11:58:29-04:00
1,1,1,1,1,1,2021-07-27 11:59:08-04:00
0,0,0,0,0,0,2021-07-27 11:59:14-04:00
0,0,0,0,0,0,2021-07-27 11:59:35-04:00
0,0,0,0,0,0,2021-07-27 12:00:00-04:00
0,0,0,0,0,0,2021-07-27 12:02:48-04:00
0,0,0,0,0,0,2021-07-27 12:06:16-04:00
0,0,0,0,0,0,2021-07-27 12:06:46-04:00
0,0,0,0,0,0,2021-07-27 12:07:35-04:00
0,0,0,0,0,0,2021-07-27 12:08:43-04:00
0,0,0,0,0,0,2021-07-27 12:08:56-04:00
2,8,5,4,0,0,2021-07-28 01:09:25+09:00
0,1,0,1,0,0,2021-07-28 01:10:21+09:00
0,1,0,1,0,0,2021-07-28 01:13:00+09:00
0,0,0,0,0,0,2021-07-27 12:40:25-04:00
0,0,0,0,0,0,2021-07-27 12:46:00-04:00
0,2,0,0,0,2,2021-07-27 19:03:40+02:00
0,1,0,0,0,1,2021-07-27 19:13:33+02:00
0,1,0,0,0,0,2021-07-27 10:41:09-07:00
0,1,0,0,0,0,2021-07-27 18:41:49+01:00
0,1,0,0,0,1,2021-07-27 13:42:09-04:00
1,2,1,1,1,1,2021-07-27 13:43:45-04:00
0,0,0,0,0,0,2021-07-27 13:43:52-04:00
0,0,0,0,0,0,2021-07-27 13:44:18-04:00
0,1,0,0,0,0,2021-07-27 10:45:35-07:00
0,0,1,0,0,0,2021-07-28 02:50:06+09:00
0,0,0,0,0,0,2021-07-27 20:14:53+02:00
0,1,0,0,0,1,2021-07-27 14:34:30-04:00
0,0,0,0,0,0,2021-07-27 14:36:03-04:00
1,2,1,1,1,1,2021-07-27 14:43:32-04:00
0,0,0,0,0,0,2021-07-27 14:43:41-04:00
0,3,0,0,0,0,2021-07-27 14:48:12-04:00
0,0,0,0,0,0,2021-07-27 14:52:44-04:00
1,1,1,1,1,1,2021-07-27 15:01:39-04:00
0,1,0,0,0,1,2021-07-27 21:19:43+02:00
0,0,0,0,0,0,2021-07-27 15:23:17-04:00
0,0,0,0,0,0,2021-07-27 15:24:06-04:00
0,1,0,0,0,0,2021-07-27 12:24:07-07:00
0,0,0,0,0,0,2021-07-27 15:25:00-04:00
0,0,0,0,0,0,2021-07-27 15:26:19-04:00
1,1,0,0,0,0,2021-07-27 15:42:45-04:00
1,1,0,0,0,0,2021-07-27 15:43:08-04:00
0,0,0,0,0,0,2021-07-27 15:43:38-04:00
0,1,0,0,0,1,2021-07-27 16:01:17-04:00
0,1,0,0,0,1,2021-07-27 22:08:44+02:00
0,0,0,0,0,0,2021-07-27 16:14:49-04:00
1,5,1,1,1,1,2021-07-27 16:24:08-04:00
0,1,0,0,0,0,2021-07-27 16:30:05-04:00
0,0,0,0,0,0,2021-07-27 16:36:11-04:00
0,0,0,0,0,0,2021-07-27 16:41:46-04:00
1,1,1,1,0,1,2021-07-27 16:42:06-04:00
1,3,0,0,0,0,2021-07-27 16:51:07-04:00
0,0,0,0,0,0,2021-07-27 16:51:14-04:00
0,1,0,0,0,1,2021-07-27 22:54:46+02:00
0,5,2,3,1,2,2021-07-27 16:26:29-05:00
0,1,0,0,0,1,2021-07-27 17:44:46-04:00
0,0,0,0,0,0,2021-07-27 14:46:17-07:00
0,4,0,0,0,0,2021-07-27 14:47:11-07:00
0,0,0,0,0,0,2021-07-27 14:48:02-07:00
1,1,0,0,0,0,2021-07-27 17:52:29-04:00
0,0,0,0,0,0,2021-07-27 17:53:39-04:00
0,1,0,0,0,0,2021-07-27 17:56:36-04:00
0,0,0,0,0,0,2021-07-27 18:00:07-04:00
0,0,0,0,0,0,2021-07-27 18:05:14-04:00
0,0,0,0,0,0,2021-07-27 18:05:50-04:00
0,2,1,1,0,1,2021-07-27 18:09:45-04:00
1,1,0,0,0,0,2021-07-27 18:09:58-04:00
0,1,0,0,0,0,2021-07-27 18:14:47-04:00
0,0,0,0,0,0,2021-07-27 18:18:21-04:00
0,0,0,0,0,0,2021-07-28 00:19:57+02:00
0,3,0,0,0,0,2021-07-27 18:20:24-04:00
0,0,0,0,0,0,2021-07-27 15:21:13-07:00
0,0,0,0,0,0,2021-07-27 15:24:12-07:00
0,0,0,0,0,0,2021-07-27 12:24:00-04:00
0,1,0,0,0,0,2021-07-27 13:59:05-04:00
0,1,0,0,0,0,2021-07-27 15:20:58-04:00
0,2,0,0,0,0,2021-07-27 15:54:32-04:00
0,0,0,0,0,0,2021-07-27 16:19:41-04:00
0,0,0,0,0,0,2021-07-27 16:32:42-04:00
0,1,0,0,0,0,2021-07-27 17:00:51-04:00
0,0,0,0,0,0,2021-07-27 17:04:46-04:00
0,0,0,0,0,0,2021-07-27 17:15:09-04:00
0,0,0,0,0,0,2021-07-27 18:33:18-04:00
0,0,0,0,0,0,2021-07-27 18:36:47-04:00
0,0,0,0,0,0,2021-07-27 18:37:08-04:00
0,0,0,0,0,0,2021-07-27 18:53:41-04:00
0,0,0,0,0,0,2021-07-27 18:53:45-04:00
0,0,0,0,0,0,2021-07-27 18:58:24-04:00
0,0,0,0,0,0,2021-07-27 19:03:59-04:00
0,0,0,0,0,0,2021-07-27 19:09:23-04:00
0,0,0,0,0,0,2021-07-27 16:10:37-07:00
0,0,0,0,0,0,2021-07-27 19:12:19-04:00
0,0,0,0,0,0,2021-07-27 19:13:18-04:00
0,0,0,0,0,0,2021-07-27 16:15:20-07:00
0,0,0,0,0,0,2021-07-27 16:18:09-07:00
0,0,0,0,0,0,2021-07-27 16:18:40-07:00
0,0,0,0,0,0,2021-07-27 19:21:58-04:00
0,0,0,0,0,0,2021-07-27 16:22:44-07:00
0,0,0,0,0,0,2021-07-27 19:23:16-04:00
0,0,0,0,0,0,2021-07-27 19:26:05-04:00
0,6,0,0,0,0,2021-07-27 19:26:12-04:00
0,0,0,0,0,0,2021-07-27 19:26:14-04:00
0,2,0,0,0,0,2021-07-27 19:28:17-04:00
0,2,0,0,0,0,2021-07-27 19:30:09-04:00
0,2,0,0,0,0,2021-07-27 19:31:51-04:00
0,5,2,3,1,2,2021-07-27 18:32:32-05:00
0,0,0,0,0,0,2021-07-27 18:35:26-05:00
0,1,0,0,1,0,2021-07-27 19:39:21-04:00
0,0,0,0,0,0,2021-07-27 19:39:44-04:00
1,1,0,0,0,0,2021-07-27 19:50:03-04:00
5,8,1,1,1,1,2021-07-27 19:50:18-04:00
1,1,0,0,0,0,2021-07-27 19:50:36-04:00
1,1,0,0,0,0,2021-07-27 20:06:08-04:00
1,1,0,0,0,0,2021-07-27 20:06:23-04:00
0,0,0,0,0,0,2021-07-28 00:10:36+00:00
0,0,0,0,0,0,2021-07-28 00:11:11+00:00
1,1,0,0,0,0,2021-07-27 20:11:44-04:00
1,1,0,0,0,0,2021-07-27 20:12:10-04:00
2,4,2,2,0,2,2021-07-27 20:16:13-04:00
0,0,0,0,0,0,2021-07-27 20:18:59-04:00
0,0,0,0,0,0,2021-07-27 20:19:35-04:00
0,1,0,0,0,0,2021-07-27 20:19:52-04:00
0,0,0,0,0,0,2021-07-27 20:20:22-04:00
0,1,0,0,0,0,2021-07-27 20:23:21-04:00
0,1,0,0,0,0,2021-07-27 20:23:36-04:00
1,1,1,1,1,1,2021-07-27 20:30:28-04:00
1,1,1,1,0,1,2021-07-27 20:31:48-04:00
0,0,0,0,0,0,2021-07-27 17:35:00-07:00
0,0,0,0,0,0,2021-07-27 17:36:23-07:00
1,1,1,1,0,1,2021-07-27 20:36:23-04:00
0,0,0,0,0,0,2021-07-27 17:37:22-07:00
0,0,0,0,0,0,2021-07-27 17:37:34-07:00
0,0,0,0,0,0,2021-07-27 17:37:49-07:00
0,0,0,0,0,0,2021-07-27 20:38:11-04:00
0,0,0,0,0,0,2021-07-27 17:38:29-07:00
0,0,0,0,0,0,2021-07-27 17:38:53-07:00
0,0,0,0,0,0,2021-07-27 20:38:58-04:00
0,0,0,0,0,0,2021-07-27 20:39:13-04:00
0,0,0,0,0,0,2021-07-27 17:39:25-07:00
0,0,0,0,0,0,2021-07-27 17:40:13-07:00
0,0,0,0,0,0,2021-07-27 20:41:44-04:00
0,0,0,0,0,0,2021-07-27 17:42:47-07:00
0,0,0,0,0,0,2021-07-27 17:43:57-07:00
0,0,0,0,0,0,2021-07-27 20:44:26-04:00
0,0,0,0,0,0,2021-07-27 20:45:32-04:00
0,0,0,0,0,0,2021-07-27 20:51:53-04:00
0,0,0,0,0,0,2021-07-27 20:51:57-04:00
0,1,0,0,0,0,2021-07-27 21:12:56-04:00
0,0,0,0,0,0,2021-07-27 20:17:32-05:00
0,0,0,0,0,0,2021-07-27 18:21:35-07:00
0,0,0,0,0,0,2021-07-28 09:29:24+08:00
1,1,1,1,0,1,2021-07-27 21:46:55-04:00
0,0,0,0,0,0,2021-07-27 21:49:06-04:00
0,0,0,0,0,0,2021-07-27 21:49:46-04:00
0,0,0,0,0,0,2021-07-27 21:54:32-04:00
0,0,0,0,0,0,2021-07-28 01:55:36+00:00
0,0,0,0,0,0,2021-07-27 21:59:27-04:00
0,0,0,0,0,0,2021-07-28 01:59:52+00:00
2,4,2,2,2,2,2021-07-27 22:04:06-04:00
0,0,0,0,0,0,2021-07-27 22:04:11-04:00
0,1,0,0,0,0,2021-07-27 22:06:45-04:00
0,6,0,0,0,0,2021-07-27 22:13:39-04:00
0,0,0,0,0,0,2021-07-27 22:14:21-04:00
0,1,0,0,0,0,2021-07-27 22:24:19-04:00
0,1,0,0,0,0,2021-07-27 22:25:06-04:00
0,0,0,0,0,0,2021-07-27 22:27:39-04:00
0,0,0,0,0,0,2021-07-27 22:29:40-04:00
0,0,0,0,0,0,2021-07-27 22:32:41-04:00
0,0,0,0,0,0,2021-07-27 22:39:14-04:00
0,0,0,0,0,0,2021-07-28 02:50:20+00:00
0,0,0,0,0,0,2021-07-28 02:51:27+00:00
0,0,0,0,0,0,2021-07-28 02:53:03+00:00
0,0,0,0,0,0,2021-07-28 02:56:49+00:00
2,2,1,1,1,2,2021-07-27 23:03:04-04:00
1,1,1,1,1,1,2021-07-27 23:05:00-04:00
0,0,0,0,0,0,2021-07-27 20:10:01-07:00
0,1,0,0,0,0,2021-07-27 23:23:01-04:00
0,0,0,0,0,0,2021-07-27 20:23:12-07:00
1,1,1,1,1,1,2021-07-27 23:23:14-04:00
0,1,0,0,0,0,2021-07-27 23:23:25-04:00
0,0,0,0,0,0,2021-07-27 23:23:49-04:00
0,1,0,0,0,0,2021-07-27 23:25:18-04:00
0,0,0,0,0,0,2021-07-27 23:25:55-04:00
0,0,0,0,0,0,2021-07-28 11:27:40+08:00
1,1,0,0,0,0,2021-07-27 23:28:17-04:00
0,0,0,0,0,0,2021-07-27 23:31:34-04:00
0,0,0,0,0,0,2021-07-27 20:35:50-07:00
0,0,0,0,0,0,2021-07-27 23:37:43-04:00
4,7,0,0,0,0,2021-07-27 23:51:32-04:00
0,0,0,0,0,0,2021-07-27 23:51:44-04:00
0,0,0,0,0,0,2021-07-28 00:04:37-04:00
0,0,0,0,0,0,2021-07-27 21:17:21-07:00
0,0,0,0,0,0,2021-07-28 00:21:51-04:00
0,0,0,0,0,0,2021-07-28 00:24:28-04:00
0,0,0,0,0,0,2021-07-28 00:26:52-04:00
1,5,0,0,0,0,2021-07-27 21:26:55-07:00
0,0,0,0,0,0,2021-07-28 12:44:20+08:00
0,0,0,0,0,0,2021-07-28 00:52:23-04:00
0,0,0,0,0,0,2021-07-28 00:53:45-04:00
0,0,0,0,0,0,2021-07-28 13:01:06+08:00
0,0,0,0,0,0,2021-07-28 01:06:04-04:00
0,0,0,0,0,0,2021-07-28 01:09:25-04:00
0,0,0,0,0,0,2021-07-27 22:10:42-07:00
0,0,0,0,0,0,2021-07-28 13:19:26+08:00
4,9,0,0,0,0,2021-07-28 01:20:03-04:00
0,0,0,0,0,0,2021-07-28 01:20:11-04:00
0,0,0,0,0,0,2021-07-28 01:20:49-04:00
0,0,0,0,0,0,2021-07-28 13:27:10+08:00
0,0,0,0,0,0,2021-07-28 13:33:59+08:00
0,0,0,0,0,0,2021-07-28 01:36:33-04:00
0,0,0,0,0,0,2021-07-28 01:36:52-04:00
0,0,0,0,0,0,2021-07-28 01:38:18-04:00
0,0,0,0,0,0,2021-07-27 22:50:13-07:00
0,0,0,0,0,0,2021-07-28 13:51:03+08:00
0,0,0,0,0,0,2021-07-27 22:52:49-07:00
0,0,0,0,0,0,2021-07-28 13:52:53+08:00
0,0,0,0,0,0,2021-07-28 13:54:03+08:00
0,0,0,0,0,0,2021-07-28 13:54:54+08:00
0,0,0,0,0,0,2021-07-28 13:57:12+08:00
0,0,0,0,0,0,2021-07-28 13:57:46+08:00
0,0,0,0,0,0,2021-07-28 01:59:03-04:00
0,0,0,0,0,0,2021-07-28 13:59:20+08:00
0,0,0,0,0,0,2021-07-28 14:01:46+08:00
0,0,0,0,0,0,2021-07-28 01:25:43-04:00
0,1,0,0,0,0,2021-07-28 02:03:17-04:00
0,0,0,0,0,0,2021-07-27 23:09:15-07:00
0,0,0,0,0,0,2021-07-28 02:09:44-04:00
0,0,0,0,0,0,2021-07-28 02:14:56-04:00
0,0,0,0,0,0,2021-07-28 02:15:14-04:00
0,0,0,0,0,0,2021-07-28 02:18:05-04:00
0,0,0,0,0,0,2021-07-28 02:20:53-04:00
0,0,0,0,0,0,2021-07-27 23:45:03-07:00
1,1,0,0,0,0,2021-07-28 02:47:37-04:00
0,0,0,0,0,0,2021-07-28 02:47:48-04:00
2,2,2,2,0,0,2021-07-28 15:51:22+09:00
0,0,0,0,0,0,2021-07-28 00:00:36-07:00
0,0,0,0,0,0,2021-07-28 03:07:00-04:00
0,4,0,0,0,0,2021-07-28 09:27:27+02:00
0,0,0,0,0,0,2021-07-28 03:51:12-04:00
0,0,0,0,0,0,2021-07-28 03:52:35-04:00
6,6,2,2,2,3,2021-07-28 03:53:37-04:00
0,1,0,0,0,0,2021-07-28 09:53:54+02:00
0,0,0,0,0,0,2021-07-28 00:55:19-07:00
0,0,0,0,0,0,2021-07-28 00:56:06-07:00
0,0,0,0,0,0,2021-07-28 00:56:57-07:00
0,0,0,0,0,0,2021-07-28 00:57:54-07:00
0,0,0,0,0,0,2021-07-28 15:58:26+08:00
0,0,0,0,0,0,2021-07-28 00:58:32-07:00
0,0,0,0,0,0,2021-07-28 01:00:17-07:00
0,0,0,0,0,0,2021-07-28 04:00:40-04:00
0,0,0,0,0,0,2021-07-28 08:05:28+00:00
0,0,0,0,0,0,2021-07-28 04:05:49-04:00
0,0,0,0,0,0,2021-07-28 08:07:28+00:00
0,0,0,0,0,0,2021-07-28 08:12:25+00:00
0,1,0,0,1,0,2021-07-28 04:14:14-04:00
0,0,0,0,0,0,2021-07-28 04:14:18-04:00
0,0,0,0,0,0,2021-07-28 04:14:22-04:00
0,0,0,0,0,0,2021-07-28 02:34:03-04:00
0,0,0,0,0,0,2021-07-28 03:10:49-04:00
0,0,0,0,0,0,2021-07-28 04:07:11-04:00
2,2,2,2,2,2,2021-07-28 04:15:17-04:00
0,0,0,0,0,0,2021-07-28 16:15:38+08:00
0,0,0,0,0,0,2021-07-28 17:15:42+09:00
0,0,0,0,0,0,2021-07-28 16:17:57+08:00
0,0,0,0,0,0,2021-07-28 16:19:46+08:00
0,0,0,0,0,0,2021-07-28 16:20:19+08:00
1,0,0,0,0,0,2021-07-28 17:21:25+09:00
0,0,0,0,0,0,2021-07-28 17:21:34+09:00
0,0,0,0,0,0,2021-07-28 08:22:07+00:00
0,1,0,0,0,0,2021-07-28 04:23:05-04:00
0,0,0,0,0,0,2021-07-28 16:23:07+08:00
3,5,1,1,1,1,2021-07-28 04:23:22-04:00
0,0,0,0,0,0,2021-07-28 16:24:08+08:00
0,1,0,0,0,0,2021-07-28 10:26:55+02:00
0,0,0,0,0,0,2021-07-28 04:27:15-04:00
0,0,0,0,0,0,2021-07-28 10:27:28+02:00
0,0,0,0,0,0,2021-07-28 04:27:52-04:00
1,1,0,0,0,1,2021-07-28 04:28:18-04:00
0,0,0,0,0,0,2021-07-28 04:28:22-04:00
0,0,0,0,0,0,2021-07-28 04:28:27-04:00
0,0,0,0,0,0,2021-07-28 03:28:38-05:00
0,0,0,0,0,0,2021-07-28 04:29:04-04:00
0,0,0,0,0,0,2021-07-28 10:29:21+02:00
0,0,0,0,0,0,2021-07-28 04:30:13-04:00
0,0,0,0,0,0,2021-07-28 08:32:21+00:00
0,0,0,0,0,0,2021-07-28 04:33:48-04:00
0,2,0,0,0,1,2021-07-28 01:33:56-07:00
0,0,0,0,0,0,2021-07-28 01:34:12-07:00
0,0,0,0,0,0,2021-07-28 10:35:03+02:00
0,0,0,0,0,0,2021-07-28 04:36:18-04:00
0,0,0,0,0,0,2021-07-28 03:37:15-05:00
0,0,0,0,0,0,2021-07-28 04:39:25-04:00
0,0,0,0,0,0,2021-07-28 04:39:31-04:00
0,0,0,0,0,0,2021-07-28 04:40:44-04:00
0,0,0,0,0,0,2021-07-28 04:41:11-04:00
0,0,0,0,0,0,2021-07-28 04:42:24-04:00
0,0,0,0,0,0,2021-07-28 04:46:36-04:00
0,0,0,0,0,0,2021-07-28 04:47:19-04:00
0,0,0,0,0,0,2021-07-28 17:48:24+09:00
0,0,0,0,0,0,2021-07-28 04:49:21-04:00
0,0,0,0,0,0,2021-07-28 04:49:44-04:00
0,0,0,0,0,0,2021-07-28 16:52:33+08:00
0,0,0,0,0,0,2021-07-28 16:53:08+08:00
0,0,0,0,0,0,2021-07-28 04:54:46-04:00
0,0,0,0,0,0,2021-07-28 04:57:09-04:00
0,0,0,0,0,0,2021-07-28 16:58:35+08:00
0,0,0,0,0,0,2021-07-28 04:59:04-04:00
0,0,0,0,0,0,2021-07-28 10:59:11+02:00
0,0,0,0,0,0,2021-07-28 02:00:07-07:00
0,0,0,0,0,0,2021-07-28 05:05:46-04:00
0,0,0,0,0,0,2021-07-28 05:08:39-04:00
0,0,0,0,0,0,2021-07-28 05:10:05-04:00
0,0,0,0,0,0,2021-07-28 18:12:39+09:00
4,3,1,3,0,0,2021-07-28 18:12:46+09:00
0,0,0,0,0,0,2021-07-28 18:12:55+09:00
0,1,0,0,0,1,2021-07-28 02:13:06-07:00
0,0,0,0,0,0,2021-07-28 02:13:15-07:00
0,0,0,0,0,0,2021-07-28 11:20:46+02:00
0,0,0,0,0,0,2021-07-28 09:33:58+00:00
0,0,0,0,0,0,2021-07-28 12:05:32+02:00
0,0,0,0,0,0,2021-07-28 12:05:51+02:00
0,1,0,0,0,0,2021-07-28 19:10:23+09:00
0,0,0,0,0,0,2021-07-28 03:13:15-07:00
0,1,1,1,0,1,2021-07-28 12:13:37+02:00
0,0,0,0,0,0,2021-07-28 06:13:39-04:00
0,0,0,0,0,0,2021-07-28 12:14:28+02:00
0,0,0,0,0,0,2021-07-28 06:17:48-04:00
0,2,0,0,0,2,2021-07-28 06:24:30-04:00
0,0,0,0,0,0,2021-07-28 03:25:03-07:00
0,0,0,0,0,0,2021-07-28 03:26:30-07:00
0,0,0,0,0,0,2021-07-28 03:34:57-07:00
0,0,0,0,0,0,2021-07-28 06:36:55-04:00
0,1,1,1,0,1,2021-07-28 06:37:19-04:00
0,0,0,0,0,0,2021-07-28 06:37:35-04:00
0,1,0,0,0,1,2021-07-28 03:41:13-07:00
0,0,0,0,0,0,2021-07-28 03:42:33-07:00
0,0,0,0,0,0,2021-07-28 03:46:08-07:00
0,0,0,0,0,0,2021-07-28 19:46:45+09:00
0,0,0,0,0,0,2021-07-28 12:56:12+02:00
0,0,0,0,0,0,2021-07-28 12:58:57+02:00
0,0,0,0,0,0,2021-07-28 20:00:33+09:00
0,0,0,0,0,0,2021-07-28 20:02:42+09:00
0,1,0,0,0,0,2021-07-28 20:03:52+09:00
0,0,0,0,0,0,2021-07-28 20:03:57+09:00
0,0,0,0,0,0,2021-07-28 04:07:01-07:00
0,0,0,0,0,0,2021-07-28 20:07:22+09:00
0,1,1,1,0,1,2021-07-28 13:10:16+02:00
0,1,0,0,0,0,2021-07-28 20:10:47+09:00
0,0,0,0,0,0,2021-07-28 20:10:47+09:00
0,0,0,0,0,0,2021-07-28 20:10:51+09:00
0,0,0,0,0,0,2021-07-28 13:11:16+02:00
0,0,0,0,0,0,2021-07-28 20:11:20+09:00
0,2,0,1,0,0,2021-07-28 20:14:41+09:00
0,0,0,0,0,0,2021-07-28 20:15:38+09:00
0,0,0,0,0,0,2021-07-28 20:17:07+09:00
0,0,0,0,0,0,2021-07-28 20:17:25+09:00
0,0,0,0,0,0,2021-07-28 20:17:53+09:00
0,0,0,0,0,0,2021-07-28 06:22:07-05:00
0,0,0,0,0,0,2021-07-28 04:23:02-07:00
0,0,0,0,0,0,2021-07-28 04:23:05-07:00
0,0,0,0,0,0,2021-07-28 13:23:59+02:00
0,1,0,1,0,1,2021-07-28 13:24:15+02:00
0,0,0,0,0,0,2021-07-28 07:24:28-04:00
0,2,1,0,0,0,2021-07-28 20:24:44+09:00
0,0,0,0,0,0,2021-07-28 20:24:56+09:00
0,0,0,0,0,0,2021-07-28 07:27:09-04:00
0,0,0,0,0,0,2021-07-28 07:29:39-04:00
0,0,0,0,0,0,2021-07-28 20:32:39+09:00
0,0,0,0,0,0,2021-07-28 20:33:12+09:00
0,0,0,0,0,0,2021-07-28 13:42:20+02:00
0,0,0,0,0,0,2021-07-28 13:43:18+02:00
0,0,0,0,0,0,2021-07-28 13:43:47+02:00
0,0,0,0,0,0,2021-07-28 13:49:03+02:00
0,1,0,0,0,0,2021-07-28 13:49:43+02:00
0,0,0,0,0,0,2021-07-28 13:52:40+02:00
0,0,0,0,0,0,2021-07-28 07:54:53-04:00
0,0,0,0,0,0,2021-07-28 13:55:11+02:00
0,8,0,1,0,2,2021-07-28 21:56:26+10:00
0,0,0,0,0,0,2021-07-28 13:58:06+02:00
0,0,0,0,0,0,2021-07-28 14:02:07+02:00
2,3,2,2,0,0,2021-07-28 21:05:38+09:00
0,0,0,0,0,0,2021-07-28 21:05:44+09:00
0,0,0,0,0,0,2021-07-28 14:06:59+02:00
0,0,0,0,0,0,2021-07-28 14:07:21+02:00
0,9,1,2,2,2,2021-07-28 07:12:55-05:00
0,0,0,0,0,0,2021-07-28 07:14:29-05:00
0,0,0,0,0,0,2021-07-28 14:15:24+02:00
1,1,1,1,0,0,2021-07-28 21:17:23+09:00
0,0,0,0,0,0,2021-07-28 14:23:58+02:00
0,0,0,0,0,0,2021-07-28 08:25:16-04:00
0,0,0,0,0,0,2021-07-28 08:25:40-04:00
0,0,0,0,0,0,2021-07-28 08:26:44-04:00
0,0,0,0,0,0,2021-07-28 08:28:31-04:00
0,0,0,0,0,0,2021-07-28 08:29:09-04:00
0,0,0,0,0,0,2021-07-28 08:33:07-04:00
0,0,0,0,0,0,2021-07-28 08:33:25-04:00
0,0,0,0,0,0,2021-07-28 14:33:47+02:00
0,1,0,0,0,0,2021-07-28 08:36:24-04:00
0,0,0,0,0,0,2021-07-28 08:39:00-04:00
0,0,0,0,0,0,2021-07-28 08:39:12-04:00
0,0,0,0,0,0,2021-07-28 14:40:20+02:00
1,1,0,0,0,0,2021-07-28 08:40:32-04:00
0,1,0,0,0,1,2021-07-28 05:40:54-07:00
0,0,0,0,0,0,2021-07-28 08:40:58-04:00
0,0,0,0,0,0,2021-07-28 05:41:08-07:00
0,0,0,0,0,0,2021-07-28 08:41:42-04:00
0,0,0,0,0,0,2021-07-28 08:41:56-04:00
0,2,1,0,0,0,2021-07-28 21:44:33+09:00
0,0,0,0,0,0,2021-07-28 08:45:19-04:00
0,0,0,0,0,0,2021-07-28 08:45:44-04:00
1,1,0,0,0,0,2021-07-28 08:46:18-04:00
0,1,0,0,0,0,2021-07-28 14:46:50+02:00
0,0,0,0,0,0,2021-07-28 08:47:10-04:00
0,0,0,0,0,0,2021-07-28 08:52:29-04:00
0,0,0,0,0,0,2021-07-28 08:53:47-04:00
1,1,0,0,0,0,2021-07-28 08:55:50-04:00
0,0,0,0,0,0,2021-07-28 08:59:34-04:00
0,0,0,0,0,0,2021-07-28 09:01:14-04:00
0,0,0,0,0,0,2021-07-28 09:03:03-04:00
0,0,0,0,0,0,2021-07-28 09:03:17-04:00
0,0,0,0,0,0,2021-07-28 09:04:55-04:00
0,0,0,0,0,0,2021-07-28 15:07:04+02:00
0,0,0,0,0,0,2021-07-28 15:07:25+02:00
0,0,0,0,0,0,2021-07-28 09:08:40-04:00
0,0,0,0,0,0,2021-07-28 09:08:58-04:00
0,0,0,0,0,0,2021-07-28 15:09:09+02:00
0,0,0,0,0,0,2021-07-28 09:14:17-04:00
0,0,0,0,0,0,2021-07-28 09:14:54-04:00
0,0,0,0,0,0,2021-07-28 09:15:05-04:00
2,2,0,0,0,0,2021-07-28 09:15:43-04:00
0,0,0,0,0,0,2021-07-28 10:16:36-03:00
0,2,0,0,0,0,2021-07-28 09:17:47-04:00
0,0,0,0,0,0,2021-07-28 15:18:17+02:00
2,2,2,2,0,0,2021-07-28 22:18:18+09:00
0,0,0,0,0,0,2021-07-28 09:18:27-04:00
0,0,0,0,0,0,2021-07-28 22:19:10+09:00
0,0,0,0,0,0,2021-07-28 09:19:20-04:00
0,0,0,0,0,0,2021-07-28 15:19:28+02:00
0,0,0,0,0,0,2021-07-28 09:20:05-04:00
0,0,0,0,0,0,2021-07-28 09:20:33-04:00
0,0,0,0,0,0,2021-07-28 09:21:55-04:00
0,1,0,0,0,0,2021-07-28 23:22:21+10:00
0,0,0,0,0,0,2021-07-28 06:22:33-07:00
0,0,0,0,0,0,2021-07-28 09:22:40-04:00
0,1,0,1,0,1,2021-07-28 15:23:04+02:00
0,0,0,0,0,0,2021-07-28 23:23:43+10:00
0,0,0,0,0,0,2021-07-28 09:24:35-04:00
0,0,0,0,0,0,2021-07-28 10:24:56-03:00
0,0,0,0,0,0,2021-07-28 09:25:50-04:00
0,0,0,0,0,0,2021-07-28 09:27:18-04:00
0,0,0,0,0,0,2021-07-28 09:27:37-04:00
0,0,0,0,0,0,2021-07-28 09:28:22-04:00
0,0,0,0,0,0,2021-07-28 09:28:39-04:00
0,0,0,0,0,0,2021-07-28 23:28:51+10:00
0,0,0,0,0,0,2021-07-28 09:30:19-04:00
0,0,0,0,0,0,2021-07-28 09:31:30-04:00
0,0,0,0,0,0,2021-07-28 09:32:06-04:00
0,0,0,0,0,0,2021-07-28 15:32:24+02:00
0,0,0,0,0,0,2021-07-28 10:32:54-03:00
0,0,0,0,0,0,2021-07-28 09:34:30-04:00
0,0,0,0,0,0,2021-07-28 09:36:49-04:00
0,0,0,0,0,0,2021-07-28 09:36:55-04:00
0,0,0,0,0,0,2021-07-28 09:37:02-04:00
0,0,0,0,0,0,2021-07-28 09:37:25-04:00
0,0,0,0,0,0,2021-07-28 09:37:40-04:00
0,0,0,0,0,0,2021-07-28 09:37:43-04:00
0,0,0,0,0,0,2021-07-28 09:38:25-04:00
0,0,0,0,0,0,2021-07-28 06:40:04-07:00
0,0,0,0,0,0,2021-07-28 09:41:10-04:00
0,0,0,0,0,0,2021-07-28 15:42:19+02:00
0,3,0,0,0,0,2021-07-28 10:42:41-03:00
0,0,0,0,0,0,2021-07-28 09:42:55-04:00
0,0,0,0,0,0,2021-07-28 06:45:09-07:00
0,0,0,0,0,0,2021-07-28 06:45:17-07:00
0,0,0,0,0,0,2021-07-28 22:45:18+09:00
0,0,0,0,0,0,2021-07-28 09:45:21-04:00
0,0,0,0,0,0,2021-07-28 06:45:23-07:00
0,0,0,0,0,0,2021-07-28 09:46:42-04:00
0,0,0,0,0,0,2021-07-28 15:46:45+02:00
0,0,0,0,0,0,2021-07-28 09:46:57-04:00
0,0,0,0,0,0,2021-07-28 15:47:08+02:00
0,0,0,0,0,0,2021-07-28 09:47:09-04:00
1,1,1,1,0,0,2021-07-28 22:47:26+09:00
0,2,0,0,0,0,2021-07-28 09:47:55-04:00
0,0,0,0,0,0,2021-07-28 09:48:01-04:00
0,0,0,0,0,0,2021-07-28 15:48:03+02:00
0,0,0,0,0,0,2021-07-28 09:48:23-04:00
0,0,0,0,0,0,2021-07-28 23:49:23+10:00
0,0,0,0,0,0,2021-07-28 15:49:38+02:00
0,5,1,2,0,2,2021-07-28 09:49:54-04:00
0,0,0,0,0,0,2021-07-28 15:50:25+02:00
0,0,0,0,0,0,2021-07-28 09:50:51-04:00
0,0,0,0,0,0,2021-07-28 06:51:04-07:00
1,0,0,1,0,0,2021-07-28 22:51:06+09:00
0,0,0,0,0,0,2021-07-28 06:51:07-07:00
0,4,0,0,0,0,2021-07-28 09:51:11-04:00
0,0,0,0,0,0,2021-07-28 15:51:43+02:00
0,0,0,0,0,0,2021-07-28 13:52:22+00:00
0,0,0,0,0,0,2021-07-28 09:52:25-04:00
0,0,0,0,0,0,2021-07-28 09:52:31-04:00
0,0,0,0,0,0,2021-07-28 09:52:34-04:00
0,1,0,1,0,1,2021-07-28 15:54:16+02:00
0,0,0,0,0,0,2021-07-28 09:54:45-04:00
0,0,0,0,0,0,2021-07-28 15:55:18+02:00
0,0,0,0,0,0,2021-07-28 09:56:42-04:00
0,0,0,0,0,0,2021-07-28 15:57:26+02:00
0,0,0,0,0,0,2021-07-28 09:57:27-04:00
0,0,0,0,0,0,2021-07-28 09:57:30-04:00
0,0,0,0,0,0,2021-07-28 15:57:36+02:00
0,0,0,0,0,0,2021-07-28 10:57:38-03:00
0,0,0,0,0,0,2021-07-28 09:58:29-04:00
0,0,0,0,0,0,2021-07-28 09:58:44-04:00
0,0,0,0,0,0,2021-07-28 09:59:08-04:00
0,0,0,0,0,0,2021-07-28 09:59:27-04:00
0,0,0,0,0,0,2021-07-28 09:59:44-04:00
0,0,0,0,0,0,2021-07-28 09:59:51-04:00
0,0,0,0,0,0,2021-07-28 10:00:22-04:00
0,0,0,0,0,0,2021-07-28 16:00:46+02:00
0,0,0,0,0,0,2021-07-28 14:01:36+00:00
0,0,0,0,0,0,2021-07-28 14:02:32+00:00
0,0,0,0,0,0,2021-07-28 10:04:57-04:00
0,0,0,0,0,0,2021-07-28 10:05:25-04:00
0,0,0,0,0,0,2021-07-28 10:05:42-04:00
0,0,0,0,0,0,2021-07-28 14:06:05+00:00
1,3,0,0,0,0,2021-07-29 00:09:53+10:00
0,0,0,0,0,0,2021-07-28 10:10:12-04:00
0,0,0,0,0,0,2021-07-28 09:10:19-05:00
0,0,0,0,0,0,2021-07-28 10:10:24-04:00
0,0,0,0,0,0,2021-07-28 10:11:28-04:00
0,0,0,0,0,0,2021-07-28 10:12:27-04:00
0,0,0,0,0,0,2021-07-28 10:13:02-04:00
0,0,0,0,0,0,2021-07-28 10:18:18-04:00
0,0,0,0,0,0,2021-07-28 10:18:31-04:00
0,0,0,0,0,0,2021-07-28 10:18:39-04:00
0,0,0,0,0,0,2021-07-28 10:18:50-04:00
0,0,0,0,0,0,2021-07-28 10:21:04-04:00
0,0,0,0,0,0,2021-07-28 10:45:37-04:00
0,0,0,0,0,0,2021-07-28 10:53:15-04:00
0,0,0,0,0,0,2021-07-28 10:53:49-04:00
0,0,0,0,0,0,2021-07-28 10:58:10-04:00
0,0,0,0,0,0,2021-07-28 10:58:19-04:00
0,4,0,0,0,1,2021-07-28 17:30:05+02:00
0,0,0,0,0,0,2021-07-28 11:37:59-04:00
0,2,0,0,0,0,2021-07-30 15:15:59-07:00
0,0,0,0,0,0,2021-08-06 10:11:46-04:00
