Acquisition,Preparation,Modeling,Training,Evaluation,Prediction,time
4,4,4,4,2,1,2019-05-19 18:37:52+01:00
0,0,1,1,1,0,2019-05-19 18:52:03+01:00
2,3,4,4,2,1,2019-05-25 17:20:16+01:00
0,0,0,0,0,0,2019-06-08 18:19:50+01:00
3,6,5,5,2,3,2019-06-08 22:29:30+01:00
1,3,3,3,2,1,2019-06-15 18:44:28+01:00
0,0,0,0,0,0,2019-06-15 18:45:36+01:00
0,0,0,0,0,0,2019-06-15 18:47:21+01:00
0,0,0,0,0,0,2019-06-15 18:53:09+01:00
0,0,0,0,0,0,2019-06-15 18:53:36+01:00
0,0,0,0,0,0,2019-06-15 18:53:45+01:00
0,0,0,0,0,0,2019-06-15 18:53:53+01:00
0,0,0,0,0,0,2019-06-15 18:54:01+01:00
0,0,0,0,0,0,2019-06-15 18:54:27+01:00
0,0,0,0,0,0,2019-06-15 18:54:53+01:00
0,0,0,0,0,0,2019-06-15 18:55:02+01:00
1,1,1,1,0,1,2019-06-15 18:55:18+01:00
0,0,0,0,0,0,2019-06-15 18:55:26+01:00
0,0,0,0,0,0,2019-06-15 18:55:37+01:00
0,0,1,1,1,1,2019-06-15 18:55:45+01:00
0,0,0,0,0,0,2019-06-15 18:57:02+01:00
0,0,0,0,0,0,2019-06-15 18:57:42+01:00
1,1,0,1,0,0,2019-06-15 18:58:40+01:00
1,2,1,2,1,1,2019-06-15 19:18:27+01:00
2,4,2,3,2,1,2019-06-16 16:48:13+01:00
2,2,0,1,0,0,2019-06-17 23:35:40+01:00
2,3,4,5,4,2,2019-06-23 23:08:29+01:00
2,3,2,3,2,1,2019-06-26 19:46:53+01:00
2,2,1,2,1,1,2019-06-26 22:28:52+01:00
0,0,0,0,0,0,2019-06-26 22:35:18+01:00
3,4,0,1,0,1,2019-06-27 22:36:02+01:00
2,2,0,1,0,1,2019-06-28 23:06:23+01:00
3,4,0,1,0,1,2019-07-06 12:10:55+01:00
4,5,1,2,1,1,2019-08-16 19:00:01+01:00
0,0,0,0,0,0,2019-08-16 19:04:05+01:00
0,0,0,0,0,0,2019-08-16 19:05:26+01:00
0,0,0,0,0,0,2019-08-16 19:05:31+01:00
3,3,2,3,2,2,2019-09-17 20:27:20+01:00
1,1,0,0,0,0,2019-09-17 22:06:19+01:00
1,1,0,0,0,0,2019-09-18 21:25:25+01:00
1,1,0,0,0,0,2019-09-22 17:28:47+01:00
1,1,0,1,0,0,2019-09-23 19:46:17+01:00
2,3,2,4,2,0,2019-09-23 21:27:06+01:00
1,2,1,2,1,1,2019-09-23 22:14:05+01:00
0,0,0,0,0,0,2019-09-23 22:18:43+01:00
0,0,0,0,0,0,2019-09-24 10:03:00+01:00
1,1,0,1,0,0,2019-09-24 22:06:07+01:00
0,0,0,0,0,0,2019-09-24 22:06:22+01:00
2,1,0,1,0,0,2019-10-02 20:53:59+01:00
0,0,0,0,0,0,2019-10-02 20:56:08+01:00
0,0,0,0,0,0,2019-10-02 20:57:46+01:00
3,3,0,1,0,1,2019-10-13 22:06:38+01:00
2,2,0,1,0,0,2019-10-14 20:38:16+01:00
2,2,0,1,0,0,2019-10-19 20:54:11+01:00
3,2,2,2,1,2,2019-10-20 17:17:42+01:00
3,2,2,2,1,2,2019-10-20 21:19:23+01:00
2,2,0,1,0,1,2019-10-21 21:21:52+01:00
1,1,0,0,0,1,2019-10-21 22:07:56+01:00
4,3,1,2,1,3,2019-10-22 21:34:37+01:00
0,0,0,0,0,0,2019-10-29 21:39:31+00:00
1,1,3,3,2,2,2019-10-29 21:44:35+00:00
0,0,0,0,0,0,2019-10-29 21:44:49+00:00
0,0,0,0,0,0,2019-10-29 21:48:49+00:00
2,0,0,0,0,0,2019-10-29 21:50:14+00:00
2,0,0,0,0,0,2019-11-03 22:56:43+00:00
3,1,0,1,0,0,2019-11-04 21:48:34+00:00
0,0,0,0,0,0,2019-11-04 21:51:03+00:00
0,0,0,0,0,0,2019-11-04 21:57:06+00:00
7,6,1,2,1,2,2019-11-15 19:10:54+00:00
2,3,1,1,1,2,2019-11-16 17:58:04+00:00
2,1,0,0,0,1,2019-11-20 21:25:41+00:00
1,0,0,0,0,0,2019-11-30 16:49:11+00:00
0,0,0,0,0,0,2019-11-30 16:58:18+00:00
0,0,0,0,0,0,2019-12-01 21:32:24+00:00
3,1,0,0,0,1,2019-12-08 13:31:51+00:00
1,0,0,0,0,0,2019-12-08 14:03:29+00:00
7,6,1,2,1,2,2019-12-08 17:49:50+00:00
2,1,0,0,0,1,2019-12-08 22:15:28+00:00
2,1,0,0,0,1,2019-12-11 20:17:29+00:00
0,0,0,0,0,0,2019-12-11 20:43:55+00:00
0,0,0,0,0,0,2019-12-11 20:54:32+00:00
0,0,0,0,0,0,2019-12-11 20:55:44+00:00
1,0,0,0,0,0,2019-12-11 21:10:05+00:00
1,0,0,0,0,0,2019-12-11 21:27:58+00:00
0,0,0,0,0,0,2019-12-11 21:35:08+00:00
0,0,0,0,0,0,2019-12-11 21:38:34+00:00
4,3,1,2,1,2,2019-12-14 16:16:43+00:00
2,3,0,0,0,0,2019-12-15 16:45:12+00:00
2,1,1,2,1,1,2019-12-21 17:34:24+00:00
0,0,0,0,0,0,2019-12-30 19:23:28+00:00
0,0,0,0,0,0,2020-01-28 23:11:07+00:00
0,0,0,0,0,0,2020-02-03 15:08:08+00:00
