Acquisition,Preparation,Modeling,Training,Evaluation,Prediction,time
0,0,0,0,0,0,2021-02-02 10:22:23+01:00
25,16,0,0,0,0,2021-02-02 10:26:15+01:00
0,0,0,0,0,0,2021-02-02 10:27:35+01:00
0,0,0,0,0,0,2021-02-02 10:35:41+01:00
0,0,0,0,0,0,2021-02-02 10:36:19+01:00
0,0,0,0,0,0,2021-02-02 11:07:26+01:00
25,15,0,0,0,0,2021-02-02 11:34:38+01:00
0,0,0,0,0,0,2021-02-02 11:35:16+01:00
0,0,0,0,0,0,2021-02-02 12:02:41+01:00
0,0,0,0,0,0,2021-02-02 14:48:53+01:00
0,0,0,0,0,0,2021-02-02 14:50:42+01:00
0,0,0,0,0,0,2021-02-02 14:51:33+01:00
0,0,0,0,0,0,2021-02-02 16:00:24+01:00
0,0,0,0,0,0,2021-02-02 21:17:26+01:00
0,0,0,0,0,0,2021-02-03 19:43:14+01:00
0,0,0,0,0,0,2021-02-03 19:47:11+01:00
0,0,0,0,0,0,2021-02-03 19:57:14+01:00
0,0,0,0,0,0,2021-02-03 20:04:24+01:00
0,0,0,0,0,0,2021-02-04 12:39:03+01:00
0,0,0,0,0,0,2021-02-04 14:35:51+01:00
0,0,0,0,0,0,2021-02-04 14:46:41+01:00
0,0,0,0,0,0,2021-02-04 14:46:48+01:00
0,0,0,0,0,0,2021-02-04 15:48:23+01:00
1,1,0,0,0,0,2021-02-05 12:57:02+01:00
0,0,0,0,0,0,2021-02-05 12:57:12+01:00
1,1,0,0,0,0,2021-02-05 13:04:10+01:00
0,0,0,0,0,0,2021-02-05 13:04:54+01:00
0,0,0,0,0,0,2021-02-11 09:10:52+01:00
0,1,0,0,0,0,2021-02-11 12:17:04+01:00
1,1,0,0,0,0,2021-02-11 13:52:27+01:00
1,1,0,0,0,0,2021-02-11 13:54:48+01:00
0,0,0,0,0,0,2021-02-11 13:57:30+01:00
1,1,0,0,0,0,2021-02-11 13:58:35+01:00
0,0,0,0,0,0,2021-02-18 13:14:55+01:00
1,1,0,0,0,0,2021-02-22 12:03:28+01:00
1,1,0,0,0,0,2021-03-04 17:29:52+01:00
1,0,0,0,0,0,2021-03-04 17:30:16+01:00
0,0,0,0,0,0,2021-03-08 09:15:46+01:00
0,0,0,0,0,0,2021-03-08 09:16:21+01:00
0,1,0,0,0,1,2021-03-10 20:33:46+01:00
0,0,0,0,0,0,2021-03-11 14:06:58+01:00
1,1,1,1,1,1,2021-03-11 16:41:18+01:00
1,1,1,1,1,1,2021-03-11 16:41:37+01:00
0,1,0,0,0,1,2021-03-18 13:07:20+01:00
0,1,0,1,0,1,2021-03-18 13:08:09+01:00
0,3,3,3,0,3,2021-03-25 12:43:08+01:00
0,1,1,1,0,1,2021-03-25 13:26:08+01:00
0,1,1,1,0,1,2021-03-25 13:46:31+01:00
1,1,1,1,0,1,2021-04-08 10:18:51+02:00
1,1,1,1,0,1,2021-04-08 13:09:03+02:00
0,0,0,0,0,0,2021-04-15 10:11:53+02:00
1,1,1,1,0,1,2021-04-15 12:46:38+02:00
2,2,1,1,0,1,2021-04-21 20:39:52+02:00
1,1,1,1,0,1,2021-04-29 12:15:51+02:00
0,1,1,1,0,1,2021-05-04 11:20:29+02:00
1,1,1,1,0,1,2021-05-06 10:07:40+02:00
12,18,8,9,1,11,2022-02-04 16:39:25+01:00
0,0,0,0,0,0,2022-02-04 16:55:25+01:00
0,0,0,0,0,0,2022-02-04 16:57:23+01:00
0,0,0,0,0,0,2022-02-15 20:43:09+01:00
0,0,0,0,0,0,2022-02-15 20:44:02+01:00
0,0,0,0,0,0,2022-02-15 20:45:28+01:00
0,0,0,0,0,0,2022-02-15 20:46:13+01:00
0,1,0,0,0,0,2022-02-16 13:13:55+01:00
0,0,0,0,0,0,2022-02-21 09:02:55+01:00
2,2,0,0,0,0,2022-02-21 09:04:12+01:00
0,1,0,0,0,0,2022-02-23 09:07:39+01:00
0,1,0,0,0,0,2022-02-23 09:10:38+01:00
0,1,0,0,0,0,2022-02-23 09:18:07+01:00
0,1,0,0,0,0,2022-02-23 09:32:41+01:00
1,1,0,0,0,0,2022-02-24 14:06:06+01:00
1,1,0,0,0,0,2022-02-24 14:09:34+01:00
2,2,0,0,0,0,2022-03-02 09:52:08+01:00
0,0,0,0,0,0,2022-03-02 12:05:51+01:00
0,0,0,0,0,0,2022-03-02 12:06:28+01:00
0,0,0,0,0,0,2022-03-09 10:30:01+01:00
0,0,0,0,0,0,2022-03-09 10:31:12+01:00
0,0,0,0,0,0,2022-03-09 10:32:47+01:00
1,0,0,0,0,0,2022-03-09 15:04:50+01:00
2,1,0,0,0,0,2022-03-09 15:07:20+01:00
0,0,0,0,0,0,2022-03-15 17:47:35+01:00
0,0,0,0,0,0,2022-03-15 17:47:56+01:00
0,0,0,0,0,0,2022-03-23 15:01:23+01:00
1,1,1,1,1,1,2022-03-23 15:04:07+01:00
0,0,0,0,0,0,2022-03-24 10:10:41+01:00
0,0,0,0,0,0,2022-03-24 10:35:06+01:00
0,0,0,0,0,0,2022-03-30 10:29:02+02:00
0,0,0,0,0,0,2022-03-30 10:30:34+02:00
0,1,1,1,0,1,2022-03-30 15:12:01+02:00
1,1,1,1,0,1,2022-03-30 15:14:19+02:00
0,1,0,0,0,0,2022-04-06 10:29:06+02:00
0,1,0,0,0,0,2022-04-06 10:29:47+02:00
0,0,0,0,0,0,2022-04-20 08:58:22+02:00
0,1,0,0,0,0,2022-04-20 09:01:33+02:00
1,1,1,1,0,1,2022-04-20 12:05:07+02:00
2,2,2,2,0,2,2022-04-20 12:07:03+02:00
1,1,0,0,0,1,2022-04-27 09:58:35+02:00
1,3,0,0,0,2,2022-04-27 09:58:58+02:00
2,2,2,2,0,2,2022-05-02 09:27:36+02:00
1,1,1,1,0,1,2022-05-04 09:43:26+02:00
1,1,1,1,0,1,2022-05-04 09:44:02+02:00
