Acquisition,Preparation,Modeling,Training,Evaluation,Prediction,time
0,2,0,0,2,0,2020-04-08 15:41:36+03:00
0,1,0,0,0,0,2020-04-08 18:11:36+03:00
0,1,0,0,0,0,2020-04-08 18:47:23+03:00
0,3,0,0,2,0,2020-04-09 12:43:16+03:00
0,1,0,0,0,0,2020-04-09 12:52:13+03:00
0,0,0,0,0,0,2020-04-10 10:45:21+03:00
0,0,0,0,0,0,2020-04-13 20:05:35+03:00
0,1,0,0,1,0,2020-04-14 10:55:51+03:00
0,0,0,0,0,0,2020-04-14 11:07:35+03:00
0,1,0,0,1,0,2020-04-14 11:17:47+03:00
0,0,0,0,0,0,2020-04-14 11:26:50+03:00
0,1,0,0,1,0,2020-04-14 17:53:15+03:00
0,0,0,0,0,0,2020-04-14 20:42:53+03:00
0,1,0,0,1,0,2020-04-15 12:59:34+03:00
0,0,0,0,0,0,2020-04-15 13:07:04+03:00
0,2,0,0,0,0,2020-04-15 13:10:48+03:00
0,1,0,0,1,0,2020-04-15 13:13:06+03:00
0,0,0,0,0,0,2020-04-15 13:14:17+03:00
0,1,0,0,1,0,2020-04-15 16:49:54+03:00
0,1,0,0,1,0,2020-04-15 16:57:07+03:00
0,0,0,0,0,0,2020-04-15 16:59:55+03:00
0,0,0,0,0,0,2020-04-15 18:19:21+03:00
0,1,0,0,0,0,2020-04-18 13:37:27+03:00
0,1,0,1,1,0,2020-04-28 09:37:12+03:00
0,1,0,1,1,0,2020-04-28 09:47:02+03:00
0,0,0,0,0,0,2020-04-28 09:50:58+03:00
0,2,0,0,0,0,2020-04-28 10:08:14+03:00
0,1,0,1,1,0,2020-04-28 10:16:40+03:00
0,1,0,0,1,0,2020-06-01 11:51:28+03:00
0,1,0,1,1,0,2020-06-05 13:35:24+03:00
0,1,0,1,1,0,2020-06-11 11:30:09+03:00
0,1,0,1,1,0,2020-06-11 15:47:46+03:00
0,1,0,1,1,0,2020-06-16 15:16:15+03:00
0,1,0,1,1,0,2020-06-17 09:12:45+03:00
0,1,0,1,1,0,2020-06-27 13:20:49+03:00
0,6,0,6,6,0,2020-07-04 14:57:12+03:00
0,1,0,0,0,0,2020-07-04 18:08:42+03:00
0,1,0,0,0,0,2020-07-05 12:08:47+03:00
0,1,0,1,1,0,2020-07-05 12:13:21+03:00
0,7,0,7,7,0,2020-07-05 19:29:34+03:00
0,1,0,1,1,0,2020-07-05 19:32:59+03:00
0,0,0,0,0,0,2020-07-07 13:18:01+03:00
0,1,0,1,1,0,2020-07-08 09:15:57+03:00
0,1,0,1,1,0,2020-07-11 14:50:08+03:00
0,3,0,3,3,0,2020-07-11 19:08:14+03:00
0,3,0,3,3,0,2020-07-12 15:13:55+03:00
0,1,0,1,1,0,2020-07-14 09:29:11+03:00
0,3,0,1,1,0,2020-07-16 18:23:23+03:00
1,1,1,1,1,1,2020-08-19 11:46:07+03:00
0,1,0,1,1,0,2020-08-19 15:07:27+03:00
0,1,0,1,1,0,2020-08-19 15:07:27+03:00
0,1,0,1,1,0,2020-08-19 15:07:27+03:00
0,0,0,0,0,0,2020-08-19 15:16:10+03:00
0,0,0,0,0,0,2020-08-19 15:17:26+03:00
0,0,0,0,0,0,2020-08-19 15:19:02+03:00
0,1,0,1,1,0,2020-08-19 16:16:58+03:00
1,1,1,1,1,1,2020-08-19 16:20:19+03:00
0,0,0,0,0,0,2020-08-19 16:21:42+03:00
1,1,1,1,1,1,2020-08-19 16:20:19+03:00
0,0,0,0,0,0,2020-08-19 16:27:01+03:00
0,0,0,0,0,0,2020-08-19 16:27:15+03:00
0,1,0,1,1,0,2020-08-19 16:49:56+03:00
0,0,0,0,0,0,2020-08-19 16:50:09+03:00
1,1,1,1,1,1,2020-08-19 18:51:00+03:00
0,0,0,0,0,0,2020-08-19 18:51:44+03:00
1,1,1,1,1,1,2020-08-19 20:00:18+03:00
0,0,0,0,0,0,2020-08-19 20:00:59+03:00
0,1,0,1,1,0,2020-08-20 10:07:48+03:00
1,1,1,1,1,1,2020-08-20 11:30:07+03:00
0,3,0,1,3,0,2020-08-25 10:03:21+03:00
0,1,0,1,1,0,2020-08-25 11:27:26+03:00
0,1,0,1,1,0,2020-08-30 18:31:54+03:00
1,1,1,1,1,1,2020-08-30 18:35:14+03:00
1,1,1,1,1,1,2020-08-30 18:37:35+03:00
1,1,1,1,1,1,2020-08-30 18:39:00+03:00
0,1,1,1,1,0,2020-08-31 18:49:02+03:00
1,1,1,1,1,1,2020-08-31 18:49:37+03:00
0,0,0,0,0,0,2020-08-31 19:05:41+03:00
3,6,4,4,5,2,2020-09-01 22:32:58+03:00
0,0,0,0,0,0,2020-09-01 22:41:44+03:00
0,4,0,4,4,0,2020-09-01 22:46:27+03:00
0,2,2,2,2,1,2020-09-02 13:43:07+03:00
0,0,0,0,0,0,2020-09-02 13:57:28+03:00
0,0,0,0,0,0,2020-09-02 14:51:41+03:00
0,1,0,0,0,0,2020-09-06 12:04:18+03:00
0,0,0,0,0,0,2020-09-17 12:45:18+03:00
0,1,1,1,1,0,2020-09-17 12:46:18+03:00
1,1,0,0,1,0,2020-09-17 12:47:11+03:00
0,2,2,2,2,2,2020-09-17 12:47:27+03:00
0,0,0,0,0,0,2020-09-17 12:49:46+03:00
0,0,0,0,0,0,2020-09-17 12:54:26+03:00
1,3,2,2,3,1,2020-10-29 16:19:57+03:00
0,0,0,0,0,0,2020-10-29 16:26:01+03:00
0,0,0,0,0,0,2020-10-29 16:35:18+03:00
0,1,1,1,1,0,2020-11-10 14:17:49+03:00
0,0,0,0,0,0,2020-11-23 13:19:13+03:00
0,1,1,1,1,0,2020-11-23 13:19:13+03:00
0,0,0,0,0,0,2020-11-23 13:36:26+03:00
0,0,0,0,0,0,2020-11-23 13:37:19+03:00
0,1,1,1,1,0,2020-11-23 15:31:02+03:00
0,1,1,1,1,0,2020-11-23 15:31:02+03:00
0,1,1,1,1,0,2020-11-23 15:59:03+03:00
0,0,0,0,0,0,2020-11-23 16:01:34+03:00
0,0,0,0,0,0,2020-11-23 16:20:22+03:00
0,0,0,0,0,0,2020-11-23 16:38:59+03:00
0,1,1,1,1,0,2020-11-23 17:49:53+03:00
0,0,0,0,0,0,2021-01-13 19:06:47+03:00
0,0,0,0,0,0,2021-01-13 20:22:20+03:00
0,1,1,1,1,0,2021-01-13 20:23:24+03:00
2,5,3,3,4,2,2021-01-13 21:57:28+03:00
0,0,0,0,0,0,2021-01-14 09:45:31+03:00
1,3,3,3,3,2,2021-01-14 10:06:33+03:00
0,0,0,0,0,0,2021-01-14 10:33:13+03:00
0,1,1,1,1,1,2021-01-14 19:03:47+03:00
0,0,0,0,0,0,2021-01-14 19:05:31+03:00
0,1,1,1,1,0,2021-01-14 20:02:45+03:00
0,0,0,0,0,0,2021-01-14 20:05:23+03:00
0,1,1,1,1,0,2021-01-20 19:31:58+03:00
0,0,0,0,0,0,2021-01-20 19:34:29+03:00
1,0,0,1,1,1,2021-01-21 20:25:03+03:00
0,0,0,0,0,0,2021-01-21 20:34:53+03:00
0,0,0,0,0,0,2021-01-21 20:34:53+03:00
0,0,0,0,0,0,2021-01-21 20:39:32+03:00
0,0,0,0,0,0,2021-01-22 14:47:25+03:00
1,0,0,1,1,1,2021-01-22 15:19:19+03:00
1,0,0,1,1,1,2021-01-24 17:56:12+03:00
1,0,0,1,1,1,2021-02-18 10:12:17+03:00
0,0,0,0,0,0,2021-02-18 10:13:37+03:00
3,5,3,4,5,3,2021-03-10 10:21:57+03:00
0,1,1,1,1,0,2021-03-10 10:25:10+03:00
0,1,1,1,1,0,2021-03-10 10:25:53+03:00
0,1,1,1,1,0,2021-03-10 10:28:37+03:00
0,1,1,1,1,0,2021-03-10 10:30:33+03:00
0,1,1,1,1,0,2021-03-10 10:38:07+03:00
0,1,1,1,1,0,2021-03-10 10:38:36+03:00
0,1,1,1,1,0,2021-03-10 10:40:24+03:00
0,1,1,1,1,0,2021-03-10 10:54:47+03:00
0,1,1,1,1,0,2021-03-10 10:55:40+03:00
0,1,1,1,1,0,2021-03-10 10:56:41+03:00
0,1,1,1,1,0,2021-03-10 11:00:57+03:00
0,1,1,1,1,0,2021-03-10 11:02:47+03:00
0,1,1,1,1,0,2021-03-10 11:03:22+03:00
0,1,1,1,1,0,2021-03-10 11:05:33+03:00
0,1,1,1,1,0,2021-03-10 11:06:02+03:00
0,1,1,1,1,0,2021-03-10 11:08:30+03:00
0,1,1,1,1,0,2021-03-10 11:09:33+03:00
0,1,1,1,1,0,2021-03-10 11:10:53+03:00
0,1,1,1,1,0,2021-03-10 11:12:42+03:00
0,1,1,1,1,0,2021-03-10 11:15:37+03:00
0,1,1,1,1,0,2021-03-10 11:15:59+03:00
0,1,1,1,1,0,2021-03-10 11:17:15+03:00
0,1,1,1,1,0,2021-03-10 11:20:38+03:00
0,1,1,1,1,0,2021-03-10 11:22:25+03:00
0,1,1,1,1,0,2021-03-10 11:41:18+03:00
0,1,1,1,1,0,2021-03-10 11:46:27+03:00
0,1,1,1,1,0,2021-03-10 11:47:44+03:00
0,1,1,1,1,0,2021-03-10 11:48:01+03:00
0,1,1,1,1,0,2021-03-10 11:48:24+03:00
0,1,1,1,1,0,2021-03-10 11:49:08+03:00
0,1,1,1,1,0,2021-03-10 11:50:02+03:00
0,1,1,1,1,0,2021-03-10 11:51:24+03:00
0,1,1,1,1,0,2021-03-10 11:52:03+03:00
0,1,1,1,1,0,2021-03-10 11:52:55+03:00
0,1,1,1,1,0,2021-03-10 11:53:29+03:00
0,1,1,1,1,0,2021-03-10 11:54:09+03:00
0,1,1,1,1,0,2021-03-10 11:54:59+03:00
0,1,1,1,1,0,2021-03-10 11:58:00+03:00
0,0,0,0,0,0,2021-03-10 14:20:18+03:00
0,0,0,0,0,0,2021-03-10 15:03:57+03:00
0,1,1,1,1,0,2021-03-11 14:29:10+03:00
0,0,0,0,0,0,2021-03-11 14:38:40+03:00
0,0,0,0,0,0,2021-03-11 14:39:55+03:00
0,1,1,1,1,0,2021-03-11 15:34:06+03:00
0,1,1,1,1,0,2021-03-11 15:38:36+03:00
0,0,0,0,0,0,2021-03-11 15:39:35+03:00
0,0,0,0,0,0,2021-03-24 10:48:58+03:00
0,0,0,0,0,0,2021-03-26 11:47:47+03:00
0,0,0,0,0,0,2021-04-19 12:28:51+03:00
0,0,0,0,0,0,2021-04-25 21:51:14+03:00
0,0,0,0,0,0,2021-04-25 21:52:43+03:00
0,0,0,0,0,0,2021-04-25 22:01:40+03:00
0,1,1,1,1,0,2021-04-25 22:01:40+03:00
0,0,0,0,0,0,2021-04-26 11:43:56+03:00
0,0,0,0,0,0,2021-04-26 11:43:56+03:00
0,0,0,0,0,0,2021-04-26 12:20:57+03:00
0,0,0,0,0,0,2021-04-26 12:20:57+03:00
0,0,0,0,0,0,2021-04-26 12:25:11+03:00
0,0,0,0,0,0,2021-04-26 12:25:11+03:00
0,0,0,0,0,0,2021-04-26 12:31:38+03:00
0,0,0,0,0,0,2021-04-26 12:31:38+03:00
0,0,0,0,0,0,2021-04-26 12:33:44+03:00
0,0,0,0,0,0,2021-04-26 12:33:44+03:00
0,0,0,0,0,0,2021-04-26 12:33:44+03:00
0,0,0,0,0,0,2021-04-26 18:09:55+03:00
0,0,0,0,0,0,2021-04-26 18:09:55+03:00
0,0,0,0,0,0,2021-04-26 18:55:05+03:00
3,5,3,4,5,3,2021-04-27 10:22:21+03:00
0,0,0,0,0,0,2021-04-27 13:10:58+03:00
0,0,0,0,0,0,2021-04-27 13:23:37+03:00
0,0,0,0,0,0,2021-04-27 13:25:50+03:00
0,0,0,0,0,0,2021-04-27 14:49:35+03:00
0,0,0,0,0,0,2021-04-27 14:57:32+03:00
3,5,3,4,5,3,2021-04-29 09:16:18+03:00
0,0,0,0,0,0,2021-04-29 09:20:35+03:00
0,0,0,0,0,0,2021-04-29 09:29:41+03:00
0,0,0,0,0,0,2021-04-29 09:30:04+03:00
0,0,0,0,0,0,2021-04-29 09:41:44+03:00
0,0,0,0,0,0,2021-04-29 09:56:18+03:00
0,0,0,0,0,0,2021-04-29 10:02:15+03:00
0,0,0,0,0,0,2021-04-29 10:05:02+03:00
0,0,0,0,0,0,2021-04-29 10:08:57+03:00
0,0,0,0,0,0,2021-04-29 10:12:21+03:00
0,0,0,0,0,0,2021-04-29 10:37:10+03:00
3,5,3,4,5,3,2021-04-29 11:56:19+03:00
3,5,3,4,5,3,2021-05-05 09:33:47+03:00
0,0,0,0,0,0,2021-05-09 09:16:11+03:00
0,0,0,0,0,0,2021-05-09 09:18:09+03:00
1,1,1,1,1,1,2021-05-20 10:05:52+03:00
0,0,0,0,0,0,2021-06-03 13:02:23+03:00
0,0,0,0,0,0,2021-06-04 19:58:02+03:00
0,0,0,0,0,0,2021-06-07 14:19:01+03:00
0,0,0,0,0,0,2021-06-09 18:02:40+03:00
0,0,0,0,0,0,2021-06-09 18:02:40+03:00
0,0,0,0,0,0,2021-06-10 10:38:40+03:00
0,0,0,0,0,0,2021-06-10 10:51:40+03:00
0,1,1,1,1,0,2021-06-10 11:03:34+03:00
0,0,0,0,0,0,2021-06-10 11:41:10+03:00
0,0,0,0,0,0,2021-06-10 11:43:13+03:00
0,0,0,0,0,0,2021-06-10 12:46:50+03:00
0,0,0,0,0,0,2021-06-10 12:47:09+03:00
0,1,1,1,1,0,2021-06-10 13:00:21+03:00
0,0,0,0,0,0,2021-06-10 13:06:45+03:00
0,0,0,0,0,0,2021-06-10 13:11:52+03:00
0,0,0,0,0,0,2021-06-10 13:14:01+03:00
