Acquisition,Preparation,Modeling,Training,Evaluation,Prediction,time
0,0,0,0,0,0,2020-10-01 09:56:27+01:00
0,0,0,0,0,0,2020-11-27 20:45:57+01:00
0,0,0,0,0,0,2020-11-27 22:39:50+02:00
239,978,265,56,105,126,2020-11-28 01:28:00+01:00
0,0,0,0,0,0,2020-11-28 01:37:46+01:00
0,0,0,0,0,0,2020-11-28 15:05:16+02:00
2,4,0,0,2,0,2020-11-28 23:27:39+01:00
0,0,0,0,0,0,2020-11-28 23:29:48+01:00
0,0,0,0,0,0,2020-11-28 23:33:18+01:00
0,0,0,0,0,0,2020-11-28 23:35:15+01:00
0,0,0,0,0,0,2020-11-30 23:55:05+01:00
0,0,0,0,0,0,2020-11-30 23:58:47+01:00
0,0,0,0,0,0,2020-12-03 00:42:07+01:00
0,0,0,0,0,0,2020-12-03 01:44:21+02:00
0,0,0,0,0,0,2020-12-03 01:45:37+02:00
0,0,0,0,0,0,2020-12-03 06:33:54+01:00
0,0,0,0,0,0,2020-12-03 06:39:41+01:00
1,0,0,0,0,0,2020-12-03 16:38:25+01:00
0,0,0,0,0,0,2020-12-15 09:06:49+01:00
0,0,0,0,0,0,2020-12-15 10:48:44+02:00
1,1,0,0,0,0,2020-12-16 01:16:32+02:00
1,1,0,0,0,0,2020-12-16 01:44:28+02:00
1,2,0,0,0,0,2020-12-17 01:33:41+01:00
0,1,0,0,0,0,2020-12-28 18:16:30+01:00
1,0,0,0,1,0,2020-12-28 18:18:30+01:00
0,0,0,0,0,0,2020-12-28 18:28:29+01:00
0,0,0,0,0,0,2020-12-28 18:28:44+01:00
2,0,0,0,0,0,2021-01-01 00:17:29+02:00
0,0,0,0,0,0,2021-01-01 00:18:04+02:00
5,1,0,0,1,0,2021-01-07 00:53:05+01:00
1,0,0,0,0,0,2021-01-07 00:54:45+01:00
0,0,0,0,0,0,2021-01-07 00:58:01+01:00
0,0,0,0,0,0,2021-01-07 01:00:58+01:00
0,0,0,0,0,0,2021-01-07 02:03:46+02:00
0,0,0,0,0,0,2021-01-09 02:26:21+01:00
0,0,0,0,0,0,2021-01-09 02:34:43+01:00
0,0,0,0,0,0,2021-01-09 02:40:31+01:00
0,0,0,0,0,0,2021-01-09 02:41:39+01:00
0,0,0,0,0,0,2021-01-09 02:47:32+01:00
0,0,0,0,0,0,2021-01-16 17:49:25+01:00
0,0,0,0,0,0,2021-01-16 17:58:38+01:00
0,0,0,0,0,0,2021-01-16 19:16:49+02:00
0,0,0,0,0,0,2021-01-16 18:23:11+01:00
0,0,0,0,0,0,2021-01-16 18:27:12+01:00
0,0,0,0,0,0,2021-01-17 15:58:43+00:00
0,0,0,0,0,0,2021-01-18 19:01:17+01:00
0,0,0,0,0,0,2021-01-18 20:04:32+01:00
0,0,0,0,0,0,2021-01-20 08:59:34+01:00
0,0,0,0,0,0,2021-01-20 10:36:25+02:00
0,0,0,0,0,0,2021-01-20 10:37:19+02:00
0,0,0,0,0,0,2021-01-20 10:39:20+02:00
0,0,0,0,0,0,2021-01-20 09:41:30+01:00
0,0,0,0,0,0,2021-01-20 10:45:54+01:00
0,0,0,0,0,0,2021-01-22 19:36:57+02:00
0,0,0,0,0,0,2021-01-30 19:20:45+02:00
0,0,0,0,0,0,2021-02-01 23:28:59+02:00
0,0,0,0,0,0,2021-02-02 12:15:21+02:00
