Acquisition,Preparation,Modeling,Training,Evaluation,Prediction,time
0,0,0,0,0,0,2021-06-03 01:00:32+02:00
0,0,0,0,0,0,2021-06-03 01:11:35+02:00
0,1,0,0,0,0,2021-06-03 02:08:40+02:00
0,0,0,0,0,0,2021-06-03 23:44:24+02:00
0,0,0,0,0,0,2021-06-03 23:54:05+02:00
3,4,0,0,1,0,2021-06-17 15:11:45+02:00
2,3,2,0,1,0,2021-06-24 16:17:07+02:00
0,1,1,0,0,0,2021-06-27 12:32:17+02:00
0,1,1,0,0,0,2021-06-27 16:53:10+02:00
0,1,1,0,0,0,2021-06-27 17:31:13+02:00
0,0,0,0,0,0,2021-06-27 17:42:40+02:00
0,1,1,0,0,0,2021-06-27 18:06:46+02:00
4,4,1,2,1,0,2021-07-08 16:46:41+02:00
0,2,2,2,0,0,2021-07-08 16:51:03+02:00
0,0,0,0,0,0,2021-07-08 16:53:31+02:00
3,4,3,3,0,1,2021-07-16 14:18:45+02:00
0,1,1,1,0,1,2021-07-16 14:24:14+02:00
2,4,1,3,0,0,2021-07-18 11:58:36+02:00
0,2,1,1,0,1,2021-07-23 23:57:56+02:00
0,0,1,1,0,0,2021-07-24 09:26:46+02:00
2,4,2,2,0,1,2021-07-29 14:09:02+02:00
0,0,1,1,0,0,2021-07-29 14:11:48+02:00
1,3,2,2,1,1,2021-07-29 20:52:13+02:00
4,11,4,3,3,1,2021-08-05 16:35:32+02:00
0,2,0,2,0,1,2021-08-12 13:40:13+02:00
0,0,0,0,0,0,2021-08-12 13:51:39+02:00
0,0,0,0,0,0,2021-08-12 13:52:29+02:00
0,1,0,0,0,1,2021-08-12 14:14:09+02:00
0,1,1,0,1,0,2021-08-12 14:37:53+02:00
0,0,0,0,0,0,2021-08-12 14:50:23+02:00
0,0,0,0,0,0,2021-08-12 15:14:34+02:00
1,2,0,2,0,0,2021-08-12 16:44:21+02:00
1,2,0,1,1,0,2021-08-12 18:19:18+02:00
1,2,1,1,0,0,2021-08-13 00:07:29+02:00
0,5,2,0,1,1,2021-08-13 00:56:06+02:00
2,4,1,3,1,0,2021-08-13 01:02:20+02:00
1,1,0,1,1,0,2021-08-13 11:38:06+02:00
1,4,2,2,2,1,2021-08-16 19:50:56+02:00
0,0,0,0,0,0,2021-08-18 23:21:15+02:00
0,1,1,0,1,0,2021-08-19 10:04:01+02:00
2,4,1,2,1,0,2021-08-19 10:06:14+02:00
1,3,2,1,3,0,2021-08-19 23:03:01+02:00
0,0,0,0,0,0,2021-08-20 22:46:59+02:00
0,2,2,1,2,0,2021-08-20 23:37:07+02:00
0,0,0,0,0,0,2021-08-21 12:24:30+02:00
2,7,1,2,2,1,2021-08-21 17:58:40+02:00
1,2,1,1,2,0,2021-08-21 21:37:45+02:00
1,2,2,2,2,0,2021-08-22 12:36:53+02:00
0,1,1,1,1,0,2021-08-22 16:34:03+02:00
0,0,0,0,0,0,2021-08-22 16:49:34+02:00
0,0,0,0,0,0,2021-08-22 16:52:20+02:00
2,2,1,3,0,0,2021-08-23 22:03:10+02:00
0,0,0,0,0,0,2021-08-23 22:26:21+02:00
0,0,0,1,0,0,2021-08-23 22:30:05+02:00
1,3,1,1,0,0,2021-08-23 22:59:37+02:00
0,0,0,0,0,0,2021-08-24 06:54:54+02:00
0,3,1,0,1,0,2021-08-25 23:42:23+02:00
0,0,0,0,0,0,2021-08-26 11:57:45+02:00
0,0,0,0,0,0,2021-08-26 18:34:38+02:00
0,0,0,0,0,0,2021-08-26 18:47:45+02:00
0,0,0,0,0,0,2021-08-26 18:49:00+02:00
0,0,0,0,0,0,2021-08-28 15:42:27+02:00
0,0,0,0,0,0,2021-08-28 15:50:17+02:00
0,0,0,0,0,0,2021-08-28 15:58:27+02:00
0,0,0,0,0,0,2021-08-28 16:09:53+02:00
0,0,0,0,0,0,2021-08-28 16:28:16+02:00
0,0,0,0,0,0,2021-08-28 16:31:19+02:00
0,0,0,0,0,0,2021-08-28 16:36:17+02:00
0,0,0,0,0,0,2021-08-28 16:53:13+02:00
0,0,0,0,0,0,2021-08-28 17:06:50+02:00
0,0,0,0,0,0,2021-08-28 18:54:54+02:00
3,7,3,4,3,0,2021-09-04 12:03:58+02:00
0,3,2,1,1,1,2021-09-04 20:10:42+02:00
1,7,2,2,3,1,2021-09-11 23:35:12+02:00
