Acquisition,Preparation,Modeling,Training,Evaluation,Prediction,time
0,0,0,0,0,0,2018-01-15 21:20:56+08:00
5,9,1,1,2,2,2018-01-15 21:22:00+08:00
3,7,1,1,2,3,2018-02-06 16:35:13+08:00
0,0,0,0,0,0,2018-02-27 10:44:06+08:00
0,0,0,0,0,0,2018-02-27 10:54:44+08:00
0,0,0,0,0,0,2018-03-01 14:58:00+08:00
3,6,1,2,2,3,2018-03-05 16:19:19+08:00
0,0,0,0,0,0,2018-03-05 16:19:28+08:00
0,2,0,0,2,2,2018-03-05 21:46:10+08:00
4,8,0,2,2,2,2018-03-11 11:47:01+08:00
0,0,0,0,0,0,2018-03-28 16:52:01+08:00
0,0,0,0,0,0,2018-03-28 16:52:18+08:00
1,1,0,0,1,1,2018-03-28 16:52:29+08:00
6,12,3,3,2,3,2018-03-28 17:05:20+08:00
0,0,0,0,0,0,2018-03-28 17:06:44+08:00
0,0,0,0,0,0,2018-03-28 17:09:57+08:00
0,0,0,0,0,0,2018-03-28 17:10:22+08:00
3,4,1,0,1,1,2018-03-29 12:56:40+08:00
0,0,0,0,0,0,2018-03-29 12:58:23+08:00
1,1,0,0,0,0,2018-03-29 14:54:15+08:00
0,0,0,0,0,0,2018-03-29 14:54:18+08:00
0,0,0,0,0,0,2018-03-29 14:57:43+08:00
2,2,1,0,1,1,2018-03-30 10:38:13+08:00
2,3,1,0,2,2,2018-03-30 13:03:24+08:00
1,1,0,0,1,1,2018-03-30 13:12:07+08:00
1,1,0,0,1,1,2018-03-30 13:38:46+08:00
3,3,1,0,1,1,2018-04-02 20:48:56+08:00
0,0,0,0,0,0,2018-04-02 20:50:47+08:00
0,1,1,0,1,0,2018-04-11 10:35:06+08:00
0,0,0,0,0,0,2018-04-11 11:12:34+08:00
1,2,1,0,1,0,2018-04-12 09:37:42+08:00
2,2,1,0,1,1,2018-04-14 23:19:48+08:00
0,0,0,0,0,0,2018-04-15 14:14:31+08:00
1,1,0,0,0,0,2018-04-15 14:15:04+08:00
0,0,0,0,0,0,2018-04-15 14:15:24+08:00
1,1,1,0,0,0,2018-04-15 14:15:45+08:00
2,1,0,0,1,1,2018-04-18 00:58:49+08:00
2,2,1,0,2,1,2018-04-21 20:13:53+08:00
0,1,1,0,1,0,2018-04-23 14:24:35+08:00
1,1,0,0,1,1,2018-04-23 14:24:42+08:00
3,5,2,1,2,1,2018-04-23 21:57:44+08:00
0,0,0,0,0,0,2018-04-24 14:54:22+08:00
0,0,0,0,0,0,2018-04-24 15:15:37+08:00
0,0,0,0,0,0,2018-04-24 15:18:12+08:00
0,0,0,0,0,0,2018-04-24 15:20:50+08:00
0,0,0,0,0,0,2018-04-24 15:54:18+08:00
0,0,0,0,0,0,2018-04-24 20:54:06+08:00
0,0,0,0,0,0,2018-04-24 21:14:46+08:00
0,0,0,0,0,0,2018-04-25 09:07:42+08:00
0,0,0,0,0,0,2018-04-25 09:07:46+08:00
0,0,0,0,0,0,2018-04-26 02:42:05+08:00
4,5,2,2,2,2,2018-04-26 11:18:58+08:00
2,3,2,0,1,1,2018-04-29 01:03:50+08:00
1,1,0,1,1,1,2018-05-04 00:42:37+08:00
0,1,1,0,1,1,2018-05-05 22:51:02+08:00
1,1,0,0,0,0,2018-05-18 00:31:15+08:00
0,1,1,0,1,1,2018-05-27 20:54:01+08:00
0,1,0,0,0,0,2018-05-28 23:58:28+08:00
1,1,0,1,1,1,2018-05-29 00:43:52+08:00
0,0,0,0,0,0,2018-05-29 00:44:30+08:00
1,1,0,1,1,1,2018-05-29 14:15:14+08:00
1,1,0,0,0,0,2018-05-29 15:22:57+08:00
1,1,0,0,0,0,2018-05-29 16:06:53+08:00
0,0,0,0,0,0,2018-05-29 16:07:10+08:00
1,1,1,0,0,0,2018-05-29 16:10:49+08:00
3,5,0,1,1,1,2018-05-30 15:28:12+08:00
0,0,0,0,0,0,2018-05-30 15:39:29+08:00
0,0,0,0,0,0,2018-05-30 15:40:42+08:00
0,0,0,0,0,0,2018-05-30 19:23:30+08:00
3,4,1,1,2,2,2018-05-30 22:30:08+08:00
0,0,0,0,0,0,2018-05-30 22:30:28+08:00
0,0,0,0,0,0,2018-05-30 22:33:47+08:00
0,0,0,0,0,0,2018-05-31 08:46:28+08:00
0,0,0,0,0,0,2018-05-31 17:50:34+08:00
5,7,2,2,2,2,2018-06-01 00:43:42+08:00
1,1,0,0,1,0,2018-06-01 02:43:19+08:00
0,0,0,0,0,0,2018-06-01 02:43:24+08:00
1,1,0,1,1,1,2018-06-01 23:11:45+08:00
0,1,0,0,0,0,2018-06-08 11:16:38+08:00
0,0,0,0,0,0,2018-06-08 11:16:57+08:00
1,1,0,0,1,0,2018-06-08 11:17:28+08:00
1,1,0,0,1,0,2018-06-08 13:01:20+08:00
0,0,0,0,0,0,2018-06-09 16:34:32+08:00
0,0,0,0,0,0,2018-06-12 11:10:37+08:00
0,0,0,0,0,0,2018-06-13 12:34:11+08:00
0,0,0,0,1,0,2018-06-15 17:25:55+08:00
0,0,0,0,1,0,2018-06-16 10:23:04+08:00
0,0,0,0,0,0,2018-06-17 22:25:45+08:00
0,0,0,0,0,0,2018-06-18 10:36:42+08:00
0,0,0,0,0,0,2018-06-18 11:18:51+08:00
0,0,0,0,0,0,2018-06-18 11:35:18+08:00
0,0,0,0,0,0,2018-06-18 11:37:51+08:00
0,0,0,0,0,0,2018-06-19 22:11:26+08:00
0,0,0,0,0,0,2018-06-19 22:13:04+08:00
0,0,0,0,0,0,2018-06-20 00:01:48+08:00
0,0,0,0,0,0,2018-06-21 00:39:09+08:00
0,0,0,0,0,0,2018-06-21 00:39:48+08:00
0,0,0,0,0,0,2018-06-22 20:56:25+08:00
0,0,0,0,0,0,2018-06-22 20:57:13+08:00
0,0,0,0,0,0,2018-06-24 02:22:01+08:00
0,0,0,0,0,0,2018-06-23 20:28:17+02:00
0,0,0,0,0,0,2018-06-25 01:57:48+04:00
1,1,0,0,1,0,2018-06-26 16:24:21+08:00
1,1,0,0,1,0,2018-06-26 16:24:35+08:00
0,0,0,0,0,0,2018-06-26 17:37:58+08:00
0,0,0,0,1,0,2018-06-28 21:26:35+08:00
1,1,1,0,1,1,2018-07-02 22:05:59+08:00
0,1,1,1,0,1,2018-07-06 21:59:00+08:00
0,0,0,0,0,0,2018-07-07 20:41:03+08:00
0,0,0,0,0,0,2018-07-07 20:41:44+08:00
1,1,1,1,1,1,2018-07-08 22:06:01+08:00
0,0,0,0,1,0,2018-07-12 08:04:57+08:00
0,0,0,0,0,0,2018-07-13 00:05:43+08:00
0,0,0,0,0,0,2018-07-18 08:45:16+08:00
0,0,0,0,0,0,2018-07-29 15:49:20+08:00
0,0,0,0,0,0,2018-07-30 14:24:25+08:00
0,1,1,0,1,1,2018-07-30 14:33:50+08:00
0,0,0,0,0,0,2018-08-03 22:18:47+08:00
0,0,0,0,0,0,2018-08-12 16:08:59+08:00
1,1,1,0,2,1,2018-08-13 18:26:17+08:00
5,8,1,1,4,2,2018-08-21 18:57:34+08:00
0,0,0,0,0,0,2018-08-22 00:02:18+08:00
1,1,0,0,0,0,2018-08-23 01:37:44+08:00
0,1,0,0,0,0,2018-08-23 01:38:09+08:00
1,1,0,0,1,0,2018-08-23 01:39:02+08:00
0,0,0,0,0,0,2018-08-23 20:14:35+08:00
0,0,0,0,0,0,2018-08-23 20:15:00+08:00
0,1,0,0,1,0,2018-08-24 00:03:04+08:00
0,0,0,0,1,0,2018-08-24 00:03:26+08:00
1,1,0,0,0,0,2018-08-25 12:37:40+08:00
0,0,0,0,1,0,2018-08-25 12:37:58+08:00
1,1,0,0,0,0,2018-08-29 01:44:34+08:00
0,1,0,0,0,0,2018-08-29 01:46:48+08:00
1,2,0,0,0,0,2018-08-29 16:28:31+08:00
0,0,0,0,1,0,2018-08-30 08:56:02+08:00
0,1,0,0,1,0,2018-09-01 11:36:50+08:00
0,0,0,0,0,0,2018-09-03 00:15:51+08:00
9,13,3,4,6,5,2018-09-12 00:32:48+08:00
1,2,0,0,1,0,2018-09-12 08:55:01+08:00
6,10,5,3,5,3,2018-09-12 16:08:15+08:00
0,1,0,0,1,0,2018-09-12 19:24:06+08:00
0,0,0,0,0,0,2018-09-12 22:29:25+08:00
0,1,1,0,1,1,2018-09-13 00:44:56+08:00
2,4,0,1,2,1,2018-09-13 22:00:08+08:00
0,1,1,0,1,1,2018-09-15 10:33:07+08:00
1,2,1,1,2,2,2018-09-16 00:13:42+08:00
0,2,0,0,1,0,2018-09-17 18:55:10+08:00
0,1,1,0,1,1,2018-09-17 18:56:01+08:00
0,0,0,0,0,0,2018-09-18 17:02:07+08:00
0,0,0,0,1,0,2018-09-18 17:07:04+08:00
0,0,0,0,0,0,2018-09-18 17:24:12+08:00
1,1,0,0,0,0,2018-09-19 19:41:16+08:00
0,0,0,0,0,0,2018-09-20 00:04:31+08:00
1,1,0,1,1,1,2018-09-20 00:04:43+08:00
0,0,0,0,0,0,2018-09-20 00:05:13+08:00
0,0,0,0,0,0,2018-09-20 00:05:43+08:00
1,1,0,0,0,0,2018-09-20 00:06:11+08:00
1,0,0,0,0,0,2018-09-20 00:06:29+08:00
1,2,0,0,1,0,2018-09-20 00:06:47+08:00
1,0,0,1,1,1,2018-09-20 11:38:02+08:00
0,0,0,0,0,0,2018-09-20 11:40:20+08:00
0,0,0,0,0,0,2018-09-20 11:42:15+08:00
0,0,0,0,0,0,2018-09-20 11:45:27+08:00
0,0,0,0,0,0,2018-09-20 11:53:32+08:00
0,0,0,0,0,0,2018-09-20 23:25:24+08:00
0,0,0,0,0,0,2018-09-20 23:42:25+08:00
2,3,2,0,2,0,2018-09-21 01:01:22+08:00
0,0,0,0,0,0,2018-09-21 01:24:44+08:00
0,2,0,0,1,0,2018-09-21 16:14:16+08:00
2,0,0,1,1,1,2018-09-21 16:14:59+08:00
0,1,0,0,2,0,2018-09-22 09:53:11+08:00
0,0,0,0,0,0,2018-09-22 10:56:05+08:00
3,3,2,0,0,1,2018-09-22 11:17:32+08:00
0,0,0,0,0,0,2018-09-22 11:34:47+08:00
2,2,0,0,0,0,2018-09-22 15:11:36+08:00
0,0,0,0,1,0,2018-09-25 14:27:45+08:00
0,1,1,0,1,1,2018-09-25 14:28:27+08:00
0,0,0,0,0,0,2018-09-25 14:28:53+08:00
1,0,0,1,1,1,2018-09-25 14:29:08+08:00
1,0,0,1,2,1,2018-09-26 09:19:43+08:00
1,1,0,0,0,0,2018-09-27 12:36:41+08:00
0,2,0,0,1,0,2018-09-27 16:59:03+08:00
0,0,0,0,0,0,2018-09-27 17:14:46+08:00
0,0,0,0,0,0,2018-09-28 08:51:19+08:00
2,1,0,1,3,1,2018-09-29 16:46:49+08:00
0,0,0,0,0,0,2018-09-29 19:59:15+08:00
0,0,0,0,0,0,2018-09-29 20:09:03+08:00
0,0,0,0,0,0,2018-09-30 08:47:20+08:00
0,0,0,0,0,0,2018-09-30 08:48:01+08:00
0,1,0,0,1,0,2018-10-01 17:05:55+08:00
2,1,0,1,1,0,2018-10-02 22:41:28+08:00
0,0,0,0,0,0,2018-10-04 23:39:21+08:00
1,1,0,0,0,0,2018-10-06 00:43:41+08:00
1,0,0,1,2,1,2018-10-08 17:06:23+08:00
1,0,0,1,2,1,2018-10-08 17:25:27+08:00
1,1,1,0,1,1,2018-10-10 21:53:22+08:00
0,1,1,0,1,1,2018-10-11 10:44:55+08:00
0,1,0,0,0,0,2018-10-11 10:46:22+08:00
0,2,1,0,1,1,2018-10-15 00:05:47+08:00
1,1,0,1,1,1,2018-10-18 21:05:55+08:00
0,1,0,0,0,0,2018-10-20 19:40:10+08:00
1,3,0,1,1,1,2018-10-23 21:48:01+08:00
0,1,0,0,0,0,2018-10-25 09:12:21+08:00
1,3,1,0,1,1,2018-10-26 00:03:10+08:00
0,1,0,0,0,0,2018-10-27 21:31:43+08:00
1,4,1,0,1,1,2018-10-29 15:18:09+08:00
2,3,1,1,2,2,2018-10-30 22:14:52+08:00
5,13,1,2,3,2,2018-11-01 16:06:48+08:00
2,1,0,1,1,1,2018-11-01 16:07:53+08:00
1,3,1,1,3,2,2018-11-03 21:14:30+08:00
1,1,0,1,1,1,2018-11-06 18:01:49+08:00
1,1,0,0,0,0,2018-11-06 19:45:51+08:00
4,6,1,1,2,2,2018-11-08 22:26:48+08:00
1,1,0,1,1,1,2018-11-08 23:08:53+08:00
0,0,0,0,0,0,2018-11-09 13:08:46+08:00
0,0,0,0,0,0,2018-11-09 13:08:55+08:00
0,1,1,0,0,1,2018-11-09 15:25:24+08:00
0,1,1,0,0,0,2018-11-10 13:51:20+08:00
0,0,0,0,0,0,2018-11-12 19:25:38+08:00
1,1,0,0,0,0,2018-11-12 19:26:44+08:00
1,3,0,1,1,1,2018-11-12 19:27:21+08:00
1,2,0,0,1,1,2018-11-13 22:03:48+08:00
0,1,1,0,0,1,2018-11-15 22:04:44+08:00
0,2,1,0,0,1,2018-11-24 14:26:56+08:00
0,0,0,0,0,0,2018-12-03 10:12:23+08:00
0,0,0,0,0,0,2018-12-03 10:20:17+08:00
0,0,0,0,0,0,2018-12-03 10:25:50+08:00
3,7,1,3,2,2,2018-12-03 15:48:54+08:00
2,4,0,1,1,1,2018-12-03 16:39:23+08:00
1,1,0,1,1,1,2018-12-03 21:52:11+08:00
1,2,1,0,0,1,2018-12-09 18:08:14+08:00
0,0,0,0,0,0,2018-12-09 19:50:13+08:00
0,2,1,0,0,1,2019-01-07 20:50:58+08:00
0,0,0,0,0,0,2019-01-07 20:55:43+08:00
0,0,0,0,0,0,2019-01-07 20:56:54+08:00
0,0,0,0,0,0,2019-01-07 20:57:33+08:00
0,2,0,0,0,0,2019-01-08 08:48:26+08:00
3,7,2,2,3,2,2019-01-24 19:52:31+08:00
0,0,0,0,0,0,2019-02-14 15:33:26+08:00
0,0,0,0,0,0,2019-02-14 16:14:41+08:00
0,0,0,0,0,0,2019-02-14 16:24:30+08:00
0,0,0,0,0,0,2019-02-14 18:51:47+08:00
1,8,0,0,0,0,2019-03-06 08:47:22+08:00
2,7,1,2,2,2,2019-03-08 00:27:47+08:00
3,6,1,2,4,2,2019-04-17 14:46:18+08:00
0,0,0,0,0,0,2019-04-18 21:06:11+08:00
0,0,0,0,0,0,2019-05-08 20:44:38+08:00
0,0,0,0,0,0,2019-05-08 20:46:32+08:00
0,0,0,0,0,0,2019-05-08 20:49:21+08:00
0,0,0,0,0,0,2019-05-08 20:53:21+08:00
0,0,0,0,0,0,2019-05-08 20:55:41+08:00
0,0,0,0,0,0,2019-05-08 23:30:44+08:00
0,0,0,0,0,0,2019-05-08 23:33:10+08:00
1,4,0,0,0,0,2019-05-12 17:30:26+08:00
2,4,1,0,0,0,2019-05-14 21:05:07+08:00
0,0,0,0,0,0,2019-05-18 09:59:33+08:00
0,0,0,0,0,0,2019-05-18 10:10:59+08:00
0,0,0,0,0,0,2019-05-26 18:28:59+08:00
0,0,0,0,0,0,2019-05-27 12:42:17+08:00
0,0,0,0,0,0,2019-05-28 16:37:01+08:00
0,0,0,0,0,0,2019-05-28 18:11:46+08:00
0,0,0,0,0,0,2019-05-28 18:18:36+08:00
0,0,0,0,0,0,2019-05-28 18:22:44+08:00
0,0,0,0,0,0,2019-05-28 18:30:40+08:00
0,0,0,0,0,0,2019-05-28 21:37:46+08:00
0,0,0,0,0,0,2019-05-28 21:42:01+08:00
0,0,0,0,0,0,2019-05-29 08:29:29+08:00
0,0,0,0,0,0,2019-05-30 16:29:26+08:00
0,0,0,0,0,0,2019-05-30 16:40:17+08:00
0,0,0,0,0,0,2019-05-30 16:53:41+08:00
0,0,0,0,0,0,2019-05-30 17:06:10+08:00
0,0,0,0,0,0,2019-05-31 11:42:04+08:00
0,0,0,0,0,0,2019-09-02 10:09:19+08:00
0,0,0,0,0,0,2020-08-20 10:25:36+08:00
0,0,0,0,0,0,2020-11-20 17:23:41+08:00
0,0,0,0,0,0,2020-11-20 17:24:56+08:00
0,0,0,0,0,0,2020-11-20 17:25:54+08:00
