Acquisition,Preparation,Modeling,Training,Evaluation,Prediction,time
0,0,0,0,0,0,2015-10-07 16:33:48+08:00
0,0,0,0,0,0,2015-10-07 17:28:10+08:00
0,0,0,0,0,0,2015-10-20 22:03:28+08:00
0,0,0,0,0,0,2015-10-21 22:38:22+08:00
0,0,0,0,0,0,2015-10-21 22:45:43+08:00
0,0,0,0,0,0,2015-10-22 23:20:05+08:00
0,0,0,0,0,0,2015-10-23 22:56:40+08:00
0,0,0,0,0,0,2015-10-24 00:52:47+08:00
0,0,0,0,0,0,2015-10-24 12:42:45+08:00
0,0,0,0,0,0,2015-10-24 23:13:32+08:00
0,0,0,0,0,0,2015-10-25 22:32:59+08:00
0,0,0,0,0,0,2015-10-26 21:49:00+08:00
0,0,0,0,0,0,2015-10-27 21:51:09+08:00
0,0,0,0,0,0,2015-10-27 21:54:12+08:00
0,0,0,0,0,0,2015-10-28 21:28:07+08:00
0,0,0,0,0,0,2015-11-01 18:48:58+08:00
0,0,0,0,0,0,2015-11-02 21:53:51+08:00
0,0,0,0,0,0,2015-11-05 22:03:35+08:00
0,0,0,0,0,0,2015-11-05 22:11:38+08:00
0,0,0,0,0,0,2015-11-10 22:32:12+08:00
0,0,0,0,0,0,2015-11-10 22:50:00+08:00
0,0,0,0,0,0,2015-11-10 22:52:57+08:00
0,0,0,0,0,0,2015-11-17 22:33:28+08:00
0,0,0,0,0,0,2015-11-22 22:29:13+08:00
0,0,0,0,0,0,2015-11-30 23:01:20+08:00
0,0,0,0,0,0,2016-01-14 22:45:46+08:00
0,0,0,0,0,0,2016-03-17 18:54:41+08:00
0,0,0,0,0,0,2016-03-28 21:19:01+08:00
0,0,0,0,0,0,2016-03-28 23:56:22+08:00
0,0,0,0,0,0,2016-03-29 18:40:51+08:00
0,0,0,0,0,0,2016-04-08 00:02:47+08:00
0,0,0,0,0,0,2016-04-20 00:25:55+08:00
0,0,0,0,0,0,2016-05-16 22:12:18+08:00
0,0,0,0,0,0,2016-05-27 19:23:42+08:00
0,0,0,0,0,0,2016-05-28 23:22:47+08:00
0,0,0,0,0,0,2016-06-04 22:05:23+08:00
0,0,0,0,0,0,2016-06-09 21:15:45+08:00
0,0,0,0,0,0,2016-06-10 22:57:01+08:00
0,0,0,0,0,0,2016-06-22 22:45:22+08:00
0,0,0,0,0,0,2016-06-22 22:50:36+08:00
0,0,0,0,0,0,2016-06-23 21:41:35+08:00
0,0,0,0,0,0,2016-06-23 22:00:37+08:00
0,0,0,0,0,0,2016-06-23 22:16:01+08:00
0,0,0,0,0,0,2016-06-23 22:17:41+08:00
0,0,0,0,0,0,2016-07-02 21:34:53+08:00
0,0,0,0,0,0,2016-07-02 21:50:33+08:00
0,0,0,0,0,0,2016-07-02 22:00:06+08:00
0,0,0,0,0,0,2016-07-02 22:14:53+08:00
0,0,0,0,0,0,2016-07-05 21:35:51+08:00
0,0,0,0,0,0,2016-07-05 22:47:09+08:00
0,0,0,0,0,0,2016-07-09 22:35:17+08:00
0,0,0,0,0,0,2016-07-18 21:39:12+08:00
0,0,0,0,0,0,2016-07-19 22:33:41+08:00
0,0,0,0,0,0,2016-07-19 22:34:18+08:00
0,0,0,0,0,0,2016-07-19 22:35:24+08:00
0,0,0,0,0,0,2016-07-21 21:34:55+08:00
0,0,0,0,0,0,2016-07-24 22:09:13+08:00
0,0,0,0,0,0,2016-07-25 21:50:50+08:00
0,0,0,0,0,0,2016-07-25 21:55:35+08:00
0,0,0,0,0,0,2016-07-25 23:24:14+08:00
0,0,0,0,0,0,2016-07-26 00:10:45+08:00
0,0,0,0,0,0,2016-07-26 22:49:31+08:00
0,0,0,0,0,0,2016-07-27 21:00:06+08:00
0,0,0,0,0,0,2016-07-28 22:07:20+08:00
0,0,0,0,0,0,2016-08-07 00:16:19+08:00
0,0,0,0,0,0,2016-08-08 22:45:06+08:00
0,0,0,0,0,0,2016-08-09 23:34:18+08:00
0,0,0,0,0,0,2016-08-14 12:15:39+08:00
0,0,0,0,0,0,2016-08-17 22:10:05+08:00
0,0,0,0,0,0,2016-08-18 00:15:10+08:00
0,0,0,0,0,0,2016-08-18 22:25:56+08:00
0,0,0,0,0,0,2016-08-21 16:21:43+08:00
0,0,0,0,0,0,2016-08-21 16:47:01+08:00
0,0,0,0,0,0,2016-08-25 22:53:22+08:00
0,0,0,0,0,0,2016-08-25 23:58:39+08:00
0,0,0,0,0,0,2016-08-26 22:57:35+08:00
0,0,0,0,0,0,2016-08-27 00:17:04+08:00
0,0,0,0,0,0,2016-08-27 00:57:29+08:00
0,0,0,0,0,0,2016-09-04 20:44:32+08:00
0,0,0,0,0,0,2016-09-05 23:08:05+08:00
0,0,0,0,0,0,2016-09-06 21:35:52+08:00
0,0,0,0,0,0,2016-09-06 21:37:20+08:00
0,0,0,0,0,0,2016-09-07 21:29:44+08:00
0,0,0,0,0,0,2016-09-07 23:45:50+08:00
0,0,0,0,0,0,2016-09-13 19:54:53+08:00
0,0,0,0,0,0,2016-09-14 22:46:16+08:00
0,0,0,0,0,0,2016-09-17 22:53:49+08:00
0,0,0,0,0,0,2016-09-20 21:29:28+08:00
0,0,0,0,0,0,2016-11-13 22:55:34+08:00
0,0,0,0,0,0,2016-11-13 22:57:16+08:00
0,0,0,0,0,0,2016-11-14 18:30:32+08:00
0,0,0,0,0,0,2016-11-14 18:30:47+08:00
0,0,0,0,0,0,2016-11-14 21:07:18+08:00
0,0,0,0,0,0,2016-11-14 22:16:30+08:00
0,0,0,0,0,0,2016-12-06 21:27:20+08:00
0,0,0,0,0,0,2016-12-11 22:37:44+08:00
0,0,0,0,0,0,2016-12-15 18:51:16+08:00
0,0,0,0,0,0,2016-12-19 23:38:59+08:00
0,0,0,0,0,0,2017-01-02 01:16:08+08:00
0,0,0,0,0,0,2017-01-02 12:08:55+08:00
0,0,0,0,0,0,2017-01-23 21:49:56+08:00
0,0,0,0,0,0,2017-02-25 00:42:50+08:00
0,0,0,0,0,0,2017-03-09 23:30:27+08:00
0,0,0,0,0,0,2017-03-16 18:40:49+08:00
0,0,0,0,0,0,2017-03-16 23:33:02+08:00
0,0,0,0,0,0,2017-03-18 02:35:30+08:00
0,0,0,0,0,0,2017-03-25 23:55:34+08:00
0,0,0,0,0,0,2017-03-29 00:02:00+08:00
0,0,0,0,0,0,2017-04-07 00:01:45+08:00
0,0,0,0,0,0,2017-04-12 23:23:44+08:00
0,0,0,0,0,0,2017-04-12 23:28:03+08:00
0,0,0,0,0,0,2017-04-16 23:51:13+08:00
0,0,0,0,0,0,2017-04-17 00:30:14+08:00
0,0,0,0,0,0,2017-04-17 19:35:16+08:00
0,0,0,0,0,0,2017-04-20 00:01:59+08:00
0,0,0,0,0,0,2017-04-21 18:33:34+08:00
0,0,0,0,0,0,2017-04-21 18:34:07+08:00
0,0,0,0,0,0,2017-04-23 01:46:09+08:00
0,0,0,0,0,0,2017-04-24 23:00:43+08:00
0,0,0,0,0,0,2017-04-24 23:21:45+08:00
0,0,0,0,0,0,2017-04-25 23:49:11+08:00
0,0,0,0,0,0,2017-04-26 00:28:02+08:00
0,0,0,0,0,0,2017-04-30 17:09:38+08:00
0,0,0,0,0,0,2017-05-03 00:40:03+08:00
0,0,0,0,0,0,2017-05-03 23:13:34+08:00
0,0,0,0,0,0,2017-05-03 23:31:45+08:00
0,0,0,0,0,0,2017-05-04 00:35:26+08:00
0,0,0,0,0,0,2017-05-09 20:56:35+08:00
0,0,0,0,0,0,2017-05-10 23:45:19+08:00
0,0,0,0,0,0,2017-05-15 23:11:27+08:00
0,0,0,0,0,0,2017-05-17 20:05:02+08:00
0,0,0,0,0,0,2017-05-22 21:01:01+08:00
0,0,0,0,0,0,2017-05-24 10:02:14+08:00
0,0,0,0,0,0,2017-05-29 00:22:55+08:00
0,0,0,0,0,0,2017-06-13 23:49:53+08:00
0,0,0,0,0,0,2017-06-25 11:30:47+08:00
0,0,0,0,0,0,2017-07-02 22:53:34+08:00
0,0,0,0,0,0,2017-07-03 18:10:12+08:00
0,0,0,0,0,0,2017-07-03 23:55:23+08:00
0,0,0,0,0,0,2017-07-04 15:29:08+08:00
0,0,0,0,0,0,2017-07-04 15:48:47+08:00
0,0,0,0,0,0,2017-07-19 23:07:37+08:00
0,0,0,0,0,0,2017-07-30 17:44:12+08:00
0,0,0,0,0,0,2017-08-18 18:12:18+08:00
0,0,0,0,0,0,2017-09-02 20:40:18+08:00
0,0,0,0,0,0,2017-09-23 18:46:33+08:00
0,0,0,0,0,0,2017-10-02 16:54:32+08:00
0,0,0,0,0,0,2017-10-24 00:44:10+08:00
0,0,0,0,0,0,2017-10-27 13:34:01+08:00
0,0,0,0,0,0,2017-10-27 14:51:15+08:00
0,0,0,0,0,0,2017-10-27 16:01:24+08:00
0,0,0,0,0,0,2017-10-31 19:34:49+08:00
0,0,0,0,0,0,2017-11-05 01:56:01+08:00
0,0,0,0,0,0,2017-11-05 22:08:15+08:00
0,0,0,0,0,0,2017-11-08 17:44:47+08:00
0,0,0,0,0,0,2017-11-10 19:04:22+08:00
0,0,0,0,0,0,2017-11-17 00:39:07+08:00
0,0,0,0,0,0,2017-11-18 23:34:37+08:00
0,0,0,0,0,0,2017-11-22 00:50:20+08:00
0,0,0,0,0,0,2017-12-03 16:25:53+08:00
0,0,0,0,0,0,2017-12-05 00:18:01+08:00
0,0,0,0,0,0,2017-12-05 23:03:21+08:00
0,0,0,0,0,0,2017-12-10 16:20:22+08:00
0,0,0,0,0,0,2017-12-20 00:43:46+08:00
0,0,0,0,0,0,2017-12-25 00:46:24+08:00
0,0,0,0,0,0,2018-01-01 00:09:26+08:00
0,0,0,0,0,0,2018-01-02 00:06:02+08:00
0,0,0,0,0,0,2018-01-04 10:10:54+08:00
0,0,0,0,0,0,2018-01-13 13:18:50+08:00
0,0,0,0,0,0,2018-01-14 23:04:13+08:00
0,0,0,0,0,0,2018-01-15 15:32:39+08:00
0,0,0,0,0,0,2018-01-15 17:26:52+08:00
0,1,0,0,0,0,2018-01-18 18:22:05+08:00
0,1,0,1,1,0,2018-01-22 00:30:18+08:00
2,3,0,1,3,2,2018-01-24 15:48:37+08:00
1,2,0,0,2,1,2018-01-24 23:44:19+08:00
0,1,0,0,1,0,2018-01-24 23:46:32+08:00
0,1,0,0,2,0,2018-01-25 00:55:11+08:00
5,4,0,3,4,4,2018-01-27 01:27:10+08:00
6,7,0,4,5,5,2018-03-01 14:04:35+08:00
2,2,0,1,2,2,2018-03-03 22:46:20+08:00
2,3,1,1,2,1,2018-03-06 01:00:01+08:00
20,33,7,15,12,2,2018-03-23 14:10:04+08:00
1,1,0,0,0,0,2018-03-23 14:59:16+08:00
0,1,1,0,0,0,2018-03-23 15:02:44+08:00
0,1,1,0,0,0,2018-03-23 15:09:27+08:00
1,1,0,0,0,0,2018-03-23 15:26:02+08:00
1,1,0,0,0,0,2018-03-23 15:31:15+08:00
0,0,0,0,0,0,2018-03-23 15:57:33+08:00
0,0,0,0,0,0,2018-03-23 15:58:49+08:00
0,0,0,0,0,0,2018-03-23 16:02:27+08:00
0,0,0,0,0,0,2018-03-24 01:18:30+08:00
2,2,0,0,0,0,2018-03-24 02:53:40+08:00
1,1,0,1,1,0,2018-03-24 02:56:01+08:00
0,1,0,0,1,0,2018-03-26 11:52:58+08:00
2,3,0,1,2,0,2018-03-26 12:52:46+08:00
1,1,0,1,1,0,2018-03-26 13:01:57+08:00
4,6,1,0,3,0,2018-03-26 15:54:27+08:00
1,2,0,0,1,0,2018-03-26 23:20:13+08:00
2,6,1,0,2,0,2018-03-27 10:53:38+08:00
0,0,0,0,0,0,2018-03-27 10:57:49+08:00
7,12,4,4,5,1,2018-03-30 14:54:31+08:00
0,0,0,0,0,0,2018-04-01 23:53:40+08:00
0,0,0,0,0,0,2018-05-03 20:46:23+08:00
1,1,0,0,0,0,2018-06-10 01:05:48+08:00
0,0,0,0,0,0,2018-06-11 00:40:46+08:00
0,0,0,0,0,0,2018-06-19 23:36:08+08:00
0,0,0,0,0,0,2018-06-20 21:41:14+08:00
0,0,0,0,0,0,2018-06-20 23:28:26+08:00
0,0,0,0,0,0,2018-08-25 20:59:04+08:00
0,0,0,0,0,0,2018-09-01 16:40:24+08:00
0,0,0,0,0,0,2018-10-28 18:51:58+08:00
0,0,0,0,0,0,2018-11-30 01:05:42+08:00
0,0,0,0,0,0,2019-09-02 01:54:33+08:00
0,1,0,0,0,0,2019-12-11 00:44:05+08:00
0,0,0,0,0,0,2020-08-15 20:10:12+08:00
0,0,0,0,0,0,2020-08-25 22:27:17+08:00
0,0,0,0,0,0,2020-08-25 22:28:11+08:00
0,0,0,0,0,0,2020-08-25 22:57:24+08:00
0,0,0,0,0,0,2020-08-30 15:34:24+08:00
0,0,0,0,0,0,2020-08-30 16:05:44+08:00
0,0,0,0,0,0,2020-08-30 16:18:37+08:00
0,0,0,0,0,0,2020-08-30 16:17:49+07:00
0,0,0,0,0,0,2020-08-30 16:26:22+07:00
0,0,0,0,0,0,2020-12-27 18:19:07+08:00
