Acquisition,Preparation,Modeling,Training,Evaluation,Prediction,time
0,0,0,0,0,0,2021-01-13 12:11:59+01:00
0,1,0,0,0,0,2021-01-13 12:32:21+01:00
0,0,0,0,0,0,2021-01-13 12:35:51+01:00
0,0,0,0,0,0,2021-01-13 12:41:29+01:00
0,0,0,0,0,0,2021-01-13 12:44:41+01:00
0,1,0,0,0,0,2021-01-13 12:45:08+01:00
0,1,0,0,0,0,2021-01-13 12:45:43+01:00
0,0,0,0,0,0,2021-01-13 12:53:18+01:00
0,0,0,0,0,0,2021-01-13 12:56:21+01:00
0,0,0,0,0,0,2021-01-13 12:57:04+01:00
0,0,0,0,0,0,2021-01-13 13:05:22+01:00
0,0,0,0,0,0,2021-01-13 13:07:57+01:00
0,1,0,0,0,0,2021-01-14 17:27:06+01:00
0,0,0,0,0,0,2021-01-15 10:48:13+01:00
0,1,0,0,0,0,2021-01-15 11:51:20+01:00
0,0,0,0,0,0,2021-01-15 11:51:53+01:00
0,1,0,0,0,0,2021-01-15 12:47:56+01:00
0,0,0,0,0,0,2021-01-15 14:42:57+01:00
0,1,0,0,0,0,2021-01-15 14:43:18+01:00
0,1,0,0,0,0,2021-01-18 14:40:39+01:00
0,1,0,0,0,0,2021-01-18 17:13:01+01:00
0,1,0,0,0,0,2021-01-18 17:32:19+01:00
0,1,1,1,0,0,2021-01-18 18:52:56+01:00
0,0,0,0,0,0,2021-01-18 18:54:06+01:00
0,1,0,0,0,0,2021-01-18 18:57:44+01:00
0,1,0,0,0,0,2021-01-18 19:08:15+01:00
0,0,0,0,0,0,2021-01-18 19:09:33+01:00
0,0,1,1,0,0,2021-01-18 19:42:13+01:00
0,0,0,0,0,0,2021-01-18 19:43:50+01:00
0,0,0,0,0,0,2021-01-18 19:47:33+01:00
0,0,0,0,0,0,2021-01-18 19:50:32+01:00
0,0,1,1,0,0,2021-01-18 23:44:18+01:00
0,0,0,0,0,0,2021-01-18 23:45:49+01:00
0,2,1,1,0,0,2021-01-19 13:10:40+01:00
0,1,1,1,0,0,2021-01-19 13:18:01+01:00
0,1,1,1,0,0,2021-01-19 16:08:37+01:00
0,0,0,0,0,0,2021-01-19 16:10:11+01:00
0,1,0,0,0,0,2021-01-19 16:27:56+01:00
0,0,0,0,0,0,2021-01-19 16:28:49+01:00
0,1,0,0,0,0,2021-01-19 16:29:40+01:00
0,1,0,0,0,0,2021-01-19 17:07:25+01:00
0,0,0,0,0,0,2021-01-19 17:38:36+01:00
0,1,1,1,0,0,2021-01-19 17:48:33+01:00
0,0,0,0,0,0,2021-01-19 17:49:00+01:00
0,1,1,1,0,0,2021-01-19 17:53:03+01:00
0,0,0,0,0,0,2021-01-19 18:01:06+01:00
0,0,0,0,0,0,2021-01-19 20:09:38+01:00
0,0,0,0,0,0,2021-01-19 20:09:58+01:00
0,1,1,1,0,0,2021-01-20 10:58:19+01:00
0,0,0,0,0,0,2021-01-20 11:00:38+01:00
0,0,0,0,0,0,2021-01-20 13:18:27+01:00
0,0,0,0,0,0,2021-01-20 15:26:08+01:00
0,0,0,0,0,0,2021-01-20 15:30:27+01:00
0,0,0,0,0,0,2021-01-20 16:05:28+01:00
0,0,0,0,0,0,2021-01-20 19:23:57+01:00
0,0,0,0,0,0,2021-01-20 19:24:31+01:00
0,2,2,2,0,0,2021-01-20 20:01:15+01:00
0,0,0,0,0,0,2021-01-20 20:01:27+01:00
0,1,0,0,0,0,2021-01-24 17:29:23+01:00
2,7,6,8,0,0,2021-01-25 11:17:56+01:00
2,4,2,4,0,0,2021-01-25 11:19:23+01:00
0,0,0,0,0,0,2021-01-25 11:21:36+01:00
1,4,4,5,0,0,2021-01-25 11:29:33+01:00
1,1,0,0,0,1,2021-01-25 12:30:37+01:00
2,4,2,3,0,2,2021-01-25 15:17:49+01:00
1,1,1,1,0,1,2021-01-25 16:18:29+01:00
1,1,1,1,0,1,2021-01-25 21:34:07+01:00
1,1,1,1,0,1,2021-01-26 11:08:41+01:00
1,1,1,1,0,1,2021-01-26 11:56:21+01:00
1,1,1,1,0,1,2021-01-26 12:03:35+01:00
5,8,7,9,0,5,2021-01-26 16:32:23+01:00
0,0,0,0,0,0,2021-01-26 23:58:22+01:00
8,9,6,8,0,8,2021-01-27 09:52:30+01:00
0,1,0,0,0,0,2021-01-27 11:30:22+01:00
1,1,0,0,0,1,2021-01-27 11:30:22+01:00
0,0,0,0,0,0,2021-01-27 11:30:37+01:00
0,0,0,0,0,0,2021-01-27 11:59:10+01:00
0,0,0,0,0,0,2021-01-27 11:59:32+01:00
1,1,0,0,0,1,2021-01-27 12:16:47+01:00
10,12,6,10,0,10,2021-01-27 14:18:04+01:00
6,6,2,4,0,6,2021-01-27 17:26:04+01:00
0,0,0,0,0,0,2021-01-27 19:54:26+01:00
6,6,2,4,0,6,2021-01-27 23:41:45+01:00
0,0,0,0,0,0,2021-01-27 23:42:13+01:00
0,0,0,0,0,0,2021-01-28 11:46:21+01:00
0,0,0,0,0,0,2021-01-28 11:48:04+01:00
0,0,0,0,0,0,2021-01-28 11:48:37+01:00
0,0,0,0,0,0,2021-01-28 12:05:55+01:00
0,0,0,0,0,0,2021-01-28 12:07:41+01:00
1,1,0,1,0,1,2021-01-28 13:11:34+01:00
0,0,0,0,0,0,2021-01-28 13:11:42+01:00
4,4,3,4,0,4,2021-01-28 19:06:53+01:00
0,0,0,0,0,0,2021-02-01 11:31:03+01:00
6,6,4,6,0,6,2021-02-01 12:16:46+01:00
4,4,0,4,0,4,2021-02-01 18:25:56+01:00
0,0,0,0,0,0,2021-02-01 18:26:17+01:00
0,0,0,0,0,0,2021-02-01 18:28:24+01:00
0,0,0,0,0,0,2021-02-01 18:32:47+01:00
1,1,1,1,0,1,2021-02-01 19:27:31+01:00
0,0,0,0,0,0,2021-02-01 21:34:39+01:00
2,2,1,2,0,2,2021-02-02 12:11:24+01:00
0,0,0,0,0,0,2021-02-02 18:50:09+01:00
21,23,8,20,0,21,2021-02-02 18:57:12+01:00
0,0,0,0,0,0,2021-02-02 19:00:18+01:00
0,0,0,0,0,0,2021-02-03 10:51:59+01:00
0,0,0,0,0,0,2021-02-03 11:23:05+01:00
0,0,0,0,0,0,2021-02-03 14:19:56+01:00
0,0,0,0,0,0,2021-02-03 14:46:07+01:00
0,1,0,0,0,0,2021-02-03 14:46:24+01:00
0,1,0,0,0,0,2021-02-03 16:13:45+01:00
0,0,0,0,0,0,2021-02-03 17:25:01+01:00
1,1,0,1,0,1,2021-02-03 20:23:56+01:00
1,2,3,3,0,1,2021-03-11 14:24:01+01:00
1,1,0,0,0,1,2021-03-15 18:38:59+01:00
0,0,0,0,0,0,2021-03-15 18:45:23+01:00
0,0,0,0,0,0,2021-03-16 15:31:23+01:00
1,1,1,1,0,0,2021-03-16 16:29:30+01:00
0,0,0,0,0,0,2021-03-16 19:43:18+01:00
2,2,1,1,0,1,2021-03-17 14:22:39+01:00
0,0,0,0,0,0,2021-03-17 14:28:16+01:00
1,1,0,0,0,1,2021-03-17 15:30:54+01:00
1,1,0,0,0,1,2021-03-17 19:08:15+01:00
1,1,0,0,0,1,2021-03-17 20:05:10+01:00
1,1,0,0,0,1,2021-03-18 10:56:48+01:00
0,0,0,0,0,0,2021-03-26 15:08:59+01:00
13,16,9,9,2,11,2021-03-27 10:32:36+01:00
0,6,6,6,0,6,2021-03-30 11:08:55+02:00
4,14,10,14,0,14,2021-04-08 15:47:24+02:00
0,0,0,0,0,0,2021-04-08 15:48:31+02:00
0,0,0,0,0,0,2021-04-09 17:34:58+02:00
5,11,10,11,0,11,2021-04-14 12:48:52+02:00
0,1,1,1,0,1,2021-04-23 15:42:16+02:00
0,1,1,1,0,1,2021-07-22 18:42:55+01:00
0,0,0,0,0,0,2021-07-22 19:13:56+01:00
2,4,2,2,0,4,2021-07-23 16:45:04+01:00
0,1,1,1,0,1,2021-07-23 17:03:28+01:00
0,0,0,0,0,0,2021-07-23 17:07:10+01:00
0,0,0,0,0,0,2021-07-23 17:15:31+01:00
