Acquisition,Preparation,Modeling,Training,Evaluation,Prediction,time
0,0,0,0,0,0,2020-10-20 16:19:40-05:00
2,2,1,1,1,1,2020-10-21 23:56:33-05:00
1,1,0,0,0,1,2020-10-28 01:02:12-05:00
3,3,1,1,1,2,2020-10-28 17:58:34-05:00
0,0,0,0,0,0,2020-10-29 15:42:49+08:00
1,1,0,0,0,0,2020-10-29 17:06:59+08:00
0,0,0,0,0,0,2020-10-29 17:11:49+08:00
2,2,0,0,0,2,2020-10-30 17:59:40-05:00
2,2,1,1,1,0,2020-10-31 10:50:11-05:00
2,2,0,0,0,0,2020-10-31 21:28:36-05:00
1,1,0,0,0,0,2020-10-31 21:28:55-05:00
1,1,0,0,0,0,2020-11-01 01:21:11-05:00
2,1,0,0,0,0,2020-11-01 01:21:43-05:00
0,0,0,0,0,0,2020-11-01 01:22:12-05:00
0,0,0,0,0,0,2020-11-01 01:27:10-05:00
0,0,0,0,0,0,2020-11-01 01:29:05-05:00
0,0,0,0,0,0,2020-11-01 23:15:16+08:00
1,1,0,0,0,0,2020-11-01 15:03:27-06:00
1,1,0,0,0,1,2020-11-01 16:20:05-06:00
1,1,0,0,0,0,2020-11-01 17:34:07-06:00
0,0,0,0,0,0,2020-11-01 17:37:17-06:00
1,1,0,0,0,0,2020-11-01 21:05:00-06:00
1,1,0,0,0,0,2020-11-02 20:55:20-06:00
2,1,0,0,0,0,2020-11-02 23:41:52-06:00
2,2,0,0,0,2,2020-11-03 18:57:44-06:00
0,0,0,0,0,0,2020-12-02 00:53:31-06:00
0,0,0,0,0,0,2020-12-02 00:57:13-06:00
0,0,0,0,0,0,2020-12-02 01:01:59-06:00
0,0,0,0,0,0,2020-12-02 01:44:00-06:00
1,1,0,0,0,0,2020-12-02 16:08:47-06:00
9,7,1,1,1,3,2020-12-02 18:00:40-06:00
0,0,0,0,0,0,2020-12-02 18:02:06-06:00
10,8,1,1,1,3,2020-12-02 18:02:24-06:00
0,0,0,0,0,0,2020-12-03 14:25:16-06:00
1,1,0,0,0,0,2020-12-03 20:48:07-06:00
2,2,1,1,0,0,2020-12-04 14:19:22-06:00
1,0,1,1,0,0,2020-12-04 14:52:26-06:00
1,0,1,1,0,0,2020-12-04 15:21:29-06:00
1,1,1,1,0,1,2020-12-04 17:04:35-06:00
2,2,1,1,1,0,2020-12-04 23:11:12-06:00
0,0,0,0,0,0,2020-12-05 11:30:46-06:00
1,1,0,0,0,0,2020-12-05 12:53:48-06:00
1,1,1,1,0,1,2020-12-05 13:11:57-06:00
2,2,1,1,0,1,2020-12-05 14:58:04-06:00
1,1,1,1,0,1,2020-12-05 16:05:21-06:00
0,0,0,0,0,0,2020-12-05 16:25:00-06:00
1,1,1,1,1,0,2020-12-05 16:25:31-06:00
2,2,1,1,0,1,2020-12-05 22:09:45-06:00
1,1,0,0,0,0,2020-12-05 22:24:38-06:00
2,2,1,1,1,0,2020-12-05 23:00:04-06:00
1,1,1,1,1,0,2020-12-05 23:56:43-06:00
0,0,0,0,0,0,2020-12-06 11:54:36-06:00
1,1,0,0,0,0,2020-12-06 12:28:28-06:00
1,1,1,1,0,1,2020-12-06 12:28:54-06:00
1,1,1,1,1,0,2020-12-06 14:26:40-06:00
1,1,1,1,1,0,2020-12-06 16:47:03-06:00
1,1,1,1,1,0,2020-12-06 17:05:20-06:00
1,1,1,1,0,1,2020-12-06 18:02:14-06:00
0,0,0,0,0,0,2020-12-06 18:02:21-06:00
0,0,0,0,0,0,2020-12-06 18:03:51-06:00
1,1,1,1,1,0,2020-12-06 18:24:39-06:00
1,1,0,0,0,0,2020-12-06 20:32:49-06:00
1,1,0,0,0,0,2020-12-09 01:22:33-06:00
1,1,1,1,0,1,2020-12-09 01:41:44-06:00
1,1,0,0,0,0,2020-12-10 21:09:53-06:00
1,1,0,0,0,0,2020-12-11 00:00:16-06:00
1,1,1,1,1,1,2020-12-11 17:14:24-06:00
3,3,2,2,1,2,2020-12-11 17:27:50-06:00
0,0,0,0,0,0,2020-12-11 17:28:59-06:00
0,0,0,0,0,0,2020-12-11 17:30:32-06:00
0,0,0,0,0,0,2020-12-11 17:35:11-06:00
0,0,0,0,0,0,2020-12-11 17:59:27-06:00
