Acquisition,Preparation,Modeling,Training,Evaluation,Prediction,time
0,0,0,0,0,0,2018-07-22 23:50:21+09:00
0,0,0,0,0,0,2018-07-23 00:45:08+09:00
1,0,0,0,0,0,2018-07-23 00:45:42+09:00
0,0,0,0,0,0,2018-07-23 06:08:44+09:00
1,0,0,0,0,0,2018-07-23 06:09:22+09:00
0,1,0,0,0,0,2018-07-23 06:10:09+09:00
0,1,0,0,0,0,2018-07-23 06:25:11+09:00
0,1,0,0,0,0,2018-07-23 06:55:19+09:00
0,0,0,0,0,0,2018-07-25 05:53:04+09:00
0,1,0,1,0,0,2018-07-25 05:53:25+09:00
0,1,0,0,0,0,2018-09-15 02:40:11+09:00
0,1,0,0,0,0,2018-09-15 02:46:00+09:00
0,1,0,0,0,0,2018-09-15 03:54:27+09:00
0,2,0,1,0,0,2018-09-15 03:54:27+09:00
0,0,0,0,0,0,2018-09-15 04:13:12+09:00
0,1,0,0,0,0,2018-10-11 02:14:16+09:00
0,1,0,0,0,0,2018-11-24 23:35:40+09:00
0,1,0,0,0,0,2018-11-24 23:43:31+09:00
0,1,0,0,0,0,2018-11-25 15:11:47+09:00
0,0,0,0,0,0,2018-11-26 15:16:06+09:00
0,0,0,0,0,0,2018-11-26 15:35:28+09:00
0,1,0,0,0,0,2018-12-06 18:24:02+09:00
0,1,0,0,0,0,2018-12-06 18:25:03+09:00
0,1,0,0,0,0,2018-12-06 18:47:19+09:00
0,1,0,0,0,0,2018-12-06 23:45:47+09:00
0,0,0,0,0,0,2018-12-09 05:21:28+09:00
0,0,0,0,0,0,2018-12-09 05:21:37+09:00
0,1,0,0,0,0,2018-12-09 05:22:11+09:00
0,0,0,0,0,0,2018-12-10 04:45:00+09:00
0,1,0,0,0,0,2018-12-10 04:53:21+09:00
0,0,0,0,0,0,2018-12-10 05:02:59+09:00
0,1,0,0,0,0,2018-12-10 07:14:38+09:00
0,0,0,0,0,0,2018-12-10 07:15:36+09:00
0,1,0,0,0,0,2018-12-26 20:26:38+09:00
0,0,0,0,0,0,2018-12-26 20:29:20+09:00
0,1,0,0,0,0,2018-12-26 21:03:32+09:00
0,1,0,0,0,0,2018-12-26 21:07:51+09:00
0,0,0,0,0,0,2018-12-26 21:11:11+09:00
0,1,0,0,0,0,2018-12-26 21:12:16+09:00
0,0,0,0,0,0,2018-12-26 21:14:55+09:00
0,1,0,0,0,0,2019-06-02 18:30:02+09:00
0,1,0,0,0,0,2019-06-02 18:32:30+09:00
0,0,0,0,0,0,2019-06-10 02:01:48+09:00
0,0,0,0,0,0,2019-06-10 02:03:44+09:00
0,1,0,0,0,0,2019-06-10 02:06:10+09:00
0,1,0,0,0,0,2019-06-10 02:07:46+09:00
0,0,0,0,0,0,2019-06-10 23:40:40+09:00
0,1,0,0,0,0,2019-06-10 23:41:03+09:00
0,1,0,1,0,0,2019-06-10 23:41:19+09:00
1,0,0,0,0,0,2019-06-10 23:41:31+09:00
0,1,0,0,0,0,2019-06-11 22:13:01+09:00
0,0,0,0,0,0,2019-06-11 22:20:31+09:00
0,0,0,0,0,0,2019-06-11 23:32:02+09:00
0,0,0,0,0,0,2019-06-11 23:34:00+09:00
0,0,0,0,0,0,2019-06-11 23:43:06+09:00
0,0,0,0,0,0,2019-06-11 23:46:07+09:00
0,0,0,0,0,0,2019-06-11 23:48:15+09:00
0,0,0,0,0,0,2019-06-11 23:50:44+09:00
0,0,0,0,0,0,2019-06-11 23:51:55+09:00
0,0,0,0,0,0,2019-06-12 20:59:02+09:00
0,0,0,0,0,0,2019-06-12 20:59:56+09:00
0,0,0,0,0,0,2019-06-12 20:59:56+09:00
0,0,0,0,0,0,2019-06-12 21:07:37+09:00
0,0,0,0,0,0,2019-06-12 21:10:39+09:00
0,0,0,0,0,0,2019-06-12 21:17:58+09:00
0,0,0,0,0,0,2019-06-12 21:19:36+09:00
0,0,0,0,0,0,2019-06-12 21:25:38+09:00
0,0,0,0,0,0,2019-06-12 21:28:25+09:00
0,0,0,0,0,0,2019-06-12 21:31:49+09:00
0,0,0,0,0,0,2019-06-12 21:32:59+09:00
0,0,0,0,0,0,2019-06-19 23:35:20+09:00
0,2,0,0,0,0,2020-04-23 09:40:20+09:00
1,0,0,0,0,0,2020-04-23 09:41:10+09:00
0,0,0,0,0,0,2020-04-23 09:42:33+09:00
0,0,0,0,0,0,2020-04-23 09:44:13+09:00
0,0,0,0,0,0,2020-04-23 20:40:22+09:00
0,0,0,0,0,0,2020-04-23 20:41:42+09:00
0,0,0,0,0,0,2020-04-23 20:46:55+09:00
0,0,0,0,0,0,2020-04-23 20:47:04+09:00
0,0,0,0,0,0,2020-04-23 20:48:38+09:00
0,0,0,0,0,0,2020-04-23 20:57:48+09:00
0,0,0,0,0,0,2020-04-23 21:12:12+09:00
0,0,0,0,0,0,2020-04-23 23:15:37+09:00
0,0,0,0,0,0,2020-04-23 23:16:35+09:00
0,0,0,0,0,0,2020-04-23 23:20:15+09:00
0,0,0,0,0,0,2020-04-23 23:21:07+09:00
0,0,0,0,0,0,2020-04-23 23:28:27+09:00
0,0,0,0,0,0,2020-04-23 23:30:29+09:00
0,0,0,0,0,0,2020-04-23 23:33:00+09:00
0,0,0,0,0,0,2020-04-23 23:36:56+09:00
0,0,0,0,0,0,2020-04-23 23:42:58+09:00
0,0,0,0,0,0,2020-04-23 23:47:09+09:00
0,0,0,0,0,0,2020-04-23 23:55:31+09:00
0,0,0,0,0,0,2020-04-24 00:37:32+09:00
0,0,0,0,0,0,2020-04-24 00:45:07+09:00
0,0,0,0,0,0,2020-04-24 00:50:35+09:00
0,0,0,0,0,0,2020-04-24 00:55:25+09:00
0,0,0,0,0,0,2020-04-24 01:00:41+09:00
0,0,0,0,0,0,2020-04-24 01:08:06+09:00
0,0,0,0,0,0,2020-04-24 01:10:44+09:00
0,0,0,0,0,0,2020-04-24 01:16:00+09:00
0,0,0,0,0,0,2020-04-24 01:19:40+09:00
0,0,0,0,0,0,2020-04-24 01:32:54+09:00
0,0,0,0,0,0,2020-04-24 01:42:17+09:00
0,0,0,0,0,0,2020-04-24 01:59:03+09:00
0,0,0,0,0,0,2020-04-24 02:03:07+09:00
0,0,0,0,0,0,2020-04-24 02:21:26+09:00
0,0,0,0,0,0,2020-04-24 18:47:29+09:00
