Acquisition,Preparation,Modeling,Training,Evaluation,Prediction,time
0,0,0,0,0,0,2017-10-16 15:29:10+02:00
0,0,0,0,0,0,2017-10-16 15:30:59+02:00
0,0,0,0,0,0,2017-10-16 15:45:52+02:00
0,0,0,0,0,0,2017-10-16 16:42:13+02:00
0,0,0,0,0,0,2017-10-16 18:11:55+02:00
0,0,0,0,0,0,2017-10-16 20:10:07+02:00
0,0,0,0,0,0,2017-10-16 20:47:50+02:00
0,0,0,0,0,0,2017-10-18 16:04:07+02:00
0,0,0,0,0,0,2017-10-18 16:28:24+02:00
0,0,0,0,0,0,2017-10-18 18:18:49+02:00
0,0,0,0,0,0,2017-10-25 17:22:38+02:00
0,0,0,0,0,0,2017-11-29 20:53:13+01:00
0,0,0,0,0,0,2017-12-18 15:15:19+01:00
0,0,0,0,0,0,2018-01-05 14:21:48+01:00
2,7,0,0,0,0,2018-01-08 17:51:36+01:00
0,0,0,0,0,0,2018-01-08 23:14:42+01:00
0,0,0,0,0,0,2018-01-10 13:27:08+01:00
0,0,0,0,0,0,2018-01-10 13:31:56+01:00
0,0,0,0,0,0,2018-01-10 13:48:02+01:00
2,6,2,2,0,2,2018-01-15 19:10:13+01:00
1,2,0,0,0,0,2018-01-15 19:21:33+01:00
0,1,0,0,0,0,2018-01-15 13:36:11-05:00
2,2,1,1,0,1,2018-01-15 19:52:27+01:00
1,1,0,0,0,0,2018-01-15 20:25:49+01:00
1,1,0,0,0,0,2018-01-17 16:35:35+01:00
1,1,0,0,0,0,2018-01-17 17:28:23+01:00
1,2,0,0,0,0,2018-01-19 18:51:42+01:00
2,2,1,1,0,1,2018-01-22 19:46:24+01:00
1,1,0,0,0,0,2018-01-24 15:10:31+01:00
2,2,1,1,0,1,2018-01-24 16:24:39+01:00
0,1,0,0,0,0,2018-01-31 22:22:00+01:00
0,1,0,0,0,0,2018-01-31 22:23:36+01:00
0,1,0,0,0,0,2018-01-31 23:01:20+01:00
0,1,0,0,0,0,2018-02-02 14:13:57+01:00
3,6,1,1,0,1,2018-02-02 15:22:44+01:00
1,3,0,0,0,0,2018-02-14 11:47:39+01:00
0,1,0,0,0,0,2018-02-14 12:06:20+01:00
1,1,0,0,0,0,2018-02-14 12:08:12+01:00
0,0,0,0,0,0,2018-02-14 13:05:51-05:00
0,0,0,0,0,0,2018-02-14 14:59:02-05:00
0,0,0,0,0,0,2018-02-16 20:02:52+01:00
1,4,0,0,0,0,2018-02-16 20:06:12+01:00
3,11,2,2,0,2,2018-02-16 20:40:32+01:00
1,1,0,0,0,0,2018-02-16 20:50:02+01:00
1,3,0,0,0,0,2018-02-16 21:28:45+01:00
2,2,1,1,0,1,2018-02-16 22:57:31+01:00
0,0,0,0,0,0,2018-02-23 01:05:13-05:00
0,0,0,0,0,0,2018-02-23 01:05:20-05:00
2,3,1,1,0,1,2018-02-24 12:09:44+01:00
0,0,0,0,0,0,2018-02-24 12:10:38+01:00
1,1,0,0,0,0,2018-02-24 12:20:58+01:00
0,0,0,0,0,0,2018-02-24 12:22:08+01:00
0,0,0,0,0,0,2018-02-27 00:51:10-05:00
0,0,0,0,0,0,2018-02-27 00:51:16-05:00
0,0,0,0,0,0,2018-02-28 03:21:58-05:00
1,2,0,0,0,0,2018-02-28 14:52:51+01:00
0,0,0,0,0,0,2018-02-28 14:53:04+01:00
0,0,0,0,0,0,2018-03-12 19:31:03+01:00
1,1,0,0,0,0,2018-03-12 21:02:32+01:00
0,0,0,0,0,0,2018-03-19 03:52:20-04:00
0,0,0,0,0,0,2018-03-19 03:52:25-04:00
0,1,0,0,0,0,2018-03-19 20:55:04+01:00
0,0,0,0,0,0,2018-03-27 03:51:27-04:00
0,0,0,0,0,0,2018-03-27 03:51:34-04:00
0,0,0,0,0,0,2018-04-20 02:10:32-04:00
0,0,0,0,0,0,2018-04-25 14:22:23+02:00
0,0,0,0,0,0,2018-04-25 14:22:58+02:00
0,0,0,0,0,0,2018-04-25 14:51:44+02:00
1,2,0,0,0,0,2018-04-25 17:03:49+02:00
0,1,0,0,0,0,2018-04-25 17:52:18+02:00
0,1,0,0,0,0,2018-04-25 19:30:39+02:00
0,1,0,0,0,0,2018-04-27 13:51:05+02:00
1,1,0,0,0,0,2018-04-27 17:41:39+02:00
0,0,0,0,0,0,2018-04-30 12:36:23+02:00
0,0,0,0,0,0,2018-04-30 12:36:57+02:00
0,1,0,0,0,0,2018-04-30 13:58:25+02:00
0,2,0,0,0,0,2018-04-30 14:51:26+02:00
1,1,0,0,0,0,2018-04-30 17:12:36+02:00
0,0,0,0,0,0,2018-05-01 02:48:19-04:00
0,0,0,0,0,0,2018-05-01 02:48:23-04:00
0,0,0,0,0,0,2018-05-01 06:08:44-04:00
0,0,0,0,0,0,2018-05-01 21:17:00-04:00
0,0,0,0,0,0,2018-05-01 21:17:40-04:00
1,2,0,0,0,0,2018-05-02 14:48:49+02:00
1,3,0,0,0,0,2018-05-02 16:02:55+02:00
0,0,0,0,0,0,2018-05-02 16:59:42+02:00
1,1,0,0,0,0,2018-05-08 16:53:19+02:00
0,1,0,0,0,0,2018-05-09 16:19:53+02:00
0,1,0,0,0,0,2018-05-11 14:48:37+02:00
2,8,2,2,0,2,2018-05-21 18:47:46+02:00
0,0,0,0,0,0,2018-05-21 23:15:09+02:00
0,0,0,0,0,0,2018-05-21 23:19:32+02:00
1,1,0,0,0,0,2018-06-06 13:08:37-04:00
1,1,0,0,0,0,2018-06-06 22:03:08+02:00
0,0,0,0,0,0,2018-06-06 22:36:58+02:00
0,0,0,0,0,0,2018-06-13 21:29:03-04:00
0,0,0,0,0,0,2018-06-13 21:29:17-04:00
0,0,0,0,0,0,2018-06-13 21:40:25-04:00
0,0,0,0,0,0,2018-06-13 23:36:05-04:00
1,6,1,1,0,1,2018-07-18 18:18:50+02:00
1,2,0,0,0,0,2018-07-23 14:09:22+02:00
0,1,0,0,0,0,2018-08-10 17:28:19+02:00
0,2,0,0,0,0,2018-08-10 17:56:56+02:00
1,2,1,1,0,1,2018-08-14 17:44:34+02:00
1,1,0,0,0,0,2018-08-14 17:45:41+02:00
0,0,0,0,0,0,2018-08-14 17:50:42+02:00
0,1,0,0,0,0,2018-08-14 17:52:59+02:00
1,1,1,1,0,1,2018-08-14 19:53:27+02:00
0,1,0,0,0,0,2018-08-14 20:19:33+02:00
0,0,0,0,0,0,2018-09-01 16:58:15-04:00
0,1,0,0,0,0,2018-09-28 12:19:23+02:00
0,1,0,0,0,0,2018-11-14 12:52:20+01:00
0,0,0,0,0,0,2018-11-14 13:01:14+01:00
0,0,0,0,0,0,2019-03-02 13:19:59+01:00
0,0,0,0,0,0,2019-04-19 09:40:55+02:00
0,0,0,0,0,0,2019-05-06 16:43:17-04:00
0,0,0,0,0,0,2019-05-08 13:34:46-04:00
1,1,1,1,0,1,2019-05-11 14:32:55+02:00
0,0,0,0,0,0,2019-06-05 16:19:54+02:00
0,0,0,0,0,0,2019-06-05 17:48:02+02:00
0,0,0,0,0,0,2019-06-17 13:45:23+02:00
0,0,0,0,0,0,2019-06-17 13:45:41+02:00
0,0,0,0,0,0,2019-07-03 21:26:48+02:00
0,0,0,0,0,0,2019-07-03 21:46:19+02:00
0,0,0,0,0,0,2019-07-03 21:48:14+02:00
0,1,0,0,0,0,2019-07-10 12:08:42+02:00
0,2,0,0,0,0,2019-08-02 15:34:33+02:00
0,0,0,0,0,0,2019-10-23 10:30:12+02:00
0,0,0,0,0,0,2019-10-30 18:21:55+01:00
0,0,0,0,0,0,2019-11-13 18:43:10+01:00
0,0,0,0,0,0,2019-11-20 05:09:49+01:00
0,0,0,0,0,0,2019-11-20 16:19:29+01:00
0,0,0,0,0,0,2019-11-27 13:17:46+01:00
0,0,0,0,0,0,2019-11-27 13:21:31+01:00
0,0,0,0,0,0,2020-02-11 17:06:29+01:00
0,0,0,0,0,0,2020-02-11 17:09:28+01:00
3,11,1,1,0,1,2020-02-11 19:24:32+01:00
0,0,0,0,0,0,2020-02-11 19:41:43+01:00
0,1,0,0,0,0,2020-03-06 13:25:43+01:00
1,3,1,1,0,1,2020-03-11 20:52:33+01:00
0,0,0,0,0,0,2020-04-07 00:08:41-04:00
0,2,0,0,0,0,2020-05-05 16:21:44+00:00
0,2,0,0,0,0,2020-05-06 15:01:43+00:00
0,0,0,0,0,0,2020-05-17 18:34:42-04:00
0,0,0,0,0,0,2020-05-17 18:35:18-04:00
0,0,0,0,0,0,2020-05-17 18:36:27-04:00
0,0,0,0,0,0,2020-05-17 22:34:31-04:00
0,0,0,0,0,0,2020-05-17 23:54:34-04:00
0,0,0,0,0,0,2020-06-08 12:33:26+02:00
0,0,0,0,0,0,2020-06-26 21:18:35-04:00
0,0,0,0,0,0,2020-06-26 21:19:22-04:00
0,0,0,0,0,0,2020-06-26 21:24:26-04:00
0,0,0,0,0,0,2020-06-26 21:25:23-04:00
0,0,0,0,0,0,2020-06-26 21:26:50-04:00
0,0,0,0,0,0,2020-06-27 14:01:01-04:00
0,0,0,0,0,0,2020-06-29 02:22:39-04:00
0,0,0,0,0,0,2020-06-29 02:23:03-04:00
0,0,0,0,0,0,2020-06-29 02:24:13-04:00
0,0,0,0,0,0,2020-06-29 02:26:25-04:00
0,0,0,0,0,0,2020-06-29 02:33:43-04:00
0,0,0,0,0,0,2020-06-29 02:34:40-04:00
0,0,0,0,0,0,2020-06-29 02:35:13-04:00
0,0,0,0,0,0,2020-06-29 02:36:11-04:00
0,0,0,0,0,0,2020-06-29 02:36:53-04:00
0,1,0,0,0,0,2020-06-09 20:34:52+02:00
1,1,0,0,0,0,2020-06-09 21:15:33+02:00
0,0,0,0,0,0,2020-06-14 12:45:12+02:00
0,0,0,0,0,0,2020-06-14 12:41:59+02:00
0,0,0,0,0,0,2020-06-21 10:38:05+02:00
1,1,0,0,0,0,2020-06-21 11:02:12+02:00
1,1,0,0,0,0,2020-06-27 12:37:38+02:00
1,1,0,0,0,0,2020-06-27 14:07:11+02:00
0,0,0,0,0,0,2020-06-29 23:54:29-04:00
0,0,0,0,0,0,2020-07-11 21:28:23-04:00
0,0,0,0,0,0,2020-07-11 21:28:53-04:00
0,0,0,0,0,0,2020-07-11 21:31:09-04:00
0,0,0,0,0,0,2020-07-11 21:31:38-04:00
0,0,0,0,0,0,2020-07-20 00:52:08-04:00
0,0,0,0,0,0,2020-07-21 14:55:42+02:00
1,1,1,1,0,1,2020-07-23 13:16:18-04:00
0,0,0,0,0,0,2020-07-24 10:35:16+02:00
0,0,0,0,0,0,2020-08-14 09:29:42-04:00
0,0,0,0,0,0,2020-08-14 09:30:57-04:00
0,0,0,0,0,0,2020-08-14 09:31:10-04:00
0,0,0,0,0,0,2020-08-14 09:31:22-04:00
0,0,0,0,0,0,2020-08-17 14:40:58+02:00
0,0,0,0,0,0,2020-12-14 01:00:56-05:00
0,0,0,0,0,0,2020-12-14 01:14:13-05:00
0,0,0,0,0,0,2020-12-14 01:15:32-05:00
0,0,0,0,0,0,2020-12-14 01:18:46-05:00
0,0,0,0,0,0,2020-12-14 01:22:14-05:00
0,0,0,0,0,0,2020-12-14 01:22:46-05:00
0,0,0,0,0,0,2020-12-14 01:24:45-05:00
0,0,0,0,0,0,2020-12-16 09:45:20+01:00
0,1,0,0,0,0,2021-03-22 21:02:52+01:00
0,0,0,0,0,0,2021-03-23 14:03:01+01:00
0,0,0,0,0,0,2021-02-18 11:04:59+01:00
2,6,1,1,0,1,2021-02-18 11:05:47+01:00
1,1,0,0,0,0,2021-02-18 11:12:33+01:00
1,1,0,0,0,0,2021-02-18 11:20:26+01:00
1,1,0,0,0,0,2021-02-18 12:38:16+01:00
0,0,0,0,0,0,2021-02-18 12:42:29+01:00
1,1,0,0,0,0,2021-02-18 12:43:33+01:00
0,0,0,0,0,0,2021-02-18 13:24:03+01:00
0,0,0,0,0,0,2021-02-18 13:29:00+01:00
1,1,0,0,0,0,2021-02-18 13:00:24+01:00
0,0,0,0,0,0,2021-02-18 13:09:32+01:00
0,0,0,0,0,0,2021-03-21 17:05:46+01:00
0,0,1,0,0,0,2021-03-21 17:07:50+01:00
0,1,0,0,0,0,2021-03-22 09:50:14+01:00
0,1,0,0,0,0,2021-03-22 09:59:07+01:00
1,1,0,0,0,0,2021-03-22 10:00:08+01:00
1,1,0,0,0,0,2021-03-22 10:03:37+01:00
1,1,0,0,0,0,2021-03-26 01:02:47+01:00
1,1,0,0,0,0,2021-03-26 01:08:00+01:00
0,0,0,0,0,0,2021-03-28 06:28:19+02:00
0,0,0,0,0,0,2021-03-28 06:29:17+02:00
0,0,0,0,0,0,2021-03-28 06:35:42+02:00
1,1,0,0,0,0,2021-03-28 06:50:10+02:00
1,1,0,0,0,0,2021-03-28 06:51:35+02:00
1,1,0,0,0,0,2021-03-28 07:31:25+02:00
1,1,0,0,0,0,2021-03-28 07:32:23+02:00
1,1,0,0,0,0,2021-03-28 07:32:47+02:00
1,1,0,0,0,0,2021-03-28 07:35:21+02:00
1,1,0,0,0,0,2021-03-28 07:38:19+02:00
0,1,1,0,0,0,2021-04-03 23:22:04+02:00
0,0,0,0,0,0,2021-04-03 23:30:02+02:00
0,0,0,0,0,0,2021-04-03 23:30:40+02:00
0,0,0,0,0,0,2021-04-04 06:31:36+02:00
1,1,0,0,0,0,2021-04-04 06:31:56+02:00
0,0,1,0,0,0,2021-04-04 06:47:26+02:00
0,0,0,0,0,0,2021-04-04 06:53:08+02:00
1,2,0,0,0,0,2021-02-21 11:38:35+01:00
0,1,0,0,0,0,2021-04-04 07:52:02+02:00
1,1,0,0,0,0,2021-04-04 07:54:18+02:00
1,1,0,0,0,0,2021-04-04 07:55:16+02:00
0,0,0,0,0,0,2021-04-04 07:55:49+02:00
1,1,0,0,0,0,2021-04-04 07:56:27+02:00
1,1,0,0,0,0,2021-04-04 07:57:16+02:00
0,0,0,0,0,0,2021-04-04 07:57:43+02:00
0,1,1,0,0,0,2021-04-04 07:58:09+02:00
0,0,0,0,0,0,2021-04-04 08:07:40+02:00
1,1,1,1,0,1,2021-04-28 10:17:21+02:00
0,0,0,0,0,0,2021-05-24 17:36:44+02:00
0,0,0,0,0,0,2021-05-24 19:51:28+02:00
0,7,0,1,0,1,2021-05-25 14:25:48+02:00
0,0,0,0,0,0,2021-05-25 14:26:10+02:00
1,2,1,1,0,1,2021-05-26 20:24:36+02:00
0,0,0,0,0,0,2021-05-26 20:25:26+02:00
0,0,0,0,0,0,2021-05-26 20:27:46+02:00
0,0,0,0,0,0,2021-05-28 13:44:51+02:00
0,0,0,0,0,0,2021-05-28 14:25:36+02:00
0,0,0,0,0,0,2021-06-08 17:26:12+02:00
0,0,0,0,0,0,2021-06-09 22:18:21+02:00
1,1,0,0,0,0,2021-06-10 12:49:33+02:00
0,1,1,0,0,0,2021-06-29 11:14:43-07:00
0,0,0,0,0,0,2021-06-30 14:04:09+02:00
0,1,0,1,0,1,2021-07-07 10:43:14-07:00
0,1,0,0,0,0,2021-07-22 11:27:47-04:00
0,0,0,0,0,0,2021-07-22 11:48:23-04:00
0,0,0,0,0,0,2021-07-23 14:39:23+02:00
0,0,0,0,0,0,2021-07-28 19:28:26-04:00
0,0,0,0,0,0,2021-07-28 19:28:34-04:00
0,0,0,0,0,0,2021-07-28 19:54:31-04:00
0,1,0,0,0,0,2021-08-16 13:20:14+02:00
0,0,0,0,0,0,2021-08-17 13:33:34+02:00
0,0,0,0,0,0,2021-08-17 09:39:53-04:00
0,0,0,0,0,0,2021-08-20 13:45:06-04:00
1,1,0,0,0,0,2021-08-20 13:54:36-04:00
0,0,0,0,0,0,2021-08-21 16:38:26-04:00
0,0,0,0,0,0,2021-08-24 13:21:29+02:00
0,0,0,0,0,0,2021-08-24 13:22:53+02:00
0,0,0,0,0,0,2021-08-24 13:56:45+02:00
1,1,1,0,0,0,2021-09-20 11:07:30-04:00
0,0,0,0,0,0,2021-09-20 13:13:30-04:00
0,0,0,0,0,0,2021-11-15 02:33:44-08:00
0,0,0,0,0,0,2021-11-15 17:59:20+01:00
1,1,1,0,0,0,2021-11-19 18:03:54-05:00
0,0,0,0,0,0,2021-11-22 15:42:18+01:00
1,1,0,0,0,0,2021-11-26 14:03:52+01:00
0,0,0,0,0,0,2021-11-26 14:12:33+01:00
1,1,0,0,0,0,2021-12-15 16:40:44+00:00
0,0,0,0,0,0,2021-12-16 04:25:14+01:00
0,0,0,0,0,0,2022-04-07 19:43:46+02:00
