Acquisition,Preparation,Modeling,Training,Evaluation,Prediction,time
0,0,0,0,0,0,2021-03-06 08:42:54-06:00
3,8,5,5,5,4,2021-03-06 09:43:40-06:00
0,0,0,0,0,0,2021-03-06 09:46:32-06:00
0,0,0,0,0,0,2021-03-06 09:58:15-06:00
0,0,0,0,0,0,2021-03-06 10:05:39-06:00
0,0,0,0,0,0,2021-03-06 10:08:51-06:00
0,0,0,0,0,0,2021-03-06 10:09:51-06:00
0,0,0,0,0,0,2021-03-06 10:11:28-06:00
0,0,0,0,0,0,2021-03-06 10:12:20-06:00
0,0,0,0,0,0,2021-03-06 10:12:47-06:00
0,0,0,0,0,0,2021-03-06 10:40:13-06:00
0,0,0,0,0,0,2021-03-06 10:40:23-06:00
0,0,0,0,0,0,2021-03-06 10:44:23-06:00
0,0,0,0,0,0,2021-03-06 10:45:10-06:00
0,0,0,0,0,0,2021-03-06 10:45:48-06:00
0,0,0,0,0,0,2021-03-06 10:50:45-06:00
0,0,0,0,0,0,2021-03-06 10:52:46-06:00
0,0,0,0,0,0,2021-03-06 10:54:18-06:00
0,0,0,0,0,0,2021-03-06 10:54:40-06:00
0,0,0,0,0,0,2021-03-06 10:55:12-06:00
0,0,0,0,0,0,2021-03-06 10:56:15-06:00
2,3,2,3,3,2,2021-03-08 20:23:42-08:00
0,1,1,1,1,0,2021-03-08 23:27:25-06:00
0,1,1,1,1,0,2021-03-09 08:18:42-06:00
1,2,2,2,2,1,2021-03-09 14:13:05-08:00
1,2,2,2,2,1,2021-03-09 15:33:59-08:00
1,2,2,2,2,1,2021-03-09 17:17:16-08:00
0,1,1,1,1,0,2021-03-09 19:39:08-06:00
0,1,1,1,1,0,2021-03-09 18:58:02-08:00
0,0,0,0,0,0,2021-03-09 22:08:34-06:00
0,1,1,1,1,0,2021-03-09 22:45:57-06:00
0,1,1,1,1,0,2021-03-09 21:04:57-08:00
0,0,0,0,0,0,2021-03-09 23:07:56-06:00
0,1,1,1,1,0,2021-03-09 23:14:51-06:00
0,1,1,1,1,0,2021-03-09 23:48:26-06:00
0,0,0,0,0,0,2021-03-12 23:49:45-06:00
0,0,0,0,0,0,2021-03-12 23:52:41-06:00
0,0,0,0,0,0,2021-03-12 23:53:39-06:00
0,0,0,0,0,0,2021-03-12 23:54:34-06:00
0,0,0,0,0,0,2021-03-12 23:55:19-06:00
1,2,2,2,2,1,2021-03-15 13:25:23-07:00
4,5,3,5,5,4,2021-03-16 13:45:06-07:00
2,3,2,3,3,1,2021-03-17 18:16:26-07:00
0,0,0,0,0,0,2021-03-17 18:28:08-07:00
1,1,1,1,1,0,2021-03-17 15:37:23-05:00
0,1,1,1,1,0,2021-03-17 21:07:53-05:00
1,1,1,1,1,0,2021-03-18 00:25:52-07:00
1,2,2,1,1,0,2021-03-18 00:41:00-07:00
1,1,1,1,1,0,2021-03-18 13:42:49-07:00
1,1,1,1,1,0,2021-03-18 14:08:44-07:00
1,1,1,1,1,0,2021-03-18 14:32:28-07:00
1,1,1,1,1,0,2021-03-18 15:53:05-07:00
1,1,1,1,1,0,2021-03-18 16:52:43-07:00
1,1,1,1,1,0,2021-03-18 17:12:21-07:00
0,0,0,0,0,0,2021-03-19 03:39:00-05:00
1,1,1,1,1,0,2021-03-19 10:13:20-07:00
4,0,0,0,0,0,2021-03-20 20:04:20-05:00
0,0,0,0,0,0,2021-03-21 01:38:57-05:00
0,0,0,0,0,0,2021-03-20 23:44:06-07:00
0,0,0,0,0,0,2021-03-21 01:44:32-05:00
0,0,0,0,0,0,2021-03-21 01:48:47-05:00
0,0,0,0,0,0,2021-03-21 01:49:32-05:00
0,0,0,0,0,0,2021-03-21 01:59:30-05:00
0,0,0,0,0,0,2021-03-21 02:00:52-05:00
0,0,0,0,0,0,2021-03-21 02:02:28-05:00
0,0,0,0,0,0,2021-03-21 00:17:49-07:00
0,0,0,0,0,0,2021-03-21 00:21:11-07:00
0,0,0,0,0,0,2021-03-21 02:24:04-05:00
0,0,0,0,0,0,2021-03-21 02:26:44-05:00
0,0,0,0,0,0,2021-03-21 02:27:16-05:00
0,0,0,0,0,0,2021-03-21 11:55:48-07:00
