Acquisition,Preparation,Modeling,Training,Evaluation,Prediction,time
2,4,3,2,0,1,2017-09-04 21:00:46-05:00
0,0,0,0,0,0,2017-09-04 21:03:01-05:00
0,0,0,0,0,0,2017-09-04 21:07:41-05:00
0,1,1,1,0,0,2017-09-05 06:01:26-05:00
0,1,0,0,0,0,2017-09-05 06:01:55-05:00
0,1,0,0,0,0,2017-09-05 21:49:21-05:00
1,3,1,1,0,0,2017-09-05 21:49:46-05:00
0,0,0,0,0,0,2017-09-05 21:50:35-05:00
0,0,0,0,0,0,2017-09-05 21:51:04-05:00
0,0,0,0,0,0,2017-09-05 21:51:47-05:00
1,2,2,1,0,1,2017-09-07 07:31:36-05:00
2,2,1,0,0,1,2017-09-07 07:51:15-05:00
2,4,1,1,0,0,2017-09-07 17:33:08-05:00
1,5,4,3,0,1,2017-09-07 23:02:50-05:00
2,3,2,1,1,1,2017-09-09 22:13:46-05:00
1,4,2,1,1,1,2017-09-10 16:48:07-05:00
0,1,1,1,1,0,2017-09-10 17:07:05-05:00
1,3,1,1,1,0,2017-09-10 20:22:08-05:00
0,1,1,1,1,1,2017-09-14 00:03:11-05:00
0,0,0,0,0,0,2017-09-14 10:13:47-05:00
0,1,0,0,0,0,2017-09-14 10:23:43-05:00
0,0,0,0,0,0,2017-09-14 10:24:20-05:00
3,9,6,4,2,3,2017-09-14 15:46:54-05:00
3,7,3,1,1,3,2017-09-14 15:47:25-05:00
2,5,2,1,1,1,2017-09-16 22:29:39-05:00
1,2,1,1,1,1,2017-09-18 17:32:57-05:00
0,2,1,1,1,1,2017-09-18 19:15:27-05:00
1,3,2,1,1,1,2017-09-18 22:09:21-05:00
2,4,2,1,0,1,2017-09-22 21:11:09-05:00
1,4,1,1,0,1,2017-09-24 18:02:56-05:00
0,1,1,1,0,1,2017-09-24 21:07:46-05:00
1,3,2,2,0,1,2017-09-25 14:25:47-05:00
0,1,1,1,0,1,2017-09-25 14:28:48-05:00
1,4,2,2,0,2,2017-09-25 21:00:27-05:00
1,3,1,2,0,1,2017-09-27 22:44:07-05:00
0,3,1,2,0,1,2017-09-29 09:21:36-05:00
0,2,1,1,0,1,2017-09-29 12:16:54-05:00
0,2,1,1,0,0,2017-09-29 14:35:38-05:00
2,4,2,1,0,0,2017-09-29 17:34:25-05:00
0,2,1,1,0,0,2017-09-29 20:33:55-05:00
0,1,1,1,0,0,2017-09-29 20:46:29-05:00
1,5,2,2,0,0,2017-10-08 14:27:48-05:00
0,0,0,0,0,0,2017-10-08 14:32:12-05:00
0,0,0,0,0,0,2017-10-08 14:36:30-05:00
0,0,0,0,0,0,2017-10-09 10:13:39-05:00
1,2,2,1,0,0,2017-10-14 08:29:49-05:00
0,0,0,0,0,0,2017-12-11 18:47:07-06:00
1,2,1,1,0,0,2017-12-22 12:09:24-06:00
2,3,1,1,0,0,2017-12-23 09:52:07-06:00
1,2,2,2,0,0,2017-12-23 20:59:39-06:00
2,3,1,1,0,0,2017-12-26 20:50:12-06:00
3,3,2,1,0,0,2018-03-03 17:28:38-06:00
2,3,1,1,0,0,2018-04-10 20:47:00-05:00
0,0,0,0,0,0,2018-04-12 07:40:47-05:00
1,1,1,0,0,1,2018-04-12 15:47:56-05:00
0,0,0,0,0,0,2018-04-12 15:48:11-05:00
0,0,0,0,0,0,2018-04-12 15:51:36-05:00
1,2,2,2,0,0,2018-04-15 06:44:31-05:00
3,6,2,3,0,0,2018-04-15 14:11:08-05:00
2,5,2,1,0,1,2018-04-15 13:20:40-05:00
0,3,3,2,0,2,2018-04-16 06:04:10-05:00
0,4,2,3,0,2,2018-04-17 20:07:53-05:00
0,1,0,0,0,0,2018-04-18 17:51:06-05:00
0,1,0,0,0,0,2018-04-19 19:28:26-05:00
0,1,0,0,0,0,2018-04-19 21:45:33-05:00
2,9,4,2,0,2,2018-04-20 09:10:41-05:00
1,7,2,2,0,2,2018-04-20 14:49:53-05:00
0,2,0,0,0,0,2018-04-20 15:03:35-05:00
2,4,0,2,0,2,2018-04-22 11:34:59-05:00
0,2,1,2,0,2,2018-04-22 11:54:48-05:00
0,1,0,0,0,0,2018-04-23 19:47:52-05:00
2,3,0,0,0,0,2018-04-24 18:51:43-05:00
1,3,0,1,1,1,2018-04-25 19:55:24-05:00
1,1,0,0,0,0,2018-04-26 19:34:10-05:00
1,1,0,0,0,0,2018-04-26 19:34:33-05:00
0,0,0,0,0,0,2018-04-26 19:36:29-05:00
0,0,0,0,0,0,2018-05-11 15:05:40-05:00
0,1,0,0,0,0,2018-05-14 07:59:45-05:00
0,0,0,0,0,0,2018-05-14 08:06:10-05:00
1,2,0,2,1,2,2018-05-14 08:08:27-05:00
1,1,0,0,0,0,2018-05-14 10:09:51-05:00
0,0,0,0,0,0,2018-05-14 11:06:45-05:00
1,0,0,0,0,0,2018-05-17 14:14:01-05:00
1,0,0,0,0,0,2018-05-17 14:21:51-05:00
1,0,0,0,0,0,2018-05-17 14:57:49-05:00
1,0,0,0,0,0,2018-05-17 15:19:33-05:00
1,3,0,2,0,2,2018-05-22 19:52:53-05:00
2,4,0,1,0,1,2018-06-21 15:28:22-05:00
1,1,0,1,0,1,2018-06-21 15:36:53-05:00
0,1,0,0,0,0,2018-06-21 15:44:40-05:00
1,3,0,1,0,1,2018-06-21 17:51:07-05:00
0,2,0,0,0,0,2018-06-21 17:59:38-05:00
0,2,0,0,0,0,2018-06-21 19:51:40-05:00
1,2,0,1,0,1,2018-06-21 21:17:59-05:00
2,5,0,1,0,1,2018-06-27 16:25:58-05:00
0,1,0,0,0,0,2018-06-27 21:43:57-05:00
5,7,0,2,0,2,2018-06-27 21:53:18-05:00
2,3,0,1,0,1,2018-06-28 08:22:48-05:00
0,3,0,0,0,0,2018-06-28 08:27:34-05:00
2,2,0,0,0,1,2018-06-29 09:28:40-05:00
2,2,0,0,0,1,2018-06-30 23:05:04-05:00
2,2,1,2,0,1,2018-07-16 15:38:20-05:00
1,1,0,1,0,0,2018-07-16 15:46:18-05:00
