Acquisition,Preparation,Modeling,Training,Evaluation,Prediction,time
0,0,0,0,0,0,2020-10-09 16:16:11-03:00
0,1,0,0,0,0,2020-10-13 10:33:35-03:00
0,0,0,0,0,0,2020-10-13 17:27:11-03:00
0,0,0,0,0,0,2020-10-14 10:08:39-03:00
0,0,0,0,0,0,2020-10-14 10:26:49-03:00
0,0,0,0,0,0,2020-10-14 10:57:58-03:00
0,0,0,0,0,0,2020-10-14 11:05:09-03:00
0,0,0,0,0,0,2020-10-14 11:24:14-03:00
0,0,0,0,0,0,2020-10-14 11:29:26-03:00
0,0,0,0,0,0,2020-10-14 12:08:46-03:00
0,0,0,0,0,0,2020-10-14 13:26:05-03:00
0,1,0,0,0,0,2020-10-14 15:17:52-03:00
0,0,0,0,0,0,2020-10-14 17:36:37-03:00
0,0,0,0,0,0,2020-10-15 09:13:44-03:00
0,0,0,0,0,0,2020-10-15 09:35:24-03:00
0,0,0,0,0,0,2020-10-15 09:50:25-03:00
0,0,0,0,0,0,2020-10-15 09:52:24-03:00
0,0,0,0,0,0,2020-10-15 11:37:30-03:00
0,0,0,0,0,0,2020-10-15 11:51:24-03:00
0,0,0,0,0,0,2020-10-15 12:12:21-03:00
0,0,0,0,0,0,2020-10-15 12:30:26-03:00
0,0,0,0,0,0,2020-10-15 12:30:59-03:00
0,0,0,0,0,0,2020-10-15 19:56:19-03:00
0,0,0,0,0,0,2020-10-15 22:05:04-03:00
0,1,0,0,0,0,2020-10-17 18:09:50-03:00
0,1,0,0,0,0,2020-10-17 20:07:25-03:00
0,0,0,0,0,0,2020-10-17 20:09:42-03:00
0,0,0,0,0,0,2020-10-17 20:11:18-03:00
0,0,0,0,0,0,2020-10-17 21:08:14-03:00
0,1,0,0,0,0,2020-10-18 06:55:49-03:00
0,0,0,0,0,0,2020-10-18 06:56:46-03:00
0,0,0,0,0,0,2020-10-18 07:04:18-03:00
0,0,0,0,0,0,2020-10-18 07:18:10-03:00
0,0,0,0,0,0,2020-10-18 07:24:17-03:00
0,0,0,0,0,0,2020-10-18 07:29:29-03:00
0,0,0,0,0,0,2020-10-18 07:37:14-03:00
0,0,0,0,0,0,2020-10-18 07:38:31-03:00
0,0,0,0,0,0,2020-10-18 07:42:46-03:00
0,1,0,0,0,0,2020-10-18 07:55:22-03:00
0,1,0,0,0,0,2020-10-18 08:00:24-03:00
0,1,0,0,0,0,2020-10-18 10:48:37-03:00
0,1,0,0,0,0,2020-10-18 10:56:07-03:00
0,0,0,0,0,0,2020-10-18 11:35:57-03:00
0,0,0,0,0,0,2020-10-18 11:37:01-03:00
0,0,0,0,0,0,2020-10-18 11:40:16-03:00
0,0,0,0,0,0,2020-10-18 14:33:55-03:00
0,0,0,0,0,0,2020-10-18 16:04:59-03:00
0,0,0,0,0,0,2020-10-18 16:13:28-03:00
0,0,0,0,0,0,2020-10-18 22:37:56-03:00
0,0,0,0,0,0,2020-10-18 22:40:40-03:00
15,8,2,2,0,2,2020-10-19 01:41:42-03:00
0,2,0,0,0,0,2020-10-19 06:43:23-03:00
0,0,0,0,0,0,2020-10-19 06:44:01-03:00
0,1,0,0,0,0,2020-10-19 12:50:16+02:00
0,0,0,0,0,0,2020-10-19 07:51:47-03:00
0,0,0,0,0,0,2020-10-19 07:52:01-03:00
0,0,0,0,0,0,2020-10-19 09:03:27-03:00
0,3,0,0,0,0,2020-10-19 14:12:05+02:00
0,0,0,0,0,0,2020-10-19 14:12:33+02:00
0,1,0,0,0,0,2020-10-19 10:21:02-03:00
0,2,0,0,0,0,2020-10-19 12:34:42-03:00
0,0,0,0,0,0,2020-10-19 13:56:07-03:00
0,0,0,0,0,0,2020-10-19 14:43:28-03:00
0,0,0,0,0,0,2020-10-19 14:44:01-03:00
0,0,0,0,0,0,2020-10-19 14:53:16-03:00
0,0,0,0,0,0,2020-10-19 17:43:02-03:00
0,1,0,0,0,0,2020-10-19 17:43:30-03:00
0,1,0,0,0,0,2020-10-19 17:54:58-03:00
0,0,0,0,0,0,2020-10-19 18:50:54-03:00
0,0,0,0,0,0,2020-10-19 20:24:14-03:00
0,0,0,0,0,0,2020-10-20 01:11:26-03:00
0,0,0,0,0,0,2020-10-20 07:09:43-03:00
0,0,0,0,0,0,2020-10-20 07:29:05-03:00
0,0,0,0,0,0,2020-10-20 08:06:57-03:00
0,1,0,0,0,0,2020-10-20 14:02:27-03:00
0,0,0,0,0,0,2020-10-20 14:09:58-03:00
0,0,0,0,0,0,2020-10-20 14:13:01-03:00
11,7,1,1,0,1,2020-10-20 14:41:45-03:00
1,0,1,1,0,0,2020-10-20 14:45:18-03:00
0,0,0,0,0,0,2020-10-20 18:03:53-03:00
0,0,0,0,0,0,2020-10-20 20:20:01-03:00
0,0,0,0,0,0,2020-10-20 20:24:24-03:00
0,1,0,0,0,0,2020-10-20 20:58:32-03:00
0,0,0,0,0,0,2020-10-20 21:59:25-03:00
0,0,0,0,0,0,2020-10-20 22:17:15-03:00
0,0,0,0,0,0,2020-10-20 22:19:09-03:00
0,1,0,0,0,0,2020-10-20 23:22:44-03:00
0,0,0,0,0,0,2020-10-20 23:22:55-03:00
0,0,0,0,0,0,2020-10-20 23:24:11-03:00
0,0,0,0,0,0,2020-10-21 00:09:56-03:00
0,0,0,0,0,0,2020-10-21 00:15:17-03:00
0,0,0,0,0,0,2020-10-21 00:17:42-03:00
3,0,2,2,0,1,2020-10-21 00:47:47-03:00
0,0,0,0,0,0,2020-10-21 00:50:59-03:00
0,0,0,0,0,0,2020-10-21 00:51:05-03:00
0,0,0,0,0,0,2020-10-21 00:52:48-03:00
0,1,0,0,0,0,2020-10-21 00:56:59-03:00
0,0,0,0,0,0,2020-10-21 00:57:28-03:00
0,0,0,0,0,0,2020-10-21 02:18:10-03:00
0,0,0,0,0,0,2020-10-21 03:13:46-03:00
5,2,1,1,0,2,2020-10-21 04:09:35-03:00
0,0,0,0,0,0,2020-10-21 08:32:20-03:00
0,0,0,0,0,0,2020-10-21 09:08:55-03:00
0,0,0,0,0,0,2020-10-21 10:53:44-03:00
0,0,0,0,0,0,2020-10-21 10:54:46-03:00
0,0,0,0,0,0,2020-10-21 12:10:51-03:00
0,0,0,0,0,0,2020-10-21 12:11:28-03:00
0,0,0,0,0,0,2020-10-21 12:52:09-03:00
0,0,0,0,0,0,2020-10-21 13:08:31-03:00
0,0,0,0,0,0,2020-10-21 13:08:45-03:00
0,0,0,0,0,0,2020-10-21 13:09:20-03:00
0,0,0,0,0,0,2020-10-21 13:12:16-03:00
0,0,0,0,0,0,2020-10-21 13:13:51-03:00
0,0,0,0,0,0,2020-10-21 13:14:53-03:00
0,0,0,0,0,0,2020-10-21 13:18:35-03:00
0,0,0,0,0,0,2020-10-21 15:00:19-03:00
0,0,0,0,0,0,2020-10-21 15:30:13-03:00
0,0,0,0,0,0,2020-10-21 15:36:02-03:00
0,0,0,0,0,0,2020-10-21 15:45:44-03:00
0,0,0,0,0,0,2020-10-21 15:52:58-03:00
0,0,0,0,0,0,2020-10-21 16:16:15-03:00
0,0,0,0,0,0,2020-10-21 16:16:36-03:00
0,0,0,0,0,0,2020-10-21 17:00:22-03:00
0,0,0,0,0,0,2020-10-21 17:35:10-03:00
0,0,0,0,0,0,2020-10-21 17:56:32-03:00
0,0,0,0,0,0,2020-10-21 18:29:43-03:00
0,0,0,0,0,0,2020-10-21 18:41:43-03:00
0,0,0,0,0,0,2020-10-21 19:36:03-03:00
0,0,0,0,0,0,2020-10-21 19:39:58-03:00
0,0,0,0,0,0,2020-10-21 19:43:24-03:00
0,0,0,0,0,0,2020-10-21 19:48:26-03:00
0,0,0,0,0,0,2020-10-21 20:05:19-03:00
0,0,0,0,0,0,2020-11-06 19:32:07-03:00
0,0,0,0,0,0,2020-11-09 09:26:54-03:00
0,0,0,0,0,0,2020-11-09 09:30:22-03:00
0,0,0,0,0,0,2020-11-09 11:50:35-03:00
0,0,0,0,0,0,2020-11-09 11:52:44-03:00
0,1,0,0,0,0,2020-11-10 22:40:17-03:00
0,0,0,0,0,0,2020-11-10 22:51:02-03:00
0,0,0,0,0,0,2020-11-10 22:56:52-03:00
0,0,0,0,0,0,2020-11-11 12:51:08-03:00
0,0,0,0,0,0,2020-11-11 13:09:01-03:00
0,1,0,0,0,0,2020-11-12 05:33:11-03:00
0,1,0,0,0,0,2020-11-12 11:29:21-03:00
0,0,0,0,0,0,2020-11-12 11:31:12-03:00
0,0,0,0,0,0,2020-11-12 11:46:51-03:00
0,0,0,0,0,0,2020-11-12 11:47:32-03:00
0,0,0,0,0,0,2020-11-14 23:25:38-03:00
0,0,0,0,0,0,2020-11-15 22:24:27-03:00
0,0,0,0,0,0,2020-11-15 22:28:37-03:00
0,0,0,0,0,0,2020-11-15 23:00:42-03:00
0,1,0,0,0,0,2020-11-16 23:53:46-03:00
0,0,0,0,0,0,2020-11-17 00:02:23-03:00
0,2,0,0,0,0,2020-11-17 06:09:05-03:00
0,3,0,0,0,0,2020-11-17 11:43:09-03:00
0,0,0,0,0,0,2020-11-17 11:45:26-03:00
0,0,0,0,0,0,2020-11-17 12:06:46-03:00
0,0,0,0,0,0,2020-11-17 12:07:04-03:00
0,0,0,0,0,0,2020-11-17 14:18:30-03:00
0,0,0,0,0,0,2020-11-18 00:38:00-03:00
0,0,0,0,0,0,2020-11-18 00:39:33-03:00
0,0,0,0,0,0,2020-11-18 00:41:30-03:00
0,0,0,0,0,0,2020-11-18 00:44:38-03:00
0,0,0,0,0,0,2020-11-18 06:43:01-03:00
0,0,0,0,0,0,2020-11-18 07:43:21-03:00
0,0,0,0,0,0,2020-11-18 07:48:44-03:00
0,0,0,0,0,0,2020-11-18 15:12:59-03:00
0,0,0,0,0,0,2020-11-18 16:33:22-03:00
0,0,0,0,0,0,2020-11-18 17:37:24-03:00
0,0,0,0,0,0,2020-11-18 17:41:48-03:00
0,0,0,0,0,0,2020-11-18 19:05:49-03:00
0,0,0,0,0,0,2020-11-19 12:32:06-03:00
0,1,0,0,0,0,2020-11-19 13:32:00-03:00
0,0,0,0,0,0,2020-11-19 13:32:20-03:00
0,1,0,0,0,0,2020-11-20 00:59:18-03:00
0,0,0,0,0,0,2020-11-20 01:13:25-03:00
0,0,0,0,0,0,2020-11-20 01:14:20-03:00
0,0,0,0,0,0,2020-11-20 04:16:40-03:00
0,1,0,0,0,0,2020-11-20 10:47:37-03:00
0,0,0,0,0,0,2020-11-20 11:23:37-03:00
0,0,0,0,0,0,2020-11-20 11:24:55-03:00
0,1,0,0,0,0,2020-11-20 12:12:06-03:00
0,0,0,0,0,0,2020-11-20 12:12:50-03:00
0,1,0,0,0,0,2020-11-20 12:44:33-03:00
0,1,0,0,0,0,2020-11-20 15:45:06-03:00
0,0,0,0,0,0,2020-11-20 15:49:57-03:00
0,0,0,0,0,0,2020-11-20 20:17:28-03:00
0,0,0,0,0,0,2020-11-20 22:39:27-03:00
0,0,0,0,0,0,2020-11-21 21:40:04-03:00
0,0,0,0,0,0,2020-11-21 21:46:56-03:00
0,0,0,0,0,0,2020-11-21 22:59:57-03:00
0,0,0,0,0,0,2020-11-21 23:04:12-03:00
0,1,0,0,0,0,2020-11-22 00:14:19-03:00
0,0,0,0,0,0,2020-11-22 00:17:40-03:00
0,0,0,0,0,0,2020-11-22 13:58:27-03:00
0,0,0,0,0,0,2020-11-22 17:22:44-03:00
0,0,0,0,0,0,2020-11-23 05:32:31-03:00
0,0,0,0,0,0,2020-11-23 05:34:59-03:00
0,0,0,0,0,0,2020-11-23 05:35:10-03:00
0,0,0,0,0,0,2020-11-23 21:21:58-03:00
0,0,0,0,0,0,2020-11-23 21:33:14-03:00
0,0,0,0,0,0,2020-11-23 21:35:41-03:00
0,0,0,0,0,0,2020-11-23 21:36:27-03:00
0,0,0,0,0,0,2020-11-23 22:21:01-03:00
0,0,0,0,0,0,2020-11-23 22:36:16-03:00
0,0,0,0,0,0,2020-11-23 22:37:15-03:00
0,0,0,0,0,0,2020-11-23 22:40:06-03:00
0,0,0,0,0,0,2020-11-24 01:01:42-03:00
0,0,0,0,0,0,2020-11-24 08:17:29-03:00
0,0,0,0,0,0,2020-11-24 08:19:57-03:00
0,0,0,0,0,0,2020-11-24 12:59:16-03:00
0,2,0,0,0,0,2020-11-24 15:25:28-03:00
0,0,0,0,0,0,2020-11-24 15:26:25-03:00
0,0,0,0,0,0,2020-11-24 15:28:37-03:00
0,0,0,0,0,0,2020-11-24 18:30:21-03:00
0,1,0,0,0,0,2020-11-24 18:37:12-03:00
0,0,0,0,0,0,2020-11-24 18:38:10-03:00
0,0,0,0,0,0,2020-11-24 18:39:27-03:00
0,1,0,0,0,0,2020-11-24 20:02:39-03:00
0,0,0,0,0,0,2020-11-24 20:03:31-03:00
0,0,0,0,0,0,2020-11-24 22:28:48-03:00
0,0,0,0,0,0,2020-11-24 22:29:30-03:00
0,0,0,0,0,0,2020-11-25 02:19:09-03:00
0,0,0,0,0,0,2020-11-25 02:22:14-03:00
0,4,0,0,0,0,2020-11-25 03:19:43-03:00
0,0,0,0,0,0,2020-11-25 03:20:38-03:00
0,0,0,0,0,0,2020-11-25 03:37:07-03:00
0,0,0,0,0,0,2020-11-25 03:38:34-03:00
0,3,0,0,0,0,2020-11-25 14:24:59-03:00
0,0,0,0,0,0,2020-11-25 15:06:24-03:00
0,1,0,0,0,0,2020-11-25 15:57:42-03:00
0,1,0,0,0,0,2020-11-25 17:54:31-03:00
0,0,0,0,0,0,2020-11-25 17:55:05-03:00
0,0,0,0,0,0,2020-11-25 19:15:07-03:00
0,2,0,0,0,0,2020-11-25 21:21:03-03:00
0,0,0,0,0,0,2020-11-25 21:23:00-03:00
0,2,0,0,0,0,2020-11-25 22:04:29-03:00
0,0,0,0,0,0,2020-11-25 22:13:23-03:00
0,0,0,0,0,0,2020-11-25 22:14:03-03:00
0,0,0,0,0,0,2020-11-25 22:34:01-03:00
0,0,0,0,0,0,2020-11-25 22:35:12-03:00
0,0,0,0,0,0,2020-11-25 23:25:58-03:00
0,0,0,0,0,0,2020-11-25 23:43:55-03:00
0,0,0,0,0,0,2020-11-25 23:56:44-03:00
0,0,0,0,0,0,2020-11-26 00:00:51-03:00
0,0,0,0,0,0,2020-11-26 00:04:14-03:00
0,0,0,0,0,0,2020-11-26 03:36:42-03:00
3,2,0,0,0,3,2020-11-26 04:32:28-03:00
0,0,0,0,0,0,2020-11-26 09:30:33-03:00
0,0,0,0,0,0,2020-11-26 09:31:59-03:00
0,0,0,0,0,0,2020-11-26 10:16:43-03:00
0,0,0,0,0,0,2020-11-26 10:19:48-03:00
0,0,0,0,0,0,2020-11-26 10:59:44-03:00
0,0,0,0,0,0,2020-11-26 11:01:51-03:00
0,0,0,0,0,0,2020-11-26 11:02:25-03:00
0,0,0,0,0,0,2020-11-26 11:12:15-03:00
0,1,0,0,0,0,2020-11-26 11:14:14-03:00
0,0,0,0,0,0,2020-11-26 11:15:33-03:00
0,1,0,0,0,0,2020-11-26 11:19:53-03:00
0,1,0,0,0,0,2020-11-26 11:23:13-03:00
0,1,0,0,0,0,2020-11-26 11:24:50-03:00
0,0,0,0,0,0,2020-11-26 11:25:38-03:00
0,0,0,0,0,0,2020-11-26 11:26:36-03:00
0,0,0,0,0,0,2020-11-26 11:53:41-03:00
0,0,0,0,0,0,2020-11-26 12:12:35-03:00
0,0,0,0,0,0,2020-11-26 13:38:38-03:00
0,0,0,0,0,0,2020-11-26 14:28:24-03:00
0,2,0,0,0,0,2020-11-26 15:10:28-03:00
0,0,0,0,0,0,2020-11-26 15:12:08-03:00
0,0,0,0,0,0,2020-11-26 15:35:10-03:00
0,0,0,0,0,0,2020-11-26 15:36:31-03:00
0,0,0,0,0,0,2020-11-26 15:37:22-03:00
0,0,0,0,0,0,2020-11-26 15:39:55-03:00
0,0,0,0,0,0,2020-11-26 15:40:56-03:00
0,0,0,0,0,0,2020-11-26 16:09:44-03:00
0,0,0,0,0,0,2020-11-26 17:45:53-03:00
0,0,0,0,0,0,2020-11-26 17:49:50-03:00
0,0,0,0,0,0,2020-11-26 18:19:49-03:00
0,1,0,0,0,0,2020-11-26 18:26:07-03:00
0,0,0,0,0,0,2020-11-26 18:48:55-03:00
0,0,0,0,0,0,2020-11-26 20:45:24-03:00
0,0,0,0,0,0,2020-11-26 22:51:46-03:00
0,1,0,0,0,0,2020-11-26 23:11:43-03:00
0,0,0,0,0,0,2020-11-26 23:12:57-03:00
0,0,0,0,0,0,2020-11-26 23:19:31-03:00
1,2,0,0,0,1,2020-11-26 23:21:46-03:00
0,0,0,0,0,0,2020-11-26 23:31:31-03:00
