Acquisition,Preparation,Modeling,Training,Evaluation,Prediction,time
0,0,0,0,0,0,2021-03-30 23:37:58+02:00
0,0,0,0,0,0,2021-03-30 23:44:59+02:00
0,0,0,0,0,0,2021-03-30 23:47:41+02:00
0,0,0,0,0,0,2021-03-31 13:28:39+02:00
0,0,0,0,0,0,2021-04-01 21:07:28+02:00
0,0,0,0,0,0,2021-04-02 15:00:40+02:00
0,0,0,0,0,0,2021-04-03 23:29:36+02:00
0,0,0,0,0,0,2021-04-04 09:55:30+02:00
0,0,0,0,0,0,2021-04-04 17:17:10+02:00
0,0,0,0,0,0,2021-04-05 20:41:04+02:00
0,0,0,0,0,0,2021-04-06 20:14:02+02:00
0,0,0,0,0,0,2021-04-07 20:14:36+02:00
1,1,0,0,0,0,2021-04-07 22:09:22+02:00
1,1,0,0,0,0,2021-04-07 22:22:22+02:00
0,0,0,0,0,0,2021-04-07 22:23:45+02:00
1,1,0,0,0,0,2021-04-07 22:53:53+02:00
0,0,0,0,0,0,2021-04-08 21:50:30+02:00
1,1,0,0,0,0,2021-04-08 23:18:52+02:00
1,1,0,0,0,0,2021-04-08 23:24:53+02:00
0,0,0,0,0,0,2021-04-08 23:31:29+02:00
0,0,0,0,0,0,2021-04-10 09:58:29+02:00
0,0,0,0,0,0,2021-04-10 19:55:33+02:00
2,2,0,0,0,0,2021-04-10 19:59:36+02:00
0,0,0,0,0,0,2021-04-11 23:18:47+02:00
0,0,0,0,0,0,2021-04-12 19:23:09+02:00
0,0,0,0,0,0,2021-04-13 20:20:18+02:00
1,1,0,0,0,0,2021-04-13 22:19:35+02:00
0,0,0,0,0,0,2021-04-13 22:23:20+02:00
0,0,0,0,0,0,2021-04-14 20:54:07+02:00
1,1,0,0,0,0,2021-04-14 23:16:28+02:00
0,0,0,0,0,0,2021-04-14 23:20:07+02:00
0,0,0,0,0,0,2021-04-15 04:56:09+02:00
0,0,0,0,0,0,2021-04-15 05:09:50+02:00
0,0,0,0,0,0,2021-04-15 20:49:30+02:00
0,0,0,0,0,0,2021-04-17 10:06:20+02:00
0,0,0,0,0,0,2021-04-18 08:57:57+02:00
0,0,0,0,0,0,2021-04-18 22:11:16+02:00
2,2,0,0,0,0,2021-04-19 20:43:50+02:00
0,0,0,0,0,0,2021-04-20 22:49:42+02:00
0,0,0,0,0,0,2021-04-21 12:30:10+02:00
0,0,0,0,0,0,2021-04-21 12:31:46+02:00
0,0,0,0,0,0,2021-04-21 21:00:17+02:00
0,0,0,0,0,0,2021-04-22 20:34:00+02:00
0,0,0,0,0,0,2021-04-23 10:07:03+02:00
0,0,0,0,0,0,2021-04-23 11:05:47+02:00
0,0,0,0,0,0,2021-04-23 23:08:45+02:00
0,0,0,0,0,0,2021-04-25 05:21:58+02:00
0,0,0,0,0,0,2021-04-25 23:30:12+02:00
0,0,0,0,0,0,2021-04-25 23:44:59+02:00
0,0,0,0,0,0,2021-04-26 16:05:05+02:00
0,0,0,0,0,0,2021-04-27 19:58:05+02:00
2,2,0,0,0,0,2021-04-28 09:19:48+02:00
1,1,0,0,0,0,2021-04-28 09:27:40+02:00
2,2,0,0,0,0,2021-04-28 20:51:25+02:00
0,0,0,0,0,0,2021-04-29 23:05:06+02:00
0,0,0,0,0,0,2021-04-30 23:24:50+02:00
0,0,0,0,0,0,2021-05-02 11:05:18+02:00
0,0,0,0,0,0,2021-05-02 22:34:53+02:00
0,0,0,0,0,0,2021-05-03 21:48:00+02:00
0,0,0,0,0,0,2021-05-04 18:43:40+02:00
0,0,0,0,0,0,2021-05-05 20:45:14+02:00
0,0,0,0,0,0,2021-05-07 16:49:31+02:00
2,2,0,0,0,0,2021-05-08 12:56:03+02:00
0,0,0,0,0,0,2021-05-08 17:46:36+02:00
0,0,0,0,0,0,2021-05-09 19:04:47+02:00
0,0,0,0,0,0,2021-05-11 06:12:59+02:00
0,0,0,0,0,0,2021-05-11 23:35:37+02:00
0,0,0,0,0,0,2021-05-12 22:21:41+02:00
0,0,0,0,0,0,2021-05-13 22:24:51+02:00
0,0,0,0,0,0,2021-05-15 10:17:14+02:00
0,0,0,0,0,0,2021-05-16 15:54:38+02:00
0,0,0,0,0,0,2021-05-16 22:30:29+02:00
0,0,0,0,0,0,2021-05-18 10:01:58+02:00
0,0,0,0,0,0,2021-05-18 22:51:22+02:00
0,0,0,0,0,0,2021-05-19 22:05:31+02:00
0,0,0,0,0,0,2021-05-20 21:49:26+02:00
0,0,0,0,0,0,2021-05-20 23:25:18+02:00
0,0,0,0,0,0,2021-05-21 09:08:00+02:00
0,0,0,0,0,0,2021-05-21 09:08:45+02:00
0,0,0,0,0,0,2021-05-21 09:12:35+02:00
0,0,0,0,0,0,2021-05-21 09:15:40+02:00
0,0,0,0,0,0,2021-05-21 09:16:28+02:00
0,0,0,0,0,0,2021-05-21 09:16:47+02:00
0,0,0,0,0,0,2021-05-22 10:56:31+02:00
0,0,0,0,0,0,2021-05-22 22:53:55+02:00
0,0,0,0,0,0,2021-05-24 08:34:15+02:00
0,0,0,0,0,0,2021-05-24 21:50:34+02:00
0,0,0,0,0,0,2021-05-26 09:30:36+02:00
0,0,0,0,0,0,2021-05-26 20:04:59+02:00
0,0,0,0,0,0,2021-05-27 19:52:30+02:00
0,0,0,0,0,0,2021-05-29 09:20:27+02:00
0,0,0,0,0,0,2021-05-30 00:57:28+02:00
0,0,0,0,0,0,2021-05-30 18:14:52+02:00
0,0,0,0,0,0,2021-05-30 22:31:59+02:00
0,0,0,0,0,0,2021-05-31 22:07:24+02:00
0,0,0,0,0,0,2021-06-01 21:51:53+02:00
0,0,0,0,0,0,2021-06-03 00:12:09+02:00
0,0,0,0,0,0,2021-06-03 12:44:48+02:00
2,2,0,0,0,0,2021-06-03 12:56:52+02:00
0,0,0,0,0,0,2021-06-03 22:05:39+02:00
0,0,0,0,0,0,2021-06-06 00:06:23+02:00
0,0,0,0,0,0,2021-06-06 00:07:17+02:00
1,1,0,0,0,0,2021-06-06 15:26:43+02:00
0,0,0,0,0,0,2021-06-07 09:31:34+02:00
1,1,0,0,0,0,2021-06-07 22:51:43+02:00
0,0,0,0,0,0,2021-06-07 22:51:50+02:00
0,0,0,0,0,0,2021-06-08 22:25:32+02:00
0,0,0,0,0,0,2021-06-10 08:25:23+02:00
0,0,0,0,0,0,2021-06-10 20:54:47+02:00
0,0,0,0,0,0,2021-06-10 21:04:33+02:00
0,0,0,0,0,0,2021-06-11 15:00:57+02:00
0,0,0,0,0,0,2021-06-13 23:04:53+02:00
0,0,0,0,0,0,2021-06-14 22:36:11+02:00
0,0,0,0,0,0,2021-06-15 22:52:24+02:00
0,0,0,0,0,0,2021-06-18 09:41:06+02:00
0,0,0,0,0,0,2021-06-18 22:49:46+02:00
0,0,0,0,0,0,2021-06-19 22:14:16+02:00
2,2,0,0,0,0,2021-06-20 10:59:19+02:00
0,0,0,0,0,0,2021-06-20 22:46:00+02:00
0,0,0,0,0,0,2021-06-20 23:17:34+02:00
0,0,0,0,0,0,2021-06-22 22:24:09+02:00
0,0,0,0,0,0,2021-06-23 20:18:59+02:00
0,0,0,0,0,0,2021-06-25 09:21:11+02:00
0,0,0,0,0,0,2021-06-26 09:56:42+02:00
0,0,0,0,0,0,2021-06-26 21:37:23+02:00
0,0,0,0,0,0,2021-06-27 20:21:13+02:00
0,0,0,0,0,0,2021-06-28 18:39:48+02:00
0,0,0,0,0,0,2021-06-29 21:51:58+02:00
0,0,0,0,0,0,2021-07-01 07:00:55+02:00
0,0,0,0,0,0,2021-07-01 20:54:59+02:00
0,0,0,0,0,0,2021-07-03 10:42:47+02:00
5,5,2,2,2,2,2021-07-03 21:13:46+01:00
0,0,0,0,0,0,2021-07-05 14:47:46+02:00
1,1,1,1,1,1,2021-07-05 14:48:58+02:00
0,0,0,0,0,0,2021-07-08 12:18:04+02:00
0,0,0,0,0,0,2021-07-09 13:13:54+02:00
0,0,0,0,0,0,2021-07-10 22:02:16+02:00
0,0,0,0,0,0,2021-07-12 08:13:33+01:00
0,0,0,0,0,0,2021-07-12 21:41:18+01:00
0,0,0,0,0,0,2021-07-12 23:04:45+01:00
1,1,1,1,1,1,2021-07-15 10:41:49+01:00
0,0,0,0,0,0,2021-07-15 21:03:51+01:00
0,0,0,0,0,0,2021-07-17 21:02:07+02:00
0,0,0,0,0,0,2021-07-21 14:05:20+02:00
0,0,0,0,0,0,2021-07-22 15:04:38+02:00
0,0,0,0,0,0,2021-07-22 16:56:12+02:00
0,0,0,0,0,0,2021-07-23 16:58:00+02:00
0,0,0,0,0,0,2021-07-24 13:24:08+02:00
0,0,0,0,0,0,2021-07-26 21:06:10+02:00
0,0,0,0,0,0,2021-07-27 13:56:03+02:00
0,0,0,0,0,0,2021-07-29 15:38:33+02:00
0,0,0,0,0,0,2021-08-01 11:18:37+02:00
2,2,0,0,0,0,2021-08-02 09:19:09+02:00
0,0,0,0,0,0,2021-08-02 09:40:53+02:00
1,1,0,0,0,0,2021-08-02 09:53:52+02:00
1,1,0,0,0,0,2021-08-03 21:11:54+02:00
0,0,0,0,0,0,2021-08-04 23:00:20+02:00
0,0,0,0,0,0,2021-08-05 22:25:45+02:00
0,0,0,0,0,0,2021-08-08 18:50:27-05:00
0,0,0,0,0,0,2021-08-10 20:14:11-05:00
0,0,0,0,0,0,2021-08-12 05:34:09-05:00
0,0,0,0,0,0,2021-08-12 15:30:19-05:00
0,0,0,0,0,0,2021-08-13 10:46:11-05:00
0,0,0,0,0,0,2021-08-14 10:55:24-05:00
0,0,0,0,0,0,2021-08-15 17:10:26-05:00
0,0,0,0,0,0,2021-08-21 19:26:45-05:00
0,0,0,0,0,0,2021-08-22 11:01:31-05:00
0,0,0,0,0,0,2021-08-23 20:16:59-05:00
0,0,0,0,0,0,2021-08-24 17:30:02-05:00
0,0,0,0,0,0,2021-08-25 14:04:46-05:00
0,0,0,0,0,0,2021-08-27 07:29:28-05:00
0,0,0,0,0,0,2021-08-27 19:16:53-05:00
0,0,0,0,0,0,2021-08-29 07:44:06-05:00
0,0,0,0,0,0,2021-08-29 20:23:14-05:00
0,0,0,0,0,0,2021-09-01 07:52:59-05:00
0,0,0,0,0,0,2021-09-02 21:43:26-05:00
0,0,0,0,0,0,2021-09-03 12:00:14-05:00
0,0,0,0,0,0,2021-09-05 17:52:55-05:00
0,0,0,0,0,0,2021-09-05 17:56:58-05:00
0,0,0,0,0,0,2021-09-06 17:28:28-05:00
0,0,0,0,0,0,2021-09-07 13:41:29-05:00
0,0,0,0,0,0,2021-09-08 14:27:34-05:00
0,0,0,0,0,0,2021-09-10 07:26:30-05:00
0,0,0,0,0,0,2021-09-10 20:33:51-05:00
2,2,1,1,1,1,2021-09-11 11:58:47-05:00
5,5,2,2,2,2,2021-09-11 16:01:25-05:00
1,1,1,1,1,1,2021-09-12 20:20:31-05:00
1,1,0,0,0,0,2021-09-17 13:38:40-05:00
0,0,0,0,0,0,2021-09-18 19:43:43-05:00
0,0,0,0,0,0,2021-09-19 15:38:36-05:00
2,2,2,2,2,2,2021-09-19 15:54:51-05:00
2,2,2,2,2,2,2021-09-19 15:57:41-05:00
0,0,0,0,0,0,2021-09-19 15:59:35-05:00
0,0,0,0,0,0,2021-09-20 20:41:13-05:00
0,0,0,0,0,0,2021-09-21 17:46:02-05:00
0,0,0,0,0,0,2021-09-23 09:53:40-05:00
0,0,0,0,0,0,2021-09-27 20:59:22-05:00
0,0,0,0,0,0,2021-09-28 17:27:09-05:00
0,0,0,0,0,0,2021-09-29 15:49:40-05:00
0,0,0,0,0,0,2021-10-02 07:06:58-05:00
1,1,0,0,0,0,2021-10-03 18:36:47+02:00
0,0,0,0,0,0,2021-10-05 00:38:11+02:00
0,0,0,0,0,0,2021-10-05 23:20:23+02:00
0,0,0,0,0,0,2021-10-08 15:55:44+02:00
0,0,0,0,0,0,2021-10-10 09:05:35+02:00
0,0,0,0,0,0,2021-10-10 20:25:08+02:00
0,0,0,0,0,0,2021-10-11 20:02:36+02:00
0,0,0,0,0,0,2021-10-12 22:19:51+02:00
0,0,0,0,0,0,2021-10-16 00:46:35+02:00
0,0,0,0,0,0,2021-10-16 21:56:00+02:00
0,0,0,0,0,0,2021-10-17 17:20:45+02:00
0,0,0,0,0,0,2021-10-19 09:07:41+02:00
0,0,0,0,0,0,2021-10-20 21:43:56+02:00
0,0,0,0,0,0,2021-10-21 19:36:25+02:00
0,0,0,0,0,0,2021-10-23 11:33:44+02:00
0,0,0,0,0,0,2021-10-23 18:08:54+02:00
0,0,0,0,0,0,2021-10-24 22:19:17+02:00
0,0,0,0,0,0,2021-10-25 15:53:15+02:00
2,2,2,2,2,2,2021-10-25 20:42:45+02:00
0,0,0,0,0,0,2021-10-26 20:38:26+02:00
0,0,0,0,0,0,2021-10-28 08:32:50+02:00
0,0,0,0,0,0,2021-10-28 19:13:29+02:00
0,0,0,0,0,0,2021-10-29 20:16:31+02:00
0,0,0,0,0,0,2021-10-29 20:17:00+02:00
0,0,0,0,0,0,2021-10-31 18:39:07+01:00
0,0,0,0,0,0,2021-11-01 22:09:05+01:00
0,0,0,0,0,0,2021-11-02 22:48:24+01:00
0,0,0,0,0,0,2021-11-03 21:58:27+01:00
0,0,0,0,0,0,2021-11-04 20:29:47+01:00
0,0,0,0,0,0,2021-11-06 23:28:34+01:00
0,0,0,0,0,0,2021-11-07 20:51:00+01:00
0,0,0,0,0,0,2021-11-07 20:51:26+01:00
0,0,0,0,0,0,2021-11-10 15:23:43+01:00
0,0,0,0,0,0,2021-11-12 20:42:31+01:00
0,0,0,0,0,0,2021-11-13 20:11:02+01:00
0,0,0,0,0,0,2021-11-14 09:47:53+01:00
0,0,0,0,0,0,2021-11-14 10:15:43+01:00
0,0,0,0,0,0,2021-11-14 21:55:38+01:00
1,1,0,0,0,0,2021-11-14 22:01:43+01:00
0,0,0,0,0,0,2021-11-14 22:02:22+01:00
0,0,0,0,0,0,2021-11-15 21:49:53+01:00
1,1,0,0,0,0,2021-11-19 08:26:07+01:00
0,0,0,0,0,0,2021-11-20 13:27:07+01:00
0,0,0,0,0,0,2021-11-23 09:54:53+01:00
0,0,0,0,0,0,2021-11-24 10:50:03+01:00
0,0,0,0,0,0,2021-11-25 13:25:19+01:00
0,0,0,0,0,0,2021-11-27 09:44:15+01:00
0,0,0,0,0,0,2021-11-27 15:30:43+01:00
0,0,0,0,0,0,2021-11-29 08:33:56+01:00
0,0,0,0,0,0,2021-11-30 15:54:57+01:00
0,0,0,0,0,0,2021-12-01 19:40:25+01:00
0,0,0,0,0,0,2021-12-02 18:26:57+01:00
0,0,0,0,0,0,2021-12-03 21:20:13+01:00
0,0,0,0,0,0,2021-12-04 16:22:41+01:00
0,0,0,0,0,0,2021-12-06 16:00:35+01:00
0,0,0,0,0,0,2021-12-08 09:02:37+01:00
0,0,0,0,0,0,2021-12-08 19:09:00+01:00
0,0,0,0,0,0,2021-12-09 21:00:37+01:00
0,0,0,0,0,0,2021-12-11 09:52:53+01:00
0,0,0,0,0,0,2021-12-11 14:17:13+01:00
0,0,0,0,0,0,2021-12-11 19:33:15+01:00
0,0,0,0,0,0,2021-12-13 10:02:40+01:00
0,0,0,0,0,0,2021-12-14 06:19:37+01:00
0,0,0,0,0,0,2021-12-15 19:43:08+01:00
0,0,0,0,0,0,2021-12-16 20:36:04+01:00
0,0,0,0,0,0,2021-12-19 19:37:32+01:00
0,0,0,0,0,0,2021-12-19 19:43:59+01:00
0,0,0,0,0,0,2021-12-21 13:35:53+01:00
0,0,0,0,0,0,2021-12-22 20:48:13+01:00
0,0,0,0,0,0,2021-12-23 20:22:14+01:00
0,0,0,0,0,0,2021-12-25 09:58:47+01:00
0,0,0,0,0,0,2021-12-26 09:17:23+01:00
0,0,0,0,0,0,2021-12-26 09:17:52+01:00
0,0,0,0,0,0,2021-12-27 09:37:33+01:00
0,0,0,0,0,0,2021-12-27 17:53:33+01:00
0,0,0,0,0,0,2021-12-29 20:22:43+01:00
0,0,0,0,0,0,2021-12-31 00:05:21+01:00
0,0,0,0,0,0,2021-12-31 22:08:56+01:00
4,4,1,1,1,1,2022-01-03 06:29:53+01:00
1,1,0,0,0,0,2022-01-03 06:55:39+01:00
0,0,0,0,0,0,2022-01-03 13:58:00+01:00
0,0,0,0,0,0,2022-01-05 08:45:22+01:00
0,0,0,0,0,0,2022-01-05 20:50:28+01:00
0,0,0,0,0,0,2022-01-05 20:54:30+01:00
0,0,0,0,0,0,2022-01-05 20:56:14+01:00
0,0,0,0,0,0,2022-01-07 19:11:04+01:00
2,2,1,1,1,1,2022-01-08 18:00:33+01:00
0,0,0,0,0,0,2022-01-09 18:06:44+01:00
0,0,0,0,0,0,2022-01-11 17:54:00+01:00
0,0,0,0,0,0,2022-01-12 17:54:03+01:00
0,0,0,0,0,0,2022-01-14 08:22:25+01:00
0,0,0,0,0,0,2022-01-14 19:01:27+01:00
0,0,0,0,0,0,2022-01-15 11:33:33+01:00
0,0,0,0,0,0,2022-01-16 13:55:06+01:00
0,0,0,0,0,0,2022-01-16 13:55:39+01:00
0,0,0,0,0,0,2022-01-17 21:54:12+01:00
0,0,0,0,0,0,2022-01-18 16:00:58+01:00
0,0,0,0,0,0,2022-01-19 22:39:46+01:00
0,0,0,0,0,0,2022-01-20 19:30:57+01:00
0,0,0,0,0,0,2022-01-24 09:19:42+01:00
0,0,0,0,0,0,2022-01-24 15:25:12+01:00
0,0,0,0,0,0,2022-01-25 20:25:43+01:00
0,0,0,0,0,0,2022-01-27 09:20:13+01:00
0,0,0,0,0,0,2022-01-27 20:42:17+01:00
0,0,0,0,0,0,2022-01-28 14:22:04+01:00
2,2,1,1,1,1,2022-01-29 19:36:21+01:00
0,0,0,0,0,0,2022-01-30 21:40:35+01:00
0,0,0,0,0,0,2022-01-31 13:15:31+01:00
0,0,0,0,0,0,2022-02-01 15:18:13+01:00
0,0,0,0,0,0,2022-02-03 20:15:23+01:00
0,0,0,0,0,0,2022-02-04 21:15:05+01:00
0,0,0,0,0,0,2022-02-05 18:03:50+01:00
0,0,0,0,0,0,2022-02-07 11:18:26+01:00
0,0,0,0,0,0,2022-02-07 11:20:46+01:00
0,0,0,0,0,0,2022-02-07 22:29:21+01:00
0,0,0,0,0,0,2022-02-08 20:01:57+01:00
0,0,0,0,0,0,2022-02-09 17:48:15+01:00
0,0,0,0,0,0,2022-02-11 13:26:29+01:00
0,0,0,0,0,0,2022-02-11 14:37:17+01:00
2,2,1,1,1,1,2022-02-13 20:37:09+01:00
0,0,0,0,0,0,2022-02-16 16:07:30+01:00
0,0,0,0,0,0,2022-02-18 19:20:35+01:00
0,0,0,0,0,0,2022-02-19 17:32:39+01:00
0,0,0,0,0,0,2022-02-20 18:53:00+01:00
0,0,0,0,0,0,2022-02-20 22:28:21+01:00
0,0,0,0,0,0,2022-02-21 15:03:56+01:00
0,0,0,0,0,0,2022-02-24 11:20:21+01:00
0,0,0,0,0,0,2022-02-26 00:22:25+01:00
0,0,0,0,0,0,2022-02-27 13:31:10+01:00
0,0,0,0,0,0,2022-02-27 13:52:24+01:00
0,0,0,0,0,0,2022-02-28 17:54:45+01:00
0,0,0,0,0,0,2022-03-01 21:10:06+01:00
0,0,0,0,0,0,2022-03-02 21:38:46+01:00
0,0,0,0,0,0,2022-03-03 22:08:01+01:00
0,0,0,0,0,0,2022-03-03 22:08:31+01:00
0,0,0,0,0,0,2022-03-04 17:33:29+01:00
0,0,0,0,0,0,2022-03-06 17:32:33+01:00
0,0,0,0,0,0,2022-03-06 17:33:25+01:00
0,0,0,0,0,0,2022-03-07 20:30:30+01:00
0,0,0,0,0,0,2022-03-08 22:16:01+01:00
0,0,0,0,0,0,2022-03-09 17:25:47+01:00
0,0,0,0,0,0,2022-03-12 15:38:17+01:00
0,0,0,0,0,0,2022-03-13 18:38:21+01:00
0,0,0,0,0,0,2022-03-14 16:25:43+01:00
0,0,0,0,0,0,2022-03-14 20:32:11+01:00
0,0,0,0,0,0,2022-03-15 14:16:36+01:00
0,0,0,0,0,0,2022-03-16 19:43:56+01:00
0,0,0,0,0,0,2022-03-17 15:38:21+01:00
0,0,0,0,0,0,2022-03-18 11:07:59+01:00
0,0,0,0,0,0,2022-03-19 20:47:49+01:00
0,0,0,0,0,0,2022-03-20 17:48:28+01:00
2,2,1,1,1,1,2022-03-20 17:50:05+01:00
0,0,0,0,0,0,2022-03-20 17:50:43+01:00
3,3,1,1,1,1,2022-03-20 18:37:57+01:00
0,0,0,0,0,0,2022-03-20 18:39:23+01:00
2,2,0,0,0,0,2022-03-20 19:08:32+01:00
1,1,0,0,0,0,2022-03-20 19:13:04+01:00
0,0,0,0,0,0,2022-03-20 19:13:23+01:00
0,0,0,0,0,0,2022-03-22 12:53:33+01:00
0,0,0,0,0,0,2022-03-24 15:11:00+01:00
0,0,0,0,0,0,2022-03-25 12:15:20+01:00
0,0,0,0,0,0,2022-03-25 13:35:00+01:00
0,0,0,0,0,0,2022-03-27 10:47:02+02:00
0,0,0,0,0,0,2022-03-27 17:30:51+02:00
0,0,0,0,0,0,2022-03-28 18:31:36+02:00
0,0,0,0,0,0,2022-03-29 15:32:35+02:00
0,0,0,0,0,0,2022-03-30 15:09:17+02:00
0,0,0,0,0,0,2022-03-30 15:09:38+02:00
0,0,0,0,0,0,2022-03-31 15:18:51+02:00
0,0,0,0,0,0,2022-04-01 09:10:04+02:00
0,0,0,0,0,0,2022-04-01 09:10:19+02:00
0,0,0,0,0,0,2022-04-01 09:11:16+02:00
0,0,0,0,0,0,2022-04-03 09:11:05+02:00
0,0,0,0,0,0,2022-04-04 09:02:16+02:00
3,3,1,1,1,1,2022-04-04 09:05:15+02:00
0,0,0,0,0,0,2022-04-04 20:37:07+02:00
0,0,0,0,0,0,2022-04-06 10:30:04+02:00
0,0,0,0,0,0,2022-04-07 19:57:35+02:00
0,0,0,0,0,0,2022-04-08 23:11:36+02:00
0,0,0,0,0,0,2022-04-11 00:00:16+02:00
0,0,0,0,0,0,2022-04-13 09:44:18+02:00
0,0,0,0,0,0,2022-04-14 18:13:14+02:00
0,0,0,0,0,0,2022-04-16 07:37:25+02:00
0,0,0,0,0,0,2022-04-18 08:01:23+02:00
0,0,0,0,0,0,2022-04-20 09:47:07+02:00
0,0,0,0,0,0,2022-04-20 16:26:55+02:00
0,0,0,0,0,0,2022-04-21 22:48:07+02:00
0,0,0,0,0,0,2022-04-22 18:39:14+02:00
0,0,0,0,0,0,2022-04-24 21:47:21+02:00
0,0,0,0,0,0,2022-04-25 22:05:05+02:00
0,0,0,0,0,0,2022-04-28 13:15:32+02:00
0,0,0,0,0,0,2022-05-01 10:32:36+02:00
0,0,0,0,0,0,2022-05-03 12:50:42+02:00
0,0,0,0,0,0,2022-05-05 16:40:44+02:00
0,0,0,0,0,0,2022-05-08 10:55:36+02:00
0,0,0,0,0,0,2022-05-11 10:17:16+02:00
0,0,0,0,0,0,2022-05-14 19:27:46+02:00
0,0,0,0,0,0,2022-05-15 20:27:17+02:00
0,0,0,0,0,0,2022-05-16 22:05:30+02:00
0,0,0,0,0,0,2022-05-17 21:37:46+02:00
0,0,0,0,0,0,2022-05-18 23:03:27+02:00
0,0,0,0,0,0,2022-05-20 16:35:01+02:00
0,0,0,0,0,0,2022-05-23 16:51:47+02:00
0,0,0,0,0,0,2022-05-26 08:40:37+02:00
0,0,0,0,0,0,2022-05-27 10:34:11+02:00
0,0,0,0,0,0,2022-05-31 07:51:17+02:00
0,0,0,0,0,0,2022-06-01 13:18:16+02:00
0,0,0,0,0,0,2022-06-01 22:47:42+02:00
0,0,0,0,0,0,2022-06-02 19:42:59+02:00
0,0,0,0,0,0,2022-06-03 19:01:35+02:00
0,0,0,0,0,0,2022-06-04 17:16:04+02:00
0,0,0,0,0,0,2022-06-05 10:37:37+02:00
0,0,0,0,0,0,2022-06-05 10:39:10+02:00
0,0,0,0,0,0,2022-06-06 10:28:28+02:00
0,0,0,0,0,0,2022-06-06 20:46:52+02:00
0,0,0,0,0,0,2022-06-08 10:00:28+02:00
0,0,0,0,0,0,2022-06-12 17:00:51+02:00
0,0,0,0,0,0,2022-06-13 13:05:06+02:00
0,0,0,0,0,0,2022-06-15 08:43:32+02:00
0,0,0,0,0,0,2022-06-15 14:42:19+02:00
0,0,0,0,0,0,2022-06-17 01:13:39+02:00
0,0,0,0,0,0,2022-06-17 21:48:14+02:00
0,0,0,0,0,0,2022-06-18 14:42:54+02:00
0,0,0,0,0,0,2022-06-20 09:35:14+02:00
0,0,0,0,0,0,2022-06-20 13:56:00+02:00
0,0,0,0,0,0,2022-06-22 10:26:30+02:00
0,0,0,0,0,0,2022-06-22 22:37:06+02:00
0,0,0,0,0,0,2022-06-26 09:09:42+02:00
0,0,0,0,0,0,2022-06-27 10:50:28+02:00
0,0,0,0,0,0,2022-06-27 14:05:10+02:00
0,0,0,0,0,0,2022-06-29 09:11:45+02:00
0,0,0,0,0,0,2022-06-29 18:30:35+02:00
0,0,0,0,0,0,2022-06-30 16:03:05+02:00
0,0,0,0,0,0,2022-07-02 19:17:01+02:00
0,0,0,0,0,0,2022-07-03 19:33:05+02:00
0,0,0,0,0,0,2022-07-03 23:23:39+02:00
