Acquisition,Preparation,Modeling,Training,Evaluation,Prediction,time
0,0,0,0,0,0,2019-10-01 09:26:35+00:00
0,0,0,0,0,0,2019-10-01 09:30:51+00:00
0,0,0,0,0,0,2019-10-01 09:31:45+00:00
0,0,0,0,0,0,2019-10-01 09:40:37+00:00
0,0,0,0,0,0,2019-10-01 09:41:16+00:00
0,0,0,0,0,0,2019-10-01 09:49:41+00:00
0,0,0,0,0,0,2019-10-01 09:51:13+00:00
0,0,0,0,0,0,2019-10-01 09:53:09+00:00
0,0,0,0,0,0,2019-10-01 14:39:21+02:00
0,0,0,0,0,0,2019-10-01 14:54:39+02:00
0,0,0,0,0,0,2019-10-01 15:01:48+02:00
0,0,0,0,0,0,2019-10-01 15:04:23+02:00
1,3,0,0,0,0,2019-10-01 15:14:57+02:00
0,0,0,0,0,0,2019-10-01 15:17:49+02:00
0,0,0,0,0,0,2019-10-01 16:40:22+02:00
0,0,0,0,0,0,2019-10-01 16:40:31+02:00
0,0,0,0,0,0,2019-10-01 16:53:43+02:00
0,0,0,0,0,0,2019-10-01 17:25:58+02:00
0,0,0,0,0,0,2019-10-01 16:09:32+00:00
0,0,0,0,0,0,2019-10-01 19:44:36+02:00
1,1,1,1,1,1,2019-10-02 17:52:38+02:00
1,1,1,1,1,1,2019-10-02 18:47:55+02:00
0,0,0,0,0,0,2019-10-02 18:54:55+02:00
0,0,0,0,0,0,2019-10-02 19:07:57+02:00
0,0,0,0,0,0,2019-10-02 19:27:55+02:00
0,1,0,1,1,0,2019-10-02 19:56:35+02:00
0,0,0,0,1,0,2019-10-02 20:38:44+02:00
0,0,0,0,1,0,2019-10-02 20:40:29+02:00
0,0,0,0,0,0,2019-10-02 20:41:24+02:00
0,0,0,0,1,0,2019-10-02 22:41:02+02:00
0,0,0,0,0,0,2019-10-03 09:56:45+02:00
0,0,0,1,0,1,2019-10-03 10:19:49+02:00
0,1,0,2,1,1,2019-10-03 15:47:01+02:00
0,0,0,1,0,1,2019-10-03 19:10:28+02:00
0,0,0,0,0,0,2019-10-03 19:10:39+02:00
0,1,0,1,1,1,2019-10-03 20:04:15+02:00
0,1,0,1,0,1,2019-10-03 20:05:21+02:00
0,1,0,1,0,1,2019-10-03 20:10:52+02:00
0,0,0,0,1,0,2019-10-03 20:20:22+02:00
0,0,0,0,1,0,2019-10-03 20:21:13+02:00
0,1,0,1,0,1,2019-10-03 21:48:26+02:00
0,0,0,0,0,0,2019-10-03 21:54:18+02:00
0,1,0,1,1,1,2019-10-04 09:28:35+02:00
0,1,0,1,0,1,2019-10-04 10:58:42+02:00
0,1,0,1,0,1,2019-10-04 11:31:52+02:00
0,1,0,1,0,1,2019-10-04 16:10:36+02:00
0,1,0,1,0,1,2019-10-04 16:15:05+02:00
0,1,0,1,0,1,2019-10-04 17:23:32+02:00
0,1,0,0,1,0,2019-10-04 17:40:12+02:00
0,1,0,1,0,1,2019-10-04 18:21:01+02:00
0,1,0,1,0,1,2019-10-04 18:29:49+02:00
0,0,0,0,0,0,2019-10-04 18:31:38+02:00
0,1,0,1,0,1,2019-10-04 18:33:13+02:00
0,1,0,1,0,1,2019-10-04 18:39:04+02:00
0,0,0,0,0,0,2019-10-04 18:40:00+02:00
0,1,0,1,0,1,2019-10-04 18:44:27+02:00
0,1,0,1,0,1,2019-10-04 19:00:42+02:00
0,1,0,1,0,1,2019-10-04 19:05:06+02:00
0,0,0,0,0,0,2019-10-04 19:05:23+02:00
0,1,0,1,0,0,2019-10-05 16:00:30+02:00
0,0,0,0,0,0,2019-10-05 22:52:25+02:00
0,1,1,1,0,1,2019-10-06 16:00:31+02:00
0,1,1,1,0,1,2019-10-06 17:14:07+02:00
0,1,1,1,0,1,2019-10-06 17:41:13+02:00
0,1,1,1,0,1,2019-10-06 18:32:59+02:00
1,1,2,2,0,1,2019-10-06 21:37:48+02:00
0,1,1,1,0,1,2019-10-07 10:11:27+02:00
0,0,0,0,0,0,2019-10-07 10:11:28+02:00
0,1,0,1,1,1,2019-10-07 10:26:13+02:00
0,1,1,1,0,1,2019-10-07 11:52:58+02:00
0,1,0,1,1,1,2019-10-07 14:43:55+02:00
0,1,0,1,1,1,2019-10-07 14:45:19+02:00
0,1,0,1,1,1,2019-10-07 14:46:08+02:00
1,1,0,1,1,1,2019-10-07 15:12:30+02:00
0,0,0,0,0,0,2019-10-07 15:26:02+02:00
1,1,0,1,1,1,2019-10-07 16:14:07+02:00
0,0,0,0,0,0,2019-10-07 16:55:17+02:00
0,0,0,0,0,0,2019-10-07 16:56:58+02:00
0,0,0,0,0,0,2019-10-07 16:57:54+02:00
0,0,0,0,0,0,2019-10-07 17:00:44+02:00
0,0,0,0,0,0,2019-10-07 17:03:27+02:00
0,0,0,0,0,0,2019-10-08 06:51:01+00:00
0,2,1,2,0,1,2019-10-08 12:36:33+02:00
0,0,0,0,0,0,2019-10-08 12:37:02+02:00
1,1,0,1,1,1,2019-10-08 16:17:32+02:00
0,0,0,0,0,0,2019-10-08 15:31:38+00:00
0,0,0,0,0,0,2019-10-08 15:32:47+00:00
0,0,0,0,0,0,2019-10-08 15:38:52+00:00
0,0,0,0,0,0,2019-10-08 15:57:08+00:00
0,0,0,0,0,0,2019-10-08 18:44:36+02:00
0,0,0,0,0,0,2019-10-08 16:59:30+00:00
0,0,0,0,0,0,2019-10-08 17:09:20+00:00
0,0,0,0,0,0,2019-10-08 17:11:47+00:00
0,0,0,0,0,0,2019-10-08 17:22:02+00:00
0,0,0,0,0,0,2019-10-08 17:27:55+00:00
0,0,0,0,0,0,2019-10-08 17:30:22+00:00
0,0,0,0,0,0,2019-10-08 17:42:50+00:00
0,0,0,0,0,0,2019-10-08 23:00:50+02:00
0,0,0,0,0,0,2019-10-09 10:17:00+02:00
0,0,0,0,0,0,2019-10-10 07:05:06+00:00
0,0,0,0,0,0,2019-10-10 07:06:00+00:00
0,0,0,0,0,0,2019-10-10 09:27:03+02:00
0,0,0,0,0,0,2020-02-24 19:49:34+00:00
0,0,0,0,0,0,2020-02-24 22:17:16+01:00
0,0,0,0,0,0,2020-03-31 10:09:39+02:00
0,0,0,0,0,0,2020-11-18 22:11:38+00:00
0,0,0,0,0,0,2021-02-02 22:12:40+00:00
0,0,0,0,0,0,2021-03-20 01:53:11+00:00
0,0,0,0,0,0,2021-03-25 23:03:00+00:00
0,0,0,0,0,0,2021-03-29 20:42:17+00:00
0,0,0,0,0,0,2021-04-20 18:39:20+00:00
0,0,0,0,0,0,2021-04-20 21:24:52+02:00
0,0,0,0,0,0,2021-04-20 21:25:04+02:00
0,0,0,0,0,0,2021-04-20 21:25:24+02:00
0,0,0,0,0,0,2021-04-20 21:25:34+02:00
0,0,0,0,0,0,2021-04-20 21:25:50+02:00
0,0,0,0,0,0,2021-04-20 21:25:59+02:00
