Acquisition,Preparation,Modeling,Training,Evaluation,Prediction,time
0,0,0,0,0,0,2019-12-10 15:17:20+09:00
0,0,0,0,0,0,2019-12-10 16:21:58+09:00
1,1,0,0,0,0,2019-12-10 18:24:33+09:00
1,2,0,1,0,0,2019-12-13 14:02:31+09:00
1,2,0,1,0,0,2019-12-17 16:00:34+09:00
1,1,0,1,0,0,2019-12-18 13:44:19+09:00
0,0,0,0,0,0,2019-12-18 15:30:00+09:00
0,0,0,0,0,0,2019-12-19 16:03:48+09:00
1,1,1,1,1,1,2019-12-19 16:07:52+09:00
1,1,0,1,0,0,2019-12-19 16:56:09+09:00
0,0,0,0,0,0,2019-12-24 11:18:27+09:00
0,0,0,0,0,0,2019-12-24 11:18:59+09:00
1,2,0,1,0,0,2019-12-26 13:56:43+09:00
0,0,0,0,0,0,2019-12-26 16:42:59+09:00
1,2,0,1,0,0,2020-01-14 13:29:01+09:00
0,0,0,0,0,0,2020-01-14 13:43:24+09:00
3,4,1,3,1,1,2020-01-29 13:15:20+09:00
2,3,0,2,0,0,2020-02-06 15:55:38+09:00
1,1,1,1,1,1,2020-02-06 16:10:02+09:00
0,0,0,0,0,0,2020-02-06 16:35:25+09:00
1,2,0,1,0,0,2020-02-07 14:02:23+09:00
1,1,0,1,0,0,2020-02-07 14:24:20+09:00
1,1,0,1,0,0,2020-02-07 14:40:38+09:00
0,0,0,0,0,0,2020-02-07 14:41:29+09:00
0,0,0,0,0,0,2020-02-07 15:00:47+09:00
1,2,0,1,1,0,2020-03-06 14:52:32+09:00
1,1,0,1,1,0,2020-03-06 15:08:15+09:00
1,1,0,1,1,0,2020-03-06 15:24:36+09:00
1,1,0,1,1,0,2020-03-06 16:24:35+09:00
1,1,0,1,1,0,2020-03-06 16:49:18+09:00
1,1,0,1,1,0,2020-03-06 17:12:44+09:00
1,1,0,1,1,0,2020-03-06 17:31:22+09:00
0,0,0,0,0,0,2020-03-06 17:43:35+09:00
1,1,0,1,1,0,2020-03-09 14:00:00+09:00
0,0,0,0,0,0,2020-03-09 14:05:41+09:00
1,1,0,1,1,0,2020-03-10 13:42:20+09:00
0,0,0,0,0,0,2020-03-10 15:26:10+09:00
1,1,0,1,1,0,2020-04-10 13:51:09+09:00
0,0,0,0,0,0,2020-04-22 09:58:46+09:00
0,0,0,0,0,0,2020-05-21 13:18:26+09:00
1,2,0,1,1,0,2020-05-21 13:19:28+09:00
2,1,2,2,1,2,2020-05-21 13:19:53+09:00
2,2,0,2,1,0,2020-05-22 14:43:26+09:00
0,0,0,0,0,0,2020-05-25 14:13:54+09:00
1,1,0,1,1,0,2020-05-26 16:35:02+09:00
0,0,0,0,0,0,2020-05-27 11:12:29+09:00
2,1,1,2,1,1,2020-05-27 16:36:19+09:00
0,1,0,0,1,0,2020-05-27 17:02:22+09:00
0,0,0,0,0,0,2020-05-29 14:34:08+09:00
0,0,0,0,0,0,2020-07-01 09:39:22+09:00
4,8,1,6,2,4,2020-06-30 15:58:48+09:00
0,0,0,0,0,0,2021-04-07 11:10:10+09:00
0,0,0,0,0,0,2021-05-07 14:57:51+09:00
2,3,0,2,2,0,2021-05-07 14:58:03+09:00
0,0,0,0,0,0,2021-05-18 12:08:23+09:00
