Acquisition,Preparation,Modeling,Training,Evaluation,Prediction,time
0,0,0,0,0,0,2018-09-12 21:58:41-04:00
0,0,0,0,0,0,2018-09-12 21:58:51-04:00
0,0,0,0,0,0,2018-09-14 16:14:20-04:00
0,0,0,0,0,0,2018-09-14 16:21:44-04:00
0,0,0,0,0,0,2018-09-14 16:51:53-04:00
0,0,0,0,0,0,2018-09-14 16:51:53-04:00
0,0,0,0,0,0,2018-09-14 17:31:31-04:00
0,0,0,0,0,0,2018-09-14 17:31:31-04:00
0,0,0,0,0,0,2018-09-14 20:22:29-04:00
0,0,0,0,0,0,2018-09-14 20:24:45-04:00
0,0,0,0,0,0,2018-09-14 20:25:04-04:00
0,0,0,0,0,0,2018-09-14 23:30:39-04:00
0,0,0,0,0,0,2018-09-14 23:55:37-04:00
0,0,0,0,0,0,2018-09-15 00:32:05-04:00
0,0,0,0,0,0,2018-09-15 18:03:17-04:00
0,0,0,0,0,0,2018-09-16 23:12:24-04:00
0,0,0,0,0,0,2018-09-19 20:20:26-04:00
0,0,0,0,0,0,2018-09-19 21:29:39-04:00
0,0,0,0,0,0,2018-09-19 22:03:10-04:00
0,0,0,0,0,0,2018-09-19 21:54:17-04:00
0,0,0,0,0,0,2018-09-19 23:51:25-04:00
0,0,0,0,0,0,2018-09-20 13:32:53-04:00
0,0,0,0,0,0,2018-09-20 13:41:42-04:00
0,0,0,0,0,0,2018-09-22 14:47:01-04:00
0,0,0,0,0,0,2018-09-22 14:53:37-04:00
0,0,0,0,0,0,2018-09-22 15:12:52-04:00
0,0,0,0,0,0,2018-09-22 15:13:55-04:00
0,0,0,0,0,0,2018-09-22 15:30:50-04:00
0,0,0,0,0,0,2018-09-22 15:35:30-04:00
0,0,0,0,0,0,2018-09-22 16:09:17-04:00
0,0,0,0,0,0,2018-09-22 16:15:31-04:00
0,0,0,0,0,0,2018-09-22 16:20:59-04:00
0,0,0,0,0,0,2018-09-22 17:00:49-04:00
0,0,0,0,0,0,2018-09-26 22:12:25-04:00
0,0,0,0,0,0,2018-09-28 18:57:19-04:00
0,0,0,0,0,0,2018-09-28 18:57:58-04:00
0,0,0,0,0,0,2018-09-28 18:59:04-04:00
0,0,0,0,0,0,2018-09-28 18:59:57-04:00
0,0,0,0,0,0,2018-09-28 19:07:24-04:00
0,0,0,0,0,0,2018-09-28 19:42:04-04:00
0,0,0,0,0,0,2018-09-28 19:51:46-04:00
0,0,0,0,0,0,2018-09-28 19:54:29-04:00
0,0,0,0,0,0,2018-09-28 21:07:17-04:00
0,0,0,0,0,0,2018-09-28 21:27:26-04:00
0,0,0,0,0,0,2018-09-28 23:11:37-04:00
0,0,0,0,0,0,2018-09-29 18:21:36-04:00
0,0,0,0,0,0,2018-09-29 18:23:44-04:00
0,0,0,0,0,0,2018-09-29 18:47:15-04:00
0,0,0,0,0,0,2018-09-29 20:00:19-04:00
0,0,0,0,0,0,2018-09-29 20:04:27-04:00
0,0,0,0,0,0,2018-09-29 20:07:20-04:00
0,0,0,0,0,0,2018-09-29 20:08:50-04:00
0,0,0,0,0,0,2018-09-29 20:11:21-04:00
0,0,0,0,0,0,2018-09-29 21:56:53-04:00
0,0,0,0,0,0,2018-09-29 22:28:01-04:00
0,0,0,0,0,0,2018-09-29 22:33:04-04:00
0,0,0,0,0,0,2018-09-29 22:33:37-04:00
0,0,0,0,0,0,2018-09-29 22:41:54-04:00
0,0,0,0,0,0,2018-09-29 22:45:44-04:00
0,0,0,0,0,0,2018-09-29 22:50:47-04:00
0,0,0,0,0,0,2018-09-29 23:58:27-04:00
0,0,0,0,0,0,2018-09-30 00:17:49-04:00
0,0,0,0,0,0,2018-09-30 00:29:17-04:00
0,0,0,0,0,0,2018-09-30 00:30:43-04:00
0,0,0,0,0,0,2018-09-30 00:30:55-04:00
0,0,0,0,0,0,2018-09-30 00:51:11-04:00
0,0,0,0,0,0,2018-09-30 00:51:11-04:00
0,0,0,0,0,0,2018-09-30 00:57:37-04:00
0,0,0,0,0,0,2018-09-30 01:01:17-04:00
0,0,0,0,0,0,2018-09-30 01:02:03-04:00
0,0,0,0,0,0,2018-09-30 01:04:58-04:00
0,0,0,0,0,0,2018-09-30 18:12:02-04:00
0,0,0,0,0,0,2018-10-01 10:42:24-04:00
0,0,0,0,0,0,2018-10-01 13:43:18-04:00
0,0,0,0,0,0,2018-10-01 17:13:18-04:00
0,0,0,0,0,0,2018-10-01 17:26:58-04:00
0,0,0,0,0,0,2018-10-01 17:39:25-04:00
0,0,0,0,0,0,2018-10-01 17:42:01-04:00
0,0,0,0,0,0,2018-10-01 17:42:32-04:00
0,0,0,0,0,0,2018-10-01 17:56:15-04:00
0,0,0,0,0,0,2018-10-01 18:53:04-04:00
0,0,0,0,0,0,2018-10-01 19:09:39-04:00
0,0,0,0,0,0,2018-10-01 19:13:14-04:00
0,0,0,0,0,0,2018-10-01 19:14:06-04:00
0,0,0,0,0,0,2018-10-01 19:51:32-04:00
0,0,0,0,0,0,2018-10-01 19:52:29-04:00
0,0,0,0,0,0,2018-10-01 19:53:01-04:00
0,0,0,0,0,0,2018-10-01 20:26:33-04:00
0,0,0,0,0,0,2018-10-01 20:34:30-04:00
0,0,0,0,0,0,2018-10-01 20:48:23-04:00
0,0,0,0,0,0,2018-10-01 20:49:16-04:00
0,0,0,0,0,0,2018-10-01 21:16:44-04:00
0,0,0,0,0,0,2018-10-01 21:17:26-04:00
0,0,0,0,0,0,2018-10-01 21:39:19-04:00
0,0,0,0,0,0,2018-10-01 21:39:52-04:00
0,0,0,0,0,0,2018-10-01 22:04:43-04:00
0,0,0,0,0,0,2018-10-01 22:10:39-04:00
0,0,0,0,0,0,2018-10-01 22:48:38-04:00
0,0,0,0,0,0,2018-10-02 10:24:24-04:00
0,0,0,0,0,0,2018-10-02 11:11:30-04:00
0,0,0,0,0,0,2018-10-02 18:32:22-04:00
0,0,0,0,0,0,2018-10-02 18:33:04-04:00
0,0,0,0,0,0,2018-10-02 19:43:11-04:00
0,0,0,0,0,0,2018-10-02 19:43:55-04:00
0,0,0,0,0,0,2018-10-02 19:43:57-04:00
0,0,0,0,0,0,2018-10-02 19:44:59-04:00
0,0,0,0,0,0,2018-10-02 19:47:15-04:00
0,0,0,0,0,0,2018-10-02 20:04:28-04:00
0,0,0,0,0,0,2018-10-02 20:11:59-04:00
0,0,0,0,0,0,2018-10-02 20:12:23-04:00
0,0,0,0,0,0,2018-10-02 20:47:26-04:00
0,0,0,0,0,0,2018-10-02 20:48:08-04:00
0,0,0,0,0,0,2018-10-04 00:31:19-04:00
0,0,0,0,0,0,2018-10-04 00:38:19-04:00
0,0,0,0,0,0,2018-10-04 01:47:36-04:00
0,0,0,0,0,0,2018-10-04 01:48:18-04:00
0,0,0,0,0,0,2018-10-04 01:54:32-04:00
0,0,0,0,0,0,2018-10-04 01:55:24-04:00
0,0,0,0,0,0,2018-10-04 14:41:48-04:00
0,0,0,0,0,0,2018-10-04 14:43:11-04:00
0,0,0,0,0,0,2018-10-04 14:50:26-04:00
0,0,0,0,0,0,2018-10-04 14:51:32-04:00
0,0,0,0,0,0,2018-10-24 20:22:45-04:00
0,0,0,0,0,0,2018-10-24 21:19:47-04:00
0,0,0,0,0,0,2018-10-24 21:19:54-04:00
0,0,0,0,0,0,2018-10-24 21:21:33-04:00
0,0,0,0,0,0,2018-10-24 21:24:40-04:00
0,0,0,0,0,0,2018-10-24 21:52:41-04:00
0,0,0,0,0,0,2018-10-24 21:53:34-04:00
0,0,0,0,0,0,2018-10-24 22:30:43-04:00
0,0,0,0,0,0,2018-10-24 22:31:34-04:00
0,0,0,0,0,0,2018-10-24 22:55:43-04:00
0,0,0,0,0,0,2018-10-24 22:56:09-04:00
0,0,0,0,0,0,2018-10-25 21:03:23-04:00
0,0,0,0,0,0,2018-10-25 21:03:49-04:00
0,0,0,0,0,0,2018-10-25 21:28:53-04:00
0,0,0,0,0,0,2018-10-25 21:29:30-04:00
0,0,0,0,0,0,2018-10-25 21:40:23-04:00
0,0,0,0,0,0,2018-10-25 21:41:37-04:00
0,0,0,0,0,0,2018-10-25 22:00:46-04:00
0,0,0,0,0,0,2018-10-25 22:01:32-04:00
0,0,0,0,0,0,2018-10-25 22:19:21-04:00
0,0,0,0,0,0,2018-10-25 22:49:14-04:00
0,0,0,0,0,0,2018-10-25 22:49:55-04:00
0,0,0,0,0,0,2018-10-25 23:03:39-04:00
0,0,0,0,0,0,2018-10-25 23:04:01-04:00
0,0,0,0,0,0,2018-10-25 23:45:11-04:00
0,0,0,0,0,0,2018-10-25 23:49:45-04:00
0,0,0,0,0,0,2018-10-26 00:43:25-04:00
0,0,0,0,0,0,2018-10-26 00:43:58-04:00
0,0,0,0,0,0,2018-10-26 00:47:19-04:00
0,0,0,0,0,0,2018-10-26 00:47:57-04:00
0,0,0,0,0,0,2018-10-26 20:36:51-04:00
0,0,0,0,0,0,2018-10-26 20:37:45-04:00
0,0,0,0,0,0,2018-10-26 20:58:14-04:00
0,0,0,0,0,0,2018-10-26 21:01:39-04:00
0,0,0,0,0,0,2018-10-26 21:10:49-04:00
0,0,0,0,0,0,2018-10-26 21:23:04-04:00
0,0,0,0,0,0,2018-10-26 21:23:58-04:00
0,0,0,0,0,0,2018-10-26 21:24:06-04:00
0,0,0,0,0,0,2018-10-26 21:29:29-04:00
0,0,0,0,0,0,2018-10-26 21:29:54-04:00
0,0,0,0,0,0,2018-10-26 21:52:29-04:00
0,0,0,0,0,0,2018-10-26 22:29:45-04:00
0,0,0,0,0,0,2018-10-26 22:37:49-04:00
0,0,0,0,0,0,2018-10-26 22:39:00-04:00
0,0,0,0,0,0,2018-10-26 23:11:05-04:00
0,0,0,0,0,0,2018-10-26 23:12:42-04:00
0,0,0,0,0,0,2018-10-26 23:14:57-04:00
0,0,0,0,0,0,2018-10-27 00:20:52-04:00
0,0,0,0,0,0,2018-10-27 16:08:54-04:00
0,0,0,0,0,0,2018-10-27 16:14:18-04:00
0,0,0,0,0,0,2018-10-27 16:15:27-04:00
0,0,0,0,0,0,2018-10-27 16:18:57-04:00
0,0,0,0,0,0,2018-10-27 16:19:44-04:00
0,0,0,0,0,0,2018-10-27 16:46:33-04:00
0,0,0,0,0,0,2018-10-27 16:47:22-04:00
0,0,0,0,0,0,2018-10-27 17:04:07-04:00
0,0,0,0,0,0,2018-10-27 17:41:48-04:00
0,0,0,0,0,0,2018-10-27 17:42:15-04:00
0,0,0,0,0,0,2018-10-27 17:44:59-04:00
0,0,0,0,0,0,2018-10-27 17:45:30-04:00
0,1,0,0,0,0,2018-10-27 17:57:20-04:00
0,0,0,0,0,0,2018-10-27 17:58:52-04:00
0,0,0,0,0,0,2018-10-27 17:59:18-04:00
0,0,0,0,0,0,2018-10-27 18:01:24-04:00
0,0,0,0,0,0,2018-10-27 18:17:58-04:00
0,0,0,0,0,0,2018-10-27 18:18:19-04:00
0,0,0,0,0,0,2018-10-27 18:20:34-04:00
0,0,0,0,0,0,2018-10-27 18:21:27-04:00
0,0,0,0,0,0,2018-10-27 18:30:58-04:00
0,0,0,0,0,0,2018-10-27 18:31:19-04:00
0,0,0,0,0,0,2018-10-27 18:30:58-04:00
0,0,0,0,0,0,2018-10-27 18:40:42-04:00
0,0,0,0,0,0,2018-10-27 18:40:51-04:00
0,0,0,0,0,0,2018-10-27 18:47:20-04:00
0,0,0,0,0,0,2018-10-27 18:53:48-04:00
0,0,0,0,0,0,2018-10-28 17:55:59-04:00
0,0,0,0,0,0,2018-10-28 17:56:34-04:00
0,0,0,0,0,0,2018-10-28 18:05:38-04:00
0,0,0,0,0,0,2018-10-28 18:24:42-04:00
0,0,0,0,0,0,2018-10-28 18:25:19-04:00
0,0,0,0,0,0,2018-10-28 18:50:55-04:00
0,0,0,0,0,0,2018-10-28 18:53:40-04:00
0,0,0,0,0,0,2018-10-29 01:34:52-04:00
0,0,0,0,0,0,2018-10-29 01:35:38-04:00
0,0,0,0,0,0,2018-10-29 12:06:37-04:00
0,0,0,0,0,0,2018-10-29 12:07:27-04:00
0,0,0,0,0,0,2018-10-29 13:01:42-04:00
0,0,0,0,0,0,2018-10-29 13:02:24-04:00
0,0,0,0,0,0,2018-10-29 13:03:32-04:00
0,0,0,0,0,0,2018-10-29 13:04:00-04:00
0,0,0,0,0,0,2018-10-29 14:25:23-04:00
0,0,0,0,0,0,2018-10-29 14:25:46-04:00
0,0,0,0,0,0,2018-10-29 15:17:07-04:00
0,0,0,0,0,0,2018-10-29 15:17:57-04:00
0,0,0,0,0,0,2018-11-10 17:05:19-05:00
0,0,0,0,0,0,2018-11-10 17:06:23-05:00
0,0,0,0,0,0,2018-11-10 17:08:15-05:00
0,0,0,0,0,0,2018-11-10 17:09:08-05:00
0,0,0,0,0,0,2018-11-11 00:52:22-05:00
0,0,0,0,0,0,2018-11-11 00:53:01-05:00
0,0,0,0,0,0,2018-11-26 20:09:40-05:00
0,0,0,0,0,0,2018-11-26 17:10:18-08:00
0,0,0,0,0,0,2018-11-29 17:50:40-05:00
0,0,0,0,0,0,2018-11-29 18:04:26-05:00
0,0,0,0,0,0,2018-11-29 18:05:17-05:00
0,0,0,0,0,0,2018-11-29 18:12:39-05:00
0,0,0,0,0,0,2018-11-29 18:13:22-05:00
0,0,0,0,0,0,2018-11-29 18:18:51-05:00
0,0,0,0,0,0,2018-11-29 18:19:32-05:00
0,0,0,0,0,0,2018-11-29 20:12:52-05:00
0,0,0,0,0,0,2018-11-29 20:13:45-05:00
0,0,0,0,0,0,2018-11-29 20:34:11-05:00
0,0,0,0,0,0,2018-11-29 20:34:43-05:00
0,0,0,0,0,0,2018-11-29 20:53:03-05:00
0,0,0,0,0,0,2018-11-29 20:59:31-05:00
0,0,0,0,0,0,2018-11-29 21:00:07-05:00
0,0,0,0,0,0,2018-11-29 22:03:06-05:00
0,0,0,0,0,0,2018-11-29 22:03:33-05:00
0,0,0,0,0,0,2018-11-29 22:21:13-05:00
0,0,0,0,0,0,2018-11-29 22:21:40-05:00
0,0,0,0,0,0,2018-11-29 23:21:49-05:00
0,0,0,0,0,0,2018-11-29 23:22:47-05:00
0,0,0,0,0,0,2018-11-29 23:22:49-05:00
0,0,0,0,0,0,2018-11-29 23:27:12-05:00
0,0,0,0,0,0,2018-11-29 23:58:49-05:00
0,0,0,0,0,0,2018-11-30 00:00:03-05:00
0,0,0,0,0,0,2018-11-30 00:05:25-05:00
0,0,0,0,0,0,2018-11-30 00:05:58-05:00
0,0,0,0,0,0,2018-11-30 00:12:54-05:00
0,0,0,0,0,0,2018-11-30 00:31:43-05:00
0,0,0,0,0,0,2018-11-30 00:32:18-05:00
0,0,0,0,0,0,2018-11-30 19:09:23-05:00
0,0,0,0,0,0,2018-11-30 19:10:10-05:00
0,0,0,0,0,0,2018-11-30 20:39:06-05:00
0,0,0,0,0,0,2018-11-30 20:39:50-05:00
0,0,0,0,0,0,2018-11-30 21:12:59-05:00
0,0,0,0,0,0,2018-11-30 21:13:43-05:00
0,0,0,0,0,0,2018-11-30 21:39:04-05:00
0,0,0,0,0,0,2018-11-30 21:39:31-05:00
0,0,0,0,0,0,2018-11-30 21:42:02-05:00
0,0,0,0,0,0,2018-11-30 21:43:02-05:00
0,0,0,0,0,0,2018-12-02 16:52:21-05:00
0,0,0,0,0,0,2018-12-02 16:52:53-05:00
0,1,1,1,0,1,2018-12-02 17:43:29-05:00
0,0,0,0,0,0,2018-12-02 17:43:54-05:00
0,0,0,0,0,0,2018-12-02 18:16:04-05:00
0,0,0,0,0,0,2018-12-02 18:17:42-05:00
0,0,0,0,0,0,2018-12-02 18:40:15-05:00
0,0,0,0,0,0,2018-12-02 18:41:36-05:00
0,0,0,0,0,0,2018-12-02 18:43:28-05:00
0,0,0,0,0,0,2018-12-02 18:44:44-05:00
0,0,0,0,0,0,2018-12-02 18:47:02-05:00
0,0,0,0,0,0,2018-12-02 18:51:09-05:00
0,0,0,0,0,0,2018-12-02 18:59:21-05:00
0,0,0,0,0,0,2018-12-02 18:59:58-05:00
0,0,0,0,0,0,2018-12-02 19:17:26-05:00
0,0,0,0,0,0,2018-12-02 19:19:23-05:00
0,0,0,0,0,0,2018-12-02 19:41:50-05:00
0,0,0,0,0,0,2018-12-02 19:43:10-05:00
0,0,0,0,0,0,2018-12-02 19:43:18-05:00
0,0,0,0,0,0,2018-12-02 21:26:32-05:00
0,0,0,0,0,0,2018-12-02 21:26:57-05:00
0,0,0,0,0,0,2018-12-02 21:54:09-05:00
0,0,0,0,0,0,2018-12-02 22:08:25-05:00
0,0,0,0,0,0,2018-12-02 22:09:02-05:00
0,0,0,0,0,0,2018-12-02 22:37:09-05:00
0,0,0,0,0,0,2018-12-02 22:39:27-05:00
0,0,0,0,0,0,2018-12-02 22:40:19-05:00
0,0,0,0,0,0,2018-12-02 22:53:02-05:00
0,0,0,0,0,0,2018-12-02 22:53:43-05:00
0,0,0,0,0,0,2018-12-02 23:09:56-05:00
0,0,0,0,0,0,2018-12-02 23:11:00-05:00
0,0,0,0,0,0,2018-12-03 22:07:27-05:00
0,0,0,0,0,0,2018-12-03 22:10:30-05:00
0,0,0,0,0,0,2018-12-04 17:09:24-05:00
0,0,0,0,0,0,2018-12-04 19:14:06-05:00
0,0,0,0,0,0,2018-12-04 19:16:39-05:00
0,0,0,0,0,0,2018-12-04 19:17:07-05:00
0,0,0,0,0,0,2018-12-04 19:51:49-05:00
0,0,0,0,0,0,2018-12-04 19:52:18-05:00
0,0,0,0,0,0,2018-12-04 20:24:08-05:00
0,0,0,0,0,0,2018-12-04 20:24:37-05:00
0,0,0,0,0,0,2018-12-04 20:53:40-05:00
0,0,0,0,0,0,2018-12-04 20:54:04-05:00
0,0,0,0,0,0,2018-12-04 21:06:01-05:00
0,0,0,0,0,0,2018-12-04 21:07:05-05:00
0,0,0,0,0,0,2018-12-04 22:08:45-05:00
0,0,0,0,0,0,2018-12-04 22:10:18-05:00
0,0,0,0,0,0,2018-12-04 22:15:11-05:00
0,0,0,0,0,0,2018-12-04 22:33:04-05:00
0,0,0,0,0,0,2018-12-04 22:33:35-05:00
0,0,0,0,0,0,2018-12-04 22:47:25-05:00
0,0,0,0,0,0,2018-12-04 22:48:55-05:00
0,0,0,0,0,0,2018-12-04 22:49:41-05:00
0,0,0,0,0,0,2018-12-04 22:50:25-05:00
0,0,0,0,0,0,2018-12-04 23:00:34-05:00
0,0,0,0,0,0,2018-12-04 23:01:13-05:00
0,0,0,0,0,0,2018-12-04 23:17:37-05:00
0,0,0,0,0,0,2018-12-04 23:17:58-05:00
0,0,0,0,0,0,2018-12-05 01:01:53-05:00
0,0,0,0,0,0,2018-12-05 01:02:30-05:00
0,0,0,0,0,0,2018-12-05 01:10:44-05:00
0,0,0,0,0,0,2018-12-05 01:11:21-05:00
0,0,0,0,0,0,2018-12-05 20:58:05-05:00
0,0,0,0,0,0,2018-12-05 20:59:02-05:00
0,0,0,0,0,0,2018-12-05 21:40:26-05:00
0,0,0,0,0,0,2018-12-05 21:40:55-05:00
0,0,0,0,0,0,2018-12-05 22:12:03-05:00
0,0,0,0,0,0,2018-12-05 22:13:19-05:00
0,0,0,0,0,0,2018-12-05 22:14:11-05:00
0,0,0,0,0,0,2018-12-05 22:17:20-05:00
0,0,0,0,0,0,2018-12-05 22:20:48-05:00
0,0,0,0,0,0,2018-12-05 22:31:06-05:00
0,0,0,0,0,0,2018-12-05 22:31:55-05:00
0,0,0,0,0,0,2018-12-05 22:38:02-05:00
0,0,0,0,0,0,2018-12-05 22:38:40-05:00
0,0,0,0,0,0,2018-12-05 23:53:11-05:00
0,0,0,0,0,0,2018-12-05 23:53:56-05:00
0,0,0,0,0,0,2018-12-06 00:18:22-05:00
0,0,0,0,0,0,2018-12-06 15:11:31-05:00
0,0,0,0,0,0,2018-12-06 15:35:21-05:00
0,0,0,0,0,0,2018-12-06 16:09:20-05:00
0,0,0,0,0,0,2018-12-06 16:13:54-05:00
0,0,0,0,0,0,2018-12-06 16:49:35-05:00
0,0,0,0,0,0,2018-12-06 16:51:04-05:00
0,0,0,0,0,0,2018-12-06 17:03:40-05:00
0,0,0,0,0,0,2018-12-06 17:04:53-05:00
0,0,0,0,0,0,2018-12-06 17:12:02-05:00
0,0,0,0,0,0,2018-12-06 17:12:54-05:00
0,0,0,0,0,0,2018-12-06 17:16:43-05:00
0,0,0,0,0,0,2018-12-06 17:17:43-05:00
0,0,0,0,0,0,2018-12-06 17:32:18-05:00
0,0,0,0,0,0,2018-12-06 17:33:31-05:00
0,0,0,0,0,0,2018-12-06 17:42:49-05:00
0,0,0,0,0,0,2018-12-06 17:43:56-05:00
0,0,0,0,0,0,2018-12-06 17:48:57-05:00
0,0,0,0,0,0,2018-12-06 17:49:26-05:00
0,0,0,0,0,0,2018-12-08 20:40:47-05:00
0,0,0,0,0,0,2018-12-08 20:41:07-05:00
