Acquisition,Preparation,Modeling,Training,Evaluation,Prediction,time
0,0,0,0,0,0,2020-03-27 22:40:05+01:00
0,0,0,0,0,0,2020-03-27 22:49:30+01:00
0,0,0,0,0,0,2020-03-27 22:53:48+01:00
0,0,0,0,0,0,2020-03-27 23:04:52+01:00
0,0,0,0,0,0,2020-03-27 23:12:09+01:00
0,0,0,0,0,0,2020-03-27 23:41:48+01:00
0,0,0,0,0,0,2020-03-27 23:43:25+01:00
0,0,0,0,0,0,2020-03-28 00:11:25+01:00
0,0,0,0,0,0,2020-03-28 00:11:46+01:00
0,0,0,0,0,0,2020-03-28 01:22:34+01:00
0,0,0,0,0,0,2020-03-28 01:49:19+01:00
0,0,0,0,0,0,2020-03-28 01:55:09+01:00
0,0,0,0,0,0,2020-03-28 01:55:46+01:00
0,0,0,0,0,0,2020-03-28 02:07:24+01:00
0,1,0,0,0,0,2020-03-28 02:08:15+01:00
0,0,0,0,0,0,2020-03-28 02:09:56+01:00
0,1,0,0,0,0,2020-03-28 02:16:53+01:00
0,1,0,0,0,0,2020-03-28 02:35:22+01:00
0,0,0,0,0,0,2020-03-28 13:28:16+01:00
0,1,0,0,0,0,2020-03-28 13:44:39+01:00
0,0,0,0,0,0,2020-03-28 13:59:39+01:00
0,0,0,0,0,0,2020-03-28 14:02:09+01:00
0,0,0,0,0,0,2020-03-28 14:04:08+01:00
0,1,0,0,0,0,2020-03-28 14:34:43+01:00
0,0,0,0,0,0,2020-03-28 14:35:18+01:00
0,0,0,0,0,0,2020-03-28 15:33:00+01:00
0,0,0,0,0,0,2020-03-28 15:35:44+01:00
0,1,0,0,0,0,2020-03-28 16:00:09+01:00
0,1,0,0,0,0,2020-03-28 16:02:59+01:00
0,1,0,1,0,1,2020-03-28 16:28:52+01:00
0,0,0,0,0,0,2020-03-28 16:28:59+01:00
0,0,0,0,0,0,2020-03-28 17:44:46+01:00
0,0,0,0,0,0,2020-03-28 17:54:50+01:00
0,0,0,0,0,0,2020-03-28 18:28:49+01:00
0,0,0,0,0,0,2020-03-28 18:30:04+01:00
0,1,0,1,0,1,2020-03-28 19:16:52+01:00
0,1,0,0,0,0,2020-03-28 19:26:13+01:00
0,0,0,0,0,0,2020-03-28 23:16:17+01:00
0,0,0,0,0,0,2020-03-28 23:20:30+01:00
0,1,0,0,0,0,2020-03-28 23:43:10+01:00
0,2,0,0,0,1,2020-03-28 23:45:01+01:00
0,0,0,0,0,0,2020-03-28 23:48:13+01:00
0,0,0,0,0,0,2020-03-28 23:50:11+01:00
0,0,1,0,0,1,2020-03-29 01:39:25+01:00
0,0,0,0,0,0,2020-03-29 01:53:27+01:00
0,0,0,0,0,0,2020-03-29 03:04:41+02:00
0,3,1,0,0,1,2020-03-29 03:35:41+02:00
0,0,0,0,0,0,2020-03-29 04:04:41+02:00
0,0,0,0,0,0,2020-03-29 12:36:28+02:00
0,0,0,0,0,0,2020-03-29 12:42:48+02:00
0,0,0,0,0,0,2020-03-29 12:42:57+02:00
0,0,0,0,0,0,2020-03-29 12:46:31+02:00
0,0,0,0,0,0,2020-03-29 13:00:45+02:00
0,0,0,0,0,0,2020-03-29 14:05:43+02:00
0,0,0,0,0,0,2020-03-29 14:34:21+02:00
0,0,0,0,0,0,2020-03-29 15:34:35+02:00
0,0,0,0,0,0,2020-03-29 15:34:44+02:00
0,0,0,0,0,0,2020-03-29 15:37:05+02:00
0,0,0,0,0,0,2020-03-29 15:48:24+02:00
0,0,0,0,0,0,2020-03-29 15:49:53+02:00
0,0,0,0,0,0,2020-03-29 16:07:16+02:00
0,1,0,0,0,0,2020-03-29 16:17:56+02:00
0,1,2,0,0,1,2020-03-29 16:19:16+02:00
1,0,0,0,0,0,2020-03-29 16:53:15+02:00
0,0,0,0,0,0,2020-03-29 17:38:07+02:00
0,0,0,0,0,0,2020-03-29 17:44:41+02:00
0,0,0,0,0,0,2020-03-29 17:52:51+02:00
0,0,0,0,0,0,2020-03-29 17:55:31+02:00
0,1,0,0,0,0,2020-03-29 18:00:55+02:00
0,0,0,0,0,0,2020-03-29 18:06:59+02:00
1,0,0,0,0,0,2020-03-29 18:10:29+02:00
0,0,0,0,0,0,2020-03-29 18:12:42+02:00
1,0,1,0,0,1,2020-03-29 18:34:39+02:00
0,0,0,0,0,0,2020-03-29 18:41:54+02:00
1,0,0,0,0,0,2020-03-29 18:43:07+02:00
0,0,0,0,0,0,2020-03-29 18:44:23+02:00
0,0,0,0,0,0,2020-03-29 18:44:31+02:00
0,0,0,0,0,0,2020-03-29 18:48:08+02:00
0,0,0,0,0,0,2020-03-29 18:49:39+02:00
0,0,0,0,0,0,2020-03-29 18:56:52+02:00
0,0,0,0,0,0,2020-03-29 19:06:34+02:00
0,0,0,0,0,0,2020-03-29 19:10:31+02:00
1,0,0,0,0,0,2020-03-29 19:22:49+02:00
0,0,0,0,0,0,2020-03-29 19:29:10+02:00
0,0,0,0,0,0,2020-03-29 19:33:03+02:00
0,0,0,0,0,0,2020-03-29 19:46:38+02:00
0,1,0,0,0,0,2020-03-29 19:56:58+02:00
0,1,0,0,0,0,2020-03-29 20:18:53+02:00
0,0,0,0,0,0,2020-03-29 20:27:31+02:00
0,1,0,0,0,0,2020-03-29 20:36:57+02:00
0,1,0,0,0,0,2020-03-29 20:39:57+02:00
0,1,0,0,0,0,2020-03-29 20:51:57+02:00
0,0,0,0,0,0,2020-03-29 21:20:33+02:00
0,0,0,0,0,0,2020-03-29 21:21:00+02:00
0,0,0,0,0,0,2020-03-29 21:21:29+02:00
0,0,0,0,0,0,2020-03-29 21:28:20+02:00
0,0,0,0,0,0,2020-03-29 21:38:03+02:00
0,0,0,0,0,0,2020-03-29 21:42:13+02:00
0,0,0,0,0,0,2020-03-29 21:42:54+02:00
0,0,0,0,0,0,2020-03-29 21:45:24+02:00
0,0,0,0,0,0,2020-03-29 21:46:19+02:00
0,0,0,0,0,0,2020-03-29 21:47:56+02:00
0,0,0,0,0,0,2020-03-29 21:49:38+02:00
0,0,0,0,0,0,2020-03-29 21:49:46+02:00
0,0,0,0,0,0,2020-03-29 22:06:33+02:00
0,0,0,0,0,0,2020-03-29 22:06:52+02:00
0,1,0,0,0,0,2020-03-29 22:11:18+02:00
0,0,0,0,0,0,2020-03-29 22:23:24+02:00
0,0,0,0,0,0,2020-03-29 23:01:21+02:00
0,0,0,0,0,0,2020-03-29 23:18:47+02:00
1,0,0,0,0,0,2020-03-29 23:38:45+02:00
0,0,0,0,0,0,2020-03-29 23:55:48+02:00
0,0,0,0,0,0,2020-03-29 23:58:16+02:00
0,0,0,0,0,0,2020-03-29 23:58:25+02:00
0,0,0,0,0,0,2020-03-29 23:58:50+02:00
0,0,0,0,0,0,2020-03-29 23:59:34+02:00
0,0,0,0,0,0,2020-03-30 00:00:11+02:00
0,0,0,0,0,0,2020-03-30 00:27:40+02:00
0,0,0,0,0,0,2020-03-30 00:30:15+02:00
0,0,0,0,0,0,2020-03-30 00:32:14+02:00
0,1,0,0,0,0,2020-03-30 00:44:13+02:00
0,1,0,0,0,0,2020-03-30 00:50:05+02:00
0,0,0,0,0,0,2020-03-30 01:03:26+02:00
0,0,0,0,0,0,2020-03-30 01:07:47+02:00
0,0,0,0,0,0,2020-03-30 01:12:10+02:00
0,1,0,0,0,0,2020-03-30 01:16:46+02:00
0,1,0,0,0,0,2020-03-30 01:19:59+02:00
0,0,0,0,0,0,2020-03-30 01:33:03+02:00
0,0,0,0,0,0,2020-03-30 01:37:34+02:00
0,0,0,0,0,0,2020-03-30 01:37:50+02:00
0,0,0,0,0,0,2020-03-30 01:38:05+02:00
0,0,0,0,0,0,2020-03-30 01:43:13+02:00
0,0,0,0,0,0,2020-03-30 01:43:22+02:00
0,0,0,0,0,0,2020-03-30 02:04:51+02:00
0,0,0,0,0,0,2020-03-30 02:15:15+02:00
0,0,0,0,0,0,2020-03-30 02:21:17+02:00
0,0,0,0,0,0,2020-03-30 02:25:33+02:00
1,0,0,0,0,0,2020-03-30 02:31:43+02:00
0,0,0,0,0,0,2020-03-30 02:40:02+02:00
0,0,0,0,0,0,2020-03-30 02:51:52+02:00
0,0,0,0,0,0,2020-03-30 03:07:03+02:00
0,0,0,0,0,0,2020-03-30 03:07:56+02:00
0,1,1,0,0,1,2020-03-30 03:23:48+02:00
0,0,1,0,0,1,2020-03-30 03:29:08+02:00
0,0,0,0,0,0,2020-03-30 03:51:28+02:00
0,0,0,0,0,0,2020-03-30 04:00:49+02:00
0,0,0,0,0,0,2020-03-30 04:12:14+02:00
0,0,0,0,0,0,2020-03-30 04:29:25+02:00
0,0,0,0,0,0,2020-03-30 04:31:30+02:00
0,1,0,0,0,0,2020-03-30 04:33:22+02:00
0,0,0,0,0,0,2020-03-30 04:33:29+02:00
0,0,0,0,0,0,2020-03-30 04:35:40+02:00
0,0,0,0,0,0,2020-03-30 04:47:36+02:00
0,1,0,0,0,0,2020-03-30 04:48:04+02:00
0,0,0,0,0,0,2020-03-30 04:48:12+02:00
0,1,0,0,0,0,2020-03-30 05:05:26+02:00
0,0,0,0,0,0,2020-03-30 05:07:29+02:00
0,0,0,0,0,0,2020-03-30 05:17:38+02:00
0,0,0,0,0,0,2020-03-30 05:22:36+02:00
0,0,0,0,0,0,2020-03-30 05:24:38+02:00
0,0,1,0,0,1,2020-03-30 12:44:19+02:00
0,0,0,0,0,0,2020-03-30 12:49:26+02:00
0,0,0,0,0,0,2020-03-30 13:24:36+02:00
0,1,0,0,0,0,2020-03-30 13:30:57+02:00
0,0,0,0,0,0,2020-03-30 13:41:13+02:00
0,0,0,0,0,0,2020-03-30 13:42:51+02:00
0,0,0,0,0,0,2020-03-30 13:46:01+02:00
0,0,0,0,0,0,2020-03-30 13:47:37+02:00
0,0,0,0,0,0,2020-03-30 14:26:49+02:00
0,0,0,0,0,0,2020-03-30 14:26:57+02:00
0,0,0,0,0,0,2020-03-30 14:44:06+02:00
2,0,0,0,0,0,2020-03-30 14:56:07+02:00
0,0,0,0,0,0,2020-03-30 15:03:12+02:00
0,0,0,0,0,0,2020-03-30 15:05:26+02:00
0,0,1,0,0,1,2020-03-30 15:53:12+02:00
0,0,0,0,0,0,2020-03-30 15:53:22+02:00
0,0,0,0,0,0,2020-03-30 16:10:04+02:00
0,0,0,0,0,0,2020-03-30 16:21:14+02:00
0,0,0,0,0,0,2020-03-30 16:26:08+02:00
0,0,0,0,0,0,2020-03-30 16:28:29+02:00
0,0,1,0,0,1,2020-03-30 16:35:35+02:00
0,0,0,0,0,0,2020-03-30 16:35:26+02:00
0,0,0,0,0,0,2020-03-30 16:45:25+02:00
0,0,0,0,0,0,2020-03-30 16:56:03+02:00
0,0,0,0,0,0,2020-03-30 16:56:11+02:00
0,0,0,0,0,0,2020-03-30 16:59:50+02:00
0,0,1,0,0,1,2020-03-30 17:07:22+02:00
0,0,0,0,0,0,2020-03-30 17:07:29+02:00
0,0,1,0,0,1,2020-03-30 17:12:29+02:00
0,0,0,0,0,0,2020-03-30 17:23:04+02:00
0,0,0,0,0,0,2020-03-30 17:31:24+02:00
0,0,0,0,0,0,2020-03-30 17:31:48+02:00
0,0,0,0,0,0,2020-03-30 17:34:38+02:00
0,0,0,0,0,0,2020-03-30 17:41:25+02:00
0,0,0,0,0,0,2020-03-30 17:49:21+02:00
0,0,0,0,0,0,2020-03-30 18:00:28+02:00
0,0,0,0,0,0,2020-03-30 18:14:04+02:00
0,0,0,0,0,0,2020-03-30 18:30:38+02:00
0,1,0,0,0,0,2020-03-31 17:56:39+02:00
0,1,0,0,0,0,2020-03-31 18:24:09+02:00
0,0,0,0,0,0,2020-03-31 18:34:42+02:00
0,0,0,0,0,0,2020-03-31 18:44:27+02:00
0,0,0,0,0,0,2020-03-31 19:20:38+02:00
0,0,0,0,0,0,2020-03-31 20:29:56+02:00
0,0,0,0,0,0,2020-03-31 20:46:58+02:00
0,0,0,0,0,0,2020-03-31 20:56:54+02:00
0,0,0,0,0,0,2020-03-31 20:57:46+02:00
0,0,0,0,0,0,2020-03-31 21:08:45+02:00
0,0,0,0,0,0,2020-03-31 21:36:34+02:00
0,0,0,0,0,0,2020-03-31 22:53:45+02:00
0,0,0,0,0,0,2020-03-31 23:13:28+02:00
0,1,1,0,0,1,2020-03-31 23:31:59+02:00
0,0,0,0,0,0,2020-03-31 23:43:00+02:00
0,0,0,0,0,0,2020-03-31 23:48:05+02:00
0,0,0,0,0,0,2020-03-31 23:54:04+02:00
0,0,0,0,0,0,2020-04-01 00:07:32+02:00
0,0,0,0,0,0,2020-04-01 00:12:32+02:00
0,0,0,0,0,0,2020-04-01 00:50:17+02:00
0,0,0,0,0,0,2020-04-01 00:50:23+02:00
0,0,0,0,0,0,2020-04-01 00:54:52+02:00
0,0,0,0,0,0,2020-04-01 01:05:10+02:00
0,0,0,0,0,0,2020-04-01 01:14:39+02:00
0,0,0,0,0,0,2020-04-01 01:20:32+02:00
0,0,0,0,0,0,2020-04-01 16:30:58+02:00
0,0,0,0,0,0,2020-04-01 16:36:52+02:00
0,0,0,0,0,0,2020-04-01 16:37:37+02:00
0,0,0,0,0,0,2020-04-01 16:57:13+02:00
0,0,0,0,0,0,2020-04-01 17:02:42+02:00
0,1,0,0,0,0,2020-04-01 17:22:49+02:00
0,0,0,0,0,0,2020-04-01 17:48:06+02:00
0,1,0,0,0,0,2020-04-01 18:39:23+02:00
0,0,0,0,0,0,2020-04-01 18:57:51+02:00
0,4,2,0,0,1,2020-04-03 15:52:30+02:00
1,0,0,0,0,0,2020-04-03 15:59:29+02:00
0,0,0,0,0,0,2020-04-03 17:01:24+02:00
0,0,0,0,0,0,2020-04-03 17:09:57+02:00
0,1,1,0,0,1,2020-04-03 17:11:37+02:00
0,4,3,0,0,2,2020-04-03 18:36:44+02:00
0,3,1,0,0,1,2020-04-04 01:28:46+02:00
0,0,0,0,0,0,2020-04-04 04:44:15+02:00
0,2,1,0,0,1,2020-04-04 18:04:28+02:00
1,3,1,0,0,1,2020-04-04 19:34:16+02:00
0,1,1,0,0,1,2020-04-04 19:45:34+02:00
1,2,1,0,0,1,2020-04-04 19:52:10+02:00
0,1,0,0,0,0,2020-04-04 20:06:20+02:00
0,0,0,0,0,0,2020-04-04 20:15:23+02:00
0,1,0,0,0,0,2020-04-04 20:48:26+02:00
0,0,0,0,0,0,2020-04-04 22:39:34+02:00
0,0,0,0,0,0,2020-04-04 22:40:51+02:00
0,1,0,0,0,0,2020-04-04 23:32:09+02:00
0,2,1,0,0,1,2020-04-05 00:16:16+02:00
0,4,0,0,0,1,2020-04-05 01:17:36+02:00
0,2,0,0,0,1,2020-04-05 11:50:16+02:00
0,1,0,0,0,1,2020-04-05 14:49:30+02:00
0,2,0,0,0,1,2020-04-05 18:36:57+02:00
0,4,1,1,0,1,2020-04-05 18:50:17+02:00
0,1,0,0,0,0,2020-04-05 18:54:27+02:00
0,2,0,0,0,1,2020-04-05 19:34:16+02:00
0,0,0,0,0,0,2020-04-06 13:21:31+02:00
0,0,0,0,0,0,2020-04-06 13:23:53+02:00
0,2,1,0,0,1,2020-04-06 18:22:52+02:00
0,2,2,0,0,2,2020-04-06 21:29:21+02:00
0,0,0,0,0,0,2020-04-06 22:08:33+02:00
0,0,0,0,0,0,2020-04-06 22:17:39+02:00
0,0,0,0,0,0,2020-04-06 22:45:11+02:00
0,0,0,0,0,0,2020-04-06 23:07:09+02:00
0,1,0,0,0,0,2020-04-07 14:09:19+02:00
0,0,1,0,0,0,2020-04-07 14:26:45+02:00
1,1,1,1,0,0,2020-04-07 15:23:05+02:00
0,1,1,0,0,1,2020-04-07 18:52:10+02:00
0,0,0,0,0,0,2020-04-07 18:52:22+02:00
1,0,0,0,0,0,2020-04-08 01:11:14+02:00
0,2,0,0,0,0,2020-04-08 16:35:39+02:00
0,0,0,0,0,0,2020-04-08 16:37:48+02:00
0,1,0,0,0,0,2020-04-08 17:07:54+02:00
0,0,0,0,0,0,2020-04-08 23:23:35+02:00
0,8,0,0,0,3,2020-04-09 00:12:01+02:00
0,0,0,0,0,0,2020-04-09 15:17:52+02:00
2,0,0,0,0,0,2020-04-09 15:32:56+02:00
0,0,0,0,0,0,2020-04-09 15:33:58+02:00
0,0,0,0,0,0,2020-04-09 16:29:54+02:00
0,0,0,0,0,0,2020-04-09 19:44:49+02:00
0,1,0,0,0,0,2020-04-09 19:47:24+02:00
0,1,0,0,0,0,2020-04-09 19:48:40+02:00
0,0,0,0,0,0,2020-04-09 19:53:06+02:00
0,0,0,0,0,0,2020-04-09 19:57:02+02:00
0,0,0,0,0,0,2020-04-09 20:16:06+02:00
0,0,0,0,0,0,2020-04-09 20:27:09+02:00
0,1,0,0,0,0,2020-04-10 17:02:04+02:00
0,0,0,0,0,0,2020-04-10 17:53:18+02:00
0,0,0,0,0,0,2020-04-10 17:09:40+02:00
0,0,0,0,0,0,2020-04-10 17:24:24+02:00
0,0,0,0,0,0,2020-04-10 17:51:33+02:00
0,0,0,0,0,0,2020-04-10 17:55:34+02:00
1,0,0,0,0,0,2020-04-10 20:15:42+02:00
0,1,0,0,0,0,2020-04-10 22:28:12+02:00
0,0,0,0,0,0,2020-04-10 20:29:48+02:00
0,0,0,0,0,0,2020-04-10 21:15:12+02:00
0,0,0,0,0,0,2020-04-10 21:26:56+02:00
0,0,0,0,0,0,2020-04-11 15:11:41+02:00
0,0,0,0,0,0,2020-04-11 15:59:40+02:00
0,0,0,0,0,0,2020-04-11 16:03:52+02:00
0,0,0,0,0,0,2020-04-11 16:12:05+02:00
0,0,0,0,0,0,2020-04-11 16:39:26+02:00
0,0,0,0,0,0,2020-04-11 16:42:44+02:00
0,0,0,0,0,0,2020-04-13 16:13:18+02:00
0,0,0,0,0,0,2020-04-13 16:24:10+02:00
0,0,0,0,0,0,2020-04-13 16:38:13+02:00
0,0,0,0,0,0,2020-04-13 18:39:28+02:00
1,0,1,0,0,0,2020-04-13 20:56:32+02:00
1,0,0,0,0,0,2020-04-13 21:33:01+02:00
1,3,0,0,0,0,2020-04-14 12:18:10+02:00
0,0,0,0,0,0,2020-04-14 12:26:36+02:00
1,0,0,0,0,0,2020-04-14 12:52:58+02:00
0,1,0,0,0,0,2020-04-14 13:20:49+02:00
0,1,0,0,0,0,2020-04-14 14:02:45+02:00
1,0,0,0,0,0,2020-04-14 14:08:57+02:00
2,0,0,0,0,0,2020-04-14 14:12:33+02:00
1,0,0,0,0,0,2020-04-15 16:35:27+02:00
1,0,0,0,0,0,2020-04-15 19:02:29+02:00
1,0,0,0,0,0,2020-04-15 22:01:23+02:00
0,0,0,0,0,0,2020-04-15 22:14:39+02:00
0,0,0,0,0,0,2020-04-15 22:41:12+02:00
0,1,0,0,0,0,2020-04-15 23:03:49+02:00
1,0,0,0,0,0,2020-04-16 00:53:15+02:00
0,0,0,0,0,0,2020-04-16 22:02:00+02:00
0,0,0,0,0,0,2020-04-16 22:03:25+02:00
0,0,0,0,0,0,2020-04-16 22:39:59+02:00
0,0,0,0,0,0,2020-04-16 23:25:28+02:00
0,0,0,0,0,0,2020-04-16 23:48:50+02:00
0,0,0,0,0,0,2020-04-17 18:06:23+02:00
0,0,0,0,0,0,2020-04-17 21:29:00+02:00
0,0,0,0,0,0,2020-04-17 22:06:28+02:00
0,0,0,0,0,0,2020-04-17 22:17:26+02:00
0,2,0,0,0,0,2020-04-18 11:17:17+02:00
3,0,0,0,0,0,2020-04-18 11:56:05+02:00
0,1,0,0,0,0,2020-04-18 21:23:05+02:00
0,0,0,0,0,0,2020-04-18 21:32:06+02:00
0,0,0,0,0,0,2020-04-18 21:54:52+02:00
0,0,0,0,0,0,2020-04-18 22:36:55+02:00
0,0,0,0,0,0,2020-04-18 22:32:11+02:00
0,2,0,0,0,0,2020-04-19 01:34:25+02:00
0,0,0,0,0,0,2020-04-19 12:22:49+02:00
0,0,0,0,0,0,2020-04-19 13:16:53+02:00
0,0,0,0,0,0,2020-04-19 14:20:24+02:00
0,1,0,0,0,0,2020-04-19 23:05:40+02:00
0,2,0,0,0,0,2020-04-20 00:00:44+02:00
0,1,0,0,0,0,2020-04-20 00:02:28+02:00
0,1,0,0,0,0,2020-04-20 00:13:36+02:00
0,0,0,0,0,0,2020-04-19 14:30:04+02:00
0,1,0,0,0,0,2020-04-20 14:32:13+02:00
0,0,0,0,0,0,2020-04-20 15:17:00+02:00
0,0,0,0,0,0,2020-04-20 15:23:42+02:00
0,0,0,0,0,0,2020-04-20 15:30:50+02:00
0,0,0,0,0,0,2020-04-20 16:16:32+02:00
0,1,0,0,0,0,2020-04-20 16:37:25+02:00
0,1,0,0,0,0,2020-04-20 16:59:50+02:00
0,0,0,0,0,0,2020-04-21 10:42:55+02:00
1,0,0,0,0,0,2020-04-21 12:02:16+02:00
0,1,0,0,0,0,2020-04-22 20:37:57+02:00
0,0,0,0,0,0,2020-04-23 13:06:27+02:00
0,0,0,0,0,0,2020-04-23 22:18:29+02:00
0,0,0,0,0,0,2020-04-23 22:43:46+02:00
0,0,0,0,0,0,2020-04-24 10:52:12+02:00
0,1,0,0,0,0,2020-04-24 11:54:06+02:00
0,0,1,0,0,0,2020-04-24 12:09:49+02:00
0,3,0,0,0,0,2020-04-24 12:48:37+02:00
0,1,0,0,0,0,2020-04-24 12:58:23+02:00
0,1,0,0,0,0,2020-04-24 13:23:21+02:00
0,1,0,0,0,0,2020-04-24 19:08:22+02:00
0,1,0,0,0,0,2020-04-24 21:30:34+02:00
0,2,0,0,0,0,2020-04-24 21:49:48+02:00
0,3,0,0,0,1,2020-04-25 01:17:45+02:00
0,0,0,0,0,0,2020-04-25 23:09:04+02:00
0,2,0,0,0,0,2020-04-26 14:43:33+02:00
0,1,0,0,0,0,2020-04-26 14:44:52+02:00
0,2,0,0,0,0,2020-04-26 14:54:56+02:00
0,0,0,0,0,0,2020-04-26 17:16:27+02:00
0,0,0,0,0,0,2020-04-26 18:25:27+02:00
0,0,0,0,0,0,2020-04-26 18:20:44+02:00
0,0,0,0,0,0,2020-04-26 18:52:30+02:00
0,0,0,0,0,0,2020-04-26 20:22:53+02:00
0,0,0,0,0,0,2020-04-26 21:02:10+02:00
0,0,0,0,0,0,2020-04-26 23:16:25+02:00
0,0,0,0,0,0,2020-04-26 23:56:13+02:00
0,1,0,0,0,0,2020-04-30 13:48:25+02:00
0,2,0,0,0,0,2020-04-30 16:01:27+02:00
0,3,0,0,0,0,2020-04-30 17:01:39+02:00
0,0,0,0,0,0,2020-04-30 17:10:44+02:00
0,0,0,0,0,0,2020-04-30 18:28:05+02:00
0,1,0,0,0,0,2020-04-30 19:04:01+02:00
0,1,0,0,0,0,2020-04-30 20:19:50+02:00
0,1,0,0,0,0,2020-04-30 22:26:16+02:00
0,0,0,0,0,0,2020-04-30 22:29:19+02:00
0,0,0,0,0,0,2020-04-30 22:31:23+02:00
0,0,0,0,0,0,2020-04-30 22:35:12+02:00
0,0,0,0,0,0,2020-04-30 22:45:24+02:00
0,0,0,0,0,0,2020-04-30 23:09:48+02:00
0,0,0,0,0,0,2020-04-30 23:26:39+02:00
0,0,0,0,0,0,2020-04-30 23:37:27+02:00
0,0,0,0,0,0,2020-05-01 12:46:26+02:00
2,1,0,0,0,0,2020-05-02 18:22:16+02:00
0,0,0,0,0,0,2020-05-02 19:12:50+02:00
0,0,0,0,0,0,2020-05-06 17:22:02+02:00
0,3,1,0,0,1,2020-05-06 19:15:59+02:00
0,9,1,0,0,1,2020-05-07 13:53:33+02:00
0,5,0,0,0,0,2020-05-07 14:46:22+02:00
4,14,1,1,0,1,2020-05-07 20:58:52+02:00
0,1,0,0,0,0,2020-05-08 00:23:54+02:00
2,1,0,0,0,0,2020-05-08 11:36:44+02:00
0,1,0,0,0,0,2020-05-08 13:10:35+02:00
0,0,0,0,0,0,2020-05-08 13:40:52+02:00
0,0,0,0,0,0,2020-05-08 13:57:38+02:00
0,0,0,0,0,0,2020-05-08 14:18:32+02:00
0,4,0,0,0,0,2020-05-08 15:12:35+02:00
0,2,0,0,0,0,2020-05-08 16:48:39+02:00
0,0,0,0,0,0,2020-05-08 17:34:00+02:00
0,0,0,0,0,0,2020-05-08 17:58:27+02:00
0,1,0,0,0,0,2020-05-08 22:45:26+02:00
0,0,0,0,0,0,2020-05-09 00:11:28+02:00
0,1,0,0,0,0,2020-05-09 10:59:33+02:00
5,3,1,1,0,0,2020-05-09 22:38:59+02:00
1,0,0,0,0,0,2020-05-10 12:15:55+02:00
4,5,0,0,0,0,2020-05-10 22:10:35+02:00
0,2,0,0,0,0,2020-05-11 10:59:35+02:00
0,0,0,0,0,0,2020-05-11 12:08:09+02:00
0,0,0,0,0,0,2020-05-11 12:11:49+02:00
0,0,0,0,0,0,2020-05-11 12:14:22+02:00
0,0,0,0,0,0,2020-05-11 12:23:32+02:00
5,1,0,0,0,0,2020-05-11 12:56:32+02:00
0,0,0,0,0,0,2020-05-11 13:49:40+02:00
1,2,0,0,0,0,2020-05-11 13:50:18+02:00
0,0,0,0,0,0,2020-05-11 14:04:24+02:00
0,0,0,0,0,0,2020-05-11 14:37:15+02:00
0,0,0,0,0,0,2020-05-11 16:19:03+02:00
0,0,0,0,0,0,2020-05-11 17:30:23+02:00
0,0,0,0,0,0,2020-05-11 17:35:26+02:00
0,1,0,0,0,0,2020-05-11 18:12:25+02:00
0,1,0,0,0,0,2020-05-11 18:14:33+02:00
0,0,0,0,0,0,2020-05-11 18:19:49+02:00
1,4,0,0,0,0,2020-05-11 18:23:50+02:00
0,1,0,0,0,0,2020-05-11 18:50:04+02:00
0,0,0,0,0,0,2020-05-11 18:50:24+02:00
0,0,0,0,0,0,2020-05-11 19:57:11+02:00
0,0,0,0,0,0,2020-05-11 20:26:29+02:00
0,0,0,0,0,0,2020-05-11 20:51:37+02:00
0,0,0,0,0,0,2020-05-11 21:06:34+02:00
1,5,0,0,0,0,2020-05-12 10:39:21+02:00
0,0,0,0,0,0,2020-05-12 12:50:22+02:00
0,0,0,0,0,0,2020-05-12 13:12:12+02:00
0,0,0,0,0,0,2020-05-12 13:23:15+02:00
0,0,0,0,0,0,2020-05-12 13:45:53+02:00
0,3,0,0,0,0,2020-05-12 14:20:27+02:00
0,1,1,0,0,0,2020-05-12 17:18:38+02:00
0,1,0,0,0,0,2020-05-12 18:29:03+02:00
2,5,1,2,0,1,2020-05-12 20:24:27+02:00
0,0,0,0,0,0,2020-05-12 20:44:58+02:00
0,0,0,0,0,0,2020-05-13 16:09:55+02:00
0,0,0,0,0,0,2020-05-13 19:22:37+02:00
0,2,0,0,0,0,2020-05-13 19:37:59+02:00
2,8,0,0,0,0,2020-05-13 21:41:42+02:00
1,3,0,0,0,0,2020-05-14 00:36:16+02:00
0,1,0,0,0,0,2020-05-14 15:07:10+02:00
2,3,0,0,0,0,2020-05-14 17:59:38+02:00
0,2,0,0,0,0,2020-05-14 20:21:05+02:00
0,0,0,0,0,0,2020-05-14 20:51:47+02:00
4,4,0,0,0,0,2020-05-15 14:17:30+02:00
0,0,0,0,0,0,2020-05-15 14:18:23+02:00
1,0,0,0,0,0,2020-05-15 14:46:09+02:00
2,3,0,0,0,0,2020-05-15 18:49:38+02:00
0,0,0,0,0,0,2020-05-15 18:50:47+02:00
0,3,0,0,0,0,2020-05-15 18:55:17+02:00
0,0,0,0,0,0,2020-05-15 18:55:28+02:00
0,1,0,0,0,0,2020-05-15 19:29:26+02:00
1,4,0,0,0,0,2020-05-15 22:00:11+02:00
0,1,0,0,0,0,2020-05-16 15:42:06+02:00
0,0,0,0,0,0,2020-05-16 19:04:52+02:00
1,1,0,0,0,0,2020-05-16 20:24:09+02:00
0,0,0,0,0,0,2020-05-16 20:39:21+02:00
0,1,0,0,0,0,2020-05-17 16:05:09+02:00
1,1,0,0,0,0,2020-05-17 19:59:17+02:00
1,0,0,0,0,0,2020-05-17 23:07:03+02:00
0,0,0,0,0,0,2020-05-17 23:11:10+02:00
0,1,0,0,0,0,2020-05-18 13:35:37+02:00
1,0,0,0,0,0,2020-05-18 13:49:06+02:00
0,1,0,0,0,0,2020-05-18 13:50:03+02:00
0,0,0,0,0,0,2020-05-18 14:25:52+02:00
0,1,0,0,0,0,2020-05-18 14:35:46+02:00
1,2,0,0,0,0,2020-05-18 14:37:36+02:00
0,1,0,0,0,0,2020-05-18 16:58:34+02:00
1,0,0,0,0,0,2020-05-18 17:07:40+02:00
0,1,0,0,0,0,2020-05-18 17:09:22+02:00
1,1,0,0,0,0,2020-05-18 18:21:23+02:00
0,1,0,0,0,0,2020-05-18 19:02:05+02:00
2,0,0,0,0,0,2020-05-18 20:21:45+02:00
0,0,0,0,0,0,2020-05-19 12:05:49+02:00
0,1,0,0,0,0,2020-05-19 12:14:47+02:00
0,1,0,0,0,0,2020-05-19 13:15:09+02:00
0,0,0,0,0,0,2020-05-19 14:48:25+02:00
0,1,0,0,0,0,2020-05-19 16:05:56+02:00
1,3,0,0,0,0,2020-05-19 19:04:25+02:00
1,1,0,0,0,0,2020-05-19 19:46:35+02:00
0,3,0,0,0,0,2020-05-19 22:10:08+02:00
0,0,0,0,0,0,2020-05-19 22:11:48+02:00
0,0,0,0,0,0,2020-05-20 14:06:21+02:00
0,0,0,0,0,0,2020-05-20 14:17:02+02:00
0,0,0,0,0,0,2020-05-20 15:11:18+02:00
0,0,0,0,0,0,2020-05-20 15:12:43+02:00
3,7,0,0,0,0,2020-05-20 15:44:35+02:00
1,0,0,0,0,0,2020-05-20 15:53:19+02:00
2,3,0,0,0,0,2020-05-20 16:42:07+02:00
0,0,0,0,0,0,2020-05-20 17:37:45+02:00
1,1,0,0,0,0,2020-05-20 20:34:55+02:00
0,0,0,0,0,0,2020-05-20 20:42:05+02:00
0,0,1,0,0,0,2020-05-20 20:56:33+02:00
2,1,0,0,0,0,2020-05-20 20:59:33+02:00
1,1,0,0,0,0,2020-05-20 22:25:23+02:00
0,0,0,0,0,0,2020-05-20 23:57:09+02:00
0,0,0,0,0,0,2020-05-21 00:00:42+02:00
0,0,0,0,0,0,2020-05-21 00:04:59+02:00
0,0,0,0,0,0,2020-05-21 00:13:30+02:00
0,0,0,0,0,0,2020-05-21 12:06:50+02:00
1,1,0,0,0,0,2020-05-21 12:11:30+02:00
0,0,0,0,0,0,2020-05-21 12:21:18+02:00
0,0,0,0,0,0,2020-05-21 14:07:25+02:00
0,0,0,0,0,0,2020-05-21 14:13:59+02:00
0,1,0,0,0,0,2020-05-21 14:31:02+02:00
4,1,0,0,0,0,2020-05-22 19:09:38+02:00
1,1,0,0,0,0,2020-05-23 14:17:49+02:00
1,2,0,0,0,0,2020-05-23 17:18:03+02:00
0,0,0,0,0,0,2020-05-23 17:19:10+02:00
0,1,0,0,0,0,2020-05-24 12:44:56+02:00
0,1,0,0,0,0,2020-05-24 15:18:45+02:00
0,0,0,0,0,0,2020-05-24 15:54:39+02:00
1,2,0,0,0,0,2020-05-24 19:21:55+02:00
1,2,0,0,0,0,2020-05-25 14:00:49+02:00
0,5,0,0,0,0,2020-05-25 14:46:08+02:00
1,3,0,0,0,0,2020-05-25 15:29:31+02:00
0,0,0,0,0,0,2020-05-25 15:32:52+02:00
0,0,0,0,0,0,2020-05-25 15:40:40+02:00
0,1,0,0,0,0,2020-05-25 19:01:35+02:00
0,0,0,0,0,0,2020-05-25 19:02:24+02:00
0,0,0,0,0,0,2020-05-25 19:34:33+02:00
0,0,0,0,0,0,2020-05-25 19:55:07+02:00
0,0,0,0,0,0,2020-05-25 20:39:32+02:00
0,0,0,0,0,0,2020-05-25 20:58:57+02:00
1,2,0,0,0,0,2020-05-25 21:42:35+02:00
0,2,0,0,0,0,2020-05-25 22:30:12+02:00
0,0,0,0,0,0,2020-05-26 11:05:13+02:00
0,0,0,0,0,0,2020-05-27 13:57:47+02:00
2,3,1,0,0,0,2020-05-27 15:38:20+02:00
0,7,1,0,0,0,2020-05-27 15:40:05+02:00
0,0,0,0,0,0,2020-05-27 15:53:36+02:00
1,1,1,0,0,0,2020-05-27 16:04:26+02:00
0,0,0,0,0,0,2020-05-27 16:13:15+02:00
0,0,0,0,0,0,2020-05-27 16:23:32+02:00
0,0,1,0,0,0,2020-05-27 20:16:52+02:00
1,0,0,0,0,0,2020-05-27 21:16:40+02:00
0,0,0,0,0,0,2020-05-27 21:42:20+02:00
0,0,0,0,0,0,2020-05-27 21:43:12+02:00
0,0,0,0,0,0,2020-05-27 21:52:07+02:00
0,1,0,0,0,0,2020-05-27 21:53:04+02:00
0,0,0,0,0,0,2020-05-27 23:08:17+02:00
0,0,0,0,0,0,2020-05-27 23:19:29+02:00
0,0,0,0,0,0,2020-05-27 23:34:08+02:00
0,0,0,0,0,0,2020-05-28 10:57:58+02:00
0,4,0,0,0,0,2020-05-28 11:06:52+02:00
0,0,0,0,0,0,2020-05-28 11:28:20+02:00
2,3,0,0,0,0,2020-05-28 15:37:02+02:00
0,0,0,0,0,0,2020-05-28 15:58:21+02:00
1,0,0,0,0,0,2020-05-28 16:06:46+02:00
0,0,0,0,0,0,2020-05-28 16:53:43+02:00
0,1,0,0,0,0,2020-05-29 01:01:15+02:00
0,1,0,0,0,0,2020-05-29 12:27:29+02:00
0,0,0,0,0,0,2020-05-29 12:59:05+02:00
0,0,0,0,0,0,2020-05-29 12:59:46+02:00
0,0,0,0,0,0,2020-05-29 13:18:11+02:00
0,0,0,0,0,0,2020-05-29 13:30:35+02:00
0,0,0,0,0,0,2020-05-29 13:35:47+02:00
0,0,0,0,0,0,2020-05-29 14:17:36+02:00
0,0,0,0,0,0,2020-05-29 14:18:12+02:00
0,0,0,0,0,0,2020-05-29 14:22:19+02:00
0,0,0,0,0,0,2020-05-29 16:34:01+02:00
1,0,0,0,0,0,2020-05-29 16:57:12+02:00
0,0,0,0,0,0,2020-05-29 17:08:08+02:00
0,0,0,0,0,0,2020-05-29 17:10:32+02:00
1,0,0,0,0,0,2020-05-29 17:18:52+02:00
0,0,0,0,0,0,2020-05-29 17:44:37+02:00
0,0,0,0,0,0,2020-05-29 17:52:45+02:00
0,0,0,0,0,0,2020-05-29 18:56:01+02:00
0,0,0,0,0,0,2020-05-29 22:22:29+02:00
0,0,0,0,0,0,2020-05-29 22:31:02+02:00
0,0,0,0,0,0,2020-05-30 11:17:19+02:00
1,0,0,0,0,0,2020-05-30 11:43:53+02:00
0,0,0,0,0,0,2020-05-30 12:14:27+02:00
0,1,0,0,0,0,2020-05-30 14:37:37+02:00
0,4,0,0,0,0,2020-06-02 16:40:55+02:00
0,1,0,0,0,0,2020-06-02 16:51:39+02:00
0,0,0,0,0,0,2020-06-03 10:57:47+02:00
0,0,0,0,0,0,2020-06-03 11:00:34+02:00
0,0,0,0,0,0,2020-06-03 14:08:44+02:00
0,0,0,0,0,0,2020-06-03 14:10:13+02:00
0,0,0,0,0,0,2020-06-03 14:10:42+02:00
1,1,0,0,0,0,2020-06-03 16:53:07+02:00
0,3,0,0,0,0,2020-06-03 21:25:08+02:00
0,0,0,0,0,0,2020-06-04 10:13:00+02:00
0,0,0,0,0,0,2020-06-04 10:25:25+02:00
1,1,0,0,0,0,2020-06-04 10:26:47+02:00
2,2,0,0,0,0,2020-06-04 16:01:25+02:00
0,0,1,0,2,0,2020-06-04 16:03:05+02:00
0,1,0,0,0,0,2020-06-04 16:53:47+02:00
0,0,0,0,0,0,2020-06-04 16:59:41+02:00
0,0,0,0,0,0,2020-06-04 17:26:34+02:00
1,0,1,0,0,0,2020-06-04 19:32:28+02:00
3,3,0,0,0,0,2020-06-04 23:14:02+02:00
0,1,0,0,0,0,2020-06-05 13:03:40+02:00
0,0,0,0,1,0,2020-06-05 13:16:32+02:00
0,1,0,0,0,0,2020-06-05 15:25:57+02:00
1,0,0,0,0,0,2020-06-05 16:55:36+02:00
0,0,0,0,0,0,2020-06-05 18:16:57+02:00
0,3,0,0,0,0,2020-06-05 22:13:26+02:00
0,0,0,0,0,0,2020-06-05 22:16:10+02:00
0,0,0,0,0,0,2020-06-06 13:01:51+02:00
0,1,0,0,0,0,2020-06-06 13:45:07+02:00
0,2,0,0,0,0,2020-06-06 14:19:16+02:00
0,1,0,0,0,0,2020-06-06 14:19:34+02:00
0,0,0,0,0,0,2020-06-06 15:41:46+02:00
0,3,0,0,0,0,2020-06-06 16:11:59+02:00
0,4,0,0,0,0,2020-06-06 18:10:53+02:00
0,1,0,0,0,0,2020-06-06 18:48:18+02:00
0,0,0,0,0,0,2020-06-06 19:29:19+02:00
0,0,0,0,0,0,2020-06-06 19:48:59+02:00
1,0,1,0,0,0,2020-06-07 00:27:14+02:00
0,0,0,0,0,0,2020-06-07 01:09:44+02:00
0,0,0,0,0,0,2020-06-07 01:14:20+02:00
2,1,0,0,0,0,2020-06-07 12:24:16+02:00
0,1,0,0,0,0,2020-06-07 14:45:12+02:00
0,0,0,0,0,0,2020-06-07 15:31:17+02:00
0,0,0,0,0,0,2020-06-07 15:34:20+02:00
0,1,0,0,0,0,2020-06-07 15:35:41+02:00
0,2,0,0,0,0,2020-06-07 17:32:56+02:00
0,1,0,0,0,0,2020-06-07 17:47:39+02:00
0,0,0,0,0,0,2020-06-07 18:06:42+02:00
0,0,0,0,0,0,2020-06-07 18:07:00+02:00
0,0,0,0,0,0,2020-06-08 08:12:43+02:00
1,1,0,0,0,0,2020-06-08 11:48:20+02:00
0,1,0,0,0,0,2020-06-08 14:11:20+02:00
0,1,0,0,0,0,2020-06-08 17:56:36+02:00
0,0,0,0,0,0,2020-06-09 12:17:37+02:00
1,0,0,0,0,0,2020-06-09 14:39:32+02:00
0,2,0,0,0,0,2020-06-09 18:01:55+02:00
0,0,0,0,0,0,2020-06-09 18:13:49+02:00
0,0,0,0,0,0,2020-06-09 18:14:22+02:00
1,1,0,0,0,0,2020-06-09 18:15:17+02:00
0,2,0,0,0,0,2020-06-09 21:00:36+02:00
0,0,0,0,0,0,2020-06-09 21:04:27+02:00
1,0,0,0,0,0,2020-06-09 21:08:29+02:00
1,0,0,0,0,0,2020-06-09 21:12:18+02:00
0,0,0,0,0,0,2020-06-09 21:20:25+02:00
0,2,0,0,0,0,2020-06-10 13:15:24+02:00
0,0,0,0,0,0,2020-06-10 13:15:55+02:00
0,3,0,0,0,0,2020-06-10 14:07:14+02:00
0,0,0,0,0,0,2020-06-10 15:26:50+02:00
1,2,0,0,0,0,2020-06-10 22:23:31+02:00
0,1,0,0,0,0,2020-06-11 09:35:21+02:00
0,2,0,0,0,0,2020-06-11 11:20:50+02:00
0,0,0,0,0,0,2020-06-11 11:25:15+02:00
0,0,0,0,0,0,2020-06-11 11:45:47+02:00
0,0,0,0,0,0,2020-06-11 15:40:04+02:00
0,0,0,0,0,0,2020-06-11 15:55:28+02:00
0,2,0,0,0,0,2020-06-11 20:54:46+02:00
1,11,0,0,1,2,2020-06-12 13:18:07+02:00
0,0,0,0,0,0,2020-06-12 14:28:39+02:00
0,4,0,0,0,0,2020-06-12 17:44:56+02:00
0,1,0,0,0,0,2020-06-12 18:00:03+02:00
2,1,0,0,0,0,2020-06-12 12:21:29+02:00
1,1,0,0,0,0,2020-06-13 18:37:12+02:00
0,1,0,0,0,0,2020-06-13 19:26:25+02:00
1,2,0,0,0,0,2020-06-13 21:32:39+02:00
0,0,0,0,0,0,2020-06-14 19:07:11+02:00
1,2,0,0,0,0,2020-06-14 20:15:08+02:00
0,0,0,0,0,0,2020-06-15 14:22:56+02:00
0,2,0,0,0,0,2020-06-15 15:30:43+02:00
0,1,0,0,0,0,2020-06-15 16:06:17+02:00
1,0,0,0,0,0,2020-06-15 21:22:49+02:00
0,2,0,0,0,0,2020-06-15 21:23:41+02:00
0,3,0,0,0,0,2020-06-16 14:52:59+02:00
2,1,0,0,0,0,2020-06-16 17:36:01+02:00
0,0,0,0,0,0,2020-06-16 17:36:54+02:00
0,1,0,0,0,0,2020-06-16 18:23:48+02:00
1,5,0,0,0,0,2020-06-16 18:32:54+02:00
0,1,0,0,0,0,2020-06-16 18:57:22+02:00
0,2,0,0,0,0,2020-06-16 19:51:31+02:00
0,2,0,0,0,0,2020-06-16 20:06:51+02:00
0,3,0,0,0,0,2020-06-17 10:11:46+02:00
2,1,0,0,0,0,2020-06-17 10:21:42+02:00
0,0,0,0,0,0,2020-06-17 10:23:05+02:00
0,0,0,0,0,0,2020-06-17 10:25:33+02:00
0,0,0,0,0,0,2020-06-17 12:07:49+02:00
0,0,0,0,0,0,2020-06-17 12:08:17+02:00
0,2,0,0,0,0,2020-06-17 18:02:06+02:00
1,8,0,0,1,0,2020-06-17 18:43:01+02:00
0,0,0,0,0,0,2020-06-17 18:49:42+02:00
2,2,0,0,0,0,2020-06-18 16:11:05+02:00
0,0,0,0,0,0,2020-06-18 16:14:01+02:00
0,1,0,0,0,0,2020-06-18 18:05:15+02:00
0,0,0,0,0,0,2020-06-18 18:40:35+02:00
0,6,1,0,2,0,2020-06-18 19:01:16+02:00
0,0,0,0,0,0,2020-06-18 19:12:17+02:00
0,0,0,0,0,0,2020-06-18 19:36:41+02:00
0,0,0,0,0,0,2020-06-18 19:44:42+02:00
0,2,1,0,1,0,2020-06-18 19:53:53+02:00
0,0,0,0,0,0,2020-06-18 20:00:20+02:00
0,0,0,0,0,0,2020-06-18 20:14:57+02:00
0,1,0,0,0,0,2020-06-18 20:55:33+02:00
0,0,0,0,0,0,2020-06-18 21:13:47+02:00
0,0,0,0,0,0,2020-06-18 21:19:09+02:00
0,0,0,0,0,0,2020-06-19 10:22:53+02:00
0,0,0,0,0,0,2020-06-19 11:12:37+02:00
0,0,0,0,0,0,2020-06-19 12:11:02+02:00
0,1,0,0,0,0,2020-06-19 13:11:16+02:00
0,0,0,0,0,0,2020-06-19 13:14:27+02:00
0,1,0,0,0,0,2020-06-19 16:56:43+02:00
0,0,0,0,0,0,2020-06-19 17:29:37+02:00
0,0,0,0,0,0,2020-06-20 16:41:45+02:00
1,1,1,1,0,0,2020-06-22 21:42:05+02:00
0,6,0,0,0,0,2020-06-23 13:41:12+02:00
0,5,0,0,0,0,2020-06-23 18:23:33+02:00
0,0,0,0,0,0,2020-06-24 13:01:05+02:00
1,1,0,0,0,0,2020-06-24 16:09:24+02:00
1,0,1,1,0,0,2020-06-25 00:26:25+02:00
0,0,0,0,0,0,2020-06-25 11:58:41+02:00
1,3,1,1,1,1,2020-06-25 15:28:29+02:00
1,1,0,0,0,0,2020-06-25 15:57:15+02:00
0,0,0,0,0,0,2020-06-25 18:13:48+02:00
0,3,0,0,0,0,2020-06-25 18:59:58+02:00
1,1,0,0,0,0,2020-06-25 19:02:29+02:00
0,0,1,0,0,0,2020-06-26 12:53:53+02:00
2,1,0,0,0,0,2020-06-26 15:49:17+02:00
0,4,0,0,0,0,2020-06-29 12:56:36+02:00
2,5,0,0,0,0,2020-06-29 14:23:57+02:00
1,0,0,0,0,0,2020-06-29 18:46:29+02:00
0,2,0,0,0,0,2020-06-29 18:49:49+02:00
1,14,1,1,0,1,2020-06-29 19:23:11+02:00
0,2,0,0,0,0,2020-06-29 20:01:41+02:00
2,1,0,0,0,0,2020-06-30 11:29:37+02:00
0,0,0,0,0,0,2020-06-30 11:42:44+02:00
0,0,0,0,0,0,2020-06-30 13:53:27+02:00
0,0,0,0,0,0,2020-06-30 14:23:12+02:00
0,1,0,0,0,0,2020-07-01 11:43:32+02:00
0,0,0,0,0,0,2020-07-01 14:30:47+02:00
0,3,0,0,0,0,2020-07-01 19:57:41+02:00
0,0,0,0,0,0,2020-07-02 11:13:43+02:00
0,1,0,0,0,0,2020-07-02 11:40:53+02:00
0,3,0,2,0,1,2020-07-02 11:50:05+02:00
0,0,0,0,0,0,2020-07-02 11:51:34+02:00
0,0,0,0,0,0,2020-07-02 11:59:13+02:00
0,7,0,0,0,0,2020-07-02 21:24:06+02:00
0,1,0,0,0,0,2020-07-03 09:56:46+02:00
0,1,0,0,0,0,2020-07-03 10:08:11+02:00
0,0,0,0,0,0,2020-07-03 12:04:51+02:00
0,0,0,0,0,0,2020-07-03 12:34:37+02:00
0,2,0,0,0,0,2020-07-03 12:51:39+02:00
0,0,0,0,0,0,2020-07-03 13:52:49+02:00
0,7,0,0,0,0,2020-07-03 23:43:49+02:00
0,1,0,0,0,0,2020-07-04 01:43:17+02:00
0,0,0,0,0,0,2020-07-04 11:47:40+02:00
1,3,0,0,0,0,2020-07-04 15:11:44+02:00
0,1,0,0,0,0,2020-07-04 17:07:32+02:00
0,3,0,0,0,0,2020-07-04 22:25:06+02:00
0,0,0,0,0,0,2020-07-04 22:38:03+02:00
2,2,0,0,0,0,2020-07-05 13:45:47+02:00
1,0,0,0,0,0,2020-07-05 14:46:23+02:00
0,1,0,0,0,0,2020-07-05 14:52:31+02:00
1,0,0,0,0,0,2020-07-05 15:06:23+02:00
0,0,0,0,0,0,2020-07-05 15:15:32+02:00
0,0,0,0,0,0,2020-07-05 15:17:30+02:00
0,0,0,0,0,0,2020-07-05 20:37:21+02:00
0,0,0,0,0,0,2020-07-05 20:40:50+02:00
0,0,0,0,0,0,2020-07-05 20:45:11+02:00
0,1,0,0,0,0,2020-07-05 21:05:29+02:00
0,0,0,0,0,0,2020-07-05 21:23:48+02:00
0,5,0,0,0,0,2020-07-06 12:15:53+02:00
0,0,0,0,0,0,2020-07-06 12:28:46+02:00
0,5,0,0,0,0,2020-07-06 15:31:05+02:00
0,1,0,0,0,0,2020-07-06 16:35:13+02:00
0,0,0,0,0,0,2020-07-06 16:37:20+02:00
0,0,0,0,0,0,2020-07-06 16:40:53+02:00
0,0,0,0,0,0,2020-07-06 16:41:09+02:00
0,0,0,0,0,0,2020-07-06 16:44:56+02:00
0,0,0,0,0,0,2020-07-06 16:45:21+02:00
0,2,0,0,0,0,2020-07-06 17:04:27+02:00
0,1,0,1,0,0,2020-07-07 12:55:41+02:00
1,0,0,0,0,0,2020-07-07 13:20:08+02:00
0,0,0,0,0,0,2020-07-07 14:48:35+02:00
0,3,0,0,0,0,2020-07-07 16:41:44+02:00
0,4,0,0,0,0,2020-07-07 19:52:19+02:00
1,3,0,0,0,0,2020-07-08 08:54:48+02:00
0,1,0,0,0,0,2020-07-08 08:59:20+02:00
0,0,0,0,0,0,2020-07-08 09:20:21+02:00
0,4,0,0,0,0,2020-07-08 12:12:17+02:00
0,1,0,0,0,0,2020-07-08 12:20:45+02:00
0,2,0,0,0,0,2020-07-08 13:19:08+02:00
0,3,0,0,0,0,2020-07-09 10:45:48+02:00
0,4,0,0,0,0,2020-07-09 11:13:55+02:00
0,0,0,2,0,0,2020-07-09 12:37:03+02:00
0,0,0,0,0,0,2020-07-09 15:03:00+02:00
0,0,0,0,0,0,2020-07-09 15:05:54+02:00
0,3,0,0,0,0,2020-07-09 16:01:20+02:00
0,1,0,0,0,0,2020-07-09 16:03:57+02:00
0,2,0,0,0,0,2020-07-09 17:07:41+02:00
0,0,0,0,0,0,2020-07-09 19:11:05+02:00
0,0,0,0,0,0,2020-07-09 19:16:34+02:00
1,1,0,0,0,0,2020-07-09 22:33:32+02:00
1,4,1,2,0,0,2020-07-09 22:37:33+02:00
0,0,0,0,0,0,2020-07-09 23:41:37+02:00
0,0,0,0,0,0,2020-07-09 23:42:56+02:00
0,6,0,0,0,0,2020-07-09 23:56:02+02:00
0,0,0,0,0,0,2020-07-10 01:13:30+02:00
0,0,0,2,0,0,2020-07-10 01:15:54+02:00
0,3,0,0,0,0,2020-07-10 12:29:20+02:00
0,0,0,0,0,0,2020-07-10 18:23:37+02:00
0,0,0,0,0,0,2020-07-10 18:26:49+02:00
0,0,0,0,0,0,2020-07-10 18:32:30+02:00
0,0,0,0,0,0,2020-07-10 22:43:05+02:00
0,0,0,0,0,0,2020-07-10 23:01:19+02:00
0,0,0,0,0,0,2020-07-11 01:13:27+02:00
0,0,0,0,0,0,2020-07-11 15:17:07+02:00
0,0,0,0,0,0,2020-07-11 15:50:46+02:00
0,0,0,0,0,0,2020-07-11 16:01:53+02:00
0,0,0,0,0,0,2020-07-11 17:18:36+02:00
1,1,1,0,0,0,2020-07-11 17:48:54+02:00
1,1,1,1,0,0,2020-07-11 17:54:33+02:00
1,1,1,1,0,0,2020-07-11 18:46:01+02:00
0,1,0,0,0,0,2020-07-12 12:58:04+02:00
0,1,0,0,0,0,2020-07-12 17:42:43+02:00
0,0,0,0,0,0,2020-07-12 18:11:07+02:00
0,0,0,0,0,0,2020-07-12 18:33:56+02:00
2,2,0,0,0,0,2020-07-13 11:18:09+02:00
0,0,0,0,0,0,2020-07-13 13:12:31+02:00
1,1,0,0,0,0,2020-07-13 13:55:42+02:00
0,0,0,0,0,0,2020-07-13 16:25:25+02:00
2,5,3,3,1,0,2020-07-13 21:21:15+02:00
0,0,0,0,0,0,2020-07-13 21:46:44+02:00
0,1,0,0,0,0,2020-07-13 22:10:08+02:00
0,0,0,0,0,0,2020-07-13 22:11:35+02:00
0,0,0,0,0,0,2020-07-13 22:13:29+02:00
1,3,2,0,1,0,2020-07-14 00:43:59+02:00
0,0,0,0,0,0,2020-07-14 01:58:35+02:00
0,1,0,0,0,0,2020-07-14 11:35:30+02:00
0,1,0,0,0,0,2020-07-14 14:43:38+02:00
0,0,0,0,0,0,2020-07-14 12:33:53+02:00
1,3,0,0,0,0,2020-07-14 19:50:09+02:00
1,2,1,1,0,0,2020-07-14 23:25:00+02:00
0,1,0,0,0,0,2020-07-15 13:10:44+02:00
0,0,0,0,0,0,2020-07-15 14:38:13+02:00
0,0,0,0,0,0,2020-07-15 18:41:58+02:00
0,0,0,0,0,0,2020-07-15 23:19:06+02:00
0,0,0,0,0,0,2020-07-15 23:22:50+02:00
0,0,0,0,0,0,2020-07-15 23:50:09+02:00
0,0,0,0,0,0,2020-07-15 23:50:47+02:00
0,0,0,0,0,0,2020-07-16 00:21:12+02:00
0,0,0,0,0,0,2020-07-16 13:18:13+02:00
1,3,0,0,0,0,2020-07-16 13:33:00+02:00
0,0,0,0,0,0,2020-07-16 13:42:47+02:00
2,4,0,0,0,0,2020-07-16 13:48:45+02:00
0,1,0,0,0,0,2020-07-16 14:27:15+02:00
0,3,0,0,0,0,2020-07-16 14:29:15+02:00
1,1,0,0,0,0,2020-07-16 14:36:23+02:00
0,0,0,0,0,0,2020-07-16 15:35:26+02:00
0,0,0,0,0,0,2020-07-16 15:38:54+02:00
0,0,0,0,0,0,2020-07-16 16:00:53+02:00
0,1,0,0,0,0,2020-07-16 16:26:50+02:00
0,1,0,0,0,0,2020-07-16 18:15:28+02:00
0,0,0,0,0,0,2020-07-16 18:35:43+02:00
0,1,0,0,0,0,2020-07-17 10:42:27+02:00
1,1,0,0,0,0,2020-07-18 12:34:07+02:00
0,0,0,0,0,0,2020-07-18 15:22:35+02:00
0,1,0,0,0,0,2020-07-18 15:54:09+02:00
0,1,0,0,0,0,2020-07-18 15:54:37+02:00
0,1,0,0,0,0,2020-07-18 16:51:57+02:00
0,0,0,0,0,0,2020-07-18 16:58:52+02:00
0,0,0,0,0,0,2020-07-18 17:00:03+02:00
0,0,0,0,0,0,2020-07-18 17:02:55+02:00
0,0,0,0,0,0,2020-07-18 17:31:18+02:00
0,0,0,0,1,0,2020-07-19 13:52:36+02:00
0,0,0,0,0,0,2020-07-20 11:14:52+02:00
0,1,0,0,0,0,2020-07-20 11:22:29+02:00
0,0,0,0,0,0,2020-07-20 12:04:10+02:00
0,2,0,0,0,0,2020-07-20 12:37:15+02:00
0,2,0,0,0,0,2020-07-20 12:43:14+02:00
2,1,0,0,0,0,2020-07-20 12:45:07+02:00
0,0,0,0,0,0,2020-07-20 12:51:57+02:00
0,5,0,0,0,0,2020-07-20 14:43:58+02:00
0,1,0,0,0,0,2020-07-20 14:50:51+02:00
0,2,0,0,0,0,2020-07-21 11:16:24+02:00
0,0,0,0,0,0,2020-07-21 12:40:56+02:00
1,1,0,2,0,0,2020-07-21 12:48:01+02:00
0,0,0,0,0,0,2020-07-21 14:17:46+02:00
0,1,0,0,0,0,2020-07-21 14:43:57+02:00
0,3,1,0,0,0,2020-07-21 16:47:05+02:00
2,1,0,0,0,0,2020-07-21 18:03:55+02:00
1,0,0,0,0,0,2020-07-21 18:24:25+02:00
2,1,0,0,0,0,2020-07-22 11:43:39+02:00
0,4,0,0,0,0,2020-07-22 12:30:56+02:00
2,2,0,0,0,0,2020-07-22 12:51:07+02:00
0,1,0,0,0,0,2020-07-22 15:51:15+02:00
0,1,0,0,0,0,2020-07-22 16:24:07+02:00
0,0,0,0,0,0,2020-07-23 14:56:11+02:00
0,0,0,0,0,0,2020-07-23 15:15:24+02:00
0,1,0,0,0,0,2020-07-23 16:33:49+02:00
0,0,0,0,0,0,2020-07-23 17:02:35+02:00
1,3,0,0,0,0,2020-07-24 17:18:24+02:00
0,1,0,0,0,0,2020-07-25 11:59:53+02:00
1,0,0,0,0,0,2020-07-25 12:02:35+02:00
1,0,0,0,0,0,2020-07-25 12:10:22+02:00
0,0,0,0,0,0,2020-07-25 14:10:04+02:00
0,0,0,0,0,0,2020-07-25 14:10:25+02:00
0,0,0,0,0,0,2020-07-25 17:27:39+02:00
0,0,0,0,0,0,2020-07-26 19:52:20+02:00
0,0,0,0,0,0,2020-07-27 12:51:05+02:00
0,0,0,0,0,0,2020-07-27 13:17:20+02:00
0,0,0,0,0,0,2020-07-27 13:21:34+02:00
0,0,0,0,0,0,2020-07-27 13:40:10+02:00
0,0,0,0,0,0,2020-07-27 20:05:46+02:00
0,3,0,0,0,0,2020-07-28 09:45:53+02:00
0,0,0,0,0,0,2020-07-28 10:01:04+02:00
0,0,0,0,0,0,2020-07-28 12:22:15+02:00
0,0,0,0,0,0,2020-07-28 12:33:16+02:00
0,3,0,0,0,0,2020-07-28 13:48:58+02:00
0,0,0,0,0,0,2020-07-28 14:28:48+02:00
0,0,0,0,0,0,2020-07-28 14:32:24+02:00
0,1,0,0,0,0,2020-07-28 18:00:16+02:00
0,0,0,0,0,0,2020-07-28 18:00:57+02:00
0,1,0,0,0,0,2020-07-28 18:52:55+02:00
0,0,0,0,0,0,2020-07-28 19:28:35+02:00
0,0,0,0,0,0,2020-07-29 09:33:47+02:00
2,1,0,0,0,0,2020-07-29 10:46:54+02:00
0,0,0,0,0,0,2020-07-29 10:52:32+02:00
0,1,0,0,0,0,2020-07-29 11:25:11+02:00
0,0,0,0,0,0,2020-07-29 11:40:55+02:00
0,2,0,0,0,0,2020-07-29 12:25:11+02:00
2,3,0,2,0,0,2020-07-29 12:34:32+02:00
0,0,0,0,0,0,2020-07-29 12:35:14+02:00
0,1,0,0,0,0,2020-07-29 12:43:48+02:00
0,0,0,0,0,0,2020-07-29 13:06:22+02:00
0,1,0,0,0,0,2020-07-29 13:25:25+02:00
0,0,0,0,0,0,2020-07-29 13:52:24+02:00
0,0,0,0,0,0,2020-07-29 14:45:28+02:00
0,2,0,0,0,0,2020-07-29 15:36:29+02:00
0,0,0,0,0,0,2020-07-29 15:37:55+02:00
0,2,0,0,0,0,2020-07-29 16:16:04+02:00
0,0,0,0,0,0,2020-07-29 16:33:17+02:00
0,0,0,0,0,0,2020-07-29 16:44:16+02:00
0,1,0,0,0,0,2020-07-29 19:14:00+02:00
0,0,0,0,0,0,2020-07-29 19:18:23+02:00
0,0,0,0,0,0,2020-07-29 19:32:07+02:00
1,2,0,0,0,0,2020-07-29 19:40:10+02:00
0,0,0,0,0,0,2020-07-30 12:06:08+02:00
0,0,0,0,0,0,2020-07-30 12:27:13+02:00
0,0,0,0,0,0,2020-07-30 12:30:21+02:00
0,0,0,0,0,0,2020-07-30 12:53:34+02:00
0,0,0,0,0,0,2020-07-30 13:58:03+02:00
0,1,0,0,0,0,2020-07-30 14:20:59+02:00
1,1,0,0,0,0,2020-07-30 14:41:16+02:00
0,0,0,0,0,0,2020-07-30 14:43:40+02:00
1,2,0,0,0,0,2020-07-30 14:56:41+02:00
0,0,0,0,0,0,2020-07-30 16:34:27+02:00
0,0,0,0,0,0,2020-07-31 10:41:15+02:00
0,0,0,0,0,0,2020-07-31 14:42:46+02:00
0,0,0,0,0,0,2020-07-31 16:52:03+02:00
0,0,0,0,0,0,2020-07-31 16:59:52+02:00
0,0,0,0,0,0,2020-07-31 17:45:57+02:00
1,2,0,0,0,0,2020-07-31 17:58:20+02:00
0,0,0,0,0,0,2020-08-01 00:31:29+02:00
0,0,0,0,0,0,2020-08-03 15:22:57+02:00
1,1,0,0,0,0,2020-08-04 19:00:21+02:00
0,0,0,0,0,0,2020-08-05 15:46:30+02:00
0,0,0,0,0,0,2020-08-05 15:53:45+02:00
0,0,0,0,0,0,2020-08-05 16:10:49+02:00
1,1,0,0,0,0,2020-08-05 16:22:53+02:00
0,0,0,0,0,0,2020-08-05 16:29:32+02:00
0,0,0,0,0,0,2020-08-05 17:12:16+02:00
0,0,0,0,0,0,2020-08-05 17:13:03+02:00
0,0,0,0,0,0,2020-08-05 17:32:39+02:00
1,1,0,0,0,0,2020-08-06 14:53:18+02:00
0,0,0,0,0,0,2020-08-06 16:15:08+02:00
0,0,0,0,0,0,2020-08-11 15:13:36+02:00
1,5,0,0,0,0,2020-08-11 16:34:03+02:00
1,3,0,0,0,0,2020-08-14 10:46:52+02:00
0,0,0,0,0,0,2020-08-14 11:24:49+02:00
3,6,0,0,0,0,2020-08-14 13:59:50+02:00
0,1,0,0,0,0,2020-10-14 11:47:28+02:00
0,2,0,0,0,0,2020-10-25 15:26:12+01:00
0,0,0,0,0,0,2020-11-28 17:01:20+01:00
0,0,0,0,0,0,2020-11-28 18:00:33+01:00
0,1,0,0,0,0,2020-11-28 18:17:11+01:00
0,1,0,0,0,0,2021-02-20 14:26:33+01:00
0,1,0,0,0,0,2021-02-20 14:51:06+01:00
0,2,0,0,0,0,2021-02-21 15:11:34+01:00
0,1,0,0,0,0,2021-02-21 16:39:53+01:00
0,1,0,0,0,0,2021-02-21 17:29:04+01:00
0,1,0,0,0,0,2021-02-21 17:48:09+01:00
2,4,0,0,0,0,2021-02-24 23:30:50+01:00
0,0,0,0,0,0,2021-02-25 00:25:25+01:00
0,1,0,0,0,0,2021-02-25 00:46:06+01:00
1,1,0,0,0,0,2021-04-04 12:35:09+02:00
1,1,0,0,0,0,2021-04-04 12:46:34+02:00
0,0,0,0,0,0,2021-04-04 12:58:01+02:00
0,0,0,0,0,0,2021-04-04 13:13:43+02:00
0,0,0,0,0,0,2021-04-04 18:03:13+02:00
0,0,0,0,0,0,2021-04-04 18:32:40+02:00
1,1,0,0,0,0,2021-04-04 18:33:53+02:00
0,0,0,0,0,0,2021-04-05 21:59:22+02:00
0,1,0,0,0,0,2021-04-29 15:15:04+02:00
1,1,0,0,0,0,2021-07-05 14:17:45+02:00
1,6,1,0,0,0,2021-07-05 22:42:43+02:00
0,1,0,0,0,0,2021-07-06 19:15:14+02:00
1,6,1,0,2,0,2021-08-10 17:24:36+02:00
0,0,0,0,0,0,2021-08-11 19:27:20+02:00
0,0,0,0,0,0,2022-01-22 13:32:37+01:00
0,1,0,0,0,0,2022-01-22 18:08:14+01:00
0,0,0,0,0,0,2021-04-05 22:48:52+02:00
0,0,0,0,0,0,2021-04-05 23:05:09+02:00
0,1,0,0,0,0,2022-01-23 12:03:25+01:00
0,0,0,0,0,0,2022-01-24 12:33:18+01:00
0,0,0,0,0,0,2022-01-24 12:33:41+01:00
0,0,0,0,0,0,2022-01-24 12:35:58+01:00
0,0,0,0,0,0,2022-01-24 13:23:03+01:00
0,0,0,0,0,0,2022-01-25 11:12:21+01:00
0,2,0,0,0,0,2022-01-25 12:48:00+01:00
0,0,0,0,0,0,2022-01-25 12:48:20+01:00
0,0,0,0,0,0,2022-01-25 16:06:47+01:00
1,1,0,0,0,0,2022-01-26 13:24:35+01:00
0,0,0,0,0,0,2022-01-26 13:25:15+01:00
0,0,0,0,0,0,2022-01-26 13:38:57+01:00
0,0,0,0,0,0,2022-01-26 13:47:00+01:00
0,1,0,0,0,0,2022-01-26 15:01:45+01:00
0,1,0,0,0,0,2022-01-26 15:04:28+01:00
0,0,0,0,0,0,2022-01-26 16:12:32+01:00
0,0,0,0,0,0,2022-01-26 16:12:48+01:00
0,0,0,0,0,0,2022-01-29 18:07:50+01:00
0,1,0,0,0,0,2022-01-31 17:06:18+01:00
0,1,0,0,0,0,2022-02-05 12:03:46+01:00
0,1,0,0,0,0,2022-02-05 12:28:50+01:00
0,0,0,0,0,0,2022-02-10 22:04:17+01:00
0,0,0,0,0,0,2022-02-10 22:06:29+01:00
0,0,0,0,0,0,2022-02-10 22:06:41+01:00
0,0,0,0,0,0,2022-02-10 22:14:00+01:00
0,0,0,0,0,0,2022-02-12 14:13:46+01:00
0,0,0,0,0,0,2022-02-16 16:24:03+01:00
0,0,0,0,0,0,2022-02-16 17:13:32+01:00
