Acquisition,Preparation,Modeling,Training,Evaluation,Prediction,time
5,17,2,7,2,1,2018-03-12 18:34:33+01:00
0,1,0,1,0,0,2018-03-13 18:43:18+01:00
0,1,0,0,1,0,2018-03-13 19:25:24+01:00
0,1,0,0,1,0,2018-03-14 09:33:47+01:00
0,1,0,0,0,0,2018-03-15 09:25:33+01:00
0,1,0,1,0,1,2018-03-15 10:28:57+01:00
0,1,0,0,0,0,2018-03-15 10:34:01+01:00
0,1,1,0,0,0,2018-03-15 12:44:36+01:00
0,1,0,1,0,1,2018-03-15 15:13:36+01:00
0,1,0,0,0,0,2018-03-15 17:25:19+01:00
0,1,0,1,0,1,2018-03-16 10:19:46+01:00
0,1,0,1,0,1,2018-03-16 10:26:33+01:00
0,1,0,1,0,1,2018-03-16 11:14:48+01:00
0,1,0,1,0,1,2018-03-16 11:40:13+01:00
0,1,0,1,0,1,2018-03-16 11:49:51+01:00
0,1,0,1,0,1,2018-03-16 12:02:01+01:00
0,1,0,1,0,1,2018-03-16 12:25:36+01:00
0,1,1,0,0,0,2018-03-19 09:21:39+01:00
0,1,0,0,0,0,2018-03-19 09:26:07+01:00
0,1,0,1,0,0,2018-03-19 09:59:20+01:00
0,4,1,1,0,0,2018-03-20 10:45:09+01:00
0,1,1,0,0,0,2018-03-20 12:23:22+01:00
0,1,0,0,0,0,2018-03-20 12:33:51+01:00
0,1,0,0,0,0,2018-03-20 12:42:49+01:00
0,1,1,0,0,0,2018-03-22 11:32:49+01:00
0,1,0,0,0,0,2018-03-22 11:34:26+01:00
0,1,0,1,0,1,2018-03-22 12:40:02+01:00
0,1,0,0,0,0,2018-03-22 15:59:35+01:00
1,1,1,0,0,0,2018-03-27 10:59:31+02:00
0,1,0,0,0,0,2018-03-27 11:35:16+02:00
1,1,0,0,0,0,2018-04-04 09:23:00+02:00
0,1,0,0,0,0,2018-04-04 09:24:16+02:00
0,1,0,1,0,1,2018-04-04 09:27:55+02:00
1,1,0,0,0,0,2018-04-04 10:16:44+02:00
0,1,0,1,0,1,2018-04-04 11:12:02+02:00
0,1,0,1,0,1,2018-04-04 16:14:25+02:00
1,1,0,0,0,0,2018-04-05 17:11:07+02:00
1,1,0,0,0,1,2018-04-05 17:12:56+02:00
0,0,0,0,0,0,2018-04-09 17:24:51+02:00
1,1,0,0,0,1,2018-04-09 17:28:55+02:00
1,1,0,0,0,0,2018-04-09 18:10:51+02:00
0,1,0,0,0,0,2018-04-09 18:16:36+02:00
0,1,0,1,0,0,2018-04-10 22:44:33+01:00
1,2,0,1,0,1,2018-04-11 18:03:18+02:00
1,2,0,2,0,1,2018-04-11 22:40:29+01:00
1,1,0,1,0,0,2018-04-12 18:08:41+02:00
1,1,0,0,0,1,2018-04-14 15:49:57+01:00
2,2,0,1,0,1,2018-04-14 15:49:57+01:00
0,0,0,0,0,0,2018-04-14 16:13:02+01:00
1,1,0,1,0,0,2018-04-14 19:02:28+01:00
1,1,0,1,0,1,2018-04-14 19:16:03+01:00
1,1,0,1,0,1,2018-04-16 19:02:26+02:00
1,1,0,1,0,0,2018-04-16 19:03:57+02:00
0,1,0,1,0,1,2018-04-16 19:04:54+02:00
1,2,0,0,0,0,2018-04-17 18:40:48+02:00
0,1,0,1,0,0,2018-04-17 23:20:24+01:00
0,0,0,0,0,0,2018-04-17 23:21:21+01:00
0,1,0,1,0,0,2018-04-19 11:58:34+02:00
0,1,0,1,0,0,2018-04-19 13:48:52+02:00
0,1,0,1,0,0,2018-04-19 14:04:40+02:00
0,1,0,1,0,0,2018-04-19 14:21:37+02:00
0,1,0,1,0,0,2018-04-19 14:38:52+02:00
0,1,0,1,0,0,2018-04-19 14:46:24+02:00
0,1,0,1,0,0,2018-04-19 15:20:58+02:00
0,1,0,1,0,0,2018-04-19 16:46:39+02:00
0,1,0,1,0,0,2018-04-19 17:19:46+02:00
0,1,0,1,0,0,2018-04-20 10:50:03+02:00
0,1,0,1,0,0,2018-04-20 16:43:38+02:00
0,1,0,1,0,0,2018-04-20 17:33:31+02:00
0,2,0,2,0,1,2018-04-23 18:03:45+02:00
0,1,0,1,0,0,2018-04-23 22:15:20+01:00
0,1,0,1,0,0,2018-04-25 09:49:37+02:00
0,0,0,0,0,0,2018-04-25 18:13:41+02:00
1,1,0,1,0,0,2018-04-25 18:36:56+02:00
0,1,0,0,0,0,2018-04-25 18:38:27+02:00
0,1,0,1,0,0,2018-04-25 18:39:14+02:00
1,1,0,0,0,0,2018-04-25 18:40:00+02:00
0,2,0,1,0,0,2018-04-25 22:20:02+01:00
0,1,0,0,0,0,2018-04-26 09:28:37+02:00
0,0,0,0,0,0,2018-04-26 09:28:56+02:00
1,1,0,0,0,0,2018-04-26 16:01:03+02:00
0,4,0,2,0,1,2018-04-26 18:59:11+02:00
0,1,0,0,0,0,2018-04-26 21:59:08+01:00
1,1,0,0,0,0,2018-04-27 14:38:05+02:00
0,0,0,0,0,0,2018-04-27 14:38:32+02:00
1,1,0,0,0,0,2018-04-27 18:00:55+02:00
0,1,0,0,0,0,2018-05-14 17:59:09+02:00
0,1,0,0,0,0,2018-05-15 18:46:08+02:00
1,1,0,0,0,0,2018-05-16 11:29:03+02:00
0,1,0,1,0,1,2018-05-17 12:04:34+02:00
0,1,0,0,0,0,2018-05-17 12:22:05+02:00
0,1,0,1,0,1,2018-05-17 18:37:13+02:00
0,1,0,0,0,0,2018-05-17 18:38:37+02:00
2,6,0,3,0,2,2018-05-18 17:31:19+02:00
0,1,0,1,0,0,2018-05-18 17:46:50+02:00
0,2,0,1,0,0,2018-05-22 17:05:35+01:00
0,2,0,1,0,0,2018-05-22 22:22:42+01:00
1,4,0,1,0,0,2018-05-23 17:16:31+02:00
0,1,0,0,0,0,2018-05-23 18:00:26+02:00
0,2,0,0,0,0,2018-05-23 18:29:22+02:00
0,2,0,0,0,0,2018-05-23 19:01:29+02:00
0,3,0,1,0,0,2018-05-25 12:28:32+02:00
0,2,0,0,0,0,2018-05-25 14:48:49+02:00
0,1,0,0,0,0,2018-05-25 17:50:07+02:00
0,1,0,1,0,0,2018-05-29 17:16:07+02:00
1,1,0,0,0,0,2018-05-31 15:23:36+02:00
1,1,0,0,0,0,2018-05-31 15:25:29+02:00
1,1,0,0,1,0,2018-05-31 17:14:03+02:00
1,1,0,0,1,0,2018-05-31 17:27:37+02:00
1,2,0,1,1,0,2018-05-31 17:28:46+02:00
1,1,0,0,1,0,2018-06-01 10:42:16+02:00
1,3,0,1,1,0,2018-06-05 17:27:16+02:00
0,1,0,0,0,0,2018-06-06 17:54:21+02:00
2,5,0,1,1,0,2018-06-07 19:19:56+02:00
1,1,0,0,1,0,2018-06-07 19:21:48+02:00
0,1,0,0,0,0,2018-06-08 12:46:18+02:00
1,1,0,0,1,0,2018-06-08 17:48:40+02:00
0,1,0,1,0,0,2018-06-08 17:57:57+02:00
1,3,0,0,0,0,2018-06-08 18:58:29+02:00
1,1,0,0,1,0,2018-06-11 02:44:57+01:00
1,1,0,0,0,0,2018-06-13 12:50:00+02:00
0,1,0,1,0,0,2018-06-15 10:36:32+02:00
1,1,0,1,0,0,2018-06-22 10:58:53+02:00
0,1,0,0,0,0,2018-06-22 11:00:26+02:00
1,1,0,0,1,0,2018-06-22 11:01:15+02:00
1,1,0,0,0,0,2018-06-22 11:02:17+02:00
0,1,0,0,0,0,2018-06-22 11:06:00+02:00
1,1,0,0,0,0,2018-06-22 11:06:50+02:00
0,1,0,0,0,0,2018-06-22 12:01:21+02:00
1,1,0,0,0,0,2018-06-25 17:21:52+02:00
1,1,0,0,0,0,2018-06-25 17:38:37+02:00
0,1,0,1,0,0,2018-06-27 17:53:26+02:00
1,1,0,0,0,1,2018-06-27 17:54:33+02:00
1,1,0,0,0,0,2018-06-27 17:56:05+02:00
0,1,0,0,0,0,2018-06-27 17:57:08+02:00
0,1,0,0,0,0,2018-06-27 17:58:31+02:00
1,1,0,0,0,0,2018-06-28 14:17:52+02:00
1,1,0,0,0,0,2018-06-28 17:41:16+02:00
0,1,0,1,0,0,2018-06-28 17:42:20+02:00
0,1,0,0,0,0,2018-06-28 17:43:00+02:00
1,1,0,0,0,0,2018-06-28 17:48:49+02:00
1,1,0,0,0,0,2018-06-28 18:26:49+02:00
1,1,0,0,0,0,2018-07-02 11:18:55+02:00
1,1,0,0,0,0,2018-07-02 14:47:49+02:00
1,1,0,0,0,0,2018-07-02 15:51:50+02:00
1,1,0,1,0,0,2018-07-09 18:21:31+02:00
0,1,0,1,0,1,2018-07-09 18:23:41+02:00
1,1,0,0,0,0,2018-07-09 18:33:59+02:00
1,1,0,1,0,0,2018-07-09 18:37:47+02:00
1,1,0,1,0,0,2018-07-17 12:17:46+02:00
1,1,0,1,0,0,2018-07-17 12:18:36+02:00
1,1,0,1,0,0,2018-07-17 12:19:26+02:00
1,1,0,0,0,0,2018-07-18 17:49:07+02:00
1,1,0,0,0,0,2018-07-23 10:47:19+02:00
1,1,0,1,0,0,2018-07-23 10:48:06+02:00
0,1,0,1,0,1,2018-07-23 10:48:47+02:00
1,1,0,0,0,0,2018-07-23 10:53:30+02:00
1,0,0,0,0,0,2018-07-23 10:54:43+02:00
1,1,1,0,0,0,2018-07-23 17:35:27+02:00
0,1,1,0,0,0,2018-07-23 21:40:07+01:00
1,1,0,0,1,0,2018-08-03 15:37:52+02:00
0,1,1,0,0,0,2018-08-03 15:38:41+02:00
1,1,0,0,0,0,2018-08-03 15:39:44+02:00
1,1,0,0,0,0,2018-08-03 15:40:21+02:00
1,1,0,0,0,0,2018-08-03 15:41:09+02:00
1,1,0,0,0,0,2018-08-31 18:14:57+02:00
1,1,0,0,0,0,2018-08-31 18:26:29+02:00
1,1,1,1,0,0,2018-09-04 11:33:04+02:00
1,1,1,1,0,0,2018-09-12 12:03:11+02:00
1,1,0,1,0,0,2018-09-12 17:37:23+02:00
1,1,0,1,0,0,2018-09-14 18:26:10+02:00
1,1,0,0,0,0,2018-09-26 15:45:23+02:00
1,1,0,0,0,0,2018-09-27 17:38:04+02:00
1,0,0,0,0,0,2018-09-28 19:19:55+02:00
1,1,0,0,0,0,2018-10-15 17:58:19+02:00
1,1,0,0,0,0,2018-10-16 18:23:44+02:00
1,1,0,1,0,0,2018-10-17 16:18:21+02:00
1,1,0,0,0,1,2018-10-17 16:21:33+02:00
1,1,0,0,0,0,2018-10-17 16:23:23+02:00
0,0,0,0,0,0,2018-10-18 18:28:14+02:00
0,0,0,0,0,0,2018-10-18 18:36:36+02:00
1,1,0,0,0,0,2018-10-19 18:13:31+02:00
0,1,0,0,0,0,2018-10-21 17:57:41+01:00
1,1,0,0,0,0,2018-10-26 18:23:40+02:00
1,1,0,0,1,0,2018-11-06 10:02:34+01:00
0,1,0,1,0,0,2018-11-06 17:27:57+01:00
0,1,0,1,0,0,2018-11-07 15:07:59+01:00
0,1,0,1,0,0,2018-11-07 15:09:10+01:00
0,1,0,1,1,0,2018-11-07 17:47:30+01:00
0,1,0,1,1,0,2018-11-08 09:58:24+01:00
0,1,0,1,1,0,2018-11-08 11:46:09+01:00
0,1,0,1,1,0,2018-11-08 11:48:48+01:00
2,4,0,2,0,0,2018-11-09 16:38:12+01:00
1,1,1,1,0,0,2018-11-09 17:45:17+01:00
1,1,1,1,0,0,2018-11-12 17:28:37+01:00
1,1,0,0,1,0,2018-11-12 17:29:12+01:00
1,1,0,1,0,0,2018-11-12 17:29:45+01:00
2,2,0,1,2,0,2018-11-15 10:12:18+01:00
1,1,1,1,0,0,2018-11-15 10:26:00+01:00
1,1,1,1,0,0,2018-11-15 18:05:03+01:00
0,0,0,0,0,0,2018-11-18 17:22:06+01:00
0,0,0,0,0,0,2018-11-18 19:38:10+01:00
1,1,1,1,0,0,2018-11-20 14:39:21+01:00
1,1,0,1,0,0,2018-11-21 17:46:21+01:00
1,1,0,1,0,1,2018-11-23 17:29:21+01:00
1,1,0,1,0,0,2018-11-27 17:03:39+01:00
3,3,1,2,0,1,2018-11-28 09:53:46+01:00
1,1,0,1,0,0,2018-11-28 17:43:08+01:00
1,1,0,0,0,0,2018-11-29 10:39:10+01:00
1,1,0,0,0,0,2018-12-05 17:00:05+01:00
1,1,0,0,0,0,2018-12-05 17:01:34+01:00
1,0,0,0,0,0,2018-12-06 09:23:51+01:00
1,0,0,0,0,0,2018-12-06 09:25:08+01:00
1,1,0,1,0,0,2018-12-06 09:26:41+01:00
1,1,1,1,0,0,2018-12-06 09:27:47+01:00
1,1,0,1,0,0,2018-12-07 09:48:03+01:00
4,4,0,1,0,0,2018-12-07 16:31:28+01:00
1,1,0,0,0,0,2018-12-10 16:24:23+01:00
1,1,0,0,0,0,2018-12-10 16:25:34+01:00
1,1,0,0,0,0,2018-12-10 17:45:00+01:00
1,1,0,0,0,0,2018-12-10 17:48:09+01:00
1,1,0,1,0,0,2018-12-11 14:50:31+01:00
0,1,0,0,0,0,2018-12-11 14:51:21+01:00
1,1,0,1,0,0,2018-12-11 14:51:51+01:00
0,1,0,1,0,1,2018-12-11 14:52:48+01:00
1,1,0,0,0,0,2018-12-13 16:01:27+01:00
0,1,0,0,0,0,2018-12-13 16:02:06+01:00
1,1,0,0,0,0,2018-12-13 16:03:14+01:00
0,1,0,1,0,1,2018-12-13 16:04:10+01:00
0,1,0,0,0,0,2018-12-13 16:04:50+01:00
0,2,0,1,0,0,2018-12-14 12:42:48+01:00
0,1,0,1,0,0,2018-12-19 20:56:12+01:00
0,1,0,1,0,0,2019-01-02 17:28:53+01:00
0,1,0,0,0,0,2019-01-03 10:17:45+01:00
0,0,0,0,0,0,2019-01-03 10:18:21+01:00
0,1,1,1,0,1,2019-01-18 16:13:33+01:00
0,1,1,1,0,0,2019-01-18 16:16:29+01:00
0,1,1,1,0,0,2019-01-22 11:14:02+01:00
0,1,1,1,0,0,2019-01-23 16:01:20+01:00
0,1,1,1,0,1,2019-01-25 09:57:05+01:00
0,1,1,1,0,0,2019-01-25 09:58:06+01:00
1,1,0,0,0,0,2019-01-25 17:31:45+01:00
1,1,0,0,0,0,2019-02-01 13:54:47+01:00
1,1,0,0,0,0,2019-02-01 15:51:55+01:00
1,1,0,0,0,0,2019-02-01 17:27:47+01:00
1,1,0,0,0,0,2019-02-01 18:38:58+01:00
1,1,0,0,0,0,2019-02-04 18:17:54+01:00
1,1,0,0,0,0,2019-02-05 12:16:27+01:00
1,1,0,0,0,0,2019-02-05 18:25:16+01:00
1,1,0,0,0,0,2019-02-05 18:30:05+01:00
1,1,0,0,0,0,2019-02-05 18:36:01+01:00
1,1,0,0,0,0,2019-02-06 12:43:46+01:00
1,1,0,0,0,0,2019-02-06 15:50:46+01:00
1,1,0,0,0,0,2019-02-07 09:05:42+01:00
1,1,0,0,0,0,2019-02-12 17:14:19+01:00
1,1,0,0,0,0,2019-02-12 17:33:35+01:00
1,1,0,0,0,0,2019-02-15 09:04:31+01:00
1,1,0,0,0,0,2019-02-19 12:21:05+01:00
1,1,0,0,0,0,2019-02-27 11:19:34+01:00
3,3,1,0,0,0,2019-02-28 10:08:17+01:00
1,1,1,0,0,0,2019-02-28 10:30:02+01:00
1,1,1,0,0,0,2019-02-28 11:18:53+01:00
1,1,0,0,0,0,2019-02-28 12:56:43+01:00
1,1,0,0,0,0,2019-02-28 13:00:32+01:00
1,1,0,0,0,0,2019-03-05 12:09:44+01:00
1,1,0,0,0,0,2019-03-05 12:48:49+01:00
1,1,0,0,0,0,2019-03-05 12:50:52+01:00
1,1,0,0,0,0,2019-03-06 09:41:44+01:00
2,2,0,0,0,0,2019-03-08 17:02:14+01:00
1,1,0,0,0,0,2019-03-13 18:25:21+01:00
1,1,0,0,0,0,2019-03-15 10:55:53+01:00
1,1,0,0,0,0,2019-03-15 11:00:51+01:00
1,1,0,0,0,0,2019-03-15 11:02:08+01:00
1,1,0,0,0,0,2019-03-15 11:03:43+01:00
1,1,0,0,0,0,2019-03-15 11:07:09+01:00
1,1,0,0,0,0,2019-03-27 12:40:36+01:00
1,1,0,0,0,0,2019-03-27 15:59:18+01:00
1,1,0,0,0,0,2019-03-27 16:57:29+01:00
1,1,0,0,0,0,2019-03-28 15:00:44+01:00
1,1,0,0,0,0,2019-03-29 14:16:44+01:00
1,1,0,0,0,0,2019-03-29 17:07:13+01:00
3,3,0,0,0,0,2019-04-03 17:25:48+02:00
3,3,0,0,0,0,2019-04-12 18:17:29+02:00
0,1,0,0,0,0,2019-04-15 17:03:55+02:00
0,1,0,0,0,0,2019-04-15 17:07:50+02:00
1,1,0,0,0,0,2019-04-15 17:09:48+02:00
1,1,0,0,0,0,2019-04-15 17:26:09+02:00
1,1,0,0,0,0,2019-04-23 16:31:17+02:00
3,4,0,0,0,0,2019-04-23 16:57:51+02:00
0,0,0,0,0,0,2019-04-23 17:18:33+02:00
0,0,0,0,0,0,2019-04-24 10:38:22+02:00
0,0,0,0,0,0,2019-04-24 10:39:50+02:00
0,0,0,0,0,0,2019-04-24 10:40:35+02:00
0,0,0,0,0,0,2019-04-24 10:46:41+02:00
0,0,0,0,0,0,2019-04-24 10:53:42+02:00
0,0,0,0,0,0,2019-04-25 14:48:13+02:00
0,0,0,0,0,0,2019-04-25 15:50:10+02:00
0,1,0,0,0,0,2019-04-25 15:58:06+02:00
0,0,0,0,0,0,2019-04-25 15:59:28+02:00
0,0,0,0,0,0,2019-04-25 16:16:21+02:00
0,0,0,0,0,0,2019-04-30 09:33:47+02:00
0,0,0,0,0,0,2019-04-30 09:50:51+02:00
0,0,0,0,0,0,2019-04-30 09:53:30+02:00
0,0,0,0,0,0,2019-04-30 10:00:41+02:00
0,1,0,0,0,0,2019-04-30 10:03:41+02:00
1,1,0,0,0,0,2019-04-30 18:49:37+02:00
3,3,0,0,0,0,2019-05-07 10:31:06+02:00
1,1,0,0,0,0,2019-05-07 10:56:51+02:00
3,2,0,0,0,0,2019-05-28 18:34:16+02:00
2,1,0,0,0,0,2019-06-11 16:31:00+02:00
1,1,1,0,0,0,2019-06-17 10:53:23+02:00
1,1,1,0,0,0,2019-06-17 11:10:52+02:00
0,1,0,1,0,0,2019-06-17 16:52:12+02:00
0,1,1,1,0,0,2019-06-17 16:52:47+02:00
0,1,0,0,0,0,2019-06-18 16:31:14+02:00
0,1,0,1,0,0,2019-06-18 16:32:47+02:00
0,1,1,1,0,0,2019-06-18 17:12:10+02:00
0,1,1,1,0,0,2019-06-21 17:41:09+02:00
5,8,2,2,0,0,2019-06-24 17:09:46+02:00
0,1,1,1,0,0,2019-06-25 16:45:25+02:00
0,1,0,1,0,0,2019-06-25 16:46:25+02:00
1,1,1,1,0,0,2019-07-01 16:55:45+02:00
1,1,0,0,0,0,2019-07-25 11:51:17+02:00
1,1,0,0,0,0,2019-07-25 11:51:57+02:00
1,1,1,0,0,0,2019-07-25 11:54:39+02:00
1,1,0,0,0,1,2019-07-25 11:55:41+02:00
1,1,1,0,0,0,2019-07-26 18:02:18+02:00
1,1,0,0,0,0,2019-07-26 18:14:34+02:00
1,1,1,0,0,0,2019-07-30 22:33:36+02:00
1,1,1,0,0,0,2019-07-30 23:36:08+02:00
1,1,0,0,0,0,2019-09-06 17:05:27+02:00
1,1,0,1,0,0,2019-10-03 16:57:10+02:00
1,1,0,0,0,0,2019-10-03 16:58:29+02:00
2,2,0,1,0,0,2019-10-04 12:31:31+02:00
0,0,0,0,0,0,2019-10-04 12:31:53+02:00
1,1,0,0,0,0,2019-10-04 16:54:29+02:00
1,1,0,1,0,0,2019-10-04 16:55:02+02:00
1,1,0,0,0,0,2019-10-07 16:37:44+02:00
0,0,0,0,0,0,2019-10-07 16:42:50+02:00
1,1,0,0,0,0,2019-10-08 14:10:50+02:00
0,0,0,0,0,0,2019-10-08 14:13:14+02:00
2,2,0,0,0,0,2019-10-12 13:06:27+02:00
0,0,0,0,0,0,2019-11-12 09:51:49+01:00
1,1,0,0,0,0,2019-11-15 16:25:02+01:00
0,0,0,0,0,0,2019-11-15 16:25:35+01:00
0,0,0,0,0,0,2019-11-15 16:27:43+01:00
4,5,2,2,0,1,2019-11-28 16:39:36+01:00
0,0,0,0,0,0,2019-11-28 16:42:36+01:00
0,0,0,0,0,0,2019-12-11 13:07:59+01:00
0,0,0,0,0,0,2019-12-11 13:11:56+01:00
1,1,0,0,0,0,2019-12-11 13:53:16+01:00
0,0,0,0,0,0,2019-12-11 13:12:35+01:00
0,0,0,0,0,0,2019-12-11 13:14:54+01:00
0,1,0,1,0,1,2020-01-29 15:06:54+01:00
0,0,0,0,0,0,2020-01-29 15:08:45+01:00
0,0,0,0,0,0,2020-01-29 15:31:15+01:00
0,0,0,0,0,0,2020-01-29 15:33:08+01:00
0,0,0,0,0,0,2020-01-29 15:36:59+01:00
0,0,0,0,0,0,2020-01-29 16:34:12+01:00
0,0,0,0,0,0,2020-01-29 16:38:05+01:00
0,0,0,0,0,0,2020-01-29 16:50:11+01:00
0,0,0,0,0,0,2020-01-29 16:52:27+01:00
0,0,0,0,0,0,2020-01-30 16:45:31+01:00
0,0,0,0,0,0,2020-01-30 16:58:09+01:00
0,0,0,0,0,0,2020-01-30 16:59:05+01:00
0,0,0,0,0,0,2020-01-30 17:10:34+01:00
0,0,0,0,0,0,2020-01-30 18:36:17+01:00
0,1,0,0,0,0,2020-01-30 18:37:31+01:00
0,0,0,0,0,0,2020-01-30 18:39:15+01:00
0,0,0,0,0,0,2020-01-30 18:46:19+01:00
0,0,0,0,0,0,2020-01-30 18:48:16+01:00
0,1,0,0,0,0,2020-01-30 19:02:47+01:00
0,0,0,0,0,0,2020-01-30 19:05:42+01:00
0,0,0,0,0,0,2020-01-30 19:09:12+01:00
0,0,0,0,0,0,2020-01-30 19:10:13+01:00
0,1,0,0,0,0,2020-02-01 13:32:37+01:00
0,0,0,0,0,0,2020-02-01 13:35:23+01:00
0,0,0,0,0,0,2020-02-01 13:36:43+01:00
0,1,0,0,0,0,2020-02-18 10:53:10+01:00
0,0,0,0,0,0,2020-02-18 10:54:35+01:00
0,0,0,0,0,0,2020-02-18 11:05:14+01:00
0,0,0,0,0,0,2020-02-18 11:12:26+01:00
3,4,0,3,0,1,2020-02-18 16:42:01+01:00
0,0,0,0,0,0,2020-02-18 16:43:31+01:00
0,0,0,0,0,0,2020-02-18 16:56:44+01:00
0,0,0,0,0,0,2020-02-18 17:07:33+01:00
0,0,0,0,0,0,2020-02-18 17:20:21+01:00
1,0,0,0,0,0,2020-02-18 17:25:42+01:00
0,0,0,0,0,0,2020-02-18 17:27:33+01:00
1,0,0,0,0,0,2020-02-18 17:35:18+01:00
0,0,0,0,0,0,2020-02-18 17:36:12+01:00
1,0,0,0,0,0,2020-02-20 12:32:06+01:00
0,0,0,0,0,0,2020-02-20 12:40:26+01:00
1,0,0,0,0,0,2020-02-20 12:42:49+01:00
0,0,0,0,0,0,2020-02-20 12:46:42+01:00
20,33,4,11,2,3,2020-02-21 12:22:31+01:00
0,0,0,0,0,0,2020-02-21 12:26:36+01:00
0,0,0,0,0,0,2020-02-21 12:47:57+01:00
0,0,0,0,0,0,2020-02-21 12:49:42+01:00
0,0,0,0,0,0,2020-02-21 13:04:09+01:00
0,0,0,0,0,0,2020-02-21 13:06:17+01:00
0,0,0,0,0,0,2020-02-21 16:00:40+01:00
0,0,0,0,0,0,2020-02-21 16:02:17+01:00
1,0,0,0,0,0,2020-02-21 16:20:56+01:00
0,0,0,0,0,0,2020-02-21 16:22:18+01:00
1,0,0,0,0,0,2020-02-21 16:51:27+01:00
0,0,0,0,0,0,2020-02-21 16:53:14+01:00
0,0,0,0,0,0,2020-02-21 16:55:43+01:00
0,0,0,0,0,0,2020-02-21 17:04:52+01:00
0,0,0,0,0,0,2020-02-21 17:06:17+01:00
0,2,0,1,0,0,2020-02-24 15:42:09+01:00
0,0,0,0,0,0,2020-02-24 15:45:14+01:00
19,60,3,15,7,8,2020-05-13 17:00:16+02:00
0,0,0,0,0,0,2020-05-13 17:05:23+02:00
0,1,0,0,0,0,2020-05-13 17:13:35+02:00
0,0,0,0,0,0,2020-05-13 17:15:00+02:00
1,0,0,0,0,0,2020-05-13 17:24:21+02:00
0,0,0,0,0,0,2020-05-13 17:25:32+02:00
1,0,0,0,0,0,2020-05-13 17:28:28+02:00
0,0,0,0,0,0,2020-05-13 17:29:24+02:00
1,0,0,0,0,0,2020-05-13 17:36:44+02:00
0,0,0,0,0,0,2020-05-13 17:40:22+02:00
1,0,0,0,0,0,2020-05-13 18:20:26+02:00
0,0,0,0,0,0,2020-05-13 18:21:44+02:00
1,0,0,0,0,0,2020-05-13 19:32:40+02:00
1,0,0,0,0,0,2020-05-13 19:34:46+02:00
0,0,0,0,0,0,2020-05-13 19:35:56+02:00
0,0,0,0,0,0,2020-05-13 20:14:31+02:00
0,0,0,0,0,0,2020-05-13 20:16:21+02:00
4,1,0,0,0,0,2020-05-16 17:11:37+02:00
0,0,0,0,0,0,2020-05-16 17:12:40+02:00
0,0,0,0,0,0,2020-05-19 17:43:25+02:00
0,0,0,0,0,0,2020-05-19 17:44:49+02:00
0,1,0,0,0,0,2020-05-19 18:02:09+02:00
0,0,0,0,0,0,2020-05-19 18:04:00+02:00
1,1,0,0,0,0,2020-05-19 18:20:38+02:00
0,0,0,0,0,0,2020-05-19 18:24:11+02:00
1,0,0,0,0,0,2020-05-19 18:53:56+02:00
0,0,0,0,0,0,2020-05-19 18:56:14+02:00
1,0,0,0,0,0,2020-05-19 19:28:36+02:00
1,0,0,0,0,0,2020-05-19 19:31:54+02:00
0,0,0,0,0,0,2020-05-19 19:33:56+02:00
0,1,0,0,0,0,2020-05-19 19:44:26+02:00
0,0,0,0,0,0,2020-05-19 19:45:41+02:00
0,1,0,0,0,0,2020-05-19 20:06:28+02:00
0,1,0,0,0,0,2020-05-19 20:07:03+02:00
0,0,0,0,0,0,2020-05-19 20:08:46+02:00
0,1,0,0,0,0,2020-05-19 20:19:46+02:00
1,1,0,0,0,0,2020-05-19 20:21:05+02:00
0,0,0,0,0,0,2020-05-19 20:21:59+02:00
