Acquisition,Preparation,Modeling,Training,Evaluation,Prediction,time
0,0,0,0,0,0,2021-08-10 15:06:11+01:00
2,1,0,0,0,1,2021-08-11 15:08:47+01:00
0,0,0,0,0,0,2021-08-11 15:33:55+01:00
0,0,0,0,0,0,2021-08-11 15:44:53+01:00
3,1,0,0,0,1,2021-08-12 10:28:16+01:00
0,0,0,0,0,0,2021-08-12 12:04:04+01:00
0,0,0,0,0,0,2021-08-12 12:09:49+01:00
0,0,0,0,0,0,2021-08-12 12:25:43+01:00
0,0,0,0,0,0,2021-08-12 12:27:05+01:00
0,0,0,0,0,0,2021-08-12 12:29:36+01:00
0,0,0,0,0,0,2021-08-12 12:32:57+01:00
0,0,0,0,0,0,2021-08-12 12:39:16+01:00
0,0,0,0,0,0,2021-08-12 12:40:25+01:00
0,2,0,0,0,0,2021-08-12 13:19:38+01:00
0,2,0,0,0,0,2021-08-12 13:24:29+01:00
0,1,0,0,0,0,2021-08-12 13:25:31+01:00
0,2,0,0,0,0,2021-08-12 13:42:14+01:00
0,1,0,0,0,0,2021-08-12 13:54:03+01:00
0,0,0,0,0,0,2021-08-12 13:55:21+01:00
0,0,0,0,0,0,2021-08-12 13:57:08+01:00
0,0,0,0,0,0,2021-08-12 14:06:27+01:00
0,0,0,0,0,0,2021-08-12 14:07:23+01:00
0,0,0,0,0,0,2021-08-12 14:09:20+01:00
0,0,0,0,0,0,2021-08-12 14:10:35+01:00
2,1,0,0,0,0,2021-08-12 15:03:09+01:00
1,0,0,0,0,0,2021-08-12 15:06:26+01:00
2,1,0,0,0,0,2021-08-13 14:49:31+01:00
0,1,0,0,0,0,2021-08-13 15:14:22+01:00
1,2,0,0,0,0,2021-08-13 16:57:13+01:00
0,2,0,0,0,0,2021-08-17 10:03:29+01:00
1,2,0,0,0,1,2021-08-17 14:09:01+01:00
2,2,0,0,0,1,2021-08-18 16:07:56+01:00
0,1,0,0,0,0,2021-08-19 14:49:42+01:00
0,0,0,0,0,0,2021-08-19 15:15:26+01:00
3,2,0,0,0,2,2021-08-20 10:44:24+01:00
1,1,0,0,0,1,2021-08-20 11:05:04+01:00
1,1,0,0,0,1,2021-08-20 11:09:04+01:00
0,0,0,0,0,0,2021-08-20 11:24:51+01:00
1,1,0,0,0,1,2021-08-20 13:43:06+01:00
1,1,0,0,0,1,2021-09-01 10:21:27+01:00
1,1,0,0,0,1,2021-09-01 10:30:11+01:00
2,3,0,0,0,1,2021-09-01 12:48:42+01:00
1,1,0,0,0,1,2021-09-01 15:00:23+01:00
1,1,0,0,0,1,2021-09-06 12:58:11+01:00
1,1,0,0,0,1,2021-09-06 13:05:55+01:00
1,1,0,0,0,1,2021-09-06 13:12:50+01:00
1,1,0,0,0,1,2021-09-06 13:32:43+01:00
1,1,0,0,0,1,2021-09-06 13:37:03+01:00
0,0,0,0,0,0,2021-09-07 10:47:09+01:00
0,0,0,0,0,0,2021-09-07 11:16:45+01:00
1,1,0,0,0,1,2021-09-07 12:10:57+01:00
1,1,0,0,0,1,2021-09-07 12:15:07+01:00
1,1,0,0,0,1,2021-09-07 12:17:58+01:00
1,1,0,0,0,1,2021-09-07 12:27:44+01:00
1,1,0,0,0,1,2021-09-07 12:35:15+01:00
1,1,0,0,0,1,2021-09-07 12:37:29+01:00
0,1,0,0,0,0,2021-09-07 12:38:48+01:00
0,1,0,0,0,0,2021-09-07 12:40:50+01:00
0,1,0,0,0,0,2021-09-07 12:43:53+01:00
0,1,0,0,0,0,2021-09-07 12:47:20+01:00
0,1,0,0,0,0,2021-09-07 12:54:24+01:00
1,1,0,0,0,1,2021-09-07 12:55:59+01:00
0,1,0,0,0,0,2021-09-07 12:57:15+01:00
