Acquisition,Preparation,Modeling,Training,Evaluation,Prediction,time
0,0,0,0,0,0,2019-03-28 14:42:29+09:00
0,0,0,0,0,0,2019-04-03 00:34:13+09:00
0,2,0,0,0,0,2019-04-03 14:24:16+09:00
0,4,0,0,0,0,2019-04-04 00:51:11+09:00
0,0,0,0,0,0,2019-04-04 00:53:22+09:00
0,2,0,0,0,1,2019-04-04 18:13:07+09:00
0,0,0,0,0,0,2019-04-05 10:10:29+09:00
1,1,0,0,0,1,2019-04-05 11:13:59+09:00
1,3,0,0,0,0,2019-04-05 23:59:00+09:00
4,3,1,1,1,0,2019-04-06 07:24:16+09:00
0,0,0,0,0,0,2019-04-06 07:26:42+09:00
5,6,2,2,2,3,2019-04-06 18:23:49+09:00
69,192,76,44,62,92,2019-04-06 23:36:05+09:00
0,0,0,0,0,0,2019-04-06 23:54:38+09:00
14,27,25,25,21,17,2019-04-06 23:59:31+09:00
2,1,0,0,0,0,2019-04-07 11:19:50+09:00
18,11,0,0,0,1,2019-04-07 11:34:07+09:00
5,2,1,1,1,1,2019-04-08 11:41:56+09:00
0,0,0,0,0,0,2019-04-08 20:11:55+09:00
1,2,0,1,0,2,2019-04-08 20:13:42+09:00
1,0,0,0,0,0,2019-04-09 00:09:16+09:00
0,0,0,0,0,0,2019-04-09 00:09:34+09:00
2,0,0,0,0,0,2019-04-09 00:10:46+09:00
2,2,0,0,0,0,2019-04-09 15:14:09+09:00
1,1,0,0,0,0,2019-04-09 18:23:33+09:00
1,1,0,0,0,0,2019-04-09 19:11:04+09:00
0,0,0,0,0,0,2019-04-09 19:13:44+09:00
0,0,0,0,0,0,2019-04-09 19:15:55+09:00
1,1,0,0,0,0,2019-04-09 20:21:07+09:00
1,1,0,0,0,0,2019-04-11 19:09:17+09:00
3,5,2,2,1,3,2019-04-11 19:20:57+09:00
1,2,0,0,0,0,2019-04-12 09:29:03+09:00
0,0,0,0,0,0,2019-04-12 09:29:32+09:00
1,0,0,0,0,0,2019-04-12 09:35:38+09:00
0,0,0,0,0,0,2019-04-12 09:42:21+09:00
0,0,0,0,0,0,2019-04-12 09:42:23+09:00
0,1,0,0,0,0,2019-04-12 09:42:58+09:00
0,0,0,0,0,0,2019-04-12 09:43:31+09:00
5,3,0,0,0,1,2019-04-12 18:10:04+09:00
1,1,0,0,0,1,2019-04-12 23:40:10+09:00
3,2,1,1,1,1,2019-04-15 13:38:11+09:00
1,1,0,0,1,0,2019-04-15 15:43:19+09:00
2,1,0,0,0,0,2019-04-15 15:45:50+09:00
0,0,0,0,0,0,2019-04-16 00:25:50+09:00
3,4,0,0,0,0,2019-04-16 09:12:36+09:00
0,0,0,0,0,0,2019-04-16 09:12:48+09:00
3,3,1,1,0,1,2019-04-16 16:17:00+09:00
3,2,0,0,0,0,2019-04-16 21:13:15+09:00
4,4,2,2,0,1,2019-04-17 15:34:52+09:00
2,2,2,2,0,0,2019-04-17 15:57:59+09:00
0,0,0,0,0,0,2019-04-17 16:45:35+09:00
2,2,2,2,0,0,2019-04-18 13:15:36+09:00
7,7,0,0,0,1,2019-04-18 17:28:31+09:00
1,1,0,0,0,0,2019-04-18 19:16:34+09:00
0,0,0,0,0,0,2019-04-18 19:16:44+09:00
35,57,32,16,33,28,2019-04-19 10:08:52+09:00
8,11,4,3,1,3,2019-04-25 01:04:14+09:00
20,30,16,9,1,7,2019-04-28 08:30:35+09:00
17,27,16,8,1,6,2019-04-28 08:33:51+09:00
0,0,0,0,0,0,2019-04-28 08:40:04+09:00
3,5,0,0,0,0,2019-04-28 08:41:12+09:00
15,15,3,2,1,1,2019-04-28 22:08:22+09:00
5,5,5,3,0,1,2019-04-29 17:52:22+09:00
0,0,0,0,0,0,2019-04-29 17:53:33+09:00
0,0,0,0,0,0,2019-04-29 17:53:44+09:00
2,2,0,0,0,0,2019-04-29 17:54:39+09:00
1,1,0,0,0,0,2019-04-29 19:27:25+09:00
66,99,55,35,48,52,2019-05-02 14:42:00+09:00
3,8,3,1,1,4,2019-05-02 15:19:29+09:00
1,0,0,0,0,0,2019-05-02 18:06:10+09:00
2,2,0,0,0,0,2019-05-02 20:20:46+09:00
2,2,0,0,0,0,2019-05-03 16:44:41+09:00
1,2,0,0,0,0,2019-05-03 16:46:32+09:00
0,0,0,0,0,0,2019-05-03 16:50:15+09:00
1,1,0,0,0,0,2019-05-03 18:12:40+09:00
1,1,0,0,0,1,2019-05-04 01:41:17+09:00
2,2,1,1,0,1,2019-05-04 01:43:09+09:00
0,0,0,0,0,0,2019-05-04 01:45:48+09:00
4,5,1,2,1,2,2019-05-04 09:13:34+09:00
1,3,1,0,1,0,2019-05-04 09:15:10+09:00
1,1,0,0,0,0,2019-05-05 13:27:39+09:00
5,5,0,1,0,1,2019-05-06 15:58:41+09:00
2,2,2,2,0,2,2019-05-06 17:48:13+09:00
5,4,3,4,0,3,2019-05-07 22:44:36+09:00
4,4,0,0,0,0,2019-05-08 06:36:59+09:00
8,4,2,4,0,3,2019-05-08 13:34:08+09:00
3,3,2,2,0,2,2019-05-08 14:16:02+09:00
1,5,0,0,0,0,2019-05-09 09:07:15+09:00
3,3,0,0,0,0,2019-05-10 01:04:16+09:00
1,1,0,0,0,0,2019-05-10 17:22:47+09:00
1,1,0,0,0,2,2019-05-10 19:47:15+09:00
0,2,0,0,0,0,2019-05-13 09:54:51+09:00
1,2,0,0,0,0,2019-05-13 15:17:56+09:00
3,5,0,0,0,1,2019-05-14 21:17:42+09:00
0,1,0,0,0,0,2019-05-23 18:04:57+09:00
1,3,0,0,0,0,2019-05-28 13:29:35+09:00
1,3,0,0,0,0,2019-05-29 10:08:11+09:00
0,0,0,0,0,0,2019-05-29 10:25:40+09:00
3,8,0,1,0,0,2019-06-14 23:34:53+09:00
0,0,0,0,0,0,2019-06-14 23:35:38+09:00
113,210,93,69,57,87,2019-06-14 23:40:01+09:00
4,2,0,0,0,0,2019-06-21 17:58:26+09:00
0,0,0,0,0,0,2019-07-05 00:46:37+09:00
0,1,0,0,0,0,2019-07-27 23:11:48+09:00
0,0,0,0,0,0,2019-07-27 23:12:19+09:00
1,4,0,0,0,0,2019-07-28 23:41:37+09:00
0,3,0,0,0,1,2019-07-29 14:30:43+09:00
0,2,0,0,0,0,2019-07-29 16:12:41+09:00
0,1,0,0,0,0,2019-07-30 09:09:57+09:00
0,1,0,0,0,0,2019-07-30 10:26:01+09:00
0,0,0,0,0,0,2019-07-30 10:26:07+09:00
0,1,0,0,0,0,2019-07-30 14:00:13+09:00
0,1,0,0,0,0,2019-07-30 22:02:18+09:00
0,2,0,0,0,1,2019-08-02 10:07:23+09:00
0,0,0,0,0,0,2019-08-02 10:07:36+09:00
0,2,0,0,0,0,2019-08-02 12:48:14+09:00
1,1,0,0,1,0,2019-08-02 15:39:49+09:00
0,0,0,0,0,0,2019-08-02 15:40:02+09:00
0,2,0,0,0,0,2019-08-02 16:36:21+09:00
3,3,2,2,3,2,2019-08-05 17:55:45+09:00
0,0,0,0,0,0,2019-08-05 17:56:00+09:00
3,3,2,2,3,2,2019-08-05 23:56:38+09:00
2,2,1,1,2,1,2019-08-06 00:28:35+09:00
2,2,1,1,2,1,2019-08-06 16:52:57+09:00
1,1,1,1,1,1,2019-08-06 17:02:13+09:00
1,1,1,1,1,1,2019-08-06 17:44:53+09:00
3,3,3,3,3,3,2019-08-07 14:50:25+09:00
1,1,1,1,1,1,2019-08-07 17:58:37+09:00
1,1,0,0,1,0,2019-08-09 00:22:05+09:00
15,14,11,11,13,11,2019-08-12 09:55:40+09:00
0,0,0,0,0,0,2019-08-12 09:59:24+09:00
1,1,0,0,1,0,2019-08-12 11:23:23+09:00
4,3,3,3,2,3,2019-08-12 14:03:09+09:00
2,2,0,0,2,0,2019-08-12 23:24:23+09:00
4,4,3,2,2,2,2019-08-13 11:28:57+09:00
4,4,4,3,1,2,2019-08-13 17:47:11+09:00
2,2,2,1,1,1,2019-08-13 18:07:09+09:00
1,1,1,1,0,0,2019-08-14 00:24:21+09:00
9,9,7,5,5,5,2019-08-14 15:54:07+09:00
0,1,0,0,0,0,2019-08-14 18:25:03+09:00
2,2,0,0,2,0,2019-08-18 12:02:40+09:00
9,9,7,6,7,7,2019-08-20 15:39:45+09:00
1,1,1,1,0,0,2019-08-20 16:46:29+09:00
0,1,0,0,0,0,2019-08-20 17:05:54+09:00
2,2,2,0,2,2,2019-08-21 01:19:48+09:00
3,3,3,1,2,2,2019-08-21 10:15:33+09:00
2,2,2,1,0,1,2019-08-21 14:40:04+09:00
1,1,1,1,0,0,2019-08-21 16:00:37+09:00
0,0,0,0,0,0,2019-08-21 18:42:10+09:00
3,3,2,0,1,2,2019-08-22 00:40:19+09:00
1,1,0,0,1,0,2019-09-05 21:46:36+09:00
2,2,0,0,0,2,2019-09-06 13:44:16+09:00
1,1,0,0,1,0,2019-09-08 15:50:44+09:00
0,0,0,0,0,0,2019-09-08 15:55:04+09:00
1,1,0,0,0,1,2019-09-09 17:01:07+09:00
0,0,0,0,0,0,2019-09-09 22:43:49+09:00
1,4,0,0,1,0,2019-09-18 17:00:05+09:00
1,3,0,0,1,1,2019-09-18 17:10:31+09:00
0,2,0,0,1,0,2019-09-18 18:14:20+09:00
1,1,0,0,1,0,2019-09-18 21:17:57+09:00
0,0,0,0,0,0,2019-09-18 21:24:49+09:00
2,1,0,0,2,0,2019-09-19 10:58:58+09:00
0,0,0,0,0,0,2019-09-19 10:59:13+09:00
1,0,0,0,1,0,2019-09-19 11:12:30+09:00
0,1,0,0,0,0,2019-09-19 14:25:24+09:00
0,0,0,0,0,0,2019-09-22 15:59:02+09:00
0,1,0,0,0,0,2019-09-22 23:06:33+09:00
0,0,0,0,0,0,2019-09-25 11:11:16+09:00
0,0,0,0,0,0,2019-09-25 11:11:40+09:00
0,0,0,0,0,0,2019-09-25 11:12:19+09:00
0,0,0,0,0,0,2019-09-25 11:28:42+09:00
3,3,1,1,1,2,2019-09-26 13:34:02+09:00
1,1,1,1,0,0,2019-09-26 13:36:38+09:00
2,2,2,2,2,2,2019-09-26 18:10:39+09:00
2,3,0,0,1,1,2019-09-26 23:21:05+09:00
0,0,0,0,0,0,2019-09-26 23:21:14+09:00
1,1,1,1,1,1,2019-09-27 09:19:50+09:00
1,1,1,1,1,1,2019-09-27 15:35:15+09:00
1,1,0,0,1,0,2019-09-27 18:37:09+09:00
0,0,0,0,0,0,2019-09-27 18:37:15+09:00
1,1,0,0,1,0,2019-09-27 20:39:27+09:00
0,0,0,0,0,0,2019-09-27 20:42:53+09:00
2,2,2,2,2,2,2019-09-28 10:13:47+09:00
2,2,1,1,2,2,2019-09-28 16:01:02+09:00
2,2,2,2,2,2,2019-09-29 13:37:53+09:00
0,1,0,0,0,0,2019-09-30 11:03:27+09:00
0,0,0,0,0,0,2019-10-01 16:02:12+09:00
1,0,0,0,0,0,2019-10-01 16:17:53+09:00
0,0,0,0,0,0,2019-10-01 16:24:05+09:00
1,1,0,0,0,0,2019-10-01 17:55:57+09:00
8,42,7,4,0,13,2019-10-02 09:20:24+09:00
1,1,1,1,1,1,2019-10-16 13:56:06+09:00
1,1,0,0,1,0,2019-10-16 21:08:18+09:00
0,1,0,0,0,0,2019-10-22 17:30:46+09:00
27,23,0,0,2,1,2019-10-22 17:36:22+09:00
0,0,0,0,0,0,2019-11-12 16:27:45+09:00
0,2,0,0,0,0,2019-11-20 16:00:44+09:00
0,1,0,0,0,0,2019-11-29 18:40:46+09:00
0,3,0,0,0,0,2019-12-18 23:33:26+09:00
1,1,0,0,0,0,2019-12-18 23:37:17+09:00
1,1,0,0,0,0,2019-12-18 23:38:12+09:00
0,0,0,0,0,0,2019-12-18 23:40:27+09:00
0,0,0,0,0,0,2020-01-12 01:15:31+09:00
0,0,0,0,0,0,2020-01-20 15:19:54+09:00
0,3,0,0,0,0,2020-01-21 07:06:18+09:00
0,0,0,0,0,0,2020-01-21 18:22:40+09:00
1,2,0,0,0,0,2020-01-22 12:40:48+09:00
0,1,0,0,0,0,2020-01-22 14:27:04+09:00
0,1,0,0,0,0,2020-01-22 15:38:33+09:00
0,1,0,0,0,0,2020-01-22 17:13:00+09:00
0,1,0,0,0,0,2020-01-31 15:08:44+09:00
0,2,0,0,0,0,2020-01-31 21:00:13+09:00
0,1,0,0,1,0,2020-01-31 21:00:45+09:00
0,3,1,0,0,1,2020-02-02 14:52:50+09:00
0,1,0,0,0,0,2020-02-03 14:19:55+09:00
0,1,0,0,0,0,2020-02-04 09:43:13+09:00
0,1,0,0,0,0,2020-02-04 15:24:46+09:00
0,1,0,0,0,0,2020-02-04 18:13:13+09:00
0,1,0,0,0,0,2020-02-04 18:57:06+09:00
0,0,0,0,0,0,2020-02-04 19:00:53+09:00
0,0,0,0,0,0,2020-02-07 09:55:18+09:00
0,0,0,0,0,0,2020-02-07 10:23:00+09:00
0,9,1,0,1,1,2020-02-07 22:07:13+09:00
