Acquisition,Preparation,Modeling,Training,Evaluation,Prediction,time
0,0,0,0,0,0,2019-06-28 13:47:14-03:00
1,2,0,0,2,0,2019-06-28 13:48:36-03:00
3,4,0,2,2,2,2019-07-03 20:18:57-03:00
0,0,0,0,0,0,2019-07-03 20:24:29-03:00
0,0,0,0,0,0,2019-07-03 20:26:08-03:00
0,0,0,0,0,0,2019-07-03 21:06:13-03:00
1,1,0,0,0,0,2019-07-05 21:34:16-03:00
1,2,0,0,2,0,2019-07-05 21:35:54-03:00
0,0,0,0,0,0,2019-07-06 10:59:35-03:00
1,1,0,0,0,0,2019-07-06 11:00:13-03:00
1,1,0,0,0,0,2019-07-08 15:16:54-03:00
1,1,0,0,0,0,2019-07-09 14:23:42-03:00
4,4,0,0,1,0,2019-07-21 21:47:30-03:00
1,1,1,1,1,1,2019-07-25 10:40:20-03:00
1,1,0,0,0,0,2019-07-25 10:42:19-03:00
7,6,1,1,3,1,2019-07-25 22:32:54-03:00
4,3,1,1,1,1,2019-07-26 19:24:03-03:00
2,1,1,1,1,1,2019-07-31 23:30:27-03:00
0,0,0,0,0,0,2019-08-01 08:13:56-03:00
0,0,0,0,0,0,2019-08-01 08:26:47-03:00
0,0,0,0,0,0,2019-08-07 23:34:31-03:00
0,0,0,0,0,0,2019-08-07 23:47:15-03:00
3,2,1,2,2,2,2019-08-08 00:03:27-03:00
0,0,0,0,0,0,2019-08-08 00:03:47-03:00
1,1,0,0,0,0,2019-08-08 00:04:56-03:00
0,0,0,0,0,0,2019-08-08 00:11:30-03:00
0,0,0,0,0,0,2019-08-08 21:00:07-03:00
4,2,1,1,3,1,2019-08-08 21:04:50-03:00
0,0,0,0,0,0,2019-08-08 21:18:49-03:00
0,0,0,0,0,0,2019-08-08 21:34:34-03:00
0,0,0,0,0,0,2019-08-08 21:51:19-03:00
0,0,0,0,0,0,2019-08-08 21:52:34-03:00
3,2,1,1,3,1,2019-08-08 23:49:49-03:00
2,2,0,0,0,0,2019-08-08 23:50:26-03:00
0,0,0,0,0,0,2019-08-08 23:50:59-03:00
2,2,1,1,2,1,2019-08-09 19:43:28-03:00
0,0,0,0,0,0,2019-08-09 19:43:56-03:00
5,6,3,3,5,2,2019-08-11 21:35:09-03:00
1,1,0,0,0,0,2019-08-11 21:35:40-03:00
0,0,0,0,0,0,2019-08-11 21:37:49-03:00
2,3,2,2,2,1,2019-08-12 15:37:18-03:00
0,0,0,0,0,0,2019-08-12 16:40:48-03:00
0,0,0,0,0,0,2019-08-12 16:41:21-03:00
1,1,0,0,0,0,2019-08-12 16:41:46-03:00
1,1,1,1,1,0,2019-08-12 16:42:14-03:00
2,3,2,2,3,1,2019-08-14 07:57:10-03:00
0,0,0,0,0,0,2019-08-14 07:57:35-03:00
2,2,2,2,2,1,2019-08-17 21:29:29-03:00
5,5,2,3,4,2,2019-08-18 22:49:55-03:00
3,4,2,2,4,1,2019-08-19 15:26:41-03:00
0,0,0,0,0,0,2019-08-19 15:58:55-03:00
3,3,1,1,3,1,2019-08-19 16:01:54-03:00
1,1,0,0,1,0,2019-08-19 18:12:06-03:00
2,3,1,1,2,1,2019-08-21 00:41:54-03:00
