Acquisition,Preparation,Modeling,Training,Evaluation,Prediction,time
2,2,0,0,0,0,2021-08-23 05:04:32+02:00
0,0,0,0,0,0,2021-08-23 06:45:46+02:00
0,0,0,0,0,0,2021-08-24 09:40:52+02:00
0,0,0,0,0,0,2021-08-24 09:43:33+02:00
0,1,0,1,1,2,2021-08-24 11:58:32+02:00
0,0,0,0,0,0,2021-08-24 12:13:59+02:00
0,0,0,0,0,0,2021-08-24 12:37:17+02:00
0,0,0,0,0,0,2021-08-24 12:38:33+02:00
0,0,0,0,0,0,2021-08-24 12:42:46+02:00
0,0,0,0,0,0,2021-08-24 12:58:50+02:00
0,0,0,0,0,0,2021-08-24 13:01:32+02:00
0,0,0,0,0,0,2021-08-24 13:01:48+02:00
0,0,0,0,0,0,2021-08-24 13:06:17+02:00
0,0,0,0,0,0,2021-08-24 13:26:51+02:00
0,0,0,0,0,0,2021-08-24 14:13:55+02:00
0,0,0,0,0,0,2021-08-24 16:55:59+02:00
0,0,0,0,0,0,2021-08-24 17:13:54+02:00
2,1,0,0,0,2,2021-08-25 13:04:15+02:00
1,0,0,0,0,1,2021-08-25 12:46:22+00:00
0,0,0,0,0,0,2021-08-25 15:05:39+02:00
0,0,0,0,0,0,2021-08-25 21:44:13+02:00
1,1,0,0,0,1,2021-08-25 21:44:42+02:00
0,0,0,0,0,0,2021-08-25 21:46:18+02:00
1,0,0,0,0,1,2021-08-25 22:01:57+02:00
1,0,0,0,0,1,2021-08-25 22:30:52+02:00
0,0,0,0,0,0,2021-08-26 11:18:06+02:00
1,0,0,0,0,1,2021-08-26 11:36:14+02:00
0,0,0,0,0,0,2021-08-26 12:43:41+02:00
1,1,0,1,0,1,2021-08-26 15:14:14+02:00
0,0,0,0,0,0,2021-08-26 15:14:42+02:00
1,0,0,0,0,1,2021-08-26 17:34:03+02:00
0,0,0,0,0,0,2021-08-26 17:44:49+02:00
0,0,0,0,0,0,2021-08-26 18:12:12+02:00
0,0,0,0,0,0,2021-08-26 21:22:28+02:00
1,1,0,1,0,1,2021-08-26 21:42:55+02:00
2,1,0,1,0,2,2021-08-26 22:32:05+02:00
1,1,0,1,0,1,2021-08-26 23:50:47+02:00
0,0,0,0,0,0,2021-08-27 09:06:14+02:00
1,0,0,0,0,1,2021-08-27 10:04:17+02:00
0,0,0,0,0,0,2021-08-27 10:13:38+02:00
1,1,0,0,0,1,2021-08-27 12:34:23+02:00
1,0,0,0,0,1,2021-08-27 12:35:57+02:00
0,0,0,0,0,0,2021-08-27 12:48:26+02:00
1,0,0,0,0,1,2021-08-27 13:13:14+02:00
0,0,0,0,0,0,2021-08-27 13:48:31+02:00
1,1,0,0,0,0,2021-08-27 13:50:17+02:00
0,0,0,0,0,0,2021-08-27 13:50:42+02:00
1,0,0,0,0,1,2021-08-27 14:07:19+02:00
1,0,0,0,0,1,2021-08-27 17:11:31+02:00
1,1,0,0,0,0,2021-08-29 02:59:39+02:00
0,0,0,0,0,0,2021-08-29 03:21:16+02:00
0,0,0,0,0,0,2021-08-29 03:22:39+02:00
0,0,0,0,0,0,2021-08-29 13:57:22+02:00
0,0,0,0,0,0,2021-08-29 15:20:24+02:00
0,0,0,0,0,0,2021-08-29 15:20:48+02:00
0,0,0,0,0,0,2021-08-29 15:21:28+02:00
1,0,0,0,0,1,2021-08-29 15:21:57+02:00
0,0,0,0,0,0,2021-08-29 15:22:10+02:00
1,1,0,0,0,1,2021-08-29 15:23:27+02:00
1,1,0,0,0,1,2021-08-29 16:11:26+02:00
1,1,0,0,0,1,2021-08-29 21:20:19+02:00
1,1,0,0,0,1,2021-08-29 22:58:24+02:00
1,1,0,0,0,1,2021-08-29 22:59:40+02:00
1,1,0,0,0,1,2021-08-29 23:01:40+02:00
1,1,0,0,0,1,2021-08-29 23:02:17+02:00
1,1,0,0,0,1,2021-08-29 23:04:26+02:00
2,1,0,0,0,2,2021-08-29 23:05:29+02:00
0,0,0,0,0,0,2021-08-29 23:09:05+02:00
0,0,0,0,0,0,2021-08-29 23:13:12+02:00
1,1,0,0,0,1,2021-08-30 08:33:16+02:00
0,0,0,0,0,0,2021-08-30 08:42:34+02:00
0,0,0,0,0,0,2021-08-30 10:34:10+02:00
1,1,0,0,0,1,2021-08-30 10:35:16+02:00
1,1,0,0,0,1,2021-08-30 10:35:43+02:00
0,0,0,0,0,0,2021-08-30 10:36:02+02:00
0,0,0,0,0,0,2021-08-30 11:03:59+02:00
0,0,0,0,0,0,2021-08-30 11:06:15+02:00
1,1,0,0,0,1,2021-08-30 12:23:39+02:00
1,1,0,0,0,1,2021-08-30 12:35:10+02:00
1,0,0,0,0,1,2021-08-30 13:08:58+02:00
1,0,0,0,0,1,2021-08-30 13:57:40+02:00
0,0,0,0,0,0,2021-08-30 14:03:35+02:00
0,0,0,0,0,0,2021-08-30 15:17:41+02:00
0,0,0,0,0,0,2021-08-30 15:52:27+02:00
1,1,0,0,0,1,2021-08-30 17:26:42+02:00
0,0,0,0,0,0,2021-08-30 15:52:55+02:00
1,1,0,0,0,1,2021-08-30 17:38:25+02:00
0,0,0,0,0,0,2021-08-30 21:34:49+02:00
1,1,0,0,0,1,2021-08-30 22:54:44+02:00
0,0,0,0,0,0,2021-08-31 12:25:25+02:00
0,0,0,0,0,0,2021-08-31 12:25:52+02:00
1,1,0,0,0,1,2021-08-31 12:38:07+02:00
1,1,0,0,0,1,2021-08-31 14:53:49+02:00
1,1,0,0,0,1,2021-08-31 15:07:23+02:00
1,1,0,0,0,1,2021-08-31 15:08:51+02:00
0,0,0,0,0,0,2021-08-31 16:18:01+02:00
0,0,0,0,0,0,2021-08-31 20:38:29+02:00
0,0,0,0,0,0,2021-09-01 19:49:13+02:00
0,0,0,0,0,0,2021-09-01 20:21:28+02:00
0,0,0,0,0,0,2021-09-01 20:21:53+02:00
0,0,0,0,0,0,2021-09-01 20:55:22+02:00
1,0,0,0,0,1,2021-09-02 15:24:23+02:00
0,0,0,0,0,0,2021-09-02 17:50:21+02:00
0,0,0,0,0,0,2021-09-02 20:12:02+02:00
0,0,0,0,0,0,2021-09-02 20:41:09+02:00
0,0,0,0,0,0,2021-09-03 09:58:28+02:00
