Acquisition,Preparation,Modeling,Training,Evaluation,Prediction,time
3,7,3,0,1,1,2018-11-19 12:55:17+00:00
0,1,1,0,0,0,2018-11-22 12:51:38+00:00
3,7,4,0,2,1,2018-11-22 12:53:27+00:00
3,5,4,0,1,1,2018-12-12 15:59:50+00:00
0,0,0,0,0,0,2018-12-12 16:02:36+00:00
2,2,2,0,0,0,2018-12-12 16:14:46+00:00
1,1,0,0,0,0,2018-12-13 16:39:57+00:00
3,8,5,0,0,1,2019-02-01 15:30:41+00:00
0,0,0,0,0,0,2019-02-01 15:36:31+00:00
1,1,2,0,1,0,2019-02-01 15:38:29+00:00
0,0,0,0,0,0,2019-02-01 16:35:05+00:00
1,1,0,0,0,0,2019-02-01 16:51:22+00:00
4,6,5,0,0,0,2019-02-03 14:07:57+00:00
5,12,6,0,1,1,2019-02-03 21:05:24+00:00
1,1,0,0,0,0,2019-02-04 10:33:19+00:00
0,0,0,0,0,0,2019-02-04 11:56:16+00:00
0,0,0,0,0,0,2019-02-07 01:09:36+00:00
0,0,0,0,0,0,2019-02-07 16:47:35+00:00
0,0,0,0,0,0,2019-02-07 16:47:54+00:00
4,7,5,0,1,1,2019-02-08 12:06:18+00:00
0,0,0,0,0,0,2019-02-08 12:31:54+00:00
0,1,0,0,0,1,2019-02-08 16:32:53+00:00
0,0,0,0,0,0,2019-02-14 09:24:10+00:00
0,0,0,0,0,0,2019-02-15 16:06:18+00:00
0,0,0,0,0,0,2019-02-15 16:06:36+00:00
1,1,1,0,1,0,2019-02-15 16:07:15+00:00
0,0,0,0,0,0,2019-02-15 16:07:22+00:00
0,0,0,0,0,0,2019-02-17 11:52:45+00:00
0,0,0,0,0,0,2019-02-17 11:59:14+00:00
0,0,0,0,0,0,2019-02-17 15:53:08+00:00
1,2,2,0,1,0,2019-02-17 21:22:58+00:00
0,0,0,0,0,0,2019-02-18 10:22:40+00:00
0,0,0,0,0,0,2019-02-18 11:45:42+00:00
0,0,0,0,0,0,2019-02-18 15:34:51+00:00
0,0,0,0,0,0,2019-02-18 15:34:58+00:00
0,0,0,0,0,0,2019-02-18 16:02:44+00:00
0,0,0,0,0,0,2019-02-18 16:04:12+00:00
0,0,0,0,0,0,2019-02-18 16:05:32+00:00
0,1,1,0,0,0,2019-02-18 17:04:52+00:00
0,1,0,0,0,1,2019-02-18 17:05:16+00:00
0,0,0,0,0,0,2019-02-18 17:07:24+00:00
0,1,0,0,0,0,2019-02-18 17:10:24+00:00
1,1,1,0,0,0,2019-02-18 17:11:30+00:00
1,1,1,0,1,0,2019-02-18 17:19:10+00:00
0,0,0,0,0,0,2019-02-18 17:24:35+00:00
0,0,0,0,0,0,2019-02-18 17:33:48+00:00
1,2,2,0,1,0,2019-02-18 17:39:21+00:00
1,2,2,0,1,0,2019-02-18 17:43:31+00:00
0,0,0,0,0,0,2019-02-18 17:53:35+00:00
0,0,0,0,0,0,2019-02-18 18:02:56+00:00
0,0,0,0,0,0,2019-02-18 18:04:48+00:00
0,0,0,0,0,0,2019-02-18 18:08:59+00:00
0,0,0,0,0,0,2019-02-18 18:10:48+00:00
1,1,1,0,1,0,2019-02-18 23:56:29+00:00
0,0,0,0,0,0,2019-02-18 23:58:56+00:00
0,1,1,0,0,0,2019-02-19 00:00:11+00:00
0,0,0,0,0,0,2019-02-19 00:02:41+00:00
0,0,0,0,0,0,2019-02-25 15:36:28+00:00
1,1,0,0,0,0,2019-02-25 15:43:26+00:00
0,1,0,0,0,0,2019-02-25 15:47:27+00:00
0,0,0,0,0,0,2019-02-25 15:48:27+00:00
1,2,2,0,1,0,2019-02-25 15:50:24+00:00
0,0,0,0,0,0,2019-02-25 16:30:07+00:00
3,4,4,0,2,0,2019-02-25 16:39:14+00:00
0,0,0,0,0,0,2019-02-25 17:33:37+00:00
3,4,5,0,1,0,2019-02-27 12:19:24+00:00
2,6,4,0,2,1,2019-03-03 16:51:29+00:00
1,4,2,0,0,1,2019-03-03 22:14:26+00:00
0,1,0,0,0,1,2019-03-04 11:12:50+00:00
0,0,0,0,0,0,2019-03-04 13:18:16+00:00
2,0,0,0,0,0,2019-03-05 00:24:19+00:00
0,0,0,0,0,0,2019-03-11 10:29:44+00:00
0,0,0,0,0,0,2019-03-14 15:50:16+00:00
0,0,0,0,0,0,2019-03-14 15:51:38+00:00
0,0,0,0,0,0,2019-03-14 17:06:00+00:00
1,1,1,0,0,0,2019-03-15 12:14:46+00:00
0,0,0,0,0,0,2019-03-18 17:03:21+00:00
1,1,1,0,1,0,2019-04-16 11:25:18+01:00
0,0,0,0,0,0,2019-04-18 11:38:39+01:00
0,0,0,0,0,0,2019-04-18 11:39:21+01:00
0,2,2,0,1,0,2019-04-18 11:59:59+01:00
0,0,0,0,0,0,2019-04-18 12:02:58+01:00
0,0,0,0,0,0,2019-04-18 12:27:12+01:00
0,0,0,0,0,0,2019-04-18 12:40:33+01:00
0,0,0,0,0,0,2019-04-18 13:10:17+01:00
0,0,0,0,0,0,2019-04-18 17:10:47+01:00
0,0,0,0,0,0,2019-04-18 17:18:28+01:00
0,0,0,0,0,0,2019-04-18 17:21:05+01:00
0,0,0,0,0,0,2019-04-18 17:26:03+01:00
0,0,0,0,0,0,2019-04-18 17:26:17+01:00
0,0,0,0,0,0,2019-04-18 17:39:39+01:00
0,0,0,0,0,0,2019-04-18 17:40:19+01:00
1,1,1,0,0,0,2019-04-18 17:52:08+01:00
0,0,0,0,0,0,2019-04-18 18:03:35+01:00
0,0,0,0,0,0,2019-04-19 09:28:15+01:00
0,0,0,0,0,0,2019-04-19 09:29:55+01:00
0,0,0,0,0,0,2019-04-19 09:49:38+01:00
0,0,0,0,0,0,2019-04-19 10:34:01+01:00
0,0,0,0,0,0,2019-04-19 11:18:05+01:00
0,0,0,0,0,0,2019-04-19 11:20:37+01:00
0,0,0,0,0,0,2019-04-19 11:22:58+01:00
0,0,0,0,0,0,2019-04-19 11:25:16+01:00
0,0,0,0,0,0,2019-04-19 11:27:08+01:00
0,2,1,0,0,1,2019-04-19 11:50:24+01:00
0,1,0,0,0,1,2019-04-19 11:52:53+01:00
0,0,0,0,0,0,2019-04-19 11:56:24+01:00
1,1,1,0,0,0,2019-04-19 13:03:00+01:00
1,1,1,0,0,0,2019-04-19 13:04:32+01:00
0,0,0,0,0,0,2019-04-19 13:08:26+01:00
0,0,0,0,0,0,2019-04-19 13:10:51+01:00
1,1,1,0,0,0,2019-04-19 13:16:43+01:00
0,0,0,0,0,0,2019-04-19 15:23:24+01:00
0,1,1,0,0,0,2019-04-22 16:29:14+01:00
0,0,0,0,0,0,2019-04-22 16:34:11+01:00
0,1,1,0,0,0,2019-04-22 16:53:38+01:00
0,1,1,0,0,0,2019-04-22 16:59:39+01:00
0,1,1,0,0,0,2019-04-22 17:01:17+01:00
1,2,1,0,0,0,2019-04-22 18:16:50+01:00
0,0,0,0,0,0,2019-04-22 18:25:18+01:00
1,1,1,0,0,0,2019-04-22 18:28:54+01:00
0,0,0,0,0,0,2019-04-22 18:32:08+01:00
0,0,0,0,0,0,2019-04-22 18:45:31+01:00
0,0,0,0,0,0,2019-04-23 23:41:53+01:00
0,0,0,0,0,0,2019-04-23 23:43:23+01:00
0,0,0,0,0,0,2019-04-24 00:00:54+01:00
0,2,1,0,0,1,2019-04-25 09:53:04+01:00
0,1,0,0,0,1,2019-04-25 09:58:52+01:00
0,1,1,0,0,0,2019-04-25 10:04:51+01:00
0,1,1,0,0,0,2019-04-25 10:05:35+01:00
0,1,1,0,0,0,2019-04-25 10:08:48+01:00
0,0,0,0,0,0,2019-04-26 19:21:25+01:00
0,0,0,0,0,0,2019-04-26 21:18:02+01:00
0,0,0,0,0,0,2019-04-26 21:18:41+01:00
0,0,0,0,0,0,2019-04-26 23:05:11+01:00
0,0,0,0,0,0,2019-04-26 23:10:06+01:00
0,0,0,0,0,0,2019-04-26 23:10:23+01:00
0,0,0,0,0,0,2019-04-28 23:36:58+01:00
0,0,0,0,0,0,2019-05-02 03:03:02+01:00
0,0,0,0,0,0,2019-05-30 19:24:10+01:00
0,0,0,0,0,0,2019-05-31 06:26:38+01:00
0,0,0,0,0,0,2019-06-05 12:59:10+01:00
0,0,0,0,0,0,2019-06-06 16:17:24+01:00
1,1,0,0,0,0,2019-06-06 16:23:47+01:00
0,0,0,0,0,0,2019-06-06 16:36:04+01:00
0,0,0,0,0,0,2019-06-06 16:44:12+01:00
0,0,0,0,0,0,2019-06-07 10:35:31+01:00
0,0,0,0,0,0,2019-06-07 13:18:19+01:00
0,0,0,0,0,0,2019-06-07 18:57:35+01:00
0,0,0,0,0,0,2019-06-12 15:17:02+01:00
1,1,0,0,0,0,2019-08-16 12:06:34+01:00
0,0,0,0,0,0,2019-10-24 16:11:15+01:00
0,0,0,0,0,0,2019-10-24 16:11:22+01:00
0,0,0,0,0,0,2019-10-25 15:02:10+01:00
0,1,0,0,0,0,2019-12-26 17:18:52+00:00
0,1,0,0,0,0,2019-12-26 17:23:40+00:00
0,0,0,0,0,0,2020-07-30 09:25:35+01:00
0,0,0,0,0,0,2020-07-30 09:34:34+01:00
4,6,5,0,1,2,2020-11-26 12:36:12+00:00
0,0,0,0,0,0,2020-11-28 10:45:54+00:00
0,0,0,0,0,0,2020-11-28 11:01:09+00:00
0,0,0,0,0,0,2020-11-28 11:08:31+00:00
0,0,0,0,0,0,2020-11-28 11:09:43+00:00
0,0,0,0,0,0,2020-11-28 22:21:51+00:00
1,1,0,0,0,0,2020-11-29 09:09:09+00:00
0,0,0,0,0,0,2020-12-11 16:38:04+00:00
2,2,0,0,0,0,2020-12-16 12:41:03+00:00
2,2,2,0,1,0,2020-12-17 11:59:22+00:00
0,0,0,0,0,0,2020-12-17 12:42:46+00:00
