Acquisition,Preparation,Modeling,Training,Evaluation,Prediction,time
0,0,0,0,0,0,2020-11-10 18:37:26+05:18
0,0,0,0,0,0,2020-11-10 19:12:31+05:18
0,0,0,0,0,0,2020-11-10 19:25:30+05:18
0,0,0,0,0,0,2020-11-10 19:28:01+05:18
0,0,0,0,0,0,2020-11-10 19:29:36+05:18
0,0,0,0,0,0,2020-11-10 21:32:07+05:18
0,0,0,0,0,0,2020-11-10 21:56:01+05:18
0,0,0,0,0,0,2020-11-11 00:33:54+05:18
0,0,0,0,0,0,2020-11-11 11:00:16+05:18
0,0,0,0,0,0,2020-11-11 11:20:39+05:18
0,0,0,0,0,0,2020-11-11 19:56:45+05:18
0,1,0,1,1,1,2020-11-12 00:46:37+05:18
0,0,0,0,0,0,2020-11-12 02:21:47+05:18
0,1,0,1,1,1,2020-11-12 13:53:58+05:18
1,2,0,2,3,2,2020-11-12 19:55:30+05:18
3,3,0,3,4,2,2020-11-12 23:57:03+05:18
4,3,2,4,4,2,2020-11-13 16:34:26+05:18
1,0,1,1,0,0,2020-11-13 16:35:17+05:18
3,2,1,2,1,0,2020-11-14 16:51:37+05:18
2,2,1,2,1,0,2020-11-14 20:22:09+05:18
1,0,1,1,0,0,2020-11-14 21:06:44+05:18
0,0,0,0,0,0,2020-11-14 21:16:07+05:18
0,0,0,0,0,0,2020-11-14 21:39:55+05:18
0,0,0,0,0,0,2020-11-14 21:49:26+05:18
3,2,0,2,2,0,2020-11-15 01:53:27+05:18
1,0,1,1,0,0,2020-11-15 01:55:12+05:18
3,1,3,2,1,1,2020-11-15 02:06:30+05:18
0,0,0,0,0,0,2020-11-15 10:23:49+05:18
1,1,0,1,1,0,2020-11-15 11:06:39+05:18
0,0,0,0,0,0,2020-11-15 11:08:20+05:18
1,0,0,0,0,0,2020-11-15 11:23:17+05:18
0,0,0,0,0,0,2020-11-15 11:54:14+05:18
0,0,0,0,0,0,2020-11-15 11:54:29+05:18
7,13,5,1,6,2,2020-11-15 13:48:42+05:18
0,0,0,0,0,0,2020-11-15 13:49:42+05:18
0,0,0,0,0,0,2020-11-15 13:51:10+05:18
1,1,1,1,0,0,2020-11-15 15:34:07+05:18
2,0,1,1,0,0,2020-11-15 15:54:48+05:18
1,0,1,1,0,0,2020-11-15 17:20:21+05:18
2,2,2,2,1,1,2020-11-15 17:36:58+05:18
1,0,1,0,0,0,2020-11-15 17:42:56+05:18
2,3,2,1,0,0,2020-11-16 06:35:34+05:18
0,1,0,0,0,0,2020-11-17 09:44:30+05:18
1,2,0,0,1,0,2020-11-18 12:47:47+05:18
0,0,0,0,0,0,2020-11-18 12:53:21+05:18
0,1,0,0,0,0,2020-11-18 18:41:37+05:18
2,1,1,1,0,0,2020-11-20 20:49:29+05:18
3,2,3,3,1,1,2020-11-23 17:05:44+05:18
0,0,0,0,0,0,2020-11-26 09:04:17+05:18
5,4,2,4,3,1,2021-01-02 17:16:49+05:18
0,0,0,0,0,0,2021-04-24 17:45:52+05:18
0,0,0,0,0,0,2021-06-01 12:57:54+05:18
0,0,0,0,0,0,2021-06-01 13:09:38+05:18
0,0,0,0,0,0,2021-06-01 18:37:14+05:18
0,0,0,0,0,0,2021-06-01 18:39:01+05:18
0,0,0,0,0,0,2021-06-01 18:41:31+05:18
0,0,0,0,0,0,2021-06-01 18:48:53+05:18
0,0,0,0,0,0,2021-06-04 10:53:38+05:18
0,0,0,0,0,0,2021-06-04 13:09:28+05:18
0,0,0,0,0,0,2021-06-04 13:38:01+05:18
0,0,0,0,0,0,2021-06-04 13:41:19+05:18
0,0,0,0,0,0,2021-06-05 16:04:32+05:18
0,0,0,0,0,0,2021-06-05 17:23:24+05:18
0,0,0,0,0,0,2021-06-14 13:39:12+05:18
0,0,0,0,0,0,2021-06-14 16:55:32+05:18
0,0,0,0,0,0,2021-06-14 16:58:33+05:18
0,0,0,0,0,0,2021-06-03 04:31:24+05:18
0,0,0,0,0,0,2021-06-03 04:33:32+05:18
0,1,0,1,0,0,2021-06-11 12:12:36+05:18
0,1,1,1,0,0,2021-06-11 15:09:31+05:18
0,0,0,0,0,0,2021-06-12 23:20:49+05:18
0,0,0,0,0,0,2021-06-13 00:29:50+05:18
0,1,1,1,0,0,2021-06-13 00:30:39+05:18
0,0,0,0,0,0,2021-06-14 17:26:41+05:18
0,0,0,0,0,0,2021-06-14 17:52:35+05:18
0,0,0,0,0,0,2021-06-15 17:44:32+05:18
0,0,0,0,0,0,2021-06-15 21:06:12+05:18
0,0,0,0,0,0,2021-06-16 10:56:03+05:18
0,0,0,0,0,0,2021-06-13 21:29:20+05:18
0,0,0,0,0,0,2021-06-14 16:56:59+05:18
0,0,0,0,0,0,2021-06-16 14:19:53+05:18
0,0,0,0,0,0,2021-06-16 14:27:54+05:18
0,1,1,1,0,0,2021-06-16 16:54:25+05:18
0,0,0,0,0,0,2021-06-16 17:17:14+05:18
0,0,0,0,0,0,2021-06-16 23:56:58+05:18
0,0,0,0,0,0,2021-06-17 10:07:08+05:18
0,0,0,0,0,0,2021-06-17 11:40:53+05:18
0,0,0,0,0,0,2021-06-15 21:33:20+05:18
0,0,0,0,0,0,2021-06-17 12:01:36+05:18
0,0,0,0,0,0,2021-06-17 13:40:46+05:18
0,0,0,0,0,0,2021-06-17 20:24:23+05:18
0,0,0,0,0,0,2021-06-17 21:41:55+05:18
0,1,1,1,0,0,2021-06-18 18:50:06+05:18
0,0,0,0,0,0,2021-06-18 14:33:17+05:18
0,0,0,0,0,0,2021-06-18 14:53:39+05:18
0,0,0,0,0,0,2021-06-18 22:12:45+05:18
0,0,0,0,0,0,2021-06-18 23:01:31+05:18
0,0,0,0,0,0,2021-06-18 18:51:14+05:18
0,0,0,0,0,0,2021-06-18 20:53:26+05:18
0,0,0,0,0,0,2021-06-18 22:41:30+05:18
0,0,0,0,0,0,2021-06-18 22:56:48+05:18
0,0,0,0,0,0,2021-06-18 23:15:13+05:18
0,0,0,0,0,0,2021-06-18 23:26:07+05:18
0,0,0,0,0,0,2021-06-19 00:09:19+05:18
0,0,0,0,0,0,2021-06-19 15:45:40+05:18
0,0,0,0,0,0,2021-06-19 17:10:26+05:18
0,1,1,1,0,0,2021-06-19 17:17:52+05:18
0,0,0,0,0,0,2021-06-19 17:19:02+05:18
0,0,0,0,0,0,2021-06-19 17:20:54+05:18
0,0,0,0,0,0,2021-06-19 18:43:15+05:18
0,0,0,0,0,0,2021-06-20 13:27:35+05:18
0,0,0,0,0,0,2021-06-20 14:02:47+05:18
0,0,0,0,0,0,2021-06-20 14:10:22+05:18
1,0,0,0,0,0,2021-06-20 13:27:52+05:18
0,0,0,0,0,0,2021-06-20 14:42:52+05:18
0,0,0,0,0,0,2021-06-20 14:45:34+05:18
1,0,0,0,0,0,2021-06-20 15:42:10+05:18
0,0,0,0,0,0,2021-06-20 18:20:56+05:18
1,0,0,0,0,0,2021-06-21 14:42:42+05:18
1,0,0,0,0,0,2021-06-20 19:22:56+05:18
0,0,0,0,0,0,2021-06-20 23:43:50+05:18
0,0,0,0,0,0,2021-06-21 12:18:48+05:18
0,0,0,0,0,0,2021-06-21 23:42:26+05:18
0,0,0,0,0,0,2021-06-22 21:23:27+05:18
2,0,0,0,0,0,2021-06-20 16:21:56+05:18
0,0,0,0,0,0,2021-06-22 20:50:49+05:18
3,0,0,0,0,0,2021-06-22 20:59:28+05:18
1,0,0,0,0,0,2021-06-22 13:42:12+05:18
1,0,0,0,0,0,2021-06-22 15:55:42+05:18
1,0,0,0,0,0,2021-06-22 15:57:20+05:18
0,0,0,0,0,0,2021-06-22 16:06:57+05:18
1,0,0,0,0,0,2021-06-22 16:43:07+05:18
0,0,0,0,0,0,2021-06-22 19:40:08+05:18
0,0,0,0,0,0,2021-06-22 22:44:45+05:18
0,0,0,0,0,0,2021-06-23 13:07:33+05:18
0,0,0,0,0,0,2021-06-23 17:20:59+05:18
0,0,0,0,0,0,2021-06-23 17:25:47+05:18
0,0,0,0,0,0,2021-06-23 22:23:12+05:18
0,0,0,0,0,0,2021-06-24 14:24:07+05:18
3,0,0,0,0,0,2021-06-25 12:46:18+05:18
2,0,0,0,0,0,2021-06-25 14:10:41+05:18
1,0,0,0,0,0,2021-06-25 16:01:31+05:18
1,0,0,0,1,0,2021-06-25 15:58:00+05:18
0,0,0,0,0,0,2021-06-25 13:30:53+05:18
1,0,0,0,0,0,2021-06-24 11:54:03+05:18
0,0,0,0,0,0,2021-06-24 18:41:39+05:18
0,1,1,1,0,0,2021-06-24 19:41:01+05:18
0,1,1,1,0,0,2021-06-24 23:42:01+05:18
0,0,0,0,0,0,2021-06-24 23:43:52+05:18
0,0,0,0,1,0,2021-06-25 16:15:10+05:18
2,0,0,0,0,0,2021-06-25 17:23:46+05:18
3,0,0,0,0,0,2021-06-25 22:27:23+05:18
0,0,0,0,0,0,2021-06-25 18:44:53+05:18
0,0,0,0,0,0,2021-06-25 18:47:45+05:18
0,0,0,0,0,0,2021-06-25 19:43:18+05:18
1,0,0,0,0,0,2021-06-25 23:23:30+05:18
0,0,0,0,0,0,2021-06-26 08:36:40+05:18
0,0,0,0,0,0,2021-06-26 08:37:35+05:18
2,0,0,0,0,0,2021-06-26 12:18:16+05:18
1,0,0,0,0,0,2021-06-26 15:36:36+05:18
3,1,0,1,1,0,2021-06-26 17:37:12+05:18
1,1,1,1,0,0,2021-06-26 17:21:22+05:18
2,0,0,0,0,0,2021-06-26 21:11:47+05:18
0,0,0,0,0,0,2021-06-26 21:32:58+05:18
0,0,0,0,0,0,2021-06-26 21:38:45+05:18
0,0,0,0,0,0,2021-06-26 21:50:31+05:18
0,0,0,0,0,0,2021-06-27 09:52:48+05:18
2,0,0,0,0,0,2021-06-27 20:15:58+05:18
2,0,0,0,0,0,2021-06-27 21:40:36+05:18
1,0,0,0,0,0,2021-06-28 10:31:27+05:18
0,0,0,0,0,0,2021-06-28 10:55:48+05:18
0,0,0,0,0,0,2021-06-28 11:53:06+05:18
0,0,0,0,0,0,2021-06-28 12:45:57+05:18
0,0,0,0,0,0,2021-06-28 14:21:20+05:18
0,0,0,0,0,0,2021-06-28 14:38:19+05:18
3,0,0,0,0,0,2021-06-28 14:14:37+05:18
0,0,0,0,0,0,2021-06-28 14:24:14+05:18
3,0,0,0,0,0,2021-06-28 15:00:44+05:18
2,0,0,0,0,0,2021-06-28 16:25:59+05:18
1,0,0,0,0,0,2021-06-28 16:50:06+05:18
0,0,0,0,0,0,2021-06-28 20:21:00+05:18
1,0,0,0,0,0,2021-06-28 21:30:11+05:18
0,0,0,0,0,0,2021-06-29 00:30:57+05:18
0,0,0,0,0,0,2021-06-29 00:52:15+05:18
0,0,0,0,0,0,2021-06-29 10:31:16+05:18
0,0,0,0,0,0,2021-06-29 11:06:42+05:18
0,0,0,0,0,0,2021-07-03 12:32:27+05:18
1,1,1,1,0,0,2021-06-30 19:18:36+05:18
2,2,0,1,1,1,2021-06-28 15:07:46+05:18
2,2,0,1,1,1,2021-06-29 20:24:48+05:18
0,0,0,0,0,0,2021-06-29 12:48:00+05:18
0,0,0,0,0,0,2021-06-29 14:15:05+05:18
2,1,0,1,1,1,2021-06-29 20:36:09+05:18
0,0,0,0,1,0,2021-06-29 21:06:21+05:18
0,0,0,0,1,0,2021-06-29 21:57:00+05:18
2,0,0,0,0,0,2021-06-30 11:10:41+05:18
2,0,0,0,0,0,2021-06-30 11:47:05+05:18
3,0,0,0,0,0,2021-06-30 13:34:16+05:18
1,1,1,1,0,0,2021-07-01 11:23:55+05:18
1,1,1,1,0,0,2021-07-01 18:40:01+05:18
2,0,0,0,0,0,2021-06-30 21:05:08+05:18
1,0,0,0,0,0,2021-07-01 11:20:24+05:18
1,0,0,0,0,0,2021-07-01 11:47:06+05:18
0,0,0,0,0,0,2021-07-01 13:59:26+05:18
0,0,0,0,0,0,2021-07-02 09:47:17+05:18
1,0,0,0,0,0,2021-06-30 12:29:20+05:18
2,2,0,0,0,1,2021-07-01 16:29:36+05:18
2,0,0,0,0,0,2021-07-01 22:59:47+05:18
1,0,0,0,0,0,2021-07-01 23:39:39+05:18
0,0,0,0,0,0,2021-07-02 10:42:00+05:18
1,1,0,0,0,1,2021-07-02 13:16:01+05:18
2,2,2,2,0,0,2021-07-02 23:56:25+05:18
1,0,0,0,0,0,2021-07-03 00:16:33+05:18
2,0,0,0,0,0,2021-07-03 00:18:56+05:18
1,0,0,0,0,0,2021-07-03 16:58:05+05:18
2,1,0,0,0,0,2021-07-06 16:45:53+05:18
1,0,0,0,0,0,2021-07-03 21:38:27+05:18
1,0,0,0,0,0,2021-07-03 22:40:31+05:18
2,2,2,2,0,0,2021-07-03 22:44:28+05:18
0,0,0,0,0,0,2021-07-03 22:46:06+05:18
0,0,0,0,0,0,2021-07-05 14:59:26+05:18
2,0,0,0,0,0,2021-07-06 16:38:47+05:18
1,0,0,0,0,0,2021-07-06 17:14:13+05:18
0,0,0,0,0,0,2021-07-06 16:56:23+05:18
2,0,0,0,0,0,2021-07-06 17:09:41+05:18
1,0,0,0,0,0,2021-07-07 12:58:50+05:18
2,2,2,2,0,0,2021-07-07 10:33:37+05:18
0,0,0,0,0,0,2021-07-06 17:21:42+05:18
2,0,0,0,0,0,2021-07-06 17:47:58+05:18
2,0,0,0,0,0,2021-07-06 20:33:48+05:18
0,0,0,0,0,0,2021-07-06 22:23:02+05:18
2,0,0,0,0,0,2021-07-07 18:42:10+05:18
1,1,0,1,2,1,2021-07-15 16:09:27+05:18
1,1,0,1,0,0,2021-07-09 21:29:58+05:18
1,1,0,1,0,0,2021-07-09 21:30:14+05:18
1,1,0,1,0,0,2021-07-09 22:02:38+05:18
1,1,0,1,0,0,2021-07-09 22:32:40+05:18
0,0,0,0,0,0,2021-07-09 22:36:27+05:18
2,2,1,2,0,0,2021-07-11 22:05:26+05:18
1,1,0,1,0,0,2021-07-12 19:45:46+05:18
1,1,0,1,0,0,2021-07-12 19:48:31+05:18
2,2,0,2,0,0,2021-07-14 17:10:19+05:18
0,0,0,0,0,0,2021-07-10 13:48:32+05:18
0,0,0,0,0,0,2021-07-10 13:49:14+05:18
0,0,0,0,0,0,2021-07-15 00:32:27+05:18
0,0,0,0,0,0,2021-07-15 22:02:18+05:18
1,1,0,1,0,0,2021-07-15 21:11:14+05:18
0,0,0,0,0,0,2021-07-15 23:03:44+05:18
0,0,0,0,0,0,2021-07-16 10:12:21+05:18
0,0,0,0,0,0,2021-07-16 10:13:16+05:18
0,0,0,0,0,0,2021-07-16 18:17:59+05:18
2,2,0,1,0,1,2021-07-18 20:22:25+05:18
0,0,0,0,0,0,2021-07-17 15:59:25+05:18
3,1,0,1,0,0,2021-07-17 20:14:42+05:18
0,0,0,0,0,0,2021-07-15 23:29:31+05:18
0,0,0,0,0,0,2021-07-16 11:06:24+05:18
0,0,0,0,0,0,2021-07-17 15:19:53+05:18
1,1,0,1,0,0,2021-07-17 17:45:32+05:18
1,1,0,1,0,0,2021-07-17 18:17:25+05:18
0,0,0,0,0,0,2021-07-17 22:51:10+05:18
3,3,0,3,0,0,2021-07-18 00:37:14+05:18
1,1,0,1,0,0,2021-07-18 00:37:39+05:18
0,0,0,0,0,0,2021-07-18 13:20:14+05:18
3,1,0,1,0,0,2021-07-18 18:11:23+05:18
3,1,0,1,0,0,2021-07-18 20:11:13+05:18
1,1,0,1,0,0,2021-07-18 20:26:16+05:18
1,1,0,1,0,1,2021-07-18 20:30:56+05:18
3,2,0,2,0,1,2021-07-18 21:08:26+05:18
1,0,0,0,0,0,2021-07-18 21:56:19+05:18
0,0,0,0,0,0,2021-07-18 21:31:19+05:18
0,0,0,0,0,0,2021-07-18 21:55:31+05:18
0,0,0,0,0,0,2021-07-18 23:05:50+05:18
2,1,0,1,0,0,2021-07-18 23:19:01+05:18
1,1,0,1,0,1,2021-07-18 23:52:03+05:18
4,2,0,2,0,1,2021-07-19 00:45:15+05:18
0,0,0,0,0,0,2021-07-19 12:22:09+05:18
0,0,0,0,0,0,2021-07-19 12:40:08+05:18
0,0,0,0,0,0,2021-07-19 18:52:34+05:18
0,0,0,0,0,0,2021-07-19 20:33:28+05:18
