Acquisition,Preparation,Modeling,Training,Evaluation,Prediction,time
0,0,0,0,0,0,2019-06-19 13:00:29-04:00
0,0,0,0,0,0,2019-06-19 13:02:49-04:00
0,0,0,0,0,0,2019-06-19 13:15:38-04:00
0,0,0,0,0,0,2019-06-19 13:23:58-04:00
0,0,0,0,0,0,2019-06-19 14:15:00-04:00
7,8,5,4,3,3,2019-06-19 15:12:30-04:00
4,4,4,4,3,1,2019-06-20 00:48:49-04:00
1,1,1,1,0,0,2019-06-20 01:21:10-04:00
0,0,0,0,0,0,2019-06-20 01:25:35-04:00
0,0,0,0,0,0,2019-06-21 00:08:41-04:00
2,3,1,1,0,1,2019-06-21 21:11:47-04:00
2,2,2,1,0,1,2019-06-22 13:01:54-04:00
0,1,1,1,1,1,2019-06-22 21:48:20-04:00
0,2,0,0,0,1,2019-06-22 23:50:14-04:00
0,2,0,0,0,1,2019-06-23 01:54:45-04:00
0,2,1,1,0,2,2019-06-23 02:13:10-04:00
2,4,1,1,0,3,2019-06-26 14:49:36-04:00
0,0,0,0,0,0,2019-06-26 14:59:00-04:00
0,0,0,0,0,0,2019-06-26 15:00:56-04:00
1,1,0,0,0,1,2019-06-26 15:35:55-04:00
1,1,0,0,0,1,2019-06-26 17:53:15-04:00
3,5,4,2,1,3,2019-06-27 17:26:39-04:00
0,2,1,1,1,1,2019-06-27 17:32:17-04:00
2,3,1,1,0,2,2019-06-30 22:52:53-04:00
1,2,0,0,0,1,2019-07-01 19:51:49-04:00
2,4,2,1,1,2,2019-07-11 20:08:02-04:00
4,7,4,2,1,4,2019-07-25 16:50:24-04:00
0,0,0,0,0,0,2019-07-25 17:10:52-04:00
1,2,0,0,0,2,2019-07-25 21:42:12-04:00
1,1,0,0,0,1,2019-07-25 21:48:34-04:00
1,2,0,0,0,2,2019-07-26 21:42:28-04:00
1,2,0,0,0,2,2019-07-28 03:22:20-04:00
0,1,0,0,0,1,2019-07-30 00:55:00-04:00
0,1,0,0,0,1,2019-07-30 09:38:36-04:00
3,3,2,1,0,3,2019-07-31 12:21:51-04:00
0,0,0,0,0,0,2019-07-31 12:24:09-04:00
0,0,0,0,0,0,2019-07-31 12:43:32-04:00
0,3,0,0,0,2,2019-08-03 20:08:20-04:00
2,5,2,1,0,3,2019-08-05 21:06:19-04:00
0,0,0,0,0,0,2019-08-05 21:39:26-04:00
0,2,0,0,0,2,2019-08-05 21:42:32-04:00
0,3,1,1,0,2,2019-08-07 15:46:17-04:00
0,0,0,0,0,0,2019-08-07 16:10:14-04:00
1,2,1,0,0,1,2019-08-09 16:58:53-04:00
0,0,0,0,0,0,2019-08-09 17:01:23-04:00
0,1,1,1,1,1,2019-08-09 23:38:28-04:00
1,2,2,1,0,1,2019-08-10 02:05:47-04:00
0,0,0,0,0,0,2019-08-10 02:08:30-04:00
0,0,0,0,0,0,2019-08-10 02:09:38-04:00
0,3,1,1,0,3,2019-08-10 20:10:16-04:00
0,1,0,0,0,1,2019-08-11 16:51:37-04:00
0,0,0,0,0,0,2019-08-11 17:37:24-04:00
0,0,0,0,0,0,2019-08-11 17:39:11-04:00
0,0,0,0,0,0,2019-08-12 10:27:04-04:00
0,0,0,0,0,0,2019-08-23 10:48:34-04:00
