Acquisition,Preparation,Modeling,Training,Evaluation,Prediction,time
1,0,0,0,0,0,2017-11-08 11:13:20-05:00
0,0,0,0,0,0,2017-11-08 11:13:39-05:00
1,0,0,0,0,0,2017-11-08 11:49:43-05:00
0,0,0,0,0,0,2017-11-08 11:50:13-05:00
1,0,0,0,0,0,2017-11-10 16:52:24-05:00
2,0,0,0,0,0,2017-11-30 08:41:34-05:00
1,1,0,0,0,0,2017-11-30 09:56:28-05:00
0,0,0,0,0,0,2018-02-01 17:32:01-05:00
1,1,0,0,0,0,2018-02-04 22:25:31-05:00
0,0,0,0,0,0,2018-02-04 22:26:42-05:00
1,0,0,0,0,0,2018-02-04 22:43:11-05:00
0,0,0,0,0,0,2018-02-04 23:42:32-05:00
1,0,0,0,0,0,2018-02-04 23:43:09-05:00
0,0,0,0,0,0,2018-02-04 23:44:11-05:00
1,1,0,0,0,0,2018-02-05 04:00:07-05:00
7,7,0,0,3,1,2018-02-05 05:03:11-05:00
0,0,0,0,0,0,2018-02-05 05:04:35-05:00
0,0,0,0,0,0,2018-02-05 05:07:33-05:00
2,2,0,0,0,0,2018-02-05 08:36:12-05:00
0,0,0,0,0,0,2018-02-05 08:49:23-05:00
0,0,0,0,0,0,2018-02-05 08:56:34-05:00
0,0,0,0,0,0,2018-02-05 09:51:19-05:00
2,0,0,0,0,0,2018-02-05 13:20:31-05:00
0,0,0,0,0,0,2018-02-05 13:21:51-05:00
2,0,0,0,0,0,2018-02-05 21:00:25-05:00
3,2,2,1,0,0,2018-02-06 04:36:50-05:00
0,0,0,0,0,0,2018-02-06 04:37:40-05:00
2,1,0,0,0,0,2018-02-06 13:21:24-05:00
4,3,2,1,0,0,2018-02-07 08:41:24-05:00
0,0,0,0,0,0,2018-02-07 08:44:16-05:00
2,1,2,1,0,0,2018-02-09 06:50:40-05:00
2,1,2,1,0,0,2018-02-13 03:41:57-05:00
1,1,1,1,0,0,2018-02-13 17:58:43-05:00
1,2,0,0,0,0,2018-02-15 07:01:09-05:00
0,0,0,0,0,0,2018-02-15 07:01:57-05:00
0,0,0,0,0,0,2018-02-15 07:03:21-05:00
1,2,0,0,0,0,2018-02-16 03:22:50-05:00
0,0,0,0,0,0,2018-02-17 00:36:32-05:00
0,0,0,0,0,0,2018-02-17 19:04:16-05:00
1,2,0,0,0,0,2018-02-19 01:34:51-05:00
0,1,0,0,0,0,2018-02-19 01:47:26-05:00
0,0,0,0,0,0,2018-02-19 07:10:43-05:00
0,0,0,0,0,0,2018-02-19 08:01:27-05:00
3,3,1,1,0,0,2018-02-21 10:02:10-05:00
1,1,1,1,0,0,2018-02-22 21:28:52-05:00
1,1,0,0,0,0,2018-02-25 22:35:26-05:00
1,1,0,0,0,0,2018-02-25 22:38:22-05:00
2,2,0,0,0,0,2018-02-26 07:31:55-05:00
3,3,0,0,0,0,2018-02-26 17:59:30-05:00
0,0,0,0,0,0,2018-02-26 21:28:02-05:00
2,3,0,0,0,0,2018-03-01 14:18:24-05:00
0,0,0,0,0,0,2018-03-01 14:23:35-05:00
1,1,0,0,0,0,2018-03-01 14:45:55-05:00
1,2,0,0,0,0,2018-03-01 14:47:50-05:00
2,2,0,0,0,0,2018-03-04 20:27:28-05:00
2,2,0,0,0,0,2018-03-21 10:28:29-04:00
0,0,0,0,0,0,2018-03-21 10:29:28-04:00
1,1,0,0,0,0,2018-03-21 10:48:16-04:00
1,1,1,1,0,0,2018-03-25 20:56:06-04:00
1,1,1,1,0,0,2018-03-25 21:40:08-04:00
1,1,1,1,0,0,2018-03-25 21:44:23-04:00
1,1,1,1,0,0,2018-03-25 21:46:29-04:00
1,1,1,1,0,0,2018-03-26 19:40:41-04:00
0,0,0,0,0,0,2018-03-27 16:43:20-04:00
0,0,0,0,0,0,2018-03-27 16:43:53-04:00
0,0,0,0,0,0,2018-03-27 21:39:17-04:00
1,1,1,1,0,0,2018-03-27 23:41:40-04:00
3,4,1,1,1,0,2018-04-11 10:06:04-04:00
0,0,0,0,0,0,2018-04-11 10:06:58-04:00
1,1,1,1,0,0,2018-04-11 10:40:05-04:00
1,1,1,1,0,0,2018-04-11 10:41:04-04:00
1,1,1,1,0,0,2018-04-11 12:15:36-04:00
1,1,1,1,0,0,2018-04-12 02:11:27-04:00
1,1,1,1,0,0,2018-04-12 02:14:24-04:00
1,1,1,1,0,0,2018-04-12 02:16:05-04:00
1,1,1,1,0,0,2018-04-12 02:26:05-04:00
1,1,1,1,0,0,2018-04-12 02:39:38-04:00
1,1,1,1,0,0,2018-04-12 02:43:04-04:00
1,1,1,1,0,0,2018-04-12 17:04:46-04:00
1,1,1,1,0,0,2018-04-12 17:38:43-04:00
1,1,1,1,0,0,2018-04-12 19:30:53-04:00
1,1,1,1,0,0,2018-04-13 10:44:40-04:00
1,1,1,1,0,0,2018-04-13 13:39:02-04:00
1,1,1,1,0,0,2018-04-13 20:21:05-04:00
1,1,1,1,0,0,2018-04-13 20:24:46-04:00
1,1,1,1,0,1,2018-04-16 06:30:09-04:00
1,1,1,1,0,1,2018-04-16 06:33:32-04:00
1,1,1,1,0,1,2018-04-16 09:18:36-04:00
1,1,1,1,0,1,2018-04-16 09:27:27-04:00
0,1,0,0,0,0,2018-04-19 14:27:15-04:00
0,0,0,0,0,0,2018-04-19 14:31:54-04:00
2,3,1,1,1,1,2018-04-25 18:13:23-04:00
3,4,1,1,1,1,2018-04-26 04:37:04-04:00
2,2,1,1,1,1,2018-04-26 04:37:48-04:00
0,0,0,0,0,0,2018-04-26 04:39:13-04:00
2,3,0,0,1,0,2018-04-26 05:41:08-04:00
1,1,0,0,1,0,2018-04-26 05:42:34-04:00
1,1,1,1,0,1,2018-04-26 05:55:04-04:00
0,0,0,0,0,0,2018-04-26 07:29:56-04:00
1,1,0,0,1,0,2018-04-27 13:50:47-04:00
0,0,0,0,0,0,2018-04-28 10:32:44-04:00
0,0,0,0,0,0,2018-05-02 11:41:08-04:00
0,0,0,0,0,0,2018-05-02 11:41:50-04:00
0,0,0,0,0,0,2018-05-23 01:41:02-04:00
0,0,0,0,0,0,2018-10-05 18:31:27-04:00
0,0,0,0,0,0,2018-10-05 18:34:54-04:00
0,0,0,0,0,0,2018-10-05 18:37:35-04:00
0,0,0,0,0,0,2018-10-05 19:05:28-04:00
0,0,0,0,0,0,2019-06-06 13:37:23-04:00
