Acquisition,Preparation,Modeling,Training,Evaluation,Prediction,time
0,0,0,0,0,0,2021-09-15 14:17:59-05:00
0,0,0,0,0,0,2021-09-15 14:26:23-05:00
0,0,0,0,0,0,2021-09-15 14:28:23-05:00
0,0,0,0,0,0,2021-09-19 01:59:51-05:00
0,0,0,0,0,0,2021-09-19 19:36:00-05:00
0,0,0,0,0,0,2021-09-19 19:44:24-05:00
0,0,0,0,0,0,2021-09-19 20:12:35-05:00
0,0,0,0,0,0,2021-09-20 21:30:51-05:00
0,0,0,0,0,0,2021-09-20 21:35:43-05:00
1,0,0,0,0,0,2021-09-20 22:22:41-05:00
0,0,0,0,0,0,2021-09-20 22:59:39-05:00
3,3,0,2,1,2,2021-09-21 20:30:27-05:00
4,4,0,2,1,3,2021-09-22 21:28:31-05:00
0,0,0,0,0,0,2021-09-28 18:38:50-05:00
0,0,0,0,0,0,2021-09-28 21:16:33-05:00
0,0,0,0,0,0,2021-09-28 22:35:10-05:00
0,0,0,0,0,0,2021-09-29 17:09:57-05:00
0,0,0,0,0,0,2021-09-29 19:59:06-05:00
0,0,0,0,0,0,2021-09-29 20:23:10-05:00
0,0,0,0,0,0,2021-09-29 20:24:00-05:00
0,0,0,0,0,0,2021-09-29 20:24:46-05:00
0,0,0,0,0,0,2021-09-29 20:26:03-05:00
0,0,0,0,0,0,2021-09-29 20:26:57-05:00
0,0,0,0,0,0,2021-09-30 22:12:17-05:00
1,1,0,0,0,1,2021-10-01 01:35:59-05:00
0,0,0,0,0,0,2021-10-01 01:36:13-05:00
0,0,0,0,0,0,2021-10-01 11:33:27-05:00
0,0,0,0,0,0,2021-10-01 11:33:35-05:00
1,1,0,1,0,0,2021-10-01 20:26:01+01:00
0,0,0,0,0,0,2021-10-01 20:27:47+01:00
0,0,0,0,0,0,2021-10-01 20:31:08+01:00
1,1,0,1,0,0,2021-10-01 15:09:32-05:00
0,0,0,0,0,0,2021-10-01 15:10:26-05:00
0,0,0,0,0,0,2021-10-01 15:26:36-05:00
0,0,0,0,0,0,2021-10-01 15:36:23-05:00
0,0,0,0,0,0,2021-10-01 15:38:16-05:00
0,1,0,1,0,0,2021-10-01 15:42:42-05:00
0,0,0,0,0,0,2021-10-01 15:50:34-05:00
0,0,0,0,0,0,2021-10-01 16:37:28-05:00
0,0,0,0,0,0,2021-10-01 17:38:51-05:00
0,0,0,0,0,0,2021-10-01 18:06:43-05:00
1,1,0,0,0,1,2021-10-01 18:37:16-05:00
0,0,0,0,0,0,2021-10-01 19:00:21-05:00
0,0,0,0,0,0,2021-10-01 19:02:31-05:00
0,0,0,0,0,0,2021-10-01 19:04:16-05:00
0,0,0,0,0,0,2021-10-01 19:06:14-05:00
0,0,0,0,0,0,2021-10-01 21:47:40-05:00
0,0,0,0,0,0,2021-10-02 22:56:59-05:00
0,0,0,0,0,0,2021-10-02 23:12:07-05:00
0,0,0,0,0,0,2021-10-02 23:12:14-05:00
0,0,0,0,0,0,2021-10-03 14:34:32-05:00
0,0,0,0,0,0,2021-10-03 16:48:00-05:00
0,0,0,0,0,0,2021-10-03 17:10:13-05:00
1,1,0,0,0,1,2021-10-03 19:26:56-05:00
0,0,0,0,0,0,2021-10-03 19:30:00-05:00
0,0,0,0,0,0,2021-10-03 19:31:04-05:00
0,0,0,0,0,0,2021-10-03 20:30:23-05:00
0,0,0,0,0,0,2021-10-03 20:32:50-05:00
0,0,0,0,0,0,2021-10-03 20:59:33-05:00
1,1,0,0,0,1,2021-10-03 21:26:15-05:00
0,0,0,0,0,0,2021-10-03 22:47:37-05:00
0,0,0,0,0,0,2021-10-04 16:26:03-05:00
0,0,0,0,0,0,2021-10-04 16:26:03-05:00
0,0,0,0,0,0,2021-10-05 19:08:03-05:00
1,2,0,1,0,1,2021-10-05 22:43:49-05:00
0,1,0,1,0,0,2021-10-05 23:32:19-05:00
1,1,0,0,0,1,2021-10-06 00:01:55-05:00
0,0,0,0,0,0,2021-10-06 15:58:55-05:00
0,0,0,0,0,0,2021-10-06 18:31:35-05:00
1,1,0,0,0,1,2021-10-06 22:42:50-05:00
0,0,0,0,0,0,2021-10-06 22:59:55-05:00
0,0,0,0,0,0,2021-10-06 23:14:08-05:00
0,0,0,0,0,0,2021-10-06 23:41:29-05:00
0,0,0,0,0,0,2021-10-06 23:46:09-05:00
1,1,0,0,0,1,2021-10-06 23:47:52-05:00
0,0,0,0,0,0,2021-10-06 23:52:30-05:00
0,0,0,0,0,0,2021-10-06 23:52:43-05:00
0,0,0,0,0,0,2021-10-06 23:57:33-05:00
1,1,0,0,0,1,2021-10-07 00:16:29-05:00
1,2,0,1,0,1,2021-10-07 00:51:46-05:00
0,0,0,0,0,0,2021-10-07 00:52:07-05:00
1,1,0,0,0,1,2021-10-07 01:00:30-05:00
0,0,0,0,0,0,2021-10-07 01:00:37-05:00
1,1,0,0,0,1,2021-10-07 01:27:42-05:00
0,0,0,0,0,0,2021-10-07 10:27:03-05:00
0,0,0,0,0,0,2021-10-07 19:07:26-05:00
0,0,0,0,0,0,2021-10-12 23:44:29-05:00
0,0,0,0,0,0,2021-10-12 23:45:05-05:00
1,2,0,2,1,1,2021-10-19 21:13:41-05:00
0,1,0,1,0,0,2021-10-27 20:54:02-05:00
0,0,0,0,0,0,2021-10-27 21:46:02-05:00
1,2,0,1,0,1,2021-10-28 12:01:50-05:00
1,1,0,0,0,1,2021-10-28 12:06:38-05:00
0,0,0,0,0,0,2021-10-30 17:31:51-05:00
0,0,0,0,0,0,2021-11-01 18:16:25-05:00
1,2,0,2,1,1,2021-11-05 19:17:18-05:00
1,1,0,1,1,1,2021-11-05 19:45:55-05:00
0,0,0,0,0,0,2021-11-06 15:52:54-05:00
0,0,0,0,0,0,2021-11-07 17:55:10-06:00
0,0,0,0,0,0,2021-11-08 17:17:36-06:00
0,0,0,0,0,0,2021-11-15 22:05:46-06:00
0,0,0,0,0,0,2021-11-19 14:56:29-06:00
0,0,0,0,0,0,2021-11-27 18:24:26-06:00
0,0,0,0,0,0,2021-11-27 19:03:21-06:00
0,0,0,0,0,0,2021-11-28 14:26:02-06:00
0,0,0,0,0,0,2021-11-28 14:43:44-06:00
0,0,0,0,0,0,2021-11-28 15:08:07-06:00
0,0,0,0,0,0,2021-11-28 15:31:18-06:00
0,0,0,0,0,0,2021-11-28 15:32:39-06:00
0,0,0,0,0,0,2021-11-28 15:37:44-06:00
0,0,0,0,0,0,2021-11-28 19:11:53-06:00
0,0,0,0,0,0,2021-11-28 19:14:16-06:00
0,0,0,0,0,0,2021-11-28 19:40:27-06:00
0,0,0,0,0,0,2021-11-28 19:42:57-06:00
1,1,0,1,1,1,2021-11-30 12:29:31-06:00
0,0,0,0,0,0,2021-12-01 11:14:45-06:00
0,0,0,0,0,0,2021-12-04 10:35:43-06:00
0,0,0,0,0,0,2021-12-04 10:36:47-06:00
0,0,0,0,0,0,2021-12-04 11:09:07-06:00
0,0,0,0,0,0,2021-12-04 11:12:29-06:00
0,0,0,0,0,0,2021-12-05 15:10:07-06:00
0,0,0,0,0,0,2021-12-05 15:15:41-06:00
0,0,0,0,0,0,2021-12-06 22:15:21-06:00
0,0,0,0,0,0,2021-12-06 23:43:02-06:00
0,0,0,0,0,0,2021-12-07 21:08:18-06:00
0,0,0,0,0,0,2021-12-07 21:09:30-06:00
0,0,0,0,0,0,2021-12-07 21:16:47-06:00
2,3,0,2,1,2,2021-12-07 23:30:56-06:00
0,0,0,0,0,0,2021-12-07 23:34:33-06:00
0,0,0,0,0,0,2021-12-07 23:36:08-06:00
1,2,0,2,1,1,2021-12-08 18:18:27-06:00
0,0,0,0,0,0,2021-12-08 18:22:01-06:00
1,1,0,0,0,1,2021-12-08 18:25:40-06:00
0,0,0,0,0,0,2021-12-08 18:29:37-06:00
