Acquisition,Preparation,Modeling,Training,Evaluation,Prediction,time
0,0,0,0,0,0,2020-07-13 20:53:51-07:00
1,2,0,0,1,0,2020-07-14 05:18:39+00:00
0,0,0,0,0,0,2020-07-14 05:19:11+00:00
0,0,0,0,0,0,2020-07-14 05:35:07+00:00
0,0,0,0,0,0,2020-07-14 05:35:24+00:00
0,1,0,0,1,0,2020-07-15 05:45:38+00:00
0,1,0,0,1,0,2020-07-16 00:01:02+00:00
0,1,0,0,1,0,2020-07-16 00:03:31+00:00
0,1,0,0,1,0,2020-07-16 17:28:35+00:00
0,0,0,0,0,0,2020-07-16 18:31:25+00:00
0,1,0,0,1,0,2020-07-17 01:44:11+00:00
1,2,0,0,1,0,2020-07-17 02:24:41+00:00
0,1,0,0,1,0,2020-07-17 02:40:02+00:00
0,1,0,0,1,0,2020-07-17 03:01:09+00:00
0,1,0,0,1,0,2020-07-17 19:57:19+00:00
0,1,0,0,1,0,2020-07-18 20:34:32+00:00
1,2,0,0,1,0,2020-07-19 02:58:57+00:00
0,1,0,0,1,0,2020-07-19 04:08:29+00:00
0,0,0,0,0,0,2020-07-19 04:08:39+00:00
1,2,0,0,0,0,2020-07-20 22:31:00+00:00
1,3,0,0,1,0,2020-07-20 22:36:07+00:00
1,3,0,0,1,0,2020-07-20 22:37:40+00:00
1,3,0,0,1,0,2020-07-20 22:40:58+00:00
0,0,0,0,0,0,2020-07-20 22:41:14+00:00
2,3,1,1,0,0,2020-07-21 05:21:54+00:00
2,4,1,1,0,0,2020-07-22 18:10:53+00:00
0,2,0,0,0,0,2020-07-23 00:17:30+00:00
0,0,0,0,0,0,2020-07-23 01:56:01+00:00
0,1,0,0,0,0,2020-07-23 04:36:35+00:00
0,1,0,0,0,0,2020-07-27 18:08:38-07:00
0,2,0,0,0,0,2020-07-27 19:45:15-07:00
0,0,0,0,0,0,2020-07-27 19:51:26-07:00
1,3,0,0,1,0,2020-07-27 19:56:03-07:00
0,0,0,0,0,0,2020-07-27 20:14:29-07:00
0,0,0,0,0,0,2020-07-27 20:17:59-07:00
0,0,0,0,0,0,2020-07-27 20:34:05-07:00
1,0,0,0,0,0,2020-07-28 09:36:12-07:00
0,0,0,0,0,0,2020-07-28 17:30:35+00:00
0,4,1,1,1,0,2020-07-28 17:46:34+00:00
1,1,0,0,0,1,2020-07-29 04:22:36+00:00
1,3,1,0,1,3,2020-07-30 01:31:30+00:00
1,1,0,0,0,0,2020-07-30 02:14:33+00:00
2,4,1,2,0,1,2020-07-30 19:57:11+00:00
1,0,0,0,0,0,2020-08-02 05:28:28+00:00
0,5,2,3,1,2,2020-08-02 05:52:53+00:00
0,0,0,0,0,0,2020-08-03 05:17:21+00:00
0,0,0,0,0,0,2020-08-03 19:07:13+00:00
1,1,0,0,0,0,2020-08-04 04:25:22+00:00
0,0,0,0,0,0,2021-06-24 16:42:13-07:00
0,0,0,0,0,0,2021-06-24 16:48:44-07:00
