Acquisition,Preparation,Modeling,Training,Evaluation,Prediction,time
0,0,0,0,0,0,2021-07-12 18:58:39+03:00
0,0,0,0,0,0,2021-07-12 19:01:22+03:00
2,1,0,0,0,0,2021-07-13 07:20:57+03:00
0,0,0,0,0,0,2021-07-13 07:31:32+03:00
1,1,0,0,0,0,2021-07-13 08:00:12+03:00
4,2,0,0,0,0,2021-07-13 10:19:25+03:00
1,1,0,0,0,0,2021-07-13 10:20:00+03:00
0,0,0,0,0,0,2021-07-13 11:19:48+03:00
3,2,0,0,0,0,2021-07-13 12:08:01+03:00
2,2,0,0,0,0,2021-07-13 12:16:53+03:00
1,2,0,0,0,0,2021-07-13 12:23:40+03:00
2,2,0,0,0,0,2021-07-13 13:22:08+03:00
2,2,0,0,0,0,2021-07-13 14:30:48+03:00
1,1,0,0,0,0,2021-07-13 14:37:32+03:00
2,1,0,0,0,0,2021-07-13 16:14:10+03:00
2,3,0,0,0,0,2021-07-13 16:36:18+03:00
1,1,0,0,0,0,2021-07-13 16:36:23+03:00
2,3,0,0,0,0,2021-07-13 18:37:32+03:00
0,0,0,0,0,0,2021-07-13 18:43:13+03:00
3,3,0,0,0,0,2021-07-13 20:00:59+03:00
2,2,0,0,0,0,2021-07-13 20:16:36+03:00
0,0,0,0,0,0,2021-07-13 20:18:38+03:00
2,2,0,0,2,0,2021-07-14 02:32:22+03:00
0,0,0,0,0,0,2021-07-14 02:33:34+03:00
1,1,0,0,1,0,2021-07-14 08:33:59+03:00
0,0,0,0,0,0,2021-07-14 08:35:17+03:00
2,2,0,0,2,0,2021-07-14 12:59:26+03:00
0,0,0,0,0,0,2021-07-14 13:53:59+03:00
1,1,0,0,1,0,2021-07-14 18:13:05+03:00
0,0,0,0,0,0,2021-07-14 18:15:03+03:00
1,1,0,0,1,0,2021-07-14 18:33:56+03:00
1,1,0,0,1,0,2021-07-14 18:34:03+03:00
0,0,0,0,0,0,2021-07-14 18:35:36+03:00
0,0,0,0,0,0,2021-07-14 18:46:37+03:00
0,0,0,0,0,0,2021-07-14 18:46:44+03:00
0,0,0,0,0,0,2021-07-14 18:47:21+03:00
0,0,0,0,0,0,2021-07-14 18:50:20+03:00
0,0,0,0,0,0,2021-07-14 18:54:59+03:00
0,0,0,0,0,0,2021-07-14 19:04:29+03:00
0,0,0,0,0,0,2021-07-14 19:06:30+03:00
0,0,0,0,0,0,2021-07-14 19:07:47+03:00
0,0,0,0,0,0,2021-07-14 19:10:00+03:00
0,0,0,0,0,0,2021-07-14 19:18:47+03:00
0,0,0,0,0,0,2021-07-14 19:29:07+03:00
0,0,0,0,0,0,2021-07-14 19:29:40+03:00
1,1,0,1,1,0,2021-07-15 14:55:57+03:00
1,1,0,1,1,0,2021-07-15 16:43:23+03:00
2,2,0,2,2,2,2021-07-15 20:27:47+03:00
2,2,0,1,2,1,2021-07-15 22:11:20+03:00
0,0,0,0,0,0,2021-07-16 10:54:31+03:00
4,5,0,3,4,3,2021-07-16 14:42:55+03:00
1,1,0,1,1,1,2021-07-16 16:30:48+03:00
0,1,0,0,0,0,2021-07-16 16:37:32+03:00
2,2,0,1,2,1,2021-07-16 16:54:23+03:00
2,2,0,2,2,2,2021-07-16 17:05:30+03:00
0,1,0,1,1,1,2021-07-16 17:05:43+03:00
0,0,0,0,0,0,2021-07-16 17:07:12+03:00
4,4,0,3,4,3,2021-07-16 17:57:53+03:00
4,5,0,5,5,5,2021-07-16 23:30:21+03:00
0,0,0,0,0,0,2021-07-17 04:51:53+03:00
0,0,0,0,0,0,2021-07-17 04:52:46+03:00
7,7,0,6,6,5,2021-07-17 11:14:27+03:00
2,2,0,2,2,2,2021-07-17 12:47:14+03:00
2,2,0,2,2,2,2021-07-17 13:27:07+03:00
5,5,0,3,5,3,2021-07-17 14:54:28+03:00
0,0,0,0,0,0,2021-07-17 16:10:44+03:00
0,0,0,0,0,0,2021-07-18 08:40:07+03:00
0,0,0,0,0,0,2021-07-18 08:42:42+03:00
3,3,0,3,3,3,2021-07-19 00:14:49+03:00
0,0,0,0,0,0,2021-07-19 00:17:00+03:00
3,3,0,3,3,3,2021-07-19 00:30:51+03:00
0,0,0,0,0,0,2021-07-19 00:41:23+03:00
