Acquisition,Preparation,Modeling,Training,Evaluation,Prediction,time
0,1,0,0,0,0,2018-06-22 17:17:46+02:00
0,0,0,0,0,0,2018-06-22 17:29:05+02:00
0,1,0,0,0,0,2018-06-22 20:05:17+02:00
0,0,0,0,0,0,2018-06-22 21:10:43+02:00
1,0,0,0,1,0,2018-06-23 00:06:39+02:00
1,1,1,1,0,1,2018-06-23 00:07:01+02:00
1,1,1,1,0,1,2018-06-24 17:20:26+02:00
1,2,0,0,0,0,2018-06-24 19:21:07+02:00
0,0,0,0,0,0,2018-06-24 19:21:47+02:00
0,0,0,0,0,0,2018-06-24 19:23:07+02:00
0,0,0,0,0,1,2018-06-24 19:53:36+02:00
0,1,0,0,0,1,2018-06-24 21:54:40+02:00
0,0,0,0,0,0,2018-06-24 21:55:02+02:00
0,1,0,0,0,0,2018-06-24 22:10:38+02:00
2,1,1,1,2,1,2018-06-25 14:59:50+02:00
0,0,0,0,0,0,2018-06-25 15:00:19+02:00
0,0,0,0,0,0,2018-06-25 15:00:52+02:00
0,0,0,0,0,0,2018-06-25 15:02:53+02:00
0,1,0,0,0,0,2018-06-25 16:04:42+02:00
2,1,1,1,2,1,2018-06-25 16:13:54+02:00
1,1,0,0,0,1,2018-06-25 18:27:02+02:00
0,0,0,0,0,0,2018-06-25 18:27:17+02:00
0,0,1,1,0,0,2018-06-25 18:27:44+02:00
0,0,0,0,0,0,2018-06-25 18:28:07+02:00
0,0,0,0,0,0,2018-06-25 18:46:59+02:00
0,0,0,0,0,0,2018-06-26 10:31:03+02:00
5,4,3,4,4,4,2018-09-09 16:50:45+02:00
0,0,0,0,0,0,2018-09-09 16:51:14+02:00
0,1,0,0,0,0,2018-09-09 16:52:15+02:00
0,1,0,0,0,0,2018-09-09 16:52:51+02:00
1,1,0,1,0,0,2018-09-10 11:58:26+02:00
1,1,1,1,1,1,2018-09-10 11:59:03+02:00
5,5,3,5,4,4,2018-09-17 15:53:48+02:00
0,0,0,0,0,0,2018-09-17 16:36:27+02:00
1,1,1,1,1,1,2018-09-18 03:52:24+02:00
0,0,0,0,0,0,2018-09-18 03:54:52+02:00
0,2,0,0,0,0,2018-09-18 03:55:53+02:00
0,1,0,0,0,1,2018-09-18 03:56:14+02:00
0,0,0,0,0,0,2018-09-18 04:08:21+02:00
0,0,0,0,0,0,2018-09-18 04:10:41+02:00
0,1,0,0,0,0,2018-09-18 06:32:37+02:00
0,1,0,0,0,0,2018-09-18 06:33:02+02:00
1,2,0,2,0,0,2018-09-18 06:33:45+02:00
1,1,1,1,1,1,2018-09-18 07:20:38+02:00
0,0,0,0,0,0,2018-09-18 07:20:58+02:00
0,2,0,1,0,1,2018-09-18 09:29:38+02:00
0,0,0,0,0,0,2018-09-18 09:44:07+02:00
0,0,0,0,0,0,2018-09-19 11:46:19+02:00
0,0,0,0,0,0,2018-09-19 11:54:45+02:00
0,0,0,0,0,0,2018-09-19 11:58:33+02:00
0,0,0,0,0,0,2018-09-19 12:02:47+02:00
0,3,2,2,0,2,2018-09-27 11:29:36+02:00
0,1,0,0,0,0,2018-09-27 11:29:50+02:00
0,1,1,1,1,1,2018-09-27 11:30:31+02:00
0,2,0,0,0,2,2018-09-28 11:20:29+02:00
0,3,3,3,1,3,2018-09-28 17:20:00+02:00
0,3,0,0,0,2,2018-09-28 22:53:31+02:00
0,4,2,2,0,3,2018-09-30 11:47:48+02:00
0,4,2,2,0,4,2018-09-30 12:37:09+02:00
0,1,0,0,0,1,2018-09-30 12:40:52+02:00
0,3,2,3,1,3,2018-09-30 14:29:51+02:00
0,0,0,0,0,0,2018-10-07 18:45:08+02:00
0,0,0,0,0,0,2018-10-07 18:51:02+02:00
0,0,0,0,0,0,2018-10-08 14:00:23+02:00
0,0,0,0,0,0,2018-10-08 16:48:26+02:00
0,0,0,0,0,0,2018-10-08 17:19:41+02:00
0,0,0,0,0,0,2018-10-08 17:20:41+02:00
0,3,2,3,0,2,2018-10-08 20:00:45+02:00
0,3,2,2,0,2,2018-10-08 20:28:10+02:00
4,10,4,5,2,6,2018-10-11 12:56:00+02:00
0,0,0,0,0,0,2018-10-11 21:46:09+02:00
0,1,0,0,0,0,2018-10-12 01:59:05+02:00
0,1,1,1,0,0,2018-10-13 23:30:28+02:00
0,0,0,0,0,0,2018-10-13 23:31:00+02:00
1,0,1,0,0,0,2018-10-13 23:31:53+02:00
1,1,0,0,1,0,2018-10-14 00:49:47+02:00
3,2,2,2,2,1,2018-10-14 00:51:40+02:00
0,0,0,0,0,0,2018-10-14 01:07:25+02:00
0,3,0,0,0,1,2018-10-14 01:07:57+02:00
1,0,1,0,0,0,2018-10-15 21:06:42+02:00
1,1,0,0,1,0,2018-10-15 21:07:16+02:00
0,0,0,0,0,0,2018-10-15 21:07:39+02:00
0,1,1,1,1,1,2018-10-15 21:08:42+02:00
0,0,0,0,0,0,2018-10-15 21:09:04+02:00
1,1,1,0,0,0,2018-10-25 18:32:59+02:00
0,0,0,0,0,0,2018-10-25 18:33:14+02:00
0,0,0,0,0,0,2018-10-25 18:49:25+02:00
5,14,5,7,5,8,2018-10-25 18:56:15+02:00
0,0,0,0,0,0,2018-10-25 20:03:35+02:00
0,3,2,2,0,3,2018-10-26 04:53:52+02:00
1,4,2,2,0,4,2018-10-26 05:17:28+02:00
2,7,2,4,4,6,2018-10-26 05:56:08+02:00
2,3,1,3,2,1,2018-10-26 06:13:26+02:00
0,5,2,3,2,3,2018-10-26 06:55:01+02:00
0,0,0,0,0,0,2018-10-30 19:43:23+01:00
0,0,0,0,0,0,2018-10-30 23:28:14+01:00
2,5,2,3,2,2,2018-10-31 00:29:08+01:00
1,2,2,2,1,2,2018-10-31 01:05:15+01:00
0,0,0,0,0,0,2018-10-31 01:05:33+01:00
2,3,2,2,1,1,2018-10-31 11:04:38+01:00
0,0,0,0,0,0,2018-10-31 11:18:10+01:00
0,0,0,0,0,0,2018-10-31 11:19:02+01:00
0,2,2,2,2,2,2018-10-31 11:20:49+01:00
1,1,0,1,1,1,2018-10-31 11:23:19+01:00
0,0,0,0,0,0,2018-10-31 11:24:19+01:00
0,4,2,3,2,3,2018-10-31 11:25:22+01:00
0,0,0,0,0,0,2018-11-07 12:54:01+01:00
1,3,1,2,0,0,2018-11-07 12:55:35+01:00
1,2,1,2,1,1,2018-11-08 15:55:38+01:00
0,0,0,0,0,0,2018-11-08 16:04:57+01:00
0,0,0,0,0,0,2018-11-08 16:31:02+01:00
0,0,0,0,0,0,2018-11-08 16:34:12+01:00
0,0,0,0,0,0,2018-11-08 16:37:05+01:00
0,1,1,1,1,1,2018-11-08 16:45:19+01:00
0,0,0,0,0,0,2018-11-08 16:47:07+01:00
0,0,0,0,0,0,2018-11-08 16:48:10+01:00
0,1,1,1,1,1,2018-11-08 16:51:38+01:00
0,0,0,0,0,0,2018-11-08 19:14:46+01:00
0,0,0,0,0,0,2018-11-08 19:14:59+01:00
0,0,0,0,0,0,2018-11-08 19:15:17+01:00
1,2,1,2,1,1,2018-11-08 19:15:45+01:00
0,1,0,0,0,0,2018-11-09 13:24:04+01:00
0,1,0,1,0,1,2018-11-09 13:24:50+01:00
0,1,0,0,0,0,2018-11-09 14:34:31+01:00
0,0,0,0,0,0,2018-11-09 14:56:53+01:00
1,1,0,0,0,0,2018-11-09 14:57:01+01:00
1,1,0,0,0,0,2018-11-09 15:07:17+01:00
0,0,0,0,0,0,2018-11-09 15:15:10+01:00
2,3,1,2,0,0,2018-11-09 15:17:27+01:00
0,0,0,0,0,0,2018-11-09 15:41:14+01:00
0,1,0,0,0,0,2018-11-09 16:06:28+01:00
0,1,0,0,0,0,2018-11-09 19:20:48+01:00
0,3,2,2,1,1,2018-11-09 21:25:48+01:00
0,0,0,0,0,0,2018-11-09 21:45:48+01:00
0,0,0,0,0,0,2018-11-10 13:36:12+01:00
0,0,0,0,0,0,2018-11-10 21:19:29+01:00
0,0,0,0,0,0,2018-11-10 21:46:09+01:00
0,0,0,0,0,0,2018-11-10 22:39:44+01:00
0,0,0,0,0,0,2018-11-10 23:04:39+01:00
0,0,0,0,0,0,2018-11-11 20:16:40+01:00
0,0,0,0,0,0,2018-11-11 20:28:32+01:00
1,3,1,2,0,0,2018-11-11 20:29:08+01:00
0,0,0,0,0,0,2018-11-11 20:37:27+01:00
0,2,1,1,0,0,2018-11-11 21:44:15+01:00
0,1,0,0,0,0,2018-11-11 21:52:32+01:00
0,2,1,1,0,0,2018-11-11 22:25:36+01:00
0,0,0,0,0,0,2018-11-11 22:30:16+01:00
0,1,0,0,0,0,2018-11-11 22:47:58+01:00
0,1,0,0,0,0,2018-11-11 22:50:28+01:00
0,0,0,0,0,0,2018-11-12 12:21:09+01:00
0,1,0,0,0,0,2018-11-12 12:49:55+01:00
1,1,0,1,0,0,2018-11-12 12:53:11+01:00
1,1,0,1,0,0,2018-11-12 15:41:48+01:00
0,1,0,0,0,0,2018-11-12 16:55:33+01:00
0,1,1,1,1,1,2018-11-12 16:57:15+01:00
0,3,2,2,2,2,2018-11-12 18:36:47+01:00
0,1,0,0,0,0,2018-11-12 18:45:19+01:00
0,1,1,1,1,1,2018-11-12 19:18:35+01:00
0,0,0,0,0,0,2018-11-12 19:39:17+01:00
0,1,1,1,1,1,2018-11-12 19:51:32+01:00
0,3,1,1,1,1,2018-11-12 20:50:38+01:00
0,1,0,1,0,1,2018-11-12 20:53:20+01:00
0,1,0,1,0,1,2018-11-13 17:51:51+01:00
1,1,0,1,0,0,2018-11-14 02:47:18+01:00
0,2,0,0,0,0,2018-11-14 04:50:38+01:00
0,0,0,0,0,0,2018-11-14 04:51:22+01:00
0,1,0,1,0,1,2018-11-14 04:52:23+01:00
0,0,0,0,0,0,2018-11-14 15:02:43+01:00
0,1,1,1,1,1,2018-11-14 15:15:58+01:00
1,4,1,2,0,0,2019-03-02 22:39:29+01:00
0,0,0,0,0,0,2019-03-02 22:48:15+01:00
0,0,0,0,0,0,2019-03-02 22:56:38+01:00
0,0,0,0,0,0,2019-03-02 23:42:14+01:00
0,0,0,0,0,0,2019-03-03 00:16:16+01:00
0,0,0,0,0,0,2019-03-06 02:26:30+01:00
1,5,0,3,1,3,2019-03-08 20:11:38+01:00
5,11,4,8,3,4,2019-03-08 23:36:27+01:00
1,6,3,4,2,2,2019-03-09 00:10:48+01:00
0,0,0,0,0,0,2019-03-13 17:27:54+01:00
6,5,2,4,4,2,2019-03-13 19:57:45+01:00
3,7,1,1,1,1,2019-03-14 14:10:06+01:00
1,3,2,3,2,2,2019-03-14 14:48:18+01:00
10,12,6,12,10,7,2019-03-14 23:25:40+01:00
0,3,1,1,1,1,2019-03-16 00:46:45+01:00
2,6,1,3,0,1,2019-03-20 15:17:18+01:00
2,7,4,6,3,3,2019-03-20 18:05:27+01:00
0,1,1,1,0,0,2019-03-20 18:13:03+01:00
0,1,0,0,0,0,2019-03-21 00:20:44+01:00
2,7,2,5,1,2,2019-03-21 02:01:26+01:00
0,0,0,0,0,0,2019-03-21 02:04:30+01:00
3,5,1,4,0,0,2019-03-21 06:05:28+01:00
3,12,3,6,2,3,2019-03-21 16:51:20+01:00
0,0,0,0,0,0,2019-03-21 17:28:09+01:00
0,0,0,0,0,0,2019-04-01 21:41:04+02:00
13,17,6,17,6,5,2019-04-10 14:32:57+02:00
0,0,0,0,0,0,2019-04-10 15:02:38+02:00
0,0,0,0,0,0,2019-04-10 15:12:18+02:00
1,2,0,1,0,0,2019-04-11 14:24:42+02:00
1,3,2,1,0,1,2019-04-11 16:00:07+02:00
1,2,3,2,0,0,2019-04-11 16:48:15+02:00
0,0,0,0,0,0,2019-04-11 17:06:19+02:00
12,17,10,16,10,10,2019-04-14 15:14:28+02:00
4,4,2,4,4,2,2019-04-18 08:02:08+02:00
4,4,2,4,2,2,2019-04-18 08:04:26+02:00
0,0,0,0,0,0,2019-04-18 08:29:57+02:00
