Acquisition,Preparation,Modeling,Training,Evaluation,Prediction,time
0,0,0,0,0,0,2021-02-18 22:21:03+01:00
0,0,0,0,0,0,2021-02-18 22:25:11+01:00
0,0,0,0,0,0,2021-02-18 22:27:36+01:00
0,0,0,0,0,0,2021-09-21 17:17:07+02:00
0,0,0,0,0,0,2021-09-21 17:22:54+02:00
0,0,0,0,0,0,2021-09-21 17:26:10+02:00
0,0,0,0,0,0,2021-09-23 16:08:55+02:00
0,0,0,0,0,0,2021-09-23 16:09:45+02:00
0,0,0,0,0,0,2021-09-23 16:11:06+02:00
1,1,0,1,1,1,2021-09-23 17:25:48+02:00
0,0,0,0,0,0,2021-09-23 17:43:49+02:00
0,0,0,0,0,0,2021-09-23 17:47:31+02:00
0,0,0,0,0,0,2021-09-23 17:48:32+02:00
0,0,0,0,0,0,2021-09-24 20:03:43+02:00
0,0,0,0,0,0,2021-09-24 20:37:52+02:00
1,1,0,1,1,1,2021-09-25 19:13:52+02:00
0,0,0,0,0,0,2021-09-25 19:14:07+02:00
0,0,0,0,0,0,2021-09-25 19:15:59+02:00
0,0,0,0,0,0,2021-09-25 19:18:39+02:00
1,1,0,1,1,1,2021-09-26 18:40:12+02:00
0,0,0,0,0,0,2021-09-26 18:40:42+02:00
0,0,0,0,0,0,2021-09-26 18:41:02+02:00
0,0,0,0,0,0,2021-09-26 18:42:11+02:00
0,0,0,0,0,0,2021-09-26 18:55:50+02:00
1,1,0,1,1,1,2021-09-26 20:47:34+02:00
0,0,0,0,0,0,2021-09-27 01:34:03+02:00
0,0,0,0,0,0,2021-09-27 01:34:28+02:00
0,0,0,0,0,0,2021-09-27 01:34:45+02:00
0,0,0,0,0,0,2021-09-27 01:35:20+02:00
0,0,0,0,0,0,2021-09-27 10:40:18+02:00
1,1,0,1,1,1,2021-10-10 18:33:13+02:00
1,1,0,1,1,1,2021-10-10 18:34:39+02:00
1,1,0,1,0,1,2021-10-10 18:44:16+02:00
0,0,0,0,0,0,2021-10-21 15:11:26+02:00
0,0,0,0,0,0,2021-10-21 15:11:52+02:00
0,0,0,0,0,0,2021-10-21 15:12:27+02:00
0,0,0,0,0,0,2021-10-21 15:12:42+02:00
0,0,0,0,0,0,2021-10-21 15:21:00+02:00
0,0,0,0,0,0,2021-10-21 15:21:25+02:00
0,0,0,0,0,0,2021-10-21 15:23:39+02:00
0,0,0,0,0,0,2021-10-21 15:23:49+02:00
0,0,0,0,0,0,2021-10-21 15:32:45+02:00
0,0,0,0,0,0,2021-10-21 20:33:52+02:00
0,0,0,0,0,0,2021-10-21 20:34:16+02:00
0,0,0,0,0,0,2021-10-21 20:34:35+02:00
0,0,0,0,0,0,2021-10-24 00:42:23+02:00
0,0,0,0,0,0,2021-10-24 00:43:05+02:00
0,0,0,0,0,0,2021-10-24 00:43:33+02:00
0,0,0,0,0,0,2021-10-24 00:44:08+02:00
0,0,0,0,0,0,2021-11-07 21:38:36+01:00
0,0,0,0,0,0,2021-11-07 21:38:52+01:00
0,0,0,0,0,0,2021-11-07 21:39:35+01:00
0,0,0,0,0,0,2021-11-07 21:40:10+01:00
0,0,0,0,0,0,2021-11-16 21:19:29+01:00
0,0,0,0,0,0,2021-11-16 21:21:19+01:00
0,0,0,0,0,0,2021-11-16 23:55:50+01:00
0,0,0,0,0,0,2021-11-17 18:10:19+01:00
1,1,0,1,0,1,2021-11-17 18:10:24+01:00
1,1,0,1,1,1,2021-11-17 18:10:30+01:00
0,0,0,0,0,0,2021-11-17 18:10:38+01:00
4,3,1,2,4,2,2021-11-17 18:12:11+01:00
0,0,0,0,0,0,2021-11-17 18:12:31+01:00
0,0,0,0,0,0,2021-11-17 18:14:04+01:00
0,0,0,0,0,0,2021-11-17 18:14:45+01:00
0,0,0,0,0,0,2021-11-17 18:16:04+01:00
0,0,0,0,0,0,2021-11-17 18:34:40+01:00
0,0,0,0,0,0,2021-11-17 18:53:38+01:00
1,1,0,1,1,1,2021-11-18 20:48:14+01:00
2,2,0,2,2,2,2021-11-18 23:08:24+01:00
0,0,0,0,0,0,2021-11-19 17:53:32+01:00
1,1,0,1,1,1,2021-11-19 18:22:39+01:00
1,1,0,1,1,1,2021-11-19 18:30:45+01:00
0,0,0,0,0,0,2021-11-19 18:31:23+01:00
0,0,0,0,0,0,2021-11-19 18:32:45+01:00
0,0,0,0,0,0,2021-11-19 18:33:26+01:00
0,0,0,0,0,0,2021-11-19 18:38:18+01:00
0,0,0,0,0,0,2021-11-19 18:48:17+01:00
0,0,0,0,0,0,2021-11-19 18:49:34+01:00
0,0,0,0,0,0,2021-11-19 18:51:03+01:00
0,0,0,0,0,0,2021-11-19 18:52:54+01:00
0,0,0,0,0,0,2021-11-19 19:00:37+01:00
0,0,0,0,0,0,2021-11-19 19:01:26+01:00
0,0,0,0,0,0,2021-11-19 19:03:10+01:00
0,0,0,0,0,0,2021-11-19 23:32:26+01:00
0,0,0,0,0,0,2021-11-19 23:35:53+01:00
0,0,0,0,0,0,2021-11-19 23:37:13+01:00
0,0,0,0,0,0,2021-11-19 23:37:31+01:00
0,0,0,0,0,0,2021-11-19 23:38:57+01:00
0,0,0,0,0,0,2021-11-19 23:42:07+01:00
0,0,0,0,0,0,2021-11-19 23:43:13+01:00
0,0,0,0,0,0,2021-11-19 23:43:57+01:00
0,0,0,0,0,0,2021-11-19 23:46:59+01:00
1,1,0,1,1,1,2021-11-19 23:50:11+01:00
0,0,0,0,0,0,2021-11-19 23:52:04+01:00
1,1,0,1,1,1,2021-11-19 23:53:19+01:00
1,1,0,1,1,1,2021-11-19 23:54:41+01:00
0,0,0,0,0,0,2021-11-19 23:55:40+01:00
0,0,0,0,0,0,2021-11-19 23:57:17+01:00
1,1,0,1,1,1,2021-11-20 17:53:41+01:00
1,1,0,1,1,1,2021-11-20 17:57:27+01:00
1,1,0,1,1,1,2021-11-21 10:44:42+01:00
0,0,0,0,0,0,2021-11-21 10:45:14+01:00
0,0,0,0,0,0,2021-11-21 17:38:50+01:00
0,0,0,0,0,0,2021-11-21 17:39:54+01:00
0,0,0,0,0,0,2021-11-21 17:41:01+01:00
0,0,0,0,0,0,2021-11-21 18:01:27+01:00
0,0,0,0,0,0,2021-11-21 18:01:33+01:00
5,4,1,3,5,3,2021-11-21 18:06:25+01:00
5,4,1,3,5,3,2021-11-21 18:08:29+01:00
5,4,1,3,5,3,2021-11-21 18:29:11+01:00
5,4,1,3,5,3,2021-11-21 18:30:04+01:00
5,4,1,3,5,3,2021-11-21 18:37:06+01:00
5,4,1,3,5,3,2021-11-21 18:57:46+01:00
0,0,0,0,0,0,2021-11-21 19:28:37+01:00
0,0,0,0,0,0,2021-11-21 19:30:18+01:00
0,0,0,0,0,0,2021-11-21 19:32:17+01:00
0,0,0,0,0,0,2021-11-21 19:32:33+01:00
0,0,0,0,0,0,2021-11-21 19:51:07+01:00
0,0,0,0,0,0,2021-11-21 19:52:26+01:00
0,0,0,0,0,0,2021-11-21 19:52:53+01:00
0,0,0,0,0,0,2021-11-21 19:53:23+01:00
0,0,0,0,0,0,2021-11-21 19:57:37+01:00
0,0,0,0,0,0,2021-11-21 20:00:02+01:00
0,0,0,0,0,0,2021-11-21 20:05:06+01:00
0,0,0,0,0,0,2021-11-21 20:11:05+01:00
0,0,0,0,0,0,2021-11-21 20:12:26+01:00
0,0,0,0,0,0,2021-11-21 20:30:37+01:00
0,0,0,0,0,0,2021-12-02 19:45:10+01:00
0,0,0,0,0,0,2021-12-02 19:45:54+01:00
0,0,0,0,0,0,2021-12-14 17:36:30+01:00
0,0,0,0,0,0,2021-12-14 17:37:55+01:00
0,0,0,0,0,0,2021-12-14 17:59:44+01:00
0,0,0,0,0,0,2021-12-14 18:00:00+01:00
0,0,0,0,0,0,2021-12-14 18:00:47+01:00
0,0,0,0,0,0,2021-12-14 18:01:04+01:00
0,0,0,0,0,0,2021-12-14 18:02:22+01:00
0,0,0,0,0,0,2021-12-14 18:03:55+01:00
0,0,0,0,0,0,2021-12-14 20:20:02+01:00
0,0,0,0,0,0,2021-12-16 16:24:18+01:00
0,0,0,0,0,0,2021-12-16 19:03:11+01:00
0,0,0,0,0,0,2022-02-02 18:57:18+01:00
0,0,0,0,0,0,2022-02-02 21:23:30+01:00
0,0,0,0,0,0,2022-02-17 18:07:30+01:00
0,0,0,0,0,0,2022-02-17 18:08:23+01:00
0,0,0,0,0,0,2022-02-17 18:08:51+01:00
0,0,0,0,0,0,2022-02-17 18:10:32+01:00
0,0,0,0,0,0,2022-02-17 18:11:17+01:00
0,0,0,0,0,0,2022-03-19 19:45:26+01:00
0,0,0,0,0,0,2022-03-19 20:01:00+01:00
0,0,0,0,0,0,2022-03-19 20:01:43+01:00
