Acquisition,Preparation,Modeling,Training,Evaluation,Prediction,time
0,0,0,0,0,0,2020-02-15 16:50:43+01:00
0,1,1,1,0,1,2020-02-15 17:35:48+01:00
0,0,0,0,0,0,2020-02-15 17:47:58+01:00
0,0,0,0,0,0,2020-02-15 17:57:35+01:00
0,0,0,0,0,0,2020-02-15 18:01:48+01:00
0,0,0,0,0,0,2020-02-15 18:04:04+01:00
0,0,0,0,0,0,2020-02-15 18:08:46+01:00
0,0,0,0,0,0,2020-02-15 18:15:17+01:00
0,0,0,0,0,0,2020-02-15 18:16:51+01:00
0,0,0,0,0,0,2020-02-15 18:18:52+01:00
0,0,0,0,0,0,2020-02-15 18:21:12+01:00
0,0,0,0,0,0,2020-02-15 20:43:14+01:00
0,0,0,0,0,0,2020-02-15 20:46:36+01:00
0,0,0,0,0,0,2020-02-16 22:10:27+01:00
0,0,0,0,0,0,2020-02-17 00:39:19+01:00
0,0,0,0,0,0,2020-02-17 01:05:41+01:00
0,0,0,0,0,0,2020-02-17 01:09:29+01:00
0,0,0,0,0,0,2020-02-17 01:11:21+01:00
0,0,0,0,0,0,2020-02-17 01:17:04+01:00
0,0,0,0,0,0,2020-02-17 01:35:11+01:00
0,0,0,0,0,0,2020-02-17 01:43:32+01:00
0,0,0,0,0,0,2020-02-17 01:45:28+01:00
0,0,0,0,0,0,2020-02-17 01:50:00+01:00
0,0,0,0,0,0,2020-02-17 21:01:46+01:00
0,0,0,0,0,0,2020-02-17 21:34:23+01:00
0,0,0,0,0,0,2020-02-17 22:26:43+01:00
0,0,0,0,0,0,2020-02-18 19:45:13+01:00
0,0,0,0,0,0,2020-02-18 20:23:26+01:00
0,0,0,0,0,0,2020-02-18 20:55:29+01:00
0,0,0,0,0,0,2020-02-18 22:00:27+01:00
0,0,0,0,0,0,2020-02-18 22:04:46+01:00
0,0,0,0,0,0,2020-02-18 22:06:10+01:00
0,0,0,0,0,0,2020-02-18 22:15:56+01:00
0,0,0,0,0,0,2020-02-18 22:17:58+01:00
0,0,0,0,0,0,2020-02-18 22:47:35+01:00
0,0,0,0,0,0,2020-02-18 22:50:19+01:00
0,0,0,0,0,0,2020-02-18 22:56:39+01:00
0,0,0,0,0,0,2020-02-18 23:00:13+01:00
0,0,0,0,0,0,2020-02-18 23:03:30+01:00
0,0,0,0,0,0,2020-02-18 23:06:51+01:00
0,0,0,0,0,0,2020-02-18 23:12:57+01:00
0,0,0,0,0,0,2020-02-18 23:16:29+01:00
0,0,0,0,0,0,2020-02-18 23:17:50+01:00
0,0,0,0,0,0,2020-02-18 23:22:44+01:00
0,0,0,0,0,0,2020-02-18 23:26:49+01:00
0,0,0,0,0,0,2020-02-18 23:32:16+01:00
0,0,0,0,0,0,2020-02-18 23:39:32+01:00
0,0,0,0,0,0,2020-02-18 23:42:56+01:00
0,0,0,0,0,0,2020-02-20 23:28:07+01:00
0,0,0,0,0,0,2020-02-21 00:09:04+01:00
0,0,0,0,0,0,2020-02-21 00:14:59+01:00
0,0,0,0,0,0,2020-02-21 00:20:04+01:00
0,0,0,0,0,0,2020-02-21 00:25:47+01:00
0,0,0,0,0,0,2020-02-21 00:26:02+01:00
0,0,0,0,0,0,2020-02-21 00:27:59+01:00
0,0,0,0,0,0,2020-02-21 00:31:17+01:00
0,0,0,0,0,0,2020-02-21 00:33:30+01:00
0,0,0,0,0,0,2020-02-21 00:35:28+01:00
0,0,0,0,0,0,2020-02-21 00:37:46+01:00
0,0,0,0,0,0,2020-02-21 00:39:00+01:00
0,0,0,0,0,0,2020-02-21 00:40:27+01:00
0,0,0,0,0,0,2020-02-21 00:48:16+01:00
0,0,0,0,0,0,2020-02-21 18:46:14+01:00
0,0,0,0,0,0,2020-02-21 18:58:43+01:00
0,1,1,1,0,1,2020-02-21 19:32:58+01:00
0,1,1,1,0,1,2020-02-21 19:44:17+01:00
0,0,0,0,0,0,2020-02-21 19:52:28+01:00
0,0,0,0,0,0,2020-02-21 20:03:03+01:00
0,1,1,1,0,1,2020-02-21 20:25:05+01:00
0,0,0,0,0,0,2020-02-21 20:43:22+01:00
0,0,0,0,0,0,2020-02-21 20:44:29+01:00
0,0,0,0,0,0,2020-02-21 20:56:22+01:00
0,0,0,0,0,0,2020-02-21 21:18:00+01:00
0,0,0,0,0,0,2020-02-21 21:21:58+01:00
0,0,0,0,0,0,2020-02-21 21:35:47+01:00
0,0,0,0,0,0,2020-02-21 22:16:12+01:00
0,0,0,0,0,0,2020-02-21 23:06:33+01:00
0,0,0,0,0,0,2020-02-21 23:09:59+01:00
0,0,0,0,0,0,2020-02-21 23:14:54+01:00
0,0,0,0,0,0,2020-02-21 23:16:29+01:00
0,0,0,0,0,0,2020-02-21 23:17:34+01:00
0,0,0,0,0,0,2020-02-21 23:31:14+01:00
0,0,0,0,0,0,2020-02-21 23:36:11+01:00
0,0,0,0,0,0,2020-02-21 23:41:01+01:00
0,0,0,0,0,0,2020-02-21 23:53:45+01:00
0,1,1,1,0,1,2020-02-22 11:36:39+01:00
0,1,1,1,0,1,2020-02-22 11:48:10+01:00
0,0,0,0,0,0,2020-02-22 12:02:33+01:00
0,0,0,0,0,0,2020-02-22 12:15:27+01:00
0,0,0,0,0,0,2020-02-22 12:38:11+01:00
0,0,0,0,0,0,2020-02-22 12:54:33+01:00
0,1,1,1,0,1,2020-02-22 13:48:21+01:00
0,0,0,0,0,0,2020-02-22 14:00:00+01:00
0,0,0,0,0,0,2020-02-22 14:33:55+01:00
0,0,0,0,0,0,2020-02-22 14:46:48+01:00
0,0,0,0,0,0,2020-02-22 14:54:04+01:00
0,0,0,0,0,0,2020-02-22 14:57:27+01:00
0,0,0,0,0,0,2020-02-22 15:02:58+01:00
0,0,0,0,0,0,2020-02-22 15:07:16+01:00
0,0,0,0,0,0,2020-02-22 15:11:37+01:00
0,0,0,0,0,0,2020-02-22 15:17:34+01:00
0,0,0,0,0,0,2020-02-22 15:28:52+01:00
0,1,1,1,0,1,2020-02-22 17:02:11+01:00
