Acquisition,Preparation,Modeling,Training,Evaluation,Prediction,time
0,0,0,0,0,0,2017-05-13 18:22:38-04:00
0,0,0,0,0,0,2017-05-13 18:23:13-04:00
0,0,0,0,0,0,2017-05-13 18:30:16-04:00
0,0,0,0,0,0,2017-05-13 19:50:07-04:00
0,0,0,0,0,0,2017-05-13 19:51:59-04:00
0,0,0,0,0,0,2017-05-13 19:53:18-04:00
0,0,0,0,0,0,2017-05-13 20:24:23-04:00
0,0,0,0,0,0,2017-05-13 20:28:24-04:00
0,1,0,0,0,0,2017-05-13 20:53:06-04:00
0,0,0,0,0,0,2017-05-13 21:03:54-04:00
0,0,0,0,0,0,2017-05-13 21:05:45-04:00
0,0,0,0,0,0,2017-05-13 21:05:45-04:00
0,0,0,0,0,0,2017-05-13 21:08:17-04:00
0,0,0,0,0,0,2017-05-13 21:08:17-04:00
0,0,0,0,0,0,2017-05-13 21:09:55-04:00
0,0,0,0,0,0,2017-05-13 21:33:39-04:00
0,0,0,0,0,0,2017-05-13 21:31:11-04:00
0,0,0,0,0,0,2017-05-13 21:45:27-04:00
0,0,0,0,0,0,2017-05-13 22:11:30-04:00
0,1,0,0,0,0,2017-05-13 23:13:27-04:00
0,0,0,0,0,0,2017-05-13 23:13:36-04:00
0,1,0,0,0,0,2017-05-13 23:18:16-04:00
0,0,0,0,0,0,2017-05-13 23:19:26-04:00
0,0,0,0,0,0,2017-05-13 23:23:17-04:00
0,0,0,0,0,0,2017-05-13 23:31:02-04:00
0,0,0,0,0,0,2017-05-13 23:39:18-04:00
0,0,0,0,0,0,2017-05-13 23:41:59-04:00
0,0,0,0,0,0,2017-05-13 23:45:05-04:00
0,0,0,0,0,0,2017-05-13 23:46:54-04:00
0,1,0,0,0,0,2017-05-13 23:51:36-04:00
0,1,0,0,0,0,2017-05-13 23:53:49-04:00
0,0,0,0,0,0,2017-05-14 00:17:10-04:00
0,0,0,0,0,0,2017-05-14 00:18:36-04:00
0,0,0,0,0,0,2017-05-14 00:49:25-04:00
0,0,0,0,0,0,2017-05-14 01:13:17-04:00
1,1,0,0,0,1,2017-05-14 01:27:38-04:00
1,1,0,0,0,1,2017-05-14 01:34:23-04:00
0,0,0,0,0,0,2017-05-14 01:13:17-04:00
0,2,0,0,0,0,2017-05-14 01:32:37-04:00
0,0,0,0,0,0,2017-05-14 01:38:06-04:00
0,0,0,0,0,0,2017-05-14 01:44:05-04:00
1,1,0,0,0,1,2017-05-14 01:52:59-04:00
0,0,0,0,0,0,2017-05-14 02:01:59-04:00
0,0,0,0,0,0,2017-05-14 02:09:29-04:00
1,1,0,0,0,1,2017-05-14 02:13:53-04:00
1,1,0,0,0,1,2017-05-14 02:20:37-04:00
1,1,0,0,0,1,2017-05-14 02:24:02-04:00
1,1,0,0,0,1,2017-05-14 02:26:01-04:00
1,1,0,0,0,1,2017-05-14 02:30:52-04:00
0,0,0,0,0,0,2017-05-14 02:25:51-04:00
1,1,0,0,0,1,2017-05-14 02:42:27-04:00
1,1,0,0,0,1,2017-05-14 02:57:35-04:00
1,3,0,0,0,1,2017-05-14 03:10:01-04:00
1,2,0,0,0,1,2017-05-14 03:13:50-04:00
0,0,0,0,0,0,2017-05-14 03:17:01-04:00
0,1,0,0,0,0,2017-05-14 03:17:53-04:00
0,0,0,0,0,0,2017-05-14 03:18:17-04:00
0,1,0,0,0,0,2017-05-14 03:34:19-04:00
0,0,0,0,0,0,2017-05-14 03:41:09-04:00
1,3,0,0,0,1,2017-05-14 04:48:17-04:00
1,2,0,0,0,1,2017-05-14 12:57:17-04:00
0,1,0,0,0,0,2017-05-14 12:59:59-04:00
0,0,0,0,0,0,2017-05-14 13:03:08-04:00
0,0,0,0,0,0,2017-05-14 13:03:11-04:00
0,0,0,0,0,0,2017-05-14 13:10:42-04:00
0,0,0,0,0,0,2017-05-14 05:19:07-04:00
1,1,0,0,0,1,2017-05-14 05:24:31-04:00
0,1,0,0,0,1,2017-05-14 13:25:10-04:00
