Acquisition,Preparation,Modeling,Training,Evaluation,Prediction,time
0,0,0,0,0,0,2017-05-16 15:40:26+01:00
20,20,0,0,0,0,2017-05-16 15:50:03+01:00
0,0,0,0,0,0,2017-05-23 18:16:24+01:00
1,1,0,0,0,0,2017-05-23 18:17:23+01:00
0,0,0,0,0,0,2017-05-23 18:17:45+01:00
1,1,0,0,0,0,2017-05-26 17:31:00+01:00
0,0,0,0,0,0,2017-05-26 17:39:32+01:00
0,0,0,0,0,0,2017-05-26 18:09:24+01:00
0,0,0,0,0,0,2017-08-02 23:27:20+01:00
0,0,0,0,0,0,2017-08-03 00:18:48+01:00
0,0,0,0,0,0,2017-08-17 11:51:51+01:00
0,0,0,0,0,0,2017-08-17 13:39:23+01:00
1,1,0,0,0,0,2017-08-17 13:41:20+01:00
0,0,0,0,0,0,2017-08-17 13:44:22+01:00
1,1,0,0,0,0,2017-08-17 13:55:00+01:00
0,0,0,0,0,0,2017-08-17 14:17:28+01:00
1,1,0,0,0,0,2017-09-11 21:14:03+01:00
1,1,0,0,0,0,2017-09-12 15:50:03+01:00
0,0,0,0,0,0,2017-09-12 15:50:58+01:00
1,1,0,0,0,0,2017-09-12 15:52:41+01:00
0,0,0,0,0,0,2017-09-12 16:11:16+01:00
0,0,0,0,0,0,2017-09-12 16:14:57+01:00
1,1,0,0,0,0,2017-09-12 18:39:47+01:00
0,0,0,0,0,0,2017-09-12 18:49:12+01:00
2,2,0,0,0,0,2017-09-13 18:25:41+01:00
1,1,0,0,0,0,2017-09-13 19:36:06+01:00
2,2,0,0,0,0,2017-09-13 19:59:46+01:00
3,3,0,0,0,0,2017-09-13 20:01:00+01:00
1,1,0,0,0,0,2017-09-13 20:04:10+01:00
1,1,0,0,0,0,2017-09-13 20:38:48+01:00
1,1,0,0,0,0,2017-09-13 20:45:50+01:00
1,1,0,0,0,0,2017-09-13 20:48:13+01:00
1,1,0,0,0,0,2017-09-13 20:50:46+01:00
1,1,0,0,0,0,2017-09-13 20:52:09+01:00
1,1,0,0,0,0,2017-09-13 20:56:19+01:00
1,1,0,0,0,0,2017-09-13 20:59:35+01:00
1,1,0,0,0,0,2017-09-13 21:08:22+01:00
0,0,0,0,0,0,2017-10-12 12:10:56+01:00
0,0,0,0,0,0,2017-10-12 13:33:54+01:00
1,1,0,0,0,0,2017-10-12 13:34:26+01:00
2,2,0,0,0,0,2017-10-12 13:35:04+01:00
1,1,0,0,0,0,2017-10-12 13:38:33+01:00
0,0,0,0,0,0,2017-10-12 15:03:55+01:00
1,1,0,0,0,0,2017-10-16 13:03:21+01:00
1,1,0,0,0,0,2017-10-16 13:06:00+01:00
0,0,0,0,0,0,2017-10-19 14:56:53+01:00
0,0,0,0,0,0,2017-10-19 14:58:37+01:00
1,1,0,0,0,0,2017-10-19 22:31:43+01:00
1,1,0,0,0,0,2017-10-19 22:32:01+01:00
1,1,0,0,0,0,2017-10-19 22:32:34+01:00
1,1,0,0,0,0,2017-10-19 22:35:05+01:00
0,0,0,0,0,0,2017-10-19 22:40:22+01:00
2,2,0,0,0,0,2017-10-19 23:41:00+01:00
1,1,0,0,0,0,2017-10-20 11:54:37+01:00
1,1,0,0,0,0,2017-10-20 11:54:55+01:00
0,0,0,0,0,0,2017-10-20 13:58:12+01:00
0,0,0,0,0,0,2017-10-20 13:59:15+01:00
0,0,0,0,0,0,2017-10-20 14:00:47+01:00
0,0,0,0,0,0,2017-10-20 14:06:53+01:00
0,0,0,0,0,0,2017-10-20 14:13:57+01:00
0,0,0,0,0,0,2017-10-20 14:23:43+01:00
0,0,0,0,0,0,2017-10-20 14:25:35+01:00
0,0,0,0,0,0,2017-10-26 18:20:23+01:00
0,0,0,0,0,0,2017-10-30 17:47:21+00:00
1,1,0,0,0,0,2017-10-31 12:39:33+00:00
0,0,0,0,0,0,2017-10-31 12:41:20+00:00
1,1,0,0,0,0,2017-10-31 12:43:26+00:00
1,1,0,0,0,0,2017-10-31 12:48:38+00:00
1,1,0,0,0,0,2017-10-31 14:04:11+00:00
2,2,0,0,0,0,2017-10-31 14:04:55+00:00
0,0,0,0,0,0,2017-10-31 14:05:18+00:00
2,2,0,0,0,0,2017-10-31 14:06:17+00:00
0,0,0,0,0,0,2017-10-31 14:08:35+00:00
0,0,0,0,0,0,2017-10-31 18:47:23+00:00
0,0,0,0,0,0,2017-10-31 19:53:55+00:00
1,1,0,0,0,0,2017-10-31 19:54:16+00:00
1,1,0,0,0,0,2017-10-31 19:55:01+00:00
0,0,0,0,0,0,2017-10-31 20:02:08+00:00
1,1,0,0,0,0,2017-11-03 12:06:58+00:00
0,0,0,0,0,0,2017-11-03 14:51:30+00:00
1,1,0,0,0,0,2017-11-03 14:51:49+00:00
1,1,0,0,0,0,2017-11-03 17:20:19+00:00
0,0,0,0,0,0,2017-11-07 04:45:24+00:00
0,0,0,0,0,0,2017-11-07 05:16:10+00:00
0,0,0,0,0,0,2017-11-07 05:04:30+00:00
0,0,0,0,0,0,2017-11-08 11:06:43+00:00
0,0,0,0,0,0,2017-11-09 00:58:56+00:00
0,0,0,0,0,0,2017-11-09 01:07:31+00:00
0,0,0,0,0,0,2017-11-16 21:50:34+00:00
0,0,0,0,0,0,2018-03-15 12:47:05+00:00
0,0,0,0,0,0,2018-03-25 11:23:19+01:00
2,2,0,0,0,0,2018-05-02 21:02:28+01:00
2,1,0,0,0,0,2018-05-03 18:22:43+01:00
3,3,0,0,0,0,2018-05-03 20:52:11+01:00
0,0,0,0,0,0,2018-05-08 10:34:37+01:00
3,4,0,0,0,0,2018-06-29 01:59:43+01:00
2,2,0,0,0,0,2018-07-02 02:51:43+01:00
2,2,0,0,0,0,2018-07-02 02:53:16+01:00
1,2,0,0,0,0,2018-07-03 00:40:32+01:00
2,3,0,0,1,0,2018-07-03 17:41:50+01:00
1,2,0,0,0,0,2018-07-04 00:01:33+01:00
0,1,0,0,0,0,2018-07-07 01:03:22+01:00
2,4,0,0,1,0,2018-07-08 02:28:03+01:00
2,2,0,0,0,0,2018-07-09 00:27:59+01:00
2,2,0,0,0,0,2018-07-10 00:58:48+01:00
1,1,0,0,0,0,2018-07-10 01:13:18+01:00
4,4,0,0,0,0,2018-07-10 18:20:25+01:00
16,16,0,0,0,0,2018-07-10 23:44:20+01:00
0,0,0,0,0,0,2018-07-11 00:04:49+01:00
0,0,0,0,0,0,2018-07-11 00:07:09+01:00
1,1,0,0,0,0,2018-07-14 00:21:07+01:00
3,3,0,0,1,0,2018-07-16 16:30:24+01:00
2,2,0,0,0,0,2018-07-16 16:32:21+01:00
0,0,0,0,0,0,2018-07-16 17:05:38+01:00
2,2,0,0,0,0,2018-07-19 00:57:06+01:00
5,6,0,0,1,0,2018-07-20 00:15:02+01:00
2,3,0,0,0,0,2018-07-20 15:45:26+01:00
1,3,0,0,0,0,2018-07-20 18:27:47+01:00
0,0,0,0,0,0,2018-07-20 20:11:48+01:00
1,2,0,0,0,0,2018-07-20 20:30:24+01:00
1,2,0,0,0,0,2018-07-21 09:51:16+01:00
1,1,0,0,0,0,2018-07-25 21:41:02+01:00
1,3,1,0,0,0,2018-07-25 21:41:27+01:00
0,0,0,0,0,0,2018-07-25 22:04:09+01:00
1,1,0,0,0,0,2018-07-27 13:54:16+01:00
1,1,0,0,1,0,2018-07-27 13:54:43+01:00
1,1,0,0,0,0,2018-07-27 13:55:55+01:00
0,0,0,0,0,0,2018-07-27 13:57:21+01:00
0,0,0,0,0,0,2018-07-27 14:57:15+01:00
0,0,0,0,0,0,2018-08-01 14:32:05+01:00
2,2,1,0,0,0,2018-08-02 18:04:05+01:00
2,2,0,0,0,0,2018-08-02 22:31:46+01:00
0,0,0,0,0,0,2018-08-08 17:36:10+01:00
1,1,0,0,1,0,2018-08-09 13:47:44+01:00
0,0,0,0,0,0,2018-08-09 23:36:37+01:00
0,0,0,0,0,0,2018-08-09 23:38:56+01:00
0,0,0,0,0,0,2018-08-10 00:03:33+01:00
1,1,0,0,0,0,2018-08-10 00:08:42+01:00
1,1,0,0,0,0,2018-08-10 00:17:15+01:00
1,1,0,0,0,0,2018-08-10 00:48:41+01:00
1,1,0,0,0,0,2018-08-10 01:08:27+01:00
1,1,0,0,0,0,2018-08-10 01:17:27+01:00
1,1,0,0,0,0,2018-08-10 01:30:11+01:00
0,0,0,0,0,0,2018-08-16 21:36:13+01:00
1,1,0,0,0,0,2018-08-17 00:54:49+01:00
6,8,1,0,1,0,2018-08-24 11:08:30+01:00
2,2,2,0,0,0,2018-08-25 23:46:52+01:00
3,3,0,0,1,0,2018-08-26 15:20:23+01:00
2,2,1,0,0,0,2018-08-31 00:58:53+01:00
3,3,0,0,0,0,2018-08-31 00:59:25+01:00
1,1,0,0,0,0,2018-09-02 12:37:23+01:00
0,0,0,0,0,0,2018-09-02 12:46:16+01:00
0,0,0,0,0,0,2018-09-03 11:38:17+01:00
0,0,0,0,0,0,2018-09-03 11:38:49+01:00
0,0,0,0,0,0,2018-09-13 23:12:22+01:00
1,1,0,0,0,0,2018-09-13 23:23:36+01:00
0,0,0,0,0,0,2018-09-14 00:13:30+01:00
1,1,0,0,0,0,2018-09-14 00:14:58+01:00
2,2,0,0,1,0,2018-09-14 00:15:26+01:00
2,2,0,0,0,0,2018-09-16 15:27:15+01:00
2,2,0,0,0,0,2018-09-20 13:31:10+01:00
3,3,0,0,0,0,2018-09-20 15:29:50+01:00
4,4,0,0,1,0,2018-09-21 11:20:43+01:00
2,2,0,0,0,0,2018-09-21 13:31:08+01:00
1,1,0,0,0,0,2018-09-21 13:34:47+01:00
0,0,0,0,0,0,2018-09-21 13:35:09+01:00
1,1,0,0,0,0,2018-09-21 15:26:47+01:00
2,2,0,0,1,0,2018-09-22 11:45:41+01:00
3,3,0,0,1,0,2018-09-23 11:38:28+01:00
4,4,0,0,1,0,2018-09-24 20:01:03+01:00
0,0,0,0,0,0,2018-09-23 13:21:01+01:00
1,1,0,0,1,0,2018-09-28 20:59:30+01:00
0,0,0,0,0,0,2018-09-28 21:07:19+01:00
1,1,0,0,0,0,2018-09-28 23:16:20+01:00
1,1,0,0,0,0,2018-09-28 23:25:34+01:00
3,3,0,0,2,0,2018-09-29 00:02:58+01:00
1,1,0,0,0,0,2018-09-29 00:48:49+01:00
1,1,0,0,1,0,2018-10-01 16:32:26+01:00
2,2,0,0,1,0,2018-10-02 13:31:28+01:00
2,2,0,0,1,0,2018-10-02 21:42:00+01:00
1,1,0,0,1,0,2018-10-02 23:44:49+01:00
3,3,0,0,1,0,2018-10-03 20:10:24+01:00
1,1,0,0,1,0,2018-10-03 21:37:22+01:00
0,0,0,0,0,0,2018-10-08 21:13:06+01:00
0,0,0,0,0,0,2018-10-08 21:14:22+01:00
2,2,0,0,0,0,2018-10-11 13:23:12+01:00
3,3,0,0,1,0,2018-10-11 17:54:03+01:00
1,1,0,0,0,0,2018-10-12 07:34:14+01:00
1,1,0,0,0,0,2018-10-12 07:35:00+01:00
1,1,0,0,1,0,2018-10-12 07:37:20+01:00
0,0,0,0,0,0,2018-10-16 21:34:18+01:00
1,1,0,0,1,0,2018-10-16 21:40:25+01:00
3,3,0,0,1,0,2018-10-23 23:43:04+01:00
1,1,0,0,1,0,2018-10-24 00:42:48+01:00
2,2,0,0,1,0,2018-10-24 01:46:42+01:00
3,3,0,0,1,0,2018-10-25 16:17:21+01:00
1,1,0,0,1,0,2018-10-25 18:05:12+01:00
0,0,0,0,0,0,2018-10-25 18:06:58+01:00
3,3,0,0,1,0,2018-10-26 02:04:38+01:00
3,5,0,0,1,0,2018-10-28 01:32:04+00:00
0,0,0,0,0,0,2018-10-30 00:57:38+00:00
1,2,0,0,1,0,2018-10-30 00:58:42+00:00
0,0,0,0,0,0,2018-10-30 00:58:56+00:00
1,1,0,0,0,0,2018-10-30 13:07:54+00:00
1,1,0,0,0,0,2018-10-30 14:07:14+00:00
1,1,0,0,0,0,2018-10-30 15:06:47+00:00
0,1,0,0,0,0,2018-10-30 15:51:20+00:00
1,1,0,0,1,0,2018-10-30 15:52:45+00:00
2,2,0,0,1,0,2018-10-31 01:11:28+00:00
0,0,0,0,0,0,2018-10-31 01:11:39+00:00
1,1,0,0,1,0,2018-10-31 16:38:27+00:00
1,1,0,0,0,0,2018-10-31 17:34:21+00:00
1,1,0,0,1,0,2018-11-01 01:25:19+00:00
1,1,0,0,0,0,2018-11-01 01:25:42+00:00
0,0,0,0,0,0,2018-11-01 01:26:13+00:00
1,1,0,0,0,0,2018-11-01 18:12:14+00:00
1,1,0,0,0,0,2018-11-04 10:02:10+00:00
0,1,0,0,0,0,2018-11-04 10:02:40+00:00
1,1,0,0,0,0,2018-11-04 10:03:13+00:00
1,1,0,0,0,0,2018-11-04 10:04:06+00:00
0,1,0,0,0,0,2018-11-04 10:04:27+00:00
3,3,0,0,1,0,2018-11-04 20:05:34+00:00
1,1,0,0,0,0,2018-11-04 23:34:44+00:00
3,4,0,0,1,0,2018-11-04 23:35:22+00:00
0,0,0,0,0,0,2018-11-05 15:05:49+00:00
0,0,0,0,0,0,2018-11-05 15:17:17+00:00
0,1,0,0,0,0,2018-11-05 16:32:50+00:00
1,1,0,0,1,0,2018-11-05 16:33:14+00:00
0,0,0,0,0,0,2018-11-07 02:11:24+00:00
0,0,0,0,0,0,2018-11-07 09:59:57+00:00
1,1,0,0,1,0,2018-11-07 10:14:31+00:00
1,1,0,0,1,0,2018-11-07 21:46:57+00:00
0,0,0,0,0,0,2018-11-09 09:43:49+00:00
0,0,0,0,0,0,2018-11-09 10:39:53+00:00
0,0,0,0,0,0,2018-11-10 12:57:54+00:00
2,2,0,0,1,0,2018-11-13 02:35:56+00:00
0,0,0,0,0,0,2018-11-13 11:17:46+00:00
0,0,0,0,0,0,2018-11-13 11:26:40+00:00
1,1,0,0,0,0,2018-11-14 22:29:58+00:00
2,2,0,0,1,0,2018-11-15 21:03:47+00:00
0,0,0,0,0,0,2018-11-15 21:04:05+00:00
1,1,0,0,1,0,2018-11-16 15:49:11+00:00
1,1,0,0,1,0,2018-11-16 16:25:51+00:00
1,1,0,0,1,0,2018-11-17 00:10:30+00:00
2,3,0,0,1,0,2018-11-18 01:03:50+00:00
2,2,0,0,1,0,2018-11-20 23:15:49+00:00
1,2,0,0,1,0,2018-11-22 16:25:52+00:00
0,0,0,0,0,0,2018-11-24 20:28:50+00:00
1,1,0,0,0,0,2018-11-27 01:40:48+00:00
2,2,1,0,0,0,2018-11-27 01:41:12+00:00
1,1,0,0,1,0,2018-11-27 20:25:30+00:00
1,1,0,0,1,0,2018-11-27 22:34:53+00:00
2,2,0,0,1,0,2018-11-28 00:20:05+00:00
1,1,0,0,1,0,2018-11-28 12:00:57+00:00
1,1,0,0,0,0,2018-12-03 00:54:00+00:00
1,1,0,0,1,0,2018-12-03 23:56:05+00:00
0,0,0,0,0,0,2018-12-04 00:05:24+00:00
2,2,0,0,1,0,2018-12-05 00:53:45+00:00
2,2,1,0,0,0,2018-12-05 00:54:06+00:00
1,1,0,0,1,0,2018-12-14 00:14:43+00:00
4,4,1,0,1,0,2018-12-20 00:19:22+00:00
0,0,0,0,0,0,2018-12-20 00:21:36+00:00
0,0,0,0,0,0,2018-12-20 00:33:25+00:00
0,0,0,0,0,0,2018-12-20 00:35:54+00:00
0,0,0,0,0,0,2018-12-20 00:36:56+00:00
0,0,0,0,0,0,2018-12-20 00:37:01+00:00
2,2,0,0,1,0,2019-01-07 13:30:31+00:00
0,0,0,0,0,0,2019-01-14 08:54:46+00:00
1,1,0,0,1,0,2019-01-15 00:18:55+00:00
0,0,0,0,0,0,2019-01-15 00:19:23+00:00
1,1,0,0,1,0,2019-01-16 00:07:20+00:00
0,0,0,0,0,0,2019-01-16 00:07:54+00:00
1,1,0,0,1,0,2019-01-17 08:55:18+00:00
7,7,1,0,2,0,2019-01-24 01:32:49+00:00
0,0,0,0,0,0,2019-01-24 08:42:11+00:00
0,0,0,0,0,0,2019-01-24 09:06:56+00:00
1,1,0,0,1,0,2019-01-24 09:26:41+00:00
3,3,0,0,3,0,2019-01-25 00:24:39+00:00
1,1,0,0,1,0,2019-06-06 13:24:20+00:00
0,0,0,0,0,0,2019-06-06 22:51:25+01:00
0,0,0,0,0,0,2019-06-19 21:35:42+01:00
0,0,0,0,0,0,2019-06-20 00:17:17+01:00
0,0,0,0,0,0,2019-06-20 00:19:43+01:00
3,3,0,0,1,0,2019-06-20 00:55:56+01:00
0,0,0,0,0,0,2019-06-20 00:56:42+01:00
0,0,0,0,0,0,2019-06-24 17:52:09+01:00
0,0,0,0,0,0,2019-06-24 17:53:38+01:00
0,0,0,0,0,0,2019-06-24 18:02:17+01:00
1,1,1,0,0,0,2019-06-24 18:07:36+01:00
0,0,0,0,0,0,2019-06-25 00:07:59+01:00
0,0,0,0,0,0,2019-06-25 00:09:27+01:00
0,0,0,0,0,0,2019-06-25 00:10:33+01:00
0,0,0,0,0,0,2019-06-25 09:53:38+01:00
0,0,0,0,0,0,2019-06-28 11:26:48+01:00
0,0,0,0,0,0,2019-07-04 14:53:08+01:00
0,0,0,0,0,0,2019-07-04 14:56:39+01:00
0,0,0,0,0,0,2019-07-04 15:06:42+01:00
0,0,0,0,0,0,2019-07-04 15:22:06+01:00
0,0,0,0,0,0,2019-07-04 17:19:00+01:00
0,0,0,0,0,0,2019-07-04 18:06:10+01:00
0,0,0,0,0,0,2019-07-05 08:29:15+01:00
0,0,0,0,0,0,2019-07-05 07:29:51+00:00
3,3,0,0,1,0,2019-07-05 11:40:24+01:00
0,0,0,0,0,0,2019-07-05 10:40:46+00:00
1,1,0,0,1,0,2019-07-05 11:36:08+00:00
0,0,0,0,0,0,2019-07-07 11:28:47+01:00
0,0,0,0,0,0,2019-07-07 11:31:21+01:00
0,0,0,0,0,0,2019-07-07 23:12:17+00:00
0,0,0,0,0,0,2019-07-07 23:12:48+00:00
0,0,0,0,0,0,2019-07-07 23:38:19+00:00
1,1,0,0,0,0,2019-07-07 23:39:15+00:00
0,0,0,0,0,0,2019-07-07 23:50:18+00:00
1,1,1,1,0,0,2019-08-19 17:43:36+00:00
2,3,0,0,0,0,2019-09-11 14:23:40+00:00
8,10,1,1,2,0,2019-09-16 00:34:17+00:00
2,3,0,0,1,0,2019-09-20 13:00:15+00:00
1,2,0,0,0,0,2019-10-04 18:11:39+00:00
0,0,0,0,0,0,2019-10-04 19:26:05+01:00
1,1,0,0,0,0,2019-10-08 10:27:30+00:00
1,1,0,0,0,0,2019-10-08 10:27:54+00:00
0,0,0,0,0,0,2019-10-08 10:28:28+00:00
0,0,0,0,0,0,2019-10-09 15:54:23+00:00
1,1,0,0,1,0,2019-10-09 15:55:16+00:00
1,1,0,0,0,0,2019-10-11 13:54:18+00:00
0,0,0,0,0,0,2019-10-11 14:12:27+00:00
0,1,0,0,0,0,2019-10-11 14:25:05+00:00
1,1,0,0,0,0,2019-10-11 16:03:05+00:00
0,3,0,0,0,0,2019-10-18 13:43:08+00:00
1,1,0,0,0,0,2019-10-18 13:44:13+00:00
0,1,0,0,0,0,2019-10-18 13:45:21+00:00
1,1,0,0,0,0,2019-10-18 13:47:15+00:00
1,1,0,0,1,0,2019-10-18 13:48:24+00:00
0,0,0,0,0,0,2019-10-18 17:30:31+01:00
0,0,0,0,0,0,2019-10-20 23:31:44+00:00
0,0,0,0,0,0,2019-10-20 23:32:34+00:00
3,3,0,0,1,0,2019-10-20 23:33:40+00:00
1,1,0,0,0,0,2019-10-20 23:34:18+00:00
1,1,0,0,0,0,2019-10-20 23:35:53+00:00
2,3,0,0,0,0,2019-10-20 23:36:34+00:00
0,0,0,0,0,0,2019-10-20 23:40:21+00:00
7,9,0,0,2,0,2019-11-04 16:01:58+00:00
3,3,0,0,1,0,2019-11-05 11:35:08+00:00
0,0,0,0,0,0,2019-11-05 11:35:51+00:00
2,5,0,0,1,0,2019-11-05 14:55:15+00:00
2,2,0,0,1,0,2019-11-05 15:36:01+00:00
4,9,0,0,1,0,2019-11-19 22:21:30+00:00
3,7,0,0,1,0,2019-11-20 02:57:06+00:00
1,1,0,0,0,0,2019-11-20 15:34:29+00:00
0,1,0,0,0,0,2019-11-20 15:36:33+00:00
0,1,0,0,0,0,2019-11-26 02:00:00+00:00
0,2,0,0,0,0,2019-11-27 16:12:36+00:00
0,1,0,0,0,0,2019-11-27 21:06:33+00:00
0,3,0,0,0,0,2019-11-28 01:43:25+00:00
0,1,0,0,0,0,2019-11-28 09:51:26+00:00
4,11,0,0,1,0,2019-11-29 01:03:28+00:00
3,10,0,0,0,0,2019-12-01 09:51:52+00:00
3,5,0,0,0,0,2019-12-02 12:21:57+00:00
2,2,0,0,0,0,2019-12-02 21:57:30+00:00
3,4,0,0,1,0,2019-12-03 15:42:22+00:00
1,3,0,0,0,0,2019-12-03 15:45:01+00:00
0,0,0,0,0,0,2019-12-05 16:49:53+00:00
1,3,0,0,0,0,2019-12-05 16:55:05+00:00
1,2,0,0,1,0,2019-12-08 01:53:35+00:00
0,2,0,0,0,0,2019-12-09 02:11:25+00:00
1,1,0,0,1,0,2019-12-09 02:12:01+00:00
0,1,0,0,0,0,2019-12-09 11:44:56+00:00
0,1,0,0,0,0,2019-12-15 22:42:31+00:00
1,1,0,0,1,0,2019-12-15 22:43:19+00:00
1,1,0,0,0,0,2019-12-15 22:46:59+00:00
2,5,0,0,1,0,2019-12-17 01:37:12+00:00
0,3,0,0,0,0,2019-12-17 14:17:44+00:00
2,4,0,0,1,0,2019-12-17 22:17:53+00:00
1,1,0,0,1,0,2019-12-18 14:54:59+00:00
1,1,0,0,1,0,2019-12-18 15:03:17+00:00
0,1,0,0,0,0,2019-12-18 21:42:09+00:00
2,3,0,0,1,0,2019-12-18 22:59:19+00:00
1,1,0,0,1,0,2019-12-20 16:26:43+00:00
0,0,0,0,0,0,2019-12-20 16:34:12+00:00
0,0,0,0,0,0,2019-12-20 16:36:37+00:00
0,0,0,0,0,0,2019-12-21 00:45:24+00:00
3,3,0,0,1,0,2019-12-23 17:32:18+00:00
1,3,0,0,0,0,2019-12-23 17:32:48+00:00
1,1,0,0,0,0,2019-12-23 17:34:01+00:00
8,16,1,1,1,0,2019-12-25 21:24:45+00:00
2,2,0,0,0,0,2019-12-26 01:07:18+00:00
0,0,0,0,0,0,2019-12-26 11:44:34+00:00
1,0,0,0,0,0,2019-12-26 11:45:40+00:00
1,1,0,0,1,0,2019-12-26 18:09:39+00:00
1,1,0,0,0,0,2019-12-26 18:10:41+00:00
0,1,0,0,0,0,2019-12-26 20:43:02+00:00
0,1,0,0,0,0,2019-12-27 09:40:31+00:00
6,7,0,0,1,0,2019-12-27 13:23:20+00:00
4,11,0,0,0,0,2019-12-27 13:24:31+00:00
4,6,1,1,0,0,2019-12-27 13:26:27+00:00
0,0,0,0,0,0,2019-12-27 13:27:26+00:00
1,1,0,0,0,0,2019-12-27 23:37:15+00:00
0,1,0,0,0,0,2019-12-27 23:37:45+00:00
2,2,0,0,1,0,2020-01-06 22:13:35+00:00
0,3,0,0,0,0,2020-01-06 22:16:07+00:00
3,3,0,0,1,0,2020-01-06 22:16:56+00:00
0,0,0,0,0,0,2020-01-06 22:17:39+00:00
2,3,0,0,1,0,2020-03-03 16:56:56+00:00
0,1,0,0,0,0,2020-03-03 16:57:29+00:00
3,2,2,2,0,0,2021-02-11 02:38:31+00:00
17,20,2,1,1,0,2021-02-11 02:39:43+00:00
1,1,1,1,0,0,2021-02-12 15:57:14+00:00
0,0,0,0,0,0,2021-02-12 15:58:17+00:00
0,1,0,0,0,0,2021-02-21 11:35:31+00:00
1,1,0,0,1,0,2021-02-21 11:39:11+00:00
1,1,0,0,1,0,2021-02-21 22:14:47+00:00
1,1,0,0,0,0,2021-02-24 00:37:21+00:00
2,3,0,0,0,0,2021-02-24 00:38:13+00:00
1,1,0,0,0,0,2021-02-24 16:16:10+00:00
1,1,0,0,0,0,2021-02-24 16:16:50+00:00
1,1,0,0,0,0,2021-02-24 16:17:38+00:00
1,2,0,0,0,0,2021-02-24 16:18:12+00:00
0,0,0,0,0,0,2021-02-24 16:22:25+00:00
1,1,0,0,0,0,2021-02-24 16:23:35+00:00
0,1,0,0,0,0,2021-02-24 16:24:26+00:00
0,0,0,0,0,0,2021-02-24 16:25:00+00:00
1,1,1,1,0,0,2021-02-24 16:25:30+00:00
1,1,0,0,0,0,2021-02-25 01:04:25+00:00
2,2,0,0,0,0,2021-02-28 17:16:07+00:00
0,1,0,0,0,0,2021-03-02 22:56:51+00:00
1,1,0,0,0,0,2021-03-02 22:59:00+00:00
1,1,0,0,0,0,2021-03-02 23:04:21+00:00
0,1,0,0,0,0,2021-03-04 00:12:36+00:00
1,1,0,0,0,0,2021-03-04 00:21:39+00:00
3,3,0,0,1,0,2021-03-04 00:23:02+00:00
2,5,0,0,0,0,2021-03-04 00:23:44+00:00
0,0,0,0,0,0,2021-03-04 00:25:10+00:00
1,1,0,0,0,0,2021-03-04 00:26:23+00:00
1,1,1,1,0,0,2021-03-04 00:27:30+00:00
1,1,0,0,0,0,2021-03-04 16:52:40+00:00
1,1,0,0,0,0,2021-03-04 16:53:14+00:00
0,0,0,0,0,0,2021-03-04 16:54:00+00:00
0,1,0,0,0,0,2021-03-04 20:46:31+00:00
5,8,0,0,0,0,2021-03-04 23:45:13+00:00
2,3,0,0,0,0,2021-03-04 23:46:15+00:00
0,0,0,0,0,0,2021-03-04 23:47:32+00:00
1,1,0,0,1,0,2021-03-05 00:11:08+00:00
1,1,0,0,0,0,2021-03-05 02:39:57+00:00
3,3,0,0,1,0,2021-03-05 03:34:08+00:00
0,1,0,0,0,0,2021-03-05 16:00:00+00:00
1,2,0,0,1,0,2021-03-05 19:07:57+00:00
0,0,0,0,0,0,2021-03-05 19:08:43+00:00
2,2,0,0,0,0,2021-03-06 01:51:36+00:00
2,2,0,0,1,0,2021-03-06 01:52:48+00:00
1,1,0,0,0,0,2021-03-06 03:13:06+00:00
2,2,0,0,0,0,2021-03-06 13:38:06+00:00
2,2,0,0,0,0,2021-03-07 00:48:37+00:00
1,1,0,0,0,0,2021-03-07 00:49:42+00:00
1,1,0,0,0,0,2021-03-07 00:50:15+00:00
0,1,0,0,0,0,2021-03-07 21:04:41+00:00
2,2,0,0,0,0,2021-03-07 21:05:20+00:00
4,4,0,0,1,0,2021-03-08 14:36:49+00:00
9,10,0,0,2,0,2021-03-09 02:30:30+00:00
0,0,0,0,0,0,2021-03-10 20:47:03+00:00
1,2,0,0,0,0,2021-03-10 20:47:55+00:00
1,1,0,0,0,0,2021-03-12 11:59:02+00:00
1,1,0,0,0,0,2021-03-13 21:52:13+00:00
0,0,0,0,0,0,2021-03-15 19:13:41+00:00
0,1,0,0,0,0,2021-03-15 19:19:26+00:00
0,0,0,0,0,0,2021-03-15 20:20:35+00:00
1,1,0,0,1,0,2021-03-15 20:24:43+00:00
0,0,0,0,0,0,2021-03-15 20:28:49+00:00
0,0,0,0,0,0,2021-03-15 20:29:53+00:00
0,0,0,0,0,0,2021-03-15 20:30:42+00:00
0,0,0,0,0,0,2021-03-15 20:31:45+00:00
3,4,1,1,0,0,2021-03-16 15:42:36+00:00
0,0,0,0,0,0,2021-03-16 15:43:50+00:00
1,1,0,0,0,0,2021-03-18 21:39:46+00:00
4,5,1,1,1,0,2021-03-21 22:35:21+00:00
0,0,0,0,0,0,2021-03-21 22:36:36+00:00
0,0,0,0,0,0,2021-03-23 22:16:42+00:00
19,29,4,3,2,0,2021-03-23 22:38:17+00:00
0,0,0,0,0,0,2021-03-23 22:39:52+00:00
0,0,0,0,0,0,2021-03-23 22:40:14+00:00
0,0,0,0,0,0,2021-03-23 22:41:16+00:00
3,3,0,0,1,0,2021-03-24 17:18:11+00:00
0,0,0,0,0,0,2021-03-24 17:18:50+00:00
0,0,0,0,0,0,2021-03-22 14:08:53+00:00
3,3,1,1,1,0,2021-03-26 14:32:27+00:00
2,1,1,1,0,0,2021-03-26 23:34:23+00:00
2,2,1,1,0,0,2021-03-27 16:52:17+00:00
1,1,1,1,0,0,2021-03-27 18:09:21+00:00
3,3,1,1,1,0,2021-03-28 17:12:15+01:00
1,1,1,1,0,0,2021-03-28 18:13:12+01:00
1,1,0,0,1,0,2021-03-30 11:57:11+00:00
0,0,0,0,0,0,2021-03-30 23:00:59+01:00
0,0,0,0,0,0,2021-03-31 19:54:11+00:00
0,0,0,0,0,0,2021-03-31 19:59:30+00:00
0,0,0,0,0,0,2021-03-31 21:01:17+01:00
0,0,0,0,0,0,2021-03-31 21:34:46+01:00
0,0,0,0,0,0,2021-03-31 20:37:28+00:00
0,0,0,0,0,0,2021-03-31 21:41:17+01:00
0,0,0,0,0,0,2021-03-31 21:44:03+01:00
0,0,0,0,0,0,2021-03-31 21:46:20+01:00
0,0,0,0,0,0,2021-03-31 21:49:42+01:00
0,0,0,0,0,0,2021-04-01 21:06:26+00:00
0,0,0,0,0,0,2021-04-01 22:09:37+01:00
0,0,0,0,0,0,2021-04-01 22:25:13+00:00
18,22,1,1,5,0,2021-04-04 00:48:51+00:00
2,1,0,0,0,0,2021-04-07 21:58:02+00:00
9,20,0,0,1,0,2021-04-08 00:44:12+00:00
0,0,0,0,0,0,2021-04-08 01:00:55+00:00
0,0,0,0,0,0,2021-04-08 02:04:30+01:00
0,0,0,0,0,0,2021-04-08 01:07:01+00:00
0,0,0,0,0,0,2021-04-08 01:09:24+00:00
4,4,2,2,1,0,2021-04-08 02:05:19+00:00
0,0,0,0,0,0,2021-04-08 03:07:06+01:00
1,1,1,1,0,0,2021-04-08 11:01:14+00:00
5,6,0,0,1,0,2021-04-09 01:58:15+00:00
0,0,0,0,0,0,2021-04-09 03:00:51+01:00
5,4,2,2,1,0,2021-04-10 01:12:32+00:00
28,52,4,3,5,0,2021-04-11 02:44:33+00:00
0,0,0,0,0,0,2021-04-11 11:27:18+01:00
10,15,0,0,3,0,2021-04-11 12:08:13+00:00
28,47,2,1,4,0,2021-04-11 21:02:26+00:00
0,0,0,0,0,0,2021-04-11 22:07:01+01:00
0,0,0,0,0,0,2021-04-11 22:13:32+01:00
0,0,0,0,0,0,2021-04-11 22:39:01+00:00
0,0,0,0,0,0,2021-04-11 23:48:36+00:00
4,3,1,1,1,0,2021-04-12 03:18:28+00:00
3,2,1,1,1,0,2021-04-16 08:34:25+00:00
2,1,1,1,1,0,2021-04-21 21:28:16+00:00
1,1,0,0,0,0,2021-04-21 21:29:22+00:00
0,0,0,0,0,0,2021-04-21 21:35:10+00:00
0,0,0,0,0,0,2021-04-28 08:16:25+00:00
4,2,1,1,1,0,2021-04-28 22:52:04+00:00
7,6,1,1,1,0,2021-04-29 00:04:17+00:00
0,0,0,0,0,0,2021-04-29 13:43:49+00:00
1,0,0,0,0,0,2021-04-29 15:15:46+00:00
0,0,0,0,0,0,2021-04-29 17:19:27+01:00
0,0,0,0,0,0,2021-04-29 23:47:45+01:00
0,0,0,0,0,0,2021-05-09 20:30:42+00:00
0,0,0,0,0,0,2021-05-12 08:55:10+00:00
1,1,0,0,0,0,2021-05-15 18:03:28+00:00
0,0,0,0,0,0,2021-05-15 19:46:26+01:00
2,2,0,0,1,0,2021-05-15 19:29:08+00:00
0,0,0,0,0,0,2021-05-15 21:17:17+01:00
0,0,0,0,0,0,2021-05-15 23:32:08+01:00
0,1,0,0,0,0,2021-05-15 23:27:45+00:00
3,4,0,0,1,0,2021-06-07 08:07:46+00:00
0,0,0,0,0,0,2021-06-07 08:14:58+00:00
0,0,0,0,0,0,2021-06-07 09:29:27+01:00
0,0,0,0,0,0,2021-06-07 09:57:34+01:00
6,7,1,1,3,0,2021-06-09 19:39:29+00:00
4,3,0,0,1,0,2021-06-09 22:01:03+00:00
4,5,1,1,2,0,2021-06-12 00:47:55+00:00
4,6,0,3,1,1,2021-06-18 08:20:43+00:00
0,0,0,0,0,0,2021-06-18 08:24:02+00:00
2,2,0,0,1,0,2021-06-18 08:30:33+00:00
1,1,0,0,0,0,2021-06-18 13:25:53+00:00
2,2,0,0,1,0,2021-06-18 15:42:34+00:00
10,12,0,3,1,1,2021-06-21 00:34:50+00:00
2,2,0,1,1,0,2021-06-21 19:46:19+00:00
6,7,0,2,1,0,2021-06-25 08:09:35+00:00
2,2,0,0,1,0,2021-06-25 10:50:36+00:00
2,1,0,0,0,0,2021-06-25 13:17:00+00:00
1,0,0,0,0,0,2021-06-25 13:56:30+00:00
0,0,0,0,0,0,2021-06-25 16:44:26+00:00
0,0,0,0,0,0,2021-06-25 16:51:16+00:00
1,0,0,0,0,0,2021-06-25 18:01:19+00:00
0,0,0,0,0,0,2021-06-25 18:17:24+00:00
1,0,0,0,0,0,2021-06-25 18:40:57+00:00
0,0,0,0,0,0,2021-06-25 18:41:22+00:00
1,0,0,0,0,0,2021-06-25 19:25:07+00:00
2,2,0,1,0,0,2021-06-25 21:16:12+00:00
0,0,0,0,0,0,2021-06-25 23:12:53+01:00
1,1,0,0,0,0,2021-06-26 00:41:33+01:00
1,1,0,0,0,0,2021-06-26 17:03:12+01:00
0,0,0,0,0,0,2021-06-26 18:06:13+01:00
2,2,0,1,0,0,2021-06-29 15:30:53+00:00
0,0,0,0,0,0,2021-06-29 17:43:55+00:00
0,0,0,0,0,0,2021-06-29 19:27:38+01:00
1,1,0,1,0,0,2021-06-30 21:19:30+00:00
1,1,0,1,0,0,2021-06-30 21:21:27+00:00
0,0,0,0,0,0,2021-07-01 00:51:19+01:00
2,2,0,0,0,0,2021-07-01 00:35:32+00:00
2,2,0,0,0,0,2021-07-01 13:37:57+00:00
8,9,1,4,2,1,2021-07-10 17:24:52+00:00
6,7,0,1,1,1,2021-07-10 22:04:33+00:00
7,5,1,1,1,0,2021-07-13 23:20:55+00:00
2,2,0,0,0,0,2021-07-13 23:49:03+00:00
0,0,0,0,0,0,2021-07-14 09:18:55+00:00
3,2,0,0,0,0,2021-07-14 10:30:34+00:00
0,0,0,0,0,0,2021-07-14 13:34:24+01:00
4,4,0,0,1,0,2021-07-19 16:51:54+01:00
0,0,0,0,0,0,2021-07-21 02:07:34+01:00
0,0,0,0,0,0,2021-07-21 12:24:57+00:00
4,4,0,0,1,0,2021-07-21 12:26:03+00:00
1,1,0,0,0,0,2021-07-21 12:49:08+00:00
2,2,0,0,1,0,2021-07-21 21:10:31+00:00
2,2,0,0,1,0,2021-07-21 23:32:17+00:00
13,24,0,1,2,0,2021-07-23 00:47:53+00:00
8,15,0,0,4,0,2021-07-23 11:10:13+00:00
11,12,0,2,3,0,2021-07-23 17:18:12+00:00
6,6,0,0,2,0,2021-07-24 13:43:56+00:00
0,0,0,0,0,0,2021-07-24 14:53:05+00:00
2,2,0,0,1,0,2021-07-24 20:10:22+00:00
0,0,0,0,0,0,2021-07-24 20:13:15+00:00
1,1,0,0,0,0,2021-07-24 20:38:22+00:00
1,1,0,0,0,0,2021-07-24 21:47:20+00:00
0,0,0,0,0,0,2021-07-24 22:28:10+00:00
0,0,0,0,0,0,2021-07-24 22:29:23+00:00
0,0,0,0,0,0,2021-07-24 23:34:38+01:00
0,0,0,0,0,0,2021-07-24 22:52:36+00:00
22,41,1,2,5,1,2021-07-24 22:53:47+00:00
3,4,0,0,1,0,2021-07-26 01:09:51+00:00
0,0,0,0,0,0,2021-07-26 09:04:25+01:00
1,1,0,0,0,0,2021-07-27 07:37:09+00:00
0,0,0,0,0,0,2021-07-27 18:52:53+00:00
0,0,0,0,0,0,2021-07-28 02:07:18+01:00
1,1,0,0,0,0,2021-08-17 12:11:55+00:00
2,2,0,0,1,0,2021-08-31 14:42:06+00:00
0,0,0,0,0,0,2021-08-31 23:01:53+01:00
2,2,0,0,1,0,2021-09-01 21:33:05+00:00
0,0,0,0,0,0,2021-09-02 08:30:32+01:00
8,8,0,0,2,0,2021-09-07 19:43:06+00:00
1,1,0,0,1,0,2021-09-08 22:56:38+00:00
2,2,0,0,0,0,2021-09-10 08:15:45+00:00
9,13,0,0,2,0,2021-09-10 19:48:02+00:00
0,0,0,0,0,0,2021-09-10 20:04:27+00:00
0,0,0,0,0,0,2021-09-10 20:35:52+00:00
0,0,0,0,0,0,2021-09-10 22:01:14+00:00
0,0,0,0,0,0,2021-09-10 22:05:09+00:00
17,27,0,0,4,0,2021-09-16 00:12:33+00:00
1,1,0,0,0,0,2021-09-16 00:35:46+00:00
1,1,0,0,0,0,2021-09-16 07:11:17+00:00
1,1,0,0,1,0,2021-09-16 10:49:13+00:00
2,3,0,0,1,0,2021-09-16 16:23:06+00:00
1,1,0,0,0,0,2021-09-16 16:25:24+00:00
3,4,0,0,0,0,2021-09-16 21:31:29+00:00
0,1,0,0,0,0,2021-09-17 00:23:33+00:00
0,1,0,0,0,0,2021-09-17 09:29:49+00:00
0,2,0,0,0,0,2021-09-17 17:12:28+00:00
0,0,0,0,0,0,2021-09-17 22:14:24+01:00
2,4,0,0,1,0,2021-09-20 19:24:11+00:00
1,2,0,0,1,0,2021-09-21 08:32:48+00:00
1,3,0,0,1,0,2021-09-21 22:50:50+00:00
0,0,0,0,0,0,2021-09-22 15:02:05+01:00
1,2,0,0,0,0,2021-09-23 23:49:58+00:00
0,1,0,0,0,0,2021-09-23 23:50:27+00:00
0,0,0,0,0,0,2021-09-23 23:50:49+00:00
0,1,0,0,0,0,2021-09-24 08:12:05+00:00
0,0,0,0,0,0,2021-09-24 10:25:07+01:00
0,0,0,0,0,0,2021-10-03 09:55:35+00:00
0,0,0,0,0,0,2021-10-03 10:23:40+00:00
0,0,0,0,0,0,2021-10-03 10:31:59+00:00
0,0,0,0,0,0,2021-10-03 10:34:36+00:00
0,0,0,0,0,0,2021-10-03 10:41:28+00:00
0,0,0,0,0,0,2021-10-03 10:45:39+00:00
0,0,0,0,0,0,2021-10-03 10:47:07+00:00
0,0,0,0,0,0,2021-10-03 10:56:53+00:00
0,0,0,0,0,0,2021-10-03 11:06:47+00:00
0,0,0,0,0,0,2021-10-03 11:08:49+00:00
0,0,0,0,0,0,2021-10-03 11:13:32+00:00
0,0,0,0,0,0,2021-10-03 11:34:14+00:00
0,0,0,0,0,0,2021-10-03 11:40:47+00:00
0,0,0,0,0,0,2021-10-03 11:49:39+00:00
0,0,0,0,0,0,2021-10-03 12:02:49+00:00
0,0,0,0,0,0,2021-10-03 18:42:05+00:00
0,0,0,0,0,0,2021-10-03 18:50:24+00:00
0,0,0,0,0,0,2021-10-03 18:57:43+00:00
0,0,0,0,0,0,2021-10-03 19:02:23+00:00
0,0,0,0,0,0,2021-10-03 19:09:02+00:00
0,0,0,0,0,0,2021-10-03 19:15:50+00:00
0,0,0,0,0,0,2021-10-03 19:19:45+00:00
0,0,0,0,0,0,2021-10-03 19:28:51+00:00
0,0,0,0,0,0,2021-10-03 19:33:48+00:00
0,0,0,0,0,0,2021-10-04 12:25:01+00:00
0,0,0,0,0,0,2021-10-04 12:30:43+00:00
0,0,0,0,0,0,2021-10-04 14:34:17+00:00
0,0,0,0,0,0,2021-10-04 14:37:45+00:00
0,0,0,0,0,0,2021-10-04 14:42:28+00:00
0,0,0,0,0,0,2021-10-04 14:46:25+00:00
0,0,0,0,0,0,2021-10-04 16:03:52+00:00
0,0,0,0,0,0,2021-10-04 16:10:15+00:00
0,0,0,0,0,0,2021-10-04 16:39:25+00:00
0,0,0,0,0,0,2021-10-04 20:27:04+00:00
0,1,0,0,0,0,2021-10-05 15:52:52+00:00
0,0,0,0,0,0,2021-10-05 20:29:52+01:00
0,1,0,0,0,0,2021-10-05 21:04:10+00:00
0,0,0,0,0,0,2021-10-06 12:17:34+00:00
4,4,0,0,1,0,2021-10-06 12:18:01+00:00
3,3,0,0,1,0,2021-10-06 16:23:09+00:00
5,5,0,0,2,0,2021-10-06 16:32:08+00:00
5,5,0,0,2,0,2021-10-06 23:03:42+00:00
0,1,0,0,0,0,2021-10-08 11:21:32+00:00
0,1,0,0,0,0,2021-10-08 17:15:48+00:00
0,1,0,0,0,0,2021-10-08 17:21:02+00:00
0,0,0,0,0,0,2021-10-08 19:05:06+01:00
0,1,0,0,0,0,2021-10-08 18:18:42+00:00
0,0,0,0,0,0,2021-10-08 19:24:19+01:00
0,0,0,0,0,0,2021-10-08 21:10:39+00:00
1,1,0,0,0,0,2021-10-08 21:16:47+00:00
2,4,0,0,0,0,2021-10-08 23:08:54+00:00
6,7,0,0,2,0,2021-10-10 00:18:14+00:00
0,1,0,0,0,0,2021-10-10 12:18:40+00:00
1,2,0,0,1,0,2021-10-10 20:16:17+00:00
0,0,0,0,0,0,2021-10-10 22:01:57+00:00
0,0,0,0,0,0,2021-10-11 22:30:25+01:00
5,5,0,0,2,0,2021-10-13 20:47:44+00:00
3,4,0,0,1,0,2021-10-13 20:49:37+00:00
0,0,0,0,0,0,2021-10-13 22:18:51+01:00
0,1,0,0,0,0,2021-11-21 11:34:55+00:00
0,0,0,0,0,0,2021-11-21 13:30:34+00:00
0,0,0,0,0,0,2021-11-21 15:14:43+00:00
0,0,0,0,0,0,2021-11-21 17:33:34+00:00
1,2,0,0,1,0,2021-11-21 22:58:07+00:00
0,0,0,0,0,0,2021-11-21 23:24:08+00:00
0,1,0,0,0,0,2021-11-22 00:30:44+00:00
0,0,0,0,0,0,2021-11-22 01:10:16+00:00
0,0,0,0,0,0,2021-11-25 23:39:14+00:00
0,0,0,0,0,0,2021-11-26 00:46:59+00:00
0,0,0,0,0,0,2021-11-26 11:25:49+00:00
0,0,0,0,0,0,2021-11-26 11:49:47+00:00
0,3,0,0,0,0,2021-11-26 23:02:56+00:00
0,0,0,0,0,0,2021-11-26 23:37:28+00:00
1,4,0,0,1,0,2021-12-01 02:20:36+00:00
0,0,0,0,0,0,2021-12-01 16:39:27+00:00
0,0,0,0,0,0,2021-12-05 22:40:47+00:00
0,0,0,0,0,0,2021-12-06 11:43:24+00:00
2,2,0,0,0,0,2022-01-06 01:49:23+00:00
1,1,0,0,0,0,2022-01-06 01:50:58+00:00
0,1,0,0,0,0,2022-01-06 10:19:25+00:00
0,1,0,0,0,0,2022-01-06 10:19:45+00:00
0,2,0,0,0,0,2022-01-06 18:54:30+00:00
0,0,0,0,0,0,2022-01-06 19:02:58+00:00
0,1,0,0,0,0,2022-01-06 22:08:54+00:00
0,2,0,0,0,0,2022-01-06 23:52:59+00:00
0,1,0,0,0,0,2022-01-07 01:51:56+00:00
1,2,0,0,1,0,2022-01-10 16:51:52+00:00
1,1,0,0,1,0,2022-01-10 17:29:14+00:00
0,0,0,0,0,0,2022-01-10 19:55:00+00:00
0,1,0,0,0,0,2022-01-20 15:25:32+00:00
1,1,0,0,0,0,2022-02-24 16:16:25+00:00
1,1,0,0,0,0,2022-02-24 21:23:11+00:00
0,0,0,0,0,0,2022-02-24 22:23:22+00:00
0,0,0,0,0,0,2022-03-04 22:08:40+00:00
0,0,0,0,0,0,2022-03-04 22:09:06+00:00
3,3,0,0,1,0,2022-03-04 22:10:24+00:00
0,1,0,0,0,0,2022-03-04 22:10:50+00:00
0,1,0,0,0,0,2022-03-04 23:12:30+00:00
3,7,0,0,1,0,2022-03-06 10:24:51+00:00
2,2,0,0,0,0,2022-03-06 18:50:06+00:00
0,0,0,0,0,0,2022-03-06 21:10:18+00:00
0,0,0,0,0,0,2022-03-06 22:42:33+00:00
0,0,0,0,0,0,2022-03-07 01:26:31+00:00
0,0,0,0,0,0,2022-03-07 09:30:18+00:00
0,0,0,0,0,0,2022-03-07 10:05:28+00:00
0,0,0,0,0,0,2022-03-09 17:04:18+00:00
6,9,0,0,1,0,2022-03-18 01:18:42+00:00
4,5,0,0,1,0,2022-03-18 12:14:47+00:00
1,1,0,0,0,0,2022-03-18 12:19:12+00:00
12,14,1,1,4,0,2022-03-21 00:48:47+00:00
6,4,0,0,1,0,2022-03-21 01:36:50+00:00
0,1,0,0,0,0,2022-03-21 06:49:06+00:00
1,4,0,0,0,0,2022-03-21 11:03:52+00:00
1,1,0,0,0,0,2022-03-21 13:50:19+00:00
1,1,0,0,0,0,2022-03-21 14:57:41+00:00
0,0,0,0,0,0,2022-03-21 17:42:13+00:00
1,1,0,0,0,0,2022-03-21 23:56:13+00:00
0,0,0,0,0,0,2022-03-22 00:39:16+00:00
0,1,0,0,0,0,2022-04-21 21:35:46+00:00
0,0,0,0,0,0,2022-04-22 00:58:59+01:00
2,2,0,0,0,0,2022-05-06 13:57:29+00:00
10,12,0,2,3,1,2022-06-04 00:12:17+00:00
1,1,0,1,1,0,2022-06-04 00:13:13+00:00
3,4,0,1,2,0,2022-06-10 16:57:48+00:00
0,0,0,0,0,0,2022-06-10 22:09:01+00:00
2,2,0,0,1,0,2022-06-13 22:08:57+00:00
28,48,1,3,6,1,2022-06-19 15:49:55+00:00
2,2,0,1,1,0,2022-06-19 18:07:27+00:00
2,2,0,1,1,0,2022-06-21 10:12:40+00:00
1,1,1,1,1,0,2022-06-21 15:06:02+00:00
0,0,0,0,0,0,2022-06-21 17:00:00+01:00
