Acquisition,Preparation,Modeling,Training,Evaluation,Prediction,time
82,197,71,0,7,0,2020-12-28 13:29:48+02:00
0,0,0,0,0,0,2020-12-28 13:34:45+02:00
0,0,0,0,0,0,2020-12-28 13:35:37+02:00
0,0,0,0,0,0,2020-12-28 20:08:13+02:00
0,0,0,0,0,0,2020-12-28 21:49:30+02:00
0,0,0,0,0,0,2020-12-28 22:03:21+02:00
0,0,0,0,0,0,2020-12-28 22:03:31+02:00
0,0,0,0,0,0,2020-12-28 22:05:32+02:00
0,0,0,0,0,0,2020-12-28 22:06:27+02:00
0,0,0,0,0,0,2020-12-28 22:13:37+02:00
0,0,0,0,0,0,2020-12-28 22:16:53+02:00
0,0,0,0,0,0,2020-12-28 22:21:54+02:00
0,0,0,0,0,0,2020-12-28 22:23:38+02:00
0,0,0,0,0,0,2020-12-30 18:35:51+02:00
1,0,0,0,0,0,2020-12-30 23:50:46+02:00
0,0,0,0,0,0,2020-12-31 00:01:03+02:00
0,0,0,0,0,0,2020-12-31 08:41:01+02:00
85,198,71,1,7,0,2021-01-01 16:35:07+02:00
0,0,0,0,0,0,2021-01-01 16:40:38+02:00
0,0,0,0,0,0,2021-01-01 16:49:18+02:00
1,0,0,0,0,0,2021-01-01 17:03:26+02:00
0,0,0,0,0,0,2021-01-01 17:24:22+02:00
0,0,0,0,0,0,2021-01-01 17:26:05+02:00
0,0,0,0,0,0,2021-01-01 17:27:57+02:00
0,0,0,0,0,0,2021-01-01 17:41:13+02:00
0,0,0,0,0,0,2021-01-01 17:50:21+02:00
0,0,0,0,0,0,2021-01-01 17:51:43+02:00
0,0,0,0,0,0,2021-01-01 18:01:27+02:00
1,0,0,0,0,0,2021-01-01 18:08:42+02:00
0,0,0,0,0,0,2021-01-01 18:11:45+02:00
0,0,0,0,0,0,2021-01-02 12:46:16+02:00
2,0,0,0,0,0,2021-01-02 13:24:53+02:00
2,0,0,0,0,0,2021-01-02 14:18:22+02:00
0,0,0,0,0,0,2021-01-02 14:22:39+02:00
0,0,0,0,0,0,2021-01-02 15:24:58+02:00
0,0,0,0,0,0,2021-01-02 16:48:31+02:00
0,0,0,0,0,0,2021-01-02 17:48:20+02:00
2,0,0,0,0,0,2021-01-02 20:20:00+02:00
0,0,0,0,0,0,2021-01-02 20:30:27+02:00
1,0,0,0,0,0,2021-01-03 19:45:36+02:00
0,0,0,0,0,0,2021-01-03 19:49:27+02:00
2,0,0,0,0,0,2021-01-03 21:05:20+02:00
0,0,0,0,0,0,2021-01-03 22:51:36+02:00
0,0,0,0,0,0,2021-01-04 00:01:07+02:00
0,0,0,0,0,0,2021-01-04 00:01:31+02:00
0,0,0,0,0,0,2021-01-04 00:03:28+02:00
0,0,0,0,0,0,2021-01-04 00:04:50+02:00
0,0,0,0,0,0,2021-01-04 00:17:11+02:00
0,0,0,0,0,0,2021-01-04 00:21:27+02:00
1,0,0,0,0,0,2021-01-04 12:34:42+02:00
0,0,0,0,0,0,2021-01-04 12:43:05+02:00
0,0,0,0,0,0,2021-01-04 12:44:20+02:00
0,0,0,0,0,0,2021-01-04 14:08:41+02:00
0,0,0,0,0,0,2021-01-07 14:38:18+02:00
0,0,0,0,0,0,2021-01-07 15:47:09+02:00
2,1,0,0,0,0,2021-01-07 16:23:55+02:00
0,0,0,0,0,0,2021-01-07 17:39:48+02:00
0,0,0,0,0,0,2021-01-07 19:15:10+02:00
0,0,0,0,0,0,2021-01-07 19:22:23+02:00
0,0,0,0,0,0,2021-01-14 16:26:26+02:00
1,1,0,0,1,0,2021-01-26 09:55:28+02:00
0,0,0,0,0,0,2021-01-26 10:09:36+02:00
1,0,0,0,0,0,2021-01-26 10:11:44+02:00
0,0,0,0,0,0,2021-01-26 18:48:58+02:00
1,1,0,0,1,0,2021-01-26 18:51:58+02:00
0,0,0,0,0,0,2021-01-28 17:19:22+02:00
1,1,0,0,1,0,2021-01-28 17:41:24+02:00
0,0,0,0,0,0,2021-01-28 17:42:25+02:00
0,0,0,0,0,0,2021-01-29 16:34:20+02:00
0,0,0,0,0,0,2021-01-29 16:34:50+02:00
0,0,0,0,0,0,2021-01-29 16:35:07+02:00
3,2,0,1,1,0,2021-01-31 01:15:22+02:00
3,2,0,1,1,0,2021-02-03 19:10:28+02:00
0,0,0,0,0,0,2021-02-03 19:12:14+02:00
2,1,0,0,1,0,2021-02-04 19:55:28+02:00
0,0,0,0,0,0,2021-02-04 19:56:14+02:00
0,0,0,0,0,0,2021-02-10 09:03:00+02:00
2,1,0,0,1,0,2021-02-13 12:20:01+02:00
0,0,0,0,0,0,2021-02-13 12:21:17+02:00
1,1,0,0,1,0,2021-02-13 13:20:36+02:00
1,1,0,0,1,0,2021-02-13 15:08:45+02:00
0,0,0,0,0,0,2021-02-13 15:16:53+02:00
2,1,0,0,1,0,2021-02-13 16:07:35+02:00
0,0,0,0,0,0,2021-02-13 16:08:20+02:00
2,1,0,0,1,0,2021-02-13 19:41:07+02:00
1,1,0,0,1,0,2021-02-27 17:51:05+02:00
0,0,0,0,0,0,2021-03-01 16:21:39+02:00
0,0,0,0,0,0,2021-03-01 17:00:04+02:00
2,2,0,0,0,0,2021-03-04 16:10:44+02:00
0,0,0,0,0,0,2021-03-10 13:12:47+02:00
2,2,0,0,0,0,2021-03-10 20:35:14+02:00
3,3,0,0,1,0,2021-03-16 21:35:39+02:00
0,0,0,0,0,0,2021-03-17 10:25:44+02:00
0,0,0,0,0,0,2021-03-19 14:40:21+02:00
0,0,0,0,0,0,2021-03-19 14:40:54+02:00
