Acquisition,Preparation,Modeling,Training,Evaluation,Prediction,time
0,0,0,0,0,0,2021-12-07 11:31:07+01:00
1,4,0,2,0,0,2021-12-07 13:34:32+01:00
0,0,0,0,0,0,2021-12-07 13:36:00+01:00
0,2,0,1,0,0,2021-12-07 13:42:19+01:00
0,3,0,2,0,0,2021-12-07 14:08:36+01:00
0,2,0,2,0,0,2021-12-07 14:18:54+01:00
0,4,0,3,0,0,2021-12-07 14:34:40+01:00
0,2,0,1,0,0,2021-12-07 14:56:17+01:00
0,2,0,1,0,0,2021-12-07 16:41:01+01:00
0,2,0,1,0,0,2021-12-07 18:47:27+01:00
0,2,0,0,0,0,2021-12-09 11:02:07+01:00
0,9,0,2,0,1,2021-12-09 13:47:12+01:00
0,6,0,0,0,0,2021-12-09 15:06:28+01:00
0,2,0,1,0,1,2021-12-09 15:52:00+01:00
0,1,0,0,0,0,2021-12-09 16:04:15+01:00
0,5,0,1,0,1,2021-12-10 10:56:01+01:00
0,1,0,0,0,0,2021-12-10 10:56:56+01:00
0,3,0,1,0,1,2021-12-10 12:05:36+01:00
0,4,0,1,0,1,2021-12-10 12:36:27+01:00
0,2,0,0,0,0,2021-12-13 10:42:59+01:00
0,1,0,0,0,0,2021-12-13 10:55:51+01:00
0,4,0,2,0,0,2021-12-13 11:23:28+01:00
0,3,0,0,0,0,2021-12-13 11:42:41+01:00
0,2,0,0,0,0,2021-12-13 12:04:36+01:00
0,1,0,0,0,0,2021-12-13 12:11:28+01:00
0,1,0,0,0,0,2021-12-13 12:17:40+01:00
0,3,0,2,0,2,2021-12-13 12:40:39+01:00
0,4,1,2,0,2,2021-12-13 14:01:06+01:00
0,2,0,2,0,2,2021-12-13 16:06:15+01:00
0,0,0,0,0,0,2021-12-13 16:11:39+01:00
0,0,0,0,0,0,2021-12-13 16:13:16+01:00
0,11,0,2,0,2,2021-12-14 13:28:26+01:00
0,7,0,3,0,0,2021-12-14 15:57:34+01:00
0,3,0,1,0,1,2021-12-14 16:37:01+01:00
0,7,1,1,0,1,2021-12-15 10:49:41+01:00
0,2,0,1,0,1,2021-12-15 12:30:52+01:00
0,2,0,1,0,1,2021-12-15 13:07:36+01:00
0,2,0,0,0,0,2021-12-15 13:37:03+01:00
0,6,0,2,0,0,2021-12-15 15:32:40+01:00
0,7,0,2,0,0,2021-12-15 16:43:23+01:00
0,2,0,0,0,0,2021-12-16 11:09:39+01:00
0,4,0,1,0,1,2021-12-16 12:26:50+01:00
0,1,0,0,0,0,2021-12-16 12:28:49+01:00
0,1,0,0,0,0,2021-12-16 12:44:47+01:00
0,2,0,0,0,0,2021-12-16 12:56:50+01:00
0,1,0,0,0,0,2021-12-16 12:59:45+01:00
0,3,0,2,0,1,2021-12-17 11:20:51+01:00
0,7,0,2,0,1,2021-12-17 12:39:40+01:00
0,1,0,0,0,0,2021-12-17 12:41:51+01:00
0,6,1,3,0,1,2021-12-17 15:15:16+01:00
0,5,0,4,0,0,2021-12-17 16:04:34+01:00
0,2,0,1,0,0,2021-12-17 16:08:07+01:00
0,2,0,1,0,0,2021-12-17 16:15:04+01:00
0,2,0,2,0,0,2021-12-17 16:19:45+01:00
0,9,0,1,0,0,2021-12-21 11:07:50+01:00
0,3,1,1,0,0,2021-12-21 11:49:20+01:00
0,2,1,1,0,0,2021-12-21 12:16:55+01:00
0,11,2,7,0,2,2021-12-21 14:36:06+01:00
0,1,0,0,0,0,2021-12-21 14:55:46+01:00
0,2,0,0,0,0,2021-12-21 15:34:17+01:00
0,7,1,5,0,0,2021-12-21 15:57:10+01:00
0,2,0,1,0,0,2021-12-21 15:59:58+01:00
0,3,1,1,0,0,2021-12-22 11:46:03+01:00
0,7,0,2,0,0,2021-12-22 14:53:50+01:00
0,9,1,3,0,0,2021-12-22 15:52:15+01:00
0,5,1,1,0,0,2021-12-23 09:48:30+01:00
0,4,1,1,0,0,2021-12-23 10:30:55+01:00
0,2,0,2,0,0,2021-12-23 11:31:20+01:00
0,2,0,2,0,0,2021-12-23 11:38:56+01:00
0,3,0,2,0,0,2021-12-23 11:50:43+01:00
0,3,0,2,0,0,2021-12-23 12:18:36+01:00
0,2,0,1,0,0,2021-12-23 12:30:49+01:00
0,1,0,0,0,0,2021-12-23 12:33:42+01:00
0,2,0,2,0,0,2021-12-23 14:47:44+01:00
0,1,0,1,0,0,2021-12-23 14:55:05+01:00
0,2,0,2,0,0,2021-12-23 15:30:32+01:00
0,7,0,1,0,0,2021-12-27 14:47:14+01:00
0,1,0,0,0,0,2021-12-27 15:28:17+01:00
0,0,0,0,0,0,2021-12-27 16:04:25+01:00
0,0,0,0,0,0,2021-12-27 16:15:47+01:00
0,9,1,2,0,1,2021-12-28 13:14:20+01:00
0,5,0,0,1,0,2021-12-28 14:48:36+01:00
0,3,1,1,0,0,2021-12-28 15:09:15+01:00
0,3,0,1,0,0,2021-12-29 11:57:22+01:00
0,8,2,4,0,3,2021-12-29 13:04:26+01:00
0,4,1,1,0,0,2021-12-29 13:40:02+01:00
0,2,0,0,0,0,2021-12-29 15:08:59+01:00
0,6,1,1,0,0,2022-01-03 16:37:07+01:00
0,2,0,0,0,0,2022-01-03 16:51:05+01:00
0,0,0,0,0,0,2022-01-03 17:46:00+01:00
0,1,0,0,0,0,2022-01-09 15:26:49+01:00
0,0,0,0,0,0,2022-01-09 15:28:19+01:00
0,0,0,0,0,0,2022-01-09 15:29:15+01:00
0,0,0,0,0,0,2022-01-09 15:30:05+01:00
0,0,0,0,0,0,2022-01-09 16:21:16+01:00
0,0,0,0,0,0,2022-01-09 16:22:30+01:00
0,0,0,0,0,0,2022-01-09 16:24:59+01:00
0,0,0,0,0,0,2022-01-09 16:53:30+01:00
0,20,2,8,1,2,2022-01-09 17:29:28+01:00
0,0,0,0,0,0,2022-01-10 09:02:31+01:00
0,0,0,0,0,0,2022-01-15 19:25:13+01:00
0,0,0,0,0,0,2022-01-15 19:30:32+01:00
