Acquisition,Preparation,Modeling,Training,Evaluation,Prediction,time
1,14,2,0,2,2,2019-10-10 18:58:23-04:00
0,0,0,0,0,0,2019-10-10 19:20:35-04:00
0,0,0,0,0,0,2019-10-11 22:17:31-04:00
0,0,0,0,0,0,2019-10-11 22:56:13-04:00
0,1,0,0,0,0,2019-10-12 22:48:21-04:00
0,0,0,0,0,0,2019-10-14 17:25:31-04:00
0,0,0,0,0,0,2019-10-15 00:02:11-04:00
0,0,0,0,0,0,2019-10-15 13:34:45-04:00
0,0,0,0,0,0,2019-10-15 13:57:20-04:00
0,0,0,0,0,0,2019-10-15 14:50:59-04:00
0,0,0,0,0,0,2019-10-15 14:51:08-04:00
0,1,0,0,0,0,2019-10-15 17:17:37-04:00
0,0,0,0,0,0,2019-10-15 17:17:57-04:00
0,0,0,0,0,0,2019-10-16 14:08:24-04:00
0,1,0,0,1,0,2019-10-16 15:05:10-04:00
0,1,0,0,1,0,2019-10-16 15:20:18-04:00
0,0,0,0,0,0,2019-10-16 15:29:55-04:00
0,0,0,0,0,0,2019-10-16 15:31:23-04:00
0,0,0,0,0,0,2019-10-16 16:31:03-04:00
0,1,1,0,0,0,2019-10-16 17:25:17-04:00
0,0,0,0,0,0,2019-10-16 17:54:12-04:00
0,0,0,0,0,0,2019-10-16 17:58:55-04:00
0,0,0,0,0,0,2019-10-16 17:59:05-04:00
0,2,1,0,1,0,2019-10-16 18:48:15-04:00
0,1,0,0,0,0,2019-10-16 19:07:44-04:00
0,1,0,0,0,0,2019-10-18 17:01:04-04:00
0,0,0,0,0,0,2019-10-18 18:04:45-04:00
0,1,0,0,0,0,2019-10-18 22:33:55-04:00
0,1,0,0,0,0,2019-10-19 18:21:16-04:00
0,1,0,0,1,0,2019-10-19 18:30:51-04:00
0,4,0,0,1,1,2019-10-19 18:36:13-04:00
0,1,0,0,0,0,2019-10-19 18:41:08-04:00
0,2,0,0,0,0,2019-10-19 18:48:15-04:00
0,4,1,0,0,0,2019-10-19 19:26:20-04:00
0,0,0,0,0,0,2019-10-19 19:33:50-04:00
0,1,0,0,0,0,2019-10-19 19:35:52-04:00
0,1,0,0,0,0,2019-10-19 19:40:32-04:00
0,0,0,0,0,0,2019-10-19 22:05:59-04:00
0,0,0,0,0,0,2019-10-19 22:20:52-04:00
0,0,0,0,0,0,2019-10-19 23:14:35-04:00
0,1,0,0,0,0,2019-10-20 09:17:39-04:00
0,0,0,0,0,0,2019-10-20 09:17:52-04:00
0,0,0,0,0,0,2019-10-22 10:01:18-04:00
0,0,0,0,0,0,2019-10-22 21:23:46-04:00
0,1,0,0,0,0,2019-10-22 22:23:51-04:00
0,0,0,0,0,0,2019-10-22 22:24:35-04:00
0,0,0,0,0,0,2019-10-25 23:52:39+02:00
0,1,0,0,0,0,2019-10-29 12:18:59-04:00
0,0,0,0,0,0,2019-10-29 14:11:12-04:00
0,1,1,0,0,0,2019-10-30 19:31:31-04:00
0,1,0,0,0,0,2019-10-31 20:15:42+01:00
0,0,0,0,0,0,2019-11-01 11:44:15-04:00
0,1,1,0,0,0,2019-11-01 16:32:49-04:00
0,0,0,0,0,0,2019-11-02 04:59:07+08:00
0,1,0,0,0,0,2019-11-04 03:21:51+01:00
0,1,0,0,0,0,2019-11-04 13:49:03+10:18
0,0,0,0,0,0,2019-11-05 11:28:48+10:18
0,0,0,0,0,0,2019-11-05 14:08:18+10:18
0,0,0,0,0,0,2019-11-05 15:26:19+10:18
0,1,0,0,0,0,2019-11-05 22:28:42+10:18
0,0,0,0,0,0,2019-11-05 22:41:38+10:18
0,1,0,0,0,0,2019-11-06 22:17:04+01:00
0,1,0,0,0,0,2019-11-07 11:43:51+02:00
0,1,0,0,0,0,2019-11-19 13:07:43-05:00
0,0,0,0,0,0,2019-12-05 19:09:10-05:00
0,0,0,0,0,0,2019-12-05 19:40:57-05:00
0,0,0,0,0,0,2019-12-10 15:43:09-05:00
0,0,0,0,0,0,2019-12-10 15:53:16-05:00
0,1,1,1,1,0,2019-12-19 10:41:59-05:00
0,1,1,1,1,0,2019-12-19 11:05:28-05:00
0,1,1,1,1,0,2019-12-19 12:18:32-05:00
0,0,0,0,0,0,2019-12-19 12:30:28-05:00
0,0,0,0,0,0,2019-12-19 12:40:16-05:00
0,0,0,0,0,0,2019-12-19 14:04:18-05:00
0,1,1,1,1,0,2019-12-23 16:32:25+01:00
0,1,0,0,1,1,2020-01-03 16:32:09+01:00
0,0,0,0,0,0,2020-01-03 10:39:59-05:00
0,1,0,0,1,1,2020-01-04 15:16:48-05:00
0,1,0,0,0,0,2020-01-14 07:56:11+02:00
0,1,0,0,0,0,2020-01-20 13:39:51+02:00
0,0,0,0,0,0,2020-01-20 14:40:22-05:00
0,0,0,0,0,0,2020-01-28 17:12:22-05:00
0,3,0,0,0,0,2020-02-07 18:45:04-05:00
0,1,1,0,0,0,2020-02-13 14:33:12-05:00
0,1,1,1,1,1,2020-02-14 16:59:04-05:00
0,3,0,0,0,0,2020-02-14 17:54:30-05:00
0,0,0,0,0,0,2020-02-14 17:57:45-05:00
0,0,0,0,0,0,2020-02-14 18:12:02-05:00
0,0,0,0,0,0,2020-02-14 21:10:43-05:00
0,1,0,0,0,0,2020-02-14 23:15:26-05:00
0,1,1,1,1,1,2020-02-14 23:16:32-05:00
0,3,1,1,1,2,2020-02-16 22:58:06-05:00
0,0,0,0,0,0,2020-02-17 12:13:06+08:00
0,0,0,0,0,0,2020-02-17 12:19:09+08:00
0,0,0,0,0,0,2020-02-18 12:31:41-05:00
0,1,0,0,0,0,2020-02-25 00:02:08-05:00
1,22,6,2,5,3,2020-02-28 21:55:44+10:18
0,0,0,0,0,0,2020-02-28 22:15:16+10:18
0,1,0,0,0,0,2020-02-29 17:54:39+10:18
0,0,0,0,0,0,2020-02-29 18:23:58+10:18
0,0,0,0,0,0,2020-03-01 13:27:17+10:18
0,1,0,0,1,1,2020-03-01 14:44:00+10:18
0,1,0,0,0,0,2020-03-01 15:09:42+10:18
0,0,0,0,0,0,2020-03-01 15:11:23+10:18
0,0,0,0,0,0,2020-03-01 15:16:51+10:18
0,0,0,0,0,0,2020-03-01 20:24:49+10:18
0,0,0,0,0,0,2020-03-01 20:29:07+10:18
0,0,0,0,0,0,2020-03-01 20:30:50+10:18
1,22,7,2,3,2,2020-03-01 22:13:17+10:18
0,2,1,1,1,1,2020-03-01 22:30:03+10:18
0,0,0,0,0,0,2020-03-01 23:13:25+10:18
0,0,0,0,0,0,2020-03-05 23:08:30+10:18
0,0,0,0,0,0,2020-03-12 09:36:07+02:00
0,0,0,0,0,0,2020-03-16 14:51:26-04:00
0,1,0,0,1,0,2020-03-17 11:22:45-04:00
0,0,0,0,0,0,2020-03-18 19:57:03-04:00
1,1,1,1,0,0,2020-03-24 14:40:24+01:00
0,0,0,0,0,0,2020-03-24 09:45:53-04:00
1,1,1,1,0,0,2020-03-25 15:39:30+10:18
1,1,1,1,0,0,2020-03-25 15:44:41+10:18
0,1,1,1,1,0,2020-04-03 07:54:43-04:00
0,1,1,0,0,1,2020-04-09 16:42:24-04:00
0,0,0,0,0,0,2020-04-10 06:25:09-04:00
0,1,1,0,0,1,2020-04-10 19:44:52+09:18
0,0,0,0,0,0,2020-04-27 10:43:17-04:00
0,0,0,0,0,0,2020-05-01 05:02:10+02:00
0,0,0,0,0,0,2020-05-01 10:18:03+02:00
0,0,0,0,0,0,2020-05-01 17:51:07+02:00
0,0,0,0,0,0,2020-05-01 17:53:37+02:00
0,0,0,0,0,0,2020-05-01 17:56:59+02:00
0,0,0,0,0,0,2020-05-05 08:01:12+02:00
0,1,0,0,0,0,2020-05-06 11:58:33+02:00
0,0,0,0,0,0,2020-05-08 13:07:57-04:00
0,0,0,0,0,0,2020-05-08 13:08:14-04:00
0,0,0,0,0,0,2020-05-08 13:08:40-04:00
0,0,0,0,0,0,2020-05-11 16:43:28-04:00
0,0,0,0,0,0,2020-05-11 16:45:23-04:00
0,0,0,0,0,0,2020-05-11 16:45:59-04:00
0,0,0,0,0,0,2020-05-11 16:46:20-04:00
0,0,0,0,0,0,2020-05-11 17:29:16-04:00
0,0,0,0,0,0,2020-05-11 17:30:32-04:00
0,0,0,0,0,0,2020-05-11 18:34:01-04:00
0,1,0,0,0,0,2020-05-11 18:40:13-04:00
0,0,0,0,0,0,2020-05-11 18:43:48-04:00
0,0,0,0,0,0,2020-05-11 18:49:07-04:00
0,1,1,0,0,0,2020-05-13 07:16:17-04:00
0,11,2,1,3,2,2020-05-16 21:43:01+09:18
0,1,0,0,0,0,2020-05-17 01:17:21+09:18
0,1,0,0,0,0,2020-05-17 01:21:52+09:18
0,1,0,0,0,0,2020-05-19 13:20:55+09:18
0,1,0,0,0,1,2020-05-19 21:28:13+09:18
0,1,0,0,0,0,2020-05-20 17:12:43-04:00
0,2,0,0,0,0,2020-05-21 13:40:11+09:18
0,1,1,1,1,0,2020-05-22 03:14:16+02:00
0,1,0,0,0,0,2020-05-25 10:01:51-04:00
0,2,1,1,1,1,2020-05-29 12:03:03+09:18
0,1,0,0,0,0,2020-06-01 17:22:15-04:00
0,0,0,0,0,0,2020-06-02 13:18:20-04:00
0,1,0,0,0,0,2020-06-03 10:31:52-04:00
0,1,0,0,0,0,2020-06-03 10:47:45-04:00
0,1,0,0,0,0,2020-06-03 11:36:02-04:00
0,1,0,0,0,0,2020-06-11 11:18:20-04:00
0,0,0,0,0,0,2020-06-12 16:38:18+09:18
0,1,0,0,0,0,2020-06-12 13:02:26-04:00
0,1,0,0,0,0,2020-06-18 17:56:25+02:00
0,1,0,0,0,0,2020-06-19 10:14:51+02:00
0,0,0,0,0,0,2020-06-23 02:09:00+09:18
0,0,0,0,0,0,2020-06-23 10:07:41+02:00
0,1,0,0,0,0,2020-07-07 13:53:03-04:00
0,1,0,0,0,0,2020-07-09 01:27:44-04:00
1,1,1,1,0,0,2020-07-16 19:30:06-07:00
