Acquisition,Preparation,Modeling,Training,Evaluation,Prediction,time
0,0,0,0,0,0,2020-01-15 11:19:21-08:00
0,0,0,0,0,0,2020-01-15 11:21:09-08:00
0,0,0,0,0,0,2020-01-15 12:34:54-08:00
0,0,0,0,0,0,2020-01-15 12:48:31-08:00
1,1,0,0,0,0,2020-01-16 10:23:45-08:00
1,3,0,0,0,0,2020-01-16 16:10:41-08:00
2,5,1,1,0,0,2020-01-17 17:08:37-08:00
0,0,0,0,0,0,2020-01-17 17:12:07-08:00
0,0,0,0,0,0,2020-01-17 17:20:38-08:00
0,1,0,0,0,0,2020-01-17 17:22:07-08:00
0,0,0,0,0,0,2020-01-18 13:19:32-08:00
0,0,0,0,0,0,2020-01-18 13:40:13-08:00
4,5,0,0,0,0,2020-01-21 13:34:55-08:00
1,2,0,0,0,0,2020-01-21 15:30:37-08:00
1,3,0,0,0,0,2020-01-21 18:40:24-08:00
0,1,0,0,0,0,2020-01-21 18:57:47-08:00
0,0,0,0,0,0,2020-01-21 18:58:19-08:00
0,1,0,0,0,0,2020-01-22 08:07:29-08:00
0,0,0,0,0,0,2020-01-22 08:07:46-08:00
0,1,0,0,0,0,2020-01-24 11:30:16-08:00
3,6,3,2,1,1,2020-01-27 16:40:09-08:00
0,0,0,1,0,0,2020-01-27 16:58:22-08:00
1,2,2,3,0,1,2020-01-28 09:06:02-08:00
0,0,0,0,0,0,2020-01-28 09:08:26-08:00
1,1,1,1,0,1,2020-01-28 10:09:56-08:00
0,0,0,0,0,0,2020-01-28 10:10:43-08:00
1,1,1,1,0,1,2020-01-28 10:14:37-08:00
6,9,2,2,0,1,2020-01-28 17:38:18-08:00
0,0,0,0,0,0,2020-01-29 04:09:29+00:00
2,2,2,1,0,1,2020-01-28 20:54:19-08:00
1,1,1,1,0,1,2020-01-28 21:04:24-08:00
0,0,0,0,0,0,2020-01-29 17:04:50+00:00
2,3,2,1,0,1,2020-01-29 09:43:17-08:00
3,3,2,3,0,1,2020-01-29 15:57:21-08:00
0,0,0,0,0,0,2020-01-30 01:33:36+00:00
3,3,2,3,0,2,2020-01-29 18:25:49-08:00
1,2,1,2,0,1,2020-01-29 19:46:26-08:00
0,0,0,0,0,0,2020-01-30 04:08:09+00:00
0,0,0,0,0,0,2020-01-30 04:08:48+00:00
0,0,0,1,0,0,2020-01-30 08:33:41-08:00
0,0,0,0,0,0,2020-01-30 16:39:23+00:00
0,0,0,0,0,0,2020-01-30 16:40:47+00:00
3,3,2,2,0,1,2020-01-30 16:58:41-08:00
1,1,0,0,1,0,2020-01-31 11:24:26-08:00
3,2,1,1,1,0,2020-01-31 20:12:21-08:00
0,0,0,0,0,0,2020-02-01 12:20:47-08:00
0,0,0,0,0,0,2020-02-02 01:55:13+00:00
0,0,0,0,0,0,2020-02-01 18:57:05-08:00
0,0,0,0,0,0,2020-02-02 03:17:33+00:00
4,4,3,3,0,1,2020-02-03 12:06:21-08:00
4,3,2,2,0,1,2020-02-03 14:14:53-08:00
0,0,0,0,0,0,2020-02-03 23:01:22+00:00
3,3,2,2,0,1,2020-02-03 18:20:57-08:00
1,1,1,1,0,0,2020-02-03 19:12:43-08:00
0,0,0,0,0,0,2020-02-04 03:21:51+00:00
0,0,0,0,0,0,2020-02-04 04:00:44+00:00
1,2,2,1,0,1,2020-02-03 20:02:40-08:00
0,0,0,0,0,0,2020-02-04 16:46:00+00:00
0,0,0,0,0,0,2020-02-04 16:51:56+00:00
0,0,0,0,0,0,2020-02-04 17:29:32+00:00
5,6,2,2,1,1,2020-02-04 11:16:03-08:00
0,1,1,0,0,0,2020-02-04 13:55:19-08:00
0,0,0,0,0,0,2020-02-04 22:40:51+00:00
1,1,0,0,1,0,2020-02-04 14:53:57-08:00
0,0,0,0,0,0,2020-02-04 14:55:56-08:00
1,1,0,0,0,0,2020-02-04 14:57:33-08:00
0,0,0,0,0,0,2020-02-04 14:59:44-08:00
0,0,0,0,0,0,2020-02-04 15:01:43-08:00
0,0,0,0,0,0,2020-02-05 02:26:52+00:00
0,0,0,0,0,0,2020-02-05 02:27:16+00:00
0,0,0,0,0,0,2020-02-04 18:29:22-08:00
0,0,0,0,0,0,2020-02-05 10:27:42-08:00
0,0,0,0,0,0,2020-02-05 10:29:50-08:00
0,0,0,0,0,0,2020-02-05 18:38:27+00:00
0,0,0,0,0,0,2020-02-05 10:39:06-08:00
0,0,0,0,0,0,2020-02-05 18:40:16+00:00
0,0,0,0,0,0,2020-02-05 11:15:38-08:00
0,0,0,0,0,0,2020-02-05 11:16:39-08:00
1,1,0,0,1,0,2020-02-05 11:40:16-08:00
1,1,0,0,1,0,2020-02-05 11:57:44-08:00
0,2,0,0,0,0,2020-02-05 15:51:23-08:00
0,0,0,0,0,0,2020-02-06 00:25:57+00:00
0,0,0,0,0,0,2020-02-06 00:26:29+00:00
1,4,0,0,1,0,2020-02-05 18:48:31-08:00
0,0,0,0,0,0,2020-02-05 18:49:12-08:00
1,1,0,0,1,0,2020-02-05 18:53:04-08:00
0,0,0,0,0,0,2020-02-07 00:30:27+00:00
2,5,1,0,1,0,2020-02-06 16:38:00-08:00
0,1,1,0,0,0,2020-02-06 16:42:52-08:00
2,2,0,0,1,0,2020-02-06 17:10:24-08:00
2,2,0,0,1,0,2020-02-07 12:01:23-08:00
0,0,0,0,0,0,2020-02-07 20:02:37+00:00
2,2,0,1,1,0,2020-02-09 12:53:22-08:00
0,0,0,0,0,0,2020-02-09 22:54:10+00:00
0,0,0,0,0,0,2020-02-09 22:54:20+00:00
0,0,0,0,0,0,2020-02-10 17:52:15+00:00
0,0,0,0,0,0,2020-02-10 17:52:29+00:00
0,0,0,0,0,0,2020-02-10 17:54:28+00:00
0,0,0,0,0,0,2020-02-10 17:54:50+00:00
1,1,0,0,1,0,2020-02-10 09:57:22-08:00
4,9,2,2,1,0,2020-02-10 11:40:03-08:00
0,0,0,0,0,0,2020-02-11 15:34:09-08:00
0,0,0,0,0,0,2020-02-11 15:53:11-08:00
0,0,0,0,0,0,2020-02-11 16:48:05-08:00
0,0,0,0,0,0,2020-02-11 16:49:41-08:00
0,0,0,0,0,0,2020-02-11 16:54:05-08:00
0,0,0,0,0,0,2020-02-11 17:03:49-08:00
0,0,0,0,0,0,2020-02-11 17:19:59-08:00
0,0,0,0,0,0,2020-02-11 17:28:20-08:00
0,0,0,0,0,0,2020-02-11 18:30:20-08:00
0,0,0,0,0,0,2020-02-11 18:41:58-08:00
0,0,0,0,0,0,2020-02-11 18:44:47-08:00
0,0,0,0,0,0,2020-02-14 16:20:15-08:00
0,0,0,0,0,0,2020-02-14 16:24:42-08:00
0,0,0,0,0,0,2020-02-18 12:11:56-08:00
0,0,0,0,0,0,2020-02-18 12:12:06-08:00
0,0,0,0,0,0,2020-02-18 12:57:29-08:00
0,0,0,0,0,0,2020-02-18 13:05:27-08:00
0,0,0,0,0,0,2020-02-18 13:28:13-08:00
0,0,0,0,0,0,2020-02-18 16:42:37-08:00
0,0,0,0,0,0,2020-05-21 09:02:21+10:00
