Acquisition,Preparation,Modeling,Training,Evaluation,Prediction,time
0,0,0,0,0,0,2013-01-14 07:57:50-08:00
0,0,0,0,0,0,2013-01-14 08:16:58-08:00
0,0,0,0,0,0,2013-01-14 08:21:34-08:00
0,0,0,0,0,0,2013-01-14 08:21:57-08:00
0,0,0,0,0,0,2013-01-14 08:28:04-08:00
0,0,0,0,0,0,2013-01-14 08:29:06-08:00
0,0,0,0,0,0,2013-01-14 08:29:51-08:00
0,0,0,0,0,0,2013-01-14 08:30:56-08:00
0,0,0,0,0,0,2013-01-15 19:54:25-08:00
0,0,0,0,0,0,2013-01-15 19:54:51-08:00
0,0,0,0,0,0,2013-01-15 19:55:59-08:00
0,0,0,0,0,0,2013-01-15 20:03:01-08:00
0,0,0,0,0,0,2013-01-15 20:09:51-08:00
0,0,0,0,0,0,2013-01-15 20:47:32-08:00
0,0,0,0,0,0,2013-01-15 21:44:48-08:00
0,0,0,0,0,0,2013-01-15 21:45:40-08:00
0,0,0,0,0,0,2013-01-15 21:52:31-08:00
0,0,0,0,0,0,2013-01-15 22:00:21-08:00
0,0,0,0,0,0,2013-01-15 22:01:52-08:00
0,0,0,0,0,0,2013-01-15 22:04:38-08:00
0,0,0,0,0,0,2013-01-15 22:06:49-08:00
0,0,0,0,0,0,2013-01-15 22:07:35-08:00
0,0,0,0,0,0,2013-01-15 22:09:00-08:00
0,0,0,0,0,0,2013-01-15 22:15:25-08:00
0,0,0,0,0,0,2013-01-16 09:45:39-08:00
0,0,0,0,0,0,2013-01-16 09:59:52-08:00
0,0,0,0,0,0,2013-01-16 10:01:31-08:00
0,0,0,0,0,0,2013-01-16 10:04:01-08:00
0,0,0,0,0,0,2013-01-16 21:58:15-08:00
0,0,0,0,0,0,2013-01-22 09:08:41-08:00
0,0,0,0,0,0,2013-01-22 09:52:29-08:00
0,0,0,0,0,0,2013-04-02 11:16:01-07:00
0,0,0,0,0,0,2013-04-02 21:15:57-07:00
0,0,0,0,0,0,2013-04-25 10:13:52-07:00
0,0,0,0,0,0,2013-04-25 13:06:01-07:00
0,0,0,0,0,0,2013-06-24 13:31:48-07:00
0,0,0,0,0,0,2013-12-10 17:19:36-08:00
0,0,0,0,0,0,2015-02-26 08:46:25-08:00
0,0,0,0,0,0,2015-03-02 16:25:01-08:00
0,0,0,0,0,0,2015-03-03 16:56:43-08:00
0,0,0,0,0,0,2015-03-25 10:42:16-07:00
0,0,0,0,0,0,2015-03-25 10:43:53-07:00
0,0,0,0,0,0,2015-03-25 10:45:53-07:00
0,0,0,0,0,0,2015-03-25 10:48:23-07:00
0,0,0,0,0,0,2015-03-26 10:51:16-07:00
0,0,0,0,0,0,2015-03-26 10:58:09-07:00
0,0,0,0,0,0,2015-03-26 13:50:51-07:00
0,0,0,0,0,0,2015-03-26 14:40:17-07:00
0,0,0,0,0,0,2015-03-26 14:42:04-07:00
0,0,0,0,0,0,2015-04-27 14:32:30-07:00
0,0,0,0,0,0,2015-04-27 14:54:28-07:00
0,0,0,0,0,0,2015-04-28 11:20:51-07:00
0,0,0,0,0,0,2015-04-29 11:11:52-07:00
7,3,0,0,0,0,2015-05-05 10:10:46-07:00
0,0,0,0,0,0,2015-05-05 10:13:39-07:00
0,0,0,0,0,0,2015-05-07 11:47:45-07:00
5,3,0,0,0,0,2015-05-07 11:58:34-07:00
0,0,0,0,0,0,2015-05-07 12:06:02-07:00
0,0,0,0,0,0,2015-05-07 12:13:08-07:00
0,0,0,0,0,0,2015-05-07 13:48:34-07:00
0,0,0,0,0,0,2015-05-07 13:53:37-07:00
0,0,0,0,0,0,2015-05-07 14:00:08-07:00
0,0,0,0,0,0,2015-05-07 14:19:25-07:00
0,0,0,0,0,0,2015-05-07 14:19:50-07:00
1,0,0,0,0,0,2015-05-08 10:55:49-07:00
0,0,0,0,0,0,2015-05-08 10:59:54-07:00
0,0,0,0,0,0,2015-05-07 17:07:34-07:00
0,0,0,0,0,0,2015-05-08 09:21:12-07:00
0,0,0,0,0,0,2015-05-08 10:53:15-07:00
0,0,0,0,0,0,2015-05-08 11:02:24-07:00
6,3,0,0,0,0,2015-05-08 14:10:44-07:00
0,0,0,0,0,0,2015-05-08 14:14:43-07:00
0,0,0,0,0,0,2015-05-08 21:32:45-07:00
0,0,0,0,0,0,2015-05-09 04:54:25-07:00
0,0,0,0,0,0,2015-05-09 05:10:49-07:00
0,0,0,0,0,0,2015-05-14 09:35:13-07:00
0,0,0,0,0,0,2015-05-14 10:03:25-07:00
0,0,0,0,0,0,2015-05-14 10:10:18-07:00
0,0,0,0,0,0,2015-05-14 10:14:36-07:00
0,0,0,0,0,0,2015-05-14 10:52:18-07:00
0,0,0,0,0,0,2015-05-14 11:01:50-07:00
0,0,0,0,0,0,2015-05-14 11:07:02-07:00
0,0,0,0,0,0,2015-05-14 11:18:22-07:00
0,0,0,0,0,0,2015-05-14 11:37:27-07:00
0,0,0,0,0,0,2015-05-14 14:23:52-07:00
0,0,0,0,0,0,2015-05-14 14:28:12-07:00
0,0,0,0,0,0,2015-05-14 20:25:26-07:00
1,0,0,0,0,0,2015-05-15 08:57:09-07:00
0,0,0,0,0,0,2015-05-15 09:00:45-07:00
0,0,0,0,0,0,2015-05-15 10:39:33-07:00
0,1,0,0,0,0,2015-05-21 11:25:27-07:00
1,0,0,0,0,0,2015-05-21 13:00:50-07:00
0,0,0,0,0,0,2015-05-21 13:20:55-07:00
0,0,0,0,0,0,2015-05-21 13:26:48-07:00
0,1,0,0,0,0,2015-05-21 13:35:54-07:00
0,0,0,0,0,0,2015-05-21 13:38:58-07:00
0,0,0,0,0,0,2015-05-21 14:12:51-07:00
0,0,0,0,0,0,2015-05-21 14:13:48-07:00
0,0,0,0,0,0,2015-05-21 14:25:48-07:00
4,0,0,0,0,0,2015-05-21 14:08:09-07:00
0,0,0,0,0,0,2015-05-21 14:26:43-07:00
0,0,0,0,0,0,2015-05-21 14:32:20-07:00
0,1,0,0,0,0,2015-05-21 14:40:18-07:00
0,0,0,0,0,0,2015-05-21 14:43:01-07:00
0,0,0,0,0,0,2015-05-21 15:11:04-07:00
0,0,0,0,0,0,2015-05-21 15:40:19-07:00
1,2,0,0,0,0,2015-05-22 10:31:09-07:00
1,1,0,0,0,0,2015-05-22 10:31:42-07:00
0,1,0,0,0,0,2015-05-22 10:48:07-07:00
1,1,0,0,0,0,2015-05-22 10:55:28-07:00
1,1,0,0,0,0,2015-05-22 11:21:41-07:00
0,1,0,0,0,0,2015-05-22 11:23:29-07:00
1,1,0,0,0,0,2015-05-22 11:29:54-07:00
0,0,0,0,0,0,2015-05-22 11:36:22-07:00
1,0,0,0,0,0,2015-05-22 11:42:36-07:00
1,0,0,0,0,0,2015-05-22 11:44:41-07:00
1,0,0,0,0,0,2015-05-22 11:45:23-07:00
0,0,0,0,0,0,2015-05-22 11:46:05-07:00
0,0,0,0,0,0,2015-05-22 12:25:19-07:00
1,0,0,0,0,0,2015-05-22 13:14:06-07:00
1,0,0,0,0,0,2015-05-22 13:23:19-07:00
0,0,0,0,0,0,2015-05-22 13:24:59-07:00
2,2,0,0,0,0,2015-05-22 15:30:22-07:00
0,0,0,0,0,0,2015-05-22 15:35:22-07:00
0,0,0,0,0,0,2015-05-22 16:31:47-07:00
0,0,0,0,0,0,2015-05-22 18:47:18-07:00
0,1,0,0,0,0,2015-06-17 13:16:05-07:00
0,0,0,0,0,0,2015-06-18 15:57:27-07:00
2,2,0,0,0,0,2015-06-19 10:44:59-07:00
2,1,0,0,0,0,2015-06-19 11:06:25-07:00
0,0,0,0,0,0,2015-06-19 11:11:39-07:00
0,0,0,0,0,0,2015-06-19 11:43:29-07:00
0,0,0,0,0,0,2015-06-30 13:01:57-07:00
0,0,0,0,0,0,2015-06-30 13:23:15-07:00
0,0,0,0,0,0,2015-07-01 11:01:02-07:00
0,0,0,0,0,0,2015-07-01 15:13:46-07:00
0,0,0,0,0,0,2015-07-10 15:04:19-07:00
0,0,0,0,0,0,2015-07-10 15:16:37-07:00
0,0,0,0,0,0,2015-07-13 17:31:10-07:00
0,0,0,0,0,0,2015-07-14 09:09:58-07:00
1,2,1,0,0,0,2015-07-13 11:30:29-07:00
0,0,0,0,0,0,2015-07-15 14:24:17-07:00
0,0,1,0,0,0,2015-07-17 11:08:26-07:00
0,0,0,0,0,0,2015-07-17 15:34:10-07:00
0,0,0,0,0,0,2015-07-17 15:45:28-07:00
0,1,0,0,0,0,2015-07-21 22:16:15-07:00
0,0,0,0,0,0,2015-07-21 22:44:55-07:00
0,0,0,0,0,0,2015-07-22 15:11:42+08:00
0,0,0,0,0,0,2015-07-22 01:13:31-07:00
0,0,0,0,0,0,2015-07-22 09:16:05-07:00
0,0,0,0,0,0,2015-07-22 09:36:49-07:00
0,0,0,0,0,0,2015-07-22 09:53:59-07:00
0,1,0,0,0,0,2015-07-22 10:10:32-07:00
0,0,0,0,0,0,2015-07-22 10:59:40-07:00
0,0,0,0,0,0,2015-07-22 23:52:47-07:00
0,0,0,0,0,0,2015-07-23 12:47:51-07:00
0,0,1,0,0,0,2015-07-27 11:42:20-07:00
0,0,0,0,0,0,2015-07-27 16:25:22-07:00
1,2,0,0,0,0,2015-07-28 14:38:00-07:00
0,0,0,0,0,0,2015-07-29 09:37:57-07:00
0,0,1,0,0,0,2015-07-30 11:08:15-07:00
0,0,0,0,0,0,2015-07-30 11:10:26-07:00
0,0,0,0,0,0,2015-07-30 11:30:06-07:00
0,0,0,0,0,0,2015-07-30 13:28:05-07:00
0,0,0,0,0,0,2015-08-03 11:45:50-07:00
0,0,0,0,0,0,2015-08-03 11:56:03-07:00
0,1,0,0,0,0,2015-08-13 15:57:51-07:00
0,0,0,0,0,0,2015-08-14 12:12:25-07:00
0,1,0,0,0,0,2015-08-24 16:23:10-07:00
0,0,0,0,0,0,2015-08-25 10:06:55-07:00
0,0,0,0,0,0,2015-08-25 12:40:17+02:00
0,0,0,0,0,0,2015-08-27 10:48:14-07:00
0,0,0,0,0,0,2015-09-02 12:16:29-07:00
0,0,0,0,0,0,2015-09-02 12:49:02-07:00
4,4,0,0,0,0,2015-09-02 14:54:59-07:00
0,0,0,0,0,0,2015-09-02 15:50:58-07:00
0,0,1,0,0,0,2015-09-02 15:54:57-07:00
0,0,0,0,0,0,2015-09-02 16:28:28-07:00
0,1,1,0,0,0,2015-09-04 15:41:14-07:00
0,0,0,0,0,0,2015-09-04 15:42:16-07:00
0,0,0,0,0,0,2015-09-08 11:01:20-07:00
1,1,0,0,0,0,2015-09-04 11:31:33-07:00
0,0,0,0,0,0,2015-09-08 13:36:09-07:00
0,0,0,0,0,0,2015-09-14 10:35:29-07:00
0,0,0,0,0,0,2015-09-14 10:46:14-07:00
0,0,0,0,0,0,2015-09-14 10:50:45-07:00
0,0,0,0,0,0,2015-09-14 10:54:50-07:00
0,0,0,0,0,0,2015-09-14 11:29:26-07:00
0,0,0,0,0,0,2015-09-14 11:31:16-07:00
0,0,0,0,0,0,2015-09-14 13:04:43-07:00
0,0,0,0,0,0,2015-09-14 13:11:40-07:00
0,0,0,0,0,0,2015-09-14 13:26:17-07:00
0,0,0,0,0,0,2015-09-14 13:26:55-07:00
1,1,1,0,0,0,2015-09-14 14:10:29-07:00
1,1,0,0,0,0,2015-09-14 14:42:38-07:00
0,0,0,0,0,0,2015-09-14 14:53:23-07:00
0,0,0,0,0,0,2015-09-14 14:54:30-07:00
0,0,0,0,0,0,2015-09-14 15:20:04-07:00
0,0,0,0,0,0,2015-09-14 15:33:06-07:00
4,3,2,0,0,0,2015-09-14 16:12:43-07:00
2,3,2,0,0,0,2015-09-14 16:37:57-07:00
3,4,0,0,0,0,2015-09-14 16:40:01-07:00
2,1,0,0,0,0,2015-09-15 10:40:39-07:00
0,1,0,0,0,0,2015-09-15 10:50:40-07:00
2,3,0,0,0,0,2015-09-15 12:55:41-07:00
0,0,0,0,0,0,2015-09-15 14:24:34-07:00
0,0,0,0,0,0,2015-09-15 14:29:14-07:00
0,0,0,0,0,0,2015-09-15 14:35:12-07:00
0,1,0,0,0,0,2015-09-15 13:57:42-07:00
0,0,0,0,0,0,2015-09-16 10:29:42-07:00
1,4,4,0,0,0,2015-09-16 14:02:04-07:00
0,0,0,0,0,0,2015-09-16 14:21:21-07:00
2,7,4,0,0,0,2015-09-16 15:35:10-07:00
0,0,0,0,0,0,2015-09-16 15:59:08-07:00
0,0,0,0,0,0,2015-09-17 10:14:06-07:00
0,0,0,0,0,0,2015-09-17 10:41:20-07:00
0,1,1,0,0,0,2015-09-17 12:59:45-07:00
2,2,0,0,0,0,2015-09-17 10:52:17-07:00
0,0,0,0,0,0,2015-09-17 13:57:53-07:00
0,0,0,0,0,0,2015-09-17 13:58:24-07:00
0,3,1,0,0,0,2015-09-18 11:11:57-07:00
0,0,0,0,0,0,2015-09-18 12:33:06-07:00
1,1,0,0,0,0,2015-09-18 12:31:58-07:00
0,0,0,0,0,0,2015-09-18 13:26:44-07:00
0,1,0,0,0,0,2015-09-17 20:57:28-07:00
0,1,0,0,0,0,2015-09-18 14:16:35-07:00
0,0,0,0,0,0,2015-09-18 14:17:25-07:00
0,3,0,0,0,0,2015-09-18 14:31:01-07:00
0,0,0,0,0,0,2015-09-18 14:38:34-07:00
1,1,0,0,0,0,2015-09-18 14:42:41-07:00
0,0,0,0,0,0,2015-09-18 14:42:54-07:00
0,0,0,0,0,0,2015-09-23 14:55:18-07:00
0,0,0,0,0,0,2015-09-23 15:54:26-07:00
0,0,0,0,0,0,2015-09-23 16:10:01-07:00
0,0,0,0,0,0,2015-09-23 16:15:46-07:00
0,0,0,0,0,0,2015-09-23 16:16:50-07:00
0,0,0,0,0,0,2015-09-23 15:57:12-07:00
0,0,0,0,0,0,2015-09-23 16:19:00-07:00
0,0,0,0,0,0,2015-09-23 16:04:55-07:00
0,0,0,0,0,0,2015-09-23 16:20:20-07:00
0,0,0,0,0,0,2015-09-23 16:21:01-07:00
0,0,0,0,0,0,2015-09-23 16:29:25-07:00
0,0,0,0,0,0,2015-09-23 16:38:03-07:00
0,0,0,0,0,0,2015-09-23 17:17:43-07:00
0,0,0,0,0,0,2015-09-23 17:18:11-07:00
0,2,0,0,0,0,2015-09-24 14:04:15-07:00
0,0,0,0,0,0,2015-09-24 14:08:51-07:00
0,1,1,0,0,0,2015-09-24 14:43:37-07:00
0,0,0,0,0,0,2015-09-24 15:13:06-07:00
0,1,1,0,0,0,2015-09-24 15:18:14-07:00
0,0,0,0,0,0,2015-09-24 15:41:26-07:00
0,0,0,0,0,0,2015-09-25 13:49:07-07:00
0,4,0,0,0,0,2015-09-25 11:48:22-07:00
0,0,0,0,0,0,2015-09-25 14:21:27-07:00
0,0,0,0,0,0,2015-09-28 09:14:56-07:00
0,0,0,0,0,0,2015-09-25 11:24:34-07:00
0,0,0,0,0,0,2015-09-28 14:53:22-07:00
0,0,0,0,0,0,2015-10-01 12:57:34-07:00
0,0,0,0,0,0,2015-10-01 13:34:00-07:00
0,0,0,0,0,0,2015-10-01 15:39:17-07:00
1,1,0,0,0,0,2015-10-15 14:41:02-07:00
0,0,0,0,0,0,2015-10-15 14:52:11-07:00
1,0,0,0,0,0,2015-10-15 16:10:16-07:00
0,0,0,0,0,0,2015-10-15 16:12:11-07:00
1,0,0,0,0,0,2015-10-16 11:22:55-07:00
0,0,0,0,0,0,2015-10-16 11:30:59-07:00
1,0,1,0,0,0,2015-10-16 12:48:09-07:00
0,0,0,0,0,0,2015-10-16 13:10:00-07:00
0,0,1,0,0,0,2015-10-22 10:12:45-07:00
0,2,0,0,0,0,2015-10-21 14:32:09-07:00
0,0,0,0,0,0,2015-10-22 13:59:28-07:00
0,0,0,0,0,0,2015-10-22 17:13:34-07:00
0,0,0,0,0,0,2015-10-29 15:00:36-07:00
0,0,0,0,0,0,2015-10-29 15:19:33-07:00
0,2,0,0,0,0,2015-10-30 13:05:13-07:00
0,0,0,0,0,0,2015-10-30 13:18:03-07:00
0,0,0,0,0,0,2015-11-10 16:10:36+00:00
0,0,0,0,0,0,2015-11-10 09:42:44-08:00
0,2,0,0,0,0,2015-11-10 16:39:15-08:00
0,0,0,0,0,0,2015-11-10 17:19:38-08:00
0,0,0,0,0,0,2015-11-11 11:26:34-08:00
0,0,0,0,0,0,2015-11-11 12:13:42-08:00
0,0,0,0,0,0,2015-11-11 15:45:19-08:00
0,0,0,0,0,0,2015-11-11 15:50:39-08:00
0,9,0,0,0,0,2015-11-12 15:26:04-08:00
0,0,0,0,0,0,2015-11-12 15:34:41-08:00
1,1,1,0,0,0,2015-11-12 17:12:34-08:00
0,0,0,0,0,0,2015-11-13 13:04:10-08:00
1,3,0,0,0,0,2015-11-20 13:52:58-08:00
0,0,0,0,0,0,2015-11-20 16:07:20-08:00
0,1,0,0,0,0,2015-11-21 17:28:46-05:00
0,0,0,0,0,0,2015-11-23 09:39:29-08:00
0,2,0,0,0,0,2015-12-03 14:48:00-08:00
0,0,0,0,0,0,2015-12-04 10:48:52-08:00
0,0,0,0,0,0,2015-12-14 11:05:25-08:00
0,0,0,0,0,0,2015-12-14 16:42:34-05:00
0,0,0,0,0,0,2015-12-15 16:19:03+05:18
0,0,0,0,0,0,2015-12-15 09:12:59-08:00
0,0,0,0,0,0,2015-12-15 09:21:13-08:00
0,0,0,0,0,0,2015-12-15 10:52:25-08:00
1,0,0,0,0,0,2015-12-17 12:21:30-05:00
0,0,0,0,0,0,2015-12-17 09:44:25-08:00
0,0,0,0,0,0,2016-01-04 17:50:26-08:00
0,0,0,0,0,0,2016-01-05 11:08:51-08:00
0,0,0,0,0,0,2015-12-28 13:09:21-08:00
0,0,0,0,0,0,2016-01-05 14:30:57-05:00
0,0,0,0,0,0,2015-12-28 15:56:53-08:00
0,0,0,0,0,0,2016-01-14 13:38:04-08:00
3,10,0,0,0,0,2016-01-19 10:17:24-08:00
0,0,0,0,0,0,2016-01-20 10:47:05-08:00
0,2,0,0,0,0,2016-01-29 15:08:13-08:00
0,0,0,0,0,0,2016-01-29 15:10:38-08:00
0,0,0,0,0,0,2016-02-01 13:53:45-08:00
0,0,0,0,0,0,2016-02-01 14:59:52-08:00
0,0,0,0,0,0,2016-02-01 15:04:48-08:00
0,0,0,0,0,0,2016-02-01 15:05:03-08:00
0,2,0,0,0,0,2016-02-01 13:53:45-08:00
0,0,0,0,0,0,2016-02-01 15:32:47-08:00
0,3,0,0,0,0,2016-01-29 10:44:57-08:00
0,0,0,0,0,0,2016-02-02 14:24:39-08:00
0,3,0,0,0,0,2016-02-03 11:27:12-08:00
0,0,0,0,0,0,2016-02-03 12:54:23-08:00
0,1,0,0,0,0,2016-02-04 09:52:10-08:00
0,0,0,0,0,0,2016-02-04 10:52:00-08:00
0,0,0,0,0,0,2016-02-04 11:07:59-08:00
0,0,0,0,0,0,2016-02-04 11:33:54-08:00
0,0,0,0,0,0,2016-02-04 11:45:03-08:00
0,0,0,0,0,0,2016-02-04 14:51:10-08:00
0,0,0,0,0,0,2016-02-04 16:01:26-08:00
0,0,0,0,0,0,2016-02-05 11:02:26-08:00
0,0,0,0,0,0,2016-02-05 11:11:00-08:00
0,0,0,0,0,0,2016-02-04 17:05:23-08:00
0,0,0,0,0,0,2016-02-05 11:19:35-08:00
0,0,0,0,0,0,2016-02-05 11:22:38-08:00
0,0,0,0,0,0,2016-02-05 11:32:33-08:00
0,0,1,0,0,0,2016-02-05 11:27:05-08:00
0,0,0,0,0,0,2016-02-03 12:59:40-08:00
0,0,0,0,0,0,2016-02-03 13:21:56-08:00
0,0,0,0,0,0,2016-02-03 13:39:23-08:00
0,0,0,0,0,0,2016-02-03 13:45:10-08:00
0,0,0,0,0,0,2016-02-03 14:23:45-08:00
0,1,0,0,0,0,2016-02-05 14:24:25-08:00
0,0,0,0,0,0,2016-02-05 14:50:23-08:00
0,0,0,0,0,0,2016-02-05 14:56:59-08:00
0,0,0,0,0,0,2016-02-05 15:15:37-08:00
3,8,0,0,0,0,2016-02-09 12:31:58-08:00
0,0,0,0,0,0,2016-02-09 14:57:36-08:00
0,0,0,0,0,0,2016-02-12 14:50:08-08:00
0,0,0,0,0,0,2016-02-15 17:53:48+00:00
0,0,0,0,0,0,2016-02-16 18:29:42+00:00
0,0,0,0,0,0,2016-02-16 10:36:47-08:00
6,25,9,0,0,0,2016-02-11 21:07:27-08:00
0,0,0,0,0,0,2016-02-17 14:54:50-08:00
0,0,0,0,0,0,2016-01-29 16:26:13-08:00
0,0,0,0,0,0,2016-01-29 16:27:54-08:00
0,0,0,0,0,0,2016-02-17 15:41:44-08:00
0,1,0,0,0,0,2016-02-18 10:57:22-08:00
0,0,0,0,0,0,2016-02-18 11:30:44-08:00
0,0,0,0,0,0,2016-02-18 11:33:44-08:00
0,0,0,0,0,0,2016-02-18 11:45:20-08:00
0,0,0,0,0,0,2016-02-18 12:49:03-08:00
0,0,0,0,0,0,2016-02-18 12:57:23-08:00
0,0,0,0,0,0,2016-02-18 13:25:05-08:00
2,20,9,0,0,0,2016-02-17 11:13:52-08:00
0,0,0,0,0,0,2016-02-18 13:32:57-08:00
0,8,0,0,0,0,2016-02-18 13:56:51-08:00
0,0,0,0,0,0,2016-02-18 14:10:27-08:00
0,1,0,0,0,0,2016-02-18 14:28:56-08:00
0,0,0,0,0,0,2016-02-18 15:17:29-08:00
0,1,1,0,0,0,2016-02-18 14:34:21-08:00
0,0,0,0,0,0,2016-02-18 15:46:45-08:00
0,3,0,0,0,0,2016-02-19 11:05:22-08:00
0,0,1,0,0,0,2016-02-19 12:31:19-08:00
0,1,1,0,0,0,2016-02-19 12:47:02-08:00
0,0,0,0,0,0,2016-02-19 12:49:58-08:00
0,0,0,0,0,0,2016-02-19 12:53:41-08:00
0,0,0,0,0,0,2016-02-19 12:55:32-08:00
0,0,0,0,0,0,2016-02-19 12:56:23-08:00
0,0,0,0,0,0,2016-02-19 13:18:29-08:00
2,5,3,0,0,0,2016-02-19 13:20:07-08:00
0,0,0,0,0,0,2016-02-19 13:24:58-08:00
0,0,0,0,0,0,2016-02-22 10:14:11-08:00
0,0,0,0,0,0,2016-02-22 10:27:04-08:00
0,2,0,0,0,0,2016-02-22 11:03:44-08:00
0,0,0,0,0,0,2016-02-22 11:27:52-08:00
0,0,3,0,0,0,2016-02-19 14:58:40-08:00
0,0,0,0,0,0,2016-02-22 14:52:53-08:00
0,0,0,0,0,0,2016-02-22 14:59:52-08:00
0,0,0,0,0,0,2016-02-22 15:05:13-08:00
0,0,0,0,0,0,2016-02-22 15:24:35-08:00
2,9,8,0,0,0,2016-02-23 10:41:43-08:00
0,0,0,0,0,0,2016-02-23 12:09:56-08:00
0,0,1,0,0,0,2016-02-23 11:15:23-08:00
1,5,0,0,0,0,2016-02-24 12:42:18-08:00
0,2,2,0,0,0,2016-02-23 18:04:26-08:00
0,0,0,0,0,0,2016-02-24 13:02:23-08:00
0,0,0,0,0,0,2016-02-24 13:26:39-08:00
0,0,0,0,0,0,2016-02-24 13:59:13-08:00
0,0,0,0,0,0,2016-02-25 10:42:47-08:00
0,0,0,0,0,0,2016-02-25 10:43:48-08:00
0,0,0,0,0,0,2016-02-26 15:14:55-08:00
0,0,0,0,0,0,2016-02-26 15:19:43-08:00
0,0,0,0,0,0,2016-02-26 11:05:51-08:00
0,0,0,0,0,0,2016-02-29 10:10:29-08:00
0,0,0,0,0,0,2016-02-29 21:13:08-05:00
0,0,0,0,0,0,2016-03-01 11:58:04-08:00
0,0,0,0,0,0,2016-03-01 13:11:08-08:00
0,1,0,0,0,0,2016-03-01 22:51:06+00:00
0,0,0,0,0,0,2016-03-01 15:47:46-08:00
0,1,0,0,0,0,2016-03-01 20:00:18-05:00
0,0,0,0,0,0,2016-03-01 20:03:21-05:00
0,0,0,0,0,0,2016-03-02 10:48:11-08:00
0,1,0,0,0,0,2016-03-02 14:35:54-08:00
0,0,0,0,0,0,2016-03-02 17:09:01-08:00
0,1,0,0,0,0,2016-03-02 11:37:53-08:00
0,0,0,0,0,0,2016-03-04 09:50:21-08:00
0,1,0,0,0,0,2016-03-09 17:36:10+09:00
0,0,0,0,0,0,2016-03-10 10:39:31-08:00
0,1,0,0,0,0,2016-03-10 17:01:27-08:00
0,0,0,0,0,0,2016-03-11 10:35:59-08:00
1,1,0,0,0,0,2016-03-04 18:59:42-08:00
0,0,0,0,0,0,2016-03-11 12:37:18-08:00
0,0,0,0,0,0,2016-03-11 16:26:50-08:00
0,0,0,0,0,0,2016-03-11 16:42:51-08:00
0,0,0,0,0,0,2016-03-14 15:29:19-07:00
0,0,0,0,0,0,2016-03-15 11:54:23-07:00
0,4,1,0,0,0,2016-03-16 09:17:05-07:00
0,0,0,0,0,0,2016-03-16 14:29:05-07:00
0,0,0,0,0,0,2016-03-16 14:33:33-07:00
0,0,0,0,0,0,2016-03-17 00:54:19-07:00
0,0,0,0,0,0,2016-03-17 01:17:03-07:00
0,1,0,0,0,0,2016-03-17 12:12:29-07:00
0,0,0,0,0,0,2016-03-17 12:23:39-07:00
0,0,0,0,0,0,2016-03-21 15:31:43-07:00
0,0,0,0,0,0,2016-03-22 16:29:31-07:00
1,0,0,0,0,0,2016-03-18 10:16:12-07:00
0,0,0,0,0,0,2016-03-25 11:42:55-07:00
1,1,0,0,0,0,2016-03-25 12:48:13-07:00
0,0,0,0,0,0,2016-03-25 15:28:59-07:00
1,1,0,0,0,0,2016-03-22 18:29:01-07:00
0,0,0,0,0,0,2016-03-28 10:09:13-07:00
0,3,1,0,0,0,2016-03-28 14:36:28-07:00
0,0,0,0,0,0,2016-03-29 11:48:33-07:00
0,0,0,0,0,0,2016-03-04 12:27:22-08:00
0,1,0,0,0,0,2016-03-25 13:35:31-07:00
0,1,0,0,0,0,2016-03-28 11:07:25-07:00
0,0,0,0,0,0,2016-03-28 11:07:41-07:00
0,2,0,0,0,0,2016-03-29 12:27:45-07:00
0,0,0,0,0,0,2016-03-29 12:31:48-07:00
0,1,0,0,0,0,2016-03-31 14:46:17-07:00
0,0,0,0,0,0,2016-03-31 18:15:52-07:00
1,1,0,0,0,0,2016-03-31 16:07:37-07:00
0,0,0,0,0,0,2016-04-06 10:04:50-07:00
0,0,0,0,0,0,2016-04-06 14:00:38-06:00
0,0,0,0,0,0,2016-04-06 13:06:26-07:00
0,1,0,0,0,0,2016-04-06 22:12:06-07:00
0,0,0,0,0,0,2016-04-06 22:22:57-07:00
2,2,0,0,0,0,2016-04-04 15:38:20-07:00
0,0,0,0,0,0,2016-04-07 16:21:40-07:00
1,0,0,0,0,0,2016-04-08 17:47:26-07:00
0,0,0,0,0,0,2016-04-08 17:48:02-07:00
0,0,0,0,0,0,2016-04-11 09:48:29-07:00
0,2,0,0,0,0,2016-04-11 14:27:38-07:00
0,0,0,0,0,0,2016-04-11 15:08:00-07:00
0,0,0,0,0,0,2016-04-11 12:14:48-07:00
0,0,0,0,0,0,2016-04-11 15:29:19-07:00
0,0,0,0,0,0,2016-04-12 10:42:00-07:00
0,0,0,0,0,0,2016-04-12 10:49:50-07:00
0,1,0,0,0,0,2016-04-12 13:07:57-07:00
0,0,0,0,0,0,2016-04-12 13:20:22-07:00
0,0,0,0,0,0,2016-04-12 14:01:36-07:00
0,0,0,0,0,0,2016-04-12 13:54:07-07:00
0,0,0,0,0,0,2016-04-12 14:03:49-07:00
0,0,0,0,0,0,2016-04-12 14:05:12-07:00
0,0,0,0,0,0,2016-04-13 21:54:50+09:00
0,0,0,0,0,0,2016-04-13 09:58:39-07:00
1,0,0,0,0,0,2016-04-12 13:22:49-07:00
0,0,0,0,0,0,2016-04-13 13:13:36-07:00
0,1,0,0,0,0,2016-04-13 15:11:09-07:00
0,2,1,0,0,0,2016-04-13 15:46:35-07:00
0,0,0,0,0,0,2016-04-13 15:58:40-07:00
0,0,0,0,0,0,2016-04-13 16:27:06-07:00
0,0,0,0,0,0,2016-04-12 17:14:23-07:00
0,0,0,0,0,0,2016-04-13 17:25:51-07:00
0,0,1,0,0,0,2016-04-13 17:41:28-07:00
0,0,0,0,0,0,2016-04-13 21:04:36-07:00
0,0,0,0,0,0,2016-04-14 09:37:27-07:00
0,0,0,0,0,0,2016-04-14 09:37:33-07:00
0,0,0,0,0,0,2016-04-13 17:21:40-07:00
0,0,0,0,0,0,2016-04-14 13:38:30-07:00
0,0,0,0,0,0,2016-04-14 13:45:00-07:00
0,1,0,0,0,0,2016-04-15 10:00:41-07:00
0,0,0,0,0,0,2016-04-15 10:09:48-07:00
0,0,0,0,0,0,2016-04-15 11:01:40-07:00
0,0,0,0,0,0,2016-04-15 11:02:04-07:00
0,1,0,0,0,0,2016-04-15 11:30:31-07:00
0,1,0,0,0,0,2016-04-15 13:17:40-07:00
0,0,0,0,0,0,2016-04-15 15:15:14-07:00
0,0,0,0,0,0,2016-04-15 15:26:54-07:00
0,1,0,0,0,0,2016-04-15 16:03:33-07:00
0,0,0,0,0,0,2016-04-15 16:21:48-07:00
0,1,0,0,0,0,2016-04-15 16:55:07-07:00
0,0,0,0,0,0,2016-04-15 16:57:20-07:00
0,1,1,0,0,0,2016-04-19 13:31:30-07:00
0,0,0,0,0,0,2016-04-19 13:40:28-07:00
1,2,0,0,0,0,2016-04-19 13:50:50-07:00
0,0,0,0,0,0,2016-04-19 14:38:43-07:00
0,0,0,0,0,0,2016-04-19 14:45:58-07:00
0,1,0,0,0,0,2016-04-20 10:00:04-07:00
0,0,0,0,0,0,2016-04-20 09:57:33-07:00
0,0,0,0,0,0,2016-04-20 11:48:02-07:00
0,1,0,0,0,0,2016-04-20 13:40:55-07:00
0,0,0,0,0,0,2016-04-20 14:33:48-07:00
0,0,0,0,0,0,2016-04-21 10:55:55-07:00
0,0,0,0,0,0,2016-04-21 11:39:08-07:00
0,0,0,0,0,0,2016-04-21 11:51:07-07:00
0,0,0,0,0,0,2016-04-21 11:53:48-07:00
0,0,0,0,0,0,2016-04-21 11:54:12-07:00
0,0,0,0,0,0,2016-04-21 12:14:15-07:00
0,1,0,0,0,0,2016-04-21 12:52:31-07:00
0,1,0,0,0,0,2016-04-21 14:24:21-07:00
0,0,0,0,0,0,2016-04-21 14:42:11-07:00
0,0,0,0,0,0,2016-04-21 14:42:14-07:00
0,0,0,0,0,0,2016-04-21 14:44:41-07:00
0,0,0,0,0,0,2016-04-21 14:44:50-07:00
0,1,0,0,0,0,2016-04-21 14:58:51-07:00
0,0,0,0,0,0,2016-04-21 15:27:07-07:00
0,0,0,0,0,0,2016-04-22 09:58:36-07:00
0,1,0,0,0,0,2016-04-22 10:51:31-07:00
0,0,0,0,0,0,2016-04-22 12:20:47-07:00
0,1,0,0,0,0,2016-04-22 12:44:46-07:00
0,0,0,0,0,0,2016-04-25 12:42:28-04:00
0,0,0,0,0,0,2016-04-25 12:43:40-04:00
0,0,0,0,0,0,2016-04-25 09:56:23-07:00
0,0,0,0,0,0,2016-04-25 10:18:45-07:00
1,1,0,0,0,0,2016-04-25 10:56:25-07:00
0,0,0,0,0,0,2016-04-25 12:23:16-07:00
0,0,0,0,0,0,2016-04-25 12:32:13-07:00
0,1,0,0,0,0,2016-04-25 15:47:51-07:00
0,0,0,0,0,0,2016-04-26 09:55:34-07:00
0,0,0,0,0,0,2016-04-26 12:35:16-07:00
0,0,0,0,0,0,2016-04-26 12:38:12-07:00
0,0,0,0,0,0,2016-04-26 12:03:43-07:00
0,0,0,0,0,0,2016-04-26 13:09:05-07:00
3,14,0,0,0,0,2016-04-26 12:56:58-07:00
0,0,0,0,0,0,2016-04-26 14:04:14-07:00
0,0,1,0,0,0,2016-04-27 12:48:40-04:00
0,0,1,0,0,0,2016-04-27 09:59:21-07:00
0,1,1,0,0,0,2016-04-26 16:03:26-07:00
0,0,0,0,0,0,2016-04-26 16:04:00-07:00
0,0,0,0,0,0,2016-04-27 10:45:02-07:00
0,1,0,0,0,0,2016-04-26 16:46:50-07:00
0,0,0,0,0,0,2016-04-27 10:56:27-07:00
0,0,0,0,0,0,2016-04-27 11:04:20-07:00
0,0,0,0,0,0,2016-04-27 11:30:06-07:00
0,0,0,0,0,0,2016-04-27 11:30:09-07:00
0,1,0,0,0,0,2016-04-27 12:27:44-07:00
0,0,0,0,0,0,2016-04-27 15:46:48-04:00
0,1,0,0,0,0,2016-04-27 13:02:42-07:00
0,1,0,0,0,0,2016-04-27 19:32:13-07:00
0,0,0,0,0,0,2016-04-27 15:25:46-07:00
0,0,0,0,0,0,2016-04-28 09:58:52-07:00
0,0,0,0,0,0,2016-04-28 10:09:34-07:00
0,0,0,0,0,0,2016-04-28 10:29:27-07:00
0,1,0,0,0,0,2016-04-28 12:43:50-07:00
0,0,0,0,0,0,2016-04-28 11:27:56-07:00
0,0,0,0,0,0,2016-04-28 13:06:36-07:00
0,0,0,0,0,0,2016-04-28 13:06:41-07:00
0,0,0,0,0,0,2016-04-28 13:11:54-07:00
0,0,0,0,0,0,2016-04-28 13:13:23-07:00
1,3,0,0,0,0,2016-04-28 13:37:22-07:00
1,1,0,0,0,0,2016-04-26 12:44:50-07:00
0,0,0,0,0,0,2016-04-28 13:19:57-07:00
0,1,0,0,0,0,2016-04-28 13:45:28-07:00
0,0,0,0,0,0,2016-04-28 13:55:02-07:00
0,0,0,0,0,0,2016-04-28 13:20:25-07:00
0,0,0,0,0,0,2016-04-28 14:05:24-07:00
1,5,0,0,0,0,2016-04-28 13:52:58-07:00
0,0,0,0,0,0,2016-04-28 14:07:59-07:00
0,0,0,0,0,0,2016-04-27 11:14:14-07:00
0,1,0,0,0,0,2016-04-27 19:58:35-07:00
0,0,0,0,0,0,2016-04-28 14:31:48-07:00
0,0,0,0,0,0,2016-04-28 14:39:05-07:00
0,1,0,0,0,0,2016-04-28 13:55:10-07:00
0,0,0,0,0,0,2016-04-28 14:41:51-07:00
0,0,0,0,0,0,2016-04-28 14:56:10-07:00
0,0,0,0,0,0,2016-04-28 15:05:59-07:00
0,0,0,0,0,0,2016-04-28 15:06:18-07:00
0,1,0,0,0,0,2016-04-28 15:35:22-07:00
0,0,0,0,0,0,2016-04-28 15:35:50-07:00
0,2,0,0,0,0,2016-04-28 15:44:50-07:00
0,0,0,0,0,0,2016-04-28 15:45:55-07:00
0,1,0,0,0,0,2016-04-28 15:46:38-07:00
0,0,0,0,0,0,2016-04-28 15:47:05-07:00
0,0,0,0,0,0,2016-04-28 15:47:38-07:00
0,0,0,0,0,0,2016-04-29 09:43:41-07:00
0,0,0,0,0,0,2016-04-29 10:13:02-07:00
0,3,0,0,0,0,2016-04-28 20:51:23-07:00
0,0,0,0,0,0,2016-04-29 10:59:09-07:00
1,1,0,0,0,0,2016-04-29 13:37:44-07:00
0,0,0,0,0,0,2016-04-29 15:30:13-07:00
1,1,0,0,0,0,2016-04-29 15:45:47-07:00
0,0,0,0,0,0,2016-04-29 15:46:13-07:00
0,0,0,0,0,0,2016-04-29 15:46:22-07:00
1,1,0,0,0,0,2016-04-29 16:52:47-07:00
0,0,0,0,0,0,2016-04-29 16:54:45-07:00
1,1,0,0,0,0,2016-05-02 09:08:00-07:00
0,5,2,0,0,0,2016-05-03 11:55:20-07:00
0,0,0,0,0,0,2016-05-03 12:23:26-07:00
1,2,0,0,0,0,2016-05-03 13:24:31-07:00
0,1,0,0,0,0,2016-05-03 14:00:54-07:00
0,0,0,0,0,0,2016-05-03 16:15:15-07:00
0,0,0,0,0,0,2016-05-03 16:33:52-07:00
1,1,0,0,0,0,2016-05-04 12:17:16-07:00
3,17,0,0,0,0,2016-05-04 12:19:19-07:00
1,1,1,0,0,0,2016-05-04 13:00:18-07:00
0,0,0,0,0,0,2016-05-05 08:53:44-07:00
0,0,0,0,0,0,2016-05-05 09:54:32-07:00
0,1,0,0,0,0,2016-05-05 11:30:54-07:00
0,1,0,0,0,0,2016-05-05 13:07:07-07:00
0,0,0,0,0,0,2016-05-05 13:11:08-07:00
0,0,0,0,0,0,2016-05-05 13:14:13-07:00
0,0,0,0,0,0,2016-05-05 18:20:57-07:00
0,2,0,0,0,0,2016-05-06 14:08:34-07:00
0,1,0,0,0,0,2016-05-06 15:17:28-07:00
0,1,0,0,0,0,2016-05-06 15:19:19-07:00
0,0,0,0,0,0,2016-05-06 15:28:18-07:00
0,0,0,0,0,0,2016-05-06 15:32:09-07:00
0,0,0,0,0,0,2016-05-06 16:06:44-07:00
0,0,0,0,0,0,2016-05-06 16:12:49-07:00
0,1,0,0,0,0,2016-05-09 09:28:13-07:00
0,0,0,0,0,0,2016-05-09 11:32:45-07:00
0,0,0,0,0,0,2016-05-10 10:06:24-07:00
2,1,0,0,0,0,2016-05-10 13:49:52-07:00
0,0,0,0,0,0,2016-05-10 13:51:20-07:00
0,0,0,0,0,0,2016-05-10 14:00:47-07:00
0,1,0,0,0,0,2016-05-11 09:44:26-07:00
1,1,0,0,0,0,2016-05-11 10:13:24-07:00
0,1,0,0,0,0,2016-05-11 10:13:35-07:00
0,0,0,0,0,0,2016-05-11 15:05:59-07:00
2,1,0,0,0,0,2016-05-12 10:05:04-07:00
0,0,0,0,0,0,2016-05-13 11:03:16-07:00
0,1,0,0,0,0,2016-05-15 23:54:20-07:00
0,0,0,0,0,0,2016-05-16 13:07:07-07:00
0,1,1,0,0,0,2016-05-16 13:07:16-07:00
0,0,0,0,0,0,2016-05-17 16:05:39-07:00
0,0,0,0,0,0,2016-05-17 16:12:17-07:00
1,1,0,0,0,0,2016-05-17 16:51:26-07:00
0,0,0,0,0,0,2016-05-18 11:14:18-07:00
1,2,0,0,0,0,2016-05-17 16:44:22-07:00
0,0,0,0,0,0,2016-05-18 11:35:40-07:00
0,2,0,0,0,0,2016-05-18 13:21:40-07:00
0,1,0,0,0,0,2016-05-18 13:54:53-07:00
0,0,0,0,0,0,2016-05-18 14:10:36-07:00
0,0,0,0,0,0,2016-05-23 18:55:05+02:00
0,0,0,0,0,0,2016-05-23 13:53:01-07:00
0,1,0,0,0,0,2016-05-26 11:00:14-07:00
0,0,0,0,0,0,2016-05-26 16:12:35-07:00
0,0,0,0,0,0,2016-06-01 10:46:35-07:00
0,3,1,0,0,0,2016-06-06 11:23:09-07:00
0,1,0,0,0,0,2016-06-06 11:25:28-07:00
1,1,0,0,0,0,2016-06-03 10:07:10-07:00
0,0,0,0,0,0,2016-06-06 12:19:58-07:00
0,0,1,0,0,0,2016-06-06 12:19:58-07:00
0,2,0,0,0,0,2016-06-07 10:56:51-07:00
0,0,0,0,0,0,2016-06-07 13:25:24-07:00
0,0,0,0,0,0,2016-06-08 09:45:22-07:00
0,0,0,0,0,0,2016-06-08 09:48:51-07:00
0,0,0,0,0,0,2016-06-08 13:12:34-07:00
0,0,0,0,0,0,2016-06-08 13:14:07-07:00
0,4,1,0,0,0,2016-06-09 14:37:49-07:00
0,2,0,0,0,0,2016-05-26 10:30:54-07:00
0,0,0,0,0,0,2016-06-13 15:52:54-07:00
0,2,0,0,0,0,2016-06-14 11:52:37-07:00
0,0,0,0,0,0,2016-06-14 12:57:46-07:00
0,2,1,0,0,0,2016-06-14 14:31:27-07:00
0,0,0,0,0,0,2016-06-15 13:51:57-07:00
0,0,0,0,0,0,2016-06-16 14:42:31-07:00
0,0,0,0,0,0,2016-06-16 14:46:18-07:00
0,1,0,0,0,0,2016-06-16 13:36:03-07:00
0,0,0,0,0,0,2016-06-16 15:05:38-07:00
1,0,0,0,0,0,2016-06-20 15:40:52-07:00
0,0,0,0,0,0,2016-06-20 15:46:01-07:00
0,0,0,0,0,0,2016-06-23 10:56:03-07:00
0,0,0,0,0,0,2016-06-24 09:38:33-07:00
0,3,1,0,0,0,2016-06-24 10:27:08-07:00
0,0,0,0,0,0,2016-06-27 13:48:27-07:00
0,1,0,0,0,0,2016-06-27 14:45:12-07:00
0,2,0,0,0,0,2016-06-29 10:58:55-07:00
0,5,2,0,0,0,2016-06-29 11:29:56-07:00
0,0,0,0,0,0,2016-06-29 16:50:13-07:00
1,0,0,0,0,0,2016-06-30 12:38:40-07:00
1,1,0,0,0,0,2016-06-30 16:14:56-07:00
1,1,0,0,0,0,2016-06-30 16:26:21-07:00
0,1,0,0,0,0,2016-07-01 10:11:01-07:00
0,0,0,0,0,0,2016-07-01 10:19:05-07:00
0,0,0,0,0,0,2016-07-01 10:26:43-07:00
0,1,0,0,0,0,2016-07-01 11:18:55-07:00
0,0,0,0,0,0,2016-07-01 11:19:09-07:00
0,0,0,0,0,0,2016-06-27 15:21:01-07:00
0,0,0,0,0,0,2016-07-01 12:57:27-07:00
1,2,0,0,0,0,2016-07-01 14:00:33-07:00
2,3,0,0,0,0,2016-07-01 14:21:36-07:00
2,3,0,0,0,0,2016-07-06 09:38:26-07:00
0,3,0,0,0,0,2016-07-06 12:19:03-07:00
0,0,0,0,0,0,2016-07-07 12:22:46-04:00
0,0,0,0,0,0,2016-07-07 10:58:26-07:00
0,3,0,0,0,0,2016-07-07 13:08:42-07:00
0,1,0,0,0,0,2016-07-07 13:15:10-07:00
0,0,0,0,0,0,2016-07-07 15:44:54-07:00
0,0,0,0,0,0,2016-07-08 15:48:34-07:00
1,1,0,0,0,0,2016-07-08 17:20:57-07:00
0,0,0,0,0,0,2016-07-08 17:34:34-07:00
1,4,0,0,0,0,2016-07-11 10:23:58-07:00
1,1,0,0,0,0,2016-07-11 12:33:13-07:00
0,0,0,0,0,0,2016-07-12 15:58:25-07:00
2,3,0,0,0,0,2016-07-13 09:52:17-07:00
1,1,0,0,0,0,2016-07-13 18:53:50+02:00
0,0,0,0,0,0,2016-07-13 10:15:46-07:00
0,1,0,0,0,0,2016-07-13 10:18:08-07:00
0,1,0,0,0,0,2016-07-13 12:51:44-07:00
0,0,0,0,0,0,2016-07-13 14:40:06-07:00
0,0,0,0,0,0,2016-07-13 14:41:59-07:00
0,0,0,0,0,0,2016-07-13 14:42:14-07:00
0,0,0,0,0,0,2016-07-13 14:43:30-07:00
0,0,0,0,0,0,2016-07-13 16:10:37-07:00
0,0,0,0,0,0,2016-07-13 17:36:49-07:00
0,0,0,0,0,0,2016-07-13 17:37:23-07:00
0,0,0,0,0,0,2016-07-13 19:01:56-07:00
0,0,0,0,0,0,2016-07-13 19:03:12-07:00
0,0,0,0,0,0,2016-07-13 19:03:46-07:00
0,0,0,0,0,0,2016-07-13 19:04:21-07:00
0,0,0,0,0,0,2016-07-13 19:45:24-07:00
0,0,0,0,0,0,2016-07-13 19:48:08-07:00
2,2,0,0,0,0,2016-07-14 10:53:21-07:00
0,0,0,0,0,0,2016-07-14 16:28:40-07:00
0,0,0,0,0,0,2016-07-15 10:42:04-07:00
2,4,0,0,0,0,2016-07-15 12:31:34-07:00
0,1,0,0,0,0,2016-07-15 12:50:42-07:00
0,0,0,0,0,0,2016-07-18 11:11:24-07:00
0,0,0,0,0,0,2016-07-18 12:23:15-07:00
4,8,0,0,0,0,2016-07-21 16:16:19-07:00
0,0,0,0,0,0,2016-07-21 19:05:28-07:00
5,6,0,0,0,0,2016-07-26 12:56:58-07:00
2,3,0,0,0,0,2016-07-29 09:46:16-07:00
3,4,0,0,0,0,2016-07-29 11:23:20-07:00
3,3,0,0,0,0,2016-08-02 11:01:06-07:00
0,1,0,0,0,0,2016-08-02 13:40:44-07:00
0,1,0,0,0,0,2016-08-02 13:49:10-07:00
0,1,0,0,0,0,2016-08-02 13:55:46-07:00
0,0,0,0,0,0,2016-08-03 11:08:27-07:00
1,1,0,0,0,0,2016-08-03 14:02:14-07:00
0,5,0,0,0,0,2016-08-04 10:39:35-07:00
0,0,0,0,0,0,2016-08-04 10:41:56-07:00
0,1,0,0,0,0,2016-08-04 11:23:52-07:00
0,0,0,0,0,0,2016-08-04 13:11:49-07:00
0,1,0,0,0,0,2016-08-04 13:31:20-07:00
0,0,0,0,0,0,2016-08-08 12:03:18-07:00
0,0,0,0,0,0,2016-08-08 12:03:33-07:00
0,2,0,0,0,0,2016-08-10 11:12:27-07:00
0,0,0,0,0,0,2016-08-10 14:49:53-07:00
0,0,0,0,0,0,2016-08-11 12:38:38-07:00
0,0,0,0,0,0,2016-08-15 10:39:30-07:00
0,0,0,0,0,0,2016-08-15 15:04:54-07:00
0,0,0,0,0,0,2016-08-15 15:40:20-07:00
0,1,0,0,0,0,2016-08-15 18:37:25-07:00
0,0,0,0,0,0,2016-08-16 12:09:13-07:00
0,0,0,0,0,0,2016-08-16 13:32:42-07:00
0,1,0,0,0,0,2016-08-16 13:38:06-07:00
0,0,0,0,0,0,2016-08-16 14:58:28-07:00
0,0,0,0,0,0,2016-08-16 18:08:39-07:00
0,0,0,0,0,0,2016-08-17 09:34:47-07:00
0,2,0,0,0,0,2016-08-16 13:38:22-07:00
0,0,0,0,0,0,2016-08-17 10:58:15-07:00
0,0,0,0,0,0,2016-08-17 13:39:38-07:00
0,0,0,0,0,0,2016-08-17 13:13:26-07:00
0,0,0,0,0,0,2016-08-17 14:02:37-07:00
2,7,2,0,0,0,2016-08-17 14:09:41-07:00
1,1,0,0,0,0,2016-08-17 14:56:21-07:00
1,1,0,0,0,0,2016-08-17 15:00:57-07:00
0,0,0,0,0,0,2016-08-18 10:10:46-07:00
0,0,0,0,0,0,2016-08-18 10:17:25-07:00
0,0,0,0,0,0,2016-08-18 10:18:42-07:00
0,0,0,0,0,0,2016-08-18 10:19:41-07:00
0,1,0,0,0,0,2016-08-17 17:22:00-07:00
0,0,0,0,0,0,2016-08-18 17:03:13-07:00
0,0,0,0,0,0,2016-08-19 10:17:14-07:00
0,0,0,0,0,0,2016-08-19 21:40:47+02:00
1,1,0,0,0,0,2016-08-19 13:56:18-07:00
4,22,7,0,0,0,2016-08-19 13:56:28-07:00
0,0,0,0,0,0,2016-08-19 14:13:21-07:00
1,1,0,0,0,0,2016-08-19 14:34:51-07:00
0,0,0,0,0,0,2016-08-19 14:47:34-07:00
1,6,0,0,0,0,2016-08-18 16:19:00-07:00
0,1,0,0,0,0,2016-08-19 12:39:59-07:00
0,0,0,0,0,0,2016-08-19 12:45:19-07:00
0,1,0,0,0,0,2016-08-19 14:42:54-07:00
0,0,0,0,0,0,2016-08-19 14:55:30-07:00
1,1,0,0,0,0,2016-08-19 14:58:24-07:00
0,0,0,0,0,0,2016-08-19 14:59:39-07:00
0,0,0,0,0,0,2016-08-19 15:03:46-07:00
1,1,0,0,0,0,2016-08-19 15:10:56-07:00
0,0,0,0,0,0,2016-08-22 09:32:59-07:00
0,1,0,0,0,0,2016-08-22 10:34:15-07:00
0,0,0,0,0,0,2016-08-22 10:38:58-07:00
0,0,0,0,0,0,2016-08-23 10:18:24-07:00
0,0,0,0,0,0,2016-08-23 10:18:38-07:00
1,1,0,0,0,0,2016-08-23 11:35:56-07:00
0,0,0,0,0,0,2016-08-23 16:03:55-07:00
0,0,0,0,0,0,2016-08-23 17:25:22-07:00
0,0,0,0,0,0,2016-08-24 10:30:12-07:00
0,1,0,0,0,0,2016-08-24 10:36:03-07:00
1,1,0,0,0,0,2016-08-24 11:50:55-07:00
0,0,0,0,0,0,2016-08-24 13:14:07-07:00
1,3,0,0,0,0,2016-08-24 14:51:23-07:00
0,0,0,0,0,0,2016-08-24 14:56:47-07:00
0,0,0,0,0,0,2016-08-24 15:30:32-07:00
0,0,0,0,0,0,2016-08-24 16:28:39-07:00
0,0,0,0,0,0,2016-08-24 16:40:19-07:00
0,0,0,0,0,0,2016-08-24 18:47:35-07:00
0,0,0,0,0,0,2016-08-25 11:15:46-07:00
0,1,0,0,0,0,2016-08-25 11:26:06-07:00
0,0,0,0,0,0,2016-08-26 09:28:38-07:00
0,0,0,0,0,0,2016-08-26 09:28:55-07:00
0,0,0,0,0,0,2016-08-29 10:01:30-07:00
0,0,0,0,0,0,2016-08-30 10:08:32-07:00
0,0,0,0,0,0,2016-08-30 11:53:02-07:00
0,0,0,0,0,0,2016-08-30 11:55:12-07:00
0,0,0,0,0,0,2016-08-30 12:10:55-07:00
0,0,0,0,0,0,2016-08-30 12:13:09-07:00
0,0,0,0,0,0,2016-08-30 13:53:23-07:00
0,1,0,0,0,0,2016-08-31 13:24:24-07:00
0,1,0,0,0,0,2016-08-31 14:44:11-07:00
0,0,0,0,0,0,2016-08-31 20:40:48-07:00
0,0,0,0,0,0,2016-09-01 10:13:46-07:00
0,1,0,0,0,0,2016-09-01 10:32:44-07:00
0,0,0,0,0,0,2016-09-01 10:36:23-07:00
0,0,0,0,0,0,2016-09-01 11:01:09-07:00
0,0,0,0,0,0,2016-09-01 11:05:52-07:00
0,0,0,0,0,0,2016-09-01 15:06:59-07:00
0,0,0,0,0,0,2016-09-02 09:53:05-07:00
0,0,0,0,0,0,2016-09-02 09:54:41-07:00
0,0,0,0,0,0,2016-09-06 09:34:04-07:00
1,2,0,0,0,0,2016-09-07 09:54:07-07:00
0,1,0,0,0,0,2016-09-07 10:47:41-07:00
0,1,0,0,0,0,2016-09-07 11:03:00-07:00
0,2,0,0,0,0,2016-09-07 11:19:48-07:00
0,1,0,0,0,0,2016-09-07 12:50:23-07:00
0,0,0,0,0,0,2016-09-07 12:50:39-07:00
1,0,0,0,0,0,2016-09-07 12:45:49-07:00
0,0,0,0,0,0,2016-09-07 15:27:17-07:00
0,0,0,0,0,0,2016-09-08 09:48:38-07:00
0,4,0,0,0,0,2016-09-08 12:16:31-07:00
0,0,0,0,0,0,2016-09-09 08:51:03-07:00
0,1,0,0,0,0,2016-09-09 12:08:19-07:00
0,2,0,0,0,0,2016-09-12 12:14:39-04:00
0,2,0,0,0,0,2016-09-12 12:59:26-07:00
3,4,0,0,0,0,2016-09-13 12:51:29-07:00
0,1,0,0,0,0,2016-09-13 13:03:58-07:00
0,0,0,0,0,0,2016-09-14 12:17:05-07:00
0,1,0,0,0,0,2016-09-14 12:26:04-07:00
1,1,0,0,0,0,2016-09-15 10:47:14-07:00
0,0,0,0,0,0,2016-09-19 12:40:06-07:00
0,1,0,0,0,0,2016-09-19 12:40:37-07:00
1,1,0,0,0,0,2016-09-19 12:41:12-07:00
1,1,0,0,0,0,2016-09-19 12:41:30-07:00
2,0,0,0,0,0,2016-09-19 14:38:10-07:00
0,0,0,0,0,0,2016-09-19 14:57:34-07:00
0,2,0,0,0,0,2016-09-20 09:45:42-07:00
0,0,0,0,0,0,2016-09-20 12:26:02-07:00
1,1,0,0,0,0,2016-09-20 12:26:22-07:00
0,2,0,0,0,0,2016-09-20 12:47:21-07:00
1,1,0,0,0,0,2016-09-20 13:25:43-07:00
0,0,0,0,0,0,2016-09-23 09:48:46-07:00
0,0,0,0,0,0,2016-09-26 11:34:45-07:00
0,2,0,0,0,0,2016-09-26 13:45:50-07:00
0,0,0,0,0,0,2016-09-27 09:25:28-07:00
0,1,0,0,0,0,2016-09-27 09:46:43-07:00
1,2,0,0,0,0,2016-09-28 12:06:45-07:00
0,0,0,0,0,0,2016-09-29 10:05:21-07:00
1,1,0,0,0,0,2016-09-29 10:39:57-07:00
0,0,0,0,0,0,2016-09-29 10:50:59-07:00
7,30,0,0,0,0,2016-09-29 20:51:47-07:00
0,0,0,0,0,0,2016-10-03 09:26:33-07:00
0,0,0,0,0,0,2016-10-04 09:37:54-07:00
1,7,0,0,0,0,2016-10-05 09:56:04-07:00
0,0,0,0,0,0,2016-10-05 10:00:58-07:00
0,0,0,0,0,0,2016-10-05 11:25:06-07:00
0,1,1,0,0,0,2016-10-05 13:44:12-07:00
0,1,0,0,0,0,2016-10-05 17:59:20-04:00
0,0,0,0,0,0,2016-10-06 09:31:59-07:00
0,1,0,0,0,0,2016-10-07 09:43:51-07:00
0,0,0,0,0,0,2016-10-07 19:09:22+02:00
0,0,0,0,0,0,2016-10-07 19:09:59+02:00
0,0,0,0,0,0,2016-10-07 10:10:13-07:00
0,0,0,0,0,0,2016-10-07 13:04:14-07:00
1,1,1,0,0,0,2016-10-07 14:39:59-07:00
0,0,0,0,0,0,2016-10-07 17:21:56-07:00
0,0,0,0,0,0,2016-10-10 09:44:04-07:00
0,0,0,0,0,0,2016-10-11 09:52:38-07:00
0,2,0,0,0,0,2016-10-11 10:12:16-07:00
0,2,0,0,0,0,2016-10-11 10:27:47-07:00
1,2,0,0,0,0,2016-10-11 15:29:55-07:00
0,0,0,0,0,0,2016-10-12 09:26:35-07:00
0,0,0,0,0,0,2016-10-12 10:21:03-07:00
2,2,0,0,0,0,2016-10-12 10:48:57-07:00
0,1,0,0,0,0,2016-10-12 12:13:45-07:00
0,0,0,0,0,0,2016-10-12 17:21:18-07:00
0,0,0,0,0,0,2016-10-13 10:15:56-07:00
0,0,0,0,0,0,2016-10-13 12:38:41-07:00
0,0,0,0,0,0,2016-10-13 12:41:36-07:00
1,1,0,0,0,0,2016-10-14 09:57:50-07:00
0,0,0,0,0,0,2016-10-14 10:19:13-07:00
0,1,1,0,0,0,2016-10-14 10:22:38-07:00
0,1,0,0,0,0,2016-10-17 12:52:33-07:00
0,0,0,0,0,0,2016-10-18 13:41:00-07:00
1,1,1,0,0,0,2016-10-18 16:14:57-07:00
0,0,0,0,0,0,2016-10-18 23:06:16-07:00
0,0,0,0,0,0,2016-10-19 10:26:19-07:00
0,0,0,0,0,0,2016-10-19 10:26:50-07:00
2,1,0,0,0,0,2016-10-20 10:01:15-07:00
1,1,1,0,0,0,2016-10-20 13:21:49-07:00
0,1,0,0,0,0,2016-10-20 19:40:08-07:00
1,1,1,0,0,0,2016-10-21 11:29:36-07:00
2,0,0,0,0,0,2016-10-21 11:52:01-07:00
0,0,0,0,0,0,2016-10-21 12:05:08-07:00
2,2,0,0,0,0,2016-10-21 12:59:34-07:00
0,2,0,0,0,0,2016-10-21 15:20:05-07:00
1,1,1,0,0,0,2016-10-21 16:23:40-07:00
0,0,0,0,0,0,2016-10-24 10:07:42-07:00
0,0,0,0,0,0,2016-10-24 10:15:26-07:00
0,0,0,0,0,0,2016-10-24 10:17:13-07:00
1,2,0,0,0,0,2016-10-24 11:03:17-07:00
0,0,0,0,0,0,2016-10-24 12:22:12-07:00
0,0,0,0,0,0,2016-10-25 18:39:52+02:00
0,0,0,0,0,0,2016-10-25 10:54:45-07:00
0,0,0,0,0,0,2016-10-25 13:59:12-07:00
0,0,0,0,0,0,2016-10-25 15:11:21-07:00
0,1,0,0,0,0,2016-10-26 13:08:37-07:00
1,1,0,0,0,0,2016-10-26 15:06:40-07:00
0,0,0,0,0,0,2016-10-26 22:26:50-07:00
1,1,0,0,0,0,2016-10-27 10:30:05-07:00
0,1,0,0,0,0,2016-10-27 10:51:33-07:00
1,1,0,0,0,0,2016-10-27 12:15:04-07:00
0,1,0,0,0,0,2016-10-27 12:16:03-07:00
0,0,0,0,0,0,2016-10-27 23:22:19-07:00
0,0,0,0,0,0,2016-10-28 18:57:20-07:00
0,0,0,0,0,0,2016-10-31 09:47:12-07:00
0,0,0,0,0,0,2016-10-31 10:11:13-07:00
0,0,0,0,0,0,2016-10-31 10:59:15-07:00
0,0,0,0,0,0,2016-11-01 23:10:14-07:00
0,0,0,0,0,0,2016-11-02 10:11:01-07:00
0,0,0,0,0,0,2016-11-03 09:36:14-07:00
3,7,0,0,0,0,2016-11-03 10:53:18-07:00
0,0,0,0,0,0,2016-11-03 11:22:49-07:00
0,0,0,0,0,0,2016-11-03 12:44:25-07:00
0,0,0,0,0,0,2016-11-07 09:51:11-08:00
0,0,0,0,0,0,2016-11-07 09:53:57-08:00
0,0,0,0,0,0,2016-11-07 10:49:47-08:00
1,0,0,0,0,0,2016-11-07 18:56:16-08:00
0,1,0,0,0,0,2016-11-08 14:49:35-08:00
0,0,0,0,0,0,2016-11-08 14:50:10-08:00
0,1,0,0,0,0,2016-11-10 14:44:04-08:00
1,8,0,0,0,0,2016-09-27 11:42:45-07:00
0,0,0,0,0,0,2016-11-11 10:10:25-08:00
2,0,0,0,0,0,2016-11-11 11:10:20-08:00
0,1,0,0,0,0,2016-11-11 16:14:07-08:00
0,0,0,0,0,0,2016-11-14 09:25:11-08:00
0,0,0,0,0,0,2016-11-14 09:27:47-08:00
0,0,0,0,0,0,2016-11-14 14:43:27-08:00
0,1,0,0,0,0,2016-10-19 12:37:30-07:00
0,1,0,0,0,0,2016-10-19 12:39:46-07:00
0,1,0,0,0,0,2016-10-19 14:04:42-07:00
0,0,0,0,0,0,2016-10-19 14:06:26-07:00
0,0,0,0,0,0,2016-10-19 15:22:12-07:00
0,0,0,0,0,0,2016-10-19 15:23:54-07:00
0,0,0,0,0,0,2016-10-20 17:43:33-07:00
0,0,0,0,0,0,2016-10-24 14:40:57-07:00
0,1,0,0,0,0,2016-10-24 14:41:15-07:00
0,0,0,0,0,0,2016-10-25 14:07:36-07:00
0,0,0,0,0,0,2016-11-10 13:39:07-08:00
0,0,0,0,0,0,2016-11-12 08:09:34-08:00
0,0,0,0,0,0,2016-11-12 09:47:16-08:00
0,0,0,0,0,0,2016-11-14 11:40:20-08:00
0,0,0,0,0,0,2016-11-14 17:09:53-08:00
3,4,0,0,0,0,2016-11-14 17:36:27-08:00
0,0,0,0,0,0,2016-11-14 17:37:35-08:00
0,0,0,0,0,0,2016-11-14 17:51:31-08:00
0,0,0,0,0,0,2016-11-14 17:58:15-08:00
0,0,0,0,0,0,2016-11-14 18:55:12-08:00
0,0,0,0,0,0,2016-11-14 19:35:10-08:00
1,1,0,0,0,0,2016-11-14 21:45:47-08:00
0,0,0,0,0,0,2016-11-14 22:31:04-08:00
0,2,0,0,0,0,2016-11-14 22:32:57-08:00
0,2,0,0,0,0,2016-11-15 12:27:28-08:00
1,1,0,0,0,0,2016-11-15 14:32:08-08:00
8,24,2,0,0,0,2016-11-15 14:58:27-08:00
0,0,0,0,0,0,2016-11-15 15:05:13-08:00
0,1,0,0,0,0,2016-11-16 10:39:05-08:00
1,1,0,0,0,0,2016-11-16 10:54:55-08:00
0,0,0,0,0,0,2016-11-16 12:39:42-08:00
0,0,0,0,0,0,2016-11-16 12:41:33-08:00
0,0,0,0,0,0,2016-11-16 14:16:51-08:00
0,0,0,0,0,0,2016-11-16 14:32:47-08:00
0,1,0,0,0,0,2016-11-17 10:19:52-08:00
0,2,0,0,0,0,2016-11-17 11:29:56-08:00
0,1,0,0,0,0,2016-11-17 13:41:30-08:00
0,3,0,0,0,0,2016-11-17 13:52:37-08:00
0,1,0,0,0,0,2016-11-17 14:33:44-08:00
0,1,0,0,0,0,2016-11-17 15:10:24-08:00
0,0,0,0,0,0,2016-11-17 19:30:54-08:00
1,5,0,0,0,0,2016-11-18 12:36:12-08:00
0,0,0,0,0,0,2016-11-21 09:35:55-08:00
0,0,0,0,0,0,2016-11-21 10:00:49-08:00
0,0,0,0,0,0,2016-11-21 10:14:20-08:00
1,1,0,0,0,0,2016-11-21 11:35:23-08:00
0,0,0,0,0,0,2016-11-21 12:20:04-08:00
0,0,0,0,0,0,2016-11-21 13:13:47-08:00
1,1,0,0,0,0,2016-11-21 21:38:54-08:00
1,2,0,0,0,0,2016-11-22 12:12:06-08:00
0,0,0,0,0,0,2016-11-22 13:27:22-08:00
0,0,0,0,0,0,2016-11-22 13:38:01-08:00
0,0,0,0,0,0,2016-11-28 11:01:27-08:00
0,0,0,0,0,0,2016-11-28 15:27:44-08:00
0,0,0,0,0,0,2016-11-28 15:29:59-08:00
0,2,0,0,0,0,2016-11-29 09:55:14-08:00
0,0,0,0,0,0,2016-11-29 19:56:28+02:00
1,1,0,0,0,0,2016-11-29 10:10:16-08:00
0,0,0,0,0,0,2016-11-29 10:15:32-08:00
0,1,0,0,0,0,2016-11-29 10:18:31-08:00
0,1,0,0,0,0,2016-12-01 01:45:07+08:00
1,1,0,0,0,0,2016-11-30 09:49:50-08:00
1,1,0,0,0,0,2016-11-30 09:55:03-08:00
0,0,0,0,0,0,2016-11-30 10:02:18-08:00
0,1,0,0,0,0,2016-11-30 10:19:04-08:00
1,1,0,0,0,0,2016-11-30 10:42:14-08:00
0,0,0,0,0,0,2016-11-30 12:36:59-08:00
0,1,0,0,0,0,2016-11-30 13:18:30-08:00
0,4,0,0,0,0,2016-11-30 13:18:46-08:00
1,3,0,0,0,0,2016-11-30 14:14:36-08:00
0,1,0,0,0,0,2016-12-01 10:23:02-08:00
0,0,0,0,0,0,2016-12-05 13:23:54-08:00
0,3,0,0,0,0,2016-12-06 13:20:19-08:00
0,0,0,0,0,0,2016-12-06 13:56:45-08:00
0,0,0,0,0,0,2016-12-06 15:01:30-08:00
0,0,0,0,0,0,2016-12-06 17:01:05-08:00
0,1,0,0,0,0,2016-12-07 12:27:24-08:00
0,0,0,0,0,0,2016-12-08 09:37:19-08:00
1,1,0,0,0,0,2016-12-08 10:51:22-08:00
0,0,0,0,0,0,2016-12-08 11:42:38-08:00
0,0,0,0,0,0,2016-12-09 12:50:15-08:00
0,1,0,0,0,0,2016-12-09 14:51:22-08:00
1,0,0,0,0,0,2016-12-12 10:26:17-08:00
0,0,0,0,0,0,2016-12-13 09:54:02-08:00
1,1,0,0,0,0,2016-12-13 10:15:50-08:00
0,0,0,0,0,0,2016-12-13 12:57:48-08:00
0,0,0,0,0,0,2016-12-13 14:12:55-08:00
0,0,0,0,0,0,2016-12-14 09:56:26-08:00
0,0,0,0,0,0,2016-12-15 10:02:03-08:00
1,1,0,0,0,0,2016-12-15 11:05:38-08:00
1,3,0,0,0,0,2016-12-15 12:18:30-08:00
0,0,0,0,0,0,2016-12-16 10:00:50-08:00
0,0,0,0,0,0,2016-12-19 09:22:28-08:00
0,0,0,0,0,0,2016-12-20 09:30:29-08:00
1,1,0,0,0,0,2016-12-20 14:27:22-08:00
1,1,0,0,0,0,2016-12-21 16:25:00-08:00
0,0,0,0,0,0,2017-01-03 09:57:26-08:00
0,0,0,0,0,0,2017-01-03 09:58:51-08:00
0,0,0,0,0,0,2017-01-04 09:37:41-08:00
1,1,0,0,0,0,2017-01-05 07:03:21-08:00
2,2,0,0,0,0,2017-01-05 09:43:38-08:00
1,1,0,0,0,0,2017-01-05 09:57:08-08:00
0,1,0,0,0,0,2017-01-06 09:28:45-08:00
0,1,0,0,0,0,2017-01-06 12:46:12-08:00
0,0,0,0,0,0,2017-01-09 12:49:04-08:00
0,1,0,0,0,0,2017-01-11 10:57:46-08:00
0,1,0,0,0,0,2017-01-11 14:08:11-05:00
1,1,0,0,0,0,2017-01-11 11:36:11-08:00
0,1,0,0,0,0,2017-01-11 12:05:52-08:00
1,2,0,0,0,0,2017-01-12 11:05:26-08:00
1,1,0,0,0,0,2017-01-12 12:01:20-08:00
0,1,0,0,0,0,2017-01-12 13:43:48-08:00
0,0,0,0,0,0,2017-01-17 10:49:46-08:00
0,0,0,0,0,0,2017-01-17 18:59:47+00:00
0,0,0,0,0,0,2017-01-17 16:02:55-08:00
1,1,0,0,0,0,2017-01-17 18:54:33-08:00
0,0,0,0,0,0,2017-01-18 10:17:03-08:00
0,2,0,0,0,0,2017-01-20 14:36:58-08:00
0,0,0,0,0,0,2017-01-26 09:49:41-08:00
0,0,0,0,0,0,2017-01-31 14:44:04-08:00
2,2,0,0,0,0,2017-01-31 16:10:15-08:00
0,2,0,0,0,0,2017-01-31 16:38:49-08:00
0,0,0,0,0,0,2017-01-31 22:57:26-08:00
2,2,0,0,0,0,2017-02-01 15:40:08-08:00
0,2,0,0,0,0,2017-02-01 15:40:49-08:00
0,0,0,0,0,0,2017-02-02 09:46:55-08:00
0,0,0,0,0,0,2017-02-03 09:38:11-08:00
3,3,0,0,0,0,2017-02-03 14:20:39-08:00
0,0,0,0,0,0,2017-02-06 08:52:36-08:00
0,0,0,0,0,0,2017-02-07 08:53:24-08:00
2,2,0,0,0,0,2017-02-07 09:53:31-08:00
3,3,0,0,0,0,2017-02-07 13:15:52-08:00
1,1,0,0,0,0,2017-02-08 14:41:11-08:00
0,0,0,0,0,0,2017-02-09 08:59:42-08:00
0,1,0,0,0,0,2017-02-09 12:09:32-06:00
0,1,0,0,0,0,2017-02-09 12:19:54-08:00
0,0,0,0,0,0,2017-02-09 17:05:41-08:00
0,0,0,0,0,0,2017-02-10 09:04:16-08:00
0,0,0,0,0,0,2017-02-10 13:37:18-08:00
0,0,0,0,0,0,2017-02-10 14:28:52-08:00
0,0,0,0,0,0,2017-02-10 14:32:40-08:00
0,0,0,0,0,0,2017-02-10 15:48:25-08:00
0,0,0,0,0,0,2017-02-10 19:54:13-08:00
1,2,0,0,0,0,2017-02-13 14:19:46-08:00
0,0,0,0,0,0,2017-02-13 16:19:55-08:00
0,0,0,0,0,0,2017-02-14 08:03:55-08:00
3,4,0,0,0,0,2017-02-14 11:55:19-08:00
0,0,0,0,0,0,2017-02-14 16:54:19-08:00
0,0,0,0,0,0,2017-02-15 18:16:04+01:00
0,0,0,0,0,0,2017-02-15 09:17:41-08:00
0,0,0,0,0,0,2017-02-16 13:22:16-08:00
0,0,0,0,0,0,2017-02-16 13:39:16-08:00
0,0,0,0,0,0,2017-02-16 13:42:28-08:00
0,1,0,0,0,0,2017-02-16 13:48:35-08:00
0,0,0,0,0,0,2017-02-16 15:09:21-08:00
19,33,2,0,0,0,2017-02-16 17:07:45-08:00
0,0,0,0,0,0,2017-02-17 17:56:04+01:00
0,0,0,0,0,0,2017-02-17 08:56:13-08:00
1,1,0,0,0,0,2017-02-17 13:35:05-08:00
1,1,0,0,0,0,2017-02-17 13:56:38-08:00
0,0,0,0,0,0,2017-02-22 09:05:05-08:00
0,0,0,0,0,0,2017-02-22 09:09:17-08:00
1,1,0,0,0,0,2017-02-22 12:09:43-05:00
1,1,0,0,0,0,2017-02-22 09:24:55-08:00
1,1,0,0,0,0,2017-02-22 10:19:38-08:00
3,7,0,0,0,0,2017-02-23 08:38:47-08:00
0,0,0,0,0,0,2017-02-23 15:15:03-08:00
1,3,0,0,0,0,2017-02-23 15:29:19-08:00
0,0,0,0,0,0,2017-02-24 09:01:51-08:00
1,1,0,0,0,0,2017-02-27 12:29:28-08:00
0,1,0,0,0,1,2017-02-27 18:10:35-08:00
0,0,0,0,0,0,2017-02-28 11:02:27-08:00
0,2,0,0,0,0,2017-02-28 11:24:31-08:00
0,0,0,0,0,0,2017-02-28 13:56:14-08:00
1,1,0,0,0,0,2017-02-28 14:45:44-08:00
0,1,0,0,0,0,2017-03-01 08:42:03+05:18
0,1,0,0,0,0,2017-03-01 14:31:19-08:00
2,0,0,0,0,0,2017-03-01 16:15:46-08:00
1,2,0,0,0,0,2017-03-02 11:03:35-08:00
0,0,0,0,0,0,2017-03-07 09:10:08-08:00
0,0,0,0,0,0,2017-03-07 14:28:45-08:00
0,2,0,0,0,0,2017-03-08 10:28:50-08:00
0,4,0,0,0,0,2017-03-09 08:01:29-08:00
0,0,0,0,0,0,2017-03-10 21:25:51-08:00
0,3,0,0,0,0,2017-03-13 14:53:49-07:00
0,1,0,0,0,0,2017-03-13 15:01:21-07:00
0,0,0,0,0,0,2017-03-14 09:11:19-07:00
0,1,0,0,0,1,2017-03-14 09:12:15-07:00
1,1,0,0,0,0,2017-03-15 10:33:45-07:00
0,0,0,0,0,0,2017-03-15 13:22:09-07:00
2,3,0,0,0,0,2017-03-16 17:20:15-04:00
0,0,0,0,0,0,2017-03-20 09:09:57-07:00
0,0,0,0,0,0,2017-03-20 11:14:07-07:00
0,2,0,0,0,0,2017-03-20 15:23:42-07:00
2,1,0,0,0,0,2017-03-20 15:59:33-07:00
0,0,0,0,0,0,2017-03-21 09:45:50-07:00
0,0,0,0,0,0,2017-03-21 10:44:30-07:00
0,1,0,0,0,1,2017-03-21 16:26:48-07:00
0,0,0,0,0,0,2017-03-22 09:32:36-07:00
1,0,0,0,0,0,2017-03-22 10:20:36-07:00
1,0,0,0,0,0,2017-03-22 13:34:42-07:00
0,0,0,0,0,0,2017-03-23 09:47:20-07:00
1,1,0,0,0,0,2017-03-23 10:09:16-07:00
1,2,0,0,0,0,2017-03-23 15:37:12-07:00
0,0,0,0,0,0,2017-03-24 10:37:03-07:00
0,1,0,0,0,0,2017-03-24 10:43:02-07:00
1,1,0,0,0,1,2017-03-24 14:58:02-07:00
0,1,0,0,0,0,2017-03-27 12:30:45-07:00
1,1,0,0,0,0,2017-03-28 15:04:03-07:00
1,1,0,0,0,0,2017-03-29 20:26:10-07:00
0,0,0,0,0,0,2017-04-02 23:59:10-07:00
0,0,0,0,0,0,2017-04-04 09:39:06-07:00
0,0,0,0,0,0,2017-04-04 09:39:33-07:00
0,0,0,0,0,0,2017-04-04 14:43:52-07:00
7,28,12,0,0,0,2017-04-04 16:08:30-07:00
0,0,0,0,0,0,2017-04-05 09:44:44-07:00
6,7,2,0,0,0,2017-04-05 15:21:33-07:00
0,0,0,0,0,0,2017-04-06 09:37:34-07:00
0,0,0,0,0,0,2017-04-06 10:06:24-07:00
1,0,0,0,0,0,2017-04-06 10:13:13-07:00
1,1,0,0,0,0,2017-04-06 11:04:10-07:00
0,0,0,0,0,0,2017-04-07 09:30:50-07:00
0,0,0,0,0,0,2017-04-07 09:56:08-07:00
4,4,0,0,0,0,2017-04-07 13:02:24-07:00
0,0,0,0,0,0,2017-04-11 17:06:09-07:00
0,0,0,0,0,0,2017-04-11 17:06:31-07:00
0,0,0,0,0,0,2017-04-12 09:22:36-07:00
2,10,3,0,0,0,2017-04-12 15:14:35-07:00
0,0,0,0,0,0,2017-04-12 15:14:41-07:00
1,1,0,0,0,0,2017-04-13 16:04:13-07:00
6,7,0,0,0,0,2017-04-14 16:20:08-07:00
0,1,0,0,0,0,2017-04-17 10:09:52-07:00
0,0,0,0,0,0,2017-04-17 11:07:16-07:00
0,1,0,0,0,0,2017-04-14 15:34:32-07:00
0,0,0,0,0,0,2017-04-14 15:40:00-07:00
0,1,0,0,0,0,2017-04-14 15:34:32-07:00
0,1,0,0,0,0,2017-04-14 15:34:32-07:00
0,1,0,0,0,0,2017-04-14 15:34:32-07:00
0,1,0,0,0,0,2017-04-14 16:13:49-07:00
0,1,0,0,0,0,2017-04-17 14:03:04-07:00
1,1,0,0,0,0,2017-04-17 14:06:48-07:00
0,1,0,0,0,0,2017-04-17 14:42:22-07:00
0,0,0,0,0,0,2017-04-18 09:39:20-07:00
0,0,0,0,0,0,2017-04-18 10:05:50-07:00
0,1,0,0,0,0,2017-04-18 14:40:38-07:00
0,0,0,0,0,0,2017-04-18 14:45:16-07:00
0,3,0,0,0,0,2017-04-19 14:58:27-07:00
0,0,0,0,0,0,2017-04-20 09:48:17-07:00
0,1,0,0,0,0,2017-04-20 10:43:21-07:00
0,0,0,0,0,0,2017-04-20 10:54:19-07:00
0,0,0,0,0,0,2016-12-19 12:25:25-08:00
0,3,0,0,0,0,2017-04-21 09:49:33-07:00
0,1,0,0,0,0,2017-04-21 15:01:51-07:00
1,1,0,0,0,0,2017-04-21 15:26:48-07:00
0,0,0,0,0,0,2017-04-21 15:27:02-07:00
0,1,0,0,0,0,2017-04-21 15:29:18-07:00
0,0,0,0,0,0,2017-04-24 10:41:16-07:00
0,0,0,0,0,0,2017-04-24 10:56:52-07:00
0,0,0,0,0,0,2017-04-24 10:59:39-07:00
0,0,0,0,0,0,2017-04-21 16:51:55-07:00
0,0,0,0,0,0,2017-04-24 13:12:09-07:00
0,0,0,0,0,0,2017-04-24 15:10:27-07:00
0,0,0,0,0,0,2017-04-24 15:14:18-07:00
0,0,0,0,0,0,2017-04-24 16:16:02-07:00
0,0,0,0,0,0,2017-04-25 09:32:44-07:00
0,0,0,0,0,0,2017-04-25 09:33:05-07:00
0,0,0,0,0,0,2017-04-27 09:46:04-07:00
0,0,0,0,0,0,2017-04-27 09:54:41-07:00
0,0,0,0,0,0,2017-04-28 10:15:07-07:00
0,1,0,0,0,0,2017-04-28 12:17:50-07:00
0,1,0,0,0,0,2017-05-01 09:22:06-07:00
0,1,0,0,0,0,2017-05-01 10:49:29-07:00
1,1,0,0,0,0,2017-05-03 01:04:09+08:00
0,0,0,0,0,0,2017-05-02 10:58:55-07:00
0,0,0,0,0,0,2017-05-03 10:52:35-07:00
1,1,0,0,0,0,2017-05-03 14:21:29-07:00
0,5,0,0,0,0,2017-05-05 10:58:17-07:00
1,1,0,0,0,0,2017-05-05 11:08:59-07:00
0,3,0,0,0,0,2017-05-05 16:20:20-07:00
0,0,0,0,0,0,2017-05-08 09:30:14-07:00
0,0,0,0,0,0,2017-05-09 09:23:45-07:00
0,0,0,0,0,0,2017-05-09 14:26:28-07:00
0,0,0,0,0,0,2017-05-10 09:51:17-07:00
0,0,0,0,0,0,2017-05-11 09:33:48-07:00
0,0,0,0,0,0,2017-05-12 09:22:05-07:00
0,1,0,0,0,0,2017-05-15 11:16:36-07:00
0,1,0,0,0,0,2017-05-16 00:55:38-07:00
0,1,0,0,0,0,2017-05-17 09:36:44-07:00
0,1,0,0,0,1,2017-05-18 12:46:01-07:00
1,5,0,0,0,0,2017-05-18 16:01:37-07:00
0,0,0,0,0,0,2017-05-18 16:44:27-07:00
0,0,0,0,0,0,2017-05-20 12:08:40+08:00
0,0,0,0,0,0,2017-05-19 21:09:11-07:00
0,0,0,0,0,0,2017-05-23 17:01:25-07:00
0,2,0,0,0,0,2017-05-24 09:20:24-07:00
1,1,0,0,0,0,2017-05-24 09:21:02-07:00
0,1,0,0,0,0,2017-05-24 09:21:13-07:00
0,1,0,0,0,0,2017-05-24 09:21:23-07:00
0,1,0,0,0,0,2017-05-25 10:31:58-07:00
0,1,0,0,0,0,2017-05-25 14:52:39-07:00
1,1,0,0,0,0,2017-05-31 13:07:01-07:00
3,1,0,0,0,0,2017-06-01 12:00:33-07:00
1,2,0,0,0,0,2017-06-02 16:28:30-07:00
0,1,0,0,0,0,2017-06-05 11:42:09-04:00
1,0,0,0,0,0,2017-06-08 19:44:24-07:00
2,0,0,0,0,0,2017-06-12 13:28:37-07:00
0,1,0,0,0,0,2017-06-13 12:27:53-07:00
0,2,0,0,0,0,2017-06-13 21:42:24-07:00
1,1,0,0,0,0,2017-06-15 11:08:37-07:00
1,1,0,0,0,0,2017-06-15 14:08:31-07:00
0,1,0,0,0,0,2017-06-16 14:37:15-07:00
0,0,0,0,0,0,2017-06-17 09:03:42-07:00
0,1,0,0,0,0,2017-06-19 10:11:48-07:00
0,0,0,0,0,0,2017-06-19 10:29:13-07:00
1,1,0,0,0,0,2017-06-19 11:15:29-07:00
0,0,0,0,0,0,2017-06-22 09:39:17-07:00
0,0,0,0,0,0,2017-06-22 11:01:04-07:00
0,2,0,0,0,0,2017-06-23 09:12:00-07:00
0,0,0,0,0,0,2017-06-24 21:39:54-07:00
0,0,0,0,0,0,2017-06-26 12:53:28-07:00
3,5,0,0,0,0,2017-06-26 13:44:14-07:00
0,3,0,0,0,0,2017-06-27 12:41:15-07:00
0,1,0,0,0,0,2017-06-27 13:11:14-07:00
1,2,0,0,0,0,2017-06-28 09:26:33-07:00
0,0,0,0,0,0,2017-06-29 09:06:20-07:00
0,0,0,0,0,0,2017-06-30 08:57:19-07:00
2,0,0,0,0,0,2017-07-06 12:29:42-07:00
0,0,0,0,0,0,2017-07-13 09:12:37-07:00
0,3,0,0,0,0,2017-07-14 11:08:32-07:00
0,0,0,0,0,0,2017-07-14 12:18:35-07:00
5,4,0,0,0,0,2017-07-14 16:16:07-07:00
0,0,0,0,0,0,2017-07-17 19:03:00+03:00
3,3,0,0,0,0,2017-07-17 09:03:31-07:00
0,2,0,0,0,0,2017-07-17 15:45:35-07:00
0,0,0,0,0,0,2017-07-18 09:04:15-07:00
1,0,0,0,0,0,2017-05-01 15:44:01-07:00
0,0,0,0,0,0,2017-07-19 08:56:51-07:00
0,0,0,0,0,0,2017-07-20 09:54:26-07:00
0,0,0,0,0,0,2017-07-21 19:28:49+02:00
0,0,0,0,0,0,2017-07-24 15:01:35-07:00
0,0,0,0,0,0,2017-07-26 09:03:23-07:00
0,0,0,0,0,0,2017-07-27 09:00:14-07:00
1,1,0,0,0,0,2017-07-27 13:04:53-07:00
6,4,0,0,0,0,2017-07-27 14:18:41-07:00
1,2,0,0,0,0,2017-07-28 10:27:45-07:00
1,5,0,0,0,0,2017-07-28 15:00:34-07:00
0,0,0,0,0,0,2017-07-31 09:39:04-07:00
1,1,0,0,0,0,2017-07-31 12:21:27-07:00
0,0,0,0,0,0,2017-07-31 23:13:35+02:00
0,0,0,0,0,0,2017-07-31 14:31:59-07:00
0,0,0,0,0,0,2017-07-31 14:53:16-07:00
0,0,0,0,0,0,2017-08-01 18:04:30+02:00
0,0,0,0,0,0,2017-08-01 18:04:41+02:00
1,1,0,0,0,0,2017-08-01 12:14:37-07:00
0,0,0,0,0,0,2017-08-02 09:09:54-07:00
0,0,0,0,0,0,2017-08-03 09:05:36-07:00
0,0,0,0,0,0,2017-08-03 23:11:31+04:00
2,2,0,0,0,0,2017-08-03 16:01:45-07:00
0,2,0,0,0,0,2017-08-03 16:48:10-07:00
0,0,0,0,0,0,2017-08-03 17:10:28-07:00
0,0,0,0,0,0,2017-08-04 08:38:26-07:00
1,1,0,0,0,0,2017-08-04 10:39:30-07:00
0,0,0,0,0,0,2017-08-07 10:04:55-07:00
0,1,0,0,0,0,2017-08-07 12:35:23-07:00
1,1,0,0,0,0,2017-08-08 00:36:41+02:00
0,0,0,0,0,0,2017-08-08 08:51:01-07:00
0,1,0,0,0,0,2017-08-08 09:20:33-07:00
3,6,0,0,0,0,2017-08-08 09:40:00-07:00
1,4,0,0,0,0,2017-08-08 09:46:29-07:00
0,0,0,0,0,0,2017-08-08 12:11:16-07:00
1,1,0,0,0,0,2017-08-08 13:35:02-07:00
0,0,0,0,0,0,2017-08-08 13:43:01-07:00
1,1,0,0,0,0,2017-08-08 15:54:51-07:00
0,2,0,0,0,0,2017-08-08 15:55:47-07:00
0,0,0,0,0,0,2017-08-09 08:48:37-07:00
1,1,0,0,0,0,2017-08-09 12:29:49-07:00
0,0,0,0,0,0,2017-08-10 09:09:18-07:00
0,0,0,0,0,0,2017-08-11 13:11:28-07:00
0,0,0,0,0,0,2017-08-11 15:47:58-07:00
0,0,0,0,0,0,2017-08-14 08:52:07-07:00
0,0,0,0,0,0,2017-08-14 10:00:34-07:00
0,0,0,0,0,0,2017-08-16 09:34:13-07:00
0,1,0,0,0,0,2017-08-16 09:51:07-07:00
1,1,0,0,0,0,2017-08-16 13:08:28-04:00
0,2,0,0,0,0,2017-08-16 20:17:56+03:00
0,0,0,0,0,0,2017-08-17 09:09:42-07:00
2,2,0,0,0,0,2017-08-17 12:10:28-04:00
1,1,0,0,0,0,2017-08-18 09:48:11-07:00
0,1,0,0,0,0,2017-08-21 15:24:48-07:00
0,1,0,0,0,0,2017-08-22 09:50:12-07:00
0,1,0,0,0,0,2017-08-22 10:08:26-07:00
0,0,0,0,0,0,2017-08-22 10:22:04-07:00
0,0,0,0,0,0,2017-08-23 15:30:23-07:00
0,0,0,0,0,0,2017-08-24 09:53:16-07:00
0,0,0,0,0,0,2017-08-24 11:29:04-07:00
0,0,0,0,0,0,2017-08-24 12:28:07-07:00
0,0,0,0,0,0,2017-08-24 22:19:15-07:00
0,0,0,0,0,0,2017-08-25 16:04:25-07:00
0,0,0,0,0,0,2017-08-28 10:48:32-05:00
0,7,0,0,0,0,2017-08-28 09:15:55-07:00
0,1,0,0,0,0,2017-08-28 11:23:40-07:00
0,1,0,0,0,0,2017-08-28 15:28:13-07:00
0,0,0,0,0,0,2017-08-29 13:35:20-07:00
1,3,0,0,0,0,2017-08-29 16:53:02-07:00
0,2,1,0,0,0,2017-08-30 10:15:58-07:00
4,3,0,0,0,0,2017-09-07 10:27:13-07:00
0,0,0,0,0,0,2017-09-12 10:47:50-07:00
2,2,0,0,0,0,2017-09-12 10:49:24-07:00
0,0,0,0,0,0,2017-09-12 12:26:44-07:00
1,1,0,0,0,0,2017-09-12 14:48:44-07:00
1,1,0,0,0,0,2017-09-12 15:17:32-07:00
0,0,0,0,0,0,2017-09-13 09:02:24-07:00
0,1,0,0,0,0,2017-09-13 12:29:42-07:00
0,1,0,0,0,0,2017-09-13 13:16:28-07:00
0,3,0,0,0,0,2017-09-14 14:47:08-07:00
0,1,0,0,0,0,2017-09-14 15:31:55-07:00
0,0,0,0,0,0,2017-09-14 15:49:31-07:00
0,0,0,0,0,0,2017-09-14 15:53:54-07:00
0,2,0,0,0,0,2017-09-14 16:20:43-07:00
0,0,0,0,0,0,2017-09-15 09:39:04-07:00
0,0,0,0,0,0,2017-09-15 10:02:20-07:00
0,4,0,0,0,0,2017-09-15 13:36:20-07:00
0,0,0,0,0,0,2017-09-15 13:49:00-07:00
0,0,0,0,0,0,2017-09-18 11:04:05-07:00
0,2,0,0,0,0,2017-09-19 09:30:32-07:00
2,1,0,0,0,0,2017-09-19 09:33:15-07:00
0,1,0,0,0,0,2017-09-19 09:33:49-07:00
0,0,0,0,0,0,2017-09-19 09:34:15-07:00
1,9,0,0,0,0,2017-09-19 14:42:07-07:00
0,0,0,0,0,0,2017-09-19 15:05:28-07:00
0,0,0,0,0,0,2017-09-20 09:09:43-07:00
0,0,0,0,0,0,2017-09-20 12:29:28-07:00
0,0,0,0,0,0,2017-09-21 13:40:34-07:00
0,0,0,0,0,0,2017-09-22 09:43:43-07:00
0,1,0,0,0,0,2017-09-22 13:46:42-07:00
0,3,0,0,0,0,2017-09-22 16:53:11-07:00
0,2,0,0,0,0,2017-09-22 17:04:19-07:00
0,2,0,0,0,0,2017-09-25 10:48:08-07:00
0,0,0,0,0,0,2017-09-25 10:56:51-07:00
3,4,0,0,0,0,2017-09-26 13:21:47-07:00
0,0,0,0,0,0,2017-09-27 11:57:49-04:00
1,2,0,0,0,0,2017-09-27 11:27:34-07:00
0,1,0,0,0,0,2017-09-27 12:13:31-07:00
0,1,0,0,0,0,2017-09-27 13:07:33-07:00
1,1,0,0,0,0,2017-09-27 14:10:23-07:00
0,0,0,0,0,0,2017-09-29 12:18:07-07:00
0,1,0,0,0,0,2017-10-03 09:01:03-07:00
0,0,0,0,0,0,2017-10-03 09:06:36-07:00
0,0,0,0,0,0,2017-10-03 09:21:02-07:00
1,1,0,0,0,0,2017-10-04 12:05:09-05:00
0,0,0,0,0,0,2017-10-04 13:09:14-05:00
0,0,0,0,0,0,2017-10-09 14:35:11-07:00
0,1,0,0,0,0,2017-10-09 15:38:29-07:00
1,1,0,0,0,0,2017-10-09 15:39:08-07:00
1,1,0,0,0,0,2017-10-10 08:57:05-07:00
0,0,0,0,0,0,2017-10-11 22:00:31-05:00
0,1,0,0,0,0,2017-10-12 09:23:00-07:00
0,3,0,0,0,0,2017-10-12 10:16:11-07:00
0,4,0,0,0,0,2017-10-12 13:16:50-04:00
1,1,0,0,0,0,2017-10-13 00:55:34-04:00
0,1,0,0,0,0,2017-10-18 14:11:51-07:00
0,0,0,0,0,0,2017-10-18 15:34:43-07:00
0,0,0,0,0,0,2017-10-18 15:40:16-07:00
0,1,0,0,0,0,2017-10-18 15:52:19-07:00
0,0,0,0,0,0,2017-10-19 08:56:36-07:00
0,0,0,0,0,0,2017-10-23 14:23:30-07:00
0,0,0,0,0,0,2017-10-23 16:43:09-07:00
0,0,0,0,0,0,2017-10-23 16:45:57-07:00
0,0,0,0,0,0,2017-10-24 11:11:20-07:00
0,1,0,0,0,0,2017-10-24 11:23:19-07:00
0,0,0,0,0,0,2017-10-24 11:25:15-07:00
2,1,0,0,0,0,2017-10-24 11:28:26-07:00
1,1,0,0,0,0,2017-10-24 12:07:18-07:00
1,4,0,0,0,0,2017-10-24 12:14:35-07:00
0,0,0,0,0,0,2017-10-24 12:16:23-07:00
0,0,0,0,0,0,2017-10-24 12:17:20-07:00
0,0,0,0,0,0,2017-10-24 13:11:50-07:00
0,0,0,0,0,0,2017-10-25 11:18:25-07:00
0,0,0,0,0,0,2017-10-26 10:24:33-07:00
0,0,0,0,0,0,2017-10-27 11:19:21-07:00
0,0,0,0,0,0,2017-10-30 09:31:10-07:00
1,2,0,0,0,0,2017-10-30 09:31:45-07:00
0,0,0,0,0,0,2017-10-31 03:32:17+11:00
0,0,0,0,0,0,2017-10-30 16:26:42-07:00
1,8,0,0,0,0,2017-10-31 09:58:29-07:00
0,2,0,0,0,0,2017-10-31 10:44:51-07:00
0,0,0,0,0,0,2017-10-31 11:22:15-07:00
1,1,0,0,0,0,2017-11-01 12:29:37-07:00
0,0,0,0,0,0,2017-11-01 12:30:10-07:00
0,0,0,0,0,0,2017-11-01 13:54:09-07:00
0,1,0,0,0,0,2017-11-01 20:31:55-07:00
0,0,0,0,0,0,2017-11-02 09:22:00-07:00
1,1,0,0,0,0,2017-11-02 10:27:49-07:00
1,1,0,0,0,0,2017-11-03 12:46:56-04:00
1,2,0,0,0,0,2017-11-03 12:47:12-07:00
1,1,0,0,0,0,2017-11-03 12:48:24-07:00
0,0,0,0,0,0,2017-11-03 16:45:54-07:00
0,1,0,0,0,0,2017-11-03 17:26:23-07:00
0,0,0,0,0,0,2017-11-03 17:32:05-07:00
0,0,0,0,0,0,2017-11-06 10:27:10-08:00
1,1,0,0,0,0,2017-11-06 10:27:49-08:00
0,0,0,0,0,0,2017-11-06 10:44:14-08:00
0,0,0,0,0,0,2017-11-07 15:10:33-08:00
2,2,0,0,0,0,2017-11-07 15:11:55-08:00
1,1,0,0,0,0,2017-11-08 12:17:34-08:00
0,0,0,0,0,0,2017-11-08 15:07:29-08:00
2,2,0,0,0,0,2017-11-08 16:17:42-08:00
0,1,0,0,0,0,2017-11-09 09:28:41-08:00
0,1,0,0,0,0,2017-11-09 10:03:00-08:00
0,1,0,0,0,0,2017-11-09 09:50:32-08:00
0,1,0,0,0,0,2017-11-09 10:22:16-08:00
0,0,0,0,0,0,2017-11-09 10:28:35-08:00
0,0,0,0,0,0,2017-11-09 14:45:13-08:00
0,2,0,0,0,0,2017-11-13 09:21:46-08:00
0,0,0,0,0,0,2017-11-13 09:22:23-08:00
1,1,0,0,0,0,2017-11-14 09:16:36-08:00
0,0,0,0,0,0,2017-11-15 10:46:20-08:00
0,0,0,0,0,0,2017-11-15 11:06:18-08:00
0,2,0,0,0,0,2017-11-15 11:06:43-08:00
0,2,3,0,0,0,2017-11-15 11:12:36-08:00
0,0,0,0,0,0,2017-11-15 12:18:33-08:00
0,0,0,0,0,0,2017-11-15 12:25:08-08:00
0,0,0,0,0,0,2017-11-16 09:28:12-08:00
0,0,0,0,0,0,2017-11-17 09:43:37-08:00
0,0,0,0,0,0,2017-11-27 10:30:30-08:00
0,0,0,0,0,0,2017-11-28 09:52:33-08:00
0,1,0,0,0,0,2017-11-28 10:21:53-08:00
0,0,0,0,0,0,2017-11-28 13:30:42-08:00
0,0,0,0,0,0,2017-11-28 14:11:20-08:00
0,0,0,0,0,0,2017-11-28 14:13:56-08:00
1,8,0,0,0,0,2017-11-29 15:39:47-08:00
0,0,0,0,0,0,2017-11-30 10:25:03-08:00
0,0,0,0,0,0,2017-11-30 10:25:53-08:00
1,1,0,0,0,0,2017-11-30 17:22:25-08:00
0,0,0,0,0,0,2017-12-01 09:35:09-08:00
1,1,0,0,0,0,2017-12-01 14:58:57-08:00
0,0,0,0,0,0,2017-12-04 09:39:46-08:00
0,1,0,0,0,0,2017-12-01 17:07:38-08:00
1,2,0,0,0,0,2017-12-04 16:13:52-08:00
1,1,0,0,0,0,2017-12-05 12:05:40-08:00
1,1,0,0,0,0,2017-12-06 01:24:39+05:18
0,0,0,0,0,0,2017-12-06 11:12:48-08:00
0,1,0,0,0,0,2017-12-06 14:27:58-08:00
0,0,0,0,0,0,2017-12-06 14:53:23-08:00
0,0,0,0,0,0,2017-12-06 15:09:32-08:00
0,1,0,0,0,0,2017-12-06 16:05:11-08:00
0,0,0,0,0,0,2017-12-07 09:46:43-08:00
0,1,0,0,0,0,2017-12-07 09:47:38-08:00
0,0,0,0,0,0,2017-12-07 10:34:29-08:00
0,0,0,0,0,0,2017-12-07 12:53:45-08:00
0,0,0,0,0,0,2017-12-07 18:14:48-03:00
0,0,0,0,0,0,2017-12-07 13:36:09-08:00
1,3,0,0,0,0,2017-12-07 17:22:19-05:00
0,2,0,0,0,0,2017-12-08 10:00:04-08:00
1,1,0,0,0,0,2017-12-08 13:00:39-05:00
0,0,0,0,0,0,2017-12-08 10:08:39-08:00
1,2,0,0,0,0,2017-12-08 13:43:44-08:00
0,1,0,0,0,0,2017-12-11 12:43:05-05:00
0,0,0,0,0,0,2017-12-11 09:45:02-08:00
0,0,0,0,0,0,2017-12-11 12:08:36-06:00
0,0,0,0,0,0,2017-12-11 10:43:12-08:00
0,1,0,0,0,0,2017-12-11 17:21:09-05:00
0,0,0,0,0,0,2017-12-11 16:44:21-08:00
0,3,0,0,0,0,2017-12-12 09:25:25-08:00
0,0,0,0,0,0,2017-12-12 09:26:42-08:00
0,1,0,0,0,0,2017-12-13 12:46:34-08:00
0,0,0,0,0,0,2017-12-13 12:49:52-08:00
0,0,0,0,0,0,2017-12-14 10:14:39-08:00
1,2,0,0,0,0,2017-12-14 10:15:42-08:00
1,1,0,0,0,0,2017-12-14 10:55:23-08:00
3,3,0,0,0,0,2017-12-14 13:48:50-08:00
0,0,0,0,0,0,2017-12-15 09:39:08-08:00
1,1,0,0,0,0,2017-12-15 09:49:09-08:00
0,0,0,0,0,0,2017-12-18 17:37:19-08:00
0,3,0,0,0,0,2017-12-19 12:42:02-08:00
0,2,0,0,0,0,2017-12-27 14:55:44-08:00
0,0,0,0,0,0,2018-01-02 18:44:06+01:00
0,0,0,0,0,0,2018-01-02 09:50:11-08:00
0,2,1,0,0,0,2018-01-02 10:36:53-08:00
0,0,0,0,0,0,2018-01-02 14:02:47-08:00
1,1,0,0,0,0,2018-01-03 12:08:50-05:00
1,1,0,0,0,0,2018-01-03 12:09:17-05:00
0,0,0,0,0,0,2018-01-03 09:43:29-08:00
0,0,0,0,0,0,2018-01-05 10:21:26-08:00
0,0,0,0,0,0,2018-01-08 08:45:17-08:00
1,1,0,0,0,0,2018-01-08 17:16:12-05:00
0,0,0,0,0,0,2018-01-09 09:06:58-08:00
0,1,0,0,0,0,2018-01-09 13:47:56-08:00
0,0,0,0,0,0,2018-01-10 09:07:00-08:00
1,1,0,0,0,0,2018-01-11 16:36:23+09:00
0,0,0,0,0,0,2018-01-11 09:47:12-08:00
1,1,0,0,0,0,2018-01-11 17:11:12-05:00
0,0,0,0,0,0,2018-01-12 13:11:36-08:00
0,1,0,0,0,0,2018-01-12 14:44:52-08:00
0,0,0,0,0,0,2018-01-16 11:20:59-08:00
0,0,0,0,0,0,2018-01-16 11:21:35-08:00
1,1,0,0,0,0,2018-01-17 13:27:44-05:00
0,0,0,0,0,0,2018-01-18 15:35:38-02:00
0,1,0,0,0,0,2018-01-24 15:47:21-08:00
0,1,0,0,0,0,2018-01-25 10:41:07-08:00
0,1,0,0,0,0,2018-01-25 13:41:26-05:00
0,1,0,0,0,0,2018-01-25 13:41:43-05:00
0,0,0,0,0,0,2018-01-25 13:46:12-05:00
0,0,0,0,0,0,2018-01-25 10:46:53-08:00
0,0,0,0,0,0,2018-01-25 10:47:09-08:00
0,1,0,0,0,0,2018-02-02 01:15:27-05:00
0,0,0,0,0,0,2018-02-01 22:20:35-08:00
0,1,0,0,0,0,2018-02-05 11:55:13-05:00
0,0,0,0,0,0,2018-02-05 08:55:23-08:00
1,2,0,0,0,0,2018-02-05 13:35:49-08:00
0,0,0,0,0,0,2018-02-06 08:26:39-08:00
2,3,0,0,0,0,2018-02-06 12:09:45-08:00
2,4,0,0,0,0,2018-02-06 14:43:47-08:00
2,4,0,0,0,0,2018-02-06 16:47:24-08:00
0,0,0,0,0,0,2018-02-08 08:26:05-08:00
0,0,0,0,0,0,2018-02-01 22:30:27-08:00
0,0,0,0,0,0,2018-02-09 10:46:48-08:00
1,4,0,0,0,0,2018-02-16 11:46:31-05:00
2,3,0,0,0,0,2018-02-16 12:32:55-08:00
0,0,0,0,0,0,2018-02-16 13:31:10-08:00
1,1,0,0,0,0,2018-02-16 17:14:00-05:00
0,0,0,0,0,0,2018-02-17 09:50:47-08:00
0,1,0,0,0,0,2018-02-20 21:49:57+01:00
0,0,0,0,0,0,2018-02-20 21:26:20-08:00
0,0,0,0,0,0,2018-02-22 15:31:17-08:00
1,1,0,0,0,0,2018-02-23 15:28:27-08:00
0,0,0,0,0,0,2018-02-26 09:03:37-08:00
1,1,0,0,0,0,2018-02-26 10:36:28-08:00
0,1,0,0,0,0,2018-02-26 12:12:04-08:00
0,0,0,0,0,0,2018-02-28 09:51:16-08:00
3,3,0,0,0,0,2018-02-27 16:37:37-08:00
0,0,0,0,0,0,2018-02-28 10:45:22-08:00
1,1,0,0,0,0,2018-03-01 10:13:43-08:00
2,4,0,0,0,0,2018-03-01 10:30:07-08:00
0,0,0,0,0,0,2018-03-05 12:28:55-08:00
0,0,0,0,0,0,2018-03-05 12:46:53-08:00
0,0,0,0,0,0,2018-03-07 09:00:49-08:00
0,0,0,0,0,0,2018-03-07 17:11:38-08:00
0,1,0,0,0,0,2018-03-08 10:33:11-08:00
0,1,0,0,0,0,2018-03-08 13:33:57-08:00
0,0,0,0,0,0,2018-03-08 13:55:12-08:00
0,0,0,0,0,0,2018-03-09 08:51:07-08:00
1,1,0,0,0,0,2018-03-12 14:04:51-04:00
0,0,0,0,0,0,2018-03-12 15:03:32-07:00
0,1,0,0,0,0,2018-03-12 15:04:13-07:00
0,0,0,0,0,0,2018-03-13 09:01:09-07:00
0,0,0,0,0,0,2018-03-14 08:53:05-07:00
0,1,0,0,0,0,2018-03-15 10:52:37-07:00
0,0,0,0,0,0,2018-03-16 09:05:55-07:00
0,3,0,0,0,0,2018-03-16 16:41:13-07:00
1,4,0,0,0,0,2018-03-19 13:29:14-07:00
1,1,0,0,0,0,2018-03-19 15:50:38-07:00
4,9,0,0,0,0,2018-03-19 20:27:56-07:00
0,1,0,0,0,0,2018-03-20 12:33:38-07:00
2,4,0,0,0,0,2018-03-20 16:50:15-07:00
0,1,0,0,0,0,2018-03-21 13:19:57-07:00
3,1,0,0,0,0,2018-03-26 14:47:37-07:00
0,2,0,0,0,0,2018-03-27 14:02:09-07:00
1,1,0,0,0,0,2018-03-27 14:02:28-07:00
2,2,0,0,0,0,2018-03-27 15:21:31-07:00
0,0,0,0,0,0,2018-03-28 12:48:46-07:00
2,4,0,0,0,0,2018-03-29 08:04:43-07:00
0,0,0,0,0,0,2018-04-02 02:51:10-07:00
0,2,0,0,0,0,2018-04-03 17:01:25-07:00
1,1,0,0,0,0,2018-04-06 13:05:27-07:00
0,2,0,0,0,0,2018-04-06 14:27:51-07:00
0,0,0,0,0,0,2018-04-06 22:57:36-07:00
0,0,0,0,0,0,2018-04-09 09:54:42-07:00
0,1,0,0,0,0,2018-04-10 18:05:36-07:00
1,1,0,0,0,0,2018-04-12 10:45:57-07:00
1,1,0,0,0,0,2018-04-12 13:25:02-07:00
0,1,0,0,0,0,2018-04-13 14:08:23-07:00
0,0,0,0,0,0,2018-04-13 15:04:47-07:00
5,5,0,0,0,0,2018-04-16 15:06:37-07:00
0,1,0,0,0,0,2018-04-16 15:07:20-07:00
0,0,0,0,0,0,2018-04-16 15:39:49-07:00
0,1,0,0,0,0,2018-04-17 09:44:55-07:00
0,0,0,0,0,0,2018-04-17 13:49:11-07:00
0,0,0,0,0,0,2018-04-17 14:00:16-07:00
0,0,0,0,0,0,2018-04-17 14:00:29-07:00
2,11,0,0,0,0,2018-04-17 15:03:48-07:00
4,6,4,0,0,0,2018-04-17 17:47:05-07:00
0,1,0,0,0,0,2018-04-24 14:34:58-07:00
0,0,0,0,0,0,2018-04-25 13:18:23-07:00
0,0,0,0,0,0,2018-04-26 10:26:41-07:00
0,3,0,0,0,0,2018-05-01 13:52:48-07:00
0,0,0,0,0,0,2018-05-02 10:31:36-07:00
0,1,0,0,0,0,2018-05-07 11:55:15-07:00
0,0,0,0,0,0,2018-05-07 12:01:48-07:00
0,1,0,0,0,0,2018-05-09 07:51:24-07:00
0,0,0,0,0,0,2018-05-10 16:24:07-07:00
0,0,0,0,0,0,2018-05-14 13:52:18-07:00
2,2,0,0,0,0,2018-05-15 08:24:58-07:00
0,1,0,0,0,0,2018-05-16 12:27:32-04:00
1,1,0,0,0,0,2018-05-17 11:21:15-07:00
0,0,0,0,0,0,2018-05-18 07:33:57-07:00
0,2,0,0,0,0,2018-05-18 10:41:49-07:00
0,0,0,0,0,0,2018-05-18 10:58:28-07:00
0,0,0,0,0,0,2018-05-18 12:50:17-07:00
0,1,0,0,0,0,2018-05-21 09:22:18-07:00
0,1,0,0,0,0,2018-05-21 11:25:34-07:00
1,1,0,0,0,0,2018-05-21 12:23:13-07:00
0,4,0,0,0,0,2018-05-21 15:05:29-07:00
0,1,0,0,0,0,2018-05-22 09:14:19-07:00
0,4,0,0,0,0,2018-05-23 12:51:55-07:00
0,3,0,0,0,0,2018-05-23 12:53:16-07:00
0,1,0,0,0,0,2018-05-30 08:51:42-07:00
0,0,0,0,0,0,2018-05-30 09:26:07-07:00
0,0,0,0,0,0,2018-06-06 14:06:10-07:00
1,1,0,0,0,0,2018-06-11 10:37:23-07:00
1,1,0,0,0,0,2018-06-11 14:35:15-07:00
2,2,0,0,0,0,2018-06-13 08:51:18-07:00
0,0,0,0,0,0,2018-06-14 16:42:35-07:00
0,0,0,0,0,0,2018-06-15 12:09:00-04:00
1,2,0,0,0,0,2018-06-15 09:45:55-07:00
0,1,0,0,0,0,2018-06-18 16:31:21-07:00
0,2,0,0,0,0,2018-06-20 11:29:55-07:00
0,1,0,0,0,0,2018-06-20 15:19:25-07:00
0,1,0,0,0,0,2018-06-21 12:42:25-07:00
0,1,0,0,0,0,2018-06-21 12:53:52-07:00
0,1,0,0,0,0,2018-06-21 14:20:44-07:00
0,0,0,0,0,0,2018-06-21 15:00:42-07:00
0,1,0,0,0,0,2018-06-22 10:49:25-07:00
0,0,0,0,0,0,2018-06-22 14:04:01-07:00
0,1,0,0,0,0,2018-06-26 12:52:04-07:00
0,0,0,0,0,0,2018-06-26 13:00:28-07:00
0,0,0,0,0,0,2018-06-27 08:20:03-07:00
0,1,0,0,0,0,2018-06-27 16:31:18-07:00
0,2,0,0,0,0,2018-06-27 16:40:30-07:00
0,0,0,0,0,0,2018-06-27 18:10:31-07:00
1,1,0,0,0,0,2018-06-29 14:00:09-07:00
0,0,0,0,0,0,2018-06-29 15:16:22-07:00
0,0,0,0,0,0,2018-06-29 15:16:50-07:00
0,0,0,0,0,0,2018-09-25 11:31:42-04:00
0,0,0,0,0,0,2018-09-25 13:25:04-04:00
0,0,0,0,0,0,2018-09-25 14:20:03-04:00
0,0,0,0,0,0,2018-09-25 15:20:57-04:00
