Acquisition,Preparation,Modeling,Training,Evaluation,Prediction,time
0,0,0,0,0,0,2020-01-11 13:56:56+00:00
0,0,0,0,0,0,2020-01-11 14:02:23+00:00
0,0,0,0,0,0,2020-01-11 14:03:58+00:00
0,1,0,1,0,0,2020-01-11 14:31:32+00:00
0,0,0,0,0,0,2020-01-11 14:45:28+00:00
0,0,0,0,0,0,2020-01-11 14:46:31+00:00
0,0,0,0,0,0,2020-01-11 14:59:51+00:00
0,0,0,0,0,0,2020-01-11 15:06:30+00:00
1,1,0,1,0,0,2020-01-12 15:08:55+00:00
0,0,0,0,0,0,2020-01-12 15:10:46+00:00
0,0,0,0,0,0,2020-01-12 15:12:42+00:00
0,0,0,0,0,0,2020-01-12 15:14:27+00:00
0,1,0,1,0,0,2020-01-16 14:12:29+00:00
0,2,0,1,0,0,2020-01-16 15:00:42+00:00
0,3,0,1,0,0,2020-01-16 17:29:20+00:00
0,0,0,0,0,0,2020-01-17 00:11:50+00:00
0,0,0,0,0,0,2020-01-17 00:15:18+00:00
1,1,0,0,0,0,2020-01-19 18:01:25+00:00
0,0,0,0,0,0,2020-01-19 18:03:04+00:00
2,3,0,1,0,0,2020-01-20 11:42:16+00:00
1,1,0,0,0,0,2020-01-23 13:47:39+00:00
1,0,0,0,0,0,2020-01-23 15:26:39+00:00
1,0,0,0,0,0,2020-01-23 17:47:27+00:00
0,0,0,0,0,0,2020-01-23 17:52:20+00:00
2,0,0,0,0,0,2020-01-29 20:51:44+00:00
0,0,0,0,0,0,2020-01-29 22:39:39+00:00
0,0,0,0,0,0,2020-01-29 22:40:49+00:00
1,1,0,0,0,0,2020-02-03 14:54:18+00:00
0,0,0,0,0,0,2020-02-03 14:54:42+00:00
0,0,0,0,0,0,2020-02-03 14:55:25+00:00
1,0,0,0,0,0,2020-02-03 15:06:10+00:00
0,0,0,0,0,0,2020-02-03 15:06:59+00:00
1,1,0,0,0,0,2020-02-03 17:28:53+00:00
1,1,0,1,0,0,2020-02-03 17:55:34+00:00
0,1,0,0,0,0,2020-02-03 20:27:52+00:00
0,0,0,0,0,0,2020-02-03 20:28:52+00:00
0,0,0,0,0,0,2020-02-06 14:23:38+00:00
1,0,0,0,0,0,2020-02-06 17:04:01+00:00
0,0,0,0,0,0,2020-02-06 17:05:37+00:00
1,0,0,0,0,0,2020-02-11 16:06:25+00:00
1,1,0,0,0,0,2020-02-11 17:21:47+00:00
0,0,0,0,0,0,2020-02-11 17:22:26+00:00
3,2,0,1,0,0,2020-02-12 21:53:21+00:00
1,0,0,0,0,0,2020-02-13 01:30:58+00:00
0,0,0,0,0,0,2020-02-13 01:33:53+00:00
1,0,0,0,0,0,2020-02-13 12:17:46+00:00
0,0,0,0,0,0,2020-02-13 12:46:16+00:00
0,0,0,0,0,0,2020-02-13 13:10:21+00:00
0,0,0,0,0,0,2020-02-13 15:06:31+00:00
0,0,0,0,0,0,2020-02-13 15:12:41+00:00
0,0,0,0,0,0,2020-02-13 15:15:07+00:00
0,0,0,0,0,0,2020-02-13 15:15:14+00:00
1,1,0,1,0,0,2020-02-13 15:34:59+00:00
2,1,0,1,0,0,2020-02-13 15:46:10+00:00
2,2,0,2,0,0,2020-02-13 15:49:21+00:00
1,1,0,1,0,0,2020-02-13 15:49:53+00:00
1,1,0,1,0,0,2020-02-13 15:51:08+00:00
1,0,0,0,0,0,2020-02-13 17:28:28+00:00
0,0,0,0,0,0,2020-02-13 17:28:45+00:00
1,0,0,0,0,0,2020-02-13 18:00:51+00:00
2,2,0,2,0,0,2020-02-13 18:36:37+00:00
2,1,0,1,0,0,2020-02-13 18:38:30+00:00
0,0,0,0,0,0,2020-02-13 18:38:34+00:00
2,1,0,1,0,0,2020-02-13 19:06:01+00:00
2,0,0,0,0,0,2020-02-13 19:08:16+00:00
1,0,0,0,0,0,2020-02-14 10:58:17+00:00
0,0,0,0,0,0,2020-02-14 10:58:52+00:00
1,0,0,0,0,0,2020-02-14 11:00:03+00:00
0,0,0,0,0,0,2020-02-14 11:34:00+00:00
1,0,0,0,0,0,2020-02-14 11:45:21+00:00
0,0,0,0,0,0,2020-02-14 11:50:43+00:00
0,0,0,0,0,0,2020-02-14 12:23:24+00:00
2,0,0,0,0,0,2020-02-14 12:25:09+00:00
0,0,0,0,0,0,2020-02-14 12:25:29+00:00
0,0,0,0,0,0,2020-02-14 13:16:45+00:00
1,0,0,0,0,0,2020-02-14 13:18:44+00:00
0,0,0,0,0,0,2020-02-14 13:19:16+00:00
1,1,0,1,0,0,2020-02-14 13:24:44+00:00
1,1,0,1,0,0,2020-02-14 13:38:16+00:00
1,0,0,0,0,0,2020-02-14 13:56:45+00:00
0,0,0,0,0,0,2020-02-14 13:57:16+00:00
0,0,0,0,0,0,2020-02-14 14:49:10+00:00
0,0,0,0,0,0,2020-02-14 14:49:39+00:00
0,0,0,0,0,0,2020-02-14 15:02:26+00:00
2,1,0,1,0,0,2020-02-27 11:27:39+00:00
1,1,0,1,0,0,2020-02-27 11:47:52+00:00
1,1,1,1,0,0,2020-02-27 12:04:26+00:00
2,1,0,1,0,0,2020-02-27 12:05:09+00:00
0,0,0,0,0,0,2020-02-27 12:05:21+00:00
1,1,1,1,0,0,2020-02-27 12:08:51+00:00
0,0,0,0,0,0,2020-02-27 12:09:01+00:00
1,1,1,1,0,0,2020-02-27 12:10:42+00:00
0,0,0,0,0,0,2020-02-27 12:12:21+00:00
0,0,0,0,0,0,2020-02-27 13:18:27+00:00
0,0,0,0,0,0,2020-02-27 13:20:23+00:00
0,0,0,0,0,0,2020-02-27 13:21:01+00:00
2,1,1,1,0,0,2020-02-27 13:55:00+00:00
0,0,0,0,0,0,2020-02-27 13:58:43+00:00
0,0,0,0,0,0,2020-02-27 13:59:16+00:00
0,0,0,0,0,0,2020-02-27 13:59:26+00:00
0,0,0,0,0,0,2020-02-27 14:06:41+00:00
2,1,1,1,0,0,2020-02-27 15:23:41+00:00
0,0,0,0,0,0,2020-02-27 15:25:23+00:00
0,0,0,0,0,0,2020-02-27 15:25:30+00:00
0,0,0,0,0,0,2020-02-27 15:35:55+00:00
0,0,0,0,0,0,2020-02-27 15:36:48+00:00
1,1,1,1,0,0,2020-02-27 15:44:31+00:00
0,0,0,0,0,0,2020-02-27 15:47:29+00:00
2,1,1,1,0,0,2020-02-27 16:08:16+00:00
1,1,0,0,0,0,2020-02-27 16:11:16+00:00
2,2,1,1,0,0,2020-02-27 16:14:38+00:00
2,2,1,1,0,0,2020-02-27 17:34:00+00:00
1,1,0,0,0,0,2020-02-27 17:44:12+00:00
0,0,0,0,0,0,2020-02-27 17:49:05+00:00
1,1,0,0,0,0,2020-02-28 13:40:14+00:00
1,1,0,0,0,0,2020-02-28 15:11:30+00:00
0,0,0,0,0,0,2020-02-28 15:12:18+00:00
0,0,0,0,0,0,2020-02-28 17:04:51+00:00
0,0,0,0,0,0,2020-02-28 18:26:40+00:00
0,0,0,0,0,0,2020-02-28 18:26:50+00:00
0,0,0,0,0,0,2020-02-28 18:29:07+00:00
0,0,0,0,0,0,2020-02-29 00:03:16+00:00
0,0,0,0,0,0,2020-02-29 00:13:52+00:00
0,0,0,0,0,0,2020-02-29 00:30:34+00:00
1,1,0,0,0,0,2020-02-29 09:54:18+00:00
0,0,0,0,0,0,2020-02-29 10:24:26+00:00
1,1,0,0,0,0,2020-03-02 10:31:19+00:00
0,0,0,0,0,0,2020-03-02 14:27:51+00:00
0,0,0,0,0,0,2020-03-03 15:02:29+00:00
1,1,1,1,0,0,2020-03-06 15:20:53+00:00
3,2,1,1,0,0,2020-03-11 22:23:22+00:00
0,0,0,0,0,0,2020-03-12 10:25:13+00:00
0,0,0,0,0,0,2020-03-12 10:25:34+00:00
1,1,1,1,0,0,2020-03-12 11:17:40+00:00
0,0,0,0,0,0,2020-03-12 11:44:19+00:00
0,0,0,0,0,0,2020-03-12 11:44:42+00:00
0,0,0,0,0,0,2020-03-12 11:44:57+00:00
0,0,0,0,0,0,2020-03-12 11:52:43+00:00
0,0,0,0,0,0,2020-03-12 11:53:06+00:00
0,0,0,0,0,0,2020-03-12 12:00:36+00:00
0,0,0,0,0,0,2020-03-12 12:16:50+00:00
0,0,0,0,0,0,2020-03-12 12:17:02+00:00
0,0,0,0,0,0,2020-03-12 12:46:30+00:00
0,0,0,0,0,0,2020-03-12 14:24:32+00:00
4,3,1,1,0,0,2020-03-27 14:14:16+00:00
0,0,0,0,0,0,2020-03-27 14:15:13+00:00
0,0,0,0,0,0,2020-03-27 14:15:53+00:00
3,3,1,1,0,0,2020-03-31 13:36:03+01:00
0,0,0,0,0,0,2020-03-31 13:47:08+01:00
2,2,0,0,0,0,2020-03-31 17:10:30+01:00
2,1,0,0,0,0,2020-04-02 01:43:15+01:00
1,0,0,0,0,0,2020-04-02 01:54:22+01:00
3,1,0,0,0,0,2020-04-02 02:06:20+01:00
0,0,0,0,0,0,2020-04-02 02:10:21+01:00
1,1,0,0,0,0,2020-04-02 02:11:34+01:00
0,0,0,0,0,0,2020-04-02 02:15:09+01:00
1,1,0,0,0,0,2020-04-02 02:16:05+01:00
2,1,0,0,0,0,2020-04-02 02:20:32+01:00
1,0,0,0,0,0,2020-04-02 02:27:23+01:00
1,0,0,0,0,0,2020-04-02 02:53:39+01:00
0,0,0,0,0,0,2020-04-02 14:12:46+01:00
0,0,0,0,0,0,2020-04-02 21:26:02+01:00
2,1,0,0,0,0,2020-04-02 22:09:51+01:00
0,0,0,0,0,0,2020-04-03 00:59:56+01:00
0,0,0,0,0,0,2020-04-03 01:00:54+01:00
0,0,0,0,0,0,2020-04-03 13:15:43+01:00
2,2,1,1,0,0,2020-04-03 20:42:23+01:00
1,2,1,1,0,0,2020-04-04 16:47:34+01:00
0,0,1,1,0,0,2020-04-04 16:56:22+01:00
0,0,1,1,0,0,2020-04-04 16:57:34+01:00
1,1,1,1,0,0,2020-04-05 18:58:42+01:00
0,0,0,0,0,0,2020-04-06 13:18:37+01:00
1,1,0,0,0,0,2020-04-06 13:20:38+01:00
0,1,1,1,0,0,2020-04-06 14:53:21+01:00
0,2,1,1,0,0,2020-04-06 14:53:22+01:00
0,0,1,1,0,0,2020-04-06 14:53:49+01:00
0,0,0,0,0,0,2020-04-06 14:54:11+01:00
1,2,0,0,0,0,2020-04-06 15:04:25+01:00
0,0,0,0,0,0,2020-04-06 15:04:54+01:00
0,0,0,0,0,0,2020-04-06 15:16:32+01:00
0,0,0,0,0,0,2020-04-06 17:17:33+01:00
1,4,1,1,0,0,2020-04-07 13:44:20+01:00
0,0,0,0,0,0,2020-04-08 16:58:55+01:00
2,4,1,1,0,0,2020-04-08 18:30:36+01:00
0,0,0,0,0,0,2020-04-09 18:10:59+01:00
1,2,0,0,0,0,2020-04-09 22:49:22+01:00
0,0,0,0,0,0,2020-04-09 22:49:31+01:00
0,0,0,0,0,0,2020-04-11 11:17:50+01:00
1,2,0,0,0,0,2020-04-11 12:49:09+01:00
0,1,0,0,0,0,2020-04-11 17:05:58+01:00
0,0,0,0,0,0,2020-04-11 17:06:58+01:00
0,2,0,0,0,0,2020-04-12 16:59:15+01:00
0,0,0,0,0,0,2020-09-30 15:09:54+01:00
1,1,0,0,0,0,2020-09-30 10:10:43-04:00
