Acquisition,Preparation,Modeling,Training,Evaluation,Prediction,time
0,0,0,0,0,0,2020-06-10 17:03:58+02:00
2,3,0,1,0,0,2020-06-12 10:38:31+02:00
1,0,0,0,0,0,2020-06-14 15:49:43+02:00
0,0,0,0,0,0,2020-06-14 15:50:53+02:00
1,0,0,0,0,0,2020-06-14 15:58:22+02:00
5,8,2,4,0,0,2020-06-17 16:32:44+02:00
2,3,1,2,0,0,2020-06-17 17:37:45+02:00
1,0,0,0,0,0,2020-06-17 17:38:47+02:00
3,4,2,2,0,0,2020-06-19 17:47:35+02:00
2,2,1,2,0,0,2020-06-19 18:38:16+02:00
3,3,1,3,0,0,2020-06-24 17:21:01+02:00
3,4,1,3,0,0,2020-06-24 18:17:43+02:00
5,6,1,3,0,0,2020-07-10 17:31:08+02:00
2,2,0,2,0,0,2020-07-10 17:32:37+02:00
0,0,0,0,0,0,2020-07-10 17:33:05+02:00
1,1,0,1,0,0,2020-07-10 17:40:05+02:00
0,0,0,0,0,0,2020-07-10 18:00:02+02:00
0,0,0,0,0,0,2020-07-10 18:40:32+02:00
1,1,0,1,0,0,2020-07-10 18:56:33+02:00
0,0,0,0,0,0,2020-08-12 10:20:34+02:00
0,0,0,0,0,0,2020-09-02 10:19:23+02:00
2,2,1,2,0,0,2020-09-02 12:08:30+02:00
2,2,1,2,0,0,2020-09-03 13:36:35+02:00
1,1,0,1,0,0,2020-09-03 13:58:24+02:00
1,1,1,1,0,0,2020-09-03 14:01:45+02:00
1,1,1,1,0,0,2020-10-21 08:25:42+02:00
1,1,1,1,0,0,2020-10-21 08:54:13+02:00
1,1,0,1,0,0,2020-10-21 09:04:03+02:00
1,1,1,1,0,0,2020-10-21 09:04:41+02:00
3,6,2,2,0,0,2020-10-21 10:26:05+02:00
1,1,0,1,0,0,2020-10-21 10:27:48+02:00
1,1,0,1,0,0,2020-10-21 10:28:27+02:00
0,0,0,0,0,0,2020-10-21 11:05:32+02:00
2,1,0,1,0,0,2020-10-21 11:31:16+02:00
1,2,2,1,0,0,2020-10-21 11:33:54+02:00
0,0,0,0,0,0,2020-10-21 11:35:09+02:00
0,0,0,0,0,0,2020-10-21 11:35:36+02:00
2,2,1,1,0,0,2020-10-21 17:02:48+02:00
1,1,1,1,0,0,2020-10-21 17:15:01+02:00
0,1,0,0,0,0,2021-01-12 18:05:34+01:00
4,7,1,2,0,0,2021-03-12 14:32:21+01:00
3,6,1,2,0,0,2021-03-12 14:34:44+01:00
0,0,0,0,0,0,2021-03-12 14:35:26+01:00
0,1,0,0,0,0,2021-03-12 17:39:58+01:00
0,0,0,0,0,0,2021-03-12 17:55:48+01:00
2,4,0,0,0,0,2021-10-26 13:16:45+02:00
0,0,0,0,0,0,2021-10-26 13:18:05+02:00
0,0,0,0,0,0,2021-10-26 13:50:38+02:00
1,2,0,0,0,0,2021-10-27 13:48:11+02:00
0,2,0,0,0,0,2021-11-03 11:02:29+01:00
4,5,1,0,0,0,2022-02-16 14:34:31+01:00
0,0,0,0,0,0,2022-02-22 14:17:50+01:00
0,0,0,0,0,0,2022-03-14 12:51:08+01:00
0,0,0,0,0,0,2022-03-14 12:52:48+01:00
0,0,0,0,0,0,2022-03-14 12:58:40+01:00
