Acquisition,Preparation,Modeling,Training,Evaluation,Prediction,time
0,0,0,0,0,0,2021-02-10 23:29:53+01:00
0,0,0,0,0,0,2021-02-10 23:30:29+01:00
2,18,19,3,3,1,2021-02-10 23:41:21+01:00
0,4,1,4,4,0,2021-02-11 01:04:22+01:00
0,0,0,0,0,0,2021-02-11 17:40:53+01:00
0,0,0,0,0,0,2021-02-11 17:42:32+01:00
1,4,2,4,4,0,2021-02-12 00:42:35+01:00
1,1,1,1,1,0,2021-02-12 14:48:45+01:00
2,2,1,1,1,0,2021-02-12 17:12:34+01:00
1,1,1,1,1,0,2021-02-12 18:53:59+01:00
1,1,1,1,1,0,2021-02-12 19:00:17+01:00
1,1,1,1,1,0,2021-02-12 19:05:01+01:00
1,1,1,1,1,0,2021-02-12 23:47:59+01:00
1,2,2,2,2,0,2021-02-13 01:13:33+01:00
2,3,2,2,2,0,2021-02-13 01:52:38+01:00
2,2,1,1,1,0,2021-02-13 13:28:35+01:00
1,1,1,1,1,0,2021-02-13 13:33:18+01:00
1,1,1,1,1,0,2021-02-13 13:35:44+01:00
1,1,1,1,1,0,2021-02-13 13:42:50+01:00
1,1,1,1,1,0,2021-02-13 13:44:58+01:00
3,3,1,1,1,0,2021-02-13 16:07:11+01:00
1,1,1,1,1,0,2021-02-13 16:10:02+01:00
3,4,2,2,2,0,2021-02-14 02:23:15+01:00
3,5,3,2,2,0,2021-02-14 02:39:35+01:00
3,3,1,1,1,0,2021-02-14 13:20:16+01:00
1,1,1,1,1,0,2021-02-14 13:24:29+01:00
1,1,1,1,1,0,2021-02-14 13:27:04+01:00
3,3,1,1,1,0,2021-02-14 15:46:08+01:00
3,3,1,1,1,0,2021-02-14 17:13:26+01:00
3,2,1,1,1,0,2021-02-14 18:23:37+01:00
3,3,3,2,2,0,2021-02-15 00:48:11+01:00
3,3,1,1,1,0,2021-02-15 02:27:36+01:00
2,3,2,2,2,0,2021-02-15 17:24:07+01:00
1,1,1,1,1,0,2021-02-16 02:51:56+01:00
1,2,1,1,1,0,2021-02-16 03:48:47+01:00
1,1,1,1,1,0,2021-02-16 04:04:27+01:00
1,1,1,1,1,0,2021-02-16 04:13:09+01:00
2,2,1,1,1,0,2021-02-16 04:24:08+01:00
1,1,1,1,1,0,2021-02-16 04:41:43+01:00
2,4,2,3,3,0,2021-02-17 02:50:08+01:00
1,3,2,1,1,1,2021-02-17 03:07:37+01:00
1,2,2,1,1,0,2021-02-17 03:23:28+01:00
0,1,0,0,0,1,2021-02-17 03:26:30+01:00
1,1,1,1,1,0,2021-02-17 03:40:09+01:00
0,1,1,0,0,0,2021-02-17 03:49:16+01:00
1,1,1,1,1,0,2021-02-17 03:53:00+01:00
1,1,1,1,1,0,2021-02-17 04:05:52+01:00
1,1,1,1,1,0,2021-02-17 13:25:18+01:00
1,1,1,1,1,0,2021-02-17 13:37:07+01:00
1,1,1,1,1,0,2021-02-17 14:18:35+01:00
2,2,2,2,2,0,2021-02-17 18:58:12+01:00
1,1,1,1,1,0,2021-02-17 21:40:29+01:00
1,1,1,1,1,0,2021-02-17 21:57:20+01:00
1,3,2,1,1,1,2021-02-18 00:03:19+01:00
1,1,1,1,1,0,2021-02-18 00:09:13+01:00
1,1,1,1,1,0,2021-02-18 00:56:49+01:00
2,2,2,2,2,0,2021-02-18 13:00:34+01:00
2,5,4,2,2,0,2021-02-18 18:24:02+01:00
0,1,0,0,0,0,2021-02-19 01:19:15+01:00
1,3,3,1,1,0,2021-02-19 02:16:10+01:00
1,3,2,0,1,0,2021-02-19 15:04:38+01:00
2,2,2,2,2,0,2021-02-19 15:07:42+01:00
1,1,1,1,1,0,2021-02-19 15:33:51+01:00
2,2,1,1,1,0,2021-02-19 15:55:14+01:00
1,1,0,0,0,0,2021-02-19 15:57:18+01:00
1,2,1,1,1,0,2021-02-19 20:04:52+01:00
1,1,1,1,1,0,2021-02-20 01:43:19+01:00
2,1,1,1,1,0,2021-02-20 03:25:43+01:00
1,1,1,1,1,0,2021-02-20 03:28:57+01:00
2,2,0,0,0,0,2021-02-20 16:58:58+01:00
4,5,3,3,3,0,2021-02-20 18:20:23+01:00
3,4,2,2,2,0,2021-02-20 22:52:50+01:00
0,0,0,0,0,0,2021-02-20 23:52:31+01:00
0,0,0,0,0,0,2021-02-20 23:53:05+01:00
1,2,1,0,0,0,2021-02-20 23:58:28+01:00
1,1,1,1,1,0,2021-02-21 00:04:45+01:00
1,1,2,1,2,0,2021-02-21 00:13:16+01:00
1,1,0,0,0,0,2021-02-21 00:24:29+01:00
1,1,1,1,1,0,2021-02-21 00:26:23+01:00
1,1,1,1,1,0,2021-02-21 00:43:48+01:00
3,3,3,3,3,0,2021-02-21 01:15:37+01:00
1,1,1,0,1,0,2021-02-21 01:30:26+01:00
2,2,2,1,2,0,2021-02-21 18:23:23+01:00
2,2,1,0,1,0,2021-02-21 19:01:11+01:00
1,1,0,0,0,0,2021-02-21 20:10:13+01:00
2,2,0,0,0,0,2021-02-21 21:10:42+01:00
1,1,0,0,0,0,2021-02-21 21:27:34+01:00
2,2,1,1,1,0,2021-02-21 21:28:53+01:00
1,1,1,1,1,0,2021-02-21 22:01:32+01:00
1,1,1,1,1,0,2021-02-21 22:03:28+01:00
1,1,1,1,1,0,2021-02-21 22:07:55+01:00
1,1,1,1,1,0,2021-02-21 22:11:41+01:00
1,1,1,1,1,0,2021-02-21 23:42:34+01:00
1,1,1,1,1,0,2021-02-21 23:46:24+01:00
1,1,1,1,1,0,2021-02-21 23:49:25+01:00
1,1,1,1,1,0,2021-02-22 00:07:31+01:00
1,1,1,1,1,0,2021-02-22 00:34:29+01:00
1,1,1,1,1,0,2021-02-22 00:37:17+01:00
1,1,1,1,1,0,2021-02-22 01:07:50+01:00
1,1,1,1,1,0,2021-02-22 01:12:37+01:00
1,1,0,0,0,0,2021-02-22 01:43:14+01:00
2,2,0,0,0,0,2021-02-22 01:47:10+01:00
2,2,1,1,1,0,2021-02-22 11:16:54+01:00
2,2,1,1,1,0,2021-02-22 11:19:26+01:00
1,1,1,1,1,0,2021-02-22 11:21:01+01:00
1,1,1,1,1,0,2021-02-22 11:25:56+01:00
1,1,1,1,1,0,2021-02-22 11:59:08+01:00
1,1,1,1,1,0,2021-02-22 12:56:30+01:00
1,1,1,1,1,0,2021-02-22 13:04:20+01:00
1,1,1,1,1,0,2021-02-22 13:05:50+01:00
0,1,1,0,0,0,2021-02-22 18:15:03+01:00
2,2,2,2,2,0,2021-02-22 18:34:36+01:00
2,3,1,1,1,0,2021-02-22 19:31:57+01:00
1,1,0,0,0,0,2021-02-22 19:36:49+01:00
1,1,0,0,0,0,2021-02-22 19:40:05+01:00
1,1,0,1,1,0,2021-02-22 19:41:14+01:00
1,1,0,0,0,0,2021-02-22 19:42:13+01:00
2,2,0,1,1,0,2021-02-22 19:43:50+01:00
3,3,0,2,2,0,2021-02-23 15:23:57+01:00
1,1,0,1,1,0,2021-02-23 15:24:33+01:00
0,0,0,0,0,0,2021-02-23 15:31:47+01:00
0,0,0,0,0,0,2021-02-23 16:01:07+01:00
1,1,0,1,1,0,2021-02-23 16:23:05+01:00
1,1,0,1,1,0,2021-02-23 16:24:13+01:00
1,1,0,1,1,0,2021-02-23 16:31:25+01:00
1,1,0,0,0,0,2021-02-23 16:44:44+01:00
1,1,0,1,1,0,2021-02-23 16:50:15+01:00
2,2,0,2,2,0,2021-02-23 17:30:31+01:00
2,2,0,2,2,0,2021-02-23 17:34:03+01:00
1,2,1,1,1,0,2021-02-23 18:13:14+01:00
2,2,0,1,1,0,2021-02-23 19:38:41+01:00
1,1,0,1,1,0,2021-02-23 19:44:39+01:00
1,1,0,0,0,0,2021-02-24 12:23:27+01:00
1,1,0,0,0,0,2021-02-24 12:28:39+01:00
2,2,0,1,1,0,2021-02-24 13:03:57+01:00
1,1,0,1,1,0,2021-02-24 13:21:23+01:00
1,1,0,1,1,0,2021-02-24 14:07:25+01:00
1,1,0,1,1,0,2021-02-24 14:15:34+01:00
1,1,0,1,1,0,2021-02-24 14:44:51+01:00
1,1,0,1,1,0,2021-02-24 15:19:10+01:00
2,2,0,2,2,0,2021-02-24 15:24:45+01:00
1,1,1,1,1,0,2021-02-24 16:10:47+01:00
2,3,2,2,2,0,2021-02-24 18:06:11+01:00
1,5,1,0,0,1,2021-02-24 18:43:48+01:00
1,4,0,1,1,0,2021-02-24 22:33:12+01:00
1,3,0,0,0,0,2021-02-24 23:55:26+01:00
2,3,2,2,2,0,2021-02-25 13:29:51+01:00
1,1,0,1,1,0,2021-02-25 13:33:34+01:00
2,3,1,1,1,1,2021-02-25 18:21:50+01:00
0,0,0,0,0,0,2021-02-26 02:16:15+01:00
2,4,0,1,1,0,2021-02-26 02:59:46+01:00
0,0,0,0,0,0,2021-02-26 02:59:54+01:00
0,0,0,0,0,0,2021-02-26 03:01:33+01:00
2,4,3,1,1,1,2021-02-26 16:26:34+01:00
2,2,0,1,1,0,2021-02-26 16:35:00+01:00
0,1,1,0,0,1,2021-02-26 18:20:33+01:00
0,1,1,0,1,0,2021-02-26 20:29:33+01:00
0,1,1,0,1,0,2021-02-26 21:41:44+01:00
0,1,1,0,0,0,2021-02-28 00:03:13+01:00
1,1,0,0,0,0,2021-02-28 02:36:50+01:00
2,2,0,1,1,0,2021-03-01 12:25:59+01:00
2,2,0,1,1,0,2021-03-01 12:38:13+01:00
1,1,0,1,1,0,2021-03-01 12:38:25+01:00
1,1,0,0,0,0,2021-03-01 12:57:07+01:00
2,2,0,1,1,0,2021-03-01 13:19:46+01:00
1,1,0,0,0,0,2021-03-01 13:23:36+01:00
5,5,1,3,3,0,2021-03-01 15:58:42+01:00
4,4,1,3,3,0,2021-03-01 17:02:02+01:00
2,2,0,1,1,0,2021-03-01 17:29:54+01:00
1,1,0,1,1,0,2021-03-01 17:53:07+01:00
0,0,0,0,0,0,2021-03-01 17:56:43+01:00
3,3,0,1,1,0,2021-03-01 23:00:28+01:00
2,2,0,1,1,0,2021-03-01 23:17:37+01:00
1,1,0,1,1,0,2021-03-01 23:34:27+01:00
1,1,0,0,0,0,2021-03-02 11:49:11+01:00
1,1,0,0,0,0,2021-03-02 11:52:31+01:00
1,1,0,0,0,0,2021-03-02 11:54:06+01:00
1,1,0,0,0,0,2021-03-02 11:59:09+01:00
1,3,2,1,1,1,2021-03-02 13:57:39+01:00
1,1,0,1,1,0,2021-03-02 13:59:00+01:00
3,4,1,2,2,1,2021-03-02 17:38:56+01:00
1,1,0,1,1,0,2021-03-02 17:46:26+01:00
0,1,1,0,0,1,2021-03-02 23:44:24+01:00
0,0,0,0,0,0,2021-03-02 23:44:35+01:00
1,1,0,1,1,0,2021-03-03 12:31:43+01:00
4,4,0,2,2,0,2021-03-03 12:43:18+01:00
2,2,0,2,2,0,2021-03-03 12:58:27+01:00
1,1,0,1,1,0,2021-03-03 12:59:30+01:00
2,2,0,1,1,0,2021-03-03 13:26:23+01:00
2,1,0,1,1,0,2021-03-03 15:01:33+01:00
2,7,9,0,1,1,2021-03-03 20:40:39+01:00
1,1,0,0,0,0,2021-03-03 20:45:06+01:00
9,9,1,5,5,0,2021-03-03 21:08:18+01:00
0,3,3,0,1,1,2021-03-03 22:31:36+01:00
5,6,1,1,1,1,2021-03-04 00:20:01+01:00
0,1,0,0,0,0,2021-03-04 00:34:15+01:00
3,3,0,2,2,0,2021-03-04 00:53:04+01:00
1,1,0,0,0,0,2021-03-04 13:26:51+01:00
7,7,0,0,0,0,2021-03-04 14:18:26+01:00
0,0,0,0,0,0,2021-03-04 14:20:16+01:00
0,2,1,0,1,0,2021-03-04 17:59:01+01:00
0,1,1,0,0,1,2021-03-04 18:09:20+01:00
6,6,0,2,2,0,2021-03-04 23:41:01+01:00
0,2,1,0,1,0,2021-03-05 10:49:34+01:00
0,1,1,0,1,0,2021-03-05 10:51:22+01:00
2,4,2,0,2,0,2021-03-05 11:21:03+01:00
1,1,0,0,0,0,2021-03-05 11:30:06+01:00
2,3,0,2,2,0,2021-03-05 12:21:22+01:00
1,0,0,0,0,0,2021-03-05 13:32:11+01:00
1,1,0,1,1,0,2021-03-05 13:32:28+01:00
2,1,0,1,1,0,2021-03-05 16:02:42+01:00
5,6,1,1,1,1,2021-03-08 01:29:10+01:00
2,2,1,2,2,1,2021-03-08 01:47:46+01:00
3,3,0,1,1,0,2021-03-08 01:53:45+01:00
1,1,0,1,1,0,2021-03-08 01:59:41+01:00
1,1,0,1,1,0,2021-03-08 02:11:18+01:00
3,3,0,1,1,0,2021-03-08 02:17:20+01:00
3,3,0,1,1,0,2021-03-08 02:29:56+01:00
6,8,3,1,3,1,2021-03-08 14:37:28+01:00
1,1,0,0,0,0,2021-03-08 14:50:33+01:00
2,2,0,0,0,0,2021-03-08 15:34:40+01:00
1,1,0,0,0,0,2021-03-08 16:01:32+01:00
6,9,3,1,3,1,2021-03-08 16:48:01+01:00
2,2,0,2,2,0,2021-03-08 18:13:53+01:00
2,2,0,2,2,0,2021-03-08 18:17:45+01:00
3,3,0,1,1,0,2021-03-08 18:25:09+01:00
2,1,0,1,1,0,2021-03-08 18:39:47+01:00
3,9,5,2,5,1,2021-03-09 14:29:02+01:00
2,2,0,0,2,0,2021-03-09 16:42:03+01:00
3,5,2,1,1,1,2021-03-09 18:36:22+01:00
3,3,0,0,0,0,2021-03-09 20:08:41+01:00
5,5,0,0,1,0,2021-03-09 22:17:02+01:00
1,1,0,0,0,0,2021-03-09 22:58:02+01:00
0,0,0,0,0,0,2021-03-09 23:16:46+01:00
1,1,0,0,0,0,2021-03-09 23:18:40+01:00
3,3,0,0,2,0,2021-03-09 23:24:56+01:00
2,2,0,0,0,0,2021-03-09 23:29:54+01:00
2,2,0,0,2,0,2021-03-09 23:33:29+01:00
1,1,0,0,1,0,2021-03-09 23:41:11+01:00
1,1,0,0,0,0,2021-03-09 23:46:45+01:00
2,2,0,0,1,0,2021-03-09 23:48:02+01:00
2,2,0,1,2,0,2021-03-10 00:13:31+01:00
4,4,0,1,1,0,2021-03-10 00:54:13+01:00
2,2,0,0,0,0,2021-03-10 00:59:58+01:00
3,3,0,1,1,0,2021-03-10 01:06:07+01:00
1,1,0,1,1,0,2021-03-10 01:17:50+01:00
2,2,0,1,1,0,2021-03-10 13:47:23+01:00
1,1,0,0,0,0,2021-03-10 14:33:46+01:00
4,5,2,1,2,0,2021-03-10 15:17:59+01:00
1,1,0,0,0,0,2021-03-10 15:47:46+01:00
2,2,0,0,0,0,2021-03-10 16:29:17+01:00
3,3,0,0,0,0,2021-03-10 16:39:09+01:00
1,1,0,0,0,0,2021-03-10 16:54:21+01:00
1,1,0,0,0,0,2021-03-10 17:08:35+01:00
1,1,0,0,0,0,2021-03-10 17:09:10+01:00
3,4,0,0,0,0,2021-03-10 19:41:55+01:00
1,1,0,0,0,0,2021-03-10 20:13:59+01:00
4,4,0,0,0,0,2021-03-10 21:53:34+01:00
2,2,0,1,1,0,2021-03-10 23:46:53+01:00
1,1,0,1,1,0,2021-03-10 23:50:49+01:00
1,1,0,0,0,0,2021-03-11 12:50:40+01:00
3,3,0,3,3,0,2021-03-11 13:14:50+01:00
3,3,0,3,3,0,2021-03-11 14:41:52+01:00
2,2,0,0,0,0,2021-03-11 15:54:53+01:00
2,2,0,1,1,0,2021-03-11 16:01:49+01:00
1,1,0,0,0,0,2021-03-11 16:08:16+01:00
1,1,0,0,0,0,2021-03-11 17:15:29+01:00
1,1,0,1,1,0,2021-03-11 18:15:49+01:00
3,4,0,0,0,0,2021-03-11 19:12:09+01:00
0,2,2,1,1,1,2021-03-11 21:23:18+01:00
1,3,0,0,0,0,2021-03-11 23:17:27+01:00
1,2,0,0,0,0,2021-03-11 23:56:50+01:00
1,1,0,1,1,1,2021-03-12 13:04:26+01:00
0,0,0,0,0,0,2021-03-12 15:25:35+01:00
1,1,0,0,0,0,2021-03-12 16:11:34+01:00
0,0,0,0,0,0,2021-03-12 16:11:48+01:00
3,3,0,0,1,0,2021-03-12 16:55:52+01:00
11,22,6,1,3,1,2021-03-12 17:22:42+01:00
1,1,0,0,0,0,2021-03-12 17:28:38+01:00
3,3,0,0,2,0,2021-03-12 18:47:56+01:00
0,1,0,0,0,0,2021-03-12 18:51:19+01:00
1,1,0,1,1,1,2021-03-12 21:52:23+01:00
0,3,0,0,0,0,2021-03-12 22:44:05+01:00
1,1,0,1,1,1,2021-03-12 23:04:32+01:00
0,1,0,0,0,0,2021-03-12 23:06:24+01:00
1,1,0,1,1,1,2021-03-13 00:20:54+01:00
0,1,0,0,0,0,2021-03-13 00:25:06+01:00
1,1,0,1,1,1,2021-03-13 01:28:40+01:00
2,2,0,0,0,0,2021-03-13 20:28:18+01:00
0,1,0,0,0,0,2021-03-13 20:53:02+01:00
0,1,0,0,0,0,2021-03-13 22:06:53+01:00
0,1,0,0,0,0,2021-03-13 22:07:06+01:00
0,1,0,0,0,0,2021-03-13 22:12:13+01:00
1,3,1,1,1,1,2021-03-14 01:01:23+01:00
2,3,0,0,0,0,2021-03-14 16:09:34+01:00
2,8,0,0,1,0,2021-03-14 16:23:23+01:00
0,0,0,0,0,0,2021-03-14 16:26:09+01:00
0,1,0,0,0,0,2021-03-14 16:38:56+01:00
0,1,0,0,0,0,2021-03-14 16:48:54+01:00
0,1,0,0,0,0,2021-03-14 17:44:38+01:00
0,3,1,1,1,1,2021-03-14 19:23:15+01:00
0,1,1,1,1,1,2021-03-14 19:30:51+01:00
3,4,1,4,4,2,2021-03-15 00:11:01+01:00
1,1,0,0,0,0,2021-03-15 01:00:02+01:00
1,1,0,1,1,1,2021-03-15 01:06:08+01:00
1,1,0,1,1,0,2021-03-15 01:07:48+01:00
0,1,1,0,0,0,2021-03-15 01:08:59+01:00
1,1,0,1,1,1,2021-03-15 11:02:10+01:00
1,1,1,1,1,1,2021-03-15 11:38:50+01:00
2,7,2,2,3,0,2021-03-15 12:25:22+01:00
1,1,1,1,1,1,2021-03-15 12:30:01+01:00
1,1,1,1,1,1,2021-03-15 12:42:05+01:00
1,1,1,1,1,0,2021-03-15 13:27:20+01:00
3,6,0,1,3,0,2021-03-16 01:41:32+01:00
1,5,1,2,2,1,2021-03-16 02:20:03+01:00
0,2,2,0,0,0,2021-03-16 02:42:40+01:00
1,3,1,1,1,2,2021-03-16 13:37:14+01:00
3,10,5,2,4,3,2021-03-16 18:16:11+01:00
0,1,0,0,0,0,2021-03-16 18:20:29+01:00
1,3,1,1,1,1,2021-03-17 00:27:58+01:00
2,5,3,2,3,2,2021-03-17 13:28:33+01:00
2,5,2,2,2,3,2021-03-17 16:23:51+01:00
1,3,0,0,0,0,2021-03-17 18:19:38+01:00
2,5,1,1,2,0,2021-03-17 19:40:25+01:00
2,4,1,2,2,1,2021-03-17 21:49:07+01:00
3,5,2,2,2,3,2021-03-18 12:42:22+01:00
3,4,3,2,3,1,2021-03-18 13:42:34+01:00
1,6,0,0,0,0,2021-03-18 13:53:55+01:00
2,2,2,2,2,2,2021-03-18 17:14:11+01:00
3,5,3,2,3,1,2021-03-18 21:31:37+01:00
2,2,1,0,0,0,2021-03-18 23:01:11+01:00
2,2,0,1,1,1,2021-03-18 23:17:25+01:00
0,1,0,0,0,0,2021-03-18 23:28:19+01:00
2,3,0,1,1,1,2021-03-19 12:33:40+01:00
2,3,0,2,2,1,2021-03-19 14:46:44+01:00
1,1,0,1,1,1,2021-03-19 17:04:01+01:00
0,1,0,0,0,0,2021-03-19 17:52:50+01:00
0,1,0,0,0,0,2021-03-19 17:57:31+01:00
2,2,1,1,1,0,2021-03-19 20:10:26+01:00
1,2,1,1,1,1,2021-03-19 23:14:34+01:00
0,1,0,0,0,0,2021-03-20 00:39:23+01:00
1,2,1,1,1,1,2021-03-20 00:57:25+01:00
2,2,2,2,2,2,2021-03-20 01:05:13+01:00
0,1,0,0,0,0,2021-03-20 01:10:15+01:00
1,1,1,1,1,1,2021-03-20 02:22:55+01:00
1,1,1,1,1,1,2021-03-20 13:00:46+01:00
1,1,1,1,1,1,2021-03-20 13:02:29+01:00
2,3,2,2,2,2,2021-03-20 13:08:22+01:00
1,5,2,2,1,0,2021-03-20 16:16:06+01:00
0,4,0,0,0,0,2021-03-20 16:17:54+01:00
0,0,0,0,0,0,2021-03-20 16:24:50+01:00
0,0,0,0,0,0,2021-03-20 16:28:54+01:00
2,4,3,2,3,2,2021-03-20 17:59:20+01:00
5,15,7,4,5,3,2021-03-20 21:53:28+01:00
6,9,7,5,8,3,2021-03-20 21:58:56+01:00
2,2,1,1,1,1,2021-03-20 22:32:59+01:00
0,0,0,0,0,0,2021-03-20 22:35:15+01:00
0,0,0,0,0,0,2021-03-21 00:13:27+01:00
0,0,0,0,0,0,2021-03-21 00:20:37+01:00
0,4,0,0,0,0,2021-03-21 13:29:27+01:00
0,0,0,0,0,0,2021-03-21 13:29:44+01:00
1,3,2,0,2,0,2021-03-21 15:30:57+01:00
0,1,1,0,1,0,2021-03-21 15:33:06+01:00
2,2,0,0,0,0,2021-03-21 19:18:52+01:00
1,1,1,1,1,1,2021-03-21 19:30:42+01:00
1,5,1,1,1,1,2021-03-21 19:35:40+01:00
1,2,0,0,0,0,2021-03-21 19:48:29+01:00
0,0,0,0,0,0,2021-03-21 19:49:38+01:00
1,4,1,0,1,0,2021-03-21 20:17:06+01:00
1,1,0,0,0,0,2021-03-21 20:25:33+01:00
1,1,0,0,0,0,2021-03-21 20:31:29+01:00
0,1,0,0,0,0,2021-03-21 20:47:33+01:00
1,2,0,0,0,0,2021-03-21 21:11:42+01:00
1,1,0,0,1,0,2021-03-21 22:19:36+01:00
0,1,1,1,0,0,2021-03-21 22:37:59+01:00
0,3,1,1,0,0,2021-03-21 23:40:19+01:00
2,6,2,2,2,1,2021-03-21 23:47:36+01:00
1,3,0,0,1,0,2021-03-22 00:11:00+01:00
1,1,0,0,0,0,2021-03-22 00:16:46+01:00
1,3,0,0,0,0,2021-03-22 01:11:11+01:00
0,2,0,0,0,0,2021-03-22 01:19:57+01:00
0,2,0,0,0,0,2021-03-22 01:26:08+01:00
0,2,0,0,0,0,2021-03-22 01:39:45+01:00
1,4,0,0,1,1,2021-03-22 01:47:37+01:00
1,4,0,0,1,0,2021-03-22 02:06:46+01:00
1,4,0,0,1,0,2021-03-22 02:18:21+01:00
1,1,0,0,1,0,2021-03-22 02:18:46+01:00
0,1,0,0,0,0,2021-03-22 10:53:17+01:00
3,4,1,1,2,1,2021-03-22 11:50:02+01:00
1,2,1,1,1,1,2021-03-22 12:03:59+01:00
1,4,0,0,0,0,2021-03-22 12:33:28+01:00
1,9,1,1,1,1,2021-03-22 13:05:00+01:00
0,1,0,0,0,0,2021-03-22 13:35:52+01:00
1,1,1,1,1,1,2021-03-22 13:38:32+01:00
1,2,1,1,1,1,2021-03-22 14:48:53+01:00
0,2,0,0,0,0,2021-03-22 15:01:43+01:00
1,2,0,0,1,0,2021-03-22 15:15:57+01:00
1,1,1,1,1,1,2021-03-22 15:21:47+01:00
1,1,1,1,1,1,2021-03-22 15:27:29+01:00
0,1,0,0,0,0,2021-03-22 15:56:38+01:00
0,1,0,0,0,0,2021-03-22 16:11:51+01:00
0,1,0,0,0,0,2021-03-22 16:24:55+01:00
1,2,0,0,0,0,2021-03-22 17:01:57+01:00
0,1,0,0,0,0,2021-03-22 17:51:11+01:00
2,4,1,1,1,1,2021-03-22 22:38:21+01:00
0,1,0,0,0,0,2021-03-22 22:52:19+01:00
1,3,1,1,1,1,2021-03-22 23:09:50+01:00
1,1,0,0,1,0,2021-03-22 23:17:01+01:00
1,2,0,0,1,0,2021-03-22 23:33:18+01:00
3,6,2,2,3,1,2021-03-22 23:59:33+01:00
0,1,0,0,0,0,2021-03-23 00:02:37+01:00
2,2,2,2,2,1,2021-03-23 00:46:47+01:00
0,2,0,0,0,0,2021-03-23 00:47:53+01:00
0,1,0,0,0,0,2021-03-23 00:48:19+01:00
2,2,2,2,2,1,2021-03-23 00:51:02+01:00
0,2,0,0,0,0,2021-03-23 01:17:26+01:00
0,2,0,0,0,0,2021-03-23 12:20:37+01:00
5,14,5,3,4,2,2021-03-23 15:40:04+01:00
3,8,0,0,2,0,2021-03-23 16:17:14+01:00
1,3,1,1,1,1,2021-03-23 16:20:10+01:00
0,2,0,0,0,0,2021-03-23 18:13:25+01:00
2,2,0,0,1,0,2021-03-23 19:25:11+01:00
4,10,0,0,2,0,2021-03-23 19:35:49+01:00
0,1,0,0,0,0,2021-03-23 19:39:14+01:00
3,4,2,2,2,2,2021-03-24 11:50:16+01:00
0,1,0,0,0,0,2021-03-24 12:26:56+01:00
1,2,0,1,1,0,2021-03-24 12:31:14+01:00
1,2,0,0,0,0,2021-03-24 13:24:14+01:00
2,9,3,2,3,1,2021-03-24 14:12:12+01:00
2,2,2,2,2,2,2021-03-24 14:31:45+01:00
2,4,2,1,2,1,2021-03-24 16:57:02+01:00
0,1,0,0,0,0,2021-03-24 22:28:19+01:00
0,1,0,0,0,0,2021-03-24 23:50:47+01:00
1,2,1,1,1,1,2021-03-25 01:22:06+01:00
1,2,1,1,1,1,2021-03-25 07:56:53+01:00
2,4,2,0,1,0,2021-03-25 15:48:27+01:00
2,4,2,1,1,1,2021-03-25 18:07:32+01:00
0,2,0,0,0,0,2021-03-25 18:11:14+01:00
3,12,4,2,2,1,2021-03-25 22:49:54+01:00
1,5,2,1,2,0,2021-03-25 22:51:16+01:00
0,1,0,0,0,0,2021-03-25 22:52:10+01:00
1,3,0,0,0,0,2021-03-26 00:29:50+01:00
4,5,3,1,3,1,2021-03-26 13:37:49+01:00
0,2,0,0,0,0,2021-03-26 13:56:14+01:00
3,4,2,1,1,1,2021-03-26 17:29:01+01:00
1,1,1,1,1,1,2021-03-26 17:36:38+01:00
0,1,0,0,0,0,2021-03-26 18:02:15+01:00
2,7,3,2,3,1,2021-03-26 20:52:08+01:00
2,4,2,1,2,1,2021-03-27 13:50:13+01:00
0,1,0,0,0,0,2021-03-27 13:51:14+01:00
2,7,3,2,3,1,2021-03-27 22:10:27+01:00
0,0,0,0,0,0,2021-03-28 00:05:13+01:00
1,1,0,0,0,0,2021-03-28 01:02:17+01:00
0,0,0,0,0,0,2021-03-28 01:02:29+01:00
1,1,0,0,0,0,2021-03-28 01:04:50+01:00
1,2,1,0,1,0,2021-03-28 18:25:02+02:00
0,1,1,0,1,0,2021-03-28 18:31:22+02:00
0,2,0,0,0,0,2021-03-28 19:17:36+02:00
0,1,0,0,1,0,2021-03-28 22:02:28+02:00
0,1,0,0,1,0,2021-03-28 22:21:22+02:00
0,1,0,0,1,0,2021-03-28 22:45:08+02:00
0,1,0,0,0,0,2021-03-28 22:55:26+02:00
0,2,1,0,1,0,2021-03-28 23:26:52+02:00
1,4,0,0,1,0,2021-03-29 13:57:07+02:00
0,2,0,0,1,0,2021-03-29 14:34:06+02:00
1,2,0,0,0,0,2021-03-29 14:40:26+02:00
1,1,0,0,0,0,2021-03-29 15:14:27+02:00
1,1,0,0,0,0,2021-03-29 15:19:42+02:00
1,1,0,0,0,0,2021-03-29 15:22:40+02:00
2,3,0,0,1,0,2021-03-29 17:04:21+02:00
1,2,1,0,1,0,2021-03-29 19:20:06+02:00
0,1,0,0,1,0,2021-03-29 23:47:27+02:00
2,4,1,0,0,0,2021-03-30 12:03:09+02:00
1,1,0,0,0,0,2021-03-30 12:14:09+02:00
0,2,0,0,1,0,2021-03-30 12:39:56+02:00
2,4,0,0,2,0,2021-03-30 12:59:51+02:00
0,2,0,0,0,0,2021-03-30 13:34:17+02:00
0,1,1,1,1,0,2021-03-30 15:48:34+02:00
2,2,0,0,1,0,2021-03-31 11:46:23+02:00
1,1,0,0,0,0,2021-03-31 11:55:34+02:00
1,1,0,0,1,0,2021-03-31 11:58:11+02:00
1,1,0,0,0,0,2021-03-31 12:01:19+02:00
1,1,1,0,1,0,2021-03-31 12:06:57+02:00
2,4,0,0,1,0,2021-03-31 15:04:20+02:00
0,1,0,0,0,0,2021-03-31 18:22:12+02:00
6,6,6,3,5,1,2021-03-31 18:26:56+02:00
3,3,3,0,2,0,2021-03-31 18:27:57+02:00
0,1,0,0,0,0,2021-03-31 18:35:32+02:00
2,5,1,0,1,0,2021-04-01 18:31:54+02:00
2,3,3,1,2,0,2021-04-01 19:40:40+02:00
1,1,1,0,0,0,2021-04-01 19:45:51+02:00
1,1,1,0,0,0,2021-04-01 19:46:23+02:00
1,3,1,0,1,0,2021-04-01 20:04:52+02:00
0,4,1,1,0,0,2021-04-01 20:27:02+02:00
0,1,0,0,0,0,2021-04-01 20:27:30+02:00
1,2,2,0,1,0,2021-04-01 20:41:17+02:00
0,1,1,1,0,0,2021-04-01 20:50:23+02:00
0,0,0,0,0,0,2021-04-01 21:51:34+02:00
0,1,1,1,0,0,2021-04-02 00:59:47+02:00
0,1,1,1,0,0,2021-04-02 01:45:04+02:00
0,3,4,1,4,0,2021-04-02 14:08:47+02:00
1,2,3,1,0,0,2021-04-02 20:28:34+02:00
0,1,1,0,0,0,2021-04-02 22:57:15+02:00
0,3,2,1,0,0,2021-04-02 23:09:27+02:00
3,13,4,4,3,1,2021-04-02 23:29:42+02:00
4,4,3,3,3,1,2021-04-03 00:38:58+02:00
1,2,1,0,1,1,2021-04-03 00:53:03+02:00
2,2,1,0,1,0,2021-04-03 00:58:21+02:00
2,3,1,0,1,0,2021-04-03 11:46:33+02:00
1,2,0,0,0,0,2021-04-03 11:57:09+02:00
0,2,0,0,0,0,2021-04-03 12:00:02+02:00
1,2,1,1,1,0,2021-04-03 12:39:05+02:00
3,4,4,4,4,1,2021-04-03 12:59:25+02:00
0,1,0,0,0,0,2021-04-03 13:01:44+02:00
0,2,0,0,0,0,2021-04-03 13:11:03+02:00
2,3,2,0,2,0,2021-04-03 13:41:39+02:00
1,1,1,0,0,0,2021-04-03 13:46:24+02:00
1,3,1,0,1,0,2021-04-04 00:23:13+02:00
2,2,1,1,1,0,2021-04-04 01:28:49+02:00
1,1,1,1,1,0,2021-04-04 01:52:13+02:00
1,3,2,2,2,0,2021-04-04 02:21:50+02:00
2,2,1,1,1,0,2021-04-04 11:28:00+02:00
0,5,0,0,0,0,2021-04-04 11:36:16+02:00
0,20,6,3,8,0,2021-04-04 12:04:57+02:00
0,8,8,4,8,0,2021-04-04 14:26:00+02:00
0,1,0,0,0,0,2021-04-04 14:33:14+02:00
0,0,0,0,0,0,2021-04-04 14:36:56+02:00
1,1,1,0,0,0,2021-04-04 15:01:52+02:00
1,1,1,0,0,0,2021-04-04 15:06:49+02:00
1,3,2,0,1,0,2021-04-04 15:19:05+02:00
3,3,3,0,2,0,2021-04-04 15:43:35+02:00
2,12,9,5,10,0,2021-04-04 16:01:38+02:00
1,6,5,4,5,0,2021-04-04 16:30:11+02:00
1,1,1,0,0,0,2021-04-04 16:57:08+02:00
0,0,0,0,0,0,2021-04-04 22:05:51+02:00
2,8,2,2,2,1,2021-04-05 00:48:57+02:00
0,0,0,0,0,0,2021-04-05 00:49:08+02:00
1,4,1,1,1,0,2021-04-06 08:54:32+02:00
0,2,0,0,0,0,2021-04-06 09:28:25+02:00
2,4,2,2,3,1,2021-04-06 14:58:43+02:00
4,21,9,9,9,2,2021-04-06 15:06:07+02:00
0,1,0,0,0,0,2021-04-06 18:12:28+02:00
3,5,2,1,2,2,2021-04-06 19:12:49+02:00
0,1,0,0,0,0,2021-04-06 21:43:12+02:00
1,2,0,0,0,0,2021-04-07 18:51:59+02:00
0,0,0,0,0,0,2021-04-07 18:52:08+02:00
1,2,1,1,1,0,2021-04-07 18:58:27+02:00
0,1,0,0,0,0,2021-04-07 22:45:32+02:00
2,3,3,0,2,0,2021-04-08 14:48:20+02:00
10,51,35,9,18,3,2021-04-08 15:08:56+02:00
0,3,0,0,0,0,2021-04-08 15:13:24+02:00
0,12,0,0,0,0,2021-04-08 15:22:12+02:00
1,3,0,0,0,0,2021-04-08 15:49:36+02:00
1,11,8,4,8,0,2021-04-09 15:23:14+02:00
0,7,7,3,8,0,2021-04-09 15:51:10+02:00
1,4,1,1,1,0,2021-04-09 16:06:51+02:00
0,3,2,2,2,1,2021-04-09 17:12:37+02:00
0,2,2,2,2,1,2021-04-09 17:43:34+02:00
0,10,8,4,8,0,2021-04-10 13:18:12+02:00
2,9,0,0,0,0,2021-04-10 19:04:00+02:00
0,6,4,2,4,0,2021-04-10 19:10:00+02:00
0,3,0,0,0,0,2021-04-10 19:15:45+02:00
2,5,0,0,0,0,2021-04-10 22:44:25+02:00
0,4,2,1,2,0,2021-04-10 23:29:39+02:00
2,2,0,0,0,0,2021-04-11 00:04:47+02:00
0,3,0,0,0,0,2021-04-11 00:06:47+02:00
1,1,1,0,1,0,2021-04-11 00:08:37+02:00
0,2,0,0,0,0,2021-04-11 12:29:12+02:00
0,5,0,0,0,0,2021-04-11 22:22:13+02:00
2,16,14,8,14,1,2021-04-11 23:20:48+02:00
0,1,0,0,0,0,2021-04-12 14:49:06+02:00
2,20,2,2,2,1,2021-04-13 13:29:12+02:00
0,0,0,0,0,0,2021-04-13 13:48:04+02:00
0,0,0,0,0,0,2021-04-13 13:56:38+02:00
4,16,4,3,4,2,2021-04-13 14:50:22+02:00
0,1,2,0,0,0,2021-04-13 16:26:25+02:00
3,34,35,11,18,4,2021-04-13 19:29:20+02:00
4,19,19,3,10,2,2021-04-14 19:26:00+02:00
1,8,9,0,1,1,2021-04-14 19:36:57+02:00
1,1,1,0,1,0,2021-04-15 14:50:21+02:00
1,1,1,0,1,0,2021-04-15 16:48:27+02:00
0,5,0,0,0,0,2021-04-15 22:46:29+02:00
0,2,1,1,1,0,2021-04-16 02:29:14+02:00
0,1,0,0,0,0,2021-04-20 18:18:08+02:00
0,2,1,1,1,0,2021-04-21 00:57:39+02:00
0,14,13,7,13,0,2021-04-21 12:35:41+02:00
0,7,7,0,7,0,2021-04-21 12:48:02+02:00
6,25,20,4,21,2,2021-04-21 12:56:42+02:00
1,1,1,0,0,0,2021-04-21 13:09:17+02:00
3,4,3,2,2,1,2021-04-21 18:11:05+02:00
2,7,5,2,4,1,2021-04-27 16:20:19+02:00
0,0,0,0,0,0,2021-04-28 19:06:50+02:00
0,0,0,0,0,0,2021-04-28 19:11:50+02:00
1,13,12,0,12,0,2021-04-28 20:41:44+02:00
0,0,0,0,0,0,2021-04-28 20:41:55+02:00
1,2,1,1,1,1,2021-04-28 21:26:28+02:00
0,0,0,0,0,0,2021-05-04 14:57:37+02:00
0,0,0,0,0,0,2021-05-04 15:02:21+02:00
0,0,0,0,0,0,2021-05-04 16:23:33+02:00
0,0,0,0,0,0,2021-05-04 16:50:39+02:00
2,2,0,0,0,0,2021-05-04 17:27:18+02:00
0,2,1,1,1,1,2021-05-04 18:18:02+02:00
0,0,0,0,0,0,2021-05-04 18:25:14+02:00
0,17,17,2,17,1,2021-05-04 19:10:50+02:00
1,15,2,1,14,0,2021-05-04 19:57:33+02:00
0,1,0,0,1,0,2021-05-04 19:58:17+02:00
6,24,6,3,5,1,2021-05-05 00:15:08+02:00
1,1,1,0,1,0,2021-05-05 00:19:59+02:00
0,18,0,0,0,0,2021-05-05 00:49:01+02:00
0,0,0,0,0,0,2021-05-05 00:49:57+02:00
0,1,0,0,1,0,2021-05-05 14:07:49+02:00
0,0,0,0,0,0,2021-05-05 14:08:06+02:00
0,1,0,0,1,0,2021-05-05 14:14:04+02:00
0,1,0,0,1,0,2021-05-05 16:44:49+02:00
0,2,0,0,2,0,2021-05-05 16:59:16+02:00
0,0,0,0,0,0,2021-05-05 17:27:00+02:00
0,1,0,0,1,0,2021-05-05 18:12:56+02:00
1,7,1,0,0,0,2021-05-05 19:12:14+02:00
0,0,0,0,0,0,2021-05-05 19:50:58+02:00
0,12,0,0,0,0,2021-05-05 20:56:25+02:00
0,0,0,0,0,0,2021-05-05 22:59:04+02:00
0,0,0,0,0,0,2021-05-05 23:47:16+02:00
0,3,0,0,1,0,2021-05-05 23:54:43+02:00
0,0,0,0,0,0,2021-05-05 23:54:52+02:00
1,5,3,3,4,2,2021-05-06 00:28:41+02:00
0,1,0,0,0,1,2021-05-06 00:37:46+02:00
1,1,1,0,1,0,2021-05-06 00:45:51+02:00
1,1,1,0,1,0,2021-05-06 01:33:41+02:00
0,0,0,0,0,0,2021-05-06 01:39:09+02:00
0,1,0,0,1,0,2021-05-06 01:53:08+02:00
0,0,0,0,0,0,2021-05-06 01:53:17+02:00
0,0,0,0,0,0,2021-05-06 02:02:10+02:00
0,0,0,0,0,0,2021-05-06 02:03:25+02:00
0,0,0,0,0,0,2021-05-06 02:08:18+02:00
0,0,0,0,0,0,2021-05-06 02:08:49+02:00
0,0,0,0,0,0,2021-05-06 02:09:32+02:00
0,0,0,0,0,0,2021-05-06 18:09:12+02:00
0,0,0,0,0,0,2021-05-06 21:26:43+02:00
3,10,0,0,2,0,2021-05-07 20:54:11+02:00
0,0,0,0,0,0,2021-05-07 20:54:47+02:00
1,1,0,0,0,0,2021-05-07 21:07:05+02:00
4,36,5,2,20,1,2021-05-07 22:31:17+02:00
0,0,0,0,0,0,2021-05-07 22:34:52+02:00
0,0,0,0,0,0,2021-05-07 23:32:29+02:00
0,0,0,0,0,0,2021-05-07 23:41:57+02:00
0,1,0,0,0,0,2021-05-10 23:43:31+02:00
1,1,1,0,0,0,2021-05-12 13:25:44+02:00
0,0,0,0,0,0,2021-05-12 15:10:18+02:00
2,32,1,0,16,0,2021-05-13 00:11:03+02:00
0,0,0,0,0,0,2021-05-13 00:11:11+02:00
2,32,1,0,16,0,2021-05-13 01:29:06+02:00
1,31,0,0,16,0,2021-05-13 02:10:22+02:00
1,2,0,0,0,0,2021-05-16 14:56:06+02:00
2,2,2,0,2,0,2021-05-17 15:34:41+02:00
0,0,0,0,0,0,2021-05-17 15:37:42+02:00
1,1,0,0,0,0,2021-05-22 21:47:15+02:00
1,1,1,0,1,0,2021-05-23 01:45:29+02:00
1,1,1,0,1,0,2021-05-23 02:14:00+02:00
0,0,0,0,0,0,2021-05-23 02:17:55+02:00
0,0,0,0,0,0,2021-05-23 02:32:55+02:00
0,0,0,0,0,0,2021-05-23 02:43:16+02:00
1,23,0,0,0,0,2021-05-26 16:59:43+02:00
0,0,0,0,0,0,2021-05-26 17:00:42+02:00
0,2,1,1,1,0,2021-06-01 17:58:04+02:00
0,2,1,1,1,0,2021-06-02 03:17:02+02:00
2,8,4,3,4,1,2021-06-02 15:02:42+02:00
3,3,3,0,3,0,2021-06-04 00:21:24+02:00
2,3,1,0,0,0,2021-06-06 14:48:45+02:00
2,3,2,0,2,0,2021-06-06 15:36:12+02:00
1,2,0,0,0,0,2021-06-07 09:12:11+02:00
0,2,1,1,1,0,2021-06-07 14:40:58+02:00
0,15,0,0,0,0,2021-06-07 22:06:04+02:00
2,2,0,0,0,0,2021-06-08 02:09:15+02:00
0,0,0,0,0,0,2021-06-08 20:40:38+02:00
0,0,0,0,0,0,2021-06-08 20:41:02+02:00
0,10,1,1,1,0,2021-06-09 15:45:58+02:00
0,0,0,0,0,0,2021-06-09 17:18:30+02:00
1,1,1,0,1,0,2021-06-11 01:18:27+02:00
1,1,1,0,1,0,2021-06-11 01:58:22+02:00
1,1,1,0,1,0,2021-06-11 02:03:25+02:00
1,1,1,0,1,0,2021-06-11 02:39:43+02:00
0,2,2,2,2,1,2021-06-11 02:52:11+02:00
0,2,2,2,2,1,2021-06-11 02:56:02+02:00
0,2,2,2,2,1,2021-06-11 04:09:46+02:00
0,2,2,2,2,1,2021-06-11 04:24:42+02:00
0,2,2,2,2,1,2021-06-11 04:46:04+02:00
0,2,2,2,2,1,2021-06-11 04:53:01+02:00
0,2,2,2,2,1,2021-06-11 19:41:24+02:00
1,18,4,2,16,0,2021-06-11 20:15:01+02:00
0,0,0,0,0,0,2021-06-11 20:18:20+02:00
2,2,2,0,2,0,2021-06-11 20:20:48+02:00
0,0,0,0,0,0,2021-06-11 20:38:43+02:00
1,2,0,0,0,0,2021-06-12 16:18:17+02:00
2,7,3,2,3,1,2021-06-13 14:15:01+02:00
0,0,0,0,0,0,2021-06-13 18:18:12+02:00
0,0,0,0,0,0,2021-06-13 18:21:33+02:00
0,0,0,0,0,0,2021-06-13 18:25:30+02:00
0,0,0,0,0,0,2021-06-14 13:23:15+02:00
0,0,0,0,0,0,2021-06-14 13:30:26+02:00
0,0,0,0,0,0,2021-06-14 13:31:51+02:00
0,0,0,0,0,0,2021-06-14 13:34:08+02:00
0,0,0,0,0,0,2021-06-14 13:35:26+02:00
0,0,0,0,0,0,2021-06-14 13:37:06+02:00
0,0,0,0,0,0,2021-06-14 13:38:06+02:00
0,0,0,0,0,0,2021-06-14 13:40:24+02:00
0,0,0,0,0,0,2021-06-14 13:41:35+02:00
0,0,0,0,0,0,2021-06-14 13:47:20+02:00
0,0,0,0,0,0,2021-06-14 13:50:32+02:00
1,2,0,0,0,0,2021-06-16 12:05:44+02:00
0,1,0,0,0,0,2021-06-16 12:10:58+02:00
0,1,0,0,0,0,2021-06-18 14:31:17+02:00
2,4,0,0,0,0,2021-06-22 23:55:25+02:00
0,0,0,0,0,0,2021-06-22 23:56:31+02:00
0,2,0,0,0,0,2021-06-22 23:59:13+02:00
0,1,0,0,0,0,2021-06-23 12:59:07+02:00
0,1,0,0,0,0,2021-06-27 20:19:00+02:00
0,21,2,2,8,1,2021-06-29 23:21:13+02:00
0,14,5,2,3,1,2021-06-30 02:12:42+02:00
0,0,0,0,0,0,2021-06-30 02:15:47+02:00
0,13,7,2,12,0,2021-06-30 15:18:33+02:00
0,1,1,0,0,0,2021-06-30 15:34:31+02:00
0,4,0,0,0,0,2021-07-01 13:59:05+02:00
1,3,0,0,0,0,2021-07-06 18:19:59+02:00
0,0,0,0,0,0,2021-07-06 18:20:33+02:00
0,1,0,0,1,0,2021-07-06 18:23:54+02:00
0,1,0,0,1,0,2021-07-06 18:25:31+02:00
0,1,0,0,1,0,2021-07-06 18:46:51+02:00
2,4,4,2,4,1,2021-07-13 16:53:07+02:00
1,2,0,0,0,0,2021-07-20 17:46:05+02:00
0,10,3,3,7,1,2021-07-24 18:29:42+02:00
0,1,1,1,1,0,2021-07-24 21:18:59+02:00
3,14,5,2,12,1,2021-07-26 21:05:03+02:00
0,2,0,0,0,0,2021-08-02 23:07:16+02:00
0,1,1,1,1,0,2021-08-03 16:39:41+02:00
0,1,1,1,1,0,2021-08-03 18:30:53+02:00
0,1,1,1,1,0,2021-08-03 20:33:08+02:00
0,1,1,1,1,0,2021-08-03 23:36:34+02:00
0,2,2,2,2,0,2021-08-03 23:40:36+02:00
4,14,6,2,12,1,2021-08-03 23:43:46+02:00
0,0,0,0,0,0,2021-08-04 00:21:59+02:00
0,2,2,2,2,0,2021-08-04 00:24:57+02:00
0,0,0,0,0,0,2021-08-04 00:46:11+02:00
5,26,5,3,10,0,2021-08-05 13:56:43+02:00
1,1,0,0,0,0,2021-08-05 14:52:17+02:00
2,13,3,2,4,0,2021-08-05 14:55:34+02:00
5,34,15,3,16,4,2021-08-05 19:42:17+02:00
0,0,0,0,0,0,2021-08-05 19:47:47+02:00
0,1,1,0,0,0,2021-08-05 21:47:27+02:00
0,1,1,0,0,1,2021-08-05 21:55:09+02:00
0,8,0,0,0,0,2021-08-05 22:27:43+02:00
0,4,0,0,0,0,2021-08-05 22:29:20+02:00
0,1,0,0,0,0,2021-08-05 23:01:37+02:00
0,1,1,0,0,1,2021-08-05 23:20:30+02:00
0,5,1,1,1,0,2021-08-06 01:46:30+02:00
0,7,2,2,2,0,2021-08-06 13:02:32+02:00
0,10,1,1,1,0,2021-08-06 13:51:51+02:00
0,4,0,0,0,0,2021-08-06 13:52:56+02:00
0,1,1,1,1,0,2021-08-06 16:43:47+02:00
0,7,0,0,2,0,2021-08-06 20:36:17+02:00
0,1,0,0,0,0,2021-08-06 20:43:14+02:00
0,3,0,0,0,0,2021-08-06 20:44:01+02:00
0,4,0,0,0,0,2021-08-07 12:42:04+02:00
0,1,0,0,0,0,2021-08-07 12:46:01+02:00
2,11,8,2,2,0,2021-08-08 17:43:50+02:00
0,5,2,1,0,0,2021-08-08 18:24:05+02:00
0,0,0,0,0,0,2021-08-08 18:31:16+02:00
0,0,0,0,0,0,2021-08-08 18:32:14+02:00
0,1,1,1,0,0,2021-08-08 18:46:33+02:00
0,1,1,1,0,0,2021-08-08 18:49:17+02:00
0,1,0,0,0,0,2021-08-08 18:53:32+02:00
0,1,1,1,0,0,2021-08-08 19:42:40+02:00
0,1,1,1,0,0,2021-08-08 20:08:35+02:00
0,4,3,3,2,0,2021-08-08 20:17:37+02:00
0,1,1,1,0,0,2021-08-08 20:25:29+02:00
0,1,1,1,0,0,2021-08-08 22:33:57+02:00
0,1,0,0,0,0,2021-08-09 18:33:15+02:00
1,1,0,0,0,0,2021-08-09 18:37:17+02:00
1,3,0,0,1,0,2021-08-09 18:42:30+02:00
2,12,2,0,1,0,2021-08-09 21:16:00+02:00
0,0,0,0,0,0,2021-08-09 21:22:04+02:00
0,3,2,0,1,0,2021-08-10 16:10:30+02:00
0,7,0,0,7,0,2021-08-10 16:14:05+02:00
0,1,0,0,1,0,2021-08-10 22:04:15+02:00
0,0,0,0,0,0,2021-08-10 22:11:58+02:00
0,0,0,0,0,0,2021-08-10 22:17:00+02:00
0,1,0,0,0,0,2021-08-11 14:53:05+02:00
0,0,0,0,0,0,2021-08-12 14:23:01+02:00
1,2,2,0,0,0,2021-08-12 14:30:14+02:00
1,4,3,1,2,0,2021-08-12 18:25:12+02:00
0,1,0,0,0,0,2021-08-12 18:27:43+02:00
1,2,2,1,2,0,2021-08-12 18:39:14+02:00
0,17,5,4,13,0,2021-08-12 21:59:01+02:00
0,1,1,0,0,0,2021-08-13 16:34:32+02:00
0,1,1,1,1,0,2021-08-15 16:52:06+02:00
0,5,1,1,5,0,2021-08-15 18:14:47+02:00
0,11,3,2,10,0,2021-08-15 19:11:19+02:00
0,1,1,0,0,0,2021-08-15 19:21:56+02:00
0,4,0,0,0,0,2021-08-15 20:02:59+02:00
0,5,1,1,5,0,2021-08-15 22:41:20+02:00
0,1,1,1,1,0,2021-08-15 22:45:19+02:00
1,2,1,0,0,0,2021-08-16 03:31:47+02:00
0,1,1,0,0,0,2021-08-16 13:09:54+02:00
0,4,0,0,0,0,2021-08-16 13:11:07+02:00
0,1,0,0,0,0,2021-08-16 13:12:09+02:00
0,5,1,1,5,0,2021-08-16 17:11:24+02:00
0,1,1,0,0,0,2021-08-16 21:53:47+02:00
0,0,0,0,0,0,2021-08-16 23:30:48+02:00
0,1,0,0,1,0,2021-08-17 16:33:44+02:00
1,4,1,0,0,0,2021-08-18 14:31:07+02:00
0,1,1,0,0,0,2021-08-18 16:28:48+02:00
0,3,1,1,1,0,2021-08-20 11:33:26+02:00
0,6,2,2,2,0,2021-08-20 11:56:52+02:00
0,4,0,0,0,0,2021-08-20 15:47:18+02:00
0,1,0,0,0,0,2021-08-20 21:02:22+02:00
0,2,1,1,1,0,2021-08-21 16:16:50+02:00
0,1,0,0,0,0,2021-08-21 18:54:45+02:00
0,1,0,0,0,0,2021-08-22 14:02:06+02:00
0,2,1,0,0,0,2021-08-22 16:47:39+02:00
0,1,0,0,0,0,2021-08-22 16:51:09+02:00
0,3,1,0,0,0,2021-08-24 16:15:47+02:00
0,4,1,0,0,2,2021-08-24 20:13:08+02:00
0,3,2,1,1,1,2021-08-24 21:42:04+02:00
0,1,1,1,1,0,2021-08-24 21:43:44+02:00
0,2,1,1,1,0,2021-08-24 22:41:39+02:00
0,2,1,0,0,1,2021-08-24 22:47:52+02:00
0,1,1,1,1,0,2021-08-24 23:02:54+02:00
0,3,2,1,1,1,2021-08-24 23:13:46+02:00
0,1,0,0,0,0,2021-08-24 23:24:54+02:00
0,1,1,1,1,0,2021-08-25 00:05:08+02:00
0,1,1,1,1,0,2021-08-25 00:14:59+02:00
0,1,0,0,0,0,2021-08-25 00:30:17+02:00
0,1,0,0,0,0,2021-08-25 13:30:10+02:00
0,1,0,0,0,0,2021-08-25 14:32:57+02:00
0,3,2,1,1,1,2021-08-25 14:36:04+02:00
1,2,1,0,0,0,2021-08-25 23:03:09+02:00
1,3,3,1,1,0,2021-08-26 14:04:27+02:00
0,1,0,0,0,0,2021-08-26 14:13:44+02:00
0,1,0,0,0,0,2021-08-26 14:23:06+02:00
0,1,0,0,0,0,2021-08-26 16:24:04+02:00
0,11,0,0,0,0,2021-08-27 09:34:30+02:00
1,2,2,0,0,0,2021-08-27 13:55:06+02:00
0,2,1,1,1,0,2021-08-27 20:11:44+02:00
0,1,0,0,0,0,2021-08-27 20:35:25+02:00
0,3,2,1,1,1,2021-08-27 20:51:50+02:00
0,1,1,1,1,0,2021-08-27 21:00:45+02:00
2,10,2,0,2,0,2021-08-27 23:04:08+02:00
0,4,0,0,0,0,2021-08-28 01:17:16+02:00
0,5,0,0,0,0,2021-08-28 05:43:00+02:00
0,5,0,0,0,0,2021-08-29 01:59:11+02:00
0,4,0,0,0,0,2021-08-29 03:55:15+02:00
0,4,0,0,0,0,2021-08-29 14:15:09+02:00
4,18,11,2,12,1,2021-08-29 21:05:55+02:00
0,3,3,0,0,0,2021-08-29 21:11:14+02:00
0,4,0,0,0,0,2021-08-29 21:40:07+02:00
0,2,0,0,0,0,2021-08-30 15:06:31+02:00
0,4,0,0,0,0,2021-08-30 20:06:31+02:00
0,2,0,0,0,0,2021-08-31 04:45:20+02:00
0,4,0,0,0,0,2021-08-31 15:35:49+02:00
0,1,0,0,0,0,2021-09-01 13:38:55+02:00
0,2,0,0,0,0,2021-09-02 19:22:39+02:00
1,4,1,0,0,0,2021-09-02 22:03:48+02:00
0,5,6,3,3,0,2021-09-03 15:32:05+02:00
0,4,0,0,0,0,2021-09-03 15:39:33+02:00
0,4,0,0,0,0,2021-09-03 20:55:04+02:00
1,3,2,1,2,0,2021-09-03 21:02:54+02:00
1,1,1,0,1,0,2021-09-03 21:04:38+02:00
0,2,2,1,1,0,2021-09-04 02:31:42+02:00
0,0,1,0,0,0,2021-09-04 02:49:56+02:00
0,4,5,3,3,0,2021-09-04 03:10:29+02:00
0,1,1,1,1,0,2021-09-04 04:18:17+02:00
0,1,1,1,1,0,2021-09-04 17:49:25+02:00
0,6,2,2,2,0,2021-09-04 18:08:51+02:00
3,6,9,3,3,0,2021-09-04 19:32:02+02:00
0,4,0,0,0,0,2021-09-04 20:43:36+02:00
0,4,0,0,0,0,2021-09-04 22:35:02+02:00
2,4,4,2,4,0,2021-09-05 19:03:22+02:00
2,4,4,2,4,0,2021-09-05 21:35:23+02:00
2,3,2,0,2,0,2021-09-05 23:49:20+02:00
0,0,0,0,0,0,2021-09-06 00:09:15+02:00
2,2,2,0,2,0,2021-09-06 00:46:28+02:00
0,2,2,2,2,0,2021-09-06 00:54:21+02:00
0,1,0,0,0,0,2021-09-06 00:57:37+02:00
0,2,2,2,2,0,2021-09-06 01:06:03+02:00
0,0,0,0,0,0,2021-09-06 01:08:23+02:00
1,1,1,0,1,0,2021-09-06 01:29:34+02:00
2,2,2,0,2,0,2021-09-06 02:00:44+02:00
0,2,2,1,1,0,2021-09-06 02:49:22+02:00
1,1,1,0,1,0,2021-09-06 02:59:50+02:00
1,2,1,0,1,0,2021-09-06 03:06:57+02:00
1,1,1,0,1,0,2021-09-06 03:09:57+02:00
1,1,1,0,1,0,2021-09-06 03:11:52+02:00
1,1,1,0,1,0,2021-09-06 03:15:09+02:00
0,1,0,0,0,0,2021-09-06 03:19:19+02:00
1,2,1,0,1,0,2021-09-06 03:30:16+02:00
1,1,1,0,1,0,2021-09-06 03:42:25+02:00
1,1,1,0,1,0,2021-09-06 03:43:53+02:00
1,1,1,0,1,0,2021-09-06 03:54:50+02:00
0,2,2,2,2,0,2021-09-06 04:05:05+02:00
0,2,2,2,2,0,2021-09-06 15:33:35+02:00
0,0,0,0,0,0,2021-09-07 00:40:35+02:00
0,1,0,0,0,0,2021-09-07 14:54:23+02:00
0,1,0,0,0,0,2021-09-08 00:39:14+02:00
0,3,0,0,1,0,2021-09-08 00:56:12+02:00
0,1,0,0,0,0,2021-09-08 00:56:27+02:00
0,3,0,0,2,0,2021-09-08 11:39:59+02:00
0,0,0,0,0,0,2021-09-08 16:23:49+02:00
0,0,0,0,0,0,2021-09-08 16:25:05+02:00
0,3,1,1,1,1,2021-09-09 15:25:48+02:00
0,1,0,0,0,0,2021-09-09 15:29:19+02:00
0,2,1,1,1,1,2021-09-09 15:42:38+02:00
0,1,1,0,0,0,2021-09-09 18:13:45+02:00
0,2,1,0,0,0,2021-09-09 22:32:13+02:00
1,3,0,0,1,0,2021-09-10 12:30:39+02:00
0,6,2,1,3,0,2021-09-11 14:42:42+02:00
0,2,0,0,1,0,2021-09-11 14:46:44+02:00
0,3,1,1,2,0,2021-09-11 14:52:57+02:00
0,1,0,0,0,0,2021-09-11 14:53:54+02:00
1,1,1,0,1,0,2021-09-12 13:29:24+02:00
1,1,1,0,1,0,2021-09-12 13:38:38+02:00
1,1,1,0,1,0,2021-09-12 14:14:56+02:00
1,1,1,0,1,0,2021-09-12 14:21:30+02:00
2,2,2,0,2,0,2021-09-12 14:38:48+02:00
1,1,1,0,1,0,2021-09-12 14:56:50+02:00
1,1,1,0,1,0,2021-09-12 15:53:20+02:00
1,1,1,0,1,0,2021-09-12 16:26:06+02:00
0,0,0,0,0,0,2021-09-12 21:49:11+02:00
1,1,1,0,1,0,2021-09-12 21:55:15+02:00
1,1,1,0,1,0,2021-09-12 21:56:12+02:00
1,1,1,0,1,0,2021-09-12 21:59:43+02:00
1,1,1,0,1,0,2021-09-12 22:00:19+02:00
0,5,1,1,1,0,2021-09-12 23:25:55+02:00
0,4,0,0,0,0,2021-09-12 23:32:01+02:00
0,4,0,0,0,0,2021-09-13 01:26:16+02:00
0,7,3,1,1,0,2021-09-13 17:35:43+02:00
1,5,4,1,2,0,2021-09-13 18:33:28+02:00
2,10,4,1,6,0,2021-09-13 23:48:47+02:00
1,2,1,0,0,0,2021-09-13 23:57:42+02:00
2,3,2,0,0,0,2021-09-14 00:01:07+02:00
1,1,1,0,0,0,2021-09-14 00:33:35+02:00
0,1,0,0,0,0,2021-09-14 00:53:31+02:00
2,3,2,0,0,0,2021-09-14 01:01:17+02:00
1,1,1,0,0,0,2021-09-14 01:52:44+02:00
1,1,1,0,0,0,2021-09-14 01:58:44+02:00
2,2,2,0,0,0,2021-09-14 02:03:46+02:00
2,2,2,0,0,0,2021-09-14 02:06:39+02:00
2,2,2,0,0,0,2021-09-14 02:13:28+02:00
2,2,2,0,0,0,2021-09-14 02:24:24+02:00
0,1,0,0,0,0,2021-09-14 02:35:00+02:00
1,1,1,0,0,0,2021-09-14 03:00:21+02:00
1,1,1,0,0,0,2021-09-14 15:04:17+02:00
0,1,0,0,0,0,2021-09-14 15:08:38+02:00
1,1,1,0,0,0,2021-09-14 15:14:10+02:00
1,2,1,0,0,0,2021-09-14 15:21:03+02:00
0,1,0,0,0,0,2021-09-14 15:45:12+02:00
1,1,1,0,0,0,2021-09-14 16:15:31+02:00
1,2,1,0,0,0,2021-09-14 16:18:19+02:00
1,1,1,0,0,0,2021-09-14 16:28:06+02:00
0,2,0,0,0,0,2021-09-14 16:32:29+02:00
0,1,0,0,0,0,2021-09-14 16:36:41+02:00
0,1,0,0,0,0,2021-09-14 16:40:37+02:00
0,1,0,0,0,0,2021-09-14 16:43:02+02:00
0,1,0,0,0,0,2021-09-14 16:49:24+02:00
1,1,1,0,0,0,2021-09-14 17:20:14+02:00
1,1,1,0,0,0,2021-09-14 17:23:11+02:00
0,5,0,0,0,0,2021-09-14 17:29:10+02:00
1,1,1,0,0,0,2021-09-14 18:17:45+02:00
1,1,1,0,0,0,2021-09-14 21:06:12+02:00
1,3,1,0,1,0,2021-09-15 16:54:54+02:00
1,7,1,0,0,0,2021-09-15 18:14:06+02:00
1,2,0,0,1,0,2021-09-15 18:19:08+02:00
0,0,0,0,0,0,2021-09-15 18:25:16+02:00
1,2,0,0,0,0,2021-09-16 16:05:41+02:00
0,1,0,0,0,0,2021-09-16 16:22:27+02:00
1,1,0,0,0,0,2021-09-16 16:28:40+02:00
1,1,0,0,0,0,2021-09-16 16:31:47+02:00
1,1,0,0,0,0,2021-09-16 16:40:20+02:00
1,1,0,0,0,0,2021-09-16 16:42:27+02:00
1,1,0,0,0,0,2021-09-16 16:46:07+02:00
1,1,1,0,0,0,2021-09-16 16:47:41+02:00
0,1,0,0,0,0,2021-09-16 20:28:18+02:00
1,6,1,0,0,0,2021-09-16 23:21:53+02:00
1,2,1,0,0,0,2021-09-17 12:22:20+02:00
0,1,0,0,0,0,2021-09-17 12:40:05+02:00
0,1,0,0,0,0,2021-09-17 13:01:30+02:00
0,1,0,0,0,0,2021-09-17 13:06:10+02:00
0,1,0,0,0,0,2021-09-17 13:26:25+02:00
0,1,0,0,0,0,2021-09-17 16:45:58+02:00
1,1,1,0,0,0,2021-09-17 16:53:11+02:00
0,2,1,0,0,0,2021-09-17 20:08:16+02:00
1,1,1,0,0,0,2021-09-17 20:13:21+02:00
0,1,0,0,1,0,2021-09-20 15:42:55+02:00
0,6,2,1,1,0,2021-09-20 17:22:39+02:00
0,4,3,1,1,0,2021-09-20 18:58:58+02:00
0,1,1,1,1,0,2021-09-20 19:07:16+02:00
0,5,0,0,0,0,2021-09-21 00:50:30+02:00
0,1,0,0,1,0,2021-09-21 15:47:22+02:00
1,1,1,1,0,0,2021-09-22 00:02:50+02:00
0,0,0,0,0,0,2021-09-22 00:03:00+02:00
0,1,0,0,0,0,2021-09-22 00:08:59+02:00
1,18,4,2,8,0,2021-09-22 15:52:27+02:00
1,5,0,0,2,0,2021-09-22 16:14:53+02:00
0,2,0,0,0,0,2021-09-22 17:05:10+02:00
0,1,0,0,0,0,2021-09-22 17:08:22+02:00
0,1,0,0,0,0,2021-09-23 13:34:08+02:00
1,1,1,0,1,0,2021-09-23 14:37:30+02:00
1,1,1,0,1,0,2021-09-23 14:40:22+02:00
1,1,1,0,1,0,2021-09-23 14:42:16+02:00
1,1,1,0,1,0,2021-09-23 14:44:03+02:00
1,1,1,0,1,0,2021-09-23 15:01:03+02:00
1,1,1,0,1,0,2021-09-23 15:01:35+02:00
0,6,2,1,3,0,2021-09-23 17:04:31+02:00
0,1,0,0,0,0,2021-09-23 17:05:32+02:00
1,1,1,0,1,0,2021-09-23 17:07:22+02:00
0,1,1,0,0,0,2021-09-23 18:21:18+02:00
0,1,1,0,0,0,2021-09-23 18:34:24+02:00
1,1,1,0,1,0,2021-09-24 16:00:54+02:00
0,1,1,0,0,0,2021-09-24 23:48:32+02:00
0,1,1,0,0,0,2021-09-24 23:53:54+02:00
0,1,0,0,0,0,2021-09-25 00:02:51+02:00
1,1,1,0,1,0,2021-09-25 17:37:21+02:00
0,5,4,2,2,0,2021-09-27 02:34:27+02:00
0,4,1,1,1,0,2021-09-28 01:10:01+02:00
0,8,1,0,0,0,2021-09-29 18:15:58+02:00
0,1,0,0,0,0,2021-09-29 18:18:59+02:00
0,1,1,1,1,0,2021-09-30 17:46:20+02:00
0,1,1,1,1,0,2021-09-30 17:47:31+02:00
0,2,2,2,2,0,2021-09-30 18:01:53+02:00
0,2,1,0,0,0,2021-10-01 15:41:42+02:00
0,7,2,2,2,0,2021-10-01 16:00:00+02:00
0,1,1,1,1,0,2021-10-01 17:19:55+02:00
0,3,3,2,2,0,2021-10-01 17:34:30+02:00
0,1,1,0,0,0,2021-10-01 18:32:30+02:00
0,2,0,0,0,0,2021-10-01 18:36:10+02:00
0,1,0,0,0,0,2021-10-02 02:50:34+02:00
0,1,1,0,0,0,2021-10-02 11:36:44+02:00
0,5,4,1,1,1,2021-10-03 13:28:09+02:00
0,0,0,0,0,0,2021-10-03 13:28:20+02:00
0,2,2,0,0,0,2021-10-04 12:18:09+02:00
1,1,1,0,1,0,2021-10-04 18:00:45+02:00
1,1,1,0,1,0,2021-10-04 18:03:46+02:00
1,1,1,0,1,0,2021-10-04 18:33:51+02:00
1,2,1,0,1,0,2021-10-04 22:49:29+02:00
1,1,1,0,1,0,2021-10-04 23:27:18+02:00
0,2,2,1,1,1,2021-10-05 00:45:42+02:00
1,1,1,0,1,0,2021-10-05 01:49:13+02:00
1,1,1,0,1,0,2021-10-05 01:51:50+02:00
1,1,1,0,1,0,2021-10-05 02:00:34+02:00
1,1,1,0,1,0,2021-10-05 03:32:43+02:00
1,1,1,0,1,0,2021-10-05 03:50:02+02:00
1,1,1,0,1,0,2021-10-05 03:54:17+02:00
1,1,1,0,1,0,2021-10-05 04:17:10+02:00
3,2,2,1,1,0,2021-10-05 15:38:27+02:00
0,1,0,0,0,0,2021-10-05 16:00:01+02:00
0,1,1,1,1,1,2021-10-05 16:04:19+02:00
0,1,0,0,0,0,2021-10-05 17:04:21+02:00
0,3,2,1,1,0,2021-10-05 18:11:50+02:00
0,1,1,0,0,0,2021-10-05 18:30:06+02:00
0,1,1,0,0,0,2021-10-05 18:39:28+02:00
0,1,1,0,0,0,2021-10-05 19:31:56+02:00
0,1,1,0,0,0,2021-10-05 19:37:46+02:00
0,1,1,0,0,0,2021-10-05 19:52:11+02:00
0,1,1,0,0,0,2021-10-05 21:55:26+02:00
0,1,1,0,0,0,2021-10-05 22:02:36+02:00
0,1,1,0,0,0,2021-10-05 22:09:31+02:00
0,1,1,0,0,0,2021-10-05 22:17:16+02:00
0,1,1,0,0,0,2021-10-05 22:18:33+02:00
0,1,1,0,0,0,2021-10-05 22:55:48+02:00
0,1,1,0,0,0,2021-10-06 13:50:17+02:00
0,1,1,0,0,0,2021-10-06 14:00:23+02:00
0,1,1,0,0,0,2021-10-06 14:03:13+02:00
0,1,1,0,0,0,2021-10-06 14:48:18+02:00
0,1,1,0,0,0,2021-10-06 14:55:57+02:00
0,1,1,0,0,0,2021-10-06 15:00:09+02:00
0,1,1,0,0,0,2021-10-06 16:14:16+02:00
0,1,1,1,1,1,2021-10-06 16:16:02+02:00
0,1,1,0,0,0,2021-10-06 16:20:20+02:00
0,1,1,0,0,0,2021-10-06 16:35:39+02:00
0,1,1,0,0,0,2021-10-06 16:59:37+02:00
0,1,1,1,1,1,2021-10-06 17:00:57+02:00
0,1,1,0,0,0,2021-10-06 17:05:09+02:00
0,2,1,0,0,1,2021-10-06 17:14:52+02:00
0,3,2,1,1,2,2021-10-06 17:27:29+02:00
0,2,0,0,0,0,2021-10-06 17:44:53+02:00
0,1,1,0,0,0,2021-10-06 17:52:27+02:00
0,2,1,1,1,1,2021-10-06 18:10:40+02:00
0,2,0,0,0,0,2021-10-06 18:50:38+02:00
0,1,0,0,0,0,2021-10-06 21:28:17+02:00
0,1,0,0,0,0,2021-10-06 21:40:25+02:00
0,1,0,0,0,0,2021-10-06 21:45:16+02:00
0,3,1,0,0,0,2021-10-06 23:22:40+02:00
0,1,0,0,0,0,2021-10-06 23:30:40+02:00
0,0,0,0,0,0,2021-10-06 23:39:13+02:00
0,1,0,0,0,0,2021-10-06 23:41:12+02:00
0,1,0,0,0,0,2021-10-06 23:44:14+02:00
1,2,2,0,1,0,2021-10-06 23:56:35+02:00
0,1,1,0,0,0,2021-10-07 00:11:33+02:00
0,1,1,0,0,0,2021-10-07 00:16:32+02:00
0,1,1,0,0,0,2021-10-07 00:18:10+02:00
0,1,1,0,0,0,2021-10-07 00:21:52+02:00
0,1,0,0,0,0,2021-10-07 00:30:17+02:00
0,1,1,0,0,0,2021-10-07 00:34:29+02:00
0,2,1,0,0,0,2021-10-07 00:39:54+02:00
0,3,1,0,0,1,2021-10-07 00:52:55+02:00
0,6,3,1,2,1,2021-10-07 14:02:23+02:00
0,1,1,0,0,0,2021-10-07 14:11:56+02:00
0,1,1,1,1,1,2021-10-07 14:39:34+02:00
0,8,7,1,1,1,2021-10-07 14:55:25+02:00
0,1,1,1,1,1,2021-10-07 14:56:39+02:00
0,0,0,0,0,0,2021-10-07 15:23:23+02:00
0,2,2,0,0,0,2021-10-07 15:58:50+02:00
0,1,0,0,0,0,2021-10-07 16:19:12+02:00
1,2,1,0,1,0,2021-10-07 16:27:28+02:00
1,2,1,0,1,0,2021-10-07 16:36:19+02:00
0,1,0,0,0,0,2021-10-07 16:45:55+02:00
0,1,0,0,0,1,2021-10-07 17:08:51+02:00
0,1,1,1,1,0,2021-10-07 19:58:58+02:00
0,3,2,0,0,1,2021-10-07 23:20:01+02:00
0,1,0,0,0,0,2021-10-07 23:20:41+02:00
0,1,0,0,0,0,2021-10-07 23:31:22+02:00
0,1,1,0,0,0,2021-10-07 23:42:23+02:00
0,1,1,0,0,1,2021-10-08 00:23:00+02:00
0,3,1,0,0,0,2021-10-08 00:29:34+02:00
0,1,1,0,0,0,2021-10-08 00:44:37+02:00
0,1,1,0,0,0,2021-10-08 01:03:21+02:00
0,2,1,0,0,0,2021-10-08 01:24:35+02:00
0,1,1,0,0,0,2021-10-08 02:49:26+02:00
0,1,1,1,1,1,2021-10-08 03:27:52+02:00
0,1,1,1,1,0,2021-10-08 13:12:24+02:00
0,1,1,0,0,0,2021-10-08 13:58:24+02:00
0,1,1,0,0,0,2021-10-08 14:35:46+02:00
0,3,1,0,0,0,2021-10-09 20:23:54+02:00
0,1,1,0,0,0,2021-10-09 20:27:23+02:00
0,2,2,2,2,1,2021-10-09 20:34:26+02:00
0,1,1,0,0,0,2021-10-09 21:47:03+02:00
0,1,1,0,0,0,2021-10-09 22:24:03+02:00
0,3,2,0,0,1,2021-10-10 19:22:20+02:00
0,1,1,0,0,1,2021-10-10 22:15:53+02:00
0,1,1,0,0,1,2021-10-10 22:16:21+02:00
0,1,1,0,0,1,2021-10-10 22:17:37+02:00
0,3,3,1,1,2,2021-10-11 01:33:03+02:00
0,1,1,0,0,1,2021-10-11 01:58:19+02:00
0,1,1,1,1,1,2021-10-11 14:34:09+02:00
0,1,1,1,1,1,2021-10-11 14:58:57+02:00
0,1,1,0,0,0,2021-10-11 18:03:37+02:00
1,5,4,2,3,2,2021-10-11 21:21:36+02:00
0,2,2,0,0,0,2021-10-11 22:17:24+02:00
0,1,1,0,0,1,2021-10-11 22:19:26+02:00
0,2,2,0,0,1,2021-10-11 22:31:23+02:00
0,1,1,0,0,0,2021-10-11 22:43:19+02:00
0,1,1,1,1,1,2021-10-11 23:37:59+02:00
0,1,1,0,0,0,2021-10-11 23:38:46+02:00
0,2,2,1,1,1,2021-10-12 01:30:28+02:00
0,1,1,0,0,0,2021-10-12 09:01:29+02:00
0,5,4,2,3,3,2021-10-12 09:16:13+02:00
0,2,1,0,1,0,2021-10-12 09:29:11+02:00
0,3,3,0,0,1,2021-10-12 09:49:13+02:00
0,1,1,0,0,0,2021-10-12 09:55:49+02:00
0,2,2,2,2,2,2021-10-12 10:01:30+02:00
0,1,1,0,0,0,2021-10-12 10:25:05+02:00
0,1,1,0,0,0,2021-10-12 10:26:51+02:00
0,2,2,0,0,0,2021-10-12 10:29:31+02:00
0,1,1,0,0,0,2021-10-12 10:33:06+02:00
0,1,1,0,0,0,2021-10-12 10:35:11+02:00
0,1,1,0,0,0,2021-10-12 10:37:13+02:00
0,2,0,0,0,0,2021-10-12 11:28:24+02:00
1,5,4,1,2,2,2021-10-12 11:58:17+02:00
1,1,1,0,1,0,2021-10-12 12:18:19+02:00
1,1,1,0,1,0,2021-10-12 12:37:14+02:00
1,1,1,0,1,0,2021-10-12 13:44:58+02:00
0,1,1,1,1,1,2021-10-12 14:11:43+02:00
0,1,1,1,1,1,2021-10-12 14:15:50+02:00
0,1,1,1,1,1,2021-10-12 14:22:07+02:00
0,1,1,1,1,1,2021-10-12 14:56:40+02:00
0,1,1,1,1,1,2021-10-12 15:28:29+02:00
1,1,1,0,1,0,2021-10-12 15:47:58+02:00
0,1,1,1,1,1,2021-10-12 15:58:03+02:00
0,1,0,0,0,0,2021-10-12 16:00:08+02:00
0,1,1,0,0,0,2021-10-12 16:26:32+02:00
0,1,1,1,1,1,2021-10-12 16:44:16+02:00
0,2,1,1,1,1,2021-10-12 17:28:34+02:00
0,3,2,1,1,1,2021-10-12 19:35:43+02:00
0,2,1,1,1,1,2021-10-12 22:52:27+02:00
0,1,0,0,0,0,2021-10-12 22:54:08+02:00
0,1,1,1,1,1,2021-10-13 00:44:47+02:00
0,1,1,0,0,1,2021-10-13 00:56:04+02:00
0,1,1,0,0,1,2021-10-13 00:59:06+02:00
1,1,1,0,1,0,2021-10-13 01:56:36+02:00
1,1,1,0,1,0,2021-10-13 02:04:26+02:00
0,4,2,1,1,1,2021-10-13 13:24:45+02:00
0,2,2,0,0,1,2021-10-13 13:49:26+02:00
0,1,1,0,0,1,2021-10-13 14:07:50+02:00
0,3,3,0,0,1,2021-10-13 14:37:51+02:00
0,1,1,0,0,1,2021-10-13 15:05:57+02:00
0,1,1,0,0,0,2021-10-13 15:51:44+02:00
0,1,1,0,0,0,2021-10-13 15:56:13+02:00
0,2,2,0,0,1,2021-10-13 16:43:11+02:00
0,1,0,0,0,0,2021-10-13 16:44:41+02:00
0,1,0,0,0,0,2021-10-13 17:09:20+02:00
0,2,1,0,0,0,2021-10-13 17:16:22+02:00
0,2,1,0,0,0,2021-10-13 17:19:16+02:00
0,1,1,0,0,1,2021-10-13 17:24:02+02:00
0,3,1,0,0,0,2021-10-13 19:14:21+02:00
1,4,3,1,2,2,2021-10-14 00:23:41+02:00
0,2,0,0,0,0,2021-10-14 00:24:52+02:00
1,2,2,1,2,1,2021-10-14 00:38:54+02:00
0,4,4,1,1,2,2021-10-14 09:54:17+02:00
0,1,0,0,0,0,2021-10-14 09:55:46+02:00
0,1,0,0,0,0,2021-10-14 09:57:12+02:00
0,1,1,0,0,1,2021-10-14 09:58:57+02:00
0,2,1,0,0,0,2021-10-14 10:15:24+02:00
0,2,2,1,1,1,2021-10-14 10:44:58+02:00
0,2,1,0,0,0,2021-10-14 12:57:55+02:00
3,7,1,1,1,1,2021-10-14 16:18:54+02:00
2,2,0,0,0,0,2021-10-14 16:26:00+02:00
1,1,0,0,0,0,2021-10-14 16:38:12+02:00
0,1,1,0,0,0,2021-10-14 17:27:25+02:00
6,29,14,6,11,3,2021-10-14 18:45:28+02:00
2,3,1,1,1,1,2021-10-14 21:46:56+02:00
1,1,1,0,0,0,2021-10-14 21:50:37+02:00
0,1,1,1,1,1,2021-10-15 14:24:44+02:00
0,1,1,1,1,1,2021-10-15 14:27:46+02:00
0,1,1,1,1,1,2021-10-15 14:33:03+02:00
2,3,1,1,1,1,2021-10-15 14:41:53+02:00
0,3,2,2,2,2,2021-10-15 15:47:31+02:00
0,4,2,2,3,2,2021-10-15 17:59:09+02:00
1,1,1,0,0,0,2021-10-16 01:02:48+02:00
0,0,0,0,0,0,2021-10-16 01:02:54+02:00
1,1,1,0,0,0,2021-10-16 01:19:39+02:00
0,1,0,0,1,0,2021-10-16 12:56:49+02:00
0,3,1,1,2,1,2021-10-16 14:21:01+02:00
0,1,0,0,0,0,2021-10-16 14:32:40+02:00
0,2,0,0,1,0,2021-10-16 14:53:02+02:00
0,2,0,0,1,0,2021-10-16 15:18:59+02:00
0,2,1,1,2,1,2021-10-16 16:20:19+02:00
0,1,0,0,1,0,2021-10-16 16:26:31+02:00
0,2,1,1,2,1,2021-10-16 17:16:26+02:00
0,1,0,0,1,0,2021-10-16 17:19:33+02:00
0,2,1,1,2,1,2021-10-16 17:28:21+02:00
0,1,0,0,1,0,2021-10-16 17:30:53+02:00
0,1,0,0,1,0,2021-10-16 17:40:13+02:00
0,2,1,1,2,1,2021-10-16 17:51:12+02:00
0,1,0,0,0,0,2021-10-16 21:36:05+02:00
0,1,0,0,1,0,2021-10-16 21:47:03+02:00
0,1,0,0,1,0,2021-10-17 00:37:08+02:00
0,2,0,0,1,0,2021-10-17 00:42:18+02:00
0,2,1,1,2,1,2021-10-17 00:46:08+02:00
0,1,0,0,0,0,2021-10-17 01:00:33+02:00
0,1,0,0,0,0,2021-10-17 01:17:47+02:00
0,2,0,0,0,0,2021-10-17 03:36:56+02:00
2,6,1,1,2,1,2021-10-17 04:30:57+02:00
0,2,1,1,2,1,2021-10-17 04:47:51+02:00
0,3,1,1,3,1,2021-10-17 13:09:39+02:00
0,1,0,0,1,0,2021-10-17 13:12:26+02:00
0,1,0,0,1,0,2021-10-17 13:14:25+02:00
0,1,0,0,1,0,2021-10-17 13:27:36+02:00
0,3,2,2,3,2,2021-10-17 15:28:07+02:00
0,1,0,0,0,0,2021-10-17 15:31:49+02:00
0,2,0,0,1,0,2021-10-18 00:37:54+02:00
0,3,1,1,2,2,2021-10-18 02:09:06+02:00
0,2,1,1,2,1,2021-10-18 02:15:58+02:00
0,1,1,1,1,1,2021-10-18 02:26:49+02:00
0,1,1,1,1,1,2021-10-18 02:30:38+02:00
0,1,0,0,0,0,2021-10-18 02:34:22+02:00
0,2,1,1,1,1,2021-10-18 02:42:59+02:00
0,2,1,1,1,1,2021-10-18 02:54:49+02:00
0,2,0,0,1,0,2021-10-18 03:04:49+02:00
0,1,0,0,1,0,2021-10-18 11:25:37+02:00
0,1,0,0,1,0,2021-10-18 11:52:55+02:00
0,1,0,0,1,0,2021-10-18 12:00:48+02:00
0,1,0,0,1,0,2021-10-18 12:05:59+02:00
0,1,0,0,1,0,2021-10-18 12:07:28+02:00
0,1,0,0,1,0,2021-10-18 12:16:26+02:00
0,2,0,0,1,1,2021-10-18 13:33:22+02:00
0,1,1,1,1,1,2021-10-18 14:49:54+02:00
0,2,1,1,1,1,2021-10-18 15:17:14+02:00
0,1,0,0,1,0,2021-10-18 15:18:44+02:00
0,1,0,0,0,0,2021-10-18 15:24:16+02:00
0,2,2,1,1,1,2021-10-18 15:32:34+02:00
0,2,1,0,0,0,2021-10-18 15:37:23+02:00
0,1,1,0,0,0,2021-10-18 15:41:19+02:00
0,1,1,0,0,0,2021-10-18 15:44:29+02:00
0,1,1,0,0,0,2021-10-18 16:00:10+02:00
0,1,1,0,0,0,2021-10-18 16:02:52+02:00
0,1,1,0,0,0,2021-10-18 16:05:19+02:00
0,1,1,0,0,0,2021-10-18 16:12:37+02:00
0,1,1,0,0,0,2021-10-18 16:16:51+02:00
0,2,1,0,0,1,2021-10-18 16:22:48+02:00
0,2,1,0,1,0,2021-10-18 16:34:15+02:00
0,2,1,1,2,1,2021-10-18 17:21:23+02:00
0,1,1,1,1,1,2021-10-18 17:23:48+02:00
0,1,0,0,1,0,2021-10-18 17:43:07+02:00
0,2,1,1,1,1,2021-10-18 18:18:46+02:00
0,3,2,1,2,1,2021-10-18 19:18:29+02:00
0,1,1,1,1,1,2021-10-18 19:20:37+02:00
0,1,1,1,1,1,2021-10-18 19:53:40+02:00
0,1,0,0,1,0,2021-10-18 20:56:53+02:00
0,2,0,0,1,0,2021-10-18 22:38:06+02:00
0,3,1,0,0,1,2021-10-19 11:08:19+02:00
0,0,0,0,0,0,2021-10-19 11:08:31+02:00
0,3,0,0,1,0,2021-10-19 11:37:53+02:00
0,1,0,0,0,0,2021-10-19 11:41:52+02:00
0,1,0,0,0,0,2021-10-19 11:42:59+02:00
0,1,0,0,0,0,2021-10-19 12:01:26+02:00
0,2,1,0,0,0,2021-10-19 15:32:00+02:00
0,1,0,0,1,0,2021-10-19 15:48:17+02:00
0,2,0,0,1,0,2021-10-19 15:53:54+02:00
0,1,0,0,1,0,2021-10-19 16:04:05+02:00
0,1,0,0,1,0,2021-10-19 16:09:07+02:00
0,1,0,0,1,0,2021-10-19 16:20:07+02:00
0,4,2,1,2,1,2021-10-19 17:16:18+02:00
0,1,1,0,0,0,2021-10-20 09:25:39+02:00
0,1,1,1,1,1,2021-10-20 14:15:38+02:00
0,3,2,2,3,1,2021-10-20 14:42:52+02:00
0,2,1,1,2,0,2021-10-20 14:57:09+02:00
0,1,0,0,1,0,2021-10-20 16:31:33+02:00
0,3,3,1,2,0,2021-10-20 16:57:25+02:00
0,1,1,0,0,0,2021-10-20 17:07:10+02:00
0,1,1,0,0,0,2021-10-20 17:24:32+02:00
0,1,1,0,0,0,2021-10-20 17:34:14+02:00
0,1,1,0,0,0,2021-10-20 17:36:25+02:00
0,1,1,0,0,0,2021-10-20 17:39:27+02:00
0,1,1,0,0,0,2021-10-20 17:51:37+02:00
0,1,1,0,0,0,2021-10-20 17:58:14+02:00
0,1,1,0,0,0,2021-10-20 18:03:45+02:00
0,3,2,2,3,1,2021-10-21 15:58:25+02:00
0,1,1,1,1,0,2021-10-21 16:18:45+02:00
0,1,1,1,1,0,2021-10-21 16:20:19+02:00
0,1,1,1,1,0,2021-10-21 16:22:54+02:00
0,1,1,1,1,0,2021-10-21 16:38:50+02:00
0,1,1,1,1,0,2021-10-21 16:52:51+02:00
0,1,1,1,1,0,2021-10-21 17:05:05+02:00
0,1,1,1,1,0,2021-10-21 17:08:42+02:00
0,1,1,1,1,0,2021-10-21 17:30:47+02:00
0,1,1,1,1,0,2021-10-21 17:34:12+02:00
0,5,3,3,5,1,2021-10-21 18:06:02+02:00
0,3,3,1,1,0,2021-10-21 18:11:30+02:00
0,2,2,2,2,1,2021-10-21 18:15:49+02:00
0,2,2,1,1,0,2021-10-22 01:00:59+02:00
0,1,1,0,0,0,2021-10-22 01:17:28+02:00
0,2,0,0,0,0,2021-10-22 09:47:50+02:00
0,0,0,0,0,0,2021-10-22 09:48:01+02:00
0,2,1,0,1,0,2021-10-22 09:55:00+02:00
0,2,2,2,2,0,2021-10-22 10:18:30+02:00
0,5,2,1,1,1,2021-10-22 14:45:40+02:00
0,1,0,0,0,0,2021-10-22 15:50:03+02:00
0,1,0,0,0,0,2021-10-22 16:02:03+02:00
0,2,0,0,0,0,2021-10-22 16:58:48+02:00
0,1,0,0,0,0,2021-10-22 17:01:39+02:00
0,2,0,0,0,0,2021-10-22 17:20:25+02:00
0,1,0,0,0,0,2021-10-22 17:34:41+02:00
0,5,2,1,2,1,2021-10-24 15:42:49+02:00
0,10,5,3,3,1,2021-10-25 01:21:28+02:00
1,10,2,1,3,0,2021-10-25 15:33:24+02:00
0,3,0,0,2,0,2021-10-25 16:08:47+02:00
0,3,0,0,2,0,2021-10-25 23:58:33+02:00
2,13,6,4,3,2,2021-10-26 18:28:10+02:00
1,2,1,0,0,0,2021-10-26 18:29:08+02:00
0,1,0,0,0,0,2021-10-26 18:30:39+02:00
1,1,1,0,0,0,2021-10-26 18:56:15+02:00
1,3,1,0,0,0,2021-10-26 19:41:55+02:00
4,22,8,5,7,3,2021-10-26 19:52:23+02:00
0,3,0,0,2,0,2021-10-27 17:39:32+02:00
0,0,0,0,0,0,2021-10-27 17:40:23+02:00
2,5,3,1,0,0,2021-10-27 18:05:03+02:00
3,16,0,0,4,0,2021-10-27 18:12:45+02:00
1,1,0,0,0,0,2021-10-27 18:24:53+02:00
0,2,2,1,0,0,2021-10-27 19:14:27+02:00
0,7,1,0,1,0,2021-10-27 23:54:27+02:00
0,2,1,0,1,0,2021-10-28 00:18:52+02:00
2,2,0,0,0,0,2021-10-28 14:50:40+02:00
0,0,0,0,0,0,2021-10-28 14:51:00+02:00
3,6,0,0,2,0,2021-10-28 14:57:17+02:00
4,11,5,1,0,0,2021-10-28 23:29:16+02:00
1,2,2,0,0,0,2021-10-29 00:17:55+02:00
0,6,0,0,3,0,2021-10-29 00:21:01+02:00
0,0,0,0,0,0,2021-10-29 00:22:04+02:00
1,1,0,0,0,0,2021-10-29 13:45:09+02:00
0,0,0,0,0,0,2021-10-29 13:45:23+02:00
0,0,1,0,0,0,2021-10-29 13:55:14+02:00
2,15,6,3,4,1,2021-11-04 13:05:31+01:00
2,13,6,2,2,0,2021-11-04 15:04:21+01:00
0,0,0,0,0,0,2021-11-04 15:07:46+01:00
1,4,3,1,1,0,2021-11-05 14:51:29+01:00
1,6,5,1,1,0,2021-11-07 15:53:33+01:00
1,5,5,1,1,0,2021-11-07 20:43:13+01:00
1,7,6,2,2,1,2021-11-15 23:35:18+01:00
1,5,1,1,1,0,2021-11-16 12:00:46+01:00
0,5,2,2,2,0,2021-11-17 15:42:56+01:00
4,15,9,3,2,0,2021-11-17 16:13:10+01:00
0,3,0,0,3,0,2021-11-17 20:46:12+01:00
1,9,0,0,8,0,2021-11-17 21:28:03+01:00
0,8,5,1,1,0,2021-11-22 01:31:19+01:00
0,4,1,0,3,0,2021-11-22 01:36:26+01:00
1,3,2,0,0,0,2021-12-03 11:40:30+01:00
1,2,2,1,1,1,2021-12-03 15:59:39+01:00
0,2,0,0,0,0,2021-12-03 17:36:08+01:00
0,2,0,0,0,0,2021-12-03 17:38:34+01:00
0,2,1,1,0,0,2021-12-08 18:20:55+01:00
0,1,0,0,0,0,2021-12-08 18:21:41+01:00
0,2,2,0,0,0,2021-12-14 15:24:01+01:00
0,6,4,3,2,1,2021-12-14 15:25:47+01:00
0,3,2,2,2,1,2021-12-15 22:28:23+01:00
0,3,2,2,2,1,2021-12-15 22:41:22+01:00
0,1,1,1,1,0,2021-12-15 23:03:28+01:00
0,2,2,2,2,0,2021-12-15 23:27:57+01:00
0,1,1,1,1,0,2021-12-15 23:38:10+01:00
0,2,2,1,1,0,2021-12-15 23:47:58+01:00
0,1,1,1,1,0,2021-12-21 11:58:26+01:00
1,12,6,3,2,1,2021-12-21 13:20:18+01:00
1,8,2,1,1,0,2021-12-21 14:36:44+01:00
1,1,0,0,0,0,2022-01-04 16:34:39+01:00
1,3,2,1,1,0,2022-01-05 18:55:26+01:00
1,1,0,0,0,0,2022-01-05 19:03:58+01:00
0,1,0,0,0,0,2022-01-10 17:53:57+01:00
0,1,1,0,0,0,2022-01-10 18:06:22+01:00
0,0,0,0,0,0,2022-01-10 18:06:31+01:00
0,2,2,2,2,1,2022-01-10 20:55:33+01:00
0,1,0,0,0,0,2022-01-11 02:09:34+01:00
0,1,1,1,1,0,2022-01-11 02:15:32+01:00
0,2,2,1,1,0,2022-01-11 14:49:25+01:00
0,1,1,1,1,0,2022-01-11 16:10:08+01:00
0,2,2,2,2,0,2022-01-11 17:25:09+01:00
0,1,1,1,1,0,2022-01-11 17:27:24+01:00
3,6,2,1,4,0,2022-01-11 23:29:32+01:00
0,1,0,0,1,0,2022-01-11 23:35:25+01:00
4,6,1,1,3,0,2022-01-12 01:16:33+01:00
1,1,0,0,0,0,2022-01-12 01:19:44+01:00
3,3,0,0,2,0,2022-01-12 13:52:16+01:00
3,3,0,0,2,0,2022-01-12 15:35:17+01:00
0,1,1,1,1,0,2022-01-12 17:02:53+01:00
0,1,1,0,0,0,2022-01-12 18:40:53+01:00
2,2,1,0,0,0,2022-01-13 16:04:13+01:00
0,1,1,1,1,0,2022-01-13 17:01:39+01:00
1,1,0,0,0,0,2022-01-14 18:03:05+01:00
1,6,1,1,1,0,2022-01-14 18:18:32+01:00
0,0,0,0,0,0,2022-01-14 18:20:15+01:00
0,1,1,1,1,0,2022-01-15 00:25:25+01:00
0,0,0,0,0,0,2022-01-15 00:25:33+01:00
1,2,1,1,1,0,2022-01-15 19:00:48+01:00
1,1,0,0,0,0,2022-01-15 20:04:04+01:00
1,1,0,0,0,0,2022-01-15 21:40:15+01:00
0,1,1,0,0,0,2022-01-16 01:05:29+01:00
0,1,1,1,1,0,2022-01-16 04:12:19+01:00
1,3,2,1,1,0,2022-01-16 15:14:11+01:00
4,4,0,0,3,0,2022-01-18 14:56:10+01:00
0,0,0,0,0,0,2022-01-18 23:53:22+01:00
0,0,0,0,0,0,2022-01-19 00:14:52+01:00
2,4,1,1,1,0,2022-01-19 12:38:51+01:00
0,0,0,0,0,0,2022-01-19 12:39:01+01:00
0,1,1,1,1,0,2022-01-19 13:29:38+01:00
0,2,2,2,2,0,2022-01-19 18:48:53+01:00
0,1,1,1,1,0,2022-01-19 22:23:44+01:00
0,1,1,1,1,0,2022-01-19 22:26:10+01:00
1,3,2,2,2,0,2022-01-19 22:44:28+01:00
0,1,1,0,0,0,2022-01-20 18:20:01+01:00
0,1,1,0,0,0,2022-01-20 19:23:35+01:00
0,1,1,0,0,0,2022-01-20 19:46:27+01:00
0,1,1,0,0,0,2022-01-20 20:02:47+01:00
0,1,1,0,0,0,2022-01-20 20:07:28+01:00
0,1,1,0,0,0,2022-01-22 03:59:30+01:00
2,5,4,2,2,0,2022-01-22 12:25:24+01:00
0,1,1,1,1,0,2022-01-22 16:52:26+01:00
0,2,1,1,1,0,2022-01-22 17:04:12+01:00
0,1,1,1,1,0,2022-01-22 20:04:07+01:00
0,3,3,1,1,0,2022-01-23 16:16:12+01:00
0,1,1,0,0,0,2022-01-23 16:28:15+01:00
1,4,4,3,3,0,2022-01-24 02:02:14+01:00
0,3,3,1,1,0,2022-01-24 02:14:26+01:00
0,1,1,1,0,0,2022-01-24 17:01:03+01:00
1,2,1,0,0,0,2022-01-24 17:17:41+01:00
1,2,1,0,0,0,2022-01-24 17:24:13+01:00
1,2,0,0,0,0,2022-01-24 17:56:18+01:00
0,1,1,1,0,0,2022-01-24 18:43:34+01:00
1,1,1,0,0,0,2022-01-24 19:25:38+01:00
1,1,1,0,0,0,2022-01-24 20:14:51+01:00
0,1,1,1,0,0,2022-01-24 23:57:23+01:00
0,1,1,1,0,0,2022-01-25 00:10:25+01:00
0,1,1,1,0,0,2022-01-25 00:19:27+01:00
0,1,1,1,0,0,2022-01-25 00:32:25+01:00
1,2,2,1,1,0,2022-01-25 13:16:52+01:00
1,1,0,0,0,0,2022-01-25 13:27:45+01:00
0,1,0,0,0,0,2022-01-25 15:04:46+01:00
0,2,2,2,2,0,2022-01-25 20:04:49+01:00
4,14,7,4,7,0,2022-01-25 22:47:28+01:00
0,3,3,2,2,0,2022-01-25 23:20:54+01:00
0,1,1,1,1,0,2022-01-25 23:39:51+01:00
0,1,1,1,1,0,2022-01-26 00:41:06+01:00
0,1,1,1,1,0,2022-01-26 00:54:29+01:00
0,1,1,1,1,0,2022-01-26 01:00:25+01:00
1,2,1,1,2,0,2022-01-26 01:08:18+01:00
0,2,2,2,1,0,2022-01-26 11:58:33+01:00
0,2,1,1,0,0,2022-01-26 17:40:24+01:00
0,1,1,1,1,0,2022-01-26 18:49:48+01:00
0,1,1,0,0,0,2022-01-26 22:22:39+01:00
1,2,1,1,1,0,2022-01-27 17:20:55+01:00
1,3,1,1,1,0,2022-01-27 17:37:37+01:00
0,5,0,0,0,0,2022-01-27 18:23:25+01:00
6,13,3,3,8,0,2022-01-27 19:00:19+01:00
1,1,0,0,0,0,2022-01-27 19:09:37+01:00
2,3,0,0,2,0,2022-01-27 23:39:41+01:00
0,1,0,0,0,0,2022-01-28 14:15:57+01:00
0,1,1,1,1,0,2022-01-29 12:13:02+01:00
0,2,2,2,2,0,2022-01-29 18:04:20+01:00
2,4,2,1,0,0,2022-01-30 15:19:27+01:00
0,1,0,0,0,0,2022-01-30 18:16:47+01:00
0,1,1,1,0,0,2022-01-30 18:20:59+01:00
1,1,1,0,0,0,2022-01-31 00:30:15+01:00
1,4,2,2,2,0,2022-02-03 12:14:42+01:00
1,4,3,2,2,0,2022-02-03 14:02:12+01:00
1,1,0,0,0,0,2022-02-03 15:27:57+01:00
1,1,0,0,0,0,2022-02-03 18:25:11+01:00
1,4,3,0,0,0,2022-02-04 11:29:54+01:00
0,0,0,0,0,0,2022-02-04 11:35:18+01:00
0,2,1,0,0,0,2022-02-04 11:49:53+01:00
0,1,0,0,0,0,2022-02-04 11:56:30+01:00
0,2,2,2,2,0,2022-02-04 15:29:25+01:00
0,1,1,0,0,0,2022-02-04 22:20:08+01:00
0,1,0,0,0,0,2022-02-05 11:46:17+01:00
0,2,1,0,0,0,2022-02-05 11:52:40+01:00
0,1,0,0,0,0,2022-02-05 20:52:27+01:00
0,1,1,0,0,0,2022-02-06 12:48:48+01:00
1,4,2,0,0,0,2022-02-07 13:40:19+01:00
0,1,0,0,0,0,2022-02-07 13:48:10+01:00
1,2,1,0,0,0,2022-02-07 14:37:00+01:00
0,1,0,0,0,0,2022-02-07 14:40:42+01:00
1,1,1,0,0,0,2022-02-07 14:45:14+01:00
0,1,0,0,0,0,2022-02-07 14:46:10+01:00
1,4,2,0,0,0,2022-02-07 15:04:31+01:00
0,1,0,0,0,0,2022-02-07 15:11:00+01:00
1,1,1,0,0,0,2022-02-07 15:16:38+01:00
1,1,1,0,0,0,2022-02-07 15:18:16+01:00
1,2,1,0,0,0,2022-02-07 15:21:59+01:00
1,2,1,0,0,0,2022-02-07 15:25:10+01:00
1,2,1,0,0,0,2022-02-07 16:22:39+01:00
2,3,1,0,0,0,2022-02-07 16:41:39+01:00
2,2,1,0,0,0,2022-02-07 17:13:03+01:00
2,5,4,3,3,0,2022-02-07 17:40:57+01:00
1,2,1,0,0,0,2022-02-08 13:45:47+01:00
0,2,1,1,1,0,2022-02-08 19:53:13+01:00
0,1,1,1,1,0,2022-02-08 22:40:14+01:00
0,2,1,1,1,0,2022-02-08 22:58:16+01:00
1,3,3,1,1,0,2022-02-10 18:01:55+01:00
1,3,3,1,1,0,2022-02-10 18:44:46+01:00
1,1,1,0,0,0,2022-02-10 18:49:21+01:00
1,1,1,0,0,0,2022-02-10 18:51:28+01:00
1,1,1,0,0,0,2022-02-10 19:00:47+01:00
1,5,3,0,0,0,2022-02-10 21:55:10+01:00
0,2,0,0,0,0,2022-02-10 23:20:19+01:00
1,1,0,0,0,0,2022-02-10 23:27:26+01:00
1,1,1,0,0,0,2022-02-11 00:44:57+01:00
1,2,2,0,0,0,2022-02-11 14:33:45+01:00
0,3,1,0,0,0,2022-02-12 00:37:43+01:00
0,5,5,4,4,0,2022-02-13 00:24:53+01:00
0,3,3,3,3,0,2022-02-13 00:37:34+01:00
0,1,0,0,0,0,2022-02-13 12:28:11+01:00
0,2,1,0,0,1,2022-02-13 12:40:15+01:00
1,3,3,1,1,0,2022-02-14 00:23:57+01:00
0,7,4,3,3,0,2022-02-14 12:11:35+01:00
2,10,2,2,2,0,2022-02-15 19:53:30+01:00
0,0,0,0,0,0,2022-02-15 20:12:47+01:00
1,1,1,1,1,0,2022-02-16 18:43:52+01:00
1,1,1,1,1,0,2022-02-16 19:15:59+01:00
1,1,0,0,0,0,2022-02-16 20:37:58+01:00
1,1,0,0,0,0,2022-02-16 20:51:57+01:00
0,9,5,4,4,0,2022-02-18 14:57:29+01:00
0,1,1,0,0,0,2022-02-18 15:06:14+01:00
3,11,6,6,6,2,2022-02-19 00:00:49+01:00
5,7,2,1,4,0,2022-02-19 00:56:56+01:00
3,3,2,1,1,0,2022-02-19 01:21:13+01:00
0,1,1,1,1,0,2022-02-19 01:30:12+01:00
0,2,2,1,1,0,2022-02-19 11:54:49+01:00
0,0,1,0,0,0,2022-02-19 12:18:32+01:00
0,6,2,1,1,0,2022-02-19 14:42:05+01:00
0,1,1,0,0,0,2022-02-19 14:43:38+01:00
5,12,3,3,6,0,2022-02-20 00:43:48+01:00
5,9,2,2,6,0,2022-02-20 13:43:30+01:00
1,5,4,4,4,0,2022-02-20 20:04:04+01:00
0,3,3,2,2,0,2022-02-20 22:40:20+01:00
0,1,1,0,0,0,2022-02-20 22:46:46+01:00
0,1,1,0,0,0,2022-02-20 22:55:03+01:00
0,1,1,0,0,0,2022-02-20 22:58:04+01:00
0,1,1,0,0,0,2022-02-20 22:59:14+01:00
0,1,1,0,0,0,2022-02-20 23:00:40+01:00
0,0,0,0,0,0,2022-02-20 23:32:03+01:00
0,3,3,2,2,0,2022-02-21 01:06:28+01:00
0,0,0,0,0,0,2022-02-21 01:08:07+01:00
0,1,1,0,0,0,2022-02-21 01:09:25+01:00
2,3,1,1,1,0,2022-02-22 14:28:16+01:00
2,2,1,1,0,0,2022-02-22 20:38:48+01:00
1,1,1,1,0,0,2022-02-22 21:49:27+01:00
1,1,1,1,0,0,2022-02-22 21:55:31+01:00
3,5,2,2,1,0,2022-02-23 17:13:44+01:00
3,1,1,0,0,0,2022-02-23 17:51:28+01:00
2,0,0,0,0,0,2022-02-23 17:56:51+01:00
2,1,1,1,1,0,2022-02-23 18:08:43+01:00
2,1,1,1,1,0,2022-02-23 18:37:01+01:00
2,1,1,1,1,0,2022-02-23 18:52:19+01:00
1,2,2,2,1,0,2022-02-24 18:40:55+01:00
2,2,2,1,1,0,2022-02-24 22:04:42+01:00
1,1,1,0,0,0,2022-02-24 22:08:02+01:00
0,2,2,2,2,0,2022-02-25 14:05:41+01:00
2,4,4,3,3,0,2022-02-25 14:37:59+01:00
1,1,1,1,1,0,2022-02-25 14:47:35+01:00
0,1,1,1,1,0,2022-02-25 14:54:24+01:00
1,1,1,0,0,0,2022-02-28 12:58:39+01:00
0,1,0,0,0,0,2022-02-28 13:04:08+01:00
1,3,1,1,0,0,2022-02-28 14:55:40+01:00
2,2,2,1,0,0,2022-02-28 18:53:30+01:00
1,2,1,1,0,0,2022-02-28 19:44:06+01:00
0,0,0,0,0,0,2022-02-28 22:14:16+01:00
0,0,0,0,0,0,2022-02-28 22:20:02+01:00
0,0,0,0,0,0,2022-03-01 00:41:40+01:00
0,0,0,0,0,0,2022-03-01 21:08:28+01:00
0,0,0,0,0,0,2022-03-02 12:36:46+01:00
2,4,1,0,0,0,2022-03-02 21:54:52+01:00
0,0,0,0,0,0,2022-03-02 21:55:07+01:00
2,2,1,0,1,0,2022-03-02 21:58:52+01:00
1,1,0,0,0,0,2022-03-02 22:07:12+01:00
2,3,0,0,0,0,2022-03-03 00:56:15+01:00
0,0,0,0,0,0,2022-03-03 01:03:52+01:00
0,0,0,0,0,0,2022-03-03 01:07:46+01:00
1,1,1,0,0,0,2022-03-03 11:52:26+01:00
0,0,0,0,0,0,2022-03-03 11:52:43+01:00
0,2,2,0,0,0,2022-03-03 12:00:28+01:00
0,2,2,0,0,0,2022-03-03 12:08:37+01:00
0,2,2,0,0,0,2022-03-03 12:40:06+01:00
3,3,2,0,0,2,2022-03-04 17:52:23+01:00
0,2,2,1,1,0,2022-03-04 18:23:15+01:00
1,1,1,0,0,0,2022-03-05 20:39:36+01:00
0,0,1,0,0,0,2022-03-05 20:40:35+01:00
2,2,0,0,1,0,2022-03-07 14:41:22+01:00
1,3,2,0,1,0,2022-03-07 18:02:57+01:00
0,1,1,1,1,0,2022-03-07 19:17:27+01:00
1,1,0,0,0,0,2022-03-07 23:58:03+01:00
0,0,0,0,0,0,2022-03-08 11:26:12+01:00
3,3,2,1,2,0,2022-03-08 20:33:16+01:00
0,0,0,0,0,0,2022-03-08 21:49:09+01:00
0,0,0,0,0,0,2022-03-08 21:58:39+01:00
0,0,1,0,0,0,2022-03-08 22:40:16+01:00
3,3,2,1,1,0,2022-03-10 14:30:46+01:00
1,1,0,0,1,0,2022-03-10 14:45:28+01:00
0,0,0,0,0,0,2022-03-10 23:12:29+01:00
0,0,0,0,0,0,2022-03-11 10:17:02+01:00
3,11,11,6,5,1,2022-03-14 11:06:49+01:00
0,0,0,0,0,0,2022-03-14 11:07:29+01:00
0,1,1,0,0,0,2022-03-14 15:13:38+01:00
1,3,1,0,0,0,2022-03-14 17:43:51+01:00
1,2,1,0,0,0,2022-03-14 22:39:37+01:00
1,1,0,0,0,0,2022-03-14 22:40:11+01:00
0,1,2,1,1,0,2022-03-15 10:57:51+01:00
0,1,1,1,1,0,2022-03-15 17:11:34+01:00
1,2,2,0,1,0,2022-03-19 00:32:46+01:00
1,1,0,0,1,0,2022-03-19 19:25:19+01:00
1,1,0,0,1,0,2022-03-19 19:46:40+01:00
0,0,0,0,0,0,2022-03-19 19:47:30+01:00
0,0,0,0,0,0,2022-03-19 19:49:00+01:00
0,1,0,0,1,0,2022-04-19 13:14:23+02:00
0,0,0,0,0,0,2022-04-28 12:22:41+02:00
3,16,8,4,5,0,2022-05-02 18:21:06+02:00
0,0,0,0,0,0,2022-05-03 14:59:48+02:00
0,1,1,0,0,0,2022-05-03 18:02:58+02:00
2,4,2,2,3,0,2022-05-04 02:08:39+02:00
0,0,0,0,0,0,2022-05-04 02:11:05+02:00
0,0,0,0,0,0,2022-05-04 03:03:02+02:00
1,4,4,2,2,0,2022-05-04 17:09:55+02:00
0,0,0,0,0,0,2022-05-04 17:16:14+02:00
1,2,2,0,0,0,2022-05-04 17:27:45+02:00
1,1,1,0,0,0,2022-05-04 17:29:36+02:00
0,2,2,0,0,0,2022-05-04 18:43:32+02:00
1,4,4,0,0,0,2022-05-04 19:19:09+02:00
1,3,3,0,0,0,2022-05-05 02:36:01+02:00
1,1,1,0,0,0,2022-05-05 02:52:47+02:00
1,4,4,0,0,0,2022-05-06 01:52:40+02:00
0,0,0,0,0,0,2022-05-06 02:12:59+02:00
2,5,1,1,1,1,2022-05-06 13:32:51+02:00
0,0,0,0,0,0,2022-05-06 14:22:28+02:00
0,3,4,2,2,0,2022-05-06 17:07:47+02:00
0,0,0,0,0,0,2022-05-06 18:08:25+02:00
2,5,4,0,0,0,2022-05-08 21:28:27+02:00
1,1,0,0,0,0,2022-05-08 21:47:54+02:00
1,3,3,0,0,0,2022-05-08 23:53:01+02:00
0,1,1,0,0,0,2022-05-09 02:14:31+02:00
0,0,0,0,0,0,2022-05-09 02:16:08+02:00
0,1,1,0,0,0,2022-05-09 02:17:11+02:00
0,3,3,2,2,0,2022-05-09 11:43:30+02:00
1,1,0,0,1,0,2022-05-09 11:56:35+02:00
2,8,2,1,1,1,2022-05-09 16:00:03+02:00
0,0,0,0,0,0,2022-05-09 16:14:18+02:00
1,3,2,1,1,0,2022-05-09 16:22:13+02:00
0,0,0,0,0,0,2022-05-09 16:31:14+02:00
1,1,1,0,0,0,2022-05-09 16:42:01+02:00
1,1,0,0,0,0,2022-05-09 16:43:50+02:00
0,0,0,0,0,0,2022-05-09 16:49:43+02:00
1,2,1,0,0,0,2022-05-09 16:50:42+02:00
1,1,0,0,0,0,2022-05-09 17:01:26+02:00
0,1,1,0,0,0,2022-05-09 17:08:55+02:00
0,0,0,0,0,0,2022-05-10 13:08:42+02:00
0,0,0,0,0,0,2022-05-10 14:37:36+02:00
1,1,1,1,1,0,2022-05-10 15:35:00+02:00
2,17,9,5,4,2,2022-05-10 16:46:29+02:00
1,1,1,0,0,0,2022-05-10 19:29:10+02:00
0,4,0,0,0,1,2022-05-11 03:29:33+02:00
0,1,0,0,0,0,2022-05-11 03:43:49+02:00
0,1,0,0,0,0,2022-05-11 04:20:55+02:00
1,3,2,0,0,0,2022-05-11 17:42:47+02:00
0,0,0,0,0,0,2022-05-11 17:43:37+02:00
1,2,0,0,0,0,2022-05-11 23:29:05+02:00
0,0,1,0,0,0,2022-05-13 00:12:22+02:00
0,1,1,0,0,1,2022-05-13 15:52:20+02:00
1,1,0,0,0,0,2022-05-13 20:56:45+02:00
0,1,1,1,1,0,2022-05-13 23:27:30+02:00
0,1,0,0,0,0,2022-05-14 01:50:41+02:00
0,1,1,0,0,1,2022-05-14 16:59:20+02:00
0,0,1,0,0,0,2022-05-17 17:31:56+02:00
0,1,1,1,1,0,2022-05-17 22:21:01+02:00
0,1,1,1,1,0,2022-05-17 22:21:17+02:00
0,1,1,1,1,0,2022-05-17 22:26:42+02:00
0,1,1,1,1,0,2022-05-17 22:26:53+02:00
1,1,1,1,1,0,2022-05-19 12:42:39+02:00
0,0,0,0,0,0,2022-05-19 12:42:47+02:00
0,1,1,0,0,0,2022-05-19 21:35:38+02:00
0,0,0,0,0,0,2022-05-20 11:28:56+02:00
0,0,0,0,0,0,2022-05-20 11:29:42+02:00
1,1,0,0,1,0,2022-05-20 13:38:20+02:00
0,0,0,0,0,0,2022-06-03 18:25:29+02:00
0,2,1,1,0,0,2022-06-03 18:44:58+02:00
0,0,0,0,0,0,2022-06-06 21:20:30+02:00
1,1,0,0,1,0,2022-06-10 18:46:41+02:00
0,1,1,0,0,0,2022-06-22 13:56:18+02:00
1,1,1,0,0,0,2022-06-28 17:45:53+02:00
0,0,0,0,0,0,2022-06-28 17:46:25+02:00
0,0,0,0,0,0,2022-07-01 11:36:01+02:00
