Acquisition,Preparation,Modeling,Training,Evaluation,Prediction,time
0,0,0,0,0,0,2019-05-13 11:20:56+02:00
9,10,0,3,0,3,2019-07-25 15:09:29+02:00
0,0,0,0,0,0,2019-07-25 15:10:21+02:00
0,0,0,0,0,0,2019-07-25 15:10:23+02:00
0,0,0,0,0,0,2019-07-25 15:10:29+02:00
0,0,0,0,0,0,2019-07-25 15:11:58+02:00
1,0,0,0,0,0,2019-07-25 20:08:17+02:00
0,0,0,0,0,0,2019-07-25 20:08:23+02:00
0,0,0,0,0,0,2019-07-25 20:08:27+02:00
1,0,0,0,0,0,2019-07-25 20:34:01+02:00
0,0,0,0,0,0,2019-07-25 20:34:09+02:00
0,0,0,0,0,0,2019-07-25 20:35:00+02:00
1,0,0,0,0,0,2019-07-25 20:48:39+02:00
0,0,0,0,0,0,2019-07-25 20:48:49+02:00
0,0,0,0,0,0,2019-07-25 20:49:18+02:00
0,1,0,0,0,0,2019-10-15 10:08:59+02:00
0,1,0,0,0,0,2019-10-15 17:27:44+02:00
0,0,0,0,0,0,2019-10-17 19:44:33+02:00
1,2,0,1,0,1,2019-10-17 20:47:26+02:00
0,0,0,0,0,0,2019-10-17 20:48:11+02:00
0,0,0,0,0,0,2019-10-17 20:48:25+02:00
0,0,0,0,0,0,2019-10-17 20:48:29+02:00
0,0,0,0,0,0,2019-10-17 20:48:52+02:00
0,0,0,0,0,0,2019-10-17 20:54:58+02:00
0,0,0,0,0,0,2019-10-17 20:55:04+02:00
0,0,0,0,0,0,2019-10-17 20:55:08+02:00
0,0,0,0,0,0,2019-10-18 00:14:36+02:00
0,0,0,0,0,0,2019-10-18 00:14:38+02:00
0,0,0,0,0,0,2019-10-18 00:14:43+02:00
0,0,0,0,0,0,2019-10-18 00:17:03+02:00
0,0,0,0,0,0,2019-10-18 00:17:09+02:00
0,0,0,0,0,0,2019-10-18 00:17:14+02:00
0,0,0,0,0,0,2019-10-18 00:34:29+02:00
0,0,0,0,0,0,2019-10-18 00:34:35+02:00
0,0,0,0,0,0,2019-10-18 00:34:39+02:00
5,8,0,6,0,4,2019-10-18 17:51:26+02:00
0,0,0,0,0,0,2019-10-18 17:54:51+02:00
0,0,0,0,0,0,2019-10-18 17:55:36+02:00
0,0,0,0,0,0,2019-10-18 17:56:17+02:00
0,0,0,0,0,0,2019-10-18 17:56:24+02:00
0,0,0,0,0,0,2019-10-18 17:56:26+02:00
0,0,0,0,0,0,2019-10-18 17:56:45+02:00
0,0,0,0,0,0,2019-10-18 18:00:11+02:00
0,0,0,0,0,0,2019-10-18 18:00:19+02:00
0,0,0,0,0,0,2019-10-18 18:00:39+02:00
4,7,0,5,0,3,2019-10-18 20:03:21+02:00
0,0,0,0,0,0,2019-10-18 20:05:08+02:00
0,0,0,0,0,0,2019-10-18 20:05:30+02:00
3,3,0,3,0,2,2019-10-22 15:02:33+02:00
0,0,0,0,0,0,2019-10-22 15:03:25+02:00
0,0,0,0,0,0,2019-10-22 15:03:56+02:00
3,3,0,3,0,1,2019-11-09 11:26:52+01:00
1,1,0,1,0,1,2019-11-09 11:32:30+01:00
1,3,0,2,0,1,2020-07-27 16:01:33+02:00
0,0,0,0,0,0,2020-07-27 19:29:57+02:00
0,0,0,0,0,0,2020-07-27 19:30:05+02:00
0,0,0,0,0,0,2020-07-27 19:30:16+02:00
0,0,0,0,0,0,2020-07-27 19:30:38+02:00
0,0,0,0,0,0,2020-07-27 19:46:07+02:00
0,0,0,0,0,0,2020-07-27 19:46:16+02:00
0,0,0,0,0,0,2020-07-27 19:46:52+02:00
1,0,0,0,0,0,2020-08-19 11:32:02+02:00
0,0,0,0,0,0,2020-08-19 11:32:07+02:00
0,0,0,0,0,0,2020-08-19 11:32:44+02:00
1,1,0,0,0,0,2020-08-19 13:36:00+02:00
0,0,0,0,0,0,2020-08-19 13:36:12+02:00
0,0,0,0,0,0,2020-08-19 13:36:38+02:00
1,0,0,0,0,0,2020-08-19 13:43:38+02:00
0,0,0,0,0,0,2020-08-19 13:43:40+02:00
0,0,0,0,0,0,2020-08-19 13:44:30+02:00
1,0,0,0,0,0,2020-08-31 08:56:26+02:00
0,0,0,0,0,0,2020-08-31 09:15:16+02:00
1,0,0,0,0,0,2020-08-31 09:17:27+02:00
0,0,0,0,0,0,2020-08-31 09:19:33+02:00
0,0,0,0,0,0,2020-08-31 09:19:38+02:00
0,0,0,0,0,0,2020-08-31 09:19:42+02:00
0,0,0,0,0,0,2020-08-31 09:20:08+02:00
1,1,0,1,0,1,2020-10-26 00:00:42+01:00
0,0,0,0,0,0,2020-10-26 10:45:02+01:00
1,2,0,2,0,1,2020-11-11 17:46:02+01:00
1,1,0,1,0,1,2020-11-13 18:30:27+01:00
1,1,0,1,0,1,2020-11-15 23:28:01+01:00
0,0,0,0,0,0,2020-11-15 23:33:34+01:00
3,4,0,0,0,0,2020-11-15 23:53:54+01:00
1,1,0,1,0,1,2020-11-16 01:01:16+01:00
2,3,0,1,0,1,2020-11-17 12:53:22+01:00
1,1,0,0,0,0,2020-11-17 13:13:30+01:00
1,1,0,0,0,0,2020-11-17 14:19:52+01:00
2,2,0,0,0,0,2020-11-17 14:27:47+01:00
0,0,0,0,0,0,2020-11-17 14:34:50+01:00
0,0,0,0,0,0,2020-11-30 12:18:56+01:00
1,1,0,1,0,1,2020-11-30 13:18:51+01:00
1,1,0,1,0,1,2020-11-30 13:29:33+01:00
3,4,0,4,0,2,2020-11-30 14:17:38+01:00
1,1,0,1,0,1,2020-11-30 14:25:40+01:00
2,3,0,3,0,2,2020-11-30 20:24:18+01:00
0,1,0,1,0,1,2020-11-30 20:52:32+01:00
0,0,0,0,0,0,2020-12-01 20:37:39+01:00
0,4,0,2,0,1,2020-12-17 23:56:55+01:00
1,2,0,1,0,1,2020-12-18 02:32:11+01:00
0,3,0,1,0,1,2020-12-18 18:10:35+01:00
1,2,0,0,0,0,2021-01-15 17:53:59+01:00
1,1,0,0,0,0,2021-01-19 23:33:46+01:00
1,1,0,0,0,0,2021-01-20 01:25:53+01:00
2,2,0,0,0,0,2021-01-20 01:45:03+01:00
1,1,0,0,0,0,2021-01-25 01:14:50+01:00
0,1,0,0,0,0,2021-01-25 01:22:56+01:00
0,1,0,0,0,0,2021-01-25 01:25:55+01:00
0,2,0,1,0,0,2021-01-25 01:49:00+01:00
0,0,0,0,0,0,2021-01-25 02:01:58+01:00
0,0,0,0,0,0,2021-01-25 02:22:16+01:00
0,0,0,0,0,0,2021-01-25 02:25:44+01:00
0,0,0,0,0,0,2021-01-25 03:41:31+01:00
0,1,0,0,0,0,2021-01-25 03:45:21+01:00
1,1,0,0,0,0,2021-01-25 03:49:04+01:00
1,1,0,0,0,0,2021-01-26 13:49:18+01:00
0,0,0,0,0,0,2021-01-26 14:05:30+01:00
0,0,0,0,0,0,2021-01-26 14:15:33+01:00
0,0,0,0,0,0,2021-01-28 14:57:10+01:00
0,0,0,0,0,0,2021-01-28 14:57:25+01:00
0,0,0,0,0,0,2021-01-28 14:57:33+01:00
0,0,0,0,0,0,2021-01-28 14:58:13+01:00
5,5,0,5,0,3,2021-02-22 15:30:36+01:00
0,0,0,0,0,0,2021-02-22 16:03:16+01:00
0,2,0,2,0,1,2021-02-23 13:59:23+01:00
0,1,0,0,0,0,2021-02-23 13:59:51+01:00
1,1,0,1,0,0,2021-02-23 14:00:37+01:00
1,2,0,1,0,0,2021-02-23 14:38:44+01:00
1,1,0,0,0,0,2021-02-23 15:36:41+01:00
0,1,0,0,0,0,2021-02-23 15:43:03+01:00
0,0,0,0,0,0,2021-03-02 11:05:10+01:00
3,3,0,3,0,2,2021-03-02 11:11:29+01:00
1,2,0,0,0,0,2021-03-27 22:18:03+01:00
1,2,0,0,0,0,2021-03-28 14:32:54+02:00
2,2,0,1,0,0,2021-03-28 17:10:41+02:00
2,6,0,4,0,3,2021-03-31 12:33:45+02:00
1,0,0,0,0,0,2021-04-22 17:28:54+02:00
0,0,0,0,0,0,2021-04-22 17:45:51+02:00
0,0,0,0,0,0,2021-04-22 17:46:14+02:00
