Acquisition,Preparation,Modeling,Training,Evaluation,Prediction,time
0,0,0,0,0,0,2019-12-25 22:11:13+02:00
0,0,0,0,0,0,2019-12-26 22:43:49+02:00
0,1,0,1,0,1,2019-12-26 23:27:29+02:00
0,0,0,0,0,0,2019-12-28 20:10:10+02:00
0,1,0,0,0,0,2019-12-28 21:09:42+02:00
0,1,0,0,0,0,2019-12-29 10:09:13+02:00
0,1,0,0,0,0,2019-12-29 22:50:43+02:00
0,1,0,0,0,0,2019-12-29 23:14:37+02:00
0,2,0,1,0,1,2019-12-31 23:36:15+02:00
0,0,0,0,0,0,2019-12-31 23:39:56+02:00
0,1,0,0,0,0,2019-12-31 23:53:15+02:00
0,2,0,1,0,1,2020-01-01 11:21:31+02:00
0,2,0,1,0,1,2020-01-01 12:53:26+02:00
0,1,0,1,0,1,2020-01-03 18:23:13+02:00
0,0,0,0,0,0,2020-01-03 18:33:11+02:00
0,3,0,2,0,2,2020-01-06 23:59:08+02:00
0,2,0,1,0,1,2020-01-07 21:01:21+02:00
0,2,0,1,0,1,2020-01-10 22:49:18+02:00
0,0,0,0,0,0,2020-01-12 09:39:33+02:00
0,1,0,0,0,0,2020-02-18 15:20:49+02:00
0,0,0,0,0,0,2020-02-18 15:28:02+02:00
0,1,0,1,0,1,2020-07-12 08:17:21+03:00
0,1,0,1,0,1,2020-07-14 21:41:01+03:00
0,1,0,0,0,0,2020-07-20 18:25:15+03:00
4,4,3,4,1,4,2020-08-03 20:53:14+03:00
3,5,3,5,3,5,2020-08-04 20:16:59+03:00
0,3,1,2,1,2,2020-08-05 22:51:11+03:00
0,1,1,1,1,1,2020-08-06 08:53:36+03:00
0,5,1,4,1,4,2020-08-09 11:39:50+03:00
0,0,0,0,0,0,2020-08-15 20:14:01+03:00
0,0,0,0,0,0,2020-08-17 21:58:05+03:00
0,0,0,0,0,0,2020-08-17 21:59:25+03:00
0,3,1,2,1,2,2020-08-20 18:26:17+03:00
0,0,0,0,0,0,2020-08-21 08:57:10+03:00
0,0,0,0,0,0,2020-08-21 13:08:39+03:00
0,1,0,0,0,0,2020-08-30 13:24:22+03:00
0,4,1,1,1,1,2020-09-01 19:40:07+03:00
0,0,0,0,0,0,2020-09-01 19:45:19+03:00
0,1,1,1,1,1,2020-09-02 10:48:56+03:00
0,0,0,0,0,0,2020-09-02 17:00:17+03:00
0,0,0,0,0,0,2020-09-03 12:47:43+03:00
0,0,0,0,0,0,2020-09-05 22:06:02+03:00
0,0,0,0,0,0,2020-09-05 22:06:28+03:00
0,2,0,0,0,0,2020-09-10 15:06:50+03:00
0,1,0,0,0,0,2020-09-10 15:16:01+03:00
0,0,0,0,0,0,2020-09-10 17:38:01+03:00
0,0,0,0,0,0,2020-09-10 18:37:28+03:00
0,0,0,0,0,0,2020-09-10 20:04:07+03:00
0,0,0,0,0,0,2020-09-11 08:59:53+03:00
0,1,0,0,0,0,2020-09-16 13:09:43+03:00
0,0,0,0,0,0,2020-09-18 16:02:17+03:00
0,1,0,0,0,0,2020-09-19 12:33:37+03:00
0,0,0,0,0,0,2020-09-25 19:13:44+03:00
0,0,0,0,0,0,2020-09-25 19:24:25+00:00
1,2,1,1,0,1,2020-09-25 22:43:31+03:00
0,0,0,0,0,0,2020-09-25 22:48:03+03:00
0,4,1,2,2,2,2020-09-26 15:18:00+03:00
0,0,0,0,0,0,2020-09-26 17:28:36+03:00
0,1,0,0,0,0,2020-10-03 20:11:24+03:00
1,2,2,2,2,2,2020-10-04 15:48:26+03:00
0,0,0,0,0,0,2020-10-08 18:47:12+03:00
0,1,1,1,1,1,2020-11-02 19:36:44+02:00
0,0,0,0,0,0,2020-11-07 16:52:55+02:00
0,0,0,0,0,0,2020-11-07 16:59:16+02:00
0,1,0,0,0,0,2020-11-07 17:06:01+02:00
0,1,1,1,1,1,2020-11-07 17:13:10+02:00
0,1,0,1,0,1,2021-02-13 10:56:59+02:00
1,7,2,4,3,4,2021-02-13 11:43:21+02:00
0,0,0,0,0,0,2021-02-14 17:35:15+02:00
0,0,0,0,0,0,2021-02-14 18:09:55+02:00
3,5,4,5,5,5,2021-02-17 20:10:54+02:00
0,3,0,2,0,2,2021-02-17 20:12:52+02:00
0,1,0,1,1,1,2021-02-17 21:07:01+02:00
0,0,0,0,0,0,2021-08-18 21:00:47+03:00
0,0,0,0,0,0,2021-08-18 21:01:18+03:00
0,0,0,0,0,0,2021-08-18 21:03:36+03:00
0,1,0,1,1,1,2021-08-18 21:07:10+03:00
