Acquisition,Preparation,Modeling,Training,Evaluation,Prediction,time
0,0,0,0,0,0,2019-01-28 16:41:10-08:00
0,0,0,0,0,0,2019-01-28 16:58:38-08:00
0,0,0,0,0,0,2019-01-29 00:06:00-08:00
0,0,0,0,0,0,2019-01-29 00:08:27-08:00
1,1,0,0,0,0,2019-01-29 00:08:45-08:00
0,0,0,0,0,0,2019-01-29 01:36:58-08:00
0,0,0,0,0,0,2019-01-29 02:10:22-08:00
0,0,0,0,0,0,2019-01-29 08:05:54-08:00
1,1,0,0,0,0,2019-01-29 08:59:09-08:00
0,0,0,0,0,0,2019-01-29 09:00:55-08:00
1,1,0,0,0,0,2019-01-29 10:37:10-08:00
0,0,0,0,0,0,2019-01-29 11:36:11-08:00
2,1,0,0,0,0,2019-01-31 20:36:58-08:00
0,1,0,0,0,0,2019-01-31 21:12:28-08:00
2,1,0,0,0,0,2019-01-31 23:10:05-08:00
0,2,0,0,0,0,2019-01-31 23:52:33-08:00
0,0,0,0,0,0,2019-02-01 00:15:08-08:00
0,0,0,0,0,0,2019-02-01 07:42:42-08:00
0,0,0,0,0,0,2019-02-01 07:52:18-08:00
0,0,0,0,0,0,2019-02-01 07:59:21-08:00
0,1,0,0,0,0,2019-02-01 08:01:53-08:00
0,0,0,0,0,0,2019-02-02 00:34:31-08:00
0,0,0,0,0,0,2019-02-02 00:36:55-08:00
0,0,0,0,0,0,2019-02-04 14:11:15-08:00
1,2,0,0,0,0,2019-02-04 19:28:56-08:00
0,0,0,0,0,0,2019-02-04 19:31:40-08:00
0,1,0,0,0,0,2019-02-04 20:25:42-08:00
0,0,0,0,0,0,2019-02-04 20:28:31-08:00
0,0,0,0,0,0,2019-02-04 21:54:38-08:00
0,0,0,0,0,0,2019-02-04 21:55:07-08:00
0,0,0,0,0,0,2019-02-04 22:33:31-08:00
0,0,0,0,0,0,2019-02-14 08:31:08-08:00
0,0,0,0,0,0,2019-04-08 16:55:59-07:00
2,3,0,0,0,0,2019-04-23 11:27:18-07:00
0,0,0,0,0,0,2019-04-23 11:59:09-07:00
0,0,0,0,0,0,2019-04-23 12:05:00-07:00
0,0,0,0,0,0,2019-04-23 12:08:01-07:00
0,0,0,0,0,0,2019-05-09 12:58:23-07:00
0,0,0,0,0,0,2019-05-09 13:02:36-07:00
0,0,0,0,0,0,2019-05-21 10:08:13-07:00
0,0,0,0,0,0,2019-05-21 10:13:19-07:00
0,0,0,0,0,0,2019-05-29 14:23:33-07:00
0,0,0,0,0,0,2019-05-29 14:26:18-07:00
0,0,0,0,0,0,2019-05-29 14:27:57-07:00
0,0,0,0,0,0,2019-05-29 15:09:46-07:00
1,1,0,0,0,0,2019-05-29 15:17:53-07:00
0,0,0,0,0,0,2019-05-29 15:26:51-07:00
1,1,0,0,0,0,2019-05-30 09:49:56-07:00
2,1,0,0,0,0,2019-05-30 10:04:52-07:00
2,1,0,0,0,0,2019-05-30 10:46:14-07:00
1,0,0,0,0,0,2019-05-30 10:53:11-07:00
0,2,0,0,0,0,2019-05-30 11:15:06-07:00
0,0,0,0,0,0,2019-05-30 11:21:41-07:00
0,0,0,0,0,0,2019-05-30 11:44:43-07:00
0,0,0,0,0,0,2019-05-30 11:45:42-07:00
0,0,0,0,0,0,2019-05-30 13:58:23-07:00
1,2,0,0,0,0,2019-05-30 20:35:34-07:00
0,1,0,0,0,0,2019-05-30 20:36:42-07:00
0,0,0,0,0,0,2019-05-30 20:42:13-07:00
0,0,0,0,0,0,2019-05-30 20:42:49-07:00
0,0,0,0,0,0,2019-05-30 20:47:50-07:00
0,0,0,0,0,0,2019-05-30 20:56:36-07:00
0,0,0,0,0,0,2019-05-30 21:26:21-07:00
0,0,0,0,0,0,2019-05-30 21:26:58-07:00
2,1,0,0,0,0,2019-06-05 09:51:25-07:00
0,0,0,0,0,0,2019-06-05 09:53:40-07:00
0,0,0,0,0,0,2019-06-05 10:08:24-07:00
0,0,0,0,0,0,2020-02-12 11:03:28-08:00
0,0,0,0,0,0,2020-02-12 13:26:09-08:00
2,1,0,0,0,0,2020-02-13 16:19:05-08:00
0,0,0,0,0,0,2020-02-13 16:34:56-08:00
0,0,0,0,0,0,2020-04-01 13:40:14-07:00
0,0,0,0,0,0,2020-04-01 16:42:45-04:00
