Acquisition,Preparation,Modeling,Training,Evaluation,Prediction,time
0,0,0,0,0,0,2017-12-12 16:24:28+00:00
0,0,0,0,0,0,2017-12-13 13:29:04+00:00
0,0,0,0,0,0,2017-12-13 18:48:25+05:18
0,0,0,0,0,0,2017-12-13 18:54:15+05:18
0,0,0,0,0,0,2017-12-13 18:54:50+05:18
0,0,0,0,0,0,2017-12-14 11:19:51+05:18
0,0,0,0,0,0,2017-12-14 12:18:47+05:18
0,0,0,0,0,0,2017-12-14 15:11:35+05:18
0,0,0,0,0,0,2017-12-14 15:22:40+05:18
0,0,0,0,0,0,2017-12-14 16:15:22+05:18
0,0,0,0,0,0,2017-12-15 03:11:53+05:18
0,0,0,0,0,0,2017-12-15 03:12:41+05:18
0,0,0,0,0,0,2017-12-15 21:11:57+05:18
0,0,0,0,0,0,2017-12-15 21:12:05+05:18
0,0,0,0,0,0,2017-12-18 20:50:13+05:18
0,0,0,0,0,0,2017-12-18 20:50:44+05:18
0,0,0,0,0,0,2017-12-19 11:55:20+05:18
1,0,0,0,0,0,2017-12-19 16:19:39+05:18
1,0,0,0,0,0,2017-12-19 22:29:37+05:18
1,0,0,0,0,0,2017-12-19 22:54:50+05:18
0,0,0,0,0,0,2017-12-19 22:57:25+05:18
1,0,0,0,0,0,2017-12-19 23:46:20+05:18
1,0,0,0,0,0,2017-12-20 00:20:03+05:18
0,0,0,0,0,0,2017-12-20 00:23:01+05:18
1,0,0,0,0,0,2017-12-20 00:24:01+05:18
0,0,0,0,0,0,2017-12-20 00:24:25+05:18
1,0,0,0,0,0,2017-12-20 02:24:04+05:18
1,0,0,0,0,0,2017-12-20 11:15:36+05:18
0,0,0,0,0,0,2017-12-20 11:31:06+05:18
1,0,0,0,0,0,2017-12-20 11:34:30+05:18
1,0,0,0,0,0,2017-12-20 13:45:29+05:18
0,0,0,0,0,0,2017-12-20 13:59:15+05:18
1,1,0,0,0,0,2017-12-20 21:01:18+05:18
1,1,0,0,0,0,2017-12-20 23:29:52+05:18
1,1,0,0,0,0,2017-12-21 00:06:44+05:18
1,1,0,0,0,0,2017-12-21 00:20:21+05:18
1,1,0,0,0,0,2017-12-21 01:23:12+05:18
0,0,0,0,0,0,2017-12-21 01:37:46+05:18
1,1,0,0,0,0,2017-12-21 01:48:03+05:18
0,0,0,0,0,0,2017-12-21 01:50:55+05:18
0,0,0,0,0,0,2017-12-21 01:51:06+05:18
1,1,0,0,0,0,2017-12-21 02:13:18+05:18
0,0,0,0,0,0,2017-12-21 02:13:32+05:18
1,1,0,0,0,0,2017-12-21 03:18:17+05:18
1,1,0,0,0,0,2017-12-21 11:44:25+05:18
0,0,0,0,0,0,2017-12-24 15:32:10+05:18
1,1,0,0,0,0,2017-12-26 17:50:38+05:18
1,1,0,0,0,0,2017-12-26 18:20:45+05:18
1,1,0,0,0,0,2017-12-26 19:55:26+05:18
0,0,0,0,0,0,2017-12-26 19:55:42+05:18
1,1,0,0,0,0,2017-12-26 21:21:08+05:18
0,0,0,0,0,0,2017-12-26 21:23:09+05:18
1,1,0,0,0,0,2017-12-26 21:45:16+05:18
1,1,0,0,0,0,2017-12-27 12:25:13+05:18
1,1,0,0,0,0,2017-12-27 19:12:08+05:18
0,0,0,0,0,0,2017-12-27 19:19:43+05:18
1,1,0,0,0,0,2017-12-27 20:41:37+05:18
1,1,0,0,0,0,2017-12-28 00:06:09+05:18
1,1,0,0,0,0,2017-12-28 00:19:55+05:18
0,0,0,0,0,0,2017-12-28 00:37:21+05:18
1,1,0,0,0,0,2017-12-28 01:16:32+05:18
0,0,0,0,0,0,2017-12-28 01:16:41+05:18
1,1,0,0,0,0,2017-12-28 02:03:48+05:18
1,1,0,0,0,0,2017-12-28 02:55:48+05:18
1,1,0,0,0,0,2017-12-28 04:34:56+05:18
0,0,0,0,0,0,2017-12-28 04:39:29+05:18
2,2,0,0,0,0,2017-12-28 12:45:23+05:18
1,1,0,0,0,0,2017-12-28 23:38:52+05:18
0,0,0,0,0,0,2017-12-29 02:02:02+05:18
1,1,0,0,0,0,2017-12-29 02:13:04+05:18
0,0,0,0,0,0,2017-12-29 11:10:47+05:18
0,0,0,0,0,0,2017-12-29 12:48:53+05:18
0,0,0,0,0,0,2017-12-29 15:09:27+05:18
1,1,0,0,0,0,2017-12-29 18:52:25+05:18
0,0,0,0,0,0,2017-12-29 19:17:15+05:18
1,1,0,0,0,0,2017-12-29 21:49:30+05:18
0,0,0,0,0,0,2017-12-29 21:50:24+05:18
1,1,0,0,0,0,2017-12-30 00:45:34+05:18
0,0,0,0,0,0,2017-12-30 00:53:49+05:18
1,1,0,0,0,0,2017-12-30 04:23:40+05:18
0,0,0,0,0,0,2017-12-30 04:29:56+05:18
1,1,0,0,0,0,2017-12-30 07:51:13+05:18
1,1,0,0,0,0,2017-12-30 12:58:09+05:18
0,0,0,0,0,0,2017-12-30 12:58:30+05:18
1,1,0,0,0,0,2017-12-31 03:02:34+05:18
1,1,0,0,0,0,2017-12-31 03:50:13+05:18
0,0,0,0,0,0,2017-12-31 03:54:29+05:18
0,0,0,0,0,0,2017-12-31 12:23:37+05:18
0,0,0,0,0,0,2017-12-31 12:23:50+05:18
1,1,0,0,0,0,2017-12-31 15:12:30+05:18
1,1,0,0,0,0,2018-01-01 19:32:19+05:18
2,3,0,0,0,0,2018-01-03 22:43:01+05:18
0,0,0,0,0,0,2018-01-03 22:45:21+05:18
0,0,0,0,0,0,2018-01-03 22:52:04+05:18
1,1,0,0,0,0,2018-01-03 23:01:04+05:18
1,1,0,0,0,0,2018-01-03 23:11:26+05:18
0,0,0,0,0,0,2018-01-03 23:32:13+05:18
1,1,0,0,0,0,2018-01-04 00:32:00+05:18
0,0,0,0,0,0,2018-01-04 00:33:57+05:18
0,0,0,0,0,0,2018-01-04 00:54:18+05:18
1,1,0,0,0,0,2018-01-04 00:59:14+05:18
1,1,0,0,0,0,2018-01-04 00:59:37+05:18
0,0,0,0,0,0,2018-01-04 18:52:03+05:18
3,4,0,0,0,0,2018-01-05 00:05:29+05:18
2,3,0,0,0,0,2018-01-05 01:33:28+05:18
2,4,0,0,0,2,2018-01-05 23:27:56+05:18
1,1,0,0,0,0,2018-01-05 23:28:28+05:18
1,2,0,0,0,2,2018-01-06 03:54:04+05:18
1,2,0,0,0,2,2018-01-06 23:22:46+05:18
2,2,0,0,0,1,2018-01-06 23:38:05+05:18
2,2,0,0,0,1,2018-01-07 03:31:07+05:18
4,5,0,0,0,2,2018-01-07 15:44:52+05:18
1,1,0,0,0,0,2018-01-07 17:04:26+05:18
1,1,0,0,0,0,2018-01-09 10:41:50+05:18
0,0,0,0,0,0,2018-01-09 10:58:01+05:18
0,0,0,0,0,0,2020-04-11 01:26:14-07:00
