Acquisition,Preparation,Modeling,Training,Evaluation,Prediction,time
3,3,0,1,0,1,2021-05-13 10:47:46+02:00
0,0,0,0,0,0,2021-05-13 11:10:53+02:00
1,1,0,0,0,0,2021-05-13 13:04:40+02:00
3,3,0,1,0,1,2021-05-16 15:14:16+02:00
1001,3883,671,263,247,210,2021-05-19 19:22:28+02:00
2,2,0,1,0,1,2021-05-19 19:41:13+02:00
1,1,0,0,0,0,2021-05-19 19:53:52+02:00
1,1,0,0,0,0,2021-05-22 14:42:34+02:00
2,2,0,0,0,0,2021-05-22 16:52:01+02:00
2,2,0,1,0,1,2021-05-22 17:40:47+02:00
2,2,0,1,0,1,2021-05-22 17:47:52+02:00
2,2,0,1,0,1,2021-05-22 18:02:53+02:00
2,2,0,1,0,1,2021-05-22 18:57:26+02:00
2,2,0,1,0,1,2021-05-22 21:30:09+02:00
2,2,0,1,0,1,2021-05-23 09:37:04+02:00
2,2,0,1,0,1,2021-05-23 10:18:39+02:00
2,2,0,1,0,1,2021-05-23 10:50:17+02:00
2,2,0,1,0,1,2021-05-23 11:27:59+02:00
1,1,0,0,0,0,2021-05-23 11:39:25+02:00
3,3,0,1,0,1,2021-05-23 13:55:55+02:00
2,2,0,0,0,0,2021-05-23 14:24:27+02:00
2,2,0,0,0,0,2021-05-23 14:53:08+02:00
2,2,0,0,0,0,2021-05-23 15:02:42+02:00
1,1,0,0,0,0,2021-05-24 14:35:50+02:00
2,2,0,1,0,1,2021-05-24 17:15:10+02:00
3,3,0,1,0,1,2021-05-24 17:40:08+02:00
1,1,0,0,0,0,2021-05-24 18:03:20+02:00
1,1,0,0,0,0,2021-05-24 18:30:11+02:00
2,2,0,1,0,1,2021-05-24 18:42:02+02:00
2,2,0,1,0,1,2021-05-24 18:57:07+02:00
2,2,0,1,0,1,2021-05-24 19:16:30+02:00
2,2,0,1,0,1,2021-05-24 19:44:12+02:00
1,1,0,0,0,0,2021-05-24 20:34:41+02:00
1,1,0,0,0,0,2021-05-26 18:40:37+02:00
2,2,0,1,0,1,2021-06-03 12:08:41+02:00
1,1,0,0,0,0,2021-06-03 12:10:32+02:00
1,1,0,0,0,0,2021-06-03 12:27:40+02:00
1,1,0,0,0,0,2021-06-03 14:28:49+02:00
4,6,1,1,0,2,2021-06-03 15:19:06+02:00
2,2,0,1,0,1,2021-06-03 15:36:20+02:00
2,2,0,1,1,1,2021-06-03 16:45:28+02:00
999,3883,672,262,247,210,2021-06-03 18:51:05+02:00
2,2,0,0,0,0,2021-06-03 20:35:03+02:00
2,2,0,1,1,1,2021-06-03 20:44:02+02:00
2,3,0,1,1,1,2021-06-04 14:36:38+02:00
1,1,0,0,0,0,2021-06-04 14:59:35+02:00
3,3,0,0,0,0,2021-06-04 16:36:04+02:00
0,0,0,0,0,0,2021-06-04 16:37:06+02:00
0,0,0,0,0,0,2021-06-04 16:37:41+02:00
1,1,0,0,0,0,2021-06-04 16:37:51+02:00
0,0,0,0,0,0,2021-06-04 16:38:06+02:00
1,1,0,0,0,0,2021-06-04 16:44:57+02:00
0,0,0,0,0,0,2021-06-04 16:46:49+02:00
0,0,0,0,0,0,2021-06-04 16:49:03+02:00
1,1,0,0,0,0,2021-06-04 17:18:36+02:00
1,1,0,1,1,1,2021-06-04 17:48:46+02:00
0,0,0,0,0,0,2021-06-04 17:49:42+02:00
0,0,0,0,0,0,2021-06-04 17:52:40+02:00
2,2,0,1,1,1,2021-06-21 01:27:11+02:00
0,0,0,0,0,0,2021-06-26 10:41:46+02:00
0,0,0,0,0,0,2021-06-26 10:42:01+02:00
1,1,0,0,0,0,2021-06-26 10:55:58+02:00
0,0,0,0,0,0,2021-06-26 11:05:08+02:00
