Acquisition,Preparation,Modeling,Training,Evaluation,Prediction,time
2,7,3,4,2,1,2017-11-22 13:19:10-05:00
0,0,0,0,0,0,2017-11-22 13:24:45-05:00
0,1,1,1,0,0,2017-11-22 15:14:43-05:00
0,0,0,0,0,0,2017-11-22 15:20:09-05:00
0,1,0,1,1,0,2017-11-27 16:01:33-05:00
0,1,0,1,1,0,2018-02-05 16:39:25-05:00
1,1,0,1,1,0,2018-02-06 17:20:26-05:00
0,1,0,1,1,0,2018-02-09 12:01:42-05:00
2,6,3,4,2,1,2018-02-09 12:30:28-05:00
1,3,2,3,2,1,2018-02-26 13:44:34-05:00
0,1,0,1,1,0,2018-04-11 20:15:32-04:00
1,1,0,1,1,0,2018-04-11 20:21:53-04:00
1,0,0,0,0,0,2018-04-11 20:22:59-04:00
1,1,0,1,1,0,2018-04-11 22:53:19-04:00
0,2,1,1,1,0,2018-04-12 16:44:53-04:00
0,1,1,1,1,0,2018-07-22 08:08:36-04:00
1,1,1,1,0,1,2018-07-22 08:08:53-04:00
0,0,0,0,0,0,2018-07-22 08:12:59-04:00
0,0,0,0,0,0,2018-07-22 08:13:33-04:00
1,4,2,3,2,1,2018-07-27 00:34:07-04:00
2,4,2,3,1,1,2018-07-27 12:00:11-04:00
0,0,0,0,0,0,2018-08-02 11:46:20-04:00
0,0,0,0,0,0,2018-08-02 11:48:43-04:00
0,0,0,0,0,0,2018-08-02 11:49:28-04:00
0,0,0,0,0,0,2018-08-06 08:25:31-04:00
0,0,0,0,0,0,2018-08-06 13:54:55-04:00
0,0,0,0,0,0,2018-08-14 06:53:43-04:00
1,0,0,0,0,0,2018-08-21 19:32:19-04:00
0,1,0,0,0,0,2018-08-21 19:33:12-04:00
0,1,1,1,0,0,2018-08-22 08:37:32-04:00
0,1,1,1,1,0,2018-10-19 13:00:50-04:00
0,0,0,0,0,0,2019-02-11 19:33:36-05:00
0,1,1,1,0,0,2019-02-11 19:35:40-05:00
0,0,0,0,0,0,2019-02-11 19:35:52-05:00
0,0,0,0,0,0,2019-02-20 17:33:36-05:00
0,0,0,0,0,0,2019-03-27 07:33:48-04:00
2,2,1,1,0,1,2019-04-23 10:47:15+05:18
0,0,0,0,0,0,2019-04-23 10:48:33+05:18
1,0,0,0,0,0,2019-04-26 13:00:31+10:00
0,0,0,0,0,0,2019-04-26 11:58:50+05:18
1,1,1,1,0,0,2019-05-02 11:06:39+05:18
0,0,0,0,0,0,2019-05-02 11:07:21+05:18
0,1,0,0,0,0,2019-05-21 19:51:27-04:00
5,5,0,0,5,0,2019-05-23 20:57:58-04:00
0,0,0,0,0,0,2019-05-23 21:12:20-04:00
0,0,0,0,0,0,2019-05-23 21:15:35-04:00
0,0,0,0,0,0,2019-05-23 21:16:09-04:00
0,1,1,1,0,0,2019-07-04 23:36:28-04:00
1,0,0,0,0,0,2019-07-04 23:36:40-04:00
0,1,1,1,1,0,2019-07-04 23:36:57-04:00
0,1,1,1,1,0,2019-07-04 23:45:57-04:00
0,1,1,1,1,0,2019-07-31 16:17:47-04:00
0,1,1,1,1,0,2019-08-01 12:14:55-04:00
0,2,1,2,2,0,2019-08-13 16:33:43-04:00
1,1,1,1,0,0,2019-08-17 21:26:29-04:00
0,1,1,1,0,0,2019-08-17 21:30:40-04:00
0,1,1,1,1,0,2019-08-21 21:42:24-04:00
0,0,0,0,0,0,2019-08-21 21:44:05-04:00
2,1,1,1,0,1,2019-12-18 11:47:47-05:00
0,0,0,0,0,0,2019-12-18 11:48:39-05:00
1,0,0,0,0,0,2020-01-23 23:40:44-05:00
1,0,0,0,0,0,2020-01-24 09:54:17+01:00
0,0,0,0,0,0,2020-01-24 06:36:38-08:00
0,0,0,0,0,0,2020-01-24 09:37:04-05:00
1,0,0,0,0,0,2020-02-06 12:06:12-05:00
1,0,0,0,0,0,2020-02-06 12:10:50-05:00
1,1,1,1,0,0,2020-03-06 14:19:53-05:00
1,0,0,0,0,0,2020-03-06 16:46:01-05:00
1,1,0,0,0,0,2020-04-25 15:02:40-04:00
0,0,0,0,0,0,2020-04-25 15:27:31-04:00
3,5,3,4,2,1,2020-05-05 20:18:18-04:00
0,0,0,0,0,0,2020-05-05 20:44:50-04:00
1,3,1,2,2,0,2020-05-05 20:49:20-04:00
1,1,1,1,0,0,2020-05-19 20:40:35-04:00
0,2,1,2,1,0,2020-09-01 23:29:53-04:00
2,3,1,1,0,0,2020-09-03 12:00:19-04:00
0,0,0,0,0,0,2020-09-03 12:20:43-04:00
0,0,0,0,0,0,2020-09-03 12:21:04-04:00
0,0,0,0,0,0,2020-09-03 12:39:17-04:00
0,0,0,0,0,0,2021-05-02 20:06:33-07:00
1,2,1,1,0,0,2021-12-07 18:05:56-05:00
0,0,0,0,0,0,2021-12-15 10:11:52-08:00
0,0,0,0,0,0,2022-06-02 11:34:39-04:00
0,1,0,0,0,0,2022-06-15 10:03:39-07:00
3,3,2,2,1,1,2022-06-15 10:50:53-07:00
0,0,0,0,0,0,2022-06-15 10:56:49-07:00
0,0,0,0,0,0,2022-06-15 10:58:06-07:00
0,0,0,0,0,0,2022-06-15 10:58:34-07:00
