Acquisition,Preparation,Modeling,Training,Evaluation,Prediction,time
0,0,0,0,0,0,2020-02-20 21:04:44+09:00
0,0,0,0,0,0,2020-03-05 22:26:57+09:00
0,0,0,0,0,0,2020-03-05 22:28:13+09:00
111,356,135,0,14,0,2020-03-05 22:45:41+09:00
0,0,0,0,0,0,2020-03-05 22:53:16+09:00
2,35,9,0,0,0,2020-03-09 19:26:53+09:00
0,0,0,0,0,0,2020-03-09 20:12:43+09:00
23,125,27,0,3,0,2020-03-09 23:43:46+09:00
0,0,0,0,0,0,2020-03-10 01:33:07+09:00
0,0,0,0,0,0,2020-03-11 20:40:06+09:00
0,0,0,0,0,0,2020-03-11 20:42:25+09:00
0,0,0,0,0,0,2020-03-11 20:47:52+09:00
0,0,0,0,0,0,2020-03-11 21:50:07+09:00
0,0,0,0,0,0,2020-03-11 22:11:28+09:00
0,0,0,0,0,0,2020-03-11 22:12:01+09:00
0,1,0,0,0,0,2020-03-11 23:37:25+09:00
0,0,0,0,0,0,2020-03-12 18:40:31+09:00
0,0,0,0,0,0,2020-03-13 19:03:05+09:00
0,1,0,0,0,0,2020-03-14 23:15:40+09:00
0,0,0,0,0,0,2020-03-15 02:08:36+09:00
0,1,0,0,0,0,2020-03-17 01:47:07+09:00
0,0,0,0,0,0,2020-03-17 02:45:34+09:00
0,0,0,0,0,0,2020-03-17 23:56:56+09:00
0,0,0,0,0,0,2020-03-17 23:57:10+09:00
0,0,0,0,0,0,2020-03-17 23:58:16+09:00
0,1,0,0,0,0,2020-03-17 23:59:03+09:00
0,1,0,0,0,0,2020-03-18 01:29:26+09:00
0,6,1,0,0,0,2020-03-18 02:54:05+09:00
0,0,0,0,0,0,2020-03-18 03:16:39+09:00
0,1,0,0,0,0,2020-03-18 19:40:24+09:00
0,0,0,0,0,0,2020-03-18 20:00:03+09:00
0,0,0,0,0,0,2020-03-18 20:07:01+09:00
0,1,0,0,0,0,2020-03-18 22:06:19+09:00
0,1,0,0,0,0,2020-03-18 22:08:43+09:00
0,0,0,0,0,0,2020-03-18 22:17:28+09:00
0,0,0,0,0,0,2020-03-18 22:51:42+09:00
0,0,0,0,0,0,2020-03-18 23:12:17+09:00
0,1,0,0,0,0,2020-03-18 23:15:10+09:00
0,0,0,0,0,0,2020-03-18 23:22:05+09:00
1,13,10,0,2,0,2020-03-19 05:03:37+09:00
0,0,0,0,0,0,2020-03-19 05:03:59+09:00
0,0,0,0,0,0,2020-03-19 05:04:59+09:00
0,0,0,0,0,0,2020-03-19 05:06:07+09:00
0,0,0,0,0,0,2020-03-19 05:06:28+09:00
0,1,0,0,0,0,2020-03-19 05:08:10+09:00
0,1,0,0,0,0,2020-03-20 16:47:02+09:00
0,1,0,0,0,0,2020-03-21 01:05:45+09:00
0,0,0,0,0,0,2020-03-21 01:20:03+09:00
0,1,0,0,0,0,2020-03-21 01:49:09+09:00
0,0,0,0,0,0,2020-03-21 01:50:08+09:00
0,1,0,0,0,0,2020-03-21 02:00:56+09:00
0,0,0,0,0,0,2020-03-21 02:05:36+09:00
0,0,0,0,0,0,2020-03-21 03:58:34+09:00
0,0,0,0,0,0,2020-03-21 03:59:04+09:00
0,0,0,0,0,0,2020-03-21 03:59:35+09:00
0,0,0,0,0,0,2020-03-23 01:34:38+09:00
0,0,0,0,0,0,2020-03-23 01:35:25+09:00
0,1,0,0,0,0,2020-03-23 01:37:33+09:00
0,0,0,0,0,0,2020-03-23 02:20:13+09:00
0,0,0,0,0,0,2020-03-23 02:21:05+09:00
0,0,0,0,0,0,2020-03-23 02:21:20+09:00
0,1,0,0,0,0,2020-03-27 23:07:45+09:00
0,0,0,0,0,0,2020-03-30 18:39:58+09:00
0,1,0,0,0,0,2020-03-30 18:41:40+09:00
0,1,0,0,0,0,2020-04-01 23:51:08+09:00
0,1,0,0,0,0,2020-04-02 00:49:59+09:00
0,1,0,0,0,0,2020-04-02 01:38:48+09:00
0,1,0,0,0,0,2020-04-02 03:48:53+09:00
0,1,0,0,0,0,2020-04-02 04:06:28+09:00
0,0,0,0,0,0,2020-04-02 05:00:46+09:00
0,1,0,0,0,0,2020-04-07 05:24:43+09:00
0,0,0,0,0,0,2020-04-07 07:52:45+09:00
0,1,0,0,0,0,2020-04-07 17:49:28+09:00
0,1,0,0,0,0,2020-04-19 15:11:44+09:00
0,1,0,0,0,0,2020-04-19 16:04:26+09:00
0,1,0,0,0,0,2020-04-19 16:17:35+09:00
0,0,0,0,0,0,2020-04-21 01:07:44+09:00
0,1,0,0,0,0,2020-04-21 01:08:16+09:00
0,1,0,0,0,0,2020-04-21 01:08:49+09:00
0,0,0,0,0,0,2020-04-21 01:13:04+09:00
0,1,0,0,0,0,2020-04-21 02:25:18+09:00
0,0,0,0,0,0,2020-04-21 03:03:41+09:00
0,1,0,0,0,0,2020-04-21 03:04:34+09:00
0,0,0,0,0,0,2020-04-21 03:07:06+09:00
0,1,0,0,0,0,2020-04-21 03:44:57+09:00
0,1,0,0,0,0,2020-04-21 04:14:04+09:00
0,0,0,0,0,0,2020-04-27 01:15:23+09:00
0,0,0,0,0,0,2020-04-27 01:15:37+09:00
0,1,0,0,0,0,2020-04-27 01:16:05+09:00
0,0,0,0,0,0,2020-04-27 01:33:03+09:00
0,1,0,0,0,0,2020-04-27 02:09:27+09:00
0,0,0,0,0,0,2020-04-27 02:20:59+09:00
0,1,0,0,0,0,2020-04-27 02:22:25+09:00
0,0,0,0,0,0,2020-04-27 02:30:52+09:00
0,0,0,0,0,0,2020-04-27 04:11:00+09:00
0,1,0,0,0,0,2020-04-27 04:11:32+09:00
0,0,0,0,0,0,2020-04-27 04:11:52+09:00
0,0,0,0,0,0,2020-04-27 04:12:31+09:00
0,1,0,0,0,0,2020-04-27 05:17:46+09:00
0,1,0,0,0,0,2020-04-27 22:20:36+09:00
0,0,0,0,0,0,2020-04-27 22:35:53+09:00
0,1,0,0,0,0,2020-04-27 22:37:45+09:00
0,1,0,0,0,0,2020-04-28 00:31:55+09:00
0,0,0,0,0,0,2020-04-28 20:13:35+09:00
0,0,0,0,0,0,2020-04-28 20:13:57+09:00
1,1,0,0,0,0,2020-04-28 20:15:52+09:00
0,0,0,0,0,0,2020-04-28 20:16:13+09:00
0,0,0,0,0,0,2020-04-28 20:17:07+09:00
1,1,0,0,0,0,2020-04-28 22:18:39+09:00
1,1,0,0,0,0,2020-04-28 22:19:22+09:00
1,1,0,0,0,0,2020-04-28 22:49:08+09:00
0,0,0,0,0,0,2020-04-29 01:56:24+09:00
0,0,0,0,0,0,2020-04-29 02:12:13+09:00
0,0,0,0,0,0,2020-04-29 02:15:53+09:00
0,0,0,0,0,0,2020-04-29 02:54:20+09:00
0,0,0,0,0,0,2020-04-29 03:08:47+09:00
1,1,0,0,0,0,2020-04-29 03:09:43+09:00
0,0,0,0,0,0,2020-04-29 03:50:19+09:00
0,0,0,0,0,0,2020-04-29 03:50:27+09:00
0,0,0,0,0,0,2020-04-29 04:17:25+09:00
0,0,0,0,0,0,2020-04-29 04:18:37+09:00
0,0,0,0,0,0,2020-04-29 04:23:09+09:00
0,0,0,0,0,0,2020-04-29 04:29:53+09:00
0,0,0,0,0,0,2020-04-29 04:47:53+09:00
1,1,0,0,0,0,2020-04-29 05:07:11+09:00
0,0,0,0,0,0,2020-04-29 05:07:26+09:00
0,0,0,0,0,0,2020-04-29 15:27:54+09:00
0,0,0,0,0,0,2020-04-29 15:28:13+09:00
0,0,0,0,0,0,2020-04-29 21:45:09+09:00
0,0,0,0,0,0,2020-04-29 21:52:54+09:00
0,0,0,0,0,0,2020-04-29 21:54:15+09:00
1,1,0,0,0,0,2020-04-29 23:25:09+09:00
1,1,0,0,0,0,2020-04-30 01:54:58+09:00
1,1,0,0,0,0,2020-11-25 06:08:28+09:00
