Acquisition,Preparation,Modeling,Training,Evaluation,Prediction,time
0,0,0,0,0,0,2021-08-19 14:20:59-04:00
0,0,0,0,0,0,2021-08-19 15:22:01-06:00
0,0,0,0,0,0,2021-08-19 16:13:20-06:00
0,0,0,0,0,0,2021-08-19 17:11:21-06:00
0,0,0,0,0,0,2021-08-19 18:59:54-06:00
0,0,0,0,0,0,2021-08-19 19:01:46-06:00
0,0,0,0,0,0,2021-08-19 20:17:59-06:00
0,0,0,0,0,0,2021-08-20 15:27:25-06:00
0,0,0,0,0,0,2021-08-20 19:24:47-06:00
0,0,0,0,0,0,2021-08-22 19:49:32-04:00
0,0,0,0,0,0,2021-08-22 19:50:47-04:00
0,0,0,0,0,0,2021-08-23 12:49:34-04:00
0,0,0,0,0,0,2021-08-23 17:11:57-06:00
0,0,0,0,0,0,2021-08-23 17:45:29-06:00
0,0,0,0,0,0,2021-08-23 20:23:12-04:00
0,0,0,0,0,0,2021-08-23 20:28:42-04:00
0,0,0,0,0,0,2021-08-23 23:14:39-04:00
0,0,0,0,0,0,2021-08-23 23:15:08-04:00
0,0,0,0,0,0,2021-08-23 21:37:02-06:00
0,0,0,0,0,0,2021-08-23 21:41:24-06:00
0,0,0,0,0,0,2021-08-23 23:46:16-04:00
0,0,0,0,0,0,2021-08-23 23:48:04-04:00
0,1,0,0,0,0,2021-08-24 02:59:14-04:00
0,0,0,0,0,0,2021-08-24 03:07:38-04:00
0,1,0,0,0,0,2021-08-24 03:08:59-04:00
0,0,0,0,0,0,2021-08-24 03:58:03-04:00
0,0,0,0,0,0,2021-08-24 04:21:44-04:00
0,0,0,0,0,0,2021-08-24 12:30:51-04:00
0,0,0,0,0,0,2021-08-24 12:02:58-06:00
0,0,0,0,0,0,2021-08-24 13:20:52-06:00
0,1,0,1,0,1,2021-08-24 16:33:42-04:00
0,1,0,1,0,1,2021-08-24 16:55:36-04:00
0,1,0,1,0,1,2021-08-24 17:46:54-04:00
0,0,0,0,0,0,2021-08-24 17:49:21-04:00
0,1,0,0,0,0,2021-08-24 16:47:06-06:00
0,1,0,0,0,0,2021-08-24 16:54:17-06:00
0,0,0,0,0,0,2021-08-24 16:54:58-06:00
0,1,0,0,0,0,2021-08-25 04:07:36-06:00
0,0,0,0,0,0,2021-08-25 12:14:53-04:00
0,0,0,0,0,0,2021-08-25 11:04:21-06:00
0,1,0,1,0,1,2021-08-25 13:59:08-04:00
0,0,0,0,0,0,2021-08-25 17:59:28-06:00
0,1,0,0,1,0,2021-08-25 18:00:54-06:00
0,1,0,0,1,0,2021-08-25 20:13:02-06:00
0,1,0,0,1,0,2021-08-26 04:05:01-06:00
0,1,1,0,0,0,2021-08-26 07:12:57-06:00
0,1,1,1,1,0,2021-08-27 22:55:14-06:00
0,1,0,1,0,1,2021-08-28 16:10:18-05:00
0,0,0,0,0,0,2021-08-28 17:38:21-06:00
0,1,1,1,1,0,2021-08-28 17:40:22-06:00
0,0,0,0,0,0,2021-08-28 23:43:38-05:00
0,1,0,0,0,0,2021-08-28 23:50:39-05:00
0,1,0,1,0,1,2021-08-28 23:51:27-05:00
0,0,0,0,0,0,2021-08-29 00:26:16-05:00
0,1,0,1,0,1,2021-08-29 00:27:59-05:00
0,1,0,0,0,0,2021-08-29 00:29:00-05:00
0,0,0,0,0,0,2021-08-29 13:29:29-06:00
0,1,1,1,1,0,2021-08-29 13:30:02-06:00
0,0,0,0,0,0,2021-08-29 14:28:24-06:00
0,0,0,0,0,0,2021-08-29 16:46:12-06:00
1,1,1,1,1,0,2021-08-29 17:19:33-06:00
0,0,0,0,0,0,2021-08-29 17:21:26-06:00
0,0,0,0,0,0,2021-08-29 17:21:39-06:00
0,0,0,0,0,0,2021-08-29 18:46:10-06:00
1,1,1,1,1,0,2021-08-29 19:30:12-06:00
0,0,0,0,0,0,2021-08-29 19:31:23-06:00
0,0,0,0,0,0,2021-08-29 19:31:27-06:00
0,0,0,0,0,0,2021-10-21 11:59:09-04:00
