Acquisition,Preparation,Modeling,Training,Evaluation,Prediction,time
0,0,0,0,0,0,2019-09-29 08:44:57+02:00
1,0,0,0,0,0,2019-10-18 14:32:54+02:00
0,0,0,0,0,0,2019-11-07 22:17:06+01:00
0,0,0,0,0,0,2019-11-07 22:17:29+01:00
0,0,0,0,0,0,2019-11-07 22:49:59+01:00
0,0,0,0,0,0,2019-11-08 10:05:59+01:00
0,0,0,0,0,0,2019-11-08 12:20:23+01:00
0,0,0,0,0,0,2019-11-08 13:21:13+01:00
0,0,0,0,0,0,2019-11-08 13:21:44+01:00
0,0,0,0,0,0,2019-11-08 14:07:20+01:00
1,1,0,0,0,0,2019-11-08 18:11:11+01:00
1,1,0,0,0,0,2019-11-08 20:19:47+01:00
0,0,0,0,0,0,2019-11-09 23:56:55+01:00
2,2,0,0,0,0,2019-11-10 01:08:02+01:00
2,1,0,0,0,0,2019-11-14 15:25:01+01:00
0,0,0,0,0,0,2019-11-14 15:31:37+01:00
0,0,0,0,0,0,2019-11-14 22:04:00+00:00
2,2,0,0,0,0,2019-11-14 22:07:42+00:00
0,0,0,0,0,0,2019-11-14 23:43:22+00:00
0,0,0,0,0,0,2019-11-15 10:05:47+00:00
0,0,0,0,0,0,2019-11-15 11:05:20+00:00
0,0,0,0,0,0,2019-11-15 11:07:24+00:00
0,0,0,0,0,0,2019-11-15 11:07:36+00:00
0,0,0,0,0,0,2019-11-15 11:14:52+00:00
0,0,0,0,0,0,2019-11-15 11:15:10+00:00
0,0,0,0,0,0,2019-11-15 11:18:34+00:00
0,0,0,0,0,0,2019-11-15 11:47:54+00:00
0,0,0,0,0,0,2019-11-15 13:42:28+00:00
0,0,0,0,0,0,2019-11-15 13:42:43+00:00
0,0,0,0,0,0,2019-11-15 13:44:25+00:00
0,0,0,0,0,0,2019-11-15 14:11:49+00:00
0,0,0,0,0,0,2019-11-15 17:21:58+00:00
0,0,0,0,0,0,2019-11-15 17:22:18+00:00
1,1,0,0,0,0,2019-11-15 17:31:49+00:00
1,1,0,0,0,0,2019-11-15 17:32:05+00:00
0,0,0,0,0,0,2019-11-15 17:35:37+00:00
0,0,0,0,0,0,2019-11-15 17:35:55+00:00
0,0,0,0,0,0,2019-11-21 13:03:55+01:00
0,0,0,0,0,0,2019-11-21 14:00:58+01:00
0,0,0,0,0,0,2019-11-21 14:59:25+01:00
0,0,0,0,0,0,2019-11-21 15:01:13+01:00
0,0,0,0,0,0,2019-11-21 16:23:56+01:00
0,0,0,0,0,0,2019-11-21 16:44:35+01:00
0,0,0,0,0,0,2019-11-22 12:49:11+01:00
0,0,0,0,0,0,2019-11-22 12:56:17+01:00
0,0,0,0,0,0,2019-11-22 13:00:19+01:00
0,0,0,0,0,0,2019-11-22 13:18:36+01:00
0,0,0,0,0,0,2019-11-22 14:59:11+01:00
0,0,0,0,0,0,2019-11-22 15:00:05+01:00
0,0,0,0,0,0,2019-11-22 15:18:13+01:00
0,0,0,0,0,0,2019-11-22 15:18:16+01:00
0,0,0,0,0,0,2019-11-22 15:48:11+01:00
0,0,0,0,0,0,2019-11-22 18:20:15+01:00
0,0,0,0,0,0,2019-11-22 18:35:26+01:00
0,0,0,0,0,0,2019-11-23 17:20:22+01:00
0,0,0,0,0,0,2019-11-23 17:54:47+01:00
0,0,0,0,0,0,2019-11-23 18:06:26+01:00
0,0,0,0,0,0,2019-11-23 18:10:57+01:00
0,0,0,0,0,0,2019-11-23 18:13:24+01:00
0,0,0,0,0,0,2019-11-23 18:23:35+01:00
0,0,0,0,0,0,2019-11-23 18:26:02+01:00
0,1,0,0,0,0,2019-11-23 18:53:18+01:00
0,0,0,0,0,0,2019-11-27 14:57:24+01:00
0,0,0,0,0,0,2019-11-27 14:58:40+01:00
1,1,0,0,0,0,2019-11-28 21:39:57+01:00
1,1,0,0,0,0,2019-11-29 13:55:32+01:00
1,1,0,0,0,0,2019-11-29 15:39:40+01:00
1,1,0,0,0,0,2019-11-29 18:06:06+01:00
0,0,0,0,0,0,2019-11-29 18:31:56+01:00
1,1,0,0,0,0,2019-11-29 18:38:32+01:00
1,1,0,0,0,0,2019-11-30 11:24:05+01:00
0,0,0,0,0,0,2019-12-02 14:06:56+01:00
1,1,0,0,0,0,2019-12-02 14:32:40+01:00
0,0,0,0,0,0,2019-12-02 14:43:58+01:00
2,2,0,0,0,0,2019-12-02 15:24:52+01:00
1,1,0,0,0,0,2019-12-02 17:44:17+01:00
0,0,0,0,0,0,2019-12-02 21:22:22+01:00
2,2,0,0,0,0,2019-12-03 00:33:04+01:00
1,1,0,0,0,0,2019-12-03 00:46:56+01:00
0,0,0,0,0,0,2019-12-03 17:00:20+01:00
0,0,0,0,0,0,2019-12-03 17:31:28+01:00
0,0,0,0,0,0,2019-12-03 17:33:11+01:00
0,0,0,0,0,0,2019-12-03 17:36:48+01:00
0,0,0,0,0,0,2019-12-03 17:40:41+01:00
0,0,0,0,0,0,2019-12-03 23:05:48+01:00
0,0,0,0,0,0,2019-12-04 10:31:10+01:00
0,0,0,0,0,0,2019-12-04 11:06:23+01:00
0,0,0,0,0,0,2019-12-04 11:06:46+01:00
0,0,0,0,0,0,2019-12-04 12:23:44+01:00
2,2,0,0,1,0,2019-12-04 20:04:40+01:00
0,0,0,0,0,0,2019-12-04 20:06:54+01:00
2,2,0,0,1,0,2019-12-04 20:17:56+01:00
1,1,0,0,0,0,2019-12-04 20:24:18+01:00
0,0,0,0,0,0,2019-12-04 21:18:42+01:00
0,0,0,0,0,0,2019-12-05 00:22:59+01:00
0,0,0,0,0,0,2019-12-05 12:40:43+01:00
1,1,0,0,1,0,2019-12-05 17:44:09+01:00
1,1,0,0,1,0,2019-12-05 18:53:53+01:00
1,1,0,0,1,0,2019-12-05 18:56:56+01:00
0,0,0,0,0,0,2019-12-06 18:46:39+01:00
0,0,0,0,0,0,2019-12-06 18:52:45+01:00
0,0,0,0,0,0,2019-12-06 21:07:35+01:00
0,0,0,0,0,0,2019-12-06 21:07:39+01:00
0,0,0,0,0,0,2019-12-06 23:28:50+01:00
0,0,0,0,0,0,2019-12-06 23:33:19+01:00
0,0,0,0,0,0,2019-12-06 23:39:09+01:00
0,0,0,0,0,0,2019-12-06 23:43:57+01:00
0,0,0,0,0,0,2019-12-06 23:46:33+01:00
0,0,0,0,0,0,2019-12-06 23:51:47+01:00
0,0,0,0,0,0,2019-12-06 23:57:10+01:00
0,0,0,0,0,0,2019-12-10 15:42:07+01:00
0,0,0,0,0,0,2019-12-16 09:51:02+01:00
0,0,0,0,0,0,2019-12-16 09:52:01+01:00
1,1,0,0,0,0,2019-12-16 09:55:23+01:00
0,0,0,0,0,0,2019-12-16 09:58:12+01:00
0,0,0,0,0,0,2019-12-16 10:01:00+01:00
1,1,0,0,1,0,2019-12-16 10:04:35+01:00
0,0,0,0,0,0,2019-12-16 10:06:57+01:00
0,0,0,0,0,0,2019-12-16 10:27:16+01:00
0,0,0,0,0,0,2019-12-16 10:30:06+01:00
0,0,0,0,0,0,2019-12-16 10:47:43+01:00
0,0,0,0,0,0,2019-12-16 10:58:43+01:00
0,0,0,0,0,0,2019-12-16 11:05:24+01:00
2,2,0,0,1,0,2019-12-16 11:32:56+01:00
0,0,0,0,0,0,2019-12-16 11:43:07+01:00
0,0,0,0,0,0,2019-12-16 11:49:07+01:00
0,0,0,0,0,0,2019-12-16 11:55:32+01:00
0,0,0,0,0,0,2019-12-16 13:35:16+01:00
0,0,0,0,0,0,2019-12-16 13:52:18+01:00
0,0,0,0,0,0,2019-12-16 14:34:59+01:00
0,0,0,0,0,0,2019-12-16 14:46:45+01:00
0,0,0,0,0,0,2019-12-16 14:50:12+01:00
0,0,0,0,0,0,2019-12-16 17:32:10+01:00
0,0,0,0,0,0,2019-12-16 17:59:15+01:00
0,0,0,0,0,0,2019-12-16 18:06:20+01:00
0,0,0,0,0,0,2019-12-16 18:06:57+01:00
0,0,0,0,0,0,2019-12-16 22:23:21+01:00
0,0,0,0,0,0,2019-12-16 22:23:30+01:00
0,0,0,0,0,0,2019-12-17 11:18:13+01:00
0,0,0,0,0,0,2019-12-17 11:22:23+01:00
0,0,0,0,0,0,2019-12-17 11:46:24+01:00
0,0,0,0,0,0,2019-12-17 11:48:26+01:00
0,0,0,0,0,0,2019-12-17 11:52:13+01:00
0,0,0,0,0,0,2019-12-17 12:05:58+01:00
0,0,0,0,0,0,2019-12-17 12:08:24+01:00
1,1,0,0,1,0,2019-12-17 12:10:57+01:00
0,0,0,0,0,0,2019-12-17 12:36:58+01:00
0,0,0,0,0,0,2019-12-17 13:03:30+01:00
1,1,0,0,1,0,2019-12-17 13:37:14+01:00
0,0,0,0,0,0,2019-12-17 13:37:18+01:00
0,0,0,0,0,0,2019-12-17 14:34:18+01:00
0,0,0,0,0,0,2019-12-17 14:57:38+01:00
0,0,0,0,0,0,2019-12-17 15:04:38+01:00
1,1,0,0,1,0,2019-12-17 16:04:20+01:00
1,1,0,0,1,0,2019-12-17 16:23:30+01:00
0,0,0,0,0,0,2019-12-17 22:21:28+01:00
0,0,0,0,0,0,2019-12-17 22:31:53+01:00
0,0,0,0,0,0,2019-12-17 22:46:09+01:00
1,1,0,0,1,0,2019-12-17 22:47:38+01:00
1,1,0,0,1,0,2019-12-17 22:56:15+01:00
1,1,0,0,1,0,2019-12-18 08:01:54+01:00
1,1,0,0,1,0,2019-12-18 08:14:24+01:00
1,1,0,0,1,0,2019-12-18 08:21:24+01:00
1,1,0,0,1,0,2019-12-18 08:32:03+01:00
1,1,0,0,1,0,2019-12-18 08:35:43+01:00
1,1,0,0,1,0,2019-12-18 08:44:25+01:00
1,1,0,0,1,0,2019-12-18 08:49:14+01:00
1,1,0,0,1,0,2019-12-18 08:53:09+01:00
1,1,0,0,1,0,2019-12-18 08:58:02+01:00
1,1,0,0,1,0,2019-12-18 08:58:38+01:00
1,1,0,0,1,0,2019-12-18 09:03:55+01:00
1,1,0,0,1,0,2019-12-18 09:08:33+01:00
1,1,0,0,1,0,2019-12-18 09:14:10+01:00
1,1,0,0,1,0,2019-12-18 09:19:39+01:00
1,1,0,0,1,0,2019-12-18 09:22:58+01:00
1,1,0,0,1,0,2019-12-18 09:24:38+01:00
1,1,0,0,1,0,2019-12-18 09:28:36+01:00
1,1,0,0,1,0,2019-12-18 09:36:10+01:00
0,0,0,0,0,0,2019-12-18 15:40:46+01:00
0,0,0,0,0,0,2019-12-18 15:44:23+01:00
0,0,0,0,0,0,2019-12-18 16:08:11+01:00
0,0,0,0,0,0,2019-12-18 16:09:53+01:00
0,0,0,0,0,0,2019-12-18 21:13:37+01:00
0,0,0,0,0,0,2019-12-18 21:19:52+01:00
0,0,0,0,0,0,2019-12-19 10:16:22+01:00
1,1,0,0,1,0,2019-12-19 10:17:13+01:00
0,0,0,0,0,0,2019-12-19 15:18:17+01:00
1,1,0,0,1,0,2019-12-19 19:51:18+01:00
0,0,0,0,0,0,2019-12-19 20:22:58+01:00
1,1,0,0,1,0,2019-12-20 14:31:12+01:00
0,0,0,0,0,0,2019-12-20 15:52:59+01:00
0,0,0,0,0,0,2019-12-21 11:22:51+01:00
0,0,0,0,0,0,2019-12-22 17:59:59+01:00
0,0,0,0,0,0,2019-12-22 18:07:10+01:00
0,0,0,0,0,0,2019-12-22 18:26:28+01:00
0,0,0,0,0,0,2019-12-22 21:01:56+01:00
0,0,0,0,0,0,2019-12-22 23:02:49+01:00
0,0,0,0,0,0,2019-12-22 23:05:14+01:00
0,0,0,0,0,0,2019-12-22 23:21:27+01:00
0,0,0,0,0,0,2019-12-22 23:27:12+01:00
