Acquisition,Preparation,Modeling,Training,Evaluation,Prediction,time
1,2,0,0,0,0,2019-10-25 09:32:23-07:00
0,0,0,0,0,0,2019-10-25 09:36:27-07:00
0,0,0,0,0,0,2019-10-25 09:36:42-07:00
0,0,0,0,0,0,2019-10-25 09:36:54-07:00
0,0,0,0,0,0,2019-10-25 09:37:07-07:00
1,1,0,0,0,0,2019-10-25 12:28:34-07:00
0,0,0,0,0,0,2019-10-25 12:31:40-07:00
0,0,0,0,0,0,2019-10-25 12:32:09-07:00
0,0,0,0,0,0,2019-10-25 12:37:38-07:00
0,0,0,0,0,0,2019-10-25 12:38:47-07:00
0,0,0,0,0,0,2019-10-25 12:44:23-07:00
0,0,0,0,0,0,2019-10-25 12:45:06-07:00
0,0,0,0,0,0,2019-10-25 12:59:14-07:00
0,0,0,0,0,0,2019-10-25 13:13:50-07:00
0,0,0,0,0,0,2019-10-25 13:14:21-07:00
0,0,0,0,0,0,2019-10-25 13:26:20-07:00
0,0,0,0,0,0,2019-10-25 13:27:00-07:00
0,0,0,0,0,0,2019-10-25 13:30:31-07:00
0,0,0,0,0,0,2019-10-25 13:32:35-07:00
0,0,0,0,0,0,2019-10-25 13:34:29-07:00
0,0,0,0,0,0,2019-10-25 13:35:46-07:00
0,0,0,0,0,0,2019-10-25 13:36:37-07:00
0,0,0,0,0,0,2019-10-25 13:37:35-07:00
0,0,0,0,0,0,2019-10-25 13:38:23-07:00
0,0,0,0,0,0,2019-10-25 13:42:16-07:00
0,0,0,0,0,0,2019-10-25 13:46:13-07:00
0,0,0,0,0,0,2019-10-25 13:47:11-07:00
0,0,0,0,0,0,2019-10-25 13:48:00-07:00
0,0,0,0,0,0,2019-10-25 13:49:38-07:00
0,0,0,0,0,0,2019-10-25 13:50:33-07:00
0,0,0,0,0,0,2019-10-25 13:53:37-07:00
0,0,0,0,0,0,2019-10-25 13:54:22-07:00
0,0,0,0,0,0,2019-10-25 13:54:58-07:00
0,0,0,0,0,0,2019-10-25 13:56:23-07:00
0,0,0,0,0,0,2019-10-25 13:58:37-07:00
0,0,0,0,0,0,2019-10-25 14:01:49-07:00
0,0,0,0,0,0,2019-10-25 14:02:17-07:00
0,0,0,0,0,0,2019-10-25 14:02:55-07:00
0,0,0,0,0,0,2019-10-25 14:04:06-07:00
0,0,0,0,0,0,2019-10-25 14:15:15-07:00
0,0,0,0,0,0,2019-10-25 14:20:11-07:00
0,0,0,0,0,0,2019-10-25 14:20:23-07:00
0,0,0,0,0,0,2019-10-25 14:26:18-07:00
0,0,0,0,0,0,2019-10-25 14:26:36-07:00
0,0,0,0,0,0,2019-10-25 14:27:08-07:00
0,0,0,0,0,0,2019-10-25 14:29:18-07:00
0,0,0,0,0,0,2019-10-25 14:31:28-07:00
0,0,0,0,0,0,2019-10-25 14:32:33-07:00
0,0,0,0,0,0,2019-10-25 14:33:43-07:00
0,0,0,0,0,0,2019-10-25 14:40:14-07:00
0,0,0,0,0,0,2019-10-25 14:53:40-07:00
0,0,0,0,0,0,2019-10-25 14:57:52-07:00
0,0,0,0,0,0,2019-10-25 15:00:08-07:00
0,0,0,0,0,0,2019-10-25 15:01:00-07:00
0,0,0,0,0,0,2019-10-25 15:02:13-07:00
0,0,0,0,0,0,2019-10-25 15:04:25-07:00
0,0,0,0,0,0,2019-10-25 15:16:03-07:00
0,0,0,0,0,0,2019-10-25 15:16:47-07:00
0,0,0,0,0,0,2019-10-26 00:04:30-07:00
0,0,0,0,0,0,2019-12-16 22:16:03+00:00
0,0,0,0,0,0,2019-12-16 14:18:41-08:00
0,0,0,0,0,0,2020-01-28 23:04:44+00:00
0,0,0,0,0,0,2020-01-30 16:41:44-08:00
0,0,0,0,0,0,2020-06-08 14:47:59-07:00
0,0,0,0,0,0,2020-07-27 16:37:46-07:00
