Acquisition,Preparation,Modeling,Training,Evaluation,Prediction,time
1,1,0,0,0,0,2020-05-25 22:31:28-04:00
0,1,0,0,0,0,2020-05-25 22:44:41-04:00
1,0,0,0,0,0,2020-05-29 19:05:33-04:00
1,0,0,0,0,0,2020-05-30 15:17:51-04:00
0,0,1,0,0,0,2020-05-31 03:33:11-04:00
1,0,1,0,0,0,2020-05-31 11:50:32-04:00
0,1,0,0,0,0,2020-05-31 13:11:20-04:00
2,3,2,2,0,1,2020-06-01 20:50:42-04:00
1,2,1,1,1,1,2020-06-06 01:38:27-04:00
1,1,1,1,1,1,2020-06-06 13:04:44-04:00
1,0,0,0,0,0,2020-06-07 01:48:42-04:00
1,0,0,0,0,0,2020-06-07 02:05:16-04:00
2,2,1,0,2,2,2020-06-09 00:01:12-04:00
1,1,0,0,1,1,2020-06-09 00:02:41-04:00
0,0,0,0,0,0,2020-06-09 00:04:00-04:00
3,3,1,0,3,3,2020-06-09 23:26:46-04:00
1,1,0,0,1,1,2020-06-09 23:44:18-04:00
1,1,0,0,1,1,2020-06-09 23:59:41-04:00
0,0,0,0,0,0,2020-06-12 14:05:39-04:00
0,0,0,0,0,0,2020-06-12 14:05:39-04:00
2,2,1,0,1,1,2020-06-12 14:13:34-04:00
2,2,1,0,1,1,2020-06-12 14:13:34-04:00
2,2,0,0,0,2,2020-06-12 16:04:31-04:00
2,2,0,0,0,2,2020-06-12 16:04:31-04:00
4,4,2,1,2,2,2020-06-12 23:51:36-04:00
4,4,2,1,2,2,2020-06-12 23:51:36-04:00
2,3,1,1,1,1,2020-06-13 17:17:57-04:00
2,3,1,1,1,1,2020-06-13 17:17:57-04:00
3,3,2,2,2,3,2020-06-14 18:18:01-04:00
3,3,2,2,2,3,2020-06-14 18:18:01-04:00
1,2,0,0,0,1,2020-06-14 23:59:33-04:00
1,2,0,0,0,1,2020-06-14 23:59:33-04:00
3,4,1,1,1,3,2020-06-15 01:37:19-04:00
3,4,1,1,1,3,2020-06-15 01:37:19-04:00
4,5,1,1,1,4,2020-06-17 00:58:33-04:00
4,5,1,1,1,4,2020-06-17 00:58:33-04:00
1,1,1,1,1,1,2020-06-17 01:10:51-04:00
1,1,1,1,1,1,2020-06-17 01:10:51-04:00
2,2,1,1,1,2,2020-06-18 01:42:01-04:00
2,2,1,1,1,2,2020-06-18 01:42:01-04:00
2,1,1,1,1,1,2020-06-20 02:13:06-04:00
2,1,1,1,1,1,2020-06-20 02:13:06-04:00
3,2,1,1,1,2,2020-06-23 00:17:30-04:00
3,2,1,1,1,2,2020-06-23 00:17:30-04:00
1,0,0,0,0,0,2020-06-23 00:47:11-04:00
1,0,0,0,0,0,2020-06-23 00:47:11-04:00
1,0,0,0,0,0,2020-06-23 02:10:05-04:00
1,0,0,0,0,0,2020-06-23 02:10:05-04:00
1,0,0,0,0,0,2020-06-23 20:00:49-04:00
1,0,0,0,0,0,2020-06-23 20:00:49-04:00
3,2,1,1,1,2,2020-06-25 01:18:58-04:00
3,2,1,1,1,2,2020-06-25 01:18:58-04:00
6,6,2,2,2,4,2020-06-26 01:08:31-04:00
6,6,2,2,2,4,2020-06-26 01:08:31-04:00
3,9,1,1,2,2,2020-06-29 01:35:58-04:00
3,9,1,1,2,2,2020-06-29 01:35:58-04:00
2,6,1,1,2,2,2020-07-01 01:00:09-04:00
1,1,1,1,1,1,2020-07-01 23:37:59-04:00
2,6,1,1,3,2,2020-07-02 01:37:00-04:00
2,3,1,1,1,2,2020-07-03 14:32:16-04:00
0,0,0,0,0,0,2020-07-03 14:34:56-04:00
0,0,0,0,0,0,2020-07-03 14:35:57-04:00
0,0,0,0,0,0,2020-07-03 14:43:28-04:00
0,0,0,0,0,0,2020-07-03 14:46:14-04:00
0,0,0,0,0,0,2020-07-03 14:49:14-04:00
10,11,3,3,2,6,2020-07-03 14:52:38-04:00
10,11,3,3,2,6,2020-07-03 14:52:56-04:00
0,0,0,0,0,0,2020-07-03 17:46:50-04:00
0,0,0,0,0,0,2020-07-03 18:06:01-04:00
0,0,0,0,0,0,2020-07-03 18:06:44-04:00
2,6,1,1,2,2,2020-07-03 18:11:58-04:00
0,0,0,0,0,0,2020-07-03 18:12:48-04:00
1,5,0,0,1,1,2020-07-03 18:19:49-04:00
1,1,0,0,0,1,2020-07-03 18:35:37-04:00
0,1,0,0,0,0,2020-07-03 23:59:04-04:00
2,2,0,0,0,2,2020-07-04 01:16:30-04:00
3,3,2,2,2,4,2020-07-05 01:01:59-04:00
2,2,1,1,1,2,2020-07-11 22:30:41-04:00
3,3,0,0,0,4,2020-07-11 22:35:46-04:00
1,2,0,0,0,0,2020-07-12 01:33:41-04:00
4,5,1,1,1,2,2020-07-13 00:04:48-04:00
3,3,1,1,1,2,2020-07-18 22:27:23-04:00
2,1,0,0,0,1,2020-07-19 00:57:05-04:00
1,1,0,0,0,1,2020-07-19 01:00:41-04:00
1,0,0,0,0,0,2020-07-19 17:51:22-04:00
5,4,1,1,1,2,2020-07-21 15:38:25-04:00
0,2,0,0,0,0,2020-07-22 00:44:27-04:00
2,4,0,0,0,2,2020-07-23 00:09:25-04:00
3,5,1,1,1,2,2020-07-25 22:30:54-04:00
1,2,0,0,0,1,2020-07-25 23:55:31-04:00
0,1,0,0,0,0,2020-07-26 20:45:32-04:00
0,1,0,0,0,0,2020-07-27 00:39:17-04:00
0,1,0,0,0,0,2020-07-27 22:24:53-04:00
3,4,1,1,1,2,2020-08-01 17:35:09-04:00
1,1,0,0,0,0,2020-08-11 01:26:04-04:00
4,5,0,0,0,4,2020-08-12 22:59:47-04:00
2,2,2,1,1,1,2020-08-14 01:04:07-04:00
1,0,0,0,0,0,2020-08-14 22:33:27-04:00
0,0,0,0,0,0,2020-08-14 22:45:21-04:00
0,0,0,0,0,0,2020-08-14 22:47:28-04:00
0,0,0,0,0,0,2020-08-14 22:50:06-04:00
1,0,0,0,0,0,2020-08-17 22:26:49-04:00
0,1,0,0,0,0,2020-08-19 17:49:34-04:00
4,3,3,3,2,2,2020-08-22 04:56:59-04:00
2,3,1,1,0,0,2020-08-23 23:31:37-04:00
2,3,1,1,0,0,2020-08-28 01:04:59-04:00
0,5,0,0,0,0,2020-08-29 19:46:59-04:00
1,0,0,0,0,0,2020-09-02 18:08:21-04:00
0,0,0,0,0,0,2020-09-02 18:11:45-04:00
0,4,0,0,0,0,2020-09-02 18:18:31-04:00
0,0,0,0,0,0,2020-09-02 18:19:28-04:00
2,2,1,1,0,0,2020-09-02 18:25:34-04:00
0,0,0,0,0,0,2020-09-02 18:26:13-04:00
3,5,2,2,1,1,2020-09-03 02:16:17-04:00
3,7,2,2,2,2,2020-09-05 01:04:49-04:00
2,5,2,2,2,1,2020-09-07 01:09:04-04:00
0,3,0,0,0,1,2020-09-07 19:29:19-04:00
0,1,0,0,0,0,2020-09-08 00:47:38-04:00
2,4,2,2,2,2,2020-09-12 19:10:07-04:00
0,0,0,0,0,0,2020-09-13 20:01:27-04:00
0,2,0,0,0,0,2020-09-17 21:36:35-04:00
0,1,0,0,0,0,2020-09-17 22:42:20-04:00
0,1,0,0,0,0,2020-09-19 02:37:49-04:00
0,2,0,0,0,0,2020-09-20 00:43:12-04:00
0,3,0,0,0,0,2020-09-20 17:55:42-04:00
1,6,1,1,0,1,2020-09-21 22:26:10-04:00
0,3,0,0,0,1,2020-09-22 20:41:26-04:00
0,1,0,0,0,0,2020-09-22 20:45:04-04:00
1,5,1,1,0,1,2020-10-03 20:44:21-04:00
0,2,0,0,0,0,2020-10-03 20:47:52-04:00
0,13,0,0,0,1,2020-10-04 20:56:15-04:00
1,2,0,0,0,0,2020-10-05 01:06:25-04:00
2,15,1,1,1,2,2020-10-12 21:05:26-04:00
0,0,0,0,0,0,2020-10-12 21:46:04-04:00
0,0,0,0,0,0,2020-10-15 01:02:23-04:00
4,3,1,1,1,1,2020-10-19 01:18:49-04:00
4,2,0,0,0,0,2020-10-21 01:19:41-04:00
3,0,0,0,0,0,2020-10-23 01:02:40-04:00
6,3,0,0,0,0,2020-10-25 02:17:09-04:00
1,1,0,0,0,0,2020-10-25 02:34:45-04:00
2,1,0,0,0,0,2020-10-25 22:42:34-04:00
1,1,0,0,0,0,2020-10-25 22:43:55-04:00
4,4,1,1,1,1,2020-10-31 18:28:09-04:00
2,2,1,1,1,1,2020-11-07 18:53:54-05:00
0,0,0,0,0,0,2020-11-07 18:59:27-05:00
0,0,0,0,0,0,2020-11-07 19:00:13-05:00
5,7,2,2,2,3,2021-08-23 23:34:32-04:00
0,0,0,0,0,0,2021-08-23 23:36:25-04:00
0,0,0,0,0,0,2021-08-23 23:38:19-04:00
