Acquisition,Preparation,Modeling,Training,Evaluation,Prediction,time
0,0,0,0,0,0,2016-09-21 14:23:28+05:18
2,2,1,1,0,1,2017-12-21 16:18:40+05:18
0,0,0,0,0,0,2018-01-24 18:33:42+05:18
0,0,0,0,0,0,2018-01-24 18:35:04+05:18
0,0,0,0,0,0,2018-01-24 18:36:43+05:18
0,0,0,0,0,0,2018-01-24 18:38:18+05:18
0,0,0,0,0,0,2018-01-24 18:45:06+05:18
0,0,0,0,0,0,2018-01-24 18:47:08+05:18
0,0,0,0,0,0,2018-01-24 19:10:54+05:18
0,0,0,0,0,0,2018-01-24 19:14:32+05:18
0,0,0,0,0,0,2018-01-24 19:37:22+05:18
0,0,0,0,0,0,2018-01-24 19:40:17+05:18
0,0,0,0,0,0,2018-01-24 19:51:39+05:18
0,0,0,0,0,0,2018-03-04 12:00:15+05:18
0,0,0,0,0,0,2018-03-04 12:00:54+05:18
0,0,0,0,0,0,2018-03-04 12:04:08+05:18
0,0,0,0,0,0,2018-03-06 17:02:22+05:18
0,0,0,0,0,0,2018-03-06 17:08:43+05:18
0,0,0,0,0,0,2018-03-06 17:09:58+05:18
2,3,0,0,0,0,2018-03-06 17:11:37+05:18
0,0,0,0,0,0,2018-03-06 17:14:45+05:18
2,1,1,1,0,1,2018-03-06 17:15:34+05:18
1,1,1,1,0,1,2018-03-06 17:16:54+05:18
1,1,1,1,0,1,2018-03-06 17:19:18+05:18
1,1,1,1,0,1,2018-03-06 17:19:49+05:18
1,1,0,0,0,0,2018-03-06 17:20:13+05:18
1,1,0,0,0,0,2018-03-06 17:20:32+05:18
1,1,0,0,0,0,2018-03-06 17:20:57+05:18
0,0,0,0,0,0,2019-02-14 19:41:21-05:00
0,0,0,0,0,0,2019-02-14 19:43:49-05:00
0,0,0,0,0,0,2019-02-14 19:44:58-05:00
0,0,0,0,0,0,2019-02-14 19:46:40-05:00
0,0,0,0,0,0,2019-02-14 19:51:22-05:00
0,0,0,0,0,0,2019-02-14 19:53:06-05:00
0,0,0,0,0,0,2019-02-14 19:54:31-05:00
0,0,0,0,0,0,2019-02-14 19:56:08-05:00
0,0,0,0,0,0,2019-02-14 19:56:55-05:00
0,0,0,0,0,0,2019-02-14 19:57:20-05:00
0,0,0,0,0,0,2019-02-14 19:58:27-05:00
0,0,0,0,0,0,2019-02-14 19:58:44-05:00
0,0,0,0,0,0,2019-02-14 20:00:16-05:00
0,0,0,0,0,0,2019-02-14 20:00:46-05:00
0,0,0,0,0,0,2019-02-14 20:03:35-05:00
0,0,0,0,0,0,2019-02-14 20:04:04-05:00
0,0,0,0,0,0,2019-02-14 20:05:36-05:00
0,0,0,0,0,0,2019-02-14 20:09:11-05:00
0,0,0,0,0,0,2019-02-14 20:10:14-05:00
0,0,0,0,0,0,2019-02-14 20:10:54-05:00
0,0,0,0,0,0,2019-02-14 20:11:13-05:00
0,0,0,0,0,0,2019-03-27 13:12:31-04:00
0,0,0,0,0,0,2020-10-24 15:28:59-04:00
