Acquisition,Preparation,Modeling,Training,Evaluation,Prediction,time
0,0,0,0,0,0,2021-04-14 14:01:56+02:00
1,2,2,2,1,1,2021-04-19 23:23:05+04:18
0,0,0,0,0,0,2021-04-27 09:25:54+02:00
2,4,4,4,2,2,2021-04-27 09:57:29+02:00
6,5,4,4,1,3,2021-07-19 20:34:56+02:00
6,5,4,4,1,3,2021-07-19 20:38:08+02:00
3,4,4,4,1,3,2021-07-19 20:39:55+02:00
3,1,0,0,0,0,2021-07-19 20:41:14+02:00
14,14,12,13,4,7,2021-08-27 11:56:30+02:00
0,0,0,0,0,0,2021-08-27 11:58:45+02:00
12,7,4,5,1,2,2021-09-29 10:55:55+02:00
13,18,2,7,0,8,2021-09-29 10:59:41+02:00
0,0,0,0,0,0,2021-09-29 11:00:49+02:00
1,1,1,1,0,1,2021-10-11 10:51:35+00:00
1,2,1,2,0,2,2021-10-13 16:39:03+00:00
1,1,0,1,0,2,2021-10-18 00:03:25+00:00
2,1,1,1,0,2,2021-10-18 01:10:40+00:00
1,1,0,0,0,0,2021-10-19 10:47:45+02:00
1,1,0,1,0,3,2021-10-20 12:11:09+00:00
0,0,0,0,0,0,2021-10-20 12:15:35+00:00
1,2,1,2,0,2,2021-10-24 19:41:36+00:00
0,0,0,0,0,0,2021-10-25 11:30:19+00:00
1,1,0,1,0,1,2021-10-25 20:08:00+00:00
1,2,1,2,0,1,2021-10-26 08:02:48+00:00
1,1,1,1,0,0,2021-10-26 21:25:54+00:00
4,2,1,2,0,4,2021-11-16 14:03:09+00:00
1,0,0,0,0,0,2021-11-30 17:26:18+00:00
0,0,0,0,0,0,2021-12-09 09:52:54+01:00
0,0,0,0,0,0,2021-12-09 09:56:25+01:00
0,0,0,0,0,0,2021-12-09 09:59:12+01:00
0,0,0,0,0,0,2021-12-09 10:08:26+01:00
12,12,2,6,3,8,2021-12-21 12:11:14+01:00
1,1,0,0,0,0,2021-12-21 12:18:03+01:00
1,1,0,0,0,0,2021-12-21 12:30:59+01:00
0,0,0,0,0,0,2021-12-21 12:31:09+01:00
0,1,1,1,0,0,2021-12-23 14:06:17+00:00
0,0,0,0,0,0,2021-12-27 12:28:29+01:00
0,0,0,0,0,0,2022-01-05 18:13:35+00:00
0,0,0,0,0,0,2022-01-31 14:44:43+01:00
0,0,0,0,0,0,2022-01-31 14:48:18+01:00
3,2,0,1,0,1,2022-02-07 11:34:26+00:00
1,1,0,1,0,1,2022-02-07 13:18:04+00:00
3,4,3,4,0,2,2022-02-07 14:07:47+00:00
2,2,1,2,0,2,2022-02-07 15:04:49+00:00
0,0,0,0,0,0,2022-02-07 15:44:07+00:00
1,1,1,1,0,1,2022-02-14 16:25:30+00:00
2,2,1,1,0,1,2022-02-15 15:40:31+00:00
0,0,0,0,0,0,2022-02-16 12:34:48+01:00
0,0,0,0,0,0,2022-02-16 12:38:30+01:00
0,0,0,0,0,0,2022-02-16 12:39:06+01:00
1,1,0,1,0,1,2022-02-16 14:57:10+00:00
0,0,0,0,0,0,2022-02-16 15:48:46+00:00
0,0,0,0,0,1,2022-02-17 09:53:10+00:00
1,1,1,1,0,1,2022-02-25 10:21:05+00:00
1,1,0,1,0,1,2022-02-25 10:21:44+00:00
0,0,0,0,0,2,2022-02-25 10:44:43+00:00
0,1,0,0,0,1,2022-03-09 12:13:27+01:00
0,0,0,0,0,0,2022-03-09 12:17:32+01:00
0,1,0,0,0,0,2022-03-14 09:57:22+01:00
0,0,0,0,0,2,2022-03-21 14:17:57+01:00
0,0,0,0,0,0,2022-03-21 14:18:55+01:00
0,0,0,0,0,0,2022-05-16 14:21:12+02:00
3,3,1,1,0,1,2022-05-16 15:27:20+02:00
3,4,2,3,0,2,2022-05-16 15:27:42+02:00
0,0,0,0,0,0,2022-05-16 15:36:17+02:00
0,0,0,0,0,2,2022-05-16 15:44:08+02:00
0,0,0,0,0,0,2022-05-16 17:10:42+02:00
0,0,0,0,0,0,2022-05-16 17:29:05+02:00
0,0,0,0,0,0,2022-05-16 17:37:06+02:00
0,0,0,0,0,0,2022-05-16 17:44:58+02:00
0,0,0,0,0,0,2022-05-16 17:57:08+02:00
0,0,0,0,0,0,2022-05-16 17:58:14+02:00
0,0,0,0,0,0,2022-05-16 18:03:58+02:00
0,0,0,0,0,0,2022-05-16 18:13:02+02:00
0,0,0,0,0,0,2022-05-16 18:17:00+02:00
0,0,0,0,0,0,2022-05-16 18:27:44+02:00
0,0,0,0,0,0,2022-05-16 18:30:51+02:00
0,0,0,0,0,0,2022-05-16 18:36:11+02:00
0,0,0,0,0,0,2022-05-16 18:38:14+02:00
0,0,0,0,0,0,2022-05-16 18:42:07+02:00
0,0,0,0,0,0,2022-05-16 18:44:31+02:00
0,0,0,0,0,1,2022-05-17 14:01:11+02:00
0,0,0,0,0,1,2022-05-18 16:34:06+02:00
0,0,0,0,0,0,2022-06-03 16:54:59+02:00
1,1,1,1,0,1,2022-06-03 16:59:48+02:00
0,0,0,0,0,1,2022-06-03 17:08:50+02:00
0,0,0,0,0,0,2022-06-17 13:39:24+02:00
