Acquisition,Preparation,Modeling,Training,Evaluation,Prediction,time
0,0,0,0,0,0,2020-03-12 15:48:10-05:00
1,1,0,1,0,0,2020-03-12 15:53:11-05:00
0,1,0,1,0,0,2020-03-12 15:53:59-05:00
1,1,0,1,0,0,2020-03-12 16:23:18-05:00
0,0,0,0,0,0,2020-03-12 16:27:57-05:00
0,0,0,0,0,0,2020-03-12 16:28:53-05:00
0,0,0,0,0,0,2020-03-12 16:39:03-05:00
1,0,0,0,0,0,2020-03-12 16:46:08-05:00
0,0,0,0,0,0,2020-03-12 16:48:55-05:00
1,1,0,1,0,0,2020-03-13 00:32:01-05:00
1,0,0,0,0,0,2020-03-13 01:08:55-05:00
1,1,0,1,0,0,2020-03-14 12:06:21-05:00
1,1,0,1,0,0,2020-03-14 12:40:10-05:00
1,0,0,0,0,0,2020-03-14 13:25:17-05:00
0,1,0,1,0,0,2020-03-15 09:47:59-05:00
0,0,0,0,0,0,2020-03-15 09:49:56-05:00
0,0,0,0,0,0,2020-03-15 09:50:02-05:00
0,0,0,0,0,0,2020-03-15 10:30:22-05:00
0,1,0,0,0,0,2020-03-16 22:23:10-05:00
0,0,0,0,0,0,2020-03-16 22:23:14-05:00
0,0,0,0,0,0,2020-03-16 22:25:26-05:00
0,0,0,0,0,0,2020-03-16 22:26:11-05:00
0,0,0,0,0,0,2020-03-16 22:27:15-05:00
0,1,0,0,0,0,2020-03-16 22:59:09-05:00
0,1,0,0,0,0,2020-03-17 13:30:38-05:00
0,1,0,0,0,0,2020-03-17 13:44:13-05:00
0,1,0,0,0,0,2020-03-17 13:59:16-05:00
0,1,0,0,0,0,2020-03-17 14:02:57-05:00
1,1,0,0,0,0,2020-03-17 14:23:26-05:00
1,0,0,0,0,0,2020-03-17 14:24:03-05:00
0,1,0,0,0,0,2020-03-17 15:11:54-05:00
0,0,0,0,0,0,2020-03-17 15:24:14-05:00
1,1,0,0,0,0,2020-03-17 15:30:54-05:00
1,2,0,0,0,0,2020-03-17 16:03:13-05:00
0,0,0,0,0,0,2020-03-19 12:23:51-05:00
0,2,0,1,0,0,2020-03-19 12:48:21-05:00
0,1,0,0,0,0,2020-03-19 12:51:19-05:00
0,1,0,1,0,0,2020-03-19 12:51:39-05:00
1,1,0,0,0,0,2020-03-19 13:07:18-05:00
0,1,0,0,0,0,2020-03-20 07:31:08-05:00
0,2,0,0,0,0,2020-03-20 08:08:19-05:00
0,1,0,0,0,0,2020-03-20 08:12:13-05:00
0,2,0,0,0,0,2020-03-22 21:13:48-05:00
0,1,0,0,0,0,2020-03-22 21:21:31-05:00
0,1,0,0,0,0,2020-03-25 10:37:02-05:00
0,1,0,1,0,0,2020-03-28 14:26:18-05:00
0,0,0,0,0,0,2020-03-28 14:27:22-05:00
0,1,0,1,0,0,2020-03-28 14:43:16-05:00
0,1,0,0,0,0,2020-03-28 14:50:48-05:00
0,1,0,0,0,0,2020-03-28 14:53:28-05:00
1,1,0,0,0,0,2020-03-29 07:10:08-05:00
1,0,0,0,0,0,2020-04-05 22:06:55-05:00
0,1,0,1,0,0,2020-04-08 08:49:56-05:00
1,3,0,1,0,0,2020-04-08 12:56:17-05:00
1,1,0,0,0,0,2020-04-08 13:00:57-05:00
0,1,0,0,0,0,2020-04-08 13:05:36-05:00
0,1,0,1,0,0,2020-04-08 13:29:11-05:00
0,1,0,1,0,0,2020-04-08 13:32:11-05:00
1,0,0,0,0,0,2020-04-08 13:34:51-05:00
0,1,0,0,0,0,2020-04-08 13:52:57-05:00
0,1,0,0,0,0,2020-04-08 13:53:34-05:00
1,2,0,0,0,0,2020-04-08 14:02:36-05:00
0,0,0,0,0,0,2020-12-08 18:05:56-06:00
0,1,0,1,0,0,2020-12-31 12:36:55-06:00
1,0,0,0,0,0,2020-12-31 13:08:35-06:00
1,1,0,1,0,0,2020-12-31 14:08:34-06:00
0,0,0,0,0,0,2021-01-01 08:04:17-06:00
0,1,0,0,0,0,2021-01-01 08:34:30-06:00
0,1,0,1,0,0,2021-01-01 08:35:30-06:00
1,0,0,0,0,0,2021-01-01 08:42:07-06:00
0,1,0,0,0,0,2021-01-17 11:54:24-06:00
0,1,0,0,0,0,2021-01-19 09:25:07-06:00
