Acquisition,Preparation,Modeling,Training,Evaluation,Prediction,time
0,0,0,0,0,0,2015-07-01 16:13:25-04:00
0,0,0,0,0,0,2015-07-01 16:16:37-04:00
0,0,0,0,0,0,2015-07-03 15:33:07-04:00
0,0,0,0,0,0,2015-07-03 17:02:20-04:00
0,0,0,0,0,0,2015-07-03 17:02:32-04:00
1,1,0,0,0,0,2015-07-03 19:11:41-04:00
1,1,0,0,0,0,2015-07-06 05:13:57-04:00
1,1,0,0,0,0,2015-07-06 05:48:10-04:00
0,0,0,0,0,0,2015-07-06 09:22:33-04:00
0,0,0,0,0,0,2015-07-06 10:10:34-04:00
1,1,0,0,0,0,2015-07-06 11:07:57-04:00
1,1,0,0,0,0,2015-07-13 16:57:29-04:00
1,1,0,0,0,0,2015-07-13 16:58:52-04:00
0,0,0,0,0,0,2015-07-13 16:59:02-04:00
0,0,0,0,0,0,2015-07-13 16:59:28-04:00
1,1,0,0,0,0,2015-07-13 20:58:38-04:00
0,0,0,0,0,0,2015-07-16 04:53:56-04:00
0,0,0,0,0,0,2015-07-21 06:56:23-04:00
0,0,0,0,0,0,2015-07-21 06:56:40-04:00
0,0,0,0,0,0,2015-07-30 09:31:09-04:00
0,0,0,0,0,0,2015-08-15 16:40:58-04:00
0,0,0,0,0,0,2015-08-15 16:43:34-04:00
0,0,0,0,0,0,2015-08-26 17:48:30+05:18
0,0,0,0,0,0,2015-08-26 11:18:23-04:00
0,0,0,0,0,0,2015-08-27 21:39:30-04:00
3,3,0,0,0,0,2015-09-03 17:30:19-04:00
0,0,0,0,0,0,2015-09-06 01:15:44-04:00
0,0,0,0,0,0,2015-09-14 00:03:20-04:00
0,0,0,0,0,0,2015-09-14 00:03:29-04:00
0,0,0,0,0,0,2015-09-22 15:48:42-04:00
0,0,0,0,0,0,2015-09-22 15:48:58-04:00
0,0,0,0,0,0,2015-09-22 15:50:54-04:00
0,0,0,0,0,0,2015-09-23 11:12:49-04:00
0,0,0,0,0,0,2015-09-23 11:12:51-04:00
0,0,0,0,0,0,2015-10-04 21:17:06+01:00
0,0,0,0,0,0,2015-10-07 00:27:50+01:00
0,0,0,0,0,0,2015-10-07 00:28:01+01:00
0,0,0,0,0,0,2015-10-14 01:27:54+01:00
0,0,0,0,0,0,2015-10-14 01:28:14+01:00
0,0,0,0,0,0,2015-10-14 01:28:34+01:00
0,0,0,0,0,0,2015-10-14 04:23:23+01:00
1,1,0,0,0,0,2015-10-14 04:23:34+01:00
0,0,0,0,0,0,2015-10-14 04:23:46+01:00
1,1,0,0,0,0,2015-10-14 04:24:04+01:00
0,0,0,0,0,0,2015-10-19 04:56:48-04:00
1,1,0,0,0,0,2015-10-19 20:34:13-04:00
0,0,0,0,0,0,2015-10-20 04:58:07-04:00
0,0,0,0,0,0,2015-10-20 10:02:26+01:00
1,1,0,0,0,0,2015-10-21 17:36:57-04:00
1,1,0,0,0,0,2015-10-21 19:09:55-04:00
0,0,0,0,0,0,2015-10-22 19:18:55+01:00
2,2,0,0,0,0,2015-10-22 18:08:37-04:00
0,0,0,0,0,0,2015-10-22 23:30:38-04:00
0,0,0,0,0,0,2015-10-22 23:32:22-04:00
0,0,0,0,0,0,2015-10-24 08:55:58+01:00
0,0,0,0,0,0,2015-10-24 04:37:15-04:00
0,0,0,0,0,0,2015-10-24 04:39:59-04:00
0,0,0,0,0,0,2015-10-24 06:41:08-04:00
0,0,0,0,0,0,2015-10-24 06:41:57-04:00
0,0,0,0,0,0,2015-10-26 22:03:42-04:00
0,0,0,0,0,0,2015-11-02 16:28:22-05:00
0,0,0,0,0,0,2015-11-25 14:21:39-05:00
0,1,0,0,0,0,2015-11-25 17:19:51-05:00
1,1,0,0,0,0,2015-11-25 18:01:10-05:00
2,2,0,0,0,0,2015-11-26 01:17:54-05:00
0,0,0,0,0,0,2015-12-01 23:54:07-05:00
0,0,0,0,0,0,2015-12-03 15:43:45-05:00
0,0,0,0,0,0,2015-12-04 13:07:47-05:00
0,0,0,0,0,0,2015-12-04 13:08:04-08:00
0,0,0,0,0,0,2015-12-05 17:18:10-05:00
0,0,0,0,0,0,2015-12-05 17:18:12-05:00
0,0,0,0,0,0,2015-12-13 18:38:18-05:00
0,0,0,0,0,0,2015-12-16 21:36:19-05:00
0,0,0,0,0,0,2015-12-16 22:21:09-05:00
0,0,0,0,0,0,2015-12-17 00:03:21-05:00
0,0,0,0,0,0,2015-12-31 04:46:16-05:00
0,0,0,0,0,0,2015-12-31 10:10:59-05:00
0,0,0,0,0,0,2015-12-31 10:11:25-05:00
0,0,0,0,0,0,2015-12-31 11:41:44-05:00
0,0,0,0,0,0,2015-12-31 11:42:02-05:00
0,0,0,0,0,0,2015-12-31 11:50:17-05:00
0,0,0,0,0,0,2015-12-31 11:50:22-05:00
0,0,0,0,0,0,2016-01-26 16:15:41-05:00
0,0,0,0,0,0,2016-01-27 22:26:52-05:00
0,0,0,0,0,0,2016-02-02 11:48:44+00:00
0,0,0,0,0,0,2016-02-02 11:50:06+00:00
0,0,0,0,0,0,2016-02-02 16:05:30+00:00
0,0,0,0,0,0,2016-02-02 16:10:48+00:00
1,1,0,0,0,0,2016-02-02 16:43:23+00:00
0,0,0,0,0,0,2016-02-02 17:20:19+00:00
0,0,0,0,0,0,2016-02-02 17:38:43+00:00
0,0,0,0,0,0,2016-02-14 18:10:34+00:00
1,1,0,0,0,0,2016-02-15 11:02:32+00:00
1,1,0,0,0,0,2016-02-15 14:39:14+00:00
0,0,0,0,0,0,2016-02-16 12:02:25+00:00
1,1,0,0,0,0,2016-02-16 17:16:00+00:00
1,1,0,0,0,0,2016-02-29 11:02:27+00:00
2,2,1,0,0,0,2016-02-29 15:19:56+00:00
1,1,0,0,0,0,2016-03-01 14:18:43+00:00
3,3,1,0,0,0,2016-03-01 17:51:51+00:00
1,1,0,0,0,0,2016-03-02 09:12:53+00:00
4,3,0,0,0,0,2016-03-01 17:57:12+00:00
4,3,1,0,0,0,2016-03-21 15:05:54+00:00
1,1,0,0,0,0,2016-04-05 16:07:48+01:00
2,1,1,0,0,0,2016-04-19 10:23:34+01:00
0,0,0,0,0,0,2016-05-16 16:06:50-04:00
0,0,0,0,0,0,2016-05-17 11:07:49-04:00
0,0,0,0,0,0,2016-05-17 16:34:38-04:00
1,1,0,0,0,0,2016-05-18 18:21:22-04:00
0,1,0,0,0,0,2016-05-18 18:22:40-04:00
0,0,0,0,0,0,2016-05-20 08:59:18-04:00
0,0,0,0,0,0,2016-05-20 09:04:38-04:00
1,1,0,0,0,0,2016-05-20 09:48:52-04:00
1,2,0,0,0,0,2016-05-20 10:36:14-04:00
0,0,0,0,0,0,2016-05-20 10:40:37-04:00
2,2,1,0,0,0,2016-05-20 11:52:58-04:00
0,0,0,0,0,0,2016-05-20 13:42:47-04:00
0,0,0,0,0,0,2016-05-20 14:18:08-04:00
1,2,0,0,0,0,2016-05-20 14:21:53-04:00
0,1,0,0,0,1,2016-05-20 14:40:41-04:00
2,2,1,0,0,0,2016-05-20 15:02:41-04:00
1,1,0,0,0,0,2016-05-20 15:15:56-04:00
1,1,0,0,0,0,2016-05-20 15:35:26-04:00
0,1,0,0,0,0,2016-05-20 16:40:46-04:00
0,1,0,0,0,0,2016-05-20 18:11:59-04:00
0,0,0,0,0,0,2016-05-20 18:43:09-04:00
0,0,0,0,0,0,2016-05-21 09:49:06-04:00
1,1,0,0,0,0,2016-05-21 10:14:14-04:00
0,0,0,0,0,0,2016-05-21 10:21:44-04:00
0,0,0,0,0,0,2016-05-21 10:25:12-04:00
0,0,0,0,0,0,2016-05-21 10:33:28-04:00
0,0,0,0,0,0,2016-05-21 10:37:45-04:00
0,0,0,0,0,0,2016-05-21 10:37:48-04:00
0,0,0,0,0,0,2016-05-21 10:38:19-04:00
0,0,0,0,0,0,2016-05-21 10:48:27-04:00
0,0,0,0,0,0,2016-05-23 10:10:26+01:00
0,0,0,0,0,0,2016-05-23 20:12:10+00:00
0,0,0,0,0,0,2016-05-24 03:09:28+00:00
1,1,0,0,0,0,2016-06-06 09:56:19+00:00
1,1,0,0,0,0,2016-05-19 11:41:16-04:00
0,0,0,0,0,0,2016-05-19 11:47:09-04:00
1,1,0,0,0,0,2016-06-17 14:59:25+00:00
0,0,0,0,0,0,2016-07-11 16:38:23+01:00
0,0,0,0,0,0,2016-07-13 10:02:13+01:00
0,0,0,0,0,0,2016-07-14 09:52:09+01:00
0,0,0,0,0,0,2016-07-19 11:01:08+01:00
0,0,0,0,0,0,2016-07-19 11:09:28+01:00
2,2,2,0,0,0,2016-07-25 18:32:30+01:00
2,2,2,0,0,0,2016-07-25 18:33:03+01:00
0,0,0,0,0,0,2016-08-05 13:21:24+01:00
0,0,0,0,0,0,2016-08-25 19:08:55+01:00
1,1,0,0,0,0,2016-08-26 12:01:41+01:00
1,1,0,0,0,0,2016-09-02 14:11:13+01:00
0,0,0,0,0,0,2016-09-02 14:33:04+01:00
1,1,0,0,0,0,2016-09-02 14:49:23+01:00
0,0,0,0,0,0,2016-09-02 15:18:23+01:00
0,0,0,0,0,0,2016-09-02 15:30:04+01:00
0,0,0,0,0,0,2016-09-02 16:25:31+01:00
0,0,0,0,0,0,2016-09-06 06:37:17-07:00
0,0,0,0,0,0,2016-09-06 06:41:31-07:00
2,4,0,0,1,0,2016-09-06 19:03:37+00:00
2,4,0,0,1,0,2016-09-07 11:39:08+01:00
0,0,0,0,0,0,2016-09-07 04:20:23-07:00
0,0,0,0,0,0,2016-09-07 04:23:16-07:00
0,0,0,0,0,0,2016-09-07 04:25:52-07:00
0,0,0,0,0,0,2016-09-07 04:30:56-07:00
0,0,0,0,0,0,2016-09-07 09:31:39-07:00
0,0,0,0,0,0,2016-09-07 18:22:13+01:00
0,1,0,0,0,0,2016-09-07 19:02:32+01:00
3,3,2,0,0,0,2016-09-08 11:59:07+01:00
1,1,0,0,0,0,2016-09-08 17:48:37+01:00
0,1,0,0,1,0,2016-09-08 20:28:24+00:00
0,1,0,0,1,0,2016-09-08 20:43:14+00:00
0,0,0,0,0,0,2016-09-08 20:44:28+00:00
0,0,0,0,0,0,2016-09-08 20:47:13+00:00
0,0,0,0,0,0,2016-09-08 21:50:11+01:00
0,1,0,0,1,0,2016-09-08 22:08:38+01:00
0,0,0,0,0,0,2016-09-13 15:37:54+02:00
0,0,0,0,0,0,2016-09-13 15:38:20+02:00
0,0,0,0,0,0,2016-09-13 16:04:01+02:00
0,0,0,0,0,0,2016-09-13 16:49:36+02:00
0,0,0,0,0,0,2016-09-13 17:47:23+02:00
0,0,0,0,0,1,2016-09-14 16:55:00+02:00
0,0,0,0,0,0,2016-09-14 20:57:53+03:00
0,0,0,0,0,0,2016-09-15 13:47:26+02:00
0,0,0,0,0,0,2016-09-15 17:16:53+02:00
0,0,0,0,0,0,2016-09-15 19:05:36+03:00
1,0,0,0,0,0,2016-09-15 19:10:04+03:00
0,0,0,0,0,0,2016-09-15 20:00:50+03:00
0,2,0,0,0,2,2016-09-15 19:23:57+02:00
0,0,0,0,0,0,2016-09-15 20:31:00+03:00
0,0,0,0,0,0,2016-09-15 19:38:44+02:00
0,0,0,0,0,0,2016-09-15 19:42:46+02:00
0,0,0,0,0,0,2016-09-15 19:46:03+02:00
0,0,0,0,0,0,2016-09-16 11:50:59+03:00
0,0,0,0,0,0,2016-09-16 11:38:43+02:00
0,0,0,0,0,0,2016-09-16 11:38:47+02:00
0,0,0,0,0,0,2016-09-16 13:47:43+03:00
0,0,0,0,0,0,2016-09-16 15:01:33+03:00
0,1,0,0,0,1,2016-09-16 14:13:28+02:00
0,0,0,0,0,0,2016-09-16 14:15:16+02:00
0,1,0,0,0,0,2016-09-16 14:38:53+02:00
0,2,0,0,0,1,2016-09-16 14:45:09+02:00
0,0,0,0,0,0,2016-09-16 14:45:40+02:00
0,0,0,0,0,0,2016-09-16 15:49:16+03:00
0,0,0,0,0,0,2016-09-16 16:14:18+02:00
0,0,0,0,0,0,2016-09-16 17:20:18+03:00
0,0,0,0,0,0,2016-09-16 17:33:19+03:00
3,3,2,0,0,0,2016-09-16 16:49:41+02:00
0,0,0,0,0,0,2016-09-16 17:17:04+02:00
0,0,0,0,0,0,2016-09-16 17:18:48+02:00
0,2,0,0,0,0,2016-09-16 17:27:56+02:00
0,3,0,0,0,2,2016-09-16 17:37:05+02:00
0,1,0,0,0,0,2016-09-16 17:59:39+02:00
0,1,0,0,0,0,2016-09-16 18:06:57+02:00
0,0,0,0,0,0,2016-09-16 18:12:24+02:00
0,0,0,0,0,0,2016-09-16 18:18:04+02:00
0,0,0,0,0,0,2016-09-16 18:22:34+02:00
0,0,0,0,0,0,2016-09-16 18:41:16+02:00
0,0,0,0,0,0,2016-09-16 20:50:48+03:00
0,1,0,0,0,1,2016-09-16 23:11:56+02:00
0,0,0,0,0,0,2016-09-17 01:09:37+03:00
0,0,0,0,0,0,2016-09-17 08:32:14+02:00
0,0,0,0,0,0,2016-09-17 08:33:00+02:00
0,0,0,0,0,0,2016-09-17 08:33:12+02:00
0,0,0,0,0,0,2016-09-17 08:58:44+02:00
0,0,0,0,0,0,2016-09-17 09:38:25+02:00
0,0,0,0,0,0,2016-09-17 18:51:22+02:00
0,0,0,0,0,0,2016-09-20 16:19:14+01:00
0,0,0,0,0,0,2016-09-20 16:19:39+01:00
0,0,0,0,0,0,2016-10-02 12:12:16+01:00
0,0,0,0,0,0,2016-10-02 12:17:43+01:00
0,0,0,0,0,0,2016-10-02 12:19:01+01:00
0,0,0,0,0,0,2016-10-02 12:20:01+01:00
0,1,0,0,1,0,2016-10-02 12:36:03+01:00
0,0,0,0,0,0,2016-10-02 12:47:58+01:00
4,4,2,0,0,0,2016-10-02 14:07:30+01:00
0,1,0,0,1,0,2016-10-02 21:15:55+01:00
0,0,0,0,0,0,2016-10-03 09:44:49+01:00
0,0,0,0,0,0,2016-10-03 10:37:47+01:00
0,1,0,0,1,0,2016-10-03 12:04:02+01:00
0,1,0,0,0,1,2016-10-04 16:44:13+02:00
0,1,0,0,0,1,2016-10-04 16:52:06+02:00
0,2,0,0,0,1,2016-10-05 13:45:14+02:00
2,2,0,0,0,0,2016-10-06 13:51:22+01:00
0,0,0,0,0,0,2016-10-06 13:57:20+01:00
0,3,2,0,0,0,2016-10-06 15:17:36+01:00
1,1,0,0,0,1,2016-10-06 15:53:19+01:00
0,0,0,0,0,0,2016-10-06 15:54:46+01:00
1,1,0,0,0,1,2016-10-06 16:12:55+01:00
0,2,2,0,0,0,2016-10-06 16:13:31+01:00
0,1,0,0,0,0,2016-10-12 08:42:41+02:00
0,2,0,0,0,1,2016-10-18 11:02:39+01:00
0,1,0,0,0,0,2016-10-18 11:02:55+01:00
0,0,0,0,0,0,2016-10-18 11:28:44+01:00
1,1,0,0,0,0,2016-10-18 11:37:34+01:00
1,1,0,0,0,0,2016-10-18 12:12:05+01:00
1,1,0,0,0,0,2016-10-24 15:47:58+01:00
0,3,2,0,0,0,2016-10-31 17:04:05-05:00
0,0,0,0,0,0,2016-10-31 17:08:24-05:00
4,4,2,0,0,1,2016-11-01 10:35:37-05:00
0,1,0,0,1,0,2016-11-01 10:46:26-05:00
4,4,2,0,0,0,2016-11-01 10:53:12-05:00
0,0,0,0,0,0,2016-11-01 10:54:05-05:00
0,1,0,0,0,0,2016-11-02 15:31:20+00:00
0,0,0,0,0,0,2016-11-14 11:44:05+00:00
0,3,2,0,0,0,2016-11-17 10:34:38+00:00
0,0,0,0,0,0,2016-11-17 10:47:58+00:00
0,0,0,0,0,0,2016-11-17 13:38:06+00:00
1,1,0,0,0,0,2016-11-17 17:35:23+00:00
0,0,0,0,0,0,2016-11-18 10:46:53+00:00
0,0,0,0,0,0,2016-11-18 13:27:00+00:00
0,0,0,0,0,0,2016-11-23 10:48:22+00:00
2,2,0,0,0,0,2016-12-05 10:39:51+00:00
0,0,0,0,0,0,2016-12-05 11:17:09+00:00
0,0,0,0,0,0,2016-12-12 16:21:22+00:00
0,1,0,0,0,0,2016-12-12 16:45:00+00:00
0,0,0,0,0,0,2016-12-16 15:57:35+00:00
1,1,0,0,0,0,2016-12-18 12:12:53+00:00
0,0,0,0,0,0,2016-12-19 11:14:10+00:00
0,0,0,0,0,0,2016-12-19 15:24:18+00:00
0,0,0,0,0,0,2016-12-19 15:33:00+00:00
0,0,0,0,0,0,2016-12-19 16:42:47+00:00
0,0,0,0,0,0,2016-12-19 19:01:01+00:00
0,0,0,0,0,0,2016-12-20 12:03:19+00:00
0,0,0,0,0,0,2016-12-20 14:45:30+00:00
0,0,0,0,0,0,2016-12-20 14:45:42+00:00
0,0,0,0,0,0,2017-01-12 11:11:17+00:00
0,0,0,0,0,0,2017-01-16 10:55:41+00:00
0,0,0,0,0,0,2017-01-16 12:58:02+02:00
0,0,0,0,0,0,2017-01-16 14:31:13+02:00
0,2,0,0,0,0,2017-01-19 17:17:29+00:00
0,0,0,0,0,0,2017-01-21 11:33:59+00:00
0,1,0,0,0,1,2017-01-22 17:24:11+00:00
0,2,2,0,0,0,2017-01-23 11:14:19+00:00
0,1,0,0,0,0,2017-01-24 10:17:23+00:00
0,1,0,0,0,0,2017-01-24 14:24:13+00:00
0,0,0,0,0,0,2017-01-24 14:48:21+00:00
0,1,0,0,1,0,2017-01-25 14:27:09+08:00
0,0,0,0,0,0,2017-01-25 14:28:54+08:00
0,1,0,0,1,0,2017-01-25 15:42:19+08:00
0,0,0,0,0,0,2017-01-25 10:43:33+00:00
1,1,0,0,0,0,2017-01-25 12:06:26+00:00
0,0,0,0,0,0,2017-01-25 14:56:28+00:00
0,0,0,0,0,0,2017-01-25 14:59:20+00:00
1,1,0,0,0,0,2017-01-25 16:02:49+00:00
0,0,0,0,0,0,2017-01-25 16:03:43+00:00
0,0,0,0,0,0,2017-01-26 15:03:55+00:00
0,0,0,0,0,0,2017-01-26 16:59:57+00:00
0,0,0,0,0,0,2017-01-26 19:03:32+00:00
0,0,0,0,0,0,2017-01-27 00:23:19+00:00
0,0,0,0,0,0,2017-01-27 00:24:42+00:00
0,0,0,0,0,0,2017-01-27 10:54:32+01:00
0,0,0,0,0,0,2017-02-08 11:49:16+00:00
1,3,0,0,1,0,2017-02-08 12:22:23+00:00
0,0,0,0,0,0,2017-02-08 14:39:06+00:00
1,1,0,0,0,0,2017-02-09 16:21:24+00:00
0,0,0,0,0,0,2017-02-10 17:02:53+00:00
0,0,0,0,0,0,2017-02-10 17:07:28+00:00
0,1,0,0,1,0,2017-02-13 15:10:51+00:00
0,0,0,0,0,0,2017-02-13 15:50:08+00:00
0,1,0,0,1,0,2017-02-14 16:22:29+00:00
0,0,0,0,0,0,2017-02-14 16:42:06+00:00
0,0,0,0,0,0,2017-02-15 11:52:29+00:00
0,0,0,0,0,0,2017-02-15 12:26:16+00:00
0,0,0,0,0,0,2017-02-15 17:05:01+00:00
0,1,0,0,1,0,2017-02-15 17:24:10+00:00
2,2,0,0,0,1,2017-02-15 17:43:26+00:00
0,0,0,0,0,0,2017-02-15 17:44:50+00:00
0,0,0,0,0,0,2017-02-15 19:30:48+00:00
0,0,0,0,0,0,2017-02-15 19:33:15+00:00
0,0,0,0,0,0,2017-02-16 12:02:19+00:00
2,2,0,0,0,1,2017-02-16 12:02:44+00:00
0,0,0,0,0,0,2017-02-16 12:37:07+00:00
0,1,0,0,1,0,2017-02-16 11:58:36+00:00
0,0,0,0,0,0,2017-02-16 13:38:06+00:00
0,0,0,0,0,0,2017-02-16 13:43:34+00:00
0,0,0,0,0,0,2017-02-16 13:49:27+00:00
0,0,0,0,0,0,2017-02-14 16:55:03+00:00
0,0,0,0,0,0,2017-02-16 14:48:19+00:00
0,0,0,0,0,0,2017-02-16 17:25:39+00:00
0,0,0,0,0,0,2017-02-16 17:28:42+00:00
0,0,0,0,0,0,2017-02-16 17:33:33+00:00
0,1,0,0,1,0,2017-02-16 17:56:27+00:00
0,0,0,0,0,0,2017-02-16 17:57:04+00:00
0,1,0,0,1,0,2017-02-17 10:33:11+00:00
0,0,0,0,0,0,2017-02-17 11:28:19+00:00
0,0,0,0,0,0,2017-02-17 11:40:24+00:00
0,0,0,0,0,0,2017-02-17 11:49:02+00:00
0,0,0,0,0,0,2017-02-17 16:56:02+00:00
0,0,0,0,0,0,2017-02-17 16:58:40+00:00
0,0,0,0,0,0,2017-02-17 17:00:34+00:00
0,0,0,0,0,0,2017-02-17 17:44:54+00:00
0,0,0,0,0,0,2017-02-17 17:56:52+00:00
0,0,0,0,0,0,2017-02-18 11:39:50+00:00
0,0,0,0,0,0,2017-02-18 14:03:47+00:00
0,0,0,0,0,0,2017-02-18 16:24:01+00:00
0,0,0,0,0,0,2017-02-18 17:05:40+00:00
0,3,0,0,0,0,2017-02-19 21:18:41+00:00
0,0,0,0,0,0,2017-02-20 09:33:53+00:00
0,0,0,0,0,0,2017-02-20 09:43:54+00:00
0,0,0,0,0,0,2017-02-20 09:59:27+00:00
0,0,0,0,0,0,2017-02-20 10:01:28+00:00
0,0,0,0,0,0,2017-02-20 10:52:00+00:00
0,0,0,0,0,0,2017-02-20 00:15:15+00:00
0,0,0,0,0,0,2017-02-21 15:35:45+00:00
0,2,0,0,0,0,2017-02-22 11:00:39+00:00
0,0,0,0,0,0,2017-02-22 13:38:15+00:00
0,0,0,0,0,0,2017-02-22 16:40:24+00:00
0,0,0,0,0,0,2017-02-22 17:48:41+00:00
0,0,0,0,0,0,2017-02-22 17:59:06+00:00
0,0,0,0,0,0,2017-02-23 08:14:09+00:00
0,0,0,0,0,0,2017-02-23 08:21:16+00:00
0,2,0,0,0,1,2017-02-23 11:05:20+00:00
0,1,1,0,0,0,2017-02-23 15:25:34+00:00
0,0,0,0,0,0,2017-02-23 16:13:15+00:00
0,1,0,0,0,1,2017-02-23 17:23:06+00:00
0,0,0,0,0,0,2017-02-24 09:24:57-05:00
0,0,0,0,0,0,2017-02-27 10:11:06+00:00
2,1,0,0,0,0,2017-02-27 16:03:48+00:00
0,1,0,0,1,0,2017-02-27 18:02:18+00:00
0,1,0,0,1,0,2017-02-28 11:26:45+00:00
0,1,0,0,1,0,2017-02-28 11:48:56+00:00
0,1,0,0,1,0,2017-02-28 13:40:10+00:00
0,1,0,0,1,0,2017-02-28 14:14:58+00:00
0,1,0,0,1,0,2017-03-01 13:52:32+00:00
0,1,0,0,1,0,2017-03-01 14:28:39+00:00
0,1,0,0,1,0,2017-03-01 18:17:02+00:00
1,2,1,0,0,1,2017-03-01 21:12:58+00:00
0,0,0,0,0,0,2017-03-01 21:28:34+00:00
0,0,0,0,0,0,2017-03-01 21:53:38+00:00
0,2,1,0,0,1,2017-03-01 23:05:53+00:00
0,1,0,0,0,0,2017-03-01 23:44:49+00:00
0,1,1,0,0,1,2017-03-02 05:12:40+00:00
0,1,0,0,1,0,2017-03-02 10:04:42+00:00
0,1,0,0,1,0,2017-03-02 11:03:19+00:00
0,1,0,0,1,0,2017-03-02 14:09:19+00:00
0,1,0,0,1,0,2017-03-02 14:25:28+00:00
0,1,0,0,0,0,2017-03-02 17:07:03+00:00
0,2,0,0,1,0,2017-03-02 18:58:31+00:00
0,0,0,0,0,0,2017-03-03 10:00:09+00:00
0,1,0,0,1,0,2017-03-03 12:17:49+00:00
0,0,0,0,0,0,2017-03-03 14:54:46+00:00
0,0,0,0,0,0,2017-03-03 15:02:56+00:00
0,1,0,0,1,0,2017-03-03 17:42:04+00:00
0,0,0,0,0,0,2017-03-04 11:31:09+00:00
0,2,1,0,0,1,2017-03-04 11:36:24+00:00
0,1,1,0,0,1,2017-03-04 11:38:06+00:00
0,1,1,0,0,1,2017-03-04 11:39:59+00:00
0,1,0,0,1,0,2017-03-04 17:35:40+00:00
0,0,0,0,0,0,2017-03-04 11:49:03+00:00
0,2,1,0,0,1,2017-03-05 14:40:44+00:00
0,0,0,0,0,0,2017-03-06 12:02:46+00:00
0,0,0,0,0,0,2017-03-06 12:52:21+00:00
0,1,0,0,1,0,2017-03-06 14:29:33+00:00
0,0,0,0,0,0,2017-03-06 14:39:48+00:00
0,0,0,0,0,0,2017-03-06 17:25:00+00:00
0,0,0,0,0,0,2017-03-06 19:43:47+00:00
0,0,0,0,0,0,2017-03-07 11:38:17+00:00
0,1,0,0,1,0,2017-03-07 18:25:49+00:00
1,1,0,0,0,0,2017-03-08 11:47:21+01:00
0,1,1,0,0,1,2017-03-08 12:04:02+00:00
0,0,0,0,0,0,2017-03-08 12:16:41+00:00
0,0,0,0,0,0,2017-03-08 17:31:49+00:00
0,0,0,0,0,0,2017-03-08 17:40:36+00:00
0,0,0,0,0,0,2017-03-08 17:41:21+00:00
0,1,0,0,1,0,2017-03-09 09:40:51+00:00
0,0,0,0,0,0,2017-03-09 09:47:18+00:00
0,1,0,0,1,0,2017-03-09 13:55:09+00:00
0,1,0,0,1,0,2017-03-09 19:11:30+00:00
0,1,0,0,1,0,2017-03-10 14:25:53+00:00
0,0,0,0,0,0,2017-03-13 16:49:09+00:00
0,0,0,0,0,0,2017-03-13 17:07:21+00:00
0,0,0,0,0,0,2017-03-13 18:00:45+00:00
0,0,0,0,0,0,2017-03-13 21:30:09+00:00
0,0,0,0,0,0,2017-03-17 20:36:22+00:00
1,1,0,0,0,0,2017-03-17 22:25:19+00:00
1,1,0,0,0,0,2017-03-20 10:43:45+00:00
0,0,0,0,0,0,2017-03-20 11:53:57+00:00
0,0,0,0,0,0,2017-03-20 11:42:29+00:00
0,0,0,0,0,0,2017-03-22 10:32:03+00:00
0,0,0,0,0,0,2017-03-22 16:16:37+00:00
1,1,0,0,0,0,2017-03-23 11:21:58+00:00
0,0,0,0,0,0,2017-03-23 13:23:50+00:00
0,0,0,0,0,0,2017-03-24 10:58:47+00:00
0,1,1,0,0,0,2017-03-27 17:43:45+01:00
0,1,1,0,0,1,2017-03-27 18:12:48+01:00
0,1,1,0,0,1,2017-03-27 20:50:27+01:00
1,1,0,0,0,0,2017-03-27 20:33:12+01:00
0,0,0,0,0,0,2017-03-29 14:38:18+01:00
0,0,0,0,0,0,2017-03-29 17:11:57+01:00
1,1,0,0,0,0,2017-03-30 13:45:17+01:00
1,1,0,0,0,0,2017-03-30 14:53:53+01:00
0,1,0,0,0,0,2017-04-05 17:27:59+02:00
0,0,0,0,0,0,2017-04-12 16:35:14+01:00
0,0,0,0,0,0,2017-04-12 17:07:57+01:00
0,0,0,0,0,0,2017-04-12 17:11:28+01:00
0,0,0,0,0,0,2017-04-13 11:24:22+01:00
0,0,0,0,0,0,2017-04-13 12:26:40+00:00
0,0,0,0,0,0,2017-04-17 12:12:39+01:00
0,0,0,0,0,0,2017-04-26 14:46:40+08:00
0,0,0,0,0,0,2017-04-28 19:12:24+08:00
0,0,0,0,0,0,2017-04-26 14:46:40+08:00
0,0,0,0,0,0,2017-04-28 23:26:03+08:00
1,1,0,0,0,0,2017-03-08 11:47:21+01:00
0,0,0,0,0,0,2017-03-08 17:31:49+00:00
0,0,0,0,0,0,2017-03-08 17:40:36+00:00
0,0,0,0,0,0,2017-03-08 17:41:21+00:00
0,0,0,0,0,0,2017-03-22 16:16:37+00:00
0,1,1,0,0,0,2017-03-27 17:43:45+01:00
1,1,0,0,0,0,2017-03-30 13:45:17+01:00
1,1,0,0,0,0,2017-03-30 14:53:53+01:00
0,1,0,0,0,0,2017-04-05 17:27:59+02:00
0,0,0,0,0,0,2017-04-12 16:35:14+01:00
0,0,0,0,0,0,2017-04-13 11:24:22+01:00
0,0,0,0,0,0,2017-04-17 12:12:39+01:00
0,0,0,0,0,0,2017-04-28 19:12:24+08:00
0,2,2,0,0,0,2017-05-01 21:08:51+01:00
0,0,0,0,0,0,2017-05-02 11:41:32+01:00
0,1,0,0,0,0,2017-05-02 12:15:17+01:00
0,1,0,0,0,0,2017-05-02 19:23:15+08:00
0,0,0,0,0,0,2017-05-02 16:57:39+01:00
0,0,0,0,0,0,2017-04-26 14:46:40+08:00
0,0,0,0,0,0,2017-05-03 10:59:34+08:00
0,1,0,0,0,0,2017-05-03 11:05:01+08:00
0,0,0,0,0,0,2017-05-03 11:06:25+08:00
0,1,0,0,0,0,2017-05-03 13:21:46+08:00
0,1,0,0,0,0,2017-05-03 14:25:38+08:00
0,1,0,0,0,0,2017-05-03 14:32:53+08:00
0,0,0,0,0,0,2017-05-03 16:49:44+01:00
0,0,0,0,0,0,2017-05-03 16:52:14+01:00
0,0,0,0,0,0,2017-05-03 16:53:45+01:00
0,1,0,0,1,0,2017-05-04 10:11:52+01:00
0,1,0,0,1,0,2017-05-04 10:13:54+01:00
0,0,0,0,0,0,2017-05-04 10:29:32+01:00
2,2,0,0,0,1,2017-05-04 10:31:55+01:00
0,0,0,0,0,0,2017-05-04 10:41:10+01:00
0,0,0,0,0,0,2017-05-04 10:54:33+01:00
0,0,0,0,0,0,2017-05-05 15:25:26+01:00
0,0,0,0,0,0,2017-05-05 16:14:43+01:00
1,1,0,0,0,0,2017-05-10 16:48:41+02:00
0,0,0,0,0,0,2017-05-10 16:49:00+02:00
0,1,0,0,0,0,2017-05-11 11:25:19+08:00
0,0,0,0,0,0,2017-05-11 10:42:59+02:00
0,1,0,0,0,0,2017-05-11 12:07:48+02:00
0,1,0,0,0,0,2017-05-11 12:28:42+02:00
0,0,0,0,0,0,2017-05-11 12:13:04+01:00
0,1,0,0,0,0,2017-05-11 12:19:54+01:00
0,0,0,0,0,0,2017-05-11 12:20:50+01:00
0,1,0,0,0,0,2017-05-11 15:41:04+02:00
0,0,0,0,0,0,2017-05-12 10:48:45+02:00
0,0,0,0,0,0,2017-05-12 15:26:10+02:00
0,1,0,0,1,0,2017-05-15 12:17:25+01:00
0,1,0,0,1,0,2017-05-15 12:20:15+01:00
1,1,0,0,0,0,2017-05-15 18:13:13+02:00
0,0,0,0,0,0,2017-05-16 13:35:12+01:00
0,0,0,0,0,0,2017-05-17 10:22:33+01:00
1,0,0,0,0,0,2017-05-17 10:28:08+01:00
0,0,0,0,0,0,2017-05-18 12:15:33+01:00
0,1,0,0,0,0,2017-05-18 12:29:57+01:00
0,0,0,0,0,0,2017-05-20 09:13:03+01:00
1,1,0,0,0,0,2017-05-20 17:42:43+02:00
0,2,0,0,0,0,2017-06-13 20:00:17+01:00
0,5,2,0,1,0,2017-06-14 14:35:49+01:00
1,2,0,0,0,1,2017-06-14 18:54:54+01:00
1,1,0,0,0,1,2017-06-17 09:38:15+01:00
1,1,0,0,0,0,2017-06-19 16:08:59+08:00
0,0,0,0,0,0,2017-06-19 16:21:42+08:00
1,1,0,0,0,0,2017-06-19 11:03:03+02:00
0,0,0,0,0,0,2017-06-19 11:09:49+02:00
0,0,0,0,0,0,2017-06-19 11:12:36+02:00
0,0,0,0,0,0,2017-06-19 11:14:31+02:00
1,1,0,0,0,0,2017-06-19 11:27:59+02:00
1,1,0,0,0,0,2017-06-19 12:26:44+02:00
0,0,0,0,0,0,2017-06-19 13:38:03+02:00
0,1,0,0,0,0,2017-06-19 15:03:49+02:00
0,1,0,0,0,0,2017-06-19 15:17:41+02:00
0,1,0,0,0,0,2017-06-19 15:46:59+02:00
0,1,0,0,0,0,2017-06-19 15:51:41+02:00
0,1,0,0,0,0,2017-06-19 16:05:32+02:00
0,0,0,0,0,0,2017-06-19 16:07:29+02:00
0,0,0,0,0,0,2017-06-19 18:34:42+02:00
0,0,0,0,0,0,2017-06-19 19:01:07+02:00
0,0,0,0,0,0,2017-06-19 22:53:09+02:00
2,2,0,0,0,0,2017-06-20 11:58:57+08:00
0,0,0,0,0,0,2017-06-20 16:15:57+08:00
1,2,0,0,0,0,2017-06-20 11:28:22+02:00
0,1,0,0,0,0,2017-06-20 14:43:11+02:00
1,0,0,0,0,0,2017-06-20 18:04:17+02:00
1,1,0,0,0,0,2017-06-21 10:31:18+02:00
1,1,0,0,0,0,2017-06-21 11:53:05+02:00
0,0,0,0,0,0,2017-06-21 12:11:39+02:00
0,0,0,0,0,0,2017-06-21 12:11:52+02:00
0,0,0,0,0,0,2017-06-21 12:30:41+02:00
0,0,0,0,0,0,2017-06-21 14:30:31+02:00
0,0,0,0,0,0,2017-06-21 14:43:06+01:00
0,1,0,0,0,0,2017-06-21 15:46:44+02:00
0,0,0,0,0,0,2017-06-21 14:49:38+01:00
0,0,0,0,0,0,2017-06-21 14:50:30+01:00
0,1,0,0,0,0,2017-06-21 16:07:05+02:00
1,2,0,0,0,0,2017-06-22 11:33:09+02:00
1,1,0,0,0,0,2017-06-22 12:21:51+02:00
0,1,0,0,0,0,2017-06-22 14:11:59+02:00
0,1,0,0,0,0,2017-06-22 14:41:33+02:00
0,0,0,0,0,0,2017-06-22 14:46:56+02:00
0,1,0,0,0,0,2017-06-22 14:25:04+01:00
1,0,0,0,0,0,2017-06-23 11:31:19+02:00
1,0,0,0,0,0,2017-06-23 15:50:34+01:00
0,1,0,0,0,0,2017-06-26 14:36:38+01:00
0,3,2,0,0,0,2017-06-28 13:49:04+02:00
0,0,0,0,0,0,2017-06-30 09:49:33+01:00
0,0,0,0,0,0,2017-07-05 13:35:15+01:00
0,1,0,0,1,0,2017-07-06 15:08:14+01:00
0,0,0,0,0,0,2017-07-06 15:37:56+01:00
0,2,0,0,1,0,2017-07-06 16:20:12+01:00
0,0,0,0,0,0,2017-07-06 16:26:53+01:00
0,2,2,0,0,0,2017-07-10 17:04:32+01:00
0,1,0,0,0,0,2017-07-13 10:01:33+01:00
0,0,0,0,0,0,2017-07-13 16:46:48+01:00
0,0,0,0,0,0,2017-07-18 09:52:48+01:00
0,1,0,0,0,0,2017-07-27 09:50:17+00:00
0,2,1,0,0,0,2017-07-31 17:41:34+01:00
2,4,1,0,0,1,2017-08-02 15:36:27+02:00
0,1,0,0,0,0,2017-08-02 16:51:21+01:00
0,1,0,0,0,0,2017-08-03 09:36:29+02:00
0,0,0,0,0,0,2017-08-03 11:10:42+02:00
0,1,0,0,0,0,2017-08-03 14:28:51+01:00
1,0,0,0,0,0,2017-08-03 15:13:40+01:00
1,3,1,0,0,0,2017-08-07 10:09:48+01:00
0,0,0,0,0,0,2017-08-07 11:11:33+01:00
0,0,0,0,0,0,2017-08-11 11:51:12+01:00
0,1,0,0,0,0,2017-08-12 09:37:47+01:00
1,0,0,0,0,0,2017-08-14 11:04:03+02:00
0,3,1,0,0,0,2017-08-16 14:21:39+01:00
0,2,0,0,0,0,2017-08-17 14:22:02+02:00
0,0,0,0,0,0,2017-08-17 22:23:35+01:00
0,1,0,0,0,0,2017-09-15 15:46:39+01:00
0,0,0,0,0,0,2017-11-02 16:04:40+02:00
0,0,0,0,0,0,2017-11-02 16:07:16+02:00
0,2,1,0,0,1,2017-11-08 13:57:20+00:00
0,1,1,0,0,1,2017-11-14 11:52:20+00:00
0,7,1,0,1,1,2017-11-14 11:55:46+00:00
0,0,0,0,0,0,2017-11-15 11:45:57+00:00
0,3,2,0,0,0,2017-11-29 09:28:58+00:00
2,4,1,0,0,1,2017-12-03 17:50:41+00:00
3,5,1,0,0,1,2017-12-04 14:56:26+00:00
2,4,1,0,0,2,2017-12-05 13:56:50+00:00
0,0,0,0,0,0,2017-12-06 16:05:56+01:00
1,3,0,0,0,0,2017-12-06 16:12:42+01:00
0,0,0,0,0,0,2017-12-06 15:17:26+00:00
0,0,0,0,0,0,2017-12-06 17:35:20+01:00
0,0,0,0,0,0,2017-12-07 17:51:34+00:00
0,2,1,0,0,1,2017-12-08 16:20:36+01:00
0,2,1,0,0,1,2017-12-08 17:45:28+01:00
0,1,1,0,0,1,2017-12-09 00:44:23+01:00
0,0,0,0,0,0,2017-12-09 01:13:43+01:00
0,2,1,0,0,1,2017-12-11 13:19:49+01:00
0,0,0,0,0,0,2017-12-11 13:20:38+01:00
0,0,0,0,0,0,2017-12-11 13:22:32+01:00
0,0,0,0,0,0,2017-12-11 13:48:52+01:00
0,0,0,0,0,0,2017-12-11 15:21:07+00:00
0,0,0,0,0,0,2017-12-12 19:16:41+01:00
0,0,0,0,0,0,2017-12-15 14:03:16+01:00
1,0,0,0,0,0,2017-12-17 15:05:25+00:00
1,0,0,0,0,0,2017-12-17 15:21:13+00:00
0,0,0,0,0,0,2017-12-17 15:23:16+00:00
1,0,0,0,0,0,2017-12-17 15:39:39+00:00
0,0,0,0,0,0,2018-01-03 16:33:05+00:00
0,1,0,0,0,0,2018-01-03 16:38:28+00:00
0,0,0,0,0,0,2018-01-22 18:28:45+00:00
0,0,0,0,0,0,2018-01-22 19:11:03+00:00
0,1,1,0,0,1,2018-01-22 21:25:40+00:00
0,0,0,0,0,0,2018-01-24 11:08:05+00:00
0,2,1,0,0,1,2018-01-30 15:52:13+00:00
0,2,1,0,0,1,2018-02-07 20:28:47+00:00
0,2,1,0,0,1,2018-02-07 20:56:31+00:00
0,0,0,0,0,0,2018-02-08 10:38:35+00:00
0,2,1,0,0,1,2018-02-08 15:38:04+00:00
0,0,0,0,0,0,2018-02-08 17:51:10+00:00
1,1,0,0,0,0,2018-02-13 12:53:25+02:00
0,0,0,0,0,0,2018-02-19 21:14:57+00:00
1,1,1,0,0,1,2018-02-19 21:41:49+00:00
0,0,0,0,0,0,2018-02-20 09:52:24+00:00
0,0,0,0,0,0,2018-03-07 16:15:17+00:00
0,2,1,0,0,1,2018-03-07 21:47:45+00:00
0,0,0,0,0,0,2018-03-15 10:55:35+00:00
0,0,0,0,0,0,2018-03-19 14:59:52+00:00
0,0,0,0,0,0,2018-03-19 15:08:59+00:00
2,6,1,0,0,1,2018-03-28 20:29:45+01:00
1,1,0,0,0,0,2018-04-02 14:27:46+01:00
2,2,0,0,0,0,2018-04-02 14:55:25+01:00
0,0,0,0,0,0,2018-04-02 16:18:57+01:00
2,2,0,0,0,0,2018-04-04 09:52:18+01:00
1,1,0,0,0,0,2018-04-04 09:52:33+01:00
2,2,0,0,0,0,2018-04-04 11:15:52+01:00
1,1,0,0,0,0,2018-04-04 11:16:34+01:00
0,0,0,0,0,0,2018-04-06 15:37:50+01:00
0,0,0,0,0,0,2018-04-26 16:21:13+01:00
0,1,1,0,0,1,2018-04-28 18:27:27+01:00
0,0,0,0,0,0,2018-04-29 11:02:13+01:00
0,1,1,0,0,1,2018-04-29 11:14:54+01:00
2,2,0,0,0,0,2018-05-09 12:15:10+01:00
0,1,0,0,0,0,2018-05-09 12:28:17+01:00
1,4,1,0,0,1,2018-05-18 17:01:40+01:00
0,0,0,0,0,0,2018-05-18 18:07:23+00:00
0,3,1,0,0,1,2018-05-19 22:28:05+01:00
0,0,0,0,0,0,2018-05-23 11:17:35+01:00
0,0,0,0,0,0,2018-05-23 11:24:59+01:00
0,0,0,0,0,0,2018-05-23 11:26:37+01:00
1,0,0,0,0,0,2018-05-23 11:41:49+01:00
0,0,0,0,0,0,2018-05-25 17:13:03+01:00
0,1,1,0,0,1,2018-06-06 14:30:31+01:00
0,3,1,0,0,1,2018-06-26 10:25:19+01:00
0,0,0,0,0,0,2018-06-27 13:29:12+01:00
0,2,1,0,0,1,2018-06-27 15:21:00+01:00
0,1,0,0,0,0,2018-06-28 15:53:36+01:00
0,1,0,0,0,0,2018-06-28 22:15:54+01:00
0,0,0,0,0,0,2018-06-28 22:16:19+01:00
0,1,1,0,0,1,2018-07-03 09:17:02+01:00
0,0,0,0,0,0,2018-07-05 16:34:37+01:00
0,0,0,0,0,0,2018-07-06 10:42:37+01:00
0,0,0,0,0,0,2018-07-14 13:43:03+01:00
0,1,0,0,0,0,2018-07-17 16:23:04+10:00
0,2,1,0,0,1,2018-07-06 16:19:31+01:00
0,0,0,0,0,0,2018-08-01 13:41:12+01:00
0,0,0,0,0,0,2018-08-04 21:29:16+01:00
0,1,0,0,0,0,2018-08-04 22:26:13+01:00
0,0,0,0,0,0,2018-08-10 12:57:21+02:00
0,2,1,0,0,1,2018-08-14 21:00:46+01:00
0,1,1,0,0,1,2018-08-15 16:33:03+01:00
0,1,0,0,0,0,2018-08-19 13:04:15+01:00
0,0,0,0,0,0,2018-08-19 14:39:34+01:00
0,1,0,0,0,0,2018-08-19 15:34:44+01:00
0,0,0,0,0,0,2018-08-26 09:31:22+01:00
1,1,0,0,0,0,2018-09-07 11:40:05+02:00
1,1,0,0,0,0,2018-09-07 11:50:18+02:00
0,2,2,0,0,1,2018-09-18 19:28:48+01:00
0,1,0,0,0,0,2018-09-18 20:04:41+01:00
0,1,1,0,0,1,2018-09-19 10:46:44+01:00
0,1,1,0,0,1,2018-09-20 15:22:53+01:00
0,1,0,0,0,0,2018-09-29 14:49:36+01:00
0,2,1,0,0,1,2018-10-01 21:52:30+01:00
0,0,0,0,0,0,2018-10-02 13:44:07+01:00
0,0,0,0,0,0,2018-10-06 19:11:01+01:00
0,0,0,0,0,0,2018-10-08 11:25:18+01:00
1,4,1,0,0,0,2018-10-10 13:09:49+01:00
0,0,0,0,0,0,2018-10-10 18:59:49+01:00
0,0,0,0,0,0,2018-10-16 18:44:21+01:00
0,0,0,0,0,0,2018-10-16 21:13:31+01:00
0,0,0,0,0,0,2018-10-22 10:45:39+01:00
0,0,0,0,0,0,2018-10-22 11:06:54+01:00
0,0,0,0,0,0,2018-10-23 15:34:38+01:00
0,0,0,0,0,0,2018-10-23 16:13:24+01:00
0,1,0,0,0,0,2018-10-25 00:03:05+01:00
0,0,0,0,0,0,2018-10-26 10:50:36+01:00
0,0,0,0,0,0,2018-10-26 10:57:46+01:00
0,1,1,0,0,0,2018-10-27 17:48:19+01:00
0,1,1,0,0,0,2018-10-31 16:41:01+00:00
0,0,0,0,0,0,2018-10-31 20:55:20+00:00
0,0,0,0,0,0,2018-11-01 09:27:17+00:00
1,1,0,0,0,0,2018-11-03 11:50:16+00:00
1,1,0,0,0,1,2018-11-03 14:50:41+00:00
1,3,0,0,0,0,2018-11-03 15:08:29+00:00
1,1,0,0,0,0,2018-11-03 16:11:47+00:00
0,2,0,0,1,0,2018-11-03 16:56:36+00:00
0,1,0,0,0,0,2018-11-03 18:17:30+00:00
1,1,0,1,0,0,2018-11-03 22:46:05+00:00
1,3,1,1,0,1,2018-11-07 20:06:15+00:00
1,4,1,1,0,1,2018-11-07 20:24:56+00:00
0,1,1,0,0,1,2018-11-07 20:31:23+00:00
0,1,1,0,0,0,2018-11-09 12:07:48+00:00
0,1,0,0,1,0,2018-11-09 12:09:21+00:00
1,3,2,1,0,1,2018-11-09 14:45:54+00:00
0,1,1,0,0,1,2018-11-09 15:20:46+00:00
0,0,0,0,0,0,2018-11-09 16:41:23+00:00
0,0,0,0,0,0,2018-11-17 17:54:30+00:00
1,1,0,0,0,0,2018-11-17 18:13:47+00:00
0,2,1,0,0,1,2018-11-19 16:28:27+00:00
1,1,0,0,0,0,2018-11-19 16:51:31+00:00
3,10,0,1,0,1,2018-11-19 20:00:42+00:00
2,3,0,2,0,0,2018-11-19 20:41:11+00:00
2,2,0,2,0,0,2018-11-19 20:45:55+00:00
0,0,0,0,0,0,2018-11-19 20:46:49+00:00
1,2,1,1,0,0,2018-11-20 11:11:48+00:00
0,1,1,0,0,0,2018-11-20 15:27:19+00:00
0,1,0,0,0,0,2018-11-22 11:37:43+00:00
1,1,0,0,0,0,2018-11-23 14:37:30+00:00
0,2,0,0,0,1,2018-11-28 09:22:18+00:00
0,1,1,0,0,0,2018-11-28 09:36:54+00:00
1,2,0,1,0,0,2018-11-30 15:46:52+00:00
1,3,0,1,0,0,2018-11-30 16:13:01+00:00
0,0,0,0,0,0,2018-11-30 16:22:33+00:00
0,2,0,0,0,1,2018-11-30 17:31:51+00:00
1,2,0,1,0,0,2018-12-01 21:01:19+00:00
1,1,0,1,0,0,2018-12-02 11:24:28+00:00
0,0,0,0,0,0,2018-12-04 15:45:19+00:00
3,4,0,1,0,0,2018-12-05 12:02:19+00:00
0,1,0,0,1,0,2018-12-08 20:10:21+00:00
4,6,0,1,0,0,2018-12-09 19:18:14+00:00
1,3,0,1,0,0,2018-12-10 09:31:55+00:00
0,0,0,0,0,0,2018-12-10 09:48:35+00:00
1,1,0,0,0,0,2018-12-10 10:19:22+00:00
1,2,0,1,0,0,2018-12-10 11:53:39+00:00
2,2,0,1,0,0,2018-12-10 16:06:41+00:00
1,1,0,0,0,0,2018-12-10 16:36:52+00:00
0,0,0,0,0,0,2018-12-10 16:48:33+00:00
0,4,0,0,0,0,2018-12-12 11:45:53+00:00
0,0,0,0,0,0,2018-12-12 11:46:35+00:00
0,0,0,0,0,0,2018-12-12 14:20:36+00:00
0,0,0,0,0,0,2018-12-12 14:27:21+00:00
2,4,1,0,0,1,2018-12-13 10:56:38+00:00
0,0,0,0,0,0,2018-12-13 11:05:31+00:00
1,1,0,0,0,0,2018-12-13 11:27:01+00:00
0,0,0,0,0,0,2018-12-13 11:31:58+00:00
0,0,0,0,0,0,2018-12-13 14:25:04+00:00
9,17,1,1,0,3,2018-12-13 15:46:03+00:00
0,1,0,0,0,1,2018-12-13 16:32:44+00:00
0,1,0,0,0,1,2018-12-13 16:42:18+00:00
1,1,0,0,0,0,2018-12-14 12:54:49+00:00
2,3,0,0,0,1,2018-12-14 14:36:10+00:00
1,1,0,0,0,1,2018-12-14 14:42:11+00:00
1,1,0,0,0,0,2018-12-14 20:33:40+00:00
0,1,0,0,0,0,2018-12-14 23:21:34+00:00
5,4,0,1,0,0,2018-12-15 22:57:12+00:00
0,0,0,0,0,0,2018-12-15 23:17:19+00:00
0,0,0,0,0,0,2018-12-15 23:19:39+00:00
0,1,0,0,0,0,2018-12-16 12:35:38+00:00
0,1,0,0,0,0,2018-12-16 12:36:30+00:00
4,18,0,1,0,8,2018-12-16 22:27:17+00:00
0,0,0,0,0,0,2018-12-17 09:54:21+00:00
1,1,0,1,0,0,2018-12-17 11:16:32+00:00
4,5,0,1,0,0,2018-12-17 14:29:44+00:00
1,1,0,0,0,0,2018-12-17 14:48:12+00:00
0,0,0,0,0,0,2018-12-17 15:17:10+00:00
1,0,0,0,0,0,2018-12-17 17:01:02+00:00
0,0,0,0,0,0,2018-12-18 10:27:12+00:00
0,0,0,0,0,0,2018-12-18 10:33:20+00:00
1,1,0,0,0,0,2018-12-18 10:57:30+00:00
0,0,0,0,0,0,2018-12-18 10:58:02+00:00
0,0,0,0,0,0,2018-12-18 15:37:53+00:00
0,0,0,0,0,0,2018-12-19 10:31:59+00:00
2,2,0,1,0,0,2019-01-21 15:20:30+01:00
0,0,0,0,0,0,2019-01-21 15:00:40+00:00
1,2,1,0,0,0,2019-02-01 19:00:40+00:00
0,1,1,0,0,0,2019-02-01 19:11:09+00:00
0,0,0,0,0,0,2019-02-28 18:49:31+00:00
0,1,0,0,0,0,2019-03-07 11:32:38+00:00
0,1,0,0,0,0,2019-03-14 14:36:02+00:00
1,1,0,1,0,0,2019-03-14 14:38:06+00:00
6,9,0,0,0,1,2019-03-14 14:58:08+00:00
0,1,0,0,0,0,2019-03-14 15:10:51+00:00
1,1,0,1,0,0,2019-03-15 10:55:29+00:00
0,0,0,0,0,0,2019-03-18 10:19:48+00:00
1,1,0,1,0,0,2019-03-19 19:34:35+00:00
1,2,1,1,0,0,2019-03-19 19:38:43+00:00
0,1,1,0,0,0,2019-03-26 09:33:58+00:00
2,2,0,1,0,0,2019-03-20 09:51:23+00:00
1,1,0,1,0,0,2019-04-15 15:57:21+01:00
0,0,0,0,0,0,2019-04-15 17:15:58+01:00
0,0,0,0,0,0,2019-04-15 17:17:25+01:00
0,0,0,0,0,0,2019-04-22 11:55:34+01:00
0,1,0,0,0,0,2019-04-28 16:57:27+01:00
0,1,0,0,0,0,2019-04-28 17:38:17+01:00
0,1,0,0,0,0,2019-04-29 08:40:11+01:00
0,1,0,0,0,0,2019-04-29 08:40:17+01:00
0,1,0,0,0,0,2019-05-04 15:33:21+01:00
0,0,0,0,0,0,2019-05-10 14:38:57+01:00
1,0,0,0,0,0,2019-05-23 16:45:57+01:00
2,7,1,0,0,2,2019-05-23 16:48:26+01:00
1,4,1,0,0,1,2018-09-06 09:32:40+02:00
0,1,0,0,0,1,2019-06-07 18:43:27+01:00
0,1,0,0,0,0,2019-06-27 10:16:44+00:00
0,2,1,0,0,1,2019-06-28 10:11:34+01:00
0,1,1,0,0,1,2019-06-29 11:52:28+01:00
0,1,1,0,1,0,2019-06-29 16:55:36+01:00
2,3,1,1,1,0,2019-07-07 00:08:26+01:00
4,4,0,1,0,0,2019-07-11 17:16:56+01:00
1,1,0,0,0,0,2019-07-16 14:49:54+01:00
0,0,0,0,0,0,2019-07-19 10:21:48+01:00
2,3,0,1,0,0,2019-07-19 10:39:14+01:00
0,1,1,0,0,0,2019-07-19 12:07:56+01:00
1,1,0,0,0,0,2019-07-26 09:41:56+01:00
0,1,1,0,0,0,2019-07-30 09:42:13+01:00
0,0,0,0,0,0,2019-08-16 14:05:58+02:00
1,3,0,0,0,0,2019-08-19 17:01:39+01:00
0,2,0,0,0,0,2019-08-20 15:43:44+01:00
0,2,1,0,1,0,2019-08-20 20:25:36+01:00
0,1,0,0,0,0,2019-08-26 16:38:06+08:00
0,3,0,0,0,1,2019-08-27 18:32:58+01:00
0,1,0,0,0,1,2019-08-28 15:17:21+01:00
0,2,0,0,0,1,2019-09-23 14:38:40+01:00
0,1,0,0,0,0,2019-09-23 15:54:53+01:00
2,13,1,1,0,4,2019-09-26 10:05:12+01:00
3,5,1,1,0,0,2019-10-10 10:22:55+01:00
0,1,0,0,0,0,2019-10-15 21:39:56+01:00
0,1,0,0,0,0,2019-10-15 21:53:41+01:00
0,0,0,0,0,0,2019-10-16 22:43:28+01:00
1,12,1,1,0,1,2019-10-18 11:49:46+01:00
0,0,0,0,0,0,2019-10-18 11:57:57+01:00
1,4,1,1,0,0,2019-10-24 21:15:00+01:00
0,1,0,0,0,0,2019-10-25 02:05:49+01:00
0,1,0,0,0,0,2019-10-25 03:03:27+01:00
0,0,0,0,0,0,2019-10-25 14:38:48+01:00
0,0,0,0,0,0,2019-10-28 09:37:48+01:00
2,2,0,0,0,0,2019-10-31 11:06:58+00:00
0,0,0,0,0,0,2019-11-01 09:03:08+00:00
1,1,0,0,0,0,2019-11-02 10:40:29+00:00
2,8,0,1,0,0,2019-11-02 10:57:04+00:00
0,0,0,0,0,0,2019-11-03 19:09:15+01:00
3,3,0,1,0,0,2019-10-31 17:09:37+01:00
4,25,3,1,1,2,2019-12-10 11:41:50+01:00
0,0,0,0,0,0,2019-12-18 17:30:19+01:00
4,25,3,1,1,2,2019-12-19 09:41:00+00:00
0,1,0,0,0,0,2019-12-20 12:16:07+01:00
2,17,3,1,2,1,2020-01-03 16:57:12+01:00
1,3,1,1,1,0,2020-01-03 17:14:21+01:00
2,6,2,1,2,0,2020-01-03 17:25:37+01:00
0,0,0,0,0,0,2020-01-05 11:13:33+01:00
0,0,0,0,0,0,2020-02-17 16:31:54+01:00
0,0,0,0,0,0,2020-02-18 14:34:16+00:00
0,1,1,0,0,1,2020-04-19 13:54:26+02:00
1,0,0,0,0,0,2020-04-19 13:58:37+02:00
0,0,0,0,0,0,2020-04-19 14:00:15+02:00
1,3,0,0,0,0,2020-06-12 15:14:37+02:00
0,0,0,0,0,0,2020-06-17 10:35:59+01:00
0,6,4,0,1,0,2020-07-02 15:05:08+00:00
1,5,2,0,1,1,2020-07-29 11:56:50+02:00
0,0,0,0,0,0,2020-10-12 11:58:04+02:00
0,1,1,0,0,0,2020-12-11 11:46:10+01:00
0,0,0,0,0,0,2021-10-06 11:39:31+02:00
