Acquisition,Preparation,Modeling,Training,Evaluation,Prediction,time
0,0,0,0,0,0,2019-02-28 14:27:49+02:00
0,0,0,0,0,0,2019-02-28 14:32:24+02:00
0,0,0,0,0,0,2019-03-05 14:05:03+02:00
20,37,7,3,5,4,2019-03-20 14:29:35+02:00
2,2,0,0,1,1,2019-03-26 14:14:54+02:00
7,10,2,2,3,2,2019-03-26 15:51:08+02:00
2,5,0,0,1,0,2019-03-26 16:26:31+02:00
0,0,0,0,0,0,2019-03-26 16:29:15+02:00
4,6,0,0,4,2,2019-03-26 17:57:43+02:00
3,3,0,0,1,2,2019-03-28 14:42:08+02:00
0,0,0,0,0,0,2019-03-28 15:45:23+02:00
0,0,0,0,0,0,2019-03-28 15:46:22+02:00
0,0,0,0,0,0,2019-03-28 15:55:32+02:00
0,0,0,0,0,0,2019-03-28 15:56:31+02:00
0,0,0,0,0,0,2019-03-31 13:45:53+03:00
0,1,0,0,0,0,2019-04-01 13:56:20+03:00
0,0,0,0,0,0,2019-04-02 11:38:44+03:00
0,0,0,0,0,0,2019-04-02 11:40:13+03:00
0,0,0,0,0,0,2019-04-02 11:41:51+03:00
0,0,0,0,0,0,2019-04-02 11:52:18+03:00
0,0,0,0,0,0,2019-04-02 12:24:10+03:00
0,0,0,0,0,0,2019-04-02 12:24:48+03:00
0,0,0,0,0,0,2019-04-02 12:28:57+03:00
0,0,0,0,0,0,2019-04-03 15:31:48+03:00
0,0,0,0,0,0,2019-04-08 23:41:36+03:00
0,0,0,0,0,0,2019-04-15 11:15:57+03:00
0,0,0,0,0,0,2019-04-15 11:16:34+03:00
0,0,0,0,0,0,2019-04-15 11:17:12+03:00
0,0,0,0,0,0,2019-04-15 11:18:04+03:00
0,0,0,0,0,0,2019-04-15 11:20:13+03:00
0,0,0,0,0,0,2019-04-15 11:22:39+03:00
0,0,0,0,0,0,2019-04-15 11:26:35+03:00
0,0,0,0,0,0,2019-04-15 11:35:46+03:00
0,0,0,0,0,0,2019-04-15 11:35:58+03:00
0,0,0,0,0,0,2019-04-15 11:36:15+03:00
0,0,0,0,0,0,2019-04-15 11:37:01+03:00
0,0,0,0,0,0,2019-04-15 11:54:42+03:00
0,0,0,0,0,0,2019-04-15 11:55:38+03:00
0,0,0,0,0,0,2019-04-15 11:56:19+03:00
0,0,0,0,0,0,2019-04-15 12:28:00+03:00
0,0,0,0,0,0,2019-04-15 12:28:59+03:00
0,0,0,0,0,0,2019-04-15 12:30:50+03:00
0,0,0,0,0,0,2019-04-15 12:31:15+03:00
0,0,0,0,0,0,2019-04-15 12:31:31+03:00
0,0,0,0,0,0,2019-04-15 12:33:50+03:00
0,0,0,0,0,0,2019-04-15 12:34:50+03:00
0,0,0,0,0,0,2019-04-15 12:35:19+03:00
0,0,0,0,0,0,2019-04-15 12:36:24+03:00
0,0,0,0,0,0,2019-04-15 12:47:46+03:00
0,0,0,0,0,0,2019-04-15 12:48:26+03:00
0,0,0,0,0,0,2019-04-15 12:52:03+03:00
0,0,0,0,0,0,2019-04-15 12:52:35+03:00
0,0,0,0,0,0,2019-04-15 12:53:53+03:00
0,0,0,0,0,0,2019-04-15 12:55:38+03:00
0,0,0,0,0,0,2019-04-15 12:56:18+03:00
0,0,0,0,0,0,2019-04-15 12:57:00+03:00
0,0,0,0,0,0,2019-04-15 12:59:29+03:00
0,0,0,0,0,0,2019-04-15 14:49:23+03:00
0,0,0,0,0,0,2019-04-18 16:23:07+03:00
0,0,0,0,0,0,2019-04-21 13:50:28+03:00
1,3,1,1,1,0,2019-04-28 15:36:07+03:00
11,16,2,2,6,5,2019-05-02 17:24:06+03:00
0,0,0,0,0,0,2019-05-02 17:40:36+03:00
0,0,0,0,0,0,2019-05-02 17:42:27+03:00
0,0,0,0,0,0,2019-05-09 19:25:30+03:00
1,1,1,0,0,0,2019-05-13 10:49:40+02:00
1,1,1,0,0,0,2019-05-13 11:48:37+02:00
0,0,0,0,0,0,2019-05-14 10:08:20+02:00
0,0,0,0,0,0,2019-05-14 10:09:20+02:00
0,0,0,0,0,0,2019-05-14 10:13:58+02:00
0,0,0,0,0,0,2019-05-14 10:17:07+02:00
0,0,0,0,0,0,2019-05-14 10:41:13+02:00
0,0,0,0,0,0,2019-05-15 09:50:34+02:00
3,2,1,0,0,0,2019-05-15 11:08:14+02:00
1,1,1,0,0,0,2019-05-16 10:20:28+02:00
0,0,0,0,0,0,2019-05-16 10:24:20+02:00
0,2,0,0,0,1,2019-05-16 13:54:31+02:00
1,2,1,1,0,0,2019-05-17 11:47:37+02:00
0,0,0,0,0,0,2019-05-17 14:39:02+02:00
0,1,0,0,0,1,2019-05-18 11:41:58+02:00
0,0,0,0,0,0,2019-05-18 11:46:45+02:00
0,0,0,0,0,0,2019-05-19 11:08:57+03:00
3,3,2,2,0,1,2019-05-19 11:09:31+03:00
3,3,2,2,0,1,2019-05-19 12:26:35+03:00
3,3,2,2,0,1,2019-05-19 13:10:19+03:00
0,0,0,0,0,0,2019-05-27 15:33:34+03:00
1,1,1,1,0,0,2019-05-27 15:33:57+03:00
0,0,0,0,0,0,2019-05-27 15:35:34+03:00
0,0,0,0,0,0,2019-05-27 15:37:00+03:00
0,1,0,0,0,1,2019-05-27 16:07:38+03:00
0,0,0,0,0,0,2019-05-27 16:11:09+03:00
0,0,0,0,0,0,2019-05-27 17:34:18+03:00
0,0,0,0,0,0,2019-05-27 17:39:20+03:00
0,0,0,0,0,0,2019-05-28 17:15:25+03:00
1,1,0,0,0,1,2019-05-29 10:55:07+03:00
0,0,0,0,0,0,2019-05-29 10:56:26+03:00
0,0,0,0,0,0,2019-05-29 14:03:30+03:00
1,1,0,0,0,0,2019-05-30 13:47:05+03:00
0,0,0,0,0,0,2019-05-30 13:47:54+03:00
0,0,0,0,0,0,2019-06-19 19:54:12-07:00
0,0,0,0,0,0,2019-07-27 17:44:09-07:00
0,0,0,0,0,0,2019-11-19 19:00:14+02:00
0,0,0,0,0,0,2020-02-09 20:53:26+02:00
0,0,0,0,0,0,2020-02-13 16:32:21+02:00
0,0,0,0,0,0,2020-07-08 16:44:36+03:00
0,0,0,0,0,0,2020-07-08 16:45:59+03:00
1,2,0,0,0,1,2020-10-19 17:51:52-03:00
1,2,0,0,0,1,2020-10-19 17:55:55-03:00
0,0,0,0,0,0,2020-10-19 17:56:11-03:00
0,0,0,0,0,0,2020-10-20 14:34:01+03:00
0,0,0,0,0,0,2020-10-20 11:35:15+00:00
0,0,0,0,0,0,2020-10-20 14:37:34+03:00
