Acquisition,Preparation,Modeling,Training,Evaluation,Prediction,time
0,0,0,0,0,0,2019-04-18 19:52:20+02:00
2,8,1,0,0,4,2019-04-18 21:27:49+02:00
1,2,1,1,0,1,2019-04-19 10:05:43+02:00
0,1,1,1,1,1,2019-04-19 18:21:54+02:00
0,1,1,1,1,1,2019-04-19 18:22:29+02:00
1,2,1,2,1,1,2019-04-20 22:11:12+02:00
1,2,1,2,1,1,2019-04-22 08:38:41+02:00
0,1,1,1,1,1,2019-04-22 10:58:03+02:00
0,1,1,1,1,1,2019-04-22 23:24:54+02:00
0,1,1,1,1,1,2019-04-23 00:32:15+02:00
1,2,1,2,1,1,2019-04-23 16:41:54+02:00
0,1,1,1,0,1,2019-04-23 17:41:01+02:00
1,5,3,3,1,4,2019-04-30 07:10:13+02:00
3,3,1,2,0,1,2019-05-02 08:13:09+02:00
0,0,0,0,0,0,2019-05-02 08:13:39+02:00
2,3,2,1,0,1,2019-05-03 18:37:19+02:00
1,2,2,1,0,1,2019-05-07 14:45:22+02:00
2,4,1,1,0,2,2019-05-07 15:07:47+02:00
1,2,1,1,0,2,2019-05-07 15:31:36+02:00
1,4,2,1,0,2,2019-05-07 21:36:18+02:00
1,5,2,1,0,3,2019-05-08 14:07:50+02:00
1,2,1,1,0,2,2019-05-08 16:22:14+02:00
1,1,1,1,0,1,2019-05-09 07:58:52+02:00
1,1,1,1,0,1,2019-05-15 11:58:09+02:00
2,3,2,2,0,3,2019-05-15 18:25:02+02:00
1,1,1,1,0,1,2019-05-17 15:22:29+02:00
1,3,1,1,0,2,2019-05-18 12:55:09+02:00
1,4,2,1,0,2,2019-05-20 23:19:38+02:00
1,4,2,1,0,2,2019-05-21 14:52:07+02:00
2,4,1,1,0,1,2019-05-21 17:03:31+02:00
1,3,1,1,0,2,2019-05-23 06:49:43+02:00
1,4,2,1,0,2,2019-05-25 14:30:06+02:00
1,3,1,1,0,2,2019-05-26 16:01:17+02:00
1,1,1,1,0,1,2019-05-26 16:01:51+02:00
1,4,1,1,0,3,2019-05-28 07:10:59+02:00
1,1,1,1,0,1,2019-05-28 07:11:37+02:00
2,5,1,1,0,2,2019-05-28 14:42:03+02:00
0,1,0,0,0,0,2019-05-29 13:40:35+02:00
2,2,1,1,0,1,2019-06-03 08:47:00+02:00
2,6,1,2,0,3,2019-06-05 14:37:16+02:00
4,11,1,1,0,5,2019-06-05 14:47:03+02:00
2,4,1,1,0,2,2019-06-07 11:42:21+02:00
2,2,1,1,0,1,2019-06-07 12:07:26+02:00
1,1,1,1,0,1,2019-06-08 22:46:45+02:00
2,2,1,1,0,1,2019-06-09 23:15:28+02:00
1,3,2,1,0,1,2019-06-12 16:01:01+02:00
1,2,1,1,0,1,2019-06-16 10:34:16+02:00
1,1,1,1,0,1,2019-06-17 09:10:36+02:00
2,3,1,1,0,1,2019-06-18 08:05:07+02:00
1,2,1,1,0,1,2019-06-18 17:09:18+02:00
1,2,2,2,0,2,2019-06-20 18:39:46+02:00
0,0,0,0,0,0,2019-06-25 10:04:31+02:00
0,1,0,0,0,0,2019-07-01 15:50:03+02:00
0,1,0,0,0,0,2019-07-02 15:54:28+02:00
0,1,0,0,0,0,2019-07-02 16:22:13+02:00
1,1,0,0,0,0,2019-07-02 17:16:20+02:00
1,1,0,0,0,0,2019-07-03 20:19:02+02:00
1,1,0,0,0,0,2019-07-05 18:47:38+02:00
2,2,1,1,0,1,2019-07-12 10:15:08+02:00
0,0,0,0,0,0,2019-07-13 12:24:41+02:00
0,0,0,0,0,0,2019-09-27 20:49:12+02:00
0,0,0,0,0,0,2019-09-27 20:58:59+02:00
