Acquisition,Preparation,Modeling,Training,Evaluation,Prediction,time
0,0,0,0,0,0,2021-10-06 17:37:10-07:00
0,0,0,0,0,0,2021-10-06 18:27:19-07:00
1,0,0,0,0,0,2021-10-06 18:50:00-07:00
0,0,0,0,0,0,2021-10-06 18:56:55-07:00
1,0,0,0,0,0,2021-10-06 19:22:04-07:00
1,0,0,0,0,0,2021-10-07 00:12:47-07:00
0,0,0,0,0,0,2021-10-07 17:26:14-07:00
1,1,1,1,0,0,2021-10-08 00:42:51-07:00
1,1,1,1,1,1,2021-10-08 10:23:24-07:00
1,1,1,1,1,1,2021-10-08 12:25:28-07:00
0,0,0,0,0,0,2021-10-10 21:09:40-07:00
1,1,0,0,0,0,2021-10-17 14:38:36-07:00
2,2,1,1,0,1,2021-10-17 15:38:16-07:00
0,0,0,0,0,0,2021-10-17 15:56:05-07:00
0,0,0,0,0,0,2021-10-17 16:10:00-07:00
0,0,0,0,0,0,2021-10-17 16:11:47-07:00
1,1,1,1,0,1,2021-10-17 16:56:58-07:00
0,0,0,0,0,0,2021-10-17 16:57:17-07:00
0,0,0,0,0,0,2021-10-18 00:11:04-07:00
0,0,0,0,0,0,2021-10-18 08:12:18-07:00
0,0,0,0,0,0,2021-10-18 13:58:33-07:00
0,0,0,0,0,0,2021-10-18 13:59:52-07:00
0,0,0,0,0,0,2021-10-18 14:09:52-07:00
0,0,0,0,0,0,2021-10-18 14:17:28-07:00
0,0,0,0,0,0,2021-10-18 14:23:18-07:00
0,0,0,0,0,0,2021-10-18 14:25:59-07:00
0,0,0,0,0,0,2021-10-29 14:31:18-07:00
0,0,0,0,0,0,2021-10-29 14:31:18-07:00
0,0,0,0,0,0,2021-10-29 14:42:48-07:00
0,0,0,0,0,0,2021-10-29 14:47:28-07:00
0,0,0,0,0,0,2021-10-29 16:16:32-07:00
0,0,0,0,0,0,2021-10-29 16:38:22-07:00
0,0,0,0,0,0,2021-10-29 16:51:15-07:00
0,0,0,0,0,0,2021-10-29 17:20:58-07:00
0,0,0,0,0,0,2021-10-29 17:22:58-07:00
0,0,0,0,0,0,2021-10-29 17:24:16-07:00
0,0,0,0,0,0,2021-10-29 21:33:08-07:00
1,1,1,1,0,1,2021-10-31 15:38:14-07:00
1,1,1,1,0,1,2021-10-31 16:19:52-07:00
0,0,0,0,0,0,2021-11-01 13:04:01-07:00
1,2,2,2,0,2,2021-11-01 15:18:51-07:00
0,0,0,0,0,0,2021-11-01 16:12:52-07:00
0,0,0,0,0,0,2021-11-01 17:31:58-07:00
0,1,1,1,0,1,2021-11-01 16:46:27-07:00
0,0,0,0,0,0,2021-11-01 17:42:43-07:00
3,3,1,2,0,2,2021-11-08 16:57:18-08:00
0,0,0,0,0,0,2021-11-09 17:41:50-08:00
2,2,0,0,0,0,2021-11-09 17:50:56-08:00
0,0,0,0,0,0,2021-11-10 14:25:55-08:00
0,0,0,0,0,0,2021-11-10 14:32:22-08:00
1,0,0,0,0,0,2021-11-10 14:49:34-08:00
0,0,0,0,0,0,2021-11-10 15:06:12-08:00
2,1,0,0,0,0,2021-11-12 00:25:44-08:00
0,0,0,0,0,0,2021-11-13 17:17:03-08:00
0,0,0,0,0,0,2021-11-13 17:31:21-08:00
0,0,0,0,0,0,2021-11-13 17:34:59-08:00
0,0,0,0,0,0,2021-11-13 17:47:45-08:00
0,0,0,0,0,0,2021-11-13 17:50:27-08:00
1,0,0,0,0,0,2021-11-13 17:50:56-08:00
0,0,0,0,0,0,2021-11-13 17:51:05-08:00
2,2,1,2,0,2,2021-11-14 22:00:54-08:00
0,0,0,0,0,0,2021-11-14 22:10:14-08:00
0,0,0,0,0,0,2021-11-14 23:45:10-08:00
0,0,0,0,0,0,2021-11-15 00:11:41-08:00
0,0,0,0,0,0,2021-11-15 11:27:22-08:00
0,0,0,0,0,0,2021-11-15 11:44:23-08:00
0,0,0,0,0,0,2021-11-15 11:58:28-08:00
0,0,0,0,0,0,2021-11-15 14:13:51-08:00
0,0,0,0,0,0,2021-11-15 14:15:29-08:00
0,2,2,2,0,2,2021-11-15 14:30:23-08:00
0,0,0,0,0,0,2021-11-16 18:25:27-08:00
1,1,0,0,0,0,2021-11-15 18:20:53-08:00
0,0,0,0,0,0,2021-11-16 18:39:12-08:00
0,0,0,0,0,0,2021-11-17 17:59:38-08:00
0,0,0,0,0,0,2021-11-17 18:13:05-08:00
0,0,0,0,0,0,2021-11-17 18:14:31-08:00
0,0,0,0,0,0,2021-11-17 18:16:18-08:00
1,2,2,2,0,2,2021-11-18 13:41:13-08:00
0,0,0,0,0,0,2021-11-18 13:41:48-08:00
0,0,0,0,0,0,2021-11-18 13:46:00-08:00
0,0,0,0,0,0,2021-11-18 13:46:30-08:00
1,1,0,0,0,0,2021-11-24 17:09:35-08:00
1,1,0,1,0,1,2021-11-24 18:00:53-08:00
0,1,0,1,0,1,2021-11-25 21:40:12-08:00
0,1,0,1,0,1,2021-11-26 12:22:51-08:00
0,0,0,0,0,0,2021-11-27 15:44:31-08:00
0,0,0,0,0,0,2021-11-27 20:29:32-08:00
0,0,0,0,0,0,2021-11-28 18:56:31-08:00
0,0,0,0,0,0,2021-11-28 18:58:30-08:00
0,0,0,0,0,0,2021-11-28 19:00:45-08:00
0,0,0,0,0,0,2021-11-28 19:02:04-08:00
0,0,0,0,0,0,2021-11-28 19:02:46-08:00
1,0,0,0,0,0,2021-11-28 19:29:50-08:00
0,0,0,0,0,0,2021-11-28 20:02:18-08:00
1,0,0,0,0,0,2021-11-28 20:08:00-08:00
0,0,0,0,0,0,2021-11-28 21:10:23-08:00
0,0,0,0,0,0,2021-11-28 21:12:13-08:00
0,0,0,0,0,0,2021-11-29 13:46:14-08:00
0,0,0,0,0,0,2021-11-29 16:20:16-08:00
0,0,0,0,0,0,2021-11-30 19:15:04-08:00
1,4,2,3,0,3,2021-11-30 14:11:23-08:00
0,1,0,1,0,1,2021-11-30 19:39:48-08:00
1,1,0,1,0,1,2021-11-30 19:46:00-08:00
0,0,0,0,0,0,2021-12-04 12:53:27-08:00
0,0,0,0,0,0,2021-12-04 13:09:27-08:00
1,0,0,0,0,0,2021-12-04 13:55:17-08:00
0,0,0,0,0,0,2021-12-04 13:57:23-08:00
0,0,0,0,0,0,2021-12-04 14:39:30-08:00
0,0,0,0,0,0,2021-12-04 14:54:56-08:00
0,0,0,0,0,0,2021-12-04 15:01:22-08:00
0,0,0,0,0,0,2021-12-04 15:01:51-08:00
0,0,0,0,0,0,2021-12-04 15:31:04-08:00
0,0,0,0,0,0,2021-12-04 16:05:53-08:00
0,0,0,0,0,0,2021-12-04 16:25:04-08:00
0,0,0,0,0,0,2021-12-04 16:26:39-08:00
0,0,0,0,0,0,2021-12-04 16:28:17-08:00
0,0,0,0,0,0,2021-12-04 16:30:44-08:00
0,0,0,0,0,0,2021-12-04 16:48:23-08:00
0,0,0,0,0,0,2021-12-04 16:58:23-08:00
0,0,0,0,0,0,2021-12-04 16:58:56-08:00
0,0,0,0,0,0,2021-12-04 17:01:20-08:00
0,0,0,0,0,0,2021-12-04 18:53:46-08:00
0,0,0,0,0,0,2021-12-04 18:55:38-08:00
0,0,0,0,0,0,2021-12-04 19:01:17-08:00
0,0,0,0,0,0,2021-12-04 19:01:40-08:00
0,0,0,0,0,0,2021-12-04 19:04:57-08:00
0,0,0,0,0,0,2021-12-04 19:06:30-08:00
1,1,0,0,0,0,2021-12-05 00:39:07-08:00
0,0,0,0,0,0,2021-12-05 13:04:02-08:00
0,0,0,0,0,0,2021-12-05 13:04:22-08:00
1,0,0,0,0,0,2021-12-05 15:16:03-08:00
0,0,0,0,0,0,2021-12-05 16:10:49-08:00
0,0,0,0,0,0,2021-12-05 16:20:48-08:00
0,0,0,0,0,0,2021-12-05 16:20:58-08:00
0,1,0,1,0,1,2021-12-05 18:05:03-08:00
0,0,0,0,0,0,2021-12-05 18:08:09-08:00
0,0,0,0,0,0,2021-12-05 18:56:54-08:00
0,0,0,0,0,0,2021-12-05 19:10:18-08:00
0,0,0,0,0,0,2021-12-05 19:11:43-08:00
0,2,0,2,0,2,2021-12-05 22:48:59-08:00
0,1,0,1,0,1,2021-12-05 22:54:30-08:00
0,0,0,0,0,0,2022-01-28 18:13:47-08:00
0,0,0,0,0,0,2022-01-28 19:21:52-08:00
0,0,0,0,0,0,2022-01-31 10:10:24-08:00
0,0,0,0,0,0,2022-01-31 10:20:36-08:00
0,0,0,0,0,0,2022-01-31 17:01:48-08:00
0,0,0,0,0,0,2022-02-01 19:27:53-08:00
3,3,2,3,0,3,2022-02-06 00:29:23-08:00
0,0,0,0,0,0,2022-02-07 16:26:39-08:00
0,0,0,0,0,0,2022-02-07 18:13:02-08:00
0,0,0,0,0,0,2022-02-07 20:57:56-08:00
0,0,0,0,0,0,2022-02-17 16:45:49-08:00
2,2,1,2,0,2,2022-02-17 18:25:38-08:00
1,1,0,1,0,1,2022-02-17 18:42:31-08:00
1,2,0,1,0,2,2022-02-18 15:50:34-08:00
1,1,0,0,0,1,2022-02-20 10:41:35-08:00
0,0,0,0,0,0,2022-03-06 21:07:08-08:00
1,2,0,1,0,2,2022-03-07 10:57:16-08:00
0,0,0,0,0,0,2022-03-07 15:56:09-08:00
0,0,0,0,0,0,2022-03-08 22:16:48-08:00
0,0,0,0,0,0,2022-03-08 22:33:38-08:00
0,0,0,0,0,0,2022-03-09 13:31:56-08:00
0,0,0,0,0,0,2022-03-14 09:23:17-07:00
0,0,0,0,0,0,2022-03-14 09:42:23-07:00
0,0,0,0,0,0,2022-03-14 09:47:18-07:00
0,0,0,0,0,0,2022-03-14 09:53:00-07:00
0,0,0,0,0,0,2022-03-14 09:59:00-07:00
0,0,0,0,0,0,2022-03-14 11:57:01-07:00
0,0,0,0,0,0,2022-03-15 18:01:01-07:00
0,0,0,0,0,0,2022-03-22 10:46:12-07:00
0,0,0,0,0,0,2022-03-22 11:11:27-07:00
0,0,0,0,0,0,2022-03-24 19:37:07-07:00
0,0,0,0,0,0,2022-03-25 11:44:14-07:00
0,0,0,0,0,0,2022-03-25 12:32:13-07:00
0,0,0,0,0,0,2022-03-25 12:42:58-07:00
0,0,0,0,0,0,2022-03-25 12:45:10-07:00
0,0,0,0,0,0,2022-03-25 12:53:00-07:00
0,0,0,0,0,0,2022-03-25 13:12:18-07:00
0,0,0,0,0,0,2022-03-29 19:38:24-07:00
0,0,0,0,0,0,2022-04-02 21:02:29-07:00
0,0,0,0,0,0,2022-04-02 21:20:18-07:00
0,0,0,0,0,0,2022-04-03 19:58:32-07:00
0,0,0,0,0,0,2022-04-04 13:32:10-07:00
0,0,0,0,0,0,2022-04-04 15:25:05-07:00
0,0,0,0,0,0,2022-04-04 15:25:15-07:00
0,0,0,0,0,0,2022-04-06 14:10:08-07:00
0,0,0,0,0,0,2022-04-06 19:38:51-07:00
0,0,0,0,0,0,2022-04-08 11:53:54-07:00
0,0,0,0,0,0,2022-04-08 13:30:14-07:00
0,0,0,0,0,0,2022-04-18 11:28:11-07:00
0,0,0,0,0,0,2022-04-20 10:13:01-07:00
0,0,0,0,0,0,2022-05-03 17:41:08-07:00
0,0,0,0,0,0,2022-05-03 18:50:14-07:00
0,0,0,0,0,0,2022-05-03 21:33:50-07:00
0,1,0,0,0,1,2022-05-03 21:57:47-07:00
0,1,0,0,0,1,2022-05-03 23:38:14-07:00
