Acquisition,Preparation,Modeling,Training,Evaluation,Prediction,time
0,0,0,0,0,0,2021-01-08 13:21:48+01:00
1,0,0,0,0,0,2021-01-08 13:26:52+01:00
1,0,0,0,0,0,2021-01-08 13:43:04+01:00
2,2,1,0,0,1,2021-01-11 11:33:40+01:00
3,2,1,0,0,2,2021-01-14 21:40:56+01:00
0,0,0,0,0,0,2021-01-14 21:45:55+01:00
0,0,0,0,0,0,2021-01-14 21:54:33+01:00
0,0,0,0,0,0,2021-01-18 11:50:15+01:00
0,0,0,0,0,0,2021-01-20 13:00:28+02:00
3,2,1,0,0,1,2021-01-26 15:30:08+02:00
0,0,0,0,0,0,2021-01-29 11:02:42+01:00
0,0,0,0,0,0,2021-01-29 12:17:05+01:00
1,1,0,0,0,0,2021-01-29 13:09:20+01:00
1,1,0,0,0,0,2021-01-29 14:05:31+01:00
3,2,1,0,0,1,2021-01-29 17:18:23+01:00
1,0,0,0,0,0,2021-01-29 17:30:00+01:00
3,2,1,0,0,1,2021-02-01 12:51:25+02:00
1,1,0,0,0,0,2021-02-01 17:18:02+01:00
1,1,0,0,0,0,2021-02-02 16:07:41+01:00
1,1,0,0,0,0,2021-02-03 12:38:21+02:00
0,0,0,0,0,0,2021-02-03 12:50:55+02:00
2,2,1,0,0,1,2021-02-03 15:51:08+01:00
0,0,0,0,0,0,2021-02-03 15:51:29+01:00
0,0,0,0,0,0,2021-02-04 12:09:29+02:00
2,2,0,0,0,0,2021-02-04 12:50:26+02:00
3,3,1,0,0,1,2021-02-05 13:56:58+02:00
0,0,0,0,0,0,2021-02-09 23:23:32+01:00
0,0,0,0,0,0,2021-02-09 23:25:40+01:00
0,0,0,0,0,0,2021-02-09 23:27:29+01:00
0,0,0,0,0,0,2021-02-10 14:01:12+01:00
3,3,1,0,0,1,2021-02-10 15:29:45+01:00
0,0,0,0,0,0,2021-02-10 15:31:17+01:00
1,1,0,0,0,0,2021-02-10 15:33:05+01:00
3,3,0,0,0,1,2021-02-10 16:24:22+01:00
1,1,0,0,0,1,2021-02-10 16:43:30+01:00
1,1,0,0,0,1,2021-02-10 16:46:23+01:00
2,2,0,0,0,1,2021-02-10 16:55:17+01:00
1,1,0,0,0,0,2021-02-10 17:03:30+01:00
3,3,0,0,0,1,2021-02-10 18:35:38+01:00
0,0,0,0,0,0,2021-02-10 18:36:13+01:00
1,1,0,0,0,1,2021-02-13 17:36:59+01:00
0,0,0,0,0,0,2021-02-13 17:52:52+01:00
1,1,0,0,0,0,2021-02-13 17:58:53+01:00
1,1,0,0,0,0,2021-02-13 18:02:35+01:00
0,0,0,0,0,0,2021-02-13 18:07:30+01:00
0,0,0,0,0,0,2021-02-13 18:24:56+01:00
1,1,0,0,0,1,2021-02-13 18:34:46+01:00
1,1,0,0,0,0,2021-02-13 19:18:55+01:00
0,0,0,0,0,0,2021-02-15 20:54:00+01:00
2,2,0,0,0,1,2021-02-15 21:38:24+01:00
2,2,0,0,0,1,2021-02-17 21:50:18+01:00
1,1,0,0,0,0,2021-02-17 22:10:59+01:00
2,2,0,0,0,0,2021-02-18 00:12:50+01:00
0,0,0,0,0,0,2021-02-20 11:38:30+01:00
0,1,0,0,0,0,2021-02-20 11:59:35+01:00
0,0,0,0,0,0,2021-02-20 12:00:09+01:00
2,3,0,0,0,1,2021-02-20 14:42:58+01:00
0,0,0,0,0,0,2021-02-20 14:51:20+01:00
1,2,0,0,0,1,2021-02-20 18:54:58+01:00
0,0,0,0,0,0,2021-02-20 20:24:35+01:00
1,1,0,0,0,1,2021-02-20 22:54:04+01:00
1,2,0,0,0,0,2021-02-21 13:20:22+01:00
1,1,0,0,0,0,2021-02-21 13:41:32+01:00
1,1,0,0,0,0,2021-02-21 14:00:45+01:00
0,1,0,0,0,0,2021-02-21 19:01:42+01:00
1,2,0,0,0,1,2021-02-22 21:32:07+01:00
0,1,0,0,0,0,2021-02-22 21:36:52+01:00
0,0,0,0,0,0,2021-02-22 21:40:06+01:00
0,1,0,0,0,0,2021-02-22 23:49:44+01:00
0,0,0,0,0,0,2021-02-23 12:45:49+01:00
1,1,0,0,0,1,2021-03-05 17:35:22+01:00
0,0,0,0,0,0,2021-03-05 17:35:49+01:00
0,0,0,0,0,0,2021-03-08 10:43:33+01:00
0,0,0,0,0,0,2021-03-08 10:44:13+01:00
0,0,0,0,0,0,2021-03-20 13:05:06+01:00
0,0,0,0,0,0,2021-03-20 14:29:08+01:00
0,0,0,0,0,0,2021-03-20 15:16:38+01:00
0,0,0,0,0,0,2021-03-20 18:45:18+01:00
0,0,0,0,0,0,2021-03-20 21:48:38+01:00
0,0,0,0,0,0,2021-03-20 22:11:59+01:00
0,0,0,0,0,0,2021-03-20 22:25:33+01:00
0,1,0,0,0,0,2021-03-21 12:37:58+01:00
0,0,0,0,0,0,2021-03-21 19:15:56+01:00
0,0,0,0,0,0,2021-04-15 10:08:19+02:00
1,1,0,0,0,1,2021-04-15 13:00:02+02:00
1,1,0,0,0,1,2021-04-15 13:23:21+02:00
0,2,0,0,0,0,2021-04-15 19:58:44+02:00
0,0,0,0,0,0,2021-04-15 20:13:58+02:00
0,0,0,0,0,0,2021-04-15 20:15:34+02:00
0,0,0,0,0,0,2021-04-15 21:23:56+02:00
