Acquisition,Preparation,Modeling,Training,Evaluation,Prediction,time
0,1,0,0,0,0,2017-08-05 23:20:40+02:00
0,0,0,0,0,0,2017-08-07 10:10:58+02:00
0,1,1,1,0,0,2017-08-07 11:09:26+02:00
0,1,1,0,0,0,2017-08-07 12:00:00+02:00
0,0,0,0,0,0,2017-08-07 12:43:13+02:00
0,0,1,1,0,0,2017-08-07 13:39:04+02:00
0,1,1,0,0,0,2017-08-07 14:17:03+02:00
0,1,0,1,0,1,2017-08-07 15:18:57+02:00
0,0,0,0,0,0,2017-08-07 15:56:38+02:00
0,0,0,0,0,0,2017-08-07 17:07:12+02:00
0,0,0,0,0,0,2017-08-07 21:03:23+02:00
0,0,0,0,0,0,2017-08-07 21:19:19+02:00
0,0,0,0,0,0,2017-08-08 16:20:29+02:00
1,1,0,0,1,0,2017-08-08 17:39:04+02:00
0,0,0,0,0,0,2017-08-08 21:52:36+02:00
1,1,1,1,0,0,2017-08-09 11:56:27+02:00
0,0,0,0,0,0,2017-08-09 12:46:41+02:00
1,0,0,0,0,0,2017-08-09 14:04:23+02:00
0,0,0,0,0,0,2017-08-09 14:05:10+02:00
1,1,0,0,0,0,2017-08-09 15:07:18+02:00
1,1,0,0,0,0,2017-08-09 22:17:19+02:00
2,2,2,2,0,0,2017-08-29 16:49:25+02:00
1,1,1,1,0,0,2017-08-31 16:25:13+02:00
1,1,1,1,0,0,2018-01-23 10:40:08+01:00
1,1,1,1,0,1,2018-01-23 16:38:39+01:00
0,0,0,0,0,0,2018-01-23 16:42:48+01:00
1,1,1,1,0,1,2018-01-24 14:34:31+01:00
1,1,0,0,0,0,2018-01-24 14:36:55+01:00
0,0,0,0,0,0,2018-01-24 14:53:32+01:00
1,1,1,1,0,0,2018-02-02 12:39:25+01:00
1,1,1,1,0,1,2018-02-02 17:54:39+01:00
1,1,1,1,0,1,2018-02-05 11:58:37+01:00
0,0,0,0,0,0,2018-02-05 12:04:05+01:00
5,5,3,3,1,2,2018-02-05 14:48:00+01:00
1,1,1,1,0,0,2018-02-06 14:21:41+01:00
1,1,0,1,0,0,2018-02-09 14:37:35+01:00
0,0,0,0,0,0,2018-02-09 14:41:34+01:00
1,1,0,1,0,0,2018-02-21 13:54:11+01:00
1,1,1,1,0,0,2018-03-13 13:24:13+01:00
1,1,1,1,0,1,2018-03-15 16:40:35+01:00
1,1,1,1,0,1,2018-03-16 10:45:30+01:00
0,0,0,0,0,0,2018-03-16 10:50:40+01:00
1,1,0,1,0,0,2018-04-07 22:17:39+02:00
1,1,0,1,0,0,2018-04-09 10:31:04+02:00
1,1,0,0,0,0,2018-04-09 14:54:08+02:00
1,1,0,0,0,0,2018-04-12 15:08:37+02:00
0,0,0,0,0,0,2018-04-16 21:16:14+02:00
2,2,2,2,1,2,2018-05-09 13:41:43+02:00
1,1,1,1,0,1,2018-05-09 17:13:29+02:00
1,1,1,1,0,1,2018-05-14 12:57:36+02:00
1,1,1,1,0,1,2018-05-28 14:56:10+02:00
0,0,0,0,0,0,2018-05-29 09:49:06+02:00
0,0,1,1,0,0,2018-05-29 13:49:44+02:00
0,0,0,0,0,0,2018-05-30 11:31:39+02:00
0,0,1,1,0,0,2018-05-31 15:00:45+02:00
1,1,1,1,0,1,2018-06-17 12:11:58+02:00
0,1,0,1,1,0,2018-06-18 15:16:18+02:00
0,0,1,1,0,0,2018-06-21 11:32:29+02:00
3,3,2,3,0,1,2018-07-06 14:43:50+02:00
1,1,1,1,0,1,2018-07-06 16:44:34+02:00
1,1,1,1,0,1,2018-07-24 14:14:04+02:00
1,1,1,1,0,1,2018-07-25 14:13:23+02:00
1,1,1,1,0,1,2018-07-27 16:36:54+02:00
1,1,1,1,0,1,2018-07-30 15:55:13+02:00
2,2,1,2,0,1,2018-09-04 12:12:43+02:00
3,3,0,3,0,1,2018-09-20 17:34:52+02:00
1,1,0,1,0,1,2018-09-21 14:54:24+02:00
1,1,0,1,0,1,2018-09-24 17:31:54+02:00
0,0,0,1,1,0,2018-10-13 00:13:15+02:00
0,0,0,1,1,1,2018-10-15 17:17:32+02:00
0,0,0,0,0,0,2019-01-09 13:50:42+01:00
0,0,0,0,0,0,2019-01-09 13:56:17+01:00
1,1,1,1,0,1,2019-02-08 18:17:45+01:00
1,1,1,1,0,1,2019-02-11 17:28:24+01:00
1,1,1,1,0,1,2019-02-12 17:06:19+01:00
1,1,1,1,0,1,2019-02-13 14:14:01+01:00
1,1,1,1,0,1,2019-02-13 14:49:14+01:00
1,1,1,1,0,1,2019-02-13 17:18:36+01:00
1,1,1,1,0,1,2019-02-15 10:49:57+01:00
0,0,0,0,0,0,2019-02-19 17:00:11+01:00
0,0,0,0,0,0,2019-04-17 16:01:43+02:00
0,0,0,0,0,0,2019-04-17 17:10:52+02:00
2,2,2,2,0,2,2019-04-17 20:19:23+02:00
1,1,1,1,0,1,2019-04-19 12:05:08+02:00
1,1,1,1,0,1,2019-04-23 12:03:51+02:00
1,1,1,1,0,1,2019-04-24 11:45:13+02:00
1,1,1,1,0,1,2019-04-24 12:22:56+02:00
1,1,1,1,0,1,2019-04-26 16:43:55+02:00
2,2,2,2,0,2,2019-04-30 15:05:14+02:00
1,1,1,1,0,1,2019-05-01 16:35:33+02:00
1,1,1,1,0,1,2019-05-03 14:39:54+02:00
1,1,1,1,0,1,2019-05-07 17:30:30+02:00
0,0,0,0,0,0,2019-05-12 20:00:35+02:00
0,0,0,0,0,0,2019-05-12 20:05:14+02:00
0,0,0,0,0,0,2019-05-12 20:16:15+02:00
1,1,1,1,0,0,2019-05-13 14:26:06+02:00
1,1,1,1,0,1,2019-05-17 15:18:25+02:00
1,1,1,1,0,1,2019-05-17 16:05:29+02:00
1,1,1,1,0,1,2019-05-17 17:19:33+02:00
1,1,1,1,0,1,2019-05-20 11:12:27+02:00
1,1,1,1,0,1,2019-05-21 14:00:20+02:00
1,1,1,1,0,1,2019-05-24 15:50:48+02:00
1,1,1,1,0,1,2019-08-01 11:48:35+02:00
