Acquisition,Preparation,Modeling,Training,Evaluation,Prediction,time
0,5,1,0,0,0,2017-08-25 10:30:22-03:00
0,3,1,0,0,0,2017-09-13 22:58:11-03:00
0,0,0,0,0,0,2017-09-14 09:14:49-03:00
0,0,0,0,0,0,2017-09-14 09:19:55-03:00
0,0,0,0,0,0,2017-09-14 09:21:23-03:00
0,1,0,0,0,0,2017-09-14 20:10:13-03:00
0,0,0,0,0,0,2017-09-14 20:56:42-03:00
0,0,0,0,0,0,2017-09-15 10:11:24-03:00
0,0,0,0,0,0,2017-09-15 12:35:42-03:00
0,0,0,0,0,0,2017-09-15 16:38:25-03:00
0,0,0,0,0,0,2017-09-15 18:35:52-03:00
0,0,0,0,0,0,2017-09-15 18:58:11-03:00
0,1,0,0,0,0,2017-09-16 06:53:55-03:00
0,1,0,0,0,0,2017-09-16 06:54:22-03:00
0,0,0,0,0,0,2017-09-16 06:55:58-03:00
0,1,0,0,0,0,2017-09-16 06:56:52-03:00
0,1,0,0,0,0,2017-09-16 06:57:16-03:00
0,0,0,0,0,0,2017-09-16 06:57:48-03:00
0,0,0,0,0,0,2017-09-16 06:59:09-03:00
0,0,0,0,0,0,2017-09-16 06:59:44-03:00
0,0,0,0,0,0,2017-09-16 07:34:03-03:00
0,0,0,0,0,0,2017-09-16 09:16:12-03:00
0,1,0,0,0,0,2017-09-16 15:48:45-03:00
0,1,0,0,0,0,2017-09-16 15:53:06-03:00
0,1,0,0,0,0,2017-09-16 15:53:49-03:00
0,0,0,0,0,0,2017-09-16 18:08:06-03:00
0,0,0,0,0,0,2017-09-16 19:47:29-03:00
0,1,0,0,0,0,2017-09-16 19:48:25-03:00
0,1,0,0,0,0,2017-09-16 20:39:06-03:00
0,1,0,0,0,0,2017-09-16 22:00:13-03:00
0,0,0,0,0,0,2017-09-16 22:12:42-03:00
0,0,0,0,0,0,2017-09-17 19:05:07-03:00
0,0,0,0,0,0,2017-09-17 19:35:05-03:00
0,0,0,0,0,0,2017-09-17 19:36:28-03:00
0,0,0,0,0,0,2017-09-17 19:38:21-03:00
0,0,0,0,0,0,2017-09-17 22:46:05-03:00
0,0,0,0,0,0,2017-09-17 23:01:24-03:00
0,0,0,0,0,0,2017-09-17 23:29:29-03:00
0,0,0,0,0,0,2017-09-18 12:36:56-03:00
0,0,0,0,0,0,2017-09-18 13:29:51-03:00
0,0,0,0,0,0,2017-09-19 12:47:19-03:00
0,0,0,0,0,0,2017-09-19 16:19:50-03:00
0,1,0,0,0,0,2017-09-20 11:33:32-03:00
0,1,0,0,0,0,2017-09-20 11:40:21-03:00
0,0,0,0,0,0,2017-09-20 15:28:48-03:00
0,2,0,0,0,0,2017-09-20 23:23:45-03:00
0,0,0,0,0,0,2017-09-20 23:24:39-03:00
0,0,0,0,0,0,2017-09-20 23:45:58-03:00
0,2,0,0,0,0,2017-09-21 02:11:48-03:00
0,0,0,0,0,0,2017-09-21 02:12:04-03:00
0,1,0,0,0,0,2017-09-21 02:53:46-03:00
0,1,0,0,0,0,2017-09-22 15:58:25-03:00
0,0,0,0,0,0,2017-09-25 14:22:17-03:00
0,0,0,0,0,0,2017-09-25 14:19:03-03:00
0,0,0,0,0,0,2017-09-16 20:26:11-03:00
0,0,0,0,0,0,2017-10-09 11:21:52-03:00
0,0,0,0,0,0,2017-10-09 19:01:16-03:00
0,1,0,0,0,0,2017-10-09 19:16:53-03:00
0,0,0,0,0,0,2017-10-09 20:27:24-03:00
0,0,0,0,0,0,2017-10-09 20:49:32-03:00
0,0,0,0,0,0,2017-10-09 21:28:10-03:00
0,1,0,0,0,0,2017-10-10 21:02:15-03:00
0,0,0,0,0,0,2017-10-10 21:22:32-03:00
1,0,0,0,0,0,2017-10-04 12:43:27-03:00
1,0,0,0,0,0,2017-10-10 10:35:22-03:00
1,0,0,0,0,0,2017-10-10 21:33:08-03:00
0,0,0,0,0,0,2017-10-11 21:52:59-03:00
0,0,0,0,0,0,2017-10-11 23:01:07-03:00
0,0,0,0,0,0,2017-10-13 19:15:32-03:00
0,0,0,0,0,0,2017-10-13 19:17:30-03:00
0,0,0,0,0,0,2017-10-13 19:19:33-03:00
0,0,0,0,0,0,2017-10-13 21:10:14-03:00
0,1,0,0,0,0,2017-10-16 10:49:16-02:00
0,0,0,0,0,0,2017-10-16 10:52:14-02:00
0,0,0,0,0,0,2017-10-16 12:17:45-02:00
0,0,0,0,0,0,2017-10-16 15:41:59-02:00
0,1,0,0,0,0,2017-10-16 15:45:35-02:00
0,1,0,0,0,0,2017-10-17 18:49:05-02:00
0,0,0,0,0,0,2017-10-18 10:31:06-02:00
0,0,0,0,0,0,2017-10-19 19:34:29-02:00
0,0,0,0,0,0,2017-10-22 13:17:17-02:00
0,0,0,0,0,0,2017-10-23 10:37:08-02:00
0,0,0,0,0,0,2017-10-23 10:37:08-02:00
0,0,0,0,0,0,2017-10-23 17:29:25-02:00
0,0,0,0,0,0,2017-10-23 17:29:25-02:00
0,0,0,0,0,0,2017-10-16 23:35:05-02:00
0,0,0,0,0,0,2017-10-17 16:48:24-02:00
0,0,0,0,0,0,2017-10-17 20:52:31-02:00
0,0,1,0,0,0,2017-10-24 20:38:53-02:00
0,0,0,0,0,0,2017-10-24 21:18:18-02:00
0,0,0,0,0,0,2017-10-25 00:44:07+00:00
0,0,0,0,0,0,2017-10-24 22:48:34-02:00
0,0,0,0,0,0,2017-10-25 02:18:18-02:00
0,0,0,0,0,0,2017-10-25 04:22:04+00:00
0,0,0,0,0,0,2017-10-25 04:59:28+00:00
0,1,0,0,0,0,2017-10-18 10:48:44-02:00
0,0,0,0,0,0,2017-10-24 16:05:36-02:00
0,0,0,0,0,0,2017-10-24 19:12:36-02:00
0,0,0,0,0,0,2017-10-24 19:39:54-02:00
0,0,0,0,0,0,2017-10-24 19:56:07-02:00
0,0,0,0,0,0,2017-10-25 07:18:08-02:00
0,0,0,0,0,0,2017-10-26 04:08:16-02:00
0,0,0,0,0,0,2017-10-26 06:26:10+00:00
0,0,0,0,0,0,2017-10-26 14:02:16+00:00
0,0,0,0,0,0,2017-10-26 12:37:00-02:00
0,0,0,0,0,0,2017-10-26 14:56:26-02:00
0,0,0,0,0,0,2017-10-26 14:58:44-02:00
1,0,0,0,0,0,2017-10-26 17:13:50-02:00
0,0,0,0,0,0,2017-10-26 21:52:31-02:00
0,0,0,0,0,0,2017-10-26 21:52:54-02:00
1,0,0,0,0,0,2017-10-26 21:53:22-02:00
0,0,0,0,0,0,2017-10-27 10:32:33-02:00
0,0,0,0,0,0,2017-10-27 10:32:42-02:00
0,1,0,0,0,0,2017-10-27 15:11:04-02:00
0,0,0,0,0,0,2017-10-27 15:11:24-02:00
0,1,0,0,0,0,2017-10-27 16:14:44-02:00
0,0,0,0,0,0,2017-10-27 19:39:51-02:00
0,0,0,0,0,0,2017-10-28 04:32:00+00:00
0,0,0,0,0,0,2017-10-28 04:33:38+00:00
0,0,0,0,0,0,2017-10-28 11:18:43-02:00
0,0,0,0,0,0,2017-10-28 11:37:01-02:00
0,0,0,0,0,0,2017-10-28 13:39:33+00:00
0,0,0,0,0,0,2017-10-28 14:50:05+00:00
0,0,0,0,0,0,2017-10-28 16:56:20-02:00
0,0,0,0,0,0,2017-10-28 16:56:40-02:00
0,0,0,0,0,0,2017-10-28 17:14:28-02:00
0,0,0,0,0,0,2017-10-28 17:14:49-02:00
0,1,0,0,0,0,2017-10-28 18:01:50-02:00
0,0,0,0,0,0,2017-10-28 18:44:13-02:00
0,0,0,0,0,0,2017-10-28 18:45:14-02:00
0,0,0,0,0,0,2017-10-30 19:29:08-02:00
0,0,0,0,0,0,2017-10-30 19:32:23-02:00
0,0,0,0,0,0,2017-10-30 19:32:57-02:00
0,0,0,0,0,0,2017-10-31 17:01:36-02:00
0,0,0,0,0,0,2017-10-31 17:27:16-02:00
0,0,0,0,0,0,2017-10-31 20:05:10-02:00
0,0,1,0,0,0,2017-10-31 00:26:55-02:00
0,0,1,0,0,0,2017-10-31 00:54:21-02:00
0,0,1,0,0,0,2017-10-31 17:07:25-02:00
0,0,0,0,0,0,2017-10-31 20:26:31-02:00
0,0,1,0,0,0,2017-10-31 23:54:42-02:00
0,0,0,0,0,0,2017-11-01 00:17:59-02:00
0,0,0,0,0,0,2017-11-01 02:19:54+00:00
0,0,0,0,0,0,2017-11-01 01:47:35-02:00
0,0,0,0,0,0,2017-11-01 01:48:48-02:00
0,0,0,0,0,0,2017-11-01 01:55:16-02:00
0,0,0,0,0,0,2017-11-01 19:11:34-02:00
0,0,0,0,0,0,2017-11-01 21:14:38+00:00
0,0,0,0,0,0,2017-11-01 20:52:51-02:00
0,0,0,0,0,0,2017-11-01 20:55:28-02:00
0,0,0,0,0,0,2017-11-01 20:56:19-02:00
0,0,0,0,0,0,2017-11-01 20:56:43-02:00
0,0,0,0,0,0,2017-11-03 00:47:31-02:00
0,0,0,0,0,0,2017-11-03 00:48:44-02:00
0,0,0,0,0,0,2017-11-03 00:49:14-02:00
0,0,0,0,0,0,2017-11-03 00:50:17-02:00
0,1,0,0,0,0,2017-11-03 00:51:17-02:00
0,0,0,0,0,0,2017-11-03 01:10:29-02:00
0,0,0,0,0,0,2017-11-03 19:12:54-02:00
0,0,0,0,0,0,2017-11-03 19:14:07-02:00
0,0,0,0,0,0,2017-11-03 19:26:53-02:00
0,0,0,0,0,0,2017-11-03 19:26:58-02:00
0,1,0,0,0,0,2017-11-04 13:36:26-02:00
0,0,0,0,0,0,2017-11-04 15:39:03+00:00
0,0,0,0,0,0,2017-11-04 19:40:05+00:00
0,0,0,0,0,0,2017-11-05 18:17:27-02:00
0,0,0,0,0,0,2017-11-05 18:17:40-02:00
0,0,0,0,0,0,2017-11-05 18:17:48-02:00
0,0,0,0,0,0,2017-11-05 20:07:30-02:00
0,0,0,0,0,0,2017-11-05 20:08:09-02:00
0,0,0,0,0,0,2017-11-06 20:36:33-02:00
0,0,0,0,0,0,2017-11-07 00:27:49-02:00
0,0,0,0,0,0,2017-11-07 00:29:56-02:00
0,0,0,0,0,0,2017-11-07 02:21:48-02:00
0,0,0,0,0,0,2017-11-07 02:22:17-02:00
0,0,0,0,0,0,2017-11-07 02:29:50-02:00
0,0,0,0,0,0,2017-11-07 04:34:33-02:00
0,0,0,0,0,0,2017-11-07 04:34:57-02:00
0,0,0,0,0,0,2017-11-07 04:43:42-02:00
0,0,0,0,0,0,2017-11-07 04:44:01-02:00
0,1,0,0,0,0,2017-11-07 14:29:10-02:00
0,0,0,0,0,0,2017-11-07 15:07:31-02:00
0,0,0,0,0,0,2017-11-07 15:08:15-02:00
0,0,0,0,0,0,2017-11-07 15:48:54-02:00
0,0,0,0,0,0,2017-11-07 15:49:32-02:00
0,0,0,0,0,0,2017-11-07 19:21:53-02:00
0,0,0,0,0,0,2017-11-07 19:23:01-02:00
1,0,0,0,0,0,2017-11-07 20:15:35-02:00
0,0,0,0,0,0,2017-11-07 20:16:13-02:00
1,0,0,0,0,0,2017-11-07 20:25:27-02:00
0,0,0,0,0,0,2017-11-07 20:25:58-02:00
1,0,0,0,0,0,2017-11-07 22:32:29-02:00
0,0,0,0,0,0,2017-11-07 22:32:50-02:00
1,0,0,0,0,0,2017-11-07 23:16:08-02:00
0,0,0,0,0,0,2017-11-07 23:16:33-02:00
0,1,0,0,0,0,2017-11-08 00:03:50-02:00
0,0,0,0,0,0,2017-11-08 00:04:25-02:00
0,0,0,0,0,0,2017-11-08 17:56:53-02:00
0,0,0,0,0,0,2017-11-08 17:57:04-02:00
0,0,0,0,0,0,2017-11-08 17:57:36-02:00
0,1,0,0,0,0,2017-11-08 18:14:18-02:00
0,0,0,0,0,0,2017-11-08 18:14:39-02:00
0,0,0,0,0,0,2017-11-08 18:14:57-02:00
0,0,0,0,0,0,2017-11-08 19:27:42-02:00
0,0,0,0,0,0,2017-11-08 19:28:05-02:00
0,0,0,0,0,0,2017-11-09 20:00:14-02:00
0,0,0,0,0,0,2017-11-09 16:28:57-02:00
0,0,0,0,0,0,2017-11-09 19:17:05-02:00
0,0,0,0,0,0,2017-11-09 20:09:45-02:00
0,0,0,0,0,0,2017-11-09 20:38:45-02:00
0,0,0,0,0,0,2017-11-09 22:43:53+00:00
0,0,0,0,0,0,2017-11-09 22:45:29+00:00
0,0,0,0,0,0,2017-11-09 22:49:47+00:00
0,0,0,0,0,0,2017-11-09 22:50:06+00:00
0,0,0,0,0,0,2017-11-09 20:55:51-02:00
0,0,0,0,0,0,2017-11-09 22:57:07+00:00
0,0,0,0,0,0,2017-11-09 22:57:44+00:00
0,0,0,0,0,0,2017-11-09 22:19:33-02:00
0,0,0,0,0,0,2017-11-10 03:41:54-02:00
0,1,0,0,0,0,2017-11-11 19:57:21-02:00
0,0,0,0,0,0,2017-11-13 17:07:49-02:00
0,0,0,0,0,0,2017-11-13 18:33:16-02:00
0,0,0,0,0,0,2017-11-13 18:33:28-03:00
0,0,0,0,0,0,2017-11-13 21:41:06+00:00
0,0,0,0,0,0,2017-11-13 18:33:28-03:00
0,0,0,0,0,0,2017-11-13 20:45:37-02:00
0,0,0,0,0,0,2017-11-14 00:13:00-02:00
0,0,0,0,0,0,2017-11-14 02:16:24+00:00
0,0,0,0,0,0,2017-11-14 20:31:29-02:00
0,0,0,0,0,0,2017-11-14 22:33:51+00:00
0,0,0,0,0,0,2017-11-15 13:42:46-02:00
0,0,0,0,0,0,2017-11-15 15:48:19+00:00
0,0,0,0,0,0,2017-11-15 16:26:48-02:00
0,0,0,0,0,0,2017-11-15 16:29:11-02:00
0,0,0,0,0,0,2017-11-15 16:30:11-02:00
0,1,0,0,0,0,2017-11-15 16:31:18-02:00
0,0,0,0,0,0,2017-11-16 12:01:56-02:00
0,0,0,0,0,0,2017-11-16 21:19:54-02:00
0,4,0,0,0,0,2017-11-17 21:27:05-02:00
0,0,0,0,0,0,2017-11-17 21:34:03-02:00
0,0,0,0,0,0,2017-11-17 22:01:46-02:00
0,0,0,0,0,0,2017-11-18 00:42:34-02:00
0,1,0,0,0,0,2017-11-18 02:15:12-02:00
0,0,0,0,0,0,2017-11-21 17:17:02-02:00
0,1,0,0,0,0,2017-11-21 17:20:53-02:00
0,1,0,0,0,0,2017-11-21 17:32:48-02:00
0,0,0,0,0,0,2017-11-22 22:07:25-02:00
0,0,0,0,0,0,2017-11-22 22:18:00-02:00
0,0,0,0,0,0,2017-11-22 22:18:23-02:00
0,0,0,0,0,0,2017-11-22 23:14:31-02:00
0,0,0,0,0,0,2017-11-22 22:07:25-02:00
0,0,0,0,0,0,2017-11-22 22:18:00-02:00
0,0,0,0,0,0,2017-11-22 22:18:23-02:00
0,0,0,0,0,0,2017-11-22 23:14:31-02:00
0,2,0,0,0,0,2017-11-23 11:45:32-02:00
0,1,0,0,0,0,2017-11-23 12:36:25-02:00
0,0,0,0,0,0,2017-11-23 14:05:36-02:00
0,0,0,0,0,0,2017-11-23 14:05:36-02:00
0,0,0,0,0,0,2017-11-23 18:10:29+00:00
0,0,0,0,0,0,2017-11-23 14:05:36-02:00
0,0,0,0,0,0,2017-11-23 20:31:07-02:00
0,0,0,0,0,0,2017-11-23 22:37:57+00:00
0,0,0,0,0,0,2017-11-24 19:43:15-02:00
0,0,0,0,0,0,2017-11-26 17:45:10-02:00
0,0,0,0,0,0,2017-11-26 18:05:05-02:00
0,0,0,0,0,0,2017-11-27 18:03:25-02:00
0,1,0,0,0,0,2017-11-29 19:38:32-02:00
0,0,0,0,0,0,2017-11-30 18:35:11-02:00
0,0,0,0,0,0,2017-11-30 19:55:56-02:00
0,0,0,0,0,0,2017-12-01 17:55:13-02:00
0,0,0,0,0,0,2017-12-01 17:55:28-02:00
0,0,0,0,0,0,2017-12-07 01:16:35-03:00
0,0,0,0,0,0,2017-12-07 01:19:11-03:00
1,1,0,0,0,0,2017-12-11 19:01:50-02:00
1,1,0,0,0,0,2017-12-12 10:42:01-02:00
0,0,0,0,0,0,2017-12-13 12:03:23-02:00
0,0,0,0,0,0,2017-12-14 15:47:43-03:00
0,0,0,0,0,0,2017-12-15 02:08:50-02:00
0,1,0,0,0,0,2017-12-15 02:09:14-02:00
0,0,0,0,0,0,2017-12-17 15:42:57-02:00
0,0,0,0,0,0,2017-12-18 10:16:59-02:00
0,0,0,0,0,0,2017-12-18 10:19:53-02:00
0,0,0,0,0,0,2017-12-18 10:20:57-02:00
0,0,0,0,0,0,2017-12-18 10:30:56-02:00
0,0,0,0,0,0,2017-12-18 10:35:00-02:00
0,0,0,0,0,0,2017-12-18 10:38:41-02:00
0,0,0,0,0,0,2017-12-18 10:39:36-02:00
0,0,0,0,0,0,2017-12-18 10:41:34-02:00
0,4,2,0,0,0,2017-12-18 14:15:53-02:00
0,1,0,0,0,0,2017-12-18 14:24:04-02:00
0,1,0,0,0,0,2017-12-18 15:35:10-02:00
0,0,0,0,0,0,2017-12-18 16:08:34-02:00
0,0,0,0,0,0,2017-12-18 17:55:07-02:00
0,0,0,0,0,0,2017-12-18 18:08:49-02:00
0,0,0,0,0,0,2017-12-18 21:24:00-03:00
0,0,0,0,0,0,2017-12-19 19:58:33-02:00
0,0,0,0,0,0,2017-12-26 18:48:22-02:00
0,2,0,0,0,0,2017-12-26 20:19:02-03:00
0,1,0,0,0,0,2017-12-27 07:19:19-03:00
0,1,0,0,0,0,2018-01-02 16:49:35-03:00
0,0,0,0,0,0,2018-01-04 16:22:04-03:00
0,0,0,0,0,0,2018-01-04 19:50:47-03:00
0,0,0,0,0,0,2018-01-05 17:48:46-02:00
0,1,0,0,0,0,2018-01-05 19:09:52-02:00
0,1,0,0,0,0,2018-01-05 19:17:54-02:00
0,0,0,0,0,0,2018-01-05 21:29:26+00:00
0,1,0,0,0,0,2018-01-11 05:58:42-03:00
0,0,0,0,0,0,2018-01-11 14:16:48-02:00
0,0,0,0,0,0,2018-01-11 14:17:18-02:00
0,1,0,0,0,0,2018-01-11 17:31:18-02:00
0,0,1,0,0,0,2018-01-11 17:32:54-02:00
0,0,0,0,0,0,2018-01-11 17:36:13-02:00
0,0,0,0,0,0,2018-01-11 17:37:29-02:00
0,1,0,0,0,0,2018-01-15 12:26:46-03:00
0,1,0,0,0,0,2018-01-15 19:34:37-03:00
0,0,0,0,0,0,2018-01-16 18:53:57-02:00
0,0,0,0,0,0,2018-01-17 00:26:35+00:00
0,0,0,0,0,0,2018-01-18 15:08:48-02:00
0,1,0,0,0,0,2018-01-18 15:10:33-02:00
0,0,0,0,0,0,2018-01-18 15:46:22-02:00
0,0,0,0,0,0,2018-01-18 16:09:16-02:00
2,2,0,0,0,0,2018-01-18 18:43:33-02:00
0,0,0,0,0,0,2018-01-18 18:44:08-02:00
0,0,0,0,0,0,2018-01-18 22:12:03-02:00
0,0,0,0,0,0,2018-01-18 22:13:23-02:00
0,0,0,0,0,0,2018-01-19 16:14:54-02:00
0,0,0,0,0,0,2018-01-19 16:30:36-02:00
0,1,0,0,0,0,2018-01-19 16:30:56-02:00
0,0,0,0,0,0,2018-01-19 17:54:02-02:00
0,0,0,0,0,0,2018-01-19 18:51:24-02:00
0,1,0,0,0,0,2018-01-19 18:51:41-02:00
2,2,0,0,0,0,2018-01-22 07:13:54-02:00
1,1,0,0,0,0,2018-01-22 07:28:14-02:00
0,1,0,0,0,0,2018-01-22 07:50:47-02:00
0,0,0,0,0,0,2018-01-22 12:54:24-03:00
0,0,0,0,0,0,2018-01-22 13:51:05-03:00
0,0,0,0,0,0,2018-01-22 15:44:46-03:00
0,0,0,0,0,0,2018-01-22 18:22:10-02:00
0,0,0,0,0,0,2018-01-22 18:27:05-02:00
0,0,0,0,0,0,2018-01-22 19:06:43-02:00
0,0,0,0,0,0,2018-01-22 20:19:39-02:00
0,0,0,0,0,0,2018-01-22 20:19:51-02:00
0,0,0,0,0,0,2018-01-22 21:49:09-02:00
0,1,0,0,0,0,2018-01-22 21:57:42-02:00
0,0,0,0,0,0,2018-01-23 00:13:16-02:00
0,1,0,0,0,0,2018-01-23 00:14:01-02:00
0,0,0,0,0,0,2018-01-23 01:52:28-02:00
0,0,0,0,0,0,2018-01-23 05:03:53+00:00
0,0,0,0,0,0,2018-01-23 03:44:09-02:00
1,1,0,0,0,0,2018-01-23 14:32:34-02:00
0,0,0,0,0,0,2018-01-23 14:32:50-02:00
0,0,0,0,0,0,2018-01-23 14:49:55-02:00
1,1,0,0,0,0,2018-01-23 16:30:11-02:00
0,0,0,0,0,0,2018-01-23 17:16:33-02:00
0,0,0,0,0,0,2018-01-23 19:38:05-02:00
1,1,0,0,0,0,2018-01-23 20:41:33-02:00
0,1,0,0,0,0,2018-01-24 11:56:40-02:00
0,0,0,0,0,0,2018-01-26 15:49:38-02:00
0,1,0,0,0,0,2018-02-02 16:41:53-02:00
0,0,0,0,0,0,2018-02-02 16:46:42-02:00
0,1,0,0,0,0,2018-02-02 16:48:34-02:00
0,0,0,0,0,0,2018-02-02 19:10:58-02:00
0,1,0,0,0,0,2018-02-02 19:18:00-02:00
0,1,0,0,0,0,2018-02-02 19:18:25-02:00
0,0,0,0,0,0,2018-02-02 19:18:41-02:00
0,0,0,0,0,0,2018-02-02 19:19:20-02:00
0,0,0,0,0,0,2018-02-02 19:48:25-02:00
0,1,0,0,0,0,2018-02-04 13:18:46-02:00
0,1,0,0,0,0,2018-02-04 14:02:10-02:00
0,0,0,0,0,0,2018-02-05 06:32:46-02:00
0,0,0,0,0,0,2018-02-05 06:52:41-02:00
0,0,0,0,0,0,2018-02-05 07:18:20-02:00
0,0,0,0,0,0,2018-02-05 11:53:07-02:00
0,1,0,0,0,0,2018-02-05 11:55:49-02:00
0,0,0,0,0,0,2018-02-05 14:40:23-02:00
0,0,0,0,0,0,2018-02-05 14:40:39-02:00
0,1,0,0,0,0,2018-02-05 15:31:09-02:00
0,0,0,0,0,0,2018-02-05 17:09:42-02:00
0,0,0,0,0,0,2018-02-06 22:50:52-03:00
0,1,0,0,0,0,2017-12-15 04:38:13-02:00
0,2,0,0,0,0,2017-12-15 19:21:01-02:00
0,0,0,0,0,0,2017-12-15 20:15:39-02:00
0,0,0,0,0,0,2017-12-15 22:24:30-02:00
0,3,0,0,0,0,2017-12-20 04:53:30-02:00
0,2,0,0,0,0,2017-12-20 08:12:37-02:00
0,1,0,0,0,0,2017-12-22 14:13:01-02:00
0,0,0,0,0,0,2017-12-22 17:25:35-02:00
0,0,0,0,0,0,2017-12-22 17:56:59-02:00
0,0,0,0,0,0,2018-01-16 22:41:42-02:00
0,0,0,0,0,0,2018-01-17 01:05:39-02:00
0,0,0,0,0,0,2018-01-17 22:04:16-02:00
0,1,0,0,0,0,2018-01-29 11:52:08-02:00
0,0,0,0,0,0,2018-01-29 15:57:24-02:00
0,1,0,0,0,0,2018-01-30 17:20:43-02:00
0,0,0,0,0,0,2018-01-30 17:21:46-02:00
0,0,0,0,0,0,2018-01-31 13:54:39-02:00
0,0,0,0,0,0,2018-01-31 17:38:56-02:00
0,0,0,0,0,0,2018-02-05 07:30:21-02:00
0,0,0,0,0,0,2018-02-05 11:25:41-02:00
0,3,0,0,0,0,2018-02-05 11:33:02-02:00
0,1,0,0,0,0,2018-02-06 14:59:10-02:00
0,1,0,0,0,0,2018-02-06 15:00:33-02:00
0,0,0,0,0,0,2018-02-08 02:05:50-02:00
0,2,0,0,0,0,2018-02-08 02:09:43-02:00
0,0,0,0,0,0,2018-02-08 02:12:02-02:00
0,0,0,0,0,0,2018-02-08 02:16:49-02:00
0,0,0,0,0,0,2018-02-08 02:21:02-02:00
0,0,0,0,0,0,2018-02-08 02:24:04-02:00
0,0,0,0,0,0,2018-02-08 02:25:20-02:00
0,0,0,0,0,0,2018-02-08 02:26:32-02:00
0,0,0,0,0,0,2018-02-08 05:24:25-02:00
0,1,0,0,0,0,2018-02-08 05:25:47-02:00
0,0,0,0,0,0,2018-02-08 16:00:01+00:00
0,0,0,0,0,0,2018-02-08 13:08:23-03:00
0,0,0,0,0,0,2018-02-08 13:08:39-03:00
0,0,0,0,0,0,2018-02-08 16:04:50-02:00
0,0,0,0,0,0,2018-02-10 23:04:43-03:00
0,0,0,0,0,0,2018-02-10 23:05:04-03:00
0,0,0,0,0,0,2018-02-12 17:25:52-02:00
0,0,0,0,0,0,2018-02-12 17:26:09-02:00
0,0,0,0,0,0,2018-02-13 15:04:05-02:00
0,0,0,0,0,0,2018-02-14 10:35:13-02:00
0,0,0,0,0,0,2018-02-16 18:11:02-02:00
0,0,0,0,0,0,2018-02-16 18:11:48-02:00
0,0,0,0,0,0,2018-02-16 18:12:47-02:00
0,0,0,0,0,0,2018-02-16 18:13:33-02:00
0,0,0,0,0,0,2018-02-17 21:59:14-03:00
0,0,0,0,0,0,2018-02-19 14:04:25-03:00
0,0,0,0,0,0,2018-02-23 18:18:20-03:00
0,0,0,0,0,0,2018-02-23 20:16:54-03:00
0,0,0,0,0,0,2018-02-26 16:45:26-03:00
0,0,0,0,0,0,2018-02-26 17:09:01-03:00
0,1,0,0,0,0,2018-02-26 18:34:53-03:00
0,0,0,0,0,0,2018-02-27 08:47:44-03:00
0,0,0,0,0,0,2018-02-28 11:41:45-03:00
0,0,0,0,0,0,2018-02-28 11:59:14-03:00
0,0,0,0,0,0,2018-03-02 13:24:54-03:00
2,4,0,0,0,0,2018-03-09 08:47:30-03:00
0,0,0,0,0,0,2018-03-12 16:33:36-03:00
0,0,0,0,0,0,2018-03-14 14:34:35-03:00
0,0,0,0,0,0,2018-03-14 14:35:30-03:00
0,0,0,0,0,0,2018-03-19 11:39:32-03:00
0,0,0,0,0,0,2018-03-19 12:20:52-03:00
0,0,0,0,0,0,2018-03-19 12:25:02-03:00
0,0,0,0,0,0,2018-03-19 13:58:47-03:00
0,0,0,0,0,0,2018-03-19 13:58:57-03:00
0,0,0,0,0,0,2018-03-19 13:59:58-03:00
0,0,0,0,0,0,2018-03-19 14:00:14-03:00
0,0,0,0,0,0,2018-03-12 16:33:36-03:00
0,0,0,0,0,0,2018-03-19 14:04:17-03:00
0,0,0,0,0,0,2018-03-19 14:04:55-03:00
0,0,0,0,0,0,2018-03-20 15:38:09-03:00
0,0,0,0,0,0,2018-03-20 15:38:27-03:00
0,0,0,0,0,0,2018-03-22 15:50:08-03:00
0,0,0,0,0,0,2018-03-25 16:50:29-03:00
0,0,0,0,0,0,2018-03-25 16:51:11-03:00
0,0,0,0,0,0,2018-03-25 17:02:44-03:00
0,0,0,0,0,0,2018-03-26 15:55:23-03:00
0,0,0,0,0,0,2018-03-26 15:57:57-03:00
0,2,0,0,0,0,2018-03-27 11:53:04-03:00
0,0,0,0,0,0,2018-03-27 11:53:17-03:00
0,3,0,0,0,0,2018-03-27 11:53:32-03:00
0,0,1,0,0,0,2018-03-27 11:54:16-03:00
0,3,0,0,0,0,2018-03-27 11:54:38-03:00
0,0,0,0,0,0,2018-03-27 11:55:02-03:00
0,10,3,0,0,0,2018-03-27 12:31:10-03:00
0,0,0,0,0,0,2018-03-27 14:13:29-03:00
0,0,0,0,0,0,2018-03-27 18:17:44-03:00
0,0,0,0,0,0,2018-03-27 18:45:59-03:00
0,0,0,0,0,0,2018-03-28 22:45:50-03:00
0,0,0,0,0,0,2018-03-29 15:17:01-03:00
0,0,0,0,0,0,2018-04-02 09:25:32-03:00
0,0,0,0,0,0,2018-04-02 15:01:00-03:00
0,0,0,0,0,0,2018-04-02 15:01:31-03:00
0,3,0,0,0,0,2018-04-02 17:30:00-03:00
0,0,1,0,0,0,2018-04-02 18:36:38-03:00
0,0,0,0,0,0,2018-04-02 19:33:55-03:00
0,0,0,0,0,0,2018-04-03 10:05:29-03:00
0,0,0,0,0,0,2018-04-03 10:35:00-03:00
0,1,0,0,0,0,2018-04-03 10:35:00-03:00
0,0,0,0,0,0,2018-04-03 11:47:35-03:00
0,0,0,0,0,0,2018-04-03 13:11:17-03:00
0,0,0,0,0,0,2018-04-03 13:13:17-03:00
0,0,0,0,0,0,2018-04-03 13:23:55-03:00
0,0,0,0,0,0,2018-04-04 18:19:18-03:00
0,0,0,0,0,0,2018-04-04 19:05:30-03:00
0,0,0,0,0,0,2018-04-04 19:08:23-03:00
0,0,0,0,0,0,2018-04-05 11:03:49-03:00
0,0,0,0,0,0,2018-04-05 12:04:36-03:00
0,0,0,0,0,0,2018-04-05 12:07:37-03:00
0,0,0,0,0,0,2018-04-05 12:07:47-03:00
0,0,0,0,0,0,2018-04-05 12:21:47-03:00
0,0,0,0,0,0,2018-04-05 12:26:42-03:00
0,1,0,0,0,0,2018-04-05 14:27:28-03:00
0,1,0,0,0,0,2018-04-05 15:30:38-03:00
0,0,0,0,0,0,2018-04-06 15:08:29-03:00
0,0,0,0,0,0,2018-04-09 14:04:34-03:00
0,0,0,0,0,0,2018-04-09 16:32:26-03:00
0,0,0,0,0,0,2018-04-09 17:10:15-03:00
0,0,0,0,0,0,2018-04-09 17:51:54-03:00
0,4,0,0,0,0,2018-04-10 15:18:35-03:00
0,1,0,0,0,0,2018-04-10 15:25:52-03:00
0,0,0,0,0,0,2018-04-10 15:50:22-03:00
0,0,0,0,0,0,2018-04-09 17:54:16-03:00
0,1,0,0,0,0,2018-04-09 17:55:39-03:00
0,0,0,0,0,0,2018-04-09 17:58:29-03:00
0,0,0,0,0,0,2018-04-09 18:01:37-03:00
0,0,0,0,0,0,2018-04-11 14:51:56-03:00
0,1,0,0,0,0,2018-04-11 15:29:13-03:00
0,0,0,0,0,0,2018-04-11 22:42:53-03:00
0,0,0,0,0,0,2018-04-11 23:13:46-03:00
0,0,0,0,0,0,2018-04-12 03:16:33-03:00
0,0,0,0,0,0,2018-04-12 03:18:08-03:00
0,0,0,0,0,0,2018-04-12 03:45:56-03:00
0,0,0,0,0,0,2018-04-14 00:48:16-03:00
0,0,0,0,0,0,2018-04-14 00:58:21-03:00
0,1,0,0,0,0,2018-04-14 00:59:27-03:00
0,0,0,0,0,0,2018-04-14 01:12:51-03:00
0,0,0,0,0,0,2018-04-14 01:56:34-03:00
0,0,0,0,0,0,2018-04-14 12:43:11-03:00
0,0,0,0,0,0,2018-04-16 11:50:38-03:00
0,2,3,0,0,0,2018-04-16 14:31:32-03:00
0,1,0,0,0,0,2018-04-16 18:39:16-03:00
0,0,0,0,0,0,2018-04-16 18:49:23-03:00
0,0,0,0,0,0,2018-04-18 15:40:19-03:00
0,4,0,0,0,0,2018-04-18 15:40:25-03:00
0,0,0,0,0,0,2018-04-18 20:48:15-03:00
0,0,0,0,0,0,2018-04-18 21:11:04-03:00
0,0,0,0,0,0,2018-04-18 21:45:37-03:00
0,0,0,0,0,0,2018-04-18 22:04:09-03:00
0,0,0,0,0,0,2018-04-18 22:15:32-03:00
0,0,0,0,0,0,2018-04-18 23:03:23-03:00
0,0,0,0,0,0,2018-04-19 09:28:53-03:00
0,0,0,0,0,0,2018-04-19 10:33:12-03:00
0,0,0,0,0,0,2018-04-19 10:44:32-03:00
0,0,0,0,0,0,2018-04-19 11:30:37-03:00
0,0,0,0,0,0,2018-04-20 08:47:12-03:00
1,1,0,0,0,0,2018-04-20 11:34:25-03:00
0,0,0,0,0,0,2018-04-20 11:34:44-03:00
0,0,0,0,0,0,2018-04-20 14:37:57-03:00
0,0,0,0,0,0,2018-04-20 15:55:18-03:00
0,0,0,0,0,0,2018-04-20 15:55:39-03:00
0,0,0,0,0,0,2018-04-20 16:59:57-03:00
0,2,0,0,0,0,2018-04-21 17:09:00-03:00
0,1,0,0,0,0,2018-04-21 19:10:51-03:00
0,1,0,0,0,0,2018-04-22 10:00:54-03:00
0,0,0,0,0,0,2018-04-22 11:07:22-03:00
0,1,0,0,0,0,2018-04-22 19:21:51-03:00
0,1,0,0,0,0,2018-04-22 22:07:15-03:00
0,2,1,0,0,0,2018-04-23 01:34:28-03:00
0,2,0,0,0,0,2018-04-23 11:50:57-03:00
0,0,0,0,0,0,2018-04-23 11:59:48-03:00
0,0,0,0,0,0,2018-04-23 12:03:50-03:00
0,0,0,0,0,0,2018-04-23 12:20:40-03:00
0,0,0,0,0,0,2018-04-23 14:13:04-03:00
0,0,0,0,0,0,2018-04-23 14:13:56-03:00
0,0,0,0,0,0,2018-04-23 14:39:33-03:00
0,0,0,0,0,0,2018-04-23 14:41:30-03:00
0,0,0,0,0,0,2018-04-23 15:45:56-03:00
0,1,0,0,0,0,2018-04-23 15:59:39-03:00
0,0,0,0,0,0,2018-04-23 16:10:43-03:00
0,0,0,0,0,0,2018-04-23 16:24:09-03:00
0,0,0,0,0,0,2018-04-23 16:35:22-03:00
0,1,1,0,0,0,2018-04-23 21:42:02-03:00
0,0,0,0,0,0,2018-04-23 21:42:19-03:00
0,0,0,0,0,0,2018-04-23 21:42:39-03:00
0,0,0,0,0,0,2018-04-23 21:42:56-03:00
0,0,0,0,0,0,2018-04-23 22:33:32-03:00
1,1,0,0,0,0,2018-04-23 22:42:02-03:00
0,0,0,0,0,0,2018-04-23 23:11:19-03:00
0,0,0,0,0,0,2018-04-23 23:25:10-03:00
0,0,0,0,0,0,2018-04-23 23:25:10-03:00
0,0,0,0,0,0,2018-04-24 00:29:39-03:00
0,1,0,0,0,0,2018-04-24 10:45:06-03:00
0,1,0,0,0,0,2018-04-24 11:22:54-03:00
1,0,0,0,0,0,2018-04-24 11:23:16-03:00
0,0,0,0,0,0,2018-04-24 11:24:33-03:00
1,0,0,0,0,0,2018-04-24 11:50:24-03:00
0,0,0,0,0,0,2018-04-24 12:00:52-03:00
0,0,0,0,0,0,2018-04-24 12:25:56-03:00
0,2,0,0,0,0,2018-04-24 14:01:29-03:00
0,2,0,0,0,0,2018-04-24 15:13:36-03:00
0,1,0,0,0,0,2018-04-24 16:29:30-03:00
0,1,0,0,0,0,2018-04-24 16:38:17-03:00
0,0,0,0,0,0,2018-04-24 16:41:27-03:00
0,0,0,0,0,0,2018-04-24 16:55:16-03:00
0,3,2,0,0,0,2018-04-24 17:29:04-03:00
0,0,0,0,0,0,2018-04-24 17:37:16-03:00
0,0,0,0,0,0,2018-04-24 18:45:05-03:00
0,0,0,0,0,0,2018-04-24 18:55:02-03:00
0,0,0,0,0,0,2018-04-24 19:08:00-03:00
0,0,0,0,0,0,2018-04-24 22:20:23-03:00
0,0,0,0,0,0,2018-04-24 22:20:30-03:00
0,0,0,0,0,0,2018-04-24 22:48:36-03:00
0,1,0,0,0,0,2018-04-24 23:16:44-03:00
0,0,0,0,0,0,2018-04-24 23:18:09-03:00
0,0,0,0,0,0,2018-04-24 23:59:27-03:00
0,0,0,0,0,0,2018-04-25 08:53:46-03:00
0,1,0,0,0,0,2018-04-25 11:09:52-03:00
0,0,0,0,0,0,2018-04-25 08:53:46-03:00
0,1,0,0,0,0,2018-04-25 11:09:52-03:00
0,0,0,0,0,0,2018-04-25 12:12:51-03:00
0,0,0,0,0,0,2018-04-25 12:16:34-03:00
0,0,0,0,0,0,2018-04-25 12:32:51-03:00
0,0,0,0,0,0,2018-04-25 14:06:29-03:00
0,0,0,0,0,0,2018-04-25 16:36:19-03:00
0,0,0,0,0,0,2018-04-25 17:29:48-03:00
0,0,0,0,0,0,2018-04-25 17:43:14-03:00
0,0,0,0,0,0,2018-04-25 17:47:44-03:00
0,0,0,0,0,0,2018-04-25 17:56:58-03:00
0,0,0,0,0,0,2018-04-25 18:05:01-03:00
0,0,0,0,0,0,2018-04-25 18:17:04-03:00
0,0,0,0,0,0,2018-04-25 18:17:28-03:00
0,0,0,0,0,0,2018-04-25 18:18:21-03:00
0,1,0,0,0,0,2018-04-25 18:20:40-03:00
0,1,0,0,0,0,2018-04-25 18:22:27-03:00
0,0,0,0,0,0,2018-04-25 18:30:08-03:00
0,0,0,0,0,0,2018-04-25 18:32:54-03:00
0,0,0,0,0,0,2018-04-25 18:33:47-03:00
0,1,0,0,0,0,2018-04-25 20:24:59-03:00
0,0,0,0,0,0,2018-04-26 09:53:57-03:00
0,0,0,0,0,0,2018-04-26 10:08:12-03:00
0,0,0,0,0,0,2018-04-26 10:55:57-03:00
0,0,0,0,0,0,2018-04-26 11:13:20-03:00
0,0,0,0,0,0,2018-04-26 11:13:23-03:00
0,0,0,0,0,0,2018-04-26 11:14:18-03:00
0,0,0,0,0,0,2018-04-26 11:21:25-03:00
0,0,0,0,0,0,2018-04-26 11:37:23-03:00
0,0,0,0,0,0,2018-04-26 11:37:56-03:00
1,1,0,0,0,0,2018-04-26 11:29:20-03:00
0,0,0,0,0,0,2018-04-26 12:03:52-03:00
0,1,0,0,0,0,2018-04-26 12:33:34-03:00
0,0,0,0,0,0,2018-04-26 12:37:06-03:00
0,1,1,0,0,0,2018-04-26 12:39:18-03:00
0,0,0,0,0,0,2018-04-26 12:42:02-03:00
0,0,0,0,0,0,2018-04-26 13:10:03-03:00
0,0,0,0,0,0,2018-04-26 13:18:07-03:00
0,0,0,0,0,0,2018-04-26 13:16:21-03:00
0,0,0,0,0,0,2018-04-26 13:25:48-03:00
0,0,0,0,0,0,2018-04-26 13:26:24-03:00
0,0,0,0,0,0,2018-04-26 13:26:07-03:00
0,0,0,0,0,0,2018-04-26 13:37:33-03:00
0,0,0,0,0,0,2018-04-26 14:06:43-03:00
0,0,0,0,0,0,2018-04-26 15:10:36-03:00
0,0,0,0,0,0,2018-04-26 15:20:41-03:00
0,0,0,0,0,0,2018-04-26 15:21:02-03:00
0,0,0,0,0,0,2018-04-26 15:21:32-03:00
0,0,0,0,0,0,2018-04-26 15:21:43-03:00
0,0,0,0,0,0,2018-04-26 15:21:48-03:00
0,1,0,0,0,0,2018-04-26 15:54:25-03:00
0,0,0,0,0,0,2018-04-26 15:54:28-03:00
0,0,0,0,0,0,2018-04-26 15:53:59-03:00
0,0,0,0,0,0,2018-04-26 16:29:02-03:00
0,0,0,0,0,0,2018-04-26 16:30:12-03:00
0,0,0,0,0,0,2018-04-26 16:44:07-03:00
0,0,0,0,0,0,2018-04-26 16:45:24-03:00
0,0,0,0,0,0,2018-04-26 16:49:24-03:00
0,0,0,0,0,0,2018-04-26 16:49:49-03:00
0,0,0,0,0,0,2018-04-26 17:25:15-03:00
0,0,0,0,0,0,2018-04-26 17:26:10-03:00
0,1,0,0,0,0,2018-04-26 17:32:17-03:00
0,0,0,0,0,0,2018-04-26 17:32:40-03:00
0,0,0,0,0,0,2018-04-26 18:03:49-03:00
1,0,0,0,0,0,2018-04-26 18:39:38-03:00
0,0,0,0,0,0,2018-04-26 19:17:36-03:00
0,0,0,0,0,0,2018-04-26 19:20:24-03:00
0,0,0,0,0,0,2018-04-26 19:20:49-03:00
0,1,0,0,0,0,2018-04-26 19:33:02-03:00
0,0,0,0,0,0,2018-04-26 19:36:22-03:00
0,1,0,0,0,0,2018-04-26 19:47:23-03:00
0,0,0,0,0,0,2018-04-26 20:01:28-03:00
0,0,0,0,0,0,2018-04-26 20:03:13-03:00
0,0,0,0,0,0,2018-04-27 01:44:49-03:00
0,0,0,0,0,0,2018-04-27 02:24:00-03:00
0,0,0,0,0,0,2018-04-27 02:55:07-03:00
0,0,0,0,0,0,2018-04-27 03:39:25-03:00
0,0,0,0,0,0,2018-04-27 05:30:39-03:00
0,0,0,0,0,0,2018-04-27 11:19:32-03:00
0,0,0,0,0,0,2018-04-26 09:35:55-03:00
0,0,0,0,0,0,2018-04-26 09:37:28-03:00
0,0,0,0,0,0,2018-04-26 09:37:54-03:00
0,0,0,0,0,0,2018-04-26 09:38:31-03:00
0,0,0,0,0,0,2018-04-26 09:38:59-03:00
0,0,0,0,0,0,2018-04-26 09:39:32-03:00
0,0,0,0,0,0,2018-04-26 09:39:56-03:00
0,0,0,0,0,0,2018-04-26 09:53:00-03:00
0,0,0,0,0,0,2018-04-26 10:36:39-03:00
0,0,0,0,0,0,2018-04-26 10:37:07-03:00
0,0,0,0,0,0,2018-04-26 11:32:55-03:00
0,0,0,0,0,0,2018-04-26 11:46:11-03:00
0,0,0,0,0,0,2018-04-26 12:29:51-03:00
0,0,0,0,0,0,2018-04-27 11:38:54-03:00
0,0,0,0,0,0,2018-04-27 13:52:45-03:00
0,0,0,0,0,0,2018-04-27 13:53:08-03:00
0,0,0,0,0,0,2018-04-27 14:18:51-03:00
0,0,0,0,0,0,2018-04-27 14:22:42-03:00
0,0,0,0,0,0,2018-04-27 14:37:31-03:00
0,0,0,0,0,0,2018-04-27 15:53:35-03:00
0,0,0,0,0,0,2018-04-27 15:54:01-03:00
0,2,0,0,0,0,2018-04-27 16:03:36-03:00
0,1,0,0,0,0,2018-04-27 16:15:25-03:00
0,1,0,0,0,0,2018-04-27 16:45:35-03:00
0,0,0,0,0,0,2018-04-27 17:07:51-03:00
0,0,0,0,0,0,2018-04-27 17:12:17-03:00
1,0,0,0,0,0,2018-04-27 18:04:40-03:00
0,0,0,0,0,0,2018-04-27 18:14:08-03:00
0,0,0,0,0,0,2018-04-27 19:53:26-03:00
0,0,0,0,0,0,2018-04-27 20:24:04-03:00
0,0,0,0,0,0,2018-04-27 23:28:15-03:00
0,0,0,0,0,0,2018-04-27 23:30:19-03:00
0,0,0,0,0,0,2018-04-27 23:39:39-03:00
0,0,0,0,0,0,2018-04-27 23:44:35-03:00
0,0,0,0,0,0,2018-04-27 23:46:17-03:00
0,0,0,0,0,0,2018-04-27 23:52:41-03:00
0,0,0,0,0,0,2018-04-28 00:29:58-03:00
0,0,0,0,0,0,2018-04-28 08:45:25-03:00
0,0,0,0,0,0,2018-04-28 08:50:53-03:00
0,0,0,0,0,0,2018-04-28 08:59:34-03:00
0,0,0,0,0,0,2018-04-28 11:42:54-03:00
0,0,0,0,0,0,2018-04-28 11:52:58-03:00
0,1,0,0,0,0,2018-04-28 16:27:50-03:00
0,0,0,0,0,0,2018-04-28 16:39:15-03:00
0,0,0,0,0,0,2018-04-28 18:22:02-03:00
0,0,0,0,0,0,2018-04-28 18:22:43-03:00
0,0,0,0,0,0,2018-04-28 18:23:11-03:00
0,0,0,0,0,0,2018-04-28 18:24:22-03:00
0,0,0,0,0,0,2018-04-28 18:30:08-03:00
1,1,0,0,0,0,2018-04-28 19:29:19-03:00
0,0,0,0,0,0,2018-04-28 19:43:01-03:00
0,0,0,0,0,0,2018-04-28 19:48:06-03:00
0,0,0,0,0,0,2018-04-28 19:49:37-03:00
0,0,0,0,0,0,2018-04-28 19:57:24-03:00
0,0,0,0,0,0,2018-04-28 20:34:36-03:00
0,0,0,0,0,0,2018-04-28 20:32:46-03:00
0,0,0,0,0,0,2018-04-28 20:48:19-03:00
0,0,0,0,0,0,2018-04-28 20:58:01-03:00
0,0,0,0,0,0,2018-04-28 21:03:12-03:00
0,0,0,0,0,0,2018-04-29 12:28:12-03:00
0,0,0,0,0,0,2018-04-29 12:33:35-03:00
0,0,0,0,0,0,2018-04-29 13:34:52-03:00
0,0,0,0,0,0,2018-04-29 20:33:42-03:00
0,0,0,0,0,0,2018-04-29 20:35:03-03:00
0,0,0,0,0,0,2018-04-29 16:58:36-03:00
1,2,1,0,0,0,2018-04-29 20:39:40-03:00
0,1,1,0,0,0,2018-04-29 21:08:44-03:00
0,0,0,0,0,0,2018-04-29 22:03:37-03:00
0,0,0,0,0,0,2018-04-29 22:15:01-03:00
1,0,0,0,0,0,2018-04-29 23:40:30-03:00
1,0,0,0,0,0,2018-04-29 23:52:25-03:00
0,0,0,0,0,0,2018-04-30 00:12:28-03:00
0,0,0,0,0,0,2018-04-30 00:29:37-03:00
0,0,0,0,0,0,2018-04-30 00:29:53-03:00
0,0,0,0,0,0,2018-04-30 00:36:20-03:00
1,0,0,0,0,0,2018-04-30 09:22:57-03:00
0,0,0,0,0,0,2018-04-30 00:29:53-03:00
0,0,0,0,0,0,2018-04-30 00:36:20-03:00
1,0,0,0,0,0,2018-04-30 09:22:57-03:00
1,0,0,0,0,0,2018-04-30 09:34:57-03:00
0,0,0,0,0,0,2018-04-30 09:46:02-03:00
1,2,0,0,0,0,2018-04-30 10:36:21-03:00
0,0,0,0,0,0,2018-04-30 10:57:47-03:00
0,0,0,0,0,0,2018-04-30 11:29:09-03:00
0,0,0,0,0,0,2018-04-30 11:53:17-03:00
0,0,0,0,0,0,2018-05-03 05:54:57-03:00
0,0,0,0,0,0,2018-05-03 22:35:42-03:00
0,0,0,0,0,0,2018-05-03 22:36:26-03:00
0,0,0,0,0,0,2018-05-03 22:36:57-03:00
0,0,0,0,0,0,2018-05-03 22:37:43-03:00
0,0,0,0,0,0,2018-05-03 22:39:13-03:00
0,0,0,0,0,0,2018-05-03 22:44:07-03:00
0,0,0,0,0,0,2018-05-03 23:18:33-03:00
0,0,0,0,0,0,2018-05-03 23:30:18-03:00
0,0,0,0,0,0,2018-05-03 23:53:10-03:00
0,0,0,0,0,0,2018-05-04 00:06:17-03:00
0,0,0,0,0,0,2018-05-04 14:18:15-03:00
0,0,0,0,0,0,2018-05-04 14:19:22-03:00
0,1,0,0,0,0,2018-05-04 16:47:58-03:00
0,1,0,0,0,0,2018-05-04 17:03:01-03:00
0,1,0,0,0,0,2018-05-04 17:03:32-03:00
0,1,0,0,0,0,2018-05-04 17:09:54-03:00
0,0,0,0,0,0,2018-05-04 17:13:30-03:00
0,0,0,0,0,0,2018-04-16 15:01:05-03:00
0,2,0,0,0,0,2018-05-07 16:15:03-03:00
0,0,0,0,0,0,2018-05-07 16:23:03-03:00
0,0,0,0,0,0,2018-05-07 16:23:27-03:00
0,0,0,0,0,0,2018-05-07 16:25:47-03:00
0,0,0,0,0,0,2018-05-07 16:27:13-03:00
0,0,0,0,0,0,2018-05-08 11:37:19-03:00
0,1,0,0,0,0,2018-05-08 11:50:30-03:00
0,0,0,0,0,0,2018-05-08 15:53:05-03:00
0,1,0,0,0,0,2018-05-08 15:53:18-03:00
0,2,0,0,0,0,2018-05-09 15:30:54-03:00
0,0,0,0,0,0,2018-05-09 15:43:05-03:00
0,0,0,0,0,0,2018-05-10 13:49:09-03:00
0,0,0,0,0,0,2018-05-10 15:42:55-03:00
0,0,0,0,0,0,2018-05-15 14:15:36-03:00
0,0,0,0,0,0,2018-05-16 16:01:59-03:00
0,0,0,0,0,0,2018-05-16 16:39:24-03:00
0,0,0,0,0,0,2018-05-16 17:23:02-03:00
0,0,0,0,0,0,2018-05-16 17:54:02-03:00
0,0,0,0,0,0,2018-05-16 17:59:15-03:00
0,0,0,0,0,0,2018-05-17 22:02:09-03:00
0,0,0,0,0,0,2018-05-18 11:30:49-03:00
0,0,0,0,0,0,2018-05-18 11:31:18-03:00
0,3,0,0,0,0,2018-05-18 11:32:10-03:00
1,10,0,4,0,1,2018-05-18 11:33:22-03:00
0,0,0,0,0,0,2018-05-18 11:33:50-03:00
0,2,0,0,0,0,2018-05-18 11:34:07-03:00
1,10,1,1,0,1,2018-05-18 12:35:28-03:00
1,0,0,0,0,0,2018-05-20 03:22:23-03:00
0,0,0,0,0,0,2018-05-20 16:34:51-03:00
0,0,0,0,0,0,2018-05-20 18:53:48-03:00
0,0,0,0,0,0,2018-05-20 19:02:50-03:00
0,0,0,0,0,0,2018-05-20 19:09:43-03:00
0,0,0,0,0,0,2018-05-20 19:20:24-03:00
0,0,0,0,0,0,2018-05-20 19:37:18-03:00
0,0,0,0,0,0,2018-05-20 19:46:43-03:00
0,0,0,0,0,0,2018-05-20 20:00:51-03:00
0,0,0,0,0,0,2018-05-20 20:17:47-03:00
0,0,0,0,0,0,2018-05-20 21:29:17-03:00
0,0,0,0,0,0,2018-05-20 21:32:39-03:00
0,0,0,0,0,0,2018-05-20 21:49:55-03:00
0,0,0,0,0,0,2018-05-20 22:11:57-03:00
0,0,0,0,0,0,2018-05-20 22:44:17-03:00
0,0,0,0,0,0,2018-05-20 22:47:12-03:00
0,0,0,0,0,0,2018-05-20 23:17:05-03:00
0,0,0,0,0,0,2018-05-21 00:47:40-03:00
0,0,0,0,0,0,2018-05-21 01:05:33-03:00
0,0,0,0,0,0,2018-05-21 01:18:36-03:00
0,0,0,0,0,0,2018-05-21 01:22:07-03:00
0,0,0,0,0,0,2018-05-21 02:32:57-03:00
0,0,0,0,0,0,2018-05-21 02:50:30-03:00
0,0,0,0,0,0,2018-05-21 03:00:32-03:00
0,0,0,0,0,0,2018-05-21 03:23:11-03:00
0,0,0,0,0,0,2018-05-21 03:26:05-03:00
0,0,0,0,0,0,2018-05-21 03:35:57-03:00
0,9,2,0,0,0,2018-05-21 14:33:58-03:00
0,0,0,0,0,0,2018-05-21 20:10:04-03:00
0,0,0,0,0,0,2018-05-21 20:22:41-03:00
0,1,0,0,0,0,2018-05-21 16:48:27-03:00
0,1,0,0,0,0,2018-05-22 10:43:44-03:00
0,0,0,0,0,0,2018-05-22 16:34:13-03:00
0,0,0,0,0,0,2018-05-22 16:35:14-03:00
0,0,0,0,0,0,2018-05-22 16:35:20-03:00
0,0,0,0,0,0,2018-05-23 11:49:28-03:00
0,1,0,0,0,0,2018-05-23 13:27:41-03:00
0,0,0,0,0,0,2018-05-23 13:28:00-03:00
0,0,0,0,0,0,2018-05-23 14:14:19-03:00
0,0,0,0,0,0,2018-05-23 14:16:32-03:00
0,0,0,0,0,0,2018-05-23 14:42:00-03:00
0,0,0,0,0,0,2018-05-23 15:01:06-03:00
0,0,0,0,0,0,2018-05-23 15:52:49-03:00
0,0,0,0,0,0,2018-05-24 11:39:03-03:00
0,1,0,0,0,0,2018-05-24 12:33:37-03:00
0,0,0,0,0,0,2018-05-24 12:40:54-03:00
0,0,0,0,0,0,2018-05-23 18:52:11-03:00
0,0,0,0,0,0,2018-05-23 18:52:31-03:00
0,1,0,0,0,0,2018-05-23 18:52:56-03:00
0,0,0,0,0,0,2018-05-24 13:46:34-03:00
0,0,0,0,0,0,2018-05-28 12:39:55-03:00
0,1,0,0,0,0,2018-05-24 15:17:26-03:00
0,1,0,0,0,0,2018-05-24 15:17:51-03:00
0,0,0,0,0,0,2018-05-28 16:08:37-03:00
0,5,1,0,0,0,2018-05-28 16:09:25-03:00
0,1,0,0,0,0,2018-05-28 16:09:37-03:00
0,0,0,0,0,0,2018-05-28 16:09:47-03:00
0,0,0,0,0,0,2018-05-28 16:10:20-03:00
0,0,0,0,0,0,2018-05-28 16:10:33-03:00
0,0,0,0,0,0,2018-05-28 16:10:44-03:00
0,1,0,0,0,0,2018-05-28 16:10:58-03:00
0,0,0,0,0,0,2018-05-28 16:11:14-03:00
0,0,0,0,0,0,2018-05-28 16:11:39-03:00
0,0,0,0,0,0,2018-05-28 16:12:06-03:00
0,2,0,0,0,0,2018-05-28 16:12:29-03:00
0,0,0,0,0,0,2018-05-28 16:13:36-03:00
0,4,3,0,0,0,2018-05-28 16:14:24-03:00
0,0,0,0,0,0,2018-05-28 16:40:22-03:00
0,6,1,0,0,0,2018-05-28 18:26:20-03:00
0,0,0,0,0,0,2018-05-28 20:20:38-03:00
0,3,0,0,0,0,2018-05-28 22:07:35-03:00
0,0,0,0,0,0,2018-05-28 20:57:37-03:00
0,0,0,0,0,0,2018-05-28 22:28:51-03:00
0,0,0,0,0,0,2018-05-28 23:31:50-03:00
0,2,0,0,0,0,2018-05-28 23:45:34-03:00
0,0,0,0,0,0,2018-05-29 00:56:59-03:00
0,0,0,0,0,0,2018-05-29 11:38:38-03:00
0,0,0,0,0,0,2018-05-29 13:26:55-03:00
0,0,0,0,0,0,2018-05-29 14:14:19-03:00
0,0,0,0,0,0,2018-05-29 14:14:19-03:00
0,1,0,0,0,0,2018-05-29 15:23:11-03:00
0,0,0,0,0,0,2018-05-29 17:20:50-03:00
0,0,0,0,0,0,2018-05-29 17:36:02-03:00
0,1,0,0,0,0,2018-05-30 14:23:47-03:00
0,1,0,0,0,0,2018-05-30 14:33:29-03:00
0,1,0,0,0,0,2018-05-30 15:33:56-03:00
0,1,0,0,0,0,2018-05-30 15:41:23-03:00
0,1,0,0,0,0,2018-05-30 16:32:49-03:00
0,1,0,0,0,0,2018-06-04 10:36:39-03:00
0,0,0,0,0,0,2018-06-04 15:20:06-03:00
0,1,0,0,0,0,2018-06-04 16:05:52-03:00
0,1,0,0,0,0,2018-06-05 10:38:41-03:00
0,0,0,0,0,0,2018-06-05 10:42:34-03:00
0,0,0,0,0,0,2018-06-05 10:44:36-03:00
0,1,0,0,0,0,2018-06-05 14:46:02-03:00
0,1,0,0,0,0,2018-06-05 15:14:16-03:00
0,1,0,0,0,0,2018-06-05 15:14:44-03:00
0,0,0,0,0,0,2018-06-05 15:16:04-03:00
0,0,0,0,0,0,2018-06-05 15:40:33-03:00
0,1,0,0,0,0,2018-06-05 15:50:38-03:00
0,2,0,0,0,0,2018-06-05 22:55:55-03:00
0,0,0,0,0,0,2018-06-06 11:54:32-03:00
0,1,0,0,0,0,2018-06-06 11:55:08-03:00
0,1,0,0,0,0,2018-06-06 11:55:20-03:00
0,2,0,0,0,0,2018-06-06 12:09:33-03:00
0,0,0,0,0,0,2018-06-06 12:10:33-03:00
0,7,0,0,0,0,2018-06-06 17:19:28-03:00
1,1,0,0,0,0,2018-06-06 18:07:35-03:00
0,1,0,0,0,0,2018-06-07 10:16:39-03:00
0,0,0,0,0,0,2018-06-07 10:17:33-03:00
0,3,0,0,0,0,2018-06-07 10:32:36-03:00
1,2,0,0,0,0,2018-06-07 10:33:00-03:00
0,0,0,0,0,0,2018-06-07 10:55:27-03:00
0,1,0,0,0,0,2018-06-07 11:00:25-03:00
0,0,0,0,0,0,2018-06-07 11:00:30-03:00
0,0,0,0,0,0,2018-06-07 11:10:00-03:00
0,0,0,0,0,0,2018-06-07 11:18:27-03:00
0,0,0,0,0,0,2018-06-07 11:19:17-03:00
0,0,0,0,0,0,2018-06-07 11:20:59-03:00
0,2,0,0,0,0,2018-06-07 11:29:02-03:00
0,0,0,0,0,0,2018-06-07 11:42:26-03:00
0,0,0,0,0,0,2018-06-07 11:48:30-03:00
0,2,0,0,0,0,2018-06-07 12:24:31-03:00
0,2,0,0,0,0,2018-06-07 12:25:10-03:00
0,2,0,0,0,0,2018-06-07 14:47:02-03:00
0,0,0,0,0,0,2018-06-07 20:04:54-03:00
0,1,0,0,0,0,2018-06-07 22:34:09-03:00
1,3,0,0,0,0,2018-06-08 00:15:12-03:00
0,0,0,0,0,0,2018-06-08 00:20:21-03:00
0,0,0,0,0,0,2018-06-08 07:57:54-03:00
0,1,0,0,0,0,2018-06-08 08:43:43-03:00
0,0,0,0,0,0,2018-06-08 10:51:56-03:00
0,0,0,0,0,0,2018-06-08 11:08:15-03:00
0,1,0,0,0,0,2018-06-08 12:14:24-03:00
0,0,0,0,0,0,2018-06-08 12:22:55-03:00
0,1,0,0,0,0,2018-06-08 13:17:06-03:00
0,0,0,0,0,0,2018-06-08 13:23:52-03:00
0,0,0,0,0,0,2018-06-08 14:24:49-03:00
0,1,0,0,0,0,2018-06-08 14:54:01-03:00
0,0,0,0,0,0,2018-06-08 14:54:57-03:00
0,0,0,0,0,0,2018-06-08 14:58:02-03:00
0,0,0,0,0,0,2018-06-08 15:54:31-03:00
0,0,0,0,0,0,2018-06-08 15:58:43-03:00
0,0,0,0,0,0,2018-06-08 16:08:55-03:00
1,6,0,2,0,1,2018-06-08 16:14:34-03:00
0,11,0,3,0,2,2018-06-08 17:34:10-03:00
0,0,0,0,0,0,2018-06-08 19:33:43-03:00
0,0,0,0,0,0,2018-06-08 19:57:17-03:00
0,1,0,0,0,0,2018-06-10 10:31:04-03:00
0,0,0,0,0,0,2018-06-10 14:10:23-03:00
0,0,0,0,0,0,2018-06-10 14:14:30-03:00
0,0,0,0,0,0,2018-06-10 17:18:21-03:00
0,0,0,0,0,0,2018-06-10 17:20:23-03:00
0,0,0,0,0,0,2018-06-10 18:11:30-03:00
0,5,0,0,0,0,2018-06-10 15:06:32-03:00
0,4,0,0,0,0,2018-06-10 20:00:05-03:00
0,2,0,0,0,0,2018-06-10 20:41:04-03:00
0,2,0,0,0,0,2018-06-10 20:52:19-03:00
0,6,0,0,0,0,2018-06-11 00:52:57-03:00
0,3,0,0,0,0,2018-06-11 01:11:38-03:00
0,1,0,0,0,0,2018-06-11 13:54:08-03:00
0,0,0,0,0,0,2018-06-11 13:56:09-03:00
0,1,0,0,0,0,2018-06-11 14:01:14-03:00
0,1,0,0,0,0,2018-06-11 14:58:50-03:00
0,0,0,0,0,0,2018-06-11 16:59:02-03:00
0,0,0,0,0,0,2018-06-11 23:21:14-03:00
0,0,0,0,0,0,2018-06-11 23:52:13-03:00
0,0,0,0,0,0,2018-06-12 00:11:26-03:00
0,0,0,0,0,0,2018-06-12 00:16:55-03:00
0,0,0,0,0,0,2018-06-12 00:17:11-03:00
0,6,1,0,0,0,2018-06-11 22:39:36-03:00
0,3,0,0,1,0,2018-06-12 00:52:26-03:00
0,0,0,0,0,0,2018-06-12 01:03:42-03:00
0,0,0,0,0,0,2018-06-12 01:12:56-03:00
0,0,0,0,0,0,2018-06-12 01:32:02-03:00
0,0,0,0,0,0,2018-06-12 01:32:23-03:00
0,0,0,0,0,0,2018-06-12 01:38:15-03:00
0,0,0,0,0,0,2018-06-12 09:50:31-03:00
0,0,0,0,0,0,2018-06-12 10:02:56-03:00
0,3,0,0,0,0,2018-06-12 01:42:20-03:00
0,3,0,0,1,0,2018-06-12 10:27:30-03:00
0,1,0,0,0,0,2018-06-12 10:42:15-03:00
0,1,0,0,0,0,2018-06-12 12:14:00-03:00
0,0,0,0,0,0,2018-06-12 12:44:19-03:00
0,0,0,0,0,0,2018-06-12 14:04:35-03:00
0,0,0,0,0,0,2018-06-12 15:23:38-03:00
0,0,0,0,0,0,2018-06-12 15:26:57-03:00
0,0,0,0,0,0,2018-06-12 16:09:57-03:00
0,4,0,0,0,0,2018-06-12 12:15:51-03:00
0,0,0,0,0,0,2018-06-12 12:29:24-03:00
0,0,0,0,0,0,2018-06-12 18:17:00-03:00
0,0,0,0,0,0,2018-06-12 20:07:48-03:00
0,0,0,0,0,0,2018-06-12 20:14:20-03:00
0,0,0,0,0,0,2018-06-12 20:22:22-03:00
0,1,0,0,0,0,2018-06-12 20:50:40-03:00
0,0,0,0,0,0,2018-06-12 22:17:27-03:00
0,0,0,0,0,0,2018-06-12 22:41:01-03:00
0,0,0,0,0,0,2018-06-12 22:47:00-03:00
0,0,0,0,0,0,2018-06-12 23:04:34-03:00
0,0,0,0,0,0,2018-06-13 08:47:59-03:00
0,0,0,0,0,0,2018-06-13 08:54:28-03:00
0,0,0,0,0,0,2018-06-13 09:07:01-03:00
0,0,0,0,0,0,2018-06-13 09:08:15-03:00
0,0,0,0,0,0,2018-06-13 09:25:54-03:00
0,0,0,0,0,0,2018-06-13 10:13:58-03:00
0,1,0,0,0,0,2018-06-13 10:26:35-03:00
0,2,0,0,0,0,2018-06-13 10:00:27-03:00
0,1,0,0,0,0,2018-06-13 10:40:22-03:00
0,0,0,0,0,0,2018-06-13 10:46:29-03:00
0,0,0,0,0,0,2018-06-15 10:59:40-03:00
0,0,0,0,0,0,2018-06-19 09:49:41-03:00
0,0,0,0,0,0,2018-06-19 11:36:55-03:00
0,0,0,0,0,0,2018-06-19 14:33:32-03:00
0,3,0,1,0,1,2018-06-15 11:11:43-03:00
0,0,0,0,0,0,2018-06-19 23:00:29-03:00
0,0,0,0,0,0,2018-06-19 23:03:41-03:00
0,0,0,0,0,0,2018-06-19 23:07:43-03:00
0,0,0,0,0,0,2018-06-19 23:10:16-03:00
0,0,0,0,0,0,2018-06-19 23:17:17-03:00
0,0,0,0,0,0,2018-06-20 00:18:42-03:00
0,0,0,0,0,0,2018-06-20 00:26:22-03:00
0,0,0,0,0,0,2018-06-20 00:27:35-03:00
0,0,0,0,0,0,2018-06-19 23:29:39-03:00
0,0,0,0,0,0,2018-06-20 00:36:15-03:00
0,0,0,0,0,0,2018-06-20 00:40:15-03:00
0,0,0,0,0,0,2018-06-20 00:47:22-03:00
0,0,0,0,0,0,2018-06-20 01:16:29-03:00
0,0,0,0,0,0,2018-06-20 01:16:50-03:00
0,0,0,0,0,0,2018-06-20 01:29:29-03:00
0,0,0,0,0,0,2018-06-20 02:00:58-03:00
0,0,0,0,0,0,2018-06-20 09:41:52-03:00
0,0,0,0,0,0,2018-06-20 10:04:33-03:00
0,0,0,0,0,0,2018-06-20 10:24:20-03:00
0,0,0,0,0,0,2018-06-20 10:31:24-03:00
0,0,0,0,0,0,2018-06-20 10:31:42-03:00
0,0,0,0,0,0,2018-06-20 10:26:37-03:00
0,0,0,0,0,0,2018-06-20 10:32:48-03:00
0,0,0,0,0,0,2018-06-20 14:37:48-03:00
0,0,0,0,0,0,2018-06-20 14:41:08-03:00
0,0,0,0,0,0,2018-06-20 16:40:37-03:00
0,1,1,0,0,0,2018-06-20 19:31:27-03:00
0,0,0,0,0,0,2018-06-22 13:27:25-03:00
0,0,0,0,0,0,2018-06-22 14:02:18-03:00
0,0,0,0,0,0,2018-06-22 14:02:39-03:00
0,0,0,0,0,0,2018-06-22 14:57:53-03:00
0,0,0,0,0,0,2018-06-25 15:22:50-03:00
0,0,0,0,0,0,2018-06-25 15:31:37-03:00
0,0,0,0,0,0,2018-06-25 16:19:23-03:00
0,0,0,0,0,0,2018-06-25 17:20:50-03:00
0,0,0,0,0,0,2018-06-25 17:24:22-03:00
0,0,0,0,0,0,2018-06-25 17:27:06-03:00
0,0,0,0,0,0,2018-06-25 17:30:29-03:00
0,0,0,0,0,0,2018-06-25 17:33:56-03:00
0,0,0,0,0,0,2018-06-25 18:34:25-03:00
0,1,0,0,0,0,2018-06-25 19:52:00-03:00
0,0,0,0,0,0,2018-06-25 19:53:15-03:00
0,1,0,0,0,0,2018-06-25 20:41:39-03:00
0,0,0,0,0,0,2018-06-25 21:50:37-03:00
0,0,0,0,0,0,2018-06-25 21:59:56-03:00
0,1,0,0,0,0,2018-06-25 22:02:56-03:00
0,0,0,0,0,0,2018-06-25 23:00:49-03:00
0,0,0,0,0,0,2018-06-25 23:58:58-03:00
0,0,0,0,0,0,2018-06-26 00:23:47-03:00
0,0,0,0,0,0,2018-06-26 08:30:21-03:00
0,0,0,0,0,0,2018-06-26 08:51:30-03:00
0,0,0,0,0,0,2018-06-26 10:03:38-03:00
0,0,0,0,0,0,2018-06-26 10:05:21-03:00
0,2,1,0,0,0,2018-06-26 19:53:39-03:00
0,1,0,0,0,0,2018-06-26 19:55:08-03:00
0,1,0,0,0,0,2018-06-27 21:35:38-03:00
0,0,0,0,0,0,2018-06-28 12:08:18-03:00
0,0,0,0,0,0,2018-06-28 12:34:39-03:00
0,0,0,0,0,0,2018-06-28 12:48:14-03:00
0,0,0,0,0,0,2018-06-28 12:54:33-03:00
0,1,0,0,0,0,2018-06-30 23:26:37-03:00
0,0,0,0,0,0,2018-07-02 17:37:24-03:00
0,1,0,0,0,0,2018-07-02 17:37:59-03:00
0,1,0,0,0,0,2018-07-02 18:23:28-03:00
0,2,1,0,0,0,2018-07-02 20:03:54-03:00
0,1,0,0,0,0,2018-07-02 20:19:57-03:00
0,1,0,0,0,0,2018-07-02 20:26:22-03:00
0,1,0,0,0,0,2018-07-02 20:32:28-03:00
0,0,0,0,0,0,2018-07-03 16:31:31-03:00
0,0,0,0,0,0,2018-07-03 22:08:49-03:00
0,0,0,0,0,0,2018-07-03 22:15:53-03:00
0,0,0,0,0,0,2018-07-03 22:34:12-03:00
0,0,0,0,0,0,2018-07-04 09:28:09-03:00
0,0,0,0,0,0,2018-07-04 10:01:00-03:00
0,0,0,0,0,0,2018-07-05 09:26:54-03:00
0,0,0,0,0,0,2018-07-05 07:46:05-07:00
0,0,0,0,0,0,2018-07-05 12:11:56-03:00
0,0,0,0,0,0,2018-07-05 12:15:20-03:00
0,0,0,0,0,0,2018-07-05 13:48:57-03:00
0,0,0,0,0,0,2018-07-07 16:23:19-03:00
0,0,0,0,0,0,2018-07-07 16:34:54-03:00
0,0,0,0,0,0,2018-07-07 16:48:09-03:00
0,0,0,0,0,0,2018-07-10 04:15:43-03:00
0,1,0,0,0,0,2018-07-10 04:58:15-03:00
0,0,0,0,0,0,2018-07-10 05:10:05-03:00
0,0,0,0,0,0,2018-07-10 06:11:47-07:00
0,0,0,0,0,0,2018-07-10 06:18:37-07:00
0,0,0,0,0,0,2018-07-10 10:45:08-03:00
0,0,0,0,0,0,2018-07-10 19:41:32-07:00
0,0,0,0,0,0,2018-07-11 18:45:28-03:00
0,0,0,0,0,0,2018-07-11 18:59:02-03:00
0,0,0,0,0,0,2018-07-12 01:40:18-03:00
0,0,0,0,0,0,2018-07-12 10:03:36-03:00
0,0,0,0,0,0,2018-07-12 10:09:07-03:00
0,0,0,0,0,0,2018-07-12 20:44:10-03:00
0,1,0,0,0,0,2018-07-14 18:22:58-03:00
0,1,0,0,0,0,2018-07-16 12:09:37-03:00
0,0,0,0,0,0,2018-07-16 12:10:00-03:00
0,1,0,0,0,0,2018-07-16 12:15:30-03:00
0,0,0,0,0,0,2018-07-16 15:37:49-03:00
0,1,0,0,0,0,2018-07-16 16:32:32-03:00
0,0,0,0,0,0,2018-07-16 22:19:35-03:00
0,0,0,0,0,0,2018-07-17 08:55:27-03:00
0,0,0,0,0,0,2018-07-17 09:16:41-03:00
0,2,0,0,0,0,2018-07-17 11:08:41-03:00
0,0,0,0,0,0,2018-07-17 14:20:05-03:00
0,0,0,0,0,0,2018-07-17 14:23:06-03:00
0,0,0,0,0,0,2018-07-17 14:51:59-03:00
0,0,0,0,0,0,2018-07-17 15:53:10-03:00
0,0,0,0,0,0,2018-07-17 16:01:58-03:00
0,0,0,0,0,0,2018-07-17 16:06:03-03:00
0,3,0,0,0,0,2018-07-17 20:15:16-03:00
0,0,0,0,0,0,2018-07-18 09:55:35-03:00
0,0,0,0,0,0,2018-07-18 10:27:57-03:00
0,0,0,0,0,0,2018-07-18 10:47:25-03:00
0,0,0,0,0,0,2018-07-18 11:10:42-03:00
0,0,0,0,0,0,2018-07-18 11:11:04-03:00
0,2,1,0,0,0,2018-07-18 11:51:16-03:00
0,1,0,0,0,0,2018-07-18 13:14:00-03:00
0,0,0,0,0,0,2018-07-18 13:17:17-03:00
0,0,0,0,0,0,2018-07-18 13:17:42-03:00
0,0,0,0,0,0,2018-07-18 13:18:09-03:00
0,2,0,0,0,0,2018-07-18 13:24:59-03:00
0,0,0,0,0,0,2018-07-18 13:39:23-03:00
0,0,0,0,0,0,2018-07-18 13:43:40-03:00
0,1,0,0,0,0,2018-07-18 13:53:41-03:00
0,0,0,0,0,0,2018-07-18 14:32:43-03:00
0,1,0,0,1,0,2018-07-18 15:35:40-03:00
0,0,0,0,0,0,2018-07-18 15:41:55-03:00
0,0,0,0,0,0,2018-07-18 16:23:40-03:00
0,0,0,0,0,0,2018-07-18 16:34:56-03:00
0,1,0,0,1,0,2018-07-18 16:12:23-03:00
0,1,0,0,1,0,2018-07-19 17:19:45-03:00
0,0,0,0,0,0,2018-07-19 17:19:52-03:00
0,0,0,0,0,0,2018-07-19 21:07:59-03:00
0,1,0,0,0,0,2018-07-20 10:51:54-03:00
0,2,0,0,1,0,2018-07-20 12:20:34-03:00
0,0,0,0,0,0,2018-07-21 09:35:03-03:00
0,0,0,0,0,0,2018-07-21 09:49:02-03:00
0,0,0,0,0,0,2018-07-21 11:01:42-03:00
0,0,0,0,0,0,2018-07-21 18:26:24-03:00
0,0,0,0,0,0,2018-07-22 19:37:31-03:00
1,7,0,0,0,0,2018-07-22 21:48:03-03:00
0,1,0,0,0,0,2018-07-22 22:00:54-03:00
0,1,0,0,0,0,2018-07-22 22:01:45-03:00
0,0,0,0,0,0,2018-07-22 23:27:38-03:00
0,0,0,0,0,0,2018-07-23 08:43:00-03:00
0,0,0,0,0,0,2018-07-23 09:25:53-03:00
0,0,0,0,0,0,2018-07-23 09:28:33-03:00
0,0,0,0,0,0,2018-07-23 09:49:20-03:00
0,0,0,0,0,0,2018-07-23 09:54:05-03:00
0,0,0,0,0,0,2018-07-23 09:56:32-03:00
0,1,0,0,0,0,2018-07-23 10:24:34-03:00
0,0,0,0,0,0,2018-07-23 10:24:42-03:00
0,0,0,0,0,0,2018-07-23 10:46:32-03:00
0,0,0,0,0,0,2018-07-23 11:21:26-03:00
0,3,0,0,1,0,2018-07-23 10:57:37-03:00
0,1,0,0,0,0,2018-07-23 12:25:19-03:00
0,0,0,0,0,0,2018-07-23 14:08:41-03:00
0,0,0,0,0,0,2018-07-23 14:09:01-03:00
0,6,1,0,0,0,2018-07-23 17:00:26-03:00
0,0,0,0,0,0,2018-07-23 22:10:23-03:00
0,1,0,0,0,0,2018-07-23 22:13:16-03:00
0,0,0,0,0,0,2018-07-23 22:13:57-03:00
0,0,0,0,0,0,2018-07-23 23:02:13-03:00
0,0,0,0,0,0,2018-07-23 23:02:25-03:00
0,0,0,0,0,0,2018-07-24 08:45:36-03:00
0,0,0,0,0,0,2018-07-24 09:59:37-03:00
0,0,0,0,0,0,2018-07-24 10:11:50-03:00
0,0,0,0,0,0,2018-07-24 10:11:55-03:00
0,3,0,0,0,0,2018-07-24 10:34:54-03:00
0,0,0,0,0,0,2018-07-24 10:44:33-03:00
0,0,0,0,0,0,2018-07-24 10:51:44-03:00
0,0,0,0,0,0,2018-07-24 10:56:29-03:00
0,0,0,0,0,0,2018-07-24 11:01:41-03:00
0,0,0,0,0,0,2018-07-24 11:05:15-03:00
0,0,0,0,0,0,2018-07-24 11:05:22-03:00
0,0,0,0,0,0,2018-07-24 11:10:24-03:00
0,0,0,0,0,0,2018-07-24 11:10:44-03:00
0,0,0,0,0,0,2018-07-24 11:10:28-03:00
0,0,0,0,0,0,2018-07-24 11:28:10-03:00
0,0,0,0,0,0,2018-07-24 11:28:16-03:00
0,0,0,0,0,0,2018-07-24 11:42:12-03:00
0,0,0,0,0,0,2018-07-24 11:44:14-03:00
0,0,0,0,0,0,2018-07-24 11:59:46-03:00
0,0,0,0,0,0,2018-07-24 12:02:40-03:00
0,0,0,0,0,0,2018-07-24 12:04:51-03:00
0,0,0,0,0,0,2018-07-24 12:04:58-03:00
0,0,0,0,0,0,2018-07-24 12:14:59-03:00
0,0,0,0,0,0,2018-07-24 12:10:08-03:00
0,0,0,0,0,0,2018-07-24 12:18:15-03:00
0,1,0,0,0,0,2018-07-24 13:02:06-03:00
0,0,0,0,0,0,2018-07-24 14:34:57-03:00
0,0,0,0,0,0,2018-07-24 16:32:00-03:00
0,0,0,0,0,0,2018-07-24 16:32:46-03:00
0,0,0,0,0,0,2018-07-24 16:34:57-03:00
0,0,0,0,0,0,2018-07-24 15:46:15-03:00
0,1,0,0,0,0,2018-07-25 09:21:22-03:00
0,0,0,0,0,0,2018-07-25 10:03:51-03:00
0,0,0,0,0,0,2018-07-25 10:03:56-03:00
0,1,0,0,0,0,2018-07-25 10:39:39-03:00
0,0,0,0,0,0,2018-07-24 13:57:31-03:00
0,0,0,0,0,0,2018-07-24 15:58:07-03:00
0,0,0,0,0,0,2018-07-24 16:21:03-03:00
0,0,0,0,0,0,2018-07-25 11:04:25-03:00
0,0,0,0,0,0,2018-07-25 11:08:45-03:00
0,1,0,0,0,0,2018-07-25 11:13:50-03:00
0,0,0,0,0,0,2018-07-25 11:09:14-03:00
0,0,0,0,0,0,2018-07-25 11:26:13-03:00
0,0,0,0,0,0,2018-07-25 11:28:31-03:00
0,0,0,0,0,0,2018-07-25 11:28:38-03:00
0,0,0,0,0,0,2018-07-25 13:59:43-03:00
0,1,0,0,0,0,2018-07-25 16:37:08-03:00
0,2,0,0,0,0,2018-07-25 16:38:12-03:00
0,1,0,0,0,0,2018-07-25 16:41:20-03:00
0,0,0,0,0,0,2018-07-25 16:41:30-03:00
0,0,0,0,0,0,2018-07-25 20:42:10-03:00
0,0,0,0,0,0,2018-07-25 21:16:14-03:00
0,0,0,0,0,0,2018-07-25 21:30:00-03:00
0,2,0,0,0,0,2018-07-26 11:01:06-03:00
0,0,0,0,0,0,2018-07-26 21:44:37-03:00
0,2,0,0,0,0,2018-07-26 22:41:04-03:00
0,0,0,0,0,0,2018-07-26 23:24:15-03:00
0,1,0,0,0,0,2018-07-27 11:19:15-03:00
0,1,0,0,0,0,2018-07-27 12:06:58-03:00
0,0,0,0,0,0,2018-07-28 10:02:26-03:00
0,0,0,0,0,0,2018-07-28 10:32:44-03:00
0,0,0,0,0,0,2018-07-28 11:00:24-03:00
0,0,0,0,0,0,2018-07-28 11:18:34-03:00
0,5,1,0,0,0,2018-07-29 12:43:17-03:00
0,7,1,0,0,0,2018-07-29 21:58:52-03:00
0,1,0,0,0,0,2018-07-30 00:04:36-03:00
0,3,0,0,0,0,2018-07-30 00:51:47-03:00
0,0,0,0,0,0,2018-07-30 00:55:00-03:00
0,0,0,0,0,0,2018-07-30 01:00:55-03:00
0,0,0,0,0,0,2018-07-30 09:22:44-03:00
0,0,0,0,0,0,2018-07-30 09:27:22-03:00
0,0,0,0,0,0,2018-07-30 10:10:48-03:00
0,0,0,0,0,0,2018-07-30 10:23:24-03:00
0,0,0,0,0,0,2018-07-30 10:28:27-03:00
0,0,0,0,0,0,2018-07-30 10:32:11-03:00
0,0,0,0,0,0,2018-07-30 10:34:33-03:00
0,3,0,0,0,0,2018-07-30 10:40:16-03:00
0,0,0,0,0,0,2018-07-30 10:42:09-03:00
1,0,0,0,0,0,2018-07-30 10:57:34-03:00
0,1,1,0,0,0,2018-07-30 11:20:19-03:00
0,0,0,0,0,0,2018-07-30 11:20:52-03:00
0,0,0,0,0,0,2018-07-30 11:22:15-03:00
0,0,0,0,0,0,2018-07-30 11:22:49-03:00
0,0,0,0,0,0,2018-07-30 13:32:12-03:00
0,0,0,0,0,0,2018-07-30 13:33:14-03:00
0,0,0,0,0,0,2018-07-30 13:34:09-03:00
0,1,0,0,0,0,2018-07-30 13:35:07-03:00
0,0,0,0,0,0,2018-07-30 14:23:15-03:00
0,0,0,0,0,0,2018-07-31 10:02:41-03:00
0,0,0,0,0,0,2018-07-31 10:06:57-03:00
0,0,0,0,0,0,2018-07-31 10:18:41-03:00
0,0,0,0,0,0,2018-07-31 10:19:18-03:00
0,0,0,0,0,0,2018-07-31 10:32:15-03:00
0,0,0,0,0,0,2018-07-31 10:32:48-03:00
0,2,0,0,0,0,2018-07-31 11:06:39-03:00
0,0,0,0,0,0,2018-07-31 11:06:50-03:00
0,0,0,0,0,0,2018-07-31 11:06:54-03:00
0,1,0,0,0,0,2018-07-31 11:38:44-03:00
0,0,0,0,0,0,2018-07-31 11:43:56-03:00
0,0,0,0,0,0,2018-07-31 12:35:03-03:00
0,0,0,0,0,0,2018-07-31 12:55:11-03:00
0,0,0,0,0,0,2018-07-31 12:57:17-03:00
0,0,0,0,0,0,2018-07-31 13:56:52-03:00
0,1,0,0,0,0,2018-07-31 14:07:37-03:00
0,0,0,0,0,0,2018-07-31 14:48:24-03:00
0,0,0,0,0,0,2018-07-31 14:48:43-03:00
0,0,0,0,0,0,2018-07-31 16:35:27-03:00
0,0,0,0,0,0,2018-07-31 17:14:54-03:00
0,1,0,0,0,0,2018-07-31 18:46:58-03:00
0,0,0,0,0,0,2018-07-31 18:49:30-03:00
0,0,0,0,0,0,2018-07-31 19:17:40-03:00
0,2,0,0,0,0,2018-07-31 23:33:39-03:00
0,0,0,0,0,0,2018-07-31 23:35:09-03:00
0,0,0,0,0,0,2018-07-31 23:46:03-03:00
0,0,0,0,0,0,2018-08-01 09:43:27-03:00
0,0,0,0,0,0,2018-08-01 09:55:32-03:00
0,0,0,0,0,0,2018-08-01 10:16:12-03:00
0,0,0,0,0,0,2018-08-01 10:16:16-03:00
0,0,0,0,0,0,2018-08-01 10:16:16-03:00
0,0,0,0,0,0,2018-08-01 10:44:39-03:00
0,0,0,0,0,0,2018-08-01 10:45:06-03:00
0,0,0,0,0,0,2018-08-01 11:21:51-03:00
0,1,0,0,0,0,2018-08-01 11:35:29-03:00
0,0,0,0,0,0,2018-08-01 11:35:36-03:00
0,0,0,0,0,0,2018-08-01 11:35:41-03:00
0,0,0,0,0,0,2018-08-01 11:44:33-03:00
0,0,0,0,0,0,2018-08-01 12:09:21-03:00
0,0,0,0,0,0,2018-08-01 12:20:18-03:00
0,0,0,0,0,0,2018-08-01 12:20:33-03:00
0,0,0,0,0,0,2018-08-01 12:44:08-03:00
0,0,0,0,0,0,2018-08-01 13:45:04-03:00
0,0,0,0,0,0,2018-08-01 12:05:00-03:00
0,0,0,0,0,0,2018-08-01 14:51:33-03:00
0,0,0,0,0,0,2018-08-01 15:25:21-03:00
0,0,0,0,0,0,2018-08-01 15:30:27-03:00
0,0,0,0,0,0,2018-08-01 15:53:19-03:00
0,0,0,0,0,0,2018-08-01 20:22:35-03:00
0,0,0,0,0,0,2018-08-01 21:57:03-03:00
0,0,0,0,0,0,2018-08-01 22:02:37-03:00
0,0,0,0,0,0,2018-08-01 23:53:07-03:00
0,1,0,0,0,0,2018-08-03 20:31:53-03:00
0,0,0,0,0,0,2018-08-03 21:27:30-03:00
0,0,0,0,0,0,2018-08-03 21:31:10-03:00
0,0,0,0,0,0,2018-08-03 22:01:07-03:00
0,0,0,0,0,0,2018-08-04 12:30:05-03:00
0,0,0,0,0,0,2018-08-04 13:00:56-03:00
0,0,0,0,0,0,2018-08-04 13:13:55-03:00
0,3,2,0,0,0,2018-08-01 15:47:11-03:00
0,1,1,0,0,0,2018-08-03 09:44:34-03:00
0,0,0,0,0,0,2018-08-04 14:18:34-03:00
0,4,0,0,1,0,2018-08-04 15:50:33-03:00
0,0,0,0,0,0,2018-08-04 18:21:04-03:00
0,0,0,0,0,0,2018-08-04 18:24:41-03:00
0,0,0,0,0,0,2018-08-04 18:26:21-03:00
0,0,0,0,0,0,2018-08-04 18:37:59-03:00
0,0,0,0,0,0,2018-08-04 18:20:39-03:00
0,4,1,0,0,0,2018-08-04 18:21:16-03:00
0,2,1,0,0,0,2018-08-05 00:09:44-03:00
0,1,1,0,0,0,2018-08-05 11:24:38-03:00
0,1,1,0,0,0,2018-08-05 19:10:22-03:00
0,0,0,0,0,0,2018-08-06 10:21:01-03:00
0,0,0,0,0,0,2018-08-06 10:37:06-03:00
0,1,0,0,0,0,2018-08-06 11:55:05-03:00
0,0,0,0,0,0,2018-08-06 14:09:07-03:00
0,1,0,0,0,0,2018-08-06 15:31:46-03:00
0,0,0,0,0,0,2018-08-06 15:32:26-03:00
0,1,0,0,0,0,2018-08-07 09:59:52-03:00
0,0,0,0,0,0,2018-08-07 10:36:29-03:00
0,0,0,0,0,0,2018-08-07 10:38:42-03:00
0,0,0,0,0,0,2018-08-07 10:39:05-03:00
0,1,1,0,0,0,2018-08-07 10:39:30-03:00
0,0,0,0,0,0,2018-08-07 10:40:07-03:00
0,0,0,0,0,0,2018-08-07 10:36:29-03:00
0,0,0,0,0,0,2018-08-07 10:48:11-03:00
0,0,0,0,0,0,2018-08-07 11:02:01-03:00
0,0,0,0,0,0,2018-08-07 11:27:35-03:00
0,0,0,0,0,0,2018-08-07 11:27:41-03:00
0,1,0,0,0,0,2018-08-07 11:30:17-03:00
0,1,0,0,0,0,2018-08-07 11:30:50-03:00
0,0,0,0,0,0,2018-08-07 11:34:36-03:00
0,0,0,0,0,0,2018-08-07 11:36:17-03:00
0,0,0,0,0,0,2018-08-07 11:37:22-03:00
0,1,0,0,0,0,2018-08-07 11:50:08-03:00
0,0,0,0,0,0,2018-08-07 13:53:54-03:00
0,2,0,0,0,0,2018-08-07 14:16:11-03:00
0,0,0,0,0,0,2018-08-07 14:40:00-03:00
0,0,0,0,0,0,2018-08-07 10:33:08-03:00
0,0,0,0,0,0,2018-08-07 11:07:30-03:00
0,0,0,0,0,0,2018-08-07 14:52:35-03:00
0,0,0,0,0,0,2018-08-07 15:04:43-03:00
0,0,0,0,0,0,2018-08-07 17:19:36-03:00
0,2,1,0,0,0,2018-08-05 00:09:44-03:00
0,1,1,0,0,0,2018-08-05 11:24:38-03:00
0,1,1,0,0,0,2018-08-05 19:10:22-03:00
0,0,0,0,0,0,2018-08-05 19:23:20-03:00
0,0,0,0,0,0,2018-08-05 20:18:24-03:00
0,0,0,0,0,0,2018-08-05 20:19:12-03:00
0,0,0,0,0,0,2018-08-05 20:30:28-03:00
0,0,0,0,0,0,2018-08-05 20:53:26-03:00
0,0,0,0,0,0,2018-08-05 21:09:15-03:00
0,0,0,0,0,0,2018-08-05 21:36:46-03:00
0,0,0,0,0,0,2018-08-05 21:39:34-03:00
0,0,0,0,0,0,2018-08-05 22:13:36-03:00
0,0,0,0,0,0,2018-08-05 22:30:23-03:00
0,0,0,0,0,0,2018-08-05 22:40:43-03:00
0,0,0,0,0,0,2018-08-05 22:51:30-03:00
0,1,1,0,0,0,2018-08-06 02:13:15-03:00
0,0,0,0,0,0,2018-08-06 10:41:09-03:00
0,1,1,0,0,0,2018-08-06 11:38:20-03:00
0,1,1,0,0,0,2018-08-06 16:02:52-03:00
0,1,1,0,0,0,2018-08-07 17:12:35-03:00
0,0,0,0,0,0,2018-08-07 17:26:21-03:00
0,0,0,0,0,0,2018-08-07 17:28:54-03:00
0,0,0,0,0,0,2018-08-07 18:29:24-03:00
0,0,0,0,0,0,2018-08-07 18:35:30-03:00
0,0,0,0,0,0,2018-08-07 18:41:53-03:00
0,0,0,0,0,0,2018-08-07 19:06:16-03:00
0,0,0,0,0,0,2018-08-07 19:09:40-03:00
0,0,0,0,0,0,2018-08-07 19:33:21-03:00
0,0,0,0,0,0,2018-08-07 21:53:03-03:00
0,0,0,0,0,0,2018-08-07 22:42:23-03:00
0,0,1,0,0,0,2018-08-08 01:19:15-03:00
0,1,0,0,0,0,2018-08-08 09:24:43-03:00
0,1,0,0,0,0,2018-08-08 09:36:35-03:00
0,0,0,0,0,0,2018-08-08 10:08:48-03:00
0,0,0,0,0,0,2018-08-08 10:30:29-03:00
0,0,0,0,0,0,2018-08-08 10:42:55-03:00
0,0,0,0,0,0,2018-08-08 10:43:02-03:00
0,0,0,0,0,0,2018-08-08 10:48:36-03:00
0,1,0,0,0,0,2018-08-08 11:26:13-03:00
0,0,0,0,0,0,2018-08-08 11:36:32-03:00
0,0,0,0,0,0,2018-08-08 11:39:04-03:00
0,0,0,0,0,0,2018-08-08 11:53:54-03:00
0,0,0,0,0,0,2018-08-08 12:00:38-03:00
0,1,1,0,0,0,2018-08-08 12:06:48-03:00
0,1,1,0,0,0,2018-08-08 12:12:07-03:00
1,0,0,0,0,0,2018-08-08 13:23:03-03:00
0,0,0,0,0,0,2018-08-08 13:38:55-03:00
0,0,0,0,0,0,2018-08-08 14:05:45-03:00
0,0,0,0,0,0,2018-08-08 14:23:58-03:00
0,0,0,0,0,0,2018-08-08 14:30:41-03:00
0,0,0,0,0,0,2018-08-08 14:47:43-03:00
0,0,0,0,0,0,2018-08-08 14:51:21-03:00
0,0,0,0,0,0,2018-08-08 14:51:26-03:00
0,0,0,0,0,0,2018-08-08 15:04:09-03:00
0,0,0,0,0,0,2018-08-08 15:44:22-03:00
0,0,0,0,0,0,2018-08-08 15:49:25-03:00
0,0,0,0,0,0,2018-08-08 15:50:34-03:00
0,0,0,0,0,0,2018-08-08 15:50:44-03:00
0,0,0,0,0,0,2018-08-08 16:09:03-03:00
0,0,0,0,0,0,2018-08-08 16:09:17-03:00
0,0,0,0,0,0,2018-08-08 16:28:25-03:00
0,0,0,0,0,0,2018-08-08 16:28:31-03:00
0,0,0,0,0,0,2018-08-08 16:35:25-03:00
0,0,0,0,0,0,2018-08-08 17:15:22-03:00
0,0,0,0,0,0,2018-08-08 17:17:06-03:00
0,0,0,0,0,0,2018-08-08 17:17:16-03:00
0,0,0,0,0,0,2018-08-08 17:18:45-03:00
0,0,0,0,0,0,2018-08-08 17:19:42-03:00
0,0,0,0,0,0,2018-08-08 17:29:56-03:00
0,0,0,0,0,0,2018-08-08 18:30:59-03:00
0,0,0,0,0,0,2018-08-08 18:39:05-03:00
0,0,0,0,0,0,2018-08-08 21:01:00-03:00
0,0,0,0,0,0,2018-08-08 21:15:12-03:00
0,0,0,0,0,0,2018-08-08 21:32:56-03:00
0,0,0,0,0,0,2018-08-08 21:50:49-03:00
0,0,0,0,0,0,2018-08-08 22:24:01-03:00
0,0,0,0,0,0,2018-08-08 22:24:18-03:00
0,1,1,0,0,0,2018-08-08 22:25:25-03:00
1,1,1,0,0,0,2018-08-09 00:49:35-03:00
0,0,0,0,0,0,2018-08-09 01:09:35-03:00
0,0,0,0,0,0,2018-08-09 01:24:40-03:00
1,1,1,0,0,0,2018-08-09 01:32:54-03:00
0,0,0,0,0,0,2018-08-09 01:58:33-03:00
0,0,0,0,0,0,2018-08-09 06:52:44-03:00
0,0,0,0,0,0,2018-08-09 06:52:52-03:00
0,1,0,0,0,0,2018-08-09 10:05:38-03:00
0,1,0,0,0,0,2018-08-09 12:09:16-03:00
0,2,0,0,0,0,2018-08-09 12:17:00-03:00
0,0,0,0,0,0,2018-08-09 13:18:16-03:00
1,1,1,0,0,0,2018-08-09 13:19:08-03:00
0,1,0,0,0,0,2018-08-09 12:09:16-03:00
0,0,0,0,0,0,2018-08-09 13:18:16-03:00
0,0,0,0,0,0,2018-08-09 13:30:19-03:00
0,0,0,0,0,0,2018-08-09 13:51:46-03:00
0,0,0,0,0,0,2018-08-09 16:11:05-03:00
1,2,1,0,0,0,2018-08-09 18:43:26-03:00
0,0,0,0,0,0,2018-08-09 19:01:00-03:00
0,0,0,0,0,0,2018-08-09 19:02:46-03:00
0,0,0,0,0,0,2018-08-09 19:08:13-03:00
0,0,0,0,0,0,2018-08-09 19:16:33-03:00
0,0,0,0,0,0,2018-08-09 19:39:12-03:00
1,1,1,0,0,0,2018-08-09 20:09:00-03:00
0,0,0,0,0,0,2018-08-09 20:30:01-03:00
0,0,0,0,0,0,2018-08-09 20:37:05-03:00
0,0,0,0,0,0,2018-08-09 20:42:33-03:00
0,0,0,0,0,0,2018-08-09 21:00:53-03:00
0,0,0,0,0,0,2018-08-09 21:09:01-03:00
0,1,0,0,0,0,2018-08-09 21:10:10-03:00
0,0,0,0,0,0,2018-08-09 21:10:18-03:00
0,1,0,0,0,0,2018-08-09 21:20:52-03:00
0,0,0,0,0,0,2018-08-09 21:26:54-03:00
0,0,0,0,0,0,2018-08-09 21:34:09-03:00
0,0,0,0,0,0,2018-08-09 21:40:02-03:00
1,1,1,0,0,0,2018-08-09 22:37:14-03:00
2,2,1,0,0,0,2018-08-09 23:49:12-03:00
0,0,0,0,0,0,2018-08-09 23:51:48-03:00
0,0,0,0,0,0,2018-08-10 00:03:18-03:00
0,0,0,0,0,0,2018-08-10 00:25:11-03:00
0,0,0,0,0,0,2018-08-10 00:36:35-03:00
1,5,1,0,0,0,2018-08-10 00:59:28-03:00
0,0,0,0,0,0,2018-08-10 01:04:28-03:00
0,0,0,0,0,0,2018-08-10 01:23:12-03:00
1,1,1,0,0,0,2018-08-10 08:21:04-03:00
1,1,1,0,0,0,2018-08-10 08:30:35-03:00
0,1,0,0,0,0,2018-08-10 09:04:10-03:00
0,1,0,0,0,0,2018-08-10 09:08:54-03:00
0,0,0,0,0,0,2018-08-10 11:27:02-03:00
0,0,0,0,0,0,2018-08-10 11:50:40-03:00
0,0,0,0,0,0,2018-08-10 12:55:15-03:00
0,1,0,0,0,0,2018-08-10 13:36:25-03:00
0,1,0,0,0,0,2018-08-10 13:37:50-03:00
0,0,0,0,0,0,2018-08-10 18:29:36-03:00
0,0,0,0,0,0,2018-08-10 18:30:21-03:00
0,0,0,0,0,0,2018-08-11 08:06:17-03:00
0,0,0,0,0,0,2018-08-11 08:07:06-03:00
0,0,0,0,0,0,2018-08-11 09:12:23-03:00
0,0,0,0,0,0,2018-08-11 09:16:44-03:00
0,0,0,0,0,0,2018-08-11 13:42:51-03:00
0,0,0,0,0,0,2018-08-11 13:49:52-03:00
0,0,0,0,0,0,2018-08-11 15:39:13-03:00
0,0,0,0,0,0,2018-08-11 16:10:13-03:00
0,1,0,0,1,0,2018-08-12 09:55:47-03:00
1,1,0,0,1,0,2018-08-12 14:24:18-03:00
0,0,0,0,0,0,2018-08-12 14:27:16-03:00
0,0,0,0,0,0,2018-08-12 12:26:23-03:00
0,0,0,0,0,0,2018-08-12 14:34:48-03:00
0,0,0,0,0,0,2018-08-12 18:55:39-03:00
0,0,0,0,0,0,2018-08-12 18:56:04-03:00
0,0,0,0,0,0,2018-08-12 22:54:50-03:00
0,0,0,0,0,0,2018-08-12 23:07:22-03:00
0,0,0,0,0,0,2018-08-12 23:16:35-03:00
0,1,0,0,0,0,2018-08-13 11:22:56-03:00
0,1,0,0,0,0,2018-08-13 13:04:43-03:00
0,0,0,0,0,0,2018-08-13 14:01:03-03:00
0,0,0,0,0,0,2018-08-13 14:01:17-03:00
0,0,0,0,0,0,2018-08-13 15:15:20-03:00
0,0,0,0,0,0,2018-08-13 15:24:05-03:00
0,1,0,0,0,0,2018-08-13 15:36:02-03:00
0,0,0,0,0,0,2018-08-13 15:36:34-03:00
0,1,0,0,0,0,2018-08-13 16:32:35-03:00
0,0,0,0,0,0,2018-08-13 16:40:54-03:00
0,0,0,0,0,0,2018-08-13 17:08:59-03:00
0,0,0,0,0,0,2018-08-13 17:09:09-03:00
0,0,0,0,0,0,2018-08-13 18:15:51-03:00
0,2,0,0,0,0,2018-08-13 22:09:03-03:00
0,0,0,0,0,0,2018-08-13 22:33:55-03:00
0,0,0,0,0,0,2018-08-13 22:34:07-03:00
0,1,0,0,0,0,2018-08-13 22:40:05-03:00
0,1,0,0,0,0,2018-08-13 23:16:57-03:00
0,0,0,0,0,0,2018-08-14 00:27:04-03:00
0,0,0,0,0,0,2018-08-14 00:27:20-03:00
0,0,0,0,0,0,2018-08-14 01:56:57-03:00
0,0,0,0,0,0,2018-08-14 02:23:36-03:00
1,1,1,0,0,0,2018-08-13 23:00:53-03:00
0,0,0,0,0,0,2018-08-14 09:49:08-03:00
0,1,0,0,0,0,2018-08-14 09:50:43-03:00
0,0,0,0,0,0,2018-08-14 10:03:12-03:00
0,0,0,0,0,0,2018-08-14 10:11:30-03:00
0,0,0,0,0,0,2018-08-14 10:16:00-03:00
0,0,0,0,0,0,2018-08-14 10:41:27-03:00
0,0,0,0,0,0,2018-08-14 10:50:16-03:00
0,1,0,0,0,0,2018-08-14 11:41:07-03:00
0,0,0,0,0,0,2018-08-14 11:52:28-03:00
0,1,0,0,0,0,2018-08-14 12:07:16-03:00
0,0,0,0,0,0,2018-08-14 12:15:22-03:00
0,0,0,0,0,0,2018-08-14 12:22:59-03:00
0,0,0,0,0,0,2018-08-14 12:23:14-03:00
0,0,0,0,0,0,2018-08-14 14:16:33-03:00
0,2,0,0,0,0,2018-08-14 14:35:07-03:00
0,0,0,0,0,0,2018-08-14 14:39:41-03:00
0,0,0,0,0,0,2018-08-14 14:40:02-03:00
0,1,0,0,0,0,2018-08-14 15:17:41-03:00
0,0,0,0,0,0,2018-08-14 15:37:56-03:00
0,0,0,0,0,0,2018-08-15 10:17:17-03:00
0,0,0,0,0,0,2018-08-15 10:17:45-03:00
0,0,0,0,0,0,2018-08-15 10:29:49-03:00
0,0,0,0,0,0,2018-08-15 10:30:11-03:00
0,0,0,0,0,0,2018-08-15 10:50:36-03:00
0,2,0,0,0,0,2018-08-15 11:14:00-03:00
0,0,0,0,0,0,2018-08-15 11:12:12-03:00
0,0,0,0,0,0,2018-08-15 11:21:53-03:00
0,0,0,0,0,0,2018-08-15 11:21:58-03:00
0,2,0,0,0,0,2018-08-15 11:31:58-03:00
0,0,0,0,0,0,2018-08-15 12:00:33-03:00
0,0,0,0,0,0,2018-08-15 11:56:44-03:00
0,0,0,0,0,0,2018-08-15 11:57:43-03:00
0,0,0,0,0,0,2018-08-15 12:10:38-03:00
0,0,0,0,0,0,2018-08-15 12:12:59-03:00
0,0,0,0,0,0,2018-08-15 12:48:11-03:00
0,0,0,0,0,0,2018-08-15 12:54:34-03:00
0,0,0,0,0,0,2018-08-15 12:54:57-03:00
0,0,0,0,0,0,2018-08-15 13:00:42-03:00
0,1,0,0,0,0,2018-08-15 13:12:41-03:00
0,0,0,0,0,0,2018-08-15 13:13:12-03:00
0,0,0,0,0,0,2018-08-15 13:20:47-03:00
0,0,0,0,0,0,2018-08-15 13:23:42-03:00
0,0,0,0,0,0,2018-08-15 13:40:17-03:00
0,1,0,0,0,0,2018-08-15 14:38:25-03:00
0,0,0,0,0,0,2018-08-15 14:45:54-03:00
0,0,0,0,0,0,2018-08-15 15:58:52-03:00
0,0,0,0,0,0,2018-08-15 16:09:57-03:00
0,0,0,0,0,0,2018-08-15 16:39:42-03:00
0,0,0,0,0,0,2018-08-15 16:48:36-03:00
0,0,0,0,0,0,2018-08-15 17:57:06-03:00
0,0,0,0,0,0,2018-08-15 17:57:23-03:00
0,0,0,0,0,0,2018-08-16 10:15:56-03:00
0,0,0,0,0,0,2018-08-16 10:24:03-03:00
1,1,1,0,0,0,2018-08-16 10:35:29-03:00
0,0,0,0,0,0,2018-08-16 11:15:37-03:00
0,0,0,0,0,0,2018-08-16 11:18:24-03:00
0,1,0,0,0,0,2018-08-16 12:39:47-03:00
0,1,0,0,0,0,2018-08-16 13:06:22-03:00
0,0,0,0,0,0,2018-08-16 14:06:49-03:00
0,1,0,0,0,0,2018-08-16 14:10:09-03:00
0,0,0,0,0,0,2018-08-16 15:54:14-03:00
0,0,0,0,0,0,2018-08-16 15:54:33-03:00
0,0,0,0,0,0,2018-08-16 11:00:39-03:00
0,0,0,0,0,0,2018-08-16 15:59:18-03:00
0,0,0,0,0,0,2018-08-16 16:11:04-03:00
0,0,0,0,0,0,2018-08-17 10:31:03-03:00
0,0,0,0,0,0,2018-08-17 12:44:07-03:00
0,0,0,0,0,0,2018-08-17 12:48:59-03:00
0,0,0,0,0,0,2018-08-17 15:01:00-03:00
1,1,1,0,0,0,2018-08-17 10:04:24-03:00
1,2,0,0,1,0,2018-08-17 10:05:15-03:00
1,1,1,0,0,0,2018-08-17 16:13:59-03:00
0,0,0,0,0,0,2018-08-17 16:41:01-03:00
0,0,0,0,0,0,2018-08-17 16:41:30-03:00
0,0,0,0,0,0,2018-08-17 19:37:39-03:00
0,0,0,0,0,0,2018-08-17 19:46:47-03:00
1,1,1,0,0,0,2018-08-17 21:29:13-03:00
0,0,0,0,0,0,2018-08-17 21:29:26-03:00
0,0,0,0,0,0,2018-08-18 08:28:59-03:00
0,0,0,0,0,0,2018-08-18 15:13:27-03:00
0,0,0,0,0,0,2018-08-18 15:14:45-03:00
1,2,2,0,0,0,2018-08-18 15:54:55-03:00
1,1,1,0,0,0,2018-08-18 16:15:16-03:00
0,0,0,0,0,0,2018-08-18 16:27:53-03:00
0,0,0,0,0,0,2018-08-18 16:29:48-03:00
0,0,0,0,0,0,2018-08-18 16:48:40-03:00
0,0,0,0,0,0,2018-08-18 17:09:17-03:00
0,0,0,0,0,0,2018-08-18 17:17:03-03:00
0,0,0,0,0,0,2018-08-18 17:17:09-03:00
0,0,1,0,0,0,2018-08-18 17:21:57-03:00
0,0,0,0,0,0,2018-08-18 17:25:34-03:00
1,1,1,0,0,0,2018-08-18 21:03:31-03:00
0,0,0,0,0,0,2018-08-18 21:04:20-03:00
1,1,1,0,0,0,2018-08-18 21:09:35-03:00
0,0,0,0,0,0,2018-08-18 21:18:56-03:00
0,0,0,0,0,0,2018-08-18 21:36:18-03:00
0,0,0,0,0,0,2018-08-18 22:22:06-03:00
0,0,0,0,0,0,2018-08-18 22:23:27-03:00
0,0,0,0,0,0,2018-08-18 22:25:35-03:00
0,0,0,0,0,0,2018-08-18 22:26:01-03:00
1,1,1,0,0,0,2018-08-18 22:38:30-03:00
0,0,0,0,0,0,2018-08-18 22:38:59-03:00
0,0,0,0,0,0,2018-08-18 22:26:01-03:00
0,0,0,0,0,0,2018-08-18 17:58:54-03:00
0,2,0,0,0,0,2018-08-18 21:40:46-03:00
0,0,0,0,0,0,2018-08-18 22:19:51-03:00
1,1,2,0,0,0,2018-08-18 22:51:36-03:00
1,1,1,0,0,0,2018-08-18 22:54:29-03:00
0,0,0,0,0,0,2018-08-18 23:04:47-03:00
0,0,0,0,0,0,2018-08-18 23:31:12-03:00
0,0,0,0,0,0,2018-08-19 10:09:47-03:00
0,1,0,0,0,0,2018-08-19 15:23:31-03:00
0,0,0,0,0,0,2018-08-20 09:50:31-03:00
0,0,0,0,0,0,2018-08-20 10:40:16-03:00
1,1,1,0,0,0,2018-08-20 10:52:24-03:00
1,1,1,0,0,0,2018-08-20 11:16:49-03:00
0,0,0,0,0,0,2018-08-20 12:26:46-03:00
0,0,0,0,0,0,2018-08-20 12:54:42-03:00
0,1,0,0,0,0,2018-08-20 12:58:38-03:00
0,0,0,0,0,0,2018-08-20 13:30:13-03:00
0,0,0,0,0,0,2018-08-20 14:05:08-03:00
0,0,0,0,0,0,2018-08-20 14:05:23-03:00
0,0,0,0,0,0,2018-08-20 14:05:30-03:00
0,0,0,0,0,0,2018-08-20 14:05:54-03:00
0,0,0,0,0,0,2018-08-20 14:12:46-03:00
0,0,0,0,0,0,2018-08-20 14:15:02-03:00
0,0,0,0,0,0,2018-08-20 14:15:08-03:00
0,0,0,0,0,0,2018-08-20 14:16:24-03:00
0,0,0,0,0,0,2018-08-20 14:16:36-03:00
0,0,0,0,0,0,2018-08-20 14:23:13-03:00
0,0,0,0,0,0,2018-08-20 14:43:14-03:00
0,0,0,0,0,0,2018-08-20 14:43:26-03:00
0,0,0,0,0,0,2018-08-20 14:47:36-03:00
0,0,0,0,0,0,2018-08-20 15:28:21-03:00
0,0,0,0,0,0,2018-08-20 15:28:31-03:00
0,0,0,0,0,0,2018-08-20 16:19:13-03:00
0,0,0,0,0,0,2018-08-20 16:27:57-03:00
0,0,0,0,0,0,2018-08-20 16:44:11-03:00
0,0,0,0,0,0,2018-08-20 16:59:24-03:00
0,0,0,0,0,0,2018-08-20 17:14:08-03:00
0,0,0,0,0,0,2018-08-20 18:29:17-03:00
0,1,0,0,0,0,2018-08-20 18:33:08-03:00
0,0,0,0,0,0,2018-08-20 20:01:56-03:00
0,0,0,0,0,0,2018-08-20 20:15:16-03:00
0,0,0,0,0,0,2018-08-20 20:22:45-03:00
0,0,0,0,0,0,2018-08-20 21:35:57-03:00
0,0,0,0,0,0,2018-08-20 23:14:54-03:00
0,0,0,0,0,0,2018-08-20 23:40:33-03:00
0,0,0,0,0,0,2018-08-21 00:02:53-03:00
0,0,0,0,0,0,2018-08-21 00:15:20-03:00
0,0,0,0,0,0,2018-08-21 09:31:22-03:00
0,0,0,0,0,0,2018-08-21 11:22:49-03:00
0,0,0,0,0,0,2018-08-21 11:37:03-03:00
0,0,0,0,0,0,2018-08-21 11:40:18-03:00
0,0,0,0,0,0,2018-08-21 12:04:00-03:00
0,0,0,0,0,0,2018-08-21 12:22:32-03:00
0,0,0,0,0,0,2018-08-21 13:05:48-03:00
0,0,0,0,0,0,2018-08-21 13:43:09-03:00
0,0,0,0,0,0,2018-08-21 13:43:14-03:00
0,0,0,0,0,0,2018-08-21 13:43:21-03:00
0,0,0,0,0,0,2018-08-21 13:44:15-03:00
0,0,0,0,0,0,2018-08-21 13:55:15-03:00
0,0,0,0,0,0,2018-08-21 14:27:26-03:00
0,0,0,0,0,0,2018-08-21 14:29:07-03:00
0,0,0,0,0,0,2018-08-21 14:29:24-03:00
0,0,0,0,0,0,2018-08-21 14:57:44-03:00
0,0,0,0,0,0,2018-08-21 15:01:21-03:00
0,1,0,0,0,0,2018-08-21 15:15:19-03:00
0,0,0,0,0,0,2018-08-21 15:19:16-03:00
0,0,0,0,0,0,2018-08-21 15:19:36-03:00
0,0,0,0,0,0,2018-08-21 15:22:27-03:00
0,0,0,0,0,0,2018-08-21 15:24:20-03:00
0,1,0,0,0,0,2018-08-21 15:32:16-03:00
0,0,0,0,0,0,2018-08-21 15:48:02-03:00
0,0,0,0,0,0,2018-08-21 15:48:34-03:00
0,1,0,0,0,0,2018-08-21 15:54:46-03:00
0,0,0,0,0,0,2018-08-21 15:55:11-03:00
0,0,0,0,0,0,2018-08-21 16:35:36-03:00
0,0,0,0,0,0,2018-08-21 16:51:02-03:00
0,0,0,0,0,0,2018-08-21 17:10:49-03:00
0,0,0,0,0,0,2018-08-22 08:11:37-03:00
1,1,1,0,0,0,2018-08-22 08:12:09-03:00
0,0,0,0,0,0,2018-08-22 09:52:35-03:00
0,0,0,0,0,0,2018-08-22 10:00:41-03:00
0,0,0,0,0,0,2018-08-22 10:15:24-03:00
0,0,0,0,0,0,2018-08-22 10:15:54-03:00
0,0,0,0,0,0,2018-08-22 10:27:46-03:00
0,0,0,0,0,0,2018-08-22 10:38:56-03:00
0,0,0,0,0,0,2018-08-22 10:56:56-03:00
0,0,0,0,0,0,2018-08-22 11:11:11-03:00
0,0,0,0,0,0,2018-08-22 11:14:59-03:00
0,0,0,0,0,0,2018-08-22 10:25:37-03:00
0,0,0,0,0,0,2018-08-22 11:59:13-03:00
0,0,0,0,0,0,2018-08-22 12:07:53-03:00
0,0,0,0,0,0,2018-08-22 12:09:16-03:00
0,0,0,0,0,0,2018-08-22 13:02:03-03:00
0,0,0,0,0,0,2018-08-22 13:20:03-03:00
0,0,0,0,0,0,2018-08-22 13:24:48-03:00
0,0,0,0,0,0,2018-08-22 14:03:39-03:00
0,0,0,0,0,0,2018-08-22 14:35:35-03:00
0,0,0,0,0,0,2018-08-22 15:37:01-03:00
0,1,0,0,0,0,2018-08-22 16:24:08-03:00
0,0,0,0,0,0,2018-08-22 18:18:25-03:00
0,1,0,0,0,0,2018-08-23 09:09:56-03:00
0,0,0,0,0,0,2018-08-22 18:43:54-03:00
0,1,0,0,0,0,2018-08-23 11:22:05-03:00
0,0,0,0,0,0,2018-08-23 12:01:16-03:00
0,0,0,0,0,0,2018-08-23 12:05:07-03:00
0,0,0,0,0,0,2018-08-23 12:11:25-03:00
0,0,0,0,0,0,2018-08-23 12:27:30-03:00
0,0,0,0,0,0,2018-08-23 12:41:12-03:00
0,0,0,0,0,0,2018-08-23 12:41:45-03:00
0,0,0,0,0,0,2018-08-23 13:06:48-03:00
0,1,0,0,0,0,2018-08-23 13:23:49-03:00
0,0,0,0,0,0,2018-08-23 14:52:43-03:00
0,0,0,0,0,0,2018-08-23 18:20:44-03:00
0,1,0,0,0,0,2018-08-24 13:22:53-03:00
1,1,1,0,0,0,2018-08-24 13:49:02-03:00
0,0,0,0,0,0,2018-08-24 14:22:05-03:00
0,0,0,0,0,0,2018-08-24 14:22:28-03:00
0,0,0,0,0,0,2018-08-24 14:43:56-03:00
0,1,0,0,0,0,2018-08-24 15:04:24-03:00
0,1,0,0,0,0,2018-08-24 15:17:37-03:00
0,0,0,0,0,0,2018-08-24 17:30:20-03:00
0,0,0,0,0,0,2018-08-24 18:28:14-03:00
1,1,1,0,0,0,2018-08-24 20:59:40-03:00
0,0,0,0,0,0,2018-08-24 21:28:23-03:00
0,0,0,0,0,0,2018-08-24 21:29:32-03:00
0,0,0,0,0,0,2018-08-24 21:35:38-03:00
0,0,0,0,0,0,2018-08-24 21:36:05-03:00
0,0,0,0,0,0,2018-08-24 21:39:47-03:00
0,0,0,0,0,0,2018-08-24 21:40:48-03:00
0,0,0,0,0,0,2018-08-24 21:41:34-03:00
0,0,0,0,0,0,2018-08-24 21:59:58-03:00
0,0,0,0,0,0,2018-08-24 21:59:58-03:00
0,0,0,0,0,0,2018-08-24 23:25:14-03:00
0,0,0,0,0,0,2018-08-24 23:43:56-03:00
0,0,0,0,0,0,2018-08-24 23:26:12-03:00
0,0,0,0,0,0,2018-08-27 01:01:51-03:00
0,3,0,0,0,0,2018-08-27 02:10:09-03:00
0,1,0,0,0,0,2018-08-27 02:10:09-03:00
0,0,0,0,0,0,2018-08-27 10:20:21-03:00
0,0,0,0,0,0,2018-08-27 10:51:20-03:00
0,0,0,0,0,0,2018-08-27 11:52:59-03:00
0,0,0,0,0,0,2018-08-27 11:56:31-03:00
0,1,0,0,0,0,2018-08-27 11:46:45-03:00
0,0,0,0,0,0,2018-08-27 18:00:10-03:00
0,0,0,0,0,0,2018-08-27 21:52:16-03:00
0,0,0,0,0,0,2018-08-27 11:46:40-03:00
1,1,0,0,0,0,2018-08-27 11:48:56-03:00
0,0,0,0,0,0,2018-08-27 12:13:04-03:00
0,0,0,0,0,0,2018-08-27 18:12:06-03:00
0,0,0,0,0,0,2018-08-28 00:43:21-03:00
0,0,0,0,0,0,2018-08-28 00:44:16-03:00
0,2,0,0,0,0,2018-08-28 02:40:30-03:00
0,0,0,0,0,0,2018-08-28 02:42:02-03:00
0,1,0,0,0,0,2018-08-28 03:03:57-03:00
0,1,0,0,0,0,2018-08-28 03:24:05-03:00
0,0,0,0,0,0,2018-08-28 03:39:20-03:00
0,1,0,0,0,0,2018-08-28 04:30:30-03:00
0,0,0,0,0,0,2018-08-28 09:02:45-03:00
0,0,0,0,0,0,2018-08-28 09:08:12-03:00
0,0,0,0,0,0,2018-08-28 09:48:14-03:00
0,0,0,0,0,0,2018-08-28 10:14:49-03:00
0,0,0,0,0,0,2018-08-28 10:37:43-03:00
0,0,0,0,0,0,2018-08-28 10:44:25-03:00
0,0,0,0,0,0,2018-08-28 11:20:29-03:00
0,0,0,0,0,0,2018-08-28 11:26:39-03:00
0,0,0,0,0,0,2018-08-28 11:24:14-03:00
0,0,0,0,0,0,2018-08-28 11:31:41-03:00
0,0,0,0,0,0,2018-08-28 12:08:26-03:00
0,0,0,0,0,0,2018-08-28 12:13:58-03:00
0,0,0,0,0,0,2018-08-28 12:25:38-03:00
0,1,0,0,0,0,2018-08-28 12:54:58-03:00
0,0,0,0,0,0,2018-08-28 13:08:17-03:00
0,1,0,0,0,0,2018-08-28 14:22:50-03:00
0,0,0,0,0,0,2018-08-28 14:22:58-03:00
0,0,0,0,0,0,2018-08-28 14:21:36-03:00
0,0,0,0,0,0,2018-08-28 14:37:31-03:00
0,1,0,0,0,0,2018-08-28 15:01:16-03:00
0,0,0,0,0,0,2018-08-28 15:19:09-03:00
0,0,0,0,0,0,2018-08-28 20:49:55-03:00
0,0,0,0,0,0,2018-08-28 21:34:36-03:00
0,0,0,0,0,0,2018-08-28 21:51:20-03:00
0,0,0,0,0,0,2018-08-29 08:26:22-03:00
0,0,0,0,0,0,2018-08-29 08:28:58-03:00
0,0,0,0,0,0,2018-08-29 08:26:29-03:00
1,1,1,0,0,0,2018-08-31 18:22:22-03:00
1,2,0,0,1,0,2018-08-27 19:07:31-03:00
0,1,0,0,0,0,2018-08-27 23:26:19-03:00
0,1,1,1,1,0,2018-08-30 00:24:27-03:00
0,0,0,0,0,0,2018-08-30 00:38:55-03:00
0,1,1,1,1,0,2018-08-30 00:41:15-03:00
0,0,0,0,0,0,2018-08-30 00:44:12-03:00
0,0,0,0,0,0,2018-08-30 00:52:58-03:00
0,0,0,0,0,0,2018-08-31 20:04:45-03:00
0,1,1,1,1,0,2018-09-01 00:59:40-03:00
0,0,0,0,0,0,2018-09-01 01:55:30-03:00
0,0,0,0,0,0,2018-08-31 21:34:04-03:00
0,0,0,0,0,0,2018-08-31 22:29:46-03:00
0,0,0,0,0,0,2018-09-01 13:14:32-03:00
0,4,0,0,0,0,2018-09-02 23:57:28-03:00
0,2,0,0,0,0,2018-09-03 07:55:28-03:00
0,0,0,0,0,0,2018-09-03 11:50:55-03:00
0,0,0,0,0,0,2018-09-03 14:59:59-03:00
0,0,0,0,0,0,2018-09-03 15:19:46-03:00
0,0,0,0,0,0,2018-09-03 15:20:19-03:00
0,0,0,0,0,0,2018-09-03 15:33:28-03:00
0,0,0,0,0,0,2018-09-03 15:49:27-03:00
0,0,0,0,0,0,2018-09-03 22:08:13-03:00
0,0,0,0,0,0,2018-09-04 10:42:57-03:00
0,0,0,0,0,0,2018-09-06 14:04:49-03:00
0,0,0,0,0,0,2018-09-10 08:49:55-03:00
0,0,0,0,0,0,2018-09-10 08:53:08-03:00
0,0,0,0,0,0,2018-09-10 14:23:36-03:00
0,0,0,0,0,0,2018-09-07 19:46:13-03:00
0,0,0,0,0,0,2018-09-07 19:46:40-03:00
0,0,0,0,0,0,2018-09-07 19:47:26-03:00
0,1,0,0,0,0,2018-09-07 19:48:37-03:00
1,3,0,0,0,0,2018-09-07 19:49:12-03:00
0,1,0,0,0,0,2018-09-07 19:57:04-03:00
0,0,0,0,0,0,2018-09-07 20:05:20-03:00
0,2,0,0,0,0,2018-09-08 19:52:24-03:00
0,1,1,0,0,0,2018-09-08 19:57:41-03:00
0,1,0,0,0,0,2018-09-08 22:31:25-03:00
0,3,0,0,0,0,2018-09-08 22:32:57-03:00
0,1,0,0,0,0,2018-09-08 22:38:39-03:00
0,3,0,0,0,0,2018-09-08 23:11:24-03:00
0,2,0,0,0,0,2018-09-08 23:32:54-03:00
0,0,0,0,0,0,2018-09-10 17:47:24-03:00
0,0,0,0,0,0,2018-09-10 20:20:49-03:00
0,1,0,0,0,0,2018-09-10 20:22:38-03:00
0,1,0,0,0,0,2018-09-10 20:30:53-03:00
0,0,0,0,0,0,2018-09-10 16:21:12-03:00
0,0,0,0,0,0,2018-09-11 10:36:51-03:00
0,0,0,0,0,0,2018-09-11 21:54:51-03:00
0,0,0,0,0,0,2018-09-11 21:56:22-03:00
0,0,0,0,0,0,2018-09-11 22:30:28-03:00
0,0,0,0,0,0,2018-09-12 10:41:36-03:00
1,1,0,0,0,0,2018-09-12 11:33:34-03:00
0,0,0,0,0,0,2018-09-12 11:56:08-03:00
0,0,0,0,0,0,2018-09-12 12:15:12-03:00
0,0,0,0,0,0,2018-09-12 12:58:42-03:00
0,0,0,0,0,0,2018-09-12 13:02:10-03:00
0,0,0,0,0,0,2018-09-12 16:31:53-03:00
0,0,0,0,0,0,2018-09-12 17:23:13-03:00
0,0,0,0,0,0,2018-09-10 13:40:17-03:00
0,0,0,0,0,0,2018-09-14 15:12:52-03:00
0,0,0,0,0,0,2018-09-14 16:22:13-03:00
0,0,0,0,0,0,2018-09-14 16:33:28-03:00
0,1,0,0,0,0,2018-09-14 16:53:27-03:00
0,0,0,0,0,0,2018-09-17 10:29:24-03:00
0,0,0,0,0,0,2018-09-17 10:51:28-03:00
0,0,0,0,0,0,2018-09-17 10:56:08-03:00
0,0,0,0,0,0,2018-09-17 11:20:34-03:00
0,0,0,0,0,0,2018-09-17 11:45:35-03:00
0,0,0,0,0,0,2018-09-17 13:07:16-03:00
0,0,0,0,0,0,2018-09-17 13:17:13-03:00
0,0,0,0,0,0,2018-09-17 13:43:42-03:00
0,0,0,0,0,0,2018-09-17 13:47:28-03:00
0,1,0,0,0,0,2018-09-17 14:13:05-03:00
0,0,0,0,0,0,2018-09-17 14:19:19-03:00
0,0,0,0,0,0,2018-09-17 14:31:24-03:00
0,0,0,0,0,0,2018-09-17 14:31:24-03:00
0,0,0,0,0,0,2018-09-17 14:31:24-03:00
0,0,0,0,0,0,2018-09-17 14:38:14-03:00
0,0,0,0,0,0,2018-09-17 14:31:24-03:00
0,0,0,0,0,0,2018-09-17 14:39:30-03:00
0,0,0,0,0,0,2018-09-17 14:31:24-03:00
0,0,0,0,0,0,2018-09-17 14:41:17-03:00
0,0,0,0,0,0,2018-09-17 14:42:27-03:00
0,0,0,0,0,0,2018-09-17 14:48:53-03:00
0,0,0,0,0,0,2018-09-17 14:51:40-03:00
0,0,0,0,0,0,2018-09-17 14:53:22-03:00
0,0,0,0,0,0,2018-09-17 15:25:19-03:00
0,0,0,0,0,0,2018-09-17 15:25:58-03:00
0,0,0,0,0,0,2018-09-10 13:40:17-03:00
0,0,0,0,0,0,2018-09-17 15:37:48-03:00
0,0,0,0,0,0,2018-09-17 15:40:58-03:00
0,0,0,0,0,0,2018-09-17 15:41:27-03:00
0,0,0,0,0,0,2018-09-17 15:42:46-03:00
0,1,0,0,0,0,2018-09-17 15:43:18-03:00
0,0,0,0,0,0,2018-09-17 16:02:11-03:00
0,0,0,0,0,0,2018-09-17 16:09:47-03:00
0,0,0,0,0,0,2018-09-17 16:25:04-03:00
0,0,0,0,0,0,2018-09-17 16:25:24-03:00
0,0,0,0,0,0,2018-09-17 17:00:55-03:00
0,0,0,0,0,0,2018-09-17 17:30:00-03:00
0,0,0,0,0,0,2018-09-17 17:33:00-03:00
0,0,0,0,0,0,2018-09-17 17:33:58-03:00
0,0,0,0,0,0,2018-09-17 17:38:57-03:00
0,0,0,0,0,0,2018-09-17 20:21:10-03:00
0,0,0,0,0,0,2018-09-17 20:38:05-03:00
0,0,0,0,0,0,2018-09-17 22:02:11-03:00
0,1,0,0,0,0,2018-09-18 10:54:17-03:00
0,0,0,0,0,0,2018-09-18 10:55:02-03:00
0,0,0,0,0,0,2018-09-18 11:02:17-03:00
0,0,0,0,0,0,2018-09-18 11:18:36-03:00
0,1,0,0,0,0,2018-09-18 12:25:09-03:00
0,0,0,0,0,0,2018-09-18 14:39:59-03:00
0,1,0,0,0,0,2018-09-18 15:07:03-03:00
0,0,0,0,0,0,2018-09-18 20:00:34-03:00
0,0,0,0,0,0,2018-09-18 20:29:47-03:00
0,0,0,0,0,0,2018-09-18 22:07:51-03:00
0,0,0,0,0,0,2018-09-18 22:16:07-03:00
0,0,0,0,0,0,2018-09-18 22:36:24-03:00
0,0,0,0,0,0,2018-09-19 08:26:07-03:00
0,0,0,0,0,0,2018-09-19 08:27:55-03:00
0,0,0,0,0,0,2018-09-10 13:40:17-03:00
0,0,0,0,0,0,2018-09-19 09:42:17-03:00
0,0,0,0,0,0,2018-09-19 10:12:14-03:00
0,0,0,0,0,0,2018-09-19 10:27:43-03:00
0,0,0,0,0,0,2018-09-19 11:14:21-03:00
0,0,0,0,0,0,2018-09-19 11:35:52-03:00
0,0,0,0,0,0,2018-09-19 12:15:41-03:00
0,0,0,0,0,0,2018-09-19 12:24:11-03:00
0,1,0,0,0,0,2018-09-19 12:34:44-03:00
0,1,0,0,0,0,2018-09-19 13:55:42-03:00
0,0,0,0,0,0,2018-09-19 14:30:55-03:00
0,1,0,0,0,0,2018-09-19 14:36:15-03:00
0,1,0,0,0,0,2018-09-19 14:51:28-03:00
0,0,0,0,0,0,2018-09-19 15:04:46-03:00
0,0,0,0,0,0,2018-09-19 15:05:05-03:00
0,0,0,0,0,0,2018-09-19 15:21:33-03:00
0,0,0,0,0,0,2018-09-19 15:22:22-03:00
0,0,0,0,0,0,2018-09-19 15:48:54-03:00
0,0,0,0,0,0,2018-09-19 16:37:20-03:00
0,0,0,0,0,0,2018-09-19 16:20:33-03:00
0,0,0,0,0,0,2018-09-19 18:36:24-03:00
0,0,0,0,0,0,2018-09-19 19:12:20-03:00
0,0,0,0,0,0,2018-09-19 19:12:42-03:00
0,0,0,0,0,0,2018-09-19 19:41:09-03:00
0,1,0,0,0,0,2018-09-20 10:59:44-03:00
0,0,0,0,0,0,2018-09-20 11:28:02-03:00
0,0,0,0,0,0,2018-09-20 11:28:02-03:00
0,0,0,0,0,0,2018-09-20 12:15:11-03:00
0,1,0,0,0,0,2018-09-20 12:16:34-03:00
0,0,0,0,0,0,2018-09-20 12:16:54-03:00
0,0,0,0,0,0,2018-09-20 12:29:14-03:00
0,0,0,0,0,0,2018-09-20 14:38:11-03:00
0,0,0,0,0,0,2018-09-23 20:04:50-03:00
0,0,0,0,0,0,2018-09-23 20:07:41-03:00
0,0,0,0,0,0,2018-09-23 20:17:14-03:00
0,0,0,0,0,0,2018-09-23 20:49:04-03:00
0,0,0,0,0,0,2018-09-23 20:55:50-03:00
0,0,0,0,0,0,2018-09-23 21:39:49-03:00
0,0,0,0,0,0,2018-09-23 23:27:44-03:00
0,0,0,0,0,0,2018-09-24 08:04:38-03:00
0,0,0,0,0,0,2018-09-24 10:03:35-03:00
0,0,0,0,0,0,2018-09-24 10:05:59-03:00
0,0,0,0,0,0,2018-09-24 10:09:15-03:00
0,0,0,0,0,0,2018-09-24 10:09:31-03:00
0,0,0,0,0,0,2018-09-24 10:13:31-03:00
0,0,0,0,0,0,2018-09-24 11:56:05-03:00
0,0,0,0,0,0,2018-09-24 11:57:00-03:00
0,0,0,0,0,0,2018-09-24 13:26:54-03:00
0,0,0,0,0,0,2018-09-24 13:01:03-03:00
0,0,0,0,0,0,2018-09-24 13:45:06-03:00
0,0,0,0,0,0,2018-09-24 15:36:10-03:00
0,0,0,0,0,0,2018-09-24 15:57:00-03:00
0,0,0,0,0,0,2018-09-24 23:08:44-03:00
0,0,0,0,0,0,2018-09-24 16:58:28-03:00
0,0,0,0,0,0,2018-09-25 08:05:26-03:00
0,0,0,0,0,0,2018-09-25 08:11:36-03:00
0,0,0,0,0,0,2018-09-25 08:21:57-03:00
0,1,0,0,0,0,2018-09-25 08:51:23-03:00
0,0,0,0,0,0,2018-09-25 10:55:38-03:00
0,0,0,0,0,0,2018-09-25 10:55:46-03:00
0,0,0,0,0,0,2018-09-25 11:17:03-03:00
0,0,0,0,0,0,2018-09-25 11:31:48-03:00
0,0,0,0,0,0,2018-09-25 11:38:17-03:00
0,0,0,0,0,0,2018-09-25 11:47:27-03:00
0,0,0,0,0,0,2018-09-25 14:01:34-03:00
0,0,0,0,0,0,2018-09-25 14:49:52-03:00
0,0,0,0,0,0,2018-09-25 14:51:13-03:00
0,0,0,0,0,0,2018-09-25 15:24:12-03:00
0,0,0,0,0,0,2018-09-25 16:48:57-03:00
0,0,0,0,0,0,2018-09-25 20:08:04-03:00
0,0,0,0,0,0,2018-09-26 10:01:38-03:00
0,0,0,0,0,0,2018-09-26 10:59:37-03:00
0,0,0,0,0,0,2018-09-26 12:42:50-03:00
0,0,0,0,0,0,2018-09-26 14:22:31-03:00
0,1,0,0,0,0,2018-09-26 14:34:53-03:00
0,0,0,0,0,0,2018-09-26 14:40:57-03:00
0,0,0,0,0,0,2018-09-26 15:05:35-03:00
0,0,0,0,0,0,2018-09-26 15:05:35-03:00
0,0,0,0,0,0,2018-09-26 15:17:33-03:00
0,0,0,0,0,0,2018-09-26 12:54:17-03:00
0,0,0,0,0,0,2018-09-26 15:50:16-03:00
0,0,0,0,0,0,2018-09-26 15:53:29-03:00
0,0,0,0,0,0,2018-09-26 15:17:33-03:00
0,0,0,0,0,0,2018-09-26 16:06:47-03:00
0,0,0,0,0,0,2018-09-26 17:36:42-03:00
0,0,0,0,0,0,2018-09-26 18:03:11-03:00
0,0,0,0,0,0,2018-09-26 18:12:52-03:00
0,0,0,0,0,0,2018-09-26 18:16:57-03:00
0,0,0,0,0,0,2018-09-26 18:32:07-03:00
0,0,0,0,0,0,2018-09-26 18:32:39-03:00
0,0,0,0,0,0,2018-09-26 23:31:41-03:00
0,0,0,0,0,0,2018-09-27 00:00:52-03:00
0,0,0,0,0,0,2018-09-27 00:18:47-03:00
0,0,0,0,0,0,2018-09-27 11:06:24-03:00
0,0,0,0,0,0,2018-09-27 11:40:57-03:00
0,0,0,0,0,0,2018-09-29 18:15:38-03:00
0,0,0,0,0,0,2018-10-01 08:41:42-03:00
0,0,0,0,0,0,2018-10-01 08:42:56-03:00
0,0,0,0,0,0,2018-10-01 08:52:06-03:00
0,0,0,0,0,0,2018-10-01 10:02:20-03:00
0,0,0,0,0,0,2018-10-01 11:07:27-03:00
0,0,0,0,0,0,2018-10-01 12:03:08-03:00
0,0,0,0,0,0,2018-10-01 12:44:30-03:00
0,0,0,0,0,0,2018-10-01 13:24:16-03:00
0,0,0,0,0,0,2018-10-01 14:09:35-03:00
0,0,0,0,0,0,2018-10-01 14:12:53-03:00
0,0,0,0,0,0,2018-10-01 14:13:36-03:00
0,0,0,0,0,0,2018-10-01 14:23:29-03:00
0,0,0,0,0,0,2018-10-01 14:34:43-03:00
0,0,0,0,0,0,2018-10-01 14:41:00-03:00
0,0,0,0,0,0,2018-10-01 14:50:22-03:00
0,0,0,0,0,0,2018-10-01 15:02:25-03:00
0,0,0,0,0,0,2018-10-01 15:10:50-03:00
0,0,0,0,0,0,2018-10-01 15:22:34-03:00
0,0,0,0,0,0,2018-10-01 15:23:41-03:00
0,0,0,0,0,0,2018-10-01 16:06:29-03:00
0,1,0,0,0,0,2018-10-01 16:08:27-03:00
0,0,0,0,0,0,2018-10-01 16:09:22-03:00
0,0,0,0,0,0,2018-10-01 16:21:45-03:00
0,0,0,0,0,0,2018-10-01 16:27:08-03:00
0,0,0,0,0,0,2018-10-01 15:39:13-03:00
0,1,0,0,0,0,2018-10-01 17:23:30-03:00
0,0,0,0,0,0,2018-10-01 17:27:04-03:00
0,0,0,0,0,0,2018-09-24 10:21:48-03:00
0,0,0,0,0,0,2018-10-02 10:38:05-03:00
0,0,0,0,0,0,2018-10-02 10:44:34-03:00
0,0,0,0,0,0,2018-10-02 10:45:39-03:00
0,0,0,0,0,0,2018-10-02 12:47:40-03:00
0,0,0,0,0,0,2018-10-02 13:00:23-03:00
0,0,0,0,0,0,2018-10-02 13:05:30-03:00
0,0,0,0,0,0,2018-10-02 14:21:48-03:00
0,0,0,0,0,0,2018-10-02 14:25:13-03:00
0,0,0,0,0,0,2018-10-02 14:32:32-03:00
0,0,0,0,0,0,2018-10-02 14:32:57-03:00
0,0,0,0,0,0,2018-10-02 14:45:53-03:00
0,0,0,0,0,0,2018-10-02 14:34:22-03:00
0,0,0,0,0,0,2018-10-02 13:24:44-03:00
0,0,0,0,0,0,2018-10-02 15:03:28-03:00
0,0,0,0,0,0,2018-10-02 15:16:50-03:00
0,1,0,0,0,0,2018-10-02 14:59:15-03:00
0,0,0,0,0,0,2018-10-02 15:37:48-03:00
0,0,0,0,0,0,2018-10-02 15:43:34-03:00
0,0,0,0,0,0,2018-10-02 15:46:45-03:00
0,0,0,0,0,0,2018-10-02 15:49:51-03:00
0,0,0,0,0,0,2018-10-02 15:53:31-03:00
0,0,0,0,0,0,2018-10-02 15:57:16-03:00
0,0,0,0,0,0,2018-10-02 16:01:58-03:00
0,0,0,0,0,0,2018-10-02 16:04:18-03:00
0,0,0,0,0,0,2018-10-02 16:26:39-03:00
0,0,0,0,0,0,2018-10-02 17:36:18-03:00
0,0,0,0,0,0,2018-10-02 17:39:36-03:00
0,0,0,0,0,0,2018-10-02 23:20:03-03:00
0,0,0,0,0,0,2018-10-03 08:30:22-03:00
0,0,0,0,0,0,2018-10-03 08:33:14-03:00
0,0,0,0,0,0,2018-10-03 08:56:41-03:00
0,0,0,0,0,0,2018-10-03 09:27:57-03:00
0,0,0,0,0,0,2018-10-03 09:47:20-03:00
0,1,0,0,0,0,2018-10-03 10:40:30-03:00
0,0,0,0,0,0,2018-10-03 11:24:24-03:00
0,0,0,0,0,0,2018-10-03 11:30:15-03:00
1,1,1,0,0,0,2018-10-03 08:45:36-03:00
0,0,0,0,0,0,2018-10-03 11:43:34-03:00
0,0,0,0,0,0,2018-10-03 11:45:15-03:00
0,0,0,0,0,0,2018-10-01 23:14:12-03:00
0,0,0,0,0,0,2018-10-03 11:56:11-03:00
0,0,0,0,0,0,2018-10-03 12:22:11-03:00
0,0,0,0,0,0,2018-10-03 12:34:20-03:00
0,0,0,0,0,0,2018-10-03 12:37:47-03:00
0,0,0,0,0,0,2018-10-03 14:27:12-03:00
0,2,0,0,0,0,2018-10-03 13:23:35-03:00
0,0,0,0,0,0,2018-10-03 18:27:46-03:00
0,0,0,0,0,0,2018-10-03 19:07:31-03:00
0,0,0,0,0,0,2018-10-03 19:18:07-03:00
0,0,0,0,0,0,2018-10-03 19:27:24-03:00
0,0,0,0,0,0,2018-10-03 20:26:22-03:00
0,0,0,0,0,0,2018-10-03 21:17:51-03:00
0,1,0,0,0,0,2018-10-03 23:22:59-03:00
0,0,0,0,0,0,2018-10-04 10:42:11-03:00
0,0,0,0,0,0,2018-10-04 10:44:19-03:00
1,1,1,0,0,0,2018-10-04 10:49:51-03:00
0,0,0,0,0,0,2018-10-04 10:50:00-03:00
0,0,0,0,0,0,2018-10-04 10:53:00-03:00
0,0,0,0,0,0,2018-10-04 10:56:03-03:00
0,1,0,0,0,0,2018-10-04 11:13:58-03:00
0,0,0,0,0,0,2018-10-04 12:17:14-03:00
0,0,0,0,0,0,2018-10-04 12:21:36-03:00
0,0,0,0,0,0,2018-10-04 12:24:08-03:00
0,0,0,0,0,0,2018-10-04 12:24:24-03:00
0,0,0,0,0,0,2018-10-04 12:41:41-03:00
0,0,0,0,0,0,2018-10-04 12:58:51-03:00
0,0,0,0,0,0,2018-10-04 13:34:52-03:00
0,0,0,0,0,0,2018-10-04 13:44:17-03:00
0,0,0,0,0,0,2018-10-04 14:12:34-03:00
0,0,0,0,0,0,2018-10-04 14:25:59-03:00
0,0,0,0,0,0,2018-10-04 14:42:47-03:00
0,0,0,0,0,0,2018-10-04 15:45:33-03:00
0,0,0,0,0,0,2018-10-04 21:25:02-03:00
0,0,0,0,0,0,2018-10-04 21:33:32-03:00
0,0,0,0,0,0,2018-10-05 11:27:01-03:00
0,0,0,0,0,0,2018-10-05 13:51:48-03:00
0,0,0,0,0,0,2018-10-05 16:25:37-03:00
0,0,0,0,0,0,2018-10-08 08:58:10-03:00
0,0,0,0,0,0,2018-10-08 09:00:58-03:00
0,0,0,0,0,0,2018-10-08 10:24:44-03:00
0,0,0,0,0,0,2018-10-08 11:11:05-03:00
0,0,0,0,0,0,2018-10-08 11:26:51-03:00
0,0,0,0,0,0,2018-10-08 11:32:05-03:00
0,0,0,0,0,0,2018-10-08 14:13:41-03:00
0,0,0,0,0,0,2018-10-08 14:31:48-03:00
0,0,0,0,0,0,2018-10-08 14:33:17-03:00
0,0,0,0,0,0,2018-10-08 15:15:55-03:00
0,0,0,0,0,0,2018-10-08 16:27:43-03:00
0,0,0,0,0,0,2018-10-08 16:29:13-03:00
0,0,0,0,0,0,2018-10-08 16:41:39-03:00
0,0,0,0,0,0,2018-10-08 17:25:41-03:00
0,0,0,0,0,0,2018-10-08 17:29:16-03:00
0,0,0,0,0,0,2018-10-09 08:06:33-03:00
0,0,0,0,0,0,2018-10-09 11:59:15-03:00
0,0,0,0,0,0,2018-10-09 14:39:01-03:00
0,0,0,0,0,0,2018-10-09 14:40:34-03:00
0,0,0,0,0,0,2018-10-09 17:45:12-03:00
0,0,0,0,0,0,2018-10-09 18:47:48-03:00
0,1,0,0,0,0,2018-10-10 12:52:05-03:00
0,0,0,0,0,0,2018-10-10 15:40:27-03:00
0,1,0,0,0,0,2018-10-10 16:41:14-03:00
0,0,0,0,0,0,2018-10-10 16:49:38-03:00
0,0,0,0,0,0,2018-10-10 18:03:31-03:00
1,1,1,0,0,0,2018-10-10 18:16:56-03:00
0,0,0,0,0,0,2018-10-10 18:17:03-03:00
0,0,0,0,0,0,2018-10-10 18:49:10-03:00
0,0,0,0,0,0,2018-10-10 23:25:43-03:00
0,0,0,0,0,0,2018-10-10 23:50:04-03:00
0,0,0,0,0,0,2018-10-10 10:03:22-03:00
0,0,0,0,0,0,2018-10-10 23:46:53-03:00
0,0,0,0,0,0,2018-10-10 23:48:13-03:00
0,0,0,0,0,0,2018-10-11 00:10:55-03:00
0,0,0,0,0,0,2018-10-11 00:24:00-03:00
0,1,0,0,0,0,2018-10-11 09:14:49-03:00
0,0,0,0,0,0,2018-10-11 10:28:44-03:00
0,0,0,0,0,0,2018-10-11 11:31:18-03:00
0,0,0,0,0,0,2018-10-11 11:32:01-03:00
0,0,0,0,0,0,2018-10-11 11:40:39-03:00
0,0,0,0,0,0,2018-10-11 11:54:47-03:00
0,0,0,0,0,0,2018-10-11 11:54:52-03:00
0,0,0,0,0,0,2018-10-11 13:37:02-03:00
0,0,0,0,0,0,2018-10-11 13:48:43-03:00
0,0,0,0,0,0,2018-10-11 14:30:32-03:00
0,0,0,0,0,0,2018-10-11 14:35:39-03:00
0,0,0,0,0,0,2018-10-11 14:53:39-03:00
0,0,0,0,0,0,2018-10-11 15:26:17-03:00
0,0,0,0,0,0,2018-10-11 15:48:37-03:00
0,0,0,0,0,0,2018-10-11 16:19:53-03:00
0,0,0,0,0,0,2018-10-11 16:30:23-03:00
0,0,0,0,0,0,2018-10-11 17:45:01-03:00
0,0,0,0,0,0,2018-10-11 20:00:35-03:00
0,2,0,0,0,0,2018-10-11 20:43:59-03:00
0,1,0,0,0,0,2018-10-11 21:11:11-03:00
0,0,0,0,0,0,2018-10-11 22:04:39-03:00
0,0,0,0,0,0,2018-10-15 12:12:04-03:00
0,0,0,0,0,0,2018-10-15 15:17:08-03:00
0,0,0,0,0,0,2018-10-15 15:25:44-03:00
0,1,0,0,0,0,2018-10-16 18:59:55-03:00
0,0,0,0,0,0,2018-10-17 10:57:21-03:00
0,0,0,0,0,0,2018-10-17 10:57:39-03:00
0,0,0,0,0,0,2018-10-17 11:04:17-03:00
0,0,0,0,0,0,2018-10-17 11:13:08-03:00
0,0,0,0,0,0,2018-10-17 11:38:42-03:00
0,0,0,0,0,0,2018-10-17 12:25:55-03:00
0,1,0,0,0,0,2018-10-17 14:33:54-03:00
0,1,0,0,0,0,2018-10-17 16:45:54-03:00
0,1,0,0,0,0,2018-10-17 17:10:51-03:00
0,1,0,0,0,0,2018-10-17 17:25:22-03:00
0,1,0,0,0,0,2018-10-17 17:43:16-03:00
0,0,0,0,0,0,2018-10-18 10:13:13-03:00
0,0,0,0,0,0,2018-10-15 11:55:00-03:00
0,0,0,0,0,0,2018-10-18 13:29:13-03:00
0,0,0,0,0,0,2018-10-18 14:20:58-03:00
0,0,0,0,0,0,2018-10-18 15:12:12-03:00
0,0,0,0,0,0,2018-10-15 17:06:54-03:00
0,0,0,0,0,0,2018-10-18 15:22:59-03:00
0,0,0,0,0,0,2018-10-18 15:38:33-03:00
0,1,0,0,0,0,2018-10-19 13:51:34-03:00
0,0,0,0,0,0,2018-10-22 12:48:52-03:00
0,0,0,0,0,0,2018-10-22 13:11:42-03:00
0,0,0,0,0,0,2018-10-22 14:19:29-03:00
0,0,0,0,0,0,2018-10-22 14:23:54-03:00
0,0,0,0,0,0,2018-10-10 09:59:59-03:00
0,0,0,0,0,0,2018-10-22 14:53:53-03:00
0,0,0,0,0,0,2018-10-22 15:03:39-03:00
0,2,0,0,0,0,2018-10-19 14:05:56-03:00
0,0,0,0,0,0,2018-10-22 15:32:13-03:00
0,0,0,0,0,0,2018-10-22 13:11:42-03:00
0,0,0,0,0,0,2018-10-22 15:42:36-03:00
0,0,0,0,0,0,2018-10-22 15:42:36-03:00
0,0,0,0,0,0,2018-10-22 15:45:12-03:00
0,0,0,0,0,0,2018-10-22 16:23:48-03:00
0,0,0,0,0,0,2018-10-22 16:54:15-03:00
0,0,0,0,0,0,2018-10-22 17:30:51-03:00
0,0,0,0,0,0,2018-10-22 15:45:19-03:00
0,0,0,0,0,0,2018-10-22 18:05:41-03:00
0,0,0,0,0,0,2018-10-22 21:18:07-03:00
0,0,0,0,0,0,2018-10-23 10:41:36-03:00
0,0,0,0,0,0,2018-10-23 11:06:48-03:00
1,1,1,0,0,0,2018-10-23 11:41:02-03:00
0,0,0,0,0,0,2018-10-23 11:55:24-03:00
0,0,0,0,0,0,2018-10-23 12:26:03-03:00
0,0,0,0,0,0,2018-10-23 12:48:29-03:00
0,0,0,0,0,0,2018-10-23 14:39:31-03:00
0,0,0,0,0,0,2018-10-23 15:05:22-03:00
0,0,0,0,0,0,2018-10-23 15:12:26-03:00
0,1,2,0,0,0,2018-10-23 15:57:34-03:00
0,0,0,0,0,0,2018-10-24 09:08:43-03:00
0,0,0,0,0,0,2018-10-24 09:26:16-03:00
0,0,0,0,0,0,2018-10-24 09:40:08-03:00
0,1,0,0,0,0,2018-10-24 09:58:03-03:00
0,0,0,0,0,0,2018-10-24 10:15:28-03:00
0,0,0,0,0,0,2018-10-24 12:35:25-03:00
0,1,2,0,0,0,2018-10-23 15:57:34-03:00
0,0,0,0,0,0,2018-10-24 14:27:24-03:00
0,0,0,0,0,0,2018-10-24 14:31:50-03:00
1,1,1,0,0,0,2018-10-24 16:21:27-03:00
0,0,0,0,0,0,2018-10-24 19:05:26-03:00
0,0,0,0,0,0,2018-10-24 19:29:40-03:00
0,0,0,0,0,0,2018-10-24 19:31:12-03:00
0,0,0,0,0,0,2018-10-24 19:36:45-03:00
0,0,0,0,0,0,2018-10-24 20:14:16-03:00
0,1,1,1,1,0,2018-10-24 20:39:08-03:00
0,0,0,0,0,0,2018-10-24 21:06:09-03:00
0,0,0,0,0,0,2018-10-25 10:06:33-03:00
0,0,0,0,0,0,2018-10-25 10:07:55-03:00
0,0,0,0,0,0,2018-10-25 10:08:31-03:00
0,0,0,0,0,0,2018-10-25 10:12:45-03:00
0,0,0,0,0,0,2018-10-25 10:13:57-03:00
0,2,1,1,1,0,2018-10-25 11:25:18-03:00
0,1,1,1,1,0,2018-10-25 11:31:57-03:00
0,0,0,0,0,0,2018-10-25 12:59:46-03:00
0,0,0,0,0,0,2018-10-25 13:51:00-03:00
0,0,0,0,0,0,2018-10-25 18:28:03-03:00
0,0,0,0,0,0,2018-10-26 09:39:24-03:00
0,0,0,0,0,0,2018-10-26 13:55:15-03:00
0,0,0,0,0,0,2018-10-26 16:27:05-03:00
1,1,1,0,0,0,2018-10-26 16:41:35-03:00
0,0,0,0,0,0,2018-10-26 16:45:02-03:00
0,0,0,0,0,0,2018-10-29 13:09:38-03:00
0,0,0,0,0,0,2018-10-29 10:16:36-03:00
0,0,0,0,0,0,2018-10-29 14:18:02-03:00
0,0,0,0,0,0,2018-10-29 15:34:08-03:00
0,0,0,0,0,0,2018-10-29 23:54:13-03:00
0,0,0,0,0,0,2018-10-29 23:54:44-03:00
0,0,0,0,0,0,2018-10-30 00:13:42-03:00
0,0,0,0,0,0,2018-10-30 13:45:12-03:00
0,0,0,0,0,0,2018-10-30 16:00:59-03:00
0,0,0,0,0,0,2018-10-30 15:57:42-03:00
0,1,0,0,0,0,2018-10-31 10:09:33-03:00
0,0,0,0,0,0,2018-10-31 15:49:28-03:00
0,0,0,0,0,0,2018-10-31 12:12:01-03:00
0,0,0,0,0,0,2018-10-31 15:53:02-03:00
0,0,0,0,0,0,2018-11-01 08:25:08-03:00
0,0,0,0,0,0,2018-10-31 16:03:28-03:00
0,0,0,0,0,0,2018-11-01 10:55:19-03:00
0,0,0,0,0,0,2018-11-01 11:32:56-03:00
0,0,0,0,0,0,2018-11-01 13:49:29-03:00
0,0,0,0,0,0,2018-11-01 14:02:48-03:00
0,0,0,0,0,0,2018-11-01 14:40:41-03:00
0,1,0,0,0,0,2018-11-01 14:50:05-03:00
0,0,0,0,0,0,2018-11-01 14:55:26-03:00
0,0,0,0,0,0,2018-11-01 15:28:55-03:00
0,0,0,0,0,0,2018-11-02 18:36:52-03:00
0,0,0,0,0,0,2018-11-02 18:36:57-03:00
0,0,0,0,0,0,2018-11-05 10:42:23-02:00
0,0,0,0,0,0,2018-11-05 11:18:50-02:00
0,1,0,0,0,0,2018-11-05 14:46:00-02:00
0,0,0,0,0,0,2018-11-05 14:52:34-02:00
0,0,0,0,0,0,2018-11-05 15:06:26-02:00
0,0,0,0,0,0,2018-11-05 15:34:27-02:00
0,0,0,0,0,0,2018-11-05 16:12:57-02:00
0,0,0,0,0,0,2018-11-05 21:35:45-02:00
0,0,0,0,0,0,2018-11-05 22:00:43-02:00
0,0,0,0,0,0,2018-11-05 23:03:42-02:00
1,2,1,0,0,0,2018-10-31 17:16:14-03:00
0,5,1,1,2,0,2018-11-05 17:56:34-02:00
0,1,0,0,0,0,2018-11-05 17:57:06-02:00
0,4,1,1,1,0,2018-11-06 00:02:14-02:00
0,2,0,0,0,0,2018-11-06 00:31:48-02:00
0,2,0,0,1,0,2018-11-06 00:43:38-02:00
0,1,0,0,0,0,2018-11-06 01:11:03-02:00
0,0,0,0,0,0,2018-11-06 10:40:05-02:00
0,1,0,0,0,0,2018-11-06 10:50:35-02:00
0,0,0,0,0,0,2018-11-06 11:08:52-02:00
0,0,0,0,0,0,2018-11-06 11:10:46-02:00
0,0,0,0,0,0,2018-11-06 10:14:36-03:00
0,0,0,0,0,0,2018-11-06 11:08:43-02:00
0,0,0,0,0,0,2018-11-06 12:02:48-02:00
0,0,0,0,0,0,2018-11-06 12:35:04-02:00
0,0,0,0,0,0,2018-11-06 12:57:22-02:00
0,0,0,0,0,0,2018-11-06 15:05:04-02:00
0,0,0,0,0,0,2018-11-06 16:26:16-02:00
0,0,0,0,0,0,2018-11-06 22:01:21-02:00
0,0,0,0,0,0,2018-11-06 22:51:17-02:00
0,1,0,0,0,0,2018-11-07 11:55:03-02:00
0,0,0,0,0,0,2018-11-07 12:18:35-02:00
0,0,0,0,0,0,2018-11-07 19:57:30-02:00
0,1,0,0,0,0,2018-11-07 20:42:50-02:00
0,0,0,0,0,0,2018-11-08 11:02:12-02:00
0,0,0,0,0,0,2018-11-08 11:17:31-02:00
0,0,0,0,0,0,2018-11-08 12:28:29-02:00
0,0,0,0,0,0,2018-11-08 12:43:13-02:00
0,0,0,0,0,0,2018-11-08 12:50:46-02:00
0,0,0,0,0,0,2018-11-09 14:13:35-03:00
0,0,0,0,0,0,2018-11-09 14:31:49-03:00
0,0,0,0,0,0,2018-11-10 10:07:19-02:00
0,0,0,0,0,0,2018-11-01 15:47:35-03:00
0,0,0,0,0,0,2018-11-07 17:11:51-02:00
0,0,0,0,0,0,2018-11-07 18:11:24-02:00
0,0,0,0,0,0,2018-11-07 19:17:10-02:00
0,0,0,0,0,0,2018-10-10 15:33:04-03:00
0,0,0,0,0,0,2018-11-12 16:23:11-02:00
0,0,0,0,0,0,2018-11-12 17:03:53-02:00
0,0,0,0,0,0,2018-11-12 17:52:16-02:00
0,0,0,0,0,0,2018-11-13 11:53:11-02:00
0,0,0,0,0,0,2018-11-13 11:53:11-02:00
0,0,0,0,0,0,2018-11-13 12:01:22-02:00
0,0,0,0,0,0,2018-11-13 13:37:14-02:00
0,0,0,0,0,0,2018-11-13 16:37:21-02:00
0,0,0,0,0,0,2018-11-13 16:37:21-02:00
0,0,0,0,0,0,2018-11-13 21:03:29-02:00
0,0,0,0,0,0,2018-11-13 21:07:57-02:00
0,0,0,0,0,0,2018-11-13 21:16:51-02:00
0,0,0,0,0,0,2018-11-13 21:17:30-02:00
0,0,0,0,0,0,2018-11-14 01:10:56-02:00
0,0,0,0,0,0,2018-11-14 10:42:16-02:00
0,0,0,0,0,0,2018-11-12 17:03:53-02:00
0,0,0,0,0,0,2018-11-14 15:43:59-02:00
0,0,0,0,0,0,2018-11-14 21:51:38-02:00
0,0,0,0,0,0,2018-11-14 22:04:52-02:00
0,0,0,0,0,0,2018-11-16 11:15:46-02:00
0,0,0,0,0,0,2018-11-23 12:27:04-02:00
0,0,0,0,0,0,2018-11-23 12:34:38-02:00
0,0,0,0,0,0,2018-11-23 14:55:53-02:00
0,0,0,0,0,0,2018-11-23 15:20:37-02:00
0,0,0,0,0,0,2018-11-23 16:13:03-02:00
0,0,0,0,0,0,2018-11-23 17:18:35-02:00
0,0,0,0,0,0,2018-11-30 13:50:46-02:00
0,0,0,0,0,0,2018-12-03 15:19:02-02:00
0,0,0,0,0,0,2018-12-03 16:02:54-02:00
0,0,0,0,0,0,2018-12-06 06:34:05-03:00
0,0,0,0,0,0,2018-12-08 01:10:28-02:00
0,0,0,0,0,0,2018-12-08 01:10:28-02:00
0,1,0,0,0,0,2018-12-08 22:19:23-02:00
0,0,0,0,0,0,2018-12-09 19:25:13-02:00
0,0,0,0,0,0,2018-12-10 11:16:31-02:00
0,0,0,0,0,0,2018-12-10 14:52:56-02:00
0,0,0,0,0,0,2018-12-10 14:53:15-02:00
0,0,0,0,0,0,2018-12-10 16:12:28-02:00
0,0,0,0,0,0,2018-12-10 17:09:24-02:00
0,0,0,0,0,0,2018-12-10 18:03:20-02:00
1,2,0,0,0,0,2018-12-10 18:09:59-02:00
0,0,0,0,0,0,2018-12-10 18:26:04-02:00
0,0,0,0,0,0,2018-12-10 18:33:07-02:00
0,0,0,0,0,0,2018-12-10 19:13:33-02:00
