Acquisition,Preparation,Modeling,Training,Evaluation,Prediction,time
0,0,0,0,0,0,2019-12-23 23:26:19-05:00
4,6,3,5,3,3,2019-12-23 23:31:11-05:00
2,2,1,1,1,2,2019-12-24 11:30:02-05:00
1,1,0,0,0,1,2019-12-24 12:05:58-05:00
3,4,2,3,2,3,2019-12-27 21:56:33-05:00
3,5,2,4,2,3,2019-12-27 23:24:30-05:00
1,2,0,0,0,1,2019-12-28 00:23:58-05:00
1,1,0,0,0,1,2019-12-28 00:35:53-05:00
1,1,0,0,0,1,2019-12-29 01:24:25-05:00
0,0,0,0,0,0,2019-12-29 02:01:41-05:00
0,0,0,0,0,0,2019-12-30 01:29:26-05:00
0,0,0,0,0,0,2019-12-31 00:27:42-05:00
0,0,0,0,0,0,2019-12-31 00:39:41-05:00
0,0,0,0,0,0,2019-12-31 01:22:03-05:00
0,0,0,0,0,0,2019-12-31 01:31:24-05:00
0,0,0,0,0,0,2019-12-31 01:38:41-05:00
1,2,1,1,0,1,2019-12-31 11:05:24-05:00
1,0,0,0,0,0,2019-12-31 12:32:02-05:00
1,0,0,0,0,0,2019-12-31 12:38:12-05:00
1,0,0,0,0,0,2019-12-31 12:47:21-05:00
1,1,0,0,0,1,2019-12-31 14:01:43-05:00
1,1,0,0,0,0,2019-12-31 14:39:41-05:00
1,1,1,1,0,1,2019-12-31 14:44:31-05:00
0,0,0,0,0,0,2019-12-31 14:45:28-05:00
1,1,0,0,0,1,2019-12-31 16:19:42-05:00
0,0,0,0,0,0,2019-12-31 16:39:35-05:00
0,0,0,0,0,0,2019-12-31 16:48:59-05:00
0,0,0,0,0,0,2019-12-31 17:53:59-05:00
0,0,0,0,0,0,2019-12-31 18:10:57-05:00
0,0,0,0,0,0,2020-01-02 10:14:33-05:00
0,0,0,0,0,0,2020-01-02 10:54:25-05:00
0,0,0,0,0,0,2020-01-02 19:49:36-05:00
0,0,0,0,0,0,2020-01-02 19:56:57-05:00
0,0,0,0,0,0,2020-01-02 19:59:23-05:00
0,0,0,0,0,0,2020-01-03 10:16:11-05:00
0,0,0,0,0,0,2020-01-03 10:16:37-05:00
1,1,0,0,0,1,2020-01-11 14:59:42-05:00
0,0,0,0,0,0,2020-01-11 15:01:08-05:00
1,0,0,0,0,0,2020-01-11 15:03:01-05:00
0,0,0,0,0,0,2020-01-11 15:03:38-05:00
0,0,0,0,0,0,2020-01-11 15:05:25-05:00
1,1,0,0,0,1,2020-01-11 15:06:19-05:00
1,1,0,0,0,1,2020-01-11 15:07:51-05:00
1,1,0,0,0,1,2020-01-11 15:17:29-05:00
0,0,0,0,0,0,2020-01-11 16:19:53-05:00
1,1,0,0,0,1,2020-01-11 16:23:45-05:00
0,0,0,0,0,0,2020-01-11 19:12:00-05:00
0,0,0,0,0,0,2020-01-11 21:27:51-05:00
0,0,0,0,0,0,2020-01-11 23:43:02-05:00
0,0,0,0,0,0,2020-01-12 20:46:17-05:00
0,0,0,0,0,0,2020-01-12 20:49:27-05:00
0,0,0,0,0,0,2020-01-12 20:50:22-05:00
0,0,0,0,0,0,2020-01-12 20:51:21-05:00
0,0,0,0,0,0,2020-01-12 20:52:20-05:00
0,0,0,0,0,0,2020-01-12 20:54:30-05:00
0,0,0,0,0,0,2020-01-12 20:58:36-05:00
0,0,0,0,0,0,2020-01-12 21:01:02-05:00
0,0,0,0,0,0,2020-01-12 21:11:24-05:00
0,0,0,0,0,0,2020-01-12 21:13:49-05:00
0,0,0,0,0,0,2020-01-12 21:17:39-05:00
0,0,0,0,0,0,2020-01-12 21:20:30-05:00
0,0,0,0,0,0,2020-01-12 21:40:33-05:00
0,0,0,0,0,0,2020-01-12 21:43:46-05:00
1,1,0,0,0,1,2020-01-12 23:01:44-05:00
0,1,0,0,0,1,2020-01-12 23:16:50-05:00
1,1,0,0,0,1,2020-01-12 23:26:45-05:00
0,0,0,0,0,0,2020-01-13 08:31:45-05:00
0,0,0,0,0,0,2020-01-26 01:09:13-05:00
1,1,0,0,0,1,2020-01-26 01:14:16-05:00
0,0,0,0,0,0,2020-01-28 22:04:02+00:00
0,0,0,0,0,0,2020-01-28 22:05:57+00:00
0,0,0,0,0,0,2020-02-02 20:18:37-05:00
1,1,0,0,0,1,2020-02-02 21:36:35-05:00
1,1,0,0,0,1,2020-02-14 17:54:35-05:00
0,0,0,0,0,0,2020-02-14 18:47:09-05:00
0,0,0,0,0,0,2020-02-15 00:22:01-05:00
0,0,0,0,0,0,2020-02-15 01:08:09-05:00
0,0,0,0,0,0,2020-02-15 01:16:22-05:00
0,0,0,0,0,0,2020-02-15 01:23:10-05:00
0,0,0,0,0,0,2020-02-15 01:38:06-05:00
0,0,0,0,0,0,2020-04-14 11:38:30-04:00
0,0,0,0,0,0,2020-04-14 11:38:55-04:00
6,6,5,5,4,6,2020-04-15 18:16:49-04:00
0,0,0,0,0,0,2020-04-15 18:18:30-04:00
0,0,0,0,0,0,2020-04-15 18:20:39-04:00
0,0,0,0,0,0,2020-04-15 18:21:54-04:00
0,0,0,0,0,0,2020-09-25 19:23:41+00:00
0,0,0,0,0,0,2020-09-25 21:18:21+00:00
0,0,0,0,0,0,2020-09-27 00:27:59-04:00
0,0,0,0,0,0,2020-09-27 00:28:09-04:00
0,0,0,0,0,0,2020-09-27 04:28:28+00:00
0,0,0,0,0,0,2020-11-10 13:54:45-05:00
