Acquisition,Preparation,Modeling,Training,Evaluation,Prediction,time
0,0,0,0,0,0,2018-11-20 23:29:15-08:00
6,15,0,0,0,0,2018-11-22 13:00:46+05:18
0,0,0,0,0,0,2018-11-22 15:24:54+05:18
0,0,0,0,0,0,2018-11-22 19:25:54+05:18
0,1,0,0,0,0,2018-11-23 15:59:50+05:18
0,1,0,0,0,0,2018-11-23 17:48:58+05:18
0,0,0,0,0,0,2018-11-23 19:23:00+05:18
0,0,0,0,0,0,2018-11-23 19:23:06+05:18
1,2,0,0,0,0,2018-11-26 14:57:11+05:18
2,3,0,0,1,0,2018-11-26 18:23:12+05:18
0,0,0,0,0,0,2018-11-26 18:50:09+05:18
1,1,0,0,1,0,2018-11-27 12:55:38+05:18
0,0,0,0,0,0,2018-11-27 13:11:20+05:18
0,0,0,0,0,0,2018-11-27 13:14:15+05:18
1,2,0,0,1,0,2018-11-27 15:05:50+05:18
0,0,0,0,0,0,2018-11-27 15:06:02+05:18
0,1,0,0,0,0,2018-11-27 15:51:10+05:18
1,1,0,0,1,0,2018-11-27 16:51:38+05:18
0,1,0,0,0,0,2018-11-27 17:20:42+05:18
0,1,0,0,0,0,2018-11-27 18:05:26+05:18
0,1,0,0,0,0,2018-11-27 18:13:52+05:18
0,0,0,0,0,0,2018-11-27 18:33:56+05:18
0,0,0,0,0,0,2018-11-27 18:41:24+05:18
1,2,0,0,1,0,2018-11-27 18:44:25+05:18
0,0,0,0,0,0,2018-11-27 18:44:52+05:18
1,1,0,0,1,0,2018-11-27 19:44:08+05:18
1,2,0,0,1,0,2018-11-28 12:30:01+05:18
1,2,0,0,1,0,2018-11-28 13:15:31+05:18
0,1,0,0,0,0,2018-11-28 15:33:32+05:18
0,1,0,0,0,0,2018-11-28 16:47:43+05:18
0,0,0,0,0,0,2018-11-28 17:16:14+05:18
0,0,0,0,0,0,2018-11-28 18:15:13+05:18
0,0,0,0,0,0,2018-11-28 18:40:08+05:18
0,0,0,0,0,0,2018-11-28 18:50:09+05:18
0,0,0,0,0,0,2018-11-28 19:17:13+05:18
0,0,0,0,0,0,2018-11-29 11:32:51+05:18
0,0,0,0,0,0,2018-11-29 11:36:56+05:18
0,0,0,0,0,0,2018-12-03 13:39:26+05:18
0,0,0,0,0,0,2018-12-04 16:04:15+05:18
0,0,0,0,0,0,2018-12-06 11:44:39+05:18
0,0,0,0,0,0,2018-12-06 11:54:49+05:18
0,0,0,0,0,0,2018-12-06 11:59:05+05:18
0,0,0,0,0,0,2018-12-06 14:54:56+05:18
0,0,0,0,0,0,2018-12-06 14:54:56+05:18
0,0,0,0,0,0,2018-12-06 15:21:21+05:18
0,0,0,0,0,0,2018-12-06 15:55:54+05:18
0,0,0,0,0,0,2018-12-06 15:58:07+05:18
0,0,0,0,0,0,2018-12-06 16:28:42+05:18
0,0,0,0,0,0,2018-12-07 12:54:33+05:18
0,0,0,0,0,0,2018-12-07 17:10:59+05:18
0,0,0,0,0,0,2018-12-07 19:07:12+05:18
0,0,0,0,0,0,2018-12-10 13:08:51+05:18
1,2,0,0,1,0,2018-12-10 13:14:37+05:18
0,0,0,0,0,0,2018-12-10 13:14:50+05:18
2,1,0,0,1,0,2018-12-10 14:21:47+05:18
2,3,0,0,2,0,2018-12-10 15:49:35+05:18
2,3,0,0,2,0,2018-12-10 17:52:54+05:18
2,3,0,0,2,0,2018-12-10 18:02:23+05:18
1,1,0,0,1,0,2018-12-10 18:14:49+05:18
0,0,0,0,0,0,2018-12-10 18:53:31+05:18
0,0,0,0,0,0,2018-12-10 18:54:43+05:18
2,3,0,0,2,0,2018-12-11 12:48:58+05:18
1,2,0,0,1,0,2018-12-11 13:09:11+05:18
1,2,0,0,1,0,2018-12-11 15:43:10+05:18
1,1,0,0,1,0,2018-12-11 15:43:54+05:18
0,1,0,0,0,0,2018-12-11 17:03:02+05:18
0,1,0,0,0,0,2018-12-11 18:10:11+05:18
0,1,0,0,0,0,2018-12-12 13:18:57+05:18
0,1,0,0,0,0,2018-12-12 14:48:58+05:18
0,0,0,0,0,0,2018-12-12 17:04:27+05:18
2,3,0,0,2,0,2018-12-12 17:45:45+05:18
0,1,0,0,0,0,2018-12-12 17:54:45+05:18
0,1,0,0,0,0,2018-12-12 18:46:39+05:18
0,0,0,0,0,0,2018-12-12 19:03:11+05:18
0,0,0,0,0,0,2018-12-12 23:31:39+05:18
0,1,0,0,0,0,2018-12-13 12:15:42+05:18
0,1,0,0,0,0,2018-12-13 13:09:04+05:18
0,0,0,0,0,0,2018-12-13 14:26:56+05:18
0,0,0,0,0,0,2018-12-13 14:27:03+05:18
0,1,0,0,0,0,2018-12-13 14:29:48+05:18
1,1,0,0,1,0,2018-12-13 16:55:23+05:18
0,1,0,0,0,0,2018-12-13 18:06:21+05:18
0,0,0,0,0,0,2018-12-13 18:28:55+05:18
0,0,0,0,0,0,2018-12-13 19:15:49+05:18
0,0,0,0,0,0,2018-12-14 08:30:52+05:18
0,0,0,0,0,0,2018-12-14 11:01:58+05:18
1,1,0,0,0,0,2018-12-14 11:28:04+05:18
1,1,0,0,1,0,2018-12-14 11:50:07+05:18
1,1,0,0,1,0,2018-12-14 12:29:40+05:18
1,1,0,0,1,0,2018-12-14 12:42:28+05:18
0,0,0,0,0,0,2018-12-14 12:52:01+05:18
0,0,0,0,0,0,2018-12-14 13:00:48+05:18
0,0,0,0,0,0,2018-12-14 13:02:29+05:18
0,0,0,0,0,0,2018-12-14 14:43:54+05:18
0,0,0,0,0,0,2018-12-14 14:50:05+05:18
0,1,0,0,0,0,2018-12-14 15:46:08+05:18
0,0,0,0,0,0,2018-12-14 15:46:18+05:18
0,1,0,0,0,0,2018-12-14 16:42:35+05:18
0,1,0,0,0,0,2018-12-14 17:32:39+05:18
0,1,0,0,0,0,2018-12-14 18:19:49+05:18
0,1,0,0,0,0,2018-12-14 18:26:34+05:18
0,1,0,0,0,0,2018-12-14 18:40:56+05:18
0,1,0,0,0,0,2018-12-14 18:54:15+05:18
0,0,0,0,0,0,2018-12-14 18:56:32+05:18
0,0,0,0,0,0,2018-12-14 18:56:58+05:18
0,0,0,0,0,0,2018-12-14 20:01:35+05:18
0,1,0,0,0,0,2018-12-17 11:52:10+05:18
0,1,0,0,0,0,2018-12-17 15:54:49+05:18
0,0,0,0,0,0,2018-12-17 15:57:05+05:18
0,1,0,0,0,0,2018-12-17 16:12:01+05:18
0,0,0,0,0,0,2018-12-17 16:18:18+05:18
0,0,0,0,0,0,2018-12-17 16:18:37+05:18
0,1,0,0,0,0,2018-12-17 16:29:44+05:18
0,0,0,0,0,0,2018-12-17 16:31:58+05:18
0,0,0,0,0,0,2018-12-17 16:32:28+05:18
0,1,0,0,0,0,2018-12-17 16:38:36+05:18
0,0,0,0,0,0,2018-12-17 16:59:54+05:18
0,0,0,0,0,0,2018-12-17 17:00:16+05:18
0,1,0,0,0,0,2018-12-17 17:02:10+05:18
0,0,0,0,0,0,2018-12-17 17:25:26+05:18
0,0,0,0,0,0,2018-12-17 17:25:54+05:18
0,1,0,0,0,0,2018-12-17 17:43:49+05:18
0,0,0,0,0,0,2018-12-17 18:08:14+05:18
0,0,0,0,0,0,2018-12-17 18:08:31+05:18
0,0,0,0,0,0,2018-12-17 18:12:52+05:18
0,0,0,0,0,0,2018-12-18 12:15:01+05:18
0,0,0,0,0,0,2018-12-18 19:19:46+05:18
0,0,0,0,0,0,2018-12-19 10:09:21+05:18
0,0,0,0,0,0,2018-12-19 10:22:43+05:18
0,0,0,0,0,0,2018-12-19 12:07:12+05:18
0,0,0,0,0,0,2018-12-20 12:30:28+05:18
0,1,0,0,0,0,2018-12-20 13:18:59+05:18
0,0,0,0,0,0,2018-12-20 13:19:56+05:18
0,0,0,0,0,0,2018-12-20 13:30:42+05:18
0,0,0,0,0,0,2018-12-20 13:31:05+05:18
0,1,0,0,0,0,2018-12-20 15:09:08+05:18
0,0,0,0,0,0,2018-12-20 19:10:13+05:18
0,1,0,0,0,0,2018-12-20 19:11:37+05:18
0,1,0,0,0,0,2018-12-20 19:18:32+05:18
0,1,0,0,0,0,2018-12-20 19:24:26+05:18
0,1,0,0,0,0,2018-12-20 19:27:43+05:18
0,1,0,0,0,0,2018-12-20 19:34:49+05:18
0,1,0,0,0,0,2018-12-20 19:39:37+05:18
0,1,0,0,0,0,2018-12-20 19:43:09+05:18
0,1,0,0,0,0,2018-12-21 02:07:11+05:18
0,1,0,0,0,0,2018-12-21 14:54:45+05:18
0,1,0,0,0,0,2018-12-21 15:58:27+05:18
0,1,0,0,0,0,2018-12-21 16:08:20+05:18
1,1,0,0,1,0,2018-12-21 17:43:39+05:18
1,1,0,0,1,0,2018-12-21 18:09:47+05:18
0,1,0,0,0,0,2018-12-21 19:34:59+05:18
0,0,0,0,0,0,2018-12-21 19:42:54+05:18
0,0,0,0,0,0,2018-12-21 19:55:01+05:18
0,0,0,0,0,0,2018-12-24 12:15:19+05:18
0,0,0,0,0,0,2018-12-24 12:17:19+05:18
0,1,0,0,0,0,2018-12-24 16:59:15+05:18
1,1,0,0,1,0,2018-12-24 16:59:57+05:18
0,0,0,0,0,0,2018-12-24 17:00:02+05:18
0,0,0,0,0,0,2018-12-24 17:06:37+05:18
0,0,0,0,0,0,2018-12-24 17:46:17+05:18
0,0,0,0,0,0,2018-12-24 18:03:41+05:18
0,0,0,0,0,0,2018-12-24 18:12:49+05:18
1,1,0,0,1,0,2018-12-25 11:05:23+05:18
1,1,0,0,1,0,2018-12-25 11:31:46+05:18
0,1,0,0,0,0,2018-12-25 12:21:32+05:18
2,2,0,0,2,0,2018-12-26 12:26:11+05:18
1,1,0,0,1,0,2018-12-26 12:36:56+05:18
1,2,0,0,1,0,2018-12-27 13:10:42+05:18
2,3,0,0,2,0,2018-12-27 15:32:19+05:18
0,1,0,0,0,0,2018-12-27 15:51:03+05:18
0,0,0,0,0,0,2018-12-31 11:21:09+05:18
0,0,0,0,0,0,2018-12-31 16:20:13+05:18
0,0,0,0,0,0,2018-12-31 16:32:49+05:18
0,0,0,0,0,0,2018-12-31 16:57:28+05:18
1,1,0,0,1,0,2019-01-02 10:02:40+00:00
0,1,0,0,0,0,2019-01-02 17:46:02+05:18
0,0,0,0,0,0,2019-01-02 19:14:57+05:18
0,0,0,0,0,0,2019-01-03 12:40:45+05:18
0,0,0,0,0,0,2019-01-03 12:55:36+05:18
0,0,0,0,0,0,2019-01-03 15:30:28+05:18
0,0,0,0,0,0,2019-01-03 15:35:43+05:18
0,0,0,0,0,0,2019-01-03 15:38:28+05:18
2,2,0,0,2,0,2019-01-03 16:52:16+05:18
1,1,0,0,1,0,2019-01-03 12:30:48+00:00
0,0,0,0,0,0,2019-01-03 18:21:59+05:18
0,0,0,0,0,0,2019-01-03 18:40:11+05:18
0,0,0,0,0,0,2019-01-03 23:51:02+05:18
0,0,0,0,0,0,2019-01-04 10:23:40+05:18
0,1,0,0,0,0,2019-01-04 11:04:25+05:18
1,1,0,0,1,0,2019-01-04 12:55:26+05:18
1,1,0,0,1,0,2019-01-04 13:10:41+05:18
0,0,0,0,0,0,2019-01-04 14:43:57+05:18
1,1,0,0,1,0,2019-01-04 09:55:18+00:00
0,0,0,0,0,0,2019-01-04 15:48:01+05:18
0,0,0,0,0,0,2019-01-04 15:49:01+05:18
0,1,0,0,0,0,2019-01-04 16:25:32+05:18
1,1,0,0,1,0,2019-01-04 12:04:29+00:00
0,0,0,0,0,0,2019-01-04 17:50:27+05:18
0,0,0,0,0,0,2019-01-04 17:51:01+05:18
0,0,0,0,0,0,2019-01-04 18:28:45+05:18
0,0,0,0,0,0,2019-01-04 19:11:59+05:18
1,1,0,0,0,0,2019-01-07 13:12:13+05:18
1,1,0,0,0,0,2019-01-07 14:35:12+05:18
0,0,0,0,0,0,2019-01-07 14:49:45+05:18
0,0,0,0,0,0,2019-01-07 18:29:21+05:18
0,0,0,0,0,0,2019-01-07 18:51:41+05:18
0,0,0,0,0,0,2019-01-07 18:57:52+05:18
0,0,0,0,0,0,2019-01-07 22:49:24+05:18
0,0,0,0,0,0,2019-01-07 23:06:52+05:18
0,0,0,0,0,0,2019-01-07 23:21:44+05:18
1,1,0,0,0,0,2019-01-08 11:14:14+05:18
2,2,0,0,1,0,2019-01-08 11:45:42+05:18
0,0,0,0,0,0,2019-01-08 11:48:03+05:18
0,0,0,0,0,0,2019-01-08 11:48:39+05:18
1,1,0,0,0,0,2019-01-08 12:57:35+05:18
0,0,0,0,0,0,2019-01-08 13:01:12+05:18
0,0,0,0,0,0,2019-01-08 13:15:09+05:18
0,0,0,0,0,0,2019-01-08 14:15:26+05:18
1,1,0,0,1,0,2019-01-08 14:52:21+05:18
0,0,0,0,0,0,2019-01-08 17:24:27+05:18
0,0,0,0,0,0,2019-01-08 17:47:25+05:18
1,1,0,0,0,0,2019-01-08 22:04:38+05:18
0,0,0,0,0,0,2019-01-09 10:21:22+05:18
0,0,0,0,0,0,2019-01-09 14:21:16+05:18
0,0,0,0,0,0,2019-01-09 15:03:40+05:18
0,0,0,0,0,0,2019-01-09 18:27:50+05:18
0,0,0,0,0,0,2019-01-10 14:38:01+05:18
1,1,0,0,0,0,2019-01-10 16:08:34+05:18
1,1,0,0,0,0,2019-01-10 16:14:21+05:18
0,0,0,0,0,0,2019-01-10 17:22:07+05:18
3,3,0,0,2,0,2019-01-10 18:10:04+05:18
3,3,0,0,2,0,2019-01-11 15:12:33+05:18
3,3,0,0,2,0,2019-01-11 18:51:29+05:18
1,1,0,0,1,0,2019-01-11 19:05:09+05:18
3,3,0,0,2,0,2019-01-14 15:37:11+05:18
3,3,0,0,2,0,2019-01-14 16:59:29+05:18
1,1,0,0,1,0,2019-01-14 17:02:15+05:18
1,1,0,0,1,0,2019-01-14 17:04:39+05:18
3,3,0,0,3,0,2019-01-14 18:18:53+05:18
