Acquisition,Preparation,Modeling,Training,Evaluation,Prediction,time
0,0,0,0,0,0,2019-02-04 13:26:16-08:00
0,0,0,0,0,0,2019-02-04 13:30:46-08:00
1,2,0,0,2,0,2019-04-02 18:14:15-07:00
0,0,0,0,0,0,2019-04-03 16:00:19-07:00
1,0,0,0,0,0,2019-04-03 18:10:17-07:00
0,1,0,0,1,0,2019-04-06 10:59:39-07:00
1,0,0,0,0,0,2019-04-06 11:01:56-07:00
1,2,0,0,2,0,2019-04-06 12:06:55-07:00
2,1,0,0,0,0,2019-04-11 13:07:35-07:00
0,0,0,0,0,0,2019-04-11 13:18:21-07:00
0,0,0,0,0,0,2019-04-11 13:20:06-07:00
0,0,0,0,0,0,2019-04-11 13:22:12-07:00
0,0,0,0,0,0,2019-04-11 13:32:27-07:00
0,0,0,0,0,0,2019-04-11 13:58:49-07:00
0,0,0,0,0,0,2019-04-11 14:33:06-07:00
1,1,0,0,0,0,2019-04-11 23:15:32-07:00
1,1,0,0,0,0,2019-04-14 01:26:34-07:00
1,1,0,0,0,0,2019-04-15 20:16:20-07:00
0,0,0,0,0,0,2019-04-15 20:22:01-07:00
0,0,0,0,0,0,2019-04-15 20:24:31-07:00
1,1,0,0,0,0,2019-04-15 20:36:17-07:00
0,1,0,0,0,0,2019-04-20 21:05:16-07:00
0,1,0,0,0,0,2019-04-21 01:46:28-07:00
0,1,0,0,0,0,2019-04-22 12:07:36-07:00
1,1,0,0,0,0,2019-04-27 23:12:42-07:00
0,0,0,0,0,0,2019-04-27 23:34:54-07:00
0,2,0,0,1,0,2019-04-29 17:45:20-07:00
3,2,0,0,0,0,2019-05-02 19:53:43-07:00
4,6,2,3,4,2,2019-10-13 22:15:30-07:00
0,0,0,0,0,0,2019-10-13 22:17:28-07:00
1,1,1,1,1,1,2019-10-14 18:53:05-07:00
1,3,3,3,3,1,2019-10-20 01:36:46-07:00
0,1,1,1,1,1,2019-10-27 22:12:34-07:00
6,14,0,0,0,0,2019-12-01 18:37:03-08:00
2,3,0,0,0,0,2019-12-08 06:20:55-08:00
2,2,0,0,0,0,2019-12-10 02:44:59-08:00
1,1,0,0,0,0,2019-12-14 23:42:02-08:00
1,4,3,3,3,0,2020-01-05 05:11:06-08:00
0,0,0,0,0,0,2020-01-14 05:51:47-08:00
0,0,0,0,0,0,2020-01-14 06:02:36-08:00
5,8,2,1,0,3,2020-01-14 06:14:42-08:00
0,0,0,0,0,0,2020-01-14 14:52:07+00:00
0,0,0,0,0,0,2020-01-14 07:03:01-08:00
0,0,0,0,0,0,2020-01-14 07:06:00-08:00
1,2,0,0,0,0,2020-02-11 20:51:13-08:00
0,0,0,0,0,0,2020-02-11 20:52:00-08:00
3,10,0,0,0,0,2020-02-11 20:53:10-08:00
0,0,0,0,0,0,2020-02-12 04:55:42+00:00
1,2,0,0,0,0,2020-02-12 02:47:03-08:00
1,1,0,0,0,0,2020-02-20 22:04:37-08:00
3,3,0,0,0,0,2020-02-25 00:33:43-08:00
2,2,0,1,1,0,2020-03-01 02:49:11-08:00
2,2,0,1,1,1,2020-03-04 21:19:06-08:00
5,5,0,1,1,1,2020-03-06 03:36:48-08:00
2,2,0,1,1,1,2020-03-07 02:24:30-08:00
4,4,0,1,1,1,2020-03-08 01:00:06-08:00
2,2,0,1,1,1,2020-03-11 13:43:19-07:00
0,0,0,0,0,0,2020-03-11 13:53:57-07:00
5,5,0,2,2,2,2020-03-12 01:05:04-07:00
0,0,0,0,0,0,2020-03-12 01:07:52-07:00
1,1,0,1,1,1,2020-03-12 20:30:33-07:00
5,5,0,2,2,2,2020-03-13 21:55:58-07:00
8,5,1,3,3,3,2020-03-19 02:57:10-07:00
4,4,0,0,1,1,2020-03-21 07:04:34-07:00
5,5,0,1,2,2,2020-03-22 02:27:04-07:00
2,1,0,1,1,1,2020-03-22 05:15:08-07:00
4,3,0,1,2,2,2020-03-23 03:21:26-07:00
4,3,0,1,2,2,2020-03-23 23:03:45-07:00
2,2,0,0,1,1,2020-03-23 23:10:54-07:00
1,0,0,0,0,0,2020-03-23 23:49:37-07:00
1,1,0,0,1,1,2020-03-24 01:22:25-07:00
1,2,0,0,1,1,2020-03-24 23:28:41-07:00
0,0,0,0,0,0,2020-03-25 02:31:23-07:00
0,0,0,0,0,0,2020-03-25 09:32:25+00:00
0,0,0,0,0,0,2020-03-25 09:32:48+00:00
1,1,0,1,1,1,2020-03-25 02:49:02-07:00
6,6,0,1,2,2,2020-03-26 05:02:05-07:00
0,0,0,0,0,0,2020-03-26 05:10:15-07:00
0,0,0,0,0,0,2020-03-26 05:10:31-07:00
1,1,0,0,1,0,2020-03-28 00:23:12-07:00
1,1,0,0,1,0,2020-03-28 00:26:04-07:00
0,0,0,0,0,0,2020-03-28 00:26:30-07:00
1,2,0,0,0,0,2020-03-29 04:53:15-07:00
0,1,1,1,1,1,2020-03-30 18:38:28-07:00
0,0,0,0,0,0,2020-09-10 16:23:21-07:00
