Acquisition,Preparation,Modeling,Training,Evaluation,Prediction,time
1,17,2,3,2,0,2020-05-10 11:52:44+02:00
1,2,0,1,0,0,2020-05-11 23:23:11+02:00
0,0,0,0,0,0,2020-05-11 23:44:08+02:00
0,0,0,0,0,0,2020-05-12 10:51:45+02:00
0,0,0,0,0,0,2020-05-12 10:53:34+02:00
0,1,0,0,0,0,2020-05-12 14:35:25+02:00
0,1,0,0,0,0,2020-05-12 14:46:12+02:00
0,0,0,0,0,0,2020-05-12 14:50:05+02:00
1,1,0,1,0,0,2020-05-12 21:23:58+02:00
0,1,0,0,0,0,2020-05-12 21:25:22+02:00
0,0,0,0,0,0,2020-05-12 21:27:02+02:00
0,2,0,0,0,0,2020-05-12 21:29:04+02:00
0,0,0,0,0,0,2020-05-12 21:32:44+02:00
0,1,0,0,0,0,2020-05-13 11:09:05+02:00
0,2,0,0,0,0,2020-05-13 14:43:04+02:00
0,1,1,0,0,0,2020-05-13 14:46:57+02:00
0,0,0,0,0,0,2020-05-13 14:48:04+02:00
0,1,0,0,0,0,2020-05-13 17:59:37+02:00
0,1,1,0,0,0,2020-05-13 18:05:11+02:00
0,1,0,1,1,0,2020-05-13 18:08:24+02:00
0,0,0,0,0,0,2020-05-13 18:09:29+02:00
0,0,1,0,0,0,2020-05-13 18:25:14+02:00
0,1,0,0,0,0,2020-05-14 09:55:29+02:00
0,0,0,0,0,0,2020-05-14 10:04:13+02:00
0,2,0,0,0,0,2020-05-14 16:57:34+02:00
0,1,0,0,0,1,2020-05-14 17:00:29+02:00
0,0,0,0,0,0,2020-05-14 17:01:27+02:00
0,0,1,0,0,0,2020-05-14 17:04:57+02:00
0,1,0,0,0,0,2020-05-15 18:22:00+02:00
0,1,0,0,0,0,2020-05-15 18:27:04+02:00
0,1,1,0,0,0,2020-05-16 16:39:39+02:00
0,1,0,0,0,0,2020-05-16 16:41:08+02:00
0,0,1,0,1,0,2020-05-16 22:58:10+02:00
0,0,0,0,0,0,2020-05-16 23:03:54+02:00
0,0,0,0,0,0,2020-05-16 23:04:51+02:00
0,0,1,0,0,0,2020-05-16 23:06:02+02:00
0,0,0,0,0,0,2020-05-16 23:09:32+02:00
0,0,0,0,0,0,2020-05-22 10:56:54+02:00
0,2,0,1,1,0,2020-05-22 11:23:27+02:00
0,1,0,0,0,1,2020-05-22 11:26:33+02:00
0,0,0,0,0,0,2020-05-22 11:35:00+02:00
0,0,1,0,0,0,2020-05-22 14:28:43+02:00
0,2,1,0,0,0,2020-05-22 15:08:07+02:00
0,0,0,0,0,0,2020-05-23 11:17:25+02:00
0,1,0,0,0,1,2020-05-23 11:21:30+02:00
1,1,0,1,0,0,2020-05-23 11:30:59+02:00
0,0,1,0,1,0,2020-05-23 11:38:18+02:00
1,4,1,0,1,0,2020-05-23 21:34:51+02:00
0,0,0,0,0,0,2020-05-23 21:36:07+02:00
0,0,0,0,0,0,2020-05-23 21:47:32+02:00
0,1,0,0,0,0,2020-05-23 21:48:31+02:00
0,0,0,0,0,0,2020-05-23 21:54:17+02:00
0,6,4,0,1,0,2020-05-23 21:55:13+02:00
0,0,1,0,0,0,2020-05-25 00:33:57+02:00
0,0,1,0,0,0,2020-05-25 00:35:53+02:00
0,0,0,0,0,0,2020-05-25 00:37:38+02:00
0,0,0,0,0,0,2020-05-25 00:38:37+02:00
1,1,1,0,1,0,2020-05-25 00:41:08+02:00
0,1,1,0,0,0,2020-05-25 00:41:49+02:00
0,0,1,0,0,0,2020-05-25 00:42:13+02:00
0,0,0,0,0,0,2020-05-25 00:45:41+02:00
0,0,0,0,0,0,2020-05-28 23:40:17+02:00
3,2,2,1,2,0,2020-05-28 23:45:47+02:00
0,0,0,0,0,0,2020-05-28 23:52:49+02:00
0,0,0,0,0,0,2020-05-28 23:53:35+02:00
