Acquisition,Preparation,Modeling,Training,Evaluation,Prediction,time
0,0,0,0,0,0,2020-12-07 23:36:27+02:00
4,10,2,2,1,3,2020-12-22 15:22:03+02:00
2,1,0,0,0,0,2020-12-22 15:48:12+02:00
4,10,2,2,1,3,2020-12-22 22:04:50+02:00
0,0,0,0,0,0,2020-12-23 17:09:51+02:00
8,22,6,7,2,6,2020-12-23 15:14:52+02:00
0,0,0,0,0,0,2020-12-23 17:32:02+02:00
0,0,0,0,0,0,2020-12-23 17:41:03+02:00
0,1,0,0,0,1,2020-12-23 17:43:23+02:00
0,1,0,0,0,1,2020-12-23 18:08:27+02:00
0,1,0,0,0,1,2020-12-23 18:18:43+02:00
2,7,0,0,0,0,2020-12-24 14:33:30+02:00
3,3,1,1,1,1,2021-01-09 11:33:51+02:00
0,0,0,0,0,0,2021-01-09 17:23:16+02:00
0,0,0,0,0,0,2021-01-09 18:32:53+02:00
2,2,1,1,1,1,2021-01-09 19:17:18+02:00
2,3,0,1,1,1,2021-01-09 19:21:40+02:00
0,0,0,0,0,0,2021-01-13 11:48:49+02:00
0,0,0,0,0,0,2021-01-13 11:53:09+02:00
1,1,0,0,1,1,2021-01-13 20:48:42+02:00
2,2,0,0,2,2,2021-01-13 21:14:09+02:00
0,0,0,0,0,0,2021-01-13 21:14:32+02:00
2,2,0,0,0,0,2021-01-13 21:25:57+02:00
0,0,0,0,0,0,2021-01-13 21:29:56+02:00
0,0,0,0,0,0,2021-01-13 21:51:51+02:00
1,1,0,0,0,0,2021-01-13 21:56:36+02:00
4,8,2,3,1,2,2021-01-13 22:39:20+02:00
2,4,2,3,2,2,2021-01-13 22:44:07+02:00
0,0,0,0,0,0,2021-01-13 22:46:36+02:00
2,2,2,2,2,2,2021-01-13 22:56:30+02:00
0,0,0,0,0,0,2021-01-14 00:15:45+02:00
2,2,2,2,2,2,2021-01-14 00:15:56+02:00
1,0,0,0,0,0,2021-01-15 15:18:12+02:00
0,0,0,0,0,0,2021-01-15 15:31:30+02:00
0,0,0,0,0,0,2021-01-15 16:35:58+02:00
1,1,1,1,1,1,2021-01-15 17:05:00+02:00
0,0,0,0,0,0,2021-01-15 17:05:05+02:00
1,1,1,1,0,1,2021-01-15 17:37:58+02:00
1,1,1,1,0,1,2021-01-15 17:38:10+02:00
1,0,0,0,0,0,2021-01-15 18:35:18+02:00
0,0,0,0,0,0,2021-01-15 18:36:26+02:00
1,2,1,1,0,2,2021-01-15 19:26:39+02:00
0,1,0,0,0,1,2021-01-15 20:09:09+02:00
0,0,0,0,0,0,2021-01-16 02:36:40+02:00
2,2,2,2,0,2,2021-01-16 23:11:53+02:00
0,0,0,0,0,0,2021-01-16 23:13:39+02:00
2,2,2,2,0,2,2021-01-17 00:28:09+02:00
2,2,2,2,0,2,2021-01-17 12:42:31+02:00
2,2,2,2,0,2,2021-01-17 17:46:45+02:00
2,2,2,2,2,2,2021-01-20 09:25:50+02:00
0,0,0,0,0,0,2021-01-20 09:33:11+02:00
0,0,0,0,0,0,2021-01-20 09:40:32+02:00
2,2,2,2,2,2,2021-01-20 23:14:12+02:00
0,3,0,0,0,1,2021-01-21 15:10:51+02:00
0,0,0,0,0,0,2021-01-21 15:10:57+02:00
2,2,2,2,2,2,2021-01-21 16:51:33+02:00
0,0,0,0,0,0,2021-01-21 16:51:45+02:00
0,1,0,0,0,1,2021-01-21 17:54:52+02:00
0,0,0,0,0,0,2021-01-21 17:55:21+02:00
0,0,0,0,0,0,2021-01-21 17:55:23+02:00
0,1,0,0,0,1,2021-01-21 20:00:25+02:00
0,1,0,0,0,1,2021-01-21 21:07:46+02:00
5,5,4,4,4,4,2021-01-23 10:06:48+02:00
0,0,0,0,0,0,2021-01-23 10:07:00+02:00
2,2,2,2,2,2,2021-01-23 10:10:54+02:00
0,1,0,0,0,1,2021-01-23 12:16:23+02:00
0,0,0,0,0,0,2021-01-23 12:16:25+02:00
0,1,0,0,0,1,2021-01-23 12:38:11+02:00
0,0,0,0,0,0,2021-01-23 12:48:58+02:00
0,1,0,0,0,1,2021-01-23 17:47:59+02:00
0,0,0,0,0,0,2021-01-23 17:49:20+02:00
0,0,0,0,0,0,2021-01-23 17:56:10+02:00
1,4,1,1,0,3,2021-01-25 22:35:58+02:00
0,0,0,0,0,0,2021-01-27 15:28:47+02:00
