Acquisition,Preparation,Modeling,Training,Evaluation,Prediction,time
1,1,0,0,0,0,2018-04-09 17:58:56+02:00
1,1,0,0,0,0,2018-04-09 18:47:09+02:00
0,0,0,0,0,0,2018-04-09 18:47:21+02:00
0,0,0,0,0,0,2018-04-10 11:34:45+02:00
1,1,0,0,0,0,2018-04-10 11:34:51+02:00
1,1,0,0,0,0,2018-04-10 14:16:16+02:00
1,1,0,1,0,0,2018-04-10 15:34:33+02:00
1,1,0,0,0,0,2018-04-10 16:23:15+02:00
0,0,0,0,0,0,2018-04-10 16:23:42+02:00
0,0,0,0,0,0,2018-04-10 16:25:56+02:00
0,0,0,0,0,0,2018-04-10 20:21:16+02:00
0,0,0,0,0,0,2018-04-10 20:22:00+02:00
0,0,0,0,0,0,2018-04-10 20:22:53+02:00
0,1,0,0,0,1,2018-04-10 20:23:06+02:00
1,1,0,0,0,0,2018-04-10 20:23:16+02:00
0,0,0,1,0,0,2018-04-10 20:23:43+02:00
0,0,0,0,0,0,2018-04-10 20:24:24+02:00
2,5,0,1,0,1,2018-04-11 13:21:06+02:00
1,1,0,0,0,0,2018-04-13 11:54:10+02:00
0,1,0,0,0,0,2018-04-13 11:54:21+02:00
1,1,0,0,0,0,2018-04-13 17:49:27+02:00
2,5,0,1,0,2,2018-04-13 17:49:35+02:00
0,1,0,0,0,0,2018-04-13 17:50:27+02:00
0,1,0,0,0,1,2018-04-13 17:58:27+02:00
0,1,0,0,0,0,2018-04-14 16:31:44+02:00
1,1,0,0,0,0,2018-04-14 17:02:44+02:00
1,1,0,0,0,0,2018-04-14 17:02:58+02:00
2,5,1,1,0,0,2018-04-14 19:07:43+02:00
2,6,1,1,0,0,2018-04-15 23:32:33+02:00
1,1,0,0,0,0,2018-04-16 16:20:02+02:00
0,1,1,0,0,1,2018-05-09 11:22:33+02:00
0,1,0,0,0,0,2018-05-09 11:22:42+02:00
1,1,0,0,0,0,2018-05-09 11:22:49+02:00
0,1,0,0,1,0,2018-05-09 11:23:12+02:00
0,1,0,1,0,0,2018-05-09 11:24:28+02:00
1,1,0,0,0,0,2018-05-09 11:24:52+02:00
1,1,0,0,0,0,2018-05-09 11:35:05+02:00
1,2,0,1,0,0,2018-05-09 13:09:37+02:00
0,1,1,0,0,1,2018-05-11 12:16:12+02:00
1,1,0,0,0,0,2018-05-11 12:16:30+02:00
1,1,0,0,0,0,2018-05-11 12:16:46+02:00
0,1,1,1,0,0,2018-05-11 12:17:06+02:00
1,1,0,0,0,0,2018-05-13 19:31:16+02:00
0,2,2,1,0,1,2018-05-13 19:32:04+02:00
0,1,1,0,0,1,2018-05-14 11:47:29+02:00
1,1,0,0,0,0,2018-05-14 11:47:41+02:00
1,1,0,0,0,0,2018-05-14 11:48:01+02:00
1,1,1,1,1,0,2018-05-14 11:48:38+02:00
0,0,0,0,0,0,2018-05-15 10:03:48+02:00
1,1,0,0,0,0,2018-05-15 10:04:27+02:00
0,1,1,0,0,1,2018-05-15 10:04:54+02:00
0,1,0,0,1,0,2018-05-15 10:05:11+02:00
0,1,0,0,0,0,2018-05-15 10:05:36+02:00
1,1,1,1,1,0,2018-05-15 10:07:49+02:00
1,1,0,0,0,0,2018-05-15 19:29:18+02:00
1,1,1,0,1,0,2018-05-15 19:29:36+02:00
0,1,0,0,0,0,2018-05-15 19:29:44+02:00
1,1,0,0,0,0,2018-05-16 14:26:15+02:00
0,1,1,0,0,0,2018-05-16 14:26:30+02:00
1,1,1,0,1,0,2018-05-16 14:26:50+02:00
0,1,1,0,1,0,2018-05-17 10:31:38+02:00
0,1,1,0,1,0,2018-05-28 15:53:13+02:00
1,1,1,0,1,0,2018-05-28 15:53:27+02:00
4,9,3,1,3,3,2018-05-28 15:57:46+02:00
1,3,1,0,1,1,2018-05-28 16:01:38+02:00
0,1,1,0,0,1,2018-05-28 16:28:13+02:00
1,1,1,0,1,0,2018-05-28 16:28:21+02:00
0,1,1,0,0,1,2018-05-29 10:22:22+02:00
3,3,1,0,1,0,2018-05-29 10:22:38+02:00
0,1,1,0,0,1,2018-06-01 09:27:31+02:00
2,3,1,0,2,0,2018-06-01 09:28:47+02:00
2,3,0,0,0,0,2018-06-01 09:29:55+02:00
1,1,0,0,0,0,2018-06-01 09:30:07+02:00
2,2,1,0,1,0,2018-06-04 16:19:24+02:00
2,2,1,0,1,0,2018-06-06 11:00:15+02:00
3,7,2,0,2,2,2018-06-06 11:00:19+02:00
1,2,0,0,0,1,2018-06-08 15:43:50+02:00
0,1,1,0,0,1,2018-06-08 15:44:07+02:00
1,1,0,0,0,0,2018-06-08 15:44:19+02:00
1,1,0,1,0,0,2018-06-08 15:45:05+02:00
1,1,0,1,0,0,2018-06-08 15:45:20+02:00
1,1,1,0,1,0,2018-06-08 15:45:39+02:00
0,1,0,0,0,0,2018-06-08 15:45:46+02:00
0,1,0,0,1,1,2018-06-08 15:45:58+02:00
0,0,0,0,0,1,2018-06-11 13:59:28+02:00
7,13,4,2,3,3,2018-06-11 14:02:09+02:00
4,6,2,2,2,1,2018-06-11 19:42:15+02:00
0,1,0,0,0,0,2018-06-12 10:57:22+02:00
1,1,0,0,0,0,2018-06-12 10:58:09+02:00
0,0,0,0,0,0,2018-06-12 16:07:45+02:00
0,0,0,0,0,0,2018-06-12 16:07:59+02:00
0,0,0,0,0,0,2018-06-12 16:08:15+02:00
0,1,0,0,0,0,2018-06-12 16:08:31+02:00
1,1,1,0,1,0,2018-06-12 16:08:54+02:00
1,1,0,0,0,0,2018-06-12 16:09:13+02:00
1,1,1,0,1,0,2018-06-12 17:31:50+02:00
0,0,0,0,0,0,2018-06-12 17:32:01+02:00
1,1,0,1,0,0,2018-06-12 17:33:53+02:00
0,0,0,0,0,0,2018-06-12 17:34:01+02:00
0,1,0,0,0,0,2018-06-13 14:29:31+02:00
1,2,0,0,0,0,2018-06-13 14:29:46+02:00
0,0,0,0,0,0,2018-06-13 14:29:54+02:00
1,1,0,1,0,0,2018-06-13 14:30:11+02:00
0,0,0,0,0,0,2018-06-13 14:30:20+02:00
3,3,1,1,1,0,2018-06-13 14:30:30+02:00
1,1,0,1,0,0,2018-06-13 15:15:06+02:00
0,0,0,0,0,0,2018-06-13 15:16:24+02:00
1,2,0,1,0,0,2018-06-13 16:03:24+02:00
0,0,0,0,0,0,2018-06-13 16:31:02+02:00
1,0,0,0,0,0,2018-06-13 17:38:42+02:00
0,1,0,0,0,0,2018-06-13 17:39:01+02:00
0,0,0,0,0,0,2018-06-13 18:24:51+02:00
2,1,0,1,0,0,2018-06-13 19:24:27+02:00
0,0,0,0,0,0,2018-06-13 19:24:35+02:00
0,0,0,0,0,0,2018-06-13 19:24:43+02:00
1,1,0,1,0,0,2018-06-13 19:28:00+02:00
1,1,0,1,0,0,2018-06-14 10:21:35+02:00
3,4,1,1,1,0,2018-06-14 10:21:52+02:00
0,0,0,0,0,0,2018-06-15 10:38:35+02:00
1,2,0,0,0,0,2018-06-15 10:38:41+02:00
1,1,0,1,0,0,2018-06-15 16:39:20+02:00
0,1,0,0,0,0,2018-06-15 16:39:37+02:00
1,1,1,0,1,0,2018-06-15 16:39:48+02:00
0,0,0,0,0,0,2018-06-15 16:40:53+02:00
0,2,1,0,0,1,2018-06-15 16:41:09+02:00
0,1,1,0,0,1,2018-06-15 17:28:52+02:00
0,1,0,0,0,0,2018-06-15 17:29:10+02:00
1,1,0,1,0,0,2018-06-15 18:52:23+02:00
1,1,0,0,0,0,2018-06-15 18:52:38+02:00
0,1,1,0,0,1,2018-06-15 18:52:50+02:00
0,1,0,0,0,0,2018-06-15 18:54:12+02:00
1,1,0,1,0,0,2018-06-15 18:56:21+02:00
0,1,0,0,0,0,2018-06-15 18:56:57+02:00
0,1,1,0,0,1,2018-06-18 14:37:50+02:00
1,1,0,1,0,0,2018-06-18 14:38:07+02:00
1,1,1,0,1,0,2018-06-18 14:38:16+02:00
1,1,1,0,1,0,2018-06-18 14:56:29+02:00
0,0,0,0,0,0,2018-06-29 14:40:50+02:00
1,1,0,1,0,0,2018-06-29 14:41:02+02:00
2,2,1,1,1,0,2018-06-29 14:41:15+02:00
0,0,0,0,0,0,2018-07-09 15:21:16+02:00
0,0,0,0,0,0,2018-07-09 15:28:19+02:00
2,2,0,1,0,0,2018-07-09 17:56:49+02:00
1,1,1,0,1,0,2018-07-09 17:57:04+02:00
1,1,1,0,1,0,2018-07-10 11:32:32+02:00
1,1,0,1,0,0,2018-07-10 11:32:39+02:00
1,1,1,0,1,0,2018-07-10 11:48:25+02:00
1,1,0,1,0,0,2018-07-10 11:48:41+02:00
1,1,0,1,0,0,2018-07-10 11:49:00+02:00
1,2,0,1,0,1,2018-07-25 14:39:08+02:00
3,5,2,1,1,1,2018-07-26 18:45:00+02:00
1,1,0,1,0,0,2018-07-27 10:29:14+02:00
3,4,1,2,0,1,2018-07-27 14:14:53+02:00
1,1,0,1,0,0,2018-08-21 18:22:34+02:00
2,4,2,0,1,1,2018-08-21 18:23:22+02:00
5,6,2,2,1,1,2018-09-03 12:00:00+02:00
3,7,2,1,1,1,2018-09-14 14:00:26+02:00
3,7,2,2,1,1,2018-09-20 11:03:44+02:00
1,2,1,0,0,1,2018-09-24 17:26:52+02:00
3,3,1,1,1,0,2018-10-25 14:00:15+02:00
0,0,0,0,0,0,2018-10-25 14:14:34+02:00
0,0,0,0,0,0,2018-10-25 14:24:28+02:00
0,0,0,0,0,0,2018-10-25 14:25:02+02:00
0,0,0,0,0,0,2018-10-25 14:30:48+02:00
0,0,0,0,0,0,2018-10-25 14:39:33+02:00
0,0,0,0,0,0,2018-10-25 14:59:41+02:00
0,0,0,0,0,0,2018-10-25 17:59:46+02:00
0,0,0,0,0,0,2018-11-30 10:08:49+01:00
