Acquisition,Preparation,Modeling,Training,Evaluation,Prediction,time
0,0,0,0,0,0,2017-09-10 09:14:34-04:00
0,0,0,0,0,0,2017-09-10 09:16:43-04:00
0,0,0,0,0,0,2017-09-10 09:17:52-04:00
0,0,0,0,0,0,2017-09-10 09:27:29-04:00
0,0,0,0,0,0,2017-09-10 09:31:52-04:00
0,0,0,0,0,0,2017-09-10 09:42:31-04:00
1,1,0,0,0,0,2017-09-10 09:43:08-04:00
0,0,0,0,0,0,2017-09-10 09:43:20-04:00
0,0,0,0,0,0,2017-09-10 09:43:39-04:00
1,1,0,0,0,0,2017-09-10 10:02:19-04:00
0,1,1,0,0,0,2017-09-10 10:03:08-04:00
0,0,0,0,0,0,2017-09-10 10:03:18-04:00
0,1,1,0,0,0,2017-09-10 15:23:38-04:00
1,1,0,0,0,0,2017-09-11 15:53:11-04:00
0,0,0,0,0,0,2017-09-11 15:53:47-04:00
0,1,1,0,0,0,2017-09-11 15:54:15-04:00
1,1,0,0,0,0,2017-09-16 20:18:03-04:00
0,1,1,0,0,0,2017-09-16 20:18:34-04:00
0,1,0,1,0,0,2017-09-16 20:43:49-04:00
0,0,0,0,0,0,2017-09-16 20:44:08-04:00
0,0,0,0,0,0,2017-09-16 20:55:01-04:00
0,0,0,0,0,0,2017-09-16 20:55:36-04:00
0,1,0,0,0,0,2017-09-16 20:56:05-04:00
0,1,0,1,0,0,2017-09-16 21:18:17-04:00
0,0,0,0,0,0,2017-09-16 21:18:47-04:00
0,0,0,0,0,0,2017-09-16 21:19:53-04:00
1,1,0,0,0,0,2017-09-17 09:20:44-04:00
1,1,0,0,0,0,2017-09-17 09:21:00-04:00
1,1,0,0,0,0,2017-09-17 09:21:19-04:00
1,1,0,0,0,0,2017-09-17 10:00:34-04:00
0,1,0,1,0,0,2017-09-17 10:00:58-04:00
0,0,0,0,0,0,2017-09-17 10:01:14-04:00
0,1,0,0,0,0,2017-09-17 17:44:57-04:00
0,1,0,1,0,0,2017-09-17 17:45:32-04:00
0,1,0,1,0,0,2017-09-17 17:46:22-04:00
1,1,0,0,0,0,2017-09-17 17:47:38-04:00
1,1,0,1,0,0,2017-09-17 17:48:00-04:00
0,0,0,0,0,0,2017-09-17 17:48:14-04:00
0,0,0,0,0,0,2017-09-17 17:48:32-04:00
0,0,0,0,0,0,2017-09-17 22:28:36-04:00
0,1,0,1,0,1,2017-09-17 22:29:25-04:00
0,0,0,0,0,1,2017-09-17 22:29:47-04:00
0,0,0,0,0,0,2017-09-17 22:30:02-04:00
0,0,0,0,0,0,2017-09-17 22:30:17-04:00
0,0,0,0,0,0,2017-09-18 13:09:55-04:00
0,0,0,0,0,0,2017-09-18 13:10:08-04:00
0,0,0,0,0,0,2017-09-18 13:10:18-04:00
0,1,0,1,0,1,2017-09-18 13:10:40-04:00
0,0,0,0,0,0,2017-09-18 13:12:09-04:00
0,0,0,0,0,0,2017-09-18 15:20:22-04:00
0,1,0,1,0,1,2017-09-18 15:20:48-04:00
0,1,0,1,0,0,2017-09-18 15:21:36-04:00
0,1,0,1,0,1,2017-09-18 16:10:10-04:00
0,0,0,0,0,0,2017-09-18 16:39:03-04:00
1,1,0,1,0,1,2017-09-18 16:39:17-04:00
0,0,0,0,0,0,2019-07-05 11:18:19-04:00
