Acquisition,Preparation,Modeling,Training,Evaluation,Prediction,time
0,0,0,0,0,0,2020-12-23 09:49:58+01:00
0,0,0,0,0,0,2020-12-23 10:11:03+01:00
0,0,0,0,0,0,2020-12-23 10:56:49+01:00
0,0,0,0,0,0,2020-12-27 13:53:05+01:00
1,0,0,0,0,0,2020-12-27 13:55:20+01:00
0,0,0,0,0,0,2020-12-27 13:56:00+01:00
0,0,0,0,0,0,2020-12-27 13:56:17+01:00
0,0,0,0,0,0,2020-12-27 14:06:20+01:00
0,0,0,0,0,0,2020-12-27 14:40:11+01:00
0,0,0,0,0,0,2020-12-27 14:53:45+01:00
0,0,0,0,0,0,2020-12-27 14:54:19+01:00
0,0,0,0,0,0,2020-12-27 14:54:24+01:00
1,0,0,1,0,0,2020-12-27 15:39:04+01:00
1,1,0,1,0,0,2020-12-29 14:15:18+01:00
0,0,0,0,0,0,2020-12-30 18:10:42+01:00
1,1,0,1,0,0,2020-12-30 18:11:58+01:00
1,1,0,0,0,0,2021-01-01 16:30:45+01:00
0,0,0,0,0,0,2021-01-01 18:11:08+01:00
0,0,0,0,0,0,2021-01-02 12:59:38+01:00
1,1,0,1,0,0,2021-01-02 15:21:17+01:00
0,0,0,0,0,0,2021-01-02 15:33:25+01:00
1,1,0,1,0,0,2021-01-02 15:38:53+01:00
1,1,0,1,0,1,2021-01-02 17:00:29+01:00
1,1,0,1,0,1,2021-01-02 17:11:43+01:00
1,1,0,1,0,1,2021-01-02 17:17:45+01:00
0,0,0,0,0,0,2021-01-02 17:30:54+01:00
1,1,0,1,0,1,2021-01-02 17:33:45+01:00
1,1,0,1,0,0,2021-01-03 16:50:16+01:00
0,0,0,0,0,0,2021-01-03 16:50:22+01:00
0,0,0,0,0,0,2021-01-04 16:15:05+01:00
3,3,0,2,0,1,2021-01-05 16:09:12+01:00
3,3,0,1,0,1,2021-01-05 18:45:10+01:00
1,1,0,0,0,1,2021-01-06 11:00:11+01:00
2,2,0,1,0,1,2021-01-06 17:16:09+01:00
1,1,0,0,0,1,2021-01-06 17:57:08+01:00
1,1,0,0,0,1,2021-01-06 18:13:37+01:00
1,0,0,0,0,0,2021-01-07 16:19:05+01:00
0,0,0,0,0,0,2021-01-07 16:20:38+01:00
1,1,0,1,0,1,2021-01-10 14:06:57+01:00
0,0,0,0,0,0,2021-01-10 14:10:25+01:00
1,1,0,0,0,1,2021-01-10 16:17:15+01:00
1,0,0,0,0,0,2021-01-10 17:01:16+01:00
1,0,0,0,0,0,2021-01-10 17:11:02+01:00
1,1,0,0,0,1,2021-01-10 17:12:12+01:00
0,0,0,0,0,0,2021-01-10 17:24:26+01:00
0,0,0,0,0,0,2021-01-11 13:02:18+01:00
0,0,0,0,0,0,2021-01-11 15:39:52+01:00
0,0,0,0,0,0,2021-01-11 15:42:38+01:00
1,1,0,0,0,1,2021-01-12 10:26:50+01:00
0,0,0,0,0,0,2021-01-12 17:18:26+01:00
0,0,0,0,0,0,2021-01-12 17:18:42+01:00
2,1,0,0,0,1,2021-01-12 17:21:09+01:00
2,2,1,1,0,2,2021-01-15 15:41:08+01:00
3,2,0,0,0,1,2021-01-17 17:05:37+01:00
0,0,0,0,0,0,2021-01-17 17:48:06+01:00
3,2,0,1,0,1,2021-01-17 19:56:16+01:00
1,1,0,0,0,1,2021-01-19 14:53:25+01:00
1,1,0,0,0,1,2021-01-20 11:07:13+01:00
0,0,0,0,0,0,2021-01-20 11:16:40+01:00
0,0,0,0,0,0,2021-01-20 11:24:14+01:00
0,0,0,0,0,0,2021-01-20 11:28:50+01:00
0,0,0,0,0,0,2021-01-23 11:44:34+01:00
0,0,0,0,0,0,2021-01-23 11:45:12+01:00
0,0,0,0,0,0,2021-01-23 17:44:26+01:00
0,0,0,0,0,0,2021-01-23 17:44:55+01:00
0,0,0,0,0,0,2021-01-23 17:45:15+01:00
0,0,0,0,0,0,2021-01-23 17:45:43+01:00
0,0,0,0,0,0,2021-01-23 18:20:53+01:00
0,0,0,0,0,0,2021-01-23 18:40:40+01:00
2,2,0,1,0,1,2021-01-23 18:21:31+01:00
1,1,0,0,0,1,2021-01-23 18:40:19+01:00
1,0,0,0,0,0,2021-01-23 21:35:44+01:00
2,1,0,0,0,0,2021-01-23 21:36:28+01:00
3,2,0,0,0,1,2021-01-23 21:39:15+01:00
1,1,0,0,0,1,2021-01-23 21:42:02+01:00
0,0,0,0,0,0,2021-01-23 22:12:18+01:00
1,0,0,0,0,0,2021-01-23 22:20:47+01:00
1,1,0,1,0,0,2021-01-23 22:21:52+01:00
1,1,0,0,0,1,2021-01-23 22:22:13+01:00
1,0,0,0,0,0,2021-01-23 22:22:40+01:00
1,1,0,1,0,0,2021-01-23 22:36:44+01:00
0,0,0,0,0,0,2021-01-23 23:08:41+01:00
1,0,0,0,0,0,2021-01-23 23:40:36+01:00
2,2,0,1,0,1,2021-01-23 23:49:20+01:00
1,1,0,0,0,1,2021-01-23 23:55:07+01:00
0,0,0,0,0,0,2021-01-24 00:40:58+01:00
0,0,0,0,0,0,2021-01-24 00:42:08+01:00
0,0,0,0,0,0,2021-01-24 12:59:50+01:00
0,0,0,0,0,0,2021-01-24 13:00:03+01:00
2,2,2,2,0,1,2021-01-24 17:57:07+01:00
0,0,0,0,0,0,2021-01-25 11:14:35+01:00
0,0,0,0,0,0,2021-01-25 11:14:55+01:00
0,0,0,0,0,0,2021-01-25 11:40:24+01:00
1,1,0,0,0,1,2021-01-25 11:41:51+01:00
1,1,1,1,0,1,2021-01-25 12:00:51+01:00
0,0,0,0,0,0,2021-01-25 12:00:59+01:00
0,0,0,0,0,0,2021-01-25 12:08:36+01:00
0,0,0,0,0,0,2021-01-25 12:08:50+01:00
0,0,0,0,0,0,2021-01-25 12:27:10+01:00
0,0,0,0,0,0,2021-01-25 15:42:49+01:00
1,1,1,1,0,1,2021-01-25 15:52:45+01:00
0,0,0,0,0,0,2021-01-25 17:06:36+01:00
0,0,0,0,0,0,2021-01-25 17:06:58+01:00
0,0,0,0,0,0,2021-01-25 18:04:06+01:00
0,0,0,0,0,0,2021-01-25 18:04:32+01:00
0,0,0,0,0,0,2021-01-25 19:53:51+01:00
0,0,0,0,0,0,2021-01-26 15:52:51+01:00
0,0,0,0,0,0,2021-01-26 15:56:12+01:00
0,0,0,0,0,0,2021-01-26 17:36:45+01:00
0,0,0,0,0,0,2021-01-26 19:42:03+01:00
0,0,0,0,0,0,2021-01-26 20:07:01+01:00
1,1,0,0,0,0,2021-01-27 12:25:18+01:00
2,2,0,1,0,1,2021-01-27 13:48:36+01:00
5,5,0,1,0,1,2021-01-27 15:54:37+01:00
1,1,1,1,0,1,2021-01-27 16:36:26+01:00
1,1,0,1,0,0,2021-01-31 15:14:40+01:00
0,0,0,0,0,0,2021-01-31 15:17:28+01:00
0,0,0,0,0,0,2021-02-02 10:41:10+01:00
0,0,0,0,0,0,2021-02-02 11:35:15+01:00
0,0,0,0,0,0,2021-02-02 12:57:51+01:00
0,0,0,0,0,0,2021-02-02 12:58:03+01:00
1,1,0,0,0,1,2021-02-02 16:16:47+01:00
2,2,0,0,0,1,2021-02-02 17:14:13+01:00
1,1,0,1,0,0,2021-02-06 12:24:07+01:00
0,0,0,0,0,0,2021-02-06 12:24:14+01:00
0,0,0,0,0,0,2021-02-06 13:34:46+01:00
0,0,0,0,0,0,2021-02-06 14:00:52+01:00
0,0,0,0,0,0,2021-02-06 22:06:49+01:00
1,1,0,1,0,0,2021-02-07 13:37:39+01:00
1,1,0,1,0,0,2021-02-07 13:37:56+01:00
1,1,0,1,0,0,2021-02-07 13:38:30+01:00
0,0,0,0,0,0,2021-02-07 13:41:23+01:00
1,1,0,1,0,0,2021-02-07 13:51:53+01:00
0,0,0,0,0,0,2021-02-07 13:52:45+01:00
1,1,0,0,0,0,2021-02-07 14:59:34+01:00
0,0,0,0,0,0,2021-02-07 15:00:22+01:00
0,0,0,0,0,0,2021-02-07 15:06:16+01:00
0,0,0,0,0,0,2021-02-07 15:06:57+01:00
0,0,0,0,0,0,2021-02-07 15:09:32+01:00
0,0,0,0,0,0,2021-02-07 15:10:06+01:00
1,1,0,1,0,0,2021-02-07 15:24:53+01:00
0,0,0,0,0,0,2021-02-07 15:24:58+01:00
1,1,0,1,0,1,2021-02-07 17:13:48+01:00
3,2,0,1,0,2,2021-02-07 17:31:37+01:00
0,0,0,0,0,0,2021-02-07 17:58:24+01:00
1,1,0,0,0,1,2021-02-07 18:09:45+01:00
1,1,0,0,0,1,2021-02-07 18:39:11+01:00
1,1,0,1,0,0,2021-02-07 21:30:15+01:00
0,0,0,0,0,0,2021-02-07 22:54:33+01:00
1,1,0,1,0,1,2021-02-08 00:24:57+01:00
1,1,0,1,0,1,2021-02-08 01:28:20+01:00
0,0,0,0,0,0,2021-02-08 10:15:54+01:00
0,0,0,0,0,0,2021-02-08 10:16:07+01:00
1,1,0,0,0,1,2021-02-09 01:16:42+01:00
0,0,0,0,0,0,2021-02-09 01:16:50+01:00
1,1,0,0,0,1,2021-02-09 10:09:10+01:00
0,0,0,0,0,0,2021-02-10 12:50:05+01:00
0,0,0,0,0,0,2021-02-10 13:42:19+01:00
0,0,0,0,0,0,2021-02-10 14:27:29+01:00
0,0,0,0,0,0,2021-02-11 03:30:42+01:00
0,0,0,0,0,0,2021-02-11 03:32:53+01:00
3,2,0,1,0,2,2021-02-11 18:03:58+01:00
0,0,0,0,0,0,2021-02-11 18:12:23+01:00
0,0,0,0,0,0,2021-02-13 17:02:58+01:00
0,0,0,0,0,0,2021-02-13 17:06:13+01:00
0,0,0,0,0,0,2021-02-13 17:09:41+01:00
0,0,0,0,0,0,2021-02-13 17:46:20+01:00
0,0,0,0,0,0,2021-02-13 18:35:53+01:00
0,0,0,0,0,0,2021-02-14 13:21:32+01:00
0,0,0,0,0,0,2021-02-14 15:50:01+01:00
0,0,0,0,0,0,2021-02-14 17:04:47+01:00
0,0,0,0,0,0,2021-02-14 17:06:23+01:00
0,0,0,0,0,0,2021-02-16 17:53:39+01:00
0,0,0,0,0,0,2021-02-16 17:54:21+01:00
0,0,0,0,0,0,2021-02-16 17:55:13+01:00
0,0,0,0,0,0,2021-02-16 18:17:34+01:00
0,0,0,0,0,0,2021-02-16 18:17:41+01:00
0,0,0,0,0,0,2021-02-16 18:20:27+01:00
0,0,0,0,0,0,2021-02-16 19:37:05+01:00
0,0,0,0,0,0,2021-02-16 19:52:31+01:00
0,0,0,0,0,0,2021-02-17 12:07:54+01:00
0,0,0,0,0,0,2021-02-17 12:28:55+01:00
0,0,0,0,0,0,2021-02-17 12:29:04+01:00
0,0,0,0,0,0,2021-02-17 13:28:27+01:00
0,0,0,0,0,0,2021-02-17 19:31:20+01:00
0,0,0,0,0,0,2021-02-17 20:05:27+01:00
0,0,0,0,0,0,2021-02-17 20:05:51+01:00
0,0,0,0,0,0,2021-02-17 21:18:31+01:00
0,0,0,0,0,0,2021-02-17 21:27:46+01:00
0,0,0,0,0,0,2021-02-17 22:22:38+01:00
3,2,0,1,0,2,2021-02-18 20:10:49+01:00
3,2,0,0,0,1,2021-02-18 20:12:56+01:00
1,1,0,0,0,1,2021-02-18 20:13:48+01:00
2,1,0,0,0,1,2021-02-18 20:14:52+01:00
0,0,0,0,0,0,2021-02-19 18:06:59+01:00
0,0,0,0,0,0,2021-02-20 10:53:52+01:00
0,0,0,0,0,0,2021-02-20 11:03:36+01:00
0,0,0,0,0,0,2021-02-20 13:29:16+01:00
1,0,0,0,0,0,2021-02-20 13:41:30+01:00
0,0,0,0,0,0,2021-02-20 13:55:05+01:00
0,0,0,0,0,0,2021-02-20 13:56:26+01:00
0,0,0,0,0,0,2021-02-20 13:56:52+01:00
0,0,0,0,0,0,2021-02-20 13:57:02+01:00
0,0,0,0,0,0,2021-02-20 14:47:48+01:00
0,0,0,0,0,0,2021-02-20 14:48:38+01:00
0,0,0,0,0,0,2021-02-20 14:50:06+01:00
0,0,0,0,0,0,2021-02-20 15:00:02+01:00
0,0,0,0,0,0,2021-02-20 15:03:47+01:00
0,0,0,0,0,0,2021-02-20 15:03:59+01:00
0,0,0,0,0,0,2021-02-20 15:07:45+01:00
0,0,0,0,0,0,2021-02-20 15:34:46+01:00
1,1,0,0,0,1,2021-02-20 15:45:28+01:00
0,0,0,0,0,0,2021-02-20 15:55:55+01:00
0,0,0,0,0,0,2021-02-20 15:55:59+01:00
0,0,0,0,0,0,2021-02-20 16:01:16+01:00
0,0,0,0,0,0,2021-02-20 16:10:18+01:00
1,1,0,0,0,1,2021-02-20 16:13:42+01:00
0,0,0,0,0,0,2021-02-20 16:14:02+01:00
0,0,0,0,0,0,2021-02-20 16:19:10+01:00
0,0,0,0,0,0,2021-02-20 16:30:49+01:00
0,0,0,0,0,0,2021-02-20 16:33:44+01:00
0,0,0,0,0,0,2021-02-20 16:59:15+01:00
0,0,0,0,0,0,2021-02-20 17:04:23+01:00
0,0,0,0,0,0,2021-02-20 17:07:41+01:00
0,0,0,0,0,0,2021-02-20 17:08:23+01:00
0,0,0,0,0,0,2021-02-20 17:23:16+01:00
0,0,0,0,0,0,2021-02-20 18:11:11+01:00
0,0,0,0,0,0,2021-02-20 18:12:03+01:00
0,0,0,0,0,0,2021-02-20 18:41:16+01:00
0,0,0,0,0,0,2021-02-20 19:16:29+01:00
0,0,0,0,0,0,2021-02-20 19:43:50+01:00
0,0,0,0,0,0,2021-02-20 21:27:36+01:00
0,0,0,0,0,0,2021-02-21 02:28:39+01:00
0,0,0,0,0,0,2021-02-21 13:37:50+01:00
0,0,0,0,0,0,2021-02-21 13:39:02+01:00
0,0,0,0,0,0,2021-02-21 13:39:58+01:00
0,0,0,0,0,0,2021-02-21 14:09:02+01:00
0,0,0,0,0,0,2021-02-21 14:27:53+01:00
0,0,0,0,0,0,2021-02-21 15:34:55+01:00
0,0,0,0,0,0,2021-02-21 16:30:17+01:00
0,0,0,0,0,0,2021-02-21 16:31:29+01:00
0,0,0,0,0,0,2021-02-22 13:33:21+01:00
0,0,0,0,0,0,2021-02-22 13:57:57+01:00
1,1,0,1,0,1,2021-02-22 14:15:28+01:00
0,0,0,0,0,0,2021-02-22 14:20:28+01:00
0,0,0,0,0,0,2021-02-22 17:23:17+01:00
0,0,0,0,0,0,2021-02-22 17:33:37+01:00
0,0,0,0,0,0,2021-02-22 18:04:27+01:00
1,1,0,0,0,1,2021-02-23 13:24:37+01:00
0,0,0,0,0,0,2021-02-23 14:01:02+01:00
0,0,0,0,0,0,2021-02-23 14:01:15+01:00
0,0,0,0,0,0,2021-02-23 17:35:57+01:00
0,0,0,0,0,0,2021-02-23 17:36:19+01:00
0,0,0,0,0,0,2021-02-23 17:38:38+01:00
0,0,0,0,0,0,2021-02-24 04:16:27+01:00
0,0,0,0,0,0,2021-02-24 04:18:14+01:00
0,0,0,0,0,0,2021-02-24 19:50:02+01:00
0,0,0,0,0,0,2021-02-24 19:53:26+01:00
0,0,0,0,0,0,2021-02-24 20:09:04+01:00
0,0,0,0,0,0,2021-02-24 20:09:21+01:00
0,0,0,0,0,0,2021-02-24 20:19:23+01:00
0,0,0,0,0,0,2021-02-24 20:22:44+01:00
0,0,0,0,0,0,2021-02-24 20:24:12+01:00
0,0,0,0,0,0,2021-02-24 20:26:14+01:00
0,0,0,0,0,0,2021-02-24 21:15:45+01:00
0,0,0,0,0,0,2021-02-24 21:18:01+01:00
0,0,0,0,0,0,2021-02-24 21:21:28+01:00
0,0,0,0,0,0,2021-02-24 21:22:09+01:00
0,0,0,0,0,0,2021-02-24 21:39:19+01:00
0,0,0,0,0,0,2021-02-24 21:39:22+01:00
0,0,0,0,0,0,2021-02-24 21:40:25+01:00
0,0,0,0,0,0,2021-02-24 22:02:40+01:00
0,0,0,0,0,0,2021-02-24 22:05:25+01:00
0,0,0,0,0,0,2021-02-27 17:12:11+01:00
0,0,0,0,0,0,2021-02-27 17:32:54+01:00
0,0,0,0,0,0,2021-03-01 15:26:24+01:00
0,0,0,0,0,0,2021-03-02 16:38:22+01:00
0,0,0,0,0,0,2021-03-02 16:47:58+01:00
0,0,0,0,0,0,2021-03-02 21:16:26+01:00
1,1,0,0,0,1,2021-03-02 22:10:05+01:00
1,1,0,1,0,1,2021-03-02 22:10:34+01:00
0,0,0,0,0,0,2021-03-03 15:47:32+01:00
0,0,0,0,0,0,2021-03-03 15:56:21+01:00
0,0,0,0,0,0,2021-03-03 15:56:51+01:00
0,0,0,0,0,0,2021-03-03 15:56:54+01:00
0,0,0,0,0,0,2021-03-03 16:10:51+01:00
2,2,0,0,0,1,2021-03-03 16:21:15+01:00
2,2,0,0,0,1,2021-03-08 15:52:02+01:00
2,2,1,1,0,2,2021-03-08 16:30:37+01:00
0,0,0,0,0,0,2021-03-08 16:58:31+01:00
1,1,0,0,0,1,2021-03-10 18:20:29+01:00
