Acquisition,Preparation,Modeling,Training,Evaluation,Prediction,time
0,0,0,0,0,0,2019-01-11 11:46:12+01:00
0,0,0,0,0,0,2019-01-11 11:56:29+01:00
0,0,0,0,0,0,2019-01-11 16:11:43+01:00
0,0,0,0,0,0,2019-01-16 22:14:38+01:00
0,0,0,0,0,0,2019-01-30 10:24:50+01:00
0,0,0,0,0,0,2019-01-30 11:43:42+01:00
0,0,0,0,0,0,2019-01-30 11:51:51+01:00
0,0,0,0,0,0,2019-02-06 11:07:26+01:00
0,1,0,0,0,0,2019-02-06 11:10:57+01:00
0,2,0,0,0,0,2019-02-06 11:13:39+01:00
0,2,0,0,0,0,2019-02-06 15:46:48+01:00
0,2,0,0,0,0,2019-02-13 10:58:35+01:00
0,1,0,0,0,0,2019-02-13 11:25:15+01:00
0,0,0,0,0,0,2019-02-20 12:01:05+01:00
0,4,0,0,0,0,2019-02-21 10:56:07+01:00
0,0,0,0,0,0,2019-02-21 10:56:57+01:00
0,0,0,0,0,0,2019-02-21 11:49:00+01:00
0,0,0,0,0,0,2019-02-21 11:50:26+01:00
0,0,0,0,0,0,2019-02-21 11:50:47+01:00
0,0,0,0,0,0,2019-02-21 11:50:57+01:00
0,0,0,0,0,0,2019-03-20 12:48:06+01:00
0,0,0,0,0,0,2019-03-20 15:52:44+01:00
0,1,0,0,0,0,2019-03-24 15:13:00+01:00
0,4,0,0,0,0,2019-03-24 15:14:35+01:00
0,0,0,0,0,0,2019-03-24 15:15:26+01:00
0,1,0,0,0,0,2019-04-18 12:08:00+00:00
0,4,0,0,0,0,2019-04-18 14:35:55+02:00
0,0,0,0,0,0,2019-04-18 14:43:01+02:00
0,0,0,0,0,0,2019-04-18 14:44:45+02:00
0,2,0,0,0,0,2019-04-18 15:20:49+02:00
0,2,0,0,0,0,2019-04-26 13:20:07+02:00
2,1,1,0,0,0,2019-05-15 15:57:48+02:00
1,0,0,0,0,0,2019-06-11 15:32:47+02:00
2,1,1,0,0,0,2019-06-12 13:48:19+02:00
0,0,0,0,0,0,2019-06-12 17:10:41+02:00
1,0,0,0,0,0,2019-06-12 17:12:38+02:00
0,0,0,0,0,0,2019-06-12 17:32:30+02:00
4,1,1,0,0,0,2019-06-14 16:24:58+02:00
1,0,0,0,0,0,2019-06-14 16:49:28+02:00
2,0,0,0,0,0,2019-06-14 17:03:10+02:00
2,0,0,0,0,0,2019-06-17 10:33:35+02:00
1,0,0,0,0,0,2019-06-17 10:42:37+02:00
1,0,0,0,0,0,2019-06-17 10:47:22+02:00
1,0,0,0,0,0,2019-06-17 10:53:23+02:00
1,0,0,0,0,0,2019-06-17 10:54:20+02:00
1,0,0,0,0,0,2019-06-17 11:00:37+02:00
2,0,0,0,0,0,2019-06-17 11:04:09+02:00
1,0,0,0,0,0,2019-06-17 11:14:03+02:00
2,0,0,0,0,0,2019-06-17 11:23:14+02:00
1,0,0,0,0,0,2019-06-17 11:23:28+02:00
1,0,0,0,0,0,2019-06-17 11:27:57+02:00
2,0,0,0,0,0,2019-06-17 11:35:07+02:00
2,0,0,0,0,0,2019-06-17 11:38:56+02:00
1,0,0,0,0,0,2019-06-17 11:42:14+02:00
1,0,0,0,0,0,2019-06-17 11:51:08+02:00
1,0,0,0,0,0,2019-06-17 11:51:16+02:00
2,1,0,0,0,0,2019-06-17 11:56:15+02:00
1,1,0,0,0,0,2019-06-17 12:01:19+02:00
1,1,0,0,0,0,2019-06-17 12:01:58+02:00
1,1,0,0,0,0,2019-06-17 12:05:11+02:00
1,1,0,0,0,0,2019-06-17 12:08:29+02:00
1,1,0,0,0,0,2019-06-17 12:09:27+02:00
1,1,0,0,0,0,2019-06-17 12:12:21+02:00
0,0,0,0,0,0,2019-06-17 12:29:49+02:00
0,0,0,0,0,0,2019-06-17 12:33:28+02:00
0,0,0,0,0,0,2019-06-17 12:34:18+02:00
0,0,0,0,0,0,2019-06-17 12:34:54+02:00
2,1,0,0,0,0,2019-06-17 12:34:55+02:00
1,1,0,0,0,0,2019-06-17 12:38:22+02:00
0,0,0,0,0,0,2019-06-17 12:38:31+02:00
0,0,0,0,0,0,2019-06-17 12:40:23+02:00
0,0,0,0,0,0,2019-06-17 12:41:13+02:00
0,1,0,0,0,0,2019-06-17 15:15:55+02:00
2,5,0,0,0,0,2019-06-17 17:44:47+02:00
4,5,0,0,0,0,2019-06-18 16:11:50+02:00
4,8,0,0,0,0,2019-06-19 18:57:23+02:00
0,0,0,0,0,0,2019-06-19 19:00:37+02:00
0,0,0,0,0,0,2019-06-19 19:01:19+02:00
3,4,0,0,0,0,2019-06-20 12:58:59+02:00
1,2,0,0,0,0,2019-06-20 13:50:13+02:00
1,1,0,0,0,0,2019-06-20 14:00:48+02:00
3,2,0,0,0,0,2019-06-20 16:30:42+02:00
3,3,0,0,0,0,2019-06-20 17:54:08+02:00
1,2,0,0,0,0,2019-06-21 12:00:43+02:00
1,2,0,0,0,0,2019-06-21 12:06:00+02:00
3,3,0,0,0,0,2019-06-21 13:16:45+02:00
1,1,0,0,0,0,2019-06-21 16:28:47+02:00
1,0,0,0,0,0,2019-06-21 16:30:34+02:00
1,1,0,0,0,0,2019-06-21 16:56:09+02:00
0,1,0,0,0,0,2019-06-21 16:59:44+02:00
1,1,0,0,0,0,2019-06-21 17:00:29+02:00
0,0,0,0,0,0,2019-06-21 17:07:22+02:00
0,1,0,0,0,0,2019-06-21 17:15:04+02:00
2,3,0,0,0,0,2019-06-21 17:19:24+02:00
0,0,0,0,0,0,2019-06-21 17:19:36+02:00
3,2,0,0,0,0,2019-06-21 17:23:07+02:00
1,2,0,0,0,0,2019-06-21 17:41:49+02:00
1,1,0,0,0,0,2019-06-24 16:59:48+02:00
0,1,0,0,0,0,2019-06-24 17:00:41+02:00
1,1,0,0,0,0,2019-06-27 13:18:30+02:00
1,1,0,0,0,0,2019-06-28 13:26:45+02:00
1,1,0,0,0,0,2019-06-28 13:27:03+02:00
3,5,0,0,0,0,2019-07-02 17:08:27+02:00
2,3,0,0,0,0,2019-07-02 18:21:43+02:00
0,0,0,0,0,0,2019-07-02 20:38:16+02:00
1,1,0,0,0,0,2019-07-02 20:38:34+02:00
1,1,0,0,0,0,2019-07-02 20:40:03+02:00
0,0,0,0,0,0,2019-07-02 20:40:37+02:00
2,3,0,0,0,0,2019-07-02 20:59:00+02:00
0,0,0,0,0,0,2019-07-02 21:08:33+02:00
2,3,0,0,0,0,2019-07-02 21:58:20+02:00
1,1,0,0,0,0,2019-07-03 10:59:15+02:00
1,1,0,0,0,0,2019-07-03 11:02:43+02:00
0,1,0,0,0,0,2019-07-03 11:10:22+02:00
1,1,0,0,0,0,2019-07-03 11:11:15+02:00
1,1,0,0,0,0,2019-07-03 11:12:33+02:00
0,1,0,0,0,0,2019-07-03 12:00:51+02:00
1,1,0,0,0,0,2019-07-03 12:26:25+02:00
1,1,0,0,0,0,2019-07-03 12:38:43+02:00
1,1,0,0,0,0,2019-07-03 12:44:02+02:00
2,3,0,0,0,0,2019-07-03 13:35:48+02:00
1,1,0,0,0,0,2019-07-03 13:36:22+02:00
0,1,0,0,0,0,2019-07-03 13:53:44+02:00
0,4,0,0,0,0,2019-07-03 15:03:15+02:00
0,0,0,0,0,0,2019-07-03 15:13:45+02:00
1,1,0,0,0,0,2019-07-03 16:30:18+02:00
1,1,0,0,0,0,2019-07-03 16:59:09+02:00
0,1,0,0,0,0,2019-07-03 17:01:16+02:00
0,0,0,0,0,0,2019-07-03 17:02:27+02:00
0,0,0,0,0,0,2019-07-03 17:45:34+02:00
0,1,0,0,0,0,2019-07-03 17:50:31+02:00
0,0,0,0,0,0,2019-07-05 12:49:18+02:00
1,2,0,0,0,0,2019-07-05 12:54:18+02:00
0,0,0,0,0,0,2019-07-05 12:55:24+02:00
0,0,0,0,0,0,2019-07-05 13:20:47+02:00
0,0,0,0,0,0,2019-07-05 13:20:55+02:00
0,0,0,0,0,0,2019-07-05 13:21:01+02:00
0,0,0,0,0,0,2019-07-05 13:21:07+02:00
0,0,0,0,0,0,2019-07-05 13:21:12+02:00
1,1,0,0,0,0,2019-07-05 13:21:18+02:00
0,0,0,0,0,0,2019-07-05 13:21:24+02:00
0,1,0,0,0,0,2019-07-05 13:21:30+02:00
0,0,0,0,0,0,2020-05-03 21:50:21+02:00
0,0,0,0,0,0,2020-05-03 21:56:46+02:00
0,0,0,0,0,0,2020-05-03 21:57:07+02:00
0,0,0,0,0,0,2020-05-04 00:26:44+02:00
0,0,0,0,0,0,2020-09-20 14:29:32+02:00
0,0,0,0,0,0,2020-09-20 14:31:01+02:00
0,0,0,0,0,0,2020-09-20 14:31:44+02:00
0,0,0,0,0,0,2020-09-23 12:02:00+02:00
0,0,0,0,0,0,2020-09-23 12:04:05+02:00
