Acquisition,Preparation,Modeling,Training,Evaluation,Prediction,time
1,0,0,0,0,0,2021-11-20 22:16:12-05:00
13,28,0,0,0,0,2021-11-21 01:09:48-05:00
0,0,0,0,0,0,2021-11-21 02:13:47-05:00
0,0,0,0,0,0,2021-11-21 12:46:19-05:00
3,9,0,0,0,0,2021-11-22 02:03:06-05:00
1,3,0,0,0,0,2021-11-22 11:21:18-05:00
0,0,0,0,0,0,2021-11-22 15:23:37-05:00
3,6,0,0,0,0,2021-11-22 16:04:54-05:00
0,0,0,0,0,0,2021-11-22 16:17:20-05:00
1,2,0,0,0,0,2021-12-29 20:04:20-05:00
0,0,0,0,0,0,2021-12-29 20:11:28-05:00
0,0,0,0,0,0,2021-12-30 10:39:35-05:00
0,1,0,0,0,0,2022-01-11 18:18:06-05:00
0,1,0,0,0,0,2022-01-12 21:51:38-05:00
2,6,0,0,0,0,2022-01-14 00:40:12-05:00
0,1,0,0,0,0,2022-01-15 00:47:55-05:00
0,1,0,0,0,0,2022-01-19 11:58:15-05:00
0,1,0,0,0,0,2022-01-19 21:41:44-05:00
2,4,0,0,0,0,2022-01-21 00:44:25-05:00
2,2,0,0,0,0,2022-01-21 09:49:08-05:00
5,10,0,0,0,0,2022-01-21 10:40:16-05:00
2,2,0,0,0,0,2022-01-21 13:16:53-05:00
0,0,0,0,0,0,2022-01-21 13:48:39-05:00
0,0,0,0,0,0,2022-01-21 15:52:07-05:00
1,1,0,0,0,0,2022-01-21 19:27:22-05:00
0,0,0,0,0,0,2022-01-21 19:36:17-05:00
3,5,0,0,0,0,2022-01-22 10:42:10-05:00
0,2,0,0,0,0,2022-01-22 11:44:49-05:00
0,1,0,0,0,0,2022-01-22 16:04:11-05:00
2,4,0,0,0,0,2022-01-23 15:02:47-05:00
3,14,0,0,0,0,2022-01-25 12:58:37-05:00
0,1,0,0,0,0,2022-01-25 13:09:00-05:00
2,10,0,0,0,0,2022-01-25 23:26:23-05:00
0,6,0,0,0,0,2022-01-29 21:09:14-05:00
1,5,0,0,0,0,2022-01-30 21:37:52-05:00
2,4,0,0,0,0,2022-01-31 00:21:32-05:00
1,3,0,0,0,0,2022-02-01 12:52:07-05:00
1,0,0,0,0,0,2022-02-01 23:03:47-05:00
1,1,0,0,0,0,2022-02-02 00:38:23-05:00
0,2,0,0,0,0,2022-02-02 00:52:34-05:00
0,1,0,0,0,0,2022-02-02 00:54:05-05:00
3,6,0,0,0,0,2022-02-03 16:46:30-05:00
0,3,0,0,0,0,2022-02-04 00:15:57-05:00
2,4,0,0,0,0,2022-02-04 11:23:48-05:00
1,5,0,0,0,0,2022-02-05 00:54:31-05:00
2,9,0,0,0,0,2022-02-05 14:59:54-05:00
0,3,0,0,0,0,2022-02-06 18:30:48-05:00
1,1,0,0,0,0,2022-02-06 19:44:31-05:00
1,1,0,0,0,0,2022-02-07 16:34:51-05:00
0,0,0,0,0,0,2022-02-08 00:12:14-05:00
0,0,0,0,0,0,2022-02-08 00:14:05-05:00
1,1,0,0,0,0,2022-02-08 22:41:04-05:00
0,0,0,0,0,0,2022-02-08 23:45:02-05:00
2,5,0,0,0,0,2022-02-19 00:22:35-05:00
0,0,0,0,0,0,2022-02-19 00:25:13-05:00
0,0,0,0,0,0,2022-02-19 00:25:19-05:00
0,0,0,0,0,0,2022-02-19 00:27:10-05:00
3,9,0,0,0,0,2022-02-24 18:16:37-05:00
3,4,0,0,0,0,2022-02-24 23:26:40-05:00
2,5,0,0,0,0,2022-02-25 22:41:56-05:00
3,6,0,0,0,0,2022-02-26 18:36:02-05:00
0,0,0,0,0,0,2022-02-26 18:37:55-05:00
1,1,0,0,0,0,2022-03-03 14:26:51-05:00
0,0,0,0,0,0,2022-03-03 14:33:56-05:00
0,0,0,0,0,0,2022-03-03 14:46:12-05:00
0,0,0,0,0,0,2022-03-03 14:47:30-05:00
5,18,0,0,0,0,2022-03-03 15:34:30-05:00
5,14,0,0,0,0,2022-03-03 16:26:35-05:00
1,2,0,0,0,0,2022-03-03 20:33:56-05:00
0,0,0,0,0,0,2022-03-04 08:51:27-05:00
0,0,0,0,0,0,2022-03-04 08:54:35-05:00
5,5,0,0,0,0,2022-03-06 12:31:20-05:00
0,0,0,0,0,0,2022-03-06 12:33:07-05:00
0,0,0,0,0,0,2022-03-06 14:41:20-05:00
1,0,0,0,0,0,2022-03-06 14:42:51-05:00
0,0,0,0,0,0,2022-03-06 14:46:16-05:00
0,0,0,0,0,0,2022-03-06 14:46:26-05:00
2,2,0,0,0,0,2022-03-19 15:11:58-04:00
2,1,0,0,0,0,2022-03-28 21:08:21-04:00
0,0,0,0,0,0,2022-03-28 21:15:05-04:00
2,2,0,0,0,0,2022-03-28 21:25:27-04:00
1,1,0,0,0,0,2022-03-29 00:39:15-04:00
2,3,0,0,0,0,2022-03-29 12:08:16-04:00
1,1,0,0,0,0,2022-03-29 13:45:35-04:00
0,0,0,0,0,0,2022-03-29 13:54:31-04:00
0,0,0,0,0,0,2022-03-29 14:29:41-04:00
3,3,0,0,0,0,2022-04-09 16:48:25-04:00
2,3,0,0,0,0,2022-04-09 17:01:59-04:00
1,1,0,0,0,0,2022-04-11 17:55:42-04:00
0,0,0,0,0,0,2022-04-11 18:02:44-04:00
3,5,0,0,0,0,2022-04-15 10:45:29-04:00
1,2,0,0,0,0,2022-04-15 11:57:11-04:00
3,4,0,0,0,0,2022-04-17 16:41:33-04:00
4,4,0,0,0,0,2022-04-17 22:22:08-04:00
3,5,0,0,0,0,2022-04-18 21:30:03-04:00
0,0,0,0,0,0,2022-04-18 23:02:11-04:00
0,0,0,0,0,0,2022-04-18 23:07:40-04:00
3,6,0,0,0,0,2022-04-25 22:01:20-04:00
1,2,0,0,0,0,2022-04-29 14:57:35-04:00
4,5,0,0,0,0,2022-05-08 20:12:38-04:00
2,3,0,0,0,0,2022-05-13 22:02:47-04:00
1,2,0,0,0,0,2022-05-13 22:16:14-04:00
0,0,0,0,0,0,2022-05-13 22:18:38-04:00
