Acquisition,Preparation,Modeling,Training,Evaluation,Prediction,time
2,3,1,1,0,0,2020-06-02 20:41:05-05:00
0,0,0,0,0,0,2020-06-03 01:46:17+00:00
0,0,0,0,0,0,2020-06-02 20:47:34-05:00
0,0,0,0,0,0,2020-06-03 02:20:37+00:00
0,0,0,0,0,0,2020-06-03 02:20:53+00:00
0,0,0,0,0,0,2020-06-02 21:32:44-05:00
0,0,0,0,0,0,2020-06-03 02:43:08+00:00
0,0,0,0,0,0,2020-06-03 02:43:14+00:00
0,0,0,0,0,0,2020-06-03 02:44:14+00:00
1,1,1,1,0,0,2020-06-02 21:58:11-05:00
0,1,0,0,0,0,2020-06-02 21:59:01-05:00
1,1,0,0,0,0,2020-06-03 09:05:03-05:00
0,0,0,0,0,0,2020-06-03 09:24:00-05:00
0,0,0,0,0,0,2020-06-03 15:40:12-05:00
1,1,1,1,0,0,2020-06-03 15:40:38-05:00
1,1,0,0,0,0,2020-06-03 15:41:11-05:00
0,0,0,0,0,0,2020-06-03 15:41:34-05:00
0,1,0,0,0,0,2020-06-03 15:42:15-05:00
0,0,0,0,0,0,2020-06-03 15:42:27-05:00
0,0,0,0,0,0,2020-06-03 15:47:02-05:00
4,8,4,2,1,2,2020-06-14 12:14:59-05:00
1,1,0,0,0,0,2020-06-14 13:28:01-05:00
1,1,0,0,0,0,2020-06-15 12:05:11-05:00
1,0,1,1,1,1,2020-06-15 22:08:15-05:00
0,0,0,0,0,0,2020-06-15 22:59:08-05:00
1,1,0,0,0,0,2020-06-16 09:30:40-05:00
1,0,1,1,1,1,2020-06-18 14:40:57-05:00
0,0,0,0,0,0,2020-06-18 15:07:14-05:00
0,0,0,0,0,0,2020-06-18 15:09:23-05:00
0,0,0,0,0,0,2020-06-18 15:09:55-05:00
0,0,0,0,0,0,2020-06-18 15:10:05-05:00
0,0,0,0,0,0,2020-06-18 15:37:07-05:00
1,1,0,0,0,0,2020-06-18 15:38:12-05:00
0,0,0,0,0,0,2020-06-18 21:45:15-05:00
1,0,1,1,1,1,2020-06-18 23:30:48-05:00
1,1,0,0,0,0,2020-06-18 23:31:44-05:00
0,0,0,0,0,0,2020-06-18 23:32:07-05:00
1,1,0,0,0,0,2020-06-18 23:33:19-05:00
0,1,0,0,0,0,2020-06-18 23:33:57-05:00
0,0,0,0,0,0,2020-06-18 23:34:22-05:00
0,0,0,0,0,0,2020-06-18 23:43:32-05:00
3,2,1,1,1,1,2020-06-20 12:39:16-05:00
1,1,0,0,0,0,2020-06-20 12:39:43-05:00
0,0,0,0,0,0,2020-06-20 13:29:49-05:00
0,0,0,0,0,0,2020-06-20 13:30:51-05:00
0,0,0,0,0,0,2020-06-20 21:29:54-05:00
0,0,0,0,0,0,2020-06-21 15:29:54-05:00
0,0,0,0,0,0,2020-06-21 15:36:55-05:00
0,0,0,0,0,0,2020-06-22 09:17:38-05:00
0,0,0,0,0,0,2020-06-23 18:47:23+00:00
2,1,1,1,1,1,2020-06-24 01:24:10+00:00
0,0,0,0,0,0,2020-06-24 01:26:51+00:00
0,0,0,0,0,0,2020-06-24 01:34:34+00:00
0,0,0,0,0,0,2020-06-24 01:35:54+00:00
0,0,0,0,0,0,2020-06-24 01:36:52+00:00
0,0,0,0,0,0,2020-06-23 21:50:50-05:00
3,2,1,1,1,1,2020-06-25 18:19:51+00:00
0,0,0,0,0,0,2020-06-25 18:20:12+00:00
0,0,0,0,0,0,2020-06-25 18:20:45+00:00
0,0,0,0,0,0,2020-06-30 16:42:22-05:00
0,0,0,0,0,0,2020-06-30 16:43:56-05:00
1,0,1,1,1,1,2020-06-30 16:44:37-05:00
0,0,0,0,0,0,2020-06-30 16:45:32-05:00
0,0,0,0,0,0,2020-06-30 16:45:56-05:00
0,0,0,0,0,0,2020-06-30 17:14:01-05:00
0,0,0,0,0,0,2020-06-30 17:14:17-05:00
1,0,1,1,1,1,2020-06-30 17:14:36-05:00
0,0,0,0,0,0,2020-06-30 17:15:06-05:00
0,0,0,0,0,0,2020-06-30 22:02:11-05:00
0,0,0,0,0,0,2020-06-30 22:03:33-05:00
0,0,0,0,0,0,2020-06-30 23:14:21-05:00
1,1,0,0,0,0,2020-07-01 10:40:22-05:00
1,1,1,0,0,1,2020-07-01 10:43:29-05:00
1,0,1,1,1,1,2020-07-01 10:43:55-05:00
1,0,1,1,1,1,2020-07-01 10:44:33-05:00
2,2,0,0,0,0,2020-07-13 23:04:27-05:00
0,0,0,0,0,0,2020-07-13 23:04:49-05:00
1,1,0,0,0,0,2020-07-15 21:56:18+00:00
0,0,0,0,0,0,2020-07-15 21:56:41+00:00
0,0,0,0,0,0,2020-07-15 21:56:56+00:00
1,0,1,1,1,1,2020-07-15 21:57:49+00:00
1,1,0,0,0,0,2020-08-04 02:37:42+00:00
0,0,1,0,0,0,2020-08-04 02:38:19+00:00
0,0,1,0,0,0,2020-08-04 02:38:19+00:00
0,0,0,0,0,0,2020-08-04 04:13:59+00:00
0,0,0,0,0,0,2020-08-04 04:14:56+00:00
0,0,0,0,0,0,2020-08-04 14:23:59+00:00
0,0,0,0,0,0,2020-08-04 15:47:04+00:00
0,0,0,0,0,0,2020-08-04 16:37:20-05:00
0,0,0,0,0,0,2020-08-05 18:32:32+00:00
0,0,0,0,0,0,2020-08-05 18:34:27+00:00
0,0,0,0,0,0,2020-08-05 18:48:09+00:00
0,0,0,0,0,0,2020-08-05 19:01:23+00:00
0,0,0,0,0,0,2020-08-05 20:00:21+00:00
0,0,0,0,0,0,2020-12-24 20:26:04-06:00
0,0,0,0,0,0,2020-12-24 20:26:14-06:00
0,0,0,0,0,0,2020-12-24 20:26:22-06:00
0,0,0,0,0,0,2020-12-24 20:26:49-06:00
0,0,0,0,0,0,2021-01-18 22:41:20-06:00
0,0,0,0,0,0,2021-01-19 11:45:54-06:00
0,0,0,0,0,0,2021-01-19 12:00:16-06:00
0,0,1,0,0,0,2021-01-19 12:11:30-06:00
0,0,0,0,0,0,2021-01-19 12:20:11-06:00
0,0,0,0,0,0,2021-01-19 12:53:38-06:00
0,0,0,0,0,0,2021-01-19 12:54:29-06:00
0,0,0,0,0,0,2021-01-19 15:51:08-06:00
0,0,1,0,0,0,2021-01-19 15:52:23-06:00
0,0,1,0,0,0,2021-01-20 09:38:40-06:00
0,0,0,0,0,0,2021-01-20 09:50:34-06:00
0,0,0,0,0,0,2021-01-20 09:50:49-06:00
0,0,1,0,0,0,2021-01-21 11:37:21-06:00
0,0,0,0,0,0,2021-01-21 11:37:56-06:00
0,0,0,0,0,0,2021-01-21 11:38:15-06:00
0,0,0,0,0,0,2021-01-21 11:38:51-06:00
0,0,0,0,0,0,2021-01-21 11:39:12-06:00
0,0,0,0,0,0,2021-01-21 11:39:46-06:00
0,0,1,0,0,0,2021-01-21 11:44:03-06:00
0,0,0,0,0,0,2021-01-22 22:00:49-06:00
0,0,0,0,0,0,2021-01-23 12:53:03-06:00
1,1,0,0,0,0,2021-01-23 13:42:07-06:00
0,0,0,0,0,0,2021-01-23 18:35:15-06:00
0,0,0,0,0,0,2021-01-23 18:40:35-06:00
0,0,0,0,0,0,2021-01-24 12:00:50-06:00
0,0,0,0,0,0,2021-01-24 12:01:16-06:00
0,0,0,0,0,0,2021-01-24 12:01:31-06:00
0,0,0,0,0,0,2021-01-24 21:03:40-06:00
0,0,0,0,0,0,2021-01-25 10:25:20-06:00
2,1,1,1,1,1,2021-02-02 19:07:57-06:00
0,0,2,0,0,0,2021-02-05 12:48:50-06:00
0,0,0,0,0,0,2021-02-07 13:03:59-06:00
0,0,0,0,0,0,2021-02-07 13:05:35-06:00
0,0,0,0,0,0,2021-02-07 13:06:42-06:00
0,0,0,0,0,0,2021-02-07 13:07:07-06:00
0,0,0,0,0,0,2021-02-07 13:08:12-06:00
0,0,0,0,0,0,2021-02-07 13:08:22-06:00
0,0,0,0,0,0,2021-02-07 13:35:18-06:00
1,1,1,1,0,1,2021-02-08 09:04:07-06:00
1,0,1,0,1,1,2021-02-08 09:04:47-06:00
0,0,0,0,0,0,2021-02-08 09:05:10-06:00
1,1,0,0,0,0,2021-02-08 09:05:45-06:00
0,0,0,0,0,0,2021-02-08 09:08:17-06:00
0,0,0,0,0,0,2021-02-08 09:08:29-06:00
0,0,0,0,0,0,2021-02-08 09:08:46-06:00
0,0,0,0,0,0,2021-02-08 09:09:02-06:00
0,0,0,0,0,0,2021-02-08 09:09:16-06:00
0,0,0,0,0,0,2021-02-08 09:09:38-06:00
0,0,0,0,0,0,2021-02-08 09:09:58-06:00
0,0,0,0,0,0,2021-02-08 09:10:18-06:00
0,1,1,1,0,0,2021-02-08 09:10:55-06:00
0,0,0,0,0,0,2021-02-08 09:11:13-06:00
0,0,1,0,0,0,2021-02-08 09:54:17-06:00
0,0,0,0,0,0,2021-02-08 09:54:34-06:00
2,2,3,1,1,2,2021-02-08 09:55:10-06:00
0,0,0,0,0,0,2021-02-08 09:55:18-06:00
0,0,0,0,0,0,2021-02-08 09:55:25-06:00
0,1,1,1,0,0,2021-02-08 10:07:23-06:00
0,0,0,0,0,0,2021-02-08 10:08:05-06:00
0,0,0,0,0,0,2021-02-08 10:08:12-06:00
3,2,2,1,1,2,2021-02-08 14:01:10-06:00
0,0,0,0,0,0,2021-02-21 12:31:11-06:00
0,0,0,0,0,0,2021-02-21 12:35:41-06:00
1,1,1,1,0,0,2021-02-21 12:36:19-06:00
0,0,0,0,0,0,2021-02-21 12:36:56-06:00
0,0,0,0,0,0,2021-02-21 12:37:22-06:00
0,0,0,0,0,0,2021-02-21 12:37:44-06:00
0,0,0,0,0,0,2021-02-21 12:38:18-06:00
0,0,0,0,0,0,2021-02-21 12:38:35-06:00
0,0,0,0,0,0,2021-02-21 12:39:25-06:00
0,0,0,0,0,0,2021-02-21 12:40:11-06:00
0,0,0,0,0,0,2021-04-15 13:12:36-05:00
1,1,1,0,0,1,2021-04-15 13:13:03-05:00
0,0,0,0,0,0,2021-04-15 13:19:59-05:00
0,0,0,0,0,0,2021-04-15 13:21:56-05:00
0,0,0,0,0,0,2021-04-15 13:23:16-05:00
0,0,0,0,0,0,2021-04-15 13:23:20-05:00
1,1,0,0,0,1,2021-04-15 13:44:56-05:00
1,1,0,0,0,1,2021-04-15 13:48:19-05:00
2,2,0,0,0,2,2021-04-15 13:48:19-05:00
0,0,0,0,0,0,2021-04-15 13:49:09-05:00
1,1,0,0,0,0,2021-04-15 13:53:21-05:00
2,2,2,2,0,1,2021-04-15 13:53:44-05:00
0,1,1,1,0,0,2021-04-15 13:54:23-05:00
1,1,1,1,0,1,2021-04-15 13:54:58-05:00
1,1,1,1,0,1,2021-04-15 13:55:21-05:00
1,1,1,1,0,1,2021-04-15 13:56:40-05:00
1,1,0,0,0,1,2021-04-15 13:57:28-05:00
1,0,1,0,1,1,2021-04-16 03:36:04+00:00
1,0,1,0,1,1,2021-04-16 03:42:59+00:00
1,0,1,0,1,1,2021-04-16 03:43:33+00:00
2,1,2,1,1,2,2021-04-15 23:27:23-05:00
1,0,1,0,1,1,2021-04-15 23:27:33-05:00
1,0,1,0,1,1,2021-04-15 23:27:58-05:00
1,0,1,0,1,1,2021-04-15 23:28:19-05:00
0,0,0,0,0,0,2021-04-15 23:34:02-05:00
0,0,0,0,0,0,2021-04-17 10:35:20-05:00
1,1,0,0,0,1,2021-04-17 11:13:50-05:00
0,0,0,0,0,0,2021-04-17 11:14:18-05:00
1,1,0,0,0,1,2021-04-17 11:17:03-05:00
1,1,0,0,0,1,2021-04-17 11:35:56-05:00
1,1,0,0,0,1,2021-04-17 11:40:19-05:00
1,1,0,0,0,1,2021-04-17 13:56:42-05:00
1,1,0,0,0,1,2021-04-17 16:19:59-05:00
1,1,0,0,0,1,2021-04-17 18:58:19-05:00
1,1,0,0,0,1,2021-04-21 18:17:36-05:00
1,1,0,0,0,1,2021-04-21 18:23:34-05:00
1,1,0,0,0,1,2021-04-21 18:26:09-05:00
0,0,0,0,0,0,2021-04-21 18:31:13-05:00
0,0,0,0,0,0,2021-04-21 18:45:49-05:00
2,2,0,0,0,2,2021-04-21 18:52:32-05:00
1,1,0,0,0,1,2021-04-25 15:35:46-05:00
1,1,0,0,0,1,2021-04-25 15:43:25-05:00
1,1,0,0,0,1,2021-04-25 17:20:21-05:00
1,1,0,0,0,1,2021-04-25 17:20:35-05:00
1,1,0,0,0,1,2021-04-25 21:42:23-05:00
1,1,0,0,0,1,2021-04-28 12:22:20-05:00
1,0,1,0,1,1,2021-05-11 16:10:52-05:00
1,0,1,0,1,1,2021-05-11 16:11:16-05:00
1,0,1,0,1,1,2021-05-11 16:11:56-05:00
1,0,1,0,1,1,2021-05-11 16:12:51-05:00
1,0,1,0,1,0,2021-05-11 16:14:14-05:00
0,0,0,0,0,0,2021-05-11 16:23:43-05:00
1,1,1,1,0,1,2021-05-11 16:24:05-05:00
1,1,1,1,0,1,2021-05-11 16:25:15-05:00
0,0,0,0,0,0,2021-05-11 16:33:36-05:00
0,0,0,0,0,0,2021-05-11 16:34:57-05:00
0,0,0,0,0,0,2021-05-11 16:35:34-05:00
1,1,1,1,0,0,2021-05-11 16:36:08-05:00
0,0,0,0,0,0,2021-05-11 16:41:49-05:00
0,0,0,0,0,0,2021-05-11 20:31:24-05:00
1,1,1,1,0,1,2021-05-11 20:32:00-05:00
0,0,0,0,0,0,2021-05-11 20:32:28-05:00
0,0,0,0,0,0,2021-05-11 20:34:07-05:00
0,0,0,0,0,0,2021-05-11 20:34:15-05:00
0,0,0,0,0,0,2021-05-11 22:31:14-05:00
0,0,0,0,0,0,2021-05-12 00:47:30-05:00
0,0,0,0,0,0,2021-05-12 00:48:23-05:00
1,0,1,0,1,0,2021-05-12 00:48:41-05:00
2,1,1,0,1,0,2021-05-12 00:49:22-05:00
2,2,1,1,0,0,2021-05-12 00:50:28-05:00
0,0,0,0,0,0,2021-05-12 00:51:46-05:00
0,0,0,0,0,0,2021-05-12 00:52:07-05:00
0,0,0,0,0,0,2021-05-12 19:26:59-05:00
1,0,1,1,0,0,2021-05-12 19:27:35-05:00
0,0,0,0,0,0,2021-05-12 19:27:50-05:00
0,0,0,0,0,0,2021-05-12 19:28:08-05:00
0,0,0,0,0,0,2021-05-12 19:28:18-05:00
1,1,0,0,0,1,2021-05-12 19:29:21-05:00
2,2,0,0,0,2,2021-05-12 19:29:43-05:00
0,0,0,0,0,0,2021-05-12 19:30:24-05:00
0,0,0,0,0,0,2021-05-12 19:30:34-05:00
0,0,0,0,0,0,2021-05-12 19:30:48-05:00
0,0,0,0,0,0,2021-05-12 19:58:26-05:00
0,0,0,0,0,0,2021-05-12 21:42:57-05:00
0,0,0,0,0,0,2021-05-12 22:55:42-05:00
0,0,0,0,0,0,2021-05-13 00:00:14-05:00
1,1,1,1,0,1,2021-05-13 00:04:59-05:00
1,1,1,1,0,1,2021-05-13 00:05:06-05:00
0,0,0,0,0,0,2021-05-13 00:05:22-05:00
1,0,1,0,1,0,2021-05-13 00:05:37-05:00
0,0,0,0,0,0,2021-05-13 00:05:56-05:00
0,0,0,0,0,0,2021-05-13 18:17:53-05:00
0,0,0,0,0,0,2021-05-13 18:32:55-05:00
0,0,0,0,0,0,2021-05-13 18:43:29-05:00
0,0,0,0,0,0,2021-05-13 18:45:07-05:00
0,0,0,0,0,0,2021-05-13 18:48:11-05:00
0,0,0,0,0,0,2021-05-13 19:24:23-05:00
0,0,0,0,0,0,2021-05-13 19:39:34-05:00
0,0,0,0,0,0,2021-05-13 19:44:03-05:00
0,0,0,0,0,0,2021-05-13 19:51:58-05:00
0,0,0,0,0,0,2021-05-13 19:55:34-05:00
0,0,0,0,0,0,2021-05-13 19:57:16-05:00
0,0,0,0,0,0,2021-05-13 20:24:16-05:00
0,0,0,0,0,0,2021-05-13 20:45:18-05:00
0,0,0,0,0,0,2021-05-13 20:47:48-05:00
0,0,0,0,0,0,2021-05-13 21:25:31-05:00
0,0,0,0,0,0,2021-05-13 21:28:32-05:00
0,0,0,0,0,0,2021-05-13 21:29:25-05:00
0,0,0,0,0,0,2021-05-13 21:36:07-05:00
0,0,0,0,0,0,2021-05-13 21:39:14-05:00
0,0,0,0,0,0,2021-05-13 21:56:37-05:00
0,0,0,0,0,0,2021-05-13 21:57:01-05:00
0,0,0,0,0,0,2021-05-13 22:07:48-05:00
0,0,0,0,0,0,2021-05-14 17:40:36-05:00
0,0,0,0,0,0,2021-05-14 17:40:53-05:00
0,0,0,0,0,0,2021-05-14 17:41:21-05:00
1,1,1,1,0,1,2021-05-14 17:44:26-05:00
1,0,1,0,1,0,2021-05-14 17:44:57-05:00
0,0,0,0,0,0,2021-05-14 17:58:29-05:00
1,1,1,1,0,1,2021-05-14 18:10:23-05:00
1,0,1,0,1,0,2021-05-14 18:11:03-05:00
1,1,1,1,0,0,2021-05-15 00:44:23-05:00
1,0,1,0,1,0,2021-05-15 00:45:09-05:00
0,0,0,0,0,0,2021-05-15 13:07:55-05:00
0,0,0,0,0,0,2021-05-15 14:02:24-05:00
1,0,1,0,1,0,2021-05-15 20:57:00-05:00
0,0,0,0,0,0,2021-05-15 21:16:06-05:00
0,0,0,0,0,0,2021-05-15 21:16:27-05:00
0,0,0,0,0,0,2021-05-15 21:20:17-05:00
0,0,0,0,0,0,2021-05-15 21:23:58-05:00
0,0,0,0,0,0,2021-05-15 21:45:59-05:00
0,0,0,0,0,0,2021-05-15 21:56:10-05:00
0,0,0,0,0,0,2021-05-15 22:08:31-05:00
0,0,0,0,0,0,2021-05-15 22:12:18-05:00
0,0,0,0,0,0,2021-05-15 22:17:41-05:00
0,0,0,0,0,0,2021-05-15 22:41:37-05:00
0,0,0,0,0,0,2021-05-15 23:04:33-05:00
0,0,0,0,0,0,2021-05-15 23:28:19-05:00
4,3,3,2,1,1,2021-05-16 18:24:19-05:00
0,0,0,0,0,0,2021-05-16 18:27:02-05:00
0,0,0,0,0,0,2021-05-16 18:31:56-05:00
0,0,0,0,0,0,2021-05-16 18:33:24-05:00
0,0,0,0,0,0,2021-05-16 18:35:09-05:00
0,0,0,0,0,0,2021-05-16 18:35:44-05:00
0,0,0,0,0,0,2021-05-16 18:42:32-05:00
1,1,1,1,0,1,2021-05-17 23:42:53-05:00
1,1,1,1,0,1,2021-05-17 23:43:17-05:00
0,0,0,0,0,0,2021-05-17 23:43:42-05:00
0,0,0,0,0,0,2021-05-17 23:44:34-05:00
0,0,0,0,0,0,2021-05-18 00:36:10-05:00
1,1,1,1,0,0,2021-05-18 00:36:36-05:00
1,1,1,1,0,0,2021-05-18 00:38:20-05:00
1,1,1,1,0,0,2021-05-18 12:02:26-05:00
0,0,0,0,0,0,2021-05-18 12:02:47-05:00
1,0,1,0,1,0,2021-05-18 15:38:29-05:00
2,1,2,1,1,0,2021-05-19 16:11:07-05:00
3,2,3,2,1,0,2021-05-19 16:17:58-05:00
1,0,1,0,1,0,2021-05-19 16:22:45-05:00
0,0,0,0,0,0,2021-05-19 16:22:56-05:00
0,0,0,0,0,0,2021-05-19 16:32:49-05:00
0,0,0,0,0,0,2021-05-19 16:37:27-05:00
0,0,0,0,0,0,2021-05-19 16:43:42-05:00
1,1,1,1,0,0,2021-05-19 16:49:06-05:00
0,0,0,0,0,0,2021-05-19 17:09:19-05:00
0,0,0,0,0,0,2021-05-19 18:49:00-05:00
3,3,2,2,0,1,2021-05-20 10:28:51-05:00
3,3,0,0,0,3,2021-05-20 10:29:21-05:00
2,2,1,1,0,1,2021-05-20 11:49:08-05:00
0,0,0,0,0,0,2021-05-20 13:02:28-05:00
1,1,0,0,0,1,2021-05-20 13:17:02-05:00
1,1,0,0,0,1,2021-05-20 13:19:30-05:00
1,1,0,0,0,1,2021-05-20 14:08:02-05:00
0,0,0,0,0,0,2021-05-20 14:08:16-05:00
0,0,0,0,0,0,2021-05-20 14:22:26-05:00
1,1,0,0,0,1,2021-05-20 14:35:35-05:00
0,0,0,0,0,0,2021-05-20 14:38:05-05:00
0,0,0,0,0,0,2021-05-20 14:43:43-05:00
1,1,0,0,0,1,2021-05-20 17:16:23-05:00
2,1,2,1,1,0,2021-05-20 18:34:55-05:00
0,0,0,0,0,0,2021-05-20 22:14:39-05:00
0,0,0,0,0,0,2022-01-04 00:13:52+00:00
0,0,0,0,0,0,2022-01-04 00:14:09+00:00
0,0,0,0,0,0,2022-01-08 23:41:19+00:00
3,3,2,2,0,0,2022-01-09 00:02:23+00:00
1,1,1,1,0,0,2022-01-09 03:03:51+00:00
2,2,2,2,0,0,2022-01-09 04:03:30+00:00
0,0,0,0,0,0,2022-01-09 06:00:03+00:00
0,0,0,0,0,0,2022-01-09 06:00:15+00:00
1,1,1,1,0,0,2022-01-09 07:59:46+00:00
1,1,1,1,0,0,2022-01-09 19:29:53+00:00
1,1,1,1,0,1,2022-01-09 22:18:10+00:00
0,0,0,0,0,0,2022-01-09 16:19:36-06:00
0,0,0,0,0,0,2022-01-09 22:23:45+00:00
0,0,0,0,0,0,2022-01-09 23:24:42+00:00
0,0,0,0,0,0,2022-01-09 23:27:55+00:00
0,0,0,0,0,0,2022-01-09 23:32:14+00:00
0,0,0,0,0,0,2022-01-09 23:38:26+00:00
0,0,0,0,0,0,2022-01-09 23:42:38+00:00
0,0,0,0,0,0,2022-01-09 23:46:04+00:00
0,0,0,0,0,0,2022-01-09 23:52:18+00:00
0,0,0,0,0,0,2022-01-09 23:57:46+00:00
0,0,0,0,0,0,2022-01-10 00:05:11+00:00
0,0,0,0,0,0,2022-01-10 00:23:37+00:00
0,0,0,0,0,0,2022-01-10 00:33:22+00:00
0,0,0,0,0,0,2022-01-10 00:39:40+00:00
0,0,0,0,0,0,2022-01-09 18:41:13-06:00
0,0,0,0,0,0,2022-01-10 00:54:09+00:00
0,0,0,0,0,0,2022-01-10 00:56:53+00:00
0,0,0,0,0,0,2022-01-10 01:00:50+00:00
0,0,0,0,0,0,2022-01-10 01:05:26+00:00
0,0,0,0,0,0,2022-01-10 01:07:25+00:00
0,0,0,0,0,0,2022-01-10 01:13:58+00:00
0,0,0,0,0,0,2022-01-10 01:17:35+00:00
0,0,0,0,0,0,2022-01-10 01:29:29+00:00
0,0,0,0,0,0,2022-01-10 01:31:05+00:00
0,0,0,0,0,0,2022-01-10 01:44:31+00:00
0,0,0,0,0,0,2022-01-10 01:53:45+00:00
0,0,0,0,0,0,2022-01-10 01:58:51+00:00
0,0,0,0,0,0,2022-01-10 02:06:19+00:00
0,0,0,0,0,0,2022-01-10 02:17:27+00:00
0,0,0,0,0,0,2022-01-10 02:31:46+00:00
0,0,0,0,0,0,2022-01-10 02:36:12+00:00
0,0,0,0,0,0,2022-01-10 02:41:18+00:00
0,0,0,0,0,0,2022-01-10 02:48:56+00:00
0,0,0,0,0,0,2022-01-10 02:50:57+00:00
0,0,0,0,0,0,2022-01-10 03:01:16+00:00
0,0,0,0,0,0,2022-01-10 03:48:05+00:00
0,0,0,0,0,0,2022-01-10 04:04:28+00:00
0,0,0,0,0,0,2022-01-10 04:04:40+00:00
0,0,0,0,0,0,2022-01-10 04:11:57+00:00
0,0,0,0,0,0,2022-01-10 04:12:55+00:00
1,1,1,1,0,1,2022-01-10 06:37:36+00:00
0,0,0,0,0,0,2022-01-10 06:37:56+00:00
0,0,0,0,0,0,2022-01-10 06:39:54+00:00
0,0,0,0,0,0,2022-01-10 07:12:07+00:00
0,0,0,0,0,0,2022-01-10 07:12:26+00:00
0,0,0,0,0,0,2022-01-10 07:12:54+00:00
1,1,1,1,0,1,2022-01-10 07:14:03+00:00
0,0,0,0,0,0,2022-01-10 07:15:09+00:00
0,0,0,0,0,0,2022-01-10 07:22:25+00:00
1,1,0,0,0,1,2022-01-10 07:36:21+00:00
2,2,0,0,0,2,2022-01-10 07:37:58+00:00
0,0,0,0,0,0,2022-01-10 07:52:58+00:00
0,0,0,0,0,0,2022-01-10 08:48:42+00:00
1,1,1,1,0,1,2022-01-11 00:56:54+00:00
0,0,0,0,0,0,2022-01-11 01:06:36+00:00
0,0,0,0,0,0,2022-01-11 01:06:49+00:00
1,1,0,0,0,1,2022-01-11 03:21:08+00:00
1,1,0,0,0,1,2022-01-11 03:26:12+00:00
1,1,0,0,0,1,2022-01-11 03:28:30+00:00
1,1,0,0,0,1,2022-01-11 03:33:42+00:00
2,2,0,0,0,2,2022-01-11 03:44:48+00:00
3,3,0,0,0,3,2022-01-11 04:03:56+00:00
1,1,1,1,0,1,2022-01-12 18:02:18+00:00
0,0,0,0,0,0,2022-01-12 18:03:00+00:00
0,0,0,0,0,0,2022-01-13 22:48:31+00:00
2,2,2,2,0,1,2022-01-13 22:48:48+00:00
0,0,0,0,0,0,2022-01-14 07:52:41+00:00
0,0,0,0,0,0,2022-01-14 19:53:32+00:00
1,1,1,1,0,0,2022-01-15 07:33:23+00:00
1,1,1,1,0,0,2022-01-19 00:55:51+00:00
0,0,0,0,0,0,2022-01-19 21:36:48+00:00
1,1,2,1,0,0,2022-01-22 21:43:05+00:00
0,0,0,0,0,0,2022-01-22 15:44:44-06:00
3,3,3,2,1,2,2022-01-22 22:22:09+00:00
2,2,2,1,1,1,2022-01-22 23:20:39+00:00
2,2,1,2,0,0,2022-01-23 01:56:18+00:00
0,0,0,0,0,0,2022-01-23 02:09:20+00:00
0,0,0,0,0,0,2022-01-23 02:11:30+00:00
1,1,1,1,0,0,2022-01-23 02:14:10+00:00
0,0,0,0,0,0,2022-01-23 02:15:12+00:00
0,0,0,0,0,0,2022-01-23 02:32:20+00:00
0,0,0,0,0,0,2022-01-23 02:37:36+00:00
0,0,0,0,0,0,2022-01-23 20:00:02+00:00
0,0,0,0,0,0,2022-01-23 20:00:18+00:00
1,1,1,1,0,0,2022-01-24 20:53:38+00:00
1,1,1,1,0,0,2022-01-25 02:21:09+00:00
0,0,0,0,0,0,2022-01-25 02:21:21+00:00
0,0,0,0,0,0,2022-01-25 02:31:00+00:00
1,1,1,1,0,0,2022-01-25 05:17:12+00:00
2,1,1,1,1,1,2022-01-26 23:18:55+00:00
1,1,1,1,0,0,2022-01-26 23:19:22+00:00
1,1,1,1,0,0,2022-01-26 23:20:00+00:00
0,0,0,0,0,0,2022-01-26 23:21:09+00:00
2,2,2,1,1,1,2022-01-28 05:17:15+00:00
1,1,1,1,0,0,2022-01-29 16:27:09+00:00
0,0,0,0,0,0,2022-01-29 16:27:48+00:00
2,2,2,1,1,1,2022-01-30 17:32:59+00:00
