Acquisition,Preparation,Modeling,Training,Evaluation,Prediction,time
0,0,0,0,0,0,2021-11-16 11:51:25+01:00
0,0,0,0,0,0,2021-11-16 17:05:14+01:00
0,0,0,0,0,0,2021-11-16 17:44:21+01:00
0,0,0,0,0,0,2021-11-16 18:44:33+01:00
0,0,0,0,0,0,2021-11-18 08:28:06+01:00
0,0,0,0,0,0,2021-11-18 13:52:40+01:00
0,0,0,0,0,0,2021-11-18 13:55:52+01:00
0,0,0,0,0,0,2021-11-18 13:56:35+01:00
0,0,0,0,0,0,2021-11-18 13:56:53+01:00
0,0,0,0,0,0,2021-11-18 13:57:20+01:00
1,0,0,0,0,0,2021-11-18 13:58:01+01:00
0,1,0,0,0,0,2021-11-18 14:02:03+01:00
0,0,0,0,0,0,2021-11-18 15:26:15+01:00
0,0,0,0,0,0,2021-11-18 15:32:27+01:00
0,0,0,0,0,0,2021-11-18 20:42:34+01:00
0,0,0,0,0,0,2021-11-18 20:42:41+01:00
0,0,0,0,0,0,2021-11-18 20:42:44+01:00
0,0,0,0,0,0,2021-11-18 20:42:46+01:00
0,0,0,0,0,0,2021-11-18 20:42:48+01:00
0,0,0,0,0,0,2021-11-18 20:42:50+01:00
0,0,0,0,0,0,2021-11-18 20:42:52+01:00
0,0,0,0,0,0,2021-11-18 20:42:55+01:00
0,0,0,0,0,0,2021-11-18 20:42:57+01:00
0,0,0,0,0,0,2021-11-18 20:42:59+01:00
0,0,0,0,0,0,2021-11-18 20:43:05+01:00
1,0,0,0,0,0,2021-11-18 20:43:18+01:00
0,1,0,0,0,0,2021-11-18 20:43:21+01:00
0,0,0,0,0,0,2021-11-18 20:43:22+01:00
0,0,0,0,0,0,2021-11-18 20:59:38+01:00
0,0,0,0,0,0,2021-11-18 21:54:57+01:00
0,1,0,0,0,0,2021-11-18 21:55:39+01:00
0,0,0,0,0,0,2021-11-18 21:57:37+01:00
0,1,0,0,0,0,2021-11-18 23:20:43+01:00
0,0,0,0,0,0,2021-11-18 23:24:44+01:00
0,0,0,0,0,0,2021-11-18 23:26:58+01:00
0,0,0,0,0,0,2021-11-19 00:01:36+01:00
0,0,0,0,0,0,2021-11-19 21:16:32+01:00
0,0,0,0,0,0,2021-11-19 21:16:56+01:00
0,0,0,0,0,0,2021-11-19 21:17:16+01:00
0,0,0,0,0,0,2021-11-19 21:17:40+01:00
0,0,0,0,0,0,2021-11-19 21:18:25+01:00
0,0,0,0,0,0,2021-11-19 21:18:54+01:00
0,1,0,0,0,0,2021-11-19 21:19:02+01:00
1,0,0,0,0,0,2021-11-19 21:19:14+01:00
0,0,0,0,0,0,2021-11-19 21:19:16+01:00
1,1,0,0,0,0,2021-11-21 17:33:35+01:00
0,0,0,0,0,0,2021-11-21 17:38:07+01:00
0,0,0,0,0,0,2021-11-22 13:55:06+01:00
0,0,0,0,0,0,2021-11-23 19:52:22+01:00
0,0,0,0,0,0,2021-11-24 10:32:56+01:00
1,0,0,0,0,0,2021-11-24 10:33:29+01:00
0,0,0,0,0,0,2021-11-24 14:34:57+01:00
0,0,0,0,0,0,2021-11-24 16:10:11+01:00
0,0,0,0,0,0,2021-11-24 16:10:40+01:00
0,0,0,0,0,0,2021-11-24 17:38:52+01:00
0,0,0,0,0,0,2021-11-24 17:39:07+01:00
0,0,0,0,0,0,2021-11-24 17:40:42+01:00
0,0,0,0,0,0,2021-11-24 17:43:19+01:00
0,0,0,0,0,0,2021-11-24 22:53:15+01:00
0,0,0,0,0,0,2021-11-25 00:15:31+01:00
0,2,0,0,0,0,2021-12-01 01:38:58+01:00
0,0,0,0,0,0,2021-12-01 10:20:19+01:00
1,3,0,0,0,0,2021-12-02 00:52:08+01:00
0,0,0,0,0,0,2021-12-02 00:52:23+01:00
0,0,0,0,0,0,2021-12-02 03:30:17+01:00
0,0,0,0,0,0,2021-12-02 12:26:03+01:00
0,0,0,0,0,0,2021-12-02 12:30:52+01:00
0,0,0,0,0,0,2021-12-02 14:17:27+01:00
0,0,0,0,0,0,2021-12-02 21:54:50+01:00
1,4,0,0,1,0,2021-12-05 12:08:53+01:00
0,0,0,0,0,0,2021-12-09 21:21:08+01:00
0,0,0,0,0,0,2021-12-09 21:37:09+01:00
0,0,0,0,0,0,2021-12-09 21:49:36+01:00
0,0,0,0,0,0,2021-12-09 21:50:44+01:00
0,0,0,0,0,0,2021-12-09 21:52:12+01:00
0,0,0,0,0,0,2021-12-09 21:52:53+01:00
0,0,0,0,0,0,2021-12-09 21:53:13+01:00
0,0,0,0,0,0,2021-12-09 21:53:36+01:00
0,0,0,0,0,0,2021-12-09 21:56:56+01:00
0,0,0,0,0,0,2021-12-10 01:20:17+01:00
0,1,0,0,0,0,2021-12-10 11:56:59+01:00
0,0,0,0,0,0,2021-12-10 11:57:43+01:00
0,0,0,0,0,0,2021-12-10 12:06:14+01:00
0,0,0,0,0,0,2021-12-10 12:06:45+01:00
0,1,0,0,1,0,2021-12-10 12:07:10+01:00
0,0,0,0,0,0,2021-12-10 12:08:04+01:00
1,6,0,0,0,0,2021-12-10 12:10:00+01:00
0,0,0,0,0,0,2021-12-10 12:10:34+01:00
0,0,0,0,0,0,2021-12-10 12:37:20+01:00
0,0,0,0,0,0,2021-12-10 12:43:39+01:00
0,0,0,0,0,0,2021-12-10 13:09:54+01:00
0,1,0,0,0,0,2021-12-10 15:29:16+01:00
1,1,0,0,0,0,2021-12-10 22:04:50+01:00
0,0,0,0,0,0,2021-12-10 22:05:09+01:00
0,0,0,0,0,0,2021-12-10 22:05:37+01:00
0,0,0,0,0,0,2021-12-10 22:05:51+01:00
0,1,0,0,0,0,2021-12-10 22:15:56+01:00
0,0,0,0,0,0,2021-12-13 16:55:00+01:00
0,0,0,0,0,0,2021-12-13 16:56:37+01:00
0,0,0,0,0,0,2021-12-13 16:57:07+01:00
0,1,0,0,0,0,2021-12-13 16:57:11+01:00
0,1,1,1,0,1,2021-12-13 16:57:27+01:00
0,0,0,0,0,0,2021-12-13 16:57:52+01:00
0,0,0,0,0,0,2021-12-13 16:58:31+01:00
0,0,0,0,0,0,2021-12-13 16:59:19+01:00
1,3,1,1,0,1,2021-12-16 20:42:18+01:00
0,0,0,0,0,0,2021-12-16 20:43:57+01:00
0,0,0,0,0,0,2021-12-16 20:47:35+01:00
0,0,0,0,0,0,2021-12-16 21:06:39+01:00
0,0,0,0,0,0,2021-12-16 21:06:52+01:00
0,0,0,0,0,0,2021-12-17 12:27:17+01:00
0,0,0,0,0,0,2021-12-17 12:27:38+01:00
0,0,0,0,0,0,2021-12-17 12:30:41+01:00
0,0,0,0,0,0,2021-12-19 18:38:47+01:00
0,0,0,0,0,0,2021-12-19 18:39:34+01:00
1,4,1,1,0,1,2021-12-19 18:40:11+01:00
1,5,1,1,0,1,2021-12-20 11:40:28+01:00
0,0,0,0,0,0,2021-12-20 11:41:46+01:00
0,0,0,0,0,0,2021-12-21 12:37:19+01:00
0,0,0,0,0,0,2021-12-21 12:39:55+01:00
1,2,0,0,0,0,2021-12-21 12:40:19+01:00
0,0,0,0,0,0,2021-12-21 12:40:36+01:00
0,0,0,0,0,0,2021-12-21 12:41:10+01:00
0,1,0,0,0,0,2021-12-21 12:41:50+01:00
0,0,0,0,0,0,2021-12-21 12:42:07+01:00
0,0,0,0,0,0,2021-12-22 19:25:29-03:00
1,1,0,0,0,0,2021-12-24 17:25:49+01:00
1,1,0,0,0,0,2021-12-24 23:06:39+01:00
1,1,0,0,0,0,2021-12-26 01:49:38+01:00
1,1,0,0,0,0,2021-12-26 01:51:56+01:00
1,1,0,0,0,0,2021-12-26 13:45:15+01:00
0,0,0,0,0,0,2021-12-26 13:45:36+01:00
1,0,0,0,0,0,2021-12-27 03:02:54+01:00
0,0,0,0,0,0,2021-12-28 01:55:08+01:00
0,0,0,0,0,0,2021-12-28 01:55:30+01:00
0,0,0,0,0,0,2021-12-28 01:56:09+01:00
0,0,0,0,0,0,2021-12-28 01:56:30+01:00
0,0,1,0,0,0,2021-12-28 01:57:05+01:00
0,0,0,0,0,0,2021-12-28 01:59:06+01:00
0,0,0,0,0,0,2021-12-28 02:53:58+01:00
0,0,0,0,0,0,2021-12-30 12:29:56+01:00
0,0,0,0,0,0,2021-12-30 14:33:41+01:00
0,0,0,0,0,0,2021-12-30 14:34:00+01:00
0,0,1,0,0,0,2021-12-30 14:45:25+01:00
3,3,0,0,0,0,2021-12-30 23:51:15+01:00
0,1,0,0,0,0,2021-12-30 23:52:38+01:00
1,3,0,0,0,0,2022-01-01 20:30:00+01:00
0,0,0,0,0,0,2022-01-01 20:31:59+01:00
0,0,0,0,0,0,2022-01-01 20:32:21+01:00
0,1,0,0,0,0,2022-01-01 20:44:16+01:00
0,0,0,0,0,0,2022-01-01 21:33:26+01:00
2,1,1,0,0,0,2022-01-01 23:45:13+01:00
0,0,0,0,0,0,2022-01-02 00:42:11+01:00
0,0,0,0,0,0,2022-01-02 12:00:06+01:00
4,8,1,1,0,1,2022-01-02 12:03:35+01:00
0,0,0,0,0,0,2022-01-02 12:03:57+01:00
0,0,0,0,0,0,2022-01-02 12:04:15+01:00
0,0,0,0,0,0,2022-01-02 12:04:22+01:00
0,0,0,0,0,0,2022-01-02 12:04:57+01:00
0,0,0,0,0,0,2022-01-02 12:05:22+01:00
0,0,0,0,0,0,2022-01-02 12:54:39+01:00
1,0,0,0,0,0,2022-01-02 15:05:36+01:00
2,0,0,0,0,0,2022-01-04 09:05:47+01:00
0,0,0,0,0,0,2022-01-04 09:06:34+01:00
0,0,0,0,0,0,2022-01-04 09:07:06+01:00
0,1,0,0,0,0,2022-01-04 09:15:23+01:00
0,0,0,0,0,0,2022-01-04 09:15:57+01:00
0,0,0,0,0,0,2022-01-04 09:21:57+01:00
1,1,0,0,0,0,2022-01-04 11:01:42+01:00
1,1,0,0,0,0,2022-01-04 15:45:48+01:00
2,2,1,1,0,1,2022-01-04 22:04:32+01:00
0,0,0,0,0,0,2022-01-04 22:04:57+01:00
0,0,0,0,0,0,2022-01-04 22:05:25+01:00
0,0,0,0,0,0,2022-01-05 09:41:11+01:00
0,0,0,0,0,0,2022-01-06 14:25:43+01:00
0,1,0,0,0,0,2022-01-06 14:26:15+01:00
1,0,0,0,1,0,2022-01-06 14:27:16+01:00
0,0,0,0,0,0,2022-01-06 14:27:36+01:00
1,0,0,0,0,0,2022-01-06 14:28:07+01:00
1,1,1,1,0,1,2022-01-06 14:28:36+01:00
0,0,0,0,0,0,2022-01-06 14:28:56+01:00
0,0,0,0,0,0,2022-01-06 14:51:51+01:00
0,0,0,0,0,0,2022-01-06 14:52:15+01:00
0,0,0,0,0,0,2022-01-06 16:54:01+01:00
0,0,0,0,0,0,2022-01-06 18:00:13+01:00
0,0,0,0,0,0,2022-01-06 19:33:40+01:00
0,0,1,0,0,0,2022-01-06 19:45:26+01:00
1,1,0,0,0,0,2022-01-06 19:47:21+01:00
0,0,0,0,0,0,2022-01-06 20:11:29+01:00
0,0,0,0,0,0,2022-01-06 22:02:01+01:00
0,0,0,0,0,0,2022-01-06 22:02:14+01:00
0,0,0,0,0,0,2022-01-06 22:02:33+01:00
0,0,0,0,0,0,2022-01-08 18:51:26+01:00
0,0,0,0,0,0,2022-01-08 18:51:47+01:00
0,0,0,0,0,0,2022-01-08 18:52:28+01:00
1,2,0,0,0,0,2022-01-08 18:54:23+01:00
0,0,0,0,0,0,2022-01-08 18:55:06+01:00
0,2,0,0,0,0,2022-01-08 18:57:06+01:00
0,1,0,0,0,0,2022-01-08 18:57:35+01:00
0,0,0,0,0,0,2022-01-08 21:03:37+01:00
0,0,0,0,0,0,2022-01-08 21:23:08+01:00
0,0,0,0,0,0,2022-01-08 21:36:25+01:00
0,0,0,0,0,0,2022-01-08 22:00:14+01:00
0,0,0,0,0,0,2022-01-08 22:15:04+01:00
0,0,0,0,0,0,2022-01-08 22:34:35+01:00
0,0,0,0,0,0,2022-01-08 22:36:27+01:00
0,0,0,0,0,0,2022-01-08 22:46:39+01:00
2,0,0,0,0,0,2022-01-08 23:04:27+01:00
0,0,0,0,0,0,2022-01-09 06:48:17+01:00
0,0,0,0,0,0,2022-01-09 07:26:40+01:00
1,0,0,0,0,0,2022-01-09 10:29:18+01:00
2,1,0,0,0,0,2022-01-09 11:13:00+01:00
1,0,0,0,0,0,2022-01-09 12:12:49+01:00
1,0,0,0,0,0,2022-01-09 12:26:01+01:00
0,0,0,0,0,0,2022-01-09 13:11:22+01:00
5,2,0,0,0,0,2022-01-09 14:03:38+01:00
4,3,0,0,0,0,2022-01-09 14:35:08+01:00
2,0,0,0,0,0,2022-01-09 16:30:33+01:00
2,0,0,0,0,0,2022-01-09 16:58:05+01:00
0,0,0,0,0,0,2022-01-09 19:36:14+01:00
1,0,0,0,0,0,2022-01-09 20:42:11+01:00
2,0,0,0,0,0,2022-01-09 21:10:42+01:00
3,0,0,0,0,0,2022-01-09 21:27:55+01:00
0,0,0,0,0,0,2022-01-10 19:15:48+01:00
0,0,0,0,0,0,2022-01-10 19:39:14+01:00
1,0,0,0,0,0,2022-01-10 19:53:38+01:00
1,0,0,0,0,0,2022-01-11 20:31:47+01:00
1,0,0,0,0,0,2022-01-11 20:33:10+01:00
0,1,0,0,0,0,2022-01-17 19:09:27+01:00
0,0,0,0,0,0,2022-01-17 19:28:53+01:00
1,0,0,0,0,0,2022-01-17 19:30:27+01:00
1,0,0,0,0,0,2022-01-17 19:30:49+01:00
1,0,0,0,0,0,2022-01-17 20:46:52+01:00
0,0,0,0,0,0,2022-01-18 22:08:15+01:00
0,0,0,0,0,0,2022-01-19 20:47:45+01:00
2,0,0,0,0,0,2022-01-19 20:48:45+01:00
0,0,0,0,0,0,2022-01-20 20:01:42+01:00
2,0,0,0,0,0,2022-01-21 22:50:04+01:00
1,1,0,0,0,0,2022-01-21 23:05:08+01:00
1,1,0,0,0,0,2022-01-22 22:06:52+01:00
0,0,0,0,0,0,2022-01-23 10:15:54+01:00
1,0,0,0,0,0,2022-01-23 14:16:40+01:00
1,0,0,0,0,0,2022-01-23 16:40:03+01:00
1,1,0,0,0,0,2022-01-24 21:45:45+01:00
1,0,0,0,0,0,2022-01-24 21:48:33+01:00
1,1,0,0,0,0,2022-01-24 21:49:02+01:00
0,0,0,0,0,0,2022-01-24 21:49:18+01:00
0,0,0,0,0,0,2022-01-24 21:49:43+01:00
1,1,0,0,0,0,2022-01-24 22:11:09+01:00
1,2,0,0,0,0,2022-01-25 22:02:12+01:00
1,1,0,0,0,0,2022-01-25 22:02:28+01:00
0,0,0,0,0,0,2022-01-28 20:43:47+01:00
1,1,0,0,0,0,2022-01-28 21:41:31+01:00
4,2,0,0,0,0,2022-01-30 18:13:07+01:00
0,0,0,0,0,0,2022-01-30 18:57:04+01:00
3,1,0,0,0,0,2022-01-30 20:46:24+01:00
0,0,0,0,0,0,2022-02-02 22:44:14+01:00
0,0,0,0,0,0,2022-02-02 22:44:30+01:00
0,1,0,0,0,0,2022-02-02 22:44:49+01:00
0,1,0,0,0,0,2022-02-02 22:45:26+01:00
1,0,0,0,0,0,2022-02-02 22:45:43+01:00
0,1,0,0,0,0,2022-02-02 22:47:39+01:00
1,1,1,1,0,1,2022-02-02 22:49:12+01:00
0,1,0,0,0,0,2022-02-04 21:40:11+01:00
0,0,0,0,0,0,2022-02-04 21:41:03+01:00
3,2,0,0,0,0,2022-02-06 10:19:00+01:00
1,1,0,0,0,0,2022-02-06 20:44:45+01:00
1,1,0,0,0,0,2022-02-06 21:41:07+01:00
1,1,0,0,0,0,2022-02-08 20:44:37+01:00
0,0,0,0,0,0,2022-02-09 20:15:27+01:00
0,1,0,0,0,0,2022-02-10 20:12:26+01:00
1,1,0,0,0,0,2022-02-10 20:16:34+01:00
0,1,0,0,0,0,2022-02-10 20:57:42+01:00
2,2,0,0,0,0,2022-02-17 19:58:53+01:00
1,1,0,0,0,0,2022-02-20 11:43:23+01:00
