Acquisition,Preparation,Modeling,Training,Evaluation,Prediction,time
2,3,3,0,0,0,2020-11-07 12:00:34-06:00
1,1,1,0,0,0,2020-11-07 17:25:12-06:00
0,0,0,0,0,0,2020-11-07 17:25:20-06:00
0,0,0,0,0,0,2020-11-07 17:32:00-06:00
0,0,0,0,0,0,2020-11-07 17:54:13-06:00
1,3,3,0,0,1,2020-11-07 23:52:45-06:00
0,1,1,0,0,1,2020-11-08 08:09:33-06:00
0,1,1,0,0,1,2020-11-09 10:13:12-06:00
0,1,1,0,0,0,2020-11-17 13:56:19-06:00
0,1,1,0,0,0,2020-11-17 15:46:49-06:00
2,2,2,0,0,0,2020-12-23 18:40:23-06:00
1,1,1,0,0,0,2020-12-23 18:45:12-06:00
0,0,0,0,0,0,2020-12-23 19:06:25-06:00
1,1,1,0,0,0,2020-12-24 11:24:43-06:00
0,1,1,0,0,1,2020-12-25 17:41:01-06:00
1,2,2,0,0,0,2020-12-26 17:09:03-06:00
1,1,1,0,0,0,2020-12-26 17:13:20-06:00
0,1,1,0,0,0,2021-02-08 19:26:15+00:00
0,0,0,0,0,0,2021-02-08 13:34:18-06:00
0,1,1,0,0,0,2021-02-08 13:40:21-06:00
0,1,1,0,0,0,2021-02-08 13:51:09-06:00
1,0,1,0,0,0,2021-02-14 16:30:28-06:00
2,2,3,0,0,0,2021-02-14 16:41:20-06:00
0,1,1,0,0,0,2021-02-24 11:10:25-06:00
1,1,2,0,0,0,2021-02-28 17:29:08-06:00
0,0,0,0,0,0,2021-04-20 19:20:23-05:00
0,1,1,0,0,0,2021-05-17 11:23:54+02:00
0,0,0,0,0,0,2021-05-18 07:51:36-05:00
0,1,1,0,0,0,2021-05-18 07:56:27-05:00
0,1,1,0,0,0,2021-05-18 08:04:04-05:00
0,0,0,0,0,0,2021-06-17 15:52:19-05:00
0,0,0,0,0,0,2021-06-17 18:20:22-05:00
0,0,0,0,0,0,2021-06-17 23:50:24-05:00
0,1,1,0,0,0,2021-06-26 12:56:03+06:00
0,1,1,0,0,0,2021-06-26 13:28:44+06:00
0,0,0,0,0,0,2021-06-26 13:32:06+06:00
0,0,0,0,0,0,2021-06-26 13:34:00+06:00
0,0,0,0,0,0,2021-06-26 13:37:34+06:00
0,1,1,0,0,0,2021-06-26 19:17:51+06:00
0,1,1,0,0,0,2021-06-26 19:31:18+06:00
0,0,0,0,0,0,2021-06-26 22:11:02+06:00
0,1,1,0,0,0,2021-06-26 22:22:08+06:00
0,0,0,0,0,0,2021-06-26 12:08:08-05:00
0,0,0,0,0,0,2021-06-17 23:56:19-05:00
0,0,0,0,0,0,2021-06-26 12:15:25-05:00
0,1,1,0,0,0,2021-06-26 12:16:45-05:00
0,1,1,0,0,0,2021-06-26 12:27:38-05:00
0,0,0,0,0,0,2021-06-26 12:45:40-05:00
2,2,2,0,0,0,2021-07-20 13:32:37+05:18
1,1,1,0,0,0,2021-07-20 15:57:03+05:18
2,2,2,0,0,0,2021-07-22 13:24:21+05:18
0,0,0,0,0,0,2021-07-22 10:32:35-05:00
2,2,2,0,0,0,2021-07-22 10:58:38-05:00
1,1,1,0,0,0,2021-07-22 11:25:32-05:00
1,1,1,0,0,0,2021-07-22 11:34:02-05:00
