Acquisition,Preparation,Modeling,Training,Evaluation,Prediction,time
3,15,5,5,3,5,2020-08-13 20:47:26+02:00
1,3,2,1,1,1,2020-09-06 13:21:40+02:00
1,1,1,1,1,1,2020-09-06 13:42:47+02:00
1,4,1,1,1,2,2020-09-08 15:37:40+02:00
1,1,1,1,1,1,2020-09-08 15:53:07+02:00
1,1,1,1,1,1,2020-09-08 16:05:40+02:00
1,2,1,1,1,1,2020-09-08 18:07:17+02:00
1,2,1,1,1,1,2020-09-08 19:11:58+02:00
2,2,1,2,1,2,2020-09-08 19:59:34+02:00
1,1,0,1,0,1,2020-09-08 20:10:21+02:00
1,2,0,1,0,1,2020-09-09 16:11:36+02:00
2,3,1,2,1,2,2020-09-09 20:09:09+02:00
0,2,0,0,0,0,2020-09-10 12:57:07+02:00
1,2,0,1,0,1,2020-09-10 14:59:08+02:00
1,1,0,1,0,1,2020-09-10 17:11:06+02:00
1,1,0,1,0,1,2020-09-10 20:42:20+02:00
0,1,0,0,0,1,2020-09-11 11:28:21+02:00
5,13,7,6,2,5,2021-01-20 18:05:30+01:00
4,5,2,4,1,4,2021-01-21 14:40:26+01:00
4,5,2,4,1,5,2021-01-21 15:43:59+01:00
0,3,1,0,0,0,2021-01-21 17:18:56+01:00
7,23,7,9,4,9,2021-01-21 19:14:09+01:00
2,6,4,2,1,2,2021-01-22 15:41:34+01:00
2,2,2,2,1,2,2021-01-22 16:17:44+01:00
1,1,1,1,1,1,2021-01-22 17:44:11+01:00
1,1,0,1,0,1,2021-01-23 11:50:33+01:00
2,2,0,2,0,2,2021-01-23 11:52:31+01:00
2,2,0,2,0,2,2021-01-23 11:54:10+01:00
4,6,2,4,1,5,2021-01-24 12:11:19+01:00
2,3,2,2,1,2,2021-01-25 11:15:28+01:00
2,2,2,2,1,2,2021-01-25 11:21:14+01:00
2,2,2,2,1,2,2021-01-25 14:12:09+01:00
1,1,0,1,0,1,2021-01-25 14:14:16+01:00
0,1,0,0,0,0,2021-02-03 14:27:32+01:00
0,2,0,0,0,0,2021-02-04 14:03:12+01:00
2,2,2,2,1,2,2021-02-04 14:07:20+01:00
1,2,0,1,0,2,2021-02-04 14:35:15+01:00
2,2,0,2,0,2,2021-02-04 15:17:35+01:00
1,1,0,1,0,1,2021-02-04 15:21:26+01:00
1,1,0,1,0,1,2021-02-04 15:22:16+01:00
0,1,0,0,0,1,2021-02-04 15:25:01+01:00
2,2,0,2,0,2,2021-02-04 15:34:28+01:00
2,2,1,2,0,2,2021-02-04 19:17:40+01:00
2,3,0,2,0,3,2021-02-05 19:46:47+01:00
3,3,2,3,1,3,2021-02-09 11:31:32+01:00
1,1,1,1,1,1,2021-02-10 11:32:10+01:00
2,2,0,2,0,2,2021-02-19 09:53:30+01:00
0,0,0,0,0,0,2021-02-19 12:37:56+01:00
0,0,0,0,0,0,2021-02-19 12:44:12+01:00
0,0,0,0,0,0,2021-02-19 12:49:25+01:00
2,3,0,2,0,2,2021-02-22 11:27:42+01:00
0,0,0,0,0,0,2021-02-22 11:28:05+01:00
1,1,0,1,0,1,2021-02-22 11:35:57+01:00
2,3,0,2,0,2,2021-02-22 11:57:49+01:00
0,0,0,0,0,0,2021-02-22 14:43:35+01:00
0,2,0,0,0,0,2021-02-22 15:52:42+01:00
0,0,0,0,0,0,2021-02-22 15:53:05+01:00
