Acquisition,Preparation,Modeling,Training,Evaluation,Prediction,time
0,2,0,0,0,1,2020-10-19 00:19:42-03:00
0,0,0,0,0,0,2020-10-19 12:21:38-03:00
0,0,0,0,0,0,2020-10-19 12:22:01-03:00
0,1,0,0,0,0,2020-10-19 12:22:23-03:00
0,1,0,0,0,1,2020-10-19 12:22:49-03:00
0,0,0,0,0,0,2020-10-19 12:23:08-03:00
0,1,0,0,0,1,2020-10-19 13:08:05-03:00
0,1,0,0,0,0,2020-10-19 13:08:26-03:00
0,0,0,0,0,0,2020-10-19 13:12:53-03:00
0,0,0,0,0,0,2020-10-19 13:15:55-03:00
1,1,0,0,0,1,2020-10-19 13:47:22-03:00
0,0,0,0,0,0,2020-10-19 14:24:23-03:00
0,1,0,0,0,0,2020-10-19 14:34:19-03:00
1,1,0,0,0,1,2020-10-19 15:08:44-03:00
0,0,0,0,0,0,2020-10-19 15:20:12-03:00
0,0,0,0,0,0,2020-10-19 15:20:33-03:00
0,0,0,0,0,0,2020-10-19 15:20:49-03:00
0,0,0,0,0,0,2020-10-19 15:35:48-03:00
0,1,0,0,0,0,2020-10-19 16:04:01-03:00
1,1,0,0,0,1,2020-10-19 16:04:18-03:00
1,1,0,0,0,1,2020-10-19 16:26:59-03:00
0,0,0,0,0,0,2020-10-19 16:57:50-03:00
0,1,0,0,0,0,2020-10-19 16:58:52-03:00
0,0,0,0,0,0,2020-10-19 17:02:06-03:00
4,5,0,0,0,4,2020-10-19 19:15:24-03:00
0,0,0,0,0,0,2020-10-19 19:15:38-03:00
1,1,0,0,0,1,2020-10-19 19:37:22-03:00
0,0,0,0,0,0,2020-10-20 13:19:41-03:00
0,1,0,0,0,0,2020-10-20 13:21:25-03:00
0,0,0,0,0,0,2020-10-20 13:22:05-03:00
1,1,0,0,0,0,2020-10-20 14:16:51-03:00
1,1,0,0,0,0,2020-10-20 14:29:26-03:00
1,1,0,0,0,0,2020-10-20 17:00:32-03:00
1,1,0,0,0,0,2020-10-20 17:12:14-03:00
0,0,0,0,0,0,2020-10-20 19:36:49-03:00
1,1,1,0,0,0,2020-10-20 19:39:00-03:00
1,1,0,0,0,0,2020-10-22 15:22:06-03:00
1,1,0,0,0,0,2020-10-22 16:12:14-03:00
0,1,0,0,0,0,2020-10-22 17:10:08-03:00
0,1,0,0,0,0,2020-10-22 17:47:10-03:00
1,1,0,0,0,0,2020-10-22 17:57:09-03:00
1,1,0,0,0,0,2020-10-22 18:03:27-03:00
0,0,0,0,0,0,2020-10-22 21:37:52-03:00
0,0,0,0,0,0,2020-10-22 21:42:17-03:00
0,0,0,0,0,0,2020-10-22 21:55:59-03:00
0,0,0,0,0,0,2020-10-22 21:58:49-03:00
1,1,0,0,0,0,2020-10-23 23:03:17-03:00
1,1,1,0,0,0,2020-10-24 00:11:20-03:00
0,0,0,0,0,0,2020-10-24 00:11:54-03:00
0,0,0,0,0,0,2020-10-24 00:12:31-03:00
3,3,0,0,0,3,2020-10-24 00:16:05-03:00
0,0,0,0,0,0,2020-10-24 19:40:21-03:00
1,1,0,0,0,0,2020-10-24 19:40:42-03:00
0,0,0,0,0,0,2020-10-24 22:12:38-03:00
1,0,0,0,0,0,2020-10-25 15:27:09-03:00
0,1,0,0,0,0,2020-10-25 15:27:22-03:00
0,1,0,0,0,0,2020-10-25 15:27:54-03:00
0,1,0,0,0,0,2020-10-25 15:28:26-03:00
1,1,1,0,0,0,2020-10-25 15:29:13-03:00
1,1,0,0,0,1,2020-10-25 15:32:40-03:00
1,1,0,0,0,0,2020-10-25 15:33:20-03:00
0,1,1,1,0,0,2020-10-25 21:00:55-03:00
1,0,0,0,0,0,2020-10-25 21:01:16-03:00
0,1,1,1,0,0,2020-10-27 16:51:37-03:00
0,1,1,0,0,0,2020-10-27 16:52:06-03:00
0,0,0,0,0,0,2020-10-27 16:52:59-03:00
0,1,1,1,0,0,2020-10-27 19:23:53-03:00
0,0,0,0,0,0,2020-10-27 19:24:18-03:00
0,1,1,0,0,0,2020-10-28 20:25:26-03:00
0,1,1,0,0,0,2020-10-29 15:32:00-03:00
0,1,1,0,0,0,2020-10-29 17:58:08-03:00
0,1,1,0,0,0,2020-10-29 18:41:54-03:00
0,1,1,1,0,1,2020-10-30 02:14:10-03:00
0,1,1,1,1,1,2020-10-30 16:17:17-03:00
0,1,1,0,0,0,2020-10-30 19:27:06-03:00
0,1,1,0,0,0,2020-10-30 23:54:04-03:00
0,1,1,1,1,1,2020-10-30 23:54:31-03:00
0,0,0,0,0,0,2020-10-30 23:55:05-03:00
0,0,0,0,0,0,2020-10-30 23:55:20-03:00
0,1,1,1,0,1,2020-10-31 18:04:28-03:00
0,1,1,0,0,0,2020-10-31 18:05:13-03:00
0,1,1,1,1,1,2020-10-31 18:05:55-03:00
0,0,0,0,0,0,2020-10-31 18:06:36-03:00
0,1,1,1,0,1,2020-10-31 18:55:40-03:00
2,1,0,0,0,0,2020-11-02 14:25:42-03:00
0,1,1,0,0,0,2020-11-02 20:36:26-03:00
0,1,1,1,1,1,2020-11-02 20:37:45-03:00
2,4,3,2,0,1,2020-11-02 20:46:55-03:00
0,0,0,0,0,0,2020-11-02 21:06:43-03:00
0,0,0,0,0,0,2020-11-02 21:09:31-03:00
0,0,0,0,0,0,2020-11-02 21:09:43-03:00
1,1,1,0,0,0,2020-11-03 01:08:49-03:00
0,0,0,0,0,0,2020-11-03 02:01:12-03:00
0,1,1,0,0,0,2020-11-03 02:17:44-03:00
0,1,1,0,0,0,2020-11-03 02:37:10-03:00
0,0,0,0,0,0,2020-12-11 13:18:56-03:00
0,1,1,0,0,0,2020-12-11 13:19:13-03:00
1,1,1,1,0,0,2020-12-11 13:19:42-03:00
0,0,0,0,0,0,2020-12-11 18:13:31-03:00
0,0,0,0,0,0,2020-12-11 18:15:10-03:00
0,0,0,0,0,0,2021-02-11 22:56:31-03:00
0,0,0,0,0,0,2021-02-11 22:56:47-03:00
