Acquisition,Preparation,Modeling,Training,Evaluation,Prediction,time
1,1,0,1,0,0,2019-07-18 19:50:39+02:00
0,0,0,0,0,0,2019-07-18 19:56:57+02:00
4,0,4,0,0,0,2019-08-07 18:17:05+02:00
2,4,0,2,0,0,2019-08-07 18:16:52+02:00
5,1,4,1,0,0,2019-08-08 10:57:53+02:00
0,0,0,0,0,0,2019-08-23 14:13:24+02:00
6,5,6,2,0,0,2019-08-23 16:47:44+02:00
2,4,1,2,0,0,2019-08-23 17:48:56+02:00
2,5,2,2,1,0,2019-08-23 19:01:28+02:00
1,3,3,2,0,0,2019-08-24 10:32:55+02:00
1,1,0,0,0,0,2019-08-24 10:33:15+02:00
2,2,1,1,1,1,2019-08-24 12:31:39+02:00
2,3,3,2,1,1,2019-08-25 19:48:41+02:00
1,1,1,1,1,1,2019-08-25 19:56:08+02:00
1,1,1,1,1,1,2019-08-25 21:33:20+02:00
0,0,0,0,0,0,2019-08-26 19:34:33+02:00
5,5,3,2,2,1,2019-08-26 20:29:34+02:00
0,0,0,0,0,0,2019-08-28 22:53:28+02:00
2,2,2,2,2,2,2019-08-28 22:58:27+02:00
0,0,0,0,0,0,2019-08-28 23:18:01+02:00
4,1,4,1,1,1,2019-08-29 00:36:37+02:00
0,0,0,0,0,0,2019-08-29 00:38:20+02:00
1,0,0,0,0,0,2019-08-29 09:15:35+02:00
8,7,5,4,3,2,2019-09-06 15:02:49+02:00
6,6,5,4,3,3,2019-09-06 20:24:56+02:00
3,3,3,2,2,2,2019-09-07 14:16:34+02:00
1,0,1,0,0,0,2019-09-09 19:34:58+02:00
1,1,1,1,1,1,2019-09-10 00:18:49+02:00
0,0,0,0,0,0,2019-09-10 00:24:57+02:00
2,2,2,2,2,2,2019-09-11 18:41:34+02:00
1,1,1,1,1,1,2019-09-11 19:04:30+02:00
1,1,1,1,1,1,2019-09-11 19:06:29+02:00
1,1,1,1,1,1,2019-09-11 19:17:04+02:00
1,1,1,1,1,1,2019-09-11 19:19:34+02:00
1,1,0,0,0,0,2019-09-13 15:17:22+02:00
0,1,0,0,0,0,2019-09-13 15:17:47+02:00
3,2,3,2,1,1,2019-09-13 18:15:19+02:00
1,2,1,1,1,1,2019-09-20 18:33:00+02:00
1,2,1,1,1,1,2019-09-24 10:02:00+02:00
3,3,4,1,1,1,2019-10-04 14:35:04+02:00
1,0,1,0,0,0,2019-10-04 15:15:05+02:00
1,0,1,0,0,0,2019-10-04 15:55:58+02:00
2,1,2,0,0,0,2019-10-04 16:11:16+02:00
4,3,1,1,1,0,2019-10-04 18:07:19+02:00
0,0,2,0,0,0,2019-10-19 16:30:20+02:00
0,1,0,0,0,0,2019-10-19 16:31:06+02:00
0,0,1,0,0,0,2019-10-19 16:31:40+02:00
0,0,0,0,0,0,2019-10-19 16:32:38+02:00
1,1,1,0,0,0,2019-10-19 16:33:34+02:00
2,3,1,1,0,0,2019-10-19 16:34:42+02:00
3,6,3,5,1,1,2019-11-01 17:24:17+01:00
2,2,1,1,1,1,2019-11-01 17:34:21+01:00
0,0,0,0,0,0,2019-11-01 16:42:28+00:00
3,3,2,1,1,1,2019-11-01 19:08:49+01:00
0,0,0,0,0,0,2019-11-05 10:16:24+01:00
0,0,0,0,0,0,2019-11-05 19:05:45+01:00
1,1,1,1,1,1,2019-11-05 19:07:11+01:00
0,0,0,0,0,0,2019-11-07 11:22:59+01:00
1,1,1,1,1,1,2019-11-07 11:23:44+01:00
1,1,1,1,1,1,2019-11-07 20:00:09+01:00
1,1,1,1,1,1,2019-11-08 15:57:12+01:00
1,1,1,1,1,1,2019-11-08 19:07:15+01:00
1,1,1,1,1,1,2019-11-08 19:13:17+01:00
2,3,1,2,1,1,2019-11-14 14:01:30+01:00
1,0,1,0,0,0,2019-11-15 14:32:05+01:00
2,2,1,2,1,1,2019-11-15 14:34:45+01:00
1,1,0,1,0,0,2019-11-15 14:54:30+01:00
1,1,1,1,1,1,2019-11-15 15:00:37+01:00
2,2,1,2,1,1,2019-11-15 15:25:43+01:00
2,2,1,2,1,1,2019-11-15 16:18:14+01:00
2,3,2,2,2,2,2019-11-19 12:39:49+01:00
0,0,0,0,0,0,2019-11-19 12:41:25+01:00
2,2,1,2,1,1,2019-11-19 12:59:20+01:00
2,3,1,1,1,1,2019-11-19 19:30:47+01:00
1,2,1,1,1,1,2019-11-20 11:09:16+01:00
0,0,0,0,0,0,2019-11-20 13:46:26+01:00
1,1,0,1,0,0,2019-11-20 13:48:04+01:00
0,1,0,0,0,0,2019-11-20 13:48:50+01:00
2,3,1,2,1,1,2019-11-21 19:35:06+01:00
1,1,1,1,1,1,2019-11-21 19:46:37+01:00
1,1,1,1,1,1,2019-11-22 10:44:16+01:00
2,2,2,2,2,2,2019-11-22 11:29:26+01:00
3,4,5,3,3,3,2019-11-22 11:55:35+01:00
1,1,1,1,1,1,2019-11-22 12:11:05+01:00
1,1,1,1,1,1,2019-11-22 12:46:29+01:00
1,1,1,1,1,1,2019-11-22 13:44:01+01:00
1,1,1,1,1,1,2019-11-22 15:10:13+01:00
0,0,0,0,0,0,2019-11-22 18:43:20+01:00
2,2,2,2,2,2,2019-11-22 19:02:49+01:00
0,1,0,0,0,1,2019-11-22 12:53:52+01:00
0,0,0,0,0,0,2019-11-25 19:12:08+01:00
1,3,0,1,0,1,2019-11-25 19:16:45+01:00
1,1,1,1,1,1,2019-11-25 19:18:39+01:00
0,0,0,0,0,0,2019-11-25 19:23:17+01:00
0,0,0,0,0,0,2019-11-26 11:46:37+01:00
2,3,2,2,2,2,2019-11-26 12:30:16+01:00
2,6,2,2,2,2,2019-11-27 12:05:18+01:00
1,1,1,1,1,1,2019-11-27 13:28:41+01:00
1,1,1,1,1,1,2019-11-28 10:22:01+01:00
17,11,18,5,5,5,2019-11-28 16:52:42+01:00
1,1,1,1,1,1,2019-11-28 19:36:49+01:00
1,2,1,1,1,1,2019-11-29 10:19:55+01:00
1,2,1,1,1,1,2019-11-29 16:29:28+01:00
1,1,1,1,1,1,2019-11-29 18:33:14+01:00
1,3,1,1,1,1,2019-12-03 16:06:16+01:00
2,3,2,1,1,1,2019-12-06 10:49:11+01:00
0,0,0,0,0,0,2019-12-06 21:07:30+01:00
0,1,0,0,0,0,2019-12-11 12:50:10+01:00
1,1,1,1,1,1,2019-12-11 13:06:30+01:00
1,0,1,0,0,0,2019-12-11 13:57:24+01:00
1,1,1,1,1,1,2019-12-12 11:12:37+01:00
1,2,1,1,1,1,2019-12-12 11:55:22+01:00
0,0,0,0,0,0,2019-12-12 12:02:29+01:00
1,1,1,1,1,1,2019-12-12 12:22:07+01:00
1,1,1,1,1,1,2019-12-12 13:31:14+01:00
1,1,0,1,0,0,2020-01-02 15:13:38+01:00
3,3,3,1,1,1,2020-01-03 11:09:59+01:00
1,2,1,1,1,1,2020-01-03 12:45:00+01:00
2,3,3,2,2,2,2020-01-07 11:06:33+01:00
1,0,0,0,0,0,2020-03-05 17:19:38+01:00
0,0,0,0,0,0,2020-03-05 17:21:31+01:00
0,0,0,0,0,0,2020-03-05 17:26:05+01:00
21,27,20,10,7,6,2020-03-06 14:05:27+01:00
2,2,1,2,1,1,2020-03-09 14:32:26+01:00
0,0,0,0,0,0,2020-03-09 15:07:35+01:00
0,0,0,0,0,0,2020-03-09 15:08:37+01:00
0,0,0,0,0,0,2020-03-09 16:46:51+01:00
0,0,0,0,0,0,2020-03-09 16:50:57+01:00
0,0,0,0,0,0,2020-03-09 16:54:42+01:00
1,1,1,1,1,1,2020-03-10 08:23:36+01:00
2,2,1,1,1,1,2020-03-10 08:52:55+01:00
2,2,1,1,1,1,2020-03-10 09:18:54+01:00
0,0,0,0,0,0,2020-03-14 14:46:29+01:00
0,0,0,0,0,0,2020-03-17 14:39:47+01:00
0,0,0,0,0,0,2020-03-17 14:41:40+01:00
4,3,2,1,1,1,2020-03-19 15:39:33+01:00
1,2,1,1,1,1,2020-03-20 19:01:26+01:00
0,1,0,0,0,0,2020-03-22 10:33:54+01:00
1,1,1,1,1,1,2020-03-22 11:13:24+01:00
1,3,1,1,1,1,2020-03-23 08:43:59+01:00
0,1,0,0,0,0,2020-03-23 08:57:06+01:00
0,1,0,0,0,1,2020-03-23 09:20:57+01:00
1,3,0,0,0,1,2020-03-23 12:48:18+01:00
2,2,1,1,1,1,2020-03-23 15:09:25+01:00
1,1,1,1,1,0,2020-03-23 16:52:07+01:00
0,1,0,0,0,0,2020-03-23 20:26:49+01:00
0,1,0,0,0,1,2020-03-24 20:19:07+01:00
0,2,0,0,0,2,2020-03-24 20:33:35+01:00
0,1,0,0,0,1,2020-03-25 12:13:38+01:00
2,3,1,1,1,0,2020-03-25 20:03:03+01:00
0,1,0,0,0,0,2020-03-26 11:37:17+01:00
2,4,1,1,1,0,2020-03-28 20:07:54+01:00
2,4,1,2,1,1,2020-03-30 15:01:17+02:00
1,2,0,0,0,0,2020-04-03 11:34:11+02:00
2,3,0,0,0,0,2020-04-06 15:33:06+02:00
0,2,0,0,0,0,2020-04-06 15:52:21+02:00
0,0,0,0,0,0,2020-04-06 16:23:03+02:00
0,0,0,0,0,0,2020-04-06 16:44:12+02:00
0,1,0,0,0,0,2020-04-07 12:14:39+02:00
2,4,1,1,1,0,2020-04-07 17:10:57+02:00
1,3,0,0,0,1,2020-04-08 15:45:27+02:00
2,3,0,0,0,0,2020-04-14 09:35:15+02:00
0,3,0,0,0,0,2020-04-17 20:20:28+02:00
17,22,12,8,6,5,2020-04-21 15:05:05+02:00
0,2,0,0,0,1,2020-04-22 18:53:04+02:00
0,0,0,0,0,0,2020-04-24 13:07:29+02:00
6,11,5,5,6,4,2020-04-29 15:59:51+02:00
2,5,2,1,1,2,2020-05-04 20:04:02+02:00
13,13,13,6,5,2,2020-05-07 15:08:29+02:00
0,0,0,0,0,0,2020-05-12 17:00:13+02:00
0,0,0,0,0,0,2020-05-14 10:07:56+02:00
2,2,2,2,2,2,2020-05-14 13:22:38+02:00
0,1,1,1,0,0,2020-05-14 16:39:46+02:00
1,3,1,1,1,0,2020-05-14 16:40:34+02:00
0,1,0,0,0,0,2020-05-18 17:14:20+02:00
1,1,1,1,1,1,2020-05-27 10:12:43+02:00
0,0,0,0,0,0,2020-06-04 09:54:02+02:00
0,0,0,0,0,0,2020-06-11 10:00:16+02:00
1,3,1,1,1,0,2020-06-11 13:11:47+02:00
3,6,0,0,0,0,2020-06-16 14:00:41+02:00
1,1,1,1,0,0,2020-06-18 15:19:03+02:00
3,5,3,3,3,1,2020-06-19 10:22:47+02:00
2,2,0,0,0,0,2020-06-22 15:28:09+02:00
2,2,0,0,0,0,2020-06-23 15:54:44+02:00
0,0,0,0,0,0,2022-02-09 11:16:44+01:00
