Acquisition,Preparation,Modeling,Training,Evaluation,Prediction,time
1,1,1,0,0,1,2021-06-20 10:41:23-04:00
1,1,1,0,0,1,2021-06-21 23:52:26-04:00
0,0,0,0,0,0,2021-06-22 01:09:55-04:00
1,1,1,0,0,1,2021-06-22 01:14:35-04:00
0,0,0,0,0,0,2021-06-22 02:01:52-04:00
0,0,0,0,0,0,2021-06-22 02:04:15-04:00
0,0,0,0,0,0,2021-06-22 02:07:12-04:00
0,0,0,0,0,0,2021-06-22 02:12:28-04:00
0,0,0,0,0,0,2021-06-22 02:22:30-04:00
0,0,0,0,0,0,2021-06-22 02:33:42-04:00
0,0,0,0,0,0,2021-06-22 02:38:52-04:00
0,0,0,0,0,0,2021-06-22 02:41:59-04:00
1,1,1,0,0,1,2021-06-22 02:51:13-04:00
1,1,1,0,0,1,2021-06-22 02:55:57-04:00
1,1,1,0,0,1,2021-06-22 03:03:50-04:00
1,1,1,0,0,1,2021-06-22 08:40:10-04:00
1,1,1,0,0,1,2021-06-22 08:46:43-04:00
0,0,0,0,0,0,2021-06-22 08:53:11-04:00
0,0,0,0,0,0,2021-06-22 09:06:13-04:00
0,0,0,0,0,0,2021-06-22 09:13:06-04:00
0,0,0,0,0,0,2021-06-22 09:40:57-04:00
0,0,0,0,0,0,2021-06-22 09:47:46-04:00
1,1,1,0,0,1,2021-06-22 18:22:40-04:00
1,1,1,0,0,1,2021-06-23 16:52:21-04:00
1,1,1,0,0,1,2021-06-24 14:16:18-04:00
1,1,1,1,0,1,2021-06-28 21:11:36-04:00
2,2,2,2,0,2,2021-06-29 15:13:05-04:00
0,0,0,0,0,0,2021-06-29 20:08:47-04:00
0,0,0,0,0,0,2021-06-29 20:35:08-04:00
0,0,0,0,0,0,2021-06-29 20:43:36-04:00
0,0,0,0,0,0,2021-06-29 21:15:29-04:00
0,0,0,0,0,0,2021-06-29 21:23:57-04:00
0,0,0,0,0,0,2021-06-29 21:30:06-04:00
0,0,0,0,0,0,2021-06-29 21:41:39-04:00
0,0,0,0,0,0,2021-07-02 16:54:04-04:00
0,0,0,0,0,0,2021-07-02 17:09:17-04:00
0,0,0,0,0,0,2021-07-02 18:47:17-04:00
0,0,0,0,0,0,2021-07-02 18:54:49-04:00
0,0,0,0,0,0,2021-07-02 19:19:09-04:00
0,0,0,0,0,0,2021-07-02 19:26:16-04:00
0,0,0,0,0,0,2021-07-02 19:32:42-04:00
0,0,0,0,0,0,2021-07-02 19:37:37-04:00
0,0,0,0,0,0,2021-07-02 20:07:24-04:00
0,0,0,0,0,0,2021-07-02 20:15:03-04:00
0,0,0,0,0,0,2021-07-02 20:19:22-04:00
0,0,0,0,0,0,2021-07-02 20:24:48-04:00
0,0,0,0,0,0,2021-07-02 20:54:27-04:00
0,0,0,0,0,0,2021-07-02 21:10:47-04:00
0,0,0,0,0,0,2021-07-05 16:19:27-04:00
0,0,0,0,0,0,2021-07-05 16:37:47-04:00
0,0,0,0,0,0,2021-07-07 01:20:41-04:00
0,0,0,0,0,0,2021-07-07 01:40:50-04:00
0,0,0,0,0,0,2021-07-07 01:44:18-04:00
0,0,0,0,0,0,2021-07-07 01:56:29-04:00
0,0,0,0,0,0,2021-07-07 01:57:59-04:00
0,0,0,0,0,0,2021-07-07 02:02:33-04:00
0,0,0,0,0,0,2021-07-07 02:04:51-04:00
2,2,2,1,0,2,2021-07-07 02:18:26-04:00
0,0,0,0,0,0,2021-07-07 17:40:11-04:00
0,0,0,0,0,0,2021-07-07 17:53:18-04:00
