Acquisition,Preparation,Modeling,Training,Evaluation,Prediction,time
0,0,0,0,0,0,2017-03-04 14:32:47+01:00
0,0,0,0,0,0,2017-03-07 18:27:58+01:00
0,0,0,0,0,0,2017-03-07 18:28:11+01:00
0,0,0,0,0,0,2017-03-07 18:28:31+01:00
0,0,0,0,0,0,2017-03-07 23:33:59+01:00
0,0,0,0,0,0,2017-03-08 00:00:01+01:00
0,1,0,0,0,1,2017-03-18 22:45:06+01:00
0,0,0,0,0,0,2017-03-18 22:45:26+01:00
1,1,0,0,0,0,2017-03-18 22:45:58+01:00
0,0,0,0,0,0,2017-03-18 22:47:28+01:00
0,3,0,0,0,1,2017-03-19 15:27:49+01:00
0,3,0,0,0,1,2017-03-19 15:36:01+01:00
0,2,0,0,0,1,2017-03-19 19:05:16+01:00
0,1,0,0,0,0,2017-03-20 10:35:22+01:00
0,0,0,0,0,0,2017-03-20 10:35:36+01:00
0,0,0,0,0,0,2017-03-20 10:36:12+01:00
0,1,0,0,0,0,2017-03-22 22:37:28+01:00
0,0,0,0,0,0,2017-03-22 23:34:56+01:00
0,0,0,0,0,0,2017-03-22 23:35:33+01:00
0,2,0,1,0,0,2017-06-11 23:55:42+02:00
0,2,0,1,0,0,2017-06-12 00:47:12+02:00
0,1,1,0,0,1,2017-06-12 14:24:12+02:00
0,1,0,0,0,0,2017-06-13 15:48:43+02:00
2,5,1,1,0,1,2017-10-14 22:42:02+02:00
0,0,0,0,0,0,2017-10-14 23:04:33+02:00
0,0,0,0,0,0,2017-10-14 23:54:31+02:00
1,3,0,1,0,0,2017-10-17 21:19:23+02:00
1,3,0,1,0,0,2017-10-22 11:44:12+02:00
1,4,1,1,0,1,2017-11-05 23:04:01+01:00
0,1,0,0,0,0,2017-11-05 23:32:28+01:00
1,2,0,1,0,0,2017-11-06 19:12:18+01:00
0,0,0,0,0,0,2017-11-07 00:38:11+01:00
1,3,0,1,0,0,2017-11-26 15:48:29+01:00
0,0,0,0,0,0,2017-11-26 15:48:48+01:00
0,1,0,1,0,0,2017-11-28 23:50:37+01:00
0,0,0,0,0,0,2017-11-28 23:54:42+01:00
0,0,0,0,0,0,2017-12-28 11:16:05+01:00
0,0,0,0,0,0,2017-12-28 15:14:41+01:00
0,0,0,0,0,0,2017-12-28 15:15:04+01:00
0,0,0,0,0,0,2017-12-28 16:23:50+01:00
0,0,0,0,0,0,2017-12-29 10:55:18+01:00
0,0,0,0,0,0,2017-12-29 16:30:52+01:00
0,0,0,0,0,0,2017-12-29 16:54:58+01:00
0,0,0,0,0,0,2017-12-29 16:56:01+01:00
0,0,0,0,0,0,2017-12-29 17:05:12+01:00
0,0,0,0,0,0,2017-12-29 17:53:54+01:00
0,0,0,0,0,0,2017-12-29 18:04:22+01:00
0,0,0,0,0,0,2018-01-02 11:05:52+00:00
0,0,0,0,0,0,2018-01-03 14:50:26+00:00
0,0,0,0,0,0,2018-02-17 20:16:10+00:00
1,5,0,2,0,0,2018-03-08 20:19:00+00:00
0,0,0,0,0,0,2018-03-08 20:19:30+00:00
1,4,1,2,0,1,2018-04-15 19:31:45+02:00
0,2,0,2,0,0,2018-04-15 18:36:19+01:00
0,0,0,0,0,0,2018-04-15 18:38:24+01:00
0,0,0,0,0,0,2018-05-07 12:11:03+02:00
0,0,0,0,0,0,2018-05-07 14:45:09+02:00
0,0,0,0,0,0,2018-05-07 14:45:14+02:00
0,0,0,0,0,0,2018-05-07 14:47:01+02:00
0,0,0,0,0,0,2018-05-07 16:07:01+02:00
0,0,0,0,0,0,2018-05-08 20:05:12+01:00
0,0,0,0,0,0,2018-05-19 13:01:15+01:00
0,0,0,0,0,0,2018-05-20 00:01:35+02:00
0,0,0,0,0,0,2018-07-19 15:10:49+08:00
0,0,0,0,0,0,2018-07-19 15:10:49+08:00
0,0,0,0,0,0,2018-07-19 15:28:45+08:00
0,1,0,1,0,0,2018-07-19 21:52:50+08:00
0,0,0,0,0,0,2018-08-28 13:38:30+01:00
