Acquisition,Preparation,Modeling,Training,Evaluation,Prediction,time
0,0,0,0,0,0,2021-08-10 21:17:29+08:00
2,2,2,1,1,2,2021-08-10 21:18:28+08:00
0,0,0,0,0,0,2021-08-10 22:02:12+08:00
0,0,0,0,0,0,2021-08-10 22:04:56+08:00
0,0,0,0,0,0,2021-08-10 22:15:01+08:00
0,0,0,0,0,0,2021-08-10 22:15:54+08:00
0,0,0,0,0,0,2021-08-10 22:16:56+08:00
0,0,0,0,0,0,2021-08-10 22:17:28+08:00
0,0,0,0,0,0,2021-08-10 22:18:35+08:00
0,0,0,0,0,0,2021-08-10 22:19:20+08:00
1,1,1,0,0,1,2021-08-10 22:22:22+08:00
0,0,0,0,0,0,2021-08-12 11:56:05+08:00
0,0,0,0,0,0,2021-08-12 12:01:31+08:00
0,0,0,0,0,0,2021-08-12 12:04:24+08:00
0,0,0,0,0,0,2021-08-12 12:07:36+08:00
0,0,0,0,0,0,2021-08-12 12:10:17+08:00
1,1,1,0,0,1,2021-08-14 13:13:11+08:00
1,1,1,0,0,1,2021-08-14 13:16:15+08:00
0,0,0,0,0,0,2021-08-14 13:16:43+08:00
0,0,0,0,0,0,2021-08-14 13:17:23+08:00
1,1,1,0,0,1,2021-08-14 13:17:44+08:00
1,1,1,0,0,1,2021-08-14 13:19:59+08:00
1,1,1,0,0,1,2021-08-14 13:20:13+08:00
0,0,0,0,0,0,2021-08-14 13:22:52+08:00
0,0,0,0,0,0,2021-08-14 13:28:43+08:00
1,1,1,0,0,1,2021-08-14 13:35:38+08:00
1,1,1,0,0,1,2021-08-14 13:37:52+08:00
0,0,0,0,0,0,2021-08-14 13:41:13+08:00
0,0,0,0,0,0,2021-08-14 13:41:39+08:00
0,0,0,0,0,0,2021-08-14 13:45:41+08:00
0,0,0,0,0,0,2021-08-14 13:58:16+08:00
0,0,0,0,0,0,2021-08-14 14:02:27+08:00
0,0,0,0,0,0,2021-08-14 14:04:44+08:00
0,0,0,0,0,0,2021-08-14 14:06:17+08:00
0,0,0,0,0,0,2021-08-14 14:11:54+08:00
0,0,0,0,0,0,2021-08-14 14:12:12+08:00
0,0,0,0,0,0,2021-08-14 14:21:06+08:00
0,0,0,0,0,0,2021-08-14 14:33:22+08:00
0,0,0,0,0,0,2021-08-14 14:37:19+08:00
0,0,0,0,0,0,2021-08-14 14:38:40+08:00
0,0,0,0,0,0,2021-08-14 14:43:58+08:00
0,0,0,0,0,0,2021-08-14 18:25:48+08:00
0,0,0,0,0,0,2021-08-14 18:49:31+08:00
0,0,0,0,0,0,2021-08-14 18:49:59+08:00
0,0,0,0,0,0,2021-08-14 18:51:20+08:00
0,0,0,0,0,0,2021-08-14 18:53:07+08:00
1,1,1,0,0,1,2021-08-14 18:55:21+08:00
1,1,1,0,0,1,2021-08-14 19:00:17+08:00
1,1,1,0,0,1,2021-08-14 19:12:45+08:00
0,0,0,0,0,0,2021-08-14 19:13:01+08:00
0,0,0,0,0,0,2021-08-14 19:15:24+08:00
1,1,1,0,0,1,2021-08-14 19:20:24+08:00
0,0,0,0,0,0,2021-08-14 19:25:02+08:00
0,0,0,0,0,0,2021-08-14 19:28:29+08:00
0,0,0,0,0,0,2021-08-14 19:52:28+08:00
1,1,1,0,0,1,2021-08-14 19:56:04+08:00
0,0,0,0,0,0,2021-08-14 20:00:05+08:00
0,0,0,0,0,0,2021-08-14 22:13:18+08:00
0,0,0,0,0,0,2021-08-14 22:14:12+08:00
0,0,0,0,0,0,2021-08-14 22:17:58+08:00
0,0,0,0,0,0,2021-08-15 11:34:46+08:00
1,1,0,0,0,0,2021-10-16 12:54:13+08:00
