Acquisition,Preparation,Modeling,Training,Evaluation,Prediction,time
0,0,0,0,0,0,2016-12-05 10:58:31-05:00
0,0,0,0,0,0,2016-12-05 10:58:40-05:00
0,0,0,0,0,0,2016-12-05 10:58:48-05:00
0,1,1,1,0,1,2016-12-05 15:30:03-05:00
0,3,1,2,0,2,2016-12-10 14:09:52-05:00
0,2,1,1,0,1,2016-12-10 14:30:04-05:00
0,0,0,0,0,0,2016-12-10 14:32:57-05:00
0,2,1,1,0,1,2016-12-10 15:05:50-05:00
0,2,1,1,0,1,2016-12-10 16:25:46-05:00
0,0,0,0,0,0,2016-12-10 16:28:31-05:00
1,1,1,0,0,0,2016-12-12 17:09:49-05:00
0,0,1,0,0,0,2016-12-12 17:24:28-05:00
0,0,1,0,0,0,2016-12-12 17:32:30-05:00
0,0,0,0,0,0,2016-12-12 17:39:06-05:00
0,1,0,1,0,1,2016-12-12 17:55:31-05:00
0,1,0,1,0,1,2016-12-12 18:01:11-05:00
1,1,0,0,0,0,2016-12-12 18:05:59-05:00
0,0,0,0,0,0,2016-12-12 18:09:16-05:00
1,2,0,1,0,1,2016-12-12 18:11:21-05:00
0,0,1,0,0,0,2016-12-12 19:28:42-05:00
0,1,0,0,0,0,2016-12-13 16:59:36+01:00
0,1,1,1,0,1,2016-12-14 08:09:32+01:00
1,1,0,0,0,0,2016-12-14 08:09:51+01:00
0,0,0,0,0,0,2016-12-14 09:57:39+01:00
0,0,0,0,0,0,2016-12-14 09:59:24+01:00
0,0,0,0,0,0,2016-12-14 10:03:27+01:00
0,0,0,0,0,0,2016-12-14 10:04:05+01:00
1,2,1,1,0,1,2016-12-14 11:23:34+01:00
0,0,0,0,0,0,2016-12-14 11:26:12+01:00
0,0,0,0,0,0,2016-12-14 11:26:51+01:00
0,0,0,0,0,0,2016-12-14 11:27:42+01:00
0,0,0,0,0,0,2016-12-14 11:28:20+01:00
0,0,1,0,0,0,2016-12-14 11:29:18+01:00
1,1,0,0,0,0,2016-12-14 11:30:21+01:00
1,2,1,1,0,1,2016-12-15 17:16:03+01:00
0,0,0,0,0,0,2016-12-15 17:19:16+01:00
0,1,0,1,0,1,2016-12-16 14:22:30+01:00
0,0,0,0,0,0,2016-12-16 14:23:22+01:00
0,1,1,1,0,1,2017-01-17 13:32:23-05:00
0,0,0,0,0,0,2017-02-01 10:43:18-05:00
1,3,0,1,0,1,2017-03-03 18:16:35-05:00
1,1,0,0,0,0,2017-03-30 10:04:18-04:00
1,2,0,1,0,1,2017-03-30 10:05:16-04:00
0,0,0,0,0,0,2017-03-30 13:13:29-04:00
1,2,0,1,0,1,2017-03-30 14:04:05-04:00
0,2,0,1,0,1,2017-03-30 14:58:53-04:00
2,2,0,0,0,0,2017-06-14 16:36:50-04:00
2,4,0,1,0,1,2017-06-22 15:57:42-04:00
0,0,0,0,0,0,2017-06-22 15:59:09-04:00
0,1,0,0,0,0,2017-06-22 16:40:28-04:00
0,1,0,0,0,0,2017-06-23 11:23:26-04:00
0,1,0,0,0,0,2017-06-23 11:23:44-04:00
0,2,0,0,0,0,2017-06-26 13:26:08-04:00
0,3,0,1,0,1,2017-06-30 13:08:33-04:00
0,1,0,0,0,0,2017-06-30 14:33:00-04:00
0,3,0,1,0,1,2017-06-30 17:05:19-04:00
0,0,0,0,0,0,2017-07-07 11:09:42-04:00
0,3,0,1,0,1,2017-07-07 12:38:25-04:00
0,0,0,0,0,0,2017-07-07 12:39:17-04:00
0,0,0,0,0,0,2017-07-07 14:18:15-04:00
0,0,0,0,0,0,2017-07-07 14:41:36-04:00
0,0,0,0,0,0,2017-07-10 11:46:59-04:00
0,1,0,0,0,0,2017-07-10 11:58:37-04:00
0,0,0,0,0,0,2017-07-10 14:44:16-04:00
0,0,0,0,0,0,2017-07-10 15:20:09-04:00
0,1,0,0,0,0,2017-07-13 14:41:25-04:00
0,0,0,0,0,0,2017-07-15 10:29:03-05:00
0,2,0,1,0,1,2017-07-18 10:08:07-04:00
0,4,0,1,0,1,2017-07-25 09:36:44-04:00
0,1,0,0,0,0,2017-07-25 09:38:10-04:00
0,0,0,0,0,0,2017-07-25 09:38:12-04:00
0,1,0,1,0,1,2017-12-06 12:50:59-05:00
0,1,0,0,0,0,2017-12-06 13:27:53-05:00
0,0,0,0,0,0,2017-12-06 13:28:05-05:00
0,4,0,1,0,1,2017-12-06 14:59:39-05:00
0,0,0,0,0,0,2018-02-26 19:54:24-05:00
0,3,0,0,0,0,2018-10-22 13:52:50-04:00
0,1,0,0,0,0,2018-10-28 09:04:52-04:00
0,1,0,0,0,0,2018-10-28 09:25:40-04:00
0,0,0,0,0,0,2018-10-28 09:26:02-04:00
0,0,0,0,0,0,2018-10-28 09:26:13-04:00
0,0,0,0,0,0,2018-10-28 09:47:38-04:00
0,1,0,0,0,0,2018-10-28 09:51:08-04:00
0,1,0,0,0,0,2018-10-28 10:35:34-04:00
0,2,0,1,0,1,2018-10-28 11:34:20-04:00
0,2,0,1,0,1,2018-10-28 20:02:13-04:00
0,1,0,0,0,0,2018-10-28 20:02:32-04:00
0,0,0,0,0,0,2018-10-29 20:14:29-04:00
0,1,0,1,0,1,2018-10-29 20:15:02-04:00
0,0,0,0,0,0,2018-10-29 20:15:40-04:00
0,3,0,0,0,0,2018-10-29 20:15:59-04:00
0,0,0,0,0,0,2018-11-05 17:51:23-05:00
