Acquisition,Preparation,Modeling,Training,Evaluation,Prediction,time
25,31,1,3,0,3,2016-03-07 12:05:03+01:00
0,0,0,0,0,0,2016-03-07 17:49:16+01:00
1,1,0,0,0,0,2016-03-08 10:25:09+01:00
3,5,1,1,0,1,2016-03-09 15:38:45+01:00
1,1,1,1,0,0,2016-03-09 15:55:00+01:00
0,0,0,0,0,0,2016-03-09 16:03:54+01:00
0,0,0,0,0,0,2016-03-09 16:09:20+01:00
3,3,1,1,0,0,2016-03-09 19:02:29+01:00
2,2,0,0,0,0,2016-03-09 19:59:30+01:00
1,1,0,0,0,0,2016-03-10 19:41:12+01:00
4,5,1,1,0,1,2016-03-10 22:20:18+01:00
1,2,0,0,0,0,2016-03-10 23:24:36+01:00
0,1,0,0,0,0,2016-03-11 22:32:21+01:00
3,3,0,0,0,0,2016-03-12 02:53:30+01:00
4,4,1,1,0,0,2016-03-17 14:34:01+01:00
3,3,1,1,0,0,2016-03-17 17:28:42+01:00
3,3,1,1,0,0,2016-03-18 13:03:16+01:00
4,4,1,1,0,0,2016-03-24 17:12:39+01:00
1,1,0,0,0,0,2016-03-24 18:31:47+01:00
1,1,0,0,0,0,2016-03-29 10:24:57+02:00
1,1,0,0,0,0,2016-03-31 16:16:01+02:00
1,2,0,0,0,0,2016-03-31 19:15:29+02:00
1,2,0,0,0,0,2016-04-01 10:52:58+02:00
2,3,0,0,0,0,2016-04-01 17:07:09+02:00
1,1,0,0,0,0,2016-04-01 19:06:14+02:00
1,1,0,0,0,0,2016-04-11 19:34:15+02:00
1,1,1,1,0,1,2016-04-11 19:36:09+02:00
4,5,2,2,0,2,2016-04-13 10:23:15+02:00
4,4,2,2,0,3,2016-04-13 12:08:07+02:00
2,2,0,0,0,1,2016-04-14 19:00:49+02:00
1,1,1,1,0,1,2016-04-14 19:22:23+02:00
2,2,1,1,0,1,2016-04-21 18:58:29+02:00
1,1,1,1,0,1,2016-04-22 09:29:38+02:00
1,1,1,1,0,1,2016-04-22 09:50:07+02:00
1,1,1,1,0,1,2016-04-22 11:02:38+02:00
0,2,0,0,0,0,2016-04-29 15:39:33+02:00
2,3,0,0,0,0,2016-04-30 01:41:58+02:00
2,2,0,0,0,0,2016-05-02 16:44:55+02:00
0,1,0,0,0,0,2016-05-02 18:42:57+02:00
1,3,0,0,0,0,2016-05-10 16:44:26+02:00
0,1,0,0,0,0,2016-05-11 11:17:21+02:00
3,4,0,0,0,0,2016-05-13 22:48:57+02:00
1,1,0,0,0,0,2016-05-26 18:45:05+02:00
0,0,0,0,0,0,2016-05-26 18:45:47+02:00
0,1,0,0,0,0,2016-05-27 22:39:06+02:00
0,1,0,0,0,0,2016-05-31 16:19:14+02:00
0,1,0,0,0,0,2016-05-31 17:26:17+02:00
0,3,0,0,0,0,2016-06-03 18:49:11+02:00
0,2,0,0,0,0,2016-06-09 12:55:16+02:00
1,2,0,0,0,0,2016-06-10 22:24:39+02:00
0,1,0,0,0,0,2016-06-14 15:44:20+02:00
0,1,0,0,0,0,2016-06-14 15:45:00+02:00
0,1,0,0,0,0,2016-07-15 18:33:10+02:00
0,0,0,0,0,0,2016-07-15 19:53:51+02:00
0,0,0,0,0,0,2016-07-17 02:15:14+02:00
0,0,0,0,0,0,2016-07-17 02:22:36+02:00
0,2,0,0,0,0,2016-07-21 17:00:44+02:00
0,0,0,0,0,0,2016-07-21 18:20:42+02:00
0,0,0,0,0,0,2016-07-22 16:15:42+02:00
0,1,0,0,0,0,2016-07-29 19:37:00+02:00
3,4,1,1,0,1,2016-08-18 22:43:05+02:00
2,3,1,1,0,1,2016-08-19 00:01:41+02:00
3,3,1,2,0,2,2016-08-19 18:44:24+02:00
1,1,0,1,0,1,2016-08-19 21:31:37+02:00
3,3,1,2,0,2,2016-08-20 08:02:26+02:00
1,1,1,1,0,1,2016-08-20 08:04:12+02:00
2,2,1,1,0,1,2016-08-21 09:42:28+02:00
2,2,1,1,0,1,2016-08-21 10:05:52+02:00
2,2,1,1,0,1,2016-08-21 11:31:33+02:00
3,3,1,1,0,1,2016-08-21 14:31:16+02:00
3,4,1,1,0,1,2016-08-21 17:48:52+02:00
3,3,1,1,0,1,2016-08-22 00:16:28+02:00
4,4,1,0,0,0,2016-10-04 11:17:48+02:00
0,0,0,0,0,0,2016-10-04 11:35:47+02:00
1,1,0,0,0,0,2016-10-04 18:47:43+02:00
1,2,0,0,0,0,2016-10-04 20:11:13+02:00
0,0,0,0,0,0,2016-10-05 15:02:35+02:00
0,0,0,0,0,0,2016-10-05 15:30:34+02:00
1,1,0,0,0,0,2016-10-05 17:54:42+02:00
1,1,0,0,0,0,2016-10-05 18:27:26+02:00
1,1,0,0,0,0,2016-10-05 19:17:57+02:00
1,1,0,0,0,0,2016-10-18 11:31:35+02:00
0,0,0,0,0,0,2016-10-18 11:58:25+02:00
0,0,0,0,0,0,2016-10-18 12:35:09+02:00
1,1,1,0,0,0,2016-10-18 17:14:19+02:00
3,3,2,1,0,1,2016-10-18 20:35:05+02:00
0,2,0,0,0,0,2016-10-18 20:37:49+02:00
2,5,1,1,0,1,2016-10-18 23:53:35+02:00
1,2,1,0,0,0,2016-10-19 14:25:21+02:00
1,4,1,0,0,0,2016-10-19 20:57:29+02:00
0,0,0,0,0,0,2016-10-19 21:29:12+02:00
6,9,1,2,0,2,2016-10-28 22:41:52+02:00
0,1,0,0,0,0,2016-10-31 10:42:31+01:00
2,3,0,0,0,0,2016-11-02 11:02:29+01:00
3,4,0,0,0,0,2016-11-02 17:20:09+01:00
2,2,0,0,0,0,2016-11-02 23:15:51+01:00
1,1,0,0,0,0,2016-11-03 02:05:14+01:00
1,2,0,0,0,0,2016-11-03 02:09:52+01:00
0,1,0,0,0,0,2016-11-03 02:14:25+01:00
5,6,1,1,0,1,2016-11-03 04:54:59+01:00
1,1,1,1,0,0,2016-11-03 05:36:03+01:00
1,1,1,1,0,0,2016-11-03 06:03:43+01:00
0,0,0,0,0,0,2016-11-07 10:10:11+01:00
3,3,1,0,0,0,2016-11-07 10:12:59+01:00
2,3,0,0,0,1,2016-11-07 14:08:31+01:00
6,7,0,1,0,1,2016-11-09 17:46:02+01:00
0,0,0,0,0,0,2016-11-09 17:46:52+01:00
0,0,0,0,0,0,2016-11-09 21:08:26+01:00
1,1,1,1,0,0,2016-11-10 11:21:54+01:00
1,1,0,0,0,0,2016-11-10 14:56:10+01:00
1,1,0,0,0,0,2016-11-10 15:27:05+01:00
1,1,0,0,0,1,2016-11-10 15:58:16+01:00
3,3,0,0,0,1,2016-11-10 19:43:30+01:00
1,1,0,0,0,1,2016-11-10 20:02:00+01:00
1,1,0,0,0,1,2016-11-10 20:29:10+01:00
0,1,0,0,0,0,2016-11-11 16:33:14+01:00
1,1,0,0,0,0,2016-11-11 22:41:54+01:00
1,1,0,0,0,0,2016-11-11 23:21:28+01:00
0,0,0,0,0,0,2016-11-11 23:24:26+01:00
1,1,0,0,0,0,2016-11-11 23:39:53+01:00
1,1,0,0,0,0,2016-11-11 23:42:23+01:00
0,0,0,0,0,0,2016-11-11 23:45:03+01:00
1,3,0,0,0,0,2016-11-11 23:46:55+01:00
2,2,0,0,0,0,2016-11-11 23:59:38+01:00
1,1,0,0,0,0,2016-11-12 01:12:47+01:00
1,1,0,0,0,1,2016-11-12 01:43:05+01:00
1,1,0,0,0,0,2016-11-12 17:21:55+01:00
1,1,0,0,0,0,2016-11-12 18:22:53+01:00
1,1,0,0,0,0,2016-11-12 20:45:51+01:00
1,1,0,0,0,0,2016-11-12 20:57:35+01:00
2,2,0,0,0,0,2016-11-12 21:23:59+01:00
1,2,0,0,0,0,2016-11-12 23:38:46+01:00
1,1,0,0,0,0,2016-11-13 02:01:52+01:00
1,1,0,0,0,0,2016-11-13 02:02:20+01:00
1,1,0,0,0,1,2016-11-13 02:03:09+01:00
1,1,0,0,0,0,2016-11-13 02:04:58+01:00
0,0,2,0,0,0,2016-11-13 02:05:47+01:00
3,3,1,0,0,1,2016-11-13 18:58:03+01:00
0,0,0,0,0,0,2016-11-13 21:52:17+01:00
1,1,0,0,0,0,2016-11-13 22:30:54+01:00
0,0,0,0,0,0,2016-11-15 16:06:24+01:00
0,0,0,0,0,0,2016-11-15 16:09:08+01:00
1,1,0,0,0,0,2016-11-15 16:12:29+01:00
1,1,1,0,0,0,2016-11-15 16:13:01+01:00
0,0,0,0,0,0,2016-11-15 16:13:48+01:00
0,0,0,0,0,0,2016-11-15 16:55:25+01:00
1,1,0,0,0,0,2016-11-16 11:38:14+01:00
0,0,0,0,0,0,2016-11-16 15:47:32+01:00
0,0,0,0,0,0,2016-11-16 16:09:28+01:00
0,1,2,0,0,0,2016-11-16 19:37:28+01:00
0,1,1,0,0,0,2016-11-16 19:41:10+01:00
0,1,1,0,0,0,2016-11-16 20:15:10+01:00
3,5,0,0,0,0,2016-11-20 19:04:04+01:00
0,0,0,0,0,0,2016-11-25 10:32:38+01:00
0,0,0,0,0,0,2016-11-27 20:03:26+01:00
4,4,1,0,0,1,2016-11-27 20:03:42+01:00
1,1,1,1,0,1,2016-11-27 20:04:46+01:00
1,1,0,0,0,0,2016-12-02 12:58:19+01:00
3,4,1,1,0,1,2016-12-02 12:59:19+01:00
2,3,1,1,0,1,2016-12-02 14:44:09+01:00
0,0,0,0,0,0,2016-12-06 17:37:33+01:00
1,3,1,0,0,0,2016-12-06 17:39:14+01:00
1,1,0,0,0,0,2016-12-06 17:39:56+01:00
1,1,0,0,0,1,2016-12-08 15:21:35+01:00
1,1,0,0,0,0,2016-12-08 15:22:49+01:00
1,1,0,1,0,1,2016-12-08 15:24:49+01:00
2,2,0,1,1,1,2016-12-14 17:21:41+01:00
1,1,0,0,0,0,2016-12-14 17:55:11+01:00
5,13,1,0,0,0,2016-12-14 17:57:35+01:00
0,1,1,0,0,0,2016-12-19 19:29:13+01:00
1,1,0,0,0,0,2016-12-19 19:32:38+01:00
3,3,0,1,1,1,2016-12-19 19:33:32+01:00
1,2,0,1,1,1,2016-12-23 21:53:26+01:00
2,5,1,2,0,1,2016-12-23 21:56:02+01:00
0,0,0,1,0,0,2016-12-23 21:57:22+01:00
1,4,0,1,0,0,2017-01-06 21:31:25+08:00
0,1,0,0,0,0,2017-01-06 21:32:06+08:00
1,4,0,0,0,0,2017-01-09 17:33:19+08:00
0,0,0,0,0,0,2017-01-09 17:33:30+08:00
1,2,0,0,0,0,2017-01-09 18:22:01+08:00
4,4,0,0,1,0,2017-01-09 23:04:26+08:00
5,5,0,0,1,2,2017-01-14 13:52:28+08:00
0,3,0,0,0,0,2017-01-14 13:53:59+08:00
1,1,0,0,0,1,2017-01-14 14:02:07+08:00
0,1,0,0,0,0,2017-01-29 14:46:16+08:00
2,2,0,0,0,0,2017-02-01 22:16:09+01:00
1,2,0,0,0,0,2017-02-01 22:17:37+01:00
0,1,0,0,0,0,2017-02-01 22:20:46+01:00
4,6,0,0,1,1,2017-02-01 22:21:01+01:00
1,1,0,0,0,0,2017-02-01 22:22:24+01:00
1,1,0,0,0,0,2017-02-01 22:22:28+01:00
0,1,0,0,0,0,2017-02-09 19:29:30+01:00
0,1,0,0,0,0,2017-02-18 22:37:37+01:00
0,1,0,0,0,0,2017-02-19 18:48:13+01:00
0,1,0,0,0,0,2017-02-20 17:42:28+01:00
4,8,0,1,0,1,2017-02-20 17:44:24+01:00
1,1,0,1,1,1,2017-02-21 22:43:15+01:00
3,6,0,1,1,1,2017-02-24 14:59:39+01:00
1,1,0,0,0,0,2017-02-24 15:21:01+01:00
1,1,0,0,0,0,2017-02-24 16:39:01+01:00
0,0,0,0,0,0,2017-02-24 16:39:41+01:00
1,4,0,1,1,1,2017-02-26 13:34:04+01:00
0,4,0,0,0,0,2017-02-28 17:00:34+01:00
0,0,0,0,0,0,2017-02-28 18:56:47+01:00
1,3,0,0,0,0,2017-02-28 18:57:48+01:00
1,1,0,0,0,0,2017-03-01 23:49:48+01:00
1,2,0,0,0,0,2017-03-02 00:34:33+01:00
2,2,0,1,1,1,2017-03-02 00:59:51+01:00
2,5,0,1,1,1,2017-03-03 18:06:09+01:00
0,1,0,0,0,0,2017-03-05 17:48:43+01:00
1,4,0,1,1,1,2017-03-08 17:43:54+01:00
1,1,0,0,0,0,2017-03-09 15:13:19+01:00
0,1,0,0,0,0,2017-03-09 19:36:05+01:00
0,1,0,0,0,0,2017-03-10 12:54:59+01:00
1,1,0,1,1,1,2017-03-11 14:34:29+01:00
0,1,0,0,0,0,2017-03-11 17:06:49+01:00
2,2,1,0,0,0,2017-03-11 17:08:04+01:00
0,0,0,0,0,0,2017-03-11 17:08:41+01:00
0,1,0,0,0,0,2017-03-11 17:09:22+01:00
0,1,0,0,0,0,2017-03-11 17:35:58+01:00
1,1,0,1,1,1,2017-03-11 17:37:54+01:00
1,1,0,1,0,1,2017-03-14 20:42:12+01:00
1,1,0,1,1,1,2017-03-15 20:04:14+01:00
2,4,1,0,0,0,2017-03-15 20:09:41+01:00
0,0,0,0,0,0,2017-03-15 20:10:04+01:00
0,1,0,0,0,0,2017-03-16 13:49:45+01:00
0,1,0,0,0,0,2017-03-19 13:46:57+01:00
0,1,0,0,0,0,2017-03-19 13:58:00+01:00
1,2,0,0,0,0,2017-03-19 17:27:39+01:00
0,1,0,0,0,0,2017-03-19 18:06:43+01:00
0,0,0,0,0,0,2017-03-20 18:35:29+01:00
0,1,0,0,0,0,2017-03-20 18:51:22+01:00
0,1,0,0,0,0,2017-03-20 19:01:10+01:00
1,1,0,1,0,1,2017-03-26 00:17:42+01:00
1,1,0,1,0,1,2017-03-26 00:18:39+01:00
0,0,0,0,0,0,2017-03-26 00:21:37+01:00
0,0,0,0,0,0,2017-03-26 00:34:08+01:00
1,1,0,0,0,0,2017-03-26 01:59:45+01:00
1,1,0,1,0,1,2017-03-26 03:00:21+02:00
1,1,0,1,0,1,2017-03-26 03:12:16+02:00
0,1,0,0,0,0,2017-03-26 03:13:36+02:00
0,0,0,0,0,0,2017-03-26 03:19:18+02:00
0,1,0,0,0,0,2017-03-31 21:58:27+02:00
0,1,0,0,0,0,2017-04-03 13:36:51+02:00
1,2,0,0,0,1,2017-04-03 13:38:01+02:00
0,1,0,0,0,0,2017-04-03 14:04:47+02:00
0,1,0,0,0,0,2017-04-03 20:15:10+02:00
0,1,0,0,0,0,2017-04-03 20:16:51+02:00
0,1,0,0,0,0,2017-04-03 20:18:58+02:00
0,1,0,0,0,0,2017-04-04 16:15:27+02:00
0,1,0,0,0,0,2017-04-04 19:22:10+02:00
1,4,0,1,0,1,2017-04-14 01:17:06+02:00
1,1,0,1,1,1,2017-04-14 21:05:02+02:00
0,0,0,0,0,0,2017-04-14 21:22:36+02:00
1,2,0,1,0,1,2017-04-15 18:07:39+02:00
0,0,0,0,0,0,2017-04-15 18:16:12+02:00
0,0,0,0,0,0,2017-04-15 18:35:40+02:00
1,1,0,1,1,1,2017-04-15 18:36:25+02:00
0,0,0,0,0,0,2017-04-15 18:42:03+02:00
0,0,0,0,0,0,2017-04-16 14:30:58+02:00
0,3,0,0,0,0,2017-04-16 14:37:47+02:00
0,0,0,0,0,0,2017-04-19 23:46:31+02:00
0,2,0,0,0,0,2017-04-19 23:47:13+02:00
0,1,0,0,0,0,2017-04-19 23:59:14+02:00
0,2,0,0,0,0,2017-04-20 00:23:34+02:00
0,1,0,0,0,0,2017-04-20 19:33:31+02:00
0,1,0,0,0,0,2017-04-22 00:35:21+02:00
0,1,0,0,0,0,2017-04-24 20:09:20+02:00
0,1,0,0,0,0,2017-04-29 18:59:57+02:00
0,1,0,0,0,0,2017-04-29 21:19:47+02:00
2,4,0,0,0,0,2017-05-03 21:41:19+02:00
0,7,0,0,0,0,2017-05-03 23:38:18+02:00
0,2,0,0,0,0,2017-05-05 19:26:15+02:00
0,1,0,0,0,0,2017-05-13 17:31:29+02:00
1,2,0,1,0,1,2017-05-13 17:33:01+02:00
2,2,0,1,1,1,2017-06-09 22:06:59+02:00
0,2,0,0,0,0,2017-08-14 19:28:47+02:00
0,1,0,0,0,0,2017-09-05 16:01:51+02:00
0,1,0,0,0,0,2017-09-05 17:10:16+02:00
0,2,0,0,0,0,2017-09-20 11:32:26+02:00
1,3,0,0,0,0,2017-09-20 20:05:13+02:00
1,2,0,0,0,0,2017-09-21 14:35:16+02:00
3,4,0,0,0,0,2017-11-10 16:54:02+01:00
0,1,0,0,0,0,2017-11-20 12:36:15+01:00
0,0,0,0,0,0,2017-11-20 16:40:31+01:00
0,3,1,0,0,0,2017-11-29 18:23:17+01:00
0,1,0,1,1,0,2017-12-01 17:47:27+01:00
0,1,0,1,1,0,2017-12-15 18:14:22+01:00
0,1,0,1,1,0,2017-12-15 19:20:27+01:00
0,1,0,1,1,0,2017-12-19 20:48:16+01:00
0,1,0,1,1,0,2017-12-19 20:51:49+01:00
0,0,0,0,0,0,2018-01-28 21:24:21+01:00
0,1,0,1,1,0,2018-01-29 20:07:47+01:00
0,1,1,0,0,0,2018-01-31 23:22:24+01:00
1,4,0,1,1,0,2018-02-09 19:26:08+01:00
0,1,0,1,1,0,2018-02-09 21:15:07+01:00
0,1,0,0,0,0,2018-02-13 18:42:38+01:00
0,1,0,0,0,0,2018-02-14 18:04:06+01:00
0,0,0,0,0,0,2018-02-14 18:05:04+01:00
0,1,0,0,0,0,2018-02-14 18:14:32+01:00
0,0,0,0,0,0,2018-02-21 16:28:01+01:00
0,0,0,0,0,0,2018-02-23 14:11:16+01:00
0,1,0,1,1,0,2018-02-23 14:22:03+01:00
0,1,0,1,1,0,2018-02-23 15:22:36+01:00
0,2,0,0,0,0,2018-02-24 19:48:11+01:00
0,0,0,0,0,0,2018-02-24 20:04:51+01:00
0,0,0,0,0,0,2018-02-24 20:06:40+01:00
0,2,0,0,0,0,2018-02-24 20:40:52+01:00
0,0,0,0,0,0,2018-02-24 21:01:49+01:00
0,0,0,0,0,0,2018-02-24 22:46:19+01:00
0,1,0,1,1,0,2018-02-24 22:46:51+01:00
0,1,0,1,1,0,2018-02-26 16:13:17+01:00
0,1,0,1,1,0,2018-03-02 14:44:12+01:00
0,1,0,1,1,0,2018-03-03 18:51:21+01:00
0,2,0,0,0,0,2018-03-06 15:07:48+01:00
0,0,0,0,0,0,2018-03-06 17:44:56+01:00
0,1,0,1,1,0,2018-03-06 19:11:46+01:00
0,1,0,1,1,0,2018-03-06 20:09:23+01:00
0,0,0,0,0,0,2018-03-06 20:32:49+01:00
0,0,0,0,0,0,2018-03-07 15:21:12+01:00
0,0,0,0,0,0,2018-03-07 16:06:01+01:00
0,0,0,0,0,0,2018-03-07 16:32:56+01:00
0,0,0,0,0,0,2018-03-07 17:31:06+01:00
0,0,0,0,0,0,2018-03-07 18:44:50+01:00
0,1,0,1,1,0,2018-03-08 17:58:45+01:00
0,1,0,1,1,0,2018-03-08 18:40:43+01:00
0,1,0,1,1,0,2018-03-09 16:35:33+01:00
0,0,0,0,0,0,2018-03-09 16:39:14+01:00
1,1,0,0,0,0,2018-03-09 16:39:27+01:00
0,1,0,1,1,0,2018-03-09 17:30:43+01:00
0,1,0,0,0,0,2018-03-09 19:36:25+01:00
0,1,0,1,1,0,2018-03-27 18:48:20+02:00
0,1,0,0,0,0,2018-04-13 17:11:11+02:00
0,2,0,0,0,0,2018-04-13 18:00:37+02:00
1,1,0,0,0,1,2018-04-27 14:22:51+02:00
1,1,0,0,0,1,2018-05-03 15:37:26+02:00
0,0,0,0,0,0,2018-05-03 15:38:04+02:00
2,2,0,0,0,1,2018-05-03 15:39:35+02:00
1,1,0,0,1,1,2018-05-14 16:52:59+02:00
1,1,0,0,0,0,2018-05-14 16:56:31+02:00
2,2,0,0,1,1,2018-07-18 12:40:18+02:00
0,0,0,0,0,0,2018-07-18 13:20:27+02:00
0,0,0,0,0,0,2018-07-18 14:44:11+02:00
0,0,0,0,0,0,2018-07-18 14:48:45+02:00
2,2,0,0,1,1,2018-07-25 18:23:50+02:00
1,2,0,1,1,0,2018-08-07 23:09:22+02:00
1,1,0,0,1,1,2018-08-15 16:42:31+02:00
7,7,2,2,1,2,2018-08-16 15:36:21+02:00
0,0,0,0,0,0,2018-08-16 15:37:15+02:00
0,1,1,1,0,1,2018-08-16 16:15:41+02:00
2,3,2,2,1,2,2018-08-16 16:54:20+02:00
0,0,0,0,0,0,2018-09-10 16:57:18+02:00
1,1,0,0,0,0,2018-09-10 16:57:58+02:00
0,0,0,0,0,0,2018-09-10 18:34:26+02:00
29,38,8,7,0,3,2018-09-10 19:31:11+02:00
0,6,0,0,0,0,2018-09-10 19:38:41+02:00
5,6,0,1,0,1,2018-09-10 19:46:08+02:00
0,0,0,0,0,0,2018-09-11 17:45:19+02:00
2,3,0,1,0,1,2018-09-12 18:03:13+02:00
0,1,0,1,0,0,2018-09-12 18:05:54+02:00
0,0,0,0,0,0,2018-09-14 16:40:08+02:00
1,2,0,0,0,0,2018-09-21 20:59:15+02:00
0,2,0,0,0,0,2018-09-29 13:12:10+02:00
0,1,1,0,0,0,2018-10-02 15:42:21+02:00
3,4,0,0,0,0,2018-10-04 19:48:13+02:00
1,1,0,0,0,0,2018-10-04 19:49:00+02:00
1,1,0,0,0,0,2018-10-04 20:04:21+02:00
0,1,0,0,0,0,2018-10-05 13:03:40+02:00
0,1,0,0,0,0,2018-10-05 14:56:59+02:00
0,2,0,0,0,0,2018-10-05 14:57:13+02:00
0,2,0,1,1,0,2018-10-05 15:54:50+02:00
0,0,0,0,0,0,2018-10-09 16:46:24+02:00
0,4,0,1,1,0,2018-10-09 16:59:52+02:00
0,0,0,0,0,0,2018-10-09 17:02:23+02:00
1,1,0,0,0,0,2018-10-10 15:27:51+02:00
0,1,0,0,0,0,2018-10-10 15:45:21+02:00
1,1,0,0,0,0,2018-10-10 15:58:15+02:00
2,2,0,0,0,0,2018-10-10 16:21:07+02:00
1,1,0,0,0,0,2018-10-10 16:49:21+02:00
0,1,0,0,0,0,2018-10-12 21:39:15+02:00
0,1,0,1,1,0,2018-10-12 21:39:32+02:00
0,0,0,0,0,0,2018-10-12 21:47:04+02:00
1,1,0,1,0,0,2018-10-12 21:49:53+02:00
1,1,0,1,0,0,2018-10-12 22:01:30+02:00
1,1,0,1,0,0,2018-10-12 22:05:54+02:00
1,1,0,1,0,0,2018-10-12 22:19:11+02:00
1,1,0,1,0,0,2018-10-12 22:24:51+02:00
1,1,0,1,0,0,2018-10-12 22:33:58+02:00
1,1,0,0,1,1,2018-10-12 22:51:23+02:00
3,3,0,1,1,1,2018-10-12 23:19:28+02:00
0,2,0,1,1,0,2018-10-13 13:39:27+02:00
0,2,0,1,1,0,2018-10-18 09:07:24+02:00
0,0,0,0,0,0,2018-10-18 09:32:54+02:00
0,0,0,0,0,0,2018-10-18 09:37:11+02:00
0,0,1,0,0,0,2018-10-18 09:44:55+02:00
1,1,0,0,0,0,2018-10-18 09:48:00+02:00
2,2,0,0,0,0,2018-11-06 12:55:36+01:00
0,1,0,0,0,0,2018-11-09 18:41:42+01:00
2,2,0,0,0,0,2018-11-09 18:57:44+01:00
2,2,0,0,0,0,2018-11-09 20:02:19+01:00
0,0,0,0,0,0,2018-11-10 21:33:44+01:00
0,1,0,0,0,0,2018-11-10 21:44:50+01:00
0,1,0,1,0,0,2018-11-10 21:48:41+01:00
0,1,0,0,0,1,2018-11-10 22:57:53+01:00
0,1,0,0,0,1,2018-11-10 22:59:46+01:00
0,1,0,0,0,0,2018-11-10 23:22:55+01:00
1,1,0,1,1,1,2018-11-10 23:30:56+01:00
0,0,0,0,0,0,2018-11-10 23:39:50+01:00
0,0,0,0,0,0,2018-11-10 23:45:41+01:00
2,2,0,0,0,0,2018-11-10 23:52:41+01:00
1,1,0,0,0,0,2018-11-11 15:33:06+01:00
0,1,0,1,1,0,2018-11-11 15:56:45+01:00
0,0,0,0,0,0,2018-11-11 16:38:37+01:00
0,0,0,0,0,0,2018-11-12 16:14:03+01:00
1,1,0,1,0,1,2018-11-12 19:37:34+01:00
0,0,0,0,0,0,2018-11-12 19:38:32+01:00
0,0,0,0,0,0,2018-11-12 19:41:24+01:00
0,0,0,0,0,0,2018-11-12 19:43:56+01:00
5,4,0,0,1,0,2018-11-23 14:42:15+01:00
3,3,0,0,2,2,2018-11-23 14:43:11+01:00
0,0,0,0,0,0,2018-11-27 21:28:19+01:00
0,1,0,0,0,0,2019-05-10 14:26:21+02:00
0,0,0,0,0,0,2019-05-12 22:15:45+02:00
0,0,0,0,0,0,2019-05-29 11:37:04+02:00
0,0,0,0,0,0,2019-05-29 11:42:50+02:00
0,0,0,0,0,0,2019-05-29 12:55:41+02:00
0,0,0,0,0,0,2019-05-30 16:25:48+02:00
0,0,0,0,0,0,2019-05-30 16:26:39+02:00
0,0,0,0,0,0,2019-05-30 16:28:59+02:00
0,0,0,0,0,0,2019-05-30 20:39:57+02:00
0,0,0,0,0,0,2019-05-31 18:29:35+02:00
1,2,0,2,1,0,2020-09-20 12:43:06+02:00
1,1,0,0,0,0,2020-09-20 12:51:49+02:00
1,1,0,0,0,0,2020-09-20 13:18:56+02:00
2,2,0,0,0,0,2020-09-20 14:00:47+02:00
1,1,1,1,0,1,2020-09-20 14:13:37+02:00
3,3,0,0,1,0,2020-09-20 14:38:01+02:00
1,1,0,0,1,0,2020-09-20 17:32:15+02:00
1,1,0,0,0,0,2020-09-20 21:54:27+02:00
3,5,1,1,0,1,2020-09-20 22:39:34+02:00
0,0,0,0,0,0,2020-10-09 12:31:46+02:00
0,0,0,0,0,0,2020-10-09 12:42:11+02:00
3,3,0,0,0,0,2020-10-25 17:38:29+01:00
1,1,0,1,1,1,2020-10-25 20:25:13+01:00
3,4,0,1,1,1,2021-01-30 14:58:23+01:00
2,2,0,0,0,0,2021-01-31 19:11:56+01:00
0,0,0,0,0,0,2021-05-11 10:55:38+02:00
