Acquisition,Preparation,Modeling,Training,Evaluation,Prediction,time
0,0,0,0,0,0,2020-07-09 10:33:03+02:00
0,0,0,0,0,0,2020-07-09 16:13:06+02:00
57,143,47,2,8,2,2020-07-09 16:16:07+02:00
0,2,0,0,0,0,2020-07-09 16:43:26+02:00
0,7,2,2,2,2,2020-07-23 12:15:19+02:00
0,2,0,0,0,0,2020-10-29 15:58:33+05:00
0,13,2,3,4,3,2020-10-29 16:51:22+05:00
0,1,1,1,1,1,2020-10-29 16:53:25+05:00
0,0,0,0,0,0,2020-10-29 16:54:11+05:00
0,0,0,0,0,0,2020-10-29 12:59:53+01:00
0,0,0,0,0,0,2020-11-22 12:29:15+01:00
0,0,0,0,0,0,2020-11-22 12:30:37+01:00
0,0,0,0,0,0,2020-11-22 12:32:28+01:00
0,0,0,0,0,0,2020-11-22 12:32:57+01:00
0,0,0,0,0,0,2020-11-22 12:35:04+01:00
0,0,0,0,0,0,2020-11-22 12:35:11+01:00
0,0,0,0,0,0,2020-11-22 12:35:21+01:00
0,0,0,0,0,0,2020-11-22 12:35:26+01:00
0,0,0,0,0,0,2020-11-22 12:35:31+01:00
0,0,0,0,0,0,2020-11-22 12:35:36+01:00
0,0,0,0,0,0,2020-11-22 12:35:41+01:00
0,0,0,0,0,0,2020-11-22 12:35:47+01:00
0,0,0,0,0,0,2020-11-22 12:35:53+01:00
0,0,0,0,0,0,2020-11-22 12:35:59+01:00
0,0,0,0,0,0,2020-11-22 12:36:04+01:00
0,0,0,0,0,0,2020-11-22 12:36:09+01:00
0,0,0,0,0,0,2020-11-22 12:37:35+01:00
0,0,0,0,0,0,2020-11-22 12:39:00+01:00
0,0,0,0,0,0,2020-11-22 12:39:02+01:00
0,0,0,0,0,0,2020-11-22 12:39:05+01:00
0,0,0,0,0,0,2020-11-22 12:39:08+01:00
0,0,0,0,0,0,2020-11-22 12:39:13+01:00
0,0,0,0,0,0,2020-11-22 12:39:14+01:00
0,0,0,0,0,0,2020-11-22 12:39:15+01:00
0,0,0,0,0,0,2020-11-22 12:39:18+01:00
0,0,0,0,0,0,2020-11-22 12:39:20+01:00
0,0,0,0,0,0,2020-11-22 12:39:23+01:00
0,0,0,0,0,0,2020-11-22 12:39:41+01:00
0,0,0,0,0,0,2020-11-22 12:40:30+01:00
0,0,0,0,0,0,2020-11-22 12:41:08+01:00
0,0,0,0,0,0,2020-11-22 12:42:07+01:00
0,0,0,0,0,0,2020-11-22 12:42:34+01:00
0,0,0,0,0,0,2020-11-22 12:45:32+01:00
0,0,0,0,0,0,2020-11-30 09:52:55+01:00
0,0,0,0,0,0,2020-11-30 09:54:33+01:00
0,0,0,0,0,0,2020-11-30 09:59:04+01:00
0,0,0,0,0,0,2020-11-30 10:05:59+01:00
0,0,0,0,0,0,2020-11-30 10:06:33+01:00
0,0,0,0,0,0,2020-11-30 10:06:48+01:00
0,0,0,0,0,0,2020-11-30 10:07:04+01:00
0,0,0,0,0,0,2020-11-30 10:07:44+01:00
0,0,0,0,0,0,2020-11-30 10:09:43+01:00
0,0,0,0,0,0,2021-01-30 21:44:57+05:00
57,147,47,3,10,3,2021-01-30 21:45:15+05:00
0,16,3,6,5,6,2021-01-30 17:49:38+01:00
0,0,0,0,0,0,2021-01-31 21:06:04+01:00
0,6,0,1,0,1,2021-01-31 21:43:16+01:00
0,16,3,6,5,6,2021-02-14 17:54:45+05:00
0,0,0,0,0,0,2021-02-14 17:55:00+05:00
0,12,2,3,4,3,2021-02-14 14:19:07+01:00
0,12,2,3,4,3,2021-02-14 18:24:41+05:00
0,13,3,6,5,6,2021-02-14 14:27:57+01:00
0,0,0,0,0,0,2021-02-14 14:31:10+01:00
0,4,0,0,0,0,2021-02-14 14:55:18+01:00
0,0,0,0,0,0,2021-02-19 23:06:53+01:00
0,0,0,0,0,0,2021-02-19 23:07:27+01:00
0,0,0,0,0,0,2021-02-20 09:09:35+01:00
0,2,0,0,1,0,2021-02-20 17:22:54+01:00
0,0,0,0,0,0,2021-02-20 17:23:51+01:00
0,12,2,4,3,4,2021-02-21 16:10:30+01:00
