Acquisition,Preparation,Modeling,Training,Evaluation,Prediction,time
0,0,0,0,0,0,2019-11-22 16:56:27+08:00
0,0,0,0,0,0,2019-11-22 16:57:27+08:00
57,142,71,36,49,40,2019-11-22 16:58:05+08:00
0,0,0,0,0,0,2019-11-23 22:22:35+08:00
0,0,0,0,0,0,2019-11-23 22:28:32+08:00
0,0,0,0,0,0,2019-11-24 11:40:50+08:00
0,0,0,0,0,0,2019-11-24 21:36:34+08:00
0,0,0,0,0,0,2019-11-24 23:10:40+08:00
0,0,0,0,0,0,2019-11-25 16:45:13+08:00
0,0,0,0,0,0,2019-11-25 16:47:00+08:00
0,0,0,0,0,0,2019-11-25 19:31:35+08:00
0,0,0,0,0,0,2019-11-25 19:31:46+08:00
0,0,0,0,0,0,2019-11-25 20:47:33+08:00
0,0,0,0,0,0,2019-11-25 20:49:35+08:00
0,0,0,0,0,0,2019-11-25 20:50:51+08:00
0,0,0,0,0,0,2019-11-25 20:51:55+08:00
0,0,0,0,0,0,2019-11-25 21:29:35+08:00
0,0,0,0,0,0,2019-11-25 23:03:50+08:00
0,0,0,0,0,0,2019-11-25 23:05:17+08:00
0,0,0,0,0,0,2019-11-26 09:28:23+08:00
0,0,0,0,0,0,2019-11-26 10:55:45+08:00
0,0,0,0,0,0,2019-11-26 10:56:33+08:00
0,0,0,0,0,0,2019-11-26 11:25:47+08:00
0,0,0,0,0,0,2019-11-26 14:14:25+08:00
0,0,0,0,0,0,2019-11-26 15:13:33+08:00
0,0,0,0,0,0,2019-11-26 15:14:13+08:00
0,0,0,0,0,0,2019-11-26 17:15:46+08:00
0,0,0,0,0,0,2019-11-26 17:16:45+08:00
8,8,7,8,8,8,2019-11-26 18:26:26+08:00
0,0,0,0,0,0,2019-11-26 19:19:01+08:00
0,0,0,0,0,0,2019-11-26 20:40:01+08:00
0,0,0,0,0,0,2019-11-26 20:49:24+08:00
2,3,3,1,3,1,2019-11-26 21:44:11+08:00
0,0,0,0,0,0,2019-11-26 21:44:36+08:00
0,0,0,0,0,0,2019-11-26 21:45:43+08:00
0,0,0,0,0,0,2019-11-26 21:54:55+08:00
0,0,0,0,0,0,2019-11-26 21:55:06+08:00
0,0,0,0,0,0,2019-11-26 21:55:50+08:00
0,0,0,0,0,0,2019-11-27 10:24:18+08:00
0,0,0,0,0,0,2019-11-27 10:26:46+08:00
0,0,0,0,0,0,2019-11-27 10:45:32+08:00
0,0,0,0,0,0,2019-11-27 10:46:34+08:00
0,0,0,0,0,0,2019-11-27 11:53:18+08:00
0,0,0,0,0,0,2019-11-27 17:39:55+08:00
8,8,7,8,8,8,2019-11-27 19:42:45+08:00
0,0,0,0,0,0,2019-11-27 19:42:55+08:00
0,0,0,0,0,0,2019-11-27 22:58:52+08:00
0,0,0,0,0,0,2019-11-27 23:06:21+08:00
0,0,0,0,0,0,2019-11-28 08:38:18+08:00
0,0,0,0,0,0,2019-11-28 10:13:45+08:00
0,0,0,0,0,0,2019-11-28 10:27:37+08:00
0,0,0,0,0,0,2019-11-28 10:30:57+08:00
0,0,0,0,0,0,2019-11-28 10:48:28+08:00
0,2,1,1,1,0,2019-11-28 10:50:07+08:00
0,0,0,0,0,0,2019-11-28 10:50:18+08:00
0,0,0,0,0,0,2019-11-28 10:52:43+08:00
0,0,0,0,0,0,2019-11-28 11:18:14+08:00
0,0,0,0,0,0,2019-11-28 11:55:23+08:00
0,0,0,0,0,0,2019-11-28 11:57:38+08:00
0,0,0,0,0,0,2019-11-28 11:59:25+08:00
0,0,0,0,0,0,2019-11-28 12:01:58+08:00
0,0,0,0,0,0,2019-11-28 12:03:12+08:00
8,8,7,8,8,8,2019-11-28 12:56:07+08:00
0,0,0,0,0,0,2019-11-28 13:14:00+08:00
0,0,0,0,0,0,2019-11-28 16:40:06+08:00
0,0,0,0,0,0,2019-11-28 18:43:35+08:00
0,0,0,0,0,0,2019-11-28 20:06:45+08:00
0,0,0,0,0,0,2019-11-28 20:13:23+08:00
0,0,0,0,0,0,2019-11-28 20:48:25+08:00
0,0,0,0,0,0,2019-11-28 20:49:21+08:00
0,0,0,0,0,0,2019-11-28 20:51:51+08:00
0,0,0,0,0,0,2019-11-28 21:06:38+08:00
0,0,0,0,0,0,2019-11-28 21:32:42+08:00
0,0,0,0,0,0,2019-11-28 21:37:26+08:00
0,0,0,0,0,0,2019-11-28 21:38:02+08:00
0,0,0,0,0,0,2019-11-28 21:45:39+08:00
0,0,0,0,0,0,2019-11-28 21:46:30+08:00
0,0,0,0,0,0,2019-11-28 22:16:02+08:00
0,0,0,0,0,0,2019-11-28 22:23:13+08:00
0,0,0,0,0,0,2019-11-28 23:36:46+08:00
0,0,0,0,0,0,2019-11-28 23:45:14+08:00
0,0,0,0,0,0,2019-11-29 01:12:56+08:00
0,0,0,0,0,0,2019-11-29 01:13:58+08:00
0,0,0,0,0,0,2019-11-29 01:38:44+08:00
0,0,0,0,0,0,2019-11-29 01:49:14+08:00
0,0,0,0,0,0,2019-11-29 01:51:48+08:00
0,0,0,0,0,0,2019-11-29 01:57:42+08:00
0,0,0,0,0,0,2019-11-29 02:00:21+08:00
0,0,0,0,0,0,2019-11-29 09:34:15+08:00
0,0,0,0,0,0,2019-11-29 09:36:48+08:00
0,0,0,0,0,0,2019-11-29 09:47:51+08:00
8,8,7,8,8,8,2019-11-29 02:14:56+00:00
0,0,0,0,0,0,2019-11-29 10:17:06+08:00
0,0,0,0,0,0,2019-11-29 11:02:01+08:00
1,2,2,1,2,1,2019-11-29 11:14:04+08:00
0,0,0,0,0,0,2019-11-29 11:15:13+08:00
0,0,0,0,0,0,2019-11-29 11:41:52+08:00
9,11,7,9,9,9,2019-11-29 11:42:23+08:00
1,1,1,1,1,1,2019-11-29 12:04:32+08:00
0,0,0,0,0,0,2019-11-29 12:05:22+08:00
0,0,0,0,0,0,2019-11-29 12:06:26+08:00
0,0,0,0,0,0,2019-11-29 12:07:27+08:00
0,1,1,1,1,1,2019-11-29 12:11:39+08:00
0,0,0,0,0,0,2019-11-29 12:12:36+08:00
0,0,0,0,0,0,2019-11-29 12:18:20+08:00
1,2,1,1,1,1,2019-11-29 13:25:36+08:00
0,0,0,0,0,0,2019-11-29 13:37:28+08:00
0,0,0,0,0,0,2019-11-29 13:39:26+08:00
0,0,0,0,0,0,2019-11-29 13:39:54+08:00
0,0,0,0,0,0,2019-11-29 13:42:30+08:00
0,0,0,0,0,0,2019-11-29 13:45:26+08:00
0,0,0,0,0,0,2019-11-29 13:47:14+08:00
0,0,0,0,0,0,2019-11-29 13:51:45+08:00
0,0,0,0,0,0,2019-11-29 13:54:45+08:00
0,0,0,0,0,0,2019-11-29 13:58:36+08:00
0,0,0,0,0,0,2019-11-29 14:03:18+08:00
0,0,0,0,0,0,2019-11-29 14:03:36+08:00
0,0,0,0,0,0,2019-11-29 14:10:13+08:00
0,0,0,0,0,0,2019-11-29 14:11:23+08:00
0,0,0,0,0,0,2019-11-29 14:51:45+08:00
0,0,0,0,0,0,2019-11-29 14:55:53+08:00
0,0,0,0,0,0,2019-11-29 15:07:21+08:00
0,0,0,0,0,0,2019-11-29 15:11:33+08:00
0,0,0,0,0,0,2019-11-29 15:56:18+08:00
0,0,0,0,0,0,2019-11-29 16:22:41+08:00
1,2,1,1,1,1,2019-11-29 17:23:40+08:00
0,0,0,0,0,0,2019-11-29 09:56:32+00:00
0,0,0,0,0,0,2019-11-29 18:00:02+08:00
0,0,0,0,0,0,2019-11-29 10:14:50+00:00
0,0,0,0,0,0,2019-11-29 18:15:31+08:00
0,0,0,0,0,0,2019-11-29 20:02:46+08:00
1,2,1,1,1,1,2019-11-29 21:18:34+08:00
0,0,0,0,0,0,2019-11-29 21:34:12+08:00
1,1,0,0,0,0,2019-11-29 21:38:07+08:00
0,0,0,0,0,0,2019-11-29 13:37:34+00:00
0,0,0,0,0,0,2019-11-29 13:41:37+00:00
0,0,0,0,0,0,2019-11-29 21:42:44+08:00
1,1,0,0,0,0,2019-11-29 21:45:44+08:00
0,0,0,0,0,0,2019-11-29 21:46:35+08:00
0,0,0,0,0,0,2019-11-29 14:11:48+00:00
0,0,0,0,0,0,2019-11-29 22:12:20+08:00
1,1,0,0,0,0,2019-11-29 14:17:37+00:00
1,1,0,0,0,0,2019-11-29 22:17:52+08:00
0,0,0,0,0,0,2019-11-29 22:18:12+08:00
0,0,0,0,0,0,2019-11-29 14:28:03+00:00
0,0,0,0,0,0,2019-11-29 22:28:36+08:00
1,1,0,0,0,0,2019-11-29 14:40:56+00:00
0,0,0,0,0,0,2019-11-29 22:41:27+08:00
0,0,0,0,0,0,2019-11-29 14:43:36+00:00
0,0,0,0,0,0,2019-11-29 22:44:13+08:00
0,7,6,7,7,7,2019-11-29 22:47:38+08:00
0,0,0,0,0,0,2019-11-29 22:47:54+08:00
0,0,0,0,0,0,2019-11-29 22:55:59+08:00
0,0,0,0,0,0,2019-11-29 22:59:42+08:00
0,0,0,0,0,0,2019-11-29 23:01:44+08:00
0,0,0,0,0,0,2019-11-29 23:55:11+08:00
0,0,0,0,0,0,2019-11-29 23:57:14+08:00
0,0,0,0,0,0,2019-11-30 00:14:32+08:00
0,0,0,0,0,0,2019-11-30 09:31:28+08:00
0,0,0,0,0,0,2019-11-30 09:31:49+08:00
0,0,0,0,0,0,2019-11-30 09:37:16+08:00
0,0,0,0,0,0,2019-11-30 10:21:23+08:00
1,1,0,0,0,0,2019-11-30 10:55:21+08:00
0,0,0,0,0,0,2019-11-30 10:55:34+08:00
0,0,0,0,0,0,2019-11-30 11:53:16+08:00
0,0,0,0,0,0,2019-11-30 12:00:53+08:00
0,1,1,1,1,1,2019-11-30 04:08:01+00:00
1,1,0,0,0,0,2019-11-30 04:08:11+00:00
0,1,1,1,1,1,2019-11-30 04:08:46+00:00
0,0,0,0,0,0,2019-11-30 04:10:08+00:00
1,1,0,0,0,0,2019-11-30 04:20:20+00:00
1,3,2,2,2,2,2019-11-30 12:42:04+08:00
0,0,0,0,0,0,2019-11-30 12:43:46+08:00
0,0,0,0,0,0,2019-11-30 12:59:57+08:00
0,0,0,0,0,0,2019-11-30 13:06:41+08:00
0,0,0,0,0,0,2019-11-30 13:10:22+08:00
0,0,0,0,0,0,2019-11-30 17:08:22+08:00
0,0,0,0,0,0,2019-11-30 20:32:52+08:00
0,0,0,0,0,0,2019-11-30 20:34:53+08:00
0,0,0,0,0,0,2019-11-30 20:41:06+08:00
0,0,0,0,0,0,2019-11-30 21:08:58+08:00
0,0,0,0,0,0,2019-11-30 21:12:36+08:00
0,0,0,0,0,0,2019-11-30 21:18:35+08:00
0,0,0,0,0,0,2019-11-30 22:49:11+08:00
0,0,0,0,0,0,2019-11-30 22:54:39+08:00
0,0,0,0,0,0,2019-11-30 22:55:28+08:00
0,0,0,0,0,0,2019-12-01 07:43:17+08:00
1,1,0,0,0,0,2019-12-01 11:35:38+08:00
0,0,0,0,0,0,2019-12-01 11:35:48+08:00
0,0,0,0,0,0,2019-12-01 12:08:54+08:00
0,0,0,0,0,0,2019-12-01 13:17:58+08:00
0,0,0,0,0,0,2019-12-01 13:18:12+08:00
1,6,4,5,5,5,2019-12-01 14:51:47+08:00
0,0,0,0,0,0,2019-12-01 14:58:51+08:00
0,0,0,0,0,0,2019-12-01 15:09:05+08:00
0,0,0,0,0,0,2019-12-01 15:09:36+08:00
0,0,0,0,0,0,2019-12-01 15:10:46+08:00
0,1,1,1,1,1,2019-12-01 07:56:22+00:00
0,0,0,0,0,0,2019-12-01 16:08:29+08:00
0,0,0,0,0,0,2019-12-01 16:09:44+08:00
0,0,0,0,0,0,2019-12-01 16:19:51+08:00
0,0,0,0,0,0,2019-12-01 16:20:44+08:00
0,0,0,0,0,0,2019-12-01 16:21:17+08:00
0,0,0,0,0,0,2019-12-01 16:27:16+08:00
0,0,0,0,0,0,2019-12-01 16:32:18+08:00
0,0,0,0,0,0,2019-12-01 16:36:02+08:00
0,0,0,0,0,0,2019-12-01 16:36:53+08:00
0,0,0,0,0,0,2019-12-01 16:37:46+08:00
0,1,1,1,1,1,2019-12-01 08:48:02+00:00
0,0,0,0,0,0,2019-12-01 16:48:35+08:00
0,0,0,0,0,0,2019-12-01 16:52:06+08:00
0,1,1,1,1,1,2019-12-01 08:57:11+00:00
0,0,0,0,0,0,2019-12-01 16:57:49+08:00
0,1,1,1,1,1,2019-12-01 16:59:18+08:00
0,0,0,0,0,0,2019-12-01 16:59:45+08:00
1,1,0,0,0,0,2019-12-01 09:10:58+00:00
0,0,0,0,0,0,2019-12-01 17:11:54+08:00
0,0,0,0,0,0,2019-12-01 17:14:17+08:00
0,0,0,0,0,0,2019-12-01 17:16:07+08:00
0,0,0,0,0,0,2019-12-01 17:18:34+08:00
1,1,0,0,0,0,2019-12-01 09:23:30+00:00
0,0,0,0,0,0,2019-12-01 17:24:02+08:00
0,1,1,1,1,1,2019-12-01 09:41:04+00:00
0,0,0,0,0,0,2019-12-01 17:41:32+08:00
1,1,0,0,0,0,2019-12-01 09:44:18+00:00
0,0,0,0,0,0,2019-12-01 17:44:50+08:00
1,1,0,0,0,0,2019-12-01 09:48:16+00:00
0,0,0,0,0,0,2019-12-01 17:48:32+08:00
0,0,0,0,0,0,2019-12-01 17:48:41+08:00
0,0,0,0,0,0,2019-12-01 17:49:11+08:00
0,1,1,1,1,1,2019-12-01 09:52:56+00:00
0,0,0,0,0,0,2019-12-01 17:53:23+08:00
0,0,0,0,0,0,2019-12-01 17:54:01+08:00
0,0,0,0,0,0,2019-12-01 17:58:46+08:00
0,0,0,0,0,0,2019-12-01 17:59:14+08:00
0,0,0,0,0,0,2019-12-01 18:15:03+08:00
0,0,0,0,0,0,2019-12-01 18:16:24+08:00
0,0,0,0,0,0,2019-12-01 18:18:07+08:00
0,1,1,1,1,1,2019-12-01 18:21:06+08:00
0,0,0,0,0,0,2019-12-01 18:21:58+08:00
0,0,0,0,0,0,2019-12-01 18:22:50+08:00
0,0,0,0,0,0,2019-12-01 18:30:49+08:00
0,0,0,0,0,0,2019-12-01 20:41:42+08:00
0,0,0,0,0,0,2019-12-01 21:03:35+08:00
0,0,0,0,0,0,2019-12-01 21:07:45+08:00
0,0,0,0,0,0,2019-12-01 21:12:08+08:00
0,0,0,0,0,0,2019-12-01 21:12:15+08:00
2,4,4,2,4,0,2019-12-01 21:19:12+08:00
0,0,0,0,0,0,2019-12-01 21:19:59+08:00
0,0,0,0,0,0,2019-12-01 21:20:30+08:00
0,0,0,0,0,0,2019-12-01 13:43:21+00:00
0,0,0,0,0,0,2019-12-01 23:12:50+08:00
0,0,0,0,0,0,2019-12-02 10:05:27+08:00
0,0,0,0,0,0,2019-12-02 10:35:50+08:00
0,0,0,0,0,0,2019-12-02 10:46:47+08:00
0,0,0,0,0,0,2019-12-02 10:49:19+08:00
0,0,0,0,0,0,2019-12-02 11:21:32+08:00
0,0,0,0,0,0,2019-12-02 11:23:01+08:00
0,0,0,0,0,0,2019-12-02 11:28:33+08:00
0,0,0,0,0,0,2019-12-02 11:39:42+08:00
0,0,0,0,0,0,2019-12-02 11:41:55+08:00
0,0,0,0,0,0,2019-12-02 11:43:23+08:00
0,0,0,0,0,0,2019-12-02 11:48:27+08:00
0,0,0,0,0,0,2019-12-02 14:30:03+08:00
0,0,0,0,0,0,2019-12-02 14:37:59+08:00
0,0,0,0,0,0,2019-12-02 14:40:49+08:00
0,0,0,0,0,0,2019-12-02 14:42:09+08:00
0,0,0,0,0,0,2019-12-02 16:02:53+08:00
0,0,0,0,0,0,2019-12-02 17:15:20+08:00
0,0,0,0,0,0,2019-12-02 17:21:19+08:00
0,0,0,0,0,0,2019-12-02 17:24:32+08:00
0,0,0,0,0,0,2019-12-02 17:27:06+08:00
0,0,0,0,0,0,2019-12-02 17:34:08+08:00
0,0,0,0,0,0,2019-12-02 17:40:40+08:00
0,0,0,0,0,0,2019-12-02 17:42:11+08:00
0,0,0,0,0,0,2019-12-02 18:26:20+08:00
0,0,0,0,0,0,2019-12-02 18:27:30+08:00
0,0,0,0,0,0,2019-12-02 18:29:12+08:00
0,0,0,0,0,0,2019-12-02 18:38:59+08:00
1,2,1,1,1,1,2019-12-02 18:43:03+08:00
0,0,0,0,0,0,2019-12-02 18:52:27+08:00
0,0,0,0,0,0,2019-12-02 20:07:41+08:00
5,7,7,2,4,0,2019-12-02 21:20:07+08:00
0,0,0,0,0,0,2019-12-02 21:21:36+08:00
0,0,0,0,0,0,2019-12-02 21:46:16+08:00
2,2,0,0,0,0,2019-12-02 21:56:32+08:00
0,0,0,0,0,0,2019-12-02 23:16:34+08:00
0,0,0,0,0,0,2019-12-02 23:17:43+08:00
0,0,0,0,0,0,2019-12-02 23:20:55+08:00
0,0,0,0,0,0,2019-12-02 23:26:03+08:00
0,0,0,0,0,0,2019-12-02 23:32:33+08:00
0,0,0,0,0,0,2019-12-02 23:34:41+08:00
0,0,0,0,0,0,2019-12-03 08:46:20+08:00
0,0,0,0,0,0,2019-12-03 08:47:06+08:00
0,0,0,0,0,0,2019-12-03 10:41:39+08:00
0,0,0,0,0,0,2019-12-03 10:45:19+08:00
0,0,0,0,0,0,2019-12-03 10:50:52+08:00
0,1,1,1,1,1,2019-12-03 14:22:42+08:00
0,0,0,0,0,0,2019-12-03 14:27:45+08:00
0,0,0,0,0,0,2019-12-03 14:28:12+08:00
1,1,0,0,0,0,2019-12-03 14:29:09+08:00
0,1,1,1,1,1,2019-12-03 16:06:29+08:00
0,0,0,0,0,0,2019-12-03 17:49:39+08:00
0,1,1,1,1,1,2019-12-03 18:31:15+08:00
0,1,1,1,1,1,2019-12-03 20:15:53+08:00
0,0,0,0,0,0,2019-12-03 21:03:01+08:00
0,0,0,0,0,0,2019-12-03 21:04:24+08:00
0,0,0,0,0,0,2019-12-03 23:34:05+08:00
0,0,0,0,0,0,2019-12-03 23:38:30+08:00
0,0,0,0,0,0,2019-12-04 09:51:28+08:00
0,0,0,0,0,0,2019-12-04 09:54:02+08:00
1,3,1,3,3,3,2019-12-04 11:24:07+08:00
0,0,0,0,0,0,2019-12-04 11:32:28+08:00
0,0,0,0,0,0,2019-12-04 14:02:57+08:00
0,8,7,8,8,8,2019-12-04 14:40:21+08:00
0,0,0,0,0,0,2019-12-04 21:00:46+08:00
0,0,0,0,0,0,2019-12-04 23:33:22+08:00
0,0,0,0,0,0,2019-12-04 23:36:38+08:00
0,0,0,0,0,0,2019-12-04 23:38:13+08:00
0,0,0,0,0,0,2019-12-04 23:38:30+08:00
0,0,0,0,0,0,2019-12-05 09:34:51+08:00
0,0,0,0,0,0,2019-12-05 10:34:00+08:00
0,0,0,0,0,0,2019-12-05 11:01:39+08:00
0,0,0,0,0,0,2019-12-05 11:03:46+08:00
0,0,0,0,0,0,2019-12-05 11:05:25+08:00
0,0,0,0,0,0,2019-12-05 11:20:50+08:00
0,0,0,0,0,0,2019-12-05 11:22:25+08:00
0,0,0,0,0,0,2019-12-05 11:24:07+08:00
0,0,0,0,0,0,2019-12-05 11:25:49+08:00
1,1,0,0,0,0,2019-12-05 14:57:37+08:00
0,0,0,0,0,0,2019-12-05 20:20:58+08:00
0,0,0,0,0,0,2019-12-05 20:24:21+08:00
0,0,0,0,0,0,2019-12-07 12:08:39+08:00
0,0,0,0,0,0,2019-12-07 14:23:43+08:00
0,0,0,0,0,0,2019-12-07 15:30:57+08:00
0,0,0,0,0,0,2019-12-08 13:47:52+08:00
0,0,0,0,0,0,2019-12-09 15:31:16+08:00
0,0,0,0,0,0,2019-12-12 14:04:12+08:00
5,12,0,1,1,1,2019-12-12 14:36:30+08:00
0,0,0,0,0,0,2019-12-12 14:49:25+08:00
2,2,2,0,0,0,2019-12-12 15:23:58+08:00
0,0,0,0,0,0,2019-12-12 15:27:41+08:00
0,0,0,0,0,0,2019-12-12 19:40:12+08:00
0,0,0,0,0,0,2019-12-12 22:02:32+08:00
0,0,0,0,0,0,2019-12-12 22:04:10+08:00
0,0,0,0,0,0,2019-12-12 22:05:28+08:00
0,0,0,0,0,0,2019-12-12 22:16:53+08:00
0,0,0,0,0,0,2019-12-12 22:17:47+08:00
0,0,0,0,0,0,2019-12-16 10:14:15+08:00
0,0,0,0,0,0,2019-12-16 10:16:19+08:00
0,0,0,0,0,0,2019-12-17 10:05:07+08:00
0,0,0,0,0,0,2019-12-17 10:06:07+08:00
0,0,0,0,0,0,2019-12-17 19:29:59+08:00
0,0,0,0,0,0,2019-12-17 19:31:49+08:00
0,0,0,0,0,0,2019-12-17 19:35:28+08:00
0,0,0,0,0,0,2019-12-17 19:41:43+08:00
0,0,0,0,0,0,2019-12-17 19:43:28+08:00
0,0,0,0,0,0,2019-12-21 19:42:48+08:00
0,0,0,0,0,0,2019-12-21 22:47:34+08:00
0,0,0,0,0,0,2019-12-21 22:47:49+08:00
0,0,0,0,0,0,2019-12-22 01:50:48+08:00
0,0,0,0,0,0,2019-12-22 03:22:41+08:00
0,0,0,0,0,0,2019-12-22 04:20:55+08:00
0,0,0,0,0,0,2019-12-22 04:29:03+08:00
0,0,0,0,0,0,2019-12-22 19:41:27+08:00
0,0,0,0,0,0,2019-12-22 19:56:13+08:00
6,8,7,3,7,1,2019-12-22 19:56:51+08:00
0,0,0,0,0,0,2019-12-22 19:57:03+08:00
0,0,0,0,0,0,2019-12-22 20:05:54+08:00
0,0,0,0,0,0,2019-12-23 09:33:57+08:00
0,0,0,0,0,0,2019-12-23 09:34:24+08:00
0,0,0,0,0,0,2019-12-24 21:25:08+08:00
0,0,0,0,0,0,2019-12-24 21:25:34+08:00
0,0,0,0,0,0,2019-12-24 21:27:46+08:00
0,0,0,0,0,0,2019-12-26 11:35:23+08:00
0,0,0,0,0,0,2019-12-30 19:42:11+08:00
1,2,0,1,1,1,2020-01-01 11:49:58+08:00
0,0,0,0,0,0,2020-01-01 13:16:48+08:00
0,0,0,0,0,0,2020-01-01 14:51:38+08:00
1,1,1,1,1,1,2020-01-02 10:26:50+08:00
0,0,0,0,0,0,2020-01-02 10:37:20+08:00
0,0,0,0,0,0,2020-01-03 10:30:49+08:00
0,0,0,0,0,0,2020-01-03 10:33:17+08:00
0,0,0,0,0,0,2020-01-03 10:34:13+08:00
0,0,0,0,0,0,2020-01-05 20:24:58+08:00
0,0,0,0,0,0,2020-01-05 21:23:28+08:00
0,0,0,0,0,0,2020-01-07 11:38:30+08:00
0,0,0,0,0,0,2020-01-07 17:19:04+08:00
0,0,0,0,0,0,2020-01-07 17:22:08+08:00
0,0,0,0,0,0,2020-01-07 17:31:16+08:00
0,0,0,0,0,0,2020-01-07 17:32:17+08:00
0,0,0,0,0,0,2020-01-09 13:33:43+08:00
0,0,0,0,0,0,2020-01-09 13:34:28+08:00
0,0,0,0,0,0,2020-01-09 13:35:19+08:00
0,0,0,0,0,0,2020-01-09 13:35:50+08:00
1,1,1,1,1,1,2020-01-09 13:49:39+08:00
1,1,1,1,1,1,2020-01-09 13:49:59+08:00
0,0,0,0,0,0,2020-01-09 15:58:16+08:00
0,0,0,0,0,0,2020-01-09 15:59:50+08:00
0,0,0,0,0,0,2020-01-09 16:00:30+08:00
0,0,0,0,0,0,2020-01-10 09:52:05+08:00
0,0,0,0,0,0,2020-01-10 09:52:16+08:00
0,0,0,0,0,0,2020-01-10 09:54:26+08:00
9,12,10,3,6,1,2020-01-13 20:40:57+08:00
0,0,0,0,0,0,2020-01-13 20:41:45+08:00
0,0,0,0,0,0,2020-01-13 20:43:04+08:00
0,0,0,0,0,0,2020-01-13 20:44:14+08:00
0,0,0,0,0,0,2020-01-13 21:02:56+08:00
0,0,0,0,0,0,2020-01-13 21:06:51+08:00
0,0,0,0,0,0,2020-01-20 16:57:35+08:00
0,0,0,0,0,0,2020-01-20 16:59:24+08:00
0,0,0,0,0,0,2020-01-22 23:28:16+08:00
0,0,0,0,0,0,2020-01-24 18:09:46+08:00
0,0,0,0,0,0,2020-01-25 17:57:32+08:00
0,0,0,0,0,0,2020-01-26 22:25:14+08:00
0,0,0,0,0,0,2020-01-28 13:54:30+08:00
1,1,0,0,0,0,2020-02-01 17:50:30+08:00
0,0,0,0,0,0,2020-02-04 09:24:02+00:00
1,1,1,1,1,1,2020-02-04 18:10:59+08:00
0,1,0,0,0,0,2020-02-04 10:18:51+00:00
1,1,1,1,1,1,2020-02-04 11:28:51+00:00
0,0,0,0,0,0,2020-02-04 11:54:36+00:00
1,1,1,1,1,1,2020-02-04 11:55:29+00:00
1,1,1,1,1,1,2020-02-04 12:22:08+00:00
1,1,1,1,1,1,2020-02-04 13:12:46+00:00
0,0,0,0,0,0,2020-02-04 21:14:40+08:00
0,0,0,0,0,0,2020-02-04 21:33:59+08:00
0,0,0,0,0,0,2020-02-04 13:52:15+00:00
0,0,0,0,0,0,2020-02-04 21:53:12+08:00
0,0,0,0,0,0,2020-02-04 21:56:14+08:00
0,0,0,0,0,0,2020-02-04 21:57:27+08:00
1,1,1,1,1,1,2020-02-04 22:08:25+08:00
0,0,0,0,0,0,2020-02-04 22:15:10+08:00
0,0,0,0,0,0,2020-02-05 17:16:25+08:00
0,0,0,0,0,0,2020-02-22 10:17:44+08:00
0,0,0,0,0,0,2020-02-22 10:37:59+08:00
0,0,0,0,0,0,2020-02-22 11:02:52+08:00
0,0,0,0,0,0,2020-02-22 12:38:59+08:00
0,0,0,0,0,0,2020-02-22 12:39:58+08:00
0,0,0,0,0,0,2020-02-22 12:41:44+08:00
0,0,0,0,0,0,2020-02-22 12:57:49+08:00
0,0,0,0,0,0,2020-02-22 12:58:53+08:00
0,0,0,0,0,0,2020-02-27 22:47:33+08:00
0,0,0,0,0,0,2020-02-27 22:56:14+08:00
0,0,0,0,0,0,2020-04-06 10:20:14+08:00
0,0,0,0,0,0,2020-04-06 10:21:52+08:00
0,0,0,0,0,0,2020-04-06 10:22:53+08:00
0,0,0,0,0,0,2020-04-08 22:34:39+08:00
0,0,0,0,0,0,2020-04-09 02:41:23+00:00
0,0,0,0,0,0,2020-04-14 13:58:48+08:00
0,0,0,0,0,0,2020-04-14 14:01:38+08:00
0,0,0,0,0,0,2020-04-14 14:03:07+08:00
0,0,0,0,0,0,2020-04-14 14:03:41+08:00
0,0,0,0,0,0,2020-04-14 14:04:54+08:00
0,0,0,0,0,0,2020-04-14 14:05:37+08:00
0,0,0,0,0,0,2020-04-24 13:50:50+08:00
0,0,0,0,0,0,2020-06-10 14:32:50+08:00
0,1,0,0,0,0,2020-07-14 23:00:52+08:00
0,0,0,0,0,0,2020-09-19 18:10:11+08:00
0,0,0,0,0,0,2020-10-14 18:07:57+08:00
0,0,0,0,0,0,2020-10-24 15:12:04+08:00
0,0,0,0,0,0,2020-10-24 15:14:06+08:00
0,0,0,0,0,0,2020-10-24 15:16:10+08:00
0,0,0,0,0,0,2020-10-24 15:17:14+08:00
0,0,0,0,0,0,2020-10-27 20:53:45+08:00
0,0,0,0,0,0,2020-10-27 21:37:40+08:00
0,0,0,0,0,0,2020-10-27 21:38:45+08:00
0,0,0,0,0,0,2020-11-06 10:25:29+08:00
0,0,0,0,0,0,2020-12-15 16:42:12+08:00
