Acquisition,Preparation,Modeling,Training,Evaluation,Prediction,time
0,0,0,0,0,0,2017-07-06 17:13:22+08:00
0,0,0,0,0,0,2017-07-06 17:28:30+08:00
0,0,0,0,0,0,2017-07-06 17:48:43+08:00
1,0,0,0,0,0,2017-07-07 06:27:18+08:00
0,0,0,0,0,0,2017-07-07 16:06:58+08:00
0,0,0,0,0,0,2017-07-07 17:39:32+08:00
0,0,0,0,0,0,2017-07-07 19:24:12+08:00
1,1,1,1,0,1,2017-07-07 23:20:52+08:00
0,0,0,0,0,0,2017-07-07 23:24:44+08:00
1,1,1,1,0,1,2017-07-09 00:31:37+08:00
0,0,0,0,0,0,2017-07-09 00:32:08+08:00
0,0,0,0,0,0,2017-07-09 00:32:16+08:00
0,0,0,0,0,0,2017-07-09 00:32:30+08:00
0,0,0,0,0,0,2017-07-10 22:02:40+08:00
0,0,0,0,0,0,2017-07-10 22:03:29+08:00
0,0,0,0,0,0,2017-07-10 22:05:17+08:00
0,0,0,0,0,0,2017-07-10 22:05:54+08:00
1,1,1,1,0,1,2017-07-11 11:57:45+08:00
1,1,1,1,0,1,2017-07-11 13:43:18+08:00
1,0,1,1,0,1,2017-07-11 16:46:44+08:00
1,1,1,1,0,1,2017-07-11 17:01:36+08:00
1,1,1,1,0,1,2017-07-11 17:16:50+08:00
0,0,0,0,0,0,2017-07-11 17:17:23+08:00
0,0,0,0,0,0,2017-07-11 20:55:22+08:00
0,0,0,0,0,0,2017-07-11 20:56:26+08:00
0,0,0,0,0,0,2017-07-11 20:57:22+08:00
3,3,1,1,0,1,2017-07-11 21:01:17+08:00
0,0,0,0,0,0,2017-07-11 21:01:54+08:00
0,0,0,0,0,0,2017-07-11 21:22:51+08:00
0,0,0,0,0,0,2017-07-11 21:23:42+08:00
0,0,0,0,0,0,2017-07-11 23:04:18+08:00
0,0,0,0,0,0,2017-07-11 23:04:28+08:00
1,1,1,1,0,1,2017-07-12 00:14:58+08:00
1,1,1,1,0,1,2017-07-15 16:56:47+08:00
1,1,1,1,0,1,2017-07-15 17:48:47+08:00
1,1,1,1,0,1,2017-07-15 17:53:52+08:00
0,0,0,0,0,0,2017-07-15 19:26:56+08:00
0,0,0,0,0,0,2017-07-15 19:38:18+08:00
4,4,2,3,0,2,2017-07-16 18:47:15+08:00
0,0,0,0,0,0,2017-07-16 18:49:33+08:00
1,1,0,1,0,0,2017-07-16 18:58:17+08:00
0,0,0,0,0,0,2017-07-16 19:01:13+08:00
0,0,0,0,0,0,2017-07-16 20:19:10+08:00
1,1,1,1,0,1,2017-07-17 11:06:07+08:00
3,3,1,3,0,1,2017-07-29 22:13:40+08:00
0,0,0,0,0,0,2017-08-04 19:45:18+08:00
0,0,0,0,0,0,2017-08-04 19:47:41+08:00
0,0,0,0,0,0,2017-08-04 19:47:56+08:00
0,0,0,0,0,0,2017-08-04 19:48:16+08:00
0,0,0,0,0,0,2017-08-04 20:02:12+08:00
0,0,0,0,0,0,2017-08-04 20:17:13+08:00
0,0,0,0,0,0,2017-08-04 20:23:15+08:00
0,0,0,0,0,0,2017-08-04 21:18:23+08:00
0,0,0,0,0,0,2017-08-05 20:01:25+08:00
0,1,0,0,0,0,2017-08-05 20:08:21+08:00
0,1,0,0,0,0,2017-08-05 20:19:28+08:00
0,1,0,0,0,0,2017-08-05 21:26:40+08:00
0,1,0,0,0,0,2017-08-05 21:30:15+08:00
0,0,0,0,0,0,2017-08-07 20:32:39+08:00
2,2,0,2,0,0,2017-08-07 22:14:59+08:00
0,0,0,0,0,0,2017-08-08 11:24:36+08:00
0,0,0,0,0,0,2017-08-08 11:27:16+08:00
0,1,0,0,0,0,2017-08-08 11:32:31+08:00
0,0,0,0,0,0,2017-08-09 17:18:40+08:00
4,3,2,2,0,2,2017-08-10 22:05:58+08:00
0,0,0,0,0,0,2017-08-11 13:20:39+08:00
0,1,0,0,0,0,2017-08-11 17:27:47+08:00
0,1,0,0,0,0,2017-08-11 17:55:17+08:00
0,0,0,0,0,0,2017-08-11 18:47:38+08:00
0,0,0,0,0,0,2017-08-11 19:23:22+08:00
0,0,0,0,0,0,2017-08-11 19:36:06+08:00
0,0,0,0,0,0,2017-08-11 19:51:29+08:00
0,0,0,0,0,0,2017-08-11 19:59:38+08:00
0,0,0,1,0,0,2017-08-11 20:09:15+08:00
0,0,0,1,0,0,2017-08-11 20:12:10+08:00
0,0,0,0,0,0,2017-08-11 20:14:13+08:00
0,0,0,0,0,0,2017-08-11 20:17:28+08:00
0,1,0,0,0,0,2017-08-11 20:34:46+08:00
0,1,0,0,0,0,2017-08-11 20:44:57+08:00
0,0,0,1,0,0,2017-08-11 20:47:30+08:00
0,0,0,0,0,0,2017-08-11 20:57:19+08:00
0,0,0,0,0,0,2017-08-11 20:58:55+08:00
0,0,0,0,0,0,2017-09-01 17:53:55+08:00
0,0,0,0,0,0,2017-09-01 17:58:02+08:00
0,0,0,0,0,0,2017-09-14 14:28:07+08:00
0,0,0,0,0,0,2017-09-14 14:30:40+08:00
0,0,0,0,0,0,2017-09-14 14:32:59+08:00
0,0,0,0,0,0,2017-09-14 14:38:09+08:00
0,0,0,0,0,0,2017-09-14 14:39:29+08:00
0,0,0,0,0,0,2017-09-21 17:32:19+08:00
0,0,0,0,0,0,2017-09-23 15:50:05+08:00
