Acquisition,Preparation,Modeling,Training,Evaluation,Prediction,time
0,0,0,0,0,0,2017-12-20 19:19:11+03:00
0,0,0,0,0,0,2017-12-20 19:21:48+03:00
0,0,0,0,0,0,2017-12-20 19:25:12+03:00
0,0,0,0,0,0,2017-12-20 19:26:03+03:00
0,0,0,0,0,0,2017-12-20 19:27:02+03:00
0,0,0,0,0,0,2017-12-20 19:29:45+03:00
0,0,0,0,0,0,2017-12-20 19:30:18+03:00
0,0,0,0,0,0,2018-01-16 12:14:47+03:00
0,0,0,0,0,0,2018-01-16 12:15:09+03:00
0,0,0,0,0,0,2018-01-16 12:18:15+03:00
0,0,0,0,0,0,2018-01-16 12:25:21+03:00
0,0,0,0,0,0,2018-01-16 12:31:11+03:00
0,1,0,0,1,0,2018-02-02 13:15:53+03:00
0,0,0,0,0,0,2018-03-26 00:01:53+03:00
0,0,0,0,0,0,2018-03-26 00:02:03+03:00
0,0,0,0,0,0,2018-04-08 17:47:27+03:00
0,0,0,0,0,0,2018-04-08 17:48:22+03:00
0,0,0,0,0,0,2018-04-08 17:54:26+03:00
0,0,0,0,0,0,2018-04-08 17:59:05+03:00
0,0,0,0,0,0,2018-04-08 18:33:16+03:00
0,0,0,0,0,0,2018-04-08 18:37:19+03:00
0,0,0,0,0,0,2018-04-09 21:40:32+03:00
0,0,0,0,0,0,2018-04-11 15:10:19+03:00
0,0,0,0,0,0,2018-04-11 15:10:32+03:00
0,0,0,0,0,0,2018-04-11 15:14:03+03:00
0,0,0,0,0,0,2018-04-12 21:11:38+03:00
0,0,0,0,0,0,2018-04-12 21:17:28+03:00
0,0,0,0,0,0,2018-04-14 17:37:34+03:00
0,0,0,0,0,0,2018-04-14 17:38:09+03:00
0,0,0,0,0,0,2018-04-14 20:43:47+03:00
0,0,0,0,0,0,2018-05-23 00:31:13+03:00
0,0,0,0,0,0,2018-05-23 00:32:48+03:00
0,0,0,0,0,0,2018-05-23 00:34:33+03:00
0,0,0,0,0,0,2018-05-23 00:40:15+03:00
0,0,0,0,0,0,2018-05-29 11:00:56+03:00
0,0,0,0,0,0,2018-05-29 11:03:01+03:00
0,0,0,0,0,0,2018-05-29 11:04:17+03:00
0,0,0,0,0,0,2018-05-29 11:06:02+03:00
0,0,0,0,0,0,2018-06-02 13:29:45+03:00
0,0,0,0,0,0,2018-06-05 17:10:17+03:00
0,0,0,0,0,0,2018-06-06 13:57:54+03:00
0,0,0,0,0,0,2018-06-07 01:19:15+03:00
0,0,0,0,0,0,2018-06-07 01:24:20+03:00
0,0,0,0,0,0,2018-06-07 01:27:51+03:00
0,0,0,0,0,0,2018-06-07 01:28:23+03:00
0,0,0,0,0,0,2018-11-05 23:41:15+03:00
0,0,0,0,0,0,2018-11-05 23:42:12+03:00
0,0,0,0,0,0,2018-11-10 23:59:04+03:00
0,0,0,0,0,0,2018-11-11 00:00:25+03:00
0,0,0,0,0,0,2018-11-11 00:00:28+03:00
0,0,0,0,0,0,2018-11-29 22:53:24+03:00
0,0,0,0,0,0,2018-12-07 22:11:13+03:00
0,0,0,0,0,0,2018-12-24 21:47:28+03:00
0,0,0,0,0,0,2019-01-13 20:07:54+03:00
0,0,0,0,0,0,2019-02-02 13:48:56+03:00
0,0,0,0,0,0,2019-02-02 13:52:47+03:00
0,0,0,0,0,0,2019-02-02 13:53:47+03:00
0,0,0,0,0,0,2019-02-02 13:56:08+03:00
0,0,0,0,0,0,2019-02-02 14:02:28+03:00
0,0,0,0,0,0,2019-02-02 14:02:43+03:00
0,0,0,0,0,0,2019-04-14 15:06:12+03:00
0,0,0,0,0,0,2019-05-25 16:01:24+03:00
0,0,0,0,0,0,2019-05-28 18:56:00+03:00
0,0,0,0,0,0,2019-05-28 19:08:05+03:00
0,0,0,0,0,0,2019-05-30 23:32:47+03:00
0,0,0,0,0,0,2019-06-05 17:03:29+03:00
0,0,0,0,0,0,2019-06-05 17:04:58+03:00
0,0,0,0,0,0,2019-06-05 17:19:38+03:00
0,0,0,0,0,0,2019-10-22 15:23:29+03:00
0,0,0,0,0,0,2019-10-22 15:23:59+03:00
0,0,0,0,0,0,2019-11-12 22:37:40+03:00
0,0,0,0,0,0,2020-01-20 20:04:54+03:00
0,0,0,0,0,0,2020-03-08 22:23:22+03:00
0,0,0,0,0,0,2020-06-27 17:55:30+03:00
0,0,0,0,0,0,2020-06-27 17:55:54+03:00
0,0,0,0,0,0,2020-06-27 17:56:19+03:00
0,0,0,0,0,0,2020-07-10 12:42:51+03:00
0,0,0,0,0,0,2020-07-10 12:58:46+03:00
2,3,0,0,0,0,2021-02-18 14:55:18+03:00
0,0,0,0,0,0,2021-03-04 15:02:49+03:00
0,0,0,0,0,0,2021-03-04 15:03:13+03:00
0,0,0,0,0,0,2021-03-04 15:03:25+03:00
0,0,0,0,0,0,2021-03-04 15:03:36+03:00
0,0,0,0,0,0,2021-03-04 15:03:54+03:00
0,0,0,0,0,0,2021-03-04 15:04:04+03:00
0,0,0,0,0,0,2021-03-04 15:04:12+03:00
0,0,0,0,0,0,2021-03-04 15:05:09+03:00
0,0,0,0,0,0,2021-08-18 23:19:57+03:00
0,0,0,0,0,0,2021-08-18 23:21:03+03:00
0,0,0,0,0,0,2021-08-18 23:21:40+03:00
0,0,0,0,0,0,2021-08-18 23:21:46+03:00
0,0,0,0,0,0,2021-08-18 23:21:55+03:00
0,0,0,0,0,0,2021-08-18 23:22:18+03:00
2,4,1,1,2,0,2021-08-18 23:40:44+03:00
0,5,0,0,2,0,2021-08-18 23:40:56+03:00
2,4,4,4,1,2,2021-08-18 23:41:14+03:00
1,2,0,0,0,0,2021-08-18 23:41:25+03:00
0,0,0,0,0,0,2021-08-18 23:41:35+03:00
0,0,0,0,0,0,2021-08-19 00:10:46+03:00
0,0,0,0,0,0,2021-08-19 00:10:52+03:00
0,0,0,0,0,0,2021-08-19 00:11:04+03:00
0,1,0,0,0,0,2021-08-19 00:11:20+03:00
0,0,0,0,0,0,2021-08-21 15:59:29+03:00
0,0,0,0,0,0,2021-08-21 15:59:42+03:00
0,0,0,0,0,0,2021-08-21 16:08:51+03:00
0,0,0,0,0,0,2021-09-08 03:39:30+00:00
0,0,0,0,0,0,2021-09-08 03:39:30+00:00
0,0,0,0,0,0,2021-09-08 23:35:05+03:00
0,0,0,0,0,0,2021-09-08 23:35:17+03:00
