Acquisition,Preparation,Modeling,Training,Evaluation,Prediction,time
0,0,0,0,0,0,2021-10-14 18:59:24+02:00
0,0,0,0,0,0,2021-10-14 19:07:39+02:00
0,0,0,0,0,0,2021-10-14 19:34:00+02:00
0,0,0,0,0,0,2021-10-17 14:10:31+02:00
0,0,0,0,0,0,2021-10-23 14:45:13+02:00
0,0,0,0,0,0,2021-10-23 16:05:14+02:00
0,0,0,0,0,0,2021-10-23 16:12:43+02:00
0,0,0,0,0,0,2021-10-23 16:26:09+02:00
0,0,0,0,0,0,2021-10-24 11:44:05+02:00
1,1,1,1,1,0,2021-10-28 15:10:19+02:00
0,0,0,0,0,0,2021-10-28 18:52:31+02:00
0,0,0,0,0,0,2021-10-30 03:20:07+02:00
0,0,0,0,0,0,2021-10-30 13:08:34+02:00
0,0,0,0,0,0,2021-10-30 13:35:03+02:00
0,0,0,0,0,0,2021-10-30 13:54:02+02:00
0,0,0,0,0,0,2021-10-30 15:50:59+02:00
0,0,0,0,0,0,2021-10-30 16:19:52+02:00
0,0,0,0,0,0,2021-10-30 23:06:53+02:00
0,0,0,0,0,0,2021-10-31 00:08:08+02:00
0,0,0,0,0,0,2021-10-31 00:12:12+02:00
0,0,0,0,0,0,2021-10-31 11:32:55+01:00
0,0,0,0,0,0,2021-11-02 15:53:58+01:00
0,0,0,0,0,0,2021-11-02 17:06:03+01:00
0,0,0,0,0,0,2021-11-02 18:57:42+01:00
0,0,0,0,0,0,2021-11-03 09:18:37+01:00
0,0,0,0,0,0,2021-11-03 12:07:09+01:00
0,0,0,0,0,0,2021-11-04 01:05:27+01:00
0,0,0,0,0,0,2021-11-06 16:47:46+01:00
0,0,0,0,0,0,2021-11-06 16:49:11+01:00
2,2,1,1,1,1,2021-11-06 16:50:34+01:00
2,1,0,0,0,0,2021-11-06 18:33:53+01:00
3,1,0,0,0,0,2021-11-06 19:02:11+01:00
2,0,1,2,0,0,2021-11-06 20:50:45+01:00
2,0,0,1,2,1,2021-11-06 22:54:50+01:00
1,0,0,1,1,0,2021-11-06 22:59:04+01:00
0,0,0,0,0,0,2021-11-07 04:38:39+01:00
0,0,0,0,0,0,2021-11-07 19:13:10+01:00
0,0,0,0,0,0,2021-11-07 22:31:06+01:00
0,0,0,0,0,0,2021-11-07 22:38:07+01:00
0,0,0,0,0,0,2021-11-11 14:27:03+01:00
0,0,0,0,0,0,2021-11-11 17:21:48+01:00
0,0,0,0,0,0,2021-11-14 20:05:56+01:00
0,0,0,0,0,0,2021-11-18 12:51:27+01:00
0,0,0,0,0,0,2021-11-18 13:37:42+01:00
0,0,0,0,0,0,2021-11-18 18:05:47+01:00
0,0,0,0,0,0,2021-11-18 18:21:20+01:00
0,0,0,0,0,0,2021-11-18 18:47:33+01:00
2,0,0,0,0,0,2021-11-18 23:13:28+01:00
0,0,0,0,0,0,2021-11-20 17:58:31+01:00
1,0,0,0,0,0,2021-11-21 15:26:10+01:00
0,0,0,0,0,0,2021-11-21 15:31:54+01:00
1,0,0,0,0,0,2021-11-21 16:38:07+01:00
1,0,0,0,0,0,2021-11-21 17:09:38+01:00
1,1,0,0,0,1,2021-11-21 19:02:04+01:00
0,0,0,0,0,0,2021-11-21 19:35:37+01:00
1,1,0,0,0,1,2021-11-21 21:25:12+01:00
0,0,0,0,0,0,2021-11-21 21:56:10+01:00
0,0,0,0,0,0,2021-11-21 23:44:44+01:00
0,0,0,0,0,0,2021-11-21 23:47:34+01:00
0,0,0,0,0,0,2021-11-22 00:22:36+01:00
0,0,0,0,0,0,2021-11-22 08:52:04+01:00
1,1,0,0,0,1,2021-11-22 11:49:14+01:00
0,0,0,0,0,0,2021-11-22 12:45:06+01:00
0,0,0,0,0,0,2021-11-26 15:21:24+01:00
1,0,1,1,0,0,2021-11-26 19:08:01+01:00
1,0,1,1,0,0,2021-11-26 23:08:49+01:00
0,0,0,0,0,0,2021-11-28 21:42:26+01:00
0,0,0,0,0,0,2021-12-02 10:41:14+01:00
0,0,0,0,0,0,2021-12-02 13:14:34+01:00
1,1,1,1,1,1,2021-12-02 14:27:55+01:00
1,1,1,1,1,1,2021-12-02 20:15:05+01:00
0,0,0,0,0,0,2021-12-03 08:16:08+01:00
0,0,0,0,0,0,2021-12-03 08:17:51+01:00
0,0,0,0,0,0,2022-01-07 14:50:31+01:00
0,0,0,0,0,0,2022-01-07 14:55:44+01:00
0,0,0,0,0,0,2022-01-07 15:21:09+01:00
0,0,0,0,0,0,2022-01-07 15:57:59+01:00
0,0,0,0,0,0,2022-01-07 16:09:30+01:00
0,0,0,0,0,0,2022-01-07 22:13:10+01:00
1,0,0,1,1,0,2022-01-08 14:35:18+01:00
2,2,0,0,0,2,2022-01-08 16:53:38+01:00
2,0,0,0,0,0,2022-01-08 16:59:19+01:00
1,1,0,0,0,1,2022-01-08 18:08:56+01:00
1,1,0,0,0,1,2022-01-08 19:31:30+01:00
0,0,0,0,0,0,2022-01-08 19:32:09+01:00
1,1,0,0,0,1,2022-01-08 20:40:48+01:00
1,1,0,0,0,1,2022-01-08 20:45:03+01:00
0,0,0,0,0,0,2022-01-11 19:59:14+01:00
