Acquisition,Preparation,Modeling,Training,Evaluation,Prediction,time
0,0,0,0,0,0,2021-09-06 21:20:05-03:00
2,3,0,1,0,0,2021-09-06 21:31:45-03:00
0,0,0,0,0,0,2021-09-06 22:03:13-03:00
2,1,0,1,0,0,2021-09-06 22:40:19-03:00
0,0,0,0,0,0,2021-09-07 17:14:31-03:00
1,2,0,1,0,0,2021-09-07 17:15:24-03:00
0,2,0,1,0,0,2021-09-12 23:11:32-03:00
0,0,0,0,0,0,2021-09-13 08:59:32-03:00
0,1,0,0,0,0,2021-09-13 08:59:50-03:00
0,2,0,1,0,0,2021-09-13 09:00:26-03:00
0,1,0,0,0,0,2021-09-13 09:01:55-03:00
0,0,0,0,0,0,2021-09-15 14:56:59-03:00
0,1,0,0,0,0,2021-09-15 14:58:13-03:00
0,1,0,1,0,0,2021-10-06 15:50:24-03:00
0,0,0,0,0,0,2021-10-06 21:46:12-03:00
1,1,0,0,0,0,2021-10-13 18:33:11-03:00
0,0,0,0,0,0,2021-10-13 18:33:48-03:00
0,0,0,0,0,0,2021-10-13 18:34:43-03:00
0,0,0,0,0,0,2021-10-13 23:09:32-03:00
1,1,0,0,0,0,2021-10-13 23:09:55-03:00
1,1,0,0,0,0,2021-10-13 23:10:38-03:00
0,0,0,0,0,0,2021-11-10 16:11:38-03:00
2,3,0,0,0,0,2021-11-10 16:13:32-03:00
0,1,0,0,0,0,2021-11-10 16:23:50-03:00
0,1,0,0,0,0,2021-11-10 20:38:02-03:00
1,2,0,0,0,0,2021-11-10 22:51:26-03:00
0,0,0,0,0,0,2021-11-10 22:51:42-03:00
1,4,0,1,0,0,2021-11-10 23:33:02-03:00
0,1,0,0,0,0,2021-11-10 23:34:52-03:00
0,0,0,0,0,0,2021-11-11 00:11:17-03:00
1,0,0,0,0,0,2021-11-11 00:28:39-03:00
1,0,0,0,0,0,2021-11-11 10:04:54-03:00
1,3,0,1,0,0,2021-11-11 11:34:40-03:00
1,2,0,1,0,0,2021-11-13 19:38:36-03:00
1,1,0,0,0,0,2021-11-13 20:22:20-03:00
1,1,0,0,0,0,2021-11-13 21:08:41-03:00
0,2,0,0,0,0,2021-11-13 21:50:49-03:00
1,0,0,0,0,0,2021-11-14 13:28:16-03:00
1,2,0,0,0,0,2021-11-24 18:30:18-03:00
0,0,0,0,0,0,2021-11-24 18:30:23-03:00
0,1,0,0,0,0,2021-12-16 21:35:28-03:00
0,1,0,0,0,0,2021-12-16 22:23:56-03:00
2,2,0,0,0,0,2021-12-29 15:19:53-03:00
1,1,0,0,0,0,2021-12-29 15:26:24-03:00
1,1,0,0,0,0,2021-12-29 15:30:44-03:00
0,2,0,1,0,0,2022-02-06 23:47:00-03:00
1,1,0,0,0,0,2022-02-08 16:48:33-03:00
1,1,0,0,0,0,2022-02-10 14:20:38-03:00
1,2,0,0,0,0,2022-02-10 15:41:33-03:00
0,2,2,1,1,1,2022-02-12 14:20:19-03:00
0,0,0,0,0,0,2022-02-12 14:20:34-03:00
0,1,0,0,0,0,2022-02-12 14:31:39-03:00
0,1,1,1,1,1,2022-02-12 14:37:00-03:00
0,1,0,0,0,0,2022-02-12 20:30:11-03:00
0,1,1,1,1,1,2022-02-13 12:08:58-03:00
0,1,1,1,1,1,2022-02-13 12:11:58-03:00
0,0,0,0,0,0,2022-02-13 19:24:57-03:00
2,2,0,1,0,0,2022-02-15 12:45:50-03:00
0,0,0,0,0,0,2022-02-15 12:46:19-03:00
1,0,0,0,0,0,2022-02-15 12:50:09-03:00
1,1,0,0,0,0,2022-02-15 13:47:37-03:00
1,1,0,0,0,0,2022-02-15 22:49:05-03:00
0,0,0,0,0,0,2022-03-04 16:47:34-03:00
0,1,1,1,1,1,2022-03-04 16:48:31-03:00
0,1,0,0,0,0,2022-03-04 17:41:35-03:00
0,1,0,0,0,0,2022-03-04 17:58:46-03:00
0,1,0,0,0,0,2022-03-04 17:59:22-03:00
0,0,0,0,0,0,2022-03-04 17:59:53-03:00
0,0,0,0,0,0,2022-03-04 19:53:39-03:00
0,1,1,1,1,1,2022-03-04 19:53:53-03:00
0,1,0,0,0,0,2022-03-10 15:07:36-03:00
0,1,1,1,1,1,2022-03-10 18:25:20-03:00
0,1,0,0,0,0,2022-03-10 18:26:02-03:00
0,1,1,1,1,1,2022-04-04 11:03:09-04:00
0,1,1,1,1,1,2022-04-14 17:25:03-04:00
1,2,1,2,1,1,2022-04-14 17:41:44-04:00
1,1,0,0,0,0,2022-04-14 17:42:20-04:00
1,1,0,1,0,0,2022-04-14 17:46:55-04:00
0,1,0,1,0,0,2022-04-14 17:49:51-04:00
1,1,0,1,0,0,2022-05-20 10:17:17-04:00
1,1,0,1,0,0,2022-05-20 10:20:07-04:00
1,1,0,1,0,0,2022-05-20 11:20:06-04:00
0,3,1,2,1,1,2022-05-20 11:20:30-04:00
1,4,1,3,1,1,2022-05-21 22:16:05-04:00
0,1,1,1,1,2,2022-05-21 22:42:05-04:00
0,1,0,1,0,0,2022-05-21 23:00:39-04:00
1,1,0,0,0,0,2022-05-21 23:01:14-04:00
0,1,0,0,0,1,2022-05-22 17:48:06-04:00
0,1,0,0,0,1,2022-05-22 17:50:16-04:00
0,1,0,0,0,1,2022-05-24 16:03:07-04:00
0,1,1,1,1,1,2022-05-24 16:06:23-04:00
0,1,1,1,1,1,2022-06-01 13:28:05-04:00
0,1,0,0,0,1,2022-06-07 11:54:58-04:00
0,1,1,1,1,1,2022-06-07 11:56:29-04:00
0,1,0,0,0,1,2022-06-07 19:27:10-04:00
0,1,1,1,1,1,2022-06-07 19:28:04-04:00
0,1,1,1,1,1,2022-06-07 21:18:52-04:00
0,1,1,1,1,1,2022-06-08 11:31:49-04:00
0,1,0,1,0,0,2022-06-08 13:01:13-04:00
0,0,0,0,0,0,2022-06-08 13:01:27-04:00
1,2,1,1,1,1,2022-06-13 12:19:06-04:00
0,1,1,1,1,1,2022-06-14 16:15:50-04:00
1,1,0,0,0,0,2022-06-16 23:13:00-04:00
0,1,0,1,0,0,2022-06-17 00:34:41-04:00
0,1,0,0,0,0,2022-06-17 00:35:02-04:00
1,1,0,0,0,0,2022-06-23 12:07:41-04:00
0,3,2,2,1,1,2022-06-28 20:07:46-04:00
0,1,1,0,0,0,2022-06-29 13:56:56-04:00
0,1,1,1,1,1,2022-06-30 13:15:35-04:00
0,0,0,0,0,0,2022-06-30 13:15:54-04:00
0,1,0,0,0,0,2022-06-30 15:19:24-04:00
