Acquisition,Preparation,Modeling,Training,Evaluation,Prediction,time
0,0,0,0,0,0,2019-02-19 16:15:12+01:00
0,0,0,0,0,0,2019-02-19 16:16:35+01:00
2,5,1,1,2,1,2019-02-19 16:19:00+01:00
0,0,0,0,0,0,2019-02-20 12:12:08+01:00
0,0,0,0,0,0,2019-03-11 13:34:59+01:00
1,1,1,1,1,1,2019-03-11 13:36:00+01:00
0,0,0,0,0,0,2019-03-11 13:39:12+01:00
1,1,1,0,0,0,2019-03-11 14:13:22+01:00
0,0,0,0,0,0,2019-03-11 14:16:25+01:00
0,0,0,0,0,0,2019-03-11 14:18:02+01:00
5,12,4,3,2,5,2019-03-11 14:20:09+01:00
0,7,6,0,0,5,2019-03-11 14:21:01+01:00
1,13,4,1,0,0,2019-03-11 14:22:18+01:00
3,5,2,0,1,2,2019-03-11 14:29:14+01:00
0,0,0,0,0,0,2019-03-14 13:55:55+01:00
0,0,0,0,0,0,2019-03-14 13:59:42+01:00
0,0,0,0,0,0,2019-03-14 14:00:34+01:00
0,0,0,0,0,0,2019-03-14 14:06:41+01:00
0,0,0,0,0,0,2019-03-14 14:53:24+01:00
6,9,2,2,2,6,2019-03-14 14:55:12+01:00
0,0,0,0,0,0,2019-03-14 14:56:04+01:00
0,0,0,0,0,0,2019-03-18 09:52:50+01:00
1,1,0,0,0,0,2019-03-18 10:22:16+01:00
0,0,0,0,0,0,2019-03-18 10:32:57+01:00
0,0,0,0,0,0,2019-03-18 10:36:05+01:00
1,0,0,0,0,0,2019-03-18 10:38:34+01:00
0,0,0,0,0,0,2019-03-18 14:01:35+01:00
0,1,0,0,1,1,2019-03-18 14:11:43+01:00
0,1,0,0,1,1,2019-03-18 14:27:47+01:00
0,1,0,0,1,1,2019-03-18 14:28:55+01:00
0,1,0,0,1,1,2019-03-18 14:30:57+01:00
0,1,0,0,1,1,2019-03-18 14:34:25+01:00
0,1,0,0,1,1,2019-03-18 14:35:35+01:00
0,2,1,1,1,1,2019-03-18 14:40:59+01:00
0,1,1,1,0,0,2019-03-18 14:43:32+01:00
0,2,1,1,1,1,2019-03-18 14:47:27+01:00
0,0,0,0,0,0,2019-03-19 10:50:56+01:00
0,1,1,1,0,0,2019-03-19 10:55:15+01:00
0,1,1,1,0,0,2019-03-19 10:58:14+01:00
0,1,1,1,0,0,2019-03-19 11:04:56+01:00
0,1,1,1,0,0,2019-03-19 11:06:13+01:00
0,1,1,1,0,0,2019-03-19 11:07:12+01:00
0,1,1,1,0,0,2019-03-19 11:08:16+01:00
0,0,0,0,0,0,2019-03-19 11:13:23+01:00
0,0,0,0,0,0,2019-03-19 11:14:05+01:00
0,1,1,1,0,0,2019-03-19 11:26:27+01:00
0,1,1,1,0,0,2019-03-19 11:32:24+01:00
0,1,1,1,0,0,2019-03-19 12:06:37+01:00
0,0,0,0,0,0,2019-03-19 12:10:36+01:00
0,0,0,0,0,0,2019-03-19 12:14:50+01:00
0,0,0,0,0,0,2019-03-19 12:15:53+01:00
0,0,0,0,0,0,2019-03-19 12:16:53+01:00
0,0,0,0,0,0,2019-03-19 12:18:59+01:00
0,0,0,0,0,0,2019-03-19 12:19:55+01:00
0,0,0,0,0,0,2019-03-19 12:21:10+01:00
0,0,0,0,0,0,2019-03-19 12:21:19+01:00
0,0,0,0,0,0,2019-03-19 12:26:10+01:00
0,0,0,0,0,0,2019-03-19 12:27:30+01:00
0,0,0,0,0,0,2019-03-19 12:33:43+01:00
0,0,0,0,0,0,2019-03-19 12:41:38+01:00
0,0,0,0,0,0,2019-03-19 12:44:42+01:00
0,1,1,1,0,0,2019-03-19 12:51:17+01:00
0,1,1,1,0,0,2019-03-19 12:53:43+01:00
1,2,1,1,1,1,2019-03-20 09:00:53+01:00
1,1,1,1,0,0,2019-03-20 09:16:23+01:00
0,1,1,1,0,0,2019-03-20 09:19:23+01:00
0,1,1,1,0,0,2019-03-20 09:20:53+01:00
0,1,1,1,0,0,2019-03-20 09:24:57+01:00
0,1,1,1,0,0,2019-03-20 09:25:31+01:00
0,1,1,1,0,0,2019-03-20 09:28:38+01:00
0,1,1,1,0,0,2019-03-20 09:33:29+01:00
0,1,1,1,0,0,2019-03-20 09:36:09+01:00
0,1,1,1,0,0,2019-03-20 09:41:29+01:00
0,1,1,1,0,0,2019-03-20 09:41:58+01:00
0,1,1,1,0,0,2019-03-20 09:45:21+01:00
0,1,1,1,0,0,2019-03-20 09:47:49+01:00
0,1,1,1,0,0,2019-03-20 09:49:49+01:00
0,1,1,1,0,0,2019-03-20 09:51:05+01:00
0,1,1,1,0,0,2019-03-20 09:51:28+01:00
0,1,1,1,0,0,2019-03-20 10:04:26+01:00
0,1,1,1,0,0,2019-03-20 10:06:25+01:00
0,1,1,1,0,0,2019-03-20 10:09:46+01:00
0,1,1,1,0,0,2019-03-20 10:14:59+01:00
0,1,1,1,0,0,2019-03-20 10:18:45+01:00
0,1,1,1,0,0,2019-03-20 10:19:20+01:00
0,1,1,1,0,0,2019-03-20 10:20:52+01:00
0,1,1,1,0,0,2019-03-20 10:21:57+01:00
0,1,1,1,0,0,2019-03-20 10:23:11+01:00
0,1,1,1,0,0,2019-03-20 10:24:33+01:00
1,0,0,0,0,0,2019-03-20 10:27:55+01:00
0,1,1,1,0,0,2019-03-20 10:40:31+01:00
0,1,1,1,0,0,2019-03-20 10:43:48+01:00
0,2,1,1,1,1,2019-03-20 10:48:46+01:00
0,1,1,1,0,0,2019-03-20 10:53:12+01:00
0,1,1,1,0,0,2019-03-20 10:55:26+01:00
0,1,1,1,0,0,2019-03-20 11:05:29+01:00
0,1,1,1,0,0,2019-03-20 11:06:01+01:00
0,1,1,1,0,0,2019-03-20 11:13:31+01:00
0,1,1,1,0,0,2019-03-20 11:24:11+01:00
0,1,1,1,0,0,2019-03-20 11:39:42+01:00
1,1,0,0,0,1,2019-03-20 13:00:32+01:00
1,1,0,0,0,1,2019-03-20 13:04:47+01:00
1,1,0,0,0,1,2019-03-20 13:09:52+01:00
1,1,0,0,0,1,2019-03-20 13:10:50+01:00
1,1,0,0,0,1,2019-03-20 13:14:31+01:00
1,1,0,0,0,1,2019-03-20 13:15:03+01:00
1,1,0,0,0,0,2019-03-20 14:28:42+01:00
1,1,0,0,0,0,2019-03-20 14:30:06+01:00
1,1,0,0,0,0,2019-03-20 14:30:45+01:00
1,1,0,0,0,0,2019-03-20 14:31:19+01:00
1,1,0,0,0,0,2019-03-20 14:32:13+01:00
1,1,0,0,0,0,2019-03-20 14:32:51+01:00
1,1,0,0,0,0,2019-03-20 14:35:00+01:00
1,1,0,0,0,0,2019-03-20 14:38:34+01:00
1,1,0,0,0,0,2019-03-20 14:39:36+01:00
1,1,0,0,0,0,2019-03-20 14:39:56+01:00
1,1,0,0,0,0,2019-03-20 14:43:56+01:00
1,1,0,0,0,0,2019-03-20 14:44:36+01:00
1,1,0,0,0,0,2019-03-20 14:45:31+01:00
1,1,0,0,0,0,2019-03-20 14:47:05+01:00
1,1,0,0,0,0,2019-03-20 14:47:37+01:00
1,1,0,0,0,0,2019-03-20 14:48:15+01:00
1,1,0,0,0,0,2019-03-20 14:49:44+01:00
1,1,0,0,0,0,2019-03-20 14:50:03+01:00
1,1,0,0,0,0,2019-03-20 14:51:31+01:00
1,1,0,0,0,0,2019-03-20 14:52:05+01:00
2,2,0,0,0,1,2019-03-20 14:55:25+01:00
1,1,0,0,0,0,2019-03-20 14:55:58+01:00
1,1,0,0,0,0,2019-03-20 15:00:15+01:00
1,1,0,0,0,1,2019-03-20 15:16:55+01:00
0,0,0,0,0,0,2019-03-20 15:18:42+01:00
0,0,0,0,0,0,2019-03-20 15:20:02+01:00
0,0,0,0,0,0,2019-03-20 15:21:00+01:00
0,0,0,0,0,0,2019-03-20 16:03:33+01:00
0,0,0,0,0,0,2019-03-20 16:08:04+01:00
1,1,0,0,0,1,2019-03-20 16:24:37+01:00
0,0,0,0,0,0,2019-03-20 16:26:53+01:00
0,0,0,0,0,0,2019-03-20 16:27:51+01:00
0,0,0,0,0,0,2019-03-20 16:30:06+01:00
0,0,0,0,0,0,2019-03-20 16:31:09+01:00
0,0,0,0,0,0,2019-03-20 16:32:21+01:00
0,0,0,0,0,0,2019-03-20 16:34:37+01:00
1,1,0,0,0,1,2019-03-20 16:37:17+01:00
1,1,0,0,0,1,2019-03-20 16:41:05+01:00
1,1,0,0,0,1,2019-03-20 16:45:24+01:00
1,1,0,0,0,0,2019-03-20 17:00:05+01:00
1,1,0,0,0,0,2019-03-20 17:01:34+01:00
1,1,0,0,0,0,2019-03-20 17:05:24+01:00
0,0,0,0,0,0,2019-03-20 17:07:41+01:00
1,1,0,0,0,1,2019-03-21 12:36:52+01:00
1,1,0,0,0,1,2019-03-21 12:41:20+01:00
0,1,1,1,0,1,2019-03-21 15:32:33+01:00
0,1,1,1,0,1,2019-03-21 15:36:41+01:00
0,1,0,0,1,1,2019-03-21 15:38:27+01:00
0,1,0,0,1,1,2019-03-21 15:41:06+01:00
0,1,1,1,0,0,2019-03-21 18:14:10+01:00
0,0,0,0,0,0,2019-03-21 18:24:10+01:00
0,1,1,1,0,0,2019-03-21 18:30:43+01:00
0,1,1,1,0,0,2019-03-21 18:42:48+01:00
0,1,1,1,0,0,2019-03-21 18:48:26+01:00
0,1,1,1,0,0,2019-03-21 18:49:30+01:00
0,1,1,1,0,0,2019-03-21 18:51:51+01:00
0,1,1,1,0,0,2019-03-21 19:00:57+01:00
0,1,1,1,0,1,2019-03-22 10:31:54+01:00
0,1,1,1,0,1,2019-03-22 10:37:15+01:00
0,0,0,0,0,0,2019-03-22 10:38:44+01:00
0,0,0,0,0,0,2019-03-22 10:39:58+01:00
0,0,0,0,0,0,2019-03-22 10:41:46+01:00
0,0,0,0,0,0,2019-03-22 10:46:30+01:00
0,1,1,1,0,1,2019-03-22 10:50:19+01:00
0,1,1,1,0,1,2019-03-22 10:54:01+01:00
0,0,0,0,0,0,2019-03-22 10:56:26+01:00
0,1,1,1,0,1,2019-03-22 11:00:15+01:00
0,1,1,1,0,1,2019-03-22 11:04:47+01:00
0,0,0,0,0,0,2019-03-22 11:05:19+01:00
0,1,1,1,0,1,2019-03-22 11:06:16+01:00
0,1,1,1,0,1,2019-03-22 11:08:34+01:00
0,0,0,0,0,0,2019-03-22 11:14:08+01:00
0,1,1,1,0,1,2019-03-22 11:15:52+01:00
0,1,1,1,0,1,2019-03-22 11:17:16+01:00
0,1,1,1,0,1,2019-03-22 11:18:59+01:00
0,1,1,1,0,1,2019-03-22 11:20:28+01:00
0,1,1,1,0,1,2019-03-22 11:29:42+01:00
0,0,0,0,0,0,2019-03-22 11:30:36+01:00
0,0,0,0,0,0,2019-03-22 11:31:27+01:00
0,1,1,1,0,1,2019-03-22 11:31:49+01:00
0,1,1,1,0,1,2019-03-22 12:10:20+01:00
0,1,1,1,0,1,2019-03-22 12:15:00+01:00
0,1,1,1,0,1,2019-03-22 12:18:23+01:00
0,1,1,1,0,1,2019-03-22 12:20:47+01:00
0,1,1,1,0,1,2019-03-22 12:22:33+01:00
0,1,1,1,0,1,2019-03-22 12:25:40+01:00
0,1,1,1,0,1,2019-03-22 12:43:05+01:00
0,1,1,1,0,1,2019-03-22 12:46:55+01:00
0,1,1,1,0,1,2019-03-22 12:48:38+01:00
0,1,1,1,0,1,2019-03-22 12:51:23+01:00
0,1,1,1,0,1,2019-03-22 12:53:51+01:00
0,1,1,1,0,1,2019-03-22 12:54:47+01:00
0,1,1,1,0,1,2019-03-22 12:56:03+01:00
0,1,1,1,0,1,2019-03-22 12:59:21+01:00
8,34,16,4,2,10,2019-03-30 10:22:57+01:00
11,39,18,5,4,13,2019-03-30 10:33:42+01:00
0,0,0,0,0,0,2019-03-30 10:34:02+01:00
2,5,1,1,2,1,2019-03-30 10:35:41+01:00
0,0,0,0,0,0,2019-03-30 10:39:10+01:00
0,0,0,0,0,0,2019-03-30 10:52:59+01:00
0,0,0,0,0,0,2019-03-30 10:53:52+01:00
0,0,0,0,0,0,2019-03-30 10:56:43+01:00
0,0,0,0,0,0,2019-03-30 11:01:12+01:00
0,0,0,0,0,0,2019-03-30 11:01:18+01:00
0,0,0,0,0,0,2019-03-30 13:00:06+01:00
0,0,0,0,0,0,2019-03-30 13:31:01+01:00
1,1,0,0,0,0,2019-03-30 13:34:01+01:00
1,1,0,0,0,0,2019-03-30 13:34:56+01:00
1,1,0,0,0,0,2019-03-30 13:36:44+01:00
1,1,0,0,0,0,2019-03-30 13:37:28+01:00
1,1,0,1,0,0,2019-03-30 13:42:35+01:00
1,1,0,1,0,0,2019-03-30 13:43:56+01:00
1,1,0,1,0,0,2019-03-30 13:52:28+01:00
1,1,0,1,1,1,2019-03-30 13:57:28+01:00
1,1,0,1,1,1,2019-03-30 13:58:24+01:00
1,1,0,1,1,1,2019-03-30 14:16:33+01:00
1,1,0,1,1,1,2019-03-30 14:18:54+01:00
1,1,0,1,1,1,2019-03-30 14:20:18+01:00
1,1,0,1,1,1,2019-03-30 17:03:57+01:00
1,1,0,1,1,1,2019-03-30 17:05:50+01:00
1,1,0,1,1,1,2019-03-30 17:06:59+01:00
1,1,0,1,1,1,2019-03-30 17:14:46+01:00
1,1,0,1,1,1,2019-03-30 17:15:45+01:00
1,1,0,1,1,1,2019-03-30 17:19:42+01:00
1,1,0,1,1,1,2019-03-30 17:23:41+01:00
1,1,0,1,1,1,2019-03-30 17:24:28+01:00
1,1,0,1,1,1,2019-03-30 17:25:04+01:00
1,1,0,1,1,1,2019-03-30 17:30:09+01:00
1,1,0,1,1,1,2019-03-30 17:30:34+01:00
1,1,0,1,1,1,2019-03-30 17:32:17+01:00
1,1,0,1,1,1,2019-03-30 17:35:54+01:00
1,1,0,1,1,1,2019-03-30 17:36:46+01:00
1,1,0,1,1,1,2019-03-30 17:41:27+01:00
1,1,0,1,1,1,2019-03-30 17:41:58+01:00
1,1,0,1,1,1,2019-03-30 17:46:07+01:00
0,0,0,0,0,0,2019-03-30 17:46:50+01:00
1,1,0,1,1,1,2019-03-30 17:47:34+01:00
1,1,0,1,1,1,2019-03-30 17:58:26+01:00
1,1,0,1,1,1,2019-03-30 17:59:12+01:00
1,1,0,1,1,1,2019-03-30 18:01:08+01:00
1,1,0,1,1,1,2019-03-30 18:05:35+01:00
1,1,0,1,1,1,2019-03-30 18:07:26+01:00
1,1,0,1,1,1,2019-03-30 18:09:18+01:00
1,1,0,1,1,1,2019-03-30 18:10:15+01:00
1,1,0,1,1,1,2019-03-30 18:12:12+01:00
1,1,0,1,1,1,2019-03-30 18:14:11+01:00
1,1,0,1,1,1,2019-03-30 18:38:18+01:00
0,0,0,0,0,0,2019-03-30 18:39:13+01:00
0,0,0,0,0,0,2019-03-30 18:40:21+01:00
1,1,0,1,1,1,2019-03-30 18:51:51+01:00
1,1,0,1,1,1,2019-03-30 19:40:00+01:00
1,1,1,1,1,1,2019-03-30 19:51:06+01:00
1,1,1,1,1,1,2019-03-30 19:56:46+01:00
1,1,1,1,1,1,2019-03-30 20:14:57+01:00
1,1,1,1,1,1,2019-03-30 20:19:14+01:00
1,1,1,1,1,1,2019-03-30 20:26:13+01:00
1,1,1,1,1,1,2019-03-30 20:29:17+01:00
1,1,1,1,1,1,2019-03-30 20:34:35+01:00
1,1,1,1,1,1,2019-03-30 20:35:39+01:00
1,1,1,1,1,1,2019-03-30 20:37:04+01:00
1,1,1,1,1,1,2019-03-30 20:39:40+01:00
1,1,1,1,1,1,2019-03-30 20:44:02+01:00
1,1,1,1,1,1,2019-03-30 20:44:32+01:00
1,1,1,1,1,1,2019-04-01 10:33:14+02:00
1,1,1,1,1,1,2019-04-01 10:34:27+02:00
1,1,1,1,1,1,2019-04-01 10:38:17+02:00
1,1,1,1,1,1,2019-04-01 10:46:22+02:00
1,1,1,1,1,1,2019-04-01 10:47:47+02:00
1,1,1,1,1,1,2019-04-01 11:40:21+02:00
1,1,1,1,1,1,2019-04-01 11:40:49+02:00
1,1,1,1,1,1,2019-04-01 11:45:55+02:00
1,1,1,1,1,1,2019-04-01 22:36:54+02:00
1,1,1,1,1,1,2019-04-01 22:40:15+02:00
1,1,1,1,1,1,2019-04-01 22:40:58+02:00
1,1,1,1,1,1,2019-04-01 22:46:16+02:00
1,1,1,1,1,1,2019-04-01 22:46:35+02:00
1,1,1,1,1,1,2019-04-01 22:53:40+02:00
1,1,1,1,1,1,2019-04-01 23:01:12+02:00
0,0,0,0,0,0,2019-04-02 11:03:41+02:00
0,0,0,0,0,0,2019-04-02 11:09:04+02:00
0,0,0,0,0,0,2019-04-02 11:09:11+02:00
1,1,1,1,1,1,2019-04-03 22:44:04+02:00
0,1,1,1,1,1,2019-04-05 16:22:40+02:00
0,1,1,1,1,1,2019-04-07 16:15:22+02:00
1,3,3,3,3,3,2019-04-08 20:57:37+02:00
1,4,4,4,4,4,2019-04-10 10:21:20+02:00
0,2,2,1,1,1,2019-04-11 16:22:40+02:00
0,1,1,0,0,0,2019-04-11 16:50:05+02:00
0,0,0,0,0,0,2019-04-12 09:55:07+02:00
0,3,3,3,3,3,2019-04-12 12:10:27+02:00
1,2,2,2,2,2,2019-04-12 18:37:22+02:00
0,0,0,0,0,0,2019-04-12 18:38:30+02:00
1,1,1,1,1,1,2019-04-18 16:39:58+02:00
1,1,1,1,1,1,2019-04-19 09:20:12+02:00
1,1,1,1,1,1,2019-04-24 21:53:17+02:00
1,1,1,1,1,1,2019-04-25 16:46:55+02:00
1,1,1,0,0,0,2019-05-01 17:49:21+02:00
0,1,0,0,0,0,2019-05-01 18:39:16+02:00
2,2,2,0,1,0,2019-05-03 21:57:46+02:00
2,2,2,0,1,0,2019-05-05 11:26:28+02:00
3,3,2,0,1,0,2019-05-05 17:42:40+02:00
2,2,2,0,1,0,2019-05-07 09:55:34+02:00
1,1,1,0,1,0,2019-05-07 10:41:19+02:00
1,1,1,0,1,0,2019-05-07 10:43:23+02:00
2,2,2,0,1,0,2019-05-09 11:25:01+02:00
3,3,3,0,2,0,2019-05-10 11:57:36+02:00
2,4,3,0,1,0,2019-05-11 13:04:12+02:00
0,1,1,0,0,0,2019-05-11 17:05:29+02:00
1,4,3,0,2,0,2019-05-11 22:37:46+02:00
0,2,2,0,1,0,2019-05-11 22:55:39+02:00
2,4,4,0,2,0,2019-05-15 12:24:31+02:00
3,7,7,2,4,2,2019-05-17 10:05:51+02:00
1,3,3,0,2,0,2019-05-17 10:35:19+02:00
1,3,3,0,2,0,2019-05-17 17:07:39+02:00
0,1,1,0,1,0,2019-05-17 20:18:37+02:00
0,1,1,0,0,0,2019-05-18 11:18:44+02:00
1,3,3,0,1,0,2019-05-18 12:04:50+02:00
2,2,2,0,2,0,2019-05-18 12:44:28+02:00
2,2,1,0,1,0,2019-05-18 22:28:07+02:00
2,2,1,0,1,0,2019-05-19 19:17:12+02:00
1,1,1,0,1,0,2019-05-19 19:20:07+02:00
0,0,0,0,0,0,2019-05-19 19:20:26+02:00
1,1,1,0,1,0,2019-05-19 19:52:30+02:00
0,0,0,0,0,0,2019-05-19 19:54:06+02:00
2,5,2,0,1,0,2019-05-20 23:44:36+02:00
4,8,5,0,2,0,2019-05-22 17:31:02+02:00
0,1,1,0,0,0,2019-05-22 22:32:01+02:00
1,1,1,0,1,0,2019-05-23 08:57:03+02:00
1,1,1,0,1,0,2019-05-23 09:09:01+02:00
1,1,1,0,1,0,2019-05-23 09:11:05+02:00
4,4,3,0,2,0,2019-05-25 00:36:22+02:00
3,4,3,0,2,0,2019-05-25 12:49:44+02:00
1,1,1,0,1,0,2019-05-25 12:51:20+02:00
0,0,0,0,0,0,2019-05-25 12:53:41+02:00
1,1,1,0,1,0,2019-05-25 13:06:30+02:00
2,3,2,0,1,0,2019-05-25 16:54:38+02:00
2,3,3,0,1,0,2019-05-25 20:12:30+02:00
3,3,3,0,2,0,2019-05-25 20:14:10+02:00
0,0,0,0,0,0,2019-05-25 20:15:08+02:00
1,1,1,0,0,0,2019-05-26 15:56:16+02:00
2,2,2,0,2,0,2019-05-26 15:58:03+02:00
0,0,0,0,0,0,2019-05-26 15:58:07+02:00
0,0,0,0,0,0,2019-05-26 17:18:40+02:00
2,2,2,0,1,0,2019-05-26 21:08:36+02:00
1,1,1,0,0,0,2019-05-27 16:58:11+02:00
1,1,1,0,0,0,2019-05-27 17:04:17+02:00
1,1,1,0,0,0,2019-05-28 21:02:28+02:00
4,10,8,4,6,4,2019-05-29 08:27:24+02:00
0,0,0,0,0,0,2019-05-29 08:29:56+02:00
1,0,1,0,0,0,2019-05-29 12:27:19+02:00
1,0,1,0,0,0,2019-05-29 15:59:38+02:00
3,3,4,0,1,0,2019-05-29 18:27:57+02:00
0,0,0,0,0,0,2019-05-29 18:43:32+02:00
2,2,2,0,1,0,2019-05-30 11:36:10+02:00
2,1,2,0,0,0,2019-05-31 11:53:31+02:00
3,5,4,0,1,0,2019-06-03 11:00:15+02:00
0,1,1,0,0,0,2019-06-03 19:14:54+02:00
1,2,2,0,1,0,2019-06-03 19:26:52+02:00
2,2,2,0,1,0,2019-06-03 19:29:04+02:00
2,3,3,0,1,0,2019-06-04 08:34:00+02:00
1,2,2,0,0,0,2019-06-04 13:44:19+02:00
0,1,1,0,0,0,2019-06-04 17:44:58+02:00
2,3,3,0,1,0,2019-06-05 16:41:32+02:00
0,1,1,0,0,0,2019-06-05 17:12:25+02:00
1,1,1,0,1,0,2019-06-05 17:13:10+02:00
0,0,0,0,0,0,2019-06-05 17:13:15+02:00
0,1,1,0,0,0,2019-06-05 17:32:36+02:00
2,3,4,0,1,0,2019-06-06 12:08:34+02:00
0,0,0,0,0,0,2019-06-06 12:10:24+02:00
0,1,1,0,0,0,2019-06-06 17:14:48+02:00
2,3,4,0,1,0,2019-06-06 19:41:01+02:00
1,1,1,0,1,0,2019-06-06 20:26:36+02:00
2,3,3,0,1,0,2019-06-07 10:46:48+02:00
2,2,2,0,1,0,2019-06-07 11:30:15+02:00
1,1,1,0,1,0,2019-06-07 11:37:02+02:00
1,2,2,0,1,0,2019-06-11 17:23:14+02:00
1,1,1,0,1,0,2019-06-11 19:42:19+02:00
1,1,1,0,1,0,2019-06-13 09:33:57+02:00
1,1,1,0,1,0,2019-06-13 12:38:42+02:00
1,2,2,0,1,0,2019-06-13 17:12:22+02:00
1,1,1,0,1,0,2019-06-13 18:12:15+02:00
1,1,1,0,1,0,2019-06-13 20:17:10+02:00
1,1,1,0,1,0,2019-06-13 21:58:21+02:00
3,4,3,0,1,0,2019-06-13 22:07:32+02:00
1,2,2,0,1,0,2019-06-14 10:34:04+02:00
0,0,0,0,0,0,2019-06-14 10:49:39+02:00
1,1,1,0,1,0,2019-06-14 14:45:30+02:00
1,1,1,0,0,0,2019-06-14 14:52:46+02:00
1,1,1,0,1,0,2019-06-15 09:33:41+02:00
2,2,1,0,1,0,2019-06-15 09:48:31+02:00
1,1,1,0,1,0,2019-06-17 18:38:57+02:00
1,2,2,0,1,0,2019-06-18 07:23:21+02:00
1,2,2,0,1,0,2019-06-18 16:45:44+02:00
1,2,2,0,2,0,2019-06-19 18:28:19+02:00
1,2,2,0,2,0,2019-06-19 19:55:05+02:00
1,1,1,0,1,0,2019-06-19 20:06:32+02:00
1,1,1,0,1,0,2019-06-21 13:23:03+02:00
2,2,2,0,1,0,2019-06-21 13:26:10+02:00
1,1,1,0,1,0,2019-06-21 15:52:39+02:00
1,1,1,0,1,0,2019-06-21 23:04:38+02:00
0,0,0,0,0,0,2019-06-28 14:03:50+02:00
2,3,3,1,2,0,2019-07-05 16:33:22+02:00
1,1,1,0,1,0,2019-07-06 10:31:10+02:00
0,0,0,0,0,0,2019-07-06 10:31:14+02:00
1,1,1,1,0,0,2019-07-09 11:32:07+02:00
1,1,1,1,0,0,2019-07-13 15:43:01+02:00
1,1,1,1,0,0,2019-07-14 15:16:33+02:00
1,1,1,1,0,0,2019-07-15 20:37:09+02:00
1,1,1,1,0,0,2019-07-16 09:32:57+02:00
0,1,1,0,1,0,2019-07-19 12:42:50+02:00
1,1,1,1,0,0,2019-07-22 22:22:32+02:00
1,1,1,1,0,0,2019-07-24 08:51:45+02:00
1,1,1,0,1,0,2019-07-24 22:09:47+02:00
2,3,4,0,2,0,2019-07-29 21:55:10+02:00
1,1,1,0,1,0,2019-07-31 11:17:09+02:00
1,2,3,0,2,0,2019-08-01 11:03:05+02:00
0,0,1,0,0,0,2019-08-01 14:42:09+02:00
1,1,1,0,0,0,2019-08-01 15:29:22+02:00
1,1,1,0,1,0,2019-08-02 15:09:21+02:00
1,1,1,0,0,0,2019-08-02 18:52:50+02:00
1,1,2,1,0,0,2019-08-07 10:31:51+02:00
0,0,0,0,0,0,2019-08-07 10:31:59+02:00
0,0,0,0,0,0,2019-08-07 10:43:21+02:00
1,1,1,0,1,0,2019-08-15 11:02:34+02:00
1,1,2,0,0,0,2019-08-16 09:29:52+02:00
2,4,4,0,2,0,2019-08-19 09:01:22+02:00
1,2,2,0,1,0,2019-08-19 09:54:09+02:00
0,1,1,0,0,0,2019-08-19 10:04:24+02:00
1,3,3,0,1,0,2019-08-19 16:06:38+02:00
0,1,1,0,0,0,2019-08-19 18:25:22+02:00
2,3,3,0,1,0,2019-08-20 15:52:40+02:00
1,1,1,0,1,0,2019-08-20 16:06:06+02:00
1,1,1,0,1,0,2019-08-20 16:07:04+02:00
2,2,2,0,1,0,2019-08-20 17:12:02+02:00
1,1,1,0,0,0,2019-08-20 17:23:26+02:00
1,2,2,0,0,0,2019-08-21 13:38:41+02:00
1,1,1,1,0,0,2019-08-26 12:13:58+02:00
0,0,0,0,0,0,2019-08-26 12:14:14+02:00
1,1,1,0,1,0,2019-08-26 18:41:51+02:00
1,1,1,0,1,0,2019-08-28 10:12:30+02:00
1,1,1,0,1,0,2019-08-28 10:26:42+02:00
1,1,1,1,0,0,2019-08-29 10:34:41+02:00
1,1,1,1,0,0,2019-08-29 12:23:40+02:00
1,1,1,1,0,0,2019-08-31 17:19:02+02:00
1,1,1,0,1,0,2019-09-02 13:02:38+02:00
0,1,1,0,1,0,2019-09-04 18:30:57+02:00
0,1,1,0,1,0,2019-09-04 18:37:43+02:00
1,1,1,0,1,0,2019-09-04 18:47:56+02:00
1,2,2,1,1,0,2019-09-04 22:22:47+02:00
3,3,3,1,1,0,2019-09-05 14:52:13+02:00
1,1,1,1,0,0,2019-09-05 14:52:23+02:00
0,0,0,0,0,0,2019-09-05 14:52:28+02:00
1,1,1,1,0,0,2019-09-05 15:48:39+02:00
0,0,0,0,0,0,2019-09-05 15:49:09+02:00
1,1,1,1,0,0,2019-09-05 17:19:34+02:00
1,1,1,1,0,0,2019-09-06 10:22:39+02:00
1,1,1,1,0,0,2019-09-06 10:32:26+02:00
1,2,2,0,1,0,2019-09-08 12:18:04+02:00
1,1,1,0,1,0,2019-09-08 12:18:42+02:00
0,0,0,0,0,0,2019-09-08 12:20:20+02:00
