Acquisition,Preparation,Modeling,Training,Evaluation,Prediction,time
2,3,2,1,0,1,2015-08-06 08:45:01-04:00
1,1,1,1,0,0,2015-08-06 16:01:47-04:00
0,0,0,0,0,0,2015-08-11 10:45:33-04:00
0,0,0,0,0,0,2015-08-11 10:48:00-04:00
0,0,0,0,0,0,2015-08-11 10:54:15-04:00
1,0,0,0,0,0,2015-08-12 20:08:48-04:00
0,0,0,0,0,0,2015-08-12 20:10:08-04:00
2,1,1,1,0,0,2015-08-20 14:28:29-04:00
1,0,0,0,0,0,2015-08-30 11:34:23-04:00
2,2,2,1,0,0,2015-08-31 09:06:23-04:00
2,1,1,1,0,0,2015-09-09 10:44:15-04:00
0,1,0,0,0,1,2015-11-02 10:06:50-05:00
1,1,1,1,0,0,2015-11-12 13:28:18-08:00
1,0,0,0,0,0,2015-11-12 13:29:07-08:00
1,0,0,0,0,0,2015-11-12 13:31:38-08:00
1,1,1,1,0,0,2015-11-24 21:50:55-05:00
0,0,0,0,0,0,2016-01-16 16:22:29-08:00
2,2,2,1,0,0,2016-01-19 15:12:45-08:00
1,2,1,1,0,0,2016-02-02 11:26:10-05:00
0,0,0,0,0,0,2016-02-02 11:27:39-05:00
1,1,1,1,0,0,2016-02-11 20:03:46-05:00
2,1,1,1,0,0,2016-03-15 13:11:38-04:00
1,1,1,1,0,0,2016-04-07 14:10:36-04:00
0,1,0,0,0,1,2016-04-07 14:17:31-04:00
1,1,1,1,0,0,2016-08-23 10:33:51-04:00
0,0,0,0,0,0,2016-09-16 15:22:01-04:00
2,2,1,1,0,0,2016-09-16 15:22:01-04:00
0,0,0,0,0,0,2016-09-16 15:26:59-04:00
0,0,0,0,0,0,2016-09-16 15:26:59-04:00
0,0,0,0,0,0,2016-09-17 01:32:46-04:00
0,1,0,0,0,0,2016-09-19 17:57:23-04:00
1,0,0,0,0,0,2016-09-19 17:59:46-04:00
2,3,1,1,0,0,2016-10-13 13:38:52-04:00
0,1,0,0,0,0,2016-10-13 13:47:44-04:00
0,1,0,0,0,0,2016-10-13 14:08:20-04:00
2,4,1,1,0,1,2020-02-27 12:56:24-05:00
0,1,0,0,0,0,2020-02-27 13:17:24-05:00
0,1,0,0,0,0,2020-02-27 23:58:21-05:00
0,1,0,0,0,0,2020-02-28 14:35:40-05:00
0,1,0,0,0,0,2020-02-28 15:36:44-05:00
0,0,0,0,0,0,2020-02-28 16:30:15-05:00
1,0,0,0,0,0,2020-03-06 14:15:13-05:00
0,1,0,0,0,0,2020-04-28 23:35:12-04:00
0,1,0,0,0,0,2020-05-01 11:50:16-04:00
0,1,0,0,0,0,2020-05-03 18:50:25-04:00
0,0,0,0,0,0,2020-05-03 18:50:33-04:00
0,0,0,0,0,0,2020-05-03 18:57:43-04:00
1,2,1,1,0,0,2019-10-23 17:45:14+08:00
0,1,0,0,0,0,2020-05-15 07:04:34-04:00
1,2,1,1,0,0,2020-05-16 23:36:10-04:00
0,1,0,0,0,0,2020-05-17 01:02:13-04:00
0,1,0,0,0,0,2020-05-18 17:30:09-04:00
1,1,1,1,0,0,2020-05-22 16:23:12-04:00
2,2,1,1,0,0,2020-06-07 22:59:54-04:00
