Acquisition,Preparation,Modeling,Training,Evaluation,Prediction,time
0,0,0,0,0,0,2018-08-20 12:03:40+03:00
0,1,0,0,0,0,2018-08-20 12:33:36+03:00
0,0,0,0,0,0,2018-08-20 12:36:01+03:00
0,0,0,0,0,0,2018-08-20 12:39:14+03:00
0,0,0,0,0,0,2018-08-20 12:42:57+03:00
0,1,0,0,0,0,2018-08-20 12:46:11+03:00
0,1,0,0,0,0,2018-08-20 13:34:40+03:00
0,1,0,0,0,0,2018-08-20 13:46:34+03:00
0,1,0,0,0,0,2018-08-20 13:50:16+03:00
2,2,2,0,0,0,2018-08-20 14:33:30+03:00
0,0,0,0,0,0,2018-08-20 14:35:54+03:00
0,0,0,0,0,0,2018-08-20 14:49:53+03:00
2,2,2,0,0,0,2018-08-20 14:56:23+03:00
1,1,1,0,0,0,2018-08-20 15:00:38+03:00
0,0,0,0,0,0,2018-08-20 15:07:13+03:00
1,1,1,0,0,0,2018-08-20 15:31:42+03:00
1,1,1,0,0,0,2018-08-20 15:33:50+03:00
1,1,1,0,0,0,2018-08-21 14:43:13+03:00
0,0,0,0,0,0,2018-08-21 14:45:29+03:00
1,1,1,0,0,0,2018-08-21 14:50:31+03:00
2,2,2,0,0,0,2018-08-21 16:52:29+03:00
0,0,0,0,0,0,2018-08-21 16:55:29+03:00
0,1,1,0,0,0,2018-08-21 16:57:17+03:00
0,1,1,0,0,0,2018-08-21 17:00:17+03:00
0,0,0,0,0,0,2018-08-21 17:02:22+03:00
0,1,1,0,0,0,2018-08-21 17:22:07+03:00
0,1,1,0,0,0,2018-08-21 17:27:57+03:00
0,1,1,0,0,0,2018-08-21 17:33:42+03:00
0,1,1,0,0,0,2018-08-21 17:35:18+03:00
0,1,1,0,0,0,2018-08-21 20:36:27+03:00
0,1,1,0,0,0,2018-08-21 20:52:55+03:00
0,1,1,0,0,0,2018-08-21 20:56:25+03:00
0,1,1,0,0,0,2018-08-21 21:00:42+03:00
0,1,1,0,0,0,2018-08-21 21:07:24+03:00
0,1,1,0,0,0,2018-08-21 21:09:42+03:00
0,1,1,0,0,0,2018-08-21 21:11:39+03:00
0,1,1,0,0,0,2018-08-21 21:13:19+03:00
0,1,1,0,0,0,2018-08-21 21:14:46+03:00
0,1,1,0,0,0,2018-08-21 21:18:28+03:00
0,1,1,0,0,0,2018-08-21 21:19:58+03:00
0,1,1,0,0,0,2018-08-21 21:21:27+03:00
0,1,1,0,0,0,2018-08-21 21:24:30+03:00
0,1,1,0,0,0,2018-08-21 21:26:49+03:00
0,1,1,0,0,0,2018-08-21 21:28:31+03:00
0,1,1,0,0,0,2018-08-21 21:30:56+03:00
0,1,1,0,0,0,2018-08-21 21:33:53+03:00
0,1,1,0,0,0,2018-08-21 21:37:59+03:00
0,1,1,0,0,0,2018-08-21 21:39:59+03:00
0,1,1,0,0,0,2018-08-21 21:47:43+03:00
0,1,1,0,0,0,2018-08-21 21:49:31+03:00
0,1,1,0,0,0,2018-08-21 21:51:15+03:00
0,1,1,0,0,0,2018-08-21 21:53:57+03:00
0,1,1,0,0,0,2018-08-21 21:57:25+03:00
0,1,1,0,0,0,2018-08-21 22:01:41+03:00
0,1,1,0,0,0,2018-08-21 22:07:05+03:00
0,1,1,0,0,0,2018-08-21 22:44:56+03:00
0,1,1,0,0,0,2018-08-21 22:51:36+03:00
0,1,1,0,0,0,2018-08-21 22:53:57+03:00
0,1,1,0,0,0,2018-08-21 22:56:02+03:00
0,1,1,0,0,0,2018-08-21 22:56:24+03:00
0,1,1,0,0,0,2018-08-21 23:01:31+03:00
0,1,1,0,0,0,2018-08-21 23:04:03+03:00
0,1,1,0,0,0,2018-08-21 23:05:24+03:00
0,1,1,0,0,0,2018-08-21 23:08:06+03:00
0,1,1,0,0,0,2018-08-21 23:14:41+03:00
0,1,1,0,0,0,2018-08-21 23:22:41+03:00
0,1,1,0,0,0,2018-08-21 23:26:39+03:00
0,1,1,0,0,0,2018-08-21 23:28:50+03:00
0,1,1,0,0,0,2018-08-21 23:30:22+03:00
0,1,1,0,0,0,2018-08-21 23:32:41+03:00
0,1,1,0,0,0,2018-08-21 23:35:44+03:00
0,1,1,0,0,0,2018-08-21 23:38:24+03:00
0,1,1,0,0,0,2018-08-21 23:40:18+03:00
0,1,1,0,0,0,2018-08-21 23:44:35+03:00
0,1,1,0,0,0,2018-08-21 23:48:38+03:00
0,1,1,0,0,0,2018-08-21 23:54:07+03:00
