Acquisition,Preparation,Modeling,Training,Evaluation,Prediction,time
0,0,0,0,0,0,2020-06-25 16:03:58+01:00
0,0,0,0,0,0,2020-06-25 16:04:18+01:00
0,0,0,0,0,0,2020-06-25 16:13:02+01:00
1,0,1,1,1,1,2020-06-28 18:22:48+01:00
1,1,0,1,0,1,2020-06-29 15:41:58+01:00
1,1,0,1,0,1,2020-06-30 13:26:09+01:00
1,1,1,1,0,0,2020-07-02 12:05:49+01:00
1,1,1,1,1,1,2020-07-03 14:57:30+01:00
1,1,0,1,1,1,2020-07-05 01:13:18+01:00
1,3,1,1,1,0,2020-07-05 13:08:08+01:00
1,0,1,1,0,0,2020-07-05 13:23:03+01:00
1,1,1,1,0,0,2020-07-05 15:02:04+01:00
1,1,1,1,0,0,2020-07-05 15:02:26+01:00
1,1,1,1,0,1,2020-07-05 15:13:33+01:00
3,3,3,3,0,3,2020-07-06 16:37:55+01:00
1,1,1,1,0,1,2020-07-06 16:44:02+01:00
0,0,0,0,0,0,2020-07-07 16:09:29+01:00
0,0,0,0,0,0,2020-07-07 16:10:23+01:00
0,0,0,0,0,0,2020-07-07 16:10:57+01:00
0,0,0,0,0,0,2020-07-07 16:11:45+01:00
0,0,0,0,0,0,2020-07-07 16:12:04+01:00
0,0,0,0,0,0,2020-07-07 16:13:07+01:00
0,0,0,0,0,0,2020-07-07 16:14:32+01:00
1,1,1,1,1,0,2020-07-07 16:33:42+01:00
1,1,1,1,1,1,2020-07-07 17:23:39+01:00
1,1,1,1,1,1,2020-07-08 16:47:50+01:00
1,1,1,1,0,0,2020-07-09 11:08:21+01:00
1,1,0,0,0,0,2020-07-09 11:11:55+01:00
1,1,1,1,1,1,2020-07-09 15:44:58+01:00
1,1,1,1,1,0,2020-07-09 16:51:08+01:00
3,3,3,3,0,3,2020-07-12 13:36:52+01:00
0,1,0,1,0,1,2020-07-12 15:45:56+01:00
1,2,2,2,0,2,2020-07-12 15:49:53+01:00
0,1,1,1,0,1,2020-07-12 15:57:44+01:00
1,2,2,2,0,2,2020-07-12 16:20:01+01:00
1,1,1,2,1,1,2020-07-12 18:15:46+01:00
2,2,1,2,1,2,2020-07-12 18:20:15+01:00
2,3,1,3,1,3,2020-07-12 23:24:29+01:00
0,0,0,0,0,0,2020-07-12 23:27:25+01:00
0,0,0,0,0,0,2020-07-12 23:41:27+01:00
0,0,0,0,0,0,2020-07-12 23:45:29+01:00
1,1,1,1,0,1,2020-07-13 13:40:13+01:00
1,1,1,1,0,1,2020-07-13 13:47:09+01:00
0,1,0,0,0,0,2020-07-13 15:00:47+01:00
1,2,1,2,0,2,2020-07-13 16:06:02+01:00
0,1,0,1,0,1,2020-07-13 16:07:55+01:00
1,1,1,1,0,1,2020-07-13 16:08:25+01:00
0,0,0,0,0,0,2020-07-13 16:19:29+01:00
1,2,1,2,0,2,2020-07-14 12:23:44+01:00
3,4,1,2,1,1,2020-07-14 12:42:45+01:00
0,0,0,0,0,0,2020-07-14 12:50:01+01:00
2,0,2,2,1,1,2020-07-14 12:55:48+01:00
1,0,1,1,0,1,2020-07-14 12:57:26+01:00
1,1,1,1,1,1,2020-07-14 13:05:10+01:00
1,2,1,1,0,1,2020-07-14 13:55:36+01:00
0,0,0,0,0,0,2020-07-14 14:07:46+01:00
0,0,0,0,0,0,2020-07-14 14:58:04+01:00
0,0,0,0,0,0,2020-07-14 14:58:32+01:00
0,0,0,0,0,0,2020-07-14 15:11:47+01:00
0,0,0,0,0,0,2020-07-14 15:53:48+01:00
0,0,0,0,0,0,2020-07-14 15:54:34+01:00
0,0,0,0,0,0,2020-07-14 15:58:26+01:00
1,0,1,1,0,1,2020-07-14 16:22:03+01:00
1,1,0,1,0,1,2020-07-14 16:31:12+01:00
2,2,1,2,1,2,2020-07-14 16:50:33+01:00
0,0,0,0,0,0,2020-07-14 16:53:12+01:00
0,0,0,0,0,0,2020-07-14 16:57:10+01:00
0,0,0,0,0,0,2020-07-14 16:59:54+01:00
0,0,0,0,0,0,2020-07-14 17:24:46+01:00
0,0,0,0,0,0,2020-07-14 16:30:53+01:00
0,0,0,0,0,0,2020-07-14 16:32:03+01:00
0,0,0,0,0,0,2020-07-14 16:36:09+01:00
0,0,0,0,0,0,2020-07-14 18:18:26+01:00
1,1,1,1,0,1,2020-07-14 18:29:21+01:00
0,1,0,1,0,1,2020-07-15 12:15:26+01:00
0,0,0,0,0,0,2020-07-15 14:21:12+01:00
0,0,0,0,0,0,2020-07-15 14:21:31+01:00
0,0,0,0,0,0,2020-07-15 14:23:01+01:00
0,0,0,0,0,0,2020-07-15 14:23:47+01:00
0,0,0,0,0,0,2020-07-15 14:25:11+01:00
1,1,0,1,0,1,2020-07-15 17:04:36+01:00
0,0,0,0,0,0,2020-07-15 17:04:45+01:00
0,0,0,0,0,0,2020-07-15 22:40:47+01:00
0,0,0,0,0,0,2020-07-15 22:41:57+01:00
0,0,0,0,0,0,2020-07-15 21:44:09+01:00
0,0,0,0,0,0,2020-07-16 17:27:20+01:00
0,0,0,0,0,0,2020-07-17 16:46:48+01:00
0,0,0,0,0,0,2020-07-17 16:50:16+01:00
1,1,0,0,0,0,2020-07-22 12:42:15+01:00
0,1,0,0,0,0,2020-08-02 17:36:04+01:00
0,0,0,0,0,0,2020-08-12 09:45:29+02:00
4,5,0,3,0,3,2020-08-12 15:47:22+01:00
0,0,0,0,0,0,2020-08-12 15:52:56+01:00
0,0,0,0,0,0,2020-08-12 15:56:21+01:00
0,0,0,0,0,0,2020-08-12 16:37:11+01:00
3,4,1,2,1,2,2020-08-12 16:55:59+01:00
0,0,0,0,0,0,2020-08-12 16:57:41+01:00
0,0,0,0,0,0,2020-08-12 17:01:04+01:00
3,3,2,2,0,2,2020-08-12 23:56:51+01:00
0,0,0,0,0,0,2020-08-12 23:57:46+01:00
0,0,0,0,0,0,2020-08-12 23:59:04+01:00
0,0,0,0,0,0,2020-08-12 23:59:54+01:00
0,0,0,0,0,0,2020-08-13 00:00:34+01:00
2,2,2,2,0,2,2020-08-13 00:02:57+01:00
1,1,0,0,0,0,2020-08-13 10:25:04+01:00
0,0,0,0,0,0,2020-08-13 11:29:06+01:00
4,4,1,1,1,0,2020-08-13 11:36:51+01:00
0,0,0,0,0,0,2020-08-13 11:36:57+01:00
0,0,0,0,0,0,2020-08-13 11:42:13+01:00
0,0,0,0,0,0,2020-08-13 11:43:08+01:00
0,0,0,0,0,0,2020-08-13 11:44:51+01:00
0,0,0,0,0,0,2020-08-13 11:45:10+01:00
0,0,0,0,0,0,2020-08-14 16:00:50+01:00
0,0,0,0,0,0,2020-08-14 16:06:02+01:00
0,0,0,0,0,0,2020-08-14 16:08:26+01:00
0,0,0,0,0,0,2020-08-14 16:11:41+01:00
0,0,0,0,0,0,2020-08-14 16:14:26+01:00
0,0,0,0,0,0,2020-08-14 16:19:55+01:00
0,0,0,0,0,0,2020-08-14 16:22:14+01:00
0,0,0,0,0,0,2020-08-14 16:50:32+01:00
0,0,0,0,0,0,2021-03-03 22:20:29+00:00
