Acquisition,Preparation,Modeling,Training,Evaluation,Prediction,time
0,0,0,0,0,0,2019-02-28 23:13:51+08:00
3,9,5,1,2,0,2019-02-28 23:14:09+08:00
0,0,0,0,0,0,2019-02-28 23:40:55+08:00
0,1,1,1,1,0,2019-02-28 23:45:46+08:00
0,0,0,0,0,0,2019-03-01 00:19:10+08:00
0,0,0,0,0,0,2019-03-01 00:19:59+08:00
0,0,0,0,0,0,2019-03-01 00:20:23+08:00
0,0,0,0,0,0,2019-03-01 00:24:37+08:00
0,3,4,1,2,0,2019-03-01 14:02:49+08:00
0,3,2,1,2,0,2019-03-01 16:38:08+08:00
0,5,4,1,2,0,2019-03-04 12:46:33+08:00
1,3,4,1,1,0,2019-03-05 16:51:36+08:00
1,2,1,1,1,0,2019-03-05 20:49:57+08:00
1,4,4,1,2,0,2019-03-06 15:56:36+08:00
1,2,5,1,2,0,2019-03-07 15:48:36+08:00
1,2,5,1,3,0,2019-03-10 23:50:41+08:00
2,6,4,1,4,0,2019-03-11 16:17:05+08:00
0,0,0,0,0,0,2019-03-11 16:19:17+08:00
0,0,0,0,0,0,2019-03-11 16:20:06+08:00
0,0,0,0,0,0,2019-03-11 16:22:27+08:00
0,1,1,1,1,0,2019-03-11 16:23:22+08:00
0,0,0,0,0,0,2019-03-11 16:24:36+08:00
0,0,0,0,0,0,2019-03-11 16:28:05+08:00
0,0,0,0,0,0,2019-03-11 16:31:03+08:00
0,1,1,1,1,0,2019-03-12 13:34:49+08:00
0,0,0,0,0,0,2019-03-12 13:51:51+08:00
1,3,2,1,3,0,2019-03-13 02:17:45+08:00
1,2,1,1,1,0,2019-07-08 19:58:11+08:00
0,1,1,1,1,0,2019-08-24 19:43:15+08:00
0,0,1,0,0,0,2019-08-24 19:43:44+08:00
0,0,0,0,0,0,2019-08-24 19:44:35+08:00
0,0,1,0,0,0,2019-08-25 18:01:26+08:00
0,0,0,0,0,0,2019-08-25 21:14:31+08:00
2,10,4,1,3,0,2019-12-02 16:43:36+00:00
1,2,2,1,2,0,2019-12-02 16:46:17+00:00
0,1,4,0,1,0,2019-12-02 16:47:25+00:00
0,0,0,0,0,0,2019-12-02 17:00:08+00:00
0,1,1,1,1,0,2019-12-02 17:37:28+00:00
0,1,1,1,1,0,2019-12-02 17:37:46+00:00
0,1,1,1,1,0,2019-12-02 17:38:44+00:00
0,0,0,0,0,0,2019-12-02 17:42:26+00:00
0,1,1,1,1,0,2019-12-02 20:11:45+00:00
0,0,0,0,0,0,2019-12-02 20:15:44+00:00
0,0,0,0,0,0,2019-12-02 21:51:49+00:00
0,0,0,0,0,0,2019-12-02 21:53:02+00:00
0,0,0,0,0,0,2019-12-02 21:54:18+00:00
0,0,0,0,0,0,2019-12-02 21:54:51+00:00
0,0,0,0,0,0,2019-12-02 21:56:01+00:00
0,0,0,0,0,0,2019-12-02 21:56:52+00:00
0,0,0,0,0,0,2019-12-03 00:00:19+00:00
0,1,1,1,1,0,2019-12-03 14:42:04+00:00
0,1,1,1,1,0,2019-12-03 15:15:47+00:00
0,0,0,0,0,0,2019-12-03 15:22:05+00:00
0,1,1,1,1,0,2019-12-03 15:24:24+00:00
0,3,2,1,2,0,2019-12-04 11:43:13+00:00
0,0,0,0,0,0,2019-12-04 11:52:11+00:00
0,2,1,1,1,0,2019-12-04 20:00:36+00:00
0,1,1,1,1,0,2019-12-06 20:50:43+00:00
0,0,0,0,0,0,2019-12-06 20:51:18+00:00
0,1,1,1,1,0,2019-12-06 20:52:25+00:00
0,0,0,0,0,0,2019-12-06 20:55:31+00:00
0,0,0,0,0,0,2019-12-07 00:19:43+00:00
0,0,0,0,0,0,2019-12-07 11:23:05+08:00
0,1,1,1,1,0,2019-12-09 09:59:30+00:00
0,0,0,0,0,0,2019-12-09 10:00:26+00:00
0,1,1,1,1,0,2019-12-10 18:42:35+00:00
0,0,0,0,0,0,2019-12-11 12:49:52+00:00
1,2,1,1,1,0,2019-12-12 17:31:04+00:00
0,0,0,0,0,0,2019-12-12 17:34:14+00:00
0,0,0,0,0,0,2019-12-12 17:35:35+08:00
0,0,0,0,0,0,2019-12-12 17:36:21+08:00
0,0,0,0,0,0,2019-12-12 23:23:36+08:00
0,0,0,0,0,0,2019-12-12 23:28:57+00:00
1,3,1,1,1,0,2019-12-13 18:57:52+00:00
0,1,1,1,1,0,2019-12-13 18:59:54+00:00
0,0,0,0,0,0,2019-12-15 17:10:13+08:00
1,2,1,1,1,0,2019-12-15 12:19:07+00:00
0,1,1,1,1,0,2019-12-18 20:47:11+00:00
0,0,0,0,0,0,2019-12-18 20:47:29+00:00
0,1,0,0,0,0,2020-01-17 18:06:49+00:00
0,1,1,1,1,0,2020-01-17 18:07:45+00:00
0,0,0,0,0,0,2020-01-17 18:08:06+00:00
0,0,0,0,0,0,2020-01-17 18:09:08+00:00
0,0,0,0,0,0,2020-01-17 18:28:14+08:00
0,1,1,1,1,0,2020-01-19 02:10:57+00:00
0,0,0,0,0,0,2020-02-08 20:55:03+08:00
0,0,0,0,0,0,2020-02-08 20:55:32+08:00
0,0,0,0,0,0,2020-02-09 21:27:31+08:00
0,0,0,0,0,0,2020-02-26 17:37:39+08:00
0,1,1,1,1,0,2020-03-18 15:43:13+08:00
0,1,1,1,1,0,2020-03-29 17:01:38+08:00
0,0,0,0,0,0,2020-04-21 02:52:34+08:00
0,0,0,0,0,0,2020-08-31 14:17:45+08:00
0,0,0,0,0,0,2020-09-04 15:26:23+08:00
0,0,0,0,0,0,2020-09-04 15:26:51+08:00
0,0,0,0,0,0,2020-09-21 21:01:14+08:00
0,0,0,0,0,0,2020-09-21 21:03:45+08:00
0,0,0,0,0,0,2020-09-24 11:17:57+08:00
0,0,0,0,0,0,2020-09-26 16:00:36+08:00
0,0,0,0,0,0,2020-09-26 17:29:20+08:00
0,0,0,0,0,0,2020-09-26 17:31:25+08:00
0,0,0,0,0,0,2021-01-25 16:40:21+08:00
0,1,1,1,1,0,2021-03-05 14:19:10+01:00
0,1,1,1,1,0,2021-03-05 20:41:02+01:00
0,1,1,1,1,0,2021-03-05 20:51:02+01:00
0,1,1,1,1,0,2021-03-08 15:55:55+01:00
0,1,1,1,1,0,2021-03-08 15:59:31+01:00
0,1,1,1,1,0,2021-03-18 19:15:49+01:00
0,1,1,1,1,0,2021-03-18 19:18:46+01:00
0,1,1,1,1,0,2021-03-18 19:20:27+01:00
0,1,1,0,0,0,2021-03-20 16:00:41+01:00
0,1,1,0,0,0,2021-03-20 18:15:26+01:00
0,1,1,0,0,0,2021-03-20 18:46:11+01:00
0,1,1,1,1,0,2021-03-20 23:39:55+01:00
0,1,1,1,1,0,2021-03-24 07:20:55+01:00
0,2,1,1,2,0,2021-03-24 10:16:45+01:00
0,1,1,1,1,0,2021-03-24 10:20:12+01:00
0,1,0,0,1,0,2021-03-24 10:29:09+01:00
0,1,1,1,1,0,2021-03-31 09:08:26+02:00
0,1,1,1,1,0,2021-03-31 09:13:29+02:00
0,1,1,1,1,0,2021-03-31 09:53:03+02:00
0,1,1,1,1,0,2021-03-31 10:02:00+02:00
0,1,1,1,1,0,2021-03-31 10:11:32+02:00
1,2,1,1,1,0,2021-04-02 10:06:53+02:00
1,1,0,0,0,0,2021-04-02 10:10:14+02:00
0,1,1,1,1,0,2021-04-02 10:11:52+02:00
1,1,0,0,0,0,2021-04-02 10:14:35+02:00
1,2,1,1,1,0,2021-04-02 10:32:35+02:00
1,2,1,1,1,0,2021-04-02 10:34:33+02:00
1,1,0,0,0,0,2021-04-02 16:01:00+02:00
0,1,1,1,1,0,2021-04-02 16:04:44+02:00
0,1,1,1,1,0,2021-04-02 16:06:03+02:00
1,1,0,0,0,0,2021-04-02 16:08:43+02:00
1,1,0,0,0,0,2021-04-06 07:57:35+02:00
1,3,2,2,2,0,2021-04-13 07:47:27+02:00
0,1,1,1,1,0,2021-04-13 07:52:13+02:00
0,1,1,1,1,0,2021-04-13 07:53:34+02:00
0,1,1,1,1,0,2021-04-13 07:56:47+02:00
1,2,1,1,1,0,2021-04-13 08:04:25+02:00
0,1,1,1,1,0,2021-04-13 08:25:28+02:00
0,1,1,1,1,0,2021-04-15 10:02:02+02:00
0,1,1,1,1,0,2021-04-15 10:40:31+02:00
0,1,1,1,1,0,2021-04-15 23:58:58+02:00
0,1,1,1,1,0,2021-04-16 00:10:56+02:00
0,1,1,1,1,0,2021-04-16 00:12:20+02:00
0,1,1,1,1,0,2021-04-19 08:08:04+02:00
0,1,1,0,1,0,2021-04-19 08:18:03+02:00
0,1,1,0,1,0,2021-04-19 08:24:12+02:00
0,0,0,0,0,0,2021-04-19 09:47:05+02:00
0,1,1,1,1,0,2021-04-19 10:54:59+02:00
0,2,2,1,2,0,2021-04-19 11:01:52+02:00
1,2,1,1,1,0,2021-06-12 14:25:21+02:00
0,4,6,2,2,0,2021-06-12 13:49:34+02:00
0,0,2,0,0,0,2021-06-12 13:54:09+02:00
0,2,2,2,2,0,2021-06-12 14:00:27+02:00
0,2,2,2,2,0,2021-06-12 14:53:03+02:00
0,2,2,2,2,0,2021-06-12 15:40:22+02:00
0,1,1,1,1,0,2021-06-12 15:41:21+02:00
0,2,2,2,2,0,2021-06-12 15:42:22+02:00
1,2,1,1,1,0,2022-06-07 11:42:54+02:00
