Acquisition,Preparation,Modeling,Training,Evaluation,Prediction,time
0,0,0,0,0,0,2020-12-30 20:03:10+03:00
0,0,0,0,0,0,2020-12-30 20:04:20+03:00
0,0,0,0,0,0,2020-12-30 20:07:44+03:00
0,0,0,0,0,0,2020-12-30 20:09:23+03:00
0,0,0,0,0,0,2020-12-30 20:10:03+03:00
0,0,0,0,0,0,2020-12-30 20:10:25+03:00
0,0,0,0,0,0,2020-12-30 20:11:28+03:00
0,0,0,0,0,0,2020-12-30 20:12:27+03:00
0,0,0,0,0,0,2020-12-30 20:13:33+03:00
0,0,0,0,0,0,2020-12-30 20:15:05+03:00
0,0,0,0,0,0,2020-12-30 20:15:26+03:00
0,0,0,0,0,0,2020-12-30 20:16:23+03:00
0,0,0,0,0,0,2020-12-30 20:16:50+03:00
0,0,0,0,0,0,2020-12-30 20:17:05+03:00
2,2,0,0,0,0,2020-12-30 20:51:30+03:00
0,0,0,0,0,0,2020-12-30 20:53:24+03:00
0,0,0,0,0,0,2020-12-30 20:54:44+03:00
0,0,0,0,0,0,2020-12-30 21:14:08+03:00
0,0,0,0,0,0,2020-12-30 21:47:11+03:00
0,0,0,0,0,0,2020-12-30 21:47:38+03:00
0,0,0,0,0,0,2020-12-30 21:48:08+03:00
0,0,0,0,0,0,2020-12-30 21:48:34+03:00
0,0,0,0,0,0,2020-12-30 21:48:56+03:00
0,0,0,0,0,0,2020-12-30 21:49:14+03:00
4,12,1,2,0,0,2020-12-30 21:55:12+03:00
1,1,1,0,1,0,2020-12-30 21:59:48+03:00
0,0,0,0,0,0,2020-12-30 22:00:37+03:00
0,0,0,0,0,0,2020-12-30 22:12:09+03:00
0,0,0,0,0,0,2020-12-30 22:17:31+03:00
0,0,0,0,0,0,2020-12-30 22:21:10+03:00
8,10,2,2,0,0,2020-12-30 22:24:11+03:00
0,0,0,0,0,0,2020-12-30 22:26:47+03:00
0,1,0,0,0,0,2020-12-30 22:27:56+03:00
0,0,0,0,0,0,2020-12-30 22:29:03+03:00
0,0,0,0,0,0,2020-12-30 22:30:28+03:00
0,0,0,0,0,0,2020-12-30 22:38:24+03:00
0,0,0,0,0,0,2020-12-30 22:39:08+03:00
0,0,0,0,0,0,2020-12-30 22:39:32+03:00
0,0,0,0,0,0,2020-12-30 22:39:52+03:00
0,0,0,0,0,0,2020-12-30 22:40:13+03:00
0,0,0,0,0,0,2020-12-30 22:41:36+03:00
0,0,0,0,0,0,2020-12-30 22:41:53+03:00
0,0,0,0,0,0,2020-12-30 22:42:35+03:00
1,1,0,0,0,0,2020-12-30 22:45:50+03:00
0,0,0,0,0,0,2020-12-30 22:48:05+03:00
0,0,0,0,0,0,2020-12-30 22:48:27+03:00
0,0,0,0,0,0,2020-12-30 22:53:47+03:00
0,0,0,0,0,0,2020-12-30 22:54:08+03:00
0,0,0,0,0,0,2020-12-30 22:54:42+03:00
0,0,0,0,0,0,2020-12-30 22:55:10+03:00
0,0,0,0,0,0,2020-12-30 22:57:40+03:00
1,1,0,0,0,0,2020-12-30 23:11:16+03:00
0,0,0,0,0,0,2020-12-30 23:19:04+03:00
0,0,0,0,0,0,2020-12-30 23:19:19+03:00
0,0,0,0,0,0,2020-12-30 23:19:27+03:00
0,0,0,0,0,0,2020-12-30 23:19:38+03:00
0,0,0,0,0,0,2020-12-30 23:19:47+03:00
0,0,0,0,0,0,2020-12-30 23:19:57+03:00
0,0,0,0,0,0,2020-12-30 23:20:14+03:00
0,0,0,0,0,0,2020-12-30 23:20:23+03:00
1,1,0,0,0,0,2020-12-30 23:20:32+03:00
0,0,0,0,0,0,2020-12-30 23:21:55+03:00
0,0,0,0,0,0,2020-12-30 23:22:37+03:00
0,0,0,0,0,0,2020-12-30 23:24:04+03:00
0,0,0,0,0,0,2020-12-30 23:34:13+03:00
0,0,0,0,0,0,2020-12-30 23:36:00+03:00
1,1,0,0,0,0,2020-12-30 23:42:29+03:00
0,0,0,0,0,0,2021-01-04 16:27:20+03:00
0,0,0,0,0,0,2021-01-04 16:30:57+03:00
0,0,0,0,0,0,2021-01-04 16:42:59+03:00
0,0,0,0,0,0,2021-01-04 16:43:26+03:00
0,0,0,0,0,0,2021-01-04 16:44:54+03:00
0,0,0,0,0,0,2021-01-04 16:45:08+03:00
0,0,0,0,0,0,2021-01-04 21:27:10+03:00
0,0,0,0,0,0,2021-01-04 21:29:51+03:00
0,0,0,0,0,0,2021-01-04 21:30:02+03:00
0,0,0,0,0,0,2021-01-04 21:30:16+03:00
0,0,0,0,0,0,2021-01-05 14:24:10+03:00
0,0,0,0,0,0,2021-01-05 14:27:20+03:00
0,0,0,0,0,0,2021-01-05 14:33:02+03:00
0,0,0,0,0,0,2021-01-05 14:39:06+03:00
0,0,0,0,0,0,2021-01-05 14:39:18+03:00
0,0,0,0,0,0,2021-01-05 14:39:46+03:00
0,0,0,0,0,0,2021-01-05 14:41:12+03:00
0,0,0,0,0,0,2021-01-05 14:41:55+03:00
0,0,0,0,0,0,2021-01-05 14:50:17+03:00
0,0,0,0,0,0,2021-01-05 14:50:29+03:00
0,0,0,0,0,0,2021-01-05 14:51:19+03:00
0,0,0,0,0,0,2021-01-05 14:53:25+03:00
0,0,0,0,0,0,2021-01-05 15:09:56+03:00
0,0,0,0,0,0,2021-01-06 19:50:52+03:00
0,0,0,0,0,0,2021-01-06 19:51:18+03:00
0,0,0,0,0,0,2021-01-06 19:51:46+03:00
0,0,0,0,0,0,2021-01-06 19:52:00+03:00
0,0,0,0,0,0,2021-01-06 19:52:43+03:00
0,0,0,0,0,0,2021-01-06 21:47:28+03:00
0,0,0,0,0,0,2021-01-06 21:48:45+03:00
0,0,0,0,0,0,2021-01-06 21:51:27+03:00
0,0,0,0,0,0,2021-01-06 21:56:44+03:00
0,0,0,0,0,0,2021-01-06 22:00:01+03:00
0,0,0,0,0,0,2021-01-06 22:03:48+03:00
0,0,0,0,0,0,2021-01-06 22:04:16+03:00
0,0,0,0,0,0,2021-01-06 22:09:50+03:00
0,0,0,0,0,0,2021-01-16 20:46:01+03:00
0,0,0,0,0,0,2021-01-16 12:37:38-06:00
0,0,0,0,0,0,2021-01-16 12:58:28-06:00
0,0,0,0,0,0,2021-01-17 09:34:59+03:00
0,0,0,0,0,0,2021-01-17 09:35:16+03:00
0,0,0,0,0,0,2021-01-22 18:30:32+03:00
0,0,0,0,0,0,2021-01-22 18:32:30+03:00
