Acquisition,Preparation,Modeling,Training,Evaluation,Prediction,time
1,2,0,0,0,0,2021-02-23 16:01:55+01:00
0,0,0,0,0,0,2021-02-23 16:09:02+01:00
0,0,0,0,0,0,2021-02-23 16:09:45+01:00
0,0,0,0,0,0,2021-02-23 16:25:37+01:00
1,1,0,0,0,0,2021-02-24 12:47:41+01:00
1,2,0,0,0,0,2021-02-24 18:57:53+01:00
2,3,0,0,0,0,2021-02-24 19:38:01+01:00
2,3,0,0,0,0,2021-02-25 17:39:45+01:00
0,0,0,0,0,0,2021-02-26 09:00:14+01:00
1,1,0,0,0,0,2021-03-03 09:24:53+01:00
0,1,0,0,0,0,2021-03-03 10:37:32+01:00
0,1,0,0,0,0,2021-03-04 13:24:41+01:00
1,2,0,0,0,0,2021-03-04 13:25:23+01:00
0,0,0,0,0,0,2021-03-04 13:26:02+01:00
0,1,0,0,0,0,2021-03-04 18:40:33+01:00
0,1,0,0,0,0,2021-03-05 19:40:41+01:00
1,1,0,0,0,0,2021-03-05 19:43:56+01:00
0,0,0,0,0,0,2021-03-05 19:57:42+01:00
1,1,0,0,0,0,2021-03-08 11:31:37+01:00
1,1,0,0,0,0,2021-03-08 11:35:24+01:00
1,1,0,0,0,0,2021-03-08 11:37:33+01:00
1,1,0,0,0,0,2021-03-08 11:39:26+01:00
0,0,0,0,0,0,2021-03-08 11:39:52+01:00
0,0,0,0,0,0,2021-03-08 12:30:48+01:00
1,1,0,0,0,0,2021-03-08 19:48:43+01:00
1,1,0,0,0,0,2021-03-09 17:09:46+01:00
1,1,0,0,0,0,2021-03-09 17:34:05+01:00
1,1,0,0,0,0,2021-03-10 11:16:56+01:00
1,1,0,0,0,0,2021-03-10 17:34:31+01:00
0,0,0,0,0,0,2021-03-11 13:01:03+01:00
0,0,0,0,0,0,2021-03-11 17:35:28+01:00
0,0,0,0,0,0,2021-03-11 17:58:27+01:00
0,0,0,0,0,0,2021-03-12 13:14:10+01:00
0,0,0,0,0,0,2021-03-12 13:20:00+01:00
0,0,0,0,0,0,2021-03-12 16:13:57+01:00
0,0,0,0,0,0,2021-03-12 16:31:14+01:00
0,0,0,0,0,0,2021-03-12 17:14:34+01:00
0,0,0,0,0,0,2021-03-12 18:44:16+01:00
0,0,0,0,0,0,2021-03-12 18:48:01+01:00
0,0,0,0,0,0,2021-03-13 10:03:28+01:00
0,0,0,0,0,0,2021-03-13 10:16:55+01:00
0,0,0,0,0,0,2021-03-13 12:16:11+01:00
1,1,0,0,1,0,2021-03-14 13:09:12+01:00
0,0,0,0,0,0,2021-03-14 13:13:55+01:00
0,0,0,0,0,0,2021-03-14 13:28:08+01:00
0,0,0,0,0,0,2021-03-14 18:55:32+01:00
0,0,0,0,0,0,2021-03-15 18:01:47+01:00
0,0,0,0,0,0,2021-03-16 17:14:23+01:00
0,0,0,0,0,0,2021-03-16 17:54:29+01:00
0,0,0,0,0,0,2021-03-16 18:59:25+01:00
1,1,0,0,1,0,2021-03-17 13:11:14+01:00
0,0,0,0,0,0,2021-03-19 17:49:31+01:00
1,1,0,0,1,0,2021-03-19 17:49:43+01:00
1,1,0,0,0,0,2021-03-19 17:50:26+01:00
0,0,0,0,0,0,2021-03-19 17:57:08+01:00
0,1,0,0,0,0,2021-03-20 13:35:24+01:00
0,0,0,0,0,0,2021-03-20 13:35:49+01:00
1,2,0,0,0,0,2021-03-20 19:30:55+01:00
1,1,0,1,1,0,2021-03-20 19:31:07+01:00
0,0,0,0,0,0,2021-03-20 19:31:59+01:00
1,1,1,1,0,1,2021-03-20 19:32:21+01:00
1,2,0,1,1,0,2021-03-21 18:50:44+01:00
1,1,1,1,0,1,2021-03-21 19:15:10+01:00
0,0,0,0,0,0,2021-03-22 18:03:57+01:00
1,1,0,0,0,0,2021-03-22 18:18:09+01:00
0,1,0,0,0,0,2021-03-22 18:18:47+01:00
1,1,1,1,0,1,2021-03-22 18:21:10+01:00
0,0,0,0,0,0,2021-03-22 18:22:17+01:00
1,1,1,1,0,1,2021-03-22 18:38:30+01:00
2,2,2,2,0,2,2021-03-25 11:45:02+01:00
1,1,1,1,0,1,2021-03-25 17:07:37+01:00
0,1,1,1,0,1,2021-03-25 17:07:52+01:00
1,1,0,0,0,1,2021-03-25 17:30:35+01:00
3,4,2,2,0,3,2021-03-27 15:48:36+01:00
0,0,0,0,0,0,2021-03-27 16:51:13+01:00
0,1,0,0,0,0,2021-03-27 16:51:24+01:00
0,0,0,0,0,0,2021-03-28 20:27:09+02:00
0,0,0,0,0,0,2021-03-28 20:27:57+02:00
2,3,0,1,2,0,2021-03-29 15:24:37+02:00
0,1,0,0,0,0,2021-03-29 16:32:22+02:00
0,0,0,0,0,0,2021-03-31 12:06:02+02:00
1,1,0,0,0,0,2021-03-31 12:43:19+02:00
0,0,0,0,0,0,2021-03-31 12:44:07+02:00
0,0,0,0,0,0,2021-03-31 12:44:22+02:00
1,2,1,1,0,1,2021-03-31 12:44:42+02:00
0,0,0,0,0,0,2021-04-01 17:53:56+02:00
1,1,1,1,0,1,2021-04-01 17:55:09+02:00
0,0,0,0,0,0,2021-04-01 17:55:38+02:00
1,2,0,0,0,0,2021-04-01 17:55:53+02:00
0,1,0,0,0,0,2021-04-01 21:57:51+02:00
1,1,1,1,0,1,2021-04-02 11:34:03+02:00
0,0,0,0,0,0,2021-04-03 12:39:24+02:00
1,2,0,0,0,0,2021-04-03 16:28:03+02:00
1,1,1,1,0,1,2021-04-05 17:48:35+02:00
0,1,0,0,0,0,2021-04-05 17:49:18+02:00
0,0,0,0,0,0,2021-04-05 21:31:28+02:00
0,1,0,0,0,0,2021-04-05 21:31:57+02:00
1,1,1,1,0,1,2021-04-06 17:15:07+02:00
0,1,0,0,0,0,2021-04-08 11:12:54+02:00
1,1,1,1,0,1,2021-04-09 17:52:53+02:00
1,1,1,1,0,1,2021-04-09 20:35:23+02:00
0,0,0,0,0,0,2021-04-10 17:19:38+02:00
0,0,0,0,0,0,2021-04-11 19:10:43+02:00
0,1,0,0,0,0,2021-04-13 16:26:37+02:00
1,3,1,0,1,1,2021-04-13 17:08:21+02:00
1,2,1,0,1,1,2021-04-14 13:57:13+02:00
0,1,0,0,1,1,2021-04-14 20:16:57+02:00
1,1,1,1,0,1,2021-04-14 20:17:30+02:00
0,1,0,0,0,0,2021-04-15 21:44:15+02:00
0,0,0,0,0,0,2021-04-15 21:59:36+02:00
0,0,0,0,0,0,2021-04-17 12:11:34+02:00
0,0,0,0,0,0,2021-04-17 15:57:53+02:00
0,1,1,1,0,1,2021-04-17 19:32:49+02:00
0,1,0,0,1,1,2021-04-17 19:33:01+02:00
0,1,0,0,1,1,2021-04-17 19:46:28+02:00
0,1,0,0,1,1,2021-04-18 14:37:01+02:00
0,0,0,0,0,0,2021-04-18 14:37:18+02:00
0,0,1,1,0,1,2021-04-18 17:22:56+02:00
1,1,0,0,1,1,2021-04-18 19:05:28+02:00
0,0,0,0,0,0,2021-04-19 17:45:03+02:00
0,1,0,0,1,1,2021-04-20 11:53:14+02:00
0,0,0,0,0,0,2021-04-20 18:57:40+02:00
0,0,0,0,0,0,2021-04-21 11:41:26+02:00
0,1,0,0,0,0,2021-04-22 13:05:53+02:00
0,0,0,0,0,0,2021-04-23 17:51:17+02:00
1,1,1,1,1,2,2021-04-23 17:52:03+02:00
0,0,0,0,0,0,2021-04-26 18:21:21+02:00
0,1,0,0,1,1,2021-04-26 18:22:06+02:00
0,0,0,0,0,0,2021-04-26 18:22:39+02:00
2,3,2,1,3,3,2021-04-27 15:29:21+02:00
1,1,0,0,1,1,2021-04-27 17:00:55+02:00
0,0,1,1,1,1,2021-04-28 17:21:41+02:00
0,0,0,0,0,0,2021-04-28 17:21:50+02:00
0,0,0,0,0,0,2021-04-28 17:23:32+02:00
1,1,0,0,1,1,2021-04-28 17:27:09+02:00
0,0,0,0,0,0,2021-04-28 17:28:59+02:00
1,1,0,0,0,1,2021-05-01 15:35:36+02:00
1,1,1,0,0,0,2021-05-04 14:56:48+02:00
0,2,0,0,1,1,2021-05-04 15:13:37+02:00
2,2,1,1,2,3,2021-05-04 15:17:08+02:00
2,3,0,0,0,1,2021-05-08 18:32:18+02:00
0,0,0,0,0,0,2021-05-17 18:11:12+02:00
2,2,0,0,1,2,2021-05-17 18:11:29+02:00
1,1,0,0,0,0,2021-05-17 18:12:46+02:00
0,1,0,0,0,1,2021-05-17 18:28:51+02:00
0,0,0,0,0,0,2021-06-14 12:45:51+02:00
0,2,0,0,1,2,2021-06-14 12:46:35+02:00
1,1,1,0,0,0,2021-06-14 12:46:58+02:00
0,0,0,0,0,0,2021-06-14 12:47:36+02:00
1,1,0,0,0,0,2021-06-14 12:51:22+02:00
0,1,0,0,0,0,2021-06-14 12:51:49+02:00
1,0,1,1,1,1,2021-06-14 12:54:37+02:00
1,1,0,0,1,1,2021-06-14 12:58:38+02:00
0,0,0,0,0,0,2021-06-14 12:59:33+02:00
1,1,1,0,1,1,2021-06-15 16:53:39+02:00
1,0,1,1,1,1,2021-06-15 16:54:15+02:00
1,1,1,0,0,1,2021-06-15 17:14:31+02:00
0,0,0,0,0,0,2021-06-15 17:21:50+02:00
1,1,1,0,0,0,2021-06-20 12:05:50+02:00
0,1,0,0,0,0,2021-06-20 12:06:24+02:00
3,1,3,2,3,3,2021-06-22 11:51:48+02:00
0,0,0,0,0,0,2021-06-22 11:53:58+02:00
5,8,3,0,2,4,2021-06-22 13:12:01+02:00
0,0,0,0,0,0,2021-06-25 20:03:17+02:00
4,2,4,2,2,2,2021-06-25 20:05:03+02:00
1,1,1,0,0,0,2021-06-27 17:34:24+02:00
1,1,0,0,0,0,2021-06-27 17:34:36+02:00
0,1,0,0,0,1,2021-06-27 17:35:11+02:00
1,1,1,0,0,0,2021-06-27 17:37:31+02:00
2,2,2,0,0,0,2021-06-28 13:09:42+02:00
0,1,0,0,0,0,2021-06-28 13:09:56+02:00
1,0,1,1,1,1,2021-06-28 16:47:12+02:00
2,3,2,0,0,1,2021-06-28 18:11:15+02:00
2,3,2,0,0,1,2021-06-29 10:13:23+02:00
1,1,1,0,0,0,2021-06-29 10:54:11+02:00
0,1,0,0,0,0,2021-06-29 16:09:02+02:00
0,1,0,0,0,0,2021-06-30 12:45:36+02:00
0,0,0,0,0,0,2021-06-30 18:16:23+02:00
1,1,0,0,1,0,2021-06-30 18:16:56+02:00
0,0,0,0,0,0,2021-06-30 18:17:16+02:00
1,1,0,0,1,0,2021-06-30 18:42:35+02:00
3,5,2,0,1,1,2021-07-01 13:06:39+02:00
1,1,1,0,0,0,2021-07-01 13:13:29+02:00
1,1,0,0,1,0,2021-07-01 15:09:55+02:00
1,1,1,0,0,0,2021-07-02 10:50:37+02:00
1,1,1,1,1,1,2021-07-03 18:13:19+02:00
1,1,1,1,1,1,2021-07-04 15:31:05+02:00
1,1,1,1,1,1,2021-07-15 13:08:38+02:00
1,1,1,1,1,1,2021-07-15 18:54:43+02:00
1,1,0,0,0,0,2021-07-18 19:40:09+02:00
0,1,0,0,0,1,2021-07-22 17:50:59+02:00
2,3,1,0,0,0,2021-07-22 17:51:41+02:00
0,1,0,0,0,1,2021-07-29 16:22:32+02:00
2,3,1,0,0,0,2021-07-29 16:22:50+02:00
0,0,0,0,0,0,2021-07-29 16:23:34+02:00
2,2,1,0,0,0,2021-07-29 17:14:09+02:00
0,0,0,0,0,0,2021-07-29 17:14:20+02:00
1,2,0,0,0,1,2021-07-30 12:18:27+02:00
1,1,1,0,0,0,2021-07-30 15:34:29+02:00
0,0,0,0,0,0,2021-07-31 19:30:04+02:00
0,0,0,0,0,0,2021-07-31 19:40:07+02:00
0,0,0,0,0,0,2021-07-31 19:46:48+02:00
0,0,0,0,0,0,2021-07-31 19:57:28+02:00
0,0,0,0,0,0,2021-07-31 19:58:12+02:00
0,0,0,0,0,0,2021-07-31 20:12:27+02:00
1,1,0,0,0,0,2021-07-31 20:35:03+02:00
0,0,0,0,0,0,2021-07-31 20:36:01+02:00
0,0,0,0,0,0,2021-08-01 16:51:09+02:00
0,0,0,0,0,0,2021-08-01 16:53:08+02:00
1,1,1,0,0,0,2021-08-01 16:53:47+02:00
0,0,0,0,0,0,2021-08-01 17:06:34+02:00
0,0,0,0,0,0,2021-08-01 17:07:12+02:00
1,1,1,0,0,0,2021-08-01 17:29:49+02:00
2,2,1,0,0,0,2021-08-01 18:48:13+02:00
1,1,1,0,0,0,2021-08-01 19:05:41+02:00
0,0,0,0,0,0,2021-08-02 18:26:07+02:00
0,0,0,0,0,0,2021-08-02 18:29:35+02:00
0,1,0,0,0,0,2021-08-14 12:33:53+02:00
0,1,0,0,1,1,2021-08-14 12:34:07+02:00
0,0,0,0,0,0,2021-08-14 12:34:38+02:00
0,0,0,0,0,0,2021-08-14 12:50:51+02:00
0,0,0,0,0,0,2021-08-14 12:58:04+02:00
0,0,0,0,0,0,2021-08-14 13:02:42+02:00
0,0,0,0,0,0,2021-08-14 15:57:20+02:00
0,0,0,0,0,0,2021-08-14 16:01:39+02:00
0,0,0,0,0,0,2021-08-14 16:04:52+02:00
0,0,0,0,0,0,2021-08-14 16:14:40+02:00
0,0,0,0,0,0,2021-08-14 16:15:45+02:00
0,0,0,0,0,0,2021-08-14 16:18:44+02:00
0,0,0,0,0,0,2021-08-16 11:38:27+02:00
0,0,0,0,0,0,2021-08-16 11:41:35+02:00
0,0,0,0,0,0,2021-08-16 12:09:02+02:00
0,0,0,0,0,0,2021-08-16 12:09:19+02:00
0,0,0,0,0,0,2021-08-18 19:48:48+02:00
0,0,0,0,0,0,2021-08-21 10:57:11+02:00
0,0,0,0,0,0,2021-08-21 10:57:18+02:00
3,8,1,0,1,2,2021-08-21 11:49:20+02:00
0,0,0,0,0,0,2021-08-21 11:53:37+02:00
0,0,0,0,0,0,2021-08-21 11:54:13+02:00
0,0,0,0,0,0,2021-08-21 12:15:05+02:00
3,5,1,0,0,0,2021-08-21 12:15:19+02:00
0,0,0,0,0,0,2021-08-21 12:22:25+02:00
0,0,0,0,0,0,2021-08-21 12:33:10+02:00
0,0,0,0,0,0,2021-08-21 14:00:17+02:00
0,0,0,0,0,0,2021-08-21 14:17:10+02:00
0,0,0,0,0,0,2021-08-21 14:17:57+02:00
0,0,0,0,0,0,2021-08-21 17:28:02+02:00
0,0,0,0,0,0,2021-08-21 17:29:23+02:00
0,0,0,0,0,0,2021-08-30 08:57:16+02:00
1,1,1,0,0,0,2021-08-30 08:59:18+02:00
0,0,0,0,0,0,2021-08-30 09:04:17+02:00
0,1,0,0,0,1,2021-09-01 22:03:53+02:00
0,0,0,0,0,0,2021-09-01 22:04:24+02:00
0,0,0,0,0,0,2021-09-01 22:18:29+02:00
0,0,0,0,0,0,2021-09-02 11:40:55+02:00
0,0,0,0,0,0,2021-09-02 11:41:08+02:00
0,0,0,0,0,0,2021-09-02 12:05:45+02:00
0,1,0,0,0,0,2021-09-02 13:47:00+02:00
11,15,10,5,5,6,2021-10-14 10:25:16+02:00
3,4,1,0,0,1,2021-10-14 11:03:09+02:00
1,1,0,0,0,0,2021-10-14 11:42:26+02:00
0,0,0,0,0,0,2021-10-14 11:55:02+02:00
0,0,0,0,0,0,2021-10-14 12:03:04+02:00
0,0,0,0,0,0,2021-10-14 12:04:44+02:00
0,0,0,0,0,0,2021-10-14 12:07:07+02:00
0,0,0,0,0,0,2021-10-14 12:09:51+02:00
0,0,0,0,0,0,2021-10-14 12:18:23+02:00
0,0,0,0,0,0,2021-10-14 12:33:35+02:00
0,0,0,0,0,0,2021-10-14 12:35:08+02:00
0,1,0,0,0,1,2021-10-14 12:35:18+02:00
0,0,0,0,0,0,2021-10-14 12:47:12+02:00
0,0,0,0,0,0,2021-10-14 12:49:53+02:00
6,7,5,1,1,1,2021-10-20 09:36:17+02:00
0,0,0,0,0,0,2021-10-20 09:36:36+02:00
0,0,0,0,0,0,2021-10-20 09:51:33+02:00
0,0,0,0,0,0,2021-10-20 09:58:40+02:00
0,0,0,0,0,0,2021-10-20 17:05:33+02:00
2,2,1,0,0,0,2021-10-23 10:13:03+02:00
0,0,0,0,0,0,2021-10-23 10:13:21+02:00
3,5,2,0,1,2,2021-10-23 11:43:35+02:00
1,1,1,0,0,0,2021-10-23 11:43:42+02:00
1,3,1,0,1,2,2021-11-10 16:07:48+01:00
0,1,0,0,0,1,2022-01-13 11:00:24+01:00
1,1,0,0,0,0,2022-01-13 11:01:11+01:00
4,6,3,1,1,1,2022-01-13 11:02:01+01:00
1,1,1,0,1,0,2022-01-13 11:02:29+01:00
