Acquisition,Preparation,Modeling,Training,Evaluation,Prediction,time
1,0,0,0,0,0,2018-03-20 08:44:25-04:00
0,0,0,0,0,0,2018-03-20 12:51:16+00:00
0,0,0,0,0,0,2018-03-20 08:57:25-04:00
1,0,0,0,0,0,2018-03-20 09:28:38-04:00
0,0,0,0,0,0,2018-03-20 11:45:41-04:00
1,0,0,0,0,0,2018-03-20 13:09:27-04:00
0,0,0,0,0,0,2018-03-20 14:41:26-04:00
0,0,0,0,0,0,2018-04-02 12:43:37-04:00
0,0,0,0,0,0,2018-04-04 10:48:32-04:00
1,0,0,0,0,0,2018-04-04 10:49:00-04:00
0,0,0,0,0,0,2018-04-04 10:49:32-04:00
0,0,0,0,0,0,2018-04-04 11:05:57-04:00
0,0,0,0,0,0,2018-04-04 11:06:37-04:00
0,0,0,0,0,0,2018-04-23 09:33:45-04:00
1,0,0,0,0,0,2018-04-26 08:07:06-04:00
1,0,0,0,0,0,2018-04-27 21:02:02-04:00
1,0,0,0,0,0,2018-04-30 12:21:44-04:00
1,0,0,0,0,0,2018-05-10 15:15:44-04:00
1,0,0,0,0,0,2018-05-25 09:16:28-04:00
0,0,0,0,0,0,2018-05-30 13:01:20-04:00
1,0,0,0,0,0,2018-05-30 13:01:29-04:00
0,0,0,0,0,0,2018-05-30 15:15:18-04:00
0,0,0,0,0,0,2018-06-05 15:05:35-04:00
1,0,0,0,0,0,2018-06-06 12:45:07-04:00
0,0,0,0,0,0,2018-06-06 13:16:17-04:00
0,0,0,0,0,0,2018-06-29 11:48:53-04:00
1,0,0,0,0,0,2018-06-29 11:52:10-04:00
0,0,0,0,0,0,2018-07-02 14:11:16-04:00
0,0,0,0,0,0,2018-07-03 09:39:10-04:00
1,0,0,0,0,0,2018-07-03 09:39:17-04:00
0,0,0,0,0,0,2018-07-10 14:27:55-04:00
0,0,0,0,0,0,2018-07-10 14:28:52-04:00
0,0,0,0,0,0,2018-08-01 11:41:27-04:00
1,0,0,0,0,0,2018-08-01 11:51:24-04:00
1,0,0,0,0,0,2018-09-12 13:35:30-04:00
0,0,0,0,0,0,2018-09-12 13:36:16-04:00
1,0,0,0,0,0,2018-09-12 14:00:01-04:00
1,0,0,0,0,0,2018-09-13 07:42:26-04:00
0,0,0,0,0,0,2018-09-13 08:03:00-04:00
0,0,0,0,0,0,2018-09-13 08:07:54-04:00
0,0,0,0,0,0,2018-09-14 06:45:09-04:00
0,0,0,0,0,0,2018-09-14 08:11:30-04:00
0,0,0,0,0,0,2018-09-14 10:46:21-04:00
0,0,0,0,0,0,2018-09-14 11:25:15-04:00
0,0,0,0,0,0,2018-09-14 11:53:35-04:00
0,0,0,0,0,0,2018-09-14 11:54:24-04:00
0,0,0,0,0,0,2018-09-14 11:54:42-04:00
0,0,0,0,0,0,2018-09-14 12:04:13-04:00
0,0,0,0,0,0,2018-09-17 06:26:19-04:00
19,18,0,0,0,0,2018-09-18 14:25:22-04:00
0,0,0,0,0,0,2018-09-18 14:26:51-04:00
1,0,0,0,0,0,2018-10-08 12:16:11-04:00
1,0,0,0,0,0,2018-10-08 14:35:57-04:00
1,0,0,0,0,0,2018-11-07 13:15:13-05:00
0,0,0,0,0,0,2018-11-07 14:13:42-05:00
0,0,0,0,0,0,2018-11-14 11:53:58-05:00
0,0,0,0,0,0,2018-11-14 13:01:54-05:00
0,0,0,0,0,0,2018-11-28 14:53:38-05:00
1,0,0,0,0,0,2018-12-05 13:10:55-05:00
16,15,0,0,0,0,2018-12-05 13:47:02-05:00
1,0,0,0,0,0,2018-12-05 14:38:26-05:00
0,0,0,0,0,0,2018-12-05 16:15:49-05:00
0,0,0,0,0,0,2018-12-05 20:01:39-05:00
1,0,0,0,0,0,2018-12-06 14:13:41-05:00
1,0,0,0,0,0,2018-12-12 07:16:34-05:00
0,0,0,0,0,0,2018-12-12 07:43:12-05:00
0,0,0,0,0,0,2018-12-12 07:45:16-05:00
0,0,0,0,0,0,2018-12-12 07:58:49-05:00
0,0,0,0,0,0,2018-12-13 09:22:32-05:00
0,0,0,0,0,0,2018-12-13 09:23:06-05:00
0,0,0,0,0,0,2018-12-13 09:33:27-05:00
1,0,0,0,0,0,2019-01-02 08:16:17-05:00
0,0,0,0,0,0,2019-01-02 08:17:27-05:00
0,0,0,0,0,0,2019-01-02 09:44:40-05:00
1,0,0,0,0,0,2019-01-11 12:22:27-05:00
1,0,0,0,0,0,2019-01-11 13:46:35-05:00
1,0,0,0,0,0,2019-02-06 13:17:43-05:00
0,0,0,0,0,0,2019-02-06 16:34:29-05:00
0,0,0,0,0,0,2019-02-11 13:28:47-05:00
1,0,0,0,0,0,2019-03-15 16:07:54-04:00
0,0,0,0,0,0,2019-03-19 21:11:57-04:00
0,0,0,0,0,0,2019-03-19 21:22:24-04:00
0,0,0,0,0,0,2019-03-20 14:07:10-04:00
0,0,0,0,0,0,2019-03-21 19:34:00-04:00
0,0,0,0,0,0,2019-04-09 11:34:59-04:00
0,0,0,0,0,0,2019-04-15 09:29:46-04:00
0,0,0,0,0,0,2019-04-15 09:40:49-04:00
0,0,0,0,0,0,2019-04-30 12:42:41-04:00
0,0,0,0,0,0,2019-04-30 12:43:03-04:00
1,0,0,0,0,0,2019-04-30 12:50:05-04:00
1,0,0,0,0,0,2019-04-30 14:55:42-04:00
1,0,0,0,0,0,2019-05-01 12:16:33-04:00
0,0,0,0,0,0,2019-05-01 12:16:50-04:00
1,0,0,0,0,0,2019-05-01 12:19:31-04:00
0,0,0,0,0,0,2019-05-01 12:23:19-04:00
0,0,0,0,0,0,2019-05-01 14:52:06-04:00
0,0,0,0,0,0,2019-05-13 10:02:32-04:00
1,0,0,0,0,0,2019-05-13 14:22:07-04:00
0,0,0,0,0,0,2019-06-06 14:56:51-04:00
1,0,0,0,0,0,2019-07-03 08:08:00-04:00
0,0,0,0,0,0,2019-07-03 11:27:54-04:00
0,0,0,0,0,0,2019-07-24 10:55:50-04:00
1,0,0,0,0,0,2019-08-05 14:25:12-04:00
1,0,0,0,0,0,2019-09-05 07:11:43-04:00
0,0,0,0,0,0,2019-09-06 13:47:20-04:00
2,1,0,0,0,0,2019-09-06 13:48:23-04:00
2,1,0,0,0,0,2019-09-09 11:58:28-04:00
0,0,0,0,0,0,2019-09-09 12:00:09-04:00
0,0,0,0,0,0,2019-09-19 07:43:58-04:00
0,0,0,0,0,0,2019-09-19 08:35:52-04:00
1,0,0,0,0,0,2019-10-10 10:47:15-04:00
1,0,0,0,0,0,2019-10-10 14:57:11-04:00
1,0,0,0,0,0,2019-10-28 07:55:05-04:00
0,0,0,0,0,0,2019-10-28 08:12:01-04:00
1,0,0,0,0,0,2019-10-28 10:45:27-04:00
1,0,0,0,0,0,2019-11-01 10:49:40-04:00
1,0,0,0,0,0,2019-11-06 12:38:05-05:00
0,0,0,0,0,0,2019-11-07 07:34:04-05:00
0,0,0,0,0,0,2019-11-07 13:06:07-05:00
1,0,0,0,0,0,2019-11-19 11:41:30-05:00
1,0,0,0,0,0,2019-12-10 09:24:02-05:00
0,0,0,0,0,0,2019-12-10 14:11:15-05:00
0,0,0,0,0,0,2020-01-10 15:16:44-05:00
1,0,0,0,0,0,2020-02-05 08:29:22-05:00
0,0,0,0,0,0,2020-02-05 11:27:23-05:00
0,0,0,0,0,0,2020-03-18 12:54:55-04:00
0,0,0,0,0,0,2020-03-18 13:26:23-04:00
0,0,0,0,0,0,2020-04-13 14:13:16-04:00
0,0,0,0,0,0,2020-04-15 09:29:05-04:00
1,0,0,0,0,0,2020-04-15 09:42:17-04:00
3,1,0,0,0,0,2020-04-15 14:13:12-04:00
0,0,0,0,0,0,2020-04-16 06:05:27-04:00
0,0,0,0,0,0,2020-04-16 06:49:41-04:00
0,0,0,0,0,0,2020-04-16 06:54:11-04:00
0,0,0,0,0,0,2020-04-16 06:55:53-04:00
0,0,0,0,0,0,2020-04-16 06:56:32-04:00
0,0,0,0,0,0,2020-04-16 06:57:43-04:00
0,0,0,0,0,0,2020-04-16 08:43:53-04:00
0,0,0,0,0,0,2020-04-16 09:26:52-04:00
1,0,0,0,0,0,2020-04-16 09:27:24-04:00
0,0,0,0,0,0,2020-04-16 09:27:38-04:00
0,0,0,0,0,0,2020-04-16 09:53:53-04:00
1,0,0,0,0,0,2020-04-21 07:15:36-04:00
0,0,0,0,0,0,2020-04-21 07:15:54-04:00
0,0,0,0,0,0,2020-04-21 07:22:46-04:00
0,0,0,0,0,0,2020-04-21 07:23:56-04:00
0,0,0,0,0,0,2020-04-21 11:20:28-04:00
1,0,0,0,0,0,2020-04-21 13:44:36-04:00
0,0,0,0,0,0,2020-04-21 13:45:15-04:00
0,0,0,0,0,0,2020-04-21 13:52:38-04:00
0,0,0,0,0,0,2020-04-21 13:57:37-04:00
1,0,0,0,0,0,2020-04-22 05:51:54-04:00
0,0,0,0,0,0,2020-04-22 07:09:40-04:00
0,0,0,0,0,0,2020-04-22 07:18:36-04:00
0,0,0,0,0,0,2020-04-22 14:32:56-04:00
0,0,0,0,0,0,2020-04-22 14:35:27-04:00
0,0,0,0,0,0,2020-04-23 10:15:40-04:00
1,0,0,0,0,0,2020-04-23 18:12:54-04:00
1,0,0,0,0,0,2020-04-24 09:25:14-04:00
0,0,0,0,0,0,2020-04-24 09:47:49-04:00
0,0,0,0,0,0,2020-04-24 11:26:04-04:00
0,0,0,0,0,0,2020-05-01 09:25:59-04:00
0,0,0,0,0,0,2020-05-01 10:19:15-04:00
1,0,0,0,0,0,2020-07-09 16:13:45-04:00
0,0,0,0,0,0,2020-07-09 17:04:12-04:00
1,0,0,0,0,0,2020-07-10 09:39:19-04:00
0,0,0,0,0,0,2020-07-10 10:45:57-04:00
0,0,0,0,0,0,2020-07-13 10:19:30-04:00
1,0,0,0,0,0,2020-10-08 09:25:39-04:00
0,0,0,0,0,0,2020-10-08 09:55:34-04:00
4,3,0,0,0,0,2020-10-15 07:11:37-04:00
1,0,0,0,0,0,2020-10-15 15:19:42-04:00
0,0,0,0,0,0,2020-10-15 19:57:37-04:00
0,0,0,0,0,0,2020-10-16 07:07:52-04:00
0,0,0,0,0,0,2020-10-16 07:08:03-04:00
0,0,0,0,0,0,2020-10-16 07:24:39-04:00
0,0,0,0,0,0,2020-10-16 07:29:42-04:00
0,0,0,0,0,0,2020-10-16 07:36:28-04:00
0,0,0,0,0,0,2020-10-16 07:36:47-04:00
1,0,0,0,0,0,2020-10-19 20:15:56-04:00
0,0,0,0,0,0,2020-10-20 14:14:54-04:00
0,0,0,0,0,0,2020-10-20 14:58:54-04:00
0,0,0,0,0,0,2020-10-21 09:23:28-04:00
0,0,0,0,0,0,2020-10-21 10:08:56-04:00
0,0,0,0,0,0,2020-10-21 16:38:35-04:00
0,0,0,0,0,0,2020-10-23 14:47:30-04:00
0,0,0,0,0,0,2020-10-29 09:29:00-04:00
0,0,0,0,0,0,2020-11-01 14:26:03-05:00
1,0,0,0,0,0,2020-11-02 08:28:06-05:00
0,0,0,0,0,0,2020-11-02 09:33:21-05:00
0,0,0,0,0,0,2020-11-02 09:36:41-05:00
1,0,0,0,0,0,2020-11-02 11:38:31-05:00
0,0,0,0,0,0,2020-11-02 12:51:24-05:00
1,0,0,0,0,0,2020-11-02 14:45:04-05:00
0,0,0,0,0,0,2020-11-09 11:09:06-05:00
1,0,0,0,0,0,2020-11-11 13:47:50-05:00
0,0,0,0,0,0,2020-11-11 14:39:00-05:00
0,0,0,0,0,0,2020-11-11 14:42:16-05:00
0,0,0,0,0,0,2020-11-11 15:07:07-05:00
0,0,0,0,0,0,2020-11-11 15:07:38-05:00
0,0,0,0,0,0,2020-11-11 15:07:57-05:00
0,0,0,0,0,0,2020-11-11 15:08:14-05:00
0,0,0,0,0,0,2020-11-12 06:30:35-05:00
0,0,0,0,0,0,2020-11-12 06:31:50-05:00
0,0,0,0,0,0,2020-11-12 07:12:53-05:00
0,0,0,0,0,0,2020-11-12 07:44:54-05:00
0,0,0,0,0,0,2020-11-12 08:09:05-05:00
0,0,0,0,0,0,2020-11-12 08:13:43-05:00
0,0,0,0,0,0,2020-11-12 08:14:27-05:00
1,0,0,0,0,0,2020-11-12 09:34:52-05:00
1,0,0,0,0,0,2020-11-13 22:50:21+01:00
0,0,0,0,0,0,2020-11-16 10:33:45-05:00
0,0,0,0,0,0,2020-11-16 10:36:27-05:00
0,0,0,0,0,0,2020-11-16 10:37:11-05:00
0,0,0,0,0,0,2020-11-16 10:38:37-05:00
1,0,0,0,0,0,2020-11-12 13:12:28-05:00
0,0,0,0,0,0,2020-11-18 07:34:56-05:00
0,0,0,0,0,0,2020-11-18 07:38:40-05:00
1,0,0,0,0,0,2020-11-18 07:42:56-05:00
0,0,0,0,0,0,2020-11-18 08:26:41-05:00
0,0,0,0,0,0,2020-11-18 10:46:58-05:00
0,0,0,0,0,0,2020-12-15 13:57:04-05:00
0,0,0,0,0,0,2020-12-15 13:58:38-05:00
1,0,0,0,0,0,2020-12-15 14:15:42-05:00
0,0,0,0,0,0,2021-01-12 09:22:38-05:00
0,0,0,0,0,0,2021-01-12 09:24:55-05:00
0,0,0,0,0,0,2021-01-12 09:25:18-05:00
1,0,0,0,0,0,2021-01-12 09:27:05-05:00
0,0,0,0,0,0,2021-01-12 10:36:36-05:00
1,0,0,0,0,0,2021-01-12 09:39:05-06:00
0,0,0,0,0,0,2021-01-12 15:47:22-05:00
0,0,0,0,0,0,2021-01-12 15:47:44-05:00
0,0,0,0,0,0,2021-01-13 06:20:45-05:00
0,0,0,0,0,0,2021-01-13 06:23:32-05:00
1,0,0,0,0,0,2021-01-14 07:19:56-05:00
0,0,0,0,0,0,2021-01-14 07:22:56-05:00
1,0,0,0,0,0,2021-01-14 07:25:14-05:00
0,0,0,0,0,0,2021-01-14 09:46:45-05:00
0,0,0,0,0,0,2021-01-14 09:48:36-05:00
1,0,0,0,0,0,2021-01-14 12:13:41-05:00
0,0,0,0,0,0,2021-01-14 15:23:06-05:00
0,0,0,0,0,0,2021-01-14 16:29:44-05:00
0,0,0,0,0,0,2021-01-15 07:20:45-05:00
0,0,0,0,0,0,2021-01-15 07:23:22-05:00
0,0,0,0,0,0,2021-01-15 07:45:34-05:00
0,0,0,0,0,0,2021-01-15 08:22:46-05:00
0,0,0,0,0,0,2021-01-21 14:38:16-05:00
1,0,0,0,0,0,2021-01-22 12:10:40-05:00
1,0,0,0,0,0,2021-01-22 12:10:40-05:00
0,0,0,0,0,0,2021-01-22 12:12:20-05:00
1,0,0,0,0,0,2021-02-01 11:37:55-06:00
0,0,0,0,0,0,2021-02-01 11:39:52-06:00
0,0,0,0,0,0,2021-02-01 13:10:29-06:00
0,0,0,0,0,0,2021-02-03 10:31:09-05:00
0,0,0,0,0,0,2021-02-17 11:32:44-05:00
0,0,0,0,0,0,2021-02-19 10:34:39-05:00
0,0,0,0,0,0,2021-02-24 10:12:09-05:00
0,0,0,0,0,0,2021-02-24 11:44:31-05:00
1,0,0,0,0,0,2021-02-24 12:36:10-05:00
0,0,0,0,0,0,2021-02-24 18:31:39-05:00
0,0,0,0,0,0,2021-02-24 18:32:24-05:00
0,0,0,0,0,0,2021-02-25 07:03:41-05:00
0,0,0,0,0,0,2021-02-25 07:09:21-05:00
1,0,0,0,0,0,2021-03-23 19:40:13-04:00
0,0,0,0,0,0,2021-03-23 19:48:31-04:00
0,0,0,0,0,0,2021-03-23 19:50:58-04:00
1,1,0,0,0,0,2021-03-24 06:53:38-04:00
0,0,0,0,0,0,2021-03-24 07:08:02-04:00
1,0,0,0,0,0,2021-03-24 07:08:06-04:00
0,0,0,0,0,0,2021-03-24 09:41:53-04:00
0,0,0,0,0,0,2021-03-24 09:45:20-04:00
1,0,0,0,0,0,2021-03-24 11:43:27-04:00
0,0,0,0,0,0,2021-03-24 11:46:41-04:00
0,0,0,0,0,0,2021-03-24 11:56:39-04:00
0,0,0,0,0,0,2021-03-24 13:21:09-04:00
0,0,0,0,0,0,2021-03-24 13:28:44-04:00
0,0,0,0,0,0,2021-03-24 13:29:31-04:00
0,0,0,0,0,0,2021-04-16 09:03:34-04:00
0,0,0,0,0,0,2021-04-16 10:55:22-04:00
2,0,0,0,0,0,2021-04-19 09:40:31-04:00
0,0,0,0,0,0,2021-04-19 12:05:10-04:00
2,1,0,0,0,0,2021-04-19 19:21:21-04:00
0,0,0,0,0,0,2021-04-19 19:42:34-04:00
0,0,0,0,0,0,2021-04-19 19:43:04-04:00
1,1,0,0,0,0,2021-04-19 19:46:08-04:00
0,0,0,0,0,0,2021-04-20 08:52:56-04:00
0,0,0,0,0,0,2021-04-20 08:59:36-04:00
0,0,0,0,0,0,2021-04-20 10:04:14-04:00
0,0,0,0,0,0,2021-04-20 10:04:35-04:00
0,0,0,0,0,0,2021-04-20 10:21:32-04:00
0,0,0,0,0,0,2021-04-20 11:30:00-04:00
0,0,0,0,0,0,2021-04-20 11:31:22-04:00
0,0,0,0,0,0,2021-04-20 11:47:52-04:00
0,0,0,0,0,0,2021-04-20 13:11:40-04:00
0,0,0,0,0,0,2021-04-20 13:13:09-04:00
0,0,0,0,0,0,2021-04-20 13:10:17-04:00
0,0,0,0,0,0,2021-04-20 13:14:52-04:00
0,0,0,0,0,0,2021-04-20 13:42:35-04:00
0,0,0,0,0,0,2021-04-20 13:43:19-04:00
1,0,0,0,0,0,2021-04-20 14:11:07-04:00
0,0,0,0,0,0,2021-04-20 14:22:14-04:00
0,0,0,0,0,0,2021-04-20 14:25:40-04:00
1,0,0,0,0,0,2021-04-20 14:31:36-04:00
0,0,0,0,0,0,2021-04-20 15:17:23-04:00
0,0,0,0,0,0,2021-04-20 15:17:34-04:00
0,0,0,0,0,0,2021-04-20 15:26:30-04:00
0,0,0,0,0,0,2021-04-20 19:02:08-04:00
0,0,0,0,0,0,2021-04-20 19:02:57-04:00
0,0,0,0,0,0,2021-04-20 19:04:17-04:00
0,0,0,0,0,0,2021-04-20 19:06:17-04:00
0,0,0,0,0,0,2021-04-20 19:48:58-04:00
0,0,0,0,0,0,2021-04-20 20:00:10-04:00
0,0,0,0,0,0,2021-04-21 06:57:55-04:00
0,0,0,0,0,0,2021-04-21 06:58:06-04:00
0,0,0,0,0,0,2021-04-21 08:15:15-04:00
1,1,0,0,0,0,2021-04-21 09:44:28-04:00
0,0,0,0,0,0,2021-04-21 09:56:39-04:00
0,0,0,0,0,0,2021-04-21 13:57:36+00:00
1,1,0,0,0,0,2021-04-21 15:21:05-04:00
0,0,0,0,0,0,2021-04-21 18:23:08-04:00
0,0,0,0,0,0,2021-04-21 18:28:42-04:00
0,0,0,0,0,0,2021-04-21 18:41:28-04:00
0,0,0,0,0,0,2021-04-21 19:54:01-04:00
0,0,0,0,0,0,2021-04-22 10:33:08-04:00
0,0,0,0,0,0,2021-04-22 10:34:07-04:00
0,0,0,0,0,0,2021-04-22 12:02:52-04:00
0,0,0,0,0,0,2021-04-22 12:07:56-04:00
0,0,0,0,0,0,2021-04-22 12:08:52-04:00
0,0,0,0,0,0,2021-04-22 12:10:36-04:00
0,0,0,0,0,0,2021-04-22 12:27:42-04:00
1,1,0,0,0,0,2021-04-22 12:39:35-04:00
0,0,0,0,0,0,2021-04-22 22:20:20-04:00
0,0,0,0,0,0,2021-04-22 22:22:07-04:00
0,0,0,0,0,0,2021-04-23 08:28:40-04:00
0,0,0,0,0,0,2021-04-23 11:32:00-04:00
1,0,0,0,0,0,2021-04-23 14:01:39-04:00
0,0,0,0,0,0,2021-04-23 15:39:43-04:00
0,0,0,0,0,0,2021-04-26 07:39:55-04:00
0,0,0,0,0,0,2021-04-26 08:28:08-04:00
1,0,0,0,0,0,2021-04-26 09:08:41-04:00
0,0,0,0,0,0,2021-04-26 09:10:20-04:00
0,0,0,0,0,0,2021-04-26 09:52:14-04:00
0,0,0,0,0,0,2021-04-26 11:14:03-04:00
0,0,0,0,0,0,2021-04-26 11:15:20-04:00
0,0,0,0,0,0,2021-04-26 12:42:21-04:00
0,0,0,0,0,0,2021-04-26 15:20:11-04:00
0,0,0,0,0,0,2021-04-26 19:22:34+00:00
0,0,0,0,0,0,2021-04-27 07:59:00-04:00
0,0,0,0,0,0,2021-04-27 08:02:57-04:00
0,0,0,0,0,0,2021-04-27 11:33:54-04:00
0,0,0,0,0,0,2021-04-27 11:54:05-04:00
0,0,0,0,0,0,2021-04-28 11:22:10+00:00
0,0,0,0,0,0,2021-04-28 11:22:14+00:00
0,0,0,0,0,0,2021-04-28 08:44:02-04:00
0,0,0,0,0,0,2021-04-28 08:44:19-04:00
0,0,0,0,0,0,2021-04-28 08:50:31-04:00
0,0,0,0,0,0,2021-04-28 14:22:33+00:00
0,0,0,0,0,0,2021-04-28 14:22:38+00:00
0,0,0,0,0,0,2021-04-28 10:06:32-05:00
0,0,0,0,0,0,2021-05-03 19:56:33-04:00
0,0,0,0,0,0,2021-05-03 19:58:23-04:00
0,0,0,0,0,0,2021-05-03 19:58:39-04:00
0,0,0,0,0,0,2021-05-03 19:59:23-04:00
0,0,0,0,0,0,2021-05-03 19:59:37-04:00
0,0,0,0,0,0,2021-05-06 10:34:03+00:00
0,0,0,0,0,0,2021-05-06 10:34:11+00:00
0,0,0,0,0,0,2021-05-06 15:43:27-04:00
0,0,0,0,0,0,2021-05-06 15:43:39-04:00
0,0,0,0,0,0,2021-05-07 10:17:04-04:00
0,0,0,0,0,0,2021-05-07 10:18:50-04:00
0,0,0,0,0,0,2021-05-10 18:22:41+00:00
0,0,0,0,0,0,2021-05-10 18:22:42+00:00
0,0,0,0,0,0,2021-05-10 15:52:35-04:00
0,0,0,0,0,0,2021-05-10 15:55:35-04:00
0,0,0,0,0,0,2021-05-18 13:30:11+00:00
0,0,0,0,0,0,2021-05-18 13:30:13+00:00
0,0,0,0,0,0,2021-05-18 10:49:08-04:00
0,0,0,0,0,0,2021-05-18 10:56:38-04:00
0,0,0,0,0,0,2021-05-24 18:35:27+00:00
0,0,0,0,0,0,2021-05-24 18:35:35+00:00
0,0,0,0,0,0,2021-05-24 15:51:40-04:00
0,0,0,0,0,0,2021-05-24 16:13:08-04:00
0,0,0,0,0,0,2021-05-31 19:36:51+00:00
0,0,0,0,0,0,2021-05-31 19:36:57+00:00
0,0,0,0,0,0,2021-06-01 05:49:09+00:00
0,0,0,0,0,0,2021-06-01 05:49:13+00:00
0,0,0,0,0,0,2021-06-01 05:49:17+00:00
0,0,0,0,0,0,2021-06-01 10:04:23-04:00
0,0,0,0,0,0,2021-06-01 10:04:32-04:00
0,0,0,0,0,0,2021-06-01 10:05:21-04:00
0,0,0,0,0,0,2021-06-01 10:05:36-04:00
0,0,0,0,0,0,2021-06-01 10:05:54-04:00
0,0,0,0,0,0,2021-06-01 10:06:19-04:00
1,0,0,0,0,0,2021-06-08 11:15:50-04:00
0,0,0,0,0,0,2021-06-08 12:07:09-04:00
0,0,0,0,0,0,2021-06-08 12:07:19-04:00
0,0,0,0,0,0,2021-06-08 12:07:34-04:00
1,0,0,0,0,0,2021-06-08 12:13:06-04:00
0,0,0,0,0,0,2021-06-08 12:16:45-04:00
1,0,0,0,0,0,2021-06-08 13:07:50-04:00
0,0,0,0,0,0,2021-06-08 18:27:19-04:00
0,0,0,0,0,0,2021-06-08 19:51:02-04:00
0,0,0,0,0,0,2021-06-09 05:32:13-04:00
0,0,0,0,0,0,2021-06-09 11:51:03+00:00
0,0,0,0,0,0,2021-06-09 11:51:08+00:00
0,0,0,0,0,0,2021-06-09 09:45:59-04:00
0,0,0,0,0,0,2021-06-09 09:46:09-04:00
0,0,0,0,0,0,2021-06-10 14:48:56-04:00
0,0,0,0,0,0,2021-06-10 14:49:21-04:00
1,0,0,0,0,0,2021-06-11 12:17:09-04:00
0,0,0,0,0,0,2021-06-11 13:00:30-04:00
0,0,0,0,0,0,2021-06-14 18:12:42+00:00
0,0,0,0,0,0,2021-06-14 18:12:49+00:00
0,0,0,0,0,0,2021-06-15 14:13:41-04:00
0,0,0,0,0,0,2021-06-15 14:14:10-04:00
0,0,0,0,0,0,2021-06-16 13:05:41+00:00
0,0,0,0,0,0,2021-06-16 10:42:45-04:00
0,0,0,0,0,0,2021-06-21 18:12:14+00:00
0,0,0,0,0,0,2021-06-21 18:12:17+00:00
0,0,0,0,0,0,2021-06-28 06:39:46-04:00
0,0,0,0,0,0,2021-06-28 13:05:44-04:00
0,0,0,0,0,0,2021-06-28 13:06:03-04:00
0,0,0,0,0,0,2021-06-28 18:17:59+00:00
0,0,0,0,0,0,2021-06-28 18:18:11+00:00
0,0,0,0,0,0,2021-06-28 15:40:09-04:00
0,0,0,0,0,0,2021-06-28 15:49:11-04:00
0,0,0,0,0,0,2021-07-05 18:12:38+00:00
0,0,0,0,0,0,2021-07-05 18:12:41+00:00
0,0,0,0,0,0,2021-07-06 06:12:22-04:00
0,0,0,0,0,0,2021-07-06 06:12:36-04:00
0,0,0,0,0,0,2021-07-12 18:12:41+00:00
0,0,0,0,0,0,2021-07-12 18:12:41+00:00
0,0,0,0,0,0,2021-07-12 15:32:10-04:00
0,0,0,0,0,0,2021-07-12 15:45:22-04:00
0,0,0,0,0,0,2021-07-19 18:12:44+00:00
0,0,0,0,0,0,2021-07-19 18:12:46+00:00
0,0,0,0,0,0,2021-07-21 12:47:48-04:00
0,0,0,0,0,0,2021-07-21 12:48:22-04:00
0,0,0,0,0,0,2021-07-26 18:12:46+00:00
0,0,0,0,0,0,2021-07-26 18:12:47+00:00
0,0,0,0,0,0,2021-07-26 15:34:02-04:00
0,0,0,0,0,0,2021-07-26 15:38:45-04:00
0,0,0,0,0,0,2021-07-30 09:56:06-04:00
0,0,0,0,0,0,2021-07-30 12:47:32-04:00
0,0,0,0,0,0,2021-07-30 12:48:54-04:00
0,0,0,0,0,0,2021-08-01 21:06:26+00:00
0,0,0,0,0,0,2021-08-02 12:15:35-04:00
0,0,0,0,0,0,2021-08-02 12:16:44-04:00
0,0,0,0,0,0,2021-08-02 18:12:20+00:00
0,0,0,0,0,0,2021-08-02 18:12:22+00:00
0,0,0,0,0,0,2021-08-02 15:36:31-04:00
0,0,0,0,0,0,2021-08-02 15:46:07-04:00
0,0,0,0,0,0,2021-08-03 10:07:00+00:00
0,0,0,0,0,0,2021-08-03 07:45:29-04:00
0,0,0,0,0,0,2021-08-09 18:11:02+00:00
0,0,0,0,0,0,2021-08-09 18:11:05+00:00
0,0,0,0,0,0,2021-08-10 08:01:50-04:00
0,0,0,0,0,0,2021-08-10 08:02:15-04:00
0,0,0,0,0,0,2021-08-16 18:02:51+00:00
0,0,0,0,0,0,2021-08-16 18:02:58+00:00
0,0,0,0,0,0,2021-08-23 10:28:14-04:00
0,0,0,0,0,0,2021-08-23 10:28:23-04:00
0,0,0,0,0,0,2021-08-23 18:03:26+00:00
0,0,0,0,0,0,2021-08-23 18:03:31+00:00
0,0,0,0,0,0,2021-08-24 16:40:25-04:00
0,0,0,0,0,0,2021-08-24 16:40:33-04:00
0,0,0,0,0,0,2021-08-27 06:37:06-04:00
0,0,0,0,0,0,2021-08-27 06:39:45-04:00
0,0,0,0,0,0,2021-08-27 06:41:15-04:00
0,0,0,0,0,0,2021-08-27 14:07:25-04:00
0,0,0,0,0,0,2021-08-30 18:03:00+00:00
0,0,0,0,0,0,2021-08-30 18:03:04+00:00
0,0,0,0,0,0,2021-08-30 15:27:27-04:00
0,0,0,0,0,0,2021-08-30 15:54:13-04:00
0,0,0,0,0,0,2021-09-02 15:41:58-04:00
0,0,0,0,0,0,2021-09-02 19:43:44+00:00
0,0,0,0,0,0,2021-09-02 15:48:42-04:00
0,0,0,0,0,0,2021-09-02 19:50:02+00:00
0,0,0,0,0,0,2021-09-02 17:06:49-04:00
0,0,0,0,0,0,2021-09-02 17:14:11-04:00
0,0,0,0,0,0,2021-09-06 18:02:56+00:00
0,0,0,0,0,0,2021-09-06 18:02:58+00:00
0,0,0,0,0,0,2021-09-08 05:19:01-04:00
0,0,0,0,0,0,2021-09-08 05:19:15-04:00
0,0,0,0,0,0,2021-09-08 16:53:23+00:00
0,0,0,0,0,0,2021-09-08 16:53:24+00:00
0,0,0,0,0,0,2021-09-08 14:12:00-04:00
0,0,0,0,0,0,2021-09-08 14:23:50-04:00
0,0,0,0,0,0,2021-09-15 16:12:35-04:00
0,0,0,0,0,0,2021-09-20 18:03:12+00:00
0,0,0,0,0,0,2021-09-20 18:03:17+00:00
0,0,0,0,0,0,2021-09-21 10:14:46-04:00
0,0,0,0,0,0,2021-09-21 10:14:58-04:00
0,0,0,0,0,0,2021-09-27 18:02:48+00:00
0,0,0,0,0,0,2021-09-27 18:02:58+00:00
0,0,0,0,0,0,2021-09-27 15:53:19-04:00
0,0,0,0,0,0,2021-09-27 16:03:12-04:00
0,0,0,0,0,0,2021-10-01 21:01:48+00:00
0,0,0,0,0,0,2021-10-04 09:57:20-04:00
0,0,0,0,0,0,2021-10-04 18:03:11+00:00
0,0,0,0,0,0,2021-10-06 09:02:39-04:00
0,0,0,0,0,0,2021-10-06 09:05:51-04:00
0,0,0,0,0,0,2021-10-11 18:02:54+00:00
0,0,0,0,0,0,2021-10-11 18:03:04+00:00
0,0,0,0,0,0,2021-10-12 08:49:30-04:00
0,0,0,0,0,0,2021-10-12 08:49:37-04:00
0,0,0,0,0,0,2021-10-13 16:24:22-04:00
0,0,0,0,0,0,2021-10-14 14:47:27-04:00
0,0,0,0,0,0,2021-10-14 14:48:00-04:00
0,0,0,0,0,0,2021-10-18 18:03:19+00:00
0,0,0,0,0,0,2021-10-25 09:22:56-04:00
0,0,0,0,0,0,2021-10-25 14:06:34+00:00
0,0,0,0,0,0,2021-10-25 14:06:38+00:00
0,0,0,0,0,0,2021-10-25 11:42:05-04:00
0,0,0,0,0,0,2021-10-25 11:54:55-04:00
1,0,0,0,0,0,2021-10-27 13:46:17-04:00
0,0,0,0,0,0,2021-10-27 13:55:28-04:00
0,0,0,0,0,0,2021-10-28 16:11:46-04:00
0,0,0,0,0,0,2021-10-28 16:14:52-04:00
0,0,0,0,0,0,2021-10-28 16:34:35-04:00
1,0,0,0,0,0,2021-10-29 08:49:14-04:00
0,0,0,0,0,0,2021-10-29 10:57:46-04:00
0,0,0,0,0,0,2021-11-01 18:03:26+00:00
0,0,0,0,0,0,2021-11-01 18:03:30+00:00
0,0,0,0,0,0,2021-11-01 15:28:14-04:00
0,0,0,0,0,0,2021-11-01 15:40:39-04:00
0,0,0,0,0,0,2021-11-01 21:02:04+00:00
0,0,0,0,0,0,2021-11-04 10:21:51-04:00
0,0,0,0,0,0,2021-11-04 15:56:20-04:00
1,0,0,0,0,0,2021-11-04 16:04:53-04:00
1,0,0,0,0,0,2021-11-05 05:53:06-04:00
0,0,0,0,0,0,2021-11-05 05:59:54-04:00
0,0,0,0,0,0,2021-11-05 06:00:16-04:00
0,0,0,0,0,0,2021-11-05 06:08:55-04:00
0,0,0,0,0,0,2021-11-05 06:09:20-04:00
1,0,0,0,0,0,2021-11-05 06:32:41-04:00
0,0,0,0,0,0,2021-11-05 07:31:44-04:00
0,0,0,0,0,0,2021-11-05 09:03:25-04:00
0,0,0,0,0,0,2021-11-05 09:06:54-04:00
0,0,0,0,0,0,2021-11-05 09:08:29-04:00
1,0,0,0,0,0,2021-11-05 09:09:12-04:00
1,0,0,0,0,0,2021-11-05 11:20:19-04:00
1,0,0,0,0,0,2021-11-05 15:00:36-04:00
0,0,0,0,0,0,2021-11-05 15:02:24-04:00
1,0,0,0,0,0,2021-11-08 11:47:44-05:00
0,0,0,0,0,0,2021-11-08 12:24:52-05:00
0,0,0,0,0,0,2021-11-08 18:03:07+00:00
0,0,0,0,0,0,2021-11-08 18:03:09+00:00
0,0,0,0,0,0,2021-11-08 14:40:55-05:00
0,0,0,0,0,0,2021-11-08 15:21:33-05:00
0,0,0,0,0,0,2021-11-09 08:40:12-05:00
0,0,0,0,0,0,2021-11-09 13:13:10-05:00
0,0,0,0,0,0,2021-11-09 13:13:27-05:00
0,0,0,0,0,0,2021-11-09 13:18:01-05:00
1,0,0,0,0,0,2021-11-11 12:24:07-05:00
0,0,0,0,0,0,2021-11-11 14:53:39-05:00
0,0,0,0,0,0,2021-11-11 14:54:10-05:00
1,1,0,0,0,0,2021-11-11 14:54:23-05:00
1,1,0,0,0,0,2021-11-11 17:02:19-05:00
0,0,0,0,0,0,2021-11-12 09:27:13-05:00
0,0,0,0,0,0,2021-11-15 18:02:57+00:00
0,0,0,0,0,0,2021-11-15 18:03:00+00:00
0,0,0,0,0,0,2021-11-17 09:00:20-05:00
0,0,0,0,0,0,2021-11-17 09:00:36-05:00
0,0,0,0,0,0,2021-11-18 11:15:50+00:00
0,0,0,0,0,0,2021-11-18 11:15:51+00:00
0,0,0,0,0,0,2021-11-18 07:53:40-05:00
0,0,0,0,0,0,2021-11-18 08:08:54-05:00
0,0,0,0,0,0,2021-11-22 18:02:58+00:00
0,0,0,0,0,0,2021-11-22 18:02:58+00:00
0,0,0,0,0,0,2021-11-29 12:53:56-05:00
0,0,0,0,0,0,2021-11-29 12:54:08-05:00
0,0,0,0,0,0,2021-11-29 18:03:00+00:00
0,0,0,0,0,0,2021-11-29 18:03:05+00:00
0,0,0,0,0,0,2021-11-29 15:26:16-05:00
0,0,0,0,0,0,2021-11-29 15:26:24-05:00
1,0,0,0,0,0,2021-11-30 15:11:45-05:00
1,0,0,0,0,0,2021-11-30 16:58:14-05:00
0,0,0,0,0,0,2021-12-01 11:07:22-05:00
0,0,0,0,0,0,2021-12-01 11:08:06-05:00
0,0,0,0,0,0,2021-12-01 11:09:44-05:00
0,0,0,0,0,0,2021-12-01 12:03:03-05:00
0,0,0,0,0,0,2021-12-01 13:45:29-05:00
0,0,0,0,0,0,2021-12-01 13:46:53-05:00
0,0,0,0,0,0,2021-12-01 21:01:54+00:00
0,0,0,0,0,0,2021-12-01 21:01:56+00:00
0,0,0,0,0,0,2021-12-01 21:01:59+00:00
0,0,0,0,0,0,2021-12-01 21:02:01+00:00
0,0,0,0,0,0,2021-12-01 21:02:06+00:00
0,0,0,0,0,0,2021-12-02 08:16:43-05:00
0,0,0,0,0,0,2021-12-02 08:16:58-05:00
0,0,0,0,0,0,2021-12-02 08:17:11-05:00
0,0,0,0,0,0,2021-12-02 08:17:20-05:00
0,0,0,0,0,0,2021-12-02 08:18:40-05:00
0,0,0,0,0,0,2021-12-02 08:29:09-05:00
0,0,0,0,0,0,2021-12-06 18:03:05+00:00
0,0,0,0,0,0,2021-12-06 18:03:06+00:00
0,0,0,0,0,0,2021-12-06 14:29:33-05:00
0,0,0,0,0,0,2021-12-06 14:57:57-05:00
0,0,0,0,0,0,2021-12-13 18:03:07+00:00
0,0,0,0,0,0,2021-12-13 18:03:09+00:00
0,0,0,0,0,0,2021-12-13 14:37:02-05:00
0,0,0,0,0,0,2021-12-13 14:53:34-05:00
0,0,0,0,0,0,2021-12-15 18:16:59+00:00
0,0,0,0,0,0,2021-12-15 18:17:01+00:00
0,0,0,0,0,0,2021-12-15 14:51:01-05:00
0,0,0,0,0,0,2021-12-15 15:07:15-05:00
0,0,0,0,0,0,2022-01-01 21:01:11+00:00
0,0,0,0,0,0,2022-01-03 07:38:14-05:00
0,0,0,0,0,0,2022-01-03 12:42:57+00:00
0,0,0,0,0,0,2022-01-03 12:42:59+00:00
0,0,0,0,0,0,2022-01-03 10:10:53-05:00
0,0,0,0,0,0,2022-01-03 10:11:01-05:00
0,0,0,0,0,0,2022-01-04 07:41:32-05:00
0,0,0,0,0,0,2022-01-10 18:03:03+00:00
0,0,0,0,0,0,2022-01-10 18:03:13+00:00
0,0,0,0,0,0,2022-01-12 06:52:45-05:00
0,0,0,0,0,0,2022-01-12 06:52:53-05:00
0,0,0,0,0,0,2022-01-17 18:03:01+00:00
0,0,0,0,0,0,2022-01-18 13:37:48+00:00
0,0,0,0,0,0,2022-01-18 08:39:18-05:00
0,0,0,0,0,0,2022-01-18 10:28:05-05:00
0,0,0,0,0,0,2022-01-18 12:24:00-05:00
0,0,0,0,0,0,2022-01-18 12:32:52-05:00
0,0,0,0,0,0,2022-01-18 17:13:54-05:00
0,0,0,0,0,0,2022-01-19 13:57:07-05:00
0,0,0,0,0,0,2022-01-19 15:36:51-05:00
0,0,0,0,0,0,2022-01-24 18:02:55+00:00
0,0,0,0,0,0,2022-01-24 18:02:57+00:00
0,0,0,0,0,0,2022-01-24 14:38:33-05:00
0,0,0,0,0,0,2022-01-24 14:58:01-05:00
0,0,0,0,0,0,2022-01-26 16:42:23-05:00
0,0,0,0,0,0,2022-01-27 12:25:14-05:00
0,0,0,0,0,0,2022-01-28 06:55:19-05:00
0,0,0,0,0,0,2022-01-31 18:03:15+00:00
0,0,0,0,0,0,2022-01-31 18:03:24+00:00
0,0,0,0,0,0,2022-02-01 21:01:25+00:00
0,0,0,0,0,0,2022-02-01 21:01:27+00:00
0,0,0,0,0,0,2022-02-01 21:01:30+00:00
0,0,0,0,0,0,2022-02-02 06:06:06-05:00
0,0,0,0,0,0,2022-02-02 06:06:18-05:00
0,0,0,0,0,0,2022-02-02 06:06:29-05:00
0,0,0,0,0,0,2022-02-02 06:06:43-05:00
0,0,0,0,0,0,2022-02-02 06:06:52-05:00
0,0,0,0,0,0,2022-02-07 18:03:03+00:00
0,0,0,0,0,0,2022-02-07 18:03:04+00:00
0,0,0,0,0,0,2022-02-09 12:37:40-05:00
0,0,0,0,0,0,2022-02-09 12:37:51-05:00
0,0,0,0,0,0,2022-02-14 18:03:15+00:00
0,0,0,0,0,0,2022-02-14 18:03:17+00:00
0,0,0,0,0,0,2022-02-16 09:00:47-05:00
0,0,0,0,0,0,2022-02-16 09:00:55-05:00
0,0,0,0,0,0,2022-02-18 11:38:37+00:00
0,0,0,0,0,0,2022-02-18 11:38:38+00:00
0,0,0,0,0,0,2022-02-18 08:17:10-05:00
0,0,0,0,0,0,2022-02-18 08:41:01-05:00
0,0,0,0,0,0,2022-02-21 18:03:13+00:00
0,0,0,0,0,0,2022-02-21 18:03:17+00:00
0,0,0,0,0,0,2022-02-22 10:05:12-05:00
0,0,0,0,0,0,2022-02-22 10:05:26-05:00
0,0,0,0,0,0,2022-02-28 18:03:19+00:00
0,0,0,0,0,0,2022-02-28 18:12:30+00:00
0,0,0,0,0,0,2022-02-28 15:02:45-05:00
0,0,0,0,0,0,2022-02-28 15:18:50-05:00
0,0,0,0,0,0,2022-03-01 21:02:58+00:00
0,0,0,0,0,0,2022-03-01 21:03:01+00:00
0,0,0,0,0,0,2022-03-01 21:03:05+00:00
0,0,0,0,0,0,2022-03-01 16:09:07-05:00
0,0,0,0,0,0,2022-03-01 16:09:40-05:00
0,0,0,0,0,0,2022-03-01 16:10:13-05:00
0,0,0,0,0,0,2022-03-01 19:11:42-05:00
0,0,0,0,0,0,2022-03-01 19:11:50-05:00
0,0,0,0,0,0,2022-03-01 19:12:51-05:00
0,0,0,0,0,0,2022-03-07 18:03:20+00:00
0,0,0,0,0,0,2022-03-07 18:03:26+00:00
0,0,0,0,0,0,2022-03-08 05:36:28-05:00
0,0,0,0,0,0,2022-03-08 05:37:03-05:00
0,0,0,0,0,0,2022-03-08 06:38:58-05:00
0,0,0,0,0,0,2022-03-08 08:34:51-05:00
0,0,0,0,0,0,2022-03-08 08:35:19-05:00
0,0,0,0,0,0,2022-03-08 08:51:35-05:00
0,0,0,0,0,0,2022-03-08 08:53:28-05:00
0,0,0,0,0,0,2022-03-08 08:55:26-05:00
0,0,0,0,0,0,2022-03-14 18:03:06+00:00
0,0,0,0,0,0,2022-03-14 18:03:15+00:00
0,0,0,0,0,0,2022-03-14 15:53:22-04:00
0,0,0,0,0,0,2022-03-14 16:08:35-04:00
0,0,0,0,0,0,2022-03-16 10:08:23-04:00
0,0,0,0,0,0,2022-03-21 18:03:17+00:00
0,0,0,0,0,0,2022-03-21 18:03:19+00:00
0,0,0,0,0,0,2022-03-21 15:36:36-04:00
0,0,0,0,0,0,2022-03-21 15:53:38-04:00
0,0,0,0,0,0,2022-03-22 08:15:35-04:00
0,0,0,0,0,0,2022-03-22 08:16:02-04:00
1,0,0,0,0,0,2022-03-22 08:19:01-04:00
0,0,0,0,0,0,2022-03-22 13:47:00-04:00
0,0,0,0,0,0,2022-03-22 15:09:40-04:00
0,0,0,0,0,0,2022-04-04 12:14:08-04:00
0,0,0,0,0,0,2022-04-04 13:01:07-04:00
0,0,0,0,0,0,2022-04-04 17:01:40+00:00
0,0,0,0,0,0,2022-04-04 17:01:53+00:00
0,0,0,0,0,0,2022-04-04 18:03:19+00:00
0,0,0,0,0,0,2022-04-04 14:20:46-04:00
0,0,0,0,0,0,2022-04-04 14:58:04-04:00
0,0,0,0,0,0,2022-04-04 15:00:09-04:00
0,0,0,0,0,0,2022-04-08 18:09:39+00:00
0,0,0,0,0,0,2022-04-08 14:11:46-04:00
0,0,0,0,0,0,2022-04-08 14:48:40-04:00
0,0,0,0,0,0,2022-04-08 15:28:06-04:00
0,0,0,0,0,0,2022-04-11 18:03:47+00:00
0,0,0,0,0,0,2022-04-11 14:50:10-04:00
0,0,0,0,0,0,2022-04-18 18:03:21+00:00
0,0,0,0,0,0,2022-04-18 14:43:29-04:00
0,0,0,0,0,0,2022-04-27 13:03:25+00:00
0,0,0,0,0,0,2022-04-27 09:44:46-04:00
0,0,0,0,0,0,2022-05-02 18:03:20+00:00
0,0,0,0,0,0,2022-05-02 14:29:51-04:00
0,0,0,0,0,0,2022-05-02 15:09:22-04:00
0,0,0,0,0,0,2022-05-02 19:13:55+00:00
0,0,0,0,0,0,2022-05-02 19:14:14+00:00
0,0,0,0,0,0,2022-05-02 16:19:12-04:00
0,0,0,0,0,0,2022-05-02 16:42:11-04:00
0,0,0,0,0,0,2022-05-02 20:42:50+00:00
0,0,0,0,0,0,2022-05-02 17:55:42-04:00
0,0,0,0,0,0,2022-05-13 14:33:23-04:00
0,0,0,0,0,0,2022-05-13 15:19:38-04:00
0,0,0,0,0,0,2022-05-13 20:11:34+00:00
0,0,0,0,0,0,2022-05-13 17:26:49-04:00
0,0,0,0,0,0,2022-05-16 10:02:16-04:00
0,0,0,0,0,0,2022-05-18 15:49:09+00:00
0,0,0,0,0,0,2022-05-18 12:37:20-04:00
0,0,0,0,0,0,2022-05-23 18:03:22+00:00
0,0,0,0,0,0,2022-05-23 14:43:42-04:00
0,0,0,0,0,0,2022-05-30 18:03:11+00:00
0,0,0,0,0,0,2022-05-31 10:18:51-04:00
0,0,0,0,0,0,2022-06-01 21:02:14+00:00
0,0,0,0,0,0,2022-06-01 21:02:16+00:00
0,0,0,0,0,0,2022-06-01 21:02:20+00:00
0,0,0,0,0,0,2022-06-02 09:07:55-04:00
0,0,0,0,0,0,2022-06-02 09:08:13-04:00
0,0,0,0,0,0,2022-06-02 09:08:41-04:00
0,0,0,0,0,0,2022-06-02 09:11:26-04:00
0,0,0,0,0,0,2022-06-06 18:03:37+00:00
0,0,0,0,0,0,2022-06-06 14:43:08-04:00
0,0,0,0,0,0,2022-06-08 15:23:38-04:00
0,0,0,0,0,0,2022-06-13 18:03:11+00:00
0,0,0,0,0,0,2022-06-13 15:04:14-04:00
0,0,0,0,0,0,2022-06-20 18:03:27+00:00
0,0,0,0,0,0,2022-06-22 12:36:33-04:00
0,0,0,0,0,0,2022-06-27 18:04:02+00:00
0,0,0,0,0,0,2022-06-27 14:53:42-04:00
