Acquisition,Preparation,Modeling,Training,Evaluation,Prediction,time
0,0,0,0,0,0,2015-06-25 00:26:35+02:00
0,0,0,0,0,0,2015-06-26 16:43:12+02:00
0,2,1,1,0,1,2015-06-26 17:47:48+02:00
0,2,1,1,0,1,2015-06-30 19:42:37+02:00
0,1,0,0,0,0,2015-06-30 21:41:59+02:00
0,2,0,0,0,0,2015-06-30 21:56:58+02:00
0,1,0,0,0,0,2015-06-30 23:20:53+02:00
0,3,0,0,0,0,2015-07-23 06:40:33+02:00
0,4,0,0,0,0,2015-07-23 21:31:39+02:00
0,0,0,0,0,0,2015-07-26 20:17:15+02:00
0,0,0,0,0,0,2015-07-26 20:19:38+02:00
0,0,0,0,0,0,2015-07-26 20:24:14+02:00
0,0,0,0,0,0,2015-07-26 20:39:37+02:00
0,0,0,0,0,0,2015-07-26 20:43:11+02:00
0,0,0,0,0,0,2015-07-26 20:46:16+02:00
0,0,0,0,0,0,2015-07-26 20:53:38+02:00
0,0,0,0,0,0,2015-07-26 20:55:50+02:00
0,0,0,0,0,0,2015-07-26 21:04:21+02:00
0,0,0,0,0,0,2015-07-26 22:12:08+02:00
0,0,0,0,0,0,2015-07-26 22:17:04+02:00
0,2,0,0,0,0,2015-08-04 03:06:07+02:00
0,2,0,0,0,0,2015-08-04 04:54:14+02:00
0,0,0,0,0,0,2015-08-08 04:18:05+02:00
0,2,0,0,0,0,2015-08-08 22:57:13+02:00
0,0,0,0,0,0,2015-08-09 01:44:43+02:00
0,5,0,0,0,0,2015-08-09 21:26:24+02:00
0,3,0,0,0,0,2015-08-11 03:31:46+02:00
0,2,0,0,0,0,2015-08-11 19:36:34+02:00
0,1,0,0,0,0,2015-08-11 22:15:26+02:00
0,5,0,0,0,0,2015-08-12 00:26:24+02:00
0,1,0,0,0,0,2015-08-13 03:08:18+02:00
0,2,0,0,0,0,2015-08-13 03:37:29+02:00
0,3,0,0,0,0,2015-08-15 03:44:34+02:00
0,0,0,0,0,0,2015-08-16 03:37:40+02:00
0,2,0,0,0,0,2015-08-16 19:13:50+02:00
0,3,0,0,0,0,2015-08-18 04:20:56+02:00
0,1,0,0,0,0,2015-08-20 03:50:40+02:00
0,2,0,0,0,0,2015-08-20 04:38:28+02:00
0,2,0,0,0,0,2015-08-22 03:20:04+02:00
0,2,0,0,0,0,2015-08-23 23:34:22+02:00
0,1,0,0,0,0,2015-08-24 19:34:22+02:00
0,0,0,0,0,0,2015-08-24 19:49:50+02:00
0,1,0,0,0,0,2015-08-25 01:26:35+02:00
0,4,0,0,0,0,2015-08-27 04:07:45+02:00
0,1,0,0,0,0,2015-08-27 18:06:07+02:00
0,1,0,0,0,0,2015-08-27 18:44:31+02:00
0,1,0,0,0,0,2015-08-28 04:12:48+02:00
0,1,0,0,0,0,2015-08-28 04:27:25+02:00
0,2,0,0,0,0,2015-08-30 01:27:11+02:00
0,1,0,0,0,0,2015-08-30 01:39:48+02:00
0,1,0,0,0,0,2015-08-30 01:55:23+02:00
0,1,0,0,0,0,2015-08-30 02:00:48+02:00
0,0,0,0,0,0,2015-08-30 02:18:43+02:00
0,0,0,0,0,0,2015-08-30 03:51:03+02:00
0,3,0,0,0,0,2015-08-30 05:59:49+02:00
0,1,0,0,0,0,2015-08-30 06:28:32+02:00
0,0,0,0,0,0,2015-08-30 15:23:08+02:00
0,0,0,0,0,0,2015-08-30 18:05:13+02:00
0,0,0,0,0,0,2015-08-30 18:05:45+02:00
0,0,0,0,0,0,2015-08-30 18:07:06+02:00
0,0,0,0,0,0,2015-08-30 18:07:17+02:00
0,1,0,0,0,0,2015-08-30 20:08:28+02:00
0,1,0,0,0,0,2015-08-30 23:35:09+02:00
0,1,0,0,0,0,2015-08-30 23:52:54+02:00
0,0,0,0,0,0,2016-05-27 13:42:07+02:00
0,0,0,0,0,0,2016-05-27 13:42:20+02:00
0,0,0,0,0,0,2016-05-30 21:09:38+01:00
0,0,0,0,0,0,2016-05-30 21:12:21+01:00
0,0,0,0,0,0,2016-05-30 21:23:40+01:00
0,0,0,0,0,0,2016-05-30 21:24:33+01:00
0,1,0,0,0,0,2016-08-05 10:07:00-07:00
0,0,0,0,0,0,2016-08-05 21:59:13+01:00
