Acquisition,Preparation,Modeling,Training,Evaluation,Prediction,time
0,0,0,0,0,0,2021-04-29 10:49:18+01:00
1,1,0,0,0,0,2021-07-20 17:28:05+01:00
0,0,0,0,0,0,2021-07-20 20:39:25+01:00
1,1,0,0,0,0,2021-07-20 20:43:58+01:00
0,0,0,0,0,0,2021-07-22 12:11:00+01:00
0,0,0,0,0,0,2021-07-22 12:12:28+01:00
0,0,0,0,0,0,2021-07-22 17:40:53+01:00
0,0,0,0,0,0,2021-07-27 08:10:17+01:00
0,0,0,0,0,0,2021-07-27 10:47:13+01:00
0,0,0,0,0,0,2021-07-27 11:52:33+01:00
3,3,2,0,2,1,2021-07-27 12:58:30+01:00
3,17,6,2,4,1,2021-07-27 13:03:20+01:00
0,0,0,0,0,0,2021-07-27 16:06:26+01:00
2,2,2,0,2,2,2021-07-27 16:52:49+01:00
0,0,0,0,0,0,2021-07-27 16:53:38+01:00
0,0,0,0,0,0,2021-07-27 17:35:38+01:00
0,0,0,0,0,0,2021-07-29 12:14:46+01:00
0,0,0,0,0,0,2021-08-02 09:25:58+01:00
0,0,0,0,0,0,2021-08-02 12:59:18+01:00
0,0,0,0,0,0,2021-08-02 13:46:35+01:00
0,0,0,0,0,0,2021-08-03 10:54:01+01:00
0,0,0,0,0,0,2021-08-03 16:09:32+01:00
0,1,0,0,0,1,2021-08-04 09:22:51+01:00
0,0,0,0,0,0,2021-08-04 12:11:04+01:00
0,0,0,0,0,0,2021-08-04 12:11:54+01:00
0,0,0,0,0,0,2021-08-12 12:52:50+01:00
0,0,0,0,0,0,2021-08-12 12:53:29+01:00
0,1,0,0,0,1,2021-08-25 16:47:14+01:00
0,0,0,0,0,0,2021-08-25 16:47:39+01:00
0,0,0,0,0,0,2021-08-27 18:12:19+01:00
0,0,0,0,0,0,2021-08-27 18:14:30+01:00
0,0,0,0,0,0,2021-08-31 21:48:51+01:00
0,0,0,0,0,0,2021-09-01 11:52:03+01:00
0,0,0,0,0,0,2021-09-01 13:11:18+01:00
0,0,0,0,0,0,2021-09-01 13:12:33+01:00
0,0,0,0,0,0,2021-09-01 15:45:23+01:00
0,0,0,0,0,0,2021-09-01 15:45:53+01:00
0,0,0,0,0,0,2021-09-01 17:16:09+01:00
0,0,0,0,0,0,2021-09-06 15:11:07+01:00
0,0,0,0,0,0,2021-09-06 15:11:46+01:00
0,0,0,0,0,0,2021-09-08 08:30:21+01:00
0,0,0,0,0,0,2021-09-08 08:30:45+01:00
0,0,0,0,0,0,2021-09-09 13:20:35+01:00
0,0,0,0,0,0,2021-09-09 13:34:08+01:00
0,0,0,0,0,0,2021-09-09 13:38:51+01:00
0,0,0,0,0,0,2021-09-09 17:34:25+01:00
0,0,0,0,0,0,2021-09-10 12:32:02+01:00
0,0,0,0,0,0,2021-09-10 12:42:24+01:00
0,0,0,0,0,0,2021-09-10 14:05:12+01:00
1,1,1,0,1,1,2021-09-10 15:51:27+01:00
0,0,0,0,0,0,2021-09-10 15:51:54+01:00
0,0,0,0,0,0,2021-09-13 12:56:20+01:00
0,0,0,0,0,0,2021-09-13 13:01:28+01:00
0,0,0,0,0,0,2021-09-13 13:01:52+01:00
0,1,1,0,1,1,2021-09-13 13:42:11+01:00
0,0,0,0,0,0,2021-09-13 13:42:27+01:00
0,0,0,0,0,0,2021-09-13 15:36:29+01:00
0,0,0,0,0,0,2021-09-13 15:36:49+01:00
0,0,0,0,0,0,2021-09-14 15:28:02+01:00
0,0,0,0,0,0,2021-09-14 15:51:15+01:00
0,0,0,0,0,0,2021-09-14 16:06:38+01:00
0,0,0,0,0,0,2021-09-14 16:07:07+01:00
0,1,1,0,1,1,2021-09-15 16:58:39+01:00
0,0,0,0,0,0,2021-09-15 17:07:12+01:00
0,0,0,0,0,0,2021-09-20 13:20:52+01:00
0,0,0,0,0,0,2021-09-20 13:21:18+01:00
0,0,0,0,0,0,2021-09-30 09:55:25+01:00
0,0,0,0,0,0,2021-10-15 09:58:20+01:00
0,0,0,0,0,0,2021-10-15 09:59:45+01:00
0,0,0,0,0,0,2021-10-15 12:12:25+01:00
0,0,0,0,0,0,2021-10-15 12:12:49+01:00
0,0,0,0,0,0,2021-10-20 09:23:39+01:00
0,0,0,0,0,0,2021-10-20 10:57:46+01:00
0,0,0,0,0,0,2021-10-20 10:57:51+01:00
0,0,0,0,0,0,2021-10-20 11:13:10+01:00
0,0,0,0,0,0,2021-10-20 11:15:19+01:00
0,0,0,0,0,0,2021-10-20 11:22:33+01:00
0,0,0,0,0,0,2021-10-20 11:26:01+01:00
0,0,0,0,0,0,2021-11-01 08:55:36+00:00
0,0,0,0,0,0,2021-11-01 09:00:09+00:00
0,0,0,0,0,0,2021-11-01 14:02:30+00:00
0,0,0,0,0,0,2021-11-01 14:46:44+00:00
0,0,0,0,0,0,2021-11-05 14:10:29+00:00
0,0,0,0,0,0,2021-11-05 14:14:34+00:00
0,0,0,0,0,0,2021-11-09 15:22:04+00:00
0,0,0,0,0,0,2021-11-10 14:18:13+00:00
0,0,0,0,0,0,2021-11-10 14:19:15+00:00
0,0,0,0,0,0,2021-11-10 14:25:19+00:00
1,1,0,0,0,0,2021-11-10 14:33:08+00:00
1,1,0,0,0,0,2021-11-11 13:20:52+00:00
0,0,0,0,0,0,2021-11-11 13:23:59+00:00
0,0,0,0,0,0,2021-11-12 22:12:24+00:00
0,0,0,0,0,0,2021-11-15 09:38:17+00:00
1,7,2,1,3,2,2021-11-15 10:50:25+00:00
0,0,0,0,0,0,2021-11-15 10:54:49+00:00
0,0,0,0,0,0,2021-11-16 14:59:49+00:00
0,0,0,0,0,0,2021-11-16 15:00:51+00:00
1,1,0,0,0,0,2021-11-17 09:31:34+00:00
0,1,0,0,0,0,2021-11-17 14:01:01+00:00
0,0,0,0,0,0,2021-11-18 10:26:56+00:00
0,0,0,0,0,0,2021-11-18 12:03:44+00:00
0,0,0,0,0,0,2021-11-18 12:13:32+00:00
0,0,0,0,0,0,2021-11-18 12:14:21+00:00
0,0,0,0,0,0,2021-11-18 17:09:12+00:00
0,0,0,0,0,0,2021-11-18 17:10:04+00:00
0,0,0,0,0,0,2021-11-19 12:01:51+00:00
0,0,0,0,0,0,2021-11-19 12:28:49+00:00
0,0,0,0,0,0,2021-11-25 09:18:42+00:00
0,0,0,0,0,0,2021-11-25 09:19:48+00:00
0,0,0,0,0,0,2021-12-14 15:07:58+00:00
0,0,0,0,0,0,2021-12-14 15:11:48+00:00
0,0,0,0,0,0,2021-12-14 15:30:34+00:00
0,0,0,0,0,0,2021-12-14 15:56:20+00:00
0,0,0,0,0,0,2021-12-15 11:35:48+00:00
0,0,0,0,0,0,2021-12-15 14:31:06+00:00
0,0,0,0,0,0,2021-12-16 15:01:15+00:00
0,0,0,0,0,0,2021-12-16 15:02:08+00:00
0,0,0,0,0,0,2021-12-16 17:29:47+00:00
0,0,0,0,0,0,2021-12-16 17:32:08+00:00
0,0,0,0,0,0,2021-12-13 17:50:26+00:00
0,0,0,0,0,0,2021-12-13 17:51:17+00:00
0,0,0,0,0,0,2021-12-13 18:23:40+00:00
0,0,0,0,0,0,2021-12-13 18:39:33+00:00
0,0,0,0,0,0,2021-12-14 06:45:44+00:00
0,0,0,0,0,0,2021-12-14 07:36:55+00:00
0,0,0,0,0,0,2021-12-14 08:14:14+00:00
0,0,0,0,0,0,2021-12-14 09:00:41+00:00
0,0,0,0,0,0,2021-12-14 12:22:08+00:00
0,0,0,0,0,0,2021-12-14 17:36:48+00:00
0,0,0,0,0,0,2021-12-14 18:52:40+00:00
0,0,0,0,0,0,2021-12-15 06:54:00+00:00
0,0,0,0,0,0,2021-12-15 07:03:46+00:00
0,0,0,0,0,0,2021-12-15 07:58:19+00:00
0,0,0,0,0,0,2021-12-15 08:18:28+00:00
0,0,0,0,0,0,2021-12-15 08:24:20+00:00
0,0,0,0,0,0,2021-12-15 08:43:12+00:00
0,0,0,0,0,0,2021-12-15 13:01:02+00:00
0,0,0,0,0,0,2021-12-17 15:03:00+00:00
0,0,0,0,0,0,2021-12-21 10:21:32+00:00
0,0,0,0,0,0,2021-12-21 10:43:08+00:00
0,0,0,0,0,0,2021-12-21 11:54:06+00:00
0,0,0,0,0,0,2021-12-21 12:27:25+00:00
0,0,0,0,0,0,2021-12-22 16:44:33+00:00
0,0,0,0,0,0,2021-12-22 18:08:56+00:00
0,0,0,0,0,0,2022-01-05 12:51:11+00:00
0,0,0,0,0,0,2022-01-05 13:03:07+00:00
0,0,0,0,0,0,2022-01-05 13:04:22+00:00
0,0,0,0,0,0,2022-01-05 13:06:21+00:00
0,0,0,0,0,0,2022-01-05 13:09:00+00:00
0,0,0,0,0,0,2022-01-05 13:11:31+00:00
0,0,0,0,0,0,2022-01-05 13:15:01+00:00
0,0,0,0,0,0,2022-01-05 13:16:21+00:00
0,0,0,0,0,0,2022-01-05 13:17:44+00:00
0,0,0,0,0,0,2022-01-05 13:19:51+00:00
0,0,0,0,0,0,2022-01-05 13:23:22+00:00
0,0,0,0,0,0,2022-01-05 13:25:17+00:00
0,0,0,0,0,0,2022-01-05 13:25:35+00:00
0,0,0,0,0,0,2022-01-05 13:27:16+00:00
0,0,0,0,0,0,2022-01-05 13:28:17+00:00
0,0,0,0,0,0,2022-01-05 13:29:19+00:00
0,0,0,0,0,0,2022-01-05 13:30:31+00:00
0,0,0,0,0,0,2022-01-05 13:31:13+00:00
0,0,0,0,0,0,2022-01-05 13:34:51+00:00
0,0,0,0,0,0,2022-01-05 13:36:09+00:00
0,0,0,0,0,0,2022-01-05 13:37:34+00:00
0,0,0,0,0,0,2022-01-05 13:38:46+00:00
0,0,0,0,0,0,2022-01-05 13:40:40+00:00
0,0,0,0,0,0,2022-01-05 13:47:09+00:00
0,0,0,0,0,0,2022-01-05 13:48:37+00:00
0,0,0,0,0,0,2022-01-05 13:53:09+00:00
0,0,0,0,0,0,2022-01-05 13:54:29+00:00
0,0,0,0,0,0,2022-01-05 13:56:04+00:00
0,0,0,0,0,0,2022-01-05 13:58:33+00:00
0,0,0,0,0,0,2022-01-05 14:11:36+00:00
0,0,0,0,0,0,2022-01-05 19:20:07+00:00
0,0,0,0,0,0,2022-01-06 13:59:21+00:00
0,0,0,0,0,0,2022-01-06 14:45:07+00:00
0,0,0,0,0,0,2022-01-06 15:38:55+00:00
0,0,0,0,0,0,2022-01-06 15:45:09+00:00
0,0,0,0,0,0,2022-01-06 15:49:58+00:00
0,0,0,0,0,0,2022-01-06 15:52:18+00:00
0,0,0,0,0,0,2022-01-06 16:00:21+00:00
0,0,0,0,0,0,2022-01-06 18:44:02+00:00
0,0,0,0,0,0,2022-01-06 18:50:01+00:00
0,0,0,0,0,0,2022-01-06 20:35:22+00:00
0,0,0,0,0,0,2022-01-10 14:24:40+00:00
1,1,0,0,0,0,2022-06-09 11:24:55+01:00
0,0,0,0,0,0,2022-06-09 11:55:14+01:00
0,0,0,0,0,0,2022-06-13 11:39:57+01:00
0,0,0,0,0,0,2022-06-14 08:43:51+01:00
0,0,0,0,0,0,2022-06-14 12:21:46+01:00
0,0,0,0,0,0,2022-06-14 14:46:53+01:00
