Acquisition,Preparation,Modeling,Training,Evaluation,Prediction,time
3,43,4,6,0,4,2021-10-20 20:27:21+00:00
0,0,0,0,0,0,2021-10-21 05:24:18+00:00
0,1,0,2,0,0,2021-10-25 20:12:11+00:00
0,0,0,0,0,0,2021-10-25 21:26:32+00:00
1,1,0,0,0,0,2021-10-28 21:20:22+00:00
0,2,0,0,0,1,2021-11-01 19:51:56+00:00
0,1,0,0,0,1,2021-11-01 20:53:31+00:00
0,6,0,2,0,0,2021-11-02 17:35:45+00:00
1,1,1,0,0,0,2021-11-03 15:22:55+00:00
0,0,0,0,0,0,2021-11-03 17:57:35+00:00
0,1,0,0,0,0,2021-11-04 17:03:42+00:00
1,1,0,0,0,0,2021-11-04 17:39:33+00:00
0,0,0,0,0,0,2021-11-04 18:07:01+00:00
0,2,0,0,0,0,2021-11-05 17:58:47-04:00
0,0,0,0,0,0,2021-11-08 17:51:04-05:00
0,0,0,0,0,0,2021-11-09 08:29:25-05:00
1,3,0,1,0,1,2021-11-09 18:24:37-05:00
0,1,0,0,0,0,2021-11-10 13:20:05-05:00
0,2,0,0,0,1,2021-11-10 18:06:41-05:00
0,1,0,2,0,0,2021-11-12 18:27:27-05:00
0,1,0,2,0,0,2021-11-15 15:06:39-05:00
0,0,0,0,0,0,2021-11-29 16:13:45-05:00
0,0,0,0,0,0,2021-11-29 17:17:04-05:00
0,0,0,0,0,0,2021-11-29 18:06:44-05:00
1,2,0,0,0,0,2021-11-30 14:03:46-05:00
0,1,0,0,0,0,2021-11-30 16:32:09-05:00
0,0,0,0,0,0,2021-11-30 17:07:54-05:00
0,1,0,0,0,0,2021-12-01 11:02:13-05:00
1,3,0,1,0,1,2021-12-01 13:46:07-05:00
0,1,0,2,0,0,2021-12-01 22:35:57+00:00
0,0,0,0,0,0,2021-12-02 17:24:19+00:00
0,0,0,0,0,0,2021-12-02 22:12:33+00:00
1,1,0,0,0,0,2021-12-02 23:06:47+00:00
0,0,0,0,0,0,2021-12-03 10:11:58-05:00
0,0,0,0,0,0,2021-12-03 16:07:24+00:00
0,0,0,0,0,0,2021-12-03 16:36:01+00:00
1,1,0,0,0,0,2021-12-03 11:41:13-05:00
0,0,0,0,0,0,2021-12-03 17:02:50+00:00
0,0,0,0,0,0,2021-12-03 12:35:28-05:00
1,1,0,0,0,1,2021-12-03 12:47:39-05:00
1,2,0,0,0,0,2021-12-03 23:07:37+00:00
0,0,0,0,0,0,2021-12-06 17:25:17+00:00
4,2,0,0,0,1,2021-12-06 17:25:50+00:00
0,0,0,0,0,0,2021-12-06 20:12:10+00:00
0,0,0,0,0,0,2021-12-06 20:48:57+00:00
0,0,0,0,0,0,2021-12-06 21:45:45+00:00
0,0,0,0,0,0,2021-12-06 22:21:45+00:00
0,0,0,0,0,0,2021-12-07 16:24:34+00:00
0,0,0,0,0,0,2021-12-07 16:44:08+00:00
0,2,0,0,0,0,2021-12-07 18:20:06+00:00
0,2,0,0,0,1,2021-12-07 20:13:54+00:00
0,1,0,0,0,0,2021-12-07 21:00:30+00:00
0,0,0,0,0,0,2021-12-08 00:13:33+00:00
0,1,0,0,0,0,2021-12-08 02:13:07+00:00
0,2,0,0,0,1,2021-12-08 15:14:12+00:00
0,0,0,0,0,0,2021-12-08 15:15:45+00:00
0,0,0,0,0,0,2021-12-08 15:15:52+00:00
0,0,0,0,0,0,2021-12-08 16:37:32+00:00
0,0,0,0,0,0,2021-12-08 16:56:48+00:00
0,2,0,0,0,0,2021-12-08 16:57:57+00:00
0,0,0,0,0,0,2021-12-08 21:26:49+00:00
0,0,0,0,0,0,2021-12-08 21:45:59+00:00
0,0,0,0,0,0,2021-12-08 21:53:36+00:00
0,0,0,0,0,0,2021-12-09 19:13:26+00:00
0,0,0,0,0,0,2021-12-10 17:17:21+00:00
0,0,0,0,0,0,2021-12-13 18:27:57+00:00
0,2,0,0,0,0,2021-12-15 15:20:37-05:00
0,0,0,0,0,0,2021-12-15 15:52:14-05:00
4,43,3,6,0,4,2022-01-06 10:01:10-05:00
0,1,0,0,0,0,2022-01-11 08:28:05-05:00
0,1,0,0,0,0,2022-01-13 09:02:05-05:00
0,0,0,0,0,0,2022-01-14 11:52:46-05:00
1,5,0,0,0,0,2022-02-01 12:29:49-05:00
0,0,0,0,0,0,2022-02-01 17:42:24-05:00
0,0,0,0,0,0,2022-02-02 13:01:01-05:00
0,1,0,0,0,0,2022-02-03 12:25:10-05:00
0,0,0,0,0,0,2022-02-04 08:02:59-05:00
0,0,0,0,0,0,2022-02-07 16:58:41-05:00
0,0,0,0,0,0,2022-02-07 20:52:32-05:00
0,0,0,0,0,0,2022-02-08 11:00:00-05:00
1,0,0,0,0,0,2022-02-08 13:43:35-05:00
0,1,0,0,0,0,2022-02-09 11:10:35-05:00
0,0,0,0,0,0,2022-02-09 12:11:42-05:00
1,0,0,0,0,0,2022-02-09 13:39:08-05:00
0,0,0,0,0,0,2022-02-09 13:44:04-05:00
0,1,0,0,0,0,2022-02-09 15:52:15-05:00
0,0,0,0,0,0,2022-02-09 16:49:54-05:00
1,0,0,0,0,0,2022-02-10 12:47:00-05:00
0,2,0,0,0,0,2022-02-10 16:24:40-05:00
1,0,0,0,0,0,2022-02-10 17:43:10-05:00
0,0,0,0,0,0,2022-02-11 17:46:32+00:00
0,0,0,0,0,0,2022-02-11 18:43:33+00:00
0,0,0,0,0,0,2022-02-11 19:49:07+00:00
0,0,0,0,0,0,2022-02-12 00:00:08+00:00
0,0,0,0,0,0,2022-02-14 18:58:35+00:00
1,1,0,0,0,0,2022-02-15 20:31:48+00:00
1,0,0,0,0,0,2022-02-15 21:22:39+00:00
0,1,0,0,0,0,2022-02-15 22:21:29+00:00
1,1,0,0,0,0,2022-02-16 00:01:27+00:00
0,0,0,0,0,0,2022-02-16 17:49:29+00:00
0,0,0,0,0,0,2022-02-16 18:54:53+00:00
0,0,0,0,0,0,2022-02-16 15:50:21-05:00
0,0,0,0,0,0,2022-02-16 21:45:06+00:00
0,0,0,0,0,0,2022-02-16 22:14:59+00:00
1,0,0,0,0,0,2022-02-16 22:21:19+00:00
0,0,0,0,0,0,2022-02-16 23:43:55+00:00
0,0,0,0,0,0,2022-02-17 17:35:53+00:00
1,0,0,0,0,0,2022-02-17 17:44:49+00:00
0,0,0,0,0,0,2022-02-17 18:17:03+00:00
1,0,0,0,0,0,2022-02-17 18:26:15+00:00
