Acquisition,Preparation,Modeling,Training,Evaluation,Prediction,time
0,0,0,0,0,0,2019-10-04 11:00:14-04:00
0,0,0,0,0,0,2019-10-10 20:05:19-04:00
0,1,0,0,0,0,2019-10-15 14:12:39-04:00
0,0,0,0,0,0,2019-10-15 14:12:50-04:00
0,1,0,0,0,0,2019-10-15 15:08:56-04:00
1,0,0,0,0,0,2019-10-15 15:29:31-04:00
0,0,0,0,0,0,2019-10-16 00:34:47-04:00
3,2,0,0,0,0,2019-10-17 13:49:29-04:00
9,7,1,0,0,0,2019-10-20 10:46:34-04:00
1,1,0,0,0,0,2019-10-20 11:18:24-04:00
6,4,1,0,0,0,2019-10-20 13:26:06-04:00
2,2,0,0,0,0,2019-10-21 15:16:07-04:00
6,6,1,0,0,0,2019-10-22 16:55:45-04:00
1,1,0,0,0,0,2019-10-22 17:47:44-04:00
2,2,1,1,1,1,2019-10-23 14:45:59-04:00
6,6,1,0,0,0,2019-10-24 13:14:08-04:00
1,2,2,0,0,0,2019-10-24 13:49:47-04:00
1,1,0,0,0,0,2019-10-24 15:24:34-04:00
4,3,0,0,0,0,2019-10-25 14:19:36-04:00
1,0,0,0,0,0,2019-10-28 22:31:05-04:00
0,0,0,0,0,0,2019-10-28 23:24:54-04:00
0,1,0,0,0,0,2019-10-28 23:47:58-04:00
0,1,0,0,0,0,2019-10-29 00:31:21-04:00
1,1,0,0,1,0,2019-10-29 01:20:18-04:00
1,1,0,0,1,0,2019-10-30 17:26:27-04:00
1,2,0,0,1,0,2019-11-04 14:08:46-05:00
1,1,1,1,1,1,2019-11-06 16:26:43-05:00
0,0,0,0,0,0,2019-11-08 13:21:34-05:00
2,1,0,0,1,0,2019-11-10 13:40:38-05:00
1,1,0,0,0,0,2019-11-10 13:41:37-05:00
3,3,1,1,2,2,2019-11-10 21:17:11-05:00
1,1,0,0,0,0,2019-11-11 11:31:02-05:00
0,0,0,0,0,0,2019-11-11 11:39:08-05:00
0,0,0,0,0,0,2019-11-11 11:45:05-05:00
1,1,0,0,0,0,2019-11-11 12:22:15-05:00
0,0,0,0,0,0,2019-11-11 16:20:28-05:00
1,1,0,0,0,0,2019-11-12 11:11:40-05:00
1,1,0,0,0,0,2019-11-12 12:39:02-05:00
6,6,1,0,0,0,2019-11-11 16:20:52-05:00
1,1,0,0,0,0,2019-11-13 09:50:39-05:00
1,1,0,0,0,0,2019-11-13 11:16:22-05:00
0,0,0,0,0,0,2019-11-13 11:19:26-05:00
3,2,0,0,0,0,2019-11-13 11:37:57-05:00
0,0,0,0,0,0,2019-11-13 11:38:09-05:00
1,1,0,0,0,0,2019-11-13 16:11:51-05:00
1,0,0,0,0,0,2019-11-13 16:14:23-05:00
0,0,0,0,0,0,2019-11-13 16:14:29-05:00
1,1,0,0,0,0,2019-11-13 20:54:53-05:00
1,1,0,0,0,0,2019-11-14 13:05:08-05:00
0,0,0,0,0,0,2019-11-14 13:05:52-05:00
2,2,0,0,1,0,2019-11-15 13:39:09-05:00
1,1,0,0,0,0,2019-11-18 10:45:10-05:00
1,1,0,0,0,0,2019-11-18 10:44:45-05:00
0,0,0,0,0,0,2019-11-18 20:26:59-05:00
2,2,0,0,0,0,2019-11-19 14:45:30-05:00
1,1,0,0,0,0,2019-11-21 13:28:40-05:00
1,1,0,0,0,0,2019-11-22 18:15:45-05:00
7,7,0,0,0,0,2019-11-24 09:23:36-05:00
0,0,0,0,0,0,2019-11-24 12:27:22-05:00
1,1,1,0,0,0,2019-11-24 14:18:26-05:00
13,14,1,0,1,0,2019-11-24 20:15:29-05:00
1,1,1,1,1,1,2019-11-24 23:03:13-05:00
0,0,0,0,0,0,2019-11-24 23:04:03-05:00
0,1,1,1,0,0,2019-11-25 01:17:48-05:00
1,1,0,0,0,0,2019-11-26 12:06:06-05:00
3,3,0,0,0,0,2019-11-26 12:53:30-05:00
0,0,0,0,0,0,2019-11-26 20:43:02-05:00
0,1,1,1,0,0,2019-11-26 21:44:37-05:00
1,1,0,0,0,0,2019-11-26 22:03:33-05:00
0,0,0,0,0,0,2019-11-26 22:07:53-05:00
0,1,1,1,0,0,2019-11-27 12:36:32-05:00
7,7,0,0,2,0,2019-11-29 11:24:45-05:00
0,0,0,0,0,0,2019-11-29 11:24:59-05:00
4,5,2,1,0,0,2019-12-02 11:26:41-05:00
0,0,0,0,0,0,2019-12-02 15:02:33-05:00
3,4,1,0,0,1,2019-12-02 16:35:03-05:00
0,1,1,1,0,0,2019-12-03 00:40:36-05:00
8,8,1,0,0,1,2019-12-02 22:21:03-05:00
0,0,0,0,0,0,2019-12-03 13:38:06-05:00
1,1,1,0,0,1,2019-12-03 14:18:03-05:00
5,5,0,0,1,0,2019-12-05 16:28:57-05:00
1,1,1,0,0,1,2019-12-05 17:27:59-05:00
3,3,1,1,1,0,2019-12-06 19:12:17-05:00
1,1,1,0,0,1,2019-12-07 09:39:09-05:00
1,1,0,0,0,0,2019-12-09 16:15:56-05:00
1,2,1,1,0,0,2019-12-09 17:20:15-05:00
1,1,0,0,0,0,2019-12-10 15:51:13-05:00
0,0,0,0,0,0,2019-12-10 15:52:29-05:00
1,1,0,0,0,1,2019-12-10 16:22:08-05:00
0,0,0,0,0,0,2019-12-10 16:22:35-05:00
3,3,1,1,1,0,2019-12-10 16:24:22-05:00
0,0,0,0,0,0,2019-12-10 16:25:02-05:00
3,3,2,0,1,1,2019-12-10 22:05:51-05:00
