Acquisition,Preparation,Modeling,Training,Evaluation,Prediction,time
0,0,0,0,0,0,2017-02-21 15:18:43+08:00
0,0,0,0,0,0,2017-02-22 19:03:21+08:00
0,0,0,0,0,0,2017-02-22 19:05:35+08:00
0,0,0,0,0,0,2017-02-23 14:19:26+08:00
0,0,0,0,0,0,2017-02-23 14:32:45+08:00
0,0,0,0,0,0,2017-02-24 10:48:06+08:00
0,0,0,0,0,0,2017-02-25 01:51:05+08:00
0,0,0,0,0,0,2017-02-25 17:30:02+08:00
0,0,0,0,0,0,2017-02-27 23:05:57+08:00
0,0,0,0,0,0,2017-02-28 22:38:18+08:00
0,0,0,0,0,0,2017-03-01 13:12:51+08:00
0,0,0,0,0,0,2017-03-02 22:18:52+08:00
0,0,0,0,0,0,2017-03-03 21:20:22+08:00
0,0,0,0,0,0,2017-03-05 22:58:58+08:00
0,0,0,0,0,0,2017-03-08 21:54:09+08:00
0,0,0,0,0,0,2017-03-09 15:22:44+08:00
4,9,1,6,3,5,2018-02-05 16:17:55+08:00
0,1,0,1,1,1,2018-02-21 23:01:11+08:00
0,0,0,0,0,0,2018-02-21 23:10:42+08:00
0,0,0,0,0,0,2018-02-21 23:11:22+08:00
1,1,0,1,1,1,2018-02-22 01:07:28+08:00
3,8,1,5,4,6,2018-02-22 19:40:02+08:00
0,0,0,0,0,0,2018-02-22 19:40:02+08:00
4,8,1,6,4,6,2018-02-22 20:32:37+08:00
1,1,0,1,1,1,2018-02-23 00:41:49+08:00
1,1,0,1,1,1,2018-02-23 01:36:39+08:00
1,1,0,1,1,1,2018-02-23 01:49:01+08:00
1,1,1,1,1,1,2018-02-23 04:05:53+08:00
2,2,0,0,0,0,2018-02-27 04:41:04+08:00
0,0,0,0,0,0,2018-02-27 04:41:04+08:00
2,2,1,1,1,1,2018-02-27 05:06:49+08:00
0,1,0,0,0,0,2018-02-27 05:07:57+08:00
0,0,0,0,0,0,2018-02-27 05:07:57+08:00
1,3,1,2,1,2,2018-02-27 05:38:36+08:00
1,1,1,1,1,1,2018-02-28 14:36:55+08:00
1,2,2,2,1,1,2018-03-02 16:44:12+08:00
1,4,1,2,1,2,2018-03-02 17:15:43+08:00
0,0,0,0,0,0,2018-03-02 17:26:21+08:00
0,0,0,0,0,0,2018-03-02 17:37:17+08:00
0,0,0,0,0,0,2018-03-02 17:52:47+08:00
1,1,1,1,1,1,2018-03-03 00:31:33+08:00
0,0,0,0,0,0,2018-03-03 00:37:21+08:00
0,0,0,0,0,0,2018-03-03 00:40:03+08:00
0,0,0,0,0,0,2018-03-03 00:44:33+08:00
1,1,1,1,1,1,2018-03-03 00:57:57+08:00
1,2,2,2,1,2,2018-03-03 13:21:16+08:00
1,1,1,1,1,1,2018-03-03 19:10:15+08:00
0,0,0,0,0,0,2018-03-03 23:19:34+08:00
0,0,0,0,0,0,2018-03-03 23:32:31+08:00
0,0,0,0,0,0,2018-03-03 23:54:20+08:00
0,0,0,0,0,0,2018-03-04 00:04:35+08:00
1,1,1,1,1,1,2018-03-04 00:37:48+08:00
1,2,2,2,1,2,2018-03-04 16:46:36+08:00
1,2,1,1,1,1,2018-03-04 18:54:52+08:00
1,1,1,1,1,1,2018-03-04 22:00:49+08:00
0,0,0,0,0,0,2018-03-04 23:43:17+08:00
0,0,0,0,0,0,2018-03-04 23:43:57+08:00
0,0,0,0,0,0,2018-03-05 00:15:23+08:00
0,0,0,0,0,0,2018-03-05 00:24:46+08:00
1,1,1,1,1,1,2018-03-05 00:27:42+08:00
0,0,0,0,0,0,2018-03-05 00:29:56+08:00
0,0,0,0,0,0,2018-03-05 00:43:30+08:00
0,0,0,0,0,0,2018-03-05 00:49:28+08:00
0,1,0,0,0,0,2018-03-05 03:36:48+08:00
0,0,0,0,0,0,2018-03-05 03:37:24+08:00
2,1,1,1,2,1,2018-03-06 22:25:12+08:00
0,0,0,0,0,0,2018-03-06 22:33:07+08:00
1,1,0,1,1,1,2018-03-09 00:10:13+08:00
0,0,0,0,0,0,2018-03-09 16:59:47+08:00
0,0,0,0,0,0,2018-03-09 17:00:22+08:00
0,0,0,0,0,0,2018-03-09 17:07:36+08:00
1,1,0,1,1,1,2018-03-11 02:22:22+08:00
0,0,0,0,0,0,2018-03-12 13:24:11+08:00
3,3,0,3,3,3,2018-04-10 19:04:05+08:00
3,3,0,3,3,3,2018-04-11 00:21:44+08:00
0,0,0,0,0,0,2018-04-11 15:40:01+08:00
2,2,0,2,2,2,2018-04-28 00:39:01+08:00
0,0,0,0,0,0,2018-05-09 14:30:33+08:00
22,44,15,2,3,13,2018-05-27 02:59:49+08:00
1,1,0,1,1,1,2018-05-28 02:49:25+08:00
