Acquisition,Preparation,Modeling,Training,Evaluation,Prediction,time
0,0,0,0,0,0,2020-03-02 00:11:46+02:00
3,3,1,0,0,1,2020-03-02 00:12:33+02:00
2,4,3,1,3,0,2020-03-02 00:14:02+02:00
0,0,0,0,0,0,2020-03-02 00:20:50+02:00
0,0,0,0,0,0,2020-03-02 00:26:51+02:00
0,0,0,0,0,0,2020-03-02 00:36:37+02:00
0,0,0,0,0,0,2020-03-02 00:43:07+02:00
0,0,0,0,0,0,2020-03-02 00:50:38+02:00
0,0,0,0,0,0,2020-03-02 00:58:34+02:00
0,0,0,0,0,0,2020-03-02 01:09:21+02:00
0,0,0,0,0,0,2020-03-02 01:13:55+02:00
0,0,0,0,0,0,2020-03-02 01:17:33+02:00
0,0,0,0,0,0,2020-03-02 01:21:08+02:00
0,0,0,0,0,0,2020-03-02 01:24:50+02:00
0,0,0,0,0,0,2020-03-02 01:28:47+02:00
0,0,0,0,0,0,2020-03-02 01:33:38+02:00
0,0,0,0,0,0,2020-03-02 01:37:07+02:00
0,0,0,0,0,0,2020-03-02 15:47:26+02:00
0,0,0,0,0,0,2020-03-02 15:50:12+02:00
0,0,0,0,0,0,2020-03-02 15:54:27+02:00
0,0,0,0,0,0,2020-03-02 15:57:42+02:00
0,0,0,0,0,0,2020-03-02 16:01:15+02:00
0,0,0,0,0,0,2020-03-02 23:40:02+02:00
0,0,0,0,0,0,2020-03-04 13:12:13-05:00
0,0,0,0,0,0,2020-03-04 13:13:36-05:00
0,0,0,0,0,0,2020-03-04 13:14:34-05:00
0,0,0,0,0,0,2020-03-04 13:15:08-05:00
0,0,0,0,0,0,2020-03-04 21:00:31+02:00
0,0,0,0,0,0,2020-03-04 22:46:26+02:00
0,0,0,0,0,0,2020-03-04 22:47:13+02:00
0,0,0,0,0,0,2020-03-04 23:07:20+02:00
0,0,0,0,0,0,2020-03-04 23:17:27+02:00
0,0,0,0,0,0,2020-03-05 00:29:44+02:00
0,1,1,1,1,0,2020-03-07 12:27:56-05:00
0,0,0,0,0,0,2020-03-09 20:16:54-07:00
0,0,0,0,0,0,2020-03-09 20:17:19-07:00
0,0,0,0,0,0,2020-03-12 12:55:19-07:00
2,2,0,0,2,0,2020-03-12 12:55:52-07:00
4,4,1,0,2,1,2020-03-26 07:31:30-07:00
0,0,0,0,0,0,2020-03-26 07:38:50-07:00
0,0,0,0,0,0,2020-03-26 07:51:30-07:00
0,0,0,0,0,0,2020-03-29 12:15:57-07:00
0,0,0,0,0,0,2020-03-29 12:16:13-07:00
0,0,0,0,0,0,2020-03-29 12:19:28-07:00
0,0,0,0,0,0,2020-03-29 12:20:12-07:00
6,4,1,0,4,1,2020-03-29 12:20:35-07:00
0,0,0,0,0,0,2020-03-29 12:23:24-07:00
1,2,0,0,1,0,2020-03-30 08:56:05-07:00
1,1,0,0,1,0,2020-03-30 08:56:23-07:00
3,0,0,0,3,0,2020-03-30 09:03:57-07:00
1,0,0,0,1,0,2020-03-31 06:12:19-07:00
1,1,0,0,1,0,2020-03-31 08:57:32-07:00
1,0,0,0,1,0,2020-03-31 09:09:22-07:00
3,0,0,0,3,0,2020-03-31 12:53:59-07:00
2,1,0,0,2,0,2020-04-01 08:01:16-07:00
1,0,0,0,1,0,2020-04-03 03:06:45-07:00
8,10,3,1,6,1,2020-04-03 03:22:33-07:00
2,1,0,0,2,0,2020-05-19 20:02:53+02:00
1,0,0,0,2,0,2020-05-19 20:03:17+02:00
