Acquisition,Preparation,Modeling,Training,Evaluation,Prediction,time
1,3,0,3,2,0,2018-04-09 08:37:17-07:00
0,0,0,0,0,0,2018-04-09 08:39:31-07:00
1,1,0,1,0,0,2018-04-18 10:54:14-07:00
1,2,0,1,0,0,2018-04-29 18:22:39-07:00
0,0,0,0,0,0,2018-04-29 19:51:08-07:00
3,3,0,0,0,0,2018-05-08 05:55:22-07:00
1,2,1,2,0,1,2018-05-10 09:10:48-07:00
1,7,2,4,2,3,2018-05-22 14:34:50-07:00
3,4,0,1,0,1,2018-05-25 05:55:20-07:00
1,2,0,0,0,0,2018-05-30 19:33:37-07:00
0,3,1,2,0,2,2018-06-11 13:07:12-07:00
2,3,1,2,0,1,2018-06-26 16:14:05-07:00
2,4,1,2,0,1,2019-03-07 18:24:30-08:00
0,0,0,0,0,0,2019-03-07 18:34:12-08:00
1,0,0,0,0,0,2019-04-27 16:36:01-07:00
1,1,0,1,0,0,2019-04-27 18:31:04-07:00
1,2,0,1,0,0,2019-04-27 19:26:33-07:00
1,1,0,1,0,0,2019-04-27 19:35:47-07:00
1,3,0,1,0,0,2019-04-29 14:57:09-07:00
2,3,0,1,0,0,2019-05-01 11:40:14-07:00
0,0,0,0,0,0,2019-05-04 10:47:40-07:00
0,1,0,0,0,0,2019-06-30 22:02:34-07:00
0,3,1,3,0,2,2019-07-01 17:14:12-07:00
0,1,1,1,0,0,2019-07-02 18:09:51-07:00
1,3,1,2,0,2,2019-07-08 11:01:36-07:00
0,0,0,0,0,0,2019-07-08 11:13:15-07:00
1,2,0,1,1,0,2019-07-08 13:16:14-07:00
0,0,0,0,0,0,2019-07-08 13:22:35-07:00
0,0,0,0,0,0,2019-07-22 17:07:05-07:00
1,4,0,0,1,0,2019-07-22 17:27:19-07:00
1,1,0,0,0,0,2019-07-22 17:50:51-07:00
0,0,0,0,0,0,2019-07-22 17:51:18-07:00
0,0,0,0,0,0,2019-07-22 18:07:56-07:00
0,0,0,0,0,0,2019-07-22 18:45:13-07:00
0,0,0,0,0,0,2019-07-22 18:47:16-07:00
0,0,0,0,0,0,2019-07-22 19:00:54-07:00
0,0,0,0,0,0,2019-08-05 08:49:58-07:00
0,1,1,1,0,0,2019-09-22 10:46:55-07:00
0,1,0,1,0,1,2019-09-27 12:49:41-07:00
0,0,0,0,0,0,2019-09-27 13:06:42-07:00
2,3,1,1,0,0,2019-12-13 19:16:37-08:00
0,0,0,0,0,0,2019-12-17 08:32:02-08:00
0,1,0,0,0,0,2019-12-17 22:22:57-08:00
1,1,0,0,0,0,2019-12-18 10:55:41-08:00
0,0,0,0,0,0,2019-12-18 11:21:23-08:00
1,1,0,0,0,0,2019-12-18 12:50:18-08:00
1,1,0,0,0,0,2019-12-21 22:23:04-08:00
2,4,1,3,0,2,2019-12-22 00:15:14-08:00
0,1,1,1,0,0,2019-12-22 10:54:50-08:00
0,1,1,1,0,0,2019-12-23 09:41:03-08:00
1,2,1,2,0,1,2019-12-28 10:26:14-08:00
1,0,0,0,0,0,2019-12-30 22:19:06-08:00
0,0,0,0,0,0,2019-12-30 22:25:36-08:00
1,1,0,1,0,1,2019-12-30 22:34:13-08:00
0,1,1,1,0,0,2019-12-31 18:13:32-08:00
1,2,1,2,0,1,2020-01-03 08:28:42-08:00
0,1,1,1,0,0,2020-01-03 17:21:45-08:00
0,1,1,1,0,0,2020-01-03 17:28:21-08:00
0,1,1,1,0,0,2020-01-03 18:51:00-08:00
0,1,1,1,0,0,2020-01-03 19:54:41-08:00
0,1,1,1,0,0,2020-01-15 08:08:14-08:00
1,1,0,1,0,1,2020-01-19 18:35:55-08:00
0,1,1,1,0,0,2020-01-21 17:29:35-08:00
1,2,0,2,0,2,2020-01-21 19:34:18-08:00
1,0,0,0,0,0,2020-02-14 17:46:13-08:00
7,8,1,4,0,2,2020-02-16 13:59:50-08:00
1,0,0,0,0,0,2020-02-16 14:36:56-08:00
0,0,0,0,0,0,2020-02-16 14:45:03-08:00
2,4,1,3,0,2,2020-02-16 16:12:58-08:00
0,0,0,0,0,0,2020-02-16 16:39:40-08:00
1,0,0,0,0,0,2020-02-16 16:39:55-08:00
2,2,0,1,0,1,2020-02-27 08:46:19-08:00
1,0,0,0,0,0,2020-02-27 08:48:26-08:00
0,0,0,0,0,0,2020-02-27 09:13:25-08:00
0,0,0,0,0,0,2020-02-27 09:14:07-08:00
1,2,1,2,0,1,2020-02-28 10:27:38-08:00
0,0,0,0,0,0,2020-02-28 10:27:56-08:00
1,0,0,0,0,0,2020-02-28 10:28:21-08:00
0,1,1,1,0,0,2020-02-29 08:53:37-08:00
1,0,0,0,0,0,2020-02-29 08:53:50-08:00
2,2,0,1,0,1,2020-03-01 16:17:57-08:00
1,0,0,0,0,0,2020-03-01 16:18:12-08:00
0,0,0,0,0,0,2020-03-31 11:08:47+00:00
0,0,0,0,0,0,2020-03-31 08:20:14-07:00
