Acquisition,Preparation,Modeling,Training,Evaluation,Prediction,time
0,3,0,0,0,0,2018-11-30 17:11:47+08:00
0,2,1,0,0,1,2018-12-04 14:20:53+08:00
0,3,2,0,0,2,2018-12-05 17:26:40+08:00
1,3,0,0,0,1,2018-12-11 14:26:16+08:00
0,1,0,0,0,1,2018-12-11 14:28:30+08:00
0,1,0,0,0,1,2018-12-11 14:54:33+08:00
1,4,1,0,0,2,2018-12-13 15:43:17+08:00
0,1,0,0,0,0,2018-12-13 21:15:31+08:00
0,1,0,0,0,1,2018-12-18 16:32:43+08:00
0,1,0,0,0,1,2018-12-20 19:47:22+08:00
0,1,0,0,0,1,2018-12-21 10:21:00+08:00
2,2,0,0,0,1,2018-12-21 17:25:17+08:00
1,1,0,0,0,1,2018-12-21 17:25:36+08:00
1,1,0,0,0,0,2018-12-21 17:51:56+08:00
1,1,0,0,0,1,2018-12-25 15:00:15+08:00
1,1,0,0,0,1,2018-12-25 15:10:09+08:00
1,1,0,0,0,1,2018-12-25 15:50:35+08:00
1,1,0,0,0,1,2018-12-26 09:54:17+08:00
1,1,0,0,0,1,2018-12-26 16:29:30+08:00
2,2,0,0,0,1,2018-12-26 17:16:50+08:00
3,3,0,0,0,2,2018-12-28 19:30:01+08:00
2,2,0,0,0,1,2019-01-02 13:09:10+08:00
0,1,0,0,0,1,2019-01-02 19:28:25+08:00
0,1,0,0,0,1,2019-01-08 11:27:24+08:00
0,2,1,0,0,2,2019-01-31 15:39:37+08:00
0,0,0,0,0,0,2020-05-13 15:11:38+08:00
1,2,2,0,0,0,2020-05-13 17:10:16+08:00
1,4,3,0,0,1,2020-05-13 18:55:24+08:00
1,4,2,1,0,3,2020-05-20 18:17:24+08:00
2,4,4,0,0,2,2020-05-21 17:26:19+08:00
2,3,3,0,0,2,2020-05-27 17:31:48+08:00
1,2,2,0,0,1,2020-05-28 00:49:26+08:00
1,2,2,0,0,1,2020-05-28 12:29:08+08:00
0,1,1,0,0,1,2020-05-29 11:21:52+08:00
0,1,1,0,0,1,2020-05-29 12:34:52+08:00
1,2,2,0,0,1,2020-05-29 13:29:02+08:00
2,2,2,0,0,1,2020-05-29 14:40:19+08:00
2,3,3,0,0,2,2020-05-31 23:01:13+08:00
0,1,1,0,0,1,2020-05-31 23:02:16+08:00
3,3,3,0,0,2,2020-06-03 18:22:34+08:00
1,1,1,0,0,1,2020-06-03 19:51:10+08:00
1,1,1,0,0,1,2020-06-04 12:00:21+08:00
2,2,2,0,0,1,2020-06-04 15:45:06+08:00
2,2,2,0,0,1,2020-06-04 16:30:05+08:00
1,1,1,0,0,1,2020-06-05 14:36:25+08:00
3,4,4,0,0,2,2020-06-05 19:42:02+08:00
0,1,1,0,0,0,2020-06-05 19:56:04+08:00
0,0,0,0,0,0,2020-06-05 19:57:16+08:00
1,2,2,0,0,1,2020-06-05 20:44:28+08:00
4,5,5,0,0,3,2020-06-05 21:58:47+08:00
0,0,0,0,0,0,2020-06-05 21:59:58+08:00
3,3,3,0,0,2,2020-06-06 00:15:24+08:00
2,2,2,0,0,2,2020-06-06 00:46:31+08:00
2,2,2,0,0,2,2020-06-06 14:27:49+08:00
0,1,1,0,0,1,2020-06-06 14:51:05+08:00
3,3,4,0,0,4,2020-06-06 15:44:57+08:00
0,1,1,0,0,1,2020-06-06 16:22:12+08:00
1,2,2,0,0,1,2020-06-06 23:49:01+08:00
3,1,3,2,0,3,2020-06-07 01:16:35+08:00
1,0,1,0,0,1,2020-06-07 01:17:58+08:00
1,2,2,1,0,1,2020-06-07 01:21:53+08:00
1,1,1,2,0,1,2020-06-07 01:56:32+08:00
0,1,1,1,0,1,2020-06-07 13:16:21+08:00
4,5,5,4,0,2,2020-06-07 17:01:40+08:00
4,5,5,4,0,4,2020-06-08 10:56:09+08:00
0,0,0,0,0,0,2020-06-08 17:18:53+08:00
0,0,0,0,0,0,2020-06-08 17:20:17+08:00
2,1,0,0,0,0,2020-06-08 17:26:09+08:00
4,7,7,4,0,4,2020-06-08 17:26:30+08:00
0,0,0,0,0,0,2020-06-08 18:03:44+08:00
1,1,1,0,0,0,2020-06-08 18:19:44+08:00
0,1,1,0,0,0,2020-06-14 16:42:42+08:00
0,0,0,0,0,0,2020-06-17 20:02:32+08:00
0,0,0,0,0,0,2020-06-18 10:20:02+08:00
1,3,3,2,0,0,2020-06-19 15:30:19+08:00
0,0,0,0,0,0,2020-06-19 15:30:40+08:00
0,1,1,1,0,0,2020-06-19 15:33:24+08:00
1,3,3,3,0,0,2020-06-21 15:36:16+08:00
0,1,1,1,0,0,2020-06-21 15:44:55+08:00
1,3,1,1,0,2,2020-06-21 16:34:25+08:00
1,2,2,2,0,0,2020-07-03 16:46:11+08:00
0,1,1,1,0,0,2020-07-07 23:32:46+08:00
1,1,1,1,0,0,2020-08-19 18:08:35+08:00
1,1,1,1,0,1,2020-08-20 21:51:47+08:00
1,1,0,0,0,0,2020-08-21 13:57:48+08:00
0,0,0,1,0,0,2020-08-21 14:15:11+08:00
2,2,2,0,0,1,2020-08-21 14:29:01+08:00
1,1,1,0,0,1,2020-08-21 18:02:09+08:00
1,2,2,1,0,2,2020-08-30 15:32:06+08:00
1,1,1,0,0,0,2020-08-30 16:21:11+08:00
0,0,0,0,0,0,2020-08-30 16:25:09+08:00
0,1,1,1,0,1,2020-08-31 19:03:02+08:00
5,5,4,3,0,3,2020-09-02 11:00:59+08:00
2,2,2,1,0,2,2020-09-03 17:23:49+08:00
2,2,2,1,0,2,2020-09-03 17:26:58+08:00
2,2,2,2,0,2,2020-09-03 19:18:55+08:00
1,2,2,1,0,1,2020-09-03 19:58:58+08:00
4,4,3,2,0,2,2020-09-04 12:07:16+08:00
1,1,1,1,0,0,2020-09-10 21:55:42+08:00
0,0,0,0,0,0,2020-09-25 20:27:38+00:00
0,0,0,0,0,0,2020-09-27 10:01:54+08:00
1,1,1,1,0,0,2020-09-29 10:18:13+08:00
0,2,2,2,0,0,2020-10-21 20:48:54+08:00
4,8,8,8,0,4,2020-10-22 15:28:47+08:00
0,0,0,0,0,0,2020-10-22 15:33:15+08:00
0,0,0,0,0,0,2020-10-22 15:37:41+08:00
0,0,0,0,0,0,2020-10-22 15:39:20+08:00
0,0,0,0,0,0,2020-10-22 15:41:15+08:00
0,0,0,0,0,0,2020-11-01 02:38:29+08:00
0,0,0,0,0,0,2020-11-01 02:46:27+08:00
0,0,0,0,0,0,2020-11-01 02:52:27+08:00
0,0,0,0,0,0,2020-11-03 13:27:05+08:00
0,0,0,0,0,0,2020-11-03 13:30:15+08:00
0,1,1,1,0,1,2020-11-10 15:54:25+08:00
0,1,1,1,0,1,2020-11-11 09:59:39+08:00
0,1,1,1,0,1,2020-11-11 10:23:56+08:00
0,1,1,1,0,1,2020-11-11 14:16:54+08:00
1,1,2,2,0,1,2020-11-12 10:30:34+08:00
0,1,1,1,0,1,2020-11-12 10:31:20+08:00
1,0,1,1,0,0,2020-11-12 14:14:21+08:00
2,3,5,5,0,3,2020-11-12 16:45:45+08:00
0,0,0,0,0,0,2020-11-12 16:48:49+08:00
0,0,0,0,0,0,2020-11-12 16:51:40+08:00
2,3,5,5,0,3,2020-11-12 16:55:39+08:00
0,0,0,0,0,0,2020-11-12 16:56:22+08:00
0,0,0,0,0,0,2020-11-12 17:00:11+08:00
0,0,0,0,0,0,2020-11-12 17:06:24+08:00
0,0,0,0,0,0,2020-11-12 17:16:37+08:00
0,0,0,0,0,0,2020-11-12 17:21:27+08:00
0,0,0,0,0,0,2020-11-12 17:22:12+08:00
1,1,1,1,0,1,2020-11-19 00:23:50+08:00
0,0,0,0,0,0,2020-11-24 10:55:57+08:00
0,0,0,0,0,0,2020-11-24 12:48:47+08:00
0,0,0,0,0,0,2020-11-24 12:49:07+08:00
0,0,0,0,0,0,2020-11-24 12:52:22+08:00
0,1,1,1,0,1,2020-11-29 17:09:16+08:00
0,0,0,0,0,0,2020-12-02 11:02:35+08:00
1,1,1,1,0,1,2020-12-02 11:21:01+08:00
4,4,3,3,0,2,2020-12-04 11:12:54+08:00
0,0,0,0,0,0,2020-12-05 20:55:12+08:00
0,0,0,0,0,0,2020-12-13 20:36:10+08:00
0,0,0,0,0,0,2020-12-13 20:57:48+08:00
