Acquisition,Preparation,Modeling,Training,Evaluation,Prediction,time
0,0,0,0,0,0,2021-02-26 21:48:08-05:00
18,27,19,22,18,19,2021-02-26 18:51:52-08:00
0,1,1,1,1,1,2021-02-27 19:18:54-08:00
2,2,1,1,1,2,2021-03-01 20:58:02-08:00
1,1,1,1,1,1,2021-03-03 19:07:09-08:00
1,1,0,0,0,1,2021-03-06 18:35:41-08:00
1,1,1,1,1,1,2021-03-07 13:55:13-08:00
0,1,1,1,1,0,2021-03-08 19:34:15-08:00
1,1,1,1,1,1,2021-03-12 22:02:21-08:00
2,4,2,3,3,2,2021-03-14 08:18:45-07:00
1,1,1,1,1,1,2021-03-21 20:42:35-07:00
0,1,1,0,0,1,2021-03-23 19:06:40-07:00
1,1,1,1,1,1,2021-03-24 19:28:44-07:00
0,1,1,0,0,1,2021-03-25 20:13:36-07:00
0,1,0,1,0,0,2021-03-27 18:15:50-07:00
1,1,0,1,0,0,2021-03-28 13:00:29-07:00
1,1,1,1,1,1,2021-03-29 18:17:18-07:00
1,1,1,1,1,1,2021-03-31 10:13:51-07:00
0,1,0,1,0,0,2021-03-31 11:49:18-07:00
0,1,0,0,0,0,2021-03-31 11:49:41-07:00
0,1,0,1,0,1,2021-03-31 11:50:14-07:00
1,1,1,1,1,1,2021-03-31 11:51:09-07:00
0,1,1,1,1,1,2021-03-31 11:52:31-07:00
1,1,1,1,1,1,2021-03-31 17:34:04-07:00
1,1,1,1,1,1,2021-04-01 11:13:16-07:00
1,1,0,0,0,1,2021-04-01 11:27:27-07:00
0,1,1,1,1,1,2021-04-01 11:28:12-07:00
1,1,1,1,1,1,2021-04-01 11:28:59-07:00
1,1,1,1,1,1,2021-04-01 11:30:02-07:00
1,1,1,1,1,1,2021-04-01 11:32:31-07:00
1,1,1,1,1,1,2021-04-01 12:36:57-07:00
1,1,1,1,1,1,2021-04-01 12:37:39-07:00
9,12,9,9,8,7,2021-04-01 12:38:12-07:00
0,0,0,0,0,0,2021-04-01 12:42:47-07:00
0,0,0,0,0,0,2021-04-01 12:43:39-07:00
0,0,0,0,0,0,2021-04-01 12:46:32-07:00
0,0,0,0,0,0,2021-04-01 12:47:18-07:00
0,0,0,0,0,0,2021-04-01 12:49:40-07:00
0,0,0,0,0,0,2021-04-01 12:51:36-07:00
0,0,0,0,0,0,2021-04-01 17:55:58-07:00
0,0,0,0,0,0,2021-04-01 17:57:42-07:00
0,0,0,0,0,0,2021-04-01 18:02:57-07:00
1,1,1,1,1,1,2021-04-02 09:53:38-07:00
7,8,5,6,3,5,2021-04-02 17:59:26-07:00
5,6,4,5,5,3,2021-04-02 19:08:38-07:00
0,0,0,0,0,0,2021-04-02 19:14:26-07:00
0,0,0,0,0,0,2021-04-02 19:21:22-07:00
0,0,0,0,0,0,2021-04-02 19:48:03-07:00
1,1,1,1,1,1,2021-04-02 20:07:19-07:00
0,0,0,0,0,0,2021-04-03 09:43:37-07:00
2,3,1,3,1,2,2021-04-03 10:29:41-07:00
0,0,0,0,0,0,2021-04-03 13:07:56-07:00
0,0,0,0,0,0,2021-04-03 13:11:50-07:00
3,5,4,4,4,5,2021-04-04 09:36:52-07:00
0,0,0,0,0,0,2021-04-04 09:45:08-07:00
14,15,13,13,12,11,2021-04-04 11:24:09-07:00
0,0,0,0,0,0,2021-04-04 11:46:31-07:00
0,1,1,1,1,1,2021-04-04 11:49:19-07:00
1,1,0,1,0,0,2021-04-04 11:52:01-07:00
1,1,0,1,0,0,2021-04-04 11:54:39-07:00
0,0,0,0,0,0,2021-04-04 14:30:38-07:00
0,0,0,0,0,0,2021-04-04 14:34:50-07:00
0,0,0,0,0,0,2021-04-04 14:38:21-07:00
0,0,0,0,0,0,2021-04-04 14:47:06-07:00
0,0,0,0,0,0,2021-04-04 14:48:38-07:00
0,0,0,0,0,0,2021-04-04 14:49:37-07:00
0,0,0,0,0,0,2021-04-04 18:53:05-07:00
0,0,0,0,0,0,2021-04-04 18:53:35-07:00
0,0,0,0,0,0,2021-04-04 19:00:28-07:00
0,0,0,0,0,0,2021-04-04 19:08:29-07:00
0,0,0,0,0,0,2021-04-04 19:28:32-07:00
5,6,4,3,3,4,2021-04-05 13:24:07-07:00
1,1,1,1,1,1,2021-04-11 11:42:57-07:00
0,1,1,1,1,1,2021-04-11 11:44:38-07:00
1,1,0,0,0,1,2021-04-11 11:45:14-07:00
0,0,0,0,0,0,2021-04-11 11:45:40-07:00
0,0,0,0,0,0,2021-12-08 21:27:23-08:00
