Acquisition,Preparation,Modeling,Training,Evaluation,Prediction,time
0,0,0,0,0,0,2018-05-07 06:41:01-07:00
131,271,223,78,61,50,2018-05-14 18:18:39-07:00
131,270,222,78,60,49,2018-05-14 21:12:26-07:00
14,34,31,6,7,5,2018-05-14 21:13:26-07:00
116,240,195,72,54,44,2018-05-14 21:13:57-07:00
1,1,1,1,0,0,2018-05-14 21:19:05-07:00
1,1,1,1,0,0,2018-05-14 21:20:14-07:00
14,34,31,6,7,5,2018-05-14 21:22:54-07:00
0,0,0,0,0,0,2018-05-14 21:44:32-07:00
4,2,2,2,1,0,2018-05-15 21:47:42-07:00
1,0,0,0,0,0,2018-05-15 21:51:20-07:00
0,1,0,1,0,0,2018-05-16 13:40:30-04:00
1,1,1,1,1,0,2018-05-16 17:24:08-07:00
1,0,0,0,0,0,2018-05-16 21:13:26-07:00
1,1,1,0,0,1,2018-05-16 21:54:10-07:00
1,1,1,0,0,1,2018-05-16 21:54:37-07:00
0,1,0,1,0,0,2018-05-17 10:13:34-04:00
0,1,1,1,0,0,2018-05-17 14:15:22-04:00
0,0,0,0,0,0,2018-05-17 11:34:30-07:00
1,1,1,1,1,0,2018-05-17 11:35:25-07:00
0,0,0,0,0,0,2018-05-17 11:35:50-07:00
1,1,1,1,1,0,2018-05-17 11:37:09-07:00
0,0,0,0,0,0,2018-05-17 11:41:13-07:00
0,0,0,0,0,0,2018-05-17 11:47:37-07:00
0,0,0,0,0,0,2018-05-17 11:50:59-07:00
0,0,0,0,0,0,2018-05-17 11:51:12-07:00
0,0,0,0,0,0,2018-05-17 11:51:57-07:00
0,0,0,0,0,0,2018-05-17 11:52:07-07:00
0,0,0,0,0,0,2018-05-17 11:52:20-07:00
0,0,0,0,0,0,2018-05-17 11:52:56-07:00
0,0,0,0,0,0,2018-05-17 11:55:45-07:00
0,0,0,0,0,0,2018-05-17 11:56:56-07:00
0,0,0,0,0,0,2018-05-17 11:57:38-07:00
0,1,1,1,0,0,2018-05-17 20:15:28-04:00
0,1,1,1,0,0,2018-05-17 20:40:42-04:00
1,1,1,1,1,0,2018-05-17 22:44:27-07:00
1,1,1,1,1,0,2018-05-17 23:15:34-07:00
0,0,0,0,0,0,2018-05-17 23:15:53-07:00
1,1,1,1,0,0,2018-05-18 12:11:36-07:00
1,1,1,1,0,0,2018-05-19 17:58:29-07:00
1,1,0,1,0,0,2018-05-19 20:05:44-07:00
1,1,0,1,0,0,2018-05-19 21:55:07-07:00
1,1,0,1,0,0,2018-05-21 09:55:09-07:00
1,1,0,1,0,0,2018-05-21 10:00:08-07:00
0,0,0,0,0,0,2018-05-21 10:00:46-07:00
1,1,1,1,1,0,2018-05-21 10:09:21-07:00
1,1,0,1,0,0,2018-05-21 18:22:23-07:00
1,1,0,1,1,0,2018-05-21 18:39:20-07:00
1,1,1,1,1,0,2018-05-21 18:41:32-07:00
1,0,0,0,0,0,2018-05-21 19:28:33-07:00
0,0,0,0,0,0,2018-05-21 19:28:56-07:00
1,1,1,1,0,0,2018-05-22 15:31:45-07:00
1,1,0,1,1,0,2018-05-22 15:32:14-07:00
1,1,1,1,0,0,2018-05-22 16:36:02-07:00
1,1,0,1,1,0,2018-05-22 16:59:39-07:00
0,0,0,0,0,0,2018-05-22 17:01:31-07:00
0,0,0,0,0,0,2018-05-22 19:54:25-07:00
0,0,0,0,0,0,2018-05-22 19:54:57-07:00
0,0,0,0,0,0,2018-05-22 19:55:54-07:00
0,0,0,0,0,0,2018-05-22 19:56:18-07:00
1,1,1,1,0,0,2018-05-22 20:05:26-07:00
1,1,0,1,1,0,2018-05-22 20:06:08-07:00
0,0,0,0,0,0,2018-05-22 21:33:55-07:00
0,0,0,0,0,0,2018-05-22 21:36:30-07:00
0,0,0,0,0,0,2018-05-22 21:40:04-07:00
1,1,1,1,0,0,2018-05-22 23:53:24-07:00
0,0,0,0,0,0,2018-05-22 23:55:50-07:00
0,0,0,0,0,0,2018-05-23 00:06:42-07:00
1,1,1,1,1,0,2018-05-23 11:11:49-07:00
0,0,0,0,0,0,2018-05-23 11:37:31-07:00
1,1,1,1,0,0,2018-05-24 15:25:29-07:00
0,0,0,0,0,0,2018-05-24 15:26:28-07:00
1,1,1,1,0,0,2018-05-24 16:45:44-07:00
1,1,0,1,1,0,2018-05-25 14:24:05-07:00
1,0,0,0,0,0,2018-05-25 14:24:17-07:00
0,0,0,0,0,0,2018-05-25 14:25:14-07:00
1,1,1,1,1,0,2018-05-25 21:26:30-07:00
1,1,1,1,1,0,2018-05-25 21:27:21-07:00
1,1,1,1,0,1,2018-05-25 22:13:33-07:00
0,0,0,0,0,0,2018-05-25 22:16:59-07:00
1,1,1,1,1,0,2018-05-25 22:17:26-07:00
0,0,0,0,0,0,2018-05-25 22:18:59-07:00
0,0,0,0,0,0,2018-05-25 22:19:07-07:00
1,1,1,1,0,1,2018-05-25 22:20:00-07:00
0,0,0,0,0,0,2018-05-25 22:20:51-07:00
0,0,0,0,0,0,2018-05-25 22:21:13-07:00
0,0,0,0,0,0,2018-05-25 22:22:27-07:00
1,1,1,1,1,0,2018-05-26 11:44:03-07:00
1,1,1,1,0,1,2018-05-26 12:19:52-07:00
1,1,1,1,0,1,2018-05-26 13:15:15-07:00
0,0,0,0,0,0,2018-05-26 13:42:18-07:00
0,0,0,0,0,0,2018-05-26 14:15:05-07:00
1,1,1,1,0,1,2018-05-26 17:35:59-07:00
0,0,0,0,0,0,2018-05-26 20:13:29-07:00
0,0,0,0,0,0,2018-05-26 20:22:56-07:00
1,1,0,1,0,0,2018-05-26 20:24:58-07:00
1,1,1,1,0,1,2018-05-26 20:25:48-07:00
0,0,0,0,0,0,2018-05-26 20:27:02-07:00
0,0,0,0,0,0,2018-05-26 20:27:54-07:00
0,0,0,0,0,0,2018-05-26 20:28:37-07:00
1,1,0,0,0,0,2018-05-26 20:47:16-07:00
0,0,0,0,0,0,2018-05-26 20:53:23-07:00
0,0,0,0,0,0,2018-05-26 20:54:46-07:00
0,0,0,0,0,0,2018-05-26 20:55:38-07:00
0,0,0,0,0,0,2018-05-26 20:56:15-07:00
0,0,0,0,0,0,2018-05-26 20:57:26-07:00
0,0,0,0,0,0,2018-05-26 20:58:28-07:00
0,0,0,0,0,0,2018-05-26 20:58:48-07:00
0,0,0,0,0,0,2018-05-26 21:01:53-07:00
0,0,0,0,0,0,2018-05-26 21:07:26-07:00
0,0,0,0,0,0,2018-05-26 21:12:52-07:00
0,0,0,0,0,0,2018-05-26 21:13:37-07:00
1,1,0,0,0,0,2018-05-26 22:46:39-07:00
0,0,0,0,0,0,2018-05-26 22:58:48-07:00
4,4,3,4,1,1,2018-05-27 00:31:44-07:00
0,0,0,0,0,0,2018-05-27 00:32:05-07:00
0,0,0,0,0,0,2018-05-27 13:43:10-07:00
0,0,0,0,0,0,2018-05-27 13:43:32-07:00
1,1,1,1,1,0,2018-05-28 10:20:16-07:00
0,0,0,0,0,0,2018-05-28 10:20:53-07:00
0,0,0,0,0,0,2018-05-28 10:32:24-07:00
0,0,0,0,0,0,2018-05-28 10:33:06-07:00
0,0,0,0,0,0,2018-05-28 10:34:05-07:00
0,0,0,0,0,0,2018-05-28 10:34:43-07:00
0,0,0,0,0,0,2018-05-29 08:27:43-07:00
0,0,0,0,0,0,2018-05-29 08:28:55-07:00
0,0,0,0,0,0,2018-05-29 08:31:52-07:00
0,0,0,0,0,0,2018-05-29 08:32:36-07:00
1,1,0,1,0,0,2018-06-02 09:34:54-07:00
0,0,0,0,0,0,2018-06-02 09:35:39-07:00
0,0,0,0,0,0,2018-07-01 11:17:34-07:00
0,1,0,1,0,0,2019-01-23 11:10:22+08:00
1,1,1,1,0,0,2019-07-10 14:22:04-07:00
0,0,0,0,0,0,2019-10-18 16:26:23+00:00
0,0,0,0,0,0,2019-10-18 16:26:30+00:00
0,0,0,0,0,0,2019-10-18 16:27:08+00:00
0,0,0,0,0,0,2019-10-22 21:14:49+00:00
0,0,0,0,0,0,2020-01-28 21:47:15+00:00
0,0,0,0,0,0,2020-03-12 17:24:01+00:00
0,0,0,0,0,0,2020-03-24 15:44:55+00:00
0,0,0,0,0,0,2020-03-25 09:12:52-07:00
0,0,0,0,0,0,2020-03-25 09:13:15-07:00
0,0,0,0,0,0,2020-03-25 09:13:28-07:00
0,0,0,0,0,0,2020-03-25 09:13:37-07:00
0,0,0,0,0,0,2020-03-25 09:13:46-07:00
0,0,0,0,0,0,2020-03-25 09:13:54-07:00
0,0,0,0,0,0,2020-03-25 16:13:54+00:00
0,0,0,0,0,0,2020-03-25 16:13:55+00:00
0,0,0,0,0,0,2020-03-25 09:14:02-07:00
0,0,0,0,0,0,2020-03-25 16:14:03+00:00
0,0,0,0,0,0,2020-03-25 09:14:11-07:00
0,0,0,0,0,0,2020-03-25 16:14:20+00:00
0,0,0,0,0,0,2020-03-25 09:14:26-07:00
0,0,0,0,0,0,2020-03-25 16:14:29+00:00
0,0,0,0,0,0,2020-03-25 09:14:37-07:00
0,0,0,0,0,0,2020-03-25 16:14:40+00:00
0,0,0,0,0,0,2020-03-25 09:14:47-07:00
0,0,0,0,0,0,2020-03-25 09:14:57-07:00
0,0,0,0,0,0,2020-03-25 09:15:06-07:00
0,0,0,0,0,0,2020-03-25 09:15:16-07:00
0,0,0,0,0,0,2020-03-25 09:15:27-07:00
0,0,0,0,0,0,2020-05-28 10:07:28-07:00
