Acquisition,Preparation,Modeling,Training,Evaluation,Prediction,time
0,0,0,0,0,0,2019-10-29 23:14:17+05:00
4,12,7,3,5,3,2019-10-30 02:33:56+05:00
0,1,1,1,1,1,2019-10-30 23:31:45+05:00
1,1,0,1,0,0,2019-10-31 00:07:41+05:00
1,1,0,1,0,0,2019-10-31 00:52:13+05:00
1,1,0,1,0,0,2019-10-31 20:54:40+05:00
1,1,0,1,0,0,2019-11-01 14:49:43+05:00
0,0,0,0,0,0,2019-11-01 14:51:39+05:00
0,0,0,0,0,0,2019-11-01 15:13:45+05:00
1,1,0,1,0,0,2019-11-01 15:17:23+05:00
1,1,0,1,0,0,2019-11-01 15:24:46+05:00
1,1,0,1,0,0,2019-11-01 15:30:38+05:00
1,1,1,1,1,1,2019-11-01 16:35:38+05:00
0,0,0,0,0,0,2019-11-01 16:38:02+05:00
2,2,1,2,1,1,2019-11-01 21:56:40+05:00
1,1,0,1,0,0,2019-11-02 16:38:12+05:00
0,0,0,0,0,0,2019-11-02 16:38:53+05:00
1,1,0,1,0,0,2019-11-02 16:40:17+05:00
0,0,0,0,0,0,2019-11-02 16:41:35+05:00
1,1,0,1,0,0,2019-11-02 16:46:47+05:00
0,0,0,0,0,0,2019-11-02 16:47:23+05:00
2,2,1,1,0,1,2019-11-04 05:57:18+05:00
0,0,0,0,0,0,2019-11-04 06:47:42+05:00
1,1,1,1,1,1,2019-11-07 04:54:35+05:00
0,0,0,0,0,0,2019-11-07 04:55:21+05:00
2,3,5,3,3,1,2019-11-12 19:12:33+05:00
3,4,3,3,3,2,2019-11-18 01:55:46+05:00
1,2,2,2,1,0,2019-11-19 20:30:34+05:00
3,6,5,3,5,2,2019-11-25 15:24:03+05:00
0,0,0,0,0,0,2019-11-25 15:25:02+05:00
1,1,1,0,1,1,2019-11-25 15:32:20+05:00
0,0,0,0,0,0,2019-11-25 15:33:57+05:00
1,1,1,0,1,1,2019-11-25 15:44:07+05:00
0,0,0,0,0,0,2019-11-25 15:45:07+05:00
0,0,0,0,0,0,2019-11-25 15:57:58+05:00
4,6,7,3,4,2,2019-12-04 00:51:41+05:00
2,3,3,2,2,1,2019-12-05 16:19:51+05:00
2,3,2,2,2,2,2019-12-06 14:45:10+05:00
0,0,0,0,0,0,2019-12-06 14:49:13+05:00
3,4,3,4,3,3,2019-12-22 15:17:49+05:00
1,1,1,1,1,1,2019-12-29 02:04:44+05:00
1,1,1,1,1,1,2020-02-03 23:21:57+05:00
5,11,7,4,6,4,2020-02-04 18:09:05+05:00
0,0,0,0,0,0,2020-02-04 18:53:51+05:00
0,0,0,0,0,0,2020-02-04 19:00:38+05:00
2,11,13,2,5,1,2020-02-04 19:06:24+05:00
3,3,2,2,2,3,2020-02-07 22:27:35+05:00
0,0,0,0,0,0,2020-02-07 22:30:21+05:00
1,1,1,1,1,1,2020-03-02 16:35:33+05:00
0,0,0,0,0,0,2020-03-02 16:36:15+05:00
0,0,0,0,0,0,2020-03-02 11:36:41+00:00
0,0,0,0,0,0,2020-03-02 17:47:26+05:00
2,2,1,2,1,1,2020-03-14 20:33:03+05:00
0,0,0,0,0,0,2020-03-14 20:37:48+05:00
2,2,1,2,1,1,2020-03-25 03:17:40+05:00
0,0,0,0,0,0,2020-03-25 03:18:46+05:00
0,0,0,0,0,0,2020-03-31 11:16:57+00:00
2,3,2,1,1,2,2020-04-15 20:06:32+05:00
1,1,1,1,1,1,2020-04-21 18:38:27+05:00
0,0,0,0,0,0,2020-04-21 18:39:42+05:00
0,0,0,0,0,0,2020-04-21 18:40:11+05:00
1,1,1,1,1,1,2020-04-21 23:15:17+05:00
2,2,1,2,1,1,2020-04-29 04:04:55+05:00
0,0,0,0,0,0,2020-04-29 22:25:24+05:00
1,1,1,1,1,1,2020-04-29 22:25:57+05:00
1,1,1,1,1,1,2020-04-30 22:46:58+05:00
0,0,0,0,0,0,2020-04-30 22:47:36+05:00
1,1,1,1,1,1,2020-05-08 19:50:45+05:00
0,0,0,0,0,0,2020-05-08 19:51:21+05:00
3,3,2,3,2,2,2020-05-13 21:25:12+05:00
0,0,0,0,0,0,2020-05-13 21:32:11+05:00
1,1,1,1,1,1,2020-05-14 23:42:19+05:00
0,0,0,0,0,0,2020-05-15 01:30:48+05:00
1,1,1,1,1,1,2020-05-15 02:35:10+05:00
0,0,0,0,0,0,2020-05-15 02:41:19+05:00
