Acquisition,Preparation,Modeling,Training,Evaluation,Prediction,time
0,0,0,0,0,0,2021-04-04 21:58:46-07:00
2,2,1,1,0,1,2021-04-04 22:00:23-07:00
0,0,0,0,0,0,2021-04-04 22:08:57-07:00
1,1,1,1,0,1,2021-04-04 22:17:11-07:00
0,0,0,0,0,0,2021-04-04 22:22:51-07:00
1,1,1,1,0,1,2021-04-04 22:27:57-07:00
1,2,1,1,0,1,2021-04-04 22:30:33-07:00
1,1,1,1,0,1,2021-04-04 22:33:41-07:00
1,1,1,1,0,1,2021-04-04 22:36:26-07:00
1,1,1,1,0,1,2021-04-04 22:38:11-07:00
1,1,1,1,0,1,2021-04-04 22:45:33-07:00
1,1,1,1,0,1,2021-04-04 22:46:24-07:00
1,1,1,1,0,1,2021-04-04 22:47:57-07:00
1,1,1,1,0,1,2021-04-04 22:56:05-07:00
1,1,1,1,0,1,2021-04-04 22:57:38-07:00
1,1,1,1,0,1,2021-04-04 22:58:28-07:00
1,1,1,1,0,1,2021-04-04 22:59:28-07:00
1,1,1,1,0,1,2021-04-04 22:59:58-07:00
1,1,1,1,0,1,2021-04-04 23:00:34-07:00
1,1,1,1,0,1,2021-04-04 23:03:19-07:00
1,1,1,1,0,1,2021-04-04 23:07:29-07:00
2,2,1,1,0,1,2021-04-05 07:47:12-07:00
1,1,0,0,0,0,2021-04-08 16:23:30-07:00
1,1,0,0,0,0,2021-04-08 18:11:50-07:00
1,1,0,0,0,0,2021-04-08 18:20:06-07:00
1,1,0,0,0,0,2021-04-08 18:34:15-07:00
1,1,0,0,0,0,2021-04-08 18:35:46-07:00
1,1,0,0,0,0,2021-04-08 18:37:49-07:00
1,1,0,0,0,0,2021-04-08 18:40:01-07:00
1,1,0,0,0,0,2021-04-08 18:41:52-07:00
1,1,0,0,0,0,2021-04-08 18:54:29-07:00
1,1,0,0,0,0,2021-04-08 19:06:21-07:00
1,1,0,0,0,0,2021-04-08 19:19:37-07:00
1,1,0,0,0,0,2021-04-12 22:03:22-07:00
1,1,0,0,0,0,2021-04-12 22:28:07-07:00
1,1,0,0,0,0,2021-04-12 22:28:53-07:00
1,1,0,0,0,0,2021-04-12 22:29:27-07:00
1,1,0,0,0,0,2021-04-12 22:30:17-07:00
1,1,0,0,0,0,2021-04-12 22:31:14-07:00
1,1,0,0,0,0,2021-04-12 22:43:41-07:00
1,1,0,0,0,0,2021-04-12 22:51:11-07:00
1,1,0,0,0,0,2021-04-12 22:56:09-07:00
1,1,0,0,0,0,2021-04-12 23:05:38-07:00
1,1,0,0,0,0,2021-04-12 23:08:00-07:00
1,1,0,0,0,0,2021-04-12 23:11:15-07:00
1,1,0,0,0,0,2021-04-12 23:29:44-07:00
1,1,0,0,0,0,2021-04-12 23:31:17-07:00
0,0,0,0,0,0,2021-04-12 23:32:07-07:00
1,1,0,0,0,0,2021-04-14 14:41:21-07:00
1,1,0,0,0,0,2021-04-14 14:45:51-07:00
2,2,0,0,0,0,2021-04-14 14:46:51-07:00
0,0,0,0,0,0,2021-04-14 14:51:08-07:00
0,0,0,0,0,0,2021-04-15 12:38:13-07:00
0,0,0,0,0,0,2021-04-15 12:42:51-07:00
1,1,0,0,0,0,2021-04-15 13:11:08-07:00
0,0,0,0,0,0,2021-04-15 13:11:32-07:00
1,1,0,0,0,0,2021-04-15 13:15:48-07:00
1,1,0,0,0,0,2021-04-15 13:19:50-07:00
0,0,0,0,0,0,2021-04-15 13:28:41-07:00
0,0,0,0,0,0,2021-04-15 13:40:17-07:00
0,0,0,0,0,0,2021-04-15 13:42:12-07:00
0,0,0,0,0,0,2021-04-15 14:29:53-07:00
0,0,0,0,0,0,2021-04-15 14:30:04-07:00
0,0,0,0,0,0,2021-04-15 14:30:06-07:00
1,1,0,0,0,0,2021-04-15 14:36:37-07:00
1,1,0,0,0,0,2021-04-15 14:59:07-07:00
1,1,0,0,0,0,2021-04-15 15:03:51-07:00
1,1,0,0,0,0,2021-04-15 15:21:19-07:00
1,1,0,0,0,0,2021-04-16 08:04:36-07:00
1,1,0,0,0,0,2021-04-16 08:07:29-07:00
1,1,0,0,0,0,2021-04-16 08:09:23-07:00
1,1,0,0,0,0,2021-04-16 08:09:59-07:00
1,1,0,0,0,0,2021-04-29 16:07:36-07:00
0,0,0,0,0,0,2021-04-29 16:10:04-07:00
1,1,0,0,0,0,2021-04-29 16:27:41-07:00
1,1,0,0,0,0,2021-04-29 16:29:52-07:00
1,1,0,0,0,0,2021-04-29 16:39:34-07:00
1,1,0,0,0,0,2021-04-29 16:42:55-07:00
1,1,0,0,0,0,2021-04-29 16:50:36-07:00
1,1,0,0,0,0,2021-04-30 08:56:14-07:00
1,1,0,0,0,0,2021-04-30 09:47:35-07:00
1,1,0,0,0,0,2021-04-30 09:56:59-07:00
1,1,0,0,0,0,2021-04-30 10:05:36-07:00
1,1,0,0,0,0,2021-04-30 10:11:23-07:00
1,1,0,0,0,0,2021-04-30 14:27:27-07:00
1,1,0,0,0,0,2021-04-30 14:29:45-07:00
0,0,0,0,0,0,2021-04-30 14:36:36-07:00
1,1,0,0,0,0,2021-04-30 14:43:19-07:00
1,1,0,0,0,0,2021-04-30 14:50:31-07:00
1,1,0,0,0,0,2021-04-30 14:54:28-07:00
1,1,0,0,0,0,2021-04-30 14:55:35-07:00
1,1,0,0,0,0,2021-04-30 14:58:54-07:00
0,0,0,0,0,0,2021-09-06 16:01:26-07:00
1,1,1,1,0,1,2021-09-06 16:28:31-07:00
1,1,1,1,0,1,2021-09-06 17:51:06-07:00
1,1,1,1,0,1,2021-09-09 15:31:45-07:00
