Acquisition,Preparation,Modeling,Training,Evaluation,Prediction,time
1,1,0,0,0,0,2018-10-31 23:14:00-07:00
6,6,2,2,1,1,2018-11-03 00:33:59-04:00
0,1,0,0,0,0,2018-11-03 02:37:12-04:00
1,2,1,1,0,0,2018-11-03 02:37:12-04:00
0,0,0,0,0,0,2018-11-03 03:19:47-04:00
1,2,0,0,0,0,2018-11-03 13:32:10-04:00
0,0,0,0,0,0,2018-11-03 16:38:21-04:00
2,2,0,0,0,0,2018-11-03 16:39:31-04:00
0,0,0,0,0,0,2018-11-03 17:36:26-04:00
3,4,1,1,0,0,2018-11-04 00:58:54-04:00
1,2,0,0,0,0,2018-11-04 14:02:32-05:00
1,2,0,0,0,0,2018-11-04 14:10:09-05:00
5,5,2,2,1,1,2018-11-04 14:21:00-05:00
0,0,0,0,0,0,2018-12-08 18:23:25-08:00
26,119,26,3,5,7,2018-12-08 18:35:12-08:00
26,119,26,3,5,7,2018-12-08 18:35:53-08:00
5,73,15,2,2,5,2018-12-09 04:34:08+00:00
0,0,0,0,0,0,2018-12-09 04:34:27+00:00
0,0,0,0,0,0,2018-12-09 04:36:51+00:00
22,45,11,1,3,1,2018-12-09 04:45:46+00:00
1,2,0,0,0,1,2018-12-09 06:13:28+00:00
0,1,0,0,0,1,2018-12-09 07:32:08+00:00
0,1,0,0,0,1,2018-12-09 07:55:31+00:00
0,1,0,0,0,1,2018-12-09 08:22:08+00:00
0,0,0,0,0,0,2018-12-09 08:22:13+00:00
0,0,0,0,0,0,2018-12-09 03:41:10-05:00
1,1,1,1,0,1,2018-12-09 03:43:46-05:00
0,0,0,0,0,0,2018-12-09 04:50:56-05:00
0,1,0,0,0,1,2018-12-09 19:55:53+00:00
0,1,0,0,0,1,2018-12-09 19:56:47+00:00
0,0,0,0,0,0,2018-12-09 19:56:53+00:00
0,0,0,0,0,0,2018-12-10 00:30:33+00:00
0,0,0,0,0,0,2018-12-10 00:31:26+00:00
0,0,0,0,0,0,2018-12-10 00:32:15+00:00
0,0,0,0,0,0,2018-12-09 20:18:18-05:00
0,0,0,0,0,0,2018-12-09 20:18:33-05:00
0,0,0,0,0,0,2018-12-10 05:12:06+00:00
0,0,0,0,0,0,2018-12-10 05:12:14+00:00
6,5,5,3,3,2,2018-12-10 18:33:54-05:00
0,0,0,0,0,0,2018-12-10 18:34:09-05:00
1,2,0,0,0,1,2018-12-12 02:02:37+00:00
1,1,1,0,1,0,2018-12-11 21:06:35-05:00
0,1,0,0,0,0,2018-12-12 02:11:43+00:00
0,0,0,0,0,0,2018-12-12 02:11:45+00:00
0,0,0,0,0,0,2018-12-11 18:21:28-08:00
2,2,1,1,0,0,2018-12-11 21:27:18-05:00
1,1,1,1,0,1,2018-12-11 21:37:16-05:00
0,0,0,0,0,0,2018-12-11 21:37:26-05:00
1,1,1,1,1,1,2018-12-12 19:56:29+00:00
1,1,1,1,1,1,2018-12-12 19:58:41+00:00
0,0,0,0,0,0,2018-12-12 19:58:45+00:00
2,3,2,2,2,3,2018-12-13 01:17:16+00:00
0,0,0,0,0,0,2018-12-13 01:18:45+00:00
2,2,1,1,2,1,2018-12-13 04:11:30+00:00
4,10,4,2,3,1,2018-12-13 22:08:55-05:00
1,1,1,1,0,0,2018-12-13 22:09:50-05:00
0,0,0,0,0,0,2018-12-13 22:11:01-05:00
0,0,0,0,0,0,2019-01-24 18:39:09-05:00
