Acquisition,Preparation,Modeling,Training,Evaluation,Prediction,time
0,0,0,0,0,0,2020-08-22 15:16:39+08:00
0,0,0,0,0,0,2020-08-22 15:17:22+08:00
0,0,0,0,0,0,2020-08-22 15:18:12+08:00
0,0,0,0,0,0,2020-08-22 15:20:06+08:00
0,0,0,0,0,0,2020-08-22 15:24:19+08:00
0,0,0,0,0,0,2020-08-22 15:25:55+08:00
0,0,0,0,0,0,2020-08-22 15:26:09+08:00
0,0,0,0,0,0,2020-08-22 15:26:25+08:00
0,0,0,0,0,0,2020-08-22 15:26:59+08:00
0,0,0,0,0,0,2020-08-22 15:58:37+08:00
0,0,0,0,0,0,2020-08-22 15:58:45+08:00
0,0,0,0,0,0,2020-08-22 15:58:52+08:00
0,0,0,0,0,0,2020-08-22 15:59:11+08:00
0,0,0,0,0,0,2020-08-22 15:59:49+08:00
0,0,0,0,0,0,2020-08-22 16:06:30+08:00
1,2,1,0,0,1,2020-08-22 16:08:15+08:00
0,0,0,0,0,0,2020-08-22 16:10:23+08:00
0,0,0,0,0,0,2020-08-22 16:12:00+08:00
0,0,0,0,0,0,2020-08-22 16:12:17+08:00
0,0,0,0,0,0,2020-08-22 16:13:37+08:00
0,0,0,0,0,0,2020-08-22 16:14:08+08:00
0,0,0,0,0,0,2020-08-22 16:15:00+08:00
0,5,0,0,0,2,2020-08-22 16:15:28+08:00
0,0,0,0,0,0,2020-08-22 16:16:08+08:00
0,0,0,0,0,0,2020-08-22 16:16:39+08:00
0,0,0,0,0,0,2020-08-22 16:17:17+08:00
1,2,0,0,0,0,2020-08-22 16:17:33+08:00
0,0,0,0,0,0,2020-08-22 16:18:51+08:00
0,0,0,0,0,0,2020-08-22 16:23:41+08:00
0,0,0,0,0,0,2020-08-22 16:25:21+08:00
0,0,0,0,0,0,2020-08-22 16:25:44+08:00
0,0,0,0,0,0,2020-08-22 16:25:59+08:00
0,0,0,0,0,0,2020-08-22 16:26:20+08:00
0,0,0,0,0,0,2020-08-22 16:27:02+08:00
3,3,2,0,0,1,2020-08-22 16:27:22+08:00
0,0,0,0,0,0,2020-08-22 16:27:59+08:00
0,0,0,0,0,0,2020-08-22 16:28:35+08:00
0,0,0,0,0,0,2020-08-22 17:41:21+08:00
0,0,0,0,0,0,2020-08-22 17:41:50+08:00
0,0,0,0,0,0,2020-08-22 17:45:30+08:00
0,0,0,0,0,0,2020-08-22 17:48:31+08:00
0,0,0,0,0,0,2020-08-22 17:48:59+08:00
0,0,0,0,0,0,2020-08-22 17:52:12+08:00
0,0,0,0,0,0,2020-08-22 17:58:43+08:00
0,0,0,0,0,0,2020-08-22 18:00:40+08:00
0,0,0,0,0,0,2020-08-29 09:34:31+08:00
0,0,0,0,0,0,2020-08-29 09:48:39+08:00
0,0,0,0,0,0,2020-08-29 09:49:20+08:00
0,0,0,0,0,0,2020-08-29 09:52:20+08:00
1,1,1,0,0,1,2020-08-29 09:53:06+08:00
1,1,1,0,0,1,2020-08-29 09:53:49+08:00
0,0,0,0,0,0,2020-08-29 09:55:19+08:00
0,0,0,0,0,0,2020-08-29 09:56:39+08:00
0,0,0,0,0,0,2020-08-29 09:57:51+08:00
0,0,0,0,0,0,2020-08-29 09:59:53+08:00
0,0,0,0,0,0,2020-08-29 10:00:25+08:00
0,0,0,0,0,0,2020-08-29 10:04:46+08:00
0,0,0,0,0,0,2020-08-29 10:05:03+08:00
0,0,0,0,0,0,2020-08-29 10:08:11+08:00
0,0,0,0,0,0,2020-08-29 10:21:21+08:00
0,0,0,0,0,0,2020-08-29 10:25:22+08:00
0,0,0,0,0,0,2020-12-23 00:13:27+08:00
0,0,0,0,0,0,2021-10-04 16:10:30+08:00
0,0,0,0,0,0,2021-10-04 16:10:40+08:00
5,5,1,2,2,1,2021-10-04 16:13:53+08:00
0,0,0,0,0,0,2021-10-04 16:16:12+08:00
