Acquisition,Preparation,Modeling,Training,Evaluation,Prediction,time
0,0,0,0,0,0,2019-04-07 22:02:35-05:00
0,0,0,0,0,0,2019-04-08 12:06:05-05:00
0,0,0,0,0,0,2019-04-08 12:19:57-05:00
1,1,0,0,0,0,2019-04-08 12:46:17-05:00
1,1,0,0,0,0,2019-04-08 12:52:12-05:00
1,0,0,0,0,0,2019-04-08 13:27:32-05:00
2,2,0,0,0,0,2019-04-08 14:17:55-05:00
2,2,1,1,2,1,2019-04-08 14:20:37-05:00
0,0,0,0,0,0,2019-04-08 15:33:20-05:00
0,0,0,0,0,0,2019-04-08 16:26:53-05:00
0,0,0,0,0,0,2019-04-08 17:24:24-05:00
0,0,0,0,0,0,2019-04-08 17:58:44-05:00
0,0,0,0,0,0,2019-04-08 17:58:47-05:00
0,0,0,0,0,0,2019-04-08 18:07:07-05:00
0,0,0,0,0,0,2019-04-08 18:09:47-05:00
0,0,0,0,0,0,2019-04-09 01:12:21-05:00
0,0,0,0,0,0,2019-04-09 01:58:26-05:00
0,0,0,0,0,0,2019-04-09 15:46:59-05:00
0,0,0,0,0,0,2019-04-09 15:47:28-05:00
0,0,0,0,0,0,2019-04-09 15:50:59-05:00
0,0,0,0,0,0,2019-04-09 17:11:09-05:00
1,1,0,0,0,0,2019-04-09 17:14:06-05:00
0,0,0,0,0,0,2019-04-09 17:14:36-05:00
0,0,0,0,0,0,2019-04-09 17:15:12-05:00
0,0,0,0,0,0,2019-04-09 18:28:36-05:00
0,0,0,0,0,0,2019-04-09 21:35:50-05:00
0,0,0,0,0,0,2019-04-09 22:13:41-05:00
0,0,0,0,0,0,2019-04-09 22:42:24-05:00
0,0,0,0,0,0,2019-04-09 22:43:58-05:00
0,0,0,0,0,0,2019-04-09 22:44:17-05:00
7,6,1,1,2,1,2019-04-10 10:39:36-05:00
7,6,1,1,2,1,2019-04-10 10:40:05-05:00
0,0,0,0,0,0,2019-04-13 12:04:07-05:00
0,0,0,0,0,0,2019-04-13 12:04:41-05:00
0,0,0,0,0,0,2019-04-15 18:04:01-05:00
0,0,0,0,0,0,2019-04-15 18:11:55-05:00
0,0,0,0,0,0,2019-04-15 18:19:56-05:00
0,0,0,0,0,0,2019-04-15 18:22:20-05:00
0,0,0,0,0,0,2019-05-21 22:23:00-05:00
0,0,0,0,0,0,2019-05-22 01:36:25-05:00
0,0,0,0,0,0,2019-05-22 01:36:28-05:00
0,0,0,0,0,0,2019-05-22 12:24:30-05:00
0,0,0,0,0,0,2019-05-22 12:25:28-05:00
0,0,0,0,0,0,2019-05-22 13:47:08-05:00
0,0,0,0,0,0,2019-05-22 14:26:24-05:00
0,0,0,0,0,0,2019-06-20 05:54:30+00:00
0,0,0,0,0,0,2019-06-24 18:44:04-05:00
0,0,0,0,0,0,2020-03-14 17:00:49-05:00
0,0,0,0,0,0,2020-06-07 12:52:05-05:00
0,0,0,0,0,0,2020-07-19 10:29:23-05:00
0,0,0,0,0,0,2020-07-30 22:10:09-05:00
0,0,0,0,0,0,2020-08-01 19:34:21-05:00
0,0,0,0,0,0,2020-08-01 19:37:40-05:00
0,0,0,0,0,0,2020-08-05 10:04:31-05:00
