Acquisition,Preparation,Modeling,Training,Evaluation,Prediction,time
0,0,0,0,0,0,2017-09-02 17:45:42-07:00
0,0,0,0,0,0,2017-09-03 11:47:03+09:00
0,0,0,0,0,0,2017-09-02 19:48:32-07:00
1,0,0,0,0,0,2017-09-02 20:03:17-07:00
1,0,0,0,0,0,2017-09-02 20:52:00-07:00
0,2,0,0,0,0,2017-09-02 20:59:16-07:00
0,0,0,0,0,0,2017-09-03 13:12:30+09:00
0,5,0,0,0,0,2017-09-02 21:36:00-07:00
0,0,0,0,0,0,2017-09-02 21:37:58-07:00
0,1,0,0,0,0,2017-09-02 22:12:26-07:00
0,2,0,0,0,0,2017-09-02 22:32:33-07:00
0,2,0,0,0,0,2017-09-02 22:43:40-07:00
0,0,0,0,0,0,2017-09-03 14:47:18+09:00
0,1,0,0,0,0,2017-09-03 14:47:46+09:00
1,3,0,0,0,0,2017-09-02 22:54:43-07:00
0,0,0,0,0,0,2017-09-02 23:00:21-07:00
0,0,0,0,0,0,2017-09-02 23:01:35-07:00
0,0,0,0,0,0,2017-09-02 23:35:16-07:00
0,0,0,0,0,0,2017-09-04 19:21:45+09:00
0,0,0,0,0,0,2017-09-04 19:22:17+09:00
0,1,0,0,0,0,2017-09-04 19:23:44+09:00
2,1,0,0,0,0,2017-09-04 20:34:59+09:00
0,1,0,0,0,0,2017-09-04 20:36:12+09:00
0,2,0,0,0,0,2017-09-05 00:08:09-07:00
0,1,0,0,0,0,2017-09-05 17:57:28+09:00
0,1,0,0,0,0,2017-09-05 19:48:48+09:00
0,1,0,0,0,0,2017-09-05 22:10:37-07:00
0,2,0,0,0,0,2017-09-05 22:38:03-07:00
0,4,0,0,0,0,2017-09-06 23:09:07-07:00
0,2,0,0,0,0,2017-09-11 21:41:59-07:00
1,5,0,0,0,0,2017-09-11 22:36:01-07:00
0,1,0,0,0,0,2017-09-11 22:49:58-07:00
0,1,0,0,0,0,2017-09-12 21:19:02+09:00
1,1,0,0,0,0,2017-09-15 22:27:54-07:00
0,1,0,0,0,0,2017-09-15 23:23:55-07:00
0,3,0,0,0,0,2017-09-15 23:24:35-07:00
0,3,0,0,0,0,2017-09-15 23:30:16-07:00
0,1,0,0,0,0,2017-09-16 21:20:32+09:00
0,0,0,0,0,0,2017-09-16 21:28:11+09:00
0,3,0,0,0,0,2017-09-16 13:08:59-07:00
0,3,0,0,0,0,2017-09-16 14:07:07-07:00
0,2,0,0,0,0,2017-09-16 14:07:53-07:00
1,1,0,0,0,0,2017-09-16 14:33:17-07:00
0,1,0,0,0,0,2017-09-17 10:11:35+09:00
0,0,0,0,0,0,2017-09-17 12:35:53+09:00
0,1,0,0,0,0,2017-09-17 15:02:48+09:00
0,1,0,0,0,0,2017-09-17 15:07:49+09:00
1,2,0,0,0,0,2017-09-17 15:27:17+09:00
0,1,0,0,0,0,2017-09-16 23:58:29-07:00
0,1,0,1,0,0,2017-09-16 23:58:47-07:00
0,1,0,1,0,0,2017-09-17 00:15:41-07:00
0,0,0,0,0,0,2017-09-17 17:53:08+09:00
1,1,0,0,0,0,2017-09-17 18:34:47-07:00
0,3,0,0,0,0,2017-09-17 18:36:09-07:00
0,1,0,0,0,0,2017-09-17 21:55:19-07:00
0,0,0,0,0,0,2017-09-17 23:23:03-07:00
0,1,0,0,0,0,2017-09-17 23:26:46-07:00
0,1,0,0,0,0,2017-09-18 18:03:18+09:00
0,1,0,0,0,0,2017-09-18 18:07:21+09:00
0,0,0,0,0,0,2017-09-20 09:34:07-07:00
0,1,0,0,0,0,2017-09-24 15:48:07+09:00
0,1,0,0,0,0,2017-09-24 15:53:06+09:00
0,1,0,0,0,0,2017-09-24 15:53:54+09:00
0,1,0,0,0,0,2017-09-24 16:32:24+09:00
0,4,0,0,0,0,2017-09-24 22:41:19-07:00
0,1,0,0,0,0,2017-09-25 19:23:23+09:00
0,1,0,0,0,0,2017-09-26 20:58:20+09:00
0,1,0,0,0,0,2017-09-27 20:26:59+09:00
0,1,0,0,0,0,2017-09-28 21:12:31+09:00
0,0,0,0,0,0,2017-09-30 10:46:49-07:00
0,1,0,0,0,0,2017-09-30 10:54:52-07:00
0,1,0,0,0,0,2017-10-01 03:03:37+09:00
0,1,0,0,0,0,2017-10-01 03:05:45+09:00
0,1,0,0,0,0,2017-10-01 03:07:12+09:00
0,0,0,0,0,0,2017-10-01 03:10:04+09:00
0,0,0,0,0,0,2017-10-01 03:10:17+09:00
0,0,0,0,0,0,2017-09-30 11:12:47-07:00
0,1,0,0,0,1,2017-10-01 04:48:45+09:00
0,1,0,0,0,0,2017-09-30 13:49:25-07:00
0,1,0,0,0,0,2017-10-01 05:57:06+09:00
0,1,0,0,0,0,2017-09-30 13:58:05-07:00
0,0,0,0,0,0,2017-09-30 13:58:15-07:00
0,3,0,2,0,0,2017-09-30 14:56:42-07:00
0,2,0,0,0,0,2017-10-02 03:18:26+09:00
0,2,0,0,0,0,2017-10-01 12:21:31-07:00
0,1,0,2,0,0,2017-10-01 12:22:54-07:00
0,0,0,0,0,0,2017-10-01 12:23:49-07:00
0,1,0,0,0,0,2017-10-02 03:28:34+09:00
0,1,0,0,0,0,2017-10-02 03:28:54+09:00
0,2,0,0,0,0,2017-10-04 12:29:49-07:00
1,7,0,1,0,0,2017-10-04 12:43:36-07:00
0,2,0,0,0,0,2017-10-04 13:57:57-07:00
0,1,0,0,0,0,2017-10-04 14:09:14-07:00
0,0,0,0,0,0,2017-10-04 15:29:11-07:00
0,1,0,0,0,0,2017-10-06 10:55:21-07:00
0,3,0,0,0,1,2017-10-06 11:08:52-07:00
0,1,0,0,0,0,2017-10-06 14:40:28-07:00
0,1,0,0,0,1,2017-10-06 14:43:29-07:00
0,1,0,0,0,0,2017-10-06 14:44:23-07:00
0,2,0,0,0,0,2017-10-06 15:11:05-07:00
0,1,0,0,0,0,2017-10-06 15:11:46-07:00
0,0,0,0,0,0,2017-10-06 15:17:31-07:00
0,0,0,0,0,0,2017-10-06 16:26:33-07:00
1,2,0,1,0,0,2017-10-06 16:35:44-07:00
0,1,0,1,0,0,2017-10-06 16:36:21-07:00
0,0,0,0,0,0,2017-10-06 16:37:11-07:00
0,0,0,0,0,0,2017-10-13 20:19:28+09:00
0,1,0,0,0,0,2017-10-13 20:55:33+09:00
0,1,0,0,0,1,2017-10-14 15:16:22+09:00
0,1,0,0,0,1,2017-10-14 15:16:35+09:00
0,1,0,0,0,0,2017-10-14 15:20:01+09:00
0,1,0,0,0,0,2017-10-14 15:41:14+09:00
0,2,0,0,0,0,2017-10-14 16:04:28+09:00
0,1,0,0,0,0,2017-10-14 16:28:17+09:00
0,2,0,2,0,0,2017-10-14 21:16:52-07:00
0,1,0,0,0,1,2017-10-15 14:50:21+09:00
0,1,0,1,0,0,2017-10-15 14:51:47+09:00
0,1,0,1,0,0,2017-10-15 14:56:42+09:00
0,2,0,0,0,0,2017-10-15 20:15:08+09:00
0,2,0,0,0,0,2017-10-15 20:16:08+09:00
0,0,0,0,0,0,2017-10-15 20:16:55+09:00
0,1,0,1,0,0,2017-10-15 20:17:14+09:00
0,2,0,0,0,0,2017-10-15 20:47:17+09:00
0,1,0,0,0,0,2017-10-17 06:48:43+09:00
0,1,0,0,0,0,2017-10-19 19:10:21+09:00
0,1,0,0,0,0,2017-10-19 20:16:35+09:00
0,0,0,0,0,0,2017-10-21 15:54:58+09:00
0,1,0,1,0,0,2017-10-21 17:59:34+09:00
0,1,0,0,0,0,2017-10-21 20:51:55+09:00
0,1,0,0,0,0,2017-10-21 21:12:31+09:00
0,0,0,0,0,0,2017-10-21 21:13:07+09:00
0,0,0,0,0,0,2017-10-21 21:15:00+09:00
0,1,0,1,0,0,2017-10-21 21:15:20+09:00
0,0,0,0,0,0,2017-10-21 21:38:00+09:00
0,3,0,1,0,0,2017-10-21 10:36:48-07:00
0,1,0,1,0,0,2017-10-21 10:37:42-07:00
0,2,0,0,0,0,2017-10-22 10:33:07+09:00
0,1,0,1,0,0,2017-10-22 10:36:02+09:00
0,2,0,1,0,0,2017-10-21 19:34:12-07:00
0,0,0,0,0,0,2017-10-21 19:34:59-07:00
0,1,0,0,0,0,2017-10-22 12:22:57+09:00
0,1,0,0,0,0,2017-10-22 12:23:13+09:00
0,2,0,2,0,0,2017-10-23 19:33:44+09:00
0,1,0,1,0,0,2017-10-23 19:34:12+09:00
0,1,0,1,0,0,2017-10-23 19:35:09+09:00
0,0,0,0,0,0,2017-10-23 19:46:26+09:00
0,0,0,0,0,0,2017-10-23 19:47:36+09:00
0,0,0,0,0,0,2017-10-23 19:49:03+09:00
0,0,0,0,0,0,2017-10-23 19:52:09+09:00
0,0,0,0,0,0,2021-02-02 21:42:01+00:00
0,0,0,0,0,0,2021-02-03 09:29:01+00:00
