Acquisition,Preparation,Modeling,Training,Evaluation,Prediction,time
0,0,0,0,0,0,2021-02-05 13:51:17-05:00
0,0,0,0,0,0,2021-02-11 12:50:41-05:00
0,0,0,0,0,0,2021-02-16 16:59:19-05:00
0,0,0,0,0,0,2021-02-16 17:25:18-05:00
0,0,0,0,0,0,2021-02-16 17:41:09-05:00
0,0,0,0,0,0,2021-02-17 15:11:28-05:00
0,0,0,0,0,0,2021-02-17 15:56:27-05:00
0,0,0,0,0,0,2021-02-18 11:53:56-05:00
0,0,0,0,0,0,2021-03-01 12:45:08-05:00
0,0,0,0,0,0,2021-03-01 17:01:07-05:00
0,0,0,0,0,0,2021-03-02 12:31:04-05:00
0,0,0,0,0,0,2021-03-02 15:23:58-05:00
0,0,0,0,0,0,2021-03-02 15:24:45-05:00
0,0,0,0,0,0,2021-03-02 15:24:54-05:00
0,0,0,0,0,0,2021-03-02 15:45:44-05:00
0,0,0,0,0,0,2021-03-02 16:02:03-05:00
0,0,0,0,0,0,2021-03-02 16:13:29-05:00
0,0,0,0,0,0,2021-03-02 16:23:32-05:00
0,0,0,0,0,0,2021-03-02 16:24:10-05:00
0,0,0,0,0,0,2021-03-02 16:36:28-05:00
0,0,0,0,0,0,2021-03-02 16:45:16-05:00
0,0,0,0,0,0,2021-03-02 17:02:19-05:00
0,0,0,0,0,0,2021-03-03 01:34:07+00:00
0,0,0,0,0,0,2021-03-02 17:34:10-08:00
0,0,0,0,0,0,2021-03-02 17:34:11-08:00
0,0,0,0,0,0,2021-03-02 17:34:12-08:00
0,0,0,0,0,0,2021-03-02 17:34:12-08:00
0,0,0,0,0,0,2021-03-02 17:34:13-08:00
0,0,0,0,0,0,2021-03-02 20:43:54-05:00
0,0,0,0,0,0,2021-03-04 19:46:29-05:00
0,0,0,0,0,0,2021-03-04 19:46:42-05:00
0,0,0,0,0,0,2021-03-05 12:50:15-05:00
0,0,0,1,0,1,2021-03-05 17:04:22-05:00
0,0,0,0,0,0,2021-03-05 17:11:54-05:00
0,0,0,0,0,0,2021-03-05 17:13:45-05:00
0,0,0,0,0,0,2021-03-05 19:32:57-05:00
0,0,0,0,0,0,2021-03-08 12:18:10-05:00
0,0,0,0,0,0,2021-03-08 12:34:56-05:00
0,0,0,0,0,0,2021-03-08 12:54:28-05:00
0,0,0,0,0,0,2021-03-08 12:55:48-05:00
1,1,0,0,0,0,2021-03-09 21:36:26-05:00
0,0,0,0,0,0,2021-03-11 14:57:41-05:00
0,0,0,0,0,0,2021-03-11 14:59:34-05:00
1,1,0,0,0,0,2021-03-13 13:14:10-05:00
0,0,0,0,0,0,2021-03-13 13:14:19-05:00
0,0,0,0,0,0,2021-03-13 13:16:53-05:00
1,1,0,0,0,0,2021-03-13 14:27:34-05:00
2,2,0,1,1,1,2021-03-15 20:51:46-04:00
2,2,0,1,1,1,2021-03-17 15:52:09-04:00
1,1,0,1,1,1,2021-03-17 16:00:07-04:00
1,1,0,1,1,1,2021-03-17 21:19:26-04:00
0,0,0,0,0,0,2021-03-17 21:39:05-04:00
0,0,0,0,0,0,2021-03-17 21:41:41-04:00
4,4,0,2,0,2,2021-03-18 11:03:39-04:00
1,1,0,0,0,0,2021-03-18 11:53:55-04:00
0,0,0,0,0,0,2021-03-18 11:55:00-04:00
1,1,0,0,0,0,2021-03-18 13:48:23-04:00
0,0,0,0,0,0,2021-03-18 15:59:11-04:00
0,0,0,0,0,0,2021-03-18 16:00:21-04:00
2,2,1,1,1,1,2021-03-19 22:02:06-04:00
0,0,0,0,0,0,2021-03-19 22:05:38-04:00
0,0,0,0,0,0,2021-03-23 14:17:11-04:00
0,0,0,0,0,0,2021-03-23 14:24:19-04:00
0,0,0,0,0,0,2021-03-23 14:51:16-04:00
0,0,0,0,0,0,2021-03-28 15:45:18-07:00
0,0,0,0,0,0,2021-03-30 10:36:25-04:00
0,0,0,0,0,0,2021-03-30 11:05:01-04:00
0,0,0,0,0,0,2021-03-30 11:09:13-04:00
0,0,0,0,0,0,2021-03-30 11:10:36-04:00
0,0,0,0,0,0,2021-03-30 11:21:19-04:00
0,0,0,0,0,0,2021-04-11 19:42:21-07:00
0,0,0,0,0,0,2021-04-15 13:40:05-04:00
0,0,0,0,0,0,2021-04-15 13:42:58-04:00
0,0,0,0,0,0,2021-04-15 13:45:02-04:00
0,0,0,0,0,0,2021-04-15 13:48:47-04:00
0,0,0,0,0,0,2021-04-15 15:16:57-04:00
0,0,0,0,0,0,2021-04-24 22:37:36-04:00
0,0,0,0,0,0,2021-04-24 22:42:01-04:00
0,0,0,0,0,0,2021-04-25 19:33:58-07:00
0,0,0,0,0,0,2021-04-25 19:35:10-07:00
0,0,0,0,0,0,2021-04-25 19:38:20-07:00
0,0,0,0,0,0,2021-04-25 19:39:11-07:00
0,0,0,0,0,0,2021-04-25 19:43:14-07:00
0,0,0,0,0,0,2021-04-25 19:49:57-07:00
0,0,0,0,0,0,2021-04-25 19:51:29-07:00
0,0,0,0,0,0,2021-04-25 21:03:35-07:00
0,0,0,0,0,0,2021-04-25 21:06:12-07:00
0,0,0,0,0,0,2021-04-27 22:40:02-04:00
0,0,0,0,0,0,2021-04-27 22:05:33-07:00
0,0,0,0,0,0,2021-04-27 22:08:10-07:00
0,0,0,0,0,0,2021-04-27 22:10:18-07:00
0,0,0,0,0,0,2021-04-28 15:04:39-04:00
0,0,0,0,0,0,2021-04-28 15:04:50-04:00
0,0,0,0,0,0,2021-04-28 13:43:25-07:00
0,0,0,0,0,0,2021-04-30 12:42:57-04:00
0,0,0,0,0,0,2021-05-04 12:05:56-04:00
0,0,0,0,0,0,2021-05-04 12:07:22-04:00
0,0,0,0,0,0,2021-05-04 12:17:11-04:00
0,0,0,0,0,0,2021-05-04 13:59:54-04:00
0,0,0,0,0,0,2021-05-04 14:24:47-04:00
0,0,0,0,0,0,2021-05-04 15:17:25-04:00
0,0,0,0,0,0,2021-05-04 15:17:55-04:00
1,1,0,0,0,1,2021-05-04 17:26:43-04:00
1,1,0,0,0,1,2021-05-06 10:56:55-04:00
0,0,0,0,0,0,2021-05-06 12:12:46-04:00
2,2,0,2,0,2,2021-05-06 21:37:29-04:00
2,2,2,2,2,2,2021-05-07 16:08:54-04:00
1,1,1,1,1,1,2021-05-07 16:31:21-04:00
1,1,1,1,1,1,2021-05-09 14:58:13-04:00
2,1,0,0,0,2,2021-05-09 17:46:46-04:00
0,0,0,0,0,0,2021-05-10 11:54:45-04:00
2,1,1,1,1,2,2021-05-10 18:16:33-04:00
0,0,0,0,0,0,2021-05-10 18:20:21-04:00
0,0,0,0,0,0,2021-05-10 18:21:17-04:00
0,0,0,0,0,0,2021-05-10 18:26:06-04:00
4,3,1,3,1,3,2021-05-10 18:30:44-04:00
0,0,0,0,0,0,2021-05-10 23:39:23-04:00
0,0,0,0,0,0,2021-05-11 09:58:56-04:00
0,0,0,0,0,0,2021-05-11 16:23:05-04:00
0,0,0,0,0,0,2021-05-11 16:46:23-04:00
0,0,0,0,0,0,2021-05-11 16:47:10-04:00
2,1,0,1,0,0,2021-05-11 22:12:09-04:00
0,0,0,0,0,0,2021-05-11 22:12:18-04:00
4,4,0,0,0,0,2021-05-12 17:45:40-04:00
0,0,0,0,0,0,2021-05-12 17:45:52-04:00
2,0,0,0,0,0,2021-05-12 21:36:04-04:00
0,0,0,0,0,0,2021-05-12 21:51:11-04:00
0,0,0,0,0,0,2021-05-12 21:53:13-04:00
0,0,0,0,0,0,2021-05-12 22:00:23-04:00
0,0,0,0,0,0,2021-05-13 09:10:03-04:00
0,0,0,0,0,0,2021-05-13 16:10:57-07:00
3,5,0,1,0,0,2021-05-14 15:14:26-04:00
0,0,0,0,0,0,2021-05-14 15:14:38-04:00
0,0,0,0,0,0,2021-05-14 17:50:22-04:00
0,0,0,0,0,0,2021-05-14 17:52:56-04:00
0,0,0,0,0,0,2021-05-14 17:53:45-04:00
0,0,0,0,0,0,2021-05-14 23:06:52-04:00
0,0,0,0,0,0,2021-05-14 23:22:53-04:00
0,0,0,0,0,0,2021-05-14 23:33:54-04:00
0,0,0,0,0,0,2021-05-15 10:11:41-04:00
0,0,0,0,0,0,2021-05-15 10:14:13-04:00
0,0,0,0,0,0,2021-05-15 10:14:54-04:00
1,1,0,0,0,0,2021-05-16 16:28:18-04:00
0,0,0,0,0,0,2021-05-16 16:38:44-04:00
0,0,0,0,0,0,2021-05-16 16:47:48-04:00
0,0,0,0,0,0,2021-05-16 17:10:31-04:00
0,0,0,0,0,0,2021-05-16 20:06:24-04:00
0,0,0,0,0,0,2021-05-16 20:09:46-04:00
0,0,0,0,0,0,2021-05-17 13:59:23-04:00
0,0,0,0,0,0,2021-05-18 11:11:56-04:00
0,0,0,0,0,0,2021-05-18 11:12:04-04:00
3,2,0,0,1,2,2021-05-18 20:15:56-04:00
0,0,0,0,0,0,2021-05-18 20:19:13-04:00
0,0,0,0,0,0,2021-05-18 20:19:53-04:00
0,0,0,0,0,0,2021-05-18 20:21:00-04:00
0,0,0,0,0,0,2021-05-18 20:22:00-04:00
0,0,0,0,0,0,2021-05-19 20:13:17+05:18
0,0,0,0,0,0,2021-05-19 20:35:10+01:00
0,0,0,0,0,0,2021-05-19 20:37:03+01:00
0,0,0,0,0,0,2021-05-19 20:42:30+01:00
0,0,0,0,0,0,2021-05-19 20:43:27+01:00
1,0,0,0,0,0,2021-05-19 20:47:11+01:00
0,0,0,0,0,0,2021-05-19 20:48:34+01:00
1,0,0,0,1,0,2021-05-20 12:53:52-04:00
0,0,0,0,0,0,2021-05-20 13:06:27-04:00
0,0,0,0,0,0,2021-05-20 13:07:45-04:00
0,0,0,0,0,0,2021-05-20 13:10:35-04:00
0,0,0,0,0,0,2021-05-20 13:15:06-04:00
0,0,0,0,0,0,2021-05-20 14:05:34-04:00
0,0,0,0,0,0,2021-05-20 14:26:55-04:00
0,0,0,0,0,0,2021-05-20 14:59:06-04:00
0,0,0,0,0,0,2021-05-20 16:58:43-04:00
0,0,0,0,0,0,2021-05-20 17:08:28-04:00
0,0,0,0,0,0,2021-05-20 17:08:57-04:00
0,0,0,0,0,0,2021-05-20 17:21:17-04:00
0,0,0,0,0,0,2021-05-20 17:54:22-04:00
0,0,0,0,0,0,2021-05-21 09:31:40-04:00
0,0,0,0,0,0,2021-05-21 15:24:46-04:00
0,0,0,0,0,0,2021-05-21 15:43:33-04:00
0,0,0,0,0,0,2021-05-21 15:57:11-04:00
1,0,0,0,0,0,2021-05-21 16:34:38-04:00
0,0,0,0,0,0,2021-05-21 16:38:04-04:00
0,0,0,0,0,0,2021-05-21 16:41:52-04:00
0,0,0,0,0,0,2021-05-22 14:44:28-04:00
0,0,0,0,0,0,2021-05-22 14:48:34-04:00
0,0,0,0,0,0,2021-05-22 16:05:34-04:00
0,0,0,0,0,0,2021-05-22 16:06:01-04:00
0,0,0,0,0,0,2021-05-22 16:33:55-04:00
1,1,0,0,0,1,2021-05-23 17:02:58-04:00
0,0,0,0,0,0,2021-05-24 13:39:57+00:00
0,0,0,0,0,0,2021-05-24 13:53:08+00:00
0,0,0,0,0,0,2021-05-24 13:53:32+00:00
0,0,0,0,0,0,2021-05-24 13:55:06+00:00
0,0,0,0,0,0,2021-05-24 13:56:00+00:00
0,0,0,0,0,0,2021-05-24 10:09:40-04:00
0,0,0,0,0,0,2021-05-24 14:22:52+00:00
0,0,0,0,0,0,2021-05-24 14:32:37+00:00
0,0,0,0,0,0,2021-05-24 14:36:42+00:00
1,1,1,1,1,1,2021-05-24 15:10:49+00:00
0,0,0,0,0,0,2021-05-24 10:35:22-07:00
1,1,1,1,1,1,2021-05-24 15:11:30-04:00
0,0,0,0,0,0,2021-05-24 15:22:42-04:00
0,0,0,0,0,0,2021-05-24 15:23:33-04:00
0,0,0,0,0,0,2021-05-24 16:09:28-04:00
0,0,0,0,0,0,2021-05-24 13:41:49-07:00
0,0,0,0,0,0,2021-05-24 13:43:57-07:00
0,0,0,0,0,0,2021-05-24 17:02:38-04:00
0,0,0,0,0,0,2021-05-24 17:02:45-04:00
0,0,0,0,0,0,2021-05-24 17:46:31-04:00
0,0,0,0,0,0,2021-05-24 17:47:19-04:00
0,0,0,0,0,0,2021-05-24 17:50:47-04:00
0,0,0,0,0,0,2021-05-24 17:51:34-04:00
0,0,0,0,0,0,2021-05-25 15:09:05-04:00
0,0,0,0,0,0,2021-05-25 15:43:16-04:00
0,0,0,0,0,0,2021-05-25 15:43:25-04:00
0,0,0,0,0,0,2021-05-25 17:08:34-04:00
0,0,0,0,0,0,2021-05-25 17:17:00-04:00
0,0,0,0,0,0,2021-05-26 12:49:05-04:00
0,0,0,0,0,0,2021-05-26 09:49:52-07:00
0,0,0,0,0,0,2021-05-26 12:51:42-04:00
0,0,0,0,0,0,2021-05-26 13:41:26-04:00
0,0,0,0,0,0,2021-05-26 13:41:50-04:00
0,0,0,0,0,0,2021-05-26 14:40:13-04:00
0,0,0,0,0,0,2021-05-26 16:17:58-04:00
0,0,0,0,0,0,2021-05-26 16:41:04-04:00
0,0,0,0,0,0,2021-05-26 16:42:32-04:00
0,0,0,0,0,0,2021-05-26 20:13:33-04:00
0,0,0,0,0,0,2021-05-27 09:13:38-04:00
0,0,0,0,0,0,2021-05-27 09:13:48-04:00
0,0,0,0,0,0,2021-05-27 12:22:13-04:00
0,0,0,0,0,0,2021-05-27 12:26:57-04:00
0,0,0,0,0,0,2021-05-27 12:27:45-04:00
0,0,0,0,0,0,2021-05-27 12:31:48-04:00
0,0,0,0,0,0,2021-05-27 12:34:10-04:00
0,0,0,0,0,0,2021-05-29 22:56:24-04:00
0,0,0,0,0,0,2021-05-29 22:58:53-04:00
0,0,0,0,0,0,2021-05-29 23:00:38-04:00
0,0,0,0,0,0,2021-05-29 23:03:01-04:00
0,0,0,0,0,0,2021-05-29 23:03:27-04:00
0,0,0,0,0,0,2021-05-29 23:04:40-04:00
0,0,0,0,0,0,2021-05-29 23:13:48-04:00
0,0,0,0,0,0,2021-05-29 23:15:39-04:00
0,0,0,0,0,0,2021-05-29 23:20:42-04:00
0,0,0,0,0,0,2021-05-29 23:23:52-04:00
0,0,0,0,0,0,2021-05-29 23:24:48-04:00
0,0,0,0,0,0,2021-05-29 23:25:52-04:00
0,0,0,0,0,0,2021-05-29 23:27:31-04:00
0,0,0,0,0,0,2021-05-31 22:49:33-04:00
0,0,0,0,0,0,2021-05-31 22:52:22-04:00
0,0,0,0,0,0,2021-06-01 09:25:33-04:00
0,0,0,0,0,0,2021-06-01 09:26:58-04:00
0,0,0,0,0,0,2021-06-01 09:34:08-04:00
0,0,0,0,0,0,2021-06-01 10:22:21-04:00
0,0,0,0,0,0,2021-06-01 10:28:39-04:00
0,0,0,0,0,0,2021-06-01 12:51:01-04:00
0,0,0,0,0,0,2021-06-01 12:57:28-04:00
0,0,0,0,0,0,2021-06-01 13:03:34-04:00
0,0,0,0,0,0,2021-06-01 14:17:45-04:00
0,0,0,0,0,0,2021-06-01 14:44:34-04:00
0,0,0,0,0,0,2021-06-01 14:59:55-04:00
0,0,0,0,0,0,2021-06-01 16:01:48-04:00
0,0,0,0,0,0,2021-06-01 13:47:01-07:00
0,0,0,0,0,0,2021-06-01 13:56:54-07:00
0,0,0,0,0,0,2021-06-01 13:57:39-07:00
0,0,0,0,0,0,2021-06-01 13:59:05-07:00
0,0,0,0,0,0,2021-06-01 14:00:57-07:00
0,0,0,0,0,0,2021-06-01 17:22:09-04:00
0,0,0,0,0,0,2021-06-01 17:28:04-04:00
0,0,0,0,0,0,2021-06-01 17:32:08-04:00
0,0,0,0,0,0,2021-06-01 15:04:51-07:00
0,0,0,0,0,0,2021-06-01 15:16:37-07:00
0,0,0,0,0,0,2021-06-01 17:39:33-07:00
0,0,0,0,0,0,2021-06-01 17:41:46-07:00
0,0,0,0,0,0,2021-06-02 15:27:46-04:00
0,0,0,0,0,0,2021-06-02 15:45:43-04:00
0,0,0,0,0,0,2021-06-02 16:00:22-04:00
0,0,0,0,0,0,2021-06-02 16:09:13-04:00
0,0,0,0,0,0,2021-06-02 14:37:11-07:00
0,0,0,0,0,0,2021-06-02 14:40:35-07:00
0,0,0,0,0,0,2021-06-02 18:15:36-04:00
0,0,0,0,0,0,2021-06-02 18:15:44-04:00
0,0,0,0,0,0,2021-06-02 18:25:49-04:00
0,0,0,0,0,0,2021-06-02 20:24:06-04:00
0,0,0,0,0,0,2021-06-02 20:26:11-04:00
0,0,0,0,0,0,2021-06-02 20:33:22-04:00
0,0,0,0,0,0,2021-06-02 20:44:28-04:00
0,0,0,0,0,0,2021-06-02 20:47:16-04:00
0,0,0,0,0,0,2021-06-02 21:02:06-04:00
0,0,0,0,0,0,2021-06-02 21:26:26-04:00
0,0,0,0,0,0,2021-06-02 21:35:17-04:00
0,0,0,0,0,0,2021-06-02 21:46:27-04:00
0,0,0,0,0,0,2021-06-02 21:57:02-04:00
0,0,0,0,0,0,2021-06-02 22:03:29-04:00
0,0,0,0,0,0,2021-06-02 22:12:25-04:00
0,0,0,0,0,0,2021-06-02 22:15:49-04:00
0,0,0,0,0,0,2021-06-02 22:19:50-04:00
0,0,0,0,0,0,2021-06-03 09:21:01-04:00
0,0,0,0,0,0,2021-06-03 09:56:32-04:00
0,0,0,0,0,0,2021-06-03 11:09:13-04:00
0,0,0,0,0,0,2021-06-03 11:13:00-04:00
0,0,0,0,0,0,2021-06-03 11:23:14-04:00
0,0,0,0,0,0,2021-06-03 11:49:41-04:00
0,0,0,0,0,0,2021-06-03 11:50:47-04:00
0,0,0,0,0,0,2021-06-03 12:11:03-04:00
0,0,0,0,0,0,2021-06-03 12:11:10-04:00
0,0,0,0,0,0,2021-06-03 09:45:05-07:00
0,0,0,0,0,0,2021-06-03 15:16:25-04:00
0,0,0,0,0,0,2021-06-03 15:16:32-04:00
0,0,0,0,0,0,2021-06-03 15:17:20-04:00
0,0,0,0,0,0,2021-06-03 15:18:41-04:00
0,0,0,0,0,0,2021-06-03 15:19:15-04:00
0,0,0,0,0,0,2021-06-03 15:29:33-04:00
0,0,0,0,0,0,2021-06-03 16:22:03-04:00
0,0,0,0,0,0,2021-06-03 16:39:36-04:00
0,0,0,0,0,0,2021-06-03 13:48:08-07:00
0,0,0,0,0,0,2021-06-03 17:21:40-04:00
0,0,0,0,0,0,2021-06-03 17:25:08-04:00
0,0,0,0,0,0,2021-06-03 17:46:05-04:00
0,0,0,0,0,0,2021-06-03 17:49:17-04:00
0,0,0,0,0,0,2021-06-03 17:53:26-04:00
0,0,0,0,0,0,2021-06-03 17:55:40-04:00
0,0,0,0,0,0,2021-06-03 21:36:12-04:00
0,0,0,0,0,0,2021-06-03 21:45:52-04:00
0,0,0,0,0,0,2021-06-03 21:48:13-04:00
0,0,0,0,0,0,2021-06-03 21:58:37-04:00
0,0,0,0,0,0,2021-06-04 10:53:25-04:00
0,0,0,0,0,0,2021-06-04 12:19:11-04:00
0,0,0,0,0,0,2021-06-04 10:26:34-07:00
0,0,0,0,0,0,2021-06-04 16:17:08-04:00
0,0,0,0,0,0,2021-06-04 16:24:36-04:00
0,0,0,0,0,0,2021-06-04 16:25:41-04:00
0,0,0,0,0,0,2021-06-04 16:39:37-04:00
0,0,0,0,0,0,2021-06-04 16:48:49-04:00
0,0,0,0,0,0,2021-06-04 18:27:41-04:00
0,0,0,0,0,0,2021-06-05 13:46:41-04:00
0,0,0,0,0,0,2021-06-05 13:58:43-04:00
0,0,0,0,0,0,2021-06-05 13:59:50-04:00
0,0,0,0,0,0,2021-06-05 14:00:29-04:00
0,0,0,0,0,0,2021-06-05 14:04:11-04:00
0,0,0,0,0,0,2021-06-05 14:15:13-04:00
0,0,0,0,0,0,2021-06-05 21:00:01-04:00
0,0,0,0,0,0,2021-06-05 21:25:45-04:00
0,0,0,0,0,0,2021-06-06 12:59:25-04:00
0,0,0,0,0,0,2021-06-06 13:26:53-04:00
0,0,0,0,0,0,2021-06-06 17:47:15-04:00
0,0,0,0,0,0,2021-06-06 17:51:33-04:00
2,2,2,2,2,2,2021-06-06 22:24:07-04:00
0,0,0,0,0,0,2021-06-06 23:18:44-04:00
0,0,0,0,0,0,2021-06-06 21:45:14-07:00
0,0,0,0,0,0,2021-06-06 21:52:33-07:00
0,0,0,0,0,0,2021-06-07 12:09:48-04:00
3,3,3,3,3,3,2021-06-07 18:11:05-04:00
0,0,0,0,0,0,2021-06-07 17:04:19-07:00
0,0,0,0,0,0,2021-06-07 17:05:53-07:00
0,0,0,0,0,0,2021-06-07 17:06:29-07:00
0,0,0,0,0,0,2021-06-07 20:50:48-04:00
0,0,0,0,0,0,2021-06-08 11:27:09-04:00
0,0,0,0,0,0,2021-06-08 12:31:53-04:00
0,0,0,0,0,0,2021-06-08 12:45:34-04:00
0,0,0,0,0,0,2021-06-08 15:32:52-04:00
0,0,0,0,0,0,2021-06-08 13:05:29-07:00
0,0,0,0,0,0,2021-06-08 13:05:50-07:00
0,0,0,0,0,0,2021-06-08 17:31:13-04:00
2,2,2,2,2,2,2021-06-08 17:43:35-04:00
0,0,0,0,0,0,2021-06-08 15:21:29-07:00
0,0,0,0,0,0,2021-06-08 15:21:38-07:00
0,0,0,0,0,0,2021-06-09 11:16:17-07:00
0,0,0,0,0,0,2021-06-09 15:47:34-04:00
1,1,1,1,1,1,2021-06-09 16:55:26-04:00
0,0,0,0,0,0,2021-06-09 16:57:03-04:00
0,0,0,0,0,0,2021-06-09 20:04:19-04:00
0,0,0,0,0,0,2021-06-09 20:11:53-04:00
0,0,0,0,0,0,2021-06-09 17:20:08-07:00
0,0,0,0,0,0,2021-06-09 20:52:22-04:00
0,0,0,0,0,0,2021-06-09 20:53:00-04:00
0,0,0,0,0,0,2021-06-10 15:41:39-04:00
0,0,0,0,0,0,2021-06-10 16:40:30-07:00
0,0,0,0,0,0,2021-06-10 17:11:48-07:00
0,0,0,0,0,0,2021-06-11 08:57:42-04:00
0,0,0,0,0,0,2021-06-11 09:44:46-04:00
0,0,0,0,0,0,2021-06-11 09:47:32-04:00
0,0,0,0,0,0,2021-06-11 12:57:37-07:00
0,0,0,0,0,0,2021-06-11 13:07:29-07:00
2,2,1,1,1,1,2021-06-11 16:16:08-04:00
0,0,0,0,0,0,2021-06-11 17:26:38-04:00
2,2,2,2,2,2,2021-06-11 22:33:00-04:00
0,0,0,0,0,0,2021-06-12 10:42:38-04:00
0,0,0,0,0,0,2021-06-14 20:49:52-04:00
0,0,0,0,0,0,2021-06-15 13:16:50+01:00
0,0,0,0,0,0,2021-06-15 13:32:50+01:00
0,0,0,0,0,0,2021-06-15 14:24:22+01:00
0,0,0,0,0,0,2021-06-15 09:43:26-04:00
2,4,0,0,0,1,2021-06-15 17:00:36+03:00
0,0,0,0,0,0,2021-06-15 12:28:27-04:00
0,0,0,0,0,0,2021-06-15 12:34:07-04:00
0,1,0,0,0,1,2021-06-15 12:51:58-04:00
0,3,0,0,0,2,2021-06-15 14:37:47-04:00
0,0,0,0,0,0,2021-06-15 12:23:08-07:00
0,0,0,0,0,0,2021-06-15 13:05:42-07:00
0,0,0,0,0,0,2021-06-15 18:06:14-04:00
0,0,0,0,0,0,2021-06-15 18:06:20-04:00
0,0,0,0,0,0,2021-06-16 10:14:32-04:00
3,3,2,2,1,2,2021-06-16 13:05:59-04:00
1,1,1,1,1,1,2021-06-16 15:56:47-04:00
0,0,0,0,0,0,2021-06-16 21:32:02+01:00
0,0,0,0,0,0,2021-06-16 21:32:29+01:00
0,0,0,0,0,0,2021-06-16 21:34:37+01:00
0,0,0,0,0,0,2021-06-16 21:35:42+01:00
0,0,0,0,0,0,2021-06-16 21:37:29+01:00
0,0,0,0,0,0,2021-06-16 21:37:53+01:00
0,0,0,0,0,0,2021-06-16 22:35:05+01:00
0,0,0,0,0,0,2021-06-17 00:56:39+01:00
0,0,0,0,0,0,2021-06-17 13:05:02+01:00
0,0,0,0,0,0,2021-06-17 13:08:07+01:00
0,0,0,0,0,0,2021-06-17 09:00:52-04:00
0,0,0,0,0,0,2021-06-17 09:03:11-04:00
0,0,0,0,0,0,2021-06-17 14:05:22+01:00
0,0,0,0,0,0,2021-06-17 09:24:04-04:00
0,0,0,0,0,0,2021-06-17 09:25:57-04:00
0,0,0,0,0,0,2021-06-17 09:34:00-04:00
0,0,0,0,0,0,2021-06-17 09:34:57-04:00
0,0,0,0,0,0,2021-06-17 09:52:32-04:00
0,0,0,0,0,0,2021-06-17 11:22:35-04:00
0,0,0,0,0,0,2021-06-17 11:28:30-04:00
0,0,0,0,0,0,2021-06-17 16:32:18+01:00
0,0,0,0,0,0,2021-06-17 11:33:22-04:00
0,0,0,0,0,0,2021-06-17 11:35:40-04:00
0,0,0,0,0,0,2021-06-17 11:44:11-04:00
0,0,0,0,0,0,2021-06-17 12:43:56-04:00
0,0,0,0,0,0,2021-06-17 13:06:01-04:00
0,0,0,0,0,0,2021-06-17 13:56:31-04:00
0,0,0,0,0,0,2021-06-17 14:06:34-04:00
0,0,0,0,0,0,2021-06-17 14:10:03-04:00
0,0,0,0,0,0,2021-06-17 14:11:40-04:00
0,0,0,0,0,0,2021-06-17 14:13:19-04:00
0,0,0,0,0,0,2021-06-17 14:20:27-04:00
0,0,0,0,0,0,2021-06-17 14:22:38-04:00
0,0,0,0,0,0,2021-06-17 14:40:57-04:00
0,0,0,0,0,0,2021-06-17 14:47:00-04:00
0,0,0,0,0,0,2021-06-17 14:59:05-04:00
0,0,0,0,0,0,2021-06-17 15:07:20-04:00
0,0,0,0,0,0,2021-06-17 15:17:09-04:00
0,0,0,0,0,0,2021-06-17 15:32:28-04:00
0,0,0,0,0,0,2021-06-17 15:40:41-04:00
0,0,0,0,0,0,2021-06-17 15:47:15-04:00
0,0,0,0,0,0,2021-06-17 15:54:39-04:00
0,0,0,0,0,0,2021-06-17 15:57:25-04:00
0,0,0,0,0,0,2021-06-17 16:06:52-04:00
0,0,0,0,0,0,2021-06-17 16:09:46-04:00
0,0,0,0,0,0,2021-06-17 16:15:49-04:00
0,0,0,0,0,0,2021-06-17 16:27:42-04:00
0,0,0,0,0,0,2021-06-17 16:33:25-04:00
0,0,0,0,0,0,2021-06-17 16:40:16-04:00
0,0,0,0,0,0,2021-06-17 16:47:21-04:00
0,0,0,0,0,0,2021-06-17 16:48:10-04:00
0,0,0,0,0,0,2021-06-17 16:59:54-04:00
0,0,0,0,0,0,2021-06-17 17:13:46-04:00
0,0,0,0,0,0,2021-06-17 17:27:15-04:00
0,0,0,0,0,0,2021-06-17 17:36:40-04:00
0,0,0,0,0,0,2021-06-17 17:43:27-04:00
0,0,0,0,0,0,2021-06-17 17:54:47-04:00
0,0,0,0,0,0,2021-06-17 22:58:44+01:00
0,0,0,0,0,0,2021-06-17 15:47:49-07:00
0,0,0,0,0,0,2021-06-17 16:38:50-07:00
0,0,0,0,0,0,2021-06-17 21:10:01-04:00
0,0,0,0,0,0,2021-06-17 21:20:44-04:00
0,0,0,0,0,0,2021-06-17 21:36:34-04:00
0,0,0,0,0,0,2021-06-18 00:16:13-04:00
0,0,0,0,0,0,2021-06-18 10:31:44+01:00
0,1,0,0,0,0,2021-06-18 21:08:05+03:00
0,1,0,0,0,0,2021-06-18 23:42:24+03:00
0,4,0,0,0,1,2021-06-18 23:20:27-04:00
0,0,0,0,0,0,2021-06-19 13:43:34-04:00
0,0,0,0,0,0,2021-06-19 13:54:50-04:00
0,0,0,0,0,0,2021-06-19 13:55:04-04:00
0,0,0,0,0,0,2021-06-19 14:34:24-04:00
0,0,0,0,0,0,2021-06-19 15:45:48-04:00
0,0,0,0,0,0,2021-06-19 16:33:22-04:00
0,0,0,0,0,0,2021-06-19 16:34:39-04:00
0,0,0,0,0,0,2021-06-19 16:41:03-04:00
0,0,0,0,0,0,2021-06-19 20:43:52-04:00
0,0,0,0,0,0,2021-06-19 22:14:16-04:00
0,0,0,0,0,0,2021-06-20 10:48:00-04:00
0,0,0,0,0,0,2021-06-20 11:07:59-04:00
0,0,0,0,0,0,2021-06-20 11:15:28-04:00
0,0,0,0,0,0,2021-06-20 11:19:09-04:00
0,0,0,0,0,0,2021-06-20 11:20:30-04:00
0,0,0,0,0,0,2021-06-21 21:29:21-04:00
2,3,0,0,0,1,2021-06-22 22:56:47+03:00
0,0,0,0,0,0,2021-06-22 21:14:25+01:00
0,0,0,0,0,0,2021-06-22 21:26:33+01:00
0,0,0,0,0,0,2021-06-22 21:28:49+01:00
0,0,0,0,0,0,2021-06-22 17:28:30-04:00
0,0,0,0,0,0,2021-06-22 17:31:01-04:00
0,2,0,0,0,1,2021-06-22 17:36:33-04:00
0,0,0,0,0,0,2021-06-22 22:42:08+01:00
0,0,0,0,0,0,2021-06-22 17:42:17-04:00
0,0,0,0,0,0,2021-06-22 17:43:56-04:00
0,0,0,0,0,0,2021-06-22 22:44:37+01:00
0,0,0,0,0,0,2021-06-22 17:48:13-04:00
0,0,0,0,0,0,2021-06-22 20:56:02-04:00
0,0,0,0,0,0,2021-06-22 20:56:10-04:00
0,0,0,0,0,0,2021-06-22 20:57:15-04:00
0,0,0,0,0,0,2021-06-22 21:13:55-04:00
0,0,0,0,0,0,2021-06-22 21:17:29-04:00
0,0,0,0,0,0,2021-06-22 21:26:29-04:00
0,0,0,0,0,0,2021-06-22 22:26:02-04:00
0,0,0,0,0,0,2021-06-22 22:28:20-04:00
0,0,0,0,0,0,2021-06-23 13:00:07+01:00
0,0,0,0,0,0,2021-06-23 13:24:00+01:00
0,0,0,0,0,0,2021-06-23 10:07:47-04:00
0,0,0,0,0,0,2021-06-23 15:11:17+01:00
0,0,0,0,0,0,2021-06-23 15:22:55+01:00
0,0,0,0,0,0,2021-06-23 17:58:32+01:00
0,0,0,0,0,0,2021-06-23 13:12:09-04:00
0,0,0,0,0,0,2021-06-23 14:15:56-04:00
0,0,0,0,0,0,2021-06-23 14:23:37-04:00
0,0,0,0,0,0,2021-06-23 14:44:23-04:00
0,0,0,0,0,0,2021-06-23 14:49:45-04:00
0,1,0,0,0,1,2021-06-23 16:01:49-04:00
0,0,0,0,0,0,2021-06-23 16:36:30-07:00
0,0,0,0,0,0,2021-06-23 16:36:41-07:00
0,0,0,0,0,0,2021-06-23 16:48:12-07:00
0,0,0,0,0,0,2021-06-23 19:48:45-04:00
0,0,0,0,0,0,2021-06-23 19:48:56-04:00
0,0,0,0,0,0,2021-06-23 20:03:51-04:00
0,0,0,0,0,0,2021-06-23 20:23:14-04:00
0,0,0,0,0,0,2021-06-24 13:23:01+01:00
0,0,0,0,0,0,2021-06-24 08:34:32-04:00
0,0,0,0,0,0,2021-06-24 14:28:52+01:00
0,0,0,0,0,0,2021-06-24 09:32:02-04:00
0,0,0,0,0,0,2021-06-24 19:25:31+01:00
0,0,0,0,0,0,2021-06-24 19:45:26+01:00
0,0,0,0,0,0,2021-06-24 15:20:38-04:00
0,0,0,0,0,0,2021-06-24 22:12:49+01:00
0,0,0,0,0,0,2021-06-24 22:15:22+01:00
0,0,0,0,0,0,2021-06-24 23:40:18+01:00
0,0,0,0,0,0,2021-06-25 00:15:01+01:00
0,0,0,0,0,0,2021-06-25 00:51:03+01:00
0,0,0,0,0,0,2021-06-25 01:30:44+01:00
0,0,0,0,0,0,2021-06-24 20:33:39-04:00
1,1,0,0,0,0,2021-06-25 01:34:24+01:00
1,1,0,0,0,0,2021-06-25 01:35:40+01:00
1,1,0,0,0,0,2021-06-25 01:37:47+01:00
1,1,0,0,0,0,2021-06-25 01:38:35+01:00
4,4,0,0,0,0,2021-06-24 21:23:11-04:00
4,4,0,0,0,0,2021-06-24 21:28:56-04:00
2,0,0,0,0,0,2021-06-24 22:06:15-04:00
0,0,0,0,0,0,2021-06-24 22:28:20-04:00
0,0,0,0,0,0,2021-06-25 12:17:27+01:00
0,0,0,0,0,0,2021-06-25 12:21:53+01:00
0,0,0,0,0,0,2021-06-25 12:49:21+01:00
0,0,0,0,0,0,2021-06-25 13:07:36+01:00
0,0,0,0,0,0,2021-06-25 14:07:38+01:00
0,0,0,0,0,0,2021-06-25 14:42:15+01:00
0,0,0,0,0,0,2021-06-25 14:59:42+01:00
0,0,0,0,0,0,2021-06-25 11:03:12-04:00
0,0,0,0,0,0,2021-06-25 11:15:53-04:00
0,0,0,0,0,0,2021-06-25 10:38:05-07:00
0,0,0,0,0,0,2021-06-25 11:03:34-07:00
0,0,0,0,0,0,2021-06-25 11:13:12-07:00
0,0,0,0,0,0,2021-06-25 20:42:09+01:00
0,0,0,0,0,0,2021-06-25 20:42:57+01:00
0,0,0,0,0,0,2021-06-25 20:49:59+01:00
0,0,0,0,0,0,2021-06-25 20:50:42+01:00
0,0,0,0,0,0,2021-06-25 20:53:48+01:00
0,0,0,0,0,0,2021-06-25 20:54:07+01:00
0,0,0,0,0,0,2021-06-25 20:58:09+01:00
0,0,0,0,0,0,2021-06-25 20:58:28+01:00
0,0,0,0,0,0,2021-06-25 16:07:19-04:00
0,0,0,0,0,0,2021-06-25 21:07:35+01:00
0,0,0,0,0,0,2021-06-25 21:07:56+01:00
0,0,0,0,0,0,2021-06-25 16:08:13-04:00
0,0,0,0,0,0,2021-06-25 16:10:33-04:00
0,0,0,0,0,0,2021-06-26 10:25:08-04:00
0,0,0,0,0,0,2021-06-26 10:27:53-04:00
0,0,0,0,0,0,2021-06-26 10:29:59-04:00
0,0,0,0,0,0,2021-06-26 11:13:18-04:00
0,0,0,0,0,0,2021-06-26 11:15:49-04:00
0,0,0,0,0,0,2021-06-26 11:47:53-04:00
0,0,0,0,0,0,2021-06-26 11:57:14-04:00
0,0,0,0,0,0,2021-06-26 18:44:22-04:00
0,0,0,0,0,0,2021-06-26 20:47:22-04:00
0,0,0,0,0,0,2021-06-26 23:31:57-04:00
0,0,0,0,0,0,2021-06-27 11:34:02-04:00
0,0,0,0,0,0,2021-06-27 15:02:15-04:00
0,0,0,0,0,0,2021-06-27 18:21:20-04:00
0,0,0,0,0,0,2021-06-28 18:12:44-04:00
0,0,0,0,0,0,2021-06-28 12:23:01-10:00
0,0,0,0,0,0,2021-06-28 12:24:14-10:00
0,0,0,0,0,0,2021-06-28 18:26:22-04:00
0,0,0,0,0,0,2021-06-28 18:26:38-04:00
0,0,0,0,0,0,2021-06-28 12:44:42-10:00
0,0,0,0,0,0,2021-06-29 09:43:21-04:00
0,0,0,0,0,0,2021-06-29 09:49:13-04:00
0,0,0,0,0,0,2021-06-29 09:52:09-04:00
0,0,0,0,0,0,2021-06-29 10:53:23-04:00
3,3,0,0,0,0,2021-06-29 13:55:05-04:00
0,0,0,0,0,0,2021-06-29 13:59:35-04:00
0,0,0,0,0,0,2021-06-29 14:34:23-04:00
0,0,0,0,0,0,2021-06-29 14:35:05-04:00
0,0,0,0,0,0,2021-06-29 11:07:20-10:00
0,0,0,0,0,0,2021-06-29 11:08:09-10:00
0,0,0,0,0,0,2021-06-29 19:50:58-04:00
0,0,0,0,0,0,2021-06-29 19:51:56-04:00
0,0,0,0,0,0,2021-06-29 19:52:54-04:00
0,0,0,0,0,0,2021-06-29 19:58:10-04:00
0,0,0,0,0,0,2021-06-29 21:34:03-04:00
0,0,0,0,0,0,2021-07-01 09:31:17-04:00
0,0,0,0,0,0,2021-07-01 11:57:45-04:00
0,0,0,0,0,0,2021-07-01 12:17:59-04:00
0,0,0,0,0,0,2021-07-01 11:05:59-10:00
0,0,0,0,0,0,2021-07-01 14:20:03-07:00
0,0,0,0,0,0,2021-07-01 11:33:36-10:00
0,0,0,0,0,0,2021-07-01 14:14:27-10:00
0,0,0,0,0,0,2021-07-01 18:00:30-07:00
0,0,0,0,0,0,2021-07-01 18:50:47-07:00
0,0,0,0,0,0,2021-07-01 22:03:13-04:00
0,0,0,0,0,0,2021-07-01 22:03:31-04:00
0,0,0,0,0,0,2021-07-02 11:21:12-04:00
0,0,0,0,0,0,2021-07-03 00:26:27+09:00
0,0,0,0,0,0,2021-07-02 23:59:42+08:00
0,0,0,0,0,0,2021-07-02 08:38:54-10:00
0,0,0,0,0,0,2021-07-02 09:01:20-10:00
0,0,0,0,0,0,2021-07-02 09:14:45-10:00
0,0,0,0,0,0,2021-07-02 23:01:14-03:00
0,0,0,0,0,0,2021-07-03 10:42:28+08:00
0,0,0,0,0,0,2021-07-03 10:48:41+08:00
0,0,0,0,0,0,2021-07-03 10:53:06+08:00
0,0,0,0,0,0,2021-07-03 10:55:28+08:00
0,0,0,0,0,0,2021-07-02 23:02:40-04:00
0,0,0,0,0,0,2021-07-02 23:03:28-04:00
0,0,0,0,0,0,2021-07-03 15:07:36+09:00
0,0,0,0,0,0,2021-07-03 15:26:19+09:00
0,0,0,0,0,0,2021-07-03 18:07:11+09:00
0,0,0,0,0,0,2021-07-03 19:39:41+09:00
0,0,0,0,0,0,2021-07-03 22:23:24+09:00
0,0,0,0,0,0,2021-07-03 23:20:24+09:00
0,0,0,0,0,0,2021-07-03 23:29:40+09:00
0,0,0,0,0,0,2021-07-03 23:40:50+09:00
0,0,0,0,0,0,2021-07-03 11:52:59-04:00
0,0,0,0,0,0,2021-07-03 11:53:48-04:00
0,0,0,0,0,0,2021-07-04 15:35:50+09:00
0,0,0,0,0,0,2021-07-04 16:52:27+04:00
0,0,0,0,0,0,2021-07-04 16:54:08+04:00
0,0,0,0,0,0,2021-07-04 09:01:13-04:00
0,0,0,0,0,0,2021-07-04 18:33:19+04:00
0,0,0,0,0,0,2021-07-04 11:43:51-04:00
0,0,0,0,0,0,2021-07-05 03:39:57+09:00
0,0,0,0,0,0,2021-07-05 03:42:01+09:00
0,0,0,0,0,0,2021-07-04 16:34:26-03:00
0,0,0,0,0,0,2021-07-05 05:31:15+09:00
0,0,0,0,0,0,2021-07-04 17:09:52-04:00
0,0,0,0,0,0,2021-07-04 21:29:22-04:00
0,0,0,0,0,0,2021-07-05 14:27:39+09:00
0,0,0,0,0,0,2021-07-05 14:50:24+09:00
0,0,0,0,0,0,2021-07-05 14:32:30+05:18
0,0,0,0,0,0,2021-07-05 18:16:57+08:00
0,0,0,0,0,0,2021-07-05 18:33:18+07:00
0,0,0,0,0,0,2021-07-05 18:50:45+07:00
0,0,0,0,0,0,2021-07-05 19:18:06+07:00
0,0,0,0,0,0,2021-07-05 09:17:14-04:00
0,0,0,0,0,0,2021-07-05 22:19:45+09:00
0,0,0,0,0,0,2021-07-05 14:12:45+00:00
0,0,0,0,0,0,2021-07-05 14:13:03+00:00
0,0,0,0,0,0,2021-07-05 14:13:20+00:00
0,0,0,0,0,0,2021-07-05 10:41:19-04:00
0,0,0,0,0,0,2021-07-05 23:33:28+08:00
0,0,0,0,0,0,2021-07-05 12:08:26-04:00
0,0,0,0,0,0,2021-07-05 12:08:37-04:00
0,0,0,0,0,0,2021-07-05 12:08:53-04:00
0,0,0,0,0,0,2021-07-05 20:55:47+02:00
0,0,0,0,0,0,2021-07-06 10:08:20+07:00
0,0,0,0,0,0,2021-07-06 16:36:12+09:00
0,0,0,0,0,0,2021-07-06 15:36:29+05:18
0,0,0,0,0,0,2021-07-06 19:28:37+07:00
0,0,0,0,0,0,2021-07-06 19:28:37+07:00
0,0,0,0,0,0,2021-07-06 19:31:08+07:00
0,0,0,0,0,0,2021-07-06 08:37:26-04:00
0,0,0,0,0,0,2021-07-06 08:38:16-04:00
0,0,0,0,0,0,2021-07-06 21:14:18+07:00
0,0,0,0,0,0,2021-07-06 21:29:47+07:00
0,0,0,0,0,0,2021-07-06 22:15:41+07:00
0,0,0,0,0,0,2021-07-06 17:22:15+02:00
0,0,0,0,0,0,2021-07-06 22:55:20+07:00
0,0,0,0,0,0,2021-07-06 07:52:08-10:00
0,0,0,0,0,0,2021-07-06 11:01:22-07:00
0,0,0,0,0,0,2021-07-06 16:55:28-07:00
0,0,0,0,0,0,2021-07-06 17:00:57-07:00
0,0,0,0,0,0,2021-07-06 17:11:31-07:00
0,0,0,0,0,0,2021-07-07 13:10:42+08:00
0,0,0,0,0,0,2021-07-07 17:44:05+08:00
0,0,0,0,0,0,2021-07-07 15:43:19+05:18
0,0,0,0,0,0,2021-07-07 07:22:44-04:00
0,0,0,0,0,0,2021-07-07 07:23:27-04:00
0,0,0,0,0,0,2021-07-07 20:51:28+09:00
0,0,0,0,0,0,2021-07-07 08:02:56-04:00
0,0,0,0,0,0,2021-07-07 08:03:36-04:00
0,0,0,0,0,0,2021-07-07 08:04:29-04:00
0,0,0,0,0,0,2021-07-07 17:39:40+05:18
0,0,0,0,0,0,2021-07-07 17:59:55+05:18
0,0,0,0,0,0,2021-07-07 18:09:43+05:18
0,0,0,0,0,0,2021-07-07 09:23:33-04:00
1,0,1,1,0,1,2021-07-07 19:26:40+05:18
1,1,0,1,0,0,2021-07-07 19:39:14+05:18
0,1,0,0,0,0,2021-07-07 19:45:09+05:18
0,0,0,0,0,0,2021-07-07 10:40:50-04:00
0,0,0,0,0,0,2021-07-07 22:40:35+07:00
0,0,0,0,0,0,2021-07-07 23:53:47+07:00
0,0,0,0,0,0,2021-07-08 02:41:58+09:00
0,0,0,0,0,0,2021-07-08 02:45:49+09:00
0,0,0,0,0,0,2021-07-08 02:47:15+09:00
0,0,0,0,0,0,2021-07-08 02:48:51+09:00
0,0,0,0,0,0,2021-07-08 13:00:31-04:00
0,0,0,0,0,0,2021-07-08 20:05:33+02:00
0,0,0,0,0,0,2021-07-09 12:52:54+07:00
0,0,0,0,0,0,2021-07-09 14:34:40+08:00
0,0,0,0,0,0,2021-07-09 15:05:06+08:00
0,0,0,0,0,0,2021-07-09 22:20:32+09:00
0,0,0,0,0,0,2021-07-09 20:41:03+07:00
0,0,0,0,0,0,2021-07-09 15:52:09+02:00
0,0,0,0,0,0,2021-07-09 22:02:11+08:00
0,0,0,0,0,0,2021-07-09 22:04:34+08:00
0,0,0,0,0,0,2021-07-09 22:06:23+08:00
0,0,0,0,0,0,2021-07-09 22:07:26+08:00
0,0,0,0,0,0,2021-07-09 10:12:09-04:00
0,0,0,0,0,0,2021-07-09 10:12:43-04:00
0,0,0,0,0,0,2021-07-09 10:14:28-04:00
0,0,0,0,0,0,2021-07-09 10:16:25-04:00
0,0,0,0,0,0,2021-07-09 10:17:27-04:00
0,0,0,0,0,0,2021-07-09 10:18:45-04:00
0,0,0,0,0,0,2021-07-09 10:21:19-04:00
0,0,0,0,0,0,2021-07-09 10:23:32-04:00
0,0,0,0,0,0,2021-07-09 10:25:05-04:00
0,0,0,0,0,0,2021-07-09 10:42:35-04:00
0,0,0,0,0,0,2021-07-09 16:09:55+01:00
0,0,0,0,0,0,2021-07-09 23:26:21+08:00
0,0,0,0,0,0,2021-07-09 23:38:17+08:00
0,0,0,0,0,0,2021-07-09 23:39:41+08:00
0,0,0,0,0,0,2021-07-09 23:40:46+08:00
0,0,0,0,0,0,2021-07-09 23:41:26+08:00
0,0,0,0,0,0,2021-07-09 23:42:17+08:00
0,0,0,0,0,0,2021-07-10 01:19:27+09:00
0,0,0,0,0,0,2021-07-10 01:39:23+09:00
0,0,0,0,0,0,2021-07-10 01:45:16+09:00
0,0,0,0,0,0,2021-07-09 13:02:21-04:00
0,0,0,0,0,0,2021-07-09 13:03:49-04:00
0,0,0,0,0,0,2021-07-09 13:04:38-04:00
0,0,0,0,0,0,2021-07-09 13:05:06-04:00
0,0,0,0,0,0,2021-07-09 13:05:33-04:00
0,0,0,0,0,0,2021-07-09 13:06:14-04:00
0,0,0,0,0,0,2021-07-09 13:11:39-04:00
0,0,0,0,0,0,2021-07-09 13:13:10-04:00
0,0,0,0,0,0,2021-07-09 13:15:25-04:00
0,0,0,0,0,0,2021-07-09 13:16:25-04:00
0,0,0,0,0,0,2021-07-09 13:18:05-04:00
0,0,0,0,0,0,2021-07-10 11:22:32+08:00
0,0,0,0,0,0,2021-07-10 11:25:50+08:00
0,0,0,0,0,0,2021-07-10 11:28:14+08:00
0,0,0,0,0,0,2021-07-09 23:58:19-04:00
0,0,0,0,0,0,2021-07-09 23:58:47-04:00
0,0,0,0,0,0,2021-07-09 23:59:37-04:00
0,0,0,0,0,0,2021-07-10 16:09:11+09:00
0,0,0,0,0,0,2021-07-10 16:13:09+08:00
0,0,0,0,0,0,2021-07-10 18:16:07+08:00
0,0,0,0,0,0,2021-07-10 18:17:05+08:00
0,0,0,0,0,0,2021-07-10 19:48:50+08:00
0,0,0,0,0,0,2021-07-10 19:53:08+07:00
0,0,0,0,0,0,2021-07-10 11:26:36-04:00
0,0,0,0,0,0,2021-07-10 13:10:47-04:00
0,0,0,0,0,0,2021-07-10 13:12:11-04:00
0,0,0,0,0,0,2021-07-10 13:12:18-04:00
0,0,0,0,0,0,2021-07-10 21:58:16-04:00
0,0,0,0,0,0,2021-07-10 22:00:24-04:00
0,0,0,0,0,0,2021-07-10 22:02:26-04:00
0,0,0,0,0,0,2021-07-10 22:09:23-04:00
0,0,0,0,0,0,2021-07-10 22:11:09-04:00
0,0,0,0,0,0,2021-07-10 22:28:09-04:00
0,0,0,0,0,0,2021-07-11 23:28:45+09:00
0,0,0,0,0,0,2021-07-11 23:56:02+09:00
0,0,0,0,0,0,2021-07-11 21:15:39+03:00
0,0,0,0,0,0,2021-07-11 20:25:54+02:00
0,0,0,0,0,0,2021-07-11 15:09:57-04:00
0,0,0,0,0,0,2021-07-12 05:11:13+03:00
0,0,0,0,0,0,2021-07-12 05:12:52+03:00
0,0,0,0,0,0,2021-07-11 22:48:05-04:00
0,0,0,0,0,0,2021-07-12 20:07:59+09:00
0,0,0,0,0,0,2021-07-12 20:13:09+09:00
0,0,0,0,0,0,2021-07-12 20:18:40+09:00
0,0,0,0,0,0,2021-07-12 20:38:36+09:00
0,0,0,0,0,0,2021-07-12 23:59:13+09:00
0,0,0,0,0,0,2021-07-13 00:10:12+09:00
0,0,0,0,0,0,2021-07-12 11:16:41-04:00
0,0,0,0,0,0,2021-07-12 19:56:29+02:00
0,0,0,0,0,0,2021-07-13 12:02:05+08:00
0,0,0,0,0,0,2021-07-13 12:02:54+08:00
0,0,0,0,0,0,2021-07-13 12:06:48+08:00
0,0,0,0,0,0,2021-07-13 12:17:36+08:00
0,0,0,0,0,0,2021-07-13 12:36:27+08:00
0,0,0,0,0,0,2021-07-13 13:07:15+08:00
0,0,0,0,0,0,2021-07-13 13:10:36+08:00
0,0,0,0,0,0,2021-07-13 13:16:44+08:00
0,0,0,0,0,0,2021-07-13 07:34:41-04:00
0,0,0,0,0,0,2021-07-13 07:35:31-04:00
0,0,0,0,0,0,2021-07-13 19:50:34+08:00
0,0,0,0,0,0,2021-07-13 08:01:14-04:00
0,0,0,0,0,0,2021-07-13 16:16:29+00:00
0,0,0,0,0,0,2021-07-13 16:18:23+00:00
0,0,0,0,0,0,2021-07-14 00:40:33+08:00
0,0,0,0,0,0,2021-07-14 00:53:02+08:00
0,0,0,0,0,0,2021-07-13 13:59:28-04:00
0,0,0,0,0,0,2021-07-13 17:41:46-05:00
0,0,0,0,0,0,2021-07-13 17:46:27-05:00
0,0,0,0,0,0,2021-07-14 00:39:51+00:00
0,0,0,0,0,0,2021-07-13 20:45:23-04:00
0,0,0,0,0,0,2021-07-13 23:25:37-05:00
0,0,0,0,0,0,2021-07-14 12:40:33+08:00
0,0,0,0,0,0,2021-07-14 18:14:43+08:00
0,0,0,0,0,0,2021-07-14 18:19:45+08:00
0,0,0,0,0,0,2021-07-14 18:24:33+08:00
0,0,0,0,0,0,2021-07-14 18:31:38+08:00
0,0,0,0,0,0,2021-07-14 18:33:15+08:00
0,0,0,0,0,0,2021-07-14 18:35:01+08:00
0,0,0,0,0,0,2021-07-14 11:41:50+00:00
0,0,0,0,0,0,2021-07-14 20:40:40+08:00
0,0,0,0,0,0,2021-07-14 21:04:12+08:00
0,0,0,0,0,0,2021-07-14 22:04:47+09:00
0,0,0,0,0,0,2021-07-14 22:05:55+09:00
0,0,0,0,0,0,2021-07-14 21:12:46+08:00
0,0,0,0,0,0,2021-07-14 21:13:48+08:00
0,0,0,0,0,0,2021-07-14 21:15:26+08:00
0,0,0,0,0,0,2021-07-14 21:16:48+08:00
0,0,0,0,0,0,2021-07-14 21:25:34+08:00
0,0,0,0,0,0,2021-07-14 10:27:16-04:00
0,0,0,0,0,0,2021-07-14 10:34:40-04:00
0,0,0,0,0,0,2021-07-14 17:11:43+02:00
0,0,0,0,0,0,2021-07-14 15:35:28+00:00
0,0,0,0,0,0,2021-07-14 15:35:42+00:00
0,0,0,0,0,0,2021-07-14 23:37:01+08:00
0,0,0,0,0,0,2021-07-14 23:38:15+08:00
0,0,0,0,0,0,2021-07-14 23:44:01+08:00
0,0,0,0,0,0,2021-07-14 23:50:08+08:00
0,0,0,0,0,0,2021-07-14 12:10:44-04:00
0,0,0,0,0,0,2021-07-15 00:40:54+08:00
0,0,0,0,0,0,2021-07-15 01:07:14+08:00
0,0,0,0,0,0,2021-07-15 01:09:11+08:00
0,0,0,0,0,0,2021-07-15 01:19:49+08:00
0,0,0,0,0,0,2021-07-14 13:27:52-04:00
0,0,0,0,0,0,2021-07-14 20:30:41+02:00
0,0,0,0,0,0,2021-07-14 14:22:26-05:00
0,0,0,0,0,0,2021-07-14 14:41:52-05:00
0,0,0,0,0,0,2021-07-14 15:44:47-05:00
0,0,0,0,0,0,2021-07-14 17:28:12-04:00
0,0,0,0,0,0,2021-07-14 17:30:20-04:00
0,0,0,0,0,0,2021-07-14 17:31:56-04:00
0,0,0,0,0,0,2021-07-14 23:38:49+02:00
0,0,0,0,0,0,2021-07-14 23:47:41+02:00
0,0,0,0,0,0,2021-07-14 20:05:37-04:00
0,0,0,0,0,0,2021-07-14 20:16:08-04:00
0,0,0,0,0,0,2021-07-15 11:07:53+08:00
0,0,0,0,0,0,2021-07-15 11:08:36+08:00
0,0,0,0,0,0,2021-07-14 23:38:24-04:00
0,0,0,0,0,0,2021-07-15 10:12:23+05:18
0,0,0,0,0,0,2021-07-15 09:30:48+02:00
0,0,0,0,0,0,2021-07-15 09:33:50+02:00
0,0,0,0,0,0,2021-07-15 12:22:53+02:00
0,0,0,0,0,0,2021-07-15 19:04:56+08:00
0,0,0,0,0,0,2021-07-15 08:57:17-04:00
0,0,0,0,0,0,2021-07-15 21:04:43+08:00
0,0,0,0,0,0,2021-07-15 21:07:09+08:00
0,0,0,0,0,0,2021-07-15 21:07:43+08:00
0,0,0,0,0,0,2021-07-15 09:14:27-04:00
0,0,0,0,0,0,2021-07-15 15:41:26+02:00
0,0,0,0,0,0,2021-07-15 15:55:38+02:00
0,0,0,0,0,0,2021-07-15 17:41:04+02:00
0,0,0,0,0,0,2021-07-15 17:54:36-04:00
0,0,0,0,0,0,2021-07-15 21:03:16-04:00
0,0,0,0,0,0,2021-07-16 11:24:28+08:00
0,0,0,0,0,0,2021-07-16 14:05:43+08:00
0,0,0,0,0,0,2021-07-16 15:16:20+08:00
0,0,0,0,0,0,2021-07-16 17:28:11+08:00
0,0,0,0,0,0,2021-07-16 11:39:42+02:00
0,0,0,0,0,0,2021-07-16 11:48:42+02:00
0,0,0,0,0,0,2021-07-16 11:49:44+02:00
0,0,0,0,0,0,2021-07-16 14:39:00+02:00
0,0,0,0,0,0,2021-07-16 12:55:26+00:00
0,0,0,0,0,0,2021-07-16 21:18:52+08:00
0,0,0,0,0,0,2021-07-16 09:47:07-04:00
0,0,0,0,0,0,2021-07-16 22:59:49+09:00
0,0,0,0,0,0,2021-07-16 10:13:35-04:00
0,0,0,0,0,0,2021-07-16 10:14:21-04:00
0,0,0,0,0,0,2021-07-16 10:21:32-04:00
0,0,0,0,0,0,2021-07-16 10:23:19-04:00
0,0,0,0,0,0,2021-07-16 10:25:47-04:00
0,0,0,0,0,0,2021-07-16 14:38:49+00:00
0,0,0,0,0,0,2021-07-16 22:44:19+08:00
0,0,0,0,0,0,2021-07-16 23:10:51+08:00
0,0,0,0,0,0,2021-07-16 23:21:17+08:00
0,0,0,0,0,0,2021-07-16 23:22:09+08:00
0,0,0,0,0,0,2021-07-16 11:57:07-04:00
0,0,0,0,0,0,2021-07-17 01:59:53+00:00
0,0,0,0,0,0,2021-07-17 18:07:14+09:00
0,0,0,0,0,0,2021-07-17 17:38:22+03:00
0,0,0,0,0,0,2021-07-17 17:58:13+03:00
0,0,0,0,0,0,2021-07-17 19:18:11+02:00
0,0,0,0,0,0,2021-07-17 20:21:38+03:00
0,0,0,0,0,0,2021-07-17 19:24:02+02:00
0,0,0,0,0,0,2021-07-17 16:26:45-04:00
0,0,0,0,0,0,2021-07-17 23:50:37+02:00
0,0,0,0,0,0,2021-07-17 23:57:51+02:00
0,0,0,0,0,0,2021-07-18 11:59:37+09:00
0,0,0,0,0,0,2021-07-18 15:07:11+09:00
0,0,0,0,0,0,2021-07-18 15:13:01+09:00
0,0,0,0,0,0,2021-07-18 08:15:53-04:00
0,0,0,0,0,0,2021-07-18 21:25:30+09:00
0,0,0,0,0,0,2021-07-18 20:43:10+08:00
0,0,0,0,0,0,2021-07-18 20:58:42+08:00
0,0,0,0,0,0,2021-07-18 16:35:47+03:00
0,0,0,0,0,0,2021-07-18 10:02:53-04:00
0,0,0,0,0,0,2021-07-18 18:36:01+03:00
0,0,0,0,0,0,2021-07-18 19:34:27+02:00
0,0,0,0,0,0,2021-07-18 19:37:32+02:00
0,0,0,0,0,0,2021-07-18 20:55:00+02:00
0,0,0,0,0,0,2021-07-18 21:23:45+02:00
0,0,0,0,0,0,2021-07-18 20:19:35-04:00
0,0,0,0,0,0,2021-07-18 20:21:12-04:00
0,0,0,0,0,0,2021-07-18 20:22:18-04:00
0,0,0,0,0,0,2021-07-19 11:28:36+07:00
0,0,0,0,0,0,2021-07-19 16:12:43+08:00
0,0,0,0,0,0,2021-07-19 18:39:02+09:00
0,0,0,0,0,0,2021-07-19 10:35:08+00:00
0,0,0,0,0,0,2021-07-19 10:41:33+00:00
0,0,0,0,0,0,2021-07-19 10:42:41+00:00
0,0,0,0,0,0,2021-07-19 10:58:34+00:00
0,0,0,0,0,0,2021-07-19 11:03:37+00:00
0,0,0,0,0,0,2021-07-19 07:37:27-04:00
0,0,0,0,0,0,2021-07-19 07:38:05-04:00
0,0,0,0,0,0,2021-07-19 08:12:31-04:00
0,0,0,0,0,0,2021-07-19 21:15:05+09:00
0,0,0,0,0,0,2021-07-19 12:32:28+00:00
0,0,0,0,0,0,2021-07-19 12:38:53+00:00
0,0,0,0,0,0,2021-07-19 12:40:20+00:00
0,0,0,0,0,0,2021-07-19 21:44:29+09:00
0,0,0,0,0,0,2021-07-19 14:50:54+02:00
0,0,0,0,0,0,2021-07-19 14:52:54+02:00
0,0,0,0,0,0,2021-07-19 09:32:55-04:00
0,0,0,0,0,0,2021-07-19 09:40:02-04:00
4,3,3,3,1,3,2021-07-19 10:20:02-04:00
0,0,0,0,0,0,2021-07-19 10:21:03-04:00
0,0,0,0,0,0,2021-07-19 10:22:15-04:00
0,0,0,0,0,0,2021-07-19 10:25:54-04:00
0,0,0,0,0,0,2021-07-19 19:44:41+03:00
0,0,0,0,0,0,2021-07-19 19:48:02+03:00
0,0,0,0,0,0,2021-07-19 19:52:29+03:00
0,0,0,0,0,0,2021-07-19 19:54:31+03:00
0,0,0,0,0,0,2021-07-19 19:56:13+03:00
0,0,0,0,0,0,2021-07-19 14:18:22-04:00
0,0,0,0,0,0,2021-07-19 14:18:30-04:00
0,0,0,0,0,0,2021-07-20 11:57:52+08:00
0,0,0,0,0,0,2021-07-20 08:04:23-04:00
0,0,0,0,0,0,2021-07-20 17:16:11+02:00
0,0,0,0,0,0,2021-07-20 12:04:28-04:00
0,0,0,0,0,0,2021-07-21 01:11:37+09:00
0,0,0,0,0,0,2021-07-21 02:19:08+09:00
0,0,0,0,0,0,2021-07-20 20:07:31-04:00
0,0,0,0,0,0,2021-07-21 16:27:14+07:00
0,0,0,0,0,0,2021-07-21 18:37:18+09:00
0,0,0,0,0,0,2021-07-21 19:09:23+09:00
0,0,0,0,0,0,2021-07-21 19:14:16+09:00
0,0,0,0,0,0,2021-07-21 21:05:02+09:00
0,0,0,0,0,0,2021-07-21 22:14:14+09:00
0,0,0,0,0,0,2021-07-21 10:13:34-04:00
0,0,0,0,0,0,2021-07-21 21:13:45+07:00
0,0,0,0,0,0,2021-07-21 21:19:23+07:00
0,0,0,0,0,0,2021-07-21 10:56:46-04:00
0,0,0,0,0,0,2021-07-21 12:52:56-05:00
0,0,0,0,0,0,2021-07-21 16:48:27-04:00
0,0,0,0,0,0,2021-07-22 18:25:17+09:00
0,0,0,0,0,0,2021-07-22 18:28:04+09:00
0,0,0,0,0,0,2021-07-22 18:32:18+09:00
0,0,0,0,0,0,2021-07-22 18:56:32+09:00
0,0,0,0,0,0,2021-07-22 18:57:55+09:00
0,0,0,0,0,0,2021-07-22 18:59:39+09:00
0,0,0,0,0,0,2021-07-22 08:10:14-04:00
0,0,0,0,0,0,2021-07-22 11:03:09-04:00
0,0,0,0,0,0,2021-07-22 18:31:08+03:00
0,0,0,0,0,0,2021-07-22 18:32:03+03:00
0,0,0,0,0,0,2021-07-22 18:33:18+03:00
0,0,0,0,0,0,2021-07-22 12:08:41-04:00
0,0,0,0,0,0,2021-07-22 22:49:43+03:00
0,0,0,0,0,0,2021-07-23 15:44:51+06:00
0,0,0,0,0,0,2021-07-23 08:24:52-04:00
0,0,0,0,0,0,2021-07-23 22:13:58+09:00
0,0,0,0,0,0,2021-07-23 23:06:27+09:00
0,0,0,0,0,0,2021-07-23 16:29:48+02:00
0,0,0,0,0,0,2021-07-24 16:02:10+09:00
0,0,0,0,0,0,2021-07-24 16:02:22+09:00
0,0,0,0,0,0,2021-07-22 01:41:55+09:00
0,0,0,0,0,0,2021-07-22 01:40:16+09:00
0,0,0,0,0,0,2021-07-22 01:41:20+09:00
0,0,0,0,0,0,2021-07-24 15:38:43+06:00
0,0,0,0,0,0,2021-07-24 09:00:49-04:00
0,0,0,0,0,0,2021-07-24 09:04:14-04:00
0,0,0,0,0,0,2021-07-24 21:35:51-04:00
0,0,0,0,0,0,2021-07-24 21:38:49-04:00
0,0,0,0,0,0,2021-07-25 08:50:24+07:00
0,0,0,0,0,0,2021-07-25 10:43:26+07:00
0,0,0,0,0,0,2021-07-25 11:29:14-04:00
0,0,0,0,0,0,2021-07-25 11:29:51-04:00
0,0,0,0,0,0,2021-07-25 11:31:27-04:00
0,0,0,0,0,0,2021-07-25 11:32:40-04:00
0,0,0,0,0,0,2021-07-25 11:33:27-04:00
0,0,0,0,0,0,2021-07-26 09:21:55+07:00
0,0,0,0,0,0,2021-07-25 23:26:23-04:00
0,0,0,0,0,0,2021-07-25 23:28:47-04:00
0,0,0,0,0,0,2021-07-26 13:12:18+08:00
0,0,0,0,0,0,2021-07-26 18:56:47+09:00
0,0,0,0,0,0,2021-07-26 08:20:41-04:00
0,0,0,0,0,0,2021-07-26 20:38:31+08:00
0,0,0,0,0,0,2021-07-26 22:45:55+09:00
0,0,0,0,0,0,2021-07-26 23:25:45+08:00
0,0,0,0,0,0,2021-07-26 23:21:02-03:00
0,0,0,0,0,0,2021-07-27 14:03:21+08:00
0,0,0,0,0,0,2021-07-27 18:31:49+09:00
0,0,0,0,0,0,2021-07-27 08:44:51-04:00
0,0,0,0,0,0,2021-07-27 08:46:06-04:00
0,0,0,0,0,0,2021-07-27 08:46:57-04:00
0,0,0,0,0,0,2021-07-28 18:51:19+09:00
0,0,0,0,0,0,2021-07-28 21:05:36+09:00
0,0,0,0,0,0,2021-07-28 08:28:07-04:00
0,0,0,0,0,0,2021-07-28 19:00:54+05:18
0,0,0,0,0,0,2021-07-28 19:06:39+05:18
0,0,0,0,0,0,2021-07-28 20:01:21+05:18
0,0,0,0,0,0,2021-07-28 21:15:40-03:00
0,0,0,0,0,0,2021-07-28 21:24:40-03:00
0,0,0,0,0,0,2021-07-28 21:25:17-03:00
0,0,0,0,0,0,2021-07-28 22:03:33-03:00
0,0,0,0,0,0,2021-07-28 22:08:32-03:00
0,0,0,0,0,0,2021-07-29 09:15:48+08:00
0,0,0,0,0,0,2021-07-29 09:21:57+08:00
0,0,0,0,0,0,2021-07-29 07:07:32+05:18
0,0,0,0,0,0,2021-07-29 09:54:53+08:00
0,0,0,0,0,0,2021-07-29 07:14:26+05:18
0,0,0,0,0,0,2021-07-29 07:22:20+05:18
0,0,0,0,0,0,2021-07-29 07:36:06+05:18
0,0,0,0,0,0,2021-07-28 22:59:33-04:00
0,0,0,0,0,0,2021-07-29 08:18:58+05:18
0,0,0,0,0,0,2021-07-28 23:01:14-04:00
0,0,0,0,0,0,2021-07-28 23:03:23-04:00
0,0,0,0,0,0,2021-07-28 23:07:32-04:00
0,0,0,0,0,0,2021-07-28 23:08:47-04:00
0,0,0,0,0,0,2021-07-28 23:09:34-04:00
0,0,0,0,0,0,2021-07-28 23:10:05-04:00
0,0,0,0,0,0,2021-07-28 23:10:55-04:00
0,0,0,0,0,0,2021-07-28 23:12:44-04:00
0,0,0,0,0,0,2021-07-28 23:15:13-04:00
0,0,0,0,0,0,2021-07-28 23:17:38-04:00
0,0,0,0,0,0,2021-07-28 23:23:07-04:00
0,0,0,0,0,0,2021-07-28 23:24:20-04:00
0,0,0,0,0,0,2021-07-28 23:24:51-04:00
0,0,0,0,0,0,2021-07-28 23:25:46-04:00
0,0,0,0,0,0,2021-07-28 23:27:38-04:00
0,0,0,0,0,0,2021-07-28 23:28:03-04:00
0,0,0,0,0,0,2021-07-28 23:32:16-04:00
0,0,0,0,0,0,2021-07-28 23:56:04-04:00
0,0,0,0,0,0,2021-07-29 09:52:28-04:00
0,0,0,0,0,0,2021-07-30 10:46:50+08:00
0,0,0,0,0,0,2021-07-29 23:07:09-04:00
0,0,0,0,0,0,2021-07-30 11:32:43+08:00
0,0,0,0,0,0,2021-07-30 18:26:06+09:00
0,0,0,0,0,0,2021-07-30 17:06:41+02:00
0,0,0,0,0,0,2021-07-30 13:49:37-04:00
0,0,0,0,0,0,2021-07-31 15:12:34+09:00
0,0,0,0,0,0,2021-07-31 20:09:39+09:00
0,0,0,0,0,0,2021-07-31 20:11:04+09:00
0,0,0,0,0,0,2021-07-31 22:39:29-04:00
0,0,0,0,0,0,2021-07-31 22:40:23-04:00
0,0,0,0,0,0,2021-08-01 18:13:51+09:00
0,0,0,0,0,0,2021-08-01 17:16:40+08:00
0,0,0,0,0,0,2021-08-01 19:48:37-03:00
0,0,0,0,0,0,2021-08-01 20:57:15-04:00
0,0,0,0,0,0,2021-08-02 11:39:28+08:00
0,0,0,1,0,1,2021-08-02 21:09:02+05:18
0,0,0,0,0,0,2021-08-02 12:30:46-04:00
0,0,0,0,0,0,2021-08-03 02:10:40+08:00
0,0,0,0,0,0,2021-08-03 09:20:29+05:18
0,0,0,0,0,0,2021-08-03 09:20:54+05:18
0,0,0,0,0,0,2021-08-03 09:21:15+05:18
0,0,0,0,0,0,2021-08-03 16:02:52+08:00
0,0,0,0,0,0,2021-08-03 18:58:11+05:18
0,0,0,0,0,0,2021-08-03 09:57:45-04:00
0,0,0,0,0,0,2021-08-03 09:59:10-04:00
0,0,0,0,0,0,2021-08-03 10:00:17-04:00
0,0,0,0,0,0,2021-08-03 10:00:54-04:00
0,0,0,0,0,0,2021-08-03 19:24:40+05:18
0,0,0,0,0,0,2021-08-03 19:26:07+05:18
0,0,0,0,0,0,2021-08-03 10:35:17-04:00
0,0,0,0,0,0,2021-08-03 10:55:02-04:00
0,0,0,0,0,0,2021-08-03 10:55:11-04:00
0,0,0,0,0,0,2021-08-03 23:19:03+08:00
0,0,0,0,0,0,2021-08-03 14:19:44-04:00
0,0,0,0,0,0,2021-08-04 12:02:37+03:00
0,0,0,0,0,0,2021-08-04 12:10:46+03:00
0,0,0,0,0,0,2021-08-04 13:32:56+04:00
0,0,0,0,0,0,2021-08-04 05:58:50-04:00
0,0,0,0,0,0,2021-08-04 06:03:33-04:00
0,0,0,0,0,0,2021-08-04 06:44:48-04:00
0,0,0,0,0,0,2021-08-04 06:45:36-04:00
0,0,0,0,0,0,2021-08-04 20:01:17+09:00
0,0,0,0,0,0,2021-08-04 20:13:02+09:00
0,0,0,0,0,0,2021-08-04 07:16:01-04:00
0,0,0,0,0,0,2021-08-04 20:17:35+09:00
0,0,0,0,0,0,2021-08-04 20:19:51+09:00
0,0,0,0,0,0,2021-08-04 07:20:28-04:00
0,0,0,0,0,0,2021-08-04 19:03:58+05:18
0,0,0,0,0,0,2021-08-04 19:10:51+05:18
0,0,0,0,0,0,2021-08-04 19:13:51+05:18
0,0,0,0,0,0,2021-08-04 19:17:00+05:18
0,0,0,0,0,0,2021-08-04 19:19:13+05:18
0,0,0,0,0,0,2021-08-04 10:14:07-04:00
1,1,0,1,0,0,2021-08-04 10:18:02-04:00
0,0,0,0,0,0,2021-08-04 21:34:22-04:00
0,0,0,0,0,0,2021-08-05 20:33:23+09:00
0,0,0,0,0,0,2021-08-05 08:47:14-04:00
0,0,0,0,0,0,2021-08-05 09:59:18-03:00
0,0,0,0,0,0,2021-08-05 09:11:32-04:00
0,0,0,0,0,0,2021-08-05 11:37:00-03:00
0,0,0,0,0,0,2021-08-05 14:37:55-03:00
0,0,0,0,0,0,2021-08-05 14:38:20-03:00
0,0,0,0,0,0,2021-08-05 14:38:42-03:00
0,0,0,0,0,0,2021-08-05 14:39:04-03:00
0,0,0,0,0,0,2021-08-05 14:39:18-03:00
0,0,0,0,0,0,2021-08-05 14:39:28-03:00
0,0,0,0,0,0,2021-08-06 18:20:07+09:00
0,0,0,0,0,0,2021-08-06 17:59:21+02:00
0,0,0,0,0,0,2021-08-06 16:55:55-03:00
0,0,0,0,0,0,2021-08-07 00:50:08-04:00
0,0,0,0,0,0,2021-08-07 19:54:09+09:00
0,0,0,0,0,0,2021-08-07 18:41:38+09:00
0,0,0,0,0,0,2021-08-08 18:14:59+09:00
0,0,0,0,0,0,2021-08-08 19:50:52+09:00
0,0,0,0,0,0,2021-08-08 09:19:14-04:00
0,0,0,0,0,0,2021-08-08 11:51:48-04:00
0,0,0,0,0,0,2021-08-08 12:17:04-04:00
0,0,0,0,0,0,2021-08-09 22:24:15+09:00
0,0,0,0,0,0,2021-08-09 16:42:11+03:00
0,0,0,0,0,0,2021-08-09 16:45:21+03:00
0,0,0,0,0,0,2021-08-09 16:55:20+03:00
0,0,0,0,0,0,2021-08-09 17:01:32+03:00
0,0,0,0,0,0,2021-08-09 10:09:42-04:00
0,0,0,0,0,0,2021-08-09 10:34:39-04:00
0,0,0,0,0,0,2021-08-09 15:24:03-03:00
0,0,0,0,0,0,2021-08-09 15:24:36-03:00
0,0,0,0,0,0,2021-08-09 16:57:51-03:00
0,0,0,0,0,0,2021-08-09 16:58:27-03:00
0,0,0,0,0,0,2021-08-09 16:58:47-03:00
0,0,0,0,0,0,2021-08-09 20:07:48-04:00
0,0,0,0,0,0,2021-08-09 20:09:14-04:00
1,1,0,1,0,0,2021-08-10 08:57:50-04:00
0,0,0,0,0,0,2021-08-10 09:35:42-04:00
0,0,0,0,0,0,2021-08-11 21:22:45+09:00
0,0,0,0,0,0,2021-08-12 09:38:35-04:00
0,0,0,0,0,0,2021-08-12 22:08:31-04:00
0,0,0,0,0,0,2021-08-12 22:11:48-04:00
0,0,0,0,0,0,2021-08-12 22:14:28-04:00
0,0,0,0,0,0,2021-08-12 22:21:06-04:00
0,0,0,0,0,0,2021-08-14 10:36:50+09:00
0,0,0,0,0,0,2021-08-14 19:20:35-03:00
0,0,0,0,0,0,2021-08-15 11:32:55+09:00
0,0,0,0,0,0,2021-08-15 14:49:36+09:00
0,0,0,0,0,0,2021-08-15 15:00:52+09:00
0,0,0,0,0,0,2021-08-15 15:20:08+09:00
0,0,0,0,0,0,2021-08-15 17:45:15+09:00
0,0,0,0,0,0,2021-08-15 09:18:52-04:00
0,0,0,0,0,0,2021-08-15 17:36:59+02:00
0,0,0,0,0,0,2021-08-16 16:10:48-03:00
0,0,0,0,0,0,2021-08-17 08:40:52-04:00
0,0,0,0,0,0,2021-08-17 09:17:57-04:00
0,0,0,0,0,0,2021-08-17 09:19:09-04:00
0,0,0,0,0,0,2021-08-18 12:26:44+03:00
0,0,0,0,0,0,2021-08-18 12:29:24+03:00
0,0,0,0,0,0,2021-08-18 12:31:00+03:00
0,0,0,0,0,0,2021-08-18 08:10:05-04:00
0,0,0,1,0,1,2021-08-18 19:13:08+05:18
0,0,0,0,0,0,2021-08-20 19:54:33+09:00
0,0,0,0,0,0,2021-08-20 19:56:13+09:00
0,0,0,0,0,0,2021-08-20 19:12:18+05:18
0,0,0,0,0,0,2021-08-20 10:15:00-04:00
0,0,0,0,0,0,2021-08-20 10:17:34-04:00
0,0,0,0,0,0,2021-08-20 10:18:07-04:00
0,0,0,0,0,0,2021-08-20 10:18:41-04:00
0,0,0,0,0,0,2021-08-20 10:21:13-04:00
0,0,0,0,0,0,2021-08-21 20:59:22+05:18
0,0,0,0,0,0,2021-08-21 14:43:13-04:00
0,0,0,0,0,0,2021-08-22 15:16:34+02:00
0,0,0,0,0,0,2021-08-22 20:01:45+05:18
0,0,0,0,0,0,2021-08-22 22:23:24-04:00
0,0,0,0,0,0,2021-08-22 22:24:31-04:00
0,0,0,0,0,0,2021-08-22 22:34:35-04:00
0,0,0,0,0,0,2021-08-23 18:54:14+05:18
0,0,0,0,0,0,2021-08-23 19:23:52+05:18
0,0,0,0,0,0,2021-08-23 10:19:54-04:00
0,0,0,0,0,0,2021-08-23 17:20:40+03:00
0,0,0,0,0,0,2021-08-23 17:24:01+03:00
0,0,0,0,0,0,2021-08-23 17:26:20+03:00
0,0,0,0,0,0,2021-08-23 11:02:13-04:00
0,0,0,0,0,0,2021-08-23 11:04:15-04:00
0,0,0,0,0,0,2021-08-23 18:16:06+03:00
0,0,0,0,0,0,2021-08-23 18:40:25+03:00
0,0,0,0,0,0,2021-08-23 19:06:30+03:00
0,0,0,0,0,0,2021-08-23 19:19:34+03:00
0,0,0,0,0,0,2021-08-23 15:09:30-04:00
0,0,0,0,0,0,2021-08-24 14:12:08-04:00
0,0,0,0,0,0,2021-08-25 08:43:06-04:00
0,0,0,0,0,0,2021-08-28 16:01:11+02:00
0,0,0,0,0,0,2021-08-28 16:26:19+02:00
0,0,0,0,0,0,2021-08-28 08:30:18-07:00
0,0,0,0,0,0,2021-08-29 22:17:38+08:00
0,0,0,0,0,0,2021-08-30 17:19:24+05:18
0,0,0,0,0,0,2021-08-31 10:04:04-04:00
0,0,0,0,0,0,2021-08-31 22:41:03+03:00
0,0,0,0,0,0,2021-09-03 15:04:20-04:00
0,0,0,0,0,0,2021-09-04 03:05:20+08:00
0,0,0,0,0,0,2021-09-05 01:34:44+08:00
0,0,0,0,0,0,2021-09-05 01:35:17+08:00
0,0,0,0,0,0,2021-09-04 17:50:25+00:00
0,0,0,0,0,0,2021-09-06 10:04:15+08:00
0,0,0,0,0,0,2021-09-07 23:28:13+02:00
0,0,0,0,0,0,2021-09-10 23:45:22+08:00
0,0,0,0,0,0,2021-09-11 21:26:39+08:00
0,0,0,0,0,0,2021-09-12 08:40:44+08:00
0,0,0,0,0,0,2021-09-14 22:14:57-03:00
0,0,0,0,0,0,2021-09-14 22:18:04-03:00
0,0,0,0,0,0,2021-09-15 18:35:27+03:00
0,0,0,0,0,0,2021-09-17 09:37:51-03:00
0,0,0,0,0,0,2021-09-17 09:48:01-03:00
0,0,0,0,0,0,2021-09-17 17:32:52-03:00
0,0,0,0,0,0,2021-09-17 17:38:24-03:00
0,0,0,0,0,0,2021-09-18 23:54:21+05:18
0,0,0,0,0,0,2021-09-20 19:59:52-03:00
0,0,0,0,0,0,2021-09-20 20:35:08-03:00
0,0,0,0,0,0,2021-09-20 20:35:20-03:00
0,0,0,0,0,0,2021-09-20 20:38:38-03:00
0,0,0,0,0,0,2021-09-21 10:48:38-03:00
0,0,0,0,0,0,2021-09-21 09:53:17-04:00
0,0,0,0,0,0,2021-09-21 21:12:05-04:00
0,0,0,0,0,0,2021-09-24 11:56:04-04:00
0,0,0,0,0,0,2021-09-27 18:44:19+03:00
0,0,0,0,0,0,2021-09-28 17:52:35-04:00
0,0,0,0,0,0,2021-09-29 17:36:17-04:00
0,0,0,0,0,0,2021-09-30 11:26:04-04:00
0,0,0,0,0,0,2021-09-30 11:08:48-07:00
1,1,0,1,0,0,2021-09-30 14:39:58-04:00
0,0,0,0,0,0,2021-09-30 14:40:05-04:00
0,0,0,0,0,0,2021-09-30 14:40:42-04:00
0,0,0,0,0,0,2021-10-01 19:57:38+08:00
0,0,0,0,0,0,2021-10-01 19:58:19+08:00
4,5,0,0,0,1,2021-10-01 15:18:56+02:00
0,0,0,0,0,0,2021-10-01 19:35:44-04:00
0,0,0,0,0,0,2021-10-01 19:35:52-04:00
0,0,0,0,0,0,2021-10-02 07:19:33-07:00
0,0,0,0,0,0,2021-10-04 20:57:59-04:00
0,0,0,0,0,0,2021-10-05 05:25:37+03:00
0,0,0,0,0,0,2021-10-06 04:48:26-07:00
0,0,0,0,0,0,2021-10-06 20:19:09-04:00
0,0,0,0,0,0,2021-10-07 08:10:00-04:00
0,0,0,0,0,0,2021-10-07 09:35:22-03:00
0,0,0,0,0,0,2021-10-07 08:51:50-04:00
0,0,0,0,0,0,2021-10-07 09:08:03-04:00
0,0,0,0,0,0,2021-10-07 21:19:47-04:00
0,0,0,0,0,0,2021-10-08 17:08:54+05:18
0,0,0,0,0,0,2021-10-08 22:14:41+05:18
0,0,0,0,0,0,2021-10-11 19:38:24+05:18
0,0,0,0,0,0,2021-10-11 15:22:25+01:00
0,0,0,0,0,0,2021-10-11 11:23:56-03:00
3,3,1,2,0,1,2021-10-12 05:12:14+05:18
0,0,0,0,0,0,2021-10-11 20:07:54-04:00
0,0,0,0,0,0,2021-10-11 20:09:18-04:00
0,0,0,0,0,0,2021-10-12 21:45:11+01:00
0,0,0,0,0,0,2021-10-13 04:45:49+08:00
0,0,0,0,0,0,2021-10-12 17:46:20-03:00
0,0,0,0,0,0,2021-10-13 19:48:54+08:00
0,0,0,0,0,0,2021-10-14 20:21:17+08:00
0,0,0,0,0,0,2021-10-16 20:43:03+08:00
0,0,0,0,0,0,2021-10-16 18:01:57+05:18
0,0,0,0,0,0,2021-10-16 08:47:27-04:00
0,0,0,0,0,0,2021-10-16 18:28:49+05:18
0,0,0,0,0,0,2021-10-16 19:48:10+05:18
0,0,0,0,0,0,2021-10-17 08:21:53-04:00
0,0,0,0,0,0,2021-10-17 17:40:42+05:18
0,0,0,0,0,0,2021-10-18 16:56:16+05:18
0,0,0,0,0,0,2021-10-18 16:57:07+05:18
0,0,0,0,0,0,2021-10-18 10:16:54-05:00
0,0,0,0,0,0,2021-10-18 10:18:19-05:00
0,0,0,0,0,0,2021-10-18 10:18:48-05:00
0,0,0,0,0,0,2021-10-18 23:12:08+01:00
0,0,0,0,0,0,2021-10-19 00:13:15+02:00
0,0,0,0,0,0,2021-10-21 03:50:35+08:00
0,0,0,0,0,0,2021-10-21 03:52:54+08:00
0,0,0,0,0,0,2021-10-20 14:53:24-05:00
0,0,0,0,0,0,2021-10-21 21:41:54+08:00
0,0,0,0,0,0,2021-10-21 08:42:18-05:00
0,0,0,0,0,0,2021-10-21 10:02:46-04:00
0,0,0,0,0,0,2021-10-22 19:14:44+00:00
0,0,0,0,0,0,2021-10-22 15:34:44-04:00
0,0,0,0,0,0,2021-10-23 04:20:25+08:00
0,0,0,0,0,0,2021-10-24 11:00:21-03:00
0,0,0,0,0,0,2021-10-24 09:00:52-05:00
0,0,0,0,0,0,2021-10-25 11:38:49+00:00
0,0,0,0,0,0,2021-10-25 19:39:34+08:00
0,0,0,0,0,0,2021-10-25 11:46:26-04:00
0,0,0,0,0,0,2021-10-26 20:34:56+08:00
0,0,0,0,0,0,2021-10-26 09:36:10-03:00
0,0,0,0,0,0,2021-10-28 01:04:52+05:18
0,0,0,0,0,0,2021-10-27 16:47:43-03:00
0,0,0,0,0,0,2021-10-27 16:47:59-03:00
0,0,0,0,0,0,2021-10-27 21:49:28+02:00
0,0,0,0,0,0,2021-10-27 21:50:25+02:00
0,0,0,0,0,0,2021-10-27 23:58:57-03:00
0,0,0,0,0,0,2021-10-27 23:59:53-03:00
0,0,0,0,0,0,2021-10-28 00:01:14-03:00
0,0,0,0,0,0,2021-10-28 00:01:41-03:00
0,0,0,0,0,0,2021-10-28 00:02:44-03:00
0,0,0,0,0,0,2021-10-28 09:50:37-03:00
0,0,0,0,0,0,2021-10-28 09:51:45-03:00
0,0,0,0,0,0,2021-10-29 08:45:29-03:00
0,0,0,0,0,0,2021-10-29 08:46:03-03:00
0,0,0,0,0,0,2021-10-30 03:56:50+05:18
0,0,0,0,0,0,2021-10-30 15:29:27+01:00
0,0,0,0,0,0,2021-10-31 16:25:55+01:00
0,0,0,0,0,0,2021-10-31 23:15:05+01:00
0,0,0,0,0,0,2021-11-04 18:20:53+01:00
0,0,0,0,0,0,2021-11-06 18:40:29+01:00
0,0,0,0,0,0,2021-11-06 17:49:36-04:00
