Acquisition,Preparation,Modeling,Training,Evaluation,Prediction,time
0,0,0,0,0,0,2019-09-03 17:13:12+03:00
3,4,0,0,0,0,2019-09-03 17:15:35+03:00
4,4,0,0,0,0,2019-09-04 15:38:15+03:00
0,0,0,0,0,0,2019-09-04 16:53:23+03:00
2,2,0,0,0,0,2019-09-09 13:01:53+03:00
3,3,0,0,0,0,2019-09-09 18:20:36+03:00
1,1,0,0,0,0,2019-09-11 12:32:15+03:00
2,2,0,0,0,0,2019-09-11 15:06:19+03:00
0,0,0,0,0,0,2019-09-11 15:15:19+03:00
2,2,0,0,0,0,2019-09-11 15:41:56+03:00
1,1,0,0,0,0,2019-09-11 18:08:16+03:00
1,2,0,0,0,0,2019-09-13 14:54:13+03:00
1,1,0,0,0,0,2019-09-16 12:59:08+03:00
1,1,0,0,0,0,2019-09-16 16:33:47+03:00
4,3,0,0,0,0,2019-09-17 13:22:30+03:00
0,0,0,0,0,0,2019-09-17 13:24:02+03:00
6,7,3,0,2,0,2019-09-17 20:33:11+03:00
1,1,1,0,1,0,2019-09-18 15:31:10+03:00
2,3,2,0,1,0,2019-09-18 16:54:11+03:00
0,0,0,0,0,0,2019-09-18 16:56:05+03:00
3,4,2,0,1,0,2019-09-20 16:23:25+03:00
0,0,0,0,0,0,2019-09-20 16:46:42+03:00
3,4,2,0,1,0,2019-09-25 11:58:45+03:00
1,2,1,0,1,0,2019-09-25 15:07:58+03:00
3,3,2,0,0,0,2019-09-25 17:27:14+03:00
3,4,2,0,1,0,2019-09-26 13:19:12+03:00
3,4,2,0,1,0,2019-09-26 20:20:51+03:00
3,4,2,0,1,0,2019-10-04 13:14:39+03:00
3,4,1,0,1,0,2019-10-07 20:27:13+03:00
3,4,2,0,1,0,2019-10-22 11:00:43+03:00
1,1,0,0,0,0,2019-10-22 12:25:20+03:00
2,2,2,0,0,0,2019-10-22 14:45:30+03:00
2,3,1,0,1,0,2019-10-23 14:10:55+03:00
1,2,1,0,1,0,2019-10-23 16:37:00+03:00
1,2,1,0,1,0,2019-10-28 20:09:19+02:00
1,2,1,0,1,0,2019-10-29 16:52:26+02:00
1,2,1,0,1,0,2019-10-29 17:31:22+02:00
1,2,1,0,1,0,2019-10-30 10:42:44+02:00
2,2,1,0,1,0,2019-10-30 18:33:21+02:00
2,3,2,0,2,0,2019-10-31 16:01:30+02:00
1,2,1,0,2,0,2019-11-01 11:26:56+02:00
2,3,1,0,2,0,2019-11-01 17:49:32+02:00
1,2,1,0,2,0,2019-11-04 14:38:11+02:00
2,3,2,0,2,0,2019-11-04 16:47:00+02:00
2,2,2,0,1,0,2019-11-05 17:20:12+02:00
0,0,0,0,0,0,2019-11-05 17:31:29+02:00
2,3,1,0,2,0,2019-11-06 17:44:54+02:00
1,1,1,0,1,0,2019-11-08 14:57:52+02:00
0,0,0,0,0,0,2019-11-08 16:00:43+02:00
1,1,0,0,0,0,2019-11-08 19:43:56+02:00
1,2,1,0,2,0,2019-11-11 12:59:40+02:00
1,2,1,0,2,0,2019-11-11 17:01:47+02:00
0,0,0,0,0,0,2019-11-12 12:15:19+02:00
0,1,0,0,0,0,2019-11-13 18:11:22+02:00
0,1,0,0,0,0,2019-11-14 12:09:07+02:00
0,1,0,0,0,0,2019-11-14 18:11:47+02:00
0,1,0,0,0,0,2019-11-15 15:52:05+02:00
0,1,0,0,0,0,2019-11-18 18:59:27+02:00
1,1,1,0,0,0,2019-11-19 18:32:21+02:00
1,1,1,0,0,0,2019-11-20 12:04:47+02:00
2,2,2,0,1,0,2019-11-20 13:55:59+02:00
0,0,0,0,0,0,2019-11-20 14:20:37+02:00
3,4,1,0,2,0,2019-11-20 15:49:35+02:00
1,1,0,0,0,0,2019-11-20 15:52:23+02:00
1,2,1,0,0,0,2019-11-20 16:27:45+02:00
1,1,0,0,0,0,2019-11-20 17:04:25+02:00
3,5,3,0,2,0,2019-11-21 17:00:29+02:00
0,1,0,0,0,0,2019-11-22 11:26:03+02:00
0,1,0,0,0,0,2019-11-22 11:47:25+02:00
3,5,3,0,2,0,2019-11-22 19:52:55+02:00
4,5,3,0,2,0,2019-11-25 12:48:39+02:00
3,4,2,0,1,0,2019-11-25 15:39:52+02:00
3,3,2,0,1,0,2019-11-25 20:14:40+02:00
1,2,1,0,1,0,2019-11-26 11:47:01+02:00
5,7,3,0,2,0,2019-11-26 19:20:01+02:00
5,7,3,0,2,0,2019-11-26 19:31:33+02:00
4,6,2,0,2,0,2019-11-27 14:09:23+02:00
3,5,1,0,2,0,2019-11-27 15:51:47+02:00
5,7,3,0,2,0,2019-11-27 18:30:43+02:00
1,1,1,0,0,0,2019-11-29 15:11:43+02:00
1,2,1,0,1,0,2019-12-02 16:18:58+02:00
5,7,3,0,2,0,2019-12-04 18:01:40+02:00
4,6,2,0,2,0,2019-12-05 17:46:23+02:00
1,1,1,0,1,0,2019-12-09 12:24:50+02:00
3,5,2,0,2,0,2019-12-10 10:04:03+02:00
3,5,2,0,2,0,2019-12-12 12:42:15+02:00
1,2,1,0,2,0,2019-12-12 16:42:10+02:00
2,3,1,0,2,0,2019-12-12 20:21:29+02:00
0,0,0,0,0,0,2019-12-12 20:23:43+02:00
1,3,1,0,1,0,2019-12-13 19:16:20+02:00
3,4,3,0,2,0,2019-12-16 19:52:16+02:00
5,7,3,0,2,0,2019-12-19 14:42:54+02:00
5,7,3,0,2,0,2019-12-19 18:39:02+02:00
2,3,2,0,2,0,2019-12-20 11:54:56+02:00
4,5,3,0,2,0,2019-12-23 18:24:19+02:00
1,1,1,0,0,0,2019-12-27 16:19:43+02:00
1,1,1,0,0,0,2019-12-30 13:18:03+02:00
1,1,1,0,0,0,2019-12-30 15:18:23+02:00
0,0,0,0,0,0,2020-01-02 09:59:27+02:00
3,4,3,0,2,0,2020-01-02 14:21:14+02:00
2,3,2,0,2,0,2020-01-07 09:23:29+02:00
2,4,2,0,2,0,2020-01-07 14:41:22+02:00
0,1,0,0,0,0,2020-01-07 15:16:55+02:00
0,0,0,0,0,0,2020-01-07 15:33:08+02:00
0,0,0,0,0,0,2020-01-08 14:35:22+02:00
0,0,0,0,0,0,2020-01-08 14:39:32+02:00
1,1,1,0,0,0,2020-01-08 17:01:09+02:00
0,0,0,0,0,0,2020-01-08 17:02:27+02:00
3,5,2,0,2,0,2020-01-08 22:47:21+02:00
0,0,0,0,0,0,2020-01-08 22:53:38+02:00
3,4,2,0,2,0,2020-01-09 11:30:21+02:00
3,3,2,0,1,0,2020-01-09 12:49:18+02:00
2,3,2,0,2,0,2020-01-09 14:49:47+02:00
3,4,2,0,2,0,2020-01-10 17:39:19+02:00
5,7,2,0,2,0,2020-01-13 21:07:39+02:00
1,1,1,0,0,0,2020-01-13 21:19:34+02:00
0,0,0,0,0,0,2020-01-13 21:25:05+02:00
1,2,0,0,0,0,2020-01-13 23:25:26+02:00
3,4,1,0,0,0,2020-01-14 14:53:41+02:00
5,6,2,0,1,0,2020-01-14 17:49:23+02:00
0,1,0,0,1,0,2020-01-15 17:18:23+02:00
2,3,1,0,1,0,2020-01-16 18:24:58+02:00
0,1,0,0,0,0,2020-01-16 18:56:15+02:00
1,2,1,0,0,0,2020-01-16 19:48:37+02:00
1,1,1,0,0,0,2020-01-17 18:21:38+02:00
1,2,1,0,0,0,2020-01-20 14:14:05+02:00
1,1,1,0,0,0,2020-01-20 19:48:06+02:00
5,6,3,0,1,0,2020-01-21 15:17:03+02:00
1,1,1,0,0,0,2020-01-21 17:22:48+02:00
3,4,2,0,1,0,2020-01-23 12:14:57+02:00
4,5,2,0,1,0,2020-01-23 16:17:43+02:00
1,1,1,0,0,0,2020-01-27 17:35:10+02:00
0,0,0,0,0,0,2020-01-29 17:30:01+02:00
3,4,2,0,2,0,2020-01-30 18:12:52+02:00
1,2,1,0,2,0,2020-02-04 17:16:30+02:00
0,1,0,0,1,0,2020-02-05 16:42:35+02:00
1,1,1,0,1,0,2020-02-09 17:37:43+02:00
0,0,0,0,0,0,2020-02-10 10:37:08+02:00
2,2,2,0,1,0,2020-02-10 13:34:12+02:00
1,1,1,0,1,0,2020-02-10 18:08:35+02:00
2,2,2,0,2,0,2020-02-10 23:42:28+02:00
1,1,1,0,1,0,2020-02-10 23:45:02+02:00
2,2,2,0,1,0,2020-02-11 09:21:27+02:00
3,3,2,0,1,0,2020-02-11 18:07:52+02:00
0,0,0,0,0,0,2020-02-11 18:16:37+02:00
4,6,3,0,2,0,2020-02-12 19:47:57+02:00
2,3,2,0,2,0,2020-02-13 11:57:20+02:00
2,3,1,0,1,0,2020-02-13 19:27:30+02:00
0,1,0,0,1,0,2020-02-13 19:30:15+02:00
3,4,2,0,2,0,2020-02-20 10:53:51+02:00
1,2,1,0,2,0,2020-02-20 18:01:57+02:00
2,3,1,0,2,0,2020-02-21 18:05:36+02:00
1,2,0,0,1,0,2020-02-25 17:34:43+02:00
1,1,1,0,0,0,2020-03-09 09:52:01+01:00
2,2,2,0,1,0,2020-03-09 22:28:28+02:00
2,2,2,0,1,0,2020-03-10 16:16:13+02:00
2,2,1,0,2,0,2020-03-10 22:24:30+02:00
2,2,1,0,1,0,2020-03-11 16:48:22+02:00
2,2,1,0,1,0,2020-03-12 19:01:55+02:00
4,6,3,0,1,0,2020-03-18 00:07:08+02:00
3,4,1,0,1,0,2020-03-18 20:00:56+02:00
2,3,1,0,1,0,2020-03-19 12:37:56+02:00
2,3,1,0,1,0,2020-03-19 14:01:14+01:00
2,3,1,0,1,0,2020-03-20 18:22:57+02:00
2,3,1,0,1,0,2020-03-23 19:43:35+02:00
4,5,3,0,2,0,2020-03-24 20:03:58+02:00
3,4,2,0,2,0,2020-03-26 20:00:23+02:00
3,4,1,0,2,0,2020-03-31 19:44:14+03:00
0,0,0,0,0,0,2020-04-02 12:50:11+03:00
3,3,2,0,2,0,2020-04-02 14:52:22+03:00
4,5,3,0,2,0,2020-04-02 16:30:36+03:00
4,5,3,0,1,0,2020-04-02 18:01:40+03:00
3,6,2,0,2,0,2020-04-06 19:17:19+03:00
1,1,1,0,0,0,2020-04-07 20:38:16+03:00
1,2,1,0,2,0,2020-04-09 19:15:16+03:00
3,4,3,0,1,0,2020-04-15 16:13:55+03:00
4,5,3,0,1,0,2020-04-20 22:25:18+03:00
1,1,1,0,0,0,2020-04-21 17:10:42+03:00
0,1,0,0,0,0,2020-04-21 18:17:08+03:00
1,2,0,0,0,0,2020-04-24 17:05:15+03:00
4,5,4,0,1,0,2020-04-29 17:23:26+03:00
0,1,0,0,0,0,2020-04-29 18:03:25+03:00
1,1,1,0,0,0,2020-04-29 20:16:05+03:00
3,4,3,0,2,0,2020-05-04 18:37:21+03:00
4,4,2,0,1,0,2020-05-15 17:55:42+03:00
2,3,1,0,1,0,2020-05-19 03:53:39+03:00
5,7,4,0,2,0,2020-05-19 19:47:00+03:00
4,4,1,0,0,0,2020-06-01 11:34:22+03:00
3,4,2,0,1,0,2020-06-02 13:32:27+03:00
3,5,3,0,2,0,2020-06-08 11:08:50+03:00
1,3,0,0,1,0,2020-06-08 18:56:42+03:00
1,2,0,0,1,0,2020-06-10 12:09:09+03:00
0,0,0,0,0,0,2020-06-10 12:13:27+03:00
0,0,0,0,0,0,2020-06-10 12:27:10+03:00
4,6,1,0,1,0,2020-06-14 23:55:47+03:00
0,0,0,0,0,0,2020-06-14 23:56:23+03:00
2,4,1,0,1,0,2020-06-15 16:56:51+03:00
4,6,2,0,2,0,2020-06-23 16:43:35+03:00
0,0,0,0,0,0,2020-06-23 17:44:31+03:00
5,8,3,0,2,0,2020-06-26 14:30:23+03:00
1,1,0,0,0,0,2020-06-29 11:54:30+03:00
4,7,2,0,2,0,2020-06-30 16:27:33+03:00
3,2,1,0,0,0,2020-08-03 19:01:51+03:00
3,4,1,0,1,0,2020-08-05 14:23:48+03:00
1,1,0,0,0,0,2020-08-05 19:45:02+03:00
8,10,4,0,2,0,2020-08-07 15:21:30+03:00
0,1,0,0,1,0,2020-08-10 11:47:58+03:00
1,2,1,0,2,0,2020-08-10 17:43:21+03:00
0,1,0,0,1,0,2020-08-10 17:50:33+03:00
3,3,1,1,1,0,2020-08-11 15:49:40+03:00
0,1,0,0,1,0,2020-08-11 16:18:17+03:00
1,1,0,1,0,0,2020-08-11 16:45:52+03:00
2,3,1,1,1,0,2020-08-13 13:53:21+03:00
1,2,1,0,1,0,2020-08-14 11:34:54+03:00
2,2,2,0,1,0,2020-08-21 16:16:08+03:00
0,1,0,0,1,0,2020-08-24 18:55:57+03:00
0,1,0,0,1,0,2020-09-01 13:17:10+03:00
3,4,1,1,1,0,2020-09-09 22:43:26+03:00
3,5,3,0,2,0,2020-09-15 21:33:06+03:00
0,1,0,0,0,0,2020-09-16 14:24:27+03:00
6,9,3,1,2,0,2020-09-21 18:59:49+03:00
0,1,0,0,0,0,2020-09-21 19:03:52+03:00
1,2,0,0,0,0,2020-09-22 00:05:59+03:00
1,2,1,0,0,0,2020-09-25 13:23:19+03:00
1,2,0,0,1,0,2020-09-25 18:45:27+03:00
2,4,1,0,0,0,2020-09-28 16:05:26+03:00
0,0,0,0,0,0,2020-09-28 17:05:08+03:00
3,3,1,0,0,0,2020-10-05 17:39:09+03:00
7,10,3,1,2,0,2020-10-07 19:27:15+03:00
0,0,0,0,0,0,2020-10-07 19:29:02+03:00
0,0,0,0,0,0,2020-10-07 19:56:30+03:00
0,0,0,0,0,0,2020-10-07 19:56:47+03:00
2,2,1,0,0,0,2020-10-08 18:26:53+03:00
1,2,0,0,1,0,2020-10-08 22:18:21+03:00
3,5,3,0,2,0,2020-10-12 17:29:25+03:00
1,1,0,1,0,0,2020-10-13 14:43:05+03:00
2,3,1,0,1,0,2020-10-13 20:22:58+03:00
3,3,1,0,0,0,2020-10-14 23:56:57+03:00
1,3,1,0,0,0,2020-10-16 14:56:46+03:00
2,3,0,0,0,0,2020-10-16 15:33:42+03:00
0,0,0,0,0,0,2020-10-16 15:42:20+03:00
7,10,3,1,2,0,2020-10-25 13:47:11+02:00
0,1,0,0,1,0,2020-10-25 14:06:21+02:00
0,0,0,0,0,0,2020-10-26 14:56:57+02:00
1,1,0,1,0,0,2020-10-27 10:26:39+02:00
2,3,1,0,1,0,2020-10-27 10:31:21+02:00
0,0,0,0,0,0,2020-10-27 10:55:57+02:00
1,1,1,0,0,0,2020-11-02 12:16:05+02:00
0,0,0,0,0,0,2020-11-10 10:29:16+02:00
2,3,2,0,0,0,2020-11-10 13:08:32+02:00
5,7,3,1,2,0,2020-11-11 15:34:05+02:00
0,0,0,0,0,0,2020-11-11 15:40:07+02:00
1,1,0,0,0,0,2020-11-19 14:06:11+02:00
0,0,0,0,0,0,2020-11-19 14:07:38+02:00
0,0,0,0,0,0,2020-11-19 14:16:14+02:00
0,0,0,0,0,0,2020-11-19 14:20:05+02:00
2,3,0,0,0,0,2020-11-24 14:00:54+02:00
0,0,0,0,0,0,2020-11-24 14:34:16+02:00
5,7,3,0,2,0,2020-11-25 14:42:53+02:00
0,0,0,0,0,0,2020-12-08 16:15:01+02:00
0,0,0,0,0,0,2020-12-08 17:06:25+02:00
0,0,0,0,0,0,2020-12-10 11:37:38+02:00
0,0,0,0,0,0,2020-12-10 12:01:27+02:00
0,0,0,0,0,0,2020-12-10 12:08:44+02:00
0,0,0,0,0,0,2020-12-10 12:30:59+02:00
0,0,0,0,0,0,2020-12-10 12:37:11+02:00
0,0,0,0,0,0,2020-12-10 12:44:58+02:00
0,0,0,0,0,0,2020-12-10 12:45:10+02:00
0,0,0,0,0,0,2020-12-10 12:54:16+02:00
0,0,0,0,0,0,2020-12-10 13:04:11+02:00
1,1,1,0,0,0,2020-12-10 14:47:23+02:00
0,1,0,0,0,0,2020-12-10 21:23:34+02:00
0,1,0,0,0,0,2021-01-04 15:30:05+02:00
1,2,0,0,1,0,2021-01-07 17:51:46+02:00
0,0,0,0,0,0,2021-01-07 20:28:01+02:00
0,1,0,0,0,0,2021-01-13 15:39:54+02:00
0,0,0,0,0,0,2021-01-13 18:26:40+02:00
0,0,0,0,0,0,2021-01-13 18:29:09+02:00
0,0,0,0,0,0,2021-01-13 18:30:24+02:00
0,0,0,0,0,0,2021-01-27 13:51:07+02:00
2,3,1,0,0,0,2021-02-17 09:56:31+02:00
2,2,1,0,0,0,2021-02-17 12:23:03+02:00
0,0,0,0,0,0,2021-02-17 12:25:29+02:00
0,0,0,0,0,0,2021-02-17 12:39:04+02:00
1,2,0,0,1,0,2021-04-20 12:51:27+03:00
0,0,0,0,0,0,2021-01-27 13:51:07+02:00
1,2,0,0,1,0,2021-04-20 12:51:27+03:00
0,0,0,0,0,0,2021-04-20 12:58:23+03:00
1,2,1,0,0,0,2021-04-22 19:49:20+03:00
2,2,0,0,0,0,2021-04-30 08:32:04+03:00
1,1,0,0,0,0,2021-05-17 14:27:11+03:00
0,0,0,0,0,0,2021-05-29 20:30:25+03:00
0,0,0,0,0,0,2021-06-28 17:36:50+03:00
0,0,0,0,0,0,2021-06-28 18:19:34+03:00
0,0,0,0,0,0,2021-08-03 11:54:13+03:00
2,3,0,1,0,0,2021-08-03 13:54:55+03:00
2,2,1,0,0,0,2021-08-04 11:06:04+03:00
0,0,0,0,0,0,2021-08-04 11:19:01+03:00
0,0,0,0,0,0,2021-08-04 11:21:45+03:00
0,0,0,0,0,0,2021-08-04 11:22:01+03:00
0,0,0,0,0,0,2021-08-04 11:22:36+03:00
1,1,0,0,0,0,2021-09-22 22:15:44+03:00
1,1,0,1,0,0,2021-09-22 22:17:00+03:00
1,1,1,0,1,0,2021-10-12 00:17:16+03:00
1,1,1,0,1,0,2021-10-12 00:35:32+03:00
0,1,0,0,0,0,2021-10-12 01:34:49+03:00
0,0,0,0,0,0,2022-06-07 17:49:04+03:00
