Acquisition,Preparation,Modeling,Training,Evaluation,Prediction,time
0,0,0,0,0,0,2020-09-15 17:27:23+08:00
0,0,0,0,0,0,2020-09-16 08:10:35+08:00
0,0,0,0,0,0,2020-09-16 08:14:45+08:00
1,1,1,1,1,0,2020-09-25 18:10:59+08:00
0,0,0,0,0,0,2020-09-25 18:21:57+08:00
1,1,1,1,1,0,2020-09-28 15:54:41+08:00
0,0,0,0,0,0,2020-09-28 16:54:07+08:00
0,0,0,0,0,0,2020-09-28 17:12:21+08:00
0,0,0,0,0,0,2020-09-28 17:13:44+08:00
0,0,0,0,0,0,2020-09-28 17:17:00+08:00
0,0,0,0,0,0,2020-09-30 17:22:22+08:00
0,0,0,0,0,0,2020-10-21 13:43:36+08:00
0,0,0,0,0,0,2020-11-04 17:11:51+08:00
0,0,0,0,0,0,2020-11-18 09:51:15+08:00
0,0,0,0,0,0,2020-12-01 15:04:09+08:00
0,0,0,0,0,0,2020-12-02 08:50:19+08:00
0,0,0,0,0,0,2020-12-14 09:45:35+08:00
1,3,0,1,1,1,2020-12-16 19:46:08+08:00
0,0,0,0,0,0,2020-12-17 08:14:05+08:00
0,0,0,0,0,0,2021-01-10 07:34:25+05:18
0,0,0,0,0,0,2021-01-11 09:46:15+08:00
0,0,0,0,0,0,2021-01-18 17:28:22+08:00
0,0,0,0,0,0,2021-01-19 17:52:59+08:00
0,0,0,0,0,0,2021-01-19 17:55:18+08:00
0,0,0,0,0,0,2021-01-20 17:43:35+08:00
0,0,0,0,0,0,2021-01-25 17:28:40+08:00
0,0,0,0,0,0,2021-01-25 17:30:34+08:00
0,0,0,0,0,0,2021-02-17 14:17:32+08:00
0,0,0,0,0,0,2021-02-26 17:37:09+08:00
0,0,0,0,0,0,2021-03-18 09:09:40+08:00
0,0,0,0,0,0,2021-07-02 16:35:27+08:00
0,0,0,0,0,0,2021-07-02 16:57:22+08:00
0,0,0,0,0,0,2021-07-14 19:23:02+08:00
0,0,0,0,0,0,2021-07-23 22:15:47+05:18
0,0,0,0,0,0,2021-07-29 15:39:58+08:00
0,0,0,0,0,0,2021-09-30 10:45:02+08:00
0,0,0,0,0,0,2021-09-30 10:51:15+08:00
0,0,0,0,0,0,2021-11-25 09:44:27+08:00
0,0,0,0,0,0,2021-11-25 10:52:37+08:00
0,0,0,0,0,0,2021-11-25 15:47:17+08:00
0,0,0,0,0,0,2021-11-25 16:08:26+08:00
0,0,0,0,0,0,2021-11-25 16:19:02+08:00
0,0,0,0,0,0,2021-11-25 16:23:46+08:00
0,0,0,0,0,0,2021-11-25 16:26:15+08:00
0,0,0,0,0,0,2021-11-25 16:58:29+08:00
0,0,0,0,0,0,2021-11-29 10:51:36+08:00
0,0,0,0,0,0,2021-11-29 10:57:17+08:00
0,0,0,0,0,0,2021-11-29 11:18:20+08:00
0,0,0,0,0,0,2021-11-29 11:19:52+08:00
0,0,0,0,0,0,2021-11-29 11:28:39+08:00
0,0,0,0,0,0,2021-11-29 15:06:58+08:00
1,2,0,0,0,0,2022-01-10 03:23:50+00:00
0,0,0,0,0,0,2022-02-17 14:18:49+08:00
0,0,0,0,0,0,2022-02-17 14:52:15+08:00
0,0,0,0,0,0,2022-02-24 08:58:38+08:00
0,0,0,0,0,0,2022-02-24 09:01:35+08:00
0,0,0,0,0,0,2022-03-24 14:22:13+08:00
