Acquisition,Preparation,Modeling,Training,Evaluation,Prediction,time
0,0,0,0,0,0,2019-09-08 20:06:19-06:00
2,3,0,0,0,0,2019-09-09 00:24:45-06:00
0,0,0,0,0,0,2019-09-20 17:56:54-06:00
1,2,0,0,0,0,2019-09-23 08:02:01-06:00
1,1,0,0,0,0,2019-09-23 08:23:14-06:00
1,1,0,0,0,0,2019-12-21 06:14:15-07:00
1,1,0,0,0,0,2019-12-29 18:48:33-07:00
0,0,0,0,0,0,2019-12-31 18:21:26-07:00
1,1,0,0,0,0,2020-01-01 00:43:04-07:00
1,1,0,0,0,0,2020-01-02 05:43:07-07:00
1,1,0,0,0,0,2020-01-02 16:32:02-07:00
1,1,0,0,0,0,2020-01-02 23:39:08-07:00
1,1,0,0,0,0,2020-01-07 23:35:51-07:00
1,1,0,0,0,0,2020-01-10 00:18:12-07:00
1,1,0,0,0,0,2020-01-11 17:32:52-07:00
1,1,0,0,0,0,2020-01-18 10:09:24-07:00
1,1,0,0,0,0,2020-01-18 12:18:53-07:00
1,1,0,0,0,0,2020-01-21 21:55:29-07:00
0,0,0,0,0,0,2020-01-21 22:53:52-07:00
0,0,0,0,0,0,2020-01-21 22:55:52-07:00
0,0,0,0,0,0,2020-01-21 22:59:58-07:00
0,0,0,0,0,0,2020-01-21 23:00:01-07:00
1,1,0,0,0,0,2020-02-06 21:48:15-07:00
1,1,0,0,0,0,2020-02-06 22:56:21-07:00
1,1,0,0,0,0,2020-02-07 11:29:30-07:00
1,1,0,0,0,0,2020-07-24 13:00:54-06:00
1,1,0,0,0,0,2020-07-28 04:16:32-06:00
1,1,0,0,0,0,2020-07-29 10:28:39-06:00
0,0,0,0,0,0,2020-08-02 15:23:37-07:00
0,0,0,0,0,0,2020-08-02 19:05:32-06:00
0,0,0,0,0,0,2020-08-02 19:07:34-06:00
1,1,0,0,0,0,2020-08-13 22:39:47-06:00
0,0,0,0,0,0,2020-08-13 22:57:24-06:00
3,3,0,0,0,0,2020-08-24 10:30:17-06:00
4,2,0,0,0,0,2020-08-31 00:18:36-06:00
0,0,0,0,0,0,2020-08-31 00:40:13-06:00
1,1,0,0,0,0,2020-09-01 11:33:28-06:00
0,0,0,0,0,0,2020-09-01 12:57:43-06:00
0,0,0,0,0,0,2020-09-01 12:59:21-06:00
0,0,0,0,0,0,2020-09-01 13:02:29-06:00
2,1,0,0,0,0,2020-09-01 23:11:34-06:00
2,1,0,0,0,0,2020-09-02 21:25:38-06:00
0,0,0,0,0,0,2020-09-04 16:09:46-06:00
1,1,0,0,0,0,2020-09-07 16:51:38-06:00
1,1,0,0,0,0,2020-09-20 23:52:21-06:00
1,0,0,0,0,0,2020-09-21 09:00:28-06:00
2,1,0,0,0,0,2020-09-21 09:55:46-06:00
2,1,0,0,0,0,2020-09-29 13:13:50-06:00
1,1,0,0,0,0,2020-10-01 11:56:18-06:00
1,0,0,0,0,0,2020-10-01 14:29:34-06:00
1,1,0,0,0,0,2020-10-14 17:13:12-06:00
1,1,0,0,0,0,2020-11-12 16:25:17-07:00
1,1,0,0,0,0,2020-11-14 06:33:27-07:00
0,0,0,0,0,0,2020-11-14 06:35:46-07:00
1,1,0,0,0,0,2020-11-14 06:54:22-07:00
1,1,0,0,0,0,2020-11-20 17:49:58-07:00
1,1,0,0,0,0,2020-11-30 11:12:19-07:00
2,1,0,0,0,0,2021-01-26 17:43:35-07:00
3,2,0,0,0,0,2021-02-23 21:12:56-07:00
1,1,0,0,0,0,2021-02-25 09:14:47-07:00
1,1,0,0,0,0,2021-02-26 21:05:45-07:00
1,1,0,0,0,0,2021-02-26 21:19:39-07:00
2,2,0,0,0,0,2021-03-02 10:48:45-07:00
1,1,0,0,0,0,2021-03-02 11:02:09-07:00
3,4,1,1,0,4,2021-04-29 20:11:22-06:00
3,2,0,0,0,2,2021-04-30 23:49:05-06:00
2,1,0,0,0,2,2021-05-01 15:11:12-06:00
1,2,0,0,0,2,2021-05-01 22:38:14-06:00
2,1,0,0,0,2,2021-05-01 23:46:12-06:00
1,0,0,0,0,1,2021-05-07 12:34:02-06:00
2,2,0,0,0,2,2021-05-08 23:26:30-06:00
2,2,0,0,0,2,2021-05-11 23:51:07-06:00
0,2,0,0,0,0,2021-05-11 23:55:23-06:00
2,2,0,0,0,0,2021-05-12 00:00:09-06:00
1,1,0,0,0,1,2021-05-12 00:04:09-06:00
1,1,0,0,0,1,2021-05-14 16:28:15-06:00
1,2,0,0,0,2,2021-05-17 21:16:51-06:00
2,2,0,0,0,2,2021-05-18 18:12:19-06:00
0,0,0,0,0,0,2021-11-15 22:27:04-07:00
3,3,0,0,0,2,2021-12-08 14:53:17-07:00
3,3,0,0,0,2,2021-12-09 00:09:26-07:00
1,1,0,0,0,0,2021-12-10 22:19:58-07:00
1,1,0,0,0,0,2022-01-21 09:41:37-07:00
1,1,0,0,0,1,2022-01-28 11:47:03-07:00
4,4,0,2,0,2,2022-02-16 18:44:19-07:00
2,2,0,0,0,1,2022-02-16 18:55:47-07:00
1,1,0,0,0,0,2022-02-16 19:08:04-07:00
8,8,0,1,0,2,2022-02-24 22:34:54-07:00
2,2,0,0,0,1,2022-03-02 22:12:23-07:00
3,3,0,0,0,1,2022-03-04 10:37:26-07:00
3,3,0,0,0,1,2022-03-10 19:10:14-07:00
1,1,0,0,0,1,2022-03-29 13:49:08-06:00
