Acquisition,Preparation,Modeling,Training,Evaluation,Prediction,time
0,0,0,0,0,0,2021-01-26 17:10:25-05:00
0,0,0,0,0,0,2021-02-24 17:43:20-05:00
6,10,7,3,0,5,2021-02-24 18:23:25-05:00
0,0,0,0,0,0,2021-02-24 18:26:25-05:00
0,0,0,0,0,0,2021-02-24 18:28:27-05:00
0,0,0,0,0,0,2021-02-24 18:33:07-05:00
0,0,0,0,0,0,2021-02-24 18:34:19-05:00
0,0,0,0,0,0,2021-03-09 23:35:50-05:00
0,0,0,0,0,0,2021-03-09 23:42:42-05:00
0,0,0,0,0,0,2021-03-10 01:05:55-05:00
0,0,0,0,0,0,2021-03-14 16:57:57-04:00
0,0,0,0,0,0,2021-03-14 18:05:03-04:00
0,0,0,0,0,0,2021-03-15 20:35:28-04:00
0,0,0,0,0,0,2021-03-15 21:36:31-04:00
0,0,0,0,0,0,2021-03-15 21:38:34-04:00
0,0,0,0,0,0,2021-03-16 13:30:02-04:00
0,0,0,0,0,0,2021-03-16 16:12:44-04:00
0,0,0,0,0,0,2021-03-16 16:33:17-04:00
1,1,1,1,0,1,2021-03-16 17:00:14-04:00
0,0,0,0,0,0,2021-03-16 17:12:58-04:00
0,0,0,0,0,0,2021-03-16 23:54:29-04:00
1,2,1,1,0,1,2021-03-17 15:05:17-04:00
0,0,0,0,0,0,2021-03-17 20:56:10-04:00
0,0,0,0,0,0,2021-03-17 20:56:51-04:00
0,0,0,0,0,0,2021-03-17 21:02:39-04:00
0,0,0,0,0,0,2021-03-17 22:07:29-04:00
0,1,0,0,0,0,2021-03-17 22:07:48-04:00
0,0,0,0,0,0,2021-03-17 22:08:22-04:00
0,0,0,0,0,0,2021-03-17 22:08:40-04:00
3,5,4,2,0,1,2021-03-18 00:20:52-04:00
0,1,1,0,0,0,2021-03-18 00:25:41-04:00
0,0,0,0,0,0,2021-03-18 13:48:03-04:00
1,1,1,1,0,1,2021-03-18 14:33:09-04:00
0,0,0,0,0,0,2021-03-18 14:47:13-04:00
0,0,0,0,0,0,2021-03-18 15:23:21-04:00
0,1,0,0,0,0,2021-03-18 15:28:15-04:00
0,1,0,0,0,0,2021-03-18 15:33:47-04:00
0,1,1,0,0,0,2021-03-18 15:34:36-04:00
1,1,1,0,0,0,2021-03-18 15:35:48-04:00
1,1,1,1,0,1,2021-03-18 15:36:18-04:00
1,1,1,1,0,0,2021-03-18 15:37:01-04:00
0,0,0,0,0,0,2021-03-18 16:31:43-04:00
0,0,0,0,0,0,2021-03-18 17:24:51-04:00
0,0,0,0,0,0,2021-03-18 22:33:41-04:00
0,0,0,0,0,0,2021-03-18 23:24:07-04:00
1,1,0,0,0,0,2021-03-18 23:24:34-04:00
0,0,0,0,0,0,2021-03-18 23:25:22-04:00
0,0,0,0,0,0,2021-03-18 23:27:52-04:00
0,0,0,0,0,0,2021-03-18 23:28:22-04:00
1,1,1,1,0,1,2021-03-18 23:39:17-04:00
0,0,0,0,0,0,2021-03-18 23:39:27-04:00
0,0,0,0,0,0,2021-03-18 23:39:33-04:00
0,0,0,0,0,0,2021-03-18 23:39:42-04:00
0,0,0,0,0,0,2021-03-18 23:39:49-04:00
0,0,0,0,0,0,2021-03-18 23:39:55-04:00
0,0,0,0,0,0,2021-03-18 23:40:17-04:00
0,0,0,0,0,0,2021-03-18 23:40:29-04:00
0,0,0,0,0,0,2021-03-18 23:40:52-04:00
2,5,3,1,0,4,2021-03-18 23:41:32-04:00
0,0,0,0,0,0,2021-03-18 23:41:42-04:00
0,0,0,0,0,0,2021-03-18 23:42:11-04:00
0,0,0,0,0,0,2021-03-18 23:43:38-04:00
0,1,0,0,0,0,2021-03-19 00:03:39-04:00
0,0,0,0,0,0,2021-03-22 18:18:06-04:00
0,0,0,0,0,0,2021-03-24 18:05:39-04:00
1,1,0,1,0,1,2021-03-30 11:23:01-04:00
0,0,0,0,0,0,2021-03-30 14:06:43-04:00
0,0,0,0,0,0,2021-03-30 14:07:26-04:00
1,1,0,1,0,1,2021-03-31 13:28:31-04:00
1,1,0,1,0,1,2021-04-01 22:20:26-04:00
1,1,0,1,0,1,2021-04-01 22:21:03-04:00
0,0,0,0,0,0,2021-04-02 17:12:16-04:00
0,0,0,0,0,0,2021-04-07 19:11:19-04:00
0,0,0,0,0,0,2021-04-07 20:32:31-04:00
0,0,0,0,0,0,2021-04-08 13:35:52-04:00
0,0,0,0,0,0,2021-04-08 15:10:36-04:00
2,1,0,0,0,0,2021-04-10 22:44:08-04:00
1,1,0,0,0,0,2021-04-11 00:59:54-04:00
0,0,0,0,0,0,2021-04-14 16:32:53-04:00
1,1,0,1,0,1,2021-04-14 18:18:05-04:00
0,0,0,0,0,0,2021-04-15 00:02:36-04:00
0,0,0,0,0,0,2021-04-15 15:50:49-04:00
0,0,0,0,0,0,2021-04-16 13:25:35-04:00
0,0,0,0,0,0,2021-04-16 18:50:47-04:00
0,0,0,0,0,0,2021-04-17 15:35:34-04:00
0,0,0,0,0,0,2021-04-17 15:35:47-04:00
0,0,0,0,0,0,2021-04-17 15:35:54-04:00
0,0,0,0,0,0,2021-04-17 20:59:58-04:00
0,0,0,0,0,0,2021-04-17 22:38:55-04:00
0,0,0,0,0,0,2021-04-18 10:18:05-04:00
0,0,0,0,0,0,2021-04-18 12:39:49-04:00
0,0,0,0,0,0,2021-04-18 14:40:50-04:00
0,0,0,0,0,0,2021-04-18 14:43:51-04:00
0,0,0,0,0,0,2021-04-18 14:44:59-04:00
0,0,0,0,0,0,2021-04-18 16:24:04-04:00
0,0,0,0,0,0,2021-04-18 19:38:28-04:00
0,0,0,0,0,0,2021-04-18 19:38:33-04:00
0,0,0,0,0,0,2021-04-18 19:38:45-04:00
0,0,0,0,0,0,2021-04-18 19:40:58-04:00
0,0,0,0,0,0,2021-04-18 20:28:50-04:00
0,0,0,0,0,0,2021-04-19 01:16:55-04:00
0,0,0,0,0,0,2021-04-19 07:32:12-04:00
0,0,0,0,0,0,2021-04-19 08:55:09-04:00
0,0,0,0,0,0,2021-04-19 10:00:42-04:00
0,0,0,0,0,0,2021-04-19 10:49:45-04:00
0,0,0,0,0,0,2021-04-19 10:54:03-04:00
0,0,0,0,0,0,2021-04-19 11:31:18-04:00
0,0,0,0,0,0,2021-04-19 12:37:44-04:00
0,0,0,0,0,0,2021-04-19 17:24:36-04:00
0,0,0,0,0,0,2021-04-19 17:28:14-04:00
0,0,0,0,0,0,2021-04-19 17:28:26-04:00
0,0,0,0,0,0,2021-04-19 18:10:33-04:00
0,0,0,0,0,0,2021-04-19 23:16:14-04:00
0,0,0,0,0,0,2021-04-19 23:49:57-04:00
0,0,0,0,0,0,2021-04-20 09:19:03-04:00
0,0,0,0,0,0,2021-04-20 12:32:13-04:00
0,0,0,0,0,0,2021-04-20 17:43:28-04:00
1,1,0,1,0,1,2021-04-20 17:46:25-04:00
0,0,0,0,0,0,2021-04-20 17:46:44-04:00
0,0,0,0,0,0,2021-04-21 12:57:06-04:00
0,0,0,0,0,0,2021-04-21 17:31:57-04:00
0,0,0,0,0,0,2021-04-21 17:32:15-04:00
0,0,0,0,0,0,2021-04-21 17:32:31-04:00
0,0,0,0,0,0,2021-04-21 17:32:41-04:00
0,0,0,0,0,0,2021-04-21 17:34:15-04:00
0,0,0,0,0,0,2021-04-21 17:39:11-04:00
0,0,0,0,0,0,2021-04-21 17:39:22-04:00
0,0,0,0,0,0,2021-04-21 17:39:32-04:00
0,0,0,0,0,0,2021-04-21 17:39:38-04:00
0,0,0,0,0,0,2021-04-21 17:39:49-04:00
0,0,0,0,0,0,2021-04-21 17:40:01-04:00
0,0,0,0,0,0,2021-04-21 17:40:58-04:00
1,0,0,0,0,0,2021-04-21 17:56:51-04:00
0,0,0,0,0,0,2021-04-21 17:57:33-04:00
0,0,0,0,0,0,2021-04-21 18:01:07-04:00
0,0,0,0,0,0,2021-04-21 18:01:48-04:00
2,2,0,2,0,2,2021-04-21 19:31:10-04:00
1,1,0,1,0,1,2021-04-21 19:37:38-04:00
0,0,0,0,0,0,2021-04-21 19:43:49-04:00
0,0,0,0,0,0,2021-04-21 19:44:06-04:00
0,0,0,0,0,0,2021-04-21 19:44:16-04:00
0,0,0,0,0,0,2021-04-21 19:44:39-04:00
0,0,0,0,0,0,2021-04-21 19:44:47-04:00
0,0,0,0,0,0,2021-04-21 19:44:54-04:00
0,0,0,0,0,0,2021-04-21 19:45:02-04:00
0,0,0,0,0,0,2021-04-21 19:54:57-04:00
0,0,0,0,0,0,2021-04-21 19:55:33-04:00
0,0,0,0,0,0,2021-04-21 19:55:44-04:00
0,0,0,0,0,0,2021-04-21 20:01:18-04:00
0,0,0,0,0,0,2021-04-21 20:01:47-04:00
1,1,0,1,0,1,2021-04-21 20:06:22-04:00
1,1,0,1,0,1,2021-04-21 20:06:54-04:00
1,1,0,1,0,1,2021-04-21 20:10:48-04:00
1,1,0,1,0,1,2021-04-21 20:13:06-04:00
0,0,0,0,0,0,2021-04-21 20:16:38-04:00
0,0,0,0,0,0,2021-04-21 20:17:49-04:00
0,0,0,0,0,0,2021-04-21 20:18:44-04:00
0,0,0,0,0,0,2021-04-21 20:20:18-04:00
0,0,0,0,0,0,2021-04-21 20:22:42-04:00
0,0,0,0,0,0,2021-04-21 20:25:24-04:00
0,0,0,0,0,0,2021-04-21 20:32:19-04:00
0,0,0,0,0,0,2021-04-21 20:32:42-04:00
0,0,0,0,0,0,2021-04-21 21:07:25-04:00
0,0,0,0,0,0,2021-04-21 21:25:21-04:00
0,0,0,0,0,0,2021-04-21 21:25:48-04:00
0,0,0,0,0,0,2021-04-21 21:27:56-04:00
1,1,0,1,0,1,2021-04-21 21:36:56-04:00
1,1,0,0,0,0,2021-04-22 10:41:29-04:00
0,0,0,0,0,0,2021-04-22 10:50:10-04:00
0,0,0,0,0,0,2021-04-22 14:10:29-04:00
0,0,0,0,0,0,2021-04-25 21:25:35-04:00
0,0,0,0,0,0,2021-04-25 21:32:34-04:00
0,0,0,0,0,0,2021-04-25 21:40:45-04:00
0,0,0,0,0,0,2021-04-29 22:03:39-04:00
0,0,0,0,0,0,2021-04-29 23:06:06-04:00
