Acquisition,Preparation,Modeling,Training,Evaluation,Prediction,time
0,0,0,0,0,0,2020-03-18 18:51:34+01:00
2,2,1,0,0,1,2020-03-18 18:58:27+01:00
0,0,0,0,0,0,2020-03-18 19:01:06+01:00
0,0,0,0,0,0,2020-03-18 19:04:30+01:00
0,0,0,0,0,0,2020-03-18 19:19:56+01:00
0,0,0,0,0,0,2020-03-18 19:25:54+01:00
0,0,0,0,0,0,2020-03-18 19:27:04+01:00
0,0,0,0,0,0,2020-03-18 19:50:50+01:00
0,0,0,0,0,0,2020-03-18 20:02:30+01:00
1,1,0,0,0,0,2020-03-18 20:03:00+01:00
0,0,0,0,0,0,2020-03-18 20:07:57+01:00
0,0,0,0,0,0,2020-03-18 20:12:52+01:00
0,0,0,0,0,0,2020-03-20 12:29:47+01:00
0,0,0,0,0,0,2020-03-20 12:39:24+01:00
2,2,1,0,0,1,2020-03-21 19:49:21+01:00
2,2,1,0,0,1,2020-03-21 20:07:52+01:00
0,0,0,0,0,0,2020-03-21 20:21:07+01:00
0,0,0,0,0,0,2020-03-21 20:31:17+01:00
1,1,1,0,0,1,2020-03-22 13:14:48+01:00
1,1,1,0,0,1,2020-03-22 13:31:27+01:00
1,1,1,0,0,1,2020-03-22 17:37:15+01:00
2,2,1,0,0,1,2020-03-22 19:10:31+01:00
0,0,0,0,0,0,2020-03-22 20:11:23+01:00
0,0,0,0,0,0,2020-03-22 20:11:43+01:00
0,0,0,0,0,0,2020-03-22 20:12:13+01:00
0,0,0,0,0,0,2020-03-22 20:12:43+01:00
0,0,0,0,0,0,2020-03-22 20:15:31+01:00
0,0,0,0,0,0,2020-03-22 20:15:43+01:00
0,0,0,0,0,0,2020-03-22 20:17:56+01:00
0,0,0,0,0,0,2020-03-22 20:18:06+01:00
0,0,0,0,0,0,2020-03-22 20:18:52+01:00
1,1,1,0,0,1,2020-03-23 15:23:38+01:00
0,0,0,0,0,0,2020-03-23 15:27:57+01:00
0,0,0,0,0,0,2020-03-23 15:30:29+01:00
1,1,1,0,0,1,2020-03-23 20:57:03+01:00
2,2,1,0,0,1,2020-03-25 15:49:26+01:00
1,1,1,0,0,1,2020-03-28 15:39:01+01:00
0,0,0,0,0,0,2020-03-29 21:29:11+02:00
0,0,0,0,0,0,2020-03-31 21:39:05+02:00
0,0,0,0,0,0,2020-03-31 21:52:58+02:00
0,0,0,0,0,0,2020-03-31 21:55:25+02:00
1,1,1,0,0,1,2020-03-31 22:30:13+02:00
0,0,0,0,0,0,2020-03-31 22:36:24+02:00
1,1,1,0,0,1,2020-03-31 22:41:50+02:00
0,0,0,0,0,0,2020-04-01 19:58:30+02:00
2,2,1,0,0,1,2020-04-06 12:12:13+02:00
0,0,0,0,0,0,2020-04-06 12:40:03+02:00
0,0,0,0,0,0,2020-04-06 14:13:52+02:00
0,0,0,0,0,0,2020-04-06 15:19:17+02:00
0,0,0,0,0,0,2020-04-06 15:20:23+02:00
0,0,0,0,0,0,2020-04-06 15:23:26+02:00
1,1,1,0,0,1,2020-04-08 14:43:52+02:00
1,1,1,0,0,1,2020-04-18 20:11:39+02:00
0,0,0,0,0,0,2020-04-20 16:25:07+02:00
0,0,0,0,0,0,2020-07-01 23:28:08+02:00
0,0,0,0,0,0,2020-07-01 23:32:55+02:00
0,0,0,0,0,0,2020-07-01 23:36:55+02:00
0,0,0,0,0,0,2020-07-01 23:37:27+02:00
0,0,0,0,0,0,2020-07-01 23:38:00+02:00
0,0,0,0,0,0,2020-07-01 23:38:33+02:00
0,0,0,0,0,0,2020-07-01 23:42:32+02:00
1,1,1,0,0,1,2020-07-02 00:11:50+02:00
0,0,0,0,0,0,2020-07-02 00:25:36+02:00
0,0,0,0,0,0,2020-07-02 00:28:15+02:00
0,0,0,0,0,0,2020-07-02 00:32:27+02:00
