Acquisition,Preparation,Modeling,Training,Evaluation,Prediction,time
53,96,20,28,2,9,2019-01-01 21:49:29+05:18
0,0,0,0,0,0,2019-01-03 07:46:01+05:18
0,0,0,0,0,0,2019-01-03 19:08:56+05:18
0,0,0,0,0,0,2019-01-03 20:07:48+05:18
0,0,0,0,0,0,2019-01-04 21:40:04+05:18
0,0,0,0,0,0,2019-01-04 21:51:30+05:18
0,0,0,0,0,0,2019-01-04 22:14:13+05:18
0,0,0,0,0,0,2019-01-05 16:12:34+05:18
0,0,0,0,0,0,2019-01-05 16:46:05+05:18
0,0,0,0,0,0,2019-01-05 16:18:08+05:18
0,0,0,0,0,0,2019-01-05 20:36:02+05:18
0,0,0,0,0,0,2019-01-06 17:47:42+05:18
0,0,0,0,0,0,2019-01-06 18:41:27+05:18
0,0,0,0,0,0,2019-01-06 18:50:56+05:18
0,0,0,0,0,0,2019-01-06 18:52:50+05:18
0,0,0,0,0,0,2019-01-06 21:01:00+05:18
0,0,0,0,0,0,2019-01-06 21:16:29+05:18
0,0,0,0,0,0,2019-01-06 21:17:56+05:18
0,0,0,0,0,0,2019-01-07 07:00:35+05:18
0,0,0,0,0,0,2019-01-07 07:23:45+05:18
0,0,0,0,0,0,2019-01-07 07:40:36+05:18
0,0,0,0,0,0,2019-01-08 07:43:45+05:18
0,1,0,0,0,0,2019-01-08 14:35:51+05:18
0,1,0,0,0,0,2019-01-08 19:18:47+05:18
0,1,0,0,0,0,2019-01-08 20:47:16+05:18
0,1,0,2,0,0,2019-01-09 14:33:47+05:18
0,1,0,0,0,0,2019-01-09 19:31:51+05:18
0,0,0,0,0,0,2019-01-09 19:47:41+05:18
0,1,0,0,0,0,2019-01-09 21:36:50+05:18
0,0,0,0,0,0,2019-01-09 21:37:39+05:18
0,0,0,0,0,0,2019-01-10 07:33:37+05:18
0,1,0,0,0,0,2019-01-10 18:07:00+05:18
0,1,0,0,0,0,2019-01-10 18:08:11+05:18
0,1,0,0,0,0,2019-01-10 18:33:07+05:18
0,1,0,0,0,0,2019-01-10 20:55:03+05:18
0,0,0,0,0,0,2019-01-11 10:41:12+05:18
0,1,0,0,0,0,2019-01-11 14:59:02+05:18
0,1,0,0,0,0,2019-01-11 19:21:27+05:18
0,1,0,0,0,0,2019-01-11 21:28:32+05:18
0,1,0,0,0,0,2019-01-11 21:35:38+05:18
0,1,0,0,0,0,2019-01-11 21:59:04+05:18
0,1,0,0,0,0,2019-01-11 22:04:12+05:18
0,1,0,0,0,0,2019-01-11 22:16:11+05:18
0,1,0,0,0,0,2019-01-11 22:25:05+05:18
0,0,0,0,0,0,2019-01-11 22:38:10+05:18
0,0,0,0,0,0,2019-01-12 12:49:20+05:18
0,0,0,0,0,0,2019-01-12 14:54:28+05:18
0,1,0,0,0,0,2019-01-12 15:12:27+05:18
0,1,0,0,0,0,2019-01-12 16:18:15+05:18
0,0,0,0,0,0,2019-01-12 18:20:45+05:18
0,0,0,0,0,0,2019-01-12 18:24:57+05:18
0,0,0,0,0,0,2019-01-12 19:53:57+05:18
0,0,0,0,0,0,2019-01-12 19:54:35+05:18
0,1,0,0,0,0,2019-01-13 09:25:19+05:18
0,0,0,0,0,0,2019-01-13 13:09:22+05:18
