Acquisition,Preparation,Modeling,Training,Evaluation,Prediction,time
0,0,0,0,0,0,2016-08-16 15:10:44+08:00
0,0,0,0,0,0,2016-08-16 15:16:15+08:00
0,4,0,0,0,0,2016-08-16 15:22:04+08:00
0,0,0,0,0,0,2016-08-16 15:26:39+08:00
0,0,0,0,0,0,2016-08-16 15:28:06+08:00
0,5,0,0,0,0,2016-08-16 15:30:35+08:00
0,0,0,0,0,0,2016-08-16 15:36:09+08:00
0,0,0,0,0,0,2016-08-16 15:38:02+08:00
0,0,0,0,0,0,2016-08-16 15:41:28+08:00
0,1,0,0,0,0,2016-08-16 16:25:08+08:00
0,1,0,0,0,0,2016-08-17 11:21:00+08:00
0,0,0,0,0,0,2016-08-17 12:28:45+08:00
0,0,0,0,0,0,2016-08-17 12:50:16+08:00
0,0,0,0,0,0,2016-08-17 13:10:26+08:00
0,0,0,0,0,0,2016-08-17 13:27:14+08:00
0,1,0,0,0,0,2016-08-17 15:36:05+08:00
0,2,0,0,0,0,2016-08-18 14:36:30+08:00
0,1,0,0,0,0,2016-08-17 15:36:05+08:00
0,2,0,0,0,0,2016-08-18 14:36:30+08:00
0,0,0,0,0,0,2016-08-18 19:59:27+08:00
0,2,0,0,0,0,2016-08-19 15:49:15+08:00
0,1,0,0,0,0,2016-08-19 16:50:24+08:00
0,0,0,0,0,0,2016-08-19 16:55:24+08:00
0,2,0,0,0,0,2016-09-02 15:39:00+08:00
0,1,0,0,0,0,2016-09-02 16:21:35+08:00
0,1,0,0,0,0,2016-09-02 16:46:46+08:00
0,0,0,0,0,0,2016-09-02 16:47:14+08:00
0,1,0,0,0,0,2016-09-06 17:26:52+08:00
0,2,0,0,0,0,2016-09-07 16:04:17+08:00
0,0,0,0,0,0,2016-09-07 16:04:59+08:00
0,1,0,0,0,0,2016-09-09 11:04:21+08:00
0,0,0,0,0,0,2016-09-09 11:05:15+08:00
1,5,0,0,0,0,2016-09-26 15:08:29+08:00
0,0,0,0,0,0,2016-10-11 19:55:21+08:00
0,0,0,0,0,0,2016-10-17 14:54:22+08:00
0,1,0,0,0,1,2016-10-18 19:12:12+08:00
0,0,0,0,0,0,2016-10-18 19:13:49+08:00
0,0,0,0,0,0,2016-10-22 15:15:11+08:00
0,0,0,0,0,0,2016-10-22 15:52:33+08:00
0,0,0,0,0,0,2016-10-22 15:53:04+08:00
0,0,0,0,0,0,2016-10-22 17:36:06+08:00
0,0,0,0,0,0,2016-10-22 17:36:40+08:00
0,0,0,0,0,0,2016-11-01 15:18:55+08:00
0,0,0,0,0,0,2016-11-01 20:18:46+08:00
0,0,0,0,0,0,2016-11-02 23:37:32+08:00
0,0,0,0,0,0,2016-11-03 22:08:06+08:00
0,0,0,0,0,0,2016-11-04 15:58:32+08:00
0,0,0,0,0,0,2016-11-07 15:28:36+08:00
0,0,0,0,0,0,2016-11-07 15:33:42+08:00
0,0,0,0,0,0,2016-11-09 17:15:01+08:00
0,0,0,0,0,0,2016-11-09 17:15:50+08:00
0,0,0,0,0,0,2016-11-10 12:18:04+08:00
0,0,0,0,0,0,2016-11-10 20:03:35+08:00
0,0,0,0,0,0,2016-11-13 13:23:28+08:00
0,0,0,0,0,0,2016-11-14 10:02:25+08:00
0,0,0,0,0,0,2016-11-15 17:41:27+08:00
0,0,0,0,0,0,2016-11-15 17:42:28+08:00
0,0,0,0,0,0,2016-11-16 11:28:59+08:00
0,0,0,0,0,0,2016-11-20 20:07:27+08:00
0,0,0,0,0,0,2016-11-30 11:52:59+08:00
0,0,0,0,0,0,2016-11-30 14:33:53+08:00
0,0,0,0,0,0,2016-11-30 14:34:49+08:00
0,0,0,0,0,0,2016-11-30 14:35:24+08:00
1,1,1,0,0,0,2016-11-30 16:56:06+08:00
1,1,1,0,0,0,2016-12-01 10:35:48+08:00
1,0,3,3,2,0,2016-12-01 18:49:13+08:00
0,0,0,0,0,0,2016-12-01 18:50:00+08:00
1,1,2,2,0,0,2016-12-02 10:39:55+08:00
1,1,1,1,0,0,2016-12-02 16:09:35+08:00
1,1,1,1,0,0,2016-12-04 17:41:36+08:00
0,0,0,0,0,0,2016-12-04 17:42:07+08:00
1,1,1,1,0,0,2016-12-04 21:21:14+08:00
1,1,1,1,0,0,2016-12-05 21:29:41+08:00
0,0,0,0,0,0,2016-12-06 16:06:08+08:00
0,0,0,0,0,0,2016-12-06 16:21:03+08:00
0,0,0,0,0,0,2016-12-06 16:25:52+08:00
1,1,1,1,1,0,2016-12-06 18:23:35+08:00
0,0,0,0,0,0,2016-12-06 22:23:49+08:00
0,0,0,0,0,0,2016-12-07 09:22:54+08:00
0,0,0,0,0,0,2016-12-07 12:15:28+08:00
1,1,1,1,1,0,2016-12-08 17:37:04+08:00
0,0,0,0,0,0,2016-12-08 19:28:25+08:00
0,0,0,0,0,0,2016-12-08 19:37:47+08:00
0,0,0,0,0,0,2016-12-08 19:39:57+08:00
0,0,0,0,0,0,2016-12-08 19:54:24+08:00
0,0,1,0,0,0,2016-12-09 22:11:18+08:00
0,0,2,0,0,0,2016-12-09 22:29:03+08:00
0,0,1,0,0,0,2016-12-09 23:34:25+08:00
0,0,0,0,0,0,2016-12-11 15:40:35+08:00
0,0,0,0,0,0,2017-02-16 17:11:44+08:00
0,0,0,0,0,0,2017-02-16 17:12:29+08:00
0,0,0,0,0,0,2017-03-02 16:55:53+08:00
5,5,0,3,4,2,2018-04-03 14:18:29+08:00
0,0,0,0,0,0,2018-04-09 09:41:50+08:00
3,1,0,1,1,2,2018-04-10 23:26:34+08:00
3,3,1,2,0,3,2018-04-13 20:04:01+08:00
0,1,0,0,0,0,2018-04-14 01:04:21+08:00
1,1,1,0,0,0,2018-06-13 15:09:54+08:00
7,5,2,4,1,6,2018-06-14 12:41:24+08:00
2,2,0,1,1,2,2018-06-14 14:32:57+08:00
8,9,3,4,2,7,2018-06-15 19:39:46+08:00
2,2,0,0,0,1,2018-06-17 00:59:59+08:00
0,1,0,0,0,1,2018-06-17 01:06:40+08:00
4,9,0,2,2,3,2018-07-20 10:09:21+08:00
