Acquisition,Preparation,Modeling,Training,Evaluation,Prediction,time
4,2,1,1,0,1,2014-11-20 11:25:49+00:00
0,0,0,0,0,0,2016-01-28 10:40:03+00:00
7,4,1,1,0,1,2016-05-17 14:22:12+01:00
0,0,0,0,0,0,2016-05-17 14:24:14+01:00
0,0,0,0,0,0,2016-05-17 16:34:03+01:00
1,1,0,0,0,0,2017-11-06 14:52:41+00:00
0,0,0,0,0,0,2017-11-06 16:19:16+01:00
6,4,1,2,0,1,2017-11-09 16:38:36+00:00
5,1,1,1,0,1,2019-03-07 11:07:21+00:00
7,3,1,2,0,1,2019-03-21 16:25:28+00:00
0,0,0,0,0,0,2019-03-21 16:27:29+00:00
1,0,0,0,0,0,2019-03-21 17:19:20+00:00
0,0,0,0,0,0,2019-03-21 17:20:35+00:00
1,0,0,0,0,0,2019-03-21 17:26:01+00:00
0,0,0,0,0,0,2019-03-21 17:26:50+00:00
3,2,0,0,0,0,2019-03-24 13:04:00+00:00
1,0,0,0,0,0,2019-03-24 13:18:12+00:00
1,0,0,0,0,0,2019-03-24 13:58:34+00:00
5,3,0,1,0,0,2019-04-09 09:05:29+01:00
2,1,0,1,0,0,2019-04-09 09:22:30+01:00
1,0,0,0,0,0,2019-04-09 09:27:24+01:00
0,0,0,0,0,0,2019-04-09 09:29:32+01:00
1,0,0,0,0,0,2019-04-09 09:42:03+01:00
1,0,0,0,0,0,2019-04-09 09:44:58+01:00
1,0,0,0,0,0,2019-04-09 09:49:42+01:00
1,0,0,0,0,0,2019-04-09 09:55:52+01:00
5,3,0,0,0,0,2019-04-09 15:50:35+01:00
7,4,1,2,0,1,2019-07-05 14:25:28+01:00
0,0,0,0,0,0,2019-07-05 14:34:42+01:00
1,1,0,1,0,0,2019-07-05 14:39:29+01:00
1,1,0,0,0,0,2019-07-29 08:20:34+01:00
0,0,0,0,0,0,2019-07-29 17:00:07+01:00
0,0,0,0,0,0,2019-07-29 17:01:26+01:00
0,0,0,0,0,0,2019-07-30 09:53:36+01:00
0,0,0,0,0,0,2019-07-30 10:20:35+01:00
1,1,0,0,0,0,2019-07-30 11:08:37+01:00
0,0,0,0,0,0,2019-07-30 11:08:49+01:00
1,1,0,0,0,0,2019-07-30 12:45:59+01:00
2,2,0,0,0,0,2019-07-30 18:23:31+01:00
2,2,0,0,0,0,2019-08-05 13:06:13+01:00
0,0,0,0,0,0,2019-08-05 13:15:12+01:00
0,0,0,0,0,0,2019-08-05 13:21:46+01:00
0,0,0,0,0,0,2019-08-05 13:32:31+01:00
0,0,0,0,0,0,2019-08-05 13:37:46+01:00
0,0,0,0,0,0,2019-08-05 13:41:12+01:00
0,0,0,0,0,0,2019-08-05 13:41:30+01:00
0,0,0,0,0,0,2019-08-05 13:44:43+01:00
0,0,0,0,0,0,2019-08-05 14:00:22+01:00
0,0,0,0,0,0,2019-08-05 14:09:46+01:00
0,0,0,0,0,0,2019-08-05 14:10:37+01:00
0,0,0,0,0,0,2019-08-05 14:12:40+01:00
1,0,0,0,0,0,2019-08-05 14:32:28+01:00
0,0,0,0,0,0,2019-08-05 14:34:20+01:00
0,0,0,0,0,0,2019-08-05 14:36:27+01:00
0,0,0,0,0,0,2019-08-05 14:37:51+01:00
0,0,0,0,0,0,2019-08-05 14:51:33+01:00
1,0,0,0,0,0,2019-08-05 16:16:06+01:00
1,0,0,0,0,0,2019-08-05 16:33:04+01:00
0,0,0,0,0,0,2019-08-05 16:36:35+01:00
0,0,0,0,0,0,2019-08-05 16:38:30+01:00
0,0,0,0,0,0,2019-08-05 17:02:16+01:00
0,0,0,0,0,0,2019-08-05 17:03:02+01:00
0,0,0,0,0,0,2019-08-05 17:08:12+01:00
0,0,0,0,0,0,2019-08-05 17:10:23+01:00
0,0,0,0,0,0,2019-08-05 17:17:11+01:00
0,0,0,0,0,0,2019-08-05 17:18:01+01:00
1,1,0,0,0,0,2019-08-05 17:33:01+01:00
0,0,0,0,0,0,2019-08-05 17:34:52+01:00
0,0,0,0,0,0,2019-08-06 09:21:05+01:00
0,0,0,0,0,0,2019-08-06 09:49:21+01:00
0,0,0,0,0,0,2019-08-06 09:52:49+01:00
9,5,1,2,0,1,2019-08-06 11:01:10+01:00
1,1,0,0,0,0,2019-08-06 11:19:47+01:00
0,0,0,0,0,0,2019-08-06 11:22:40+01:00
0,0,0,0,0,0,2019-08-06 11:26:47+01:00
0,0,0,0,0,0,2019-08-06 11:30:12+01:00
0,0,0,0,0,0,2019-08-06 11:40:51+01:00
0,0,0,0,0,0,2019-08-06 14:15:27+01:00
0,0,0,0,0,0,2019-08-06 14:36:05+01:00
6,4,0,1,0,0,2019-08-06 17:42:24+01:00
2,0,1,1,0,1,2019-08-08 14:25:04+01:00
2,0,0,0,0,0,2019-08-13 09:54:22+01:00
2,1,0,0,0,0,2019-08-13 11:32:54+01:00
2,1,0,0,0,0,2019-08-14 10:11:01+01:00
1,1,0,0,0,0,2019-08-14 15:19:41+01:00
0,0,0,0,0,0,2019-08-14 16:19:57+01:00
0,0,0,0,0,0,2019-08-15 09:28:56+01:00
1,0,1,1,0,1,2019-08-19 16:54:25+01:00
1,0,1,1,0,1,2019-08-20 09:39:47+01:00
1,0,1,1,0,1,2019-08-20 10:29:45+01:00
1,1,1,1,0,1,2019-08-20 10:35:19+01:00
1,1,1,1,0,1,2019-08-20 10:42:02+01:00
1,1,1,1,0,1,2019-08-20 10:53:00+01:00
1,1,1,1,0,1,2019-08-20 10:58:01+01:00
1,1,1,1,0,1,2019-08-20 11:08:38+01:00
1,1,1,1,0,1,2019-08-20 13:08:27+01:00
1,1,1,1,0,1,2019-08-20 13:44:24+01:00
1,1,1,1,0,1,2019-08-20 14:25:47+01:00
1,1,1,1,0,1,2019-08-20 15:50:56+01:00
1,1,0,0,0,0,2019-08-21 11:19:39+01:00
2,2,0,0,0,0,2019-08-21 16:36:46+01:00
1,1,0,0,0,0,2019-08-21 18:26:47+01:00
1,1,0,0,0,0,2019-08-22 11:20:47+01:00
1,0,0,0,0,0,2019-08-23 09:08:21+01:00
1,0,0,0,0,0,2019-08-23 09:09:05+01:00
3,3,2,3,1,2,2019-09-17 14:04:58+01:00
0,0,0,0,0,0,2019-09-17 14:07:10+01:00
0,0,0,0,0,0,2019-09-17 15:13:15+01:00
2,2,0,1,0,1,2019-09-17 15:15:00+01:00
0,0,0,0,0,0,2019-09-17 15:36:09+01:00
1,1,0,0,0,0,2019-09-18 13:05:56+01:00
2,0,0,0,0,0,2019-09-19 14:10:26+01:00
0,0,0,0,0,0,2019-09-19 14:30:18+01:00
1,1,0,0,0,0,2019-09-23 09:41:37+01:00
0,0,0,0,0,0,2019-09-23 09:50:09+01:00
1,1,0,0,0,0,2019-09-23 10:48:35+01:00
2,2,1,0,0,0,2019-10-02 15:32:06+01:00
1,1,1,0,0,0,2019-10-02 15:33:57+01:00
1,1,1,0,0,0,2019-10-02 15:42:47+01:00
0,0,0,0,0,0,2019-10-02 15:58:16+01:00
1,1,1,0,0,0,2019-10-02 17:26:16+01:00
1,1,1,0,0,0,2019-10-02 19:43:16+01:00
1,1,1,0,0,0,2019-10-02 19:50:35+01:00
1,1,1,0,0,0,2019-10-02 19:50:35+01:00
0,0,0,0,0,0,2019-10-03 09:56:22+01:00
0,0,0,0,0,0,2019-10-03 10:03:47+01:00
0,0,0,0,0,0,2019-10-03 10:19:53+01:00
1,1,1,0,0,0,2019-10-03 10:21:02+01:00
1,1,1,0,0,0,2019-10-03 10:29:40+01:00
1,1,1,0,0,0,2019-10-03 10:35:07+01:00
1,1,1,0,0,0,2019-10-03 10:36:35+01:00
1,1,1,0,0,0,2019-10-03 10:37:30+01:00
1,1,1,0,0,0,2019-10-03 10:39:59+01:00
1,1,1,0,0,0,2019-10-03 10:41:20+01:00
1,1,1,0,0,0,2019-10-08 10:18:42+01:00
0,0,0,0,0,0,2019-10-08 10:48:54+01:00
1,1,0,0,0,0,2019-10-15 16:04:12+01:00
1,1,0,0,0,0,2019-10-15 16:04:41+01:00
1,1,1,0,0,0,2019-10-16 09:56:11+01:00
1,1,1,0,0,0,2019-10-16 09:58:56+01:00
1,1,1,0,0,0,2019-10-16 11:14:32+01:00
1,1,1,0,0,0,2019-10-16 11:29:05+01:00
1,1,1,0,0,0,2019-10-16 13:02:50+01:00
1,1,1,0,0,0,2019-10-16 13:44:23+01:00
1,1,1,0,0,0,2019-10-16 15:05:29+01:00
1,1,1,0,0,0,2019-10-16 16:03:47+01:00
2,2,1,0,0,0,2019-10-18 13:27:25+01:00
1,1,0,1,0,0,2019-10-18 13:43:04+01:00
1,1,0,1,0,0,2019-11-15 14:42:51+00:00
1,1,0,1,0,0,2019-11-15 17:12:13+00:00
1,1,0,1,0,0,2019-11-15 17:13:43+00:00
0,0,0,0,0,0,2019-11-20 11:36:04+00:00
0,0,0,0,0,0,2019-11-20 12:00:49+00:00
2,1,1,0,0,0,2019-11-22 09:10:49+00:00
0,0,0,0,0,0,2020-01-23 15:51:23+00:00
0,0,0,0,0,0,2020-01-29 14:46:14+00:00
0,0,0,0,0,0,2020-01-29 14:57:38+00:00
0,0,0,0,0,0,2020-01-29 14:59:03+00:00
0,0,0,0,0,0,2020-01-29 15:01:05+00:00
0,0,0,0,0,0,2020-01-29 15:01:41+00:00
0,0,0,0,0,0,2020-01-29 15:02:34+00:00
0,0,0,0,0,0,2020-01-29 15:15:15+00:00
0,0,0,0,0,0,2020-01-29 15:20:43+00:00
0,0,0,0,0,0,2020-01-29 15:57:21+00:00
1,1,0,1,0,0,2020-01-29 16:39:14+00:00
0,0,0,0,0,0,2020-01-29 16:44:35+00:00
0,0,0,0,0,0,2020-01-29 17:03:02+00:00
0,0,0,0,0,0,2020-01-29 17:07:52+00:00
0,0,0,0,0,0,2020-01-30 13:22:46+00:00
0,0,0,0,0,0,2020-01-30 13:23:24+00:00
0,0,0,0,0,0,2020-01-30 13:23:39+00:00
0,0,0,0,0,0,2020-01-30 13:34:14+00:00
0,0,0,0,0,0,2020-01-31 12:02:25+00:00
0,0,0,0,0,0,2020-01-31 12:03:26+00:00
1,1,0,1,0,0,2020-07-20 14:56:47+01:00
0,0,0,0,0,0,2020-07-20 15:02:30+01:00
0,0,0,0,0,0,2020-07-20 15:06:00+01:00
0,0,0,0,0,0,2020-07-22 09:50:58+01:00
2,2,1,0,0,0,2020-07-23 10:18:36+01:00
1,1,1,0,0,0,2020-07-23 10:25:55+01:00
1,1,1,0,0,0,2020-07-23 10:48:01+01:00
1,1,1,0,0,0,2020-07-23 10:51:01+01:00
1,1,1,0,0,0,2020-07-23 10:53:01+01:00
1,1,1,0,0,0,2020-07-23 10:58:09+01:00
1,1,1,0,0,0,2020-07-23 11:12:38+01:00
1,1,1,0,0,0,2020-07-23 11:15:06+01:00
1,1,1,0,0,0,2020-07-23 13:19:43+01:00
1,1,1,0,0,0,2020-07-23 15:08:55+01:00
1,1,1,0,0,0,2020-07-23 15:26:02+01:00
1,1,1,0,0,0,2020-07-23 15:27:05+01:00
1,1,1,0,0,0,2020-07-23 15:32:11+01:00
1,1,1,0,0,0,2020-07-23 15:33:40+01:00
1,1,1,0,0,0,2020-07-23 15:41:03+01:00
0,0,0,0,0,0,2020-07-24 16:13:05+01:00
1,1,0,1,0,0,2020-09-11 15:02:21+01:00
0,0,0,0,0,0,2020-09-11 15:05:10+01:00
0,0,0,0,0,0,2020-09-11 15:35:18+01:00
2,1,2,0,0,0,2020-09-14 10:56:42+01:00
1,1,1,0,0,0,2020-09-14 11:24:25+01:00
1,1,1,0,0,0,2020-09-14 13:44:47+01:00
1,1,1,0,0,0,2020-09-14 13:53:33+01:00
1,1,1,0,0,0,2020-09-14 13:59:14+01:00
0,0,0,0,0,0,2020-09-14 14:36:46+01:00
1,1,1,0,0,0,2020-09-14 16:36:59+01:00
1,1,1,0,0,0,2020-09-14 16:54:00+01:00
5,4,0,1,0,1,2020-09-14 17:07:51+01:00
0,0,0,0,0,0,2020-09-16 10:07:08+01:00
0,0,0,0,0,0,2020-09-16 10:34:30+01:00
0,0,0,0,0,0,2020-09-16 10:35:12+01:00
0,0,0,0,0,0,2020-09-16 10:39:51+01:00
0,0,0,0,0,0,2020-09-16 10:45:26+01:00
0,0,0,0,0,0,2020-09-16 11:07:46+01:00
0,0,0,0,0,0,2020-09-16 11:15:26+01:00
0,0,0,0,0,0,2020-10-01 15:02:02+01:00
0,0,0,0,0,0,2020-10-06 15:08:16+01:00
0,0,0,0,0,0,2021-01-06 16:13:37+00:00
1,0,0,0,0,0,2021-01-07 09:26:40+00:00
2,2,1,0,0,0,2021-01-14 09:43:11+00:00
3,3,0,1,0,0,2021-03-05 10:15:07+00:00
1,0,0,0,0,0,2021-03-05 10:23:35+00:00
3,2,0,1,0,0,2021-03-05 11:05:51+00:00
4,2,2,0,0,0,2021-03-08 11:36:18+00:00
2,1,0,0,0,0,2021-03-08 11:59:31+00:00
1,1,0,0,0,0,2021-03-08 12:01:03+00:00
2,1,0,0,0,0,2021-03-08 12:18:17+00:00
2,1,0,0,0,0,2021-03-08 12:37:45+00:00
1,1,0,0,0,0,2021-03-08 12:45:23+00:00
1,1,0,0,0,0,2021-03-08 13:39:32+00:00
2,1,0,0,0,0,2021-03-08 13:53:32+00:00
1,0,0,0,0,0,2021-03-08 13:57:14+00:00
1,1,0,0,0,0,2021-03-08 13:58:55+00:00
2,2,0,0,0,0,2021-03-08 14:15:14+00:00
2,2,0,0,0,0,2021-03-08 14:32:30+00:00
1,1,0,0,0,0,2021-03-08 14:44:21+00:00
1,1,0,0,0,0,2021-03-08 14:49:00+00:00
3,3,0,1,0,0,2021-03-08 16:37:57+00:00
1,1,0,0,0,0,2021-03-08 16:48:43+00:00
1,1,0,0,0,0,2021-03-08 16:50:15+00:00
1,1,0,0,0,0,2021-03-08 16:53:39+00:00
1,1,0,0,0,0,2021-03-08 16:59:06+00:00
4,3,0,0,0,0,2021-03-09 15:09:58+00:00
1,1,0,0,0,0,2021-03-11 11:52:43+00:00
1,1,0,0,0,0,2021-03-12 11:32:24+00:00
1,1,0,0,0,0,2021-03-23 15:13:16+00:00
1,1,0,0,0,0,2021-03-24 10:06:26+00:00
3,2,0,0,0,0,2021-03-24 16:44:44+00:00
1,0,0,0,0,0,2021-03-25 11:50:15+00:00
1,0,0,0,0,0,2021-03-25 11:59:31+00:00
1,0,0,0,0,0,2021-03-25 12:05:48+00:00
1,0,0,0,0,0,2021-03-25 12:06:32+00:00
0,0,0,0,0,0,2021-03-25 12:07:00+00:00
1,0,0,0,0,0,2021-03-26 15:11:14+00:00
0,0,0,0,0,0,2021-03-26 15:11:24+00:00
1,1,0,0,0,0,2021-03-31 15:44:04+01:00
0,0,0,0,0,0,2021-03-31 15:44:17+01:00
1,1,0,0,0,0,2021-04-06 13:52:17+01:00
0,0,0,0,0,0,2021-04-14 09:58:45+01:00
0,0,0,0,0,0,2021-04-14 10:00:04+01:00
0,0,0,0,0,0,2021-04-14 10:04:57+01:00
2,0,0,0,0,0,2021-04-15 14:40:37+01:00
4,4,0,0,0,0,2021-04-19 13:43:59+01:00
1,1,0,0,0,0,2021-04-23 10:07:43+01:00
0,0,0,0,0,0,2021-04-23 14:13:37+01:00
0,0,0,0,0,0,2021-04-23 14:14:26+01:00
0,0,0,0,0,0,2021-04-23 14:15:27+01:00
1,1,0,0,0,0,2021-05-25 11:45:36+01:00
1,1,0,0,0,0,2021-08-24 14:26:04+01:00
1,1,0,0,0,0,2021-08-24 15:56:27+01:00
1,1,0,0,0,0,2021-08-24 15:57:17+01:00
2,2,0,0,0,0,2021-08-24 16:13:57+01:00
0,0,0,0,0,0,2021-08-24 16:21:57+01:00
0,0,0,0,0,0,2021-08-31 10:56:50+01:00
0,0,0,0,0,0,2021-08-31 11:02:50+01:00
1,1,0,0,0,0,2021-09-02 11:47:29+01:00
1,1,0,1,0,0,2021-09-02 11:50:35+01:00
0,0,0,0,0,0,2021-09-02 11:59:24+01:00
1,1,0,0,0,0,2021-11-08 09:03:37+00:00
1,1,0,0,0,0,2021-11-09 09:42:04+00:00
1,1,0,0,0,0,2021-11-09 09:43:29+00:00
2,2,0,1,1,0,2021-11-10 16:02:12+00:00
1,1,0,1,0,0,2021-11-10 16:05:13+00:00
0,0,0,0,0,0,2021-11-18 11:46:27+00:00
0,0,0,0,0,0,2021-11-18 11:47:50+00:00
0,0,0,0,0,0,2021-11-18 11:56:03+00:00
2,2,0,1,1,0,2021-12-03 13:56:19+00:00
0,0,1,0,0,0,2021-12-03 14:01:41+00:00
1,1,1,0,1,0,2021-12-03 14:04:07+00:00
1,1,0,1,0,0,2021-12-08 13:46:50+00:00
0,0,0,0,0,0,2021-12-09 13:08:00+00:00
0,0,0,0,0,0,2021-12-09 13:14:16+00:00
0,0,0,0,0,0,2021-12-09 13:16:07+00:00
0,0,0,0,0,0,2021-12-09 13:17:19+00:00
0,0,0,0,0,0,2022-06-01 12:09:58+01:00
