Acquisition,Preparation,Modeling,Training,Evaluation,Prediction,time
4,12,1,0,0,1,2017-08-07 17:10:18-07:00
1,4,1,0,0,0,2017-08-07 17:39:09-07:00
0,0,0,0,0,0,2017-08-07 20:08:49-07:00
0,0,0,0,0,0,2017-08-07 20:12:38-07:00
0,1,0,0,0,1,2017-08-08 10:09:23-07:00
3,4,0,0,0,0,2017-08-08 10:56:31-07:00
0,0,0,0,0,0,2017-08-08 10:56:55-07:00
0,0,0,0,0,0,2017-08-08 15:41:13-07:00
0,1,0,0,0,1,2017-08-09 17:32:30-07:00
0,0,0,0,0,0,2017-08-10 11:51:49-07:00
0,2,0,0,0,1,2017-08-11 11:51:02-07:00
0,1,0,0,0,0,2017-08-23 10:54:43-07:00
0,0,0,0,0,0,2017-08-23 11:11:01-07:00
0,0,0,0,0,0,2017-08-23 19:24:46-07:00
0,1,0,0,0,0,2017-08-28 11:01:40-07:00
0,1,0,0,0,0,2017-09-01 13:21:55-07:00
0,0,0,0,0,0,2017-09-26 11:33:08-07:00
0,0,0,0,0,0,2017-09-26 11:34:25-07:00
0,0,0,0,0,0,2017-09-26 11:36:16-07:00
0,0,0,0,0,0,2017-09-26 11:36:18-07:00
0,1,0,0,0,0,2017-10-13 14:23:13-07:00
0,0,0,0,0,0,2017-10-13 15:24:57-07:00
0,0,0,0,0,0,2017-10-13 15:39:57-07:00
0,1,0,0,0,0,2017-11-02 14:28:01-07:00
0,0,0,0,0,0,2017-11-17 16:01:22-08:00
0,0,0,0,0,0,2017-11-18 18:34:26-08:00
0,0,0,0,0,0,2017-11-19 14:47:49-08:00
0,0,0,0,0,0,2017-11-19 14:50:44-08:00
0,0,0,0,0,0,2017-11-19 15:21:28-08:00
0,0,0,0,0,0,2017-11-19 15:23:52-08:00
0,0,0,0,0,0,2017-11-19 18:32:40-08:00
0,1,0,0,0,0,2017-11-28 17:44:17-08:00
0,0,0,0,0,0,2017-11-30 15:42:36-08:00
0,0,0,0,0,0,2017-12-01 14:30:11-08:00
0,0,0,0,0,0,2017-12-01 14:30:17-08:00
0,0,0,0,0,0,2018-01-03 12:06:12-08:00
0,0,0,0,0,0,2018-01-04 10:34:16-08:00
0,0,0,0,0,0,2018-01-04 10:34:22-08:00
0,0,0,0,0,0,2018-01-12 11:43:20-08:00
10,14,0,0,1,1,2018-01-17 11:15:36-08:00
2,2,0,0,0,0,2018-01-25 18:09:36-08:00
1,1,0,0,1,0,2018-02-06 11:35:33-08:00
0,0,0,0,0,0,2018-02-06 11:45:14-08:00
3,4,0,0,1,1,2018-02-06 13:10:26-08:00
1,2,0,0,0,0,2018-02-10 15:06:27-08:00
1,1,0,0,0,0,2018-05-07 13:27:36-07:00
0,0,0,0,0,0,2018-05-07 13:28:29-07:00
0,0,0,0,0,0,2018-05-25 08:40:25+00:00
0,0,0,0,0,0,2018-06-01 16:58:43+00:00
0,1,1,0,0,0,2018-06-15 13:55:50-07:00
2,3,1,0,0,0,2018-06-15 14:06:21-07:00
0,0,0,0,0,0,2018-06-15 21:07:48+00:00
0,0,0,0,0,0,2018-06-15 21:08:09+00:00
0,0,0,0,0,0,2018-06-25 11:09:07-07:00
0,0,0,0,0,0,2018-07-11 17:10:40+00:00
0,1,1,0,0,0,2018-07-11 17:12:24+00:00
1,1,0,0,0,0,2018-07-11 17:15:13+00:00
0,0,0,0,0,0,2018-07-11 17:24:36+00:00
0,0,0,0,0,0,2018-07-11 17:25:08+00:00
1,1,0,0,0,0,2018-07-11 17:25:57+00:00
0,0,0,0,0,0,2018-07-17 22:45:15+00:00
0,1,1,0,0,0,2018-07-19 16:33:05+00:00
0,0,0,0,0,0,2018-09-12 17:21:41+00:00
0,0,0,0,0,0,2018-09-20 16:47:18+00:00
0,1,0,0,0,0,2018-09-21 09:57:20-07:00
0,0,0,0,0,0,2018-09-21 17:04:00+00:00
1,1,0,0,0,0,2018-11-12 09:52:45-08:00
0,0,0,0,0,0,2018-11-12 09:52:49-08:00
0,0,0,0,0,0,2018-12-20 18:49:11+00:00
0,0,0,0,0,0,2020-05-22 14:21:15-07:00
0,0,0,0,0,0,2020-05-22 14:33:35-07:00
8,7,0,0,0,0,2021-02-02 13:48:21+07:00
1,1,0,0,0,0,2021-02-02 14:06:21+07:00
0,0,0,0,0,0,2021-02-02 14:07:46+07:00
3,3,0,0,0,0,2021-02-02 16:59:18+07:00
0,0,0,0,0,0,2021-02-02 17:20:08+07:00
2,2,0,0,0,0,2021-02-03 13:38:17+07:00
5,5,0,0,0,0,2021-03-01 10:54:48+07:00
1,1,0,0,0,0,2021-03-01 11:06:53+07:00
4,4,0,0,0,0,2021-03-02 10:37:36+07:00
