Acquisition,Preparation,Modeling,Training,Evaluation,Prediction,time
0,0,0,0,0,0,2019-05-04 21:46:08+07:00
1,0,0,0,0,0,2019-05-04 22:03:23+07:00
1,1,0,0,0,1,2019-05-04 23:19:43+07:00
0,0,0,0,0,0,2019-05-04 23:21:01+07:00
2,1,0,0,0,1,2019-05-04 23:35:13+07:00
1,2,2,1,0,1,2019-05-05 00:08:16+07:00
1,1,1,0,0,1,2019-05-05 07:57:19+07:00
3,2,2,1,0,1,2020-04-11 13:26:23+07:00
5,3,3,1,0,1,2020-04-11 20:22:40+07:00
3,1,1,0,0,1,2020-04-12 10:40:48+07:00
5,3,3,1,0,2,2020-04-12 10:57:35+07:00
2,2,1,0,0,1,2020-04-12 18:14:30+07:00
4,3,1,0,0,0,2020-04-13 21:45:49+07:00
1,1,0,0,0,0,2020-04-13 22:07:14+07:00
3,2,1,0,0,0,2020-04-13 23:31:16+07:00
5,3,1,0,0,0,2020-04-15 17:22:43+07:00
5,4,2,0,0,0,2020-04-16 00:30:45+07:00
1,0,1,0,0,0,2020-04-16 00:40:55+07:00
1,0,1,0,0,0,2020-04-17 21:52:54+07:00
0,0,0,0,0,0,2020-04-17 21:54:10+07:00
7,3,2,0,0,0,2020-04-17 23:23:09+07:00
5,1,1,0,0,0,2020-04-18 19:00:23+07:00
1,0,0,0,0,0,2020-04-18 21:53:00+07:00
2,0,0,0,0,0,2020-04-19 11:28:38+07:00
5,5,2,0,0,0,2020-04-19 17:36:52+07:00
1,2,0,0,0,0,2020-04-20 19:39:29+09:00
0,0,0,0,0,0,2020-04-20 19:41:47+09:00
0,0,0,0,0,0,2020-04-20 20:24:40+09:00
0,0,0,0,0,0,2020-04-20 20:46:36+09:00
0,0,0,0,0,0,2020-04-20 22:11:39+09:00
1,1,0,0,0,0,2020-04-21 21:22:45+07:00
3,1,1,0,0,0,2020-04-24 22:40:39+07:00
2,1,1,0,0,0,2020-04-26 16:44:06+09:00
0,0,0,0,0,0,2020-04-26 19:04:53+09:00
0,0,0,0,0,0,2020-04-26 19:21:43+09:00
0,0,0,0,0,0,2020-04-30 00:40:05+09:00
2,1,1,0,0,0,2020-04-30 00:40:24+09:00
0,1,0,0,0,0,2020-04-30 00:40:42+09:00
0,0,0,0,0,0,2020-04-30 00:40:50+09:00
0,0,0,0,0,0,2020-04-30 00:41:20+09:00
0,0,0,0,0,0,2020-05-01 09:53:37+07:00
0,0,0,0,0,0,2020-05-01 13:11:58+07:00
0,1,0,0,0,0,2020-05-02 11:35:09+07:00
0,0,0,0,0,0,2020-05-02 14:11:48+07:00
4,5,2,0,0,0,2020-05-09 11:03:22+07:00
3,3,2,1,0,0,2020-05-09 19:19:19+09:00
1,1,1,1,0,0,2020-05-09 18:39:04+07:00
1,1,1,1,0,0,2020-05-09 18:59:54+07:00
2,2,2,1,0,0,2020-05-12 20:42:41+07:00
1,0,0,0,0,0,2020-05-16 19:38:07+07:00
1,0,0,0,0,0,2020-05-16 19:40:55+07:00
2,3,2,0,0,0,2020-06-21 19:59:18+09:00
1,0,1,0,0,0,2020-06-22 00:22:04+09:00
6,5,4,1,0,0,2020-06-23 21:27:44+09:00
1,0,0,0,0,0,2020-08-06 22:13:41+09:00
1,1,1,0,0,0,2020-08-06 22:16:52+09:00
1,1,0,0,0,0,2020-08-06 22:17:26+09:00
0,1,0,0,0,0,2020-08-29 13:01:36+09:00
0,0,0,0,0,0,2020-08-29 13:01:51+09:00
0,0,0,0,0,0,2020-08-29 13:16:28+09:00
0,0,0,0,0,0,2020-08-29 13:26:49+09:00
0,0,0,0,0,0,2020-08-29 13:28:51+09:00
0,0,0,0,0,0,2020-08-29 13:30:54+09:00
0,0,0,0,0,0,2020-08-29 13:32:42+09:00
0,0,0,0,0,0,2020-08-29 13:35:51+09:00
0,0,0,0,0,0,2020-08-29 13:45:59+09:00
1,1,0,0,0,0,2020-08-29 14:09:47+09:00
6,7,4,1,0,0,2020-08-29 19:04:50+09:00
0,0,0,0,0,0,2020-08-29 19:24:55+09:00
1,1,1,0,0,0,2020-08-29 20:50:19+09:00
1,0,0,0,0,0,2020-08-29 20:50:48+09:00
1,1,0,0,0,0,2020-08-29 20:51:36+09:00
2,1,0,0,0,0,2020-08-29 22:23:32+09:00
1,2,1,0,0,0,2020-08-30 11:58:31+09:00
0,0,0,0,0,0,2020-08-31 13:05:37+09:00
0,0,0,0,0,0,2020-09-20 16:37:09+09:00
1,1,0,0,0,0,2020-09-20 21:49:19+09:00
1,1,0,0,0,0,2020-09-20 21:55:02+09:00
1,1,0,0,0,0,2020-09-20 22:02:11+09:00
1,1,0,0,0,0,2020-09-20 22:03:56+09:00
0,0,0,0,0,0,2020-09-20 09:07:22-04:00
0,0,0,0,0,0,2020-09-20 22:34:43+09:00
1,1,1,0,0,0,2020-09-20 23:46:49+09:00
1,1,1,1,0,0,2020-09-20 23:53:18+09:00
0,0,0,0,0,0,2020-09-25 20:33:12+00:00
0,0,0,0,0,0,2020-09-26 11:17:29+07:00
0,0,0,0,0,0,2020-10-08 13:07:25+09:00
1,1,1,1,0,0,2020-10-08 13:08:37+09:00
1,1,1,1,0,0,2020-10-08 21:31:49+09:00
1,1,1,1,0,0,2020-10-08 21:43:39+09:00
0,0,0,0,0,0,2020-10-08 21:44:50+09:00
0,0,0,0,0,0,2020-10-08 22:44:28+09:00
2,2,1,1,0,1,2020-10-09 00:38:17+09:00
1,1,1,1,0,0,2020-10-09 12:48:08+09:00
