Acquisition,Preparation,Modeling,Training,Evaluation,Prediction,time
1,1,0,0,0,0,2019-08-28 12:45:57+03:00
1,1,0,0,0,0,2019-08-28 22:51:01+03:00
1,1,0,0,0,0,2019-08-30 17:44:18+03:00
2,2,0,0,0,0,2019-08-30 18:21:45+03:00
1,1,0,0,0,0,2019-08-31 21:07:02+03:00
1,1,0,0,0,0,2019-08-31 21:59:16+03:00
1,1,0,0,0,0,2019-09-01 18:53:29+03:00
1,1,0,0,0,0,2019-09-03 15:26:35+03:00
1,1,0,0,0,0,2019-09-04 11:57:23+03:00
1,1,0,0,0,0,2019-09-04 20:42:08+03:00
1,1,0,0,0,0,2019-09-06 20:20:25+03:00
1,1,0,0,0,0,2019-09-06 23:53:07+03:00
1,1,0,0,0,0,2019-09-07 12:22:34+03:00
1,1,0,0,0,0,2019-09-07 12:26:44+03:00
1,1,0,0,0,0,2019-09-08 15:23:41+03:00
1,1,0,0,0,0,2019-09-08 20:35:36+03:00
0,0,0,0,0,0,2019-09-08 23:21:28+03:00
0,0,0,0,0,0,2019-09-08 23:23:40+03:00
1,1,0,0,0,0,2019-09-08 23:26:58+03:00
1,1,0,0,0,0,2019-09-08 23:53:59+03:00
0,0,0,0,0,0,2019-09-09 17:24:00+03:00
1,1,0,0,0,0,2019-09-09 19:51:46+03:00
0,0,0,0,0,0,2019-09-09 20:04:37+03:00
1,1,0,0,0,0,2019-09-09 20:17:22+03:00
1,1,0,0,0,0,2019-09-09 20:18:58+03:00
1,1,0,0,0,0,2019-09-09 20:22:49+03:00
1,1,0,0,0,0,2019-09-09 20:26:50+03:00
1,1,0,0,0,0,2019-09-09 20:28:52+03:00
0,0,0,0,0,0,2019-09-09 21:36:33+03:00
0,0,0,0,0,0,2019-09-09 21:44:33+03:00
1,1,0,0,0,0,2019-09-09 21:53:40+03:00
0,0,0,0,0,0,2019-09-09 22:02:59+03:00
1,1,0,0,0,0,2019-09-09 22:06:34+03:00
1,1,0,0,0,0,2019-09-09 22:18:10+03:00
1,1,0,0,0,0,2019-09-09 22:26:07+03:00
1,1,0,0,0,0,2019-09-09 22:29:20+03:00
1,1,0,0,0,0,2019-09-10 12:42:44+03:00
1,1,0,0,0,0,2019-09-10 14:18:17+03:00
2,2,0,0,0,0,2019-09-10 18:57:34+03:00
1,2,0,0,0,0,2019-09-10 19:11:40+03:00
0,1,0,0,0,0,2019-09-10 20:02:30+03:00
0,1,0,0,0,0,2019-09-10 20:05:17+03:00
1,3,0,0,0,0,2019-09-10 21:25:24+03:00
0,1,0,0,0,0,2019-09-10 21:40:38+03:00
0,0,0,0,0,0,2019-09-11 12:50:27+03:00
0,1,0,1,0,0,2019-09-11 16:16:39+03:00
0,0,0,0,0,0,2019-09-11 18:19:53+03:00
0,0,0,0,0,0,2019-09-11 18:33:54+03:00
0,0,0,0,0,0,2019-09-12 10:36:58+03:00
0,0,0,0,0,0,2019-09-21 13:48:11+02:00
0,1,0,1,0,0,2019-09-26 17:00:34+02:00
0,3,2,3,0,2,2019-09-26 19:56:44+02:00
0,1,1,1,0,1,2019-09-28 15:43:11+02:00
0,1,0,0,0,1,2019-09-28 19:58:38+02:00
