Acquisition,Preparation,Modeling,Training,Evaluation,Prediction,time
1,1,0,0,0,0,2016-03-24 10:34:59-04:00
0,0,0,0,0,0,2016-03-24 11:53:01-04:00
1,1,0,0,0,0,2016-03-24 14:18:48-04:00
1,1,0,0,0,0,2016-03-24 14:31:00-04:00
1,1,0,0,0,0,2016-03-24 14:39:04-04:00
1,1,0,0,0,0,2016-03-24 14:41:02-04:00
1,1,0,0,0,0,2016-03-24 14:45:13-04:00
1,1,0,0,0,0,2016-03-24 15:14:40-04:00
1,1,0,0,0,0,2016-03-25 08:18:02-04:00
1,1,0,0,0,0,2016-03-25 08:19:09-04:00
1,1,0,0,0,0,2016-03-25 08:27:13-04:00
0,0,0,0,0,0,2016-03-25 14:57:10-04:00
1,1,0,0,0,0,2016-03-25 14:59:20-04:00
1,1,0,0,0,0,2016-03-25 15:00:24-04:00
0,0,0,0,0,0,2016-03-25 12:11:11-07:00
2,2,0,0,0,0,2016-03-25 15:25:21-04:00
0,0,0,0,0,0,2016-03-25 12:19:47-07:00
2,2,0,0,0,0,2016-03-25 15:50:51-04:00
1,1,0,0,0,0,2016-03-25 16:21:00-04:00
1,1,0,0,0,0,2016-03-25 19:21:45-04:00
2,2,0,0,0,0,2016-03-25 19:22:07-04:00
0,0,0,0,0,0,2016-03-25 19:26:05-04:00
0,0,0,0,0,0,2016-03-25 16:15:23-07:00
2,3,0,0,0,0,2016-03-27 17:39:28-04:00
1,2,0,0,0,0,2016-03-27 17:39:51-04:00
0,1,0,0,0,0,2016-03-27 17:40:08-04:00
0,0,0,0,0,0,2016-03-28 06:47:20-07:00
1,1,0,0,0,0,2016-03-28 14:01:26-04:00
0,0,0,0,0,0,2016-03-28 14:08:37-04:00
1,1,0,0,0,0,2016-03-28 15:44:59-04:00
0,1,0,0,0,0,2016-03-28 15:45:52-04:00
0,1,0,0,0,0,2016-03-28 15:46:29-04:00
0,0,0,0,0,0,2016-03-28 15:31:14-04:00
1,0,0,0,0,0,2016-03-28 15:46:35-04:00
1,1,0,0,0,0,2016-03-28 16:14:15-04:00
0,0,0,0,0,0,2016-03-28 16:04:03-04:00
1,0,0,0,0,0,2016-03-28 16:43:50-04:00
1,1,0,0,0,0,2016-03-28 16:55:33-04:00
1,1,0,0,0,0,2016-03-28 16:55:59-04:00
1,1,0,0,0,0,2016-03-28 17:18:17-04:00
0,0,0,0,0,0,2016-03-28 17:30:50-04:00
1,1,0,0,0,0,2016-03-28 17:31:20-04:00
0,0,0,0,0,0,2016-03-28 17:33:00-04:00
1,2,0,0,0,0,2016-03-29 00:04:43-04:00
0,0,0,0,0,0,2016-03-29 00:05:26-04:00
1,1,0,0,0,0,2016-03-29 16:07:51-04:00
4,4,0,0,0,0,2016-03-29 17:32:14-04:00
0,0,0,0,0,0,2016-03-29 17:33:25-04:00
3,3,0,0,0,0,2016-03-31 11:54:13-04:00
0,0,0,0,0,0,2016-03-31 11:54:55-04:00
1,1,0,0,0,0,2016-03-31 20:36:45-04:00
0,0,0,0,0,0,2016-03-31 20:36:52-04:00
1,1,0,0,0,0,2016-04-04 12:14:57-04:00
2,1,0,0,0,0,2016-04-04 12:15:47-04:00
1,0,0,0,0,0,2016-04-04 13:20:34-04:00
0,0,0,0,0,0,2016-04-04 13:24:59-04:00
0,0,0,0,0,0,2016-04-04 13:51:44-04:00
3,3,0,0,0,0,2016-04-04 14:04:36-04:00
1,1,0,0,0,0,2016-04-05 16:31:52-04:00
0,1,0,0,0,0,2016-04-06 05:59:58-04:00
0,0,0,0,0,0,2016-04-06 11:07:31-04:00
1,1,0,0,0,0,2016-04-08 10:40:11-04:00
0,0,0,0,0,0,2016-04-08 11:07:04-04:00
1,3,0,0,0,0,2016-04-13 11:54:56-04:00
0,0,0,0,0,0,2016-04-13 13:06:04-04:00
1,1,0,0,1,0,2016-04-28 10:41:29-04:00
1,1,0,0,0,0,2016-04-28 10:43:49-04:00
0,0,0,0,0,0,2016-04-28 15:18:05-04:00
0,0,0,0,0,0,2016-04-28 15:34:30-04:00
1,1,0,0,0,0,2016-04-28 15:38:59-04:00
1,1,0,0,0,0,2016-04-28 15:40:54-04:00
0,0,0,0,0,0,2016-04-28 15:41:25-04:00
1,1,0,0,1,0,2016-04-28 16:10:09-04:00
1,1,0,0,0,0,2016-04-28 16:12:57-04:00
1,1,0,0,1,0,2016-04-28 16:14:42-04:00
1,1,0,0,1,0,2016-04-28 16:16:04-04:00
1,1,0,0,0,0,2016-04-28 16:16:40-04:00
0,0,0,0,0,0,2016-04-28 16:57:55-04:00
1,3,0,0,1,0,2016-04-28 17:09:42-04:00
0,0,0,0,0,0,2016-04-28 17:49:31-04:00
1,1,0,0,0,0,2016-04-28 18:37:19-04:00
0,0,0,0,0,0,2016-04-28 18:44:53-04:00
4,4,0,0,1,0,2017-01-10 12:10:38-05:00
1,0,0,0,0,0,2017-01-13 15:34:09-05:00
0,0,0,0,0,0,2017-01-20 10:23:40-05:00
3,4,0,0,1,0,2017-01-10 12:08:07-05:00
1,1,0,0,0,0,2017-01-10 12:08:34-05:00
2,2,0,0,1,0,2017-01-17 12:56:28-05:00
2,1,0,0,0,0,2017-01-18 14:14:20-05:00
1,1,0,0,0,0,2017-01-18 14:14:37-05:00
1,1,0,0,0,0,2017-01-18 14:38:33-05:00
1,1,0,0,1,0,2017-01-18 14:40:16-05:00
1,1,0,0,0,0,2017-01-18 16:10:27-05:00
1,1,0,0,0,0,2017-01-20 08:01:43-05:00
1,1,0,0,1,0,2017-01-20 14:35:55-05:00
1,1,0,0,1,0,2017-01-27 08:35:09-05:00
1,1,0,0,0,0,2017-01-27 09:00:11-05:00
1,2,0,0,1,0,2017-02-10 17:09:53-05:00
0,0,0,0,0,0,2017-02-16 12:54:01-05:00
4,4,0,0,1,0,2017-02-16 13:18:13-05:00
0,0,0,0,0,0,2017-02-16 13:18:41-05:00
0,0,0,0,0,0,2017-02-16 13:24:36-05:00
0,0,0,0,0,0,2017-02-16 13:39:21-05:00
2,1,0,0,0,0,2017-02-16 14:08:32-05:00
0,0,0,0,0,0,2017-02-16 14:11:31-05:00
1,0,0,0,0,0,2017-03-01 11:01:20-05:00
0,0,0,0,0,0,2017-03-01 11:23:09-05:00
0,0,0,0,0,0,2018-06-20 17:57:26-04:00
1,0,0,0,0,0,2018-06-20 17:58:07-04:00
4,4,0,0,1,0,2018-06-20 18:50:33-04:00
5,8,0,0,1,0,2018-06-22 14:16:53-04:00
0,1,0,0,0,0,2018-07-05 09:35:13-04:00
0,0,0,0,0,0,2018-07-05 10:33:01-04:00
0,0,0,0,0,0,2018-07-05 10:30:06-04:00
0,0,0,0,0,0,2018-07-05 10:04:37-04:00
0,0,0,0,0,0,2018-07-05 10:43:14-04:00
1,1,0,0,0,0,2018-07-05 16:03:51-04:00
0,1,0,0,0,0,2018-07-05 16:05:11-04:00
1,2,0,0,0,0,2018-07-05 16:07:39-04:00
0,0,0,0,0,0,2018-07-05 16:12:33-04:00
0,2,0,0,0,0,2018-07-05 16:30:58-04:00
0,0,0,0,0,0,2018-07-05 16:37:31-04:00
1,2,0,0,0,0,2018-07-06 13:12:55-04:00
1,2,0,0,0,0,2018-07-06 16:16:09-04:00
1,2,0,0,0,0,2018-07-06 16:41:54-04:00
0,0,0,0,0,0,2018-07-06 16:48:12-04:00
1,2,0,0,0,0,2018-07-06 12:10:51-04:00
0,0,0,0,0,0,2018-07-06 17:03:13-04:00
1,2,0,0,0,0,2018-07-09 16:21:11-04:00
0,0,0,0,0,0,2018-07-09 16:32:18-04:00
0,0,0,0,0,0,2018-07-26 13:25:30-04:00
1,0,0,0,0,0,2018-07-26 13:27:51-04:00
1,0,0,0,0,0,2018-07-26 13:29:08-04:00
1,1,0,0,0,0,2018-07-26 14:01:51-04:00
1,2,0,0,0,0,2018-07-26 14:34:04-04:00
0,0,0,0,0,0,2018-07-26 14:42:03-04:00
0,0,0,0,0,0,2018-07-26 15:27:47-04:00
1,0,0,0,0,0,2018-07-27 11:50:31-04:00
1,0,0,0,0,0,2018-07-27 11:50:48-04:00
0,0,0,0,0,0,2018-07-27 14:09:17-04:00
1,0,0,0,0,0,2018-08-01 13:40:25-04:00
1,0,0,0,0,0,2018-08-03 13:29:14-04:00
1,0,0,0,0,0,2018-08-07 15:31:26-04:00
0,0,0,0,0,0,2018-08-08 12:01:24-04:00
1,2,0,0,0,0,2018-09-01 18:13:28-04:00
1,1,0,0,0,0,2018-09-01 18:15:35-04:00
0,0,0,0,0,0,2018-09-01 22:41:41-04:00
0,0,0,0,0,0,2019-03-04 16:18:05-05:00
0,0,0,0,0,0,2019-03-04 18:00:50-05:00
1,0,0,0,0,0,2019-03-04 18:04:34-05:00
1,0,0,0,0,0,2019-03-04 18:31:38-05:00
1,1,0,0,0,0,2019-03-04 18:33:18-05:00
1,0,0,0,0,0,2019-03-04 18:41:37-05:00
3,5,0,0,1,0,2019-03-04 19:24:07-05:00
0,0,0,0,0,0,2019-03-04 19:27:20-05:00
0,0,0,0,0,0,2019-03-04 19:30:23-05:00
0,0,0,0,0,0,2019-03-04 19:34:46-05:00
0,0,0,0,0,0,2019-03-04 19:43:20-05:00
0,2,0,0,0,0,2019-03-04 19:48:32-05:00
0,0,0,0,0,0,2019-03-04 19:51:49-05:00
0,0,0,0,0,0,2019-03-04 19:52:41-05:00
1,3,0,0,0,0,2019-03-04 21:03:21-05:00
1,2,0,0,0,0,2018-09-10 00:55:24-04:00
0,0,0,0,0,0,2019-03-04 22:59:59-05:00
1,2,0,0,1,0,2019-03-06 14:31:39-05:00
2,8,0,0,3,1,2019-03-07 00:03:45-05:00
3,11,0,0,3,3,2019-03-11 12:25:27-04:00
0,0,0,0,0,0,2019-03-11 12:46:10-04:00
0,0,0,0,0,0,2019-03-11 12:47:14-04:00
0,0,0,0,0,0,2019-03-11 14:37:22-04:00
0,0,0,0,0,0,2019-03-11 14:37:35-04:00
2,2,0,0,0,0,2019-03-24 04:39:25-04:00
2,5,0,0,0,0,2019-03-24 04:41:34-04:00
0,1,0,0,0,0,2019-03-24 04:42:26-04:00
1,2,0,0,1,1,2019-03-24 04:44:55-04:00
0,0,0,0,0,0,2019-03-24 23:20:03-04:00
2,3,0,0,0,0,2019-03-27 01:15:03-04:00
0,0,0,0,0,0,2019-03-27 01:16:59-04:00
2,3,0,0,0,0,2019-03-27 01:50:34-04:00
0,0,0,0,0,1,2019-03-27 02:20:21-04:00
1,1,0,0,0,0,2019-03-27 02:20:42-04:00
0,0,0,0,0,0,2019-03-27 02:22:27-04:00
0,0,0,0,0,0,2019-03-27 13:58:57-04:00
0,0,0,0,0,0,2019-03-27 17:15:27-04:00
0,0,0,0,0,0,2019-04-05 12:34:55-04:00
4,14,0,0,2,1,2019-04-09 15:40:55-04:00
0,0,0,0,0,0,2019-04-09 16:02:33-04:00
0,0,0,0,0,0,2019-04-09 16:10:30-04:00
0,0,0,0,0,0,2019-04-09 16:29:35-04:00
0,0,0,0,0,0,2019-04-09 16:32:09-04:00
0,0,0,0,0,0,2019-04-09 16:37:40-04:00
0,0,0,0,0,0,2019-04-09 16:39:53-04:00
1,0,0,0,0,0,2019-04-09 17:05:45-04:00
0,0,0,0,0,0,2019-04-09 23:23:01-04:00
1,0,0,0,0,0,2019-04-09 23:23:19-04:00
0,0,0,0,0,0,2019-04-10 08:19:46-04:00
0,0,0,0,0,0,2019-04-11 10:50:40-04:00
0,0,0,0,0,0,2019-05-10 08:59:38-04:00
0,0,0,0,0,0,2019-05-10 09:06:46-04:00
0,1,0,0,1,0,2019-06-10 17:21:06-04:00
0,1,0,0,1,0,2019-06-10 17:37:47-04:00
0,1,0,0,1,0,2019-06-11 10:11:27-04:00
1,2,0,0,1,1,2019-06-11 11:41:59-04:00
0,1,0,0,0,0,2019-06-11 14:05:13-04:00
0,0,0,0,0,0,2019-06-12 10:34:14-04:00
0,2,0,0,1,1,2019-06-12 10:54:58-04:00
1,1,0,0,0,0,2019-06-12 14:25:17-04:00
0,1,0,0,1,1,2019-06-12 15:16:11-04:00
0,0,0,0,0,0,2019-06-12 15:31:28-04:00
1,0,0,0,0,0,2019-06-13 11:25:18-04:00
1,1,0,0,0,0,2019-06-13 11:26:46-04:00
1,1,0,0,0,0,2019-06-13 11:27:31-04:00
0,0,0,0,0,0,2019-06-13 11:30:00-04:00
0,0,0,0,0,0,2019-06-13 11:36:58-04:00
1,3,0,0,0,0,2019-06-13 11:43:22-04:00
4,6,0,0,0,1,2019-06-13 12:01:32-04:00
0,0,0,0,0,0,2019-06-13 12:51:44-04:00
1,0,0,0,0,1,2019-06-18 05:09:13-04:00
0,0,0,0,0,0,2019-06-21 09:12:15-04:00
1,3,0,0,0,0,2019-06-26 16:12:18-04:00
0,0,0,0,0,0,2019-06-26 23:23:43-04:00
2,6,0,0,2,1,2019-08-05 12:25:38-04:00
0,0,0,0,0,0,2019-08-05 12:40:39-04:00
0,0,0,0,0,0,2019-08-05 12:42:47-04:00
1,1,0,0,0,0,2019-08-05 16:36:48-04:00
0,0,0,0,0,0,2019-08-05 16:37:49-04:00
1,2,0,0,0,0,2019-08-08 10:00:29-04:00
0,0,0,0,0,0,2019-08-08 10:09:56-04:00
1,2,0,0,0,0,2019-08-09 22:06:48-04:00
1,1,0,0,0,0,2019-08-13 23:59:19-04:00
1,1,0,0,0,0,2019-08-13 23:59:51-04:00
1,2,0,0,0,0,2019-08-14 00:11:30-04:00
1,2,0,0,0,0,2019-08-14 00:31:46-04:00
0,1,0,0,0,0,2019-08-14 00:32:29-04:00
0,0,0,0,0,0,2019-08-14 00:37:48-04:00
1,0,0,0,0,1,2019-08-14 15:11:11-04:00
3,3,0,0,0,1,2019-08-14 15:18:57-04:00
0,0,0,0,0,0,2019-08-15 12:36:39-04:00
0,0,0,0,1,1,2019-08-15 12:55:34-04:00
2,1,0,0,0,1,2019-08-15 12:55:47-04:00
0,0,0,0,0,0,2019-08-15 13:23:12-04:00
0,2,0,0,1,1,2019-08-15 01:11:45-04:00
0,0,0,0,0,0,2019-08-15 15:40:40-04:00
4,11,0,0,2,5,2019-08-15 16:05:55-04:00
0,0,0,0,0,0,2019-08-15 16:17:24-04:00
1,1,0,0,0,0,2019-08-20 13:07:38-04:00
1,2,0,0,0,0,2019-08-20 13:07:45-04:00
1,2,0,0,0,0,2019-08-20 13:07:47-04:00
1,2,0,0,0,0,2019-08-20 13:07:49-04:00
1,2,0,0,0,0,2019-08-20 13:59:16-04:00
0,0,0,0,0,0,2019-08-20 14:47:04-04:00
0,0,0,0,0,0,2019-08-20 13:19:46-04:00
1,1,0,0,0,0,2019-08-20 13:19:56-04:00
0,0,0,0,0,0,2019-08-20 15:03:59-04:00
1,2,0,0,0,0,2019-08-20 19:23:19-04:00
0,0,0,0,0,0,2019-08-20 19:25:46-04:00
4,3,0,0,0,2,2019-08-20 21:49:49-04:00
0,0,0,0,0,0,2019-08-20 22:03:45-04:00
5,10,0,0,1,4,2019-08-22 09:06:51-04:00
0,0,0,0,0,0,2019-08-22 14:39:32-04:00
1,1,0,0,0,0,2019-08-22 14:42:19-04:00
0,0,0,0,0,0,2019-08-22 14:44:23-04:00
1,1,0,0,1,0,2019-09-20 10:49:11-04:00
1,0,0,0,0,0,2019-09-20 10:52:37-04:00
0,1,0,0,1,0,2019-09-20 11:04:13-04:00
0,0,0,0,0,0,2019-10-20 19:29:19-05:00
0,0,0,0,0,0,2019-10-20 20:59:21-04:00
0,0,0,0,0,0,2019-10-20 20:23:46-05:00
1,0,0,0,0,0,2019-10-20 21:32:33-04:00
0,0,0,0,0,0,2019-10-20 20:34:25-05:00
0,0,0,0,0,0,2019-10-20 21:46:51-04:00
0,0,0,0,0,0,2019-10-20 20:48:34-05:00
1,0,0,0,0,0,2019-10-20 21:55:21-04:00
0,0,0,0,0,0,2019-10-20 20:57:43-05:00
1,1,0,0,0,0,2019-11-04 18:18:13-05:00
0,0,0,0,0,0,2019-11-04 17:28:34-06:00
1,1,0,0,0,0,2019-11-04 18:40:09-05:00
0,0,0,0,0,0,2019-11-04 17:48:53-06:00
1,0,0,0,0,0,2019-11-04 22:10:32-05:00
0,0,0,0,0,0,2019-11-04 21:13:38-06:00
1,1,0,0,0,0,2019-11-10 22:51:59-05:00
0,0,0,0,0,0,2019-11-10 22:53:49-05:00
1,1,0,0,0,0,2019-11-10 22:54:19-05:00
0,0,0,0,0,0,2019-11-10 23:04:40-05:00
0,0,0,0,0,0,2019-11-15 12:22:13-05:00
0,0,0,0,0,0,2019-11-15 12:24:23-05:00
0,0,0,0,0,0,2019-11-15 12:24:39-05:00
0,0,0,0,0,0,2019-11-15 12:34:32-05:00
0,0,0,0,0,0,2019-11-20 19:37:13-05:00
0,0,0,0,0,0,2019-11-20 19:55:52-05:00
0,0,0,0,0,0,2019-11-20 19:59:46-05:00
0,0,0,0,0,0,2019-11-20 20:02:44-05:00
0,0,0,0,0,0,2019-11-20 20:04:11-05:00
0,0,0,0,0,0,2020-01-22 16:38:34-05:00
0,0,0,0,0,0,2020-01-22 16:43:07-05:00
2,1,0,0,0,0,2020-01-22 16:39:06-05:00
0,0,0,0,0,0,2020-01-22 16:45:15-05:00
0,0,0,0,0,0,2020-01-22 17:07:08-05:00
1,0,0,0,0,0,2020-01-22 17:33:33-05:00
0,0,0,0,0,0,2020-01-22 17:39:44-05:00
0,0,0,0,0,0,2020-01-22 17:40:00-05:00
0,0,0,0,0,0,2020-01-22 17:41:38-05:00
0,0,0,0,0,0,2020-01-22 18:56:55-05:00
0,0,0,0,0,0,2020-01-23 14:36:31-05:00
0,0,0,0,0,0,2020-01-23 14:46:54-05:00
0,0,0,0,0,0,2020-02-12 18:24:13-05:00
0,0,0,0,0,0,2020-02-12 18:29:11-05:00
0,0,0,0,0,0,2020-06-11 19:58:55-04:00
0,0,0,0,0,0,2020-06-11 20:03:58-04:00
0,0,0,0,0,0,2020-06-24 17:09:31-04:00
0,0,0,0,0,0,2020-06-24 17:16:15-04:00
0,0,0,0,0,0,2020-07-06 17:23:49-04:00
0,0,0,0,0,0,2020-07-06 17:26:33-04:00
0,0,0,0,0,0,2020-07-15 10:38:51-04:00
0,0,0,0,0,0,2020-07-15 10:45:22-04:00
0,0,0,0,0,0,2020-07-15 10:51:08-04:00
1,0,0,0,0,0,2020-07-16 02:40:21-04:00
0,0,0,0,0,0,2020-07-16 10:03:53-04:00
0,0,0,0,0,0,2020-12-02 11:26:31-05:00
0,0,0,0,0,0,2020-12-02 11:27:34-05:00
2,5,0,0,0,0,2020-12-02 11:28:33-05:00
2,2,0,0,0,0,2020-12-02 11:38:47-05:00
1,2,0,0,0,0,2020-12-02 11:55:09-05:00
0,0,0,0,0,0,2020-12-02 12:04:21-05:00
0,0,0,0,0,0,2020-12-02 12:06:18-05:00
0,0,0,0,0,0,2020-12-02 15:41:07-05:00
0,0,0,0,0,0,2020-12-02 15:49:33-05:00
1,0,0,0,0,0,2020-12-02 15:43:27-05:00
0,0,0,0,0,0,2020-12-02 15:52:39-05:00
1,1,0,0,0,0,2020-12-01 17:04:47-05:00
0,0,0,0,0,0,2020-12-02 15:55:47-05:00
0,0,0,0,0,0,2020-12-03 15:52:22-05:00
0,0,0,0,0,0,2020-12-03 15:55:04-05:00
1,1,0,0,0,0,2020-12-01 17:07:24-05:00
0,0,0,0,0,0,2020-12-03 14:40:26-05:00
0,0,0,0,0,0,2020-12-03 15:40:34-05:00
0,0,0,0,0,0,2020-12-03 16:12:57-05:00
2,1,0,0,0,0,2020-12-03 01:51:44-05:00
0,0,0,0,0,0,2020-12-03 16:28:28-05:00
1,0,0,0,0,0,2020-12-14 10:38:39-05:00
0,0,0,0,0,0,2020-12-14 11:15:04-05:00
1,1,0,0,0,0,2020-12-11 02:37:44-05:00
0,1,0,0,0,0,2020-12-11 02:39:23-05:00
0,0,0,0,0,0,2020-12-23 00:56:21-05:00
1,1,0,0,0,0,2020-12-30 15:20:44-05:00
0,0,0,0,0,0,2020-12-30 16:03:46-05:00
0,1,0,0,1,0,2021-01-02 12:05:17-05:00
0,0,0,0,0,0,2021-01-02 12:09:04-05:00
0,0,0,0,0,0,2021-01-06 13:30:37-05:00
0,0,0,0,0,0,2021-01-06 13:34:21-05:00
0,0,0,0,0,0,2022-03-17 05:16:09-04:00
0,0,0,0,0,0,2022-03-17 05:13:12-04:00
2,0,0,0,0,0,2022-03-17 05:08:53-04:00
0,0,0,0,0,0,2022-03-17 05:18:47-04:00
3,4,0,0,0,0,2022-03-18 11:25:09-04:00
0,0,0,0,0,0,2022-03-18 11:25:22-04:00
0,0,0,0,0,0,2022-03-20 23:50:39-04:00
0,0,0,0,0,0,2022-03-21 00:18:18-04:00
1,0,0,0,0,0,2022-03-21 00:20:44-04:00
0,0,0,0,0,0,2022-03-23 13:16:25-04:00
0,0,0,0,0,0,2022-03-23 13:16:33-04:00
