Acquisition,Preparation,Modeling,Training,Evaluation,Prediction,time
3,7,4,5,5,3,2019-09-11 10:58:39+03:00
0,0,0,0,0,0,2019-09-11 11:00:47+03:00
2,2,1,1,1,1,2019-09-12 10:18:26+03:00
0,0,0,0,0,0,2019-09-15 17:24:37+03:00
1,2,0,0,1,2,2019-09-15 17:27:39+03:00
0,0,0,0,0,0,2019-09-15 19:08:31+03:00
1,1,0,0,0,0,2019-09-15 19:43:37+03:00
0,1,1,1,0,0,2019-09-15 21:15:13+03:00
1,2,1,1,0,0,2019-09-16 09:32:52+03:00
0,1,1,1,0,0,2019-09-16 15:39:05+03:00
1,1,1,1,0,0,2019-09-17 10:48:46+03:00
0,1,1,1,0,0,2019-09-24 21:33:51+03:00
0,0,0,0,0,0,2019-09-24 21:35:11+03:00
0,1,1,1,1,1,2019-09-26 15:19:03+03:00
1,2,2,2,1,0,2019-09-27 11:45:26+03:00
1,1,1,1,1,0,2019-09-27 15:40:36+03:00
0,0,0,0,0,0,2019-10-13 19:26:50+03:00
0,1,1,1,1,1,2019-10-13 20:50:28+03:00
0,1,1,1,1,1,2019-10-14 10:53:12+03:00
0,1,1,1,0,0,2019-10-20 17:16:45+03:00
0,0,0,0,0,0,2019-10-20 17:18:14+03:00
0,1,0,1,0,1,2019-10-20 19:37:53+03:00
0,1,1,0,0,1,2019-10-20 20:44:32+03:00
1,1,0,1,0,1,2019-11-11 18:43:54+03:00
0,0,0,0,0,0,2019-11-19 15:42:52+03:00
0,0,0,0,0,0,2020-02-24 19:40:41+00:00
0,0,0,0,0,0,2020-02-27 14:05:30+03:00
0,0,0,0,0,0,2020-11-18 22:09:18+00:00
0,0,0,0,0,0,2021-02-02 22:10:06+00:00
0,0,0,0,0,0,2021-03-20 01:43:04+00:00
0,0,0,0,0,0,2021-03-29 20:27:51+00:00
0,0,0,0,0,0,2021-04-21 13:57:11+03:00
0,0,0,0,0,0,2021-04-21 13:57:26+03:00
0,0,0,0,0,0,2021-04-21 13:57:45+03:00
0,0,0,0,0,0,2021-04-21 13:58:06+03:00
0,2,0,0,0,0,2021-09-07 13:02:17+03:00
0,1,0,0,0,0,2021-09-07 16:51:28+03:00
0,0,0,0,0,0,2021-09-07 19:34:13+03:00
0,0,0,0,0,0,2021-09-07 19:34:26+03:00
0,0,0,0,0,0,2021-09-12 18:58:56+03:00
0,0,0,0,0,0,2021-09-12 21:23:07+03:00
0,1,0,0,0,0,2021-09-14 09:46:51+03:00
0,1,0,0,0,0,2021-09-14 10:06:34+03:00
0,1,0,0,0,0,2021-09-14 10:59:42+03:00
0,1,0,0,0,0,2021-09-14 13:31:10+03:00
0,1,0,0,0,0,2021-09-14 13:41:12+03:00
0,1,0,0,0,0,2021-09-14 15:39:31+03:00
1,4,0,0,2,2,2021-09-14 16:40:42+03:00
0,1,0,0,0,1,2021-09-15 09:11:28+03:00
1,3,0,0,2,2,2021-09-15 09:16:37+03:00
0,1,0,0,0,1,2021-09-22 08:31:44+03:00
1,1,1,1,0,0,2021-09-22 13:34:04+03:00
1,1,1,1,0,0,2021-09-22 13:34:27+03:00
1,1,0,0,0,0,2021-09-26 16:09:18+03:00
0,0,0,0,0,0,2021-10-08 16:27:36+03:00
1,2,0,0,0,0,2021-10-12 13:18:17+03:00
2,2,0,1,1,0,2021-10-19 13:34:25+03:00
1,1,0,1,1,1,2021-10-26 15:41:41+03:00
0,1,1,1,0,0,2021-10-26 15:44:57+03:00
1,1,0,1,1,0,2021-10-28 11:13:57+03:00
2,2,2,2,2,1,2021-10-28 15:49:52+03:00
3,3,2,3,3,2,2021-11-09 15:50:47+03:00
2,3,2,3,2,0,2021-11-10 13:46:54+03:00
1,2,0,1,1,1,2021-11-11 15:01:15+03:00
1,2,1,1,1,0,2021-11-16 08:21:52+03:00
2,3,2,2,2,2,2021-11-17 14:17:06+03:00
0,3,3,3,3,3,2021-11-23 17:03:28+03:00
0,1,1,1,1,1,2021-11-23 17:04:32+03:00
0,0,0,0,0,0,2021-12-13 10:39:14+03:00
0,0,0,0,0,0,2021-12-13 10:39:31+03:00
0,0,0,0,0,0,2021-12-13 10:41:32+03:00
0,0,0,0,0,0,2021-12-13 10:42:10+03:00
2,3,2,2,2,2,2022-02-08 16:58:43+03:00
