Acquisition,Preparation,Modeling,Training,Evaluation,Prediction,time
0,0,0,0,0,0,2021-06-05 18:15:48+05:18
0,0,0,0,0,0,2021-06-05 18:58:24+05:18
0,0,0,0,0,0,2021-06-05 18:58:49+05:18
1,1,1,1,0,0,2021-06-05 19:55:26+05:18
0,0,0,0,0,0,2021-06-05 19:55:55+05:18
0,0,0,0,0,0,2021-06-05 19:56:15+05:18
0,0,0,0,0,0,2021-06-05 19:56:28+05:18
0,0,0,0,0,0,2021-06-05 20:02:37+05:18
0,0,0,0,0,0,2021-06-05 20:02:55+05:18
0,0,0,0,0,0,2021-06-05 20:05:38+05:18
0,0,0,0,0,0,2021-06-05 20:07:33+05:18
0,0,0,0,0,0,2021-06-05 20:09:46+05:18
0,0,0,0,0,0,2021-06-05 20:12:30+05:18
0,0,0,0,0,0,2021-06-05 20:33:28+05:18
0,0,0,0,0,0,2021-06-05 20:37:12+05:18
0,0,0,0,0,0,2021-06-05 20:40:09+05:18
0,0,0,0,0,0,2021-06-05 20:42:07+05:18
0,0,0,0,0,0,2021-06-05 20:42:17+05:18
0,0,0,0,0,0,2021-06-05 20:48:40+05:18
0,0,0,0,0,0,2021-06-05 20:48:55+05:18
0,0,0,0,0,0,2021-06-05 20:51:46+05:18
0,0,0,0,0,0,2021-06-05 20:51:55+05:18
0,0,0,0,0,0,2021-06-05 20:56:00+05:18
0,0,0,0,0,0,2021-06-07 20:07:48+05:18
0,1,0,0,0,1,2021-06-07 20:08:05+05:18
0,0,0,0,0,0,2021-06-07 20:09:56+05:18
0,0,0,0,0,0,2021-06-07 20:12:35+05:18
0,0,1,0,0,0,2021-06-07 20:12:47+05:18
0,0,1,0,0,0,2021-06-07 20:13:30+05:18
0,0,0,0,0,0,2021-06-07 22:03:57+05:18
0,0,1,0,0,0,2021-06-07 22:04:13+05:18
0,0,0,0,0,0,2021-06-07 22:04:45+05:18
0,1,0,0,0,1,2021-06-07 22:05:18+05:18
0,0,0,0,0,0,2021-06-07 22:05:55+05:18
1,1,1,1,0,0,2021-06-07 22:06:12+05:18
0,0,0,0,0,0,2021-06-09 21:19:21+05:18
0,0,1,0,0,0,2021-06-09 21:19:38+05:18
0,1,0,0,0,1,2021-06-09 21:19:58+05:18
1,1,1,1,0,1,2021-06-09 21:20:08+05:18
0,1,0,0,0,1,2021-06-09 21:27:34+05:18
0,1,1,0,0,0,2021-06-09 21:27:47+05:18
0,0,0,0,0,0,2021-06-09 22:36:11+05:18
0,1,1,0,0,0,2021-06-09 22:36:27+05:18
0,1,0,0,0,1,2021-06-09 22:36:46+05:18
0,0,1,0,0,0,2021-06-09 22:37:09+05:18
0,0,0,0,0,0,2021-06-10 22:42:03+05:18
0,0,0,0,0,0,2021-06-10 22:42:20+05:18
0,0,0,0,0,0,2021-06-10 22:42:38+05:18
0,0,0,0,0,0,2021-06-10 22:45:01+05:18
0,1,0,0,0,1,2021-06-10 22:45:28+05:18
0,1,0,0,0,1,2021-06-10 22:46:25+05:18
0,0,1,0,0,0,2021-06-10 22:47:56+05:18
0,0,1,0,0,0,2021-06-10 22:55:00+05:18
0,0,0,0,0,0,2021-06-10 22:56:54+05:18
0,0,0,0,0,0,2021-06-10 22:58:51+05:18
0,0,0,0,0,0,2021-06-10 23:00:31+05:18
0,0,0,0,0,0,2021-06-10 23:02:24+05:18
0,1,0,0,0,0,2021-06-10 23:04:37+05:18
0,0,0,0,0,0,2021-06-10 23:06:12+05:18
0,0,0,0,0,0,2021-06-10 23:07:36+05:18
0,0,0,0,0,0,2021-06-10 23:11:46+05:18
1,1,0,1,0,0,2021-06-10 23:30:25+05:18
0,0,0,0,0,0,2021-06-11 14:00:16+05:18
0,0,0,0,0,0,2021-06-11 14:00:47+05:18
0,0,0,0,0,0,2021-06-11 14:50:28+05:18
0,0,0,0,0,0,2021-06-11 14:50:50+05:18
0,0,0,0,0,0,2021-06-11 14:51:02+05:18
0,0,0,0,0,0,2021-06-11 14:51:12+05:18
0,0,0,0,0,0,2021-06-11 14:51:30+05:18
0,0,0,0,0,0,2021-06-11 09:34:02+00:00
0,0,0,0,0,0,2021-06-11 14:52:50+05:18
