Acquisition,Preparation,Modeling,Training,Evaluation,Prediction,time
0,0,0,0,0,0,2018-12-14 10:23:57+00:00
0,0,0,0,0,0,2018-12-14 11:18:37+00:00
0,0,0,0,0,0,2018-12-14 15:34:05+00:00
0,0,0,0,0,0,2018-12-14 16:00:17+00:00
0,0,0,0,0,0,2018-12-17 10:38:52+00:00
0,0,0,0,0,0,2018-12-17 10:44:34+00:00
0,0,0,0,0,0,2018-12-17 10:48:21+00:00
0,0,0,0,0,0,2018-12-17 11:02:32+00:00
0,0,0,0,0,0,2018-12-17 11:12:23+00:00
0,0,0,0,0,0,2018-12-17 11:41:46+00:00
0,0,0,0,0,0,2018-12-17 11:49:59+00:00
0,0,0,0,0,0,2018-12-17 11:58:12+00:00
0,0,0,0,0,0,2018-12-17 12:05:26+00:00
0,0,0,0,0,0,2018-12-17 12:06:05+00:00
0,0,0,0,0,0,2018-12-17 12:11:56+00:00
0,0,0,0,0,0,2018-12-17 12:27:39+00:00
0,0,0,0,0,0,2018-12-17 14:14:36+00:00
0,0,0,0,0,0,2018-12-17 14:22:05+00:00
0,0,0,0,0,0,2018-12-17 14:23:11+00:00
0,0,0,0,0,0,2018-12-17 14:42:36+00:00
0,0,0,0,0,0,2018-12-17 14:47:13+00:00
0,0,0,0,0,0,2018-12-17 14:48:58+00:00
0,0,0,0,0,0,2018-12-17 15:43:31+00:00
13,125,1,6,15,12,2018-12-17 16:20:52+00:00
0,0,0,0,0,0,2018-12-17 16:23:02+00:00
0,0,0,0,0,0,2018-12-17 17:34:52+00:00
0,0,0,0,0,0,2018-12-17 17:42:12+00:00
0,0,0,0,0,0,2018-12-17 17:47:18+00:00
0,0,0,0,0,0,2018-12-17 17:56:41+00:00
0,0,0,0,0,0,2018-12-17 21:47:34+00:00
0,0,0,0,0,0,2018-12-18 10:55:42+00:00
0,0,0,0,0,0,2018-12-18 11:00:12+00:00
0,0,0,0,0,0,2018-12-18 11:04:43+00:00
0,0,0,0,0,0,2018-12-18 11:05:23+00:00
0,0,0,0,0,0,2018-12-18 12:22:41+00:00
0,0,0,0,0,0,2018-12-18 12:25:57+00:00
0,0,0,0,0,0,2018-12-18 14:19:14+00:00
0,0,0,0,0,0,2018-12-18 14:29:46+00:00
0,0,0,0,0,0,2018-12-18 14:30:33+00:00
0,0,0,0,0,0,2018-12-18 14:43:28+00:00
0,0,0,0,0,0,2018-12-18 14:47:12+00:00
0,0,0,0,0,0,2018-12-18 15:14:05+00:00
1,0,0,0,0,0,2018-12-18 16:40:02+00:00
0,0,0,0,0,0,2018-12-18 16:40:54+00:00
0,0,0,0,0,0,2018-12-18 17:04:29+00:00
0,0,0,0,0,0,2018-12-18 17:15:05+00:00
0,0,0,0,0,0,2018-12-18 17:20:10+00:00
0,0,0,0,0,0,2018-12-18 17:20:59+00:00
0,0,0,0,0,0,2018-12-18 17:43:25+00:00
0,0,0,0,0,0,2018-12-18 17:46:24+00:00
0,0,0,0,0,0,2018-12-18 18:07:14+00:00
1,1,0,0,0,0,2018-12-19 11:47:47+00:00
1,1,0,0,0,0,2018-12-19 12:27:19+00:00
0,0,0,0,0,0,2018-12-19 12:27:58+00:00
1,1,0,0,0,0,2018-12-19 13:00:36+00:00
0,0,0,0,0,0,2018-12-19 16:08:39+00:00
0,0,0,0,0,0,2018-12-19 16:12:02+00:00
0,0,0,0,0,0,2018-12-19 16:48:01+00:00
0,0,0,0,0,0,2018-12-19 17:02:42+00:00
0,0,0,0,0,0,2018-12-19 17:03:43+00:00
0,0,0,0,0,0,2018-12-19 17:36:47+00:00
0,0,0,0,0,0,2018-12-20 10:52:52+00:00
0,0,0,0,0,0,2018-12-20 10:55:39+00:00
0,0,0,0,0,0,2018-12-20 11:17:24+00:00
0,0,0,0,0,0,2018-12-20 12:00:44+00:00
0,0,0,0,0,0,2018-12-20 12:54:18+00:00
0,0,0,0,0,0,2018-12-20 15:14:45+00:00
0,0,0,0,0,0,2018-12-20 15:51:05+00:00
0,0,0,0,0,0,2018-12-21 09:59:09+00:00
0,0,0,0,0,0,2018-12-21 10:00:39+00:00
0,0,0,0,0,0,2018-12-21 10:02:03+00:00
0,0,0,0,0,0,2018-12-21 10:48:05+00:00
0,0,0,0,0,0,2018-12-21 12:35:52+00:00
0,0,0,0,0,0,2018-12-21 12:58:10+00:00
0,0,0,0,0,0,2018-12-21 13:05:28+00:00
0,0,0,0,0,0,2018-12-21 13:11:55+00:00
0,0,0,0,0,0,2018-12-21 15:20:55+00:00
1,1,0,0,0,0,2018-12-21 15:33:34+00:00
1,1,0,0,0,0,2018-12-21 16:22:31+00:00
0,0,0,0,0,0,2018-12-21 16:33:42+00:00
1,1,0,0,0,0,2018-12-21 16:42:01+00:00
0,0,0,0,0,0,2018-12-21 17:45:27+00:00
0,0,0,0,0,0,2018-12-21 18:07:57+00:00
0,1,0,0,0,0,2018-12-21 18:11:23+00:00
0,0,0,0,0,0,2018-12-27 21:09:02+00:00
0,0,0,0,0,0,2018-12-28 19:30:19+00:00
0,0,0,0,0,0,2018-12-28 19:30:52+00:00
0,0,0,0,0,0,2018-12-28 19:31:40+00:00
0,0,0,0,0,0,2018-12-28 19:32:09+00:00
0,0,0,0,0,0,2018-12-28 19:33:42+00:00
0,0,0,0,0,0,2018-12-29 17:15:50+00:00
0,0,0,0,0,0,2018-12-30 12:35:30+00:00
0,0,0,0,0,0,2018-12-30 14:59:07+00:00
0,0,0,0,0,0,2018-12-30 19:01:39+00:00
0,0,0,0,0,0,2019-01-02 11:17:11+00:00
0,0,0,0,0,0,2019-01-02 11:26:21+00:00
0,0,0,0,0,0,2019-01-02 11:30:14+00:00
0,0,0,0,0,0,2019-01-02 11:31:02+00:00
0,0,0,0,0,0,2019-01-02 11:40:17+00:00
0,0,0,0,0,0,2019-01-02 11:43:25+00:00
0,0,0,0,0,0,2019-01-02 11:44:22+00:00
0,0,0,0,0,0,2019-01-02 11:52:17+00:00
0,0,0,0,0,0,2019-01-02 11:55:48+00:00
0,0,0,0,0,0,2019-01-02 11:58:24+00:00
0,0,0,0,0,0,2019-01-02 12:00:37+00:00
0,0,0,0,0,0,2019-01-02 12:09:03+00:00
0,0,0,0,0,0,2019-01-02 12:32:16+00:00
0,0,0,0,0,0,2019-01-02 12:32:29+00:00
0,0,0,0,0,0,2019-01-02 13:31:36+00:00
0,0,0,0,0,0,2019-01-02 14:35:20+00:00
0,0,0,0,0,0,2019-01-02 14:36:38+00:00
0,0,0,0,0,0,2019-01-02 14:37:32+00:00
0,0,0,0,0,0,2019-01-02 15:23:36+00:00
0,0,0,0,0,0,2019-01-02 15:56:14+00:00
0,0,0,0,0,0,2019-01-02 16:05:05+00:00
0,0,0,0,0,0,2019-01-02 17:07:56+00:00
0,0,0,0,0,0,2019-01-02 18:48:15+00:00
0,0,0,0,0,0,2019-01-02 18:51:18+00:00
0,0,0,0,0,0,2019-01-03 16:26:51+00:00
0,0,0,0,0,0,2019-01-03 17:51:33+00:00
0,0,0,0,0,0,2019-01-04 10:43:13+00:00
0,0,0,0,0,0,2019-01-04 10:43:38+00:00
0,0,0,0,0,0,2019-01-04 10:45:03+00:00
0,0,0,0,0,0,2019-01-04 10:45:58+00:00
0,0,0,0,0,0,2019-01-04 11:28:09+00:00
0,0,0,0,0,0,2019-01-04 11:59:36+00:00
0,0,0,0,0,0,2019-01-04 12:01:12+00:00
0,0,0,0,0,0,2019-01-04 12:05:06+00:00
0,0,0,0,0,0,2019-01-04 12:05:42+00:00
0,1,0,0,0,0,2019-01-04 12:25:46+00:00
0,0,0,0,0,0,2019-01-04 12:33:04+00:00
0,0,0,0,0,0,2019-01-04 14:08:13+00:00
0,1,0,0,0,0,2019-01-04 14:26:08+00:00
0,0,0,0,0,0,2019-01-04 14:26:22+00:00
0,0,0,0,0,0,2019-01-04 14:48:52+00:00
0,0,0,0,0,0,2019-01-04 14:58:25+00:00
0,0,0,0,0,0,2019-01-04 15:04:20+00:00
0,0,0,0,0,0,2019-01-04 15:21:46+00:00
0,1,0,0,0,0,2019-01-04 15:22:07+00:00
0,0,0,0,0,0,2019-01-04 15:25:22+00:00
0,0,0,0,0,0,2019-01-04 15:44:11+00:00
0,0,0,0,0,0,2019-01-04 15:46:17+00:00
0,0,0,0,0,0,2019-01-04 15:51:59+00:00
0,0,0,0,0,0,2019-01-04 15:54:47+00:00
0,0,0,0,0,0,2019-01-04 16:16:57+00:00
0,0,0,0,0,0,2019-01-04 16:22:06+00:00
1,1,0,0,0,0,2019-01-04 16:24:47+00:00
0,1,0,0,0,0,2019-01-04 16:37:11+00:00
0,0,0,0,0,0,2019-01-04 16:51:16+00:00
0,0,0,0,0,0,2019-01-04 16:59:59+00:00
0,0,0,0,0,0,2019-01-04 17:07:33+00:00
0,0,0,0,0,0,2019-01-04 17:07:51+00:00
0,0,0,0,0,0,2019-01-04 17:08:08+00:00
0,0,0,0,0,0,2019-01-04 17:19:28+00:00
0,0,0,0,0,0,2019-01-04 17:20:46+00:00
0,0,0,0,0,0,2019-01-04 17:21:33+00:00
0,0,0,0,0,0,2019-01-04 17:26:21+00:00
0,0,0,0,0,0,2019-01-04 17:40:09+00:00
0,0,0,0,0,0,2019-01-04 17:55:49+00:00
0,0,0,0,0,0,2019-01-04 17:58:14+00:00
0,0,0,0,0,0,2019-01-04 17:59:20+00:00
0,0,0,0,0,0,2019-01-04 18:04:01+00:00
0,0,0,0,0,0,2019-01-07 11:01:46+00:00
0,0,0,0,0,0,2019-01-07 11:03:57+00:00
0,0,0,0,0,0,2019-01-07 11:09:52+00:00
0,1,0,0,0,0,2019-01-07 12:22:35+00:00
0,0,0,0,0,0,2019-01-07 17:16:45+00:00
0,0,0,0,0,0,2019-01-07 22:48:13+00:00
0,0,0,0,0,0,2019-01-08 09:59:45+00:00
0,0,0,0,0,0,2019-01-08 12:40:21+00:00
0,0,0,0,0,0,2019-01-08 16:11:32+00:00
0,0,0,0,0,0,2019-01-08 17:39:01+00:00
0,0,0,0,0,0,2019-01-08 17:41:44+00:00
0,0,0,0,0,0,2019-01-08 17:57:31+00:00
0,0,0,0,0,0,2019-01-08 18:01:27+00:00
0,0,0,0,0,0,2019-01-10 10:29:32+00:00
0,0,0,0,0,0,2019-01-10 10:31:15+00:00
1,0,0,0,0,0,2019-01-10 10:34:42+00:00
0,0,0,0,0,0,2019-01-10 11:21:10+00:00
0,0,0,0,0,0,2019-01-10 11:34:32+00:00
0,0,0,0,0,0,2019-01-10 11:36:53+00:00
0,0,0,0,0,0,2019-01-10 11:50:22+00:00
0,0,0,0,0,0,2019-01-10 11:55:08+00:00
0,0,0,0,0,0,2019-01-10 12:07:19+00:00
0,0,0,0,0,0,2019-01-10 12:15:03+00:00
0,0,0,0,0,0,2019-01-10 12:21:37+00:00
1,1,0,0,0,0,2019-01-10 12:41:57+00:00
0,0,0,0,0,0,2019-01-10 13:05:17+00:00
2,3,0,0,0,0,2019-01-10 13:42:53+00:00
2,3,0,0,0,0,2019-01-10 13:55:28+00:00
1,1,0,0,0,0,2019-01-10 13:59:19+00:00
0,0,0,0,0,0,2019-01-10 14:58:26+00:00
0,0,0,0,0,0,2019-01-10 16:43:03+00:00
0,0,0,0,0,0,2019-01-10 17:31:09+00:00
0,0,0,0,0,0,2019-01-10 17:32:39+00:00
0,0,0,0,0,0,2019-01-10 17:41:15+00:00
0,0,0,0,0,0,2019-01-10 17:43:18+00:00
0,0,0,0,0,0,2019-01-10 17:49:25+00:00
0,1,0,0,0,0,2019-01-11 12:34:55+00:00
0,0,0,0,0,0,2019-01-11 12:49:01+00:00
0,0,0,0,0,0,2019-01-11 12:54:48+00:00
0,0,0,0,0,0,2019-01-11 16:31:10+00:00
0,0,0,0,0,0,2019-01-11 16:58:42+00:00
0,0,0,0,0,0,2019-01-11 17:00:18+00:00
0,0,0,0,0,0,2019-01-11 17:04:49+00:00
0,0,0,0,0,0,2019-01-11 17:11:05+00:00
0,0,0,0,0,0,2019-01-11 17:38:11+00:00
0,0,0,0,0,0,2019-01-11 22:15:34+00:00
0,0,0,0,0,0,2019-01-11 23:39:18+00:00
0,0,0,0,0,0,2019-01-11 23:46:20+00:00
0,0,0,0,0,0,2019-01-11 23:53:56+00:00
0,0,0,0,0,0,2019-01-11 23:57:56+00:00
0,0,0,0,0,0,2019-01-11 23:59:21+00:00
0,0,0,0,0,0,2019-01-12 00:01:17+00:00
0,0,0,0,0,0,2019-01-13 19:38:59+00:00
0,0,0,0,0,0,2019-01-13 19:41:14+00:00
0,0,0,0,0,0,2019-01-13 19:41:36+00:00
0,0,0,0,0,0,2019-01-14 05:23:07+00:00
0,0,0,0,0,0,2019-01-14 07:52:10+00:00
0,0,0,0,0,0,2019-01-14 09:43:32+00:00
0,0,0,0,0,0,2019-01-14 09:49:04+00:00
0,0,0,0,0,0,2019-01-14 10:02:02+00:00
0,0,0,0,0,0,2019-01-14 10:34:42+00:00
0,0,0,0,0,0,2019-01-14 10:51:32+00:00
0,0,0,0,0,0,2019-01-14 11:23:19+00:00
0,0,0,0,0,0,2019-01-14 11:51:30+00:00
0,1,0,0,0,0,2019-01-14 12:16:55+00:00
0,0,0,0,0,0,2019-01-14 12:22:18+00:00
0,0,0,0,0,0,2019-01-14 12:25:09+00:00
0,0,0,0,0,0,2019-01-14 12:25:28+00:00
0,0,0,0,0,0,2019-01-14 12:26:31+00:00
0,0,0,0,0,0,2019-01-14 12:41:19+00:00
0,0,0,0,0,0,2019-01-14 12:44:41+00:00
0,0,0,0,0,0,2019-01-14 12:58:37+00:00
0,2,0,0,0,0,2019-01-14 15:22:45+00:00
0,0,0,0,0,0,2019-01-14 15:45:06+00:00
1,2,0,0,0,0,2019-01-14 18:30:18+00:00
0,0,0,0,0,0,2019-01-15 10:50:05+00:00
0,0,0,0,0,0,2019-01-15 11:30:58+00:00
1,1,0,0,0,0,2019-01-15 11:32:11+00:00
1,1,0,0,0,0,2019-01-15 11:38:58+00:00
0,0,0,0,0,0,2019-01-15 12:15:39+00:00
0,0,0,0,0,0,2019-01-15 14:00:33+00:00
0,0,0,0,0,0,2019-01-15 14:02:04+00:00
0,0,0,0,0,0,2019-01-15 14:16:53+00:00
0,0,0,0,0,0,2019-01-15 14:36:43+00:00
0,0,0,0,0,0,2019-01-15 14:39:31+00:00
0,0,0,0,0,0,2019-01-15 14:45:05+00:00
0,0,0,0,0,0,2019-01-15 14:57:24+00:00
0,0,0,0,0,0,2019-01-15 15:07:02+00:00
0,0,0,0,0,0,2019-01-15 15:10:44+00:00
0,0,0,0,0,0,2019-01-15 15:11:30+00:00
0,0,0,0,0,0,2019-01-15 16:16:29+00:00
1,1,0,0,0,0,2019-01-15 16:27:18+00:00
0,0,0,0,0,0,2019-01-15 16:27:39+00:00
0,0,0,0,0,0,2019-01-15 16:33:11+00:00
0,0,0,0,0,0,2019-01-15 16:39:03+00:00
0,0,0,0,0,0,2019-01-15 16:51:11+00:00
0,0,0,0,0,0,2019-01-15 16:53:34+00:00
0,0,0,0,0,0,2019-01-15 17:04:44+00:00
0,0,0,0,0,0,2019-01-15 17:04:58+00:00
0,0,0,0,0,0,2019-01-15 17:08:50+00:00
0,0,0,0,0,0,2019-01-15 17:21:47+00:00
0,0,0,0,0,0,2019-01-15 17:22:27+00:00
0,0,0,0,0,0,2019-01-15 17:25:53+00:00
0,0,0,0,0,0,2019-01-15 17:40:34+00:00
0,0,0,0,0,0,2019-01-15 17:56:27+00:00
0,0,0,0,0,0,2019-01-15 18:01:35+00:00
0,0,0,0,0,0,2019-01-15 22:28:19+00:00
0,0,0,0,0,0,2019-01-15 22:44:47+00:00
0,0,0,0,0,0,2019-01-15 22:53:57+00:00
0,0,0,0,0,0,2019-01-16 10:34:46+00:00
0,0,0,0,0,0,2019-01-16 10:52:43+00:00
0,0,0,0,0,0,2019-01-16 10:56:38+00:00
0,0,0,0,0,0,2019-01-16 11:09:53+00:00
0,0,0,0,0,0,2019-01-16 11:12:16+00:00
0,0,0,0,0,0,2019-01-16 11:25:47+00:00
0,0,0,0,0,0,2019-01-16 11:28:24+00:00
0,0,0,0,0,0,2019-01-16 12:03:28+00:00
0,0,0,0,0,0,2019-01-16 12:14:07+00:00
0,0,0,0,0,0,2019-01-16 12:39:23+00:00
0,0,0,0,0,0,2019-01-16 16:10:01+00:00
0,0,0,0,0,0,2019-01-16 18:27:34+00:00
0,0,0,0,0,0,2019-01-16 18:47:33+00:00
0,0,0,0,0,0,2019-01-16 18:59:18+00:00
0,0,0,0,0,0,2019-01-17 11:06:58+00:00
0,0,0,0,0,0,2019-01-17 11:12:04+00:00
0,0,0,0,0,0,2019-01-17 11:25:28+00:00
0,0,0,0,0,0,2019-01-17 11:36:40+00:00
0,0,0,0,0,0,2019-01-17 11:41:19+00:00
0,0,0,0,0,0,2019-01-17 11:55:54+00:00
0,0,0,0,0,0,2019-01-17 12:03:41+00:00
0,0,0,0,0,0,2019-01-17 12:17:37+00:00
0,0,0,0,0,0,2019-01-17 12:19:48+00:00
0,0,0,0,0,0,2019-01-17 12:49:21+00:00
0,0,0,0,0,0,2019-01-17 12:54:38+00:00
0,0,0,0,0,0,2019-01-17 13:01:59+00:00
0,0,0,0,0,0,2019-01-17 13:04:35+00:00
16,129,1,6,15,12,2019-01-17 14:39:56+00:00
16,130,1,6,15,12,2019-01-17 14:48:46+00:00
0,0,0,0,0,0,2019-01-17 15:05:42+00:00
0,0,0,0,0,0,2019-01-17 15:09:04+00:00
0,0,0,0,0,0,2019-01-17 15:14:25+00:00
0,0,0,0,0,0,2019-01-17 15:36:22+00:00
0,0,0,0,0,0,2019-01-17 15:40:49+00:00
0,0,0,0,0,0,2019-01-17 15:48:12+00:00
0,0,0,0,0,0,2019-01-17 15:53:59+00:00
0,0,0,0,0,0,2019-01-17 15:55:02+00:00
0,0,0,0,0,0,2019-01-17 16:18:01+00:00
0,0,0,0,0,0,2019-01-17 16:44:52+00:00
0,0,0,0,0,0,2019-01-17 17:23:56+00:00
0,0,0,0,0,0,2019-01-17 17:39:34+00:00
0,0,0,0,0,0,2019-01-17 17:46:08+00:00
0,0,0,0,0,0,2019-01-17 17:49:30+00:00
0,0,0,0,0,0,2019-01-17 17:56:36+00:00
0,0,0,0,0,0,2019-01-17 18:27:54+00:00
0,0,0,0,0,0,2019-01-17 18:28:43+00:00
0,0,0,0,0,0,2019-01-17 18:38:35+00:00
0,0,0,0,0,0,2019-01-17 19:02:09+00:00
0,0,0,0,0,0,2019-01-17 19:06:34+00:00
0,0,0,0,0,0,2019-01-18 09:03:26+00:00
0,0,0,0,0,0,2019-01-18 09:14:41+00:00
0,0,0,0,0,0,2019-01-18 09:18:55+00:00
0,0,0,0,0,0,2019-01-18 09:24:10+00:00
0,0,0,0,0,0,2019-01-18 09:42:11+00:00
0,0,0,0,0,0,2019-01-18 16:44:15+00:00
0,0,0,0,0,0,2019-01-18 16:47:40+00:00
0,0,0,0,0,0,2019-01-18 17:12:20+00:00
0,0,0,0,0,0,2019-01-18 17:14:57+00:00
0,0,0,0,0,0,2019-01-18 17:36:56+00:00
0,0,0,0,0,0,2019-01-18 17:43:32+00:00
0,0,0,0,0,0,2019-01-18 17:46:33+00:00
0,0,0,0,0,0,2019-01-18 17:47:48+00:00
0,0,0,0,0,0,2019-01-18 17:51:30+00:00
0,0,0,0,0,0,2019-01-18 18:05:07+00:00
0,0,0,0,0,0,2019-01-18 18:06:20+00:00
0,0,0,0,0,0,2019-01-18 18:11:20+00:00
0,0,0,0,0,0,2019-01-18 19:11:16+00:00
0,0,0,0,0,0,2019-01-18 19:16:23+00:00
0,0,0,0,0,0,2019-01-18 19:16:48+00:00
1,1,0,0,0,0,2019-01-21 13:05:21+00:00
1,1,0,0,0,0,2019-01-21 13:13:38+00:00
0,0,0,0,0,0,2019-01-21 13:25:25+00:00
0,0,0,0,0,0,2019-01-21 14:58:28+00:00
0,0,0,0,0,0,2019-01-21 14:58:48+00:00
0,0,0,0,0,0,2019-01-21 14:59:04+00:00
0,0,0,0,0,0,2019-01-21 15:26:18+00:00
0,0,0,0,0,0,2019-01-21 15:44:19+00:00
0,0,0,0,0,0,2019-01-21 15:49:48+00:00
1,2,0,0,0,0,2019-01-21 15:57:28+00:00
0,0,0,0,0,0,2019-01-21 16:00:26+00:00
0,0,0,0,0,0,2019-01-21 16:01:05+00:00
0,0,0,0,0,0,2019-01-21 16:09:39+00:00
0,0,0,0,0,0,2019-01-21 16:16:36+00:00
0,0,0,0,0,0,2019-01-21 17:03:55+00:00
0,0,0,0,0,0,2019-01-21 17:52:08+00:00
0,0,0,0,0,0,2019-01-21 17:54:47+00:00
0,0,0,0,0,0,2019-01-21 18:02:22+00:00
0,0,0,0,0,0,2019-01-21 18:07:18+00:00
0,0,0,0,0,0,2019-01-21 20:26:37+00:00
0,0,0,0,0,0,2019-01-22 08:46:40+00:00
0,0,0,0,0,0,2019-01-22 09:34:10+00:00
0,0,0,0,0,0,2019-01-22 09:56:12+00:00
0,0,0,0,0,0,2019-01-22 10:45:12+00:00
0,0,0,0,0,0,2019-01-22 10:52:10+00:00
0,0,0,0,0,0,2019-01-22 11:07:23+00:00
0,0,0,0,0,0,2019-01-22 11:09:27+00:00
0,0,0,0,0,0,2019-01-22 11:09:59+00:00
0,0,0,0,0,0,2019-01-22 11:39:50+00:00
0,0,0,0,0,0,2019-01-22 12:16:53+00:00
0,0,0,0,0,0,2019-01-22 12:17:25+00:00
0,0,0,0,0,0,2019-01-22 13:41:47+00:00
0,0,0,0,0,0,2019-01-22 14:23:06+00:00
0,0,0,0,0,0,2019-01-22 15:23:55+00:00
0,0,0,0,0,0,2019-01-22 15:24:08+00:00
0,0,0,0,0,0,2019-01-22 15:27:39+00:00
0,0,0,0,0,0,2019-01-22 16:04:13+00:00
0,0,0,0,0,0,2019-01-22 16:04:30+00:00
0,0,0,0,0,0,2019-01-22 16:07:10+00:00
0,0,0,0,0,0,2019-01-22 16:26:25+00:00
0,0,0,0,0,0,2019-01-22 16:38:44+00:00
0,0,0,0,0,0,2019-01-22 17:32:34+00:00
0,0,0,0,0,0,2019-01-22 17:35:09+00:00
0,0,0,0,0,0,2019-01-22 17:55:06+00:00
0,0,0,0,0,0,2019-01-22 17:56:44+00:00
0,0,0,0,0,0,2019-01-22 18:34:35+00:00
0,0,0,0,0,0,2019-01-22 18:36:39+00:00
0,0,0,0,0,0,2019-01-24 12:42:39+00:00
0,0,0,0,0,0,2019-01-24 12:43:58+00:00
1,1,0,0,0,0,2019-01-24 19:06:17+00:00
0,0,0,0,0,0,2019-01-24 23:00:50+00:00
0,0,0,0,0,0,2019-01-24 23:02:41+00:00
0,0,0,0,0,0,2019-01-28 23:40:07+01:00
0,0,0,0,0,0,2019-01-28 22:41:12+00:00
0,0,0,0,0,0,2019-01-29 18:37:47+01:00
0,0,0,0,0,0,2019-01-29 18:37:59+01:00
0,0,0,0,0,0,2019-01-29 18:46:17+01:00
0,0,0,0,0,0,2019-01-29 17:52:12+00:00
0,0,0,0,0,0,2019-02-06 18:37:17+01:00
0,0,0,0,0,0,2019-02-06 18:38:13+01:00
