Acquisition,Preparation,Modeling,Training,Evaluation,Prediction,time
0,0,0,0,0,0,2018-02-23 11:33:07-05:00
0,0,0,0,0,0,2018-03-06 10:34:26-05:00
0,0,0,0,0,0,2018-03-06 15:28:36-05:00
0,0,0,0,0,0,2018-04-12 14:17:06-04:00
0,0,0,0,0,0,2018-04-18 15:29:48-04:00
0,0,0,0,0,0,2018-04-25 11:41:25-04:00
0,0,0,0,0,0,2018-05-08 10:56:17-04:00
0,0,0,0,0,0,2018-05-09 16:44:26-04:00
0,0,0,0,0,0,2018-05-11 14:01:32-04:00
0,0,0,0,0,0,2018-05-11 14:20:54-04:00
4,6,0,3,3,3,2018-06-14 12:57:51-04:00
0,0,0,0,0,0,2018-06-15 14:01:18-04:00
2,3,0,2,2,2,2018-06-19 17:22:55-04:00
0,0,0,0,0,0,2018-06-20 14:20:19-04:00
2,2,0,1,1,1,2018-06-25 16:10:20-04:00
0,0,0,0,0,0,2018-06-25 16:18:23-04:00
1,2,0,2,2,2,2018-06-27 10:02:59-04:00
3,5,0,2,2,2,2018-06-28 08:02:14-04:00
0,0,0,0,0,0,2018-06-28 10:42:58-04:00
0,0,0,0,0,0,2018-06-29 13:40:53-04:00
0,0,0,0,0,0,2018-07-17 10:39:52-04:00
0,0,0,0,0,0,2018-07-23 15:48:46-04:00
0,0,0,0,0,0,2018-08-08 11:56:11-04:00
4,6,0,2,2,2,2018-08-15 13:12:00-04:00
1,3,0,0,0,0,2018-08-27 13:16:58-04:00
0,0,0,0,0,0,2018-08-28 10:48:15-04:00
0,1,0,0,0,0,2018-08-31 09:05:33-04:00
1,8,0,0,0,2,2018-08-31 11:28:18-04:00
0,0,0,0,0,0,2018-08-31 16:00:06-04:00
0,0,0,0,0,0,2018-09-04 09:17:54-04:00
1,2,0,0,0,0,2018-09-04 16:21:22-04:00
1,1,0,0,0,0,2018-09-06 13:16:11-04:00
1,2,0,0,0,0,2018-09-07 05:09:53-04:00
0,1,0,0,0,0,2018-09-14 14:11:54-04:00
0,0,0,0,0,0,2018-09-18 12:18:33-04:00
1,1,0,0,0,0,2018-09-17 15:43:37-04:00
0,3,0,0,0,0,2018-09-20 12:58:15-04:00
1,1,0,0,0,0,2018-09-28 10:23:54-04:00
0,2,0,2,2,2,2018-10-03 17:41:07-04:00
0,0,0,0,0,0,2018-10-04 16:56:40-04:00
0,1,0,0,0,0,2018-10-05 14:12:26-04:00
1,4,0,0,0,0,2018-10-09 10:39:20-04:00
0,1,0,0,0,0,2018-10-09 14:34:30-04:00
0,3,0,0,0,1,2018-10-10 10:05:28-04:00
0,0,0,0,0,0,2018-10-16 15:22:36-04:00
0,0,0,0,0,0,2018-10-17 11:54:49-04:00
1,1,0,0,0,0,2018-10-15 15:41:10-04:00
0,1,0,0,0,0,2018-10-18 16:41:58-04:00
1,2,0,0,0,0,2018-10-22 12:48:53-04:00
0,2,0,0,0,0,2018-10-22 16:09:02-04:00
0,0,0,0,0,0,2018-10-23 13:05:48-04:00
0,0,0,0,0,0,2018-10-26 11:00:30-04:00
0,1,0,0,0,0,2018-10-26 15:51:17-04:00
0,1,0,0,0,0,2018-10-26 17:48:56-04:00
0,0,0,0,0,0,2018-10-30 11:39:49-04:00
0,0,0,0,0,0,2018-10-31 12:04:22-04:00
1,5,0,1,1,2,2018-11-12 11:45:48-05:00
0,0,0,0,0,0,2018-11-12 13:30:52-05:00
0,0,0,0,0,0,2018-11-13 15:11:04-05:00
0,0,0,0,0,0,2018-11-13 15:37:28-05:00
1,2,0,0,0,0,2018-11-07 11:05:47-05:00
0,2,0,0,0,0,2018-11-09 17:32:30-05:00
0,0,0,0,0,0,2018-11-13 14:08:23-05:00
0,0,0,0,0,0,2018-11-13 14:53:48-05:00
0,1,0,0,0,0,2018-11-13 15:48:46-05:00
0,0,0,0,0,0,2018-11-14 06:19:01-05:00
0,1,0,0,0,0,2018-11-15 11:26:48-05:00
0,0,0,0,0,0,2018-11-15 13:11:45-05:00
1,14,1,0,0,0,2018-11-16 17:50:24+00:00
0,0,0,0,0,0,2018-11-16 15:41:07-05:00
0,0,0,0,0,0,2018-11-19 14:56:27-05:00
0,0,0,0,0,0,2018-11-20 10:42:15-05:00
1,3,0,0,0,0,2018-11-20 10:56:43-05:00
1,5,0,0,0,0,2018-11-20 11:27:57-05:00
1,1,0,0,0,0,2018-11-20 13:18:15-05:00
0,0,0,0,0,0,2018-11-20 13:23:19-05:00
1,2,0,0,0,0,2018-11-20 16:55:22-05:00
0,1,0,0,0,0,2018-11-21 15:15:18-05:00
0,0,0,0,0,0,2018-11-21 15:34:12-05:00
0,3,0,0,0,0,2018-11-21 16:30:55-05:00
0,0,0,0,0,0,2018-11-22 10:29:39-05:00
1,2,0,0,0,0,2018-11-22 14:22:22-05:00
1,1,0,0,0,0,2018-11-23 12:28:17-05:00
0,3,0,0,0,0,2018-11-26 12:06:23-05:00
0,0,0,0,0,0,2018-11-26 15:28:55-05:00
2,3,1,0,0,0,2018-11-27 11:29:14-05:00
0,0,0,0,0,0,2018-11-27 14:32:03-05:00
1,4,0,0,0,0,2018-11-28 14:04:07-05:00
0,3,0,0,0,0,2018-11-28 14:33:28-05:00
0,2,0,0,0,0,2018-11-28 14:40:49-05:00
0,0,0,0,0,0,2018-11-29 15:04:53-05:00
0,2,0,0,0,0,2018-11-30 16:30:27+00:00
0,1,0,0,0,0,2018-11-30 21:45:27+00:00
0,0,0,0,0,0,2018-12-03 18:35:42+00:00
1,2,1,0,0,0,2018-12-03 18:59:18+00:00
0,1,0,0,0,0,2018-12-03 19:52:57+00:00
0,11,1,0,0,0,2018-12-04 15:00:02+00:00
0,0,0,0,0,0,2018-12-04 15:55:52+00:00
1,1,0,0,0,0,2018-12-04 15:01:01-05:00
0,1,0,0,0,0,2018-12-05 09:17:41-05:00
1,3,0,0,0,0,2018-12-07 16:25:03-05:00
0,0,0,0,0,0,2018-12-10 18:22:52+00:00
0,1,0,0,0,0,2018-12-10 19:10:01+00:00
0,0,0,0,0,0,2018-12-10 20:02:47+00:00
0,0,0,0,0,0,2018-12-11 18:57:59+00:00
0,2,0,0,0,0,2018-12-12 09:09:56-05:00
0,0,0,0,0,0,2018-12-14 13:21:01-05:00
1,2,0,0,0,0,2018-12-14 15:49:01-05:00
0,0,0,0,0,0,2019-01-02 11:21:47-05:00
0,0,0,0,0,0,2019-01-09 17:43:45-05:00
0,0,0,0,0,0,2018-12-19 21:40:22+00:00
0,1,0,0,0,0,2018-12-20 17:35:20+00:00
0,0,0,0,0,0,2018-12-27 20:15:09+00:00
0,1,0,0,0,0,2019-01-04 17:08:27+00:00
0,1,0,0,0,0,2019-01-04 21:37:32+00:00
0,1,0,0,0,0,2019-01-07 19:08:02+00:00
0,1,0,0,0,0,2019-01-08 15:46:26+00:00
0,1,0,0,0,0,2019-01-08 16:06:49+00:00
0,0,0,0,0,0,2019-01-16 21:25:59+00:00
0,2,0,0,0,0,2019-01-18 17:00:56+00:00
0,1,0,0,0,0,2019-01-18 17:33:12+00:00
0,0,0,0,0,0,2019-01-18 21:56:05+00:00
1,2,0,0,0,0,2019-01-21 19:16:07+00:00
0,1,0,0,0,0,2019-01-22 15:49:55+00:00
0,2,0,0,0,0,2019-01-23 16:08:26+00:00
0,1,0,0,0,0,2019-01-23 21:31:13+00:00
0,1,0,0,0,0,2019-01-23 21:39:08+00:00
0,1,1,0,0,0,2019-01-24 17:43:48+00:00
0,2,0,0,0,0,2019-01-28 16:34:36+00:00
0,1,0,0,0,0,2019-01-28 19:21:07+00:00
0,1,0,0,0,0,2019-01-28 19:47:27+00:00
0,1,0,0,0,0,2019-01-29 21:58:01+00:00
0,1,0,0,0,0,2019-01-30 16:06:30+00:00
0,1,0,0,0,0,2019-01-31 20:39:32+00:00
1,4,1,0,0,0,2019-02-01 19:22:19+00:00
0,1,0,0,0,0,2019-02-04 22:06:47+00:00
0,0,0,0,0,0,2019-02-04 22:15:18+00:00
0,0,0,0,0,0,2018-11-15 09:14:36-05:00
3,3,0,3,3,3,2018-11-27 15:35:57-05:00
0,0,0,0,0,0,2019-01-31 16:46:07-05:00
0,0,0,0,0,0,2019-02-06 10:37:49-05:00
0,0,0,0,0,0,2019-02-06 11:18:00-05:00
0,1,0,0,0,0,2019-02-06 15:57:28-05:00
1,2,0,0,0,0,2019-02-05 17:07:11+00:00
0,1,0,0,0,0,2019-02-05 21:49:43+00:00
2,1,0,0,0,0,2019-02-06 17:18:05+00:00
1,1,0,0,0,0,2019-02-07 17:03:16+00:00
1,1,0,0,0,0,2019-02-08 22:12:20+00:00
1,0,0,0,0,0,2019-02-11 15:26:06+00:00
0,0,0,0,0,0,2019-02-11 15:50:10+00:00
1,1,0,0,0,0,2019-02-11 18:54:23+00:00
0,0,0,0,0,0,2019-02-11 21:11:21+00:00
1,1,0,0,0,0,2019-02-11 22:58:27+00:00
0,1,1,0,0,0,2019-02-12 15:19:29+00:00
0,4,0,0,0,2,2019-01-29 18:28:47+00:00
1,1,0,0,0,0,2019-02-21 20:33:41+00:00
0,0,0,0,0,0,2019-03-04 21:18:02+00:00
0,1,0,0,0,0,2019-03-06 02:18:55+00:00
0,0,0,0,0,0,2019-03-06 17:20:16+00:00
0,1,0,0,0,0,2019-03-07 17:22:49+00:00
0,0,0,0,0,0,2019-03-07 21:51:34+00:00
0,0,0,0,0,0,2019-03-08 20:03:39+00:00
0,0,0,0,0,0,2019-03-08 20:50:49+00:00
0,0,0,0,0,0,2019-03-18 16:29:09+00:00
0,0,0,0,0,0,2019-03-19 19:23:42+00:00
0,0,0,0,0,0,2019-03-20 16:39:11+00:00
0,0,0,0,0,0,2019-03-20 17:46:14+00:00
0,1,0,0,0,0,2019-03-20 17:50:55+00:00
0,0,0,0,0,0,2019-03-21 18:29:05+00:00
0,2,1,0,0,0,2019-03-21 20:40:32+00:00
0,0,0,0,0,0,2019-03-21 17:06:33-04:00
0,0,0,0,0,0,2019-03-22 13:27:59-07:00
0,0,0,0,0,0,2019-03-25 09:07:03-07:00
0,1,0,0,0,0,2019-03-25 09:21:57-07:00
0,0,0,0,0,0,2019-03-25 12:07:02-07:00
0,0,0,0,0,0,2019-03-25 12:34:49-07:00
0,0,0,0,0,0,2019-03-25 13:31:56-07:00
2,2,0,0,0,0,2019-03-27 11:23:54-07:00
0,0,0,0,0,0,2019-03-27 14:00:32-07:00
0,0,0,0,0,0,2019-03-28 09:24:17-07:00
0,0,0,0,0,0,2019-04-01 11:54:17-07:00
0,0,0,0,0,0,2019-04-02 09:03:15-07:00
0,0,0,0,0,0,2019-04-02 12:46:21-07:00
0,2,0,0,0,0,2019-04-03 08:09:10-07:00
0,0,0,0,0,0,2019-04-01 14:00:26-04:00
0,3,0,0,0,1,2019-04-01 14:00:26-04:00
0,0,0,0,0,0,2019-04-05 11:37:18-07:00
1,2,1,0,0,0,2019-04-11 07:14:14-07:00
0,0,0,0,0,0,2019-04-12 12:10:50-07:00
1,1,0,0,0,0,2019-04-15 13:42:09-07:00
1,1,0,0,0,0,2019-04-16 09:04:30-07:00
0,0,0,0,0,0,2019-04-16 09:05:23-07:00
0,0,0,0,0,0,2019-04-17 10:16:00-07:00
0,1,0,0,0,0,2019-04-17 13:32:04-07:00
2,2,0,0,0,0,2019-04-17 15:06:31-07:00
0,1,0,0,0,0,2019-04-17 16:39:18-07:00
0,0,0,0,0,0,2019-04-18 07:00:55-07:00
0,1,0,0,0,0,2019-04-18 07:49:55-07:00
0,1,0,0,0,0,2019-04-18 10:12:53-07:00
0,0,0,0,0,0,2019-04-18 11:11:35-07:00
0,0,0,0,0,0,2019-04-23 13:01:17-07:00
0,0,0,0,0,0,2019-04-23 13:18:44-04:00
0,0,0,0,0,0,2019-04-23 15:44:06-04:00
0,0,0,0,0,0,2019-04-24 05:17:57-07:00
0,0,0,0,0,0,2019-04-24 08:26:58-07:00
0,0,0,0,0,0,2019-04-25 09:44:52-07:00
0,0,0,0,0,0,2019-04-25 13:22:49-07:00
0,0,0,0,0,0,2019-04-25 16:25:13-07:00
0,0,0,0,0,0,2019-04-25 16:30:15-07:00
0,0,0,0,0,0,2019-04-26 10:29:18-07:00
0,0,0,0,0,0,2019-04-26 13:38:34-07:00
0,0,0,0,0,0,2019-04-30 08:14:13-07:00
0,0,0,0,0,0,2019-04-30 21:00:37-07:00
0,0,0,0,0,0,2019-05-02 07:43:46-07:00
0,0,0,0,0,0,2019-05-02 09:43:49-07:00
0,0,0,0,0,0,2019-05-02 13:45:57-07:00
0,0,0,0,0,0,2019-05-03 10:53:04-07:00
0,1,0,0,0,0,2019-05-03 11:30:56-07:00
0,0,0,0,0,0,2019-05-03 12:41:24-07:00
0,0,0,0,0,0,2019-05-06 10:21:38-07:00
0,0,0,0,0,0,2019-05-06 12:21:00-07:00
1,1,0,0,0,0,2019-05-06 13:40:54-07:00
0,0,0,0,0,0,2019-05-06 15:42:12-07:00
0,0,0,0,0,0,2019-05-08 07:25:29-07:00
0,1,0,0,0,0,2019-05-08 12:14:20-07:00
0,0,0,0,0,0,2019-05-08 12:46:19-07:00
0,0,0,0,0,0,2019-05-09 04:55:42-07:00
1,2,0,0,0,0,2019-05-10 08:23:03-07:00
0,0,0,0,0,0,2019-05-10 08:23:06-07:00
0,0,0,0,0,0,2019-05-13 08:43:20-07:00
0,0,0,0,0,0,2019-05-13 10:26:43-07:00
0,0,0,0,0,0,2019-05-13 10:37:25-07:00
0,0,0,0,0,0,2019-05-13 10:51:32-07:00
1,1,0,0,0,0,2019-05-14 09:27:11-07:00
0,0,0,0,0,0,2019-05-14 13:01:22-07:00
0,0,0,0,0,0,2019-05-15 06:52:18-07:00
0,0,0,0,0,0,2019-05-15 08:13:19-07:00
0,0,0,0,0,0,2019-05-15 11:37:50-07:00
0,0,0,0,0,0,2019-05-15 11:46:42-07:00
0,0,0,0,0,0,2019-05-15 12:22:26-07:00
1,1,0,0,0,0,2019-05-15 13:03:31-07:00
0,0,0,0,0,0,2019-05-15 16:34:42-07:00
0,0,0,0,0,0,2019-05-16 12:37:06-07:00
0,0,0,0,0,0,2019-05-16 12:47:12-07:00
0,0,0,0,0,0,2019-05-17 08:51:06-07:00
0,0,0,0,0,0,2019-05-21 12:07:58-07:00
1,1,0,0,0,0,2019-05-21 12:24:33-07:00
0,0,0,0,0,0,2019-05-21 12:39:54-07:00
0,0,0,0,0,0,2019-05-21 12:50:10-07:00
0,3,0,0,0,0,2019-05-22 14:00:52-07:00
1,1,0,0,0,0,2019-05-23 11:40:33-07:00
0,0,0,0,0,0,2019-05-27 08:30:48-07:00
0,0,0,0,0,0,2019-05-27 08:31:06-07:00
1,1,0,0,0,0,2019-05-27 13:23:04-07:00
0,0,0,0,0,0,2019-05-27 13:28:23-07:00
1,2,1,0,0,0,2019-05-27 13:37:23-07:00
0,1,0,0,0,0,2019-05-27 13:38:20-07:00
0,0,0,0,0,0,2019-05-28 08:02:57-07:00
0,2,0,0,0,0,2019-05-28 08:29:23-07:00
1,1,0,0,0,0,2019-05-28 09:25:23-07:00
0,0,0,0,0,0,2019-05-28 12:56:59-07:00
0,0,0,0,0,0,2019-05-28 14:25:47-07:00
0,0,0,0,0,0,2019-05-28 17:16:16-07:00
0,1,1,0,0,0,2019-05-28 17:34:22-07:00
0,0,0,0,0,0,2019-05-28 17:41:57-07:00
0,3,0,0,0,0,2019-05-29 07:50:55-07:00
2,1,0,0,0,0,2019-05-29 08:37:50-07:00
0,0,0,0,0,0,2019-05-29 09:08:25-07:00
0,0,0,0,0,0,2019-05-29 14:19:51-07:00
0,0,0,0,0,0,2019-05-29 14:48:30-07:00
0,0,0,0,0,0,2019-05-30 05:07:17-07:00
0,0,0,0,0,0,2019-05-30 08:24:56-07:00
0,0,0,0,0,0,2019-05-31 07:40:20-07:00
0,0,0,0,0,0,2019-05-31 09:56:55-07:00
0,0,0,0,0,0,2019-05-31 10:00:21-07:00
0,2,0,0,0,0,2019-05-31 14:46:51-07:00
0,1,0,0,0,0,2019-06-03 07:55:30-07:00
0,0,0,0,0,0,2019-05-03 12:38:24-04:00
0,1,0,0,0,1,2019-05-10 15:51:53-04:00
0,0,0,0,0,0,2019-05-24 13:07:03-04:00
0,0,0,0,0,0,2019-06-03 12:41:53-07:00
0,0,0,0,0,0,2019-06-04 07:33:07-07:00
1,6,1,0,0,0,2019-02-07 16:14:13-05:00
0,0,0,0,0,0,2019-03-07 11:22:22-05:00
0,1,0,0,0,0,2019-04-25 10:21:25-04:00
0,0,0,0,0,0,2019-04-29 09:14:19-04:00
2,2,0,0,0,0,2019-05-06 10:45:20-04:00
0,1,0,0,0,0,2019-05-08 09:16:32-04:00
0,1,0,0,0,0,2019-05-08 10:43:25-04:00
0,1,2,0,0,0,2019-05-16 09:29:40-04:00
1,1,1,1,0,0,2019-05-22 16:08:23-04:00
2,3,0,0,0,0,2019-05-27 11:16:51-04:00
4,4,0,0,0,1,2019-05-28 10:10:51-04:00
1,5,1,0,0,0,2019-05-30 13:34:52-04:00
1,1,1,1,1,1,2019-05-30 13:39:05-04:00
0,0,0,0,0,0,2019-05-30 17:14:17-04:00
0,0,0,0,0,0,2019-06-04 14:30:35-07:00
0,0,0,0,0,0,2019-06-04 15:12:56-07:00
0,0,0,0,0,0,2019-06-05 12:05:52-07:00
1,2,0,0,0,0,2019-06-05 13:52:33-07:00
2,5,0,1,1,2,2019-06-05 17:04:51-04:00
0,0,0,0,0,0,2019-06-05 17:58:19-04:00
0,0,0,0,0,0,2019-06-05 18:06:07-04:00
1,1,0,0,0,0,2019-06-07 07:14:26-07:00
1,1,0,0,0,0,2019-06-07 15:33:46-04:00
0,0,0,0,0,0,2019-06-07 13:55:52-07:00
0,0,0,0,0,0,2019-06-07 16:55:52-04:00
0,0,0,0,0,0,2019-06-14 12:40:36-07:00
0,0,0,0,0,0,2019-06-17 06:19:33-07:00
0,0,0,0,0,0,2019-06-19 09:35:04-04:00
0,1,0,0,0,0,2019-06-19 09:27:50-07:00
0,0,0,0,0,0,2019-06-19 09:27:55-07:00
0,0,0,0,0,0,2019-06-19 13:14:40-04:00
0,0,0,0,0,0,2019-06-20 17:43:41-04:00
0,0,0,0,0,0,2019-06-21 13:02:27-07:00
0,0,0,0,0,0,2019-06-24 11:01:22-07:00
0,0,0,0,0,0,2019-06-24 11:22:50-07:00
0,0,0,0,0,0,2019-06-24 11:32:20-07:00
0,0,0,0,0,0,2019-06-24 11:55:44-07:00
0,0,0,0,0,0,2019-06-24 12:02:37-07:00
0,0,0,0,0,0,2019-06-20 17:12:16-07:00
0,1,0,0,0,0,2019-06-24 14:35:50-07:00
0,0,0,0,0,0,2019-06-25 10:50:29-04:00
0,0,0,0,0,0,2019-06-25 10:57:56-04:00
0,0,0,0,0,0,2019-06-25 12:33:29-07:00
1,2,0,0,0,0,2019-06-25 12:57:35-07:00
0,1,0,0,0,0,2019-06-25 14:04:56-07:00
0,0,0,0,0,0,2019-06-26 11:39:46-07:00
0,0,0,0,0,0,2019-06-27 06:51:23-07:00
0,1,0,0,0,0,2019-06-27 07:59:55-07:00
0,0,0,0,0,0,2019-06-27 09:53:04-07:00
0,0,0,0,0,0,2019-06-28 05:54:07-07:00
0,1,0,0,0,0,2019-06-28 09:28:43-07:00
0,0,0,0,0,0,2019-06-28 16:11:50-07:00
0,0,0,0,0,0,2019-07-03 07:29:55-07:00
0,0,0,0,0,0,2019-07-03 07:30:19-07:00
0,1,0,0,0,0,2019-07-03 12:01:18-07:00
0,1,0,0,0,0,2019-07-03 13:09:46-07:00
0,0,0,0,0,0,2019-07-03 13:31:21-07:00
0,0,0,0,0,0,2019-07-04 08:25:18-07:00
0,0,0,0,0,0,2019-07-04 09:31:19-07:00
0,0,0,0,0,0,2019-07-04 13:06:17-07:00
0,0,0,0,0,0,2019-07-04 13:40:03-07:00
0,0,0,0,0,0,2019-07-05 10:30:19-07:00
1,1,0,0,0,0,2019-07-05 12:29:16-07:00
0,0,0,0,0,0,2019-07-08 06:54:42-07:00
0,1,0,0,0,0,2019-07-08 09:57:52-07:00
0,1,0,0,0,0,2019-07-08 10:00:38-07:00
0,0,0,0,0,0,2019-07-08 10:33:35-07:00
0,0,0,0,0,0,2019-07-08 12:19:15-07:00
0,0,0,0,0,0,2019-07-08 12:22:05-07:00
1,1,0,0,0,0,2019-07-09 13:59:33-07:00
0,0,0,0,0,0,2019-07-10 14:38:53-07:00
0,0,0,0,0,0,2019-07-11 07:04:25-07:00
0,2,0,0,0,0,2019-07-11 08:49:16-07:00
0,1,0,0,0,0,2019-07-11 17:13:24-07:00
0,0,0,0,0,0,2019-07-12 12:58:41-07:00
0,0,0,0,0,0,2019-07-15 10:52:56-07:00
0,1,0,0,0,0,2019-07-17 07:22:54-07:00
0,0,0,0,0,0,2019-07-17 10:35:40-07:00
1,1,0,0,0,0,2019-07-17 12:21:49-07:00
0,0,0,0,0,0,2019-07-17 12:50:40-07:00
1,0,0,0,0,0,2019-07-17 18:36:38-07:00
0,0,0,0,0,0,2019-07-18 07:46:30-07:00
0,0,0,0,0,0,2019-07-18 08:21:25-07:00
0,1,0,0,0,0,2019-07-18 08:49:38-07:00
0,1,0,0,0,0,2019-07-18 12:32:52-07:00
0,0,0,0,0,0,2019-07-18 13:15:42-07:00
0,1,0,0,0,0,2019-07-18 16:28:08-07:00
1,1,1,1,1,1,2019-07-19 02:53:22-04:00
1,1,0,0,0,0,2019-07-19 10:10:06-07:00
0,0,0,0,0,0,2019-07-19 14:27:59-07:00
0,0,0,0,0,0,2019-07-22 07:51:00-07:00
0,0,0,0,0,0,2019-07-22 09:15:09-07:00
0,0,0,0,0,0,2019-07-22 11:33:03-07:00
0,0,0,0,0,0,2019-07-22 11:54:19-07:00
0,0,0,0,0,0,2019-07-22 12:01:09-07:00
0,0,0,0,0,0,2019-07-22 15:33:19-07:00
0,0,0,0,0,0,2019-07-23 08:40:11-07:00
0,0,0,0,0,0,2019-07-23 08:47:54-07:00
1,1,0,0,0,0,2019-07-23 11:32:14-07:00
0,1,0,0,0,0,2019-07-23 14:01:19-07:00
0,2,1,0,0,0,2019-07-22 17:58:00-04:00
2,17,1,0,0,0,2019-07-24 11:11:49-07:00
0,0,0,0,0,0,2019-07-24 11:33:52-07:00
2,2,1,0,0,0,2019-07-24 11:37:16-07:00
0,1,1,0,0,0,2019-07-25 14:59:28-04:00
0,0,0,0,0,0,2019-06-10 14:39:07-04:00
2,4,1,0,0,0,2019-07-26 12:53:02-07:00
0,1,0,0,0,0,2019-07-29 07:59:05-07:00
1,1,0,0,0,0,2019-07-29 08:17:30-07:00
0,1,0,0,0,0,2019-07-29 11:03:40-07:00
0,0,0,0,0,0,2019-07-29 11:04:02-07:00
0,0,0,0,0,0,2019-07-29 14:11:41-07:00
0,0,0,0,0,0,2019-07-30 06:54:48-07:00
0,1,0,0,0,0,2019-07-30 07:16:42-07:00
1,1,0,0,0,0,2019-07-30 11:00:30-07:00
0,0,0,0,0,0,2019-07-30 11:33:15-07:00
0,0,0,0,0,0,2019-07-30 13:52:30-07:00
0,0,0,0,0,0,2019-07-31 07:46:17-07:00
0,0,0,0,0,0,2019-07-31 10:37:49-07:00
0,0,0,0,0,0,2019-07-31 11:15:58-07:00
0,0,0,0,0,0,2019-07-31 18:27:35-07:00
0,0,0,0,0,0,2019-08-02 08:34:06-07:00
0,0,0,0,0,0,2019-08-02 10:33:22-07:00
0,0,0,0,0,0,2019-08-02 12:05:05-07:00
2,1,0,0,0,0,2019-08-02 13:02:08-07:00
0,0,0,0,0,0,2019-08-06 14:12:35-07:00
0,0,0,0,0,0,2019-08-06 14:24:49-07:00
0,0,0,0,0,0,2019-08-06 15:11:56-07:00
0,0,0,0,0,0,2019-08-07 08:31:56-07:00
2,3,1,0,0,0,2019-08-07 08:38:25-07:00
0,0,0,0,0,0,2019-08-07 08:50:01-07:00
0,0,0,0,0,0,2019-08-08 07:19:53-07:00
0,0,0,0,0,0,2019-08-08 12:46:59-07:00
1,1,0,0,0,0,2019-08-08 13:54:14-07:00
0,0,0,0,0,0,2019-08-09 10:43:33-07:00
1,1,0,0,0,0,2019-08-09 11:35:23-07:00
2,1,0,0,0,0,2019-08-12 07:46:45-07:00
0,0,0,0,0,0,2019-08-12 08:06:05-07:00
0,0,0,0,0,0,2019-08-13 07:19:16-07:00
1,1,0,0,0,0,2019-08-13 11:08:07-07:00
0,0,0,0,0,0,2019-08-14 07:19:43-07:00
0,0,0,0,0,0,2019-08-14 07:32:46-07:00
0,0,0,0,0,0,2019-08-15 08:59:45-07:00
3,2,0,0,0,0,2019-08-15 11:15:30-07:00
0,0,0,0,0,0,2019-08-15 13:35:39-07:00
0,0,0,0,0,0,2019-08-16 08:15:41-07:00
0,0,0,0,0,0,2019-08-19 07:28:54-07:00
0,0,0,0,0,0,2019-08-19 10:48:28-07:00
0,0,0,0,0,0,2019-08-20 06:46:26-07:00
0,0,0,0,0,0,2019-08-21 07:42:18-07:00
0,0,0,0,0,0,2019-08-21 08:06:10-07:00
0,0,0,0,0,0,2019-08-21 13:56:44-07:00
0,0,0,0,0,0,2019-08-22 07:34:35-07:00
0,0,0,0,0,0,2019-08-22 08:14:22-07:00
0,0,0,0,0,0,2019-08-22 11:36:32-07:00
0,0,0,0,0,0,2019-08-22 11:37:06-07:00
0,0,0,0,0,0,2019-08-22 12:21:52-07:00
0,0,0,0,0,0,2019-08-22 12:47:37-07:00
1,1,0,0,0,0,2019-08-23 06:40:26-07:00
0,0,0,0,0,0,2019-08-23 07:47:25-07:00
1,1,0,0,0,0,2019-08-26 06:16:21-07:00
0,0,0,0,0,0,2019-08-27 09:56:44-07:00
1,1,0,0,0,0,2019-08-27 10:45:37-07:00
0,0,0,0,0,0,2019-08-28 07:33:42-07:00
0,0,0,0,0,0,2019-08-28 07:40:31-07:00
0,3,0,0,0,0,2019-08-28 10:12:03-07:00
0,0,0,0,0,0,2019-08-29 05:44:43-07:00
0,0,0,0,0,0,2019-07-22 10:48:46-04:00
0,0,0,0,0,0,2019-08-01 10:19:42-04:00
1,1,1,1,1,1,2019-08-28 15:32:20-04:00
1,1,0,0,0,0,2019-08-29 09:59:24-07:00
0,0,0,0,0,0,2019-08-29 13:22:39-07:00
3,4,1,0,0,0,2019-08-30 06:22:31-07:00
0,0,0,0,0,0,2019-08-30 08:52:39-07:00
0,0,0,0,0,0,2019-08-30 11:03:59-07:00
0,0,0,0,0,0,2019-09-03 07:21:44-07:00
0,0,0,0,0,0,2019-09-03 09:51:52-07:00
0,0,0,0,0,0,2019-09-03 12:36:26-07:00
0,0,0,0,0,0,2019-09-03 13:22:45-07:00
0,0,0,0,0,0,2019-09-04 10:15:13-07:00
0,0,0,0,0,0,2019-09-04 12:05:02-07:00
0,0,0,0,0,0,2019-09-05 08:15:46-07:00
0,0,0,0,0,0,2019-09-05 13:55:37-07:00
0,0,0,0,0,0,2019-09-06 11:18:20-07:00
0,0,0,0,0,0,2019-09-06 12:40:04-07:00
0,0,0,0,0,0,2019-09-06 13:28:39-07:00
0,0,0,0,0,0,2019-09-09 08:11:08-07:00
0,0,0,0,0,0,2019-09-09 10:44:15-07:00
0,0,0,0,0,0,2019-09-09 11:02:34-07:00
0,0,0,0,0,0,2019-09-03 13:37:43-04:00
0,0,0,0,0,0,2019-09-04 10:48:14-04:00
0,0,0,0,0,0,2019-09-09 13:57:11-07:00
0,0,0,0,0,0,2019-09-09 14:36:07-07:00
0,0,0,0,0,0,2019-09-10 07:09:35-07:00
0,0,0,0,0,0,2019-09-09 16:51:44-04:00
0,0,0,0,0,0,2019-09-10 09:54:47-04:00
0,0,0,0,0,0,2019-09-10 10:09:35-04:00
0,0,0,0,0,0,2019-09-11 08:05:05-07:00
0,0,0,0,0,0,2019-09-11 10:02:07-07:00
0,0,0,0,0,0,2019-09-11 10:06:07-07:00
0,0,0,0,0,0,2019-09-11 10:54:28-07:00
0,0,0,0,0,0,2019-09-11 13:00:27-07:00
0,0,0,0,0,0,2019-09-12 07:38:27-07:00
0,0,0,0,0,0,2019-09-12 07:51:10-07:00
0,0,0,0,0,0,2019-09-11 19:07:20-04:00
0,0,0,0,0,0,2019-09-12 10:17:08-04:00
0,0,0,0,0,0,2019-09-12 10:38:27-04:00
0,0,0,0,0,0,2019-09-13 07:57:56-07:00
0,0,0,0,0,0,2019-09-13 08:36:01-07:00
0,0,0,0,0,0,2019-09-16 09:39:52-07:00
0,0,0,0,0,0,2019-09-16 09:51:34-07:00
0,0,0,0,0,0,2019-09-16 10:13:44-07:00
0,0,0,0,0,0,2019-09-17 10:14:25-07:00
0,0,0,0,0,0,2019-09-18 12:07:30-07:00
0,0,0,0,0,0,2019-09-19 08:05:44-07:00
0,0,0,0,0,0,2019-09-19 10:07:51-07:00
0,0,0,0,0,0,2019-09-20 14:26:54-07:00
0,0,0,0,0,0,2019-09-20 14:30:17-07:00
0,0,0,0,0,0,2019-09-23 13:27:27-07:00
0,0,0,0,0,0,2019-09-25 07:39:19-07:00
0,0,0,0,0,0,2019-09-25 07:39:31-07:00
0,0,0,0,0,0,2019-09-25 13:32:03-07:00
0,0,0,0,0,0,2019-09-26 08:27:17-07:00
0,0,0,0,0,0,2019-09-30 09:46:52-07:00
0,0,0,0,0,0,2019-09-30 10:22:06-07:00
0,0,0,0,0,0,2019-10-01 10:53:06-07:00
0,0,0,0,0,0,2019-10-02 08:04:28-07:00
0,0,0,0,0,0,2019-10-03 08:56:49-07:00
0,0,0,0,0,0,2019-10-07 07:03:59-07:00
0,0,0,0,0,0,2019-10-08 11:35:08-07:00
0,0,0,0,0,0,2019-10-08 12:20:40-07:00
0,0,0,0,0,0,2019-10-10 09:05:13-07:00
0,0,0,0,0,0,2019-10-10 09:46:40-07:00
0,0,0,0,0,0,2019-10-10 10:34:15-07:00
0,0,0,0,0,0,2019-10-10 11:40:21-07:00
0,0,0,0,0,0,2019-10-10 13:42:10-07:00
0,0,0,0,0,0,2019-10-10 13:59:23-07:00
0,0,0,0,0,0,2019-10-10 15:29:25-07:00
0,0,0,0,0,0,2019-10-11 08:00:21-07:00
0,0,0,0,0,0,2019-10-11 08:00:52-07:00
2,3,1,2,2,2,2019-10-03 13:46:35-04:00
0,0,0,0,0,0,2019-10-08 11:29:40-04:00
0,0,0,0,0,0,2019-10-11 12:17:31-07:00
0,0,0,0,0,0,2019-10-11 12:54:17-07:00
0,0,0,0,0,0,2019-10-15 07:25:16-07:00
0,0,0,0,0,0,2019-10-15 07:58:05-07:00
0,0,0,0,0,0,2019-10-15 23:16:24-04:00
0,0,0,0,0,0,2019-10-16 12:06:14-07:00
0,0,0,0,0,0,2019-10-16 18:16:41-07:00
0,0,0,0,0,0,2019-10-17 07:23:40-07:00
0,0,0,0,0,0,2019-10-17 07:26:46-07:00
0,0,0,0,0,0,2019-10-17 09:24:51-07:00
0,0,0,0,0,0,2019-10-17 11:19:48-07:00
0,0,0,0,0,0,2019-10-18 13:41:54-07:00
0,0,0,0,0,0,2019-10-19 08:37:16-07:00
0,0,0,0,0,0,2019-10-20 19:55:24-07:00
0,0,0,0,0,0,2019-10-21 08:03:54-07:00
0,0,0,0,0,0,2019-10-21 09:51:23-07:00
0,0,0,0,0,0,2019-10-21 10:23:22-07:00
0,0,0,0,0,0,2019-10-21 10:27:27-07:00
0,0,0,0,0,0,2019-10-22 07:22:32-07:00
0,0,0,0,0,0,2019-10-22 07:36:05-07:00
0,0,0,0,0,0,2019-10-22 08:08:43-07:00
0,0,0,0,0,0,2019-10-22 08:31:58-07:00
0,0,0,0,0,0,2019-10-22 10:38:20-07:00
0,0,0,0,0,0,2019-10-22 13:27:36-07:00
0,0,0,0,0,0,2019-10-22 16:44:01-07:00
0,0,0,0,0,0,2019-10-24 07:14:21-07:00
0,0,0,0,0,0,2019-10-24 08:17:25-07:00
0,0,0,0,0,0,2019-10-25 09:05:17-07:00
0,0,0,0,0,0,2019-10-25 10:30:46-07:00
0,0,0,0,0,0,2019-10-25 13:44:52-07:00
0,0,0,0,0,0,2019-10-28 11:09:56-07:00
0,0,0,0,0,0,2019-10-28 12:13:15-07:00
0,0,0,0,0,0,2019-10-29 10:36:38-07:00
0,0,0,0,0,0,2019-10-30 08:39:18-07:00
0,0,0,0,0,0,2019-10-31 08:31:49-07:00
0,0,0,0,0,0,2019-10-31 14:19:34-07:00
0,0,0,0,0,0,2019-11-01 08:59:38-07:00
0,0,0,0,0,0,2019-11-01 09:07:01-07:00
0,0,0,0,0,0,2019-11-01 11:03:37-07:00
0,0,0,0,0,0,2019-11-01 11:13:25-07:00
0,0,0,0,0,0,2019-11-05 09:58:06-08:00
0,0,0,0,0,0,2019-11-06 11:31:50-08:00
0,0,0,0,0,0,2019-11-11 07:51:08-08:00
