Acquisition,Preparation,Modeling,Training,Evaluation,Prediction,time
0,0,0,0,0,0,2021-11-16 13:15:03-07:00
0,0,0,0,0,0,2021-11-16 13:25:36-07:00
0,0,0,0,0,0,2021-11-18 10:27:13-07:00
0,0,0,0,0,0,2021-11-18 10:27:23-07:00
0,0,0,0,0,0,2021-11-18 15:27:00-07:00
0,0,0,0,0,0,2021-11-18 15:27:16-07:00
0,0,0,0,0,0,2021-11-18 15:27:26-07:00
1,0,0,0,0,0,2021-11-18 15:27:37-07:00
2,1,1,0,0,0,2021-11-18 15:27:49-07:00
0,0,0,0,0,0,2021-11-18 15:28:00-07:00
0,0,0,0,0,0,2021-11-18 15:28:10-07:00
0,0,0,0,0,0,2021-11-18 15:32:06-07:00
0,0,0,0,0,0,2021-11-18 15:32:14-07:00
1,1,1,0,0,0,2021-11-18 15:32:23-07:00
0,0,0,0,0,0,2021-11-18 17:19:53-07:00
0,0,0,0,0,0,2021-11-18 17:19:59-07:00
1,1,1,0,0,0,2021-11-18 17:20:12-07:00
1,1,0,1,1,1,2021-11-18 17:20:28-07:00
1,1,1,1,1,1,2021-11-19 16:04:06-07:00
1,0,0,0,0,0,2021-11-19 16:42:08-07:00
0,0,0,0,0,0,2021-11-19 16:48:44-07:00
0,0,0,0,0,0,2021-11-23 16:14:17-07:00
1,1,1,1,1,1,2021-11-23 16:14:36-07:00
0,0,0,0,0,0,2021-11-23 16:14:44-07:00
2,1,1,2,1,1,2021-11-23 18:21:00-07:00
2,2,2,2,1,2,2021-11-28 17:04:48-07:00
0,0,0,0,0,0,2021-11-28 17:37:41-07:00
0,0,0,0,0,0,2021-11-28 17:44:43-07:00
0,0,0,0,0,0,2021-11-28 17:53:30-07:00
1,1,1,1,0,1,2021-12-02 17:49:31-07:00
0,0,0,0,0,0,2021-12-02 17:49:50-07:00
0,0,0,0,0,0,2021-12-02 17:49:54-07:00
0,0,0,0,0,0,2021-12-02 17:50:08-07:00
0,0,0,0,0,0,2021-12-02 17:50:20-07:00
0,0,0,0,0,0,2021-12-02 17:50:26-07:00
0,0,0,0,0,0,2021-12-02 17:50:38-07:00
0,0,0,0,0,0,2021-12-02 17:50:47-07:00
1,1,1,1,0,1,2021-12-02 17:50:59-07:00
1,1,1,1,1,1,2021-12-02 17:51:06-07:00
1,1,1,1,1,1,2021-12-02 17:51:15-07:00
1,1,0,0,0,1,2021-12-02 17:51:25-07:00
1,1,0,0,0,1,2021-12-02 17:51:32-07:00
2,1,1,2,0,1,2021-12-02 17:51:42-07:00
1,0,1,1,0,0,2021-12-02 17:51:48-07:00
0,0,0,0,0,0,2021-12-02 17:53:05-07:00
0,0,0,0,0,0,2022-01-03 15:24:46+00:00
0,0,0,0,0,0,2022-01-03 15:24:53+00:00
1,1,1,1,0,1,2022-01-03 15:25:14+00:00
0,0,0,0,0,0,2022-01-03 15:25:22+00:00
0,0,0,0,0,0,2022-01-03 15:28:29+00:00
1,1,1,1,0,1,2022-01-03 15:31:39+00:00
1,1,1,1,0,1,2022-01-03 16:24:38+00:00
0,0,0,0,0,0,2022-01-04 09:07:28+00:00
0,0,0,0,0,0,2022-01-04 09:07:45+00:00
0,0,0,0,0,0,2022-01-04 17:53:26+00:00
0,0,0,0,0,0,2022-01-04 19:07:00+00:00
0,0,0,0,0,0,2022-01-04 19:11:55+00:00
0,0,0,0,0,0,2022-01-09 18:19:41-07:00
0,0,0,0,0,0,2022-01-11 11:59:25-07:00
