Acquisition,Preparation,Modeling,Training,Evaluation,Prediction,time
0,1,0,0,0,0,2021-06-18 16:01:57-07:00
1,1,0,0,1,0,2021-06-18 21:50:18-07:00
0,0,0,0,0,0,2021-06-18 21:51:20-07:00
1,1,1,1,1,0,2021-06-21 19:56:44-07:00
0,0,0,0,0,0,2021-06-21 19:57:41-07:00
2,2,2,2,2,0,2021-06-24 19:26:48-07:00
0,0,0,0,0,0,2021-06-24 19:27:54-07:00
1,1,1,1,1,0,2021-06-25 16:45:17-07:00
0,0,0,0,0,0,2021-06-25 16:46:11-07:00
1,1,1,1,1,1,2021-06-26 14:10:33-07:00
0,0,0,0,0,0,2021-06-26 14:11:19-07:00
0,1,0,0,0,0,2021-07-05 23:12:41-07:00
0,0,0,0,0,0,2021-07-05 23:16:09-07:00
3,3,2,2,3,2,2021-07-15 09:53:30-07:00
0,0,0,0,0,0,2021-07-15 09:54:20-07:00
1,1,1,1,1,1,2021-07-16 15:28:05-07:00
0,0,0,0,0,0,2021-07-16 15:31:08-07:00
1,1,1,1,1,1,2021-07-18 17:10:15-07:00
0,0,0,0,0,0,2021-07-18 17:11:08-07:00
2,2,2,1,1,2,2021-07-18 22:17:54-07:00
4,2,3,1,1,2,2021-07-19 15:24:45-07:00
0,0,0,0,0,0,2021-07-19 19:13:13-07:00
7,4,1,1,3,2,2021-07-20 18:00:10-07:00
0,0,0,0,0,0,2021-07-20 18:01:28-07:00
5,3,2,1,1,2,2021-07-21 20:20:28-07:00
0,0,0,0,0,0,2021-07-21 20:23:02-07:00
2,3,1,1,1,2,2021-07-22 09:44:34-07:00
0,0,0,0,0,0,2021-07-22 09:46:45-07:00
3,4,0,0,1,0,2021-07-23 09:21:27-07:00
0,0,0,0,0,0,2021-07-23 09:24:08-07:00
1,1,0,0,0,0,2021-07-23 13:03:54-07:00
0,0,0,0,0,0,2021-07-23 13:04:57-07:00
1,1,0,0,0,0,2021-07-23 13:22:24-07:00
1,1,0,0,0,0,2021-07-23 13:24:21-07:00
1,2,0,0,0,0,2021-07-23 13:34:27-07:00
0,0,0,0,0,0,2021-07-23 13:35:06-07:00
1,1,0,0,0,0,2021-07-23 14:57:06-07:00
0,0,0,0,0,0,2021-07-23 14:58:13-07:00
1,1,0,0,0,0,2021-07-23 15:00:57-07:00
0,0,0,0,0,0,2021-07-23 15:12:13-07:00
1,1,0,0,0,0,2021-07-23 15:13:25-07:00
1,1,0,0,0,0,2021-07-23 15:29:03-07:00
1,1,0,0,0,0,2021-07-23 15:55:10-07:00
0,0,0,0,0,0,2021-07-23 15:56:00-07:00
0,0,0,0,0,0,2021-07-23 20:03:04-07:00
1,1,0,0,0,0,2021-07-23 20:05:44-07:00
1,1,0,0,0,0,2021-07-23 20:07:25-07:00
0,0,0,0,0,0,2021-07-24 09:02:59-07:00
0,0,0,0,0,0,2021-07-24 09:53:48-07:00
1,1,1,1,1,1,2021-07-24 10:19:47-07:00
0,0,0,0,0,0,2021-07-24 11:24:40-07:00
0,0,0,0,0,0,2021-07-24 12:07:37-07:00
0,0,0,0,0,0,2021-07-24 13:54:54-07:00
0,0,0,0,0,0,2021-07-24 13:55:25-07:00
0,0,0,0,0,0,2021-07-24 14:40:51-07:00
0,0,0,0,0,0,2021-08-05 08:48:10-07:00
0,0,0,0,0,0,2021-08-05 09:36:35-07:00
