Acquisition,Preparation,Modeling,Training,Evaluation,Prediction,time
0,0,0,0,0,0,2019-11-17 19:28:50-03:00
3,3,2,2,1,2,2019-11-17 19:31:53-03:00
1,2,1,1,1,1,2019-11-17 20:13:55-03:00
1,1,1,1,1,1,2019-11-17 23:51:24-03:00
0,0,0,0,0,0,2019-11-18 21:25:37-03:00
1,1,1,1,1,1,2019-11-18 22:02:58-03:00
1,1,1,1,1,1,2019-11-18 22:06:43-03:00
1,1,1,1,1,1,2019-11-18 22:08:45-03:00
1,1,1,1,1,1,2019-11-18 22:50:04-03:00
1,1,1,1,1,1,2019-11-18 23:02:32-03:00
0,0,0,0,0,0,2019-11-18 23:07:54-03:00
1,1,1,1,1,1,2019-11-18 23:31:57-03:00
1,1,1,1,1,1,2019-11-18 23:32:51-03:00
1,1,1,1,1,1,2019-11-18 23:38:52-03:00
1,1,1,1,1,1,2019-11-18 23:44:35-03:00
1,1,1,1,1,1,2019-11-18 23:45:39-03:00
1,1,1,1,1,1,2019-11-18 23:52:09-03:00
1,1,1,1,1,1,2019-11-19 13:03:39-03:00
2,2,1,1,1,1,2019-12-09 13:06:02-03:00
0,0,0,0,0,0,2019-12-09 13:11:34-03:00
2,2,1,1,1,1,2019-12-09 13:43:11-03:00
0,0,0,0,0,0,2019-12-09 15:19:58-03:00
0,0,0,0,0,0,2019-12-09 17:46:39-03:00
1,1,1,1,1,1,2019-12-09 20:14:55-03:00
1,1,1,1,1,1,2019-12-11 05:43:22-03:00
2,2,2,2,2,2,2019-12-12 00:31:31-03:00
1,1,1,1,1,1,2019-12-13 00:06:34-03:00
2,2,2,2,2,2,2019-12-17 00:31:55-03:00
4,4,2,2,2,2,2019-12-18 21:17:49-03:00
1,1,1,1,1,1,2019-12-24 02:39:42-03:00
4,4,2,2,2,2,2019-12-26 01:52:52-03:00
2,2,0,0,0,0,2019-12-26 02:10:47-03:00
2,2,1,1,1,1,2019-12-26 03:50:03-03:00
3,3,1,1,1,1,2019-12-26 03:50:18-03:00
2,2,2,2,2,2,2020-01-07 17:36:28-03:00
9,9,4,4,3,4,2020-01-09 10:24:07-03:00
0,0,0,0,0,0,2020-01-13 17:43:43-03:00
3,3,3,3,3,3,2020-01-13 17:49:22-03:00
0,0,0,0,0,0,2020-01-13 17:53:38-03:00
1,1,0,0,0,0,2020-01-13 18:15:28-03:00
2,2,1,1,1,1,2020-01-15 15:10:23-03:00
0,0,0,0,0,0,2020-01-15 15:58:33-03:00
0,0,0,0,0,0,2020-01-15 16:01:39-03:00
2,2,2,2,2,2,2020-01-15 21:51:42-03:00
2,2,2,2,2,2,2020-01-17 18:54:28-03:00
0,0,0,0,0,0,2020-01-19 06:15:16-03:00
2,2,0,0,0,0,2020-01-19 06:38:39-03:00
2,2,2,2,2,2,2020-01-19 06:49:54-03:00
2,2,0,0,0,0,2020-01-19 07:08:40-03:00
1,1,0,0,0,0,2020-01-19 08:57:05-03:00
5,5,2,2,2,2,2020-01-19 20:49:23-03:00
3,3,2,3,2,2,2020-01-26 18:22:56-03:00
5,5,5,5,5,5,2020-01-28 14:45:16-03:00
5,5,1,2,1,1,2020-02-01 19:02:21-03:00
1,1,1,1,1,1,2020-02-01 19:02:50-03:00
1,1,1,1,1,1,2020-02-01 19:03:21-03:00
2,2,2,2,2,2,2020-02-01 20:50:26-03:00
7,7,0,4,0,0,2020-02-03 16:45:30-03:00
2,2,0,2,0,0,2020-02-03 16:45:40-03:00
1,1,0,0,0,0,2020-02-03 17:02:54-03:00
1,1,0,0,0,0,2020-02-03 21:51:37-03:00
1,1,0,0,0,0,2020-02-04 22:12:15-03:00
2,2,1,1,1,1,2020-02-05 00:01:48-03:00
2,2,2,2,2,2,2020-02-07 16:18:07-03:00
2,2,2,2,2,2,2020-02-07 16:55:05-03:00
1,1,1,1,1,1,2020-02-07 16:56:29-03:00
6,6,2,6,2,2,2020-02-11 02:33:45-03:00
2,2,2,2,2,2,2020-02-12 21:28:24-03:00
0,0,0,0,0,0,2020-02-12 21:29:30-03:00
2,2,2,2,2,2,2020-02-17 22:17:10-03:00
0,0,0,0,0,0,2020-02-18 09:22:22-03:00
0,0,0,0,0,0,2020-02-18 13:33:35-03:00
2,2,2,2,2,2,2020-02-25 14:18:13-03:00
2,2,2,2,2,2,2020-02-27 12:54:16-03:00
2,2,2,2,2,2,2020-02-27 20:51:56-03:00
8,8,0,8,0,0,2020-03-04 02:12:12-03:00
3,3,2,3,2,2,2020-03-05 02:34:07-03:00
3,3,0,3,0,0,2020-03-05 02:34:43-03:00
5,5,2,5,2,2,2020-03-07 16:54:06-03:00
6,6,0,6,0,0,2020-03-08 22:16:05-03:00
0,0,0,0,0,0,2020-03-09 20:02:50-03:00
0,0,0,0,0,0,2020-03-09 20:19:43-03:00
2,2,2,2,2,2,2020-03-10 21:23:53-03:00
2,2,2,2,2,2,2020-03-24 16:45:50-03:00
2,2,2,2,2,2,2020-03-24 17:40:13-03:00
3,3,0,0,0,0,2020-03-25 00:40:17-03:00
2,2,2,2,2,2,2020-03-25 15:10:45-03:00
2,2,2,2,2,2,2020-03-27 03:05:47-03:00
3,3,0,0,0,0,2020-03-29 18:23:08-03:00
3,3,0,0,0,0,2020-04-09 02:21:47-03:00
1,1,0,0,0,0,2020-04-09 02:33:44-03:00
2,2,0,0,0,0,2020-04-09 02:35:56-03:00
3,3,0,0,0,0,2020-04-11 18:08:38-03:00
1,0,0,0,0,0,2020-06-17 22:33:32-03:00
3,3,0,0,0,0,2020-06-27 14:11:48-03:00
5,4,1,1,4,1,2020-06-28 20:16:17-03:00
3,3,0,0,3,0,2020-06-29 03:51:11-03:00
3,3,0,0,3,0,2020-06-30 16:16:42-03:00
3,3,0,0,3,0,2020-07-02 01:10:03-03:00
3,3,1,1,3,1,2020-07-06 02:27:57-03:00
4,4,1,1,4,1,2020-07-07 03:22:00-03:00
0,3,0,0,3,0,2020-07-07 18:07:05-03:00
2,5,2,2,5,2,2020-08-11 02:57:52-03:00
0,7,1,1,6,0,2020-08-11 22:47:28-03:00
1,0,0,0,1,0,2020-11-15 14:26:21-03:00
0,0,0,0,0,0,2021-03-11 16:37:28-03:00
