Acquisition,Preparation,Modeling,Training,Evaluation,Prediction,time
0,0,0,0,0,0,2021-02-01 11:41:59-05:00
0,0,0,0,0,0,2021-02-01 21:58:20-05:00
0,1,0,0,0,0,2021-02-01 21:59:03-05:00
0,0,0,0,0,0,2021-02-01 22:20:09-05:00
0,0,0,0,0,0,2021-02-01 22:20:49-05:00
0,0,0,0,0,0,2021-02-01 22:58:36-05:00
0,0,0,0,0,0,2021-02-01 22:58:58-05:00
0,0,0,0,0,0,2021-02-02 17:46:19-05:00
0,0,0,0,0,0,2021-02-03 20:29:59-05:00
0,0,0,0,0,0,2021-02-03 20:31:40-05:00
0,0,0,0,0,0,2021-02-03 20:32:16-05:00
0,0,0,0,0,0,2021-02-03 20:33:38-05:00
0,0,0,0,0,0,2021-02-03 20:37:57-05:00
0,0,0,0,0,0,2021-02-03 22:35:09-05:00
0,0,0,0,0,0,2021-02-03 22:35:34-05:00
0,1,0,0,0,0,2021-02-03 23:56:12-05:00
0,0,0,0,0,0,2021-02-04 09:49:03-05:00
0,0,0,0,0,0,2021-02-04 11:21:12-05:00
0,0,0,0,0,0,2021-02-04 22:55:37-05:00
0,0,0,0,0,0,2021-02-04 23:29:39-05:00
0,2,0,1,0,0,2021-02-05 00:46:53-05:00
0,1,0,1,0,0,2021-02-05 01:00:19-05:00
0,1,0,1,0,0,2021-02-05 01:03:35-05:00
0,0,0,0,0,0,2021-02-05 11:11:50-05:00
0,1,0,1,0,0,2021-02-05 11:18:45-05:00
0,0,0,0,0,0,2021-02-05 11:18:53-05:00
0,0,0,0,0,0,2021-02-12 10:08:12-05:00
0,0,0,0,0,0,2021-02-15 11:14:02-05:00
0,0,0,0,0,0,2021-02-15 11:22:33-05:00
0,0,0,0,0,0,2021-02-20 16:06:52-05:00
0,0,0,0,0,0,2021-02-20 16:07:08-05:00
0,0,0,0,0,0,2021-02-21 20:40:22-05:00
0,0,0,0,0,0,2021-03-07 22:30:43-05:00
0,1,0,1,0,0,2021-03-24 10:06:23-04:00
0,0,0,0,0,0,2021-03-24 10:07:22-04:00
0,1,0,1,0,0,2021-03-24 10:49:45-04:00
0,2,0,2,0,0,2021-03-24 14:14:19-04:00
0,1,0,1,0,0,2021-03-24 14:58:44-04:00
0,1,0,1,0,0,2021-03-24 15:11:30-04:00
0,1,0,1,0,0,2021-03-25 23:41:55-04:00
0,2,0,1,0,0,2021-04-11 21:48:12-04:00
0,1,0,0,0,0,2021-04-12 10:21:19-04:00
0,1,0,1,0,0,2021-04-12 12:57:40-04:00
0,1,1,1,0,1,2021-04-12 15:56:51-04:00
0,1,1,1,0,1,2021-04-12 18:27:26-04:00
0,1,1,0,0,0,2021-04-14 14:28:54-04:00
0,1,1,1,1,1,2021-04-16 11:45:40-04:00
0,1,1,1,1,1,2021-04-16 11:57:46-04:00
0,2,1,1,1,1,2021-04-18 16:50:40-04:00
1,2,2,1,0,1,2021-04-21 22:47:04-04:00
1,1,1,1,0,1,2021-04-21 22:54:24-04:00
1,1,1,1,0,1,2021-04-22 19:04:44-04:00
1,2,1,1,0,1,2021-04-27 09:33:54-04:00
2,3,2,2,0,1,2021-04-29 18:08:09-04:00
2,3,2,2,0,1,2021-04-30 12:21:27-04:00
0,0,0,0,0,0,2021-04-30 17:32:32-04:00
2,6,3,2,0,1,2021-05-01 19:34:23-04:00
1,3,1,2,0,1,2021-05-02 16:22:24-04:00
1,1,1,1,0,1,2021-05-02 16:50:24-04:00
0,1,0,0,0,0,2021-05-03 01:38:24-04:00
1,1,1,1,0,1,2021-05-03 13:34:20-04:00
0,0,0,0,0,0,2021-05-03 22:18:04-04:00
0,1,0,0,0,0,2021-05-03 22:19:06-04:00
0,0,0,0,0,0,2021-05-03 22:21:46-04:00
0,0,0,0,0,0,2021-05-03 23:11:06-04:00
0,0,0,0,0,0,2021-05-03 23:11:12-04:00
0,0,0,0,0,0,2021-05-03 23:40:41-04:00
0,0,0,0,0,0,2021-05-04 10:26:58-04:00
0,1,0,0,0,0,2021-05-04 16:55:15-04:00
0,1,0,0,0,0,2021-05-04 18:13:57-04:00
0,1,0,0,0,0,2021-05-05 12:58:55-04:00
0,0,0,0,0,0,2021-05-09 14:30:23-04:00
0,0,0,0,0,0,2021-05-09 15:03:06-04:00
