Acquisition,Preparation,Modeling,Training,Evaluation,Prediction,time
0,0,0,0,0,0,2019-08-21 21:58:21+02:00
0,0,0,0,0,0,2019-08-21 22:02:08+02:00
0,0,0,0,0,0,2019-08-27 21:36:45+02:00
0,0,0,0,0,0,2019-08-27 21:46:31+02:00
0,0,0,0,0,0,2019-08-27 21:49:44+02:00
0,0,0,0,0,0,2019-08-27 23:16:14+02:00
0,0,0,0,0,0,2019-08-27 23:17:35+02:00
0,0,0,0,0,0,2019-09-05 09:56:30+02:00
0,0,0,0,0,0,2019-09-05 09:57:51+02:00
0,0,0,0,0,0,2019-09-05 10:15:24+02:00
0,0,0,0,0,0,2019-09-05 10:16:31+02:00
0,0,0,0,0,0,2019-09-05 11:19:09+02:00
1,1,0,0,0,0,2019-09-05 12:49:09+02:00
1,1,0,0,0,0,2019-09-05 13:06:35+02:00
2,1,0,0,0,0,2019-09-05 15:00:06+02:00
0,0,0,0,0,0,2019-09-05 17:37:37+02:00
0,0,0,0,0,0,2019-09-17 10:20:02+02:00
1,1,1,0,0,0,2019-09-17 18:05:42+02:00
1,1,1,1,0,0,2019-09-20 20:46:53+02:00
2,2,1,1,0,0,2019-09-21 19:38:18+02:00
1,1,0,0,0,0,2019-09-21 23:24:34+02:00
0,0,0,0,0,0,2019-09-22 15:03:28+02:00
2,2,1,2,0,1,2019-09-22 16:44:02+02:00
1,1,0,0,0,0,2019-09-22 17:35:58+02:00
1,1,1,1,0,0,2019-09-22 17:56:34+02:00
2,2,0,1,0,1,2019-09-22 22:26:49+02:00
1,1,0,0,0,0,2019-09-23 14:27:13+02:00
2,2,0,1,0,1,2019-09-23 14:40:19+02:00
1,1,0,0,0,0,2019-09-24 00:02:30+02:00
1,1,0,1,0,0,2019-09-24 00:09:26+02:00
1,1,0,0,0,0,2019-09-24 14:03:35+02:00
1,1,0,0,0,0,2019-09-24 15:08:28+02:00
1,1,0,0,0,0,2019-09-27 16:26:13+02:00
1,1,0,0,0,0,2019-09-27 18:23:39+02:00
1,1,0,0,0,1,2019-09-27 20:45:27+02:00
0,0,0,0,0,0,2019-09-28 19:11:34+02:00
2,2,1,1,0,1,2019-09-28 22:36:50+02:00
1,1,0,0,0,1,2019-09-28 23:28:23+02:00
1,1,0,0,0,1,2019-09-29 11:23:50+02:00
1,1,0,0,0,1,2019-09-29 12:55:09+02:00
1,1,0,0,0,1,2019-09-29 14:49:14+02:00
1,1,0,0,0,1,2019-09-29 17:26:43+02:00
1,1,0,0,0,1,2019-09-29 19:53:54+02:00
0,0,0,0,0,0,2019-09-30 10:04:03+02:00
0,0,0,0,0,0,2019-09-30 10:21:14+02:00
0,0,0,0,0,0,2019-09-30 13:17:02+02:00
1,1,0,0,0,1,2019-10-01 18:13:25+02:00
1,1,0,0,0,1,2019-10-01 18:17:27+02:00
1,1,0,0,0,1,2019-10-01 19:12:01+02:00
1,1,0,0,0,1,2019-10-01 19:54:04+02:00
1,1,0,0,0,1,2019-10-01 20:24:38+02:00
1,1,0,0,0,1,2019-10-01 20:59:31+02:00
1,1,0,0,0,1,2019-10-01 23:00:53+02:00
1,1,0,0,0,1,2019-10-02 15:22:27+02:00
1,1,0,0,1,1,2019-10-02 15:53:06+02:00
1,1,0,0,1,1,2019-10-02 17:47:43+02:00
1,1,0,0,1,1,2019-10-02 19:13:02+02:00
0,1,0,0,0,0,2019-10-02 19:52:13+02:00
1,1,0,0,1,1,2019-10-02 20:00:29+02:00
1,1,1,1,1,1,2019-10-02 20:46:10+02:00
1,1,0,0,1,1,2019-10-02 20:51:48+02:00
1,1,1,2,1,1,2019-10-03 15:30:10+02:00
0,0,0,0,0,0,2019-10-04 18:55:57+02:00
1,1,0,1,1,1,2019-10-06 16:33:01+02:00
0,0,0,0,0,0,2019-10-06 18:04:11+02:00
0,0,0,0,0,0,2019-10-06 18:05:45+02:00
1,1,1,1,0,0,2019-10-06 18:06:26+02:00
2,4,3,4,2,1,2019-10-06 18:07:26+02:00
0,0,0,0,0,0,2019-10-06 18:11:26+02:00
0,0,0,0,0,0,2019-10-08 10:40:22+02:00
1,1,0,1,1,1,2019-10-12 15:47:58+02:00
0,0,0,0,0,0,2019-10-12 15:50:40+02:00
2,1,0,1,1,1,2019-10-12 16:13:12+02:00
2,1,0,1,1,1,2019-10-12 16:33:04+02:00
2,2,0,1,1,1,2019-10-12 19:01:34+02:00
2,2,0,1,1,1,2019-10-12 19:23:11+02:00
2,2,0,1,1,1,2019-10-12 20:20:03+02:00
1,1,0,1,1,1,2019-10-12 20:57:22+02:00
2,2,0,1,1,1,2019-10-12 23:09:11+02:00
2,2,0,1,1,1,2019-10-12 23:25:17+02:00
3,2,0,1,1,1,2019-10-13 01:30:16+02:00
2,1,0,0,0,0,2019-10-13 15:52:31+02:00
1,0,0,0,0,0,2019-10-13 16:00:53+02:00
2,2,0,1,1,1,2019-10-13 20:35:56+02:00
0,0,0,0,0,0,2019-10-13 20:36:24+02:00
1,1,0,0,0,0,2019-10-13 21:00:27+02:00
0,0,0,0,0,0,2019-10-14 10:55:36+02:00
0,0,1,1,0,0,2019-10-14 10:57:19+02:00
0,0,1,1,0,0,2019-10-14 10:59:38+02:00
1,1,0,0,0,0,2019-10-14 11:01:26+02:00
0,0,0,0,0,0,2019-10-14 11:02:17+02:00
0,0,0,0,0,0,2019-10-14 11:08:22+02:00
0,1,0,1,1,1,2019-10-14 11:31:31+02:00
1,2,0,1,1,1,2019-10-14 18:44:30+02:00
1,1,0,0,0,0,2019-10-14 18:55:42+02:00
0,0,0,0,0,0,2019-10-15 10:20:14+02:00
1,1,1,0,0,0,2019-10-16 00:13:10+02:00
1,1,0,0,0,0,2019-10-16 21:02:50+02:00
1,1,0,0,0,0,2019-10-16 21:42:32+02:00
0,1,0,1,1,1,2019-10-16 21:58:22+02:00
0,1,0,1,1,1,2019-10-16 21:58:53+02:00
0,1,0,1,1,1,2019-10-16 22:00:19+02:00
2,2,0,0,0,0,2019-10-16 22:20:50+02:00
1,1,0,0,0,0,2019-10-16 22:31:33+02:00
0,0,0,0,0,0,2019-10-26 13:39:43+02:00
0,1,0,1,1,1,2019-10-26 20:39:07+02:00
0,1,0,1,1,1,2019-10-26 22:02:00+02:00
1,1,1,0,0,0,2019-10-26 22:16:27+02:00
1,1,1,0,0,0,2019-10-26 22:25:56+02:00
0,0,0,0,0,0,2019-10-26 23:10:36+02:00
0,0,0,0,0,0,2019-10-26 23:12:20+02:00
0,0,1,1,0,0,2019-10-27 00:43:17+02:00
0,0,0,0,0,0,2019-10-27 00:59:52+02:00
0,0,0,0,0,0,2019-10-27 01:00:21+02:00
0,0,0,0,0,0,2019-10-27 01:04:18+02:00
1,1,0,0,0,0,2019-10-27 02:03:10+02:00
2,2,0,0,0,0,2019-10-27 16:16:29+01:00
1,1,0,0,0,0,2019-10-27 16:19:18+01:00
1,1,0,0,0,0,2019-10-27 17:51:11+01:00
1,1,1,1,0,0,2019-10-27 17:54:01+01:00
0,1,0,1,1,1,2019-10-29 11:46:18+01:00
1,1,1,1,0,0,2019-10-29 11:47:34+01:00
1,1,1,1,0,0,2019-10-31 11:51:51+01:00
0,0,0,0,0,0,2019-10-31 14:45:01+01:00
0,0,0,0,0,0,2019-10-31 15:55:16+01:00
0,0,0,0,0,0,2019-10-31 18:31:46+01:00
0,0,0,0,0,0,2019-10-31 20:46:09+01:00
0,0,0,0,0,0,2019-10-31 21:17:25+01:00
0,0,0,0,0,0,2019-10-31 21:33:50+01:00
0,0,0,0,0,0,2019-11-01 19:40:13+01:00
0,0,0,0,0,0,2019-11-01 19:48:12+01:00
0,0,0,0,0,0,2019-11-02 10:55:47+01:00
1,1,0,0,0,0,2019-11-03 21:52:57+01:00
0,0,0,0,0,0,2019-11-04 14:35:12+01:00
0,0,0,0,0,0,2019-11-04 14:43:19+01:00
0,0,0,0,0,0,2019-11-04 17:38:53+01:00
0,0,0,0,0,0,2019-11-04 20:11:15+01:00
0,0,0,0,0,0,2019-11-04 21:17:52+01:00
0,0,0,0,0,0,2019-11-05 10:31:01+01:00
0,0,0,0,0,0,2019-11-05 11:53:13+01:00
0,0,0,0,0,0,2019-11-05 12:19:11+01:00
0,0,0,0,0,0,2019-11-05 12:41:53+01:00
0,0,0,0,0,0,2019-11-06 15:13:59+01:00
0,0,0,0,0,0,2019-11-06 15:57:45+01:00
0,0,0,0,0,0,2019-11-06 17:35:21+01:00
1,1,1,1,0,0,2019-11-06 21:05:06+01:00
0,1,0,1,1,1,2019-11-06 21:06:09+01:00
0,1,0,0,0,0,2019-11-06 23:13:24+01:00
0,0,0,0,0,0,2019-11-07 11:36:20+01:00
0,0,0,0,0,0,2019-11-07 11:42:05+01:00
0,0,0,0,0,0,2019-11-07 13:46:18+01:00
0,0,0,0,0,0,2019-11-07 15:14:13+01:00
0,0,0,0,0,0,2019-11-07 20:07:22+01:00
0,0,0,0,0,0,2019-11-09 11:34:02+01:00
1,4,3,4,2,0,2019-11-09 11:41:31+01:00
0,2,0,0,0,0,2019-11-09 12:39:22+01:00
0,3,0,1,1,1,2019-11-09 15:12:10+01:00
0,0,0,0,0,0,2019-11-09 18:44:54+01:00
0,0,0,0,0,0,2019-11-11 10:48:43+01:00
0,0,0,0,0,0,2019-11-11 11:48:59+01:00
0,0,0,0,0,0,2019-11-11 14:13:45+01:00
1,1,0,0,0,0,2019-11-11 16:24:46+01:00
0,0,0,0,0,0,2019-11-11 16:50:00+01:00
0,0,0,0,0,0,2019-11-11 17:30:05+01:00
0,0,0,0,0,0,2019-11-11 21:02:19+01:00
0,0,0,0,0,0,2019-11-11 22:30:13+01:00
0,0,0,0,0,0,2019-11-12 10:26:18+01:00
0,0,0,0,0,0,2019-11-12 12:01:43+01:00
0,0,0,0,0,0,2019-11-12 12:41:50+01:00
0,0,0,0,0,0,2019-11-12 13:06:37+01:00
1,1,0,0,0,0,2019-11-12 16:37:54+01:00
0,0,0,0,0,0,2019-11-12 16:38:44+01:00
0,0,0,0,0,0,2019-11-12 20:50:31+01:00
0,0,0,0,0,0,2019-11-12 20:51:02+01:00
1,1,0,0,0,1,2019-11-12 22:06:22+01:00
0,0,0,0,0,0,2019-11-13 12:41:39+01:00
1,1,0,0,0,1,2019-11-13 16:03:02+01:00
0,0,0,0,0,0,2019-11-13 19:04:12+01:00
1,1,0,0,0,1,2019-11-13 20:17:38+01:00
1,1,1,1,0,0,2019-11-14 10:23:03+01:00
1,1,0,0,0,1,2019-11-14 14:12:18+01:00
1,2,0,0,0,0,2019-11-14 16:33:01+01:00
0,0,0,0,0,0,2019-11-15 11:01:43+01:00
0,0,0,0,0,0,2019-11-15 11:39:26+01:00
0,0,0,0,0,0,2019-11-15 13:48:02+01:00
1,1,0,0,0,0,2019-11-15 14:03:01+01:00
1,1,0,0,0,0,2019-11-15 14:15:06+01:00
1,1,0,0,0,1,2019-11-15 15:36:12+01:00
0,0,0,0,0,0,2019-11-15 17:56:10+01:00
0,0,0,0,0,0,2019-11-15 18:48:17+01:00
0,0,0,0,0,0,2019-11-15 19:49:35+01:00
0,0,0,0,0,0,2019-11-17 13:33:11+01:00
0,0,0,0,0,0,2019-11-17 15:09:15+01:00
0,0,0,0,0,0,2019-11-17 16:11:22+01:00
0,0,0,0,0,0,2019-11-17 17:45:12+01:00
0,2,0,0,0,0,2019-11-17 19:55:23+01:00
0,0,0,0,0,0,2019-11-17 20:07:46+01:00
0,0,0,0,0,0,2019-11-18 12:07:33+01:00
0,0,0,0,0,0,2019-11-18 12:28:34+01:00
0,0,0,0,0,0,2019-11-18 12:31:47+01:00
0,0,0,0,0,0,2019-11-18 17:32:24+01:00
0,0,0,0,0,0,2019-11-18 23:35:40+01:00
0,0,0,0,0,0,2019-11-19 10:50:43+01:00
0,1,0,0,0,0,2019-11-19 13:41:20+01:00
2,5,0,0,0,2,2019-11-19 14:11:57+01:00
0,0,0,0,0,0,2019-11-26 17:37:48+01:00
0,0,0,0,0,0,2019-11-27 16:34:40+01:00
0,0,0,0,0,0,2019-11-27 16:53:07+01:00
0,0,0,0,0,0,2019-11-27 18:25:57+01:00
0,0,0,0,0,0,2019-11-28 12:20:28+01:00
0,0,0,0,0,0,2019-11-28 12:56:18+01:00
0,0,0,0,0,0,2019-11-28 14:39:17+01:00
0,0,0,0,0,0,2019-11-28 15:01:42+01:00
0,0,0,0,0,0,2019-11-28 17:00:13+01:00
0,0,0,0,0,0,2019-11-29 19:41:14+01:00
0,0,0,0,0,0,2019-11-29 19:42:04+01:00
0,0,0,0,0,0,2019-11-29 20:11:18+01:00
0,0,0,0,0,0,2019-11-30 15:10:30+01:00
0,0,0,0,0,0,2019-11-30 15:16:24+01:00
0,0,0,0,0,0,2019-11-30 15:35:47+01:00
0,0,0,0,0,0,2019-11-30 15:43:48+01:00
0,0,0,0,0,0,2019-11-30 19:05:47+01:00
0,0,0,0,0,0,2019-11-30 20:25:38+01:00
0,0,0,0,0,0,2019-12-01 17:53:16+01:00
0,0,0,0,0,0,2019-12-02 12:30:06+01:00
0,0,0,0,0,0,2019-12-02 16:19:44+01:00
0,0,0,0,0,0,2019-12-03 10:22:25+01:00
0,0,0,0,0,0,2019-12-03 10:28:10+01:00
0,0,0,0,0,0,2019-12-03 15:53:31+01:00
0,0,0,0,0,0,2019-12-04 15:07:25+01:00
0,0,0,0,0,0,2019-12-04 18:25:34+01:00
0,0,0,0,0,0,2019-12-05 14:27:57+01:00
0,0,0,0,0,0,2019-12-06 15:44:06+01:00
0,0,0,0,0,0,2019-12-07 13:28:55+01:00
0,0,0,0,0,0,2019-12-07 13:48:33+01:00
0,0,0,0,0,0,2019-12-07 14:02:44+01:00
0,0,0,0,0,0,2019-12-07 16:06:31+01:00
0,0,0,0,0,0,2019-12-08 17:23:02+01:00
0,0,0,0,0,0,2019-12-08 17:40:20+01:00
0,0,0,0,0,0,2019-12-09 10:38:31+01:00
0,0,0,0,0,0,2019-12-09 11:45:56+01:00
0,0,0,0,0,0,2019-12-09 12:28:59+01:00
0,0,0,0,0,0,2019-12-09 13:38:49+01:00
0,0,0,0,0,0,2019-12-09 16:05:03+01:00
0,0,0,0,0,0,2019-12-09 17:52:26+01:00
0,0,0,0,0,0,2019-12-09 18:06:28+01:00
2,3,2,2,0,0,2019-12-09 19:42:11+01:00
1,2,1,1,0,0,2019-12-09 22:25:32+01:00
0,0,0,0,0,0,2019-12-10 11:40:07+01:00
0,0,0,0,0,0,2019-12-10 15:41:48+01:00
1,1,0,0,0,1,2019-12-10 22:38:50+01:00
0,0,0,0,0,0,2019-12-11 20:02:34+01:00
0,0,0,0,0,0,2019-12-11 21:24:12+01:00
1,1,1,0,0,0,2019-12-11 21:42:11+01:00
1,1,1,1,0,0,2019-12-11 21:43:54+01:00
0,1,0,0,0,0,2019-12-11 22:04:16+01:00
0,1,0,0,0,0,2019-12-11 22:09:31+01:00
0,1,0,0,0,0,2019-12-11 22:13:23+01:00
0,0,0,0,0,0,2019-12-11 22:30:54+01:00
0,1,0,0,0,0,2019-12-11 23:04:58+01:00
0,0,0,0,0,0,2019-12-11 23:07:12+01:00
0,0,0,0,0,0,2019-12-11 23:12:55+01:00
0,1,0,0,0,0,2019-12-11 23:32:31+01:00
0,0,0,0,0,0,2019-12-12 12:59:03+01:00
0,0,0,0,0,0,2019-12-12 21:11:15+01:00
1,2,1,2,2,1,2019-12-12 22:57:05+01:00
0,0,0,0,0,0,2019-12-12 23:14:55+01:00
1,1,1,1,1,0,2019-12-13 09:48:20+01:00
0,0,0,0,0,0,2019-12-13 17:46:36+01:00
0,1,0,0,0,0,2019-12-13 22:48:26+01:00
0,1,0,0,0,0,2019-12-13 23:27:08+01:00
0,1,0,0,0,0,2019-12-13 23:50:45+01:00
0,0,0,0,0,0,2019-12-13 23:59:27+01:00
0,0,0,0,0,0,2019-12-14 00:02:30+01:00
1,1,0,0,0,1,2019-12-14 19:59:04+01:00
0,2,0,1,2,2,2019-12-14 20:27:06+01:00
0,2,0,0,1,1,2019-12-14 21:28:28+01:00
0,2,0,0,1,1,2019-12-14 22:03:48+01:00
0,1,0,0,1,1,2019-12-14 22:46:13+01:00
0,0,0,0,0,0,2019-12-15 00:09:58+01:00
0,0,0,0,0,0,2019-12-15 20:04:07+01:00
0,1,0,0,1,1,2019-12-15 20:35:05+01:00
0,1,0,0,1,1,2019-12-15 23:14:47+01:00
0,1,0,0,1,1,2019-12-16 00:33:29+01:00
0,0,0,0,0,0,2019-12-16 13:16:03+01:00
0,0,0,0,0,0,2019-12-16 18:05:23+01:00
0,0,0,0,0,0,2019-12-16 18:37:42+01:00
0,0,0,0,0,0,2019-12-17 13:11:56+01:00
0,0,0,0,0,0,2019-12-17 14:18:00+01:00
0,0,0,0,0,0,2019-12-20 14:41:32+01:00
0,0,0,0,0,0,2019-12-20 19:47:44+01:00
0,0,0,0,0,0,2019-12-20 22:02:30+01:00
0,0,0,0,0,0,2020-01-03 15:47:28+01:00
0,0,0,0,0,0,2020-01-09 13:18:54+01:00
0,0,0,0,0,0,2020-01-09 16:03:37+01:00
0,0,0,0,0,0,2020-01-10 10:15:49+01:00
0,0,0,0,0,0,2020-01-10 13:53:28+01:00
0,0,0,0,0,0,2020-01-13 12:16:32+01:00
0,0,0,0,0,0,2020-01-13 14:22:20+01:00
0,0,0,0,0,0,2020-01-13 16:28:32+01:00
0,0,0,0,0,0,2020-01-14 11:43:06+01:00
0,0,0,0,0,0,2020-01-14 13:13:50+01:00
0,0,0,0,0,0,2020-01-14 14:41:17+01:00
0,0,0,0,0,0,2020-01-14 14:50:49+01:00
0,0,0,0,0,0,2020-01-14 14:58:02+01:00
0,0,0,0,0,0,2020-01-15 09:04:39+01:00
0,0,0,0,0,0,2020-01-15 10:54:33+01:00
0,0,0,0,0,0,2020-01-15 15:07:39+01:00
0,0,0,0,0,0,2020-01-15 16:24:58+01:00
0,0,0,0,0,0,2020-01-16 11:41:37+01:00
0,1,0,0,0,0,2020-01-17 09:30:54+01:00
0,1,0,0,1,1,2020-01-17 09:32:40+01:00
0,0,0,1,0,0,2020-01-17 09:33:30+01:00
0,0,0,0,0,0,2020-01-17 09:35:51+01:00
1,1,1,1,1,0,2020-01-17 09:38:13+01:00
0,0,0,0,0,0,2020-01-17 09:50:05+01:00
0,1,0,0,0,0,2020-01-17 14:03:52+01:00
0,1,0,0,0,0,2020-01-17 15:40:04+01:00
0,0,0,0,0,0,2020-01-19 12:58:28+01:00
0,0,0,0,0,0,2020-01-19 14:59:39+01:00
0,0,0,0,0,0,2020-01-20 11:32:58+01:00
0,0,0,0,0,0,2020-01-20 15:44:49+01:00
0,0,0,0,0,0,2020-01-20 17:15:00+01:00
0,0,0,0,0,0,2020-01-21 14:55:29+01:00
0,0,0,0,0,0,2020-01-21 16:20:06+01:00
0,0,0,0,0,0,2020-01-22 11:04:40+01:00
0,0,0,0,0,0,2020-01-22 11:18:15+01:00
0,0,0,0,0,0,2020-01-22 11:26:43+01:00
1,1,1,1,1,0,2020-01-22 17:58:32+01:00
0,0,0,0,0,0,2020-01-29 14:45:55+01:00
0,0,0,0,0,0,2020-01-29 14:48:09+01:00
0,0,0,0,0,0,2020-01-30 11:53:32+01:00
0,0,0,0,0,0,2020-01-30 11:59:01+01:00
0,0,0,0,0,0,2020-01-30 15:21:46+01:00
0,0,0,0,0,0,2020-01-30 15:23:43+01:00
0,1,0,0,0,0,2020-01-31 12:16:42+01:00
1,1,1,1,1,0,2020-01-31 12:25:29+01:00
0,0,0,0,0,0,2020-01-31 12:58:03+01:00
