Acquisition,Preparation,Modeling,Training,Evaluation,Prediction,time
0,0,0,0,0,0,2019-12-01 22:59:24+01:00
1,1,0,0,1,0,2019-12-01 23:30:29+01:00
2,2,0,0,1,0,2019-12-02 22:13:57+01:00
1,1,0,0,0,0,2019-12-02 22:17:18+01:00
2,2,1,1,1,0,2019-12-03 23:57:03+01:00
2,2,1,1,1,0,2019-12-04 01:32:31+01:00
2,2,2,2,1,1,2019-12-04 19:58:11+01:00
0,0,0,0,0,0,2019-12-07 16:53:31+01:00
4,4,3,4,2,1,2019-12-08 00:57:08+01:00
1,1,1,1,1,1,2019-12-08 15:07:59+01:00
0,0,0,0,0,0,2020-01-13 15:05:55+01:00
1,1,1,1,1,1,2020-01-13 15:08:11+01:00
5,5,2,3,1,1,2020-01-13 17:40:59+01:00
4,4,2,3,1,2,2020-01-14 14:02:54+01:00
4,4,3,3,1,3,2020-01-16 20:44:13+01:00
2,2,1,2,2,1,2020-01-17 10:38:24+01:00
0,0,0,0,0,0,2020-01-24 09:01:02+01:00
2,2,2,2,0,2,2020-01-24 09:05:35+01:00
0,0,0,0,0,0,2020-01-24 09:08:55+01:00
0,0,0,0,0,0,2020-01-24 09:54:59+01:00
0,0,0,0,0,0,2020-01-26 13:27:07+01:00
0,0,0,0,0,0,2020-01-28 11:46:08+01:00
0,0,0,0,0,0,2020-01-31 13:21:55+01:00
0,0,0,0,0,0,2020-01-31 17:45:34+01:00
0,0,0,0,0,0,2020-01-31 19:41:00+01:00
0,0,0,0,0,0,2020-01-31 19:41:05+01:00
0,0,0,0,0,0,2020-01-31 18:42:03+00:00
4,4,3,4,1,3,2020-01-31 23:16:32+01:00
0,0,0,0,0,0,2020-02-24 20:12:05+00:00
0,0,0,0,0,0,2020-03-15 20:07:53+01:00
0,0,0,0,0,0,2020-03-15 20:08:40+01:00
0,0,0,0,0,0,2020-03-24 18:09:05+00:00
1,1,1,1,0,1,2020-03-30 10:36:19+02:00
1,1,1,1,0,1,2020-03-30 23:42:44+02:00
0,0,0,0,0,0,2020-03-31 09:32:22+02:00
0,0,0,0,0,0,2020-03-31 07:32:48+00:00
0,0,0,0,0,0,2020-03-31 09:35:27+02:00
2,2,2,2,0,2,2020-03-31 15:39:21+02:00
4,4,4,4,0,3,2020-04-06 10:02:32+02:00
1,1,1,1,0,1,2020-04-06 21:35:17+02:00
0,0,0,0,0,0,2020-04-06 19:36:50+00:00
0,0,0,0,0,0,2020-04-06 22:03:00+02:00
9,9,6,8,2,5,2020-04-06 23:04:51+02:00
0,0,0,0,0,0,2020-04-06 23:05:27+02:00
1,1,1,1,0,1,2020-04-06 22:54:47+02:00
0,0,0,0,0,0,2020-04-06 22:58:12+02:00
1,1,1,1,0,1,2020-04-07 00:12:41+02:00
0,0,0,0,0,0,2020-04-07 11:17:54+02:00
1,1,1,1,0,1,2020-04-07 11:19:02+02:00
0,0,0,0,0,0,2020-10-27 22:27:17+00:00
0,0,0,0,0,0,2020-10-27 23:37:17+01:00
0,0,0,0,0,0,2020-11-18 22:28:16+00:00
0,0,0,0,0,0,2020-11-19 11:02:24+01:00
0,0,0,0,0,0,2021-01-07 23:29:01+00:00
0,0,0,0,0,0,2021-02-02 09:51:03+01:00
0,0,0,0,0,0,2021-02-02 22:27:09+00:00
0,0,0,0,0,0,2021-02-03 08:21:01+01:00
0,0,0,0,0,0,2021-02-10 02:00:53+00:00
0,0,0,0,0,0,2021-02-12 18:56:29+01:00
0,0,0,0,0,0,2021-03-20 02:59:00+00:00
0,0,0,0,0,0,2021-03-20 14:14:18+01:00
0,0,0,0,0,0,2021-03-25 23:20:08+00:00
0,0,0,0,0,0,2021-03-26 00:41:35+01:00
0,0,0,0,0,0,2021-03-25 23:42:01+00:00
0,0,0,0,0,0,2021-03-26 00:43:11+01:00
0,0,0,0,0,0,2021-03-29 21:48:54+00:00
0,0,0,0,0,0,2021-04-01 12:57:40+02:00
0,0,0,0,0,0,2021-06-02 01:23:12+00:00
0,0,0,0,0,0,2021-06-02 08:37:13+02:00
0,0,0,0,0,0,2021-08-09 20:51:12+00:00
0,0,0,0,0,0,2021-08-17 13:07:10+02:00
0,0,0,0,0,0,2021-08-23 20:36:38+00:00
0,0,0,0,0,0,2021-08-24 09:44:08+02:00
0,0,0,0,0,0,2021-12-13 20:37:29+00:00
0,0,0,0,0,0,2021-12-28 11:28:07+01:00
0,0,0,0,0,0,2022-01-21 20:12:05+00:00
0,0,0,0,0,0,2022-01-24 09:35:18+01:00
0,0,0,0,0,0,2022-01-24 08:35:48+00:00
0,0,0,0,0,0,2022-01-24 09:36:51+01:00
0,0,0,0,0,0,2022-04-06 18:59:08+00:00
0,0,0,0,0,0,2022-04-07 00:45:52+02:00
0,0,0,0,0,0,2022-06-17 00:07:39+00:00
0,0,0,0,0,0,2022-06-17 13:33:15+02:00
0,0,0,0,0,0,2022-06-22 02:34:19+00:00
0,0,0,0,0,0,2022-07-06 20:34:57+00:00
0,0,0,0,0,0,2022-07-07 15:48:18+02:00
0,0,0,0,0,0,2022-07-07 15:48:28+02:00
