Acquisition,Preparation,Modeling,Training,Evaluation,Prediction,time
0,0,0,0,0,0,2017-12-01 20:52:01+01:00
0,0,0,0,0,0,2017-12-01 20:58:03+01:00
0,1,0,0,0,0,2017-12-01 21:17:02+01:00
1,0,0,0,0,0,2017-12-01 22:04:25+01:00
1,0,0,0,0,0,2017-12-01 22:37:13+01:00
0,1,0,0,0,0,2017-12-01 22:59:23+01:00
0,3,0,0,0,0,2017-12-01 23:39:33+01:00
0,1,0,0,0,0,2017-12-01 23:47:45+01:00
1,1,0,0,0,0,2017-12-02 00:11:15+01:00
1,1,0,0,0,0,2017-12-02 00:53:42+01:00
1,1,0,0,0,0,2017-12-02 00:53:50+01:00
0,0,0,0,0,0,2017-12-02 00:53:54+01:00
0,2,0,0,0,0,2017-12-02 00:54:20+01:00
0,0,0,0,0,0,2017-12-02 00:54:42+01:00
1,1,0,0,0,0,2017-12-02 01:09:13+01:00
0,0,0,0,0,0,2017-12-02 01:09:23+01:00
0,1,0,0,0,0,2017-12-02 00:10:26+00:00
0,0,0,0,0,0,2017-12-02 00:10:40+00:00
0,0,0,0,0,0,2017-12-02 01:43:37+01:00
0,0,0,0,0,0,2017-12-02 01:43:44+01:00
0,0,0,0,0,0,2017-12-02 02:10:04+01:00
0,2,0,0,0,0,2017-12-02 02:55:19+01:00
0,2,0,0,0,0,2017-12-02 03:02:39+01:00
0,0,0,0,0,0,2017-12-02 03:02:46+01:00
0,0,0,0,0,0,2017-12-02 03:12:09+01:00
0,0,0,0,0,0,2017-12-02 03:20:03+01:00
1,1,0,1,0,0,2017-12-02 03:38:56+01:00
2,7,0,2,0,0,2017-12-02 04:14:37+01:00
2,4,0,2,0,0,2017-12-02 04:54:45+01:00
0,2,0,1,0,0,2017-12-02 09:02:16+01:00
3,6,0,1,0,0,2017-12-02 09:13:58+01:00
1,1,0,1,0,0,2017-12-02 10:10:41+01:00
1,3,0,2,0,0,2017-12-02 10:18:29+01:00
1,2,0,1,0,0,2017-12-02 10:54:11+01:00
1,2,0,1,0,0,2017-12-02 11:22:49+01:00
1,1,0,1,0,0,2017-12-02 11:28:48+01:00
0,0,0,0,0,0,2017-12-02 11:42:53+01:00
1,1,0,0,0,0,2017-12-02 11:55:29+01:00
0,0,0,0,0,0,2017-12-02 11:55:36+01:00
1,2,0,2,0,0,2017-12-02 13:22:40+01:00
0,1,0,0,0,0,2017-12-02 13:58:47+01:00
0,0,0,0,0,0,2017-12-02 14:05:03+01:00
0,0,0,0,0,0,2017-12-02 14:05:07+01:00
1,2,0,1,0,0,2017-12-02 14:18:42+01:00
0,0,0,0,0,0,2017-12-02 14:18:51+01:00
0,2,0,1,0,0,2017-12-02 14:31:25+01:00
0,0,0,0,0,0,2017-12-02 14:31:32+01:00
1,2,0,2,0,0,2017-12-02 14:35:23+01:00
0,0,0,0,0,0,2017-12-02 14:36:35+01:00
0,1,0,1,0,0,2017-12-02 14:37:41+01:00
0,1,0,1,0,0,2017-12-02 14:49:17+01:00
0,0,0,0,0,0,2017-12-02 14:49:20+01:00
0,1,0,1,0,0,2017-12-02 14:52:12+01:00
0,1,0,1,0,0,2017-12-02 17:39:32+01:00
0,1,0,1,0,0,2017-12-02 17:56:10+01:00
0,0,0,0,0,0,2017-12-02 19:14:52+01:00
0,0,0,0,0,0,2017-12-02 21:13:31+01:00
0,0,0,0,0,0,2017-12-02 21:16:51+01:00
