Acquisition,Preparation,Modeling,Training,Evaluation,Prediction,time
0,0,0,0,0,0,2019-01-15 13:50:06-08:00
0,0,0,0,0,0,2019-01-15 14:01:45-08:00
0,0,0,0,0,0,2019-01-15 14:16:17-08:00
0,0,0,0,0,0,2019-01-15 14:16:50-08:00
0,0,0,0,0,0,2019-01-15 14:17:25-08:00
0,0,0,0,0,0,2019-01-15 14:20:58-08:00
0,0,0,0,0,0,2019-01-15 14:22:37-08:00
0,0,0,0,0,0,2019-01-15 14:23:56-08:00
0,0,0,0,0,0,2019-01-15 15:16:20-08:00
0,1,0,0,1,0,2019-01-15 18:58:01-08:00
0,0,0,0,0,0,2019-01-15 18:58:32-08:00
0,1,1,0,1,0,2019-01-17 18:51:07-08:00
0,0,0,0,0,0,2019-01-17 18:51:21-08:00
0,0,0,0,0,0,2019-01-17 18:51:58-08:00
1,1,1,0,1,0,2019-01-19 22:10:25-08:00
0,0,0,0,0,0,2019-01-19 22:10:49-08:00
0,0,0,0,0,0,2019-01-19 22:11:13-08:00
1,1,1,0,1,0,2019-01-19 22:30:25-08:00
0,0,0,0,0,0,2019-01-19 22:35:49-08:00
0,0,0,0,0,0,2019-01-19 22:38:23-08:00
0,0,0,0,0,0,2019-01-19 22:39:40-08:00
0,0,0,0,0,0,2019-01-20 13:24:26-08:00
0,0,0,0,0,0,2019-01-20 13:24:59-08:00
0,0,0,0,0,0,2019-01-24 12:56:45-08:00
0,0,0,0,0,0,2019-02-07 10:39:37-08:00
1,1,0,0,0,0,2019-02-08 14:53:03-08:00
1,0,0,0,0,0,2019-02-08 14:53:19-08:00
0,0,0,0,0,0,2019-02-08 14:53:35-08:00
0,0,0,0,0,0,2019-02-08 17:40:07-08:00
1,2,0,0,0,0,2019-02-08 17:44:49-08:00
0,0,0,0,0,0,2019-02-11 11:37:19-08:00
1,1,0,0,0,0,2019-02-11 13:52:44-08:00
0,0,0,0,0,0,2019-02-13 12:20:10-08:00
0,0,0,0,0,0,2019-02-13 12:23:11-08:00
2,4,0,0,0,0,2019-02-13 16:30:04-08:00
0,1,0,0,0,0,2019-02-13 16:42:01-08:00
0,0,0,0,0,0,2019-02-13 22:42:49-08:00
0,0,0,0,0,0,2019-02-13 22:43:30-08:00
2,2,0,0,0,0,2019-02-14 18:21:40-08:00
0,0,0,0,0,0,2019-02-14 18:22:29-08:00
1,1,0,0,0,0,2019-02-14 19:13:40-08:00
1,1,0,0,0,0,2019-02-14 19:32:41-08:00
0,0,0,0,0,0,2019-02-14 19:40:54-08:00
0,0,0,0,0,0,2019-02-14 19:48:50-08:00
0,0,0,0,0,0,2019-02-14 19:52:18-08:00
1,1,0,0,0,0,2019-02-14 20:14:59-08:00
0,0,0,0,0,0,2019-02-14 20:15:28-08:00
0,0,0,0,0,0,2019-02-14 20:52:16-08:00
0,0,0,0,0,0,2019-02-14 21:14:17-08:00
1,1,0,0,0,0,2019-02-14 21:33:04-08:00
2,2,0,0,0,0,2019-02-15 17:20:48-08:00
1,1,0,0,0,0,2019-02-15 17:22:51-08:00
1,1,0,0,0,0,2019-02-15 17:23:38-08:00
2,2,0,0,0,0,2019-02-15 20:52:32-08:00
0,0,0,0,0,0,2019-02-15 20:53:31-08:00
2,2,0,0,0,0,2019-02-15 22:05:45-08:00
1,1,0,0,0,0,2019-02-15 22:29:05-08:00
3,3,0,0,0,0,2019-02-15 22:57:02-08:00
2,2,0,0,0,0,2019-02-16 15:37:58-08:00
2,2,0,0,0,0,2019-02-19 22:26:45-08:00
2,2,0,0,0,0,2019-02-20 12:59:26-08:00
1,1,0,0,0,0,2019-02-20 13:04:43-08:00
0,0,0,0,0,0,2019-02-25 17:35:53-08:00
1,2,0,0,1,0,2019-02-26 11:44:41-08:00
1,1,0,0,1,0,2019-02-26 12:51:28-08:00
0,0,0,0,0,0,2019-02-26 12:53:30-08:00
0,0,0,0,0,0,2019-02-26 12:54:59-08:00
0,0,0,0,0,0,2019-02-26 12:55:06-08:00
1,1,0,0,1,0,2019-02-26 22:48:03-08:00
0,0,0,0,0,0,2019-02-28 11:53:31-08:00
1,1,0,1,0,0,2019-02-28 11:53:51-08:00
1,1,1,0,0,0,2019-02-28 11:54:05-08:00
1,1,0,0,0,0,2019-02-28 11:54:20-08:00
0,0,0,0,0,0,2019-02-28 11:55:05-08:00
1,1,0,1,0,0,2019-02-28 12:04:17-08:00
1,1,0,1,0,0,2019-02-28 16:48:40-08:00
1,1,1,0,1,0,2019-03-02 16:21:55-08:00
0,0,0,0,0,0,2019-03-02 16:22:07-08:00
1,1,0,1,0,0,2019-03-02 16:22:36-08:00
1,1,0,0,0,0,2019-03-02 16:22:50-08:00
0,0,0,0,0,0,2019-03-02 16:52:37-08:00
0,0,0,0,0,0,2019-03-02 17:53:53-08:00
1,1,0,1,0,0,2019-03-02 18:06:46-08:00
1,1,0,1,0,0,2019-03-02 19:09:49-08:00
1,1,0,0,0,0,2019-03-02 19:10:12-08:00
1,1,0,0,0,0,2019-03-02 19:10:32-08:00
0,0,0,0,0,0,2019-03-02 19:10:52-08:00
1,1,0,0,0,0,2019-03-02 19:31:55-08:00
1,1,0,0,0,0,2019-03-02 19:36:18-08:00
0,0,0,0,0,0,2019-03-03 13:26:23-08:00
0,0,0,0,0,0,2019-03-03 13:44:47-08:00
0,0,0,0,0,0,2019-03-14 12:01:27-07:00
1,1,1,0,1,0,2019-03-14 12:05:44-07:00
1,1,0,1,0,0,2019-03-14 12:06:16-07:00
1,1,0,1,0,0,2019-03-14 12:06:56-07:00
1,1,1,1,0,0,2019-03-17 18:09:35-07:00
0,0,0,0,0,0,2019-03-19 17:29:04-07:00
0,0,0,0,0,0,2019-03-19 18:49:12-07:00
1,1,0,0,1,0,2019-03-26 13:22:31-07:00
1,1,0,0,1,0,2019-03-26 13:25:11-07:00
1,1,0,0,1,0,2019-03-26 13:26:45-07:00
0,0,0,0,0,0,2019-03-26 20:43:46-07:00
1,1,1,1,0,0,2019-03-26 20:44:06-07:00
1,1,0,1,0,1,2019-03-27 21:51:10-05:00
0,0,0,0,0,0,2019-03-27 21:51:40-05:00
0,0,0,0,0,0,2019-03-27 21:52:00-05:00
1,1,1,1,0,0,2019-03-27 21:52:56-05:00
0,0,0,0,0,0,2019-03-27 21:55:08-05:00
1,1,0,0,0,0,2019-04-03 16:21:18-05:00
1,1,0,0,0,0,2019-04-03 16:21:53-05:00
1,1,0,1,0,1,2019-04-03 16:22:36-05:00
0,0,0,0,0,0,2019-04-03 16:22:57-05:00
0,0,0,0,0,0,2019-04-03 16:23:27-05:00
0,0,0,0,0,0,2019-04-03 16:24:00-05:00
0,0,0,0,0,0,2019-04-03 16:24:30-05:00
0,0,0,0,0,0,2019-04-04 10:42:25-05:00
0,0,0,0,0,0,2019-04-04 16:57:39-04:00
0,0,0,0,0,0,2019-04-04 16:57:56-04:00
0,0,0,0,0,0,2019-04-04 17:00:07-04:00
0,0,0,0,0,0,2019-04-04 17:01:48-04:00
0,0,0,0,0,0,2019-04-29 15:50:25-05:00
