Acquisition,Preparation,Modeling,Training,Evaluation,Prediction,time
17,33,2,0,5,0,2020-06-22 13:05:55-04:00
0,1,0,0,0,0,2020-06-22 13:19:20-04:00
0,1,0,0,0,0,2020-06-22 13:30:51-04:00
0,0,0,0,0,0,2020-06-22 13:35:18-04:00
0,0,0,0,0,0,2020-06-22 13:36:57-04:00
0,1,0,0,0,0,2020-06-22 14:27:50-04:00
0,1,0,0,0,0,2020-06-22 14:43:32-04:00
0,0,0,0,0,0,2020-06-22 14:46:24-04:00
0,0,0,0,0,0,2020-06-22 14:48:32-04:00
0,0,0,0,0,0,2020-06-22 14:49:28-04:00
0,1,0,0,0,0,2020-06-22 15:17:02-04:00
0,1,0,0,0,0,2020-06-22 15:41:24-04:00
0,1,0,0,0,0,2020-06-22 15:42:41-04:00
0,1,0,0,0,0,2020-06-23 09:40:13-04:00
0,1,0,0,0,0,2020-06-23 11:25:16-04:00
1,2,0,0,0,0,2020-06-23 12:10:01-04:00
0,1,0,0,0,0,2020-06-23 12:23:07-04:00
1,1,0,0,0,0,2020-06-23 12:36:26-04:00
1,1,0,0,0,0,2020-06-23 12:39:38-04:00
1,1,0,0,0,0,2020-06-23 12:45:40-04:00
1,1,0,0,0,0,2020-06-23 12:46:46-04:00
1,1,0,0,0,0,2020-06-23 12:48:08-04:00
1,1,0,0,0,0,2020-06-23 12:54:12-04:00
1,1,0,0,0,0,2020-06-23 12:56:21-04:00
1,1,0,0,0,0,2020-06-23 17:26:10-04:00
1,2,0,0,0,0,2020-06-23 17:40:21-04:00
0,0,0,0,0,0,2020-06-23 17:51:50-04:00
0,0,0,0,0,0,2020-06-23 17:59:21-04:00
1,1,0,0,0,0,2020-06-23 18:01:45-04:00
0,1,0,0,0,0,2020-06-23 18:04:15-04:00
0,1,0,0,0,0,2020-06-23 18:05:29-04:00
1,1,0,0,0,0,2020-06-23 18:09:13-04:00
1,1,0,0,0,0,2020-06-23 18:11:26-04:00
1,1,0,0,0,0,2020-06-23 18:12:11-04:00
1,1,0,0,0,0,2020-06-23 18:13:23-04:00
1,1,0,0,0,0,2020-06-23 18:14:34-04:00
1,1,0,0,0,0,2020-06-23 18:16:32-04:00
1,1,0,0,0,0,2020-06-23 18:17:28-04:00
1,2,1,0,0,0,2020-06-29 08:37:58-04:00
0,1,0,0,0,0,2020-06-29 08:38:57-04:00
0,1,0,0,0,0,2020-06-29 08:39:57-04:00
1,1,1,0,0,0,2020-06-29 08:40:53-04:00
1,1,1,0,0,0,2020-06-29 08:42:15-04:00
0,0,0,0,0,0,2020-06-29 08:49:58-04:00
0,0,0,0,0,0,2020-06-29 08:52:16-04:00
2,2,2,0,0,0,2020-06-30 07:40:21-04:00
1,2,1,0,0,0,2020-06-30 07:59:02-04:00
0,1,0,0,0,0,2020-06-30 10:57:12-04:00
1,2,1,1,0,0,2020-06-30 13:33:37-04:00
0,1,0,0,0,0,2020-07-01 07:17:14-04:00
0,0,0,0,0,0,2020-07-01 07:19:29-04:00
0,0,0,0,0,0,2020-07-01 07:25:00-04:00
0,0,0,0,0,0,2020-07-01 07:28:00-04:00
0,0,0,0,0,0,2020-07-01 07:32:50-04:00
0,0,0,0,0,0,2020-07-01 07:35:41-04:00
0,0,0,0,0,0,2020-07-01 07:42:55-04:00
0,0,0,0,0,0,2020-07-01 07:44:48-04:00
0,0,0,0,0,0,2020-07-01 07:48:14-04:00
0,0,0,0,0,0,2020-07-01 07:51:56-04:00
0,0,0,0,0,0,2020-07-01 07:52:48-04:00
0,0,0,0,0,0,2020-07-01 07:53:40-04:00
0,0,0,0,0,0,2020-07-01 07:54:27-04:00
0,0,0,0,0,0,2020-07-01 07:55:49-04:00
0,0,0,0,0,0,2020-07-01 07:56:50-04:00
0,0,0,0,0,0,2020-07-01 07:59:35-04:00
0,0,0,0,0,0,2020-07-01 08:01:04-04:00
0,0,0,0,0,0,2020-07-01 08:04:42-04:00
0,0,0,0,0,0,2020-07-01 08:05:59-04:00
0,0,0,0,0,0,2020-07-01 08:09:53-04:00
0,0,0,0,0,0,2020-07-01 08:11:10-04:00
0,0,0,0,0,0,2020-07-01 08:12:57-04:00
0,0,0,0,0,0,2020-07-01 09:06:09-04:00
0,0,0,0,0,0,2020-07-01 09:15:58-04:00
0,0,0,0,0,0,2020-07-01 09:18:21-04:00
0,0,0,0,0,0,2020-07-01 09:20:25-04:00
0,0,0,0,0,0,2020-07-01 09:31:05-04:00
0,1,0,0,0,0,2020-07-01 09:35:05-04:00
0,0,0,0,0,0,2020-07-01 09:36:15-04:00
0,0,0,0,0,0,2020-07-01 09:38:27-04:00
0,0,0,0,0,0,2020-07-01 09:41:14-04:00
0,1,0,0,0,0,2020-07-01 09:44:12-04:00
0,0,0,0,0,0,2020-07-01 09:46:23-04:00
0,0,0,0,0,0,2020-07-01 09:47:04-04:00
0,0,0,0,0,0,2020-07-01 09:48:50-04:00
0,0,0,0,0,0,2020-07-01 09:50:12-04:00
0,0,0,0,0,0,2020-07-01 09:50:43-04:00
0,0,0,0,0,0,2020-07-01 09:54:36-04:00
0,0,0,0,0,0,2020-07-01 09:56:00-04:00
0,0,0,0,0,0,2020-07-01 09:56:30-04:00
0,0,0,0,0,0,2020-07-01 09:56:59-04:00
0,0,0,0,0,0,2020-07-01 09:58:34-04:00
0,0,0,0,0,0,2020-07-01 09:59:43-04:00
0,2,0,0,0,0,2020-07-01 10:05:50-04:00
0,2,0,0,0,0,2020-07-01 10:08:06-04:00
0,1,0,0,0,0,2020-07-01 10:08:56-04:00
0,1,0,0,0,0,2020-07-01 10:09:38-04:00
0,1,0,0,0,0,2020-07-01 10:10:24-04:00
0,1,0,0,0,0,2020-07-01 10:18:39-04:00
0,1,0,0,0,0,2020-07-01 10:19:42-04:00
0,1,0,0,0,0,2020-07-01 10:20:34-04:00
0,1,0,0,0,0,2020-07-01 10:21:40-04:00
0,1,0,0,0,0,2020-07-01 10:28:39-04:00
0,1,0,0,0,0,2020-07-01 10:29:18-04:00
0,0,0,0,0,0,2020-07-01 10:30:20-04:00
0,0,0,0,0,0,2020-07-01 10:31:00-04:00
0,1,0,0,0,0,2020-07-01 10:32:08-04:00
0,1,0,0,0,0,2020-07-01 10:54:07-04:00
0,1,0,0,0,0,2020-07-01 10:56:00-04:00
0,1,0,0,0,0,2020-07-01 10:58:45-04:00
0,1,0,0,0,0,2020-07-01 11:00:01-04:00
0,1,0,0,0,0,2020-07-01 11:06:41-04:00
0,0,0,0,0,0,2020-07-01 11:08:39-04:00
0,0,0,0,0,0,2020-07-01 11:10:46-04:00
0,0,0,0,0,0,2020-07-01 11:11:10-04:00
0,0,0,0,0,0,2020-07-01 11:12:44-04:00
0,0,0,0,0,0,2020-07-01 11:17:05-04:00
0,0,0,0,0,0,2020-07-01 11:17:37-04:00
0,0,0,0,0,0,2020-07-01 11:21:25-04:00
0,0,0,0,0,0,2020-07-01 11:23:38-04:00
0,0,0,0,0,0,2020-07-01 11:28:46-04:00
0,0,0,0,0,0,2020-07-01 11:30:43-04:00
0,0,0,0,0,0,2020-07-01 11:32:16-04:00
1,1,0,0,0,0,2020-07-01 11:39:21-04:00
1,2,0,0,0,0,2020-07-01 11:41:13-04:00
0,1,0,0,0,0,2020-07-01 11:42:14-04:00
1,2,0,0,0,0,2020-07-01 11:45:06-04:00
0,1,0,0,0,0,2020-07-01 11:46:04-04:00
0,0,0,0,0,0,2020-07-01 11:47:26-04:00
1,1,0,0,0,0,2020-07-01 11:49:37-04:00
1,1,0,0,0,0,2020-07-01 11:52:15-04:00
1,1,0,0,0,0,2020-07-01 11:52:45-04:00
0,1,0,0,0,0,2020-07-01 13:17:09-04:00
0,0,0,0,0,0,2020-07-01 13:18:47-04:00
2,2,1,1,0,0,2020-07-02 07:11:39-04:00
1,2,0,0,0,0,2020-07-02 09:37:23-04:00
1,2,0,0,0,0,2020-07-02 09:41:21-04:00
1,3,0,0,0,0,2020-07-02 10:34:34-04:00
0,1,0,0,0,0,2020-07-02 10:37:57-04:00
1,2,0,0,0,0,2020-07-02 12:20:55-04:00
1,1,0,0,0,0,2020-07-02 12:23:52-04:00
1,1,0,0,0,0,2020-07-02 12:26:35-04:00
1,1,1,1,0,0,2020-07-02 12:30:11-04:00
1,1,1,1,0,0,2020-07-02 12:34:11-04:00
1,1,0,0,0,0,2020-07-02 13:19:28-04:00
1,1,0,0,0,0,2020-07-02 13:20:11-04:00
1,1,0,0,0,0,2020-07-02 13:27:59-04:00
1,1,1,1,0,0,2020-07-03 06:14:27-04:00
1,1,1,1,0,0,2020-07-03 06:19:36-04:00
1,1,1,1,0,0,2020-07-03 06:21:19-04:00
2,2,0,0,0,0,2020-07-03 06:25:34-04:00
1,1,0,0,0,0,2020-07-03 06:29:33-04:00
1,1,0,0,0,0,2020-07-03 06:31:09-04:00
1,1,0,0,0,0,2020-07-03 06:34:07-04:00
1,1,1,1,0,0,2020-07-03 06:39:16-04:00
1,1,0,0,0,0,2020-07-03 06:56:55-04:00
1,1,1,1,0,0,2020-07-03 07:00:22-04:00
1,1,1,1,0,0,2020-07-03 07:01:55-04:00
1,1,1,1,0,0,2020-07-03 07:03:44-04:00
1,1,1,1,0,0,2020-07-03 07:06:24-04:00
1,1,1,1,0,0,2020-07-03 07:07:05-04:00
1,1,1,1,0,0,2020-07-03 07:07:50-04:00
2,2,1,1,0,0,2020-07-03 08:05:47-04:00
1,1,1,1,0,0,2020-07-03 08:07:03-04:00
1,1,1,1,0,0,2020-07-03 08:08:18-04:00
1,1,1,1,0,0,2020-07-03 08:20:06-04:00
1,1,1,1,0,0,2020-07-03 08:21:40-04:00
1,1,1,1,0,0,2020-07-03 08:25:11-04:00
1,1,0,0,0,0,2020-07-03 08:31:34-04:00
1,1,0,0,0,0,2020-07-03 08:32:32-04:00
1,1,1,1,0,0,2020-07-03 08:48:17-04:00
1,1,1,1,0,0,2020-07-03 08:51:34-04:00
1,1,1,1,0,0,2020-07-03 08:52:59-04:00
5,5,2,1,0,0,2020-07-03 09:04:08-04:00
1,1,0,0,0,0,2020-07-03 09:07:49-04:00
1,1,1,0,0,0,2020-07-03 09:09:40-04:00
1,1,1,0,0,0,2020-07-03 09:10:11-04:00
1,1,1,0,0,0,2020-07-03 09:10:49-04:00
4,4,2,1,0,0,2020-07-03 09:13:46-04:00
1,1,1,1,0,0,2020-07-03 09:23:45-04:00
1,1,1,1,0,0,2020-07-03 09:26:41-04:00
5,5,2,1,0,0,2020-07-03 09:30:56-04:00
1,1,1,0,0,0,2020-07-03 09:34:56-04:00
2,2,1,1,0,0,2020-07-03 10:02:11-04:00
1,1,0,0,0,0,2020-07-03 10:04:38-04:00
1,1,0,0,0,0,2020-07-03 10:31:52-04:00
1,1,0,0,0,0,2020-07-03 10:37:25-04:00
2,3,1,1,0,0,2020-07-03 11:25:16-04:00
1,4,1,1,0,0,2020-07-06 07:36:10-04:00
2,6,0,0,0,0,2020-07-06 09:12:20-04:00
0,0,0,0,0,0,2020-07-06 09:14:27-04:00
1,2,0,0,0,0,2020-07-08 16:16:19-04:00
2,2,0,0,0,0,2020-07-08 16:25:47-04:00
2,1,0,0,0,0,2020-07-08 16:35:07-04:00
1,1,0,0,0,0,2020-07-08 16:37:01-04:00
1,1,0,0,0,0,2020-07-08 16:55:52-04:00
1,1,0,0,0,0,2020-07-08 16:58:59-04:00
1,1,0,0,0,0,2020-07-08 17:00:21-04:00
1,1,0,0,0,0,2020-07-08 17:01:28-04:00
1,1,0,0,0,0,2020-07-08 17:03:33-04:00
1,1,0,0,0,0,2020-07-08 17:48:15-04:00
1,1,0,0,0,0,2020-07-08 17:50:02-04:00
0,1,0,0,0,0,2020-07-08 17:53:30-04:00
1,2,0,0,0,0,2020-07-08 18:31:38-04:00
0,1,0,0,0,0,2020-07-08 18:32:17-04:00
0,1,0,0,0,0,2020-07-08 18:33:01-04:00
1,1,0,0,0,0,2020-07-09 06:19:39-04:00
1,1,0,0,0,0,2020-07-09 06:26:18-04:00
1,1,0,0,0,0,2020-07-09 06:26:47-04:00
1,1,0,0,0,0,2020-07-09 06:30:57-04:00
1,1,0,0,0,0,2020-07-09 06:33:15-04:00
1,1,0,0,0,0,2020-07-09 06:36:32-04:00
1,1,0,0,0,0,2020-07-09 06:44:57-04:00
1,1,0,0,0,0,2020-07-09 06:47:34-04:00
1,1,0,0,0,0,2020-07-09 06:50:56-04:00
1,1,0,0,0,0,2020-07-09 06:52:38-04:00
1,1,0,0,0,0,2020-07-09 06:55:41-04:00
1,1,0,0,0,0,2020-07-09 06:57:10-04:00
1,1,0,0,0,0,2020-07-09 06:59:29-04:00
1,1,0,0,0,0,2020-07-09 07:02:29-04:00
1,1,0,0,0,0,2020-07-09 07:07:26-04:00
1,1,0,0,0,0,2020-07-09 07:08:18-04:00
1,1,0,0,0,0,2020-07-09 07:12:49-04:00
1,1,0,0,0,0,2020-07-09 07:13:36-04:00
1,1,0,0,0,0,2020-07-09 07:14:40-04:00
1,1,0,0,0,0,2020-07-09 07:17:45-04:00
1,1,0,0,0,0,2020-07-09 07:19:11-04:00
1,1,0,0,0,0,2020-07-09 07:20:12-04:00
1,1,0,0,0,0,2020-07-09 07:23:53-04:00
1,1,0,0,0,0,2020-07-09 07:25:04-04:00
1,1,0,0,0,0,2020-07-09 07:31:24-04:00
1,1,0,0,0,0,2020-07-09 07:32:41-04:00
1,1,0,0,0,0,2020-07-09 07:35:06-04:00
1,1,0,0,0,0,2020-07-09 07:36:10-04:00
1,1,0,0,0,0,2020-07-09 07:46:42-04:00
1,1,0,0,0,0,2020-07-09 07:51:07-04:00
1,1,0,0,0,0,2020-07-09 07:52:04-04:00
1,1,0,0,0,0,2020-07-09 07:58:13-04:00
1,1,0,0,0,0,2020-07-09 08:01:00-04:00
1,1,0,0,0,0,2020-07-09 08:09:03-04:00
1,1,0,0,0,0,2020-07-09 08:10:59-04:00
1,1,0,0,0,0,2020-07-09 08:12:12-04:00
1,1,0,0,0,0,2020-07-09 08:13:46-04:00
1,1,0,0,0,0,2020-07-09 08:15:21-04:00
1,1,0,0,0,0,2020-07-09 08:18:10-04:00
1,1,0,0,0,0,2020-07-09 08:22:26-04:00
1,1,0,0,0,0,2020-07-09 08:23:44-04:00
1,1,0,0,0,0,2020-07-09 08:24:50-04:00
1,1,0,0,0,0,2020-07-09 08:25:47-04:00
1,1,0,0,0,0,2020-07-09 08:33:37-04:00
1,1,0,0,0,0,2020-07-09 08:35:40-04:00
1,1,0,0,0,0,2020-07-09 08:37:44-04:00
1,1,0,0,0,0,2020-07-09 08:40:55-04:00
1,1,0,0,0,0,2020-07-09 08:42:51-04:00
1,1,0,0,0,0,2020-07-09 08:43:51-04:00
1,1,0,0,0,0,2020-07-09 08:49:22-04:00
1,1,0,0,0,0,2020-07-09 08:51:39-04:00
1,1,0,0,0,0,2020-07-09 08:55:17-04:00
1,1,0,0,0,0,2020-07-09 08:56:42-04:00
1,1,0,0,0,0,2020-07-09 08:58:08-04:00
1,1,0,0,0,0,2020-07-09 09:00:28-04:00
1,1,0,0,0,0,2020-07-09 09:02:33-04:00
1,1,0,0,0,0,2020-07-09 09:03:57-04:00
1,1,0,0,0,0,2020-07-09 09:08:16-04:00
1,1,0,0,0,0,2020-07-09 09:10:44-04:00
1,1,0,0,0,0,2020-07-09 09:11:48-04:00
1,1,0,0,0,0,2020-07-09 09:16:24-04:00
1,1,0,0,0,0,2020-07-09 09:19:51-04:00
1,1,0,0,0,0,2020-07-09 09:21:12-04:00
1,1,0,0,0,0,2020-07-09 09:21:26-04:00
1,1,0,0,0,0,2020-07-09 09:23:34-04:00
1,1,0,0,0,0,2020-07-09 09:25:25-04:00
1,1,0,0,0,0,2020-07-09 09:27:51-04:00
1,1,0,0,0,0,2020-07-09 09:29:20-04:00
1,1,0,0,0,0,2020-07-09 09:31:26-04:00
1,1,0,0,0,0,2020-07-09 09:32:24-04:00
1,1,0,0,0,0,2020-07-09 09:36:18-04:00
1,1,0,0,0,0,2020-07-09 09:41:39-04:00
1,1,0,0,0,0,2020-07-09 09:42:54-04:00
1,1,0,0,0,0,2020-07-09 09:45:14-04:00
1,1,0,0,0,0,2020-07-09 09:47:31-04:00
1,1,0,0,0,0,2020-07-09 09:49:52-04:00
1,1,0,0,0,0,2020-07-09 09:51:19-04:00
1,1,0,0,0,0,2020-07-09 09:55:04-04:00
1,1,0,0,0,0,2020-07-09 09:57:22-04:00
1,1,0,0,0,0,2020-07-09 13:19:47-04:00
1,1,0,0,0,0,2020-07-09 13:34:39-04:00
1,1,0,0,0,0,2020-07-09 13:37:21-04:00
1,1,0,0,0,0,2020-07-09 13:40:16-04:00
1,1,0,0,0,0,2020-07-09 13:41:51-04:00
1,1,0,0,0,0,2020-07-09 13:51:41-04:00
1,1,1,1,0,0,2020-07-13 07:46:19-04:00
1,1,1,1,0,0,2020-07-13 07:47:29-04:00
1,1,1,1,0,0,2020-07-13 07:48:09-04:00
1,1,1,1,0,0,2020-07-13 07:50:38-04:00
1,1,1,1,0,0,2020-07-13 07:51:14-04:00
1,1,1,1,0,0,2020-07-13 07:52:24-04:00
1,3,1,1,0,0,2020-07-13 08:27:50-04:00
2,3,1,1,0,0,2020-07-13 11:54:04-04:00
1,0,0,0,0,0,2020-07-13 12:01:57-04:00
1,0,0,0,0,0,2020-07-13 12:07:50-04:00
1,0,0,0,0,0,2020-07-13 12:11:18-04:00
1,0,0,0,0,0,2020-07-13 12:16:54-04:00
1,0,0,0,0,0,2020-07-13 12:28:06-04:00
4,1,0,0,0,0,2020-07-13 12:32:15-04:00
1,0,0,0,0,0,2020-07-13 12:36:40-04:00
1,0,0,0,0,0,2020-07-13 12:40:30-04:00
1,0,0,0,0,0,2020-07-13 12:42:39-04:00
1,0,0,0,0,0,2020-07-13 12:49:49-04:00
1,0,0,0,0,0,2020-07-13 12:55:25-04:00
1,0,0,0,0,0,2020-07-13 12:58:24-04:00
1,0,0,0,0,0,2020-07-13 13:03:11-04:00
1,0,0,0,0,0,2020-07-13 13:07:03-04:00
1,0,0,0,0,0,2020-07-13 13:14:49-04:00
1,0,0,0,0,0,2020-07-13 13:22:37-04:00
1,0,0,0,0,0,2020-07-14 07:18:23-04:00
1,0,0,0,0,0,2020-07-14 07:19:58-04:00
1,0,0,0,0,0,2020-07-14 07:26:02-04:00
1,0,0,0,0,0,2020-07-14 07:33:49-04:00
0,0,0,0,0,0,2020-07-14 07:44:41-04:00
1,0,0,0,0,0,2020-07-14 07:44:46-04:00
1,0,0,0,0,0,2020-07-14 07:45:30-04:00
1,0,0,0,0,0,2020-07-14 07:55:43-04:00
0,0,0,0,0,0,2020-07-14 08:03:15-04:00
0,0,0,0,0,0,2020-07-14 08:20:41-04:00
0,0,0,0,0,0,2020-07-14 08:25:28-04:00
0,0,0,0,0,0,2020-07-14 08:31:12-04:00
0,0,0,0,0,0,2020-07-14 08:33:56-04:00
0,0,0,0,0,0,2020-07-14 08:35:49-04:00
0,0,0,0,0,0,2020-07-14 08:36:56-04:00
0,0,0,0,0,0,2020-07-14 08:47:07-04:00
0,0,0,0,0,0,2020-07-14 08:52:36-04:00
0,0,0,0,0,0,2020-07-14 08:56:06-04:00
0,0,0,0,0,0,2020-07-14 09:05:29-04:00
0,0,0,0,0,0,2020-07-14 09:10:03-04:00
0,0,0,0,0,0,2020-07-14 09:16:40-04:00
0,0,0,0,0,0,2020-07-14 09:22:45-04:00
0,0,0,0,0,0,2020-07-14 09:27:08-04:00
0,0,0,0,0,0,2020-07-14 10:12:05-04:00
1,1,0,0,0,0,2020-07-14 10:15:27-04:00
0,3,0,0,0,0,2020-07-14 10:31:22-04:00
1,0,0,0,0,0,2020-07-14 10:51:28-04:00
2,1,1,1,0,0,2020-07-14 11:10:57-04:00
1,1,1,1,0,0,2020-07-14 11:14:21-04:00
1,1,1,1,0,0,2020-07-14 11:15:13-04:00
1,1,1,1,0,0,2020-07-14 11:18:38-04:00
1,1,1,1,0,0,2020-07-14 11:28:04-04:00
1,1,1,1,0,0,2020-07-14 11:30:46-04:00
1,1,1,1,0,0,2020-07-14 11:32:14-04:00
1,1,1,1,0,0,2020-07-14 11:34:34-04:00
1,2,1,0,0,0,2020-07-14 11:37:46-04:00
1,1,0,0,0,0,2020-07-14 11:38:43-04:00
1,1,1,1,0,0,2020-07-14 11:41:04-04:00
1,0,0,0,0,0,2020-07-14 11:43:02-04:00
1,1,1,1,0,0,2020-07-14 11:47:10-04:00
1,1,1,1,0,0,2020-07-14 11:49:00-04:00
1,1,1,1,0,0,2020-07-14 11:51:35-04:00
1,1,1,1,0,0,2020-07-14 11:52:49-04:00
1,1,1,1,0,0,2020-07-14 11:57:36-04:00
1,1,1,1,0,0,2020-07-14 11:59:51-04:00
1,1,1,1,0,0,2020-07-14 12:11:23-04:00
1,1,1,1,0,0,2020-07-14 12:14:59-04:00
0,1,0,0,0,0,2020-07-14 12:20:20-04:00
0,1,0,0,0,0,2020-07-14 12:22:36-04:00
0,1,0,0,0,0,2020-07-14 12:24:46-04:00
0,1,0,0,0,0,2020-07-14 12:26:33-04:00
0,1,0,0,0,0,2020-07-14 12:29:04-04:00
0,1,0,0,0,0,2020-07-14 12:30:43-04:00
0,1,0,0,0,0,2020-07-14 12:32:42-04:00
0,1,0,0,0,0,2020-07-14 12:34:43-04:00
0,1,0,0,0,0,2020-07-14 12:36:21-04:00
0,1,0,0,0,0,2020-07-14 12:40:36-04:00
0,1,0,0,0,0,2020-07-14 12:43:25-04:00
0,1,0,0,0,0,2020-07-14 12:44:42-04:00
0,1,0,0,0,0,2020-07-14 12:46:01-04:00
0,1,0,0,0,0,2020-07-14 12:48:16-04:00
0,1,0,0,0,0,2020-07-14 12:49:58-04:00
0,1,0,0,0,0,2020-07-14 12:53:29-04:00
0,1,0,0,0,0,2020-07-14 13:00:36-04:00
1,1,1,1,0,0,2020-07-14 13:09:56-04:00
1,1,0,0,0,0,2020-07-14 13:11:39-04:00
0,1,0,0,0,0,2020-07-14 13:19:24-04:00
0,1,0,0,0,0,2020-07-14 17:50:12-04:00
0,1,0,0,0,0,2020-07-15 06:17:53-04:00
0,1,0,0,0,0,2020-07-15 06:23:26-04:00
0,1,0,0,0,0,2020-07-15 06:24:17-04:00
0,0,0,0,0,0,2020-07-15 06:26:53-04:00
0,0,0,0,0,0,2020-07-15 06:31:38-04:00
0,0,0,0,0,0,2020-07-15 06:33:27-04:00
0,0,0,0,0,0,2020-07-15 06:34:00-04:00
0,0,0,0,0,0,2020-07-15 06:34:45-04:00
0,0,0,0,0,0,2020-07-15 06:35:24-04:00
0,0,0,0,0,0,2020-07-15 06:37:11-04:00
0,0,0,0,0,0,2020-07-15 06:38:23-04:00
0,0,0,0,0,0,2020-07-15 06:39:10-04:00
0,0,0,0,0,0,2020-07-15 06:40:30-04:00
0,0,0,0,0,0,2020-07-15 06:41:24-04:00
0,0,0,0,0,0,2020-07-15 06:43:57-04:00
0,0,0,0,0,0,2020-07-15 06:47:55-04:00
0,2,0,0,0,0,2020-07-15 06:53:22-04:00
0,2,0,0,0,0,2020-07-15 07:36:12-04:00
0,1,0,0,0,0,2020-07-15 07:38:48-04:00
0,0,0,0,0,0,2020-07-15 07:42:04-04:00
0,0,0,0,0,0,2020-07-15 07:55:08-04:00
0,0,0,0,0,0,2020-07-15 07:56:46-04:00
0,1,0,0,0,0,2020-07-15 09:07:45-04:00
0,1,0,0,0,0,2020-07-15 10:41:26-04:00
0,1,0,0,0,0,2020-07-15 10:43:08-04:00
0,1,0,0,0,0,2020-07-15 10:43:48-04:00
0,1,0,0,0,0,2020-07-15 10:45:13-04:00
0,1,0,0,0,0,2020-07-15 10:47:22-04:00
0,1,0,0,0,0,2020-07-15 10:54:54-04:00
0,1,0,0,0,0,2020-07-15 11:05:35-04:00
0,1,0,0,0,0,2020-07-15 11:08:06-04:00
0,1,0,0,0,0,2020-07-15 11:16:46-04:00
0,1,0,0,0,0,2020-07-15 12:55:50-04:00
0,1,0,0,0,0,2020-07-15 15:58:59-04:00
0,1,0,0,0,0,2020-07-15 16:00:53-04:00
0,1,0,0,0,0,2020-07-16 09:56:11-04:00
0,0,0,0,0,0,2020-07-16 10:00:25-04:00
0,0,0,0,0,0,2020-07-16 10:02:32-04:00
0,1,0,0,0,0,2020-07-16 10:24:10-04:00
0,1,0,0,0,0,2020-07-16 10:25:03-04:00
1,3,1,1,0,0,2020-07-16 14:16:39-04:00
0,0,0,0,0,0,2020-07-16 14:35:49-04:00
0,0,0,0,0,0,2020-07-16 14:38:00-04:00
0,0,0,0,0,0,2020-07-16 14:52:01-04:00
0,0,0,0,0,0,2020-07-17 08:01:16-04:00
0,0,0,0,0,0,2020-07-17 08:09:58-04:00
0,0,0,0,0,0,2020-07-17 08:17:58-04:00
0,0,0,0,0,0,2020-07-17 08:23:51-04:00
0,0,0,0,0,0,2020-07-17 08:31:54-04:00
0,0,0,0,0,0,2020-07-17 08:49:17-04:00
0,0,0,0,0,0,2020-07-17 09:00:40-04:00
0,0,0,0,0,0,2020-07-17 09:23:01-04:00
0,1,0,0,0,0,2020-07-17 09:47:05-04:00
0,0,0,0,0,0,2020-07-17 09:52:10-04:00
1,4,0,0,0,0,2020-07-17 09:53:22-04:00
1,1,0,0,0,0,2020-07-17 09:57:08-04:00
1,1,0,0,0,0,2020-07-17 10:05:34-04:00
1,1,0,0,0,0,2020-07-17 10:07:20-04:00
1,1,0,0,0,0,2020-07-17 10:13:54-04:00
1,1,0,0,0,0,2020-07-17 10:17:29-04:00
1,1,0,0,0,0,2020-07-17 10:18:49-04:00
0,0,0,0,0,0,2020-07-17 10:25:18-04:00
1,1,0,0,0,0,2020-07-17 10:28:03-04:00
0,1,0,0,0,0,2020-07-17 10:33:00-04:00
0,1,0,0,0,0,2020-07-17 10:33:38-04:00
0,1,0,0,0,0,2020-07-17 10:34:14-04:00
0,2,0,0,0,0,2020-07-17 10:36:41-04:00
1,2,1,1,0,0,2020-07-17 10:42:39-04:00
0,0,0,0,0,0,2020-07-17 10:46:54-04:00
0,0,0,0,0,0,2020-07-17 10:49:30-04:00
1,3,0,0,0,0,2020-07-17 10:57:21-04:00
1,2,0,0,0,0,2020-07-17 10:59:05-04:00
1,3,0,0,0,0,2020-07-17 11:58:03-04:00
0,0,0,0,0,0,2020-07-17 12:04:10-04:00
0,0,0,0,0,0,2020-07-17 12:04:53-04:00
0,0,0,0,0,0,2020-07-17 12:05:53-04:00
0,0,0,0,0,0,2020-07-17 12:06:21-04:00
0,0,0,0,0,0,2020-07-17 12:09:00-04:00
0,0,0,0,0,0,2020-07-17 12:10:23-04:00
0,0,0,0,0,0,2020-07-17 12:15:09-04:00
0,0,0,0,0,0,2020-07-17 12:15:57-04:00
0,0,0,0,0,0,2020-07-17 12:16:37-04:00
1,2,0,0,0,0,2020-07-17 12:21:15-04:00
1,2,0,0,0,0,2020-07-17 12:31:53-04:00
1,3,0,0,0,0,2020-07-17 13:31:00-04:00
0,2,0,0,0,0,2020-07-17 13:32:25-04:00
1,1,0,0,0,0,2020-07-17 13:33:40-04:00
1,2,0,0,0,0,2020-07-17 13:34:43-04:00
0,1,0,0,0,0,2020-07-17 13:36:10-04:00
1,4,1,1,0,0,2020-07-20 07:26:26-04:00
0,1,0,0,0,0,2020-07-20 07:29:29-04:00
0,1,0,0,0,0,2020-07-20 07:32:42-04:00
0,1,0,0,0,0,2020-07-20 07:36:37-04:00
0,0,0,0,0,0,2020-07-20 07:41:45-04:00
0,0,0,0,0,0,2020-07-20 07:46:03-04:00
0,0,0,0,0,0,2020-07-20 07:48:06-04:00
0,1,0,0,0,0,2020-07-20 07:50:44-04:00
0,1,0,0,0,0,2020-07-20 07:52:44-04:00
0,0,0,0,0,0,2020-07-20 07:54:07-04:00
0,1,0,0,0,0,2020-07-20 07:57:31-04:00
0,1,0,0,0,0,2020-07-20 08:01:12-04:00
0,1,0,0,0,0,2020-07-20 08:06:14-04:00
0,1,0,0,0,0,2020-07-20 08:11:02-04:00
0,0,0,0,0,0,2020-07-20 08:13:43-04:00
0,0,0,0,0,0,2020-07-20 08:16:29-04:00
0,0,0,0,0,0,2020-07-20 08:21:48-04:00
0,0,0,0,0,0,2020-07-20 08:23:45-04:00
0,1,0,0,0,0,2020-07-20 08:26:08-04:00
0,0,0,0,0,0,2020-07-20 08:28:37-04:00
0,1,0,0,0,0,2020-07-20 08:30:50-04:00
0,1,0,0,0,0,2020-07-20 08:33:19-04:00
0,1,0,0,0,0,2020-07-20 09:07:58-04:00
0,0,0,0,0,0,2020-07-20 09:09:57-04:00
0,0,0,0,0,0,2020-07-20 09:16:28-04:00
0,0,0,0,0,0,2020-07-20 09:16:54-04:00
0,0,0,0,0,0,2020-07-20 09:20:06-04:00
0,0,0,0,0,0,2020-07-20 09:21:00-04:00
0,0,0,0,0,0,2020-07-20 09:22:27-04:00
2,3,2,2,0,1,2020-07-20 09:53:26-04:00
3,3,3,3,0,2,2020-07-20 10:53:26-04:00
1,2,1,1,0,2,2020-07-20 12:31:10-04:00
1,2,1,1,0,2,2020-07-20 13:33:41-04:00
0,1,0,0,0,1,2020-07-20 13:43:05-04:00
3,5,2,2,0,2,2020-07-21 09:43:27-04:00
0,0,0,0,0,0,2020-07-21 10:26:19-04:00
0,0,0,0,0,0,2020-07-21 10:29:10-04:00
0,1,0,0,0,0,2020-07-21 10:31:28-04:00
0,0,0,0,0,0,2020-07-21 10:35:47-04:00
0,0,0,0,0,0,2020-07-21 10:37:48-04:00
0,1,0,0,0,0,2020-07-21 10:41:59-04:00
0,1,0,0,0,0,2020-07-23 11:43:58-04:00
0,0,0,0,0,0,2020-07-23 11:50:47-04:00
0,1,0,0,0,0,2020-07-23 11:55:56-04:00
0,1,0,0,0,0,2020-07-23 12:00:58-04:00
0,0,0,0,0,0,2020-07-23 12:04:50-04:00
0,0,0,0,0,0,2020-07-23 12:07:20-04:00
0,0,0,0,0,0,2020-07-23 12:15:33-04:00
1,1,0,0,0,0,2020-07-23 12:24:16-04:00
1,3,0,0,0,0,2020-07-23 12:35:01-04:00
0,0,0,0,0,0,2020-07-23 12:55:19-04:00
1,1,1,1,0,0,2020-07-23 13:01:44-04:00
1,1,1,1,0,0,2020-07-23 13:08:15-04:00
0,0,0,0,0,0,2020-07-23 13:27:29-04:00
0,0,0,0,0,0,2020-07-23 13:28:06-04:00
0,0,0,0,0,0,2020-07-23 13:31:55-04:00
0,0,0,0,0,0,2020-07-23 13:35:34-04:00
0,0,0,0,0,0,2020-07-23 14:19:55-04:00
0,0,0,0,0,0,2020-07-24 07:38:20-04:00
0,0,0,0,0,0,2020-07-24 07:45:02-04:00
0,0,0,0,0,0,2020-07-24 07:52:40-04:00
0,1,0,0,0,0,2020-07-24 07:56:20-04:00
0,1,0,0,0,0,2020-07-24 08:11:16-04:00
0,1,0,0,0,0,2020-07-24 08:12:48-04:00
0,0,0,0,0,0,2020-07-24 08:31:02-04:00
0,0,0,0,0,0,2020-07-24 08:51:03-04:00
0,0,0,0,0,0,2020-07-24 08:54:23-04:00
0,0,0,0,0,0,2020-07-24 08:56:25-04:00
0,1,0,0,0,0,2020-07-24 08:58:19-04:00
0,1,0,0,0,0,2020-07-24 08:59:34-04:00
0,0,0,0,0,0,2020-07-24 09:01:14-04:00
0,0,0,0,0,0,2020-07-24 09:49:28-04:00
0,0,0,0,0,0,2020-07-24 09:53:20-04:00
0,0,0,0,0,0,2020-07-24 09:54:45-04:00
0,0,0,0,0,0,2020-07-24 10:01:41-04:00
0,0,0,0,0,0,2020-07-24 10:05:50-04:00
0,0,0,0,0,0,2020-07-24 10:09:52-04:00
0,0,0,0,0,0,2020-07-24 10:12:07-04:00
0,0,0,0,0,0,2020-07-24 10:24:46-04:00
0,0,0,0,0,0,2020-07-24 10:29:24-04:00
0,0,0,0,0,0,2020-07-24 10:31:22-04:00
0,0,0,0,0,0,2020-07-24 10:34:22-04:00
0,0,0,0,0,0,2020-07-24 10:35:46-04:00
0,0,0,0,0,0,2020-07-24 10:38:31-04:00
0,0,0,0,0,0,2020-07-24 10:41:44-04:00
0,0,0,0,0,0,2020-07-24 11:07:40-04:00
0,0,0,0,0,0,2020-07-24 11:10:48-04:00
0,0,0,0,0,0,2020-07-24 11:13:12-04:00
0,0,0,0,0,0,2020-07-24 11:18:53-04:00
0,0,0,0,0,0,2020-07-24 11:19:17-04:00
0,0,0,0,0,0,2020-07-24 11:23:05-04:00
0,1,0,0,0,0,2020-07-24 11:26:45-04:00
7,7,1,3,0,2,2020-08-03 06:35:00-04:00
1,1,0,0,0,0,2020-08-03 07:19:32-04:00
1,1,0,0,0,0,2020-08-03 07:21:15-04:00
2,3,1,2,0,3,2020-08-05 10:55:21-04:00
1,1,1,1,0,1,2020-08-07 10:33:29-04:00
5,3,1,1,0,1,2020-08-12 16:31:32-04:00
0,0,0,0,0,0,2020-08-13 09:33:12-04:00
0,1,0,0,0,0,2020-08-13 10:01:05-04:00
0,0,0,0,0,0,2020-08-13 10:06:17-04:00
0,0,0,0,0,0,2020-08-13 10:08:36-04:00
0,0,0,0,0,0,2020-08-13 10:12:59-04:00
0,0,0,0,0,0,2020-08-13 10:15:15-04:00
0,0,0,0,0,0,2020-08-13 10:29:36-04:00
0,0,0,0,0,0,2020-08-13 10:38:22-04:00
0,0,0,0,0,0,2020-08-13 10:38:50-04:00
0,0,0,0,0,0,2020-08-13 10:41:46-04:00
0,1,0,0,0,0,2020-08-13 10:49:44-04:00
0,0,0,0,0,0,2020-08-13 10:52:18-04:00
1,0,0,0,0,0,2020-08-13 10:56:05-04:00
1,1,0,0,0,0,2020-08-13 12:31:38-04:00
1,1,0,0,0,0,2020-08-13 12:46:34-04:00
1,1,0,0,0,0,2020-08-13 12:54:14-04:00
0,0,0,0,0,0,2020-08-13 12:55:50-04:00
1,1,0,0,0,0,2020-08-13 12:57:39-04:00
1,1,0,0,0,0,2020-08-13 12:59:24-04:00
1,1,0,0,0,0,2020-08-13 13:00:40-04:00
1,1,0,0,0,0,2020-08-13 13:04:48-04:00
1,1,0,0,0,0,2020-08-13 13:13:05-04:00
0,0,0,0,0,0,2020-08-13 13:16:09-04:00
0,0,0,0,0,0,2020-08-13 13:18:55-04:00
1,1,0,0,0,0,2020-08-13 13:24:19-04:00
1,1,0,0,0,0,2020-08-13 13:27:25-04:00
0,0,0,0,0,0,2020-08-13 13:30:03-04:00
0,0,0,0,0,0,2020-08-13 13:48:58-04:00
0,0,0,0,0,0,2020-08-13 13:54:03-04:00
1,1,0,0,0,0,2020-08-13 14:02:03-04:00
1,1,0,0,0,0,2020-08-13 14:06:52-04:00
0,0,0,0,0,0,2020-08-13 14:23:15-04:00
0,0,0,0,0,0,2020-08-13 14:28:34-04:00
0,0,0,0,0,0,2020-08-13 14:29:21-04:00
0,0,0,0,0,0,2020-08-13 14:30:32-04:00
0,0,0,0,0,0,2020-08-13 14:34:01-04:00
1,1,0,0,0,0,2020-08-13 14:41:56-04:00
0,0,0,0,0,0,2020-08-13 14:44:31-04:00
0,0,0,0,0,0,2020-08-13 14:45:19-04:00
0,0,0,0,0,0,2020-08-13 14:46:46-04:00
0,0,0,0,0,0,2020-08-13 14:50:02-04:00
0,0,0,0,0,0,2020-08-13 14:53:19-04:00
0,0,0,0,0,0,2020-08-13 14:58:27-04:00
0,0,0,0,0,0,2020-08-13 15:02:29-04:00
1,1,0,0,0,0,2020-08-13 15:05:54-04:00
1,1,0,0,0,0,2020-08-13 15:10:55-04:00
0,0,0,0,0,0,2020-08-13 15:14:04-04:00
0,0,0,0,0,0,2020-08-13 15:15:09-04:00
0,0,0,0,0,0,2020-08-13 15:16:43-04:00
0,0,0,0,0,0,2020-08-13 15:17:39-04:00
0,0,0,0,0,0,2020-08-13 15:18:19-04:00
0,0,0,0,0,0,2020-08-13 15:19:08-04:00
0,0,0,0,0,0,2020-08-13 15:20:19-04:00
0,0,0,0,0,0,2020-08-13 15:21:22-04:00
1,1,0,0,0,0,2020-08-13 15:22:26-04:00
1,1,0,0,0,0,2020-08-13 15:24:12-04:00
0,0,0,0,0,0,2020-08-13 15:25:36-04:00
0,0,0,0,0,0,2020-08-13 15:26:01-04:00
0,0,0,0,0,0,2020-08-13 15:26:29-04:00
0,0,0,0,0,0,2020-08-13 15:27:18-04:00
0,0,0,0,0,0,2020-08-13 15:28:10-04:00
0,0,0,0,0,0,2020-08-13 15:28:53-04:00
0,0,0,0,0,0,2020-08-13 15:30:02-04:00
0,0,0,0,0,0,2020-08-13 15:30:41-04:00
0,0,0,0,0,0,2020-08-13 15:31:18-04:00
0,0,0,0,0,0,2020-08-13 15:33:13-04:00
0,0,0,0,0,0,2020-08-13 15:34:05-04:00
0,0,0,0,0,0,2020-08-13 15:34:35-04:00
0,0,0,0,0,0,2020-08-13 15:35:03-04:00
0,0,0,0,0,0,2020-08-13 15:35:30-04:00
0,0,0,0,0,0,2020-08-13 15:36:14-04:00
0,0,0,0,0,0,2020-08-13 15:36:40-04:00
0,0,0,0,0,0,2020-08-13 15:37:34-04:00
0,0,0,0,0,0,2020-08-13 15:38:40-04:00
0,0,0,0,0,0,2020-08-13 15:39:38-04:00
0,0,0,0,0,0,2020-08-13 15:40:28-04:00
0,0,0,0,0,0,2020-08-13 15:42:01-04:00
0,0,0,0,0,0,2020-08-13 15:45:22-04:00
0,0,0,0,0,0,2020-08-13 15:48:49-04:00
0,0,0,0,0,0,2020-08-13 15:50:51-04:00
0,0,0,0,0,0,2020-08-13 15:53:23-04:00
0,0,0,0,0,0,2020-08-13 15:54:52-04:00
1,1,0,0,0,0,2020-08-13 15:57:37-04:00
1,1,0,0,0,0,2020-08-13 15:59:56-04:00
1,1,0,0,0,0,2020-08-13 16:01:44-04:00
1,1,0,0,0,0,2020-08-13 16:04:22-04:00
1,1,0,0,0,0,2020-08-13 16:06:32-04:00
1,1,0,0,0,0,2020-08-13 16:07:11-04:00
1,1,0,0,0,0,2020-08-13 16:10:04-04:00
1,1,0,0,0,0,2020-08-13 16:11:48-04:00
1,1,0,0,0,0,2020-08-13 16:19:11-04:00
1,1,0,0,0,0,2020-08-13 16:21:18-04:00
1,1,0,0,0,0,2020-08-13 16:22:32-04:00
0,0,0,0,0,0,2020-08-13 16:27:34-04:00
1,1,0,0,0,0,2020-08-13 16:31:33-04:00
1,1,0,0,0,0,2020-08-13 16:33:38-04:00
1,1,0,0,0,0,2020-08-13 16:35:23-04:00
1,1,0,0,0,0,2020-08-13 16:38:08-04:00
1,1,0,0,0,0,2020-08-13 16:40:08-04:00
0,0,0,0,0,0,2020-08-17 15:40:44-04:00
0,0,0,0,0,0,2020-08-17 15:41:05-04:00
0,1,0,0,0,0,2020-08-17 15:53:11-04:00
0,0,0,0,0,0,2020-08-17 16:00:51-04:00
0,1,0,0,0,0,2020-08-17 16:23:49-04:00
0,0,0,0,0,0,2020-08-18 09:43:52-04:00
0,0,0,0,0,0,2020-08-18 09:47:01-04:00
0,0,0,0,0,0,2020-08-18 09:47:42-04:00
1,1,0,0,0,0,2020-08-18 10:15:30-04:00
0,0,0,0,0,0,2020-08-18 10:26:21-04:00
1,1,0,0,0,0,2020-08-18 10:34:19-04:00
1,1,0,0,0,0,2020-08-18 10:36:41-04:00
1,1,0,0,0,0,2020-08-18 10:39:35-04:00
1,1,0,0,0,0,2020-08-18 10:41:55-04:00
0,0,0,0,0,0,2020-08-18 10:45:54-04:00
1,1,0,0,0,0,2020-08-18 10:49:52-04:00
0,0,0,0,0,0,2020-08-18 10:52:25-04:00
0,0,0,0,0,0,2020-08-18 10:57:03-04:00
0,0,0,0,0,0,2020-08-18 10:59:10-04:00
1,1,0,0,0,0,2020-08-18 11:03:44-04:00
1,1,0,0,0,0,2020-08-18 11:06:19-04:00
1,1,0,0,0,0,2020-08-18 11:08:57-04:00
0,0,0,0,0,0,2020-08-18 11:12:03-04:00
1,1,0,0,0,0,2020-08-18 11:14:14-04:00
1,1,0,0,0,0,2020-08-18 11:16:14-04:00
1,1,0,0,0,0,2020-08-18 11:18:35-04:00
1,1,0,0,0,0,2020-08-18 11:21:08-04:00
1,1,0,0,0,0,2020-08-18 11:24:00-04:00
1,1,0,0,0,0,2020-08-18 11:25:51-04:00
1,1,0,0,0,0,2020-08-18 11:35:20-04:00
1,1,0,0,0,0,2020-08-18 11:37:43-04:00
1,1,0,0,0,0,2020-08-18 11:40:01-04:00
1,2,0,0,0,0,2020-08-18 11:49:59-04:00
0,1,0,0,0,0,2020-08-18 11:50:50-04:00
1,1,0,0,0,0,2020-08-18 11:54:37-04:00
1,1,0,0,0,0,2020-08-18 11:59:04-04:00
0,0,0,0,0,0,2020-08-18 12:08:09-04:00
1,1,0,0,0,0,2020-08-18 12:13:04-04:00
1,1,0,0,0,0,2020-08-18 12:15:29-04:00
0,0,0,0,0,0,2020-08-18 12:18:10-04:00
0,0,0,0,0,0,2020-08-18 12:21:43-04:00
1,1,0,0,0,0,2020-08-18 12:23:51-04:00
1,1,0,0,0,0,2020-08-18 12:24:59-04:00
0,0,0,0,0,0,2020-08-18 12:29:33-04:00
0,0,0,0,0,0,2020-08-18 12:30:17-04:00
0,0,0,0,0,0,2020-08-18 12:31:47-04:00
0,0,0,0,0,0,2020-08-18 13:05:11-04:00
0,0,0,0,0,0,2020-08-18 13:06:02-04:00
0,0,0,0,0,0,2020-08-18 13:06:45-04:00
0,0,0,0,0,0,2020-08-18 13:07:15-04:00
0,0,0,0,0,0,2020-08-18 13:07:40-04:00
0,0,0,0,0,0,2020-08-18 13:08:32-04:00
0,0,0,0,0,0,2020-08-18 13:09:40-04:00
0,0,0,0,0,0,2020-08-18 13:10:31-04:00
0,0,0,0,0,0,2020-08-18 13:11:04-04:00
0,0,0,0,0,0,2020-08-18 13:12:20-04:00
0,0,0,0,0,0,2020-08-18 13:13:48-04:00
0,0,0,0,0,0,2020-08-18 15:46:56-04:00
0,0,0,0,0,0,2020-08-18 15:49:57-04:00
0,0,0,0,0,0,2020-08-18 15:50:49-04:00
0,0,0,0,0,0,2020-08-18 15:54:08-04:00
0,0,0,0,0,0,2020-08-18 15:59:36-04:00
1,1,0,0,0,0,2020-08-18 16:08:43-04:00
3,2,0,0,0,0,2020-08-25 12:37:06-04:00
0,0,0,0,0,0,2020-09-28 14:51:05-04:00
1,1,0,0,0,0,2020-09-28 15:10:59-04:00
1,1,0,0,0,0,2020-09-28 15:13:21-04:00
1,1,0,0,0,1,2020-09-28 16:23:10-04:00
1,1,0,0,0,1,2020-09-28 16:33:49-04:00
1,1,0,0,0,1,2020-09-28 16:36:04-04:00
1,1,0,0,0,1,2020-09-28 16:39:29-04:00
0,0,0,0,0,0,2020-09-28 16:42:05-04:00
1,1,0,0,0,1,2020-09-28 16:44:26-04:00
1,1,0,0,0,1,2020-09-28 16:51:41-04:00
1,1,0,0,0,1,2020-09-28 16:53:46-04:00
0,0,0,0,0,0,2020-09-28 16:54:41-04:00
1,1,0,0,0,1,2020-09-28 16:56:23-04:00
1,1,0,0,0,1,2020-09-28 16:58:53-04:00
0,0,0,0,0,0,2020-09-28 17:00:36-04:00
1,1,0,0,0,1,2020-09-28 17:02:03-04:00
0,0,0,0,0,0,2020-09-28 17:04:49-04:00
0,0,0,0,0,0,2020-09-28 17:10:49-04:00
0,0,0,0,0,0,2020-09-28 17:11:08-04:00
1,1,0,0,0,1,2020-09-28 17:11:50-04:00
0,0,0,0,0,0,2020-10-02 09:07:48-04:00
0,0,0,0,0,0,2020-10-05 15:20:12-04:00
0,0,0,0,0,0,2020-10-05 15:37:50-04:00
0,0,0,0,0,0,2020-10-05 15:40:13-04:00
0,0,0,0,0,0,2020-10-05 15:42:13-04:00
0,0,0,0,0,0,2020-10-05 15:43:43-04:00
0,0,0,0,0,0,2020-10-05 15:45:47-04:00
0,0,0,0,0,0,2020-10-05 15:47:12-04:00
0,0,0,0,0,0,2020-10-05 15:48:08-04:00
0,0,0,0,0,0,2020-10-08 11:20:29-04:00
0,0,0,0,0,0,2020-10-08 11:22:08-04:00
0,0,0,0,0,0,2020-10-08 11:23:38-04:00
0,0,0,0,0,0,2020-10-08 11:24:25-04:00
0,0,0,0,0,0,2020-10-08 11:26:33-04:00
0,0,0,0,0,0,2020-10-08 11:27:51-04:00
0,0,0,0,0,0,2020-10-08 11:29:12-04:00
0,0,0,0,0,0,2020-10-08 11:29:52-04:00
0,0,0,0,0,0,2020-10-08 11:30:31-04:00
0,0,0,0,0,0,2020-10-08 11:32:16-04:00
0,0,0,0,0,0,2020-10-08 11:33:40-04:00
0,0,0,0,0,0,2020-10-08 11:36:06-04:00
0,0,0,0,0,0,2020-10-08 11:40:20-04:00
0,0,0,0,0,0,2020-10-08 11:43:29-04:00
0,0,0,0,0,0,2020-10-08 11:44:23-04:00
0,0,0,0,0,0,2020-10-08 11:45:25-04:00
0,0,0,0,0,0,2020-10-08 11:45:53-04:00
0,0,0,0,0,0,2020-10-08 11:47:05-04:00
0,0,0,0,0,0,2020-10-08 11:49:35-04:00
0,0,0,0,0,0,2020-10-08 11:51:22-04:00
0,0,0,0,0,0,2020-10-08 11:55:24-04:00
0,0,0,0,0,0,2020-10-08 12:01:25-04:00
0,0,0,0,0,0,2020-10-08 12:11:16-04:00
0,0,0,0,0,0,2020-10-08 12:14:46-04:00
0,0,0,0,0,0,2020-10-08 12:17:48-04:00
0,0,0,0,0,0,2020-10-08 12:19:41-04:00
0,0,0,0,0,0,2020-10-08 12:23:21-04:00
0,0,0,0,0,0,2020-10-08 12:24:09-04:00
0,0,0,0,0,0,2020-10-08 12:26:36-04:00
0,0,0,0,0,0,2020-10-08 12:27:59-04:00
0,0,0,0,0,0,2020-10-08 12:28:58-04:00
0,0,0,0,0,0,2020-10-08 12:29:40-04:00
0,0,0,0,0,0,2020-10-08 12:30:55-04:00
0,0,0,0,0,0,2020-10-08 13:39:06-04:00
0,0,0,0,0,0,2020-10-08 13:39:52-04:00
0,0,0,0,0,0,2020-10-08 13:41:03-04:00
0,0,0,0,0,0,2020-10-08 13:42:51-04:00
0,0,0,0,0,0,2020-10-08 13:44:34-04:00
0,0,0,0,0,0,2020-10-08 13:46:29-04:00
0,0,0,0,0,0,2020-10-08 13:48:40-04:00
0,0,0,0,0,0,2020-10-08 13:57:45-04:00
0,0,0,0,0,0,2020-10-08 13:58:58-04:00
0,0,0,0,0,0,2020-10-08 13:59:37-04:00
0,0,0,0,0,0,2020-10-08 14:00:45-04:00
0,0,0,0,0,0,2020-10-08 14:01:56-04:00
0,0,0,0,0,0,2020-10-08 14:04:13-04:00
0,0,0,0,0,0,2020-10-08 14:05:34-04:00
0,0,0,0,0,0,2020-10-08 14:08:31-04:00
0,0,0,0,0,0,2020-10-08 14:09:52-04:00
0,0,0,0,0,0,2020-10-08 14:11:58-04:00
0,0,0,0,0,0,2020-10-08 14:13:43-04:00
0,0,0,0,0,0,2020-10-08 14:15:44-04:00
0,0,0,0,0,0,2020-10-08 14:18:11-04:00
0,0,0,0,0,0,2020-10-08 14:19:55-04:00
0,0,0,0,0,0,2020-10-08 14:21:19-04:00
0,0,0,0,0,0,2020-10-08 14:23:52-04:00
0,0,0,0,0,0,2020-10-08 14:25:24-04:00
0,0,0,0,0,0,2020-10-08 14:26:11-04:00
0,0,0,0,0,0,2020-10-08 14:27:08-04:00
0,0,0,0,0,0,2020-10-08 14:28:04-04:00
0,0,0,0,0,0,2020-10-08 14:29:55-04:00
0,0,0,0,0,0,2020-10-08 14:30:49-04:00
0,0,0,0,0,0,2020-10-08 14:32:26-04:00
0,0,0,0,0,0,2020-10-08 14:34:00-04:00
0,0,0,0,0,0,2020-10-08 14:36:09-04:00
0,0,0,0,0,0,2020-10-08 14:37:11-04:00
0,0,0,0,0,0,2020-10-08 14:38:24-04:00
0,0,0,0,0,0,2020-10-08 14:39:59-04:00
0,0,0,0,0,0,2020-10-08 14:40:47-04:00
0,0,0,0,0,0,2020-10-08 14:45:26-04:00
0,0,0,0,0,0,2020-10-08 14:46:09-04:00
0,0,0,0,0,0,2020-10-08 14:47:22-04:00
0,0,0,0,0,0,2020-10-08 14:50:31-04:00
0,0,0,0,0,0,2020-10-08 14:51:22-04:00
0,0,0,0,0,0,2020-10-08 14:51:54-04:00
0,0,0,0,0,0,2020-10-08 14:53:52-04:00
0,0,0,0,0,0,2020-10-08 14:55:27-04:00
0,0,0,0,0,0,2020-10-08 14:56:03-04:00
0,0,0,0,0,0,2020-10-08 15:47:24-04:00
0,0,0,0,0,0,2020-10-08 15:48:55-04:00
0,0,0,0,0,0,2020-10-08 15:49:43-04:00
0,0,0,0,0,0,2020-10-08 15:55:22-04:00
0,0,0,0,0,0,2020-10-08 15:58:10-04:00
0,0,0,0,0,0,2020-10-08 16:00:02-04:00
0,0,0,0,0,0,2020-10-08 16:04:32-04:00
0,0,0,0,0,0,2020-10-08 16:06:41-04:00
0,0,0,0,0,0,2020-10-08 16:08:18-04:00
0,0,0,0,0,0,2020-10-08 16:10:40-04:00
0,0,0,0,0,0,2020-10-08 16:11:42-04:00
1,1,0,0,0,1,2020-10-11 15:01:29-04:00
0,0,0,0,0,0,2020-10-11 15:03:22-04:00
0,0,0,0,0,0,2020-10-11 15:04:48-04:00
0,0,0,0,0,0,2020-10-11 15:06:45-04:00
0,0,0,0,0,0,2020-10-11 15:09:35-04:00
0,0,0,0,0,0,2020-10-11 15:13:44-04:00
0,0,0,0,0,0,2020-10-11 15:16:21-04:00
0,0,0,0,0,0,2020-10-11 15:25:57-04:00
0,0,0,0,0,0,2020-10-11 15:29:00-04:00
0,0,0,0,0,0,2020-10-11 15:30:04-04:00
0,0,0,0,0,0,2020-10-11 15:30:58-04:00
0,0,0,0,0,0,2020-10-11 15:31:52-04:00
0,0,0,0,0,0,2020-10-11 15:32:30-04:00
0,0,0,0,0,0,2020-10-11 15:33:35-04:00
0,0,0,0,0,0,2020-10-11 15:34:39-04:00
0,0,0,0,0,0,2020-10-11 15:36:55-04:00
0,0,0,0,0,0,2020-10-11 15:39:14-04:00
0,0,0,0,0,0,2020-10-11 15:40:45-04:00
0,0,0,0,0,0,2020-10-11 15:41:43-04:00
0,0,0,0,0,0,2020-10-11 15:43:00-04:00
0,0,0,0,0,0,2020-10-11 15:46:36-04:00
0,0,0,0,0,0,2020-10-11 16:35:47-04:00
0,0,0,0,0,0,2020-10-11 16:47:37-04:00
0,0,0,0,0,0,2020-10-11 16:48:18-04:00
0,0,0,0,0,0,2020-10-11 16:50:31-04:00
0,0,0,0,0,0,2020-10-12 06:12:55-04:00
0,0,0,0,0,0,2020-10-12 06:15:57-04:00
0,0,0,0,0,0,2020-10-12 06:18:08-04:00
1,1,0,0,0,1,2020-10-12 06:20:53-04:00
0,0,0,0,0,0,2020-10-12 06:52:01-04:00
0,0,0,0,0,0,2020-10-12 06:54:58-04:00
0,0,0,0,0,0,2020-10-12 06:57:06-04:00
0,0,0,0,0,0,2020-10-12 07:05:11-04:00
0,0,0,0,0,0,2020-10-12 07:09:08-04:00
0,0,0,0,0,0,2020-10-12 07:11:24-04:00
0,0,0,0,0,0,2020-10-12 07:13:49-04:00
0,0,0,0,0,0,2020-10-12 07:15:19-04:00
0,0,0,0,0,0,2020-10-12 07:16:25-04:00
0,0,0,0,0,0,2020-10-12 07:18:31-04:00
0,0,0,0,0,0,2020-10-12 07:20:15-04:00
0,0,0,0,0,0,2020-10-12 07:20:52-04:00
0,0,0,0,0,0,2020-10-12 07:22:02-04:00
0,0,0,0,0,0,2020-10-12 07:30:24-04:00
0,0,0,0,0,0,2020-10-12 07:32:18-04:00
0,0,0,0,0,0,2020-10-12 07:34:03-04:00
0,0,0,0,0,0,2020-10-12 07:35:25-04:00
0,0,0,0,0,0,2020-10-12 07:36:21-04:00
0,0,0,0,0,0,2020-10-12 07:37:37-04:00
0,0,0,0,0,0,2020-10-12 07:38:15-04:00
0,0,0,0,0,0,2020-10-12 07:40:42-04:00
0,0,0,0,0,0,2020-10-12 07:41:54-04:00
0,0,0,0,0,0,2020-10-12 07:42:25-04:00
0,0,0,0,0,0,2020-10-12 07:49:09-04:00
0,0,0,0,0,0,2020-10-12 08:19:18-04:00
0,0,0,0,0,0,2020-10-12 08:43:57-04:00
0,0,0,0,0,0,2020-10-12 08:46:03-04:00
0,0,0,0,0,0,2020-10-12 08:57:27-04:00
0,0,0,0,0,0,2020-10-12 09:01:16-04:00
0,1,0,0,0,0,2020-10-12 10:59:29-04:00
0,0,0,0,0,0,2020-10-12 11:05:38-04:00
0,0,0,0,0,0,2020-10-12 11:09:44-04:00
0,1,0,0,0,0,2020-10-12 11:10:37-04:00
0,1,0,0,0,0,2020-10-12 11:13:45-04:00
0,0,0,0,0,0,2020-10-12 11:20:32-04:00
0,0,0,0,0,0,2020-10-12 11:21:48-04:00
0,0,0,0,0,0,2020-10-12 11:22:45-04:00
0,0,0,0,0,0,2020-10-12 11:23:59-04:00
0,0,0,0,0,0,2020-10-12 11:25:54-04:00
0,0,0,0,0,0,2020-10-12 11:26:52-04:00
0,0,0,0,0,0,2020-10-12 11:28:10-04:00
0,0,0,0,0,0,2020-10-12 11:29:48-04:00
0,0,0,0,0,0,2020-10-12 11:30:20-04:00
0,0,0,0,0,0,2020-10-12 11:32:12-04:00
0,0,0,0,0,0,2020-10-12 11:32:53-04:00
0,0,0,0,0,0,2020-10-12 11:34:46-04:00
0,0,0,0,0,0,2020-10-12 11:36:50-04:00
0,0,0,0,0,0,2020-10-12 11:38:24-04:00
0,0,0,0,0,0,2020-10-12 11:40:02-04:00
0,0,0,0,0,0,2020-10-12 11:43:30-04:00
0,0,0,0,0,0,2020-10-12 11:44:48-04:00
0,0,0,0,0,0,2020-10-12 11:45:43-04:00
0,0,0,0,0,0,2020-10-12 11:47:59-04:00
0,0,0,0,0,0,2020-10-12 11:51:22-04:00
0,0,0,0,0,0,2020-10-12 11:52:52-04:00
0,0,0,0,0,0,2020-10-12 11:53:35-04:00
0,0,0,0,0,0,2020-10-12 11:56:28-04:00
0,0,0,0,0,0,2020-10-12 11:57:25-04:00
0,0,0,0,0,0,2020-10-12 11:59:40-04:00
0,0,0,0,0,0,2020-10-12 12:00:24-04:00
0,0,0,0,0,0,2020-10-12 12:02:32-04:00
0,0,0,0,0,0,2020-10-12 12:03:26-04:00
0,0,0,0,0,0,2020-10-12 12:05:50-04:00
0,0,0,0,0,0,2020-10-12 12:07:13-04:00
0,0,0,0,0,0,2020-10-12 12:08:18-04:00
0,0,0,0,0,0,2020-10-12 12:09:59-04:00
0,0,0,0,0,0,2020-10-12 12:11:13-04:00
0,0,0,0,0,0,2020-10-12 12:12:14-04:00
0,0,0,0,0,0,2020-10-12 12:13:08-04:00
0,0,0,0,0,0,2020-10-12 12:15:20-04:00
0,0,0,0,0,0,2020-10-12 12:17:30-04:00
0,0,0,0,0,0,2020-10-12 12:18:09-04:00
0,0,0,0,0,0,2020-10-12 12:18:42-04:00
0,0,0,0,0,0,2020-10-12 12:19:43-04:00
0,0,0,0,0,0,2020-10-12 12:20:15-04:00
0,0,0,0,0,0,2020-10-12 12:21:03-04:00
0,0,0,0,0,0,2020-10-12 12:21:39-04:00
0,0,0,0,0,0,2020-10-12 12:27:00-04:00
0,0,0,0,0,0,2020-10-12 12:27:32-04:00
0,0,0,0,0,0,2020-10-12 12:28:26-04:00
0,0,0,0,0,0,2020-10-12 12:31:18-04:00
0,0,0,0,0,0,2020-10-12 12:32:03-04:00
0,0,0,0,0,0,2020-10-12 12:33:04-04:00
0,0,0,0,0,0,2020-10-12 12:33:32-04:00
0,0,0,0,0,0,2020-10-12 12:34:12-04:00
0,0,0,0,0,0,2020-10-12 12:35:02-04:00
0,0,0,0,0,0,2020-10-12 12:36:49-04:00
0,0,0,0,0,0,2020-10-12 12:37:19-04:00
0,0,0,0,0,0,2020-10-12 12:37:58-04:00
0,0,0,0,0,0,2020-10-12 12:38:25-04:00
0,0,0,0,0,0,2020-10-12 12:39:12-04:00
0,0,0,0,0,0,2020-10-12 12:40:24-04:00
0,0,0,0,0,0,2020-10-12 12:42:20-04:00
0,0,0,0,0,0,2020-10-12 12:43:18-04:00
0,0,0,0,0,0,2020-10-12 12:43:48-04:00
0,0,0,0,0,0,2020-10-12 12:44:15-04:00
0,0,0,0,0,0,2020-10-12 12:44:42-04:00
0,0,0,0,0,0,2020-10-12 12:45:03-04:00
0,0,0,0,0,0,2020-10-12 12:45:50-04:00
0,0,0,0,0,0,2020-10-12 12:46:19-04:00
0,0,0,0,0,0,2020-10-12 12:47:31-04:00
0,0,0,0,0,0,2020-10-12 12:48:08-04:00
0,0,0,0,0,0,2020-10-12 12:48:39-04:00
0,0,0,0,0,0,2020-10-12 12:49:05-04:00
0,0,0,0,0,0,2020-10-12 12:53:49-04:00
0,0,0,0,0,0,2020-10-12 12:56:31-04:00
0,0,0,0,0,0,2020-10-12 12:58:08-04:00
0,0,0,0,0,0,2020-10-12 12:59:51-04:00
0,0,0,0,0,0,2020-10-12 13:01:11-04:00
0,0,0,0,0,0,2020-10-12 13:26:24-04:00
0,0,0,0,0,0,2020-10-12 13:28:17-04:00
0,0,0,0,0,0,2020-10-12 13:29:50-04:00
0,0,0,0,0,0,2020-10-12 13:31:09-04:00
0,0,0,0,0,0,2020-10-12 13:32:08-04:00
1,1,0,0,0,1,2020-10-12 13:33:15-04:00
1,1,0,0,0,1,2020-10-12 13:34:42-04:00
0,0,0,0,0,0,2020-10-12 13:36:21-04:00
0,0,0,0,0,0,2020-10-12 13:39:11-04:00
0,0,0,0,0,0,2020-10-12 13:47:11-04:00
1,1,0,0,0,1,2020-10-12 13:48:24-04:00
0,0,0,0,0,0,2020-10-12 13:54:56-04:00
0,0,0,0,0,0,2020-10-12 14:00:06-04:00
0,0,0,0,0,0,2020-10-12 14:01:00-04:00
0,0,0,0,0,0,2020-10-12 14:02:51-04:00
0,0,0,0,0,0,2020-10-12 14:03:56-04:00
0,0,0,0,0,0,2020-10-12 14:36:32-04:00
0,0,0,0,0,0,2020-10-12 14:50:27-04:00
0,0,0,0,0,0,2020-10-12 20:30:44-04:00
0,0,0,0,0,0,2020-10-16 09:27:37-04:00
0,0,0,0,0,0,2020-10-16 09:29:13-04:00
