Acquisition,Preparation,Modeling,Training,Evaluation,Prediction,time
0,0,0,0,0,0,2017-09-08 16:59:00-05:00
0,0,0,0,0,0,2017-09-08 19:49:55-05:00
0,0,0,0,0,0,2017-09-12 11:47:32-05:00
0,0,0,0,0,0,2017-09-12 16:48:26-05:00
0,0,0,0,0,0,2017-09-12 18:08:53-05:00
0,0,0,0,0,0,2017-09-15 18:22:17-05:00
0,0,0,0,0,0,2017-09-27 11:09:27-05:00
0,0,0,0,0,0,2017-10-05 16:44:07+02:00
0,0,0,0,0,0,2017-10-10 11:00:57+02:00
0,0,0,0,0,0,2017-10-12 10:00:20+02:00
0,0,0,0,0,0,2017-10-13 11:34:12+02:00
0,0,0,0,0,0,2017-12-10 10:22:49-06:00
0,0,0,0,0,0,2017-12-10 16:05:12-06:00
0,0,0,0,0,0,2017-12-10 21:19:15-06:00
0,0,0,0,0,0,2017-12-18 15:38:42-06:00
0,0,0,0,0,0,2017-12-24 17:17:59-08:00
0,0,0,0,0,0,2017-12-29 16:54:26-08:00
0,0,0,0,0,0,2018-01-07 11:10:16-06:00
0,0,0,0,0,0,2018-01-07 11:14:53-06:00
0,0,0,0,0,0,2018-01-16 18:39:57-06:00
0,0,0,0,0,0,2018-01-30 10:29:52-06:00
0,0,0,0,0,0,2018-01-30 10:32:56-06:00
0,0,0,0,0,0,2018-01-30 11:21:19-06:00
0,1,0,0,0,0,2018-01-30 17:57:23-06:00
0,1,0,0,0,0,2018-01-31 16:55:18-06:00
0,1,0,0,0,0,2018-01-31 18:26:18-06:00
0,1,0,0,0,0,2018-01-31 21:50:46-06:00
0,0,0,0,0,0,2018-01-31 21:53:19-06:00
0,1,0,0,0,0,2018-02-01 11:39:52-06:00
0,1,0,0,0,0,2018-02-02 15:45:48-06:00
0,1,0,0,0,0,2018-02-02 17:44:32-06:00
0,0,0,0,0,0,2018-02-03 11:35:58-06:00
0,1,0,0,0,0,2018-02-03 15:50:34-06:00
0,1,0,0,0,0,2018-02-03 17:21:19-06:00
0,0,0,0,0,0,2018-02-04 15:10:20-06:00
0,0,0,0,0,0,2018-02-05 19:10:42-06:00
0,1,0,0,0,0,2018-02-06 17:44:54-06:00
0,1,0,0,0,0,2018-02-06 20:59:15-06:00
0,0,0,0,0,0,2018-02-07 17:21:25-05:00
0,1,0,0,0,0,2018-02-08 11:36:17-05:00
0,1,0,0,0,0,2018-02-08 12:48:06-05:00
0,1,0,0,0,0,2018-02-08 13:35:08-05:00
0,1,0,0,0,0,2018-02-08 17:10:42-05:00
0,1,0,0,0,0,2018-02-08 17:42:30-05:00
0,1,0,0,0,0,2018-02-09 09:56:08-06:00
0,1,0,0,0,0,2018-02-09 10:55:08-06:00
0,1,0,0,0,0,2018-02-09 11:12:05-06:00
0,0,0,0,0,0,2018-02-09 13:22:56-06:00
0,1,0,0,0,0,2018-02-09 13:52:58-06:00
0,1,0,0,0,0,2018-02-09 15:44:32-06:00
0,0,0,0,0,0,2018-02-09 16:41:38-06:00
0,0,0,0,0,0,2018-02-09 16:43:56-06:00
0,1,0,0,0,0,2018-02-12 13:49:18-06:00
0,0,0,0,0,0,2018-02-13 14:45:24-06:00
0,1,0,0,0,0,2018-02-13 17:37:34-06:00
0,0,0,0,0,0,2018-02-14 10:30:16-06:00
0,0,0,0,0,0,2018-02-14 10:59:48-06:00
0,0,0,0,0,0,2018-02-14 15:02:02-06:00
0,0,0,0,0,0,2018-02-14 15:13:56-06:00
0,0,0,0,0,0,2018-02-14 15:28:00-06:00
0,0,0,0,0,0,2018-02-14 16:27:52-06:00
1,3,0,0,1,0,2018-02-14 16:45:54-06:00
0,0,0,0,0,0,2018-02-14 16:50:24-06:00
3,6,0,0,3,0,2018-02-23 10:14:27-06:00
0,3,0,0,1,0,2018-02-26 11:40:57-06:00
0,3,0,0,1,0,2018-02-27 13:12:43-06:00
1,2,0,0,1,0,2018-02-28 11:28:18-06:00
0,3,0,0,0,0,2018-03-02 11:03:59-06:00
0,3,0,0,1,0,2018-03-02 11:55:28-06:00
0,0,0,0,0,0,2018-03-07 16:46:27-06:00
0,0,0,0,0,0,2018-03-10 00:07:12-06:00
1,5,0,0,2,0,2018-03-10 14:41:20-06:00
4,9,0,2,4,2,2018-03-21 16:23:58-05:00
0,0,0,0,0,0,2018-03-21 23:35:44-05:00
0,2,0,1,1,1,2018-03-22 07:36:34-05:00
4,7,0,2,4,2,2018-03-27 18:35:28-05:00
0,1,0,0,0,0,2018-04-03 15:36:11-05:00
0,0,0,0,0,0,2018-05-09 14:31:24-05:00
1,3,0,0,0,0,2018-07-04 12:25:43-04:00
0,0,0,0,0,0,2018-07-04 11:25:56-05:00
0,0,0,0,0,0,2018-07-04 11:26:22-05:00
0,0,0,0,0,0,2018-07-23 14:17:17-05:00
0,0,0,0,0,0,2018-09-19 10:02:20-05:00
0,0,0,0,0,0,2018-10-17 12:24:24-05:00
0,0,0,0,0,0,2018-10-17 12:27:22-05:00
0,0,0,0,0,0,2018-10-17 12:29:25-05:00
0,0,0,0,0,0,2018-10-17 13:49:19-05:00
2,3,0,0,0,0,2018-10-22 23:14:28-05:00
