Acquisition,Preparation,Modeling,Training,Evaluation,Prediction,time
0,0,0,0,0,0,2020-03-18 20:32:39-04:00
0,1,0,0,0,0,2020-03-22 23:43:55-04:00
0,2,1,0,1,1,2020-03-25 13:05:09-04:00
0,3,1,0,2,1,2020-03-25 17:14:28-04:00
0,0,0,0,0,0,2020-03-25 17:19:08-04:00
0,0,0,0,0,0,2020-03-25 22:18:10-04:00
0,0,0,0,0,0,2020-03-25 22:31:35-04:00
0,2,1,0,2,1,2020-03-26 14:22:59-04:00
0,2,1,0,2,1,2020-03-27 12:14:44-04:00
0,0,0,0,0,0,2020-03-27 12:14:49-04:00
0,1,1,0,1,1,2020-03-27 12:39:52-04:00
1,2,1,0,2,1,2020-03-27 16:13:33-04:00
0,0,0,0,0,0,2020-03-27 16:17:33-04:00
0,1,1,0,0,0,2020-03-27 16:18:36-04:00
0,1,1,0,1,1,2020-03-27 22:54:10-04:00
1,2,1,1,2,1,2020-03-28 10:38:18-04:00
1,2,1,1,2,1,2020-03-28 12:14:28-04:00
0,2,1,0,2,1,2020-03-28 15:12:12-04:00
0,0,0,0,0,0,2020-03-28 22:19:11-04:00
1,1,0,1,1,0,2020-03-28 22:57:50-04:00
1,1,0,1,0,0,2020-03-28 22:59:07-04:00
0,0,0,0,0,0,2020-03-28 22:59:28-04:00
1,1,0,1,1,0,2020-03-28 23:13:06-04:00
1,2,1,1,2,1,2020-03-29 01:07:00-04:00
0,0,0,0,0,0,2020-03-29 01:20:23-04:00
0,0,0,0,0,0,2020-03-29 12:17:17-04:00
0,0,0,0,0,0,2020-03-29 12:17:32-04:00
0,0,0,0,0,0,2020-03-29 13:52:53-04:00
0,0,0,0,0,0,2020-03-29 14:15:15-04:00
0,0,0,0,0,0,2020-03-29 14:15:36-04:00
0,0,0,0,0,0,2020-03-29 14:15:52-04:00
1,1,0,1,1,0,2020-03-29 16:04:48-04:00
1,1,0,1,1,0,2020-03-29 16:24:04-04:00
0,1,1,0,1,1,2020-03-29 17:18:14-04:00
1,1,0,0,0,0,2020-03-29 18:01:08-04:00
0,0,0,0,0,0,2020-03-29 18:03:11-04:00
1,1,1,0,1,1,2020-03-29 18:53:14-04:00
1,1,1,0,1,1,2020-03-29 19:10:37-04:00
1,1,0,0,0,0,2020-03-29 20:52:58-04:00
0,0,0,0,0,0,2020-03-29 20:53:06-04:00
0,0,0,0,0,0,2020-03-29 20:58:14-04:00
0,0,0,0,0,0,2020-03-29 21:02:05-04:00
0,0,0,0,0,0,2020-03-29 21:03:06-04:00
0,0,0,0,0,0,2020-03-29 21:03:56-04:00
0,0,0,0,0,0,2020-03-29 21:45:39-04:00
0,0,0,0,0,0,2020-03-29 21:45:44-04:00
1,1,1,0,1,1,2020-03-29 21:54:16-04:00
1,1,1,0,1,1,2020-03-29 22:06:04-04:00
1,1,1,0,1,1,2020-03-29 22:30:01-04:00
0,0,0,0,0,0,2020-03-29 23:15:36-04:00
0,0,0,0,0,0,2020-03-29 23:18:31-04:00
1,1,1,0,1,1,2020-03-30 10:33:47-04:00
0,0,0,0,0,0,2020-03-30 10:34:00-04:00
1,1,1,0,1,1,2020-03-30 12:34:26-04:00
1,1,1,0,1,1,2020-03-30 12:56:58-04:00
1,1,1,0,1,1,2020-03-30 13:28:18-04:00
1,1,1,0,1,1,2020-03-30 14:20:58-04:00
1,1,1,0,1,1,2020-03-30 15:05:05-04:00
2,2,0,1,1,0,2020-03-30 16:01:24-04:00
1,1,0,1,0,0,2020-03-30 16:03:14-04:00
2,2,1,1,2,1,2020-03-30 17:07:52-04:00
1,1,1,0,1,1,2020-03-30 17:38:51-04:00
0,0,0,0,0,0,2020-03-30 19:19:58-04:00
0,0,0,0,0,0,2020-03-30 20:13:04-04:00
0,0,0,0,0,0,2020-03-30 20:13:09-04:00
0,0,0,0,0,0,2020-03-30 20:15:55-04:00
0,0,0,0,0,0,2020-03-30 20:19:56-04:00
0,0,0,0,0,0,2020-03-30 20:22:19-04:00
0,0,0,0,0,0,2020-03-30 20:23:59-04:00
0,0,0,0,0,0,2020-03-30 20:31:59-04:00
0,0,0,0,0,0,2020-03-30 20:32:08-04:00
0,0,0,0,0,0,2020-03-30 20:35:56-04:00
0,0,0,0,0,0,2020-03-30 20:43:08-04:00
0,0,0,0,0,0,2020-03-30 20:44:21-04:00
0,0,0,0,0,0,2020-03-30 20:51:18-04:00
0,0,0,0,0,0,2020-03-30 22:43:06-04:00
0,0,0,0,0,0,2020-03-30 22:44:55-04:00
0,0,0,0,0,0,2020-03-30 22:46:10-04:00
0,0,0,0,0,0,2020-03-31 08:32:01-04:00
0,0,0,0,0,0,2020-03-31 11:23:27-04:00
2,2,1,1,2,1,2020-04-02 22:03:27-04:00
1,1,1,0,1,1,2020-04-03 00:23:27-04:00
1,1,1,0,1,1,2020-04-03 11:42:49-04:00
1,1,1,0,1,1,2020-04-03 12:04:13-04:00
2,2,0,1,1,0,2020-04-03 13:07:14-04:00
2,2,1,1,2,1,2020-04-03 13:45:08-04:00
0,0,0,0,0,0,2020-04-03 13:59:11-04:00
0,0,0,0,0,0,2020-04-03 13:59:15-04:00
0,0,0,0,0,0,2020-04-03 14:10:06-04:00
0,0,0,0,0,0,2020-04-03 15:59:38-04:00
0,0,0,0,0,0,2020-04-03 17:02:35-04:00
2,2,1,1,2,1,2020-04-03 17:42:29-04:00
0,0,0,0,0,0,2020-04-03 17:42:33-04:00
0,0,0,1,0,0,2020-04-03 20:12:53-04:00
0,0,0,0,0,0,2020-04-03 20:13:02-04:00
0,0,0,1,0,0,2020-04-03 20:40:53-04:00
1,1,1,0,1,1,2020-04-03 20:46:04-04:00
1,1,1,0,1,1,2020-04-03 21:05:59-04:00
2,2,1,1,2,1,2020-04-03 21:31:02-04:00
1,1,1,0,1,1,2020-04-03 21:41:30-04:00
0,0,0,1,0,0,2020-04-03 23:43:34-04:00
2,2,1,1,2,1,2020-04-04 00:02:26-04:00
1,1,0,1,1,0,2020-04-04 00:05:17-04:00
2,2,1,1,2,1,2020-04-04 15:37:41-04:00
2,2,1,2,2,1,2020-04-04 18:34:17-04:00
0,0,0,0,0,0,2020-04-04 22:42:22-04:00
0,0,0,0,0,0,2020-04-04 22:44:00-04:00
0,0,0,0,0,0,2020-04-04 22:44:30-04:00
1,1,1,0,1,1,2020-04-04 23:07:12-04:00
1,1,1,1,1,1,2020-04-05 16:12:16-04:00
1,1,0,0,0,0,2020-04-05 16:40:37-04:00
0,0,0,0,0,0,2020-04-05 16:40:41-04:00
1,1,0,0,0,0,2020-04-05 17:17:51-04:00
0,0,0,1,0,0,2020-04-05 18:13:12-04:00
0,0,0,0,0,0,2020-04-05 18:13:25-04:00
0,0,0,1,0,0,2020-04-05 18:16:08-04:00
0,0,0,0,0,0,2020-04-05 18:24:28-04:00
0,0,0,0,0,0,2020-04-05 18:24:36-04:00
1,1,1,0,1,1,2020-04-05 20:37:48-04:00
0,0,0,0,0,0,2020-04-05 20:48:17-04:00
0,0,0,1,0,0,2020-04-05 21:47:55-04:00
0,0,0,0,0,0,2020-04-05 23:18:24-04:00
0,0,0,0,0,0,2020-04-05 23:33:44-04:00
0,0,0,0,0,0,2020-04-05 23:41:39-04:00
1,1,1,1,1,1,2020-04-06 01:14:16-04:00
0,0,0,1,0,0,2020-04-06 11:25:39-04:00
1,1,0,1,1,0,2020-04-06 12:21:21-04:00
0,0,0,0,0,0,2020-04-06 12:21:29-04:00
0,0,0,2,0,0,2020-04-06 14:26:30-04:00
0,0,0,0,0,0,2020-04-06 14:26:35-04:00
2,2,1,1,2,1,2020-04-06 14:58:46-04:00
1,1,0,1,1,0,2020-04-06 15:12:15-04:00
1,1,1,0,1,1,2020-04-06 15:25:30-04:00
1,1,0,1,1,0,2020-04-06 15:30:07-04:00
0,0,0,1,0,0,2020-04-06 15:32:07-04:00
1,1,1,0,1,1,2020-04-06 16:03:28-04:00
1,1,1,0,1,1,2020-04-06 16:08:43-04:00
2,2,1,1,2,1,2020-04-06 16:14:12-04:00
1,1,1,0,1,1,2020-04-06 16:18:39-04:00
1,1,1,2,1,1,2020-04-06 16:34:10-04:00
0,0,0,1,0,0,2020-04-07 11:14:08-04:00
1,1,1,0,1,1,2020-04-07 11:25:20-04:00
1,1,1,1,1,1,2020-04-07 11:52:50-04:00
1,1,0,1,1,0,2020-04-07 12:16:06-04:00
1,1,0,1,1,0,2020-04-07 12:22:01-04:00
1,1,0,2,1,0,2020-04-07 12:26:53-04:00
0,0,0,2,0,0,2020-04-07 12:27:30-04:00
0,0,0,1,0,0,2020-04-07 14:03:22-04:00
0,0,0,0,0,0,2020-04-07 20:58:11-04:00
0,0,0,0,0,0,2020-04-07 20:58:15-04:00
0,0,0,0,0,0,2020-04-07 21:03:57-04:00
2,2,1,7,2,1,2020-04-07 22:30:46-04:00
0,0,0,0,0,0,2020-04-07 22:34:47-04:00
0,0,0,0,0,0,2020-04-08 00:12:41-04:00
0,0,0,0,0,0,2020-04-08 00:13:14-04:00
2,2,1,4,2,1,2020-04-08 12:40:01-04:00
0,0,0,0,0,0,2020-04-08 12:40:23-04:00
1,1,1,1,1,1,2020-04-08 22:47:35-04:00
1,1,1,1,1,1,2020-04-08 22:59:27-04:00
0,0,0,0,0,0,2020-04-08 23:00:20-04:00
4,4,1,3,2,1,2020-04-08 23:07:38-04:00
0,0,0,0,0,0,2020-04-08 23:07:54-04:00
1,1,1,1,1,1,2020-04-08 23:17:37-04:00
0,0,0,0,0,0,2020-04-08 23:17:55-04:00
0,0,0,0,0,0,2020-04-08 23:45:40-04:00
1,1,1,1,1,1,2020-04-08 23:48:41-04:00
0,0,0,0,0,0,2020-04-09 00:13:39-04:00
0,0,0,0,0,0,2020-04-09 00:23:31-04:00
2,2,1,2,1,1,2020-04-09 09:59:01-04:00
1,1,0,1,0,0,2020-04-09 10:02:46-04:00
0,0,0,0,0,0,2020-04-09 19:27:57-04:00
0,0,0,0,0,0,2020-04-09 19:28:15-04:00
4,4,1,4,2,1,2020-04-09 21:27:15-04:00
0,0,0,0,0,0,2020-04-09 22:02:14-04:00
2,2,0,1,0,0,2020-04-09 22:46:59-04:00
0,0,0,0,0,0,2020-04-09 22:47:21-04:00
0,0,0,0,0,0,2020-04-09 23:19:28-04:00
0,0,0,0,0,0,2020-04-09 23:19:35-04:00
0,0,0,0,0,0,2020-04-10 07:43:41-04:00
1,1,1,1,1,1,2020-04-10 10:09:45-04:00
0,0,0,0,0,0,2020-04-10 10:26:42-04:00
1,1,0,1,1,0,2020-04-10 11:28:13-04:00
0,0,0,0,0,0,2020-04-10 11:35:29-04:00
0,0,0,0,0,0,2020-04-10 11:36:18-04:00
0,0,0,0,0,0,2020-04-10 11:37:09-04:00
0,0,0,0,0,0,2020-04-10 11:38:54-04:00
0,0,0,0,0,0,2020-04-10 11:40:36-04:00
0,0,0,0,0,0,2020-04-10 11:44:21-04:00
0,0,0,0,0,0,2020-04-10 11:52:58-04:00
1,1,0,1,1,0,2020-04-10 12:00:42-04:00
0,0,0,0,0,0,2020-04-10 12:01:52-04:00
0,0,0,0,0,0,2020-04-10 12:22:05-04:00
1,1,1,1,1,1,2020-04-10 12:27:45-04:00
0,0,0,0,0,0,2020-04-10 14:39:48-04:00
0,0,0,0,0,0,2020-04-10 14:40:35-04:00
0,0,0,0,0,0,2020-04-10 14:41:21-04:00
0,0,0,0,0,0,2020-04-10 14:42:06-04:00
0,0,0,0,0,0,2020-04-10 15:34:52-04:00
0,0,0,0,0,0,2020-04-10 15:42:01-04:00
0,0,0,0,0,0,2020-04-10 15:42:06-04:00
0,0,0,0,0,0,2020-04-10 15:44:56-04:00
2,2,1,2,2,1,2020-04-10 16:36:59-04:00
0,0,0,0,0,0,2020-04-10 16:37:03-04:00
0,0,0,0,0,0,2020-04-10 17:19:20-04:00
2,2,1,2,2,1,2020-04-10 21:21:12-04:00
0,0,0,0,0,0,2020-04-10 21:21:16-04:00
1,1,1,1,1,1,2020-04-10 21:45:25-04:00
0,0,0,0,0,0,2020-04-10 21:50:45-04:00
0,0,0,0,0,0,2020-04-10 21:53:24-04:00
2,2,0,1,0,1,2020-04-10 22:48:12-04:00
0,0,0,0,0,0,2020-04-11 00:06:23-04:00
0,0,0,0,0,0,2020-04-11 00:06:51-04:00
2,2,0,1,0,1,2020-04-11 00:11:33-04:00
0,0,0,0,0,0,2020-04-11 00:11:53-04:00
0,0,0,0,0,0,2020-04-11 10:29:02-04:00
0,0,0,0,0,0,2020-04-11 12:31:38-04:00
0,0,0,0,0,0,2020-04-11 12:31:43-04:00
0,0,0,0,0,0,2020-04-11 13:04:21-04:00
0,0,0,0,0,0,2020-04-11 13:11:32-04:00
1,1,1,1,1,1,2020-04-11 13:12:03-04:00
0,0,0,0,0,0,2020-04-11 13:12:07-04:00
2,2,1,2,2,1,2020-04-11 13:44:19-04:00
0,0,0,0,0,0,2020-04-11 13:55:48-04:00
0,0,0,0,0,0,2020-04-11 13:57:32-04:00
0,0,0,0,0,0,2020-04-11 13:58:59-04:00
0,0,0,0,0,0,2020-04-11 13:59:10-04:00
0,0,0,0,0,0,2020-04-11 14:08:03-04:00
0,0,0,0,0,0,2020-04-11 14:08:08-04:00
0,0,0,0,0,0,2020-04-11 15:33:43-04:00
0,0,0,0,0,0,2020-04-11 16:54:24-04:00
0,0,0,0,0,0,2020-04-11 17:18:17-04:00
0,0,0,0,0,0,2020-04-11 17:18:22-04:00
1,1,0,1,1,0,2020-04-11 17:34:59-04:00
0,0,0,0,0,0,2020-04-11 17:35:18-04:00
0,0,0,0,0,0,2020-04-11 19:29:12-04:00
0,0,0,0,0,0,2020-04-11 19:37:27-04:00
1,1,0,1,0,1,2020-04-11 19:41:50-04:00
0,0,0,0,0,0,2020-04-11 22:22:27-04:00
0,0,0,0,0,0,2020-04-11 23:29:27-04:00
0,0,0,0,0,0,2020-04-11 23:29:32-04:00
0,0,0,0,0,0,2020-04-11 23:30:05-04:00
0,0,0,0,0,0,2020-04-11 23:57:46-04:00
0,0,0,0,0,0,2020-04-12 10:31:36-04:00
0,0,0,0,0,0,2020-04-12 14:09:36-04:00
0,0,0,0,0,0,2020-04-12 16:00:22-04:00
2,2,1,1,1,1,2020-04-12 16:02:33-04:00
1,1,0,1,0,1,2020-04-12 17:53:20-04:00
0,0,0,0,0,0,2020-04-12 18:00:48-04:00
0,1,1,8,0,0,2020-04-12 18:08:59-04:00
0,0,0,0,0,0,2020-04-12 18:10:31-04:00
0,0,0,0,0,0,2020-04-12 18:20:21-04:00
0,0,0,0,0,0,2020-04-12 18:53:24-04:00
0,0,0,0,0,0,2020-04-12 18:54:51-04:00
0,1,1,0,0,0,2020-04-12 20:30:12-04:00
0,0,0,0,0,0,2020-04-13 10:06:34-04:00
0,0,0,0,0,0,2020-04-13 10:07:45-04:00
0,0,0,0,0,0,2020-04-13 10:07:50-04:00
0,0,0,0,0,0,2020-04-13 10:08:21-04:00
0,0,0,0,0,0,2020-04-13 10:10:07-04:00
1,1,1,1,1,1,2020-04-13 10:31:45-04:00
0,0,0,0,0,0,2020-04-13 10:31:51-04:00
0,0,0,0,0,0,2020-04-13 10:35:11-04:00
0,0,0,0,0,0,2020-04-13 11:42:11-04:00
2,2,1,2,2,1,2020-04-13 11:45:10-04:00
0,0,0,0,0,0,2020-04-13 11:45:16-04:00
0,0,0,0,0,0,2020-04-13 11:45:38-04:00
0,0,0,0,0,0,2020-04-13 11:47:02-04:00
0,0,0,0,0,0,2020-04-13 12:42:06-04:00
0,0,0,0,0,0,2020-04-13 13:19:02-04:00
3,3,1,2,2,1,2020-04-13 13:19:14-04:00
0,0,0,0,0,0,2020-04-13 13:20:31-04:00
0,0,0,0,0,0,2020-04-13 13:27:23-04:00
1,1,0,1,1,0,2020-04-13 13:45:24-04:00
0,0,0,0,0,0,2020-04-13 13:46:53-04:00
0,0,0,0,0,0,2020-04-13 20:14:12-04:00
0,0,0,0,0,0,2020-04-13 20:18:47-04:00
0,0,0,0,0,0,2020-04-13 20:27:36-04:00
0,0,0,0,0,0,2020-04-13 20:40:40-04:00
1,1,0,0,0,0,2020-04-13 22:14:22-04:00
0,0,0,0,0,0,2020-04-13 22:15:46-04:00
0,0,0,0,0,0,2020-04-14 11:26:59-04:00
0,0,0,0,0,0,2020-04-14 11:27:04-04:00
0,0,0,0,0,0,2020-04-14 12:29:28-04:00
0,0,0,0,0,0,2020-04-14 12:33:10-04:00
0,0,0,0,0,0,2020-04-14 14:35:56-04:00
1,1,1,1,1,1,2020-04-14 14:47:33-04:00
0,0,0,0,0,0,2020-04-14 14:54:21-04:00
0,0,0,0,0,0,2020-04-14 14:59:07-04:00
5,4,1,3,2,2,2020-04-14 15:55:51-04:00
0,0,0,0,0,0,2020-04-14 16:23:51-04:00
0,0,0,0,0,0,2020-04-14 17:40:36-04:00
0,0,0,0,0,0,2020-04-14 19:46:12-04:00
0,0,0,0,0,0,2020-04-15 14:22:36-04:00
0,0,0,0,0,0,2020-04-15 14:27:28-04:00
0,0,0,0,0,0,2020-04-15 14:41:05-04:00
0,0,0,0,0,0,2020-04-15 14:46:30-04:00
0,0,0,0,0,0,2020-04-15 14:46:42-04:00
0,0,0,0,0,0,2020-04-15 14:48:15-04:00
0,0,0,0,0,0,2020-04-15 14:48:29-04:00
1,0,0,15,0,0,2020-04-16 00:14:48-04:00
0,0,0,0,0,0,2020-04-16 00:32:12-04:00
0,0,0,0,0,0,2020-04-16 00:49:32-04:00
0,0,0,0,0,0,2020-04-16 00:50:51-04:00
0,0,0,0,0,0,2020-04-16 10:54:15-04:00
2,1,0,0,0,0,2020-04-16 22:22:57-04:00
0,0,0,0,0,0,2020-04-16 22:32:45-04:00
0,0,0,0,0,0,2020-04-16 22:34:23-04:00
0,0,0,0,0,0,2020-04-16 22:37:41-04:00
0,0,0,0,0,0,2020-04-16 22:38:05-04:00
0,0,0,0,0,0,2020-04-18 16:19:15-04:00
0,0,0,0,0,0,2020-04-18 16:23:47-04:00
0,0,0,0,0,0,2020-04-18 16:49:56-04:00
0,0,0,0,0,0,2020-04-18 19:08:30-04:00
0,0,0,0,0,0,2020-04-18 20:42:39-04:00
0,0,0,0,0,0,2020-04-18 20:50:32-04:00
0,0,0,0,0,0,2020-04-18 20:50:56-04:00
0,0,0,0,0,0,2020-04-18 20:53:34-04:00
0,0,0,0,0,0,2020-04-18 20:55:16-04:00
0,0,0,0,0,0,2020-04-18 20:57:07-04:00
0,0,0,0,0,0,2020-04-18 21:02:06-04:00
1,1,0,1,1,0,2020-04-18 21:07:21-04:00
0,0,0,0,0,0,2020-04-18 21:15:33-04:00
0,0,0,0,0,0,2020-04-18 21:53:08-04:00
0,0,0,0,0,0,2020-04-18 21:54:37-04:00
0,0,0,0,0,0,2020-04-18 22:01:40-04:00
0,0,0,0,0,0,2020-04-18 22:03:54-04:00
0,0,0,0,0,0,2020-04-18 22:47:36-04:00
0,0,0,0,0,0,2020-04-18 22:48:16-04:00
0,0,0,0,0,0,2020-04-18 23:02:47-04:00
0,0,0,0,0,0,2020-04-18 23:03:51-04:00
2,2,1,2,2,1,2020-04-18 23:27:34-04:00
0,0,0,0,0,0,2020-04-18 23:27:59-04:00
3,3,0,2,2,0,2020-04-18 23:34:54-04:00
0,0,0,0,0,0,2020-04-18 23:35:37-04:00
0,0,0,0,0,0,2020-04-18 23:58:15-04:00
0,0,0,0,0,0,2020-04-18 23:58:50-04:00
0,0,0,0,0,0,2020-04-19 16:15:41-04:00
0,0,0,0,0,0,2020-04-19 16:16:08-04:00
0,0,0,0,0,0,2020-04-20 15:17:01-04:00
0,0,0,0,0,0,2020-04-20 15:17:40-04:00
0,0,0,0,0,0,2020-04-20 16:04:48-04:00
0,0,0,0,0,0,2020-04-20 16:05:16-04:00
0,0,0,0,0,0,2020-04-20 17:22:30-04:00
0,0,0,0,0,0,2020-04-20 17:23:04-04:00
0,0,0,0,0,0,2020-04-20 17:30:19-04:00
0,0,0,0,0,0,2020-04-20 17:31:04-04:00
0,0,0,0,0,0,2020-04-20 23:00:56-04:00
0,0,0,0,0,0,2020-04-21 09:47:03-04:00
0,0,0,0,0,0,2020-04-21 17:04:53-04:00
0,0,0,0,0,0,2020-04-21 17:08:25-04:00
0,0,0,0,0,0,2020-04-21 17:09:37-04:00
0,0,0,0,0,0,2020-04-21 17:22:10-04:00
0,0,0,0,0,0,2020-04-21 17:25:04-04:00
0,0,0,0,0,0,2020-04-21 17:26:26-04:00
0,0,0,0,0,0,2020-04-21 17:39:53-04:00
0,0,0,0,0,0,2020-04-21 17:44:25-04:00
0,0,0,0,0,0,2020-04-21 17:46:23-04:00
0,0,0,0,0,0,2020-04-21 17:51:31-04:00
0,0,0,0,0,0,2020-04-21 17:52:40-04:00
0,0,0,0,0,0,2020-04-21 17:54:41-04:00
0,0,0,0,0,0,2020-04-21 17:55:38-04:00
0,0,0,0,0,0,2020-04-21 17:56:03-04:00
0,0,0,0,0,0,2020-04-21 17:57:34-04:00
0,0,0,0,0,0,2020-04-21 18:00:15-04:00
0,0,0,0,0,0,2020-04-21 18:03:13-04:00
0,0,0,0,0,0,2020-04-21 18:14:26-04:00
0,0,0,0,0,0,2020-04-21 18:21:08-04:00
0,0,0,0,0,0,2020-04-21 18:24:46-04:00
0,0,0,0,0,0,2020-04-21 18:43:42-04:00
0,0,0,0,0,0,2020-04-21 18:51:47-04:00
0,0,0,0,0,0,2020-04-21 19:30:10-04:00
0,0,0,0,0,0,2020-04-21 21:53:56-04:00
0,0,0,0,0,0,2020-04-24 00:00:56-04:00
0,0,0,0,0,0,2020-04-24 00:08:17-04:00
0,0,0,0,0,0,2020-04-24 15:49:10-04:00
0,0,0,0,0,0,2020-04-24 16:52:11-04:00
0,0,0,0,0,0,2020-04-24 17:25:33-04:00
0,0,0,0,0,0,2020-04-24 17:27:03-04:00
0,0,0,0,0,0,2020-04-24 19:14:55-04:00
0,0,0,0,0,0,2020-04-24 19:22:22-04:00
0,0,0,0,0,0,2020-04-24 20:35:23-04:00
0,0,0,0,0,0,2020-04-25 16:30:02-04:00
0,0,0,0,0,0,2020-04-26 00:05:22-04:00
1,1,1,1,1,1,2020-04-30 23:37:14-04:00
0,0,0,0,0,0,2020-05-01 09:41:45-04:00
4,4,1,4,4,3,2020-05-07 23:02:06-04:00
2,2,1,2,2,1,2020-05-09 09:45:07-04:00
5,5,2,5,5,4,2020-05-10 16:03:19-04:00
8,8,2,8,8,7,2020-05-12 13:04:11-04:00
0,0,0,0,0,0,2020-05-12 13:05:59-04:00
0,0,0,0,0,0,2020-05-12 14:11:14-04:00
0,0,0,0,0,0,2020-06-04 09:43:16-04:00
0,0,0,0,0,0,2020-06-04 10:50:09-04:00
0,0,0,0,0,0,2020-06-04 10:50:58-04:00
1,1,0,0,0,0,2020-06-04 22:16:27-04:00
0,0,0,0,0,0,2020-06-16 23:44:15-04:00
0,0,0,0,0,0,2020-06-26 09:14:32-04:00
0,0,0,0,0,0,2020-06-26 09:15:17-04:00
0,0,0,0,0,0,2020-06-26 09:15:36-04:00
1,2,1,2,1,2,2020-07-03 16:14:25-04:00
0,0,0,0,0,0,2020-07-03 16:28:21-04:00
0,1,0,1,0,1,2020-07-04 00:26:05-04:00
0,1,0,1,0,1,2020-07-04 00:29:51-04:00
0,0,0,0,0,0,2020-07-10 17:00:56-04:00
0,0,0,0,0,0,2020-07-10 17:02:19-04:00
0,0,0,0,0,1,2020-07-20 09:51:38-04:00
0,0,0,0,0,0,2020-07-20 09:55:14-04:00
1,1,1,1,1,1,2020-07-23 12:24:10-04:00
0,0,0,0,0,0,2020-07-23 19:48:58-04:00
0,0,0,0,0,0,2020-07-27 21:37:58-04:00
1,1,1,1,1,1,2020-08-04 09:09:17-04:00
0,0,0,0,0,0,2020-08-04 09:13:00-04:00
1,1,0,1,1,0,2020-08-07 00:01:56+05:18
0,0,0,0,0,0,2020-08-06 15:11:56-04:00
0,0,0,0,0,0,2020-08-06 15:17:20-04:00
1,1,1,1,1,1,2020-08-06 15:29:03-04:00
1,1,1,1,1,1,2020-08-15 15:50:18-04:00
0,0,0,0,0,0,2020-08-17 14:48:30-04:00
0,0,0,0,0,0,2020-08-17 14:49:31-04:00
0,0,0,0,0,0,2020-08-17 14:50:16-04:00
1,1,1,1,1,1,2020-08-18 12:41:12-04:00
0,0,0,0,0,0,2020-08-19 13:23:33-04:00
3,3,2,3,3,2,2020-08-22 15:23:17-04:00
0,0,0,0,0,0,2020-09-04 10:16:30-04:00
12,13,6,26,10,8,2020-09-15 16:20:24-07:00
0,0,0,0,0,0,2020-09-15 16:20:39-07:00
0,1,0,1,0,1,2020-09-15 17:04:13-07:00
0,0,0,0,0,0,2020-09-16 21:43:40-07:00
0,0,0,0,0,0,2020-09-19 22:01:58-07:00
2,3,0,2,1,1,2020-09-23 09:10:27-07:00
2,4,2,5,1,3,2020-09-24 13:16:02-04:00
0,1,0,1,0,1,2020-09-24 14:55:04-04:00
1,1,0,1,1,0,2020-09-28 12:56:05-04:00
1,1,0,1,1,0,2020-09-28 11:13:52-07:00
1,3,1,3,1,2,2020-09-28 21:47:42-04:00
0,0,0,0,0,0,2020-09-28 21:47:55-04:00
2,4,2,4,2,2,2020-09-28 21:50:39-04:00
4,6,1,4,2,2,2020-09-30 15:52:59-04:00
1,3,1,2,1,1,2020-09-30 19:59:21-04:00
0,0,0,0,0,0,2020-09-30 19:59:40-04:00
1,1,0,1,1,0,2020-09-30 20:19:58-07:00
1,3,0,2,0,2,2020-10-01 05:19:27-04:00
0,2,0,2,0,2,2020-10-01 10:51:09-04:00
0,0,0,0,0,0,2020-10-01 10:52:49-04:00
0,0,0,0,0,0,2020-10-01 14:27:02-04:00
1,0,0,0,0,0,2020-10-04 18:01:34-04:00
0,0,0,0,0,0,2020-10-04 18:09:23-04:00
0,1,0,0,0,0,2020-10-04 20:22:16-04:00
0,1,0,0,0,0,2020-10-05 11:19:45-04:00
1,1,1,1,1,1,2020-10-05 16:22:26-04:00
2,2,2,2,2,2,2020-10-05 20:35:56-04:00
1,3,1,4,1,3,2020-10-06 13:11:03-04:00
0,0,0,0,0,0,2020-10-06 13:11:28-04:00
1,0,0,0,0,0,2020-10-06 16:47:40-04:00
3,3,2,3,1,3,2020-10-06 23:32:03-04:00
1,2,1,2,0,2,2020-10-07 02:12:56-04:00
2,2,0,2,0,2,2020-10-07 11:40:21-04:00
2,4,0,4,0,4,2020-10-08 09:22:10-04:00
1,3,0,3,0,3,2020-10-08 10:32:07-04:00
0,1,0,1,0,1,2020-10-08 12:08:15-04:00
1,1,1,1,1,1,2020-10-10 23:34:50-04:00
2,3,2,3,1,3,2020-10-11 20:48:11-04:00
6,7,5,7,2,7,2020-10-13 00:50:15-04:00
0,0,0,0,0,0,2020-10-13 00:50:52-04:00
3,4,1,4,0,4,2020-10-13 22:43:08-04:00
3,2,0,2,0,2,2020-10-18 20:48:21-04:00
0,0,0,0,0,0,2020-10-18 20:49:15-04:00
