Acquisition,Preparation,Modeling,Training,Evaluation,Prediction,time
1,1,0,0,0,0,2018-11-11 23:07:04-06:00
0,0,0,0,0,0,2018-11-11 23:09:01-06:00
1,1,0,0,0,0,2018-11-12 10:29:57-06:00
1,1,0,0,0,0,2018-11-17 11:22:16-06:00
0,0,0,0,0,0,2018-11-17 11:54:27-06:00
1,1,0,0,0,0,2018-11-17 12:10:38-06:00
1,1,0,0,0,0,2018-11-25 21:42:55-06:00
1,1,0,0,0,0,2019-01-02 23:37:34-06:00
1,1,0,0,0,0,2019-01-02 23:42:43-06:00
1,1,0,0,0,0,2019-01-03 21:32:31-06:00
1,1,0,0,0,0,2019-01-03 21:51:41-06:00
1,1,0,0,0,0,2019-01-03 22:00:46-06:00
0,0,0,0,0,0,2019-01-13 17:21:23-06:00
0,0,0,0,0,0,2019-01-15 23:03:14-06:00
0,0,0,0,0,0,2019-01-15 23:03:43-06:00
0,0,0,0,0,0,2019-01-17 15:47:21-06:00
0,0,0,0,0,0,2019-01-17 15:48:08-06:00
0,0,0,0,0,0,2019-01-17 15:48:29-06:00
0,0,0,0,0,0,2019-01-17 15:48:42-06:00
0,0,0,0,0,0,2019-01-17 16:20:59-06:00
1,1,0,0,0,0,2019-01-17 16:21:14-06:00
1,1,0,0,0,0,2019-01-17 16:40:15-06:00
1,1,0,0,0,0,2019-01-17 16:57:55-06:00
1,1,0,0,0,0,2019-01-18 10:14:31-06:00
0,0,0,0,0,0,2019-01-18 10:16:43-06:00
1,1,0,0,0,0,2019-01-18 10:49:17-06:00
1,1,0,0,0,0,2019-01-18 10:59:55-06:00
1,1,0,0,0,0,2019-01-18 11:21:00-06:00
1,1,0,0,0,0,2019-01-18 13:01:52-06:00
1,1,0,0,0,0,2019-01-18 13:07:06-06:00
1,1,0,0,0,0,2019-01-18 17:19:57-06:00
1,1,0,0,0,0,2019-01-22 16:31:56-06:00
0,0,0,0,0,0,2019-01-22 16:32:13-06:00
2,1,0,0,0,0,2019-01-22 16:57:56-06:00
1,0,0,0,0,0,2019-02-24 16:04:34-06:00
1,0,0,0,0,0,2019-02-24 16:04:55-06:00
0,0,0,0,0,0,2019-02-24 16:05:36-06:00
0,0,0,0,0,0,2019-02-24 16:21:43-06:00
0,0,0,0,0,0,2019-02-24 17:05:21-06:00
0,0,0,0,0,0,2019-02-24 17:32:33-06:00
1,1,0,0,0,0,2019-02-24 17:32:56-06:00
1,1,0,0,0,0,2019-02-24 21:13:21-06:00
1,1,0,0,0,0,2019-02-24 22:20:40-06:00
2,1,0,0,0,0,2019-02-24 23:17:09-06:00
0,0,0,0,0,0,2019-03-14 20:49:58-05:00
0,0,0,0,0,0,2019-03-14 21:47:41-05:00
1,1,0,0,0,0,2019-03-14 21:48:03-05:00
1,1,0,0,0,0,2019-03-14 21:56:02-05:00
1,1,0,0,0,0,2019-03-14 22:21:41-05:00
2,2,0,0,0,0,2019-03-14 23:03:02-05:00
1,1,0,0,0,0,2019-03-16 12:55:10-05:00
1,1,0,0,0,0,2019-03-16 13:31:06-05:00
1,1,0,0,0,0,2019-03-16 13:37:11-05:00
0,0,0,0,0,0,2019-03-16 13:37:43-05:00
1,1,0,0,0,0,2019-03-16 14:52:02-05:00
1,1,0,0,0,0,2019-03-16 15:10:14-05:00
1,1,0,0,0,0,2019-03-16 15:11:10-05:00
1,1,0,0,1,0,2019-03-16 15:46:56-05:00
1,1,0,0,1,0,2019-03-17 15:19:13-05:00
1,1,0,0,1,0,2019-03-17 15:28:00-05:00
1,1,0,0,1,0,2019-03-17 21:46:34-05:00
1,1,0,0,1,0,2019-03-18 21:59:11-05:00
1,1,0,0,1,0,2019-03-18 23:08:58-05:00
1,1,0,0,1,0,2019-03-18 23:48:25-05:00
1,1,0,0,1,0,2019-03-19 13:18:55-05:00
2,2,0,0,2,0,2019-03-19 20:36:48-05:00
1,1,0,0,1,0,2019-03-19 22:36:13-05:00
1,1,0,0,1,0,2019-03-25 22:12:35-05:00
0,0,0,0,0,0,2019-03-25 23:08:05-05:00
0,1,0,0,0,0,2019-03-25 23:12:31-05:00
0,1,0,0,0,0,2019-03-25 23:17:33-05:00
0,1,0,0,0,0,2019-03-25 23:26:34-05:00
0,1,0,0,0,0,2019-03-25 23:32:58-05:00
0,0,0,0,0,0,2019-03-26 20:22:45-05:00
0,0,0,0,0,0,2019-03-26 20:23:27-05:00
1,1,0,0,0,0,2019-03-26 20:25:09-05:00
1,1,0,0,0,0,2019-03-26 21:42:10-05:00
0,0,0,0,0,0,2019-03-26 21:42:20-05:00
1,1,0,0,0,0,2019-03-26 21:46:33-05:00
0,0,0,0,0,0,2019-03-26 22:11:00-05:00
0,0,0,0,0,0,2019-03-26 22:17:36-05:00
0,0,0,0,0,0,2019-03-26 22:19:42-05:00
0,0,0,0,0,0,2019-03-26 22:24:06-05:00
0,0,0,0,0,0,2019-03-26 22:27:09-05:00
0,0,0,0,0,0,2019-03-26 22:28:18-05:00
1,1,0,0,0,0,2019-03-26 22:43:38-05:00
0,0,0,0,0,0,2019-03-26 22:45:01-05:00
0,0,0,0,0,0,2019-03-26 22:45:30-05:00
1,1,0,0,1,0,2019-03-29 18:39:44-05:00
1,1,0,0,1,0,2019-03-29 19:15:21-05:00
0,0,0,0,0,0,2019-03-29 19:15:31-05:00
0,0,0,0,0,0,2019-03-30 11:34:49-05:00
1,1,0,0,1,0,2019-03-30 12:18:58-05:00
1,1,0,0,1,0,2019-03-30 12:24:32-05:00
0,0,0,0,0,0,2019-03-30 12:25:00-05:00
1,1,0,0,1,0,2019-03-30 14:28:07-05:00
1,1,0,0,0,0,2019-03-30 14:28:30-05:00
1,1,0,0,1,0,2019-03-30 15:19:25-05:00
1,1,0,0,0,0,2019-03-30 15:20:36-05:00
2,2,0,0,2,0,2019-03-30 16:32:42-05:00
1,1,0,0,1,0,2019-03-30 16:35:26-05:00
1,1,0,0,1,0,2019-03-30 16:37:14-05:00
2,2,0,1,1,0,2019-03-30 17:27:46-05:00
1,1,0,1,1,0,2019-04-04 20:59:38-05:00
0,0,0,0,0,0,2019-04-16 21:16:07-05:00
0,0,0,0,0,0,2019-04-16 21:17:18-05:00
0,0,0,0,0,0,2019-04-16 21:19:08-05:00
0,0,0,0,0,0,2019-04-16 21:19:30-05:00
1,1,0,0,0,0,2019-04-17 20:10:45-05:00
0,0,0,0,0,0,2019-04-17 20:16:33-05:00
1,1,0,1,1,0,2019-04-17 21:09:51-05:00
1,1,1,1,1,1,2019-04-17 21:52:19-05:00
1,1,1,1,1,1,2019-04-17 22:39:42-05:00
1,1,0,0,0,0,2019-04-17 22:40:12-05:00
2,2,1,1,2,1,2019-04-20 19:12:42-05:00
1,1,0,0,1,0,2019-04-20 19:16:43-05:00
1,1,0,0,1,0,2019-04-20 19:21:02-05:00
1,1,0,0,1,0,2019-04-20 19:43:42-05:00
1,1,0,0,1,0,2019-04-20 23:20:07-05:00
1,1,1,1,1,1,2019-04-21 18:49:59-05:00
1,1,0,0,1,0,2019-04-22 20:10:34-05:00
1,1,0,0,1,0,2019-04-22 20:19:42-05:00
2,2,1,1,2,1,2019-04-22 20:31:52-05:00
1,1,1,1,1,1,2019-04-22 20:55:50-05:00
1,1,1,1,1,1,2019-04-22 21:35:04-05:00
1,1,0,0,1,0,2019-04-22 22:29:48-05:00
0,0,0,0,0,0,2019-04-22 22:38:57-05:00
1,1,0,0,1,0,2019-04-26 14:45:07-05:00
2,2,1,1,2,1,2019-04-26 16:50:11-05:00
1,1,0,0,1,0,2019-04-26 16:57:59-05:00
2,2,0,1,2,0,2019-04-26 17:30:03-05:00
1,1,0,0,1,0,2019-04-26 17:45:15-05:00
2,2,0,1,2,0,2019-04-26 18:06:11-05:00
1,1,0,1,1,0,2019-04-26 18:08:31-05:00
1,1,1,1,1,0,2019-04-26 22:41:30-05:00
0,0,0,0,0,0,2019-04-26 22:43:42-05:00
1,1,0,0,1,0,2019-04-26 22:58:14-05:00
1,1,0,1,1,0,2019-04-26 23:08:56-05:00
1,1,0,1,1,0,2019-04-26 23:33:23-05:00
1,1,0,1,1,0,2019-04-27 12:23:21-05:00
1,1,0,1,1,0,2019-04-27 12:36:52-05:00
1,1,0,1,1,0,2019-04-27 13:44:41-05:00
1,1,0,1,1,0,2019-04-27 14:38:12-05:00
1,1,0,1,1,0,2019-04-27 15:41:07-05:00
1,1,0,1,1,0,2019-04-27 15:41:29-05:00
1,1,0,1,1,0,2019-04-27 15:44:59-05:00
1,1,0,1,1,0,2019-04-27 15:45:53-05:00
1,1,0,1,1,0,2019-04-27 15:54:54-05:00
1,1,0,1,1,0,2019-04-27 16:18:18-05:00
1,1,0,1,1,0,2019-04-27 17:31:07-05:00
1,1,0,1,1,0,2019-04-27 17:43:42-05:00
1,1,0,1,1,0,2019-04-27 17:45:49-05:00
1,1,0,1,1,0,2019-04-27 17:50:24-05:00
1,1,0,1,1,0,2019-04-27 18:16:34-05:00
1,1,0,1,1,0,2019-04-27 18:19:42-05:00
1,1,0,1,1,0,2019-04-27 18:33:36-05:00
1,1,0,1,1,0,2019-04-28 13:46:41-05:00
1,1,0,1,1,0,2019-04-28 14:10:55-05:00
1,1,0,1,1,0,2019-04-28 15:35:06-05:00
1,1,0,1,1,0,2019-04-28 15:59:50-05:00
1,1,0,1,1,0,2019-04-28 16:05:46-05:00
1,1,0,1,1,0,2019-04-28 18:33:36-05:00
1,1,0,1,1,0,2019-04-28 18:36:12-05:00
1,1,0,1,1,0,2019-04-28 18:38:02-05:00
1,1,0,1,1,0,2019-04-28 18:47:17-05:00
1,1,0,1,1,0,2019-04-28 18:51:53-05:00
1,1,0,1,1,0,2019-04-28 18:56:14-05:00
1,1,0,1,1,0,2019-04-28 19:09:01-05:00
1,1,1,1,1,0,2019-04-28 21:27:05-05:00
1,1,1,1,1,0,2019-04-28 21:28:47-05:00
1,1,1,1,1,0,2019-04-28 21:34:34-05:00
1,1,1,1,1,0,2019-04-28 22:37:31-05:00
1,1,1,1,1,0,2019-04-28 22:46:37-05:00
1,1,1,1,1,0,2019-04-28 22:50:15-05:00
1,1,1,1,1,0,2019-04-29 19:59:56-05:00
1,1,1,1,1,0,2019-04-29 21:04:37-05:00
1,1,1,1,1,0,2019-04-29 21:08:44-05:00
1,1,1,1,1,0,2019-04-29 21:11:07-05:00
1,1,1,1,1,1,2019-04-29 21:54:04-05:00
0,0,0,0,0,0,2019-05-01 21:28:42-05:00
1,1,0,0,0,0,2019-05-01 22:12:09-05:00
1,1,1,1,1,1,2019-05-01 22:12:17-05:00
1,1,0,0,1,0,2019-05-01 22:36:22-05:00
1,1,0,0,1,0,2019-05-01 22:52:17-05:00
1,1,0,0,1,0,2019-05-01 22:55:56-05:00
1,1,1,1,1,1,2019-05-01 22:58:51-05:00
1,1,0,0,1,0,2019-05-02 10:32:46-05:00
1,1,0,0,1,0,2019-05-02 14:36:03-05:00
1,1,0,0,1,0,2019-05-02 19:49:17-05:00
1,1,0,0,1,0,2019-05-02 19:50:50-05:00
1,1,1,1,1,1,2019-05-02 20:14:11-05:00
1,1,1,1,1,1,2019-05-02 21:18:30-05:00
1,1,1,1,1,1,2019-05-02 21:19:29-05:00
1,1,1,1,1,1,2019-05-02 21:20:21-05:00
1,1,1,1,1,1,2019-05-02 22:06:07-05:00
1,1,1,1,1,1,2019-05-02 22:29:43-05:00
1,1,1,1,1,1,2019-05-03 10:14:03-05:00
1,1,1,1,1,1,2019-05-03 10:17:46-05:00
1,1,1,1,1,1,2019-05-03 10:26:39-05:00
1,1,1,1,1,1,2019-05-03 10:27:31-05:00
1,1,1,1,1,1,2019-05-03 10:32:34-05:00
1,1,1,1,1,1,2019-05-03 15:36:38-05:00
1,1,1,1,1,1,2019-05-03 16:06:42-05:00
1,1,1,1,1,1,2019-05-03 22:33:10-05:00
1,1,0,0,1,0,2019-05-03 22:47:02-05:00
1,1,0,0,1,0,2019-05-03 22:56:25-05:00
1,1,0,0,1,0,2019-05-03 23:05:20-05:00
1,1,1,1,1,1,2019-05-03 23:05:38-05:00
1,1,0,0,1,0,2019-05-03 23:14:51-05:00
1,1,1,1,1,1,2019-05-03 23:14:58-05:00
1,1,1,1,1,1,2019-05-03 23:15:39-05:00
1,1,0,0,1,0,2019-05-04 11:27:05-05:00
1,1,1,1,1,1,2019-05-04 12:53:37-05:00
0,1,1,1,1,1,2019-05-04 13:02:16-05:00
0,1,1,1,1,1,2019-05-04 13:22:14-05:00
0,1,1,1,1,1,2019-05-04 13:40:07-05:00
0,1,1,1,1,1,2019-05-04 13:44:02-05:00
0,1,1,1,1,1,2019-05-04 13:51:54-05:00
0,0,0,0,0,0,2019-05-04 14:00:34-05:00
1,1,0,0,1,0,2019-05-04 22:39:29-05:00
0,0,0,0,0,0,2019-05-04 22:55:22-05:00
0,0,0,0,0,0,2019-05-04 23:02:17-05:00
0,0,0,0,0,0,2019-05-04 23:08:36-05:00
0,1,1,1,1,1,2019-05-04 23:35:39-05:00
0,1,1,1,1,1,2019-05-04 23:36:56-05:00
0,1,1,1,1,1,2019-05-05 11:55:56-05:00
0,1,1,1,1,1,2019-05-05 11:56:58-05:00
0,1,1,1,1,1,2019-05-05 12:14:18-05:00
0,1,1,1,1,1,2019-05-05 12:23:00-05:00
0,1,1,1,1,1,2019-05-05 12:27:49-05:00
1,1,0,0,1,0,2019-05-05 12:40:20-05:00
0,1,1,1,1,1,2019-05-05 12:46:49-05:00
0,1,1,1,1,1,2019-05-05 13:07:52-05:00
0,1,1,1,1,1,2019-05-05 13:15:03-05:00
0,1,1,1,1,1,2019-05-05 13:16:28-05:00
0,1,1,1,1,1,2019-05-05 13:19:00-05:00
0,1,1,1,1,1,2019-05-05 13:29:15-05:00
0,1,1,1,1,1,2019-05-05 13:34:19-05:00
0,1,1,1,1,1,2019-05-05 13:37:48-05:00
1,1,0,0,1,0,2019-05-05 17:21:26-05:00
0,0,0,0,0,0,2019-05-05 17:23:21-05:00
1,1,0,0,1,0,2019-05-05 17:25:29-05:00
1,1,0,0,1,0,2019-05-05 17:27:32-05:00
1,1,0,0,1,0,2019-05-05 17:28:31-05:00
0,1,1,1,1,1,2019-05-05 17:45:39-05:00
1,1,0,0,0,0,2019-05-05 20:22:12-05:00
1,1,0,0,1,0,2019-05-05 20:24:53-05:00
1,1,0,0,1,0,2019-05-05 20:30:34-05:00
1,1,0,0,0,0,2019-05-05 20:31:14-05:00
1,1,0,0,1,0,2019-05-05 21:37:18-05:00
1,1,0,0,1,0,2019-05-05 21:38:19-05:00
1,1,0,0,1,0,2019-05-05 21:42:21-05:00
1,1,0,0,1,0,2019-05-05 21:42:57-05:00
1,1,0,0,0,0,2019-05-05 21:44:02-05:00
1,1,0,0,1,0,2019-05-05 21:45:14-05:00
1,1,0,0,1,0,2019-05-05 22:06:16-05:00
0,0,0,0,0,0,2019-05-05 22:10:14-05:00
1,1,0,0,1,0,2019-05-05 22:11:31-05:00
1,1,0,0,0,0,2019-05-06 22:57:59-05:00
0,0,0,0,0,0,2019-08-19 20:40:46-05:00
0,1,1,1,1,1,2019-08-21 21:51:36-05:00
0,1,1,1,1,1,2019-08-21 22:06:39-05:00
0,0,0,0,0,0,2019-08-21 22:24:12-05:00
0,0,0,0,0,0,2019-08-26 22:04:29-05:00
0,0,0,0,0,0,2019-12-15 14:00:17-06:00
0,0,0,0,0,0,2020-02-24 20:24:19+00:00
0,0,0,0,0,0,2020-02-28 15:55:53-06:00
