Acquisition,Preparation,Modeling,Training,Evaluation,Prediction,time
4,6,0,0,0,0,2017-08-05 12:41:04-05:00
0,0,0,0,0,0,2017-08-05 13:00:14-05:00
0,0,0,0,0,0,2017-08-05 13:04:43-05:00
0,0,0,0,0,0,2017-08-05 13:11:18-05:00
0,0,0,0,0,0,2017-08-05 13:11:55-05:00
0,0,0,0,0,0,2017-08-05 13:12:53-05:00
0,0,0,0,0,0,2017-08-05 13:14:29-05:00
0,0,0,0,0,0,2017-08-05 13:15:06-05:00
0,0,0,0,0,0,2017-08-05 13:17:54-05:00
0,0,0,0,0,0,2017-08-05 13:19:40-05:00
0,0,0,0,0,0,2017-08-05 13:23:08-05:00
0,2,0,0,0,0,2017-08-09 10:43:52-05:00
0,1,0,0,0,0,2017-08-09 10:46:42-05:00
0,1,0,0,0,0,2017-08-09 10:47:10-05:00
0,0,0,0,0,0,2017-08-09 13:25:47-05:00
1,1,0,0,0,0,2017-08-14 09:19:26-05:00
1,1,0,0,0,0,2017-08-14 09:48:06-05:00
1,1,0,0,0,0,2017-08-14 09:49:07-05:00
1,1,0,0,0,0,2017-08-14 10:04:20-05:00
1,1,0,0,0,0,2017-08-14 10:22:36-05:00
1,1,0,0,0,0,2017-08-14 10:31:41-05:00
1,1,0,0,0,0,2017-08-14 10:52:01-05:00
0,0,0,0,0,0,2017-08-14 11:06:09-05:00
1,1,0,0,0,0,2017-08-14 11:11:00-05:00
1,1,0,0,0,0,2017-08-14 11:18:57-05:00
0,0,0,0,0,0,2017-08-14 11:25:41-05:00
1,1,0,0,0,0,2017-08-14 11:28:43-05:00
0,0,0,0,0,0,2017-08-14 11:29:55-05:00
0,0,0,0,0,0,2017-08-14 11:36:53-05:00
0,0,0,0,0,0,2017-08-14 11:37:31-05:00
0,0,0,0,0,0,2017-08-14 11:38:25-05:00
0,0,0,0,0,0,2017-08-14 11:38:34-05:00
2,2,0,0,0,0,2017-08-14 16:15:19-05:00
0,0,0,0,0,0,2017-08-15 11:16:10-05:00
1,1,0,0,0,0,2017-09-03 17:50:03+02:00
2,2,0,0,0,0,2017-09-03 19:05:12+02:00
0,0,0,0,0,0,2017-09-03 14:20:48-05:00
2,2,0,0,0,0,2017-09-06 18:22:05+02:00
1,1,0,0,0,0,2017-09-08 10:45:11+02:00
0,0,0,0,0,0,2017-09-08 09:10:58-05:00
3,3,0,0,0,0,2017-09-11 10:24:41+02:00
1,1,0,0,0,0,2017-09-11 13:38:32+02:00
2,2,0,0,0,0,2017-09-12 13:50:22+02:00
2,2,0,0,0,0,2017-09-12 13:50:22+02:00
1,1,0,0,0,0,2017-09-12 13:53:41+02:00
0,0,0,0,0,0,2017-09-12 13:54:18+02:00
0,0,0,0,0,0,2017-09-12 08:22:44-05:00
1,1,0,0,0,0,2017-09-14 19:17:24+02:00
0,0,0,0,0,0,2017-09-14 19:25:04+02:00
2,2,0,0,0,0,2017-09-14 19:30:28+02:00
3,3,0,0,0,0,2017-10-02 17:51:53+02:00
1,1,0,0,0,0,2017-10-03 22:00:44+02:00
0,0,0,0,0,0,2017-10-03 22:04:15+02:00
0,0,0,0,0,0,2017-10-03 22:11:10+02:00
1,1,0,0,0,0,2017-10-03 22:18:51+02:00
0,0,0,0,0,0,2017-10-03 22:22:18+02:00
0,0,0,0,0,0,2017-10-03 22:35:01+02:00
0,0,0,0,0,0,2017-10-04 12:19:16-05:00
0,0,0,0,0,0,2017-10-22 08:33:05-05:00
1,1,0,0,0,0,2017-10-22 14:40:30-05:00
1,1,0,0,0,0,2017-10-22 14:54:50-05:00
2,2,0,0,0,0,2017-10-22 15:04:57-05:00
1,1,0,0,0,0,2017-11-01 09:30:23-05:00
1,2,0,0,0,0,2018-04-16 04:07:32-05:00
1,2,0,0,0,0,2018-04-16 05:41:12-05:00
1,1,0,0,1,0,2018-05-17 06:59:30-05:00
3,5,0,0,0,2,2018-05-25 08:42:49-05:00
2,3,0,0,0,2,2018-06-13 02:38:33-05:00
5,7,0,0,1,1,2018-06-19 09:41:13-05:00
2,2,0,0,2,0,2018-06-26 07:55:48-05:00
0,0,0,0,0,0,2018-07-13 02:33:32-05:00
4,5,0,0,3,0,2019-06-17 11:42:17-05:00
0,0,0,0,0,0,2019-06-17 11:45:36-05:00
2,4,1,0,0,2,2020-05-27 11:25:43-05:00
0,0,0,0,0,0,2020-05-27 11:47:58-05:00
2,3,1,0,0,2,2020-05-28 11:52:04-05:00
0,0,0,0,0,0,2020-05-28 11:52:48-05:00
3,5,1,0,1,2,2020-05-28 11:53:08-05:00
0,0,0,0,0,0,2020-05-28 11:53:23-05:00
0,1,0,0,0,0,2020-05-28 11:53:50-05:00
0,0,0,0,0,0,2020-05-28 11:54:14-05:00
4,6,3,0,1,0,2020-06-03 07:08:11-05:00
3,4,3,0,3,0,2020-06-09 07:53:44-05:00
1,2,1,0,2,0,2020-06-23 04:05:03-05:00
3,5,3,0,2,0,2020-06-25 08:42:35-05:00
3,4,2,1,2,1,2020-06-25 11:57:57-05:00
1,2,0,0,0,0,2020-07-13 05:19:55-05:00
2,2,2,2,2,2,2020-07-13 07:22:55-05:00
4,5,5,0,2,0,2020-07-13 11:16:39-05:00
3,4,2,0,1,1,2020-09-09 11:43:17+08:00
0,0,0,0,0,0,2020-09-09 10:32:38+02:00
0,0,0,0,0,0,2020-12-17 15:48:04+00:00
1,2,1,0,1,0,2020-12-17 15:58:46+00:00
0,0,0,0,0,0,2020-12-17 11:03:19-05:00
1,1,0,0,0,1,2020-12-17 16:04:26+00:00
0,0,0,0,0,0,2020-12-17 11:09:09-05:00
4,5,5,0,2,0,2020-12-17 16:11:24+00:00
0,0,0,0,0,0,2020-12-17 11:11:43-05:00
0,1,0,0,0,1,2020-12-17 16:13:57+00:00
0,0,0,0,0,0,2020-12-17 11:14:19-05:00
5,6,4,0,2,1,2020-12-17 11:22:58-05:00
0,2,1,0,1,0,2020-12-17 16:25:55+00:00
0,0,0,0,0,0,2020-12-17 11:27:23-05:00
1,1,0,0,0,0,2020-12-17 11:28:07-05:00
3,5,2,0,2,1,2020-12-17 11:38:50-05:00
4,4,4,0,2,0,2020-12-17 16:44:17+00:00
0,0,0,0,0,0,2020-12-17 11:44:39-05:00
1,2,2,0,1,0,2020-12-17 11:50:05-05:00
0,0,0,0,0,0,2020-12-17 11:50:22-05:00
1,1,1,0,1,0,2020-12-17 16:54:27+00:00
0,0,0,0,0,0,2020-12-17 11:54:41-05:00
6,11,5,0,3,2,2020-12-17 12:52:40-05:00
0,0,0,0,0,0,2020-12-17 12:52:59-05:00
1,4,2,0,2,0,2020-12-17 13:05:58-05:00
1,4,0,0,0,1,2020-12-17 13:12:59-05:00
0,0,0,0,0,0,2020-12-17 13:31:37-05:00
1,2,0,0,0,2,2020-12-17 13:55:10-05:00
0,1,0,0,0,0,2020-12-17 14:26:36-05:00
6,9,8,4,5,4,2020-12-21 07:27:49-05:00
0,0,0,0,0,0,2020-12-21 07:30:47-05:00
0,1,1,0,0,0,2020-12-21 07:50:19-05:00
0,0,0,0,0,0,2020-12-21 07:53:26-05:00
0,0,0,0,0,0,2020-12-21 08:02:10-05:00
0,0,0,0,0,0,2020-12-21 08:17:30-05:00
0,0,0,0,0,0,2020-12-21 08:42:57-05:00
0,1,1,0,0,0,2020-12-21 08:52:17-05:00
1,1,0,0,0,0,2020-12-21 09:14:53-05:00
2,4,2,0,0,2,2021-03-04 06:26:53-05:00
5,8,5,0,2,0,2021-07-23 15:29:10-05:00
1,1,1,0,1,0,2021-11-13 17:00:15+01:00
0,0,0,0,0,0,2021-11-24 08:34:33-05:00
0,0,0,0,0,0,2022-03-18 17:02:52-05:00
2,3,3,0,1,0,2022-04-29 12:25:02-05:00
7,15,7,0,3,2,2022-04-29 12:54:12-05:00
7,15,7,0,3,2,2022-04-29 12:55:05-05:00
7,14,6,0,3,2,2022-05-02 17:16:35-05:00
0,0,0,0,0,0,2022-05-02 17:30:47-05:00
0,0,0,0,0,0,2022-05-02 17:35:02-05:00
2,2,1,0,0,1,2022-05-03 08:29:15-05:00
0,0,0,0,0,0,2022-05-03 10:11:39-05:00
3,3,2,0,1,0,2022-05-03 11:58:33-05:00
4,4,3,0,1,0,2022-05-04 10:43:30-05:00
0,0,0,0,0,0,2022-05-04 14:34:13-05:00
1,1,1,0,0,0,2022-05-04 15:52:37-05:00
1,1,1,0,1,0,2022-05-05 12:06:21-05:00
