Acquisition,Preparation,Modeling,Training,Evaluation,Prediction,time
0,0,0,0,0,0,2021-12-08 11:59:26+05:00
0,0,0,0,0,0,2021-12-08 14:13:15+05:00
0,0,0,0,0,0,2021-12-08 14:41:37+05:00
0,1,0,2,0,0,2021-12-08 15:06:30+05:00
0,0,0,0,0,0,2021-12-08 15:07:13+05:00
0,0,0,0,0,0,2021-12-08 15:38:54+05:00
0,0,0,0,0,0,2021-12-08 15:46:31+05:00
0,0,0,0,0,0,2021-12-08 15:52:38+05:00
0,0,0,0,0,0,2021-12-08 16:10:24+05:00
0,0,0,0,0,0,2021-12-08 16:25:26+05:00
0,0,0,0,0,0,2021-12-08 16:28:26+05:00
0,0,0,0,0,0,2021-12-08 21:06:56+05:00
0,0,0,0,0,0,2021-12-10 09:56:22+05:00
0,0,0,0,0,0,2021-12-10 10:05:04+05:00
0,0,0,0,0,0,2021-12-10 10:22:06+05:00
0,0,0,0,0,0,2021-12-10 10:24:54+05:00
0,0,0,0,0,0,2021-12-10 10:30:02+05:00
0,0,0,0,0,0,2021-12-10 10:33:16+05:00
1,0,0,0,0,1,2021-12-10 10:48:02+05:00
0,0,0,0,0,0,2021-12-10 10:49:36+05:00
0,0,0,0,0,0,2021-12-10 10:52:48+05:00
0,0,0,0,0,0,2021-12-10 12:45:07+05:00
0,0,0,0,0,0,2021-12-10 12:45:54+05:00
0,0,0,0,0,0,2021-12-10 12:46:24+05:00
0,0,0,0,0,0,2021-12-10 12:53:36+05:00
0,0,0,0,0,0,2021-12-10 12:55:43+05:00
0,0,0,0,0,0,2021-12-10 12:57:52+05:00
3,3,1,4,0,2,2021-12-10 13:26:04+05:00
0,0,0,0,0,0,2021-12-10 13:53:37+05:00
0,1,0,1,0,0,2021-12-10 19:53:35+05:00
0,0,0,0,0,0,2021-12-10 20:07:33+05:00
0,0,0,0,0,0,2021-12-10 20:15:55+05:00
0,0,0,0,0,0,2021-12-10 20:46:11+05:00
0,1,0,0,0,0,2021-12-10 20:51:09+05:00
0,1,0,0,0,0,2021-12-10 20:54:42+05:00
0,1,0,0,0,0,2021-12-10 21:05:37+05:00
0,0,0,0,0,0,2021-12-10 21:09:05+05:00
0,0,0,0,0,0,2021-12-10 21:15:08+05:00
0,0,0,0,0,0,2021-12-10 21:16:46+05:00
0,1,0,0,0,0,2021-12-10 21:52:20+05:00
0,1,0,0,0,0,2021-12-10 21:58:04+05:00
0,1,0,0,0,0,2021-12-10 22:31:55+05:00
1,2,0,0,0,0,2021-12-11 08:56:06+05:00
0,0,0,0,0,0,2021-12-11 09:00:37+05:00
0,1,0,0,0,0,2021-12-11 09:05:20+05:00
1,2,0,1,0,0,2021-12-11 13:02:51+05:00
1,2,0,1,0,0,2021-12-11 13:15:00+05:00
5,3,0,2,0,1,2021-12-11 14:33:56+05:00
1,1,0,1,0,0,2021-12-11 14:37:58+05:00
1,1,0,1,0,0,2021-12-11 14:43:09+05:00
0,0,0,0,0,0,2021-12-11 15:16:15+05:00
0,0,0,0,0,0,2021-12-11 15:27:18+05:00
0,0,0,0,0,0,2021-12-11 15:29:41+05:00
1,1,0,1,0,0,2021-12-14 12:29:12+05:00
1,1,0,1,0,0,2021-12-14 12:54:13+05:00
1,1,0,1,0,0,2021-12-14 12:59:51+05:00
0,0,0,0,0,0,2021-12-14 15:48:07+05:00
0,0,0,0,0,0,2021-12-22 13:35:24+05:00
