Acquisition,Preparation,Modeling,Training,Evaluation,Prediction,time
0,1,0,0,0,0,2019-04-06 09:17:51+02:00
0,0,0,0,0,0,2019-04-08 10:07:19+02:00
0,1,0,0,0,0,2019-04-08 10:07:52+02:00
0,0,0,0,0,0,2019-04-08 12:30:40+02:00
0,2,0,0,0,0,2019-04-08 12:50:32+02:00
0,1,0,0,0,0,2019-04-08 12:57:01+02:00
0,2,0,0,0,0,2019-04-08 15:12:53+02:00
0,2,0,0,0,0,2019-04-08 16:47:01+02:00
0,1,0,0,0,0,2019-04-09 15:51:29+02:00
0,1,0,0,0,0,2019-04-09 15:52:05+02:00
0,2,0,0,0,0,2019-04-09 15:53:23+02:00
0,1,0,0,0,0,2019-04-09 15:53:56+02:00
0,2,0,1,0,1,2019-04-09 15:54:53+02:00
0,0,0,0,0,0,2019-04-09 15:55:37+02:00
0,2,0,0,0,0,2019-04-11 08:21:09+02:00
0,2,0,0,0,0,2019-04-11 08:33:32+02:00
1,0,0,0,0,0,2019-04-11 18:03:26+02:00
0,2,0,0,0,0,2019-04-11 18:12:47+02:00
0,1,0,0,0,0,2019-04-11 18:13:20+02:00
0,1,0,0,0,0,2019-04-11 18:13:38+02:00
0,4,0,1,0,1,2019-04-11 18:41:41+02:00
0,0,0,0,0,0,2019-04-11 18:42:14+02:00
1,0,0,0,0,0,2019-04-11 18:43:34+02:00
0,1,0,0,0,1,2019-04-11 18:50:30+02:00
0,1,0,0,0,0,2019-04-11 18:50:59+02:00
0,1,0,1,0,1,2019-04-11 18:54:31+02:00
0,2,0,1,0,2,2019-04-11 18:59:15+02:00
1,1,0,0,0,0,2019-04-12 07:12:46+02:00
0,1,0,0,0,0,2019-04-12 12:12:24+02:00
0,1,0,0,0,0,2019-04-12 12:13:03+02:00
0,1,0,1,0,1,2019-04-12 12:13:28+02:00
0,1,0,0,0,0,2019-04-12 12:14:37+02:00
0,1,0,0,0,0,2019-04-12 12:15:23+02:00
0,1,0,1,0,1,2019-04-12 12:29:26+02:00
0,1,0,1,0,1,2019-04-12 12:29:34+02:00
0,2,0,2,0,2,2019-04-12 13:19:18+02:00
0,1,0,0,0,0,2019-04-12 13:19:48+02:00
0,1,0,0,0,0,2019-04-12 13:20:06+02:00
1,1,0,1,0,1,2019-04-12 14:47:41+02:00
0,0,0,0,0,0,2019-04-12 14:53:00+02:00
0,1,0,0,0,1,2019-04-12 14:53:56+02:00
0,0,0,0,0,0,2019-04-12 16:26:44+02:00
0,1,0,0,0,0,2019-04-12 16:32:26+02:00
0,0,0,0,0,0,2019-04-12 16:33:50+02:00
0,1,0,0,0,0,2019-04-12 16:34:08+02:00
1,1,0,0,0,0,2019-04-21 14:04:34+02:00
0,1,0,0,0,0,2019-04-21 14:08:08+02:00
0,4,0,0,0,1,2019-04-21 14:08:42+02:00
0,3,0,0,0,1,2019-04-22 12:53:42+02:00
0,1,0,0,0,0,2019-04-22 12:54:20+02:00
1,2,0,0,0,0,2019-04-22 12:55:35+02:00
0,2,0,0,0,0,2019-04-22 12:56:36+02:00
0,0,0,0,0,0,2021-09-08 00:56:33+00:00
0,0,0,0,0,0,2021-09-21 08:37:17+00:00
0,0,0,0,0,0,2022-01-13 01:10:00+00:00
0,0,0,0,0,0,2022-02-11 09:11:03+00:00
0,0,0,0,0,0,2022-02-11 09:11:41+00:00
0,0,0,0,0,0,2022-02-11 09:12:17+00:00
