Acquisition,Preparation,Modeling,Training,Evaluation,Prediction,time
0,0,0,0,0,0,2017-11-25 20:49:17-05:00
0,0,0,0,0,0,2017-11-25 20:49:54-05:00
0,0,0,0,0,0,2017-11-27 13:40:56-05:00
0,0,0,0,0,0,2017-11-27 21:17:45-05:00
0,0,0,0,0,0,2017-11-28 15:49:36-05:00
0,0,0,0,0,0,2017-11-28 15:50:03-05:00
0,0,0,0,0,0,2017-11-28 15:50:08-05:00
0,0,0,0,0,0,2017-11-29 01:12:11-05:00
0,0,0,0,0,0,2017-12-26 17:27:40-05:00
0,0,0,0,0,0,2018-05-06 19:26:53-04:00
0,0,0,0,0,0,2018-08-21 13:04:07-07:00
0,0,0,0,0,0,2018-08-21 13:05:10-07:00
0,0,0,0,0,0,2018-08-21 13:06:11-07:00
0,0,0,0,0,0,2018-08-21 13:07:22-07:00
0,0,0,0,0,0,2018-08-21 13:08:21-07:00
0,0,0,0,0,0,2018-08-21 13:09:56-07:00
0,0,0,0,0,0,2018-08-21 13:11:48-07:00
0,0,0,0,0,0,2018-08-21 15:23:21-05:00
0,0,0,0,0,0,2018-08-21 15:31:49-05:00
0,1,0,0,0,0,2018-09-03 00:15:01+03:00
2,4,0,1,0,0,2018-10-24 13:54:17+03:00
2,4,0,1,0,1,2018-10-29 00:38:38+02:00
0,0,0,0,0,0,2018-11-02 13:44:04+00:00
0,0,0,0,0,0,2018-11-02 14:14:43+00:00
2,2,0,1,0,1,2018-11-02 16:35:14+02:00
2,2,0,1,0,1,2018-11-04 17:27:02+02:00
1,1,0,1,0,1,2018-11-04 19:06:11+02:00
0,0,0,0,0,0,2018-11-04 18:12:58+00:00
0,0,0,0,0,0,2018-11-04 18:14:15+00:00
0,0,0,0,0,0,2018-11-04 20:07:11+00:00
0,2,0,0,0,0,2018-11-14 17:20:32-05:00
0,0,0,0,0,0,2018-11-14 17:20:40-05:00
2,3,0,1,0,1,2018-11-14 18:29:33-05:00
0,0,0,0,0,0,2018-11-15 17:16:32-05:00
0,0,0,0,0,0,2018-11-15 17:20:41-05:00
2,2,0,1,0,1,2018-11-16 18:42:32-05:00
0,0,0,0,0,0,2018-11-16 18:42:37-05:00
1,2,0,1,0,1,2018-11-16 22:35:38-05:00
2,2,0,1,0,1,2018-11-17 19:28:25-05:00
2,3,0,1,0,1,2018-11-23 17:42:59-05:00
0,0,0,0,0,0,2018-11-24 12:52:47-05:00
0,0,0,0,0,0,2018-11-24 12:53:09-05:00
0,0,0,0,0,0,2018-11-26 17:35:50-05:00
0,0,0,0,0,0,2018-11-26 17:36:22-05:00
0,0,0,0,0,0,2018-11-28 15:48:03-05:00
0,0,0,0,0,0,2018-11-30 21:18:16-05:00
0,0,0,0,0,0,2018-11-30 22:51:25-05:00
0,0,0,0,0,0,2018-11-30 23:15:16-05:00
4,4,0,1,0,0,2018-12-03 15:20:04-05:00
0,0,0,0,0,0,2018-12-03 15:59:55-05:00
0,0,0,0,0,0,2018-12-03 20:09:52-05:00
0,0,0,0,0,0,2018-12-04 23:56:10-05:00
1,1,0,1,0,0,2018-12-05 00:58:02-05:00
0,0,0,0,0,0,2018-12-05 01:14:33-05:00
0,0,0,0,0,0,2018-12-12 14:56:41-05:00
0,0,0,0,0,0,2018-12-12 15:03:08-05:00
0,0,0,0,0,0,2018-12-12 22:23:15-05:00
0,0,0,0,0,0,2018-12-12 23:09:09-05:00
0,0,0,0,0,0,2018-12-12 23:09:28-05:00
0,0,0,0,0,0,2018-12-12 23:58:24-05:00
0,0,0,0,0,0,2018-12-13 00:04:16-05:00
0,0,0,0,0,0,2018-12-13 00:30:08-05:00
1,1,0,1,0,0,2018-12-13 11:23:22-05:00
0,0,0,0,0,0,2018-12-13 11:32:08-05:00
0,0,0,0,0,0,2018-12-13 11:34:10-05:00
0,0,0,0,0,0,2018-12-15 00:27:48-05:00
0,0,0,0,0,0,2018-12-15 00:51:47-05:00
0,0,0,0,0,0,2018-12-15 01:58:04-05:00
0,0,0,0,0,0,2018-12-28 15:17:16-05:00
0,0,0,0,0,0,2018-12-28 15:33:30-05:00
0,0,0,0,0,0,2018-12-31 15:56:41-05:00
0,0,0,0,0,0,2019-01-06 15:36:07-05:00
0,0,0,0,0,0,2019-01-06 18:37:08-05:00
0,0,0,0,0,0,2019-01-13 12:32:13-05:00
0,0,0,0,0,0,2019-01-13 12:57:20-05:00
0,0,0,0,0,0,2019-01-13 14:17:05-05:00
2,3,0,1,0,0,2019-01-13 18:05:15-05:00
0,0,0,0,0,0,2019-01-16 12:58:27-05:00
0,0,0,0,0,0,2019-01-16 13:10:48-05:00
0,0,0,0,0,0,2019-01-16 14:04:04-05:00
3,5,0,1,0,0,2019-01-16 15:26:24-05:00
0,0,0,0,0,0,2019-01-17 22:20:22-05:00
0,0,0,0,0,0,2019-01-17 22:20:48-05:00
0,0,0,0,0,0,2019-01-20 17:14:55-05:00
0,0,0,0,0,0,2019-01-20 18:11:47-05:00
0,0,0,0,0,0,2019-01-20 22:14:12-05:00
0,0,0,0,0,0,2019-01-20 22:27:08-05:00
0,0,0,0,0,0,2019-01-21 20:29:18-05:00
0,0,0,0,0,0,2019-01-21 20:51:09-05:00
0,0,0,0,0,0,2019-01-21 22:00:32-05:00
0,0,0,0,0,0,2019-01-22 00:35:36-05:00
0,0,0,0,0,0,2019-01-22 17:41:17-05:00
0,0,0,0,0,0,2019-01-22 18:05:43-05:00
0,0,0,0,0,0,2019-01-24 00:38:55-05:00
0,0,0,0,0,0,2019-01-24 00:40:36-05:00
0,0,0,0,0,0,2019-04-16 03:45:52-04:00
0,0,0,0,0,0,2019-04-21 12:51:44-04:00
0,0,0,0,0,0,2019-04-21 12:55:24-04:00
0,0,0,0,0,0,2019-04-21 16:25:26-04:00
0,0,0,0,0,0,2019-04-22 02:00:57-04:00
0,0,0,0,0,0,2019-04-29 12:48:44-04:00
0,0,0,0,0,0,2019-05-06 03:20:20-04:00
0,0,0,0,0,0,2019-05-11 21:35:20-04:00
0,0,0,0,0,0,2019-05-12 22:58:59-04:00
