Acquisition,Preparation,Modeling,Training,Evaluation,Prediction,time
0,0,0,0,0,0,2018-10-29 14:57:16-07:00
0,0,0,0,0,0,2018-10-29 15:02:19-07:00
0,0,0,0,0,0,2018-11-06 14:55:53-08:00
0,0,0,0,0,0,2018-11-08 21:51:34-08:00
0,0,0,0,0,0,2018-11-13 12:55:36-08:00
1,0,0,0,0,0,2018-11-14 17:37:11-08:00
2,1,0,0,0,0,2018-11-14 20:37:31-08:00
0,0,0,0,0,0,2018-11-14 20:38:41-08:00
1,1,0,0,0,0,2018-11-14 20:54:38-08:00
0,0,0,0,0,0,2018-11-15 17:16:47-08:00
0,0,0,0,0,0,2018-11-15 17:17:49-08:00
0,0,0,0,0,0,2018-11-15 17:18:11-08:00
0,0,0,0,0,0,2018-11-15 17:21:38-08:00
0,0,0,0,0,0,2018-11-15 17:23:19-08:00
0,0,0,0,0,0,2018-11-15 17:25:27-08:00
0,0,0,0,0,0,2018-11-15 17:25:41-08:00
0,0,0,0,0,0,2018-11-15 17:25:51-08:00
0,0,0,0,0,0,2018-11-15 17:26:29-08:00
0,0,0,0,0,0,2018-11-15 17:27:16-08:00
0,0,0,0,0,0,2018-11-15 18:57:48-08:00
0,0,3,0,0,0,2018-11-15 21:06:02-08:00
1,1,1,0,0,0,2018-11-19 11:24:27-08:00
1,1,1,0,1,0,2018-11-22 13:08:43-08:00
0,0,2,0,0,0,2018-11-23 15:49:51-08:00
2,2,2,0,2,0,2018-11-24 10:47:11-08:00
1,2,1,0,1,0,2018-11-24 11:59:37-08:00
1,2,2,0,1,0,2018-11-24 13:39:35-08:00
0,0,0,0,0,0,2018-11-24 17:05:50-08:00
0,1,0,0,0,0,2018-11-24 20:42:31-08:00
0,2,2,0,0,0,2018-11-26 15:20:12-08:00
0,0,0,0,0,0,2018-11-26 19:49:19-08:00
0,0,0,0,0,0,2018-11-26 19:49:52-08:00
0,0,0,0,0,0,2018-11-26 19:53:14-08:00
1,2,1,1,1,1,2018-11-27 11:55:00-08:00
0,1,1,1,1,1,2018-11-27 11:57:29-08:00
0,0,0,0,0,0,2018-11-29 18:23:52-08:00
0,0,0,0,0,0,2018-11-29 18:29:09-08:00
0,0,0,0,0,0,2018-12-01 17:22:06-08:00
0,1,0,0,0,0,2018-12-02 23:49:32-08:00
0,1,0,0,0,0,2018-12-02 23:54:07-08:00
0,1,1,0,1,0,2018-12-03 10:42:37-08:00
0,0,0,0,0,0,2018-12-03 10:45:01-08:00
1,5,3,3,3,3,2018-12-03 11:27:10-08:00
0,0,0,0,0,0,2018-12-03 11:33:18-08:00
0,0,0,0,0,0,2018-12-03 11:34:35-08:00
1,2,1,1,1,1,2018-12-03 14:06:42-08:00
0,0,0,0,0,0,2018-12-03 17:17:52-08:00
0,0,0,0,0,0,2018-12-03 17:18:49-08:00
0,3,2,0,2,0,2018-12-03 20:12:44-08:00
0,2,2,0,1,0,2018-12-03 22:10:23-08:00
0,2,1,0,1,0,2018-12-04 10:26:49-08:00
0,3,1,0,1,0,2018-12-04 12:52:33-08:00
0,3,1,0,1,0,2018-12-04 14:16:26-08:00
0,0,0,0,0,0,2018-12-04 14:17:26-08:00
0,2,1,0,0,0,2018-12-04 14:30:01-08:00
0,2,1,0,0,0,2018-12-04 15:12:34-08:00
0,1,0,0,0,0,2018-12-04 21:12:24-08:00
0,0,0,0,0,0,2018-12-04 21:21:33-08:00
0,0,0,0,0,0,2018-12-04 21:22:19-08:00
0,2,1,0,0,0,2018-12-05 09:28:27-08:00
0,2,1,0,1,0,2018-12-05 22:49:34-08:00
0,0,0,0,0,0,2018-12-05 22:51:25-08:00
0,1,1,0,0,0,2018-12-06 11:46:25-08:00
0,0,0,0,0,0,2018-12-06 15:12:11-08:00
0,0,0,0,0,0,2018-12-06 15:19:19-08:00
0,0,0,0,0,0,2018-12-06 15:21:47-08:00
0,0,0,0,0,0,2018-12-06 15:22:57-08:00
0,0,0,0,0,0,2018-12-06 15:23:38-08:00
0,0,0,0,0,0,2018-12-06 16:25:01-08:00
0,0,0,0,0,0,2018-12-06 16:26:19-08:00
0,0,0,0,0,0,2018-12-06 16:28:27-08:00
0,0,0,0,0,0,2018-12-06 16:31:47-08:00
0,0,0,0,0,0,2018-12-06 16:33:09-08:00
0,0,0,0,0,0,2018-12-06 16:50:54-08:00
0,0,0,0,0,0,2018-12-06 18:34:11-08:00
0,0,0,0,0,0,2018-12-06 18:34:36-08:00
0,0,0,0,0,0,2018-12-06 18:57:11-08:00
0,0,0,0,0,0,2018-12-06 18:58:34-08:00
0,0,0,0,0,0,2018-12-06 19:02:58-08:00
0,0,0,0,0,0,2018-12-06 19:03:17-08:00
0,0,0,0,0,0,2018-12-06 19:18:32-08:00
0,0,0,0,0,0,2018-12-06 19:21:57-08:00
0,0,0,0,0,0,2018-12-06 19:22:47-08:00
0,0,0,0,0,0,2018-12-06 19:23:54-08:00
0,0,0,0,0,0,2018-12-07 12:37:46-08:00
0,0,0,0,0,0,2018-12-07 12:38:38-08:00
0,3,1,0,0,0,2018-12-08 13:54:33-08:00
3,3,1,3,3,2,2018-12-08 14:19:46-08:00
0,1,0,0,0,0,2018-12-08 14:23:08-08:00
2,2,0,2,2,2,2018-12-08 14:44:51-08:00
1,1,0,0,1,0,2018-12-08 15:00:11-08:00
0,0,0,0,0,0,2018-12-08 15:01:40-08:00
0,0,0,0,0,0,2018-12-08 16:01:45-08:00
0,0,0,0,0,0,2018-12-08 16:02:19-08:00
0,0,0,0,0,0,2018-12-08 16:05:42-08:00
0,0,0,0,0,0,2018-12-08 16:10:43-08:00
0,0,0,0,0,0,2018-12-08 16:10:59-08:00
0,0,0,0,0,0,2018-12-08 16:11:07-08:00
0,0,0,0,0,0,2018-12-08 16:11:15-08:00
0,0,0,0,0,0,2018-12-08 16:11:23-08:00
0,0,0,0,0,0,2018-12-08 16:12:35-08:00
0,0,0,0,0,0,2018-12-08 16:12:43-08:00
0,0,0,0,0,0,2018-12-08 16:14:36-08:00
0,0,0,0,0,0,2018-12-08 16:47:02-08:00
0,0,0,0,0,0,2018-12-08 19:43:23-08:00
1,2,1,1,1,0,2018-12-08 19:47:36-08:00
0,0,0,0,0,0,2018-12-08 19:48:08-08:00
0,0,0,0,0,0,2018-12-08 19:56:35-08:00
0,0,0,0,0,0,2018-12-08 20:39:14-08:00
0,0,0,0,0,0,2018-12-08 20:47:27-08:00
0,0,0,0,0,0,2018-12-08 20:54:35-08:00
0,0,0,0,0,0,2018-12-08 20:57:29-08:00
0,0,0,0,0,0,2018-12-08 21:06:28-08:00
0,0,0,0,0,0,2018-12-08 21:09:11-08:00
0,0,0,0,0,0,2018-12-08 21:14:04-08:00
0,0,0,0,0,0,2018-12-08 21:18:21-08:00
0,0,0,0,0,0,2018-12-08 21:19:22-08:00
0,0,0,0,0,0,2018-12-08 21:38:08-08:00
0,0,0,0,0,0,2018-12-08 21:41:11-08:00
0,0,0,0,0,0,2018-12-08 21:43:16-08:00
0,0,0,0,0,0,2018-12-08 21:43:36-08:00
0,0,0,0,0,0,2018-12-08 21:47:54-08:00
0,0,0,0,0,0,2018-12-08 21:50:13-08:00
0,0,0,0,0,0,2018-12-08 21:52:30-08:00
0,0,0,0,0,0,2018-12-08 21:58:44-08:00
0,0,0,0,0,0,2018-12-08 22:04:43-08:00
0,0,0,0,0,0,2018-12-08 22:06:04-08:00
0,0,0,0,0,0,2018-12-09 00:27:43-08:00
0,0,0,0,0,0,2018-12-09 00:29:48-08:00
0,0,0,0,0,0,2018-12-09 13:07:57-08:00
0,0,0,0,0,0,2018-12-09 14:06:55-08:00
0,0,0,0,0,0,2018-12-09 14:08:47-08:00
0,1,0,0,0,0,2018-12-09 15:43:47-08:00
0,0,0,0,0,0,2018-12-09 15:59:57-08:00
0,0,0,0,0,0,2018-12-09 16:24:38-08:00
0,0,0,0,0,0,2018-12-09 16:28:12-08:00
0,0,0,0,0,0,2018-12-09 16:31:58-08:00
0,0,0,0,0,0,2018-12-09 16:32:59-08:00
0,0,0,0,0,0,2018-12-09 16:33:01-08:00
0,0,0,0,0,0,2018-12-09 16:49:26-08:00
0,0,0,0,0,0,2018-12-09 17:31:23-08:00
1,3,2,0,2,0,2018-12-09 18:24:45-08:00
0,1,1,0,0,0,2018-12-09 18:41:37-08:00
0,3,3,0,0,0,2018-12-09 19:58:52-08:00
0,2,1,0,0,0,2018-12-09 20:05:05-08:00
0,2,2,0,0,0,2018-12-09 20:13:22-08:00
0,3,3,0,1,0,2018-12-09 20:52:53-08:00
0,0,0,0,0,0,2018-12-09 21:27:40-08:00
0,1,0,0,0,0,2018-12-09 21:35:06-08:00
0,0,0,0,0,0,2018-12-09 21:43:42-08:00
1,1,0,0,1,0,2018-12-09 22:00:57-08:00
0,1,0,0,1,0,2018-12-09 23:12:49-08:00
0,0,0,0,0,0,2018-12-09 23:19:14-08:00
0,1,0,0,1,0,2018-12-09 23:23:14-08:00
0,1,0,0,1,0,2018-12-09 23:24:56-08:00
1,5,3,3,3,3,2018-12-10 11:57:27-08:00
0,0,0,0,0,0,2018-12-10 11:58:49-08:00
0,1,0,0,0,0,2018-12-10 12:09:45-08:00
0,0,0,0,0,0,2018-12-10 12:27:25-08:00
0,0,0,0,0,0,2018-12-10 12:29:16-08:00
0,0,0,0,0,0,2018-12-10 12:29:44-08:00
0,0,0,0,0,0,2018-12-10 12:31:31-08:00
0,0,0,0,0,0,2018-12-10 12:32:20-08:00
0,3,1,0,0,0,2018-12-10 12:35:05-08:00
0,0,0,0,0,0,2018-12-10 14:59:16-08:00
0,0,0,0,0,0,2018-12-10 14:59:23-08:00
0,0,1,0,0,0,2018-12-10 15:06:59-08:00
0,0,1,0,0,0,2018-12-10 15:08:46-08:00
0,0,0,0,0,0,2018-12-10 15:19:58-08:00
0,0,1,0,0,0,2018-12-10 15:22:54-08:00
0,0,1,0,0,0,2018-12-10 15:25:11-08:00
2,1,2,0,1,0,2018-12-10 16:32:04-08:00
2,1,2,0,1,0,2018-12-10 16:48:11-08:00
2,1,2,0,1,0,2018-12-10 18:43:18-08:00
2,8,5,4,5,3,2018-12-10 18:50:30-08:00
0,0,0,0,0,0,2018-12-10 20:05:20-08:00
0,0,0,0,0,0,2018-12-10 20:05:58-08:00
0,0,0,0,0,0,2018-12-10 20:09:41-08:00
0,0,0,0,0,0,2018-12-10 20:09:54-08:00
0,0,0,0,0,0,2018-12-10 20:11:39-08:00
1,1,1,0,1,0,2018-12-10 20:19:13-08:00
2,4,0,2,2,2,2018-12-10 20:21:42-08:00
0,0,0,0,0,0,2018-12-10 20:23:47-08:00
0,0,0,0,0,0,2018-12-10 20:24:53-08:00
0,4,1,0,3,0,2018-12-10 20:34:40-08:00
0,0,0,0,0,0,2018-12-10 20:41:12-08:00
0,0,0,0,0,0,2018-12-10 20:56:39-08:00
0,1,1,0,1,0,2018-12-10 20:59:49-08:00
0,0,0,0,0,0,2018-12-10 21:08:04-08:00
1,1,1,0,1,0,2018-12-10 21:21:13-08:00
0,0,0,0,0,0,2018-12-10 21:40:32-08:00
0,0,0,0,0,0,2018-12-10 21:41:45-08:00
0,0,0,0,0,0,2018-12-10 21:51:05-08:00
0,2,0,0,0,0,2018-12-10 21:52:18-08:00
0,0,0,0,0,0,2018-12-10 21:57:21-08:00
0,0,0,0,0,0,2018-12-10 21:57:50-08:00
0,0,0,0,0,0,2018-12-10 22:08:24-08:00
1,1,1,0,1,0,2018-12-10 22:17:41-08:00
1,1,1,0,1,0,2018-12-10 22:38:00-08:00
1,2,1,0,1,0,2018-12-10 22:59:27-08:00
0,0,0,0,0,0,2018-12-10 23:00:27-08:00
0,0,0,0,0,0,2018-12-10 23:04:57-08:00
0,0,0,0,0,0,2018-12-10 23:06:50-08:00
0,2,0,0,0,0,2018-12-10 23:20:41-08:00
3,3,1,3,2,3,2018-12-10 23:47:59-08:00
0,0,0,0,0,0,2018-12-10 23:55:57-08:00
0,0,0,0,0,0,2018-12-10 23:59:59-08:00
0,0,0,0,0,0,2018-12-11 00:13:04-08:00
0,1,0,0,1,0,2018-12-11 00:43:13-08:00
0,0,0,0,0,0,2018-12-11 00:45:14-08:00
0,0,0,0,0,0,2018-12-11 01:06:22-08:00
0,2,0,0,0,0,2018-12-11 01:11:39-08:00
0,0,0,0,0,0,2018-12-11 01:34:12-08:00
0,0,0,0,0,0,2018-12-11 01:48:46-08:00
1,1,1,0,1,0,2018-12-11 11:17:23-08:00
0,1,0,0,0,0,2018-12-11 12:00:51-08:00
0,1,0,0,0,0,2018-12-11 12:06:50-08:00
0,1,0,0,0,0,2018-12-11 12:10:47-08:00
0,1,0,0,1,0,2018-12-11 12:14:14-08:00
0,1,0,0,0,0,2018-12-11 12:15:09-08:00
0,2,0,0,0,0,2018-12-11 12:18:56-08:00
0,1,0,0,0,0,2018-12-11 12:22:04-08:00
0,1,0,0,0,0,2018-12-11 12:29:36-08:00
0,0,0,0,0,0,2018-12-11 12:36:28-08:00
0,0,0,0,0,0,2018-12-11 12:37:13-08:00
0,0,0,0,0,0,2018-12-11 12:38:29-08:00
0,0,0,0,0,0,2018-12-11 12:39:12-08:00
0,0,0,0,0,0,2018-12-11 12:40:27-08:00
0,0,0,0,0,0,2018-12-11 12:40:57-08:00
0,0,0,0,0,0,2018-12-11 12:44:02-08:00
0,1,0,0,0,0,2018-12-11 12:59:22-08:00
0,1,0,0,0,0,2018-12-11 13:13:05-08:00
0,1,0,0,0,0,2018-12-11 13:26:22-08:00
0,1,0,0,0,0,2018-12-11 13:32:16-08:00
0,1,0,0,0,0,2018-12-11 13:46:03-08:00
0,1,0,0,0,0,2018-12-11 13:53:12-08:00
0,1,0,0,0,0,2018-12-11 13:57:11-08:00
0,1,0,0,0,0,2018-12-11 13:58:57-08:00
0,0,0,0,0,0,2018-12-11 13:59:54-08:00
0,0,0,0,0,0,2018-12-11 14:02:13-08:00
0,2,0,0,0,0,2018-12-11 14:05:07-08:00
0,0,0,0,0,0,2018-12-11 14:18:07-08:00
0,0,0,0,0,0,2018-12-11 14:18:12-08:00
0,0,0,0,0,0,2018-12-11 14:19:50-08:00
0,0,0,0,0,0,2018-12-11 14:21:32-08:00
0,1,0,0,0,0,2018-12-11 14:23:05-08:00
0,0,0,0,0,0,2018-12-11 14:23:28-08:00
0,0,0,0,0,0,2018-12-11 14:28:03-08:00
0,0,0,0,0,0,2018-12-11 14:28:14-08:00
0,2,0,0,0,0,2018-12-11 14:40:38-08:00
0,3,0,0,0,0,2018-12-11 14:45:30-08:00
0,0,0,0,0,0,2018-12-11 14:45:43-08:00
0,0,0,0,0,0,2018-12-11 14:49:00-08:00
0,0,0,0,0,0,2018-12-11 17:15:16-08:00
0,0,0,0,0,0,2018-12-11 17:18:46-08:00
0,0,0,0,0,0,2018-12-11 18:10:20-08:00
0,0,0,0,0,0,2018-12-11 18:25:45-08:00
0,0,0,0,0,0,2018-12-11 18:45:36-08:00
2,4,1,0,3,0,2018-12-12 15:14:25-08:00
0,0,0,0,0,0,2018-12-12 15:16:27-08:00
1,2,1,0,0,0,2018-12-12 15:22:10-08:00
1,1,1,0,0,0,2018-12-12 15:26:12-08:00
1,1,1,0,0,0,2018-12-12 15:35:09-08:00
0,0,1,0,0,0,2018-12-12 15:45:00-08:00
0,2,1,0,0,0,2018-12-12 15:53:42-08:00
0,1,0,0,0,0,2018-12-12 16:16:36-08:00
0,1,0,0,0,0,2018-12-12 16:17:53-08:00
1,1,1,1,0,0,2018-12-12 18:32:44-08:00
0,0,0,0,0,0,2018-12-12 18:41:01-08:00
1,2,1,0,2,0,2018-12-12 18:43:40-08:00
0,0,0,0,0,0,2018-12-12 18:44:05-08:00
1,1,1,1,0,0,2018-12-12 20:56:59-08:00
1,0,1,2,0,1,2018-12-12 23:02:55-08:00
0,0,0,0,0,0,2018-12-13 09:42:19-08:00
1,0,0,1,0,1,2018-12-13 16:55:06-08:00
0,0,0,0,0,0,2018-12-13 16:56:17-08:00
0,0,0,0,0,0,2018-12-13 16:56:20-08:00
