Acquisition,Preparation,Modeling,Training,Evaluation,Prediction,time
0,0,0,0,0,0,2020-02-19 01:51:51-05:00
0,0,0,0,0,0,2020-02-19 01:55:44-05:00
2,2,0,0,0,0,2020-02-19 02:35:18-05:00
1,1,0,0,0,0,2020-02-22 11:44:30-05:00
2,2,0,0,0,0,2020-02-24 02:53:00-05:00
1,1,0,0,0,0,2020-02-25 17:14:26-05:00
3,3,0,0,0,0,2020-02-25 19:31:55-05:00
0,0,0,0,0,0,2020-02-25 19:35:36-05:00
0,0,0,0,0,0,2020-02-25 22:47:10-05:00
2,2,2,2,0,2,2020-02-26 13:55:18-05:00
1,1,1,1,0,1,2020-02-26 13:57:07-05:00
2,2,2,2,0,2,2020-02-26 20:27:52-05:00
0,0,0,0,0,0,2020-02-26 21:49:51-05:00
2,2,2,2,0,2,2020-02-27 15:53:36-05:00
0,0,0,0,0,0,2020-02-27 17:43:17-05:00
0,0,0,0,0,0,2020-02-27 19:23:20-05:00
1,1,1,1,0,1,2020-02-27 19:55:32-05:00
2,2,2,2,0,2,2020-02-27 20:32:15-05:00
2,2,2,2,0,2,2020-02-27 21:03:57-05:00
3,3,1,1,0,0,2020-02-27 21:11:11-05:00
0,0,0,0,0,0,2020-02-27 23:30:20-05:00
0,0,0,0,0,0,2020-02-28 01:28:11-05:00
2,2,2,2,0,2,2020-02-29 00:12:07-05:00
0,0,0,0,0,0,2020-02-29 00:13:49-05:00
2,2,2,2,0,2,2020-02-29 00:52:10-05:00
0,0,0,0,0,0,2020-02-29 01:16:03-05:00
2,2,2,2,0,2,2020-02-29 08:26:50-05:00
1,1,0,0,0,0,2020-02-29 10:17:52-05:00
0,0,0,0,0,0,2020-02-29 10:19:09-05:00
0,0,0,0,0,0,2020-02-29 10:22:17-05:00
0,0,0,0,0,0,2020-02-29 10:23:07-05:00
2,2,0,0,0,0,2020-02-29 10:28:08-05:00
0,0,0,0,0,0,2020-02-29 10:28:45-05:00
0,0,0,0,0,0,2020-02-29 10:29:28-05:00
2,2,2,2,2,2,2020-02-29 10:29:49-05:00
0,0,0,0,0,0,2020-02-29 10:33:02-05:00
0,0,0,0,0,0,2020-02-29 10:33:18-05:00
0,0,0,0,0,0,2020-02-29 11:05:34-05:00
2,2,2,2,0,2,2020-02-29 11:28:20-05:00
2,2,2,2,0,2,2020-02-29 12:13:34-05:00
1,1,1,1,0,1,2020-02-29 12:16:23-05:00
0,0,0,0,0,0,2020-02-29 12:30:04-05:00
1,1,1,1,0,1,2020-02-29 13:09:03-05:00
0,0,0,0,0,0,2020-02-29 19:56:54-05:00
1,1,1,1,0,1,2020-03-03 18:40:13-05:00
2,2,0,0,0,0,2020-03-03 18:42:42-05:00
0,0,0,0,0,0,2020-03-03 18:59:15-05:00
1,1,1,1,0,1,2020-03-03 19:09:55-05:00
1,1,1,1,0,1,2020-03-03 19:10:45-05:00
1,1,1,1,0,1,2020-03-03 19:17:38-05:00
1,1,1,1,0,1,2020-03-03 19:30:27-05:00
0,0,0,0,0,0,2020-03-03 19:48:20-05:00
0,0,0,0,0,0,2020-03-03 19:49:03-05:00
1,1,1,1,0,1,2020-03-03 20:03:35-05:00
0,0,0,0,0,0,2020-03-03 20:04:14-05:00
0,0,0,0,0,0,2020-03-03 20:14:15-05:00
0,0,0,0,0,0,2020-03-03 20:14:54-05:00
2,2,2,2,0,2,2020-03-03 20:22:40-05:00
0,0,0,0,0,0,2020-03-03 20:25:53-05:00
0,0,0,0,0,0,2020-03-03 20:26:42-05:00
0,0,0,0,0,0,2020-03-03 20:34:49-05:00
0,0,0,0,0,0,2020-03-03 20:37:24-05:00
3,3,3,3,0,3,2020-03-03 20:56:34-05:00
0,0,0,0,0,0,2020-03-03 21:18:04-05:00
0,0,0,0,0,0,2020-03-03 21:20:03-05:00
0,0,0,0,0,0,2020-03-03 21:20:56-05:00
0,0,0,0,0,0,2020-03-03 21:21:21-05:00
0,0,0,0,0,0,2020-03-03 21:32:47-05:00
0,0,0,0,0,0,2020-03-03 21:57:12-05:00
1,1,1,1,1,1,2020-03-03 22:00:06-05:00
0,0,0,0,0,0,2020-03-03 22:00:38-05:00
0,0,0,0,0,0,2020-03-03 22:44:12-05:00
0,0,0,0,0,0,2020-03-03 23:14:45-05:00
0,0,0,0,0,0,2020-03-04 20:10:05-05:00
2,2,2,2,0,2,2020-03-04 20:12:34-05:00
0,0,0,0,0,0,2020-03-05 02:16:50-05:00
0,0,0,0,0,0,2020-03-05 02:20:09-05:00
8,8,8,8,2,8,2020-03-05 02:47:09-05:00
1,1,1,1,0,1,2020-03-05 03:28:44-05:00
0,0,0,0,0,0,2020-03-05 03:35:03-05:00
0,0,0,0,0,0,2020-03-05 18:42:11-05:00
1,1,1,1,0,1,2020-03-05 18:58:10-05:00
1,1,1,1,0,1,2020-03-05 19:40:44-05:00
0,0,0,0,0,0,2020-03-05 19:46:40-05:00
0,0,0,0,0,0,2020-03-05 19:49:45-05:00
0,0,0,0,0,0,2020-03-05 19:51:12-05:00
0,0,0,0,0,0,2020-03-05 20:05:14-05:00
0,0,0,0,0,0,2020-03-05 20:16:51-05:00
0,0,0,0,0,0,2020-03-05 20:24:41-05:00
0,0,0,0,0,0,2020-03-05 20:37:07-05:00
1,1,1,1,0,1,2020-03-05 22:51:21-05:00
1,1,1,1,0,1,2020-03-05 23:09:49-05:00
0,0,0,0,0,0,2020-03-05 23:12:36-05:00
0,0,0,0,0,0,2020-03-05 23:14:25-05:00
0,0,0,0,0,0,2020-03-07 08:52:14-05:00
0,0,0,0,0,0,2020-03-07 08:52:40-05:00
0,0,0,0,0,0,2020-03-07 08:55:46-05:00
0,0,0,0,0,0,2020-03-07 10:06:46-05:00
0,0,0,0,0,0,2020-03-24 18:13:27+00:00
0,0,0,0,0,0,2020-03-25 00:16:38-04:00
0,0,0,0,0,0,2020-03-31 11:17:18+00:00
0,0,0,0,0,0,2020-04-01 17:35:35-04:00
1,1,0,0,0,0,2020-04-15 18:01:52-04:00
0,0,0,0,0,0,2020-06-06 08:02:59+00:00
0,0,0,0,0,0,2020-08-25 00:58:27-04:00
0,0,0,0,0,0,2020-11-18 22:36:17+00:00
0,0,0,0,0,0,2021-02-02 22:32:12+00:00
0,0,0,0,0,0,2021-03-03 21:14:47-05:00
0,0,0,0,0,0,2021-03-03 21:15:03-05:00
0,0,0,0,0,0,2021-03-19 00:36:12+00:00
0,0,0,0,0,0,2021-03-20 03:04:47+00:00
0,0,0,0,0,0,2021-03-19 23:11:05-04:00
0,0,0,0,0,0,2021-03-19 23:11:20-04:00
0,0,0,0,0,0,2021-03-29 22:15:40+00:00
0,0,0,0,0,0,2021-03-29 18:16:24-04:00
0,0,0,0,0,0,2021-05-06 19:57:54+00:00
0,0,0,0,0,0,2021-06-04 22:36:36+00:00
0,0,0,0,0,0,2021-06-07 11:25:43-04:00
0,0,0,0,0,0,2021-06-07 11:25:54-04:00
0,0,0,0,0,0,2021-08-23 20:38:29+00:00
0,0,0,0,0,0,2021-09-22 18:41:03+00:00
0,0,0,0,0,0,2021-10-06 11:10:46-04:00
0,0,0,0,0,0,2021-10-06 11:10:59-04:00
