Acquisition,Preparation,Modeling,Training,Evaluation,Prediction,time
0,0,0,0,0,0,2018-07-03 08:57:34+08:00
0,1,0,0,0,0,2018-07-04 13:49:03+08:00
0,0,0,0,0,0,2018-07-04 14:06:32+08:00
0,0,0,0,0,0,2018-07-04 15:14:17+08:00
0,0,0,0,0,0,2018-07-04 17:55:06+08:00
0,1,0,0,0,0,2018-07-06 11:53:06+08:00
0,1,0,0,0,0,2018-07-06 15:20:09+08:00
0,1,0,0,0,0,2018-07-06 15:58:58+08:00
0,1,0,0,0,0,2018-07-06 17:53:41+08:00
0,1,0,0,1,0,2018-07-09 17:40:03+08:00
0,1,0,0,1,0,2018-07-10 09:43:01+08:00
0,1,0,0,0,0,2018-07-10 10:20:52+08:00
0,1,0,0,0,0,2018-07-10 14:51:04+08:00
0,1,0,0,0,0,2018-07-10 15:54:59+08:00
0,1,0,0,0,0,2018-07-10 17:14:49+08:00
0,1,0,0,0,0,2018-07-10 18:01:56+08:00
0,1,1,0,0,1,2018-07-11 18:04:42+08:00
0,1,1,1,1,1,2018-07-11 21:40:09+08:00
0,0,0,0,0,0,2018-07-12 09:28:04+08:00
0,1,1,1,1,1,2018-07-13 11:51:06+08:00
0,0,0,0,0,0,2018-07-13 12:15:21+08:00
0,1,1,1,1,1,2018-07-16 09:35:59+08:00
0,1,1,1,1,1,2018-07-16 09:48:14+08:00
0,1,0,0,0,0,2018-07-16 10:52:40+08:00
0,0,0,0,0,0,2018-07-16 10:54:39+08:00
0,1,0,0,0,0,2018-07-16 11:24:10+08:00
0,1,0,0,0,0,2018-07-16 11:24:43+08:00
0,1,0,0,0,0,2018-07-16 11:55:51+08:00
0,1,0,0,0,0,2018-07-16 11:57:25+08:00
0,0,0,0,0,0,2018-07-16 11:59:25+08:00
0,1,1,1,1,1,2018-07-16 12:02:12+08:00
0,0,0,0,0,0,2018-07-16 12:04:07+08:00
0,0,0,0,0,0,2018-07-16 12:04:40+08:00
0,0,0,0,0,0,2018-07-16 12:11:37+08:00
0,0,0,0,0,0,2018-07-16 12:12:03+08:00
0,1,0,0,0,0,2018-07-16 16:39:17+08:00
0,0,0,0,0,0,2018-07-16 16:40:54+08:00
0,1,1,1,1,1,2018-07-16 16:43:21+08:00
0,0,0,0,0,0,2018-07-16 16:55:02+08:00
0,0,0,0,0,0,2018-07-16 16:57:36+08:00
0,1,1,1,1,1,2018-07-16 16:59:07+08:00
0,1,1,1,1,1,2018-07-16 17:00:21+08:00
0,1,0,0,0,0,2018-07-16 17:48:09+08:00
0,0,0,0,0,0,2018-07-18 13:48:18+08:00
0,1,0,0,0,0,2018-07-30 17:56:22+08:00
0,0,0,0,0,0,2018-07-30 17:56:36+08:00
0,1,1,1,1,1,2018-07-30 17:57:40+08:00
0,0,0,0,0,0,2018-08-01 12:23:52+08:00
0,0,0,0,0,0,2018-08-01 12:24:26+08:00
0,0,0,0,0,0,2018-08-01 13:51:33+08:00
