Acquisition,Preparation,Modeling,Training,Evaluation,Prediction,time
0,2,0,0,0,0,2013-09-24 14:39:54-07:00
0,0,0,0,0,0,2013-09-25 14:23:52-07:00
0,2,0,0,0,0,2013-09-26 08:30:54-07:00
2,3,0,0,0,0,2013-10-31 16:52:56-07:00
4,3,0,0,0,0,2014-05-27 12:26:32-07:00
0,0,0,0,0,0,2014-10-20 16:05:44-07:00
2,1,0,0,0,0,2015-09-14 08:43:31-07:00
1,1,0,0,0,0,2015-10-26 16:15:49-07:00
0,0,0,0,0,0,2016-01-10 14:08:01-08:00
1,2,0,0,0,0,2016-01-10 17:27:57-08:00
1,0,0,0,0,0,2016-02-14 09:34:28-08:00
1,0,0,0,0,0,2016-02-15 19:55:35-08:00
0,0,0,0,0,0,2016-07-20 16:32:07-07:00
4,2,0,0,0,0,2017-03-13 10:29:05-07:00
0,0,0,0,0,0,2017-03-13 16:01:21-07:00
4,2,0,0,0,0,2018-02-28 14:49:22-08:00
8,4,0,0,0,0,2018-04-23 17:20:34-07:00
5,2,0,0,0,0,2019-03-26 16:20:19-07:00
6,3,0,0,0,0,2019-05-21 09:36:42-07:00
0,0,0,0,0,0,2019-05-21 09:51:47-07:00
0,1,0,0,0,0,2019-05-21 17:40:39-07:00
0,0,0,0,0,0,2019-05-21 17:40:54-07:00
0,0,0,0,0,0,2019-05-21 17:41:20-07:00
2,2,0,0,0,0,2019-05-29 11:45:57-07:00
0,0,0,0,0,0,2019-05-29 11:54:28-07:00
1,1,0,0,0,0,2019-05-29 12:23:05-07:00
2,4,0,0,0,0,2019-05-29 17:16:55-07:00
1,6,0,0,0,0,2019-05-31 09:26:48-07:00
1,4,0,0,0,0,2019-05-31 17:23:05-07:00
1,5,0,0,0,0,2019-06-03 17:17:15-07:00
0,5,0,0,0,0,2019-06-04 16:56:49-07:00
1,4,0,0,0,0,2019-06-05 12:12:55-07:00
2,4,0,0,0,0,2019-06-06 16:38:04-07:00
2,4,0,0,0,0,2019-06-07 16:38:13-07:00
2,8,0,0,0,0,2019-06-12 15:35:55-07:00
3,6,0,0,0,0,2019-06-12 17:01:37-07:00
4,6,0,0,1,0,2019-06-17 10:07:53-07:00
3,6,0,0,0,0,2019-06-21 14:07:39-07:00
1,3,0,0,0,0,2019-06-26 11:41:52-07:00
2,6,0,0,1,0,2019-10-23 16:46:32-07:00
0,2,0,0,1,0,2019-10-24 11:08:24-07:00
3,2,0,0,0,0,2019-12-09 16:18:15-08:00
0,2,0,0,0,0,2020-07-08 19:29:19-07:00
2,1,0,0,0,0,2020-07-09 10:09:33-07:00
2,1,0,0,0,0,2020-12-02 16:29:38-08:00
0,2,0,0,0,0,2020-12-03 18:47:22-08:00
3,6,0,0,1,0,2020-12-04 11:49:10-08:00
0,2,0,0,0,0,2020-12-04 16:29:51-08:00
2,5,1,1,0,0,2020-12-06 15:15:15-08:00
1,3,0,0,0,0,2021-03-05 15:00:24-08:00
3,6,0,0,0,0,2021-03-06 18:19:51-08:00
0,0,0,0,0,0,2021-03-06 18:20:15-08:00
2,4,0,0,0,0,2021-07-06 10:46:07-07:00
0,0,0,0,0,0,2021-07-06 10:46:33-07:00
1,0,0,0,0,0,2021-07-06 10:50:59-07:00
2,1,0,0,0,0,2021-07-06 11:43:38-07:00
0,0,0,0,0,0,2021-07-06 11:47:32-07:00
1,1,0,0,0,0,2021-07-06 12:17:21-07:00
1,0,0,0,0,0,2021-07-06 12:43:46-07:00
1,3,0,0,0,0,2021-07-08 16:39:21-07:00
0,1,0,0,0,0,2021-07-08 16:42:36-07:00
2,1,0,0,0,0,2022-01-25 12:01:58-08:00
3,9,1,1,0,0,2022-02-28 10:26:55-08:00
3,9,1,1,0,0,2022-02-28 10:32:57-08:00
2,4,1,1,0,0,2022-02-28 11:17:11-08:00
1,4,1,1,0,0,2022-02-28 11:23:22-08:00
1,0,0,0,0,0,2022-02-28 11:26:35-08:00
1,0,0,0,0,0,2022-02-28 11:32:04-08:00
