Acquisition,Preparation,Modeling,Training,Evaluation,Prediction,time
0,0,0,0,0,0,2020-09-23 17:39:50+01:00
0,1,0,0,0,1,2020-09-23 17:49:44+01:00
0,1,0,0,0,1,2020-09-23 18:20:23+01:00
0,1,0,0,0,1,2020-09-24 11:59:29+01:00
0,1,0,0,0,1,2020-09-27 13:41:03+01:00
0,1,0,0,0,0,2020-09-27 13:43:51+01:00
0,1,0,0,0,0,2020-09-28 14:41:38+01:00
0,1,0,0,0,0,2020-09-29 14:04:31+01:00
0,1,0,0,0,0,2020-10-03 22:52:46+01:00
0,1,0,0,0,0,2020-10-05 12:06:01+01:00
0,1,0,0,0,0,2020-10-05 12:21:44+01:00
0,1,0,0,0,0,2020-10-06 01:29:21+01:00
0,1,0,0,0,0,2020-10-09 11:43:03+01:00
0,1,0,0,0,0,2020-10-14 16:39:03+01:00
0,1,0,0,0,0,2020-10-15 16:50:56+01:00
0,1,0,0,0,0,2020-11-09 22:43:32+00:00
0,5,0,0,0,1,2020-11-09 22:44:33+00:00
0,2,0,0,0,1,2020-11-10 13:57:16+00:00
0,6,0,0,0,1,2020-11-11 16:38:02+00:00
0,4,0,0,0,1,2020-11-12 16:40:38+00:00
0,4,0,0,0,1,2020-11-12 16:54:25+00:00
0,1,0,0,0,0,2020-11-12 16:55:10+00:00
0,5,1,0,0,1,2020-11-20 16:04:12+00:00
0,5,0,0,0,1,2020-11-20 16:04:41+00:00
0,2,1,0,0,1,2020-11-20 21:55:38+00:00
0,3,1,0,0,1,2020-11-24 12:36:17+00:00
0,5,1,0,0,2,2020-11-27 01:02:04+00:00
0,0,0,0,0,0,2020-11-27 01:27:40+00:00
0,0,0,0,0,0,2020-11-27 01:29:00+00:00
0,0,0,0,0,0,2020-11-27 01:30:06+00:00
0,3,1,0,0,1,2020-11-27 01:32:47+00:00
0,0,0,0,0,0,2020-11-27 01:33:02+00:00
0,4,0,0,0,1,2020-11-27 01:36:14+00:00
0,1,0,0,0,0,2020-11-27 01:38:01+00:00
0,0,0,0,0,0,2020-11-27 01:43:53+00:00
0,0,0,0,0,0,2020-11-27 01:45:16+00:00
0,0,0,0,0,0,2020-11-27 01:45:36+00:00
0,5,1,0,0,1,2020-12-14 18:43:19+00:00
0,0,0,0,0,0,2020-12-14 18:44:00+00:00
0,0,0,0,0,0,2020-12-14 18:44:41+00:00
0,1,1,0,0,1,2020-12-29 13:45:58+00:00
0,1,1,0,0,1,2021-01-02 23:17:46+00:00
0,1,1,0,0,1,2021-01-02 23:21:33+00:00
0,0,0,0,0,0,2021-01-02 23:21:59+00:00
0,2,1,0,0,1,2021-01-05 00:52:38+00:00
0,0,0,0,0,0,2021-01-05 00:55:34+00:00
0,0,0,0,0,0,2021-01-05 00:56:45+00:00
0,1,1,1,1,1,2021-01-06 17:14:05+00:00
0,3,1,1,1,1,2021-01-12 14:57:36+00:00
0,3,1,1,1,1,2021-01-13 16:02:44+00:00
0,2,1,1,1,1,2021-01-13 18:34:05+00:00
0,0,0,0,0,0,2021-01-13 18:35:52+00:00
0,0,0,0,0,0,2021-01-13 18:37:34+00:00
0,2,1,1,1,1,2021-01-15 01:53:25+00:00
0,0,0,0,0,0,2021-01-15 01:53:45+00:00
0,4,1,1,1,1,2021-01-15 17:32:05+00:00
0,5,1,1,1,1,2021-01-16 19:07:14+00:00
0,1,1,1,1,1,2021-01-16 19:41:51+00:00
0,2,1,1,1,1,2021-01-17 17:08:08+00:00
0,2,1,1,1,1,2021-01-17 18:51:13+00:00
0,7,1,1,1,1,2021-01-20 15:27:36+00:00
0,2,1,1,1,1,2021-01-21 15:28:52+00:00
0,2,1,1,1,2,2021-01-24 19:02:03+00:00
0,0,0,0,0,0,2021-01-24 19:06:32+00:00
0,1,1,1,1,1,2021-01-24 19:13:16+00:00
0,0,0,0,0,0,2021-01-24 19:13:25+00:00
0,4,1,1,1,2,2021-01-26 10:46:13+00:00
0,2,1,1,1,1,2021-02-01 13:19:34+00:00
0,0,0,0,0,0,2021-02-01 13:42:49+00:00
0,1,1,1,1,1,2021-02-01 13:59:48+00:00
0,0,0,0,0,0,2021-02-01 14:05:11+00:00
0,0,0,0,0,0,2021-02-01 14:12:36+00:00
0,0,0,0,0,0,2021-02-01 14:16:52+00:00
0,0,0,0,0,0,2021-02-01 14:30:48+00:00
0,2,1,1,1,2,2021-02-01 19:14:19+00:00
0,0,0,0,0,0,2021-02-01 19:18:48+00:00
0,1,1,1,1,1,2021-02-01 19:35:39+00:00
0,1,1,1,1,1,2021-02-01 19:36:41+00:00
0,1,1,1,1,1,2021-02-01 19:42:22+00:00
0,1,1,1,1,1,2021-02-01 19:49:18+00:00
0,1,1,1,1,1,2021-02-01 20:02:20+00:00
0,1,1,1,1,1,2021-02-01 20:04:05+00:00
0,1,1,1,1,1,2021-02-01 20:05:24+00:00
0,1,1,1,1,1,2021-02-01 20:08:27+00:00
0,1,1,1,1,1,2021-02-01 20:13:46+00:00
0,2,1,1,1,1,2021-02-01 20:25:15+00:00
0,2,1,1,1,1,2021-02-01 20:46:47+00:00
0,2,1,1,1,1,2021-02-01 21:23:26+00:00
0,2,2,1,1,1,2021-02-01 21:33:41+00:00
0,0,0,0,0,0,2021-02-01 21:36:08+00:00
0,5,2,2,2,2,2021-02-01 21:48:27+00:00
0,2,1,1,0,1,2021-02-01 21:55:27+00:00
0,0,0,0,0,0,2021-02-01 21:58:17+00:00
0,3,2,2,1,1,2021-02-02 10:21:44+00:00
0,1,1,1,0,1,2021-02-02 10:22:17+00:00
0,1,1,1,0,1,2021-02-02 10:29:56+00:00
0,1,1,1,0,1,2021-02-02 11:04:42+00:00
0,1,1,1,0,1,2021-02-02 11:09:32+00:00
0,0,0,0,0,0,2021-02-02 13:31:50+00:00
0,1,1,1,1,0,2021-02-02 13:36:13+00:00
0,0,0,0,0,0,2021-02-02 13:46:19+00:00
0,0,0,0,0,0,2021-02-02 13:58:49+00:00
0,0,0,0,0,0,2021-02-02 13:59:00+00:00
0,0,0,0,0,0,2021-02-02 14:00:57+00:00
0,0,0,0,0,0,2021-02-02 14:01:13+00:00
0,0,0,0,0,0,2021-02-02 14:11:16+00:00
0,1,1,1,0,1,2021-02-02 14:14:32+00:00
0,0,0,0,0,0,2021-02-02 14:16:16+00:00
0,1,1,1,0,1,2021-02-02 14:19:48+00:00
0,0,0,0,0,0,2021-02-02 14:28:30+00:00
0,1,1,1,0,1,2021-02-02 16:04:56+00:00
0,0,0,0,0,0,2021-02-02 16:15:22+00:00
0,2,1,1,0,1,2021-02-03 11:09:30+00:00
0,0,0,0,0,0,2021-02-03 11:21:50+00:00
0,1,0,0,0,0,2021-02-03 12:43:11+00:00
0,0,0,0,0,0,2021-02-03 12:49:33+00:00
0,3,2,2,1,1,2021-02-03 14:23:59+00:00
0,4,2,2,1,2,2021-02-03 14:28:27+00:00
0,0,0,0,0,0,2021-02-03 14:35:11+00:00
0,0,0,0,0,0,2021-02-03 14:36:18+00:00
2,4,2,2,1,2,2021-02-03 15:34:08+00:00
0,0,0,0,0,0,2021-02-03 15:37:55+00:00
1,1,1,1,1,0,2021-02-03 15:39:00+00:00
0,0,0,0,0,0,2021-02-03 15:44:01+00:00
2,3,2,2,1,1,2021-02-03 16:01:52+00:00
0,0,0,0,0,0,2021-02-03 16:04:08+00:00
2,2,2,2,1,1,2021-02-03 16:06:13+00:00
0,0,0,0,0,0,2021-02-03 16:06:40+00:00
1,1,1,1,1,0,2021-02-03 16:06:50+00:00
0,0,0,0,0,0,2021-02-03 16:21:28+00:00
2,4,2,2,1,2,2021-02-03 22:52:47+00:00
1,2,1,1,1,1,2021-02-04 21:42:15+00:00
2,3,2,2,1,1,2021-02-04 21:54:52+00:00
2,5,2,2,1,1,2021-02-05 13:30:52+00:00
0,1,0,0,0,0,2021-02-05 13:35:36+00:00
1,1,1,1,0,1,2021-02-05 13:37:58+00:00
0,0,0,0,0,0,2021-02-05 14:01:34+00:00
3,6,3,3,1,2,2021-02-08 09:18:43+00:00
1,1,1,1,0,0,2021-02-08 09:20:49+00:00
0,0,0,0,0,0,2021-02-08 09:26:05+00:00
0,0,0,0,0,0,2021-02-08 09:27:49+00:00
0,0,0,0,0,0,2021-02-08 09:28:02+00:00
1,2,1,1,0,0,2021-02-08 09:36:13+00:00
2,2,2,1,0,1,2021-02-08 09:53:18+00:00
1,1,1,1,0,0,2021-02-08 09:58:06+00:00
0,0,0,0,0,0,2021-02-08 10:04:38+00:00
1,1,1,1,0,0,2021-02-08 10:16:22+00:00
1,1,1,1,0,0,2021-02-08 10:17:44+00:00
1,1,1,1,0,0,2021-02-08 10:34:09+00:00
0,0,0,0,0,0,2021-02-08 10:34:30+00:00
1,1,1,1,0,0,2021-02-08 10:44:57+00:00
0,0,0,0,0,0,2021-02-08 10:45:18+00:00
0,0,0,0,0,0,2021-02-08 10:50:04+00:00
1,2,1,1,0,1,2021-02-08 16:26:41+00:00
0,0,0,0,0,0,2021-02-08 16:34:43+00:00
0,0,0,0,0,0,2021-02-08 16:35:21+00:00
1,3,1,1,0,1,2021-02-09 16:14:22+00:00
0,0,0,0,0,0,2021-02-09 16:14:58+00:00
0,0,0,0,0,0,2021-02-09 16:28:37+00:00
1,2,1,1,0,1,2021-02-10 11:16:54+00:00
2,3,2,1,0,2,2021-02-10 13:26:45+00:00
3,5,3,3,0,2,2021-02-15 16:55:05+00:00
2,3,2,2,0,1,2021-02-18 13:53:38+00:00
7,7,5,6,1,1,2021-02-18 18:08:32+00:00
8,8,5,8,0,1,2021-02-19 12:03:24+00:00
50,52,17,31,5,3,2021-04-12 15:04:26+01:00
0,0,0,0,0,0,2021-04-12 15:06:39+01:00
1,1,0,1,0,0,2021-04-12 15:10:43+01:00
36,42,13,23,5,2,2021-04-12 20:40:51+01:00
53,60,20,34,6,2,2021-04-12 20:42:21+01:00
0,0,0,0,0,0,2021-04-12 20:43:35+01:00
0,0,0,0,0,0,2021-04-12 20:44:22+01:00
0,5,0,0,0,1,2021-04-12 20:45:07+01:00
0,0,0,0,0,0,2021-04-12 20:45:16+01:00
0,5,0,0,0,1,2021-04-12 20:45:58+01:00
2,2,0,1,0,0,2021-04-12 20:51:31+01:00
0,0,0,0,0,0,2021-04-12 20:51:38+01:00
0,0,0,0,0,0,2021-04-12 20:51:49+01:00
0,0,0,0,0,0,2021-04-12 20:53:29+01:00
0,0,0,0,0,0,2021-04-12 20:54:16+01:00
0,0,0,0,0,0,2021-04-12 20:57:01+01:00
0,0,0,0,0,0,2021-04-12 21:04:28+01:00
0,0,0,0,0,0,2021-04-12 21:06:31+01:00
0,0,0,0,0,0,2021-04-12 21:15:55+01:00
0,0,0,0,0,0,2021-04-12 21:16:54+01:00
0,0,0,0,0,0,2021-04-12 21:30:36+01:00
0,0,0,0,0,0,2021-04-12 21:31:34+01:00
0,0,0,0,0,0,2021-04-12 21:31:59+01:00
0,0,0,0,0,0,2021-04-12 21:32:50+01:00
0,0,0,0,0,0,2021-04-12 21:33:37+01:00
0,0,0,0,0,0,2021-04-12 21:38:45+01:00
0,0,0,0,0,0,2021-04-14 16:04:02+01:00
0,0,0,0,0,0,2021-04-14 16:21:55+01:00
1,1,1,1,0,0,2021-04-14 21:30:45+01:00
1,1,1,0,0,0,2021-04-14 21:30:59+01:00
1,1,1,1,0,0,2021-04-14 21:31:17+01:00
1,1,1,0,0,0,2021-04-14 21:31:33+01:00
1,1,1,1,0,0,2021-04-14 21:32:01+01:00
1,1,1,0,0,0,2021-04-14 21:32:16+01:00
1,1,1,1,0,0,2021-04-14 21:32:37+01:00
1,1,1,0,0,0,2021-04-14 21:32:47+01:00
1,1,0,0,0,0,2021-04-14 21:36:47+01:00
0,1,0,1,1,0,2021-04-14 21:39:54+01:00
1,1,0,1,0,0,2021-04-16 13:26:36+01:00
1,1,1,1,0,0,2021-04-16 13:28:12+01:00
1,1,1,0,0,0,2021-04-16 13:28:41+01:00
1,1,1,1,0,0,2021-04-16 13:29:06+01:00
1,1,1,0,0,0,2021-04-16 13:29:27+01:00
1,1,1,1,0,0,2021-04-16 13:30:05+01:00
1,1,1,0,0,0,2021-04-16 13:30:23+01:00
1,1,1,1,0,0,2021-04-16 13:30:44+01:00
1,1,1,0,0,0,2021-04-16 13:31:00+01:00
0,0,0,0,0,0,2021-04-16 13:32:53+01:00
0,0,0,0,0,0,2021-04-16 13:33:14+01:00
0,0,0,0,0,0,2021-06-16 12:09:45+01:00
0,0,0,0,0,0,2021-06-17 15:03:33+01:00
0,0,0,0,0,0,2021-06-21 15:24:06+01:00
0,0,0,0,0,0,2021-06-21 15:25:59+01:00
0,0,0,0,0,0,2021-07-13 13:39:21+02:00
0,0,0,0,0,0,2021-07-13 13:41:14+02:00
0,0,0,0,0,0,2021-07-13 13:49:12+02:00
0,0,0,0,0,0,2021-07-13 13:51:46+02:00
