Acquisition,Preparation,Modeling,Training,Evaluation,Prediction,time
584,2056,332,3,151,29,2020-05-20 01:02:17+02:00
0,0,0,0,0,0,2020-05-20 01:21:20+02:00
0,0,0,0,0,0,2020-05-20 01:25:06+02:00
0,0,0,0,0,0,2020-05-20 23:46:04+02:00
0,0,0,0,0,0,2020-05-20 23:46:37+02:00
0,0,0,0,0,0,2020-05-20 23:47:20+02:00
0,0,0,0,0,0,2020-05-20 23:47:59+02:00
0,0,0,0,0,0,2020-05-20 23:48:28+02:00
0,0,0,0,0,0,2020-05-20 23:49:02+02:00
0,0,0,0,0,0,2020-05-20 23:49:45+02:00
1,1,0,0,1,1,2020-05-21 00:05:54+02:00
0,0,0,0,0,0,2020-05-23 14:22:51+02:00
0,0,0,0,0,0,2020-05-23 14:25:26+02:00
0,0,0,0,0,0,2020-05-23 14:30:05+02:00
0,0,0,0,0,0,2020-05-23 14:34:02+02:00
0,0,0,0,0,0,2020-05-23 14:37:55+02:00
0,0,0,0,0,0,2020-05-23 14:39:29+02:00
0,0,0,0,0,0,2020-05-23 14:43:01+02:00
0,0,0,0,0,0,2020-05-23 14:46:14+02:00
0,0,0,0,0,0,2020-05-23 14:49:02+02:00
0,0,0,0,0,0,2020-05-23 14:50:27+02:00
0,0,0,0,0,0,2020-05-23 14:54:04+02:00
0,0,0,0,0,0,2020-05-23 14:57:19+02:00
0,0,0,0,0,0,2020-05-23 14:58:54+02:00
0,0,0,0,0,0,2020-05-23 15:00:12+02:00
0,0,0,0,0,0,2020-05-24 00:07:38+02:00
0,0,0,0,0,0,2020-05-24 00:08:38+02:00
0,0,0,0,0,0,2020-05-24 00:11:19+02:00
0,0,0,0,0,0,2020-05-24 00:12:53+02:00
0,0,0,0,0,0,2020-05-24 00:14:08+02:00
0,0,0,0,0,0,2020-05-24 00:14:41+02:00
0,0,0,0,0,0,2020-05-24 00:20:43+02:00
0,0,0,0,0,0,2020-05-24 00:21:04+02:00
0,0,0,0,0,0,2020-05-24 00:21:36+02:00
0,0,0,0,0,0,2020-05-24 00:22:03+02:00
0,0,0,0,0,0,2020-05-24 00:32:34+02:00
0,0,0,0,0,0,2020-05-24 00:33:11+02:00
0,0,0,0,0,0,2020-05-24 00:38:50+02:00
0,0,0,0,0,0,2020-05-24 00:51:49+02:00
0,0,0,0,0,0,2020-05-24 00:53:30+02:00
0,0,0,0,0,0,2020-05-24 00:56:40+02:00
0,0,0,0,0,0,2020-05-24 01:00:31+02:00
0,0,0,0,0,0,2020-05-24 01:00:49+02:00
0,0,0,0,0,0,2020-05-24 01:01:12+02:00
0,0,0,0,0,0,2020-05-24 01:04:34+02:00
0,0,0,0,0,0,2020-05-24 01:04:50+02:00
0,0,0,0,0,0,2020-05-24 01:09:55+02:00
0,0,0,0,0,0,2020-05-24 01:11:03+02:00
0,0,0,0,0,0,2020-05-24 01:11:36+02:00
0,0,0,0,0,0,2020-05-24 01:12:57+02:00
0,0,0,0,0,0,2020-05-24 01:19:17+02:00
0,0,0,0,0,0,2020-05-24 01:21:03+02:00
0,0,0,0,0,0,2020-05-24 01:23:40+02:00
0,0,0,0,0,0,2020-05-24 01:26:04+02:00
0,0,0,0,0,0,2020-05-24 01:30:57+02:00
0,0,0,0,0,0,2020-05-24 01:34:31+02:00
0,0,0,0,0,0,2020-05-24 01:39:45+02:00
0,0,0,0,0,0,2020-05-24 01:41:50+02:00
0,0,0,0,0,0,2020-05-24 01:49:45+02:00
0,0,0,0,0,0,2020-05-24 01:50:26+02:00
0,0,0,0,0,0,2020-05-24 01:51:42+02:00
0,0,0,0,0,0,2020-05-24 01:53:44+02:00
0,0,0,0,0,0,2020-05-24 01:56:15+02:00
0,0,0,0,0,0,2020-05-24 02:03:07+02:00
0,0,0,0,0,0,2020-05-24 02:13:34+02:00
0,0,0,0,0,0,2020-05-24 02:16:25+02:00
0,0,0,0,0,0,2020-05-24 02:33:22+02:00
0,0,0,0,0,0,2020-05-24 02:35:06+02:00
0,0,0,0,0,0,2020-05-24 02:36:22+02:00
0,0,0,0,0,0,2020-05-24 02:44:33+02:00
0,0,0,0,0,0,2020-05-24 02:48:25+02:00
0,0,0,0,0,0,2020-05-24 02:51:06+02:00
0,0,0,0,0,0,2020-05-24 02:53:23+02:00
0,0,0,0,0,0,2020-05-24 02:54:23+02:00
0,0,0,0,0,0,2020-05-24 03:02:32+02:00
0,0,0,0,0,0,2020-05-24 03:09:12+02:00
0,0,0,0,0,0,2020-05-24 03:12:09+02:00
0,0,0,0,0,0,2020-05-24 03:13:00+02:00
0,0,0,0,0,0,2020-05-24 03:15:05+02:00
0,0,0,0,0,0,2020-05-24 03:15:46+02:00
0,0,0,0,0,0,2020-05-24 03:16:57+02:00
0,0,0,0,0,0,2020-05-24 03:19:36+02:00
0,0,0,0,0,0,2020-05-24 03:24:15+02:00
0,0,0,0,0,0,2020-05-24 03:25:16+02:00
0,0,0,0,0,0,2020-05-24 03:30:40+02:00
0,0,0,0,0,0,2020-05-24 03:32:50+02:00
0,0,0,0,0,0,2020-05-24 03:34:37+02:00
0,0,0,0,0,0,2020-05-24 03:40:25+02:00
0,0,0,0,0,0,2020-05-24 03:51:15+02:00
0,0,0,0,0,0,2020-05-24 03:57:17+02:00
0,0,0,0,0,0,2020-05-24 03:59:14+02:00
0,0,0,0,0,0,2020-05-24 04:05:54+02:00
0,0,0,0,0,0,2020-05-24 04:08:12+02:00
0,0,0,0,0,0,2020-05-24 13:23:37+02:00
1,1,0,0,1,1,2020-05-24 13:26:57+02:00
0,0,0,0,0,0,2020-05-25 18:22:56+02:00
0,0,0,0,0,0,2020-05-25 18:24:54+02:00
0,0,0,0,0,0,2020-05-25 18:26:20+02:00
0,0,0,0,0,0,2020-06-07 18:43:09+02:00
0,0,0,0,0,0,2020-06-07 18:46:55+02:00
1,0,0,0,0,0,2020-06-07 18:52:23+02:00
0,1,1,1,1,1,2020-06-21 17:32:16+02:00
0,0,0,0,0,0,2020-07-02 01:47:42+02:00
0,0,0,0,0,0,2020-07-02 12:07:40+02:00
0,0,0,0,0,0,2020-07-02 15:22:03+02:00
0,0,0,0,0,0,2020-07-02 15:23:20+02:00
0,0,0,0,0,0,2020-07-02 15:38:36+02:00
0,0,0,0,0,0,2020-07-02 15:42:55+02:00
0,0,0,0,0,0,2020-07-02 15:44:12+02:00
0,0,0,0,0,0,2020-07-02 15:45:40+02:00
0,0,0,0,0,0,2020-07-02 15:47:11+02:00
0,0,1,0,0,0,2020-07-03 11:39:29+02:00
0,0,1,0,0,0,2020-07-03 11:40:44+02:00
0,0,0,0,0,0,2020-07-03 11:46:12+02:00
0,0,0,0,0,0,2020-07-03 15:34:24+02:00
0,0,0,0,0,0,2020-07-03 15:35:45+02:00
0,0,0,0,0,0,2020-07-03 15:37:21+02:00
0,0,0,0,0,0,2020-07-03 15:38:40+02:00
0,0,0,0,0,0,2020-07-03 15:39:20+02:00
0,0,0,0,0,0,2020-07-03 15:42:29+02:00
0,0,0,0,0,0,2020-07-03 16:16:44+02:00
0,0,0,0,0,0,2020-07-03 16:17:09+02:00
0,0,0,0,0,0,2020-07-05 13:56:57+02:00
0,0,0,0,0,0,2020-07-05 13:57:42+02:00
0,0,0,0,0,0,2020-07-05 14:01:45+02:00
0,0,0,0,0,0,2020-07-05 14:05:05+02:00
0,0,0,0,0,0,2020-07-05 14:07:26+02:00
0,0,0,0,0,0,2020-07-05 22:46:32+02:00
0,0,0,0,0,0,2020-07-05 22:47:13+02:00
0,0,0,0,0,0,2020-07-05 23:01:47+02:00
0,0,0,0,0,0,2020-07-05 23:06:08+02:00
0,0,0,0,0,0,2020-07-05 23:10:16+02:00
0,0,0,0,0,0,2020-07-05 23:11:36+02:00
0,0,0,0,0,0,2020-07-05 23:14:27+02:00
0,0,0,0,0,0,2020-07-05 23:15:10+02:00
0,0,0,0,0,0,2020-07-05 23:15:47+02:00
0,0,0,0,0,0,2020-07-06 16:13:57+02:00
0,0,1,0,0,0,2020-07-14 17:11:29+02:00
0,0,1,0,1,0,2020-07-14 17:12:12+02:00
0,0,0,0,0,0,2020-07-15 00:37:06+02:00
0,0,0,0,0,0,2020-07-15 00:37:31+02:00
0,0,0,0,0,0,2020-07-19 17:13:41+08:00
0,0,0,0,0,0,2020-07-19 22:50:44+08:00
0,0,0,0,0,0,2020-07-19 16:52:06+02:00
1,1,0,0,0,0,2020-07-19 16:52:41+02:00
0,0,0,0,0,0,2020-07-19 16:53:20+02:00
0,0,0,0,0,0,2020-07-19 17:03:52+02:00
0,0,0,0,0,0,2020-07-19 17:05:27+02:00
0,0,0,0,0,0,2020-07-19 17:05:42+02:00
0,0,0,0,0,0,2020-07-19 23:23:11+08:00
0,0,0,0,0,0,2020-07-19 18:03:09+02:00
0,0,0,0,0,0,2020-07-19 18:03:17+02:00
0,0,0,0,0,0,2020-07-19 18:03:25+02:00
0,0,0,0,0,0,2020-07-19 18:03:34+02:00
0,0,0,0,0,0,2020-07-19 18:03:41+02:00
0,0,0,0,0,0,2020-07-19 18:03:54+02:00
0,0,0,0,0,0,2020-07-19 18:04:13+02:00
0,0,0,0,0,0,2020-07-19 18:04:23+02:00
0,0,0,0,0,0,2020-07-19 18:04:29+02:00
0,0,0,0,0,0,2020-07-19 18:04:36+02:00
0,0,0,0,0,0,2020-07-19 18:04:48+02:00
0,0,0,0,0,0,2020-07-19 18:04:55+02:00
0,0,0,0,0,0,2020-07-19 18:05:02+02:00
0,0,0,0,0,0,2020-07-19 18:05:11+02:00
0,0,0,0,0,0,2020-07-19 18:05:42+02:00
0,0,0,0,0,0,2020-07-19 18:05:49+02:00
0,0,0,0,0,0,2020-07-19 18:05:59+02:00
0,0,0,0,0,0,2020-07-19 18:06:06+02:00
0,0,0,0,0,0,2020-07-19 18:06:13+02:00
0,0,0,0,0,0,2020-07-19 18:06:22+02:00
0,0,0,0,0,0,2020-07-19 18:06:30+02:00
0,0,0,0,0,0,2020-07-19 18:06:36+02:00
0,0,0,0,0,0,2020-07-19 18:06:43+02:00
0,0,0,0,0,0,2020-07-19 18:06:49+02:00
0,0,0,0,0,0,2020-07-19 18:06:58+02:00
0,0,0,0,0,0,2020-07-19 18:07:05+02:00
0,0,0,0,0,0,2020-07-19 18:07:12+02:00
0,0,0,0,0,0,2020-07-19 18:07:19+02:00
0,0,0,0,0,0,2020-07-19 18:07:25+02:00
0,0,0,0,0,0,2020-07-19 18:07:34+02:00
0,0,0,0,0,0,2020-07-19 18:07:43+02:00
0,0,0,0,0,0,2020-07-19 18:07:50+02:00
0,0,0,0,0,0,2020-07-19 18:07:56+02:00
0,0,0,0,0,0,2020-07-19 18:08:09+02:00
0,0,0,0,0,0,2020-07-19 18:08:24+02:00
0,0,0,0,0,0,2020-07-19 18:08:41+02:00
0,0,0,0,0,0,2020-07-19 18:09:06+02:00
0,0,0,0,0,0,2020-07-19 18:09:13+02:00
0,0,0,0,0,0,2020-07-19 18:09:20+02:00
0,0,0,0,0,0,2020-07-19 18:09:26+02:00
0,0,0,0,0,0,2020-07-19 18:09:36+02:00
0,0,0,0,0,0,2020-07-19 18:09:42+02:00
0,0,0,0,0,0,2020-07-19 18:09:49+02:00
0,0,0,0,0,0,2020-07-19 18:09:57+02:00
0,0,0,0,0,0,2020-07-19 18:10:04+02:00
0,0,0,0,0,0,2020-07-19 18:10:11+02:00
0,0,0,0,0,0,2020-07-19 18:10:19+02:00
0,0,0,0,0,0,2020-07-19 18:10:25+02:00
0,0,0,0,0,0,2020-07-19 18:10:32+02:00
0,0,0,0,0,0,2020-07-19 18:10:38+02:00
0,0,0,0,0,0,2020-07-19 18:10:48+02:00
0,0,0,0,0,0,2020-07-19 18:10:55+02:00
0,0,0,0,0,0,2020-07-19 18:11:02+02:00
0,0,0,0,0,0,2020-07-19 18:11:11+02:00
0,0,0,0,0,0,2020-07-19 18:11:18+02:00
0,0,0,0,0,0,2020-07-19 18:11:25+02:00
0,0,0,0,0,0,2020-07-19 18:11:33+02:00
0,0,0,0,0,0,2020-07-19 18:11:39+02:00
0,0,0,0,0,0,2020-07-19 18:11:46+02:00
0,0,0,0,0,0,2020-07-19 18:11:54+02:00
0,0,0,0,0,0,2020-07-19 18:12:03+02:00
0,0,0,0,0,0,2020-07-19 18:12:11+02:00
0,0,0,0,0,0,2020-07-19 18:12:19+02:00
0,0,0,0,0,0,2020-07-19 18:12:28+02:00
0,0,0,0,0,0,2020-07-19 18:12:38+02:00
0,0,0,0,0,0,2020-07-19 18:12:45+02:00
0,0,0,0,0,0,2020-07-19 18:12:53+02:00
0,0,0,0,0,0,2020-07-19 18:13:08+02:00
0,0,0,0,0,0,2020-07-19 18:13:16+02:00
0,0,0,0,0,0,2020-07-19 18:13:25+02:00
0,0,0,0,0,0,2020-07-19 18:13:37+02:00
0,0,0,0,0,0,2020-07-19 18:13:45+02:00
0,0,0,0,0,0,2020-07-19 18:13:55+02:00
0,0,0,0,0,0,2020-07-19 18:14:03+02:00
0,0,0,0,0,0,2020-07-19 18:14:13+02:00
0,0,0,0,0,0,2020-07-19 18:14:20+02:00
0,0,0,0,0,0,2020-07-19 18:14:30+02:00
0,0,0,0,0,0,2020-07-19 18:14:38+02:00
0,0,0,0,0,0,2020-07-19 18:14:45+02:00
0,0,0,0,0,0,2020-07-19 18:14:52+02:00
0,0,1,0,0,0,2020-07-20 23:00:45+02:00
0,0,1,0,0,0,2020-07-20 23:01:03+02:00
0,0,1,0,1,0,2020-07-20 23:01:17+02:00
0,0,0,0,0,0,2020-07-20 23:04:39+02:00
0,0,0,0,0,0,2020-07-20 23:05:16+02:00
0,0,0,0,0,0,2020-07-20 23:05:37+02:00
0,0,0,0,0,0,2020-07-20 23:06:26+02:00
0,0,0,0,0,0,2020-07-20 23:08:34+02:00
0,0,0,0,0,0,2020-07-20 23:09:43+02:00
0,0,0,0,0,0,2020-07-20 23:10:58+02:00
0,0,0,0,0,0,2020-07-20 23:11:23+02:00
0,0,0,0,0,0,2020-07-20 23:13:00+02:00
0,0,0,0,0,0,2020-07-20 23:31:57+02:00
0,0,1,0,0,0,2020-07-20 23:34:57+02:00
0,0,0,0,0,0,2020-07-20 23:38:25+02:00
0,0,0,0,0,0,2020-07-20 23:39:59+02:00
0,0,0,0,0,0,2020-07-20 23:40:42+02:00
0,0,0,0,0,0,2020-07-20 23:42:35+02:00
0,0,0,0,0,0,2020-07-20 23:43:58+02:00
0,0,0,0,0,0,2020-07-21 20:10:34+02:00
1,2,0,0,1,1,2020-07-21 20:12:28+02:00
0,0,0,0,0,0,2020-07-21 20:13:01+02:00
0,0,0,0,0,0,2020-07-22 22:56:23+02:00
0,0,0,0,0,0,2020-07-23 22:39:49+08:00
0,0,0,0,0,0,2020-07-23 22:40:14+08:00
0,0,0,0,0,0,2020-07-23 22:40:24+08:00
0,0,0,0,0,0,2020-07-23 22:42:46+08:00
0,0,0,0,0,0,2020-07-25 11:53:39+02:00
0,0,0,0,0,0,2020-07-25 11:54:11+02:00
0,0,0,0,0,0,2020-07-25 11:55:09+02:00
0,0,0,0,0,0,2020-07-25 11:57:41+02:00
0,0,0,0,0,0,2020-07-25 11:58:32+02:00
0,0,0,0,0,0,2020-07-25 11:59:07+02:00
0,0,0,0,0,0,2020-07-25 11:59:17+02:00
0,0,0,0,0,0,2020-07-25 11:59:24+02:00
0,0,0,0,0,0,2020-07-25 12:00:06+02:00
0,0,0,0,0,0,2020-07-25 12:00:35+02:00
0,0,0,0,0,0,2020-07-25 12:04:53+02:00
0,0,0,0,0,0,2020-07-25 17:24:21+02:00
0,0,0,0,0,0,2020-07-25 18:07:44+02:00
0,0,0,0,0,0,2020-12-04 13:16:41+01:00
0,0,0,0,0,0,2020-12-04 13:23:36+01:00
0,0,0,0,0,0,2020-12-04 13:25:23+01:00
0,0,0,0,0,0,2020-12-04 13:28:46+01:00
0,0,0,0,0,0,2020-12-04 13:49:27+01:00
0,0,0,0,0,0,2020-12-04 13:51:43+01:00
0,0,0,0,0,0,2020-12-04 13:53:34+01:00
0,0,0,0,0,0,2020-12-04 13:57:21+01:00
0,0,0,0,0,0,2020-12-04 14:00:31+01:00
0,0,0,0,0,0,2020-12-04 14:02:48+01:00
0,0,0,0,0,0,2020-12-04 14:10:47+01:00
0,0,0,0,0,0,2020-12-04 14:20:57+01:00
0,0,0,0,0,0,2020-12-04 14:30:44+01:00
0,0,0,0,0,0,2020-12-04 14:31:58+01:00
0,0,0,0,0,0,2020-12-04 14:43:03+01:00
0,0,0,0,0,0,2020-12-04 14:46:27+01:00
0,0,0,0,0,0,2020-12-04 14:47:22+01:00
0,0,0,0,0,0,2020-12-04 14:51:44+01:00
0,0,0,0,0,0,2020-12-04 14:52:20+01:00
0,0,0,0,0,0,2020-12-04 14:54:03+01:00
0,0,0,0,0,0,2020-12-09 13:40:18+01:00
0,0,0,0,0,0,2020-12-09 13:42:38+01:00
0,0,0,0,0,0,2020-12-09 14:13:00+01:00
0,0,0,0,0,0,2021-02-20 21:20:11+01:00
0,0,0,0,0,0,2021-02-20 21:24:45+01:00
0,0,0,0,0,0,2021-02-20 21:43:10+01:00
0,0,0,0,0,0,2021-02-20 21:54:36+01:00
0,0,0,0,0,0,2021-02-20 22:44:29+01:00
0,0,0,0,0,0,2021-02-20 22:45:34+01:00
0,0,0,0,0,0,2021-03-03 00:32:34+01:00
0,0,0,0,0,0,2021-03-03 00:34:32+01:00
0,0,0,0,0,0,2021-03-03 00:35:13+01:00
0,0,0,0,0,0,2021-03-03 00:35:56+01:00
0,0,0,0,0,0,2021-03-03 02:06:31+01:00
0,0,0,0,0,0,2021-03-03 02:26:03+01:00
0,0,0,0,0,0,2021-03-03 02:37:12+01:00
0,0,0,0,0,0,2021-03-03 02:39:05+01:00
0,0,0,0,0,0,2021-03-03 02:42:40+01:00
0,0,0,0,0,0,2021-03-03 02:43:45+01:00
0,0,0,0,0,0,2021-03-03 02:45:51+01:00
0,0,0,0,0,0,2021-03-10 00:59:27+01:00
0,0,0,0,0,0,2021-03-10 01:01:54+01:00
0,0,0,0,0,0,2021-03-10 01:15:01+01:00
0,0,0,0,0,0,2021-03-10 01:21:25+01:00
0,0,0,0,0,0,2021-03-10 01:23:52+01:00
0,0,0,0,0,0,2021-04-23 01:10:53+02:00
0,0,0,0,0,0,2021-04-23 01:12:08+02:00
0,0,0,0,0,0,2021-04-23 01:12:47+02:00
