Acquisition,Preparation,Modeling,Training,Evaluation,Prediction,time
5,4,0,0,0,0,2020-02-25 18:22:11-07:00
2,1,0,0,0,0,2020-02-26 10:49:09-07:00
2,1,0,0,0,0,2020-02-28 12:41:20-07:00
0,0,0,0,0,0,2020-02-26 10:50:52-07:00
0,0,0,0,0,0,2020-02-28 13:00:22-07:00
5,4,0,0,0,0,2020-03-03 14:07:32-07:00
2,1,0,0,0,0,2020-03-03 14:50:06-07:00
2,2,0,0,0,0,2020-03-04 14:29:32-07:00
2,1,0,0,0,0,2020-03-05 12:35:13-07:00
2,2,0,0,0,0,2020-03-19 16:38:27-06:00
0,0,0,0,0,0,2020-03-19 17:48:19-06:00
0,0,0,0,0,0,2020-03-19 17:50:02-06:00
0,0,0,0,0,0,2020-03-19 17:50:46-06:00
1,2,0,0,0,1,2020-03-27 18:16:25-06:00
0,0,0,0,0,0,2020-03-28 13:34:19-06:00
1,1,0,0,0,0,2020-03-30 10:21:15-06:00
0,0,0,0,0,0,2020-03-30 10:21:28-06:00
0,1,0,0,0,1,2020-03-30 10:30:54-06:00
0,1,0,0,0,0,2020-04-01 10:56:45-06:00
0,1,0,0,0,0,2020-04-02 10:24:59-06:00
1,0,0,0,0,0,2020-04-02 10:32:29-06:00
0,0,0,0,0,0,2020-04-02 10:33:30-06:00
0,0,0,0,0,0,2020-04-02 10:37:03-06:00
0,0,0,0,0,0,2020-04-02 10:41:26-06:00
0,0,0,0,0,0,2020-04-02 10:42:08-06:00
0,1,0,0,0,0,2020-04-03 14:23:17-06:00
1,0,0,0,0,0,2020-04-03 16:32:49-06:00
1,1,0,0,0,0,2020-04-07 11:13:36-06:00
2,1,0,0,0,0,2020-04-07 13:49:40-06:00
0,1,0,0,0,1,2020-04-07 16:13:25-06:00
0,1,0,0,0,1,2020-04-07 16:35:01-06:00
0,0,0,0,0,0,2020-04-07 16:52:27-06:00
0,0,0,0,0,0,2020-04-14 16:24:58-06:00
0,1,0,0,0,0,2020-04-14 16:25:26-06:00
1,0,0,0,0,0,2020-04-14 16:26:13-06:00
1,0,0,0,0,0,2020-04-14 16:27:27-06:00
2,4,1,0,1,0,2020-04-14 16:28:58-06:00
0,0,0,0,0,0,2020-04-14 16:29:39-06:00
0,0,0,0,0,0,2020-04-14 16:30:08-06:00
0,0,0,0,0,0,2020-04-14 16:31:08-06:00
0,0,0,0,0,0,2020-04-14 16:35:56-06:00
0,0,0,0,0,0,2020-04-14 16:37:33-06:00
0,0,0,0,0,0,2020-04-14 16:41:40-06:00
0,0,0,0,0,0,2020-04-14 17:46:07-06:00
1,2,0,0,0,1,2020-04-15 17:00:48-06:00
0,0,0,0,0,0,2020-04-15 17:31:08-06:00
0,0,0,0,0,0,2020-04-16 16:07:08-06:00
1,1,0,0,0,1,2020-04-16 16:07:54-06:00
0,1,0,0,0,0,2020-04-16 16:19:05-06:00
0,0,0,0,0,0,2020-04-16 18:45:47-06:00
1,1,0,0,0,1,2020-04-16 18:48:00-06:00
0,0,0,0,0,0,2020-04-16 18:48:59-06:00
0,0,0,0,0,0,2020-04-16 18:49:06-06:00
0,0,0,0,0,0,2020-04-17 11:05:57-06:00
0,0,0,0,0,0,2020-04-17 13:18:40-06:00
0,0,0,0,0,0,2020-04-17 19:19:14+00:00
0,0,0,0,0,0,2020-04-17 19:19:16+00:00
0,0,0,0,0,0,2020-04-17 13:39:44-06:00
0,0,0,0,0,0,2020-04-17 13:39:55-06:00
1,1,0,0,0,1,2020-04-18 02:17:59-06:00
0,0,0,0,0,0,2020-04-18 06:53:44-06:00
0,1,0,0,0,0,2020-04-23 19:01:38-06:00
0,0,0,0,0,0,2020-04-23 20:32:02-06:00
