Acquisition,Preparation,Modeling,Training,Evaluation,Prediction,time
5,5,0,2,1,2,2017-05-16 19:45:42-04:00
0,0,0,0,0,0,2017-05-16 19:46:32-04:00
1,1,0,0,0,0,2017-05-16 21:18:56-04:00
0,0,0,0,0,0,2017-05-16 21:19:36-04:00
5,4,0,0,0,0,2017-05-24 17:06:04-04:00
2,1,0,0,0,0,2017-05-31 18:05:38-04:00
2,1,0,0,0,0,2017-05-31 18:10:34-04:00
1,0,0,0,0,0,2017-05-31 18:12:32-04:00
6,7,1,5,1,4,2017-10-23 16:18:45-04:00
0,0,0,0,0,0,2017-10-23 16:36:28-04:00
0,5,0,3,0,3,2017-10-30 16:13:54-04:00
0,2,0,2,0,2,2017-11-01 13:01:04-04:00
1,2,0,1,1,1,2017-11-02 10:02:32-04:00
1,0,0,1,0,1,2017-11-02 14:10:28-04:00
0,0,0,0,0,0,2017-11-03 12:26:58-04:00
1,2,1,2,0,3,2017-11-08 14:44:11-05:00
0,0,0,0,0,0,2017-11-08 14:51:28-05:00
0,1,1,1,0,1,2017-11-08 15:00:49-05:00
0,2,1,2,0,2,2017-11-08 17:13:11-05:00
0,0,0,1,0,1,2017-11-09 11:32:04-05:00
0,2,1,3,0,3,2017-11-09 16:43:35-05:00
1,1,1,2,0,2,2017-11-20 15:44:24-05:00
0,3,1,2,0,3,2017-11-21 15:49:34-05:00
0,1,0,0,0,1,2017-11-23 16:48:38-05:00
0,1,0,0,0,0,2017-11-24 15:09:32-05:00
0,0,0,0,0,0,2017-11-24 16:00:11-05:00
0,1,0,0,0,0,2017-11-27 11:48:37-05:00
0,1,0,0,0,0,2017-11-27 16:18:18-05:00
0,0,0,0,0,0,2017-11-28 15:46:44-05:00
1,0,0,1,0,1,2017-11-28 19:26:57-05:00
1,5,1,3,0,3,2017-12-05 16:29:11-05:00
0,1,1,1,0,1,2017-12-07 16:04:50-05:00
0,1,0,0,0,0,2017-12-07 16:18:07-05:00
0,1,1,1,0,1,2017-12-12 12:50:59-05:00
1,1,0,0,0,0,2017-12-13 18:06:41-05:00
2,1,0,0,0,0,2017-12-14 19:48:12-05:00
0,1,1,1,0,1,2017-12-20 13:06:26-05:00
0,1,1,1,0,1,2017-12-20 14:26:04-05:00
0,1,1,1,0,1,2018-01-08 16:15:02-05:00
0,1,1,1,0,1,2018-01-09 16:30:16-05:00
0,0,0,0,0,0,2018-01-09 16:30:20-05:00
0,1,0,0,0,1,2018-01-10 10:34:48-05:00
0,1,1,1,0,1,2018-01-10 11:14:24-05:00
0,1,0,0,0,1,2018-01-10 13:07:46-05:00
0,1,0,0,0,1,2018-01-10 14:16:16-05:00
1,2,1,1,0,1,2018-01-10 15:40:44-05:00
2,1,0,0,0,0,2018-01-10 15:53:14-05:00
0,1,1,1,0,1,2018-01-10 16:44:16-05:00
1,1,0,0,0,0,2018-01-12 15:22:33-05:00
2,1,0,0,0,0,2018-01-18 10:01:19-05:00
0,1,1,1,0,1,2018-01-30 16:07:06-05:00
0,1,1,1,0,1,2018-01-31 11:44:16-05:00
0,1,1,1,0,1,2018-01-31 15:38:38-05:00
0,1,1,1,0,1,2018-01-31 15:40:22-05:00
0,1,1,1,0,1,2018-01-31 15:46:43-05:00
0,1,1,1,0,1,2018-02-12 14:37:39-05:00
0,2,0,0,0,0,2018-02-13 13:43:53-05:00
1,1,0,0,0,0,2018-02-13 15:34:59-05:00
0,1,1,1,0,1,2018-02-27 12:44:34-05:00
0,1,0,0,0,0,2018-02-28 14:22:31-05:00
1,2,0,0,0,0,2018-03-01 14:27:14-05:00
0,1,0,0,0,0,2018-03-06 13:50:26-05:00
0,1,0,1,0,1,2018-03-06 16:26:14-05:00
0,1,0,1,0,1,2018-03-07 16:09:40-05:00
0,1,0,0,0,0,2018-03-28 14:32:44-04:00
0,0,0,0,0,0,2018-04-03 10:52:20-04:00
0,1,0,0,0,0,2018-04-09 11:56:05-04:00
0,0,0,0,0,0,2018-04-09 11:56:17-04:00
