Acquisition,Preparation,Modeling,Training,Evaluation,Prediction,time
4,2,0,0,0,0,2020-11-06 13:23:11-08:00
2,2,0,0,2,0,2020-11-06 14:32:47-08:00
3,3,2,2,1,0,2020-11-09 09:51:53-08:00
3,3,2,2,0,2,2020-11-09 16:17:26-08:00
0,2,2,2,0,2,2020-11-09 18:36:00-08:00
0,2,2,2,2,2,2020-11-10 12:10:03-08:00
2,3,1,1,1,1,2020-11-13 11:08:13-08:00
4,6,4,4,4,3,2020-11-16 15:15:53-08:00
2,4,4,4,4,4,2020-11-16 16:34:35-08:00
1,3,3,3,3,3,2020-11-17 11:22:13-08:00
6,7,7,5,5,5,2020-11-20 11:43:44-08:00
2,4,4,4,4,4,2020-11-23 10:29:45-08:00
6,6,6,4,4,4,2020-11-23 14:40:45-08:00
2,4,4,4,4,4,2020-11-23 16:08:47-08:00
1,2,2,2,2,2,2020-11-24 10:44:50-08:00
0,0,0,0,0,0,2020-11-24 10:50:02-08:00
0,0,0,0,0,0,2020-11-27 08:07:22-08:00
0,0,0,0,0,0,2020-11-27 08:17:19-08:00
1,2,2,2,2,2,2020-11-30 12:56:41-08:00
1,1,1,1,1,1,2020-11-30 15:43:47-08:00
2,4,4,4,4,4,2020-11-30 16:23:49-08:00
2,3,3,3,3,3,2020-12-01 12:43:13-08:00
2,2,2,2,2,2,2020-12-01 12:45:12-08:00
2,2,2,2,2,2,2020-12-02 12:56:31-08:00
2,3,3,3,3,3,2020-12-02 15:39:55-08:00
2,2,2,2,2,2,2020-12-03 16:40:43-08:00
2,4,4,4,4,4,2020-12-04 15:28:08-08:00
0,0,0,0,0,0,2020-12-04 15:30:39-08:00
0,0,0,0,0,0,2020-12-14 14:07:44-08:00
0,2,2,2,2,2,2020-12-14 14:17:57-08:00
0,0,0,0,0,0,2020-12-14 14:23:15-08:00
0,0,0,0,0,0,2020-12-15 09:29:56-08:00
0,0,0,0,0,0,2020-12-16 09:19:17-08:00
2,4,4,4,4,4,2020-12-16 09:20:06-08:00
4,7,6,6,6,7,2020-12-16 14:59:01-08:00
2,3,2,2,2,3,2020-12-16 15:32:21-08:00
1,1,0,1,1,1,2020-12-18 07:42:09-08:00
0,0,0,0,0,0,2020-12-18 07:42:49-08:00
0,0,0,0,0,0,2020-12-18 07:45:28-08:00
0,0,0,0,0,0,2020-12-18 09:40:47-08:00
3,6,1,3,3,4,2020-12-18 11:25:45-08:00
2,5,1,2,2,2,2020-12-18 11:48:44-08:00
0,0,0,0,0,0,2020-12-18 11:52:34-08:00
6,11,3,6,5,6,2020-12-28 11:00:05-08:00
0,0,0,0,0,0,2020-12-30 12:58:27-08:00
0,0,0,0,0,0,2020-12-30 13:03:46-08:00
0,0,0,0,0,0,2020-12-31 09:59:10-08:00
0,0,0,0,0,0,2020-12-31 10:11:22-08:00
0,0,0,0,0,0,2020-12-31 10:23:09-08:00
0,0,0,0,0,0,2020-12-31 10:25:47-08:00
0,0,0,0,0,0,2020-12-31 10:27:56-08:00
0,0,0,0,0,0,2020-12-31 10:31:06-08:00
0,0,0,0,0,0,2020-12-31 10:46:02-08:00
0,0,0,0,0,0,2020-12-31 10:46:32-08:00
0,0,0,0,0,0,2020-12-31 10:50:27-08:00
0,0,0,0,0,0,2020-12-31 10:54:04-08:00
0,0,0,0,0,0,2020-12-31 10:57:00-08:00
2,4,1,2,1,2,2020-12-31 11:04:54-08:00
0,0,0,0,0,0,2020-12-31 11:07:59-08:00
0,0,0,0,0,0,2020-12-31 11:10:15-08:00
1,1,0,0,0,0,2020-12-31 11:42:58-08:00
0,0,0,0,0,0,2020-12-31 11:56:35-08:00
0,0,0,0,0,0,2020-12-31 11:57:22-08:00
1,1,0,0,0,0,2020-12-31 12:09:36-08:00
0,0,0,0,0,0,2020-12-31 12:14:42-08:00
0,0,0,0,0,0,2020-12-31 12:17:12-08:00
0,0,0,0,0,0,2020-12-31 12:17:48-08:00
0,0,0,0,0,0,2020-12-31 12:18:35-08:00
0,1,0,0,0,0,2020-12-31 12:21:43-08:00
0,0,0,0,0,0,2020-12-31 12:24:46-08:00
0,0,0,0,0,0,2020-12-31 12:27:23-08:00
0,0,0,0,0,0,2020-12-31 12:30:16-08:00
3,5,3,3,4,3,2020-12-31 14:52:11-08:00
0,0,0,0,0,0,2020-12-31 14:58:49-08:00
3,5,3,3,4,3,2021-01-01 08:46:24-08:00
0,0,0,0,0,0,2021-01-01 10:29:09-08:00
0,0,0,0,0,0,2021-01-01 10:29:50-08:00
0,0,0,0,0,0,2021-01-01 10:43:31-08:00
0,0,0,0,0,0,2021-01-01 10:56:24-08:00
1,1,0,0,0,0,2021-01-01 11:18:30-08:00
0,0,0,0,0,0,2021-01-01 11:26:17-08:00
0,1,0,1,1,1,2021-01-01 11:30:45-08:00
0,1,0,1,1,1,2021-01-01 11:34:16-08:00
0,1,0,1,1,1,2021-01-01 11:37:59-08:00
0,0,0,0,0,0,2021-01-01 12:03:19-08:00
0,0,0,0,0,0,2021-01-01 12:05:11-08:00
0,0,0,0,0,0,2021-01-01 12:08:02-08:00
0,0,0,0,0,0,2021-01-01 12:10:02-08:00
0,0,0,0,0,0,2021-01-01 12:12:20-08:00
0,0,0,0,0,0,2021-01-01 12:12:57-08:00
0,0,0,0,0,0,2021-01-04 11:25:14-08:00
