Acquisition,Preparation,Modeling,Training,Evaluation,Prediction,time
0,0,0,0,0,0,2016-05-19 16:30:01+01:00
0,0,0,0,0,0,2016-05-19 16:35:05+01:00
0,0,0,0,0,0,2016-05-19 16:54:52+01:00
0,0,0,0,0,0,2016-05-19 17:01:09+01:00
0,0,0,0,0,0,2016-05-19 17:10:03+01:00
0,0,0,0,0,0,2016-05-19 17:14:50+01:00
0,0,0,0,0,0,2016-05-19 17:39:05+01:00
0,0,0,0,0,0,2016-05-20 15:55:36+01:00
0,0,0,0,0,0,2016-05-20 17:01:23+01:00
0,0,0,0,0,0,2016-05-20 17:27:08+01:00
0,0,0,0,0,0,2016-05-20 17:29:24+01:00
0,0,0,0,0,0,2016-05-20 17:27:54+01:00
0,0,0,0,0,0,2016-05-25 17:25:56+01:00
0,0,0,0,0,0,2016-05-25 22:23:05+01:00
0,0,0,0,0,0,2016-05-26 12:18:11+01:00
0,0,0,0,0,0,2016-05-26 21:23:30+01:00
0,0,0,0,0,0,2016-05-27 17:03:02+01:00
0,0,0,0,0,0,2016-05-30 17:36:03+01:00
0,0,0,0,0,0,2016-05-31 16:33:43+01:00
0,0,0,0,0,0,2016-05-31 17:05:15+01:00
0,0,0,0,0,0,2016-05-31 17:09:17+01:00
0,0,0,0,0,0,2016-06-01 12:14:48+01:00
0,0,0,0,0,0,2016-06-01 12:20:40+01:00
0,0,0,0,0,0,2016-06-01 16:27:47+01:00
0,0,0,0,0,0,2016-06-03 13:11:11+01:00
0,0,0,0,0,0,2016-06-07 11:02:25+01:00
0,0,0,0,0,0,2016-06-07 11:04:52+01:00
0,0,0,0,0,0,2016-06-07 11:07:28+01:00
0,1,0,1,0,0,2016-06-07 14:30:48+01:00
0,0,0,0,0,0,2016-06-07 16:05:51+01:00
0,0,0,0,0,0,2016-06-07 16:06:14+01:00
0,0,0,0,0,0,2016-06-07 16:28:41+01:00
0,0,0,0,0,0,2016-06-07 16:52:28+01:00
0,0,0,0,0,0,2016-06-07 16:55:40+01:00
0,0,0,0,0,0,2016-06-07 17:00:10+01:00
0,0,0,0,0,0,2016-06-07 17:00:29+01:00
0,0,0,0,0,0,2016-06-07 17:15:13+01:00
0,0,0,0,0,0,2016-06-07 17:17:59+01:00
0,0,0,0,0,0,2016-06-07 17:28:33+01:00
0,0,0,0,0,0,2016-06-07 17:29:55+01:00
0,0,0,0,0,0,2016-06-07 17:48:26+01:00
0,0,0,0,0,0,2016-06-09 15:16:51+01:00
0,0,0,0,0,0,2016-06-09 15:31:33+01:00
0,0,0,0,0,0,2016-06-09 15:50:33+01:00
0,0,0,0,0,0,2016-06-09 18:09:06+01:00
0,0,0,0,0,0,2016-06-09 19:32:24+01:00
0,0,0,0,0,0,2016-06-09 19:45:48+01:00
0,0,0,0,0,0,2016-06-10 10:50:37+00:00
0,0,0,0,0,0,2016-06-10 10:50:51+00:00
0,0,0,0,0,0,2016-06-10 10:56:28+00:00
0,0,0,0,0,0,2016-06-10 16:10:38+00:00
0,0,0,0,0,0,2016-06-13 16:27:05+01:00
0,0,0,0,0,0,2016-06-13 16:36:12+01:00
0,0,0,0,0,0,2016-06-13 16:39:58+01:00
0,0,0,0,0,0,2016-06-13 16:53:30+01:00
0,0,0,0,0,0,2016-06-13 17:40:40+01:00
0,0,0,0,0,0,2016-06-13 17:45:21+01:00
0,0,0,0,0,0,2016-06-13 17:50:46+01:00
0,0,0,0,0,0,2016-06-13 17:51:09+01:00
0,0,0,0,0,0,2016-06-14 00:17:12+01:00
0,0,0,0,0,0,2016-06-14 00:57:15+01:00
0,0,0,0,0,0,2016-06-14 17:44:51+01:00
0,0,0,0,0,0,2016-06-14 17:45:54+01:00
0,0,0,0,0,0,2016-06-15 14:20:47+01:00
0,0,0,0,0,0,2016-06-15 14:27:51+01:00
0,1,0,0,0,0,2016-06-16 11:45:03+01:00
0,0,0,0,0,0,2016-06-16 16:47:16+01:00
0,0,0,0,0,0,2016-06-16 16:48:12+01:00
0,0,0,0,0,0,2016-06-17 13:22:58+01:00
0,0,0,0,0,0,2016-06-17 13:36:24+01:00
0,0,0,0,0,0,2016-06-18 11:45:27+01:00
0,0,0,0,0,0,2016-06-18 11:50:22+01:00
0,0,0,0,0,0,2016-06-18 15:30:06+01:00
0,0,0,0,0,0,2016-06-19 01:13:41+01:00
0,0,0,0,0,0,2016-06-19 01:55:34+01:00
0,0,0,0,0,0,2016-06-18 15:30:06+01:00
0,0,0,0,0,0,2016-06-19 02:34:26+01:00
0,0,0,0,0,0,2016-06-19 02:40:05+01:00
0,0,0,0,0,0,2016-06-19 02:47:38+01:00
0,0,0,0,0,0,2016-06-19 03:18:37+01:00
0,0,0,0,0,0,2016-06-19 03:18:37+01:00
0,0,0,0,0,0,2016-06-19 09:58:01+01:00
0,0,0,0,0,0,2016-06-19 10:06:34+01:00
0,0,0,0,0,0,2016-06-19 11:06:56+01:00
0,0,0,0,0,0,2016-06-19 12:54:49+01:00
0,0,0,0,0,0,2016-06-19 14:03:05+01:00
0,0,0,0,0,0,2016-06-19 18:26:16+01:00
0,0,0,0,0,0,2016-06-19 20:30:37+01:00
0,0,0,0,0,0,2016-06-19 21:47:45+01:00
0,1,0,0,0,0,2016-06-19 22:11:23+01:00
0,0,0,0,0,0,2016-06-20 04:32:31+01:00
0,0,0,0,0,0,2016-06-20 11:33:22+01:00
0,0,0,0,0,0,2016-06-20 11:53:16+01:00
0,0,0,0,0,0,2016-06-20 13:09:37+01:00
0,0,0,0,0,0,2016-06-20 14:08:53+01:00
0,0,0,0,0,0,2016-06-20 16:17:33+01:00
0,0,0,0,0,0,2016-06-20 18:00:56+01:00
0,0,0,0,0,0,2016-06-20 20:24:25+01:00
0,0,0,0,0,0,2016-06-20 20:24:41+01:00
0,0,0,0,0,0,2016-06-21 01:57:29+01:00
0,0,0,0,0,0,2016-06-21 02:34:13+01:00
0,0,0,0,0,0,2016-06-21 11:56:08+01:00
0,0,0,0,0,0,2016-06-23 19:22:16+01:00
0,0,0,0,0,0,2016-06-28 16:10:43+01:00
0,0,0,0,0,0,2016-06-28 17:09:29+01:00
0,0,0,0,0,0,2016-06-28 17:11:29+01:00
0,0,0,0,0,0,2016-06-29 21:18:47+01:00
0,0,0,0,0,0,2016-06-29 21:18:54+01:00
0,0,0,0,0,0,2016-06-30 01:32:20+01:00
0,0,0,0,0,0,2016-06-30 13:34:34+01:00
0,0,0,0,0,0,2016-06-30 17:36:18+01:00
0,0,0,0,0,0,2016-06-30 17:36:23+01:00
0,0,0,0,0,0,2016-07-01 13:02:34+01:00
0,0,0,0,0,0,2016-07-01 13:54:33+01:00
0,0,0,0,0,0,2016-07-03 16:30:39+01:00
0,0,0,0,0,0,2016-07-03 17:13:29+01:00
0,0,0,0,0,0,2016-07-03 17:42:34+01:00
0,0,0,0,0,0,2016-07-03 17:56:33+01:00
0,0,0,0,0,0,2016-07-04 17:19:24+01:00
0,0,0,0,0,0,2016-07-04 17:24:24+01:00
0,0,0,0,0,0,2016-07-05 16:37:20+01:00
0,1,0,0,0,0,2016-07-06 11:06:49+01:00
0,0,0,0,0,0,2016-07-06 14:07:22+01:00
0,0,0,0,0,0,2016-07-06 14:07:27+01:00
0,0,0,0,0,0,2016-07-06 16:22:13+01:00
0,0,0,0,0,0,2016-07-06 16:38:42+01:00
0,0,0,0,0,0,2016-07-06 16:39:07+01:00
0,0,0,0,0,0,2016-07-06 23:34:55+01:00
0,0,0,0,0,0,2016-07-08 01:17:18+01:00
0,0,0,0,0,0,2016-07-08 06:46:07+01:00
0,0,0,0,0,0,2016-07-08 12:18:43+01:00
0,0,0,0,0,0,2016-07-08 18:28:46+01:00
0,0,0,0,0,0,2016-07-08 18:28:52+01:00
0,0,0,0,0,0,2016-07-10 20:27:47+01:00
0,1,0,1,0,0,2016-07-11 16:07:25+01:00
0,1,0,0,0,0,2016-07-11 18:20:21+01:00
0,1,0,1,0,0,2016-07-11 18:30:35+01:00
0,0,0,0,0,0,2016-07-11 18:47:18+01:00
0,0,0,0,0,0,2016-07-11 19:42:53+01:00
0,0,0,0,0,0,2016-07-11 19:46:19+01:00
0,1,0,1,0,0,2016-07-11 22:40:38+01:00
0,0,0,0,0,0,2016-07-11 22:48:22+01:00
0,0,0,0,0,0,2016-07-12 19:58:03+01:00
0,0,0,0,0,0,2016-07-12 20:28:17+01:00
0,0,0,0,0,0,2016-07-13 00:46:13+01:00
0,0,0,0,0,0,2016-07-13 12:03:01+01:00
0,0,0,0,0,0,2016-07-13 12:03:51+01:00
0,0,0,0,0,0,2016-07-13 12:37:49+01:00
0,0,0,0,0,0,2016-07-13 12:52:30+01:00
0,0,0,0,0,0,2016-07-13 13:56:36+01:00
0,0,0,0,0,0,2016-07-14 13:44:48+01:00
0,0,0,0,0,0,2016-07-14 13:54:15+01:00
0,0,0,0,0,0,2016-07-14 13:55:26+01:00
0,0,0,0,0,0,2016-07-14 13:57:40+01:00
0,0,0,0,0,0,2016-07-14 14:16:54+01:00
0,0,0,0,0,0,2016-07-14 15:21:41+01:00
0,0,0,0,0,0,2016-07-17 00:30:50+01:00
0,1,0,0,0,0,2016-07-17 00:34:24+01:00
0,0,0,0,0,0,2016-07-18 13:07:07+01:00
0,2,0,2,0,0,2016-07-18 14:41:21+01:00
0,5,0,5,0,0,2016-07-18 22:24:09+01:00
0,2,0,2,0,0,2016-07-19 00:02:45+01:00
0,1,0,1,0,0,2016-07-19 11:24:30+01:00
0,0,0,0,0,0,2016-07-19 11:25:00+01:00
0,1,0,1,0,0,2016-07-19 12:45:37+01:00
0,0,0,0,0,0,2016-07-19 13:00:08+01:00
0,0,0,0,0,0,2016-07-19 16:53:32+01:00
0,0,0,0,0,0,2016-07-19 17:13:54+01:00
0,0,0,0,0,0,2016-07-19 17:18:09+01:00
0,0,0,0,0,0,2016-07-19 18:00:06+01:00
0,0,0,0,0,0,2016-07-19 20:44:16+01:00
0,0,0,0,0,0,2016-07-19 21:05:25+01:00
0,0,0,0,0,0,2016-07-19 21:08:39+01:00
0,0,0,0,0,0,2016-07-19 21:11:55+01:00
0,0,0,0,0,0,2016-07-19 21:20:52+01:00
0,0,0,0,0,0,2016-07-21 15:57:42+01:00
0,0,0,0,0,0,2016-07-21 16:00:17+01:00
0,0,0,0,0,0,2016-07-21 16:04:12+01:00
0,1,0,1,0,0,2016-07-21 17:03:10+01:00
0,0,0,0,0,0,2016-07-21 17:06:08+01:00
0,0,0,0,0,0,2016-07-21 17:06:33+01:00
0,0,0,0,0,0,2016-07-21 17:49:39+01:00
0,0,0,0,0,0,2016-07-21 18:04:12+01:00
0,0,0,0,0,0,2016-07-21 18:05:09+01:00
0,0,0,0,0,0,2016-07-21 18:05:29+01:00
0,0,0,0,0,0,2016-07-21 18:13:44+01:00
0,1,0,1,0,0,2016-07-24 18:31:51+01:00
0,1,0,1,0,0,2016-07-24 18:46:31+01:00
0,1,0,1,0,0,2016-07-25 13:05:56+01:00
0,1,0,1,0,0,2016-07-25 15:48:44+01:00
0,0,0,0,0,0,2016-07-25 16:28:40+01:00
0,0,0,0,0,0,2016-07-25 16:28:44+01:00
0,0,0,0,0,0,2016-07-25 18:08:31+01:00
0,0,0,0,0,0,2016-07-25 19:47:36+01:00
0,0,0,0,0,0,2016-07-25 19:47:41+01:00
0,0,0,0,0,0,2016-07-25 19:52:21+01:00
0,0,0,0,0,0,2016-07-25 20:21:33+01:00
0,1,0,1,0,0,2016-07-26 13:45:18+01:00
0,1,0,1,0,0,2016-07-26 16:31:43+01:00
0,1,0,1,0,0,2016-07-26 16:40:42+01:00
0,1,0,1,0,0,2016-07-26 16:45:02+01:00
0,1,0,1,0,0,2016-07-26 16:48:24+01:00
0,1,0,1,0,0,2016-07-26 16:50:15+01:00
0,1,0,1,0,0,2016-07-26 16:52:25+01:00
0,1,0,1,0,0,2016-07-26 16:55:46+01:00
0,1,0,1,0,0,2016-07-26 17:00:42+01:00
0,0,0,0,0,0,2016-07-26 23:51:00+01:00
0,0,0,0,0,0,2016-07-27 15:12:06+01:00
0,0,0,0,0,0,2016-07-27 15:40:16+01:00
0,0,0,0,0,0,2016-07-27 15:49:25+01:00
0,1,0,1,0,0,2016-07-27 15:55:37+01:00
0,0,0,0,0,0,2016-07-27 15:58:00+01:00
0,1,0,1,0,0,2016-07-27 16:20:59+01:00
0,0,0,0,0,0,2016-07-27 16:22:14+01:00
0,0,0,0,0,0,2016-07-27 16:24:37+01:00
0,0,0,0,0,0,2016-07-27 16:38:45+01:00
0,1,0,1,0,0,2016-07-27 16:43:34+01:00
0,0,0,0,0,0,2016-07-27 16:43:42+01:00
0,0,0,0,0,0,2016-07-27 16:45:03+01:00
0,1,0,1,0,0,2016-07-27 16:48:14+01:00
0,1,0,1,0,0,2016-07-27 17:00:32+01:00
0,0,0,0,0,0,2016-07-27 17:10:04+01:00
0,1,0,1,0,0,2016-07-27 17:14:51+01:00
0,1,0,1,0,0,2016-07-27 17:21:25+01:00
0,0,0,0,0,0,2016-07-27 17:34:16+01:00
0,0,0,0,0,0,2016-07-27 17:34:22+01:00
0,0,0,0,0,0,2016-07-27 17:54:35+01:00
0,0,0,0,0,0,2016-07-27 18:19:45+01:00
0,0,0,0,0,0,2016-07-28 00:49:26+01:00
0,0,0,0,0,0,2016-07-28 01:01:53+01:00
0,0,0,0,0,0,2016-07-28 01:12:27+01:00
0,0,0,0,0,0,2016-07-28 03:30:53+01:00
0,0,0,0,0,0,2016-07-28 03:37:31+01:00
0,0,0,0,0,0,2016-07-28 14:15:58+01:00
0,0,0,0,0,0,2016-07-28 14:48:44+01:00
0,0,0,0,0,0,2016-07-28 14:48:50+01:00
0,0,0,0,0,0,2016-07-28 15:11:26+01:00
0,0,0,0,0,0,2016-07-28 15:25:55+01:00
0,0,0,0,0,0,2016-07-28 15:32:00+01:00
0,0,0,0,0,0,2016-07-28 15:58:07+01:00
0,0,0,0,0,0,2016-07-28 16:09:57+01:00
0,0,0,0,0,0,2016-07-28 16:14:49+01:00
0,0,0,0,0,0,2016-07-28 16:15:56+01:00
0,0,0,0,0,0,2016-07-28 16:28:14+01:00
0,0,0,0,0,0,2016-07-28 16:58:41+01:00
0,0,0,0,0,0,2016-07-28 16:58:48+01:00
0,0,0,0,0,0,2016-07-28 17:12:49+01:00
0,0,0,0,0,0,2016-07-28 17:12:56+01:00
0,0,0,0,0,0,2016-07-28 17:18:14+01:00
0,0,0,0,0,0,2016-07-28 17:23:09+01:00
0,0,0,0,0,0,2016-07-28 17:23:14+01:00
0,1,0,1,0,0,2016-07-29 12:05:31+01:00
0,1,0,1,0,0,2016-07-29 12:07:40+01:00
0,1,0,1,0,0,2016-07-29 12:10:49+01:00
0,1,0,1,0,0,2016-07-29 12:15:24+01:00
0,1,0,1,0,0,2016-07-29 12:18:22+01:00
0,0,0,0,0,0,2016-07-29 14:59:01+01:00
0,0,0,0,0,0,2016-07-29 14:59:05+01:00
0,0,0,0,0,0,2016-07-29 15:09:53+01:00
0,0,0,0,0,0,2016-07-29 15:16:44+01:00
0,0,0,0,0,0,2016-07-29 15:38:40+01:00
0,0,0,0,0,0,2016-07-29 15:38:46+01:00
0,1,0,1,0,0,2016-07-29 16:18:58+01:00
0,0,0,0,0,0,2016-07-29 16:33:48+01:00
0,0,0,0,0,0,2016-07-29 17:03:52+01:00
0,0,0,0,0,0,2016-07-29 17:03:58+01:00
0,1,0,1,0,0,2016-07-29 23:34:51+01:00
0,0,0,0,0,0,2016-07-30 04:37:04+01:00
0,0,0,0,0,0,2016-07-30 04:37:09+01:00
0,0,0,0,0,0,2016-07-30 06:11:24+01:00
0,1,0,1,0,0,2016-07-30 16:01:03+01:00
0,0,0,0,0,0,2016-07-30 17:02:10+01:00
0,1,0,1,0,0,2016-07-30 17:15:11+01:00
0,0,0,0,0,0,2016-07-30 17:39:19+01:00
0,1,0,1,0,0,2016-07-30 19:40:16+01:00
0,0,0,0,0,0,2016-07-30 19:44:11+01:00
0,0,0,0,0,0,2016-07-30 19:51:21+01:00
0,0,0,0,0,0,2016-07-30 19:59:12+01:00
0,0,0,0,0,0,2016-07-30 20:07:27+01:00
0,0,0,0,0,0,2016-07-30 20:14:48+01:00
0,0,0,0,0,0,2016-07-30 20:44:25+01:00
0,0,0,0,0,0,2016-07-30 20:52:15+01:00
0,0,0,0,0,0,2016-07-30 21:40:09+01:00
0,0,0,0,0,0,2016-07-30 21:54:35+01:00
0,0,0,0,0,0,2016-07-30 21:55:10+01:00
0,0,0,0,0,0,2016-07-30 22:10:45+01:00
0,0,0,0,0,0,2016-07-30 22:14:14+01:00
0,0,0,0,0,0,2016-07-30 23:25:21+01:00
0,0,0,0,0,0,2016-07-31 00:21:40+01:00
0,0,0,0,0,0,2016-07-31 00:48:37+01:00
0,0,0,0,0,0,2016-07-31 00:56:06+01:00
0,0,0,0,0,0,2016-07-31 01:06:25+01:00
0,0,0,0,0,0,2016-08-01 14:03:18+01:00
0,0,0,0,0,0,2016-08-01 14:04:36+01:00
0,0,0,0,0,0,2016-08-01 14:03:24+01:00
0,0,0,0,0,0,2016-08-01 14:08:51+01:00
0,0,0,0,0,0,2016-08-01 14:08:55+01:00
0,0,0,0,0,0,2016-08-01 14:42:10+01:00
0,0,0,0,0,0,2016-08-01 14:43:11+01:00
0,0,0,0,0,0,2016-08-01 14:57:51+01:00
0,0,0,0,0,0,2016-08-01 15:08:05+01:00
0,0,0,0,0,0,2016-08-01 15:08:10+01:00
0,0,0,0,0,0,2016-08-01 17:59:32+01:00
1,0,0,0,0,0,2016-08-01 18:10:21+01:00
1,0,0,0,0,0,2016-08-01 18:13:00+01:00
1,0,0,0,0,0,2016-08-01 19:16:48+01:00
0,0,0,0,0,0,2016-08-01 19:18:46+01:00
0,0,0,0,0,0,2016-08-01 19:33:04+01:00
0,1,0,1,0,0,2016-08-01 20:24:23+01:00
0,0,0,0,0,0,2016-08-01 20:26:33+01:00
1,0,0,0,0,0,2016-08-01 20:47:53+01:00
0,0,0,0,0,0,2016-08-01 20:48:08+01:00
1,0,0,0,0,0,2016-08-01 20:55:44+01:00
0,1,0,1,0,0,2016-08-01 21:01:48+01:00
0,1,0,1,0,0,2016-08-01 21:05:01+01:00
0,1,0,1,0,0,2016-08-01 21:14:39+01:00
0,1,0,1,0,0,2016-08-01 21:16:12+01:00
0,1,0,1,0,0,2016-08-01 21:20:55+01:00
0,1,0,1,0,0,2016-08-01 21:57:24+01:00
0,0,0,0,0,0,2016-08-02 17:11:10+01:00
0,1,0,1,0,0,2016-08-02 17:20:25+01:00
0,0,0,0,0,0,2016-08-03 13:26:40+01:00
0,0,0,0,0,0,2016-08-03 13:26:45+01:00
0,1,0,1,0,0,2016-08-03 14:40:12+01:00
0,0,0,0,0,0,2016-08-03 15:35:01+01:00
0,0,0,0,0,0,2016-08-03 15:35:09+01:00
0,1,0,1,0,0,2016-08-03 16:32:31+01:00
0,1,0,1,0,0,2016-08-03 16:34:44+01:00
0,0,0,0,0,0,2016-08-03 16:43:54+01:00
0,0,0,0,0,0,2016-08-03 16:43:59+01:00
0,0,0,0,0,0,2016-08-03 16:48:52+01:00
0,0,0,0,0,0,2016-08-03 16:53:55+01:00
0,0,0,0,0,0,2016-08-03 16:57:22+01:00
0,0,0,0,0,0,2016-08-04 12:26:18+01:00
0,0,0,0,0,0,2016-08-04 12:27:16+01:00
0,1,0,1,0,0,2016-08-04 12:28:07+01:00
0,0,0,0,0,0,2016-08-04 12:29:57+01:00
0,0,0,0,0,0,2016-08-04 15:38:55+01:00
0,1,0,1,0,0,2016-08-04 16:45:32+01:00
0,0,0,0,0,0,2016-08-04 16:45:46+01:00
0,1,0,1,0,0,2016-08-04 21:07:33+01:00
0,0,0,0,0,0,2016-08-04 21:29:35+01:00
0,0,0,0,0,0,2016-08-04 22:20:43+01:00
0,1,0,1,0,0,2016-08-04 22:40:44+01:00
0,0,0,0,0,0,2016-08-04 23:37:46+01:00
0,0,0,0,0,0,2016-08-04 23:50:06+01:00
0,0,0,0,0,0,2016-08-05 12:45:48+01:00
0,0,0,0,0,0,2016-08-05 12:50:06+01:00
0,0,0,0,0,0,2016-08-05 12:50:13+01:00
0,0,0,0,0,0,2016-08-05 14:44:11+01:00
0,1,0,1,0,0,2016-08-05 14:47:24+01:00
0,0,0,0,0,0,2016-08-05 14:59:12+01:00
0,0,0,0,0,0,2016-08-05 14:59:16+01:00
0,0,0,0,0,0,2016-08-05 15:04:09+01:00
0,0,0,0,0,0,2016-08-05 15:16:02+01:00
0,0,0,0,0,0,2016-08-05 15:17:44+01:00
0,0,0,0,0,0,2016-08-05 15:22:26+01:00
0,0,0,0,0,0,2016-08-05 15:23:06+01:00
0,0,0,0,0,0,2016-08-05 15:23:18+01:00
0,0,0,0,0,0,2016-08-05 15:36:48+01:00
0,0,0,0,0,0,2016-08-05 15:39:38+01:00
0,0,0,0,0,0,2016-08-05 15:40:58+01:00
0,0,0,0,0,0,2016-08-05 15:45:27+01:00
0,0,0,0,0,0,2016-08-05 15:55:35+01:00
1,0,0,0,0,0,2016-08-05 16:02:05+01:00
0,0,0,0,0,0,2016-08-05 16:07:38+01:00
0,0,0,0,0,0,2016-08-05 16:39:03+01:00
0,0,0,0,0,0,2016-08-05 16:39:13+01:00
0,0,0,0,0,0,2016-08-05 16:44:48+01:00
0,0,0,0,0,0,2016-08-05 16:48:32+01:00
0,0,0,0,0,0,2016-08-05 16:50:43+01:00
0,0,0,0,0,0,2016-08-05 17:01:46+01:00
0,0,0,0,0,0,2016-08-05 17:02:00+01:00
0,1,0,1,0,0,2016-08-05 17:20:16+01:00
0,0,0,0,0,0,2016-08-05 17:54:35+01:00
0,0,0,0,0,0,2016-08-05 20:20:19+01:00
0,0,0,0,0,0,2016-08-06 14:41:58+01:00
0,1,0,0,0,0,2016-08-06 14:49:20+01:00
0,0,0,0,0,0,2016-08-07 16:58:32+01:00
0,0,0,0,0,0,2016-08-07 17:18:58+01:00
0,0,0,0,0,0,2016-08-07 17:22:20+01:00
0,0,0,0,0,0,2016-08-07 17:36:56+01:00
0,0,0,0,0,0,2016-08-08 00:24:17+01:00
0,1,0,0,0,0,2016-08-08 01:05:14+01:00
0,0,0,0,0,0,2016-08-08 13:03:01+01:00
0,0,0,0,0,0,2016-08-08 13:19:42+01:00
0,0,0,0,0,0,2016-08-08 13:26:56+01:00
0,1,0,0,0,0,2016-08-08 19:07:58+01:00
0,1,0,0,0,0,2016-08-08 20:18:49+01:00
0,1,0,0,0,0,2016-08-08 20:24:22+01:00
0,1,0,0,0,0,2016-08-08 20:28:31+01:00
0,1,0,0,0,0,2016-08-08 20:40:08+01:00
0,1,0,0,0,0,2016-08-08 21:09:02+01:00
0,1,0,0,0,0,2016-08-08 21:12:52+01:00
0,1,0,0,0,0,2016-08-08 21:14:57+01:00
0,1,0,0,0,0,2016-08-08 21:28:32+01:00
0,1,0,0,0,0,2016-08-08 21:35:57+01:00
0,1,0,0,0,0,2016-08-08 22:22:30+01:00
0,0,0,0,0,0,2016-08-09 04:07:58+01:00
0,0,0,0,0,0,2016-08-09 04:08:58+01:00
0,1,0,0,0,0,2016-08-11 20:56:40+01:00
0,1,0,0,0,0,2016-08-12 01:03:32+01:00
0,1,0,0,0,0,2016-08-12 01:18:53+01:00
0,1,0,0,0,0,2016-08-12 12:02:02+01:00
0,1,0,0,0,0,2016-08-12 12:42:10+01:00
0,0,0,0,0,0,2016-08-13 18:00:21+01:00
0,0,0,0,0,0,2016-08-15 18:48:14+01:00
0,0,0,0,0,0,2016-08-15 18:52:02+01:00
0,0,0,0,0,0,2016-08-15 18:55:34+01:00
0,1,0,0,0,0,2016-08-15 20:53:23+01:00
0,0,0,0,0,0,2016-08-16 21:02:49+01:00
0,1,0,0,0,0,2016-08-16 21:15:42+01:00
0,0,0,0,0,0,2016-08-17 23:30:07+01:00
0,0,0,0,0,0,2016-08-18 00:21:48+01:00
0,0,0,0,0,0,2016-08-18 22:32:23+01:00
0,0,0,0,0,0,2016-08-19 07:17:31+01:00
0,0,0,0,0,0,2016-08-19 07:26:38+01:00
0,0,0,0,0,0,2016-08-19 07:27:11+01:00
0,0,0,0,0,0,2016-08-19 14:26:42+01:00
0,0,0,0,0,0,2016-08-19 19:45:47+01:00
0,0,0,0,0,0,2016-08-19 20:16:15+01:00
0,0,0,0,0,0,2016-08-19 22:12:30+01:00
0,0,0,0,0,0,2016-08-19 22:12:38+01:00
0,0,0,0,0,0,2016-08-19 22:14:16+01:00
0,0,0,0,0,0,2016-08-19 22:15:59+01:00
0,0,0,0,0,0,2016-08-19 22:34:16+01:00
0,1,0,0,0,0,2016-08-19 22:44:42+01:00
0,0,0,0,0,0,2017-05-12 12:08:51+01:00
0,0,0,0,0,0,2017-10-05 13:57:19+01:00
0,0,0,0,0,0,2017-10-05 15:25:36+01:00
0,0,0,0,0,0,2017-10-05 15:35:34+01:00
