Acquisition,Preparation,Modeling,Training,Evaluation,Prediction,time
0,0,0,0,0,0,2018-11-10 15:49:40+00:00
0,0,0,0,0,0,2018-11-10 15:55:52+00:00
0,0,0,0,0,0,2018-11-10 15:57:07+00:00
0,8,1,2,4,1,2018-11-10 15:59:00+00:00
0,0,0,0,0,0,2018-11-10 16:00:12+00:00
0,0,0,0,0,0,2018-11-10 16:00:59+00:00
0,0,0,0,0,0,2018-11-10 16:01:20+00:00
0,1,0,1,1,0,2018-11-10 16:10:12+00:00
0,0,0,0,0,0,2018-11-10 16:16:57+00:00
0,0,0,0,0,0,2018-11-10 16:20:24+00:00
0,0,0,0,0,0,2018-11-10 16:22:57+00:00
0,0,0,0,0,0,2018-11-10 16:24:01+00:00
0,0,0,0,0,0,2018-11-10 16:24:28+00:00
0,0,0,0,0,0,2018-11-10 16:25:40+00:00
0,1,0,1,1,0,2018-11-10 16:32:24+00:00
0,0,0,0,0,0,2018-11-10 16:46:32+00:00
0,1,0,1,1,0,2018-11-10 16:48:13+00:00
0,0,0,0,0,0,2018-11-10 16:48:17+00:00
0,1,0,1,1,0,2018-11-10 16:51:01+00:00
0,0,0,0,0,0,2018-11-10 16:52:44+00:00
0,0,0,0,0,0,2018-11-10 16:52:48+00:00
0,0,0,0,0,0,2018-11-10 16:54:07+00:00
0,1,0,1,1,0,2018-11-10 16:54:59+00:00
0,1,0,1,1,0,2018-11-10 16:54:59+00:00
0,0,0,0,0,0,2018-11-10 16:57:41+00:00
0,1,0,1,1,0,2018-11-10 16:59:40+00:00
0,0,0,0,0,0,2018-11-10 17:03:11+00:00
0,1,0,1,1,0,2018-11-10 17:03:52+00:00
0,0,0,0,0,0,2018-11-10 17:05:03+00:00
0,2,0,1,1,0,2018-11-10 17:20:38+00:00
0,1,0,0,0,0,2018-11-10 17:27:02+00:00
0,1,0,0,0,0,2018-11-10 17:56:49+00:00
1,1,0,0,1,0,2018-11-11 11:54:45+00:00
1,1,0,0,1,0,2018-11-13 15:21:54+00:00
1,1,0,0,1,0,2018-11-13 16:52:48+00:00
1,1,0,0,1,0,2018-11-13 17:19:40+00:00
0,0,0,0,0,0,2018-11-13 18:01:40+00:00
1,1,0,0,1,0,2018-11-14 16:17:40+00:00
1,8,1,3,6,1,2018-11-15 09:43:35+00:00
0,0,0,0,0,0,2018-11-15 09:43:39+00:00
2,2,0,0,2,0,2018-11-15 09:49:21+00:00
0,0,0,0,0,0,2018-11-15 09:49:39+00:00
0,1,0,1,0,0,2018-11-15 12:26:32+00:00
1,1,0,1,1,0,2018-11-15 14:32:32+00:00
0,0,0,0,0,0,2018-11-15 15:14:09+00:00
1,1,0,1,1,0,2018-11-16 12:42:14+00:00
1,1,0,1,1,0,2018-11-16 14:24:40+00:00
0,0,0,0,0,0,2018-11-19 17:19:38+00:00
1,1,0,1,1,0,2018-11-19 19:07:03+00:00
0,0,0,0,0,0,2018-11-19 19:09:01+00:00
1,1,0,1,1,0,2018-11-19 19:48:16+00:00
1,1,0,1,1,0,2018-11-20 09:53:32+00:00
0,0,0,0,0,0,2018-11-20 10:08:59+00:00
0,0,0,0,0,0,2018-11-20 10:22:09+00:00
0,1,0,0,0,0,2018-11-21 00:04:29+00:00
4,17,1,6,11,1,2018-11-21 13:43:22+00:00
0,0,0,0,0,0,2018-11-21 13:43:56+00:00
1,1,0,1,1,0,2018-11-21 13:46:24+00:00
0,1,0,0,0,0,2018-11-21 19:22:01+00:00
3,7,0,3,7,0,2018-11-23 20:12:03+00:00
0,1,0,0,0,0,2018-11-25 17:50:06+00:00
0,1,0,0,0,0,2018-11-25 17:50:25+00:00
0,1,0,0,0,0,2018-11-25 17:50:37+00:00
0,1,0,0,1,0,2018-11-25 17:50:52+00:00
0,1,0,0,0,0,2018-11-25 22:05:06+00:00
1,6,0,1,4,0,2018-11-26 15:52:33+00:00
1,1,0,1,1,0,2018-11-26 18:20:34+00:00
0,0,0,0,0,0,2018-11-26 18:22:19+00:00
1,5,0,1,3,0,2018-11-26 18:30:03+00:00
0,0,0,0,0,0,2018-11-26 18:30:13+00:00
2,8,0,2,7,0,2018-11-29 13:01:32+00:00
1,2,0,1,1,0,2018-11-29 13:53:35+00:00
0,2,0,0,2,0,2018-11-29 19:20:09+00:00
0,3,0,0,3,0,2018-11-30 14:48:49+00:00
0,1,0,0,0,0,2018-11-30 14:49:24+00:00
0,1,0,0,0,0,2018-11-30 14:49:35+00:00
4,4,0,4,4,0,2018-11-30 16:13:19+00:00
1,1,0,1,1,0,2018-11-30 16:17:31+00:00
1,2,0,1,1,0,2018-11-30 16:21:51+00:00
0,0,0,0,0,0,2018-11-30 16:22:01+00:00
1,1,0,1,1,0,2018-12-01 22:51:34+00:00
1,1,0,1,1,0,2018-12-01 23:25:19+00:00
0,2,0,0,2,0,2018-12-02 19:15:13+00:00
0,1,0,0,0,0,2018-12-02 20:10:47+00:00
0,11,0,0,11,0,2018-12-02 20:11:14+00:00
2,3,0,2,2,0,2018-12-05 13:42:03+00:00
2,3,0,2,3,0,2018-12-05 15:26:53+00:00
0,0,0,0,0,0,2018-12-05 17:14:02+00:00
0,0,0,0,0,0,2018-12-05 17:14:23+00:00
3,14,1,4,8,1,2018-12-05 18:09:30+00:00
0,0,0,0,0,0,2018-12-05 18:14:24+00:00
1,1,0,1,1,0,2018-12-05 18:58:26+00:00
6,9,0,6,9,0,2018-12-05 19:52:56+00:00
22,23,0,22,22,0,2018-12-07 09:20:20+00:00
1,1,0,1,1,0,2018-12-07 11:38:08+00:00
4,4,0,3,4,0,2018-12-07 11:49:24+00:00
10,10,0,10,10,0,2018-12-07 12:51:49+00:00
9,9,0,9,9,0,2018-12-07 14:56:47+00:00
0,1,0,0,0,0,2018-12-07 15:44:33+00:00
0,0,0,0,0,0,2018-12-07 15:44:57+00:00
0,0,0,0,0,0,2018-12-07 16:32:25+00:00
2,3,0,1,1,0,2018-12-07 16:48:11+00:00
0,0,0,0,0,0,2018-12-07 16:51:30+00:00
10,14,0,10,14,0,2018-12-07 16:55:56+00:00
0,1,0,0,0,0,2018-12-07 18:52:44+00:00
8,8,0,8,8,0,2018-12-07 19:02:37+00:00
0,0,0,0,0,0,2018-12-07 19:02:52+00:00
0,1,0,0,1,0,2018-12-07 19:05:04+00:00
0,0,0,0,0,0,2018-12-07 19:06:09+00:00
2,2,0,2,2,0,2018-12-07 19:11:02+00:00
0,0,0,0,0,0,2018-12-07 20:03:59+00:00
5,5,0,5,5,0,2018-12-07 20:10:18+00:00
0,0,0,0,0,0,2018-12-07 20:21:16+00:00
8,8,0,8,8,0,2018-12-07 22:37:36+00:00
0,0,0,0,0,0,2018-12-07 22:38:23+00:00
0,0,0,0,0,0,2018-12-07 22:39:01+00:00
2,2,0,0,0,0,2018-12-08 20:40:53+00:00
1,2,0,1,2,0,2018-12-10 15:27:03+00:00
0,0,0,0,0,0,2018-12-10 15:27:12+00:00
1,1,0,0,0,0,2018-12-10 17:51:37+00:00
0,3,0,0,0,0,2018-12-10 20:01:00+00:00
0,1,0,0,1,0,2018-12-10 20:01:19+00:00
0,1,0,0,1,0,2018-12-10 20:01:42+00:00
1,1,0,1,1,0,2018-12-10 20:02:14+00:00
0,0,0,0,0,0,2018-12-10 20:02:31+00:00
1,1,0,1,1,0,2018-12-10 21:16:00+00:00
1,1,0,1,1,0,2018-12-11 13:27:38+00:00
0,3,0,0,2,0,2018-12-11 13:32:41+00:00
0,0,0,0,0,0,2018-12-11 13:33:20+00:00
0,0,0,0,0,0,2018-12-11 17:37:06+00:00
0,0,0,0,0,0,2018-12-12 11:53:21+00:00
13,18,0,10,15,0,2018-12-12 15:58:09+01:00
0,2,0,0,2,0,2018-12-12 16:04:22+01:00
13,13,0,11,11,0,2018-12-12 15:05:23+00:00
0,0,0,0,0,0,2018-12-12 15:05:53+00:00
0,2,0,0,2,0,2018-12-12 16:08:18+01:00
0,0,0,0,0,0,2018-12-12 15:08:31+00:00
0,1,0,0,1,0,2018-12-12 16:11:03+01:00
0,0,0,0,0,0,2018-12-12 15:11:17+00:00
2,2,0,1,1,0,2018-12-12 16:10:17+00:00
1,1,0,1,1,0,2018-12-12 17:10:41+01:00
0,0,0,0,0,0,2018-12-12 16:11:01+00:00
2,2,0,1,1,0,2018-12-12 16:24:56+00:00
1,1,0,0,0,0,2018-12-12 16:31:25+00:00
1,2,0,1,2,0,2018-12-12 18:04:46+01:00
0,0,0,0,0,0,2018-12-12 18:04:57+01:00
2,2,0,2,2,0,2018-12-12 17:13:54+00:00
0,0,0,0,0,0,2018-12-12 17:13:59+00:00
0,1,0,0,1,0,2018-12-12 18:15:26+01:00
0,0,0,0,0,0,2018-12-12 17:15:50+00:00
0,1,0,0,1,0,2018-12-12 18:39:38+01:00
0,0,0,0,0,0,2018-12-12 17:40:29+00:00
26,34,0,21,29,0,2018-12-12 18:27:08+00:00
0,0,0,0,0,0,2018-12-12 18:29:47+00:00
0,0,0,0,0,0,2018-12-12 18:30:16+00:00
0,1,0,0,0,0,2018-12-12 19:41:46+01:00
3,3,0,2,2,0,2018-12-12 19:06:08+00:00
0,0,0,0,0,0,2018-12-12 19:10:36+00:00
0,0,0,0,0,0,2018-12-12 19:10:45+00:00
0,1,0,0,0,0,2018-12-13 00:11:10+01:00
0,0,0,0,0,0,2018-12-13 00:11:15+01:00
34,37,0,33,34,0,2018-12-13 00:12:01+01:00
0,0,0,0,0,0,2018-12-12 23:33:24+00:00
1,1,0,1,1,0,2018-12-12 23:35:05+00:00
0,0,0,0,0,0,2018-12-13 00:39:25+01:00
0,0,0,0,0,0,2018-12-13 00:39:29+01:00
0,0,0,0,0,0,2018-12-13 10:26:57+00:00
1,1,0,0,0,0,2018-12-13 11:41:34+00:00
0,0,0,0,0,0,2018-12-13 11:41:59+00:00
2,2,0,0,0,0,2018-12-13 11:59:16+00:00
0,1,0,0,1,0,2018-12-13 15:29:47+00:00
0,0,0,0,0,0,2018-12-13 15:37:27+00:00
8,12,0,7,8,0,2018-12-13 17:08:08+01:00
0,3,0,0,3,0,2018-12-13 17:08:42+01:00
0,0,0,0,0,0,2018-12-13 17:09:03+01:00
0,0,0,0,0,0,2018-12-13 16:28:21+00:00
0,3,0,0,0,0,2018-12-13 17:28:36+00:00
2,2,0,2,2,0,2018-12-13 18:50:23+01:00
0,0,0,0,0,0,2018-12-13 18:50:27+01:00
0,11,0,0,11,0,2018-12-13 17:54:19+00:00
0,2,0,0,2,0,2018-12-13 19:18:36+01:00
0,6,0,0,6,0,2018-12-13 18:19:47+00:00
4,4,0,3,4,0,2018-12-13 19:20:46+01:00
0,0,0,0,0,0,2018-12-13 19:21:28+01:00
3,3,0,2,2,0,2018-12-13 18:56:34+00:00
0,0,0,0,0,0,2018-12-13 18:57:17+00:00
3,3,0,2,2,0,2018-12-13 21:03:23+01:00
1,1,0,1,1,0,2018-12-13 21:03:44+01:00
3,3,0,2,2,0,2018-12-13 21:07:57+01:00
0,0,0,0,0,0,2018-12-13 21:11:53+01:00
