Acquisition,Preparation,Modeling,Training,Evaluation,Prediction,time
0,0,0,0,0,0,2017-09-26 14:36:53+02:00
1,1,0,0,0,0,2017-10-19 15:07:38+02:00
0,0,0,0,0,0,2017-10-19 15:55:19+02:00
1,1,0,0,0,0,2017-10-23 15:25:40+02:00
0,0,0,0,0,0,2017-10-24 08:37:15+02:00
0,0,0,0,0,0,2017-11-08 13:09:07+01:00
1,1,0,0,0,0,2017-11-08 13:09:48+01:00
0,0,0,0,0,0,2017-11-08 13:10:07+01:00
1,1,0,0,0,0,2017-11-08 13:18:33+01:00
0,0,0,0,0,0,2017-11-08 14:06:56+01:00
0,1,0,0,0,0,2018-02-26 00:28:47+01:00
0,1,0,0,0,0,2018-02-26 16:57:02+01:00
0,0,0,0,0,0,2018-03-09 12:20:01+01:00
0,0,0,0,0,0,2018-03-09 12:20:45+01:00
0,0,0,0,0,0,2018-03-11 19:59:02+01:00
0,0,0,0,0,0,2018-03-11 21:35:18+01:00
0,0,0,0,0,0,2018-03-22 15:48:33+01:00
0,0,0,0,0,0,2018-03-22 18:50:51+01:00
0,0,0,0,0,0,2018-03-22 19:26:32+01:00
0,0,0,0,0,0,2018-03-22 19:28:00+01:00
1,2,0,0,0,0,2018-11-13 11:06:51+01:00
0,0,0,0,0,0,2018-11-13 14:07:39+01:00
0,0,0,0,0,0,2018-11-20 09:43:23+01:00
0,0,0,0,0,0,2018-11-21 12:51:52+01:00
0,0,0,0,0,0,2019-05-30 12:57:33+02:00
0,0,0,0,0,0,2019-10-01 14:24:58+02:00
0,0,0,0,0,0,2019-10-22 14:21:55+02:00
0,0,0,0,0,0,2019-10-22 14:29:36+02:00
0,0,0,0,0,0,2019-10-22 14:38:05+02:00
0,0,0,0,0,0,2019-10-22 14:39:53+02:00
4,2,1,2,0,0,2019-11-19 15:25:35+01:00
0,0,0,0,0,0,2019-11-19 15:25:59+01:00
1,1,1,1,0,0,2019-11-20 11:06:28+01:00
1,1,1,1,0,0,2019-11-20 11:59:00+01:00
0,0,0,0,0,0,2019-11-20 11:59:23+01:00
0,0,0,0,0,0,2019-11-20 11:59:38+01:00
1,1,1,0,0,0,2019-11-20 12:20:20+01:00
1,1,1,1,0,0,2019-11-20 13:18:30+01:00
1,0,0,1,0,0,2019-11-20 13:19:09+01:00
1,1,1,1,0,0,2019-11-21 10:59:40+01:00
1,1,1,1,0,0,2019-11-26 18:15:20+01:00
1,1,0,1,0,0,2019-11-26 18:15:38+01:00
1,1,1,1,0,0,2019-11-29 19:36:04+01:00
1,0,1,1,0,0,2019-11-29 19:36:46+01:00
1,1,1,1,0,0,2019-12-02 10:42:09+01:00
0,0,0,0,0,0,2019-12-02 11:51:29+01:00
0,0,0,0,0,0,2019-12-02 12:01:19+01:00
1,1,1,1,0,0,2019-12-02 12:23:25+01:00
1,1,0,1,0,0,2019-12-02 15:18:56+01:00
1,1,0,1,0,0,2019-12-02 15:19:54+01:00
0,0,0,0,0,0,2019-12-02 15:21:00+01:00
0,0,0,0,0,0,2019-12-05 13:50:59+01:00
0,0,0,0,0,0,2019-12-05 13:51:59+01:00
0,0,0,0,0,0,2019-12-05 13:56:19+01:00
0,0,0,0,0,0,2019-12-05 13:59:44+01:00
0,0,0,0,0,0,2019-12-05 14:03:56+01:00
1,1,1,1,0,0,2019-12-09 11:01:20+01:00
1,0,0,1,0,0,2019-12-09 11:05:14+01:00
1,1,1,1,0,0,2019-12-09 11:53:32+01:00
1,0,0,1,0,0,2019-12-09 11:53:53+01:00
1,1,1,1,0,0,2019-12-09 12:15:33+01:00
0,0,0,0,0,0,2019-12-09 12:50:43+01:00
0,0,0,0,0,0,2019-12-09 12:54:00+01:00
0,0,0,0,0,0,2020-01-08 09:48:22+01:00
0,0,0,0,0,0,2020-01-08 09:50:52+01:00
0,0,0,0,0,0,2020-01-17 13:57:09+01:00
0,0,0,0,0,0,2020-01-17 14:06:06+01:00
0,0,0,0,0,0,2020-01-17 14:58:55+01:00
0,0,0,0,0,0,2020-01-17 15:03:24+01:00
0,0,0,0,0,0,2020-01-28 14:54:32+01:00
0,0,0,0,0,0,2020-01-28 16:24:41+01:00
0,0,0,0,0,0,2020-01-29 11:25:17+01:00
0,0,0,0,0,0,2020-01-30 12:47:29+01:00
0,0,0,0,0,0,2020-01-30 12:49:22+01:00
0,0,0,0,0,0,2020-01-30 12:51:45+01:00
0,0,0,0,0,0,2020-01-30 12:52:28+01:00
0,0,0,0,0,0,2020-01-30 12:55:05+01:00
0,0,0,0,0,0,2020-02-04 09:23:59+01:00
0,0,0,0,0,0,2020-02-04 09:40:08+01:00
0,0,0,0,0,0,2020-02-04 09:40:26+01:00
0,0,0,0,0,0,2020-02-18 13:31:15+01:00
0,0,0,0,0,0,2020-02-18 13:34:10+01:00
