Acquisition,Preparation,Modeling,Training,Evaluation,Prediction,time
2,2,0,0,0,0,2021-09-14 19:04:06-03:00
0,0,0,0,0,0,2021-09-14 20:13:54-03:00
2,2,0,0,1,0,2021-09-16 10:41:51-03:00
0,0,0,0,0,0,2021-09-18 14:53:02-03:00
1,1,0,1,0,1,2021-09-18 14:53:37-03:00
0,0,0,0,0,0,2021-09-25 16:35:05-03:00
0,0,0,0,0,0,2021-09-25 16:36:51-03:00
1,0,0,1,0,1,2021-09-25 16:38:44-03:00
1,1,0,0,1,0,2021-09-25 16:39:05-03:00
3,2,1,1,1,1,2021-09-25 16:40:24-03:00
1,1,1,0,0,0,2021-09-25 16:48:49-03:00
1,1,1,0,0,0,2021-09-25 16:51:07-03:00
0,0,0,0,0,0,2021-09-25 16:55:26-03:00
0,0,0,0,0,0,2021-09-28 19:35:27-03:00
0,0,0,0,0,0,2021-09-28 19:40:38-03:00
0,0,0,0,0,0,2021-09-28 19:57:51-03:00
0,0,0,0,0,0,2021-09-28 20:12:15-03:00
0,1,0,1,0,1,2021-09-28 20:14:41-03:00
0,1,0,1,0,1,2021-09-28 20:17:07-03:00
0,0,0,0,0,0,2021-09-28 20:21:19-03:00
0,0,0,0,0,0,2021-09-28 20:22:31-03:00
0,0,0,0,0,0,2021-09-30 16:40:54-03:00
0,0,0,0,0,0,2021-09-30 16:52:03-03:00
0,0,0,0,0,0,2021-09-30 16:53:32-03:00
0,0,0,0,0,0,2021-09-30 16:56:59-03:00
0,0,0,0,0,0,2021-09-30 16:58:14-03:00
0,0,0,0,0,0,2021-09-30 16:58:53-03:00
0,0,0,0,0,0,2021-09-30 16:59:20-03:00
0,0,0,0,0,0,2021-09-30 17:59:55-03:00
0,0,0,0,0,0,2021-09-30 18:36:19-03:00
1,1,0,0,0,0,2021-10-02 11:20:37-03:00
1,1,1,1,0,0,2021-10-09 11:21:22-03:00
2,2,1,1,0,0,2021-10-09 12:54:17-03:00
2,3,1,3,1,0,2021-10-12 19:55:49-03:00
0,0,0,0,0,0,2021-10-12 19:56:51-03:00
2,3,1,3,1,0,2021-10-12 20:03:19-03:00
0,0,0,0,0,0,2021-10-12 20:04:02-03:00
1,2,1,2,1,0,2021-10-12 21:04:29-03:00
0,1,0,1,0,0,2021-10-12 21:11:03-03:00
0,1,1,1,0,0,2021-10-12 21:19:30-03:00
0,1,0,1,0,0,2021-10-12 21:21:40-03:00
0,0,0,0,0,0,2021-10-12 21:22:14-03:00
0,1,0,1,0,0,2021-10-12 21:22:54-03:00
0,1,1,1,0,0,2021-10-12 22:01:50-03:00
1,2,0,2,0,0,2021-10-13 14:53:29-03:00
0,0,0,0,0,0,2021-10-13 14:53:45-03:00
2,4,3,4,0,0,2021-10-14 12:19:13-03:00
4,5,2,4,0,0,2021-10-14 17:18:32-03:00
0,3,1,3,1,1,2021-10-14 18:20:48-03:00
0,2,1,1,0,0,2021-10-14 18:54:14-03:00
0,3,1,1,0,1,2021-10-14 19:40:36-03:00
0,0,0,0,0,0,2021-10-14 19:45:00-03:00
0,0,0,0,0,0,2021-10-14 19:54:55-03:00
0,0,0,0,0,0,2021-10-14 19:58:06-03:00
0,0,0,0,0,0,2021-10-14 20:00:29-03:00
0,0,0,0,0,0,2021-10-14 20:01:24-03:00
0,0,0,0,0,0,2021-10-14 20:14:36-03:00
0,0,0,0,0,0,2021-10-14 20:21:48-03:00
0,0,0,0,0,0,2021-10-14 20:28:37-03:00
1,1,0,0,0,0,2021-10-14 20:36:55-03:00
1,1,0,0,0,0,2021-10-14 20:43:06-03:00
1,1,0,0,0,0,2021-10-14 20:45:48-03:00
1,1,0,0,0,0,2021-10-14 20:49:14-03:00
0,0,0,0,0,0,2021-10-14 20:57:26-03:00
0,0,0,0,0,0,2021-10-14 21:02:34-03:00
1,1,0,0,0,0,2021-10-14 21:55:06-03:00
3,3,0,0,0,3,2021-10-14 22:27:47-03:00
1,1,0,0,0,1,2021-10-15 15:35:08-03:00
1,1,0,0,0,1,2021-10-15 15:37:46-03:00
1,1,0,0,0,1,2021-10-16 00:34:22-03:00
1,1,0,0,0,1,2021-10-16 00:38:20-03:00
1,1,0,0,0,0,2021-10-16 10:51:29-03:00
1,1,0,0,0,0,2021-10-16 11:14:14-03:00
2,2,0,0,0,2,2021-10-16 12:28:44-03:00
1,1,0,0,0,1,2021-10-16 13:49:36-03:00
1,1,0,0,0,1,2021-10-16 15:19:16-03:00
2,2,0,0,0,2,2021-10-16 16:25:35-03:00
1,1,0,0,0,1,2021-10-16 16:42:43-03:00
2,2,0,0,0,2,2021-10-16 17:29:40-03:00
3,4,0,0,0,2,2021-10-22 15:14:24-03:00
2,2,0,0,0,2,2021-11-21 10:16:27-03:00
0,0,0,0,0,0,2021-11-21 10:17:10-03:00
