Acquisition,Preparation,Modeling,Training,Evaluation,Prediction,time
0,0,0,0,0,0,2015-01-21 16:54:31-04:00
2,3,0,0,0,0,2015-01-21 17:29:18-04:00
2,2,0,0,0,0,2015-01-21 19:45:58-04:00
2,2,0,0,0,0,2015-01-21 23:38:07-04:00
1,2,0,0,1,0,2015-01-22 00:36:52-04:00
2,4,0,0,1,0,2015-01-23 23:03:37-04:00
3,5,0,0,2,0,2015-02-08 22:49:00-04:00
1,3,0,0,2,0,2015-02-09 02:29:41-04:00
1,2,0,0,1,0,2015-02-11 00:44:29-04:00
1,2,0,0,1,0,2015-02-11 01:13:13-04:00
1,2,0,0,1,0,2015-02-11 22:38:36-04:00
4,5,0,0,0,0,2015-02-17 03:24:00-04:00
2,3,0,0,0,0,2015-03-18 01:31:08-03:00
1,1,0,0,0,0,2015-03-19 17:38:52-03:00
1,2,0,0,0,0,2015-03-21 00:10:08-03:00
1,2,0,0,0,0,2015-04-01 19:37:47-03:00
1,1,0,0,0,0,2015-04-01 21:18:34-03:00
0,1,0,0,0,0,2015-04-02 20:34:16-03:00
0,0,0,0,0,0,2015-04-03 19:43:54-03:00
0,0,0,0,0,0,2015-04-04 23:01:49-03:00
0,1,0,0,0,0,2015-04-06 20:33:01-03:00
1,1,0,0,0,0,2015-04-06 20:35:23-03:00
0,1,0,0,0,0,2015-04-13 15:33:19-03:00
4,5,0,0,1,0,2015-05-11 16:03:53-03:00
1,2,0,0,0,0,2015-05-11 19:55:32-03:00
1,2,0,0,0,0,2015-05-13 02:22:38-03:00
0,0,0,0,0,0,2015-05-13 16:05:28-03:00
0,1,0,0,0,0,2015-05-13 17:31:26-03:00
1,2,0,0,0,0,2015-05-13 18:16:58-03:00
1,2,0,0,0,0,2015-05-13 21:13:36-03:00
0,0,0,0,0,0,2015-05-14 15:59:03-03:00
1,1,0,0,0,0,2015-05-15 01:23:19-03:00
0,1,0,0,0,0,2015-05-15 02:36:07-03:00
0,0,0,0,0,0,2015-05-15 15:13:59-03:00
0,0,0,0,0,0,2015-05-15 15:36:11-03:00
0,0,0,0,0,0,2015-05-15 16:14:07-03:00
0,0,0,0,0,0,2015-05-15 16:26:02-03:00
0,0,0,0,0,0,2015-05-15 16:30:39-03:00
1,1,0,0,1,0,2015-05-15 16:54:32-03:00
1,1,0,0,1,0,2015-05-15 18:24:52-03:00
1,1,0,0,1,0,2015-05-15 19:12:58-03:00
0,0,0,0,0,0,2015-05-15 19:13:44-03:00
1,1,0,0,1,0,2015-05-16 22:03:32-03:00
0,1,0,0,0,0,2015-05-16 23:16:42-03:00
1,2,0,0,1,0,2015-05-17 00:40:29-03:00
0,1,0,0,0,0,2015-05-17 02:39:32-03:00
0,0,0,0,0,0,2015-05-17 03:19:51-03:00
1,2,0,0,1,0,2015-05-18 01:53:55-03:00
1,1,0,0,1,0,2015-05-18 03:41:36-03:00
1,1,0,0,1,0,2015-05-18 22:56:54-03:00
1,1,0,0,1,0,2015-05-18 23:10:17-03:00
1,1,0,0,1,0,2015-05-19 00:05:47-03:00
1,1,0,0,1,0,2015-05-19 01:43:42-03:00
1,1,0,0,2,0,2015-05-20 01:19:41-03:00
1,2,0,0,2,0,2015-05-20 02:46:19-03:00
0,2,0,0,1,0,2015-05-20 15:35:20-03:00
0,2,0,0,1,0,2015-05-20 18:19:46-03:00
1,4,0,0,2,0,2015-05-20 19:05:55-03:00
1,4,0,0,2,0,2015-05-22 03:46:25-03:00
1,3,0,0,1,0,2015-05-23 01:28:24-03:00
0,2,0,0,0,0,2015-05-23 02:21:36-03:00
1,5,0,0,1,0,2015-05-23 03:01:45-03:00
1,2,0,0,1,0,2015-05-25 02:39:05-03:00
0,1,0,0,0,0,2015-05-25 02:58:28-03:00
0,0,0,0,0,0,2015-05-25 03:08:30-03:00
0,0,0,0,0,0,2015-05-25 03:29:18-03:00
0,0,0,0,0,0,2015-05-25 03:29:52-03:00
0,0,0,0,0,0,2015-05-25 03:30:20-03:00
1,2,0,0,1,0,2015-05-26 03:12:21-03:00
1,2,0,0,1,0,2015-05-26 17:40:40-03:00
0,1,0,0,0,0,2015-05-27 03:48:37-03:00
0,2,0,0,0,0,2015-05-27 16:06:01-03:00
0,0,0,0,0,0,2015-05-27 17:20:59-03:00
0,1,0,0,0,0,2015-05-28 18:52:15-03:00
0,1,0,0,0,0,2015-05-28 20:47:07-03:00
1,2,0,0,1,0,2015-05-28 21:13:13-03:00
1,2,0,0,1,0,2015-05-28 21:42:05-03:00
0,0,0,0,0,0,2015-05-28 22:29:19-03:00
1,6,0,0,1,0,2015-05-28 23:17:18-03:00
0,0,0,0,0,0,2015-05-29 02:33:55-03:00
0,2,0,0,0,0,2015-05-30 02:58:58-03:00
0,0,0,0,0,0,2015-05-31 19:49:24-03:00
0,1,0,0,0,0,2015-05-31 20:32:26-03:00
0,0,0,0,0,0,2015-05-31 21:34:39-03:00
1,2,0,0,1,0,2015-06-01 00:42:28-03:00
0,0,0,0,0,0,2015-06-01 03:30:20-03:00
1,2,0,0,1,0,2015-06-01 23:25:00-03:00
0,1,0,0,0,0,2015-06-02 00:08:03-03:00
0,0,0,0,0,0,2015-06-02 02:41:39-03:00
0,0,0,0,0,0,2015-06-03 02:36:28-03:00
0,0,0,0,0,0,2015-06-03 15:30:42-03:00
0,1,0,0,0,0,2015-06-03 16:47:01-03:00
0,1,0,0,0,0,2015-06-03 17:05:42-03:00
1,2,0,0,1,0,2015-06-03 17:43:34-03:00
0,1,0,0,0,0,2015-06-03 18:33:13-03:00
0,0,0,0,0,0,2015-06-04 16:42:37-03:00
0,0,0,0,0,0,2015-06-04 17:35:56-03:00
0,0,0,0,0,0,2015-06-04 17:40:45-03:00
1,2,0,0,1,0,2015-06-04 20:40:14-03:00
0,0,0,0,0,0,2015-06-04 23:40:41-03:00
1,5,0,0,1,0,2015-06-05 02:40:40-03:00
1,3,0,0,1,0,2015-06-05 14:37:35-03:00
0,1,0,0,0,0,2015-06-05 15:35:33-03:00
0,1,0,0,0,0,2015-06-05 15:58:21-03:00
1,3,0,0,1,0,2015-06-05 17:07:48-03:00
1,2,0,0,1,0,2015-06-05 21:03:27-03:00
1,2,0,0,1,0,2015-06-05 22:00:26-03:00
0,0,0,0,0,0,2015-06-05 22:09:27-03:00
0,0,0,0,0,0,2015-06-05 22:34:59-03:00
0,0,0,0,0,0,2015-06-05 22:50:51-03:00
0,0,0,0,0,0,2015-06-06 00:58:40-03:00
0,0,0,0,0,0,2015-06-06 03:32:43-03:00
0,0,0,0,0,0,2015-06-07 00:01:32-03:00
1,3,0,0,1,0,2015-06-07 01:58:58-03:00
0,3,0,0,0,0,2015-06-07 03:39:57-03:00
0,0,0,0,0,0,2015-06-07 15:53:03-03:00
0,1,0,0,0,0,2015-06-07 17:37:27-03:00
0,0,0,0,0,0,2015-06-07 21:26:27-03:00
0,1,0,0,0,0,2015-06-07 22:04:00-03:00
1,4,0,0,1,0,2015-06-08 00:58:41-03:00
0,1,0,0,0,0,2015-06-08 02:18:16-03:00
0,0,0,0,0,0,2015-06-08 02:43:11-03:00
0,1,0,0,0,0,2015-06-08 14:04:55-03:00
0,2,0,0,0,0,2015-06-08 15:58:19-03:00
0,0,0,0,0,0,2015-06-08 16:10:25-03:00
0,0,0,0,0,0,2015-06-08 18:35:13-03:00
0,0,0,0,0,0,2015-06-08 18:50:12-03:00
0,0,0,0,0,0,2015-06-09 22:31:22-03:00
0,0,0,0,0,0,2015-06-10 16:02:22-03:00
0,0,0,0,0,0,2015-06-10 20:31:48-03:00
0,0,0,0,0,0,2015-06-10 20:50:40-03:00
0,1,0,0,0,0,2015-06-10 21:21:49-03:00
0,0,0,0,0,0,2015-06-11 00:22:22-03:00
0,1,0,0,0,0,2015-06-11 01:06:20-03:00
0,1,0,0,0,0,2015-06-11 03:30:21-03:00
0,0,0,0,0,0,2015-06-11 17:41:43-03:00
0,0,0,0,0,0,2015-06-11 19:35:18-03:00
0,1,0,0,0,0,2015-06-11 20:53:14-03:00
0,2,0,0,0,0,2015-06-12 01:24:29-03:00
0,0,0,0,0,0,2015-06-12 02:12:21-03:00
0,0,0,0,0,0,2015-06-12 14:18:01-03:00
0,0,0,0,0,0,2015-06-12 15:44:00-03:00
0,0,0,0,0,0,2015-06-12 16:42:00-03:00
1,2,0,0,1,0,2015-06-12 17:12:29-03:00
0,0,0,0,0,0,2015-06-12 21:29:46-03:00
0,0,0,0,0,0,2015-06-12 21:40:25-03:00
1,1,0,0,1,0,2015-06-13 00:39:09-03:00
0,0,0,0,0,0,2015-06-13 01:09:32-03:00
0,1,0,0,0,0,2015-06-13 02:32:57-03:00
0,0,0,0,0,0,2015-06-14 03:47:21-03:00
0,1,0,0,0,0,2015-06-14 04:21:18-03:00
0,0,0,0,0,0,2015-06-14 21:38:59-03:00
1,1,0,0,1,0,2015-06-14 21:50:25-03:00
0,0,0,0,0,0,2015-06-15 02:49:15-03:00
0,0,0,0,0,0,2015-06-15 02:58:56-03:00
0,0,0,0,0,0,2015-06-15 03:15:18-03:00
1,1,0,0,1,0,2015-06-16 02:01:18-03:00
0,0,0,0,0,0,2015-06-16 22:02:41-03:00
0,0,0,0,0,0,2015-06-17 03:14:53-03:00
0,0,0,0,0,0,2015-06-17 14:40:51-03:00
0,0,0,0,0,0,2015-06-17 14:50:37-03:00
0,0,0,0,0,0,2015-06-17 15:05:35-03:00
0,0,0,0,0,0,2015-06-17 15:12:21-03:00
0,0,0,0,0,0,2015-06-17 15:20:47-03:00
0,0,0,0,0,0,2015-06-17 15:22:33-03:00
0,0,0,0,0,0,2015-06-17 16:17:51-03:00
0,0,0,0,0,0,2015-06-18 16:38:44-03:00
0,0,0,0,0,0,2015-06-18 20:50:55-03:00
0,0,0,0,0,0,2015-06-19 20:45:18-03:00
0,0,0,0,0,0,2015-06-19 21:36:41-03:00
0,0,0,0,0,0,2015-06-19 22:06:57-03:00
0,0,0,0,0,0,2015-06-20 01:00:59-03:00
1,1,0,0,0,0,2015-06-20 02:13:52-03:00
0,0,0,0,0,0,2015-06-22 19:39:03-03:00
1,1,0,0,0,0,2015-06-22 20:31:43-03:00
0,0,0,0,0,0,2015-06-22 20:47:49-03:00
0,0,0,0,0,0,2015-06-22 20:55:48-03:00
0,0,0,0,0,0,2015-06-23 02:04:25-03:00
0,0,0,0,0,0,2015-06-23 18:08:59-03:00
0,1,0,0,0,0,2015-06-23 19:00:40-03:00
1,3,0,0,1,0,2015-06-23 19:25:31-03:00
0,0,0,0,0,0,2015-06-24 03:42:15-03:00
0,3,0,0,0,0,2015-06-25 00:25:01-03:00
0,0,0,0,0,0,2015-06-25 03:35:52-03:00
0,1,0,0,0,0,2015-06-25 04:09:44-03:00
0,0,0,0,0,0,2015-06-25 22:50:11-03:00
0,0,0,0,0,0,2015-06-25 23:00:05-03:00
0,0,0,0,0,0,2015-06-26 00:26:22-03:00
0,1,0,0,0,0,2015-06-26 04:07:35-03:00
0,1,0,0,0,0,2015-06-26 15:59:04-03:00
0,0,0,0,0,0,2015-06-26 16:07:36-03:00
0,0,0,0,0,0,2015-06-26 16:14:52-03:00
0,1,0,0,0,0,2015-06-26 16:57:33-03:00
0,1,0,0,0,0,2015-06-26 17:31:05-03:00
0,1,0,0,0,0,2015-06-26 17:37:38-03:00
0,1,0,0,0,0,2015-06-28 02:58:21-03:00
0,1,0,0,0,0,2015-06-28 03:39:10-03:00
0,1,0,0,0,0,2015-06-28 03:50:26-03:00
0,1,0,0,0,0,2015-06-28 16:30:48-03:00
0,1,0,0,0,0,2015-06-28 17:04:22-03:00
0,1,0,0,0,0,2015-06-28 20:54:53-03:00
0,1,0,0,0,0,2015-07-01 01:29:22-03:00
0,1,0,0,0,0,2015-07-01 04:47:03-03:00
0,1,0,0,0,0,2015-07-01 17:55:32-03:00
0,1,0,0,0,0,2015-07-01 20:02:08-03:00
0,1,0,0,0,0,2015-07-02 00:06:09-03:00
0,1,0,0,0,0,2015-07-02 00:45:35-03:00
0,1,0,0,0,0,2015-07-02 16:48:28-03:00
0,1,0,0,0,0,2015-07-02 18:07:48-03:00
0,0,0,0,0,0,2015-07-02 18:52:40-03:00
0,1,0,0,0,0,2015-07-02 23:11:03-03:00
0,0,0,0,0,0,2015-07-03 18:39:46-03:00
1,0,0,0,0,0,2015-07-03 18:40:23-03:00
0,1,0,0,0,0,2015-07-03 21:19:40-03:00
1,0,0,0,0,0,2015-07-03 21:20:37-03:00
0,1,0,0,0,0,2015-07-03 22:04:46-03:00
0,1,0,0,0,0,2015-07-03 23:21:29-03:00
0,1,0,0,0,0,2015-07-04 00:03:41-03:00
0,0,0,0,0,0,2015-07-04 00:07:04-03:00
0,0,0,0,0,0,2015-07-04 01:46:05-03:00
0,0,0,0,0,0,2015-07-04 02:15:13-03:00
0,0,0,0,0,0,2015-07-05 04:47:56-03:00
0,1,0,0,0,0,2015-07-05 04:49:50-03:00
0,0,0,0,0,0,2015-07-06 15:22:29-03:00
0,0,0,0,0,0,2015-07-06 15:26:16-03:00
0,0,0,0,0,0,2015-07-06 15:34:28-03:00
0,0,0,0,0,0,2015-07-06 20:33:44-03:00
1,0,0,0,0,0,2015-07-06 20:36:59-03:00
0,0,0,0,0,0,2015-07-06 20:38:05-03:00
0,0,0,0,0,0,2015-07-06 20:42:19-03:00
0,0,0,0,0,0,2015-07-06 21:03:54-03:00
0,1,0,0,0,0,2015-07-06 21:25:34-03:00
0,1,0,0,0,0,2015-07-06 21:50:53-03:00
0,0,0,0,0,0,2015-07-06 21:59:29-03:00
0,0,0,0,0,0,2015-07-06 22:07:33-03:00
0,0,0,0,0,0,2015-07-06 22:17:58-03:00
0,0,0,0,0,0,2015-07-07 00:39:14-03:00
0,0,0,0,0,0,2015-07-07 03:05:18-03:00
0,0,0,0,0,0,2015-07-08 01:26:42-03:00
0,1,0,0,0,0,2015-07-08 01:27:24-03:00
0,0,0,0,0,0,2015-07-08 14:58:21-03:00
0,0,0,0,0,0,2015-07-08 16:24:21-03:00
0,1,0,0,0,0,2015-07-08 18:10:25-03:00
0,1,0,0,0,0,2015-07-08 20:22:39-03:00
0,1,0,0,0,0,2015-07-08 20:43:51-03:00
0,2,0,0,0,0,2015-07-08 21:37:08-03:00
0,0,0,0,0,0,2015-07-08 22:05:34-03:00
0,0,0,0,0,0,2015-07-09 01:07:35-03:00
0,1,0,0,0,0,2015-07-09 03:00:48-03:00
0,1,0,0,0,0,2015-07-09 15:14:07-03:00
0,1,0,0,0,0,2015-07-09 15:53:50-03:00
0,0,0,0,0,0,2015-07-09 17:34:00-03:00
0,1,0,0,0,0,2015-07-09 20:07:32-03:00
0,3,0,0,0,0,2015-07-10 00:41:24-03:00
0,0,0,0,0,0,2015-07-10 03:23:26-03:00
0,0,0,0,0,0,2015-07-10 21:04:42-03:00
0,0,0,0,0,0,2015-07-10 21:06:35-03:00
0,0,0,0,0,0,2015-07-10 21:08:41-03:00
0,0,0,0,0,0,2015-07-11 20:41:08-03:00
0,0,0,0,0,0,2015-07-12 21:27:37-03:00
0,2,0,0,0,0,2015-07-13 02:56:57-03:00
0,1,0,0,0,0,2015-07-13 03:49:19-03:00
0,0,0,0,0,0,2015-07-13 03:51:33-03:00
0,0,0,0,0,0,2015-07-13 03:52:44-03:00
0,1,0,0,0,0,2015-07-13 22:43:31-03:00
1,4,0,0,1,0,2015-07-14 18:51:12-03:00
1,4,0,0,1,0,2015-07-14 22:15:22-03:00
1,4,0,0,1,0,2015-07-15 21:28:17-03:00
1,3,0,0,1,0,2015-07-16 00:40:26-03:00
0,1,0,0,0,0,2015-07-16 23:43:42-03:00
0,1,0,0,0,0,2015-07-17 03:00:39-03:00
0,0,0,0,0,0,2015-07-17 03:18:26-03:00
0,1,0,0,0,0,2015-07-17 04:20:40-03:00
0,0,0,0,0,0,2015-07-17 20:56:12-03:00
0,0,0,0,0,0,2015-07-18 00:36:20-03:00
0,1,0,0,0,0,2015-07-18 21:52:48-03:00
0,0,0,0,0,0,2015-07-18 22:15:21-03:00
0,1,0,0,0,0,2015-07-18 22:59:32-03:00
0,1,0,0,0,0,2015-07-19 18:57:08-03:00
0,0,0,0,0,0,2015-07-19 20:06:09-03:00
0,0,0,0,0,0,2015-07-19 20:49:55-03:00
0,0,0,0,0,0,2015-07-19 20:50:23-03:00
0,3,0,0,0,0,2015-07-20 17:09:25-03:00
0,1,0,0,0,0,2015-07-20 23:24:20-03:00
0,0,0,0,0,0,2015-07-20 23:31:08-03:00
0,0,0,0,0,0,2015-07-20 23:33:12-03:00
0,0,0,0,0,0,2015-07-20 23:36:28-03:00
0,0,0,0,0,0,2015-07-21 16:40:31-03:00
0,0,0,0,0,0,2015-07-21 16:47:44-03:00
0,1,0,0,0,0,2015-07-21 16:58:17-03:00
0,0,0,0,0,0,2015-07-21 17:03:47-03:00
0,0,0,0,0,0,2015-07-22 02:44:20-03:00
0,0,0,0,0,0,2015-07-22 02:45:49-03:00
1,1,0,0,1,0,2015-07-22 19:42:05-03:00
0,0,0,0,0,0,2015-07-22 21:27:02-03:00
0,0,0,0,0,0,2015-07-22 22:51:45-03:00
0,1,0,0,0,0,2015-07-22 23:19:31-03:00
0,0,0,0,0,0,2015-07-23 00:20:37-03:00
0,1,0,0,0,0,2015-07-23 02:47:40-03:00
0,0,0,0,0,0,2015-07-23 18:54:16-03:00
0,0,0,0,0,0,2015-07-23 18:55:55-03:00
0,1,0,0,0,0,2015-07-23 22:39:52-03:00
0,0,0,0,0,0,2015-07-24 17:08:01-03:00
0,0,0,0,0,0,2015-07-24 17:16:19-03:00
0,0,0,0,0,0,2015-07-25 00:53:53-03:00
0,0,0,0,0,0,2015-07-25 01:00:34-03:00
0,1,0,0,0,0,2015-07-26 04:01:38-03:00
0,0,0,0,0,0,2015-07-26 16:01:00-03:00
0,0,0,0,0,0,2015-07-26 16:11:51-03:00
0,0,0,0,0,0,2015-07-26 16:33:54-03:00
0,0,0,0,0,0,2015-07-26 20:12:43-03:00
0,0,0,0,0,0,2015-07-26 22:48:14-03:00
0,0,0,0,0,0,2015-07-27 21:37:22-03:00
0,0,0,0,0,0,2015-07-27 22:08:38-03:00
0,0,0,0,0,0,2015-07-27 22:34:30-03:00
0,0,0,0,0,0,2015-07-29 03:18:37-03:00
0,0,0,0,0,0,2015-07-30 20:41:21-03:00
0,0,0,0,0,0,2015-07-30 20:42:07-03:00
0,0,0,0,0,0,2015-07-31 18:19:39-03:00
0,0,0,0,0,0,2015-07-31 18:23:15-03:00
0,1,0,0,0,0,2015-07-31 19:43:42-03:00
1,2,0,0,1,0,2015-07-31 23:34:47-03:00
0,1,0,0,0,0,2015-08-02 23:09:25-03:00
0,0,0,0,0,0,2015-08-02 23:26:39-03:00
0,0,0,0,0,0,2015-08-03 00:16:13-03:00
0,0,0,0,0,0,2015-08-03 02:35:35-03:00
1,3,0,0,1,0,2015-08-03 18:50:53-03:00
0,1,0,0,0,0,2015-08-03 21:41:30-03:00
0,0,0,0,0,0,2015-08-03 22:16:56-03:00
1,1,0,0,1,0,2015-08-04 02:24:50-03:00
0,0,0,0,0,0,2015-08-04 03:37:31-03:00
0,1,0,0,0,0,2015-08-04 17:50:58-03:00
0,1,0,0,0,0,2015-08-04 19:09:03-03:00
0,1,0,0,0,0,2015-08-04 19:49:17-03:00
0,1,0,0,0,0,2015-08-05 00:38:12-03:00
0,1,0,0,0,0,2015-08-05 22:28:22-03:00
0,1,0,0,0,0,2015-08-06 02:12:38-03:00
1,2,0,0,1,0,2015-08-06 18:31:02-03:00
0,0,0,0,0,0,2015-08-07 01:58:50-03:00
0,0,0,0,0,0,2015-08-07 20:26:46-03:00
0,0,0,0,0,0,2015-08-07 20:42:30-03:00
0,0,0,0,0,0,2015-08-07 20:52:35-03:00
0,0,0,0,0,0,2015-08-08 18:30:20-03:00
0,0,0,0,0,0,2015-08-08 22:58:54-03:00
0,1,0,0,0,0,2015-08-08 23:13:54-03:00
0,1,0,0,0,0,2015-08-08 23:27:57-03:00
0,0,0,0,0,0,2015-08-09 00:27:04-03:00
0,0,0,0,0,0,2015-08-09 01:17:12-03:00
1,1,0,0,0,0,2015-08-09 20:01:32-03:00
0,0,0,0,0,0,2015-08-09 20:44:22-03:00
0,0,0,0,0,0,2015-08-09 22:38:33-03:00
0,0,0,0,0,0,2015-08-10 22:31:21-03:00
0,0,0,0,0,0,2015-08-11 02:40:15-03:00
0,0,0,0,0,0,2015-08-11 03:04:00-03:00
0,1,0,0,0,0,2015-08-11 16:50:09-03:00
0,0,0,0,0,0,2015-08-13 12:53:53-03:00
0,2,0,0,0,0,2015-08-14 00:14:01-03:00
0,2,0,0,0,0,2015-08-14 04:23:50-03:00
0,0,0,0,0,0,2015-08-14 04:49:03-03:00
0,0,0,0,0,0,2015-08-14 05:39:27-03:00
0,0,0,0,0,0,2015-08-14 16:49:58-03:00
0,0,0,0,0,0,2015-08-14 18:23:20-03:00
0,1,0,0,0,0,2015-08-15 03:51:37-03:00
0,0,0,0,0,0,2015-08-17 00:59:33-03:00
0,0,0,0,0,0,2015-08-17 04:11:03-03:00
0,1,0,0,0,0,2015-08-18 01:14:32-03:00
0,0,0,0,0,0,2015-08-18 03:35:56-03:00
0,0,0,0,0,0,2015-08-18 17:35:36-03:00
0,0,0,0,0,0,2015-08-18 19:21:09-03:00
0,0,0,0,0,0,2015-08-20 00:01:56-03:00
0,0,0,0,0,0,2015-08-20 14:50:40-03:00
0,1,0,0,0,0,2015-08-20 19:08:19-03:00
0,0,0,0,0,0,2015-08-20 19:37:53-03:00
0,0,0,0,0,0,2015-08-21 03:06:58-03:00
0,3,0,0,0,0,2015-08-21 03:43:25-03:00
0,0,0,0,0,0,2015-08-22 02:32:08-03:00
0,0,0,0,0,0,2015-08-22 04:07:33-03:00
0,0,0,0,0,0,2015-08-25 00:22:24-03:00
1,1,0,0,1,0,2015-08-25 01:10:09-03:00
0,0,0,0,0,0,2015-08-25 03:00:35-03:00
0,0,0,0,0,0,2015-08-25 03:21:22-03:00
0,0,0,0,0,0,2015-08-26 02:22:36-03:00
0,0,0,0,0,0,2015-08-26 02:29:48-03:00
0,0,0,0,0,0,2015-08-26 02:51:36-03:00
0,0,0,0,0,0,2015-08-26 03:31:45-03:00
0,0,0,0,0,0,2015-08-26 21:36:52-03:00
0,0,0,0,0,0,2015-08-27 02:18:52-03:00
0,0,0,0,0,0,2015-08-27 02:54:40-03:00
0,0,0,0,0,0,2015-08-28 04:06:51-03:00
0,0,0,0,0,0,2015-08-28 04:16:02-03:00
1,5,0,0,1,0,2015-08-29 01:12:27-03:00
0,0,0,0,0,0,2015-08-29 02:32:43-03:00
0,0,0,0,0,0,2015-08-29 03:07:24-03:00
0,0,0,0,0,0,2015-08-29 04:19:20-03:00
0,0,0,0,0,0,2015-08-29 19:05:29-03:00
0,0,0,0,0,0,2015-08-29 20:19:14-03:00
0,0,0,0,0,0,2015-08-29 20:52:57-03:00
0,0,0,0,0,0,2015-08-29 22:40:48-03:00
0,0,0,0,0,0,2015-08-30 01:51:20-03:00
0,0,0,0,0,0,2015-08-31 20:05:27-03:00
0,0,0,0,0,0,2015-08-31 22:05:54-03:00
0,0,0,0,0,0,2015-08-31 22:12:10-03:00
0,0,0,0,0,0,2015-08-31 22:19:12-03:00
0,0,0,0,0,0,2015-08-31 22:33:11-03:00
0,2,0,0,0,0,2015-09-07 02:31:04-03:00
0,1,0,0,0,0,2015-09-07 04:09:21-03:00
0,0,0,0,0,0,2015-09-09 01:38:55-03:00
0,0,0,0,0,0,2015-09-12 02:53:59-03:00
0,0,0,0,0,0,2015-09-14 02:10:06-03:00
0,0,0,0,0,0,2015-09-16 20:48:32-03:00
0,1,0,0,0,0,2015-09-16 20:50:07-03:00
0,1,0,0,0,0,2015-09-16 22:08:05-03:00
0,0,0,0,0,0,2015-09-17 01:26:25-03:00
0,0,0,0,0,0,2015-09-17 02:02:33-03:00
0,1,0,0,0,0,2015-09-17 02:23:15-03:00
0,1,0,0,0,0,2015-09-17 03:20:52-03:00
0,0,0,0,0,0,2015-09-17 03:47:56-03:00
0,0,0,0,0,0,2015-09-17 18:46:25-03:00
0,0,0,0,0,0,2015-09-18 18:01:26-03:00
0,1,0,0,0,0,2015-09-20 21:41:06-03:00
0,0,0,0,0,0,2015-09-20 21:45:10-03:00
0,1,0,0,0,0,2015-09-20 22:16:49-03:00
0,1,0,0,0,0,2015-09-20 23:02:55-03:00
0,1,0,0,0,0,2015-09-21 03:32:57-03:00
0,0,0,0,0,0,2015-09-21 15:53:34-03:00
0,0,0,0,0,0,2015-09-21 22:17:48-03:00
0,0,0,0,0,0,2015-09-21 22:29:51-03:00
0,0,0,0,0,0,2015-09-23 01:02:29-03:00
0,0,0,0,0,0,2015-09-23 01:37:33-03:00
0,0,0,0,0,0,2015-09-23 01:38:27-03:00
0,2,0,0,0,0,2015-09-24 17:26:16-03:00
0,1,0,0,0,0,2015-09-24 22:07:44-03:00
0,0,0,0,0,0,2015-09-24 22:12:36-03:00
0,1,0,0,0,0,2015-09-25 03:10:59-03:00
0,0,0,0,0,0,2015-09-25 20:31:25-03:00
0,1,0,0,0,0,2015-09-27 17:11:33-03:00
0,0,0,0,0,0,2015-09-28 02:32:36-03:00
0,0,0,0,0,0,2015-09-29 01:59:04-03:00
0,0,0,0,0,0,2015-09-29 02:49:52-03:00
0,1,0,0,0,0,2015-09-29 15:38:42-03:00
0,1,0,0,0,0,2015-10-01 00:43:47-03:00
0,1,0,0,0,0,2015-10-01 02:06:29-03:00
0,0,0,0,0,0,2015-10-01 15:53:00-03:00
0,0,0,0,0,0,2015-10-01 17:00:53-03:00
0,1,0,0,0,0,2015-10-01 23:59:17-03:00
1,2,0,0,1,0,2015-10-02 01:56:25-03:00
0,1,0,0,0,0,2015-10-02 21:49:41-03:00
0,0,0,0,0,0,2015-10-03 03:13:27-03:00
0,1,0,0,0,0,2015-10-04 02:56:24-03:00
0,0,0,0,0,0,2015-10-04 03:04:04-03:00
0,1,0,0,0,0,2015-10-05 22:45:46-03:00
0,1,0,0,0,0,2015-10-06 20:15:53-03:00
0,0,0,0,0,0,2015-10-06 20:21:42-03:00
0,0,0,0,0,0,2015-10-06 20:41:56-03:00
0,0,0,0,0,0,2015-10-07 01:25:29-03:00
0,2,0,0,0,0,2015-10-08 01:05:34-03:00
0,1,0,0,0,0,2015-10-10 15:38:42-03:00
0,0,0,0,0,0,2015-10-11 03:12:38-03:00
0,0,0,0,0,0,2015-10-11 17:58:04-03:00
0,1,0,0,0,0,2015-10-14 22:19:30-03:00
0,0,0,0,0,0,2015-10-15 00:19:16-03:00
0,0,0,0,0,0,2015-10-16 17:33:05-03:00
0,0,0,0,0,0,2015-10-19 04:12:22-03:00
0,0,0,0,0,0,2015-10-23 05:44:12-03:00
0,0,0,0,0,0,2015-10-26 04:15:56-03:00
0,0,0,0,0,0,2015-10-26 04:23:34-03:00
0,1,0,0,0,0,2015-10-28 02:19:28-03:00
0,1,0,0,0,0,2015-10-28 03:30:42-03:00
0,0,0,0,0,0,2015-10-29 22:15:16-03:00
0,0,0,0,0,0,2015-10-29 23:44:31-03:00
0,0,0,0,0,0,2015-10-30 00:10:29-03:00
0,0,0,0,0,0,2015-10-30 00:14:01-03:00
3,1,0,0,0,0,2015-10-30 00:17:20-03:00
0,0,0,0,0,0,2015-10-30 00:22:05-03:00
0,0,0,0,0,0,2015-10-30 00:30:41-03:00
0,0,0,0,0,0,2015-10-30 00:31:36-03:00
0,0,0,0,0,0,2015-10-30 00:50:50-03:00
2,1,0,0,0,0,2015-11-01 21:26:45-04:00
0,1,0,0,0,0,2015-11-02 22:53:26-04:00
0,1,0,0,0,0,2015-11-03 03:36:15-04:00
0,0,0,0,0,0,2015-11-03 03:40:32-04:00
0,1,0,0,0,0,2015-11-03 05:46:41-04:00
0,1,0,0,0,0,2015-11-03 06:18:54-04:00
0,0,0,0,0,0,2015-11-03 18:40:51-04:00
0,0,0,0,0,0,2015-11-03 19:14:30-04:00
0,1,0,0,0,0,2015-11-03 19:40:58-04:00
0,0,0,0,0,0,2015-11-04 02:28:22-04:00
0,0,0,0,0,0,2015-11-04 14:03:26-04:00
0,0,0,0,0,0,2015-11-04 17:16:38-04:00
0,2,0,0,0,0,2015-11-08 05:14:27-04:00
0,0,0,0,0,0,2015-11-09 03:17:38-04:00
0,0,0,0,0,0,2015-11-09 03:24:52-04:00
0,0,0,0,0,0,2015-11-09 03:51:33-04:00
0,0,0,0,0,0,2015-11-09 04:12:54-04:00
0,0,0,0,0,0,2015-11-09 04:13:19-04:00
0,0,0,0,0,0,2015-11-09 04:21:29-04:00
0,1,0,0,0,0,2015-11-10 17:33:40-04:00
0,0,0,0,0,0,2015-11-10 17:39:47-04:00
0,0,0,0,0,0,2015-11-10 18:33:10-04:00
0,3,0,0,0,0,2015-11-14 00:31:27-04:00
0,0,0,0,0,0,2015-11-19 03:47:19-04:00
0,0,0,0,0,0,2015-11-22 21:37:43-04:00
0,0,0,0,0,0,2015-11-23 03:45:25-04:00
0,1,0,0,0,0,2015-11-24 21:56:18-04:00
0,0,0,0,0,0,2015-11-24 22:41:16-04:00
0,0,0,0,0,0,2015-11-25 05:23:54-04:00
0,0,0,0,0,0,2015-11-25 12:42:28-04:00
0,1,0,0,0,0,2015-11-25 13:21:59-04:00
0,1,0,0,0,0,2015-11-25 14:12:29-04:00
0,0,0,0,0,0,2015-11-25 15:16:58-04:00
0,0,0,0,0,0,2015-11-27 02:18:40-04:00
0,1,0,0,0,0,2015-11-28 01:46:50-04:00
0,0,0,0,0,0,2015-11-28 17:04:26-04:00
0,0,0,0,0,0,2015-11-28 17:21:50-04:00
1,2,0,0,0,0,2015-11-29 04:56:40-04:00
1,3,0,0,0,0,2015-11-30 19:59:12-04:00
1,1,0,0,0,0,2015-11-30 20:45:26-04:00
1,3,0,0,0,0,2015-12-01 03:36:37-04:00
0,0,0,0,0,0,2015-12-02 02:59:59-04:00
0,0,0,0,0,0,2015-12-02 03:27:27-04:00
0,2,0,0,0,0,2015-12-02 06:46:02-04:00
1,1,0,0,0,0,2015-12-02 15:09:34-04:00
0,0,0,0,0,0,2015-12-02 15:56:03-04:00
0,0,0,0,0,0,2015-12-02 16:13:08-04:00
0,1,0,0,0,0,2015-12-02 18:35:49-04:00
1,2,0,0,0,0,2015-12-02 20:10:45-04:00
0,0,0,0,0,0,2015-12-02 21:04:42-04:00
0,1,0,0,0,0,2015-12-02 23:08:14-04:00
0,0,0,0,0,0,2015-12-02 23:25:13-04:00
0,1,0,0,0,0,2015-12-03 03:36:29-04:00
0,4,0,0,0,0,2015-12-09 02:42:11-04:00
1,1,0,0,0,0,2015-12-09 03:32:32-04:00
0,2,0,0,0,0,2015-12-09 04:55:00-04:00
0,0,0,0,0,0,2015-12-25 13:27:50-04:00
0,4,0,0,0,0,2015-12-25 14:31:03-04:00
1,1,0,0,0,0,2015-12-25 15:37:50-04:00
1,4,0,0,0,0,2016-01-01 01:17:11-04:00
1,3,0,0,0,0,2016-01-01 03:00:54-04:00
0,1,0,0,0,0,2016-01-02 04:13:09-04:00
1,4,0,0,0,0,2016-01-05 00:13:11-04:00
0,2,0,0,0,0,2016-01-05 05:46:09-04:00
1,1,0,0,0,0,2016-01-09 20:16:45-04:00
0,0,0,0,0,0,2016-01-11 03:32:36-04:00
0,0,0,0,0,0,2016-01-13 19:20:24-04:00
0,0,0,0,0,0,2016-01-13 20:58:50-04:00
0,1,0,0,0,0,2016-02-09 18:14:26-04:00
1,1,0,0,0,0,2016-02-09 18:53:31-04:00
0,0,0,0,0,0,2016-02-09 20:21:39-04:00
0,0,0,0,0,0,2016-02-11 03:44:10-04:00
0,1,0,0,0,0,2016-02-12 01:56:54-04:00
0,0,0,0,0,0,2016-02-12 02:53:02-04:00
0,0,0,0,0,0,2016-02-12 17:30:22-04:00
0,0,0,0,0,0,2016-02-12 23:10:45-04:00
0,0,0,0,0,0,2016-02-13 03:40:22-04:00
0,1,0,0,0,0,2016-02-15 04:33:41-04:00
0,0,0,0,0,0,2016-02-16 02:05:35-04:00
0,0,0,0,0,0,2016-02-18 01:32:27-04:00
1,1,0,0,0,0,2016-02-18 03:25:50-04:00
1,2,0,0,0,0,2016-02-19 02:03:09-04:00
1,3,0,0,0,0,2016-02-19 02:22:17-04:00
1,3,0,0,0,0,2016-02-26 21:47:22-04:00
0,1,0,0,0,0,2016-02-27 02:25:44-04:00
0,0,0,0,0,0,2016-03-01 01:17:45-04:00
0,0,0,0,0,0,2016-03-07 19:06:47-04:00
0,0,0,0,0,0,2016-03-07 20:52:30-04:00
1,2,0,0,0,0,2016-03-07 22:57:59-04:00
0,3,0,0,0,0,2016-03-11 01:45:21-04:00
1,2,0,0,0,0,2016-03-16 17:02:58-03:00
0,0,0,0,0,0,2016-03-19 02:04:00-03:00
0,0,0,0,0,0,2016-03-19 03:02:33-03:00
0,0,0,0,0,0,2016-03-21 16:21:27-03:00
1,2,0,0,0,0,2016-06-17 20:41:53-03:00
0,0,0,0,0,0,2016-06-17 20:43:43-03:00
0,0,0,0,0,0,2016-06-17 20:44:32-03:00
2,5,0,0,1,0,2016-06-17 20:45:12-03:00
0,0,0,0,0,0,2016-06-17 20:46:03-03:00
2,5,0,0,0,0,2016-08-26 00:46:53-03:00
0,1,0,0,0,0,2016-08-27 18:42:45-03:00
0,1,0,0,0,0,2016-08-29 00:46:07-03:00
0,1,0,0,0,0,2016-08-30 01:55:50-03:00
0,0,0,0,0,0,2016-09-07 12:21:42-03:00
0,0,0,0,0,0,2016-09-07 13:07:45-03:00
0,0,0,0,0,0,2016-09-07 13:51:47-03:00
0,0,0,0,0,0,2016-09-07 14:39:33-03:00
0,0,0,0,0,0,2016-09-07 19:33:24-03:00
0,0,0,0,0,0,2016-09-07 20:35:29-03:00
0,0,0,0,0,0,2016-09-07 20:36:44-03:00
0,0,0,0,0,0,2016-09-22 18:05:10-03:00
1,0,0,0,0,0,2016-09-22 19:15:04-03:00
1,0,0,0,0,0,2016-09-23 00:39:57-03:00
1,2,0,0,0,0,2016-09-23 00:55:42-03:00
0,0,0,0,0,0,2016-09-23 01:38:07-03:00
0,0,0,0,0,0,2016-09-23 01:43:11-03:00
3,2,0,0,0,0,2016-09-23 02:31:50-03:00
1,1,0,0,0,0,2016-09-23 03:19:07-03:00
1,1,0,0,0,0,2016-09-23 03:31:08-03:00
0,0,0,0,0,0,2016-09-23 03:38:01-03:00
1,3,0,0,1,0,2016-09-23 03:51:27-03:00
0,0,0,0,0,0,2016-09-23 03:52:44-03:00
1,1,0,0,0,0,2016-09-23 04:18:55-03:00
0,0,0,0,0,0,2016-09-23 04:22:42-03:00
0,0,0,0,0,0,2016-09-24 16:50:31-03:00
0,1,0,0,0,0,2016-09-24 19:39:56-03:00
1,1,0,0,0,0,2016-09-24 20:19:09-03:00
0,0,0,0,0,0,2016-09-24 20:34:34-03:00
0,0,0,0,0,0,2016-09-25 22:58:15-03:00
2,2,0,0,0,0,2016-09-26 00:40:01-03:00
1,2,0,0,0,0,2016-09-26 00:48:07-03:00
0,0,0,0,0,0,2016-09-26 02:14:08-03:00
0,2,0,0,0,0,2016-09-26 03:11:50-03:00
0,0,0,0,0,0,2016-09-26 19:27:26-03:00
4,5,0,0,0,0,2016-09-26 19:38:36-03:00
0,0,0,0,0,0,2016-09-26 20:37:20-03:00
0,1,0,0,0,0,2016-09-26 20:44:31-03:00
2,1,0,0,0,0,2016-09-26 21:12:15-03:00
1,3,0,0,0,0,2016-09-26 22:27:28-03:00
0,0,0,0,0,0,2016-09-26 22:45:25-03:00
1,0,0,0,0,0,2016-10-03 01:49:06-03:00
0,0,0,0,0,0,2016-10-03 01:49:26-03:00
2,1,0,0,0,0,2016-10-03 02:22:37-03:00
0,0,0,0,0,0,2016-10-03 02:24:42-03:00
2,2,0,0,0,0,2016-10-03 03:33:43-03:00
2,2,0,0,0,0,2016-10-03 22:07:56-03:00
2,2,0,0,0,0,2016-10-03 23:40:57-03:00
0,0,0,0,0,0,2016-10-03 23:52:04-03:00
0,0,0,0,0,0,2016-10-04 00:05:35-03:00
0,3,0,0,0,0,2016-10-04 00:39:10-03:00
3,4,0,0,1,0,2016-10-04 01:33:33-03:00
1,4,0,0,0,0,2016-10-04 01:48:30-03:00
2,3,0,0,1,0,2016-10-04 15:05:56-03:00
1,1,0,0,0,0,2016-10-04 15:25:50-03:00
1,1,0,0,0,0,2016-10-04 15:34:03-03:00
0,0,0,0,0,0,2016-10-04 15:42:23-03:00
1,2,0,0,0,0,2016-10-04 15:54:39-03:00
1,1,0,0,0,0,2016-10-04 16:02:39-03:00
0,0,0,0,0,0,2016-10-04 16:10:08-03:00
0,0,0,0,0,0,2016-10-04 16:12:28-03:00
0,0,0,0,0,0,2016-10-04 16:19:58-03:00
0,0,0,0,0,0,2016-10-04 16:41:51-03:00
0,0,0,0,0,0,2016-10-04 16:54:27-03:00
0,0,0,0,0,0,2016-10-04 16:58:46-03:00
0,0,0,0,0,0,2016-10-04 17:02:52-03:00
0,0,0,0,0,0,2016-10-04 17:21:28-03:00
0,0,0,0,0,0,2016-10-04 18:11:09-03:00
0,0,0,0,0,0,2016-10-04 18:24:43-03:00
0,0,0,0,0,0,2016-10-04 18:41:46-03:00
0,0,0,0,0,0,2016-10-04 18:57:04-03:00
0,0,0,0,0,0,2016-10-04 19:10:35-03:00
0,0,0,0,0,0,2016-10-04 19:34:40-03:00
0,0,0,0,0,0,2016-10-04 19:45:55-03:00
0,0,0,0,0,0,2016-10-04 19:47:27-03:00
0,0,0,0,0,0,2016-10-04 20:01:16-03:00
0,0,0,0,0,0,2016-10-04 20:04:13-03:00
0,0,0,0,0,0,2016-10-04 20:14:19-03:00
0,1,0,0,0,0,2016-10-04 21:21:04-03:00
0,0,0,0,0,0,2016-10-04 21:21:40-03:00
2,2,0,0,1,0,2016-10-04 22:38:16-03:00
0,0,0,0,0,0,2016-10-04 22:38:31-03:00
2,4,0,0,1,0,2016-10-04 23:09:33-03:00
2,4,0,0,1,0,2016-10-05 00:25:07-03:00
1,1,0,0,1,0,2016-10-05 00:31:55-03:00
2,3,0,0,0,0,2016-10-05 01:23:51-03:00
2,3,0,0,1,0,2016-10-05 01:41:53-03:00
2,3,0,0,1,0,2016-10-05 21:23:15-03:00
0,0,0,0,0,0,2016-10-05 22:23:01-03:00
1,1,0,0,0,0,2016-10-05 22:24:12-03:00
0,0,0,0,0,0,2016-10-05 22:38:54-03:00
0,0,0,0,0,0,2016-10-05 22:54:08-03:00
0,0,0,0,0,0,2016-10-05 23:12:04-03:00
0,0,0,0,0,0,2016-10-05 23:41:47-03:00
0,1,0,0,0,0,2016-10-05 23:42:02-03:00
0,0,0,0,0,0,2016-10-06 00:00:51-03:00
0,0,0,0,0,0,2016-10-06 00:04:25-03:00
0,0,0,0,0,0,2016-10-06 00:09:28-03:00
0,0,0,0,0,0,2016-10-06 00:22:05-03:00
0,0,0,0,0,0,2016-10-06 00:37:26-03:00
0,0,0,0,0,0,2016-10-06 00:56:55-03:00
0,0,0,0,0,0,2016-10-06 00:57:55-03:00
0,0,0,0,0,0,2016-10-06 00:58:28-03:00
0,0,0,0,0,0,2016-10-06 01:10:11-03:00
0,0,0,0,0,0,2016-10-06 01:22:55-03:00
0,0,0,0,0,0,2016-10-06 01:52:54-03:00
0,0,0,0,0,0,2016-10-06 02:07:49-03:00
