Acquisition,Preparation,Modeling,Training,Evaluation,Prediction,time
4,3,0,2,2,0,2021-12-20 02:24:29-03:00
0,0,0,0,0,0,2021-12-20 02:28:11-03:00
0,0,0,0,0,0,2021-12-20 02:32:08-03:00
0,0,0,0,0,0,2021-12-20 02:35:03-03:00
0,0,0,0,0,0,2021-12-20 02:37:17-03:00
0,0,0,0,0,0,2021-12-20 02:38:45-03:00
0,0,0,0,0,0,2021-12-20 02:40:16-03:00
0,0,0,0,0,0,2021-12-20 02:43:13-03:00
0,0,0,0,0,0,2021-12-20 02:45:31-03:00
0,0,0,0,0,0,2021-12-20 02:47:18-03:00
0,0,0,0,0,0,2021-12-20 02:49:45-03:00
0,0,0,0,0,0,2021-12-20 02:52:11-03:00
0,0,0,0,0,0,2021-12-20 02:57:34-03:00
0,0,0,0,0,0,2021-12-20 02:59:23-03:00
1,0,0,0,0,0,2021-12-20 03:03:25-03:00
1,1,0,0,0,0,2021-12-20 03:06:21-03:00
0,0,0,0,0,0,2021-12-20 03:29:11-03:00
0,0,0,0,0,0,2021-12-20 03:47:12-03:00
0,0,0,0,0,0,2021-12-20 03:53:13-03:00
0,0,0,0,0,0,2021-12-20 03:53:39-03:00
0,0,0,0,0,0,2021-12-20 04:06:33-03:00
0,0,0,0,0,0,2021-12-20 19:04:10-03:00
0,0,0,0,0,0,2021-12-20 19:06:44-03:00
0,0,0,0,0,0,2021-12-20 19:10:02-03:00
0,0,0,0,0,0,2021-12-20 19:13:37-03:00
0,0,0,0,0,0,2021-12-20 19:15:05-03:00
0,0,0,0,0,0,2021-12-20 19:25:10-03:00
0,0,0,0,0,0,2021-12-20 20:14:06-03:00
0,0,0,0,0,0,2021-12-20 20:27:49-03:00
0,0,0,0,0,0,2021-12-20 20:29:07-03:00
0,0,0,0,0,0,2021-12-20 20:30:24-03:00
0,0,0,0,0,0,2021-12-20 20:31:16-03:00
0,0,0,0,0,0,2021-12-20 20:32:43-03:00
0,0,0,0,0,0,2021-12-20 20:34:54-03:00
0,0,0,0,0,0,2021-12-20 20:36:39-03:00
0,0,0,0,0,0,2021-12-20 20:37:58-03:00
0,0,0,0,0,0,2021-12-20 20:43:15-03:00
0,0,0,0,0,0,2021-12-20 20:47:11-03:00
0,0,0,0,0,0,2021-12-20 20:51:22-03:00
0,0,0,0,0,0,2021-12-20 20:53:05-03:00
0,0,0,0,0,0,2021-12-20 21:03:30-03:00
0,0,0,0,0,0,2021-12-20 21:09:39-03:00
0,0,0,0,0,0,2021-12-20 21:18:47-03:00
0,0,0,0,0,0,2021-12-20 21:23:52-03:00
0,0,0,0,0,0,2021-12-20 21:24:03-03:00
0,0,0,0,0,0,2021-12-20 21:31:14-03:00
0,0,0,0,0,0,2021-12-20 21:36:41-03:00
0,0,0,0,0,0,2021-12-20 21:44:55-03:00
0,0,0,0,0,0,2021-12-20 21:48:31-03:00
0,0,0,0,0,0,2021-12-20 21:50:31-03:00
0,0,0,0,0,0,2021-12-20 21:56:42-03:00
0,0,0,0,0,0,2021-12-20 21:58:52-03:00
0,0,0,0,0,0,2021-12-20 22:01:20-03:00
0,0,0,0,0,0,2021-12-20 22:04:12-03:00
0,0,0,0,0,0,2021-12-20 22:08:23-03:00
3,3,0,2,2,0,2021-12-20 22:32:18-03:00
0,0,0,0,0,0,2021-12-20 22:35:47-03:00
0,0,0,0,0,0,2021-12-20 22:39:21-03:00
0,0,0,0,0,0,2021-12-20 22:42:02-03:00
0,0,0,0,0,0,2021-12-20 22:44:00-03:00
0,0,0,0,0,0,2021-12-20 22:45:37-03:00
1,1,0,0,0,0,2021-12-20 22:49:01-03:00
0,0,0,0,0,0,2021-12-20 22:55:33-03:00
0,0,0,0,0,0,2021-12-20 22:58:10-03:00
0,0,0,0,0,0,2021-12-20 23:01:41-03:00
0,0,0,0,0,0,2021-12-20 23:05:50-03:00
0,0,0,0,0,0,2021-12-20 23:09:33-03:00
1,1,0,0,0,0,2021-12-20 23:26:27-03:00
0,0,0,0,0,0,2021-12-20 23:31:26-03:00
0,0,0,0,0,0,2021-12-20 23:34:26-03:00
0,0,0,0,0,0,2021-12-20 23:40:06-03:00
0,0,0,0,0,0,2021-12-20 23:44:16-03:00
1,1,0,0,0,0,2021-12-20 23:50:08-03:00
0,0,0,0,0,0,2021-12-20 23:50:19-03:00
1,1,0,0,0,0,2021-12-20 23:54:02-03:00
1,1,0,0,0,0,2021-12-20 23:57:18-03:00
0,0,0,0,0,0,2021-12-20 23:57:49-03:00
0,0,0,0,0,0,2021-12-21 00:00:30-03:00
0,0,0,0,0,0,2021-12-21 00:02:19-03:00
0,0,0,0,0,0,2021-12-21 00:02:30-03:00
0,0,0,0,0,0,2021-12-21 00:04:36-03:00
0,0,0,0,0,0,2021-12-21 00:07:59-03:00
0,0,0,0,0,0,2021-12-21 00:12:45-03:00
1,0,0,0,0,0,2021-12-21 00:15:43-03:00
1,0,0,0,0,0,2021-12-21 00:20:36-03:00
0,0,0,0,0,0,2021-12-21 00:24:04-03:00
0,0,0,0,0,0,2021-12-21 00:26:12-03:00
1,1,0,0,0,0,2021-12-21 00:30:24-03:00
1,0,0,0,0,0,2021-12-21 00:32:57-03:00
0,0,0,0,0,0,2021-12-21 00:39:29-03:00
0,0,0,0,0,0,2021-12-21 00:40:25-03:00
0,0,0,0,0,0,2021-12-21 00:44:00-03:00
0,0,0,0,0,0,2021-12-21 11:52:00-03:00
0,0,0,0,0,0,2021-12-21 13:03:10-03:00
0,0,0,0,0,0,2021-12-21 13:22:23-03:00
3,1,0,0,0,0,2021-12-21 14:22:41-03:00
1,0,0,0,0,0,2021-12-21 14:25:08-03:00
