Acquisition,Preparation,Modeling,Training,Evaluation,Prediction,time
0,1,0,0,0,0,2019-11-02 10:05:34-04:00
0,0,0,0,0,0,2019-11-02 10:14:40-04:00
0,0,0,0,0,0,2019-11-02 10:30:14-04:00
0,1,0,0,0,0,2019-11-02 11:05:56-04:00
0,1,0,0,0,0,2019-11-02 11:19:15-04:00
0,1,0,0,0,0,2019-11-02 12:46:08-04:00
0,0,0,0,0,0,2019-11-02 12:55:39-04:00
0,0,0,0,0,0,2019-11-02 12:55:44-04:00
0,0,0,0,0,0,2019-11-02 13:03:19-04:00
0,1,0,0,0,0,2019-11-02 13:26:26-04:00
0,0,0,0,0,0,2019-11-02 13:54:24-04:00
1,1,1,1,1,0,2019-11-02 16:25:21-04:00
1,1,1,1,1,0,2019-11-02 17:33:49-04:00
1,1,1,1,1,0,2019-11-02 17:40:06-04:00
0,0,0,0,0,0,2019-11-02 17:43:16-04:00
0,0,0,0,0,0,2019-11-02 17:46:55-04:00
0,0,0,0,0,0,2019-11-02 18:10:05-04:00
0,0,0,0,0,0,2019-11-02 18:44:35-04:00
0,0,0,0,0,0,2019-11-02 18:46:42-04:00
0,0,0,0,0,0,2019-11-02 18:46:47-04:00
0,0,0,0,0,0,2019-11-02 18:48:35-04:00
0,0,0,0,0,0,2019-11-02 18:52:11-04:00
0,0,0,0,0,0,2019-11-02 19:13:50-04:00
0,0,0,0,0,0,2019-11-02 19:19:35-04:00
1,0,0,0,0,0,2019-11-02 19:22:59-04:00
0,0,0,0,0,0,2019-11-02 19:23:01-04:00
0,0,0,0,0,0,2019-11-02 19:23:08-04:00
0,0,0,0,0,0,2019-11-02 19:32:53-04:00
0,0,0,0,0,0,2019-11-02 19:56:16-04:00
0,0,0,0,0,0,2019-11-02 20:07:34-04:00
1,0,0,0,0,0,2019-11-02 20:12:30-04:00
0,0,0,0,0,0,2019-11-02 20:12:33-04:00
0,0,0,0,0,0,2019-11-02 20:36:45-04:00
0,0,0,0,0,0,2019-11-02 20:41:04-04:00
0,0,0,0,0,0,2019-11-02 20:50:44-04:00
0,0,0,0,0,0,2019-11-02 21:01:24-04:00
0,0,0,0,0,0,2019-11-02 21:07:27-04:00
0,0,0,0,0,0,2019-11-02 21:18:04-04:00
1,0,0,0,0,0,2019-11-02 21:43:30-04:00
1,0,0,0,0,0,2019-11-02 21:47:06-04:00
1,0,0,0,0,0,2019-11-03 08:51:26-05:00
1,0,0,0,0,0,2019-11-03 08:52:09-05:00
0,0,0,0,0,0,2019-11-03 08:52:13-05:00
1,0,0,0,0,0,2019-11-03 09:15:38-05:00
1,0,0,0,0,0,2019-11-03 09:24:11-05:00
0,0,0,0,0,0,2019-11-03 09:30:29-05:00
1,0,0,0,0,0,2019-11-03 09:35:14-05:00
1,0,0,0,0,0,2019-11-03 10:19:53-05:00
1,0,0,0,0,0,2019-11-03 10:30:35-05:00
1,0,0,0,0,0,2019-11-03 10:35:23-05:00
0,0,0,0,0,0,2019-11-03 10:35:27-05:00
1,0,0,0,0,0,2019-11-03 10:46:45-05:00
0,0,0,0,0,0,2019-11-03 10:46:56-05:00
1,0,0,0,0,0,2019-11-03 10:57:10-05:00
1,1,0,0,0,0,2019-11-03 11:02:12-05:00
0,0,0,0,0,0,2019-11-03 11:02:15-05:00
1,0,0,0,0,0,2019-11-03 11:22:07-05:00
1,0,0,0,0,0,2019-11-03 11:44:24-05:00
0,0,0,0,0,0,2019-11-03 12:00:02-05:00
0,0,0,0,0,0,2019-11-03 12:24:10-05:00
0,0,0,0,0,0,2019-11-03 12:24:19-05:00
0,0,0,0,0,0,2019-11-03 12:54:14-05:00
0,0,0,0,0,0,2019-11-03 13:03:20-05:00
