Acquisition,Preparation,Modeling,Training,Evaluation,Prediction,time
0,0,0,0,0,0,2019-06-24 12:33:38+02:00
0,0,0,0,0,0,2019-06-24 12:35:52+02:00
0,0,0,0,0,0,2019-07-01 17:21:40+02:00
0,0,0,0,0,0,2019-07-01 17:48:16+02:00
0,0,0,0,0,0,2019-07-01 21:01:43+02:00
0,0,0,0,0,0,2019-07-04 08:20:47+02:00
0,0,0,0,0,0,2019-07-04 10:44:57+02:00
0,0,0,0,0,0,2019-07-04 11:29:57+02:00
0,0,0,0,0,0,2019-07-05 11:36:55+02:00
0,0,0,0,0,0,2019-07-05 12:23:29+02:00
0,0,0,0,0,0,2019-07-05 14:21:15+02:00
0,0,0,0,0,0,2019-07-18 20:36:55+02:00
0,0,0,0,0,0,2019-07-18 20:37:34+02:00
0,0,0,0,0,0,2019-07-18 21:14:50+02:00
0,1,0,0,0,0,2019-07-18 21:15:42+02:00
0,0,0,0,0,0,2019-07-19 14:52:03+02:00
0,0,0,0,0,0,2019-07-19 14:52:43+02:00
1,1,1,1,0,0,2019-07-20 10:21:29-07:00
1,1,1,1,0,0,2019-07-20 10:21:49-07:00
0,1,0,0,0,0,2019-07-20 10:21:54-07:00
2,3,2,2,0,0,2019-07-20 22:25:23+02:00
0,1,0,0,0,0,2019-07-20 22:43:56+02:00
0,0,0,0,0,0,2019-07-20 22:44:12+02:00
0,1,0,0,0,0,2019-07-20 22:44:35+02:00
0,0,0,0,0,0,2019-07-20 22:44:45+02:00
2,3,2,2,0,0,2019-07-20 23:32:26+02:00
0,0,0,0,0,0,2019-07-21 00:19:34+02:00
1,1,1,1,0,0,2019-07-21 12:50:42+02:00
1,2,1,1,0,0,2019-07-21 14:12:40+02:00
1,2,1,1,0,0,2019-07-21 15:25:05+02:00
2,2,2,2,0,0,2019-07-21 15:55:50+02:00
1,1,1,1,0,0,2019-07-21 18:56:37+02:00
2,3,2,2,0,0,2019-07-21 20:08:13+02:00
1,0,0,0,0,0,2019-07-23 22:12:04+02:00
1,1,1,1,0,0,2019-07-27 13:32:02+02:00
4,4,2,2,2,0,2019-07-27 18:46:47+02:00
3,3,2,2,1,0,2019-07-27 21:08:21+02:00
2,1,1,1,0,0,2019-07-27 22:26:54+02:00
1,1,1,1,0,0,2019-07-27 22:54:08+02:00
1,1,1,1,0,0,2019-07-27 22:55:11+02:00
2,1,1,1,0,0,2019-07-28 01:10:34+02:00
2,0,0,0,0,0,2019-07-28 15:20:41+02:00
0,0,0,0,0,0,2019-07-28 19:21:41+02:00
1,2,1,1,0,0,2019-07-28 19:46:58+02:00
0,0,0,0,0,0,2019-08-05 21:54:11+02:00
0,1,1,1,0,1,2019-08-10 15:47:02+02:00
0,0,0,0,0,0,2019-08-10 15:48:02+02:00
0,1,0,0,0,0,2019-08-10 15:49:54+02:00
1,1,0,0,0,0,2019-08-10 15:53:47+02:00
0,1,1,1,0,1,2019-08-10 15:56:20+02:00
0,1,1,1,0,1,2019-08-10 15:57:22+02:00
4,3,2,2,1,0,2019-08-10 16:01:24+02:00
1,3,1,1,0,1,2019-08-12 20:13:12+02:00
1,2,1,1,0,1,2019-08-13 07:57:20+02:00
1,3,1,1,0,1,2019-08-26 09:16:04+02:00
2,2,1,1,0,1,2019-08-28 23:18:17+02:00
3,2,1,1,0,1,2019-08-30 09:59:01+02:00
2,0,0,0,0,0,2019-08-30 10:07:19+02:00
4,2,1,1,0,2,2019-08-30 21:38:16+02:00
2,1,1,1,0,2,2019-08-30 22:25:43+02:00
4,1,0,0,0,1,2019-08-31 13:39:54+02:00
4,3,1,1,0,2,2019-08-31 16:43:44+02:00
2,1,0,0,0,1,2019-08-31 17:34:05+02:00
0,1,0,0,0,0,2019-08-31 21:59:26+02:00
0,1,1,1,0,1,2019-08-31 21:59:50+02:00
0,1,0,0,0,0,2019-08-31 22:00:23+02:00
1,1,0,0,0,0,2019-08-31 22:00:34+02:00
7,6,1,1,1,2,2019-09-21 13:39:02+02:00
0,0,0,0,0,0,2019-10-02 21:58:48+02:00
4,7,1,1,1,1,2019-10-03 15:42:25+02:00
0,0,0,0,0,0,2019-10-03 15:42:55+02:00
4,6,1,1,0,3,2019-10-03 15:49:43+02:00
1,1,0,0,0,0,2019-10-03 21:56:33+02:00
0,0,0,0,0,0,2019-10-03 21:59:43+02:00
4,7,1,1,1,1,2019-10-06 22:29:46+02:00
2,2,1,1,0,1,2019-10-25 19:30:52+02:00
7,7,2,1,1,3,2019-11-24 16:25:10+01:00
1,1,1,1,1,1,2019-11-24 16:46:03+01:00
2,1,1,1,1,2,2019-11-25 11:41:47+01:00
6,9,3,2,2,2,2019-11-27 22:09:13+01:00
1,1,1,1,1,1,2019-11-27 22:48:23+01:00
0,1,0,0,0,0,2019-11-27 22:48:53+01:00
1,1,0,0,0,0,2019-11-27 22:49:21+01:00
0,0,0,0,0,0,2019-11-27 22:54:03+01:00
0,0,0,0,0,0,2019-11-27 22:54:59+01:00
0,0,0,0,0,0,2019-11-28 12:57:43+01:00
0,0,0,0,0,0,2019-11-29 20:02:11+01:00
0,0,0,0,0,0,2019-11-29 20:02:51+01:00
0,0,0,0,0,0,2019-11-29 20:29:21+01:00
1,1,0,0,0,0,2019-11-29 20:34:47+01:00
0,1,0,0,0,0,2019-11-29 20:35:12+01:00
1,1,1,1,1,1,2019-11-29 20:35:23+01:00
0,0,0,0,0,0,2019-11-29 20:35:38+01:00
0,0,0,0,0,0,2019-11-29 20:36:52+01:00
0,0,0,0,0,0,2019-11-29 20:37:11+01:00
0,0,0,0,0,0,2019-11-29 20:40:16+01:00
0,0,0,0,0,0,2019-11-29 20:41:37+01:00
0,0,0,0,0,0,2019-11-29 20:44:59+01:00
0,0,0,0,0,0,2019-11-29 21:09:21+01:00
0,0,0,0,0,0,2019-11-30 19:27:11+01:00
0,0,0,0,0,0,2019-11-30 19:27:55+01:00
0,1,0,0,0,0,2019-11-30 20:14:26+01:00
1,1,1,1,1,1,2019-11-30 20:15:46+01:00
0,0,0,0,0,0,2019-11-30 20:17:03+01:00
0,0,0,0,0,0,2019-11-30 20:17:28+01:00
1,1,0,0,0,0,2019-11-30 20:18:07+01:00
0,0,0,0,0,0,2019-11-30 20:19:55+01:00
0,0,0,0,0,0,2019-12-09 18:52:32+01:00
0,0,0,0,0,0,2019-12-09 18:52:50+01:00
1,1,1,1,1,1,2019-12-09 18:54:51+01:00
0,0,0,0,0,0,2019-12-09 18:55:42+01:00
0,1,0,0,0,0,2019-12-09 18:56:13+01:00
1,1,0,0,0,0,2019-12-09 18:57:33+01:00
0,0,0,0,0,0,2019-12-19 15:14:02+01:00
1,1,1,1,1,1,2020-12-19 20:42:03+01:00
0,1,0,0,0,0,2020-12-19 20:42:38+01:00
0,0,0,0,0,0,2020-12-19 20:43:07+01:00
1,1,1,1,0,1,2020-12-21 10:53:39+01:00
0,0,0,0,0,0,2020-12-21 10:53:53+01:00
1,1,1,1,0,1,2020-12-21 17:57:39+01:00
0,0,0,0,0,0,2020-12-21 17:58:04+01:00
1,1,0,0,0,0,2020-12-21 18:11:52+01:00
1,1,1,1,0,1,2020-12-22 11:40:46+01:00
0,1,0,0,0,0,2020-12-22 11:41:16+01:00
0,0,0,0,0,0,2021-04-17 15:20:15+02:00
