Acquisition,Preparation,Modeling,Training,Evaluation,Prediction,time
0,0,0,0,0,0,2020-10-16 10:03:37-04:00
0,0,0,0,0,0,2020-10-16 19:19:00-04:00
0,0,0,0,0,0,2020-10-16 19:19:58-04:00
0,0,0,0,0,0,2020-10-16 19:25:40-04:00
0,0,0,0,0,0,2020-10-16 19:44:13-04:00
0,0,0,0,0,0,2020-10-16 20:02:29-04:00
0,0,0,0,0,0,2020-10-16 20:04:23-04:00
0,1,0,0,0,0,2020-10-16 22:01:39-04:00
0,2,0,0,0,0,2020-10-16 23:36:32-04:00
0,0,0,0,0,0,2020-10-16 23:45:02-04:00
1,3,1,0,0,0,2020-10-17 14:34:59-04:00
2,3,1,0,1,0,2020-10-18 08:49:05-04:00
0,0,0,0,0,0,2020-10-19 08:55:12-04:00
3,3,2,0,1,0,2020-10-27 21:21:29-04:00
0,0,0,0,0,0,2020-10-27 21:23:10-04:00
1,2,0,0,0,0,2020-10-27 21:23:54-04:00
2,1,1,0,0,0,2020-10-28 23:24:42-04:00
3,3,0,0,3,0,2020-10-30 19:28:07-04:00
3,3,0,0,2,0,2020-10-30 22:26:04-04:00
0,0,0,0,0,0,2020-12-15 14:59:30-05:00
0,0,0,0,0,0,2020-12-16 08:44:37-05:00
0,0,0,0,0,0,2020-12-16 08:53:29-05:00
0,0,0,0,0,0,2020-12-16 08:56:27-05:00
0,0,0,0,0,0,2020-12-16 09:22:02-05:00
0,0,0,0,0,0,2020-12-16 13:54:35-05:00
0,0,0,0,0,0,2020-12-17 09:24:21-05:00
0,0,0,0,0,0,2020-12-17 10:08:35-05:00
0,0,0,0,0,0,2020-12-18 21:56:26-05:00
0,0,0,0,0,0,2020-12-18 21:58:55-05:00
0,0,0,0,0,0,2020-12-18 22:02:10-05:00
0,0,0,0,0,0,2020-12-18 22:13:42-05:00
0,0,0,0,0,0,2020-12-18 22:14:16-05:00
0,0,0,0,0,0,2021-01-19 12:57:42-05:00
1,1,0,0,0,0,2021-01-19 15:31:09-05:00
2,2,1,1,0,1,2021-01-20 16:14:19-05:00
2,2,1,1,0,1,2021-01-20 16:17:37-05:00
1,1,1,1,0,1,2021-01-20 16:20:25-05:00
2,2,1,1,0,1,2021-01-21 18:48:25-05:00
1,1,1,1,0,1,2021-01-21 19:48:22-05:00
1,1,1,1,0,1,2021-01-21 20:59:37-05:00
0,0,0,0,0,0,2021-01-26 14:11:58-05:00
0,0,0,0,0,0,2021-01-31 12:31:04-05:00
0,0,0,0,0,0,2021-01-31 14:10:00-05:00
0,0,0,0,0,0,2021-01-31 15:29:56-05:00
0,0,0,0,0,0,2021-01-31 17:47:33-05:00
1,1,1,1,0,1,2021-01-31 22:18:13-05:00
1,1,1,1,0,1,2021-02-02 19:44:32-05:00
1,2,1,1,0,1,2021-02-04 20:35:57-05:00
1,1,1,1,0,0,2021-02-05 09:24:21-05:00
5,4,2,3,0,1,2021-02-15 17:40:31-05:00
0,0,0,0,0,0,2021-02-15 18:53:06-05:00
0,0,0,0,0,0,2021-02-15 21:28:38-05:00
0,0,0,0,0,0,2021-02-15 21:38:22-05:00
0,0,0,0,0,0,2021-02-15 21:41:48-05:00
0,0,0,0,0,0,2021-02-15 22:50:25-05:00
0,0,0,0,0,0,2021-02-15 23:30:20-05:00
0,0,0,0,0,0,2021-02-16 20:56:13-05:00
2,2,1,2,0,1,2021-02-16 22:11:29-05:00
1,1,0,0,0,0,2021-03-28 17:19:35-04:00
1,1,0,0,0,0,2021-03-28 18:53:30-04:00
1,1,0,0,0,0,2021-03-30 21:30:58-04:00
0,0,0,0,0,0,2021-03-31 21:13:09-04:00
0,0,0,0,0,0,2021-04-01 20:21:01-04:00
0,0,0,0,0,0,2021-04-01 20:45:06-04:00
