Acquisition,Preparation,Modeling,Training,Evaluation,Prediction,time
0,0,0,0,0,0,2021-03-10 16:31:53+01:00
0,0,0,0,0,0,2021-03-10 16:37:35+01:00
0,0,0,0,0,0,2021-03-13 16:26:03+01:00
0,0,0,0,0,0,2021-03-20 19:11:00+01:00
2,2,0,0,0,0,2021-03-21 00:07:45+01:00
1,0,0,0,0,0,2021-03-21 01:47:23+01:00
0,0,0,0,0,0,2021-03-21 01:54:40+01:00
0,0,0,0,0,0,2021-03-21 14:52:52+01:00
1,1,0,0,0,0,2021-03-21 15:38:10+01:00
0,0,0,0,0,0,2021-03-21 15:41:47+01:00
1,1,0,0,0,1,2021-03-21 22:41:15+01:00
1,1,0,0,0,1,2021-03-22 12:37:18+01:00
1,2,0,0,0,2,2021-03-31 16:50:10+02:00
2,1,0,0,0,0,2021-03-31 17:08:20+02:00
0,0,0,0,0,0,2021-03-31 17:11:17+02:00
2,3,0,0,0,0,2021-04-08 20:55:58+02:00
1,2,0,0,0,0,2021-04-08 21:50:37+02:00
0,0,0,0,0,0,2021-04-08 22:17:46+02:00
2,2,0,0,0,0,2021-04-10 14:10:27+02:00
0,0,0,0,0,0,2021-04-10 15:06:48+02:00
0,0,0,0,0,0,2021-04-10 16:32:03+02:00
0,0,0,0,0,0,2021-04-10 17:26:34+02:00
1,1,0,0,0,1,2021-04-10 18:52:00+02:00
0,0,0,0,0,0,2021-04-10 18:58:40+02:00
1,2,0,0,0,1,2021-04-10 19:42:30+02:00
0,0,0,0,0,0,2021-04-10 20:13:32+02:00
0,0,0,0,0,0,2021-04-10 22:57:21+02:00
0,0,0,0,0,0,2021-04-10 22:59:17+02:00
1,0,0,0,0,0,2021-04-10 23:01:39+02:00
0,1,0,0,0,0,2021-04-11 12:31:17+02:00
0,0,0,0,0,0,2021-04-12 19:19:01+02:00
0,0,0,0,0,0,2021-04-12 19:20:47+02:00
0,0,0,0,0,0,2021-04-12 19:20:56+02:00
0,0,0,0,0,0,2021-04-13 17:04:15+02:00
0,0,0,0,0,0,2021-04-13 17:04:41+02:00
0,0,0,0,0,0,2021-04-13 23:02:29+02:00
0,0,0,0,0,0,2021-04-14 11:27:34+02:00
0,0,0,0,0,0,2021-04-14 11:45:35+02:00
0,0,0,0,0,0,2021-04-14 11:58:14+02:00
2,0,0,0,0,0,2021-04-14 12:08:41+02:00
2,1,0,0,0,1,2021-04-14 12:46:20+02:00
0,0,0,0,0,0,2021-04-16 00:21:34+02:00
0,0,0,0,0,0,2021-04-18 16:15:45+02:00
0,0,0,0,0,0,2021-04-18 16:28:33+02:00
0,0,0,0,0,0,2021-04-18 20:22:00+02:00
0,1,0,0,0,0,2021-04-21 00:00:40+02:00
0,0,0,0,0,0,2021-04-21 15:42:15+02:00
0,0,0,0,0,0,2021-04-21 15:44:00+02:00
0,0,0,0,0,0,2021-04-21 17:47:16+02:00
1,1,0,0,0,1,2021-04-21 21:34:15+02:00
0,0,0,0,0,0,2021-04-21 21:39:07+02:00
0,2,0,0,0,2,2021-04-22 10:08:53+02:00
0,0,0,0,0,0,2021-04-22 18:50:31+02:00
0,0,0,0,0,0,2021-04-22 21:41:00+02:00
0,0,0,0,0,0,2021-04-23 09:18:03+02:00
0,0,0,0,0,0,2021-04-23 10:46:43+02:00
0,0,0,0,0,0,2021-04-23 12:09:55+02:00
0,0,0,0,0,0,2021-04-23 13:53:33+02:00
0,0,0,0,0,0,2021-04-23 14:51:25+02:00
0,1,0,0,0,0,2021-04-23 14:54:30+02:00
0,0,0,0,0,0,2021-04-23 14:56:18+02:00
0,1,0,0,0,0,2021-04-23 14:57:14+02:00
0,1,0,0,0,0,2021-04-23 15:16:50+02:00
0,0,0,0,0,0,2021-04-23 16:08:40+02:00
0,1,0,0,0,0,2021-04-23 16:10:52+02:00
0,0,0,0,0,0,2021-04-23 16:12:09+02:00
3,2,0,0,0,1,2021-04-24 02:08:32+02:00
0,1,0,0,0,0,2021-04-24 17:36:14+02:00
0,1,0,0,0,0,2021-04-24 17:56:53+02:00
0,0,0,0,0,0,2021-04-24 18:20:35+02:00
0,0,0,0,0,0,2021-04-24 18:25:45+02:00
1,0,0,0,0,0,2021-04-25 17:54:57+02:00
0,0,0,0,0,0,2021-04-25 21:28:10+02:00
0,0,0,0,0,0,2021-04-26 12:39:26+02:00
0,0,0,0,0,0,2021-04-26 12:40:44+02:00
0,1,0,0,0,0,2021-04-26 12:47:21+02:00
0,0,0,0,0,0,2021-04-26 12:49:45+02:00
0,1,0,0,0,0,2021-04-26 12:51:51+02:00
0,0,0,0,0,0,2021-04-26 12:57:50+02:00
0,1,0,0,0,0,2021-04-26 12:58:17+02:00
0,0,0,0,0,0,2021-04-26 15:55:16+02:00
2,0,0,0,0,0,2021-04-26 17:22:21+02:00
0,0,0,0,0,0,2021-04-26 17:22:25+02:00
0,0,0,0,0,0,2021-04-26 18:20:42+02:00
0,0,0,0,0,0,2021-04-26 22:20:08+02:00
0,3,0,0,0,2,2021-04-27 11:36:05+02:00
0,0,0,0,0,0,2021-04-27 11:37:43+02:00
1,2,0,0,0,1,2021-04-27 15:55:57+02:00
0,0,0,0,0,0,2021-04-27 15:56:23+02:00
3,0,0,0,0,0,2021-04-27 19:04:20+02:00
3,1,0,0,0,0,2021-04-27 21:14:30+02:00
1,2,0,0,0,2,2021-04-27 21:26:40+02:00
0,1,0,0,0,0,2021-04-27 21:30:44+02:00
0,0,0,0,0,0,2021-04-27 22:19:08+02:00
0,0,0,0,0,0,2021-04-27 22:23:26+02:00
0,1,0,0,0,0,2021-04-27 22:36:45+02:00
0,0,0,0,0,0,2021-04-27 22:38:28+02:00
2,1,0,0,0,0,2021-04-27 22:42:10+02:00
0,0,0,0,0,0,2021-04-27 22:46:26+02:00
1,1,0,0,0,1,2021-04-27 22:54:20+02:00
0,0,0,0,0,0,2021-04-27 23:02:40+02:00
0,0,0,0,0,0,2021-04-27 23:05:02+02:00
0,0,0,0,0,0,2021-04-28 01:17:57+02:00
0,0,0,0,0,0,2021-04-28 13:25:30+02:00
0,0,0,0,0,0,2021-04-28 14:36:29+02:00
0,0,0,0,0,0,2021-04-28 15:21:01+02:00
0,0,0,0,0,0,2021-04-28 16:35:33+02:00
0,0,0,0,0,0,2021-04-28 18:53:02+02:00
2,0,0,0,0,0,2021-04-28 18:53:27+02:00
0,0,0,0,0,0,2021-04-28 18:59:59+02:00
0,0,0,0,0,0,2021-04-28 19:06:44+02:00
0,0,0,0,0,0,2021-04-29 10:45:17+02:00
1,0,0,0,0,0,2021-04-29 12:20:33+02:00
2,1,0,0,0,0,2021-04-29 19:59:53+02:00
1,1,0,0,0,0,2021-04-29 23:09:05+02:00
1,0,0,0,0,0,2021-04-30 01:56:06+02:00
3,2,1,0,0,1,2021-05-01 13:01:59+02:00
0,0,0,0,0,0,2021-05-01 13:02:57+02:00
0,0,0,0,0,0,2021-05-01 16:59:33+02:00
0,0,0,0,0,0,2021-05-01 17:49:21+02:00
2,0,1,0,0,0,2021-05-01 21:51:00+02:00
1,0,1,0,0,0,2021-05-01 23:39:41+02:00
2,0,1,0,0,0,2021-05-02 15:39:01+02:00
0,0,0,0,0,0,2021-05-02 20:16:27+02:00
0,0,0,0,0,0,2021-05-02 20:18:04+02:00
0,0,0,0,0,0,2021-05-02 20:57:55+02:00
0,0,0,0,0,0,2021-05-02 21:16:23+02:00
0,0,0,0,0,0,2021-05-02 22:42:26+02:00
0,0,0,0,0,0,2021-05-02 23:02:56+02:00
0,0,0,0,0,0,2021-05-03 12:54:02+02:00
0,0,0,0,0,0,2021-05-03 13:00:16+02:00
1,0,0,0,0,0,2021-05-03 22:36:53+02:00
0,0,0,0,0,0,2021-05-04 15:43:55+02:00
1,1,0,0,0,0,2021-05-04 19:08:31+02:00
2,1,1,0,0,0,2021-05-05 11:03:34+02:00
1,1,0,0,0,0,2021-05-05 11:33:27+02:00
0,0,0,0,0,0,2021-05-05 12:34:06+02:00
1,1,0,0,0,0,2021-05-05 14:22:21+02:00
0,0,0,0,0,0,2021-05-05 14:35:23+02:00
1,0,1,0,0,0,2021-05-05 15:31:11+02:00
0,0,0,0,0,0,2021-05-06 23:36:30+02:00
1,0,1,0,0,0,2021-05-06 23:37:29+02:00
2,1,1,0,0,0,2021-05-07 02:25:28+02:00
0,0,0,0,0,0,2021-05-07 19:27:36+02:00
0,0,0,0,0,0,2021-05-08 18:44:55+02:00
2,1,1,0,0,0,2021-05-10 00:59:22+02:00
2,1,1,0,0,0,2021-05-10 17:07:17+02:00
0,0,0,0,0,0,2021-05-10 22:35:59+02:00
2,1,1,0,0,0,2021-05-11 00:09:33+02:00
1,1,0,0,0,0,2021-05-11 01:01:14+02:00
1,1,0,0,0,0,2021-05-11 20:17:45+02:00
0,0,0,0,0,0,2021-05-12 01:26:41+02:00
0,0,0,0,0,0,2021-05-12 13:27:03+02:00
0,0,0,0,0,0,2021-05-12 16:28:41+02:00
2,0,1,0,0,0,2021-05-12 17:10:49+02:00
0,0,0,0,0,0,2021-05-14 00:20:40+02:00
2,3,1,0,0,0,2021-05-14 17:27:15+02:00
1,3,0,0,0,0,2021-05-15 00:07:36+02:00
1,1,1,0,0,0,2021-05-15 15:55:03+02:00
0,0,0,0,0,0,2021-05-15 15:56:50+02:00
0,0,0,0,0,0,2021-05-15 16:26:28+02:00
0,1,0,0,0,0,2021-05-17 15:22:22+02:00
0,0,0,0,0,0,2021-05-17 15:27:30+02:00
0,0,0,0,0,0,2021-05-20 11:24:55+02:00
0,3,0,0,0,0,2021-05-24 22:56:51+02:00
0,1,0,0,0,0,2021-05-24 23:01:47+02:00
0,0,0,0,0,0,2021-05-24 23:04:43+02:00
0,1,0,0,0,0,2021-05-24 23:09:35+02:00
0,0,0,0,0,0,2021-05-26 12:42:58+02:00
0,1,1,1,0,0,2021-05-30 16:32:48+02:00
1,1,1,0,0,1,2021-05-30 16:34:50+02:00
1,1,0,0,0,0,2021-05-30 16:35:37+02:00
0,1,0,0,0,0,2021-05-30 16:36:28+02:00
0,0,0,0,0,0,2021-05-30 16:49:48+02:00
0,1,0,0,0,0,2021-06-05 16:36:12+02:00
0,0,0,0,0,0,2021-06-05 18:10:48+02:00
0,0,0,0,0,0,2021-06-07 18:41:09+02:00
0,0,0,0,0,0,2021-06-07 18:45:08+02:00
0,0,0,0,0,0,2021-06-07 20:53:03+02:00
0,0,0,0,0,0,2021-06-07 20:53:44+02:00
0,0,0,0,0,0,2021-06-07 20:54:28+02:00
0,0,0,0,0,0,2021-06-07 20:55:02+02:00
0,0,0,0,0,0,2021-06-07 20:55:32+02:00
0,0,0,0,0,0,2021-06-07 20:56:08+02:00
0,0,0,0,0,0,2021-06-08 11:03:42+02:00
0,0,0,0,0,0,2021-06-08 12:19:14+02:00
0,1,0,0,0,0,2021-06-08 17:45:48+02:00
0,0,0,0,0,0,2021-06-08 17:47:20+02:00
