Acquisition,Preparation,Modeling,Training,Evaluation,Prediction,time
0,0,0,0,0,0,2016-10-11 22:17:02+08:00
0,0,0,0,0,0,2016-10-14 12:57:25+08:00
0,0,0,0,0,0,2016-10-21 15:09:23-07:00
0,0,0,0,0,0,2016-10-22 12:34:48+08:00
0,0,0,0,0,0,2016-10-21 22:40:55-07:00
0,0,0,0,0,0,2016-10-22 22:16:09+08:00
0,0,0,0,0,0,2016-10-22 23:09:06+08:00
0,0,0,0,0,0,2016-10-22 23:21:48+08:00
0,0,0,0,0,0,2016-10-23 09:22:56+08:00
0,0,0,0,0,0,2016-11-04 22:52:32-07:00
0,0,0,0,0,0,2016-11-04 23:07:05-07:00
1,1,1,1,0,0,2016-11-13 23:49:20-08:00
1,1,0,0,0,0,2016-11-11 10:58:11-08:00
0,0,0,0,0,0,2016-11-11 12:30:08-08:00
0,0,0,0,0,0,2016-11-17 12:36:32-08:00
1,1,0,0,0,0,2016-11-17 12:39:55-08:00
0,0,0,0,0,0,2016-11-17 14:08:21-08:00
1,1,2,2,0,1,2016-11-14 10:11:04-08:00
1,1,1,1,0,1,2016-11-14 12:21:49-08:00
0,0,0,0,0,0,2016-11-14 12:23:40-08:00
1,1,1,1,0,1,2016-11-16 19:06:13-08:00
0,0,0,0,0,0,2016-11-16 19:06:43-08:00
3,5,3,4,0,2,2016-11-14 10:11:04-08:00
1,2,2,2,0,1,2016-11-20 01:18:01-08:00
0,1,1,1,0,1,2016-11-20 18:50:53-08:00
0,1,1,1,0,1,2016-11-20 22:48:25-08:00
0,0,0,0,0,0,2016-11-20 22:48:56-08:00
0,0,0,0,0,0,2016-11-20 23:25:44-08:00
2,4,2,3,0,2,2016-11-22 16:16:28-08:00
0,0,0,0,0,0,2016-11-19 16:41:46-08:00
0,0,0,0,0,0,2016-11-20 11:34:57-08:00
0,0,0,0,0,0,2016-11-20 22:18:01-08:00
0,0,0,0,0,0,2016-11-21 16:15:40-08:00
1,1,1,1,0,0,2016-11-21 16:17:14-08:00
0,1,1,1,0,0,2016-11-23 19:03:01-08:00
1,1,1,1,0,0,2016-11-23 19:04:21-08:00
1,1,1,1,0,0,2016-11-23 21:37:18-08:00
1,1,1,1,0,0,2016-11-23 22:05:44-08:00
0,0,0,0,0,0,2016-11-23 19:35:47-08:00
0,0,0,0,0,0,2016-11-23 22:11:15-08:00
0,0,0,0,0,0,2016-11-23 22:27:04-08:00
1,1,1,1,0,0,2016-11-23 23:00:52-08:00
2,3,2,2,0,0,2016-11-24 02:41:54-08:00
0,0,0,0,0,0,2016-11-24 02:42:53-08:00
1,1,1,1,0,0,2016-11-24 03:25:28-08:00
1,2,1,1,0,0,2016-11-24 03:47:18-08:00
1,1,1,1,0,0,2016-11-24 04:08:20-08:00
1,1,1,1,0,0,2016-11-24 22:42:39-08:00
0,0,0,0,0,0,2016-11-25 22:27:55-08:00
5,5,4,1,0,3,2016-11-26 13:28:09-08:00
1,3,2,1,0,1,2016-11-26 20:47:13-08:00
0,1,1,0,0,1,2016-11-26 20:57:43-08:00
2,3,3,3,0,1,2016-11-27 01:47:40-08:00
0,0,0,0,0,0,2016-11-27 01:48:12-08:00
0,2,0,0,0,0,2016-11-27 01:56:44-08:00
1,2,2,2,0,1,2016-11-27 04:59:29-08:00
0,1,1,1,0,1,2016-11-27 06:01:00-08:00
0,1,1,1,0,1,2016-11-27 13:49:03-08:00
0,0,0,0,0,0,2016-11-27 16:39:57-08:00
0,0,0,0,0,0,2016-11-27 21:43:27-08:00
2,4,1,2,0,1,2016-11-23 15:10:11-08:00
2,4,1,1,0,1,2016-11-27 02:21:43-08:00
1,1,1,1,0,1,2016-11-28 02:50:17-08:00
0,0,0,0,0,0,2016-11-28 02:51:11-08:00
1,1,1,1,0,1,2016-11-28 23:46:18-08:00
1,1,1,1,0,1,2016-11-29 00:01:47-08:00
3,5,0,3,0,2,2016-11-28 16:27:28-08:00
0,0,0,0,0,0,2016-11-29 17:25:30-08:00
0,0,0,0,0,0,2016-11-29 23:20:44-08:00
2,2,0,1,0,1,2016-11-30 00:04:15-08:00
1,2,1,1,0,1,2016-12-01 12:24:59-08:00
1,1,1,1,0,1,2016-12-01 12:40:02-08:00
1,1,1,1,0,1,2016-12-01 21:41:23-08:00
1,1,1,1,0,1,2016-11-29 19:31:55-08:00
1,1,1,1,0,1,2016-12-01 21:14:46-08:00
4,3,3,3,0,1,2016-12-02 04:40:12-08:00
5,3,4,4,0,1,2016-12-02 13:16:09-08:00
2,2,2,2,0,1,2016-12-02 16:17:31-08:00
1,1,1,1,0,1,2016-12-02 20:41:28-08:00
2,2,2,2,0,1,2016-12-02 23:11:01-08:00
1,1,1,2,0,1,2016-12-03 20:21:20-08:00
1,1,0,0,0,0,2016-12-03 20:25:47-08:00
1,1,0,0,0,0,2016-12-05 00:56:11-08:00
0,1,0,0,0,0,2016-12-05 18:10:03-08:00
1,1,1,1,0,1,2016-12-05 18:10:21-08:00
0,0,0,0,0,0,2016-12-05 18:10:31-08:00
1,2,0,0,0,0,2016-12-06 16:15:31-08:00
0,0,0,0,0,0,2016-12-06 16:15:36-08:00
0,0,0,0,0,0,2016-12-06 21:46:42-08:00
1,1,1,1,0,1,2016-12-07 10:22:22-08:00
3,3,2,3,0,1,2016-12-07 14:48:45-08:00
0,0,0,0,0,0,2016-12-07 14:48:56-08:00
0,0,0,0,0,0,2016-12-07 14:50:15-08:00
0,0,0,0,0,0,2016-12-07 17:39:51-08:00
0,0,0,0,0,0,2016-12-08 13:47:52-08:00
1,1,1,1,0,1,2016-12-08 18:23:07-08:00
0,0,0,0,0,0,2016-12-08 18:23:15-08:00
0,0,0,0,0,0,2016-12-08 21:56:18-08:00
2,2,1,1,0,0,2016-12-08 22:56:10-08:00
2,2,3,2,0,1,2016-12-09 01:44:52-08:00
0,0,0,0,0,0,2016-12-09 02:37:51-08:00
0,0,0,0,0,0,2016-12-09 02:41:25-08:00
0,0,0,0,0,0,2016-12-09 02:58:27-08:00
1,1,0,0,0,0,2016-12-09 16:50:45-08:00
0,0,0,0,0,0,2016-12-09 16:55:21-08:00
2,2,2,2,0,1,2016-12-09 19:55:37-08:00
0,1,0,0,0,0,2016-12-10 16:01:53-08:00
0,0,0,0,0,0,2016-12-10 16:57:24-08:00
0,0,0,0,0,0,2016-12-10 17:49:47-08:00
1,1,0,1,0,1,2016-12-10 17:51:08-08:00
0,1,0,0,0,0,2016-12-10 19:23:23-08:00
0,0,0,0,0,0,2016-12-10 19:23:46-08:00
1,1,0,0,0,0,2016-12-11 13:36:52-08:00
0,0,0,0,0,0,2016-12-11 13:37:25-08:00
0,0,0,0,0,0,2016-12-11 16:40:43-08:00
0,0,0,0,0,0,2016-12-11 17:10:18-08:00
1,1,1,2,0,1,2016-12-10 01:16:13-08:00
1,1,1,2,0,1,2016-12-10 03:31:23-08:00
1,1,1,2,0,1,2016-12-10 04:00:45-08:00
1,1,1,1,0,1,2016-12-10 04:09:45-08:00
0,0,0,0,0,0,2016-12-10 16:43:58-08:00
1,1,1,1,0,1,2016-12-10 18:18:03-08:00
1,1,1,0,0,0,2016-12-10 18:19:32-08:00
3,3,2,1,0,1,2016-12-11 18:14:24-08:00
1,1,0,0,0,0,2016-12-11 18:32:29-08:00
3,3,3,3,0,1,2016-12-11 18:43:53-08:00
0,0,0,0,0,0,2016-12-11 19:38:18-08:00
1,1,0,0,0,0,2016-12-11 19:57:49-08:00
0,0,0,0,0,0,2016-12-11 19:59:37-08:00
0,0,0,0,0,0,2016-12-11 21:35:07-08:00
0,0,0,0,0,0,2016-12-11 22:59:36-08:00
0,0,0,0,0,0,2016-12-11 23:22:45-08:00
0,0,0,0,0,0,2016-12-11 23:24:23-08:00
0,0,0,0,0,0,2016-12-11 23:39:12-08:00
0,0,0,0,0,0,2016-12-11 23:23:48-08:00
0,0,0,0,0,0,2016-12-12 01:27:51-08:00
0,0,0,0,0,0,2016-12-12 01:38:10-08:00
0,0,0,0,0,0,2016-12-12 03:40:11-08:00
0,0,0,0,0,0,2016-12-12 03:47:24-08:00
0,0,0,0,0,0,2016-12-12 08:42:55-08:00
2,2,1,1,0,1,2016-12-12 08:40:59-08:00
0,0,0,0,0,0,2016-12-12 09:32:26-08:00
0,0,0,0,0,0,2016-12-12 09:51:51-08:00
0,0,0,0,0,0,2016-12-12 10:35:59-08:00
0,0,0,0,0,0,2016-12-12 11:26:16-08:00
0,0,0,0,0,0,2016-12-12 22:06:23-08:00
3,3,3,1,0,2,2016-12-12 23:28:58-08:00
2,2,2,2,0,1,2016-12-14 13:47:42-08:00
0,0,0,0,0,0,2016-12-14 14:46:19-08:00
0,0,0,0,0,0,2016-12-14 15:22:44-08:00
0,0,0,0,0,0,2016-12-14 15:46:53-08:00
0,0,0,0,0,0,2016-12-14 18:00:22-08:00
1,0,1,2,0,0,2016-12-14 21:06:09-08:00
0,0,0,0,0,0,2016-12-15 03:03:15-08:00
1,1,2,1,0,0,2016-12-15 03:04:36-08:00
1,1,0,0,0,0,2016-12-15 03:04:54-08:00
0,0,0,0,0,0,2016-12-15 04:02:07-08:00
1,1,1,2,0,0,2016-12-15 05:12:12-08:00
0,0,0,0,0,0,2016-12-15 05:12:57-08:00
0,0,1,1,0,0,2016-12-15 12:25:20-08:00
0,0,1,1,0,0,2016-12-13 09:03:50-08:00
0,0,1,1,0,0,2016-12-15 17:39:39-08:00
0,0,1,1,0,0,2016-12-15 18:36:19-08:00
0,0,0,0,0,0,2016-12-15 18:53:24-08:00
0,0,0,0,0,0,2016-12-16 12:51:03-08:00
1,1,0,0,0,0,2016-12-16 14:26:53-08:00
0,0,0,0,0,0,2016-12-16 15:12:20-08:00
1,1,0,0,0,0,2016-12-16 15:17:02-08:00
0,0,0,0,0,0,2016-12-16 16:11:02-08:00
0,0,0,0,0,0,2016-12-16 16:43:18-08:00
1,1,0,0,0,0,2016-12-16 18:08:36-08:00
1,1,0,0,0,0,2016-12-16 18:39:24-08:00
0,1,0,1,0,1,2016-12-16 18:03:41-08:00
0,0,0,0,0,0,2016-12-16 21:00:06-08:00
0,0,0,0,0,0,2016-12-16 21:00:57-08:00
0,0,0,0,0,0,2016-12-16 21:09:13-08:00
0,0,0,0,0,0,2016-12-16 21:11:48-08:00
0,0,0,0,0,0,2016-12-16 21:41:28-08:00
0,0,0,0,0,0,2016-12-16 21:50:35-08:00
0,0,0,0,0,0,2016-12-16 22:30:09-08:00
0,0,0,0,0,0,2016-12-16 22:39:14-08:00
0,0,0,0,0,0,2016-12-16 22:33:56-08:00
0,0,0,0,0,0,2016-12-16 23:07:21-08:00
0,0,0,0,0,0,2016-12-16 23:11:45-08:00
0,0,0,0,0,0,2016-12-16 23:18:11-08:00
0,0,0,0,0,0,2016-12-16 23:47:01-08:00
0,0,0,0,0,0,2016-12-16 23:54:00-08:00
