Acquisition,Preparation,Modeling,Training,Evaluation,Prediction,time
0,0,0,0,0,0,2017-06-01 18:59:25+02:00
1,1,0,0,0,0,2017-06-01 19:01:18+02:00
0,0,0,0,0,0,2017-06-01 19:03:04+02:00
0,0,0,0,0,0,2017-06-01 19:03:15+02:00
0,0,0,0,0,0,2017-06-01 19:04:24+02:00
0,0,0,0,0,0,2017-06-01 19:04:41+02:00
0,0,0,0,0,0,2017-06-01 19:10:42+02:00
0,0,0,0,0,0,2017-06-01 19:11:00+02:00
0,0,0,0,0,0,2017-06-01 19:12:26+02:00
0,0,0,0,0,0,2017-06-01 19:13:25+02:00
0,0,0,0,0,0,2017-06-01 19:13:40+02:00
0,0,0,0,0,0,2017-06-01 19:21:25+02:00
0,0,0,0,0,0,2017-06-01 22:35:50+02:00
0,0,0,0,0,0,2017-06-01 22:35:59+02:00
0,0,0,0,0,0,2017-06-01 22:38:29+02:00
0,0,0,0,0,0,2017-06-01 22:38:53+02:00
0,0,0,0,0,0,2017-06-01 22:39:06+02:00
0,0,0,0,0,0,2017-06-01 22:39:29+02:00
0,0,0,0,0,0,2017-06-01 22:39:56+02:00
0,0,0,0,0,0,2017-06-01 22:40:08+02:00
0,0,0,0,0,0,2017-06-01 22:41:48+02:00
0,0,0,1,1,1,2017-06-01 22:42:03+02:00
0,0,0,0,0,0,2017-06-01 22:42:14+02:00
0,0,0,0,0,0,2017-06-01 22:43:16+02:00
1,0,0,0,0,0,2017-06-01 22:43:34+02:00
0,0,0,0,0,0,2017-06-01 22:43:48+02:00
0,0,0,0,0,0,2017-06-01 22:44:04+02:00
0,0,0,0,0,0,2017-06-01 22:44:52+02:00
0,0,0,0,0,0,2017-06-01 22:45:06+02:00
0,0,0,0,0,0,2017-06-01 22:45:19+02:00
0,0,0,0,0,0,2017-06-01 22:45:31+02:00
0,0,0,0,0,0,2017-06-01 22:46:13+02:00
0,0,0,0,0,0,2017-06-01 22:46:26+02:00
0,0,0,0,0,0,2017-06-01 22:46:40+02:00
0,0,0,0,0,0,2017-06-01 22:47:23+02:00
0,0,0,0,0,0,2017-06-01 22:47:45+02:00
0,0,0,0,0,0,2017-06-01 22:47:57+02:00
0,0,0,0,0,0,2017-06-01 22:49:32+02:00
0,0,0,0,0,0,2017-06-01 22:49:42+02:00
0,0,0,0,0,0,2017-06-01 22:49:55+02:00
0,0,0,0,0,0,2017-06-01 22:50:18+02:00
1,2,1,2,0,0,2017-06-01 22:50:38+02:00
0,0,0,0,0,0,2017-06-01 22:50:55+02:00
0,0,0,0,0,0,2017-06-01 22:51:14+02:00
0,0,0,0,0,0,2017-06-01 22:51:29+02:00
0,0,0,0,0,0,2017-06-01 22:51:49+02:00
0,0,0,0,0,0,2017-06-01 22:52:31+02:00
0,0,0,0,0,0,2017-06-01 22:52:50+02:00
0,0,0,0,0,0,2017-06-01 22:53:06+02:00
0,3,2,3,0,2,2017-06-01 22:53:35+02:00
0,0,0,0,0,0,2017-06-01 22:53:54+02:00
0,3,3,3,0,2,2017-06-01 22:54:19+02:00
0,0,0,0,0,0,2017-06-01 22:54:39+02:00
0,0,0,0,0,0,2017-06-01 22:54:59+02:00
0,0,0,0,0,0,2017-06-01 22:55:14+02:00
0,0,0,0,0,0,2017-06-01 22:55:59+02:00
0,1,1,0,1,0,2017-06-01 22:56:14+02:00
0,0,0,0,0,0,2017-06-01 22:56:29+02:00
0,0,0,0,0,0,2017-06-01 22:56:50+02:00
1,1,0,1,0,1,2017-06-01 22:57:05+02:00
0,0,0,0,0,0,2017-06-01 22:57:20+02:00
0,0,0,0,0,0,2017-06-01 22:57:44+02:00
2,2,0,2,0,0,2017-06-01 22:58:01+02:00
0,0,0,0,0,0,2017-06-01 22:58:19+02:00
0,0,0,0,0,0,2017-06-01 22:58:31+02:00
0,3,2,3,1,2,2017-06-01 22:58:51+02:00
0,0,0,0,0,0,2017-06-01 22:59:28+02:00
0,0,0,0,0,0,2017-06-01 23:23:01+02:00
0,0,0,0,0,0,2017-06-01 23:23:17+02:00
0,0,0,0,0,0,2017-06-01 23:25:27+02:00
0,0,0,0,0,0,2017-06-01 23:25:40+02:00
0,0,0,0,0,0,2017-06-01 23:29:01+02:00
0,0,0,0,0,0,2017-06-01 23:29:16+02:00
0,0,0,0,0,0,2017-06-01 23:30:45+02:00
0,0,0,0,0,0,2017-06-01 23:40:46+02:00
0,0,0,0,0,0,2017-06-01 23:42:51+02:00
0,0,0,0,0,0,2017-06-01 23:46:23+02:00
0,0,0,0,0,0,2017-06-01 23:47:18+02:00
0,0,0,0,0,0,2017-06-01 23:48:35+02:00
0,0,0,0,0,0,2017-06-01 23:49:51+02:00
0,0,0,0,0,0,2017-06-01 23:50:55+02:00
0,0,0,0,0,0,2017-06-01 23:51:34+02:00
0,0,0,0,0,0,2017-06-01 23:52:28+02:00
0,0,0,0,0,0,2017-06-02 10:38:21+02:00
0,0,0,0,0,0,2017-06-02 10:39:51+02:00
0,0,0,0,0,0,2017-06-02 10:45:00+02:00
0,0,0,0,0,0,2017-06-02 10:45:58+02:00
0,0,0,0,0,0,2017-06-02 10:46:23+02:00
0,0,0,0,0,0,2017-06-02 10:47:25+02:00
0,0,0,0,0,0,2017-06-02 10:47:46+02:00
0,0,0,0,0,0,2017-06-02 10:48:24+02:00
0,0,0,0,0,0,2017-06-02 10:53:39+02:00
0,0,0,0,0,0,2017-06-02 10:54:11+02:00
0,0,0,0,0,0,2017-06-02 10:55:30+02:00
0,0,0,0,0,0,2017-06-02 10:57:16+02:00
0,0,0,0,0,0,2017-06-02 10:57:50+02:00
0,0,0,0,0,0,2017-06-02 11:15:18+02:00
0,0,0,0,0,0,2017-06-02 11:17:03+02:00
0,0,0,0,0,0,2017-06-02 11:19:51+02:00
0,0,0,0,0,0,2017-06-02 11:20:27+02:00
0,0,0,0,0,0,2017-06-02 11:20:41+02:00
0,0,0,0,0,0,2017-06-02 11:24:12+02:00
0,0,0,0,0,0,2017-06-02 11:32:27+02:00
0,0,0,1,1,1,2017-06-02 14:32:55+02:00
0,0,0,0,0,0,2017-06-02 15:56:12+02:00
0,0,0,0,0,0,2017-06-02 15:56:34+02:00
1,0,0,0,0,0,2017-06-02 15:56:58+02:00
0,0,0,0,0,0,2017-06-02 17:50:16+02:00
0,0,0,0,0,0,2017-06-02 17:50:27+02:00
0,0,0,0,0,0,2017-06-02 17:50:59+02:00
0,0,0,0,0,0,2017-06-02 17:51:20+02:00
0,0,0,0,0,0,2017-06-02 17:51:42+02:00
0,0,0,0,0,0,2017-06-02 17:52:40+02:00
0,1,1,1,0,1,2017-06-02 17:56:11+02:00
0,1,0,1,0,1,2017-06-02 17:56:33+02:00
0,1,1,0,1,0,2017-06-02 17:57:16+02:00
1,1,0,1,0,1,2017-06-02 17:57:35+02:00
2,2,0,2,0,0,2017-06-02 17:58:02+02:00
0,1,0,1,0,0,2017-06-02 17:58:31+02:00
0,0,0,0,0,0,2017-06-02 18:06:57+02:00
0,0,0,0,0,0,2017-06-02 18:07:05+02:00
0,0,0,0,0,0,2017-06-02 18:07:13+02:00
0,0,0,0,0,0,2017-06-02 18:08:03+02:00
0,0,0,0,0,0,2017-06-02 18:08:14+02:00
0,0,0,0,0,0,2017-06-02 18:08:22+02:00
0,0,0,0,0,0,2017-06-02 18:08:28+02:00
0,0,0,0,0,0,2017-06-02 18:08:36+02:00
0,0,0,0,0,0,2017-06-02 18:08:42+02:00
0,0,0,0,0,0,2017-06-02 18:08:53+02:00
0,0,0,0,0,0,2017-06-02 18:08:59+02:00
0,0,0,0,0,0,2017-06-02 18:09:05+02:00
0,0,0,0,0,0,2017-06-02 18:09:12+02:00
0,0,0,0,0,0,2017-06-02 18:09:28+02:00
0,0,0,0,0,0,2017-06-02 18:09:34+02:00
0,0,0,0,0,0,2017-06-02 18:09:44+02:00
0,0,0,0,0,0,2017-06-02 18:09:49+02:00
0,0,0,0,0,0,2017-06-02 18:10:00+02:00
0,0,0,0,0,0,2017-06-02 18:10:05+02:00
0,0,0,0,0,0,2017-06-02 18:10:11+02:00
0,0,0,0,0,0,2017-06-02 18:10:18+02:00
0,0,0,0,0,0,2017-06-02 18:10:24+02:00
0,0,0,0,0,0,2017-06-02 18:10:30+02:00
0,0,0,0,0,0,2017-06-02 18:10:36+02:00
0,0,0,0,0,0,2017-06-02 18:43:05+02:00
0,0,0,0,0,0,2017-06-02 18:43:23+02:00
0,2,1,2,1,1,2017-06-02 18:44:06+02:00
0,0,0,0,0,0,2017-06-02 18:44:46+02:00
0,0,0,0,0,0,2017-06-05 15:15:09+02:00
0,0,0,0,0,0,2017-06-05 20:36:36+02:00
0,0,0,0,0,0,2017-06-05 20:37:35+02:00
0,0,0,0,0,0,2017-06-05 20:38:46+02:00
0,0,0,0,0,0,2017-06-08 18:23:35+02:00
0,0,0,0,0,0,2017-06-08 18:24:00+02:00
0,0,0,0,0,0,2017-06-08 18:24:56+02:00
0,2,1,2,1,1,2017-06-08 18:26:27+02:00
0,1,1,0,1,0,2017-06-08 18:27:45+02:00
0,2,2,2,0,1,2017-06-08 18:28:09+02:00
0,2,1,2,0,1,2017-06-08 18:28:31+02:00
1,1,0,1,0,1,2017-06-08 18:30:04+02:00
0,0,0,0,0,0,2017-06-08 18:30:36+02:00
0,0,0,1,1,1,2017-06-08 18:38:15+02:00
0,0,0,1,1,1,2017-06-09 10:30:24+02:00
0,0,0,0,0,0,2017-06-09 10:30:37+02:00
0,0,0,0,0,0,2017-06-09 10:30:52+02:00
0,0,0,0,0,0,2017-06-09 10:31:33+02:00
0,0,0,1,1,1,2017-06-09 10:31:44+02:00
0,0,0,0,0,0,2017-06-09 10:32:32+02:00
0,0,0,1,1,1,2017-06-09 10:32:47+02:00
1,0,0,0,0,0,2017-06-09 13:40:05+02:00
0,0,0,0,0,0,2017-06-09 13:40:57+02:00
1,1,1,1,0,0,2017-06-09 13:43:38+02:00
1,1,1,1,0,0,2017-06-09 16:04:20+02:00
1,0,0,0,0,0,2017-06-09 16:06:17+02:00
0,0,0,0,0,0,2017-06-09 16:07:10+02:00
0,0,0,0,0,0,2017-06-09 17:30:39+02:00
0,0,0,0,0,0,2017-06-11 17:10:41+02:00
0,0,0,0,0,0,2017-06-12 19:33:24+02:00
0,0,0,0,0,0,2017-06-12 19:33:46+02:00
0,0,0,0,0,0,2017-06-12 19:37:07+02:00
0,0,0,0,0,0,2017-06-12 19:39:20+02:00
0,0,0,0,0,0,2017-06-13 09:08:16+02:00
0,0,0,0,0,0,2017-06-13 09:11:10+02:00
0,0,0,0,0,0,2017-06-13 09:15:34+02:00
0,0,0,0,0,0,2017-06-13 09:26:59+02:00
0,0,0,0,0,0,2017-06-13 09:27:29+02:00
0,0,0,0,0,0,2017-06-13 09:59:31+02:00
0,0,0,0,0,0,2017-06-13 09:59:56+02:00
0,0,0,0,0,0,2017-06-13 10:01:28+02:00
0,0,0,0,0,0,2017-06-13 10:01:40+02:00
0,0,0,0,0,0,2017-06-13 10:04:42+02:00
0,0,0,0,0,0,2017-06-13 10:11:39+02:00
0,0,0,0,0,0,2017-06-13 10:12:20+02:00
0,0,0,0,0,0,2017-06-13 10:14:06+02:00
0,0,0,0,0,0,2017-06-13 10:21:15+02:00
0,0,0,0,0,0,2017-06-13 10:21:52+02:00
0,0,0,0,0,0,2017-06-13 10:22:26+02:00
0,0,0,0,0,0,2017-06-13 10:23:45+02:00
0,0,0,0,0,0,2017-06-13 10:28:37+02:00
0,0,0,0,0,0,2017-06-13 10:28:53+02:00
0,0,0,0,0,0,2017-06-13 10:29:50+02:00
0,0,0,0,0,0,2017-06-13 10:37:11+02:00
0,0,0,0,0,0,2017-06-13 10:38:08+02:00
0,0,0,0,0,0,2017-06-13 10:38:44+02:00
0,0,0,0,0,0,2017-06-13 10:40:30+02:00
0,0,0,0,0,0,2017-06-13 10:42:13+02:00
0,0,0,0,0,0,2017-06-13 10:43:01+02:00
0,0,0,0,0,0,2017-06-13 10:43:43+02:00
0,0,0,0,0,0,2017-06-13 10:45:40+02:00
0,0,0,0,0,0,2017-06-13 10:47:37+02:00
0,0,0,0,0,0,2017-06-13 10:48:01+02:00
0,0,0,0,0,0,2017-06-13 10:49:55+02:00
0,0,0,0,0,0,2017-06-13 10:50:58+02:00
0,0,0,0,0,0,2017-06-13 10:57:12+02:00
0,0,0,0,0,0,2017-06-13 10:58:33+02:00
0,0,0,0,0,0,2017-06-13 11:04:48+02:00
0,0,0,0,0,0,2017-06-13 11:05:38+02:00
0,0,0,0,0,0,2017-06-13 11:06:31+02:00
0,0,0,0,0,0,2017-06-13 11:07:03+02:00
0,0,0,0,0,0,2017-06-13 11:10:22+02:00
0,0,0,0,0,0,2017-06-13 11:15:03+02:00
1,1,0,1,0,0,2017-06-13 11:23:05+02:00
0,0,0,0,0,0,2017-06-13 11:31:49+02:00
0,0,0,0,0,0,2017-06-13 11:33:17+02:00
0,0,0,0,0,0,2017-06-13 11:34:19+02:00
1,1,0,1,0,0,2017-06-13 11:50:48+02:00
1,1,0,1,0,1,2017-06-13 12:05:34+02:00
1,1,0,1,0,1,2017-06-13 12:09:09+02:00
0,0,0,0,0,0,2017-06-13 12:43:39+02:00
0,0,0,0,0,0,2017-06-13 12:45:10+02:00
0,0,0,0,0,0,2017-06-13 12:47:05+02:00
0,0,0,0,0,0,2017-06-13 12:48:09+02:00
0,0,0,0,0,0,2017-06-13 12:52:27+02:00
0,0,0,0,0,0,2017-06-13 12:53:57+02:00
0,0,0,0,0,0,2017-06-13 12:58:59+02:00
0,0,0,0,0,0,2017-06-13 13:00:43+02:00
0,0,0,0,0,0,2017-06-13 13:01:31+02:00
0,0,0,0,0,0,2017-06-13 13:03:05+02:00
0,0,0,0,0,0,2017-06-13 13:04:29+02:00
0,0,0,0,0,0,2017-06-13 14:07:52+02:00
0,0,0,0,0,0,2017-06-13 14:10:20+02:00
0,0,0,0,0,0,2017-06-13 14:14:10+02:00
0,0,0,0,0,0,2017-06-13 14:18:52+02:00
0,0,0,0,0,0,2017-06-13 14:20:31+02:00
0,0,0,0,0,0,2017-06-13 14:23:23+02:00
0,0,0,0,0,0,2017-06-13 14:24:37+02:00
0,0,0,0,0,0,2017-06-13 14:26:05+02:00
0,0,0,0,0,0,2017-06-13 14:26:31+02:00
0,0,0,0,0,0,2017-06-13 14:27:09+02:00
0,0,0,0,0,0,2017-06-13 14:28:51+02:00
0,0,0,0,0,0,2017-06-13 14:30:07+02:00
0,0,0,0,0,0,2017-06-13 14:31:34+02:00
0,0,0,0,0,0,2017-06-13 14:32:51+02:00
0,0,0,0,0,0,2017-06-13 14:33:37+02:00
0,0,0,0,0,0,2017-06-13 14:57:10+02:00
0,0,0,0,0,0,2017-06-13 14:58:29+02:00
0,0,0,0,0,0,2017-06-13 15:01:51+02:00
0,0,0,0,0,0,2017-06-13 15:05:26+02:00
0,0,0,0,0,0,2017-06-13 15:13:27+02:00
0,0,0,0,0,0,2017-06-13 15:16:53+02:00
0,0,0,0,0,0,2017-06-13 15:17:28+02:00
0,0,0,0,0,0,2017-06-13 15:19:33+02:00
0,0,0,0,0,0,2017-06-13 16:04:52+02:00
0,0,0,0,0,0,2017-06-13 16:07:40+02:00
0,0,0,0,0,0,2017-06-13 16:10:57+02:00
0,0,0,0,0,0,2017-06-13 16:18:59+02:00
0,0,0,0,0,0,2017-06-13 16:35:55+02:00
0,0,0,0,0,0,2017-06-13 16:36:33+02:00
0,0,0,0,0,0,2017-06-13 16:41:51+02:00
0,0,0,0,0,0,2017-06-13 16:42:46+02:00
0,0,0,0,0,0,2017-06-16 14:44:41+02:00
0,0,0,0,0,0,2017-06-16 14:52:21+02:00
0,0,0,0,0,0,2017-06-16 14:53:17+02:00
0,0,0,0,0,0,2017-06-16 15:08:08+02:00
0,0,0,0,0,0,2017-06-16 15:09:26+02:00
0,0,0,0,0,0,2017-06-16 15:10:02+02:00
0,0,0,0,0,0,2017-06-16 15:10:23+02:00
0,0,0,0,0,0,2017-06-16 15:10:58+02:00
0,0,0,0,0,0,2017-06-16 15:11:26+02:00
0,0,0,0,0,0,2017-06-16 15:11:37+02:00
0,0,0,0,0,0,2017-06-16 15:13:18+02:00
0,0,0,0,0,0,2017-06-16 15:14:41+02:00
0,0,0,0,0,0,2017-06-16 15:15:37+02:00
0,0,0,0,0,0,2017-06-16 15:16:41+02:00
0,0,0,0,0,0,2017-06-16 15:17:13+02:00
0,0,0,0,0,0,2017-06-16 15:17:38+02:00
0,0,0,0,0,0,2017-06-16 15:18:15+02:00
0,0,0,0,0,0,2017-06-16 15:19:20+02:00
0,0,0,0,0,0,2017-06-16 15:20:29+02:00
0,0,0,0,0,0,2017-06-16 15:21:24+02:00
0,0,0,0,0,0,2017-06-16 15:22:50+02:00
0,0,0,0,0,0,2017-06-16 15:23:16+02:00
0,0,0,0,0,0,2017-06-16 15:27:50+02:00
0,0,0,0,0,0,2017-06-16 15:28:19+02:00
0,0,0,0,0,0,2017-06-16 15:34:54+02:00
0,0,0,0,0,0,2017-06-16 15:49:18+02:00
0,0,0,0,0,0,2017-06-16 15:50:30+02:00
0,0,0,0,0,0,2017-06-16 15:51:04+02:00
0,0,0,0,0,0,2017-06-16 15:51:43+02:00
0,0,0,0,0,0,2017-06-16 15:52:30+02:00
0,0,0,0,0,0,2017-06-16 15:53:22+02:00
0,0,0,0,0,0,2017-06-16 15:54:43+02:00
0,0,0,0,0,0,2017-06-16 15:56:57+02:00
0,0,0,0,0,0,2017-06-16 15:58:07+02:00
0,0,0,0,0,0,2017-06-16 15:59:29+02:00
0,0,0,0,0,0,2017-06-16 16:14:59+02:00
0,0,0,0,0,0,2017-06-16 16:15:44+02:00
0,0,0,0,0,0,2017-06-16 16:27:53+02:00
0,0,0,0,0,0,2017-06-16 16:29:02+02:00
0,0,0,0,0,0,2017-06-16 16:29:28+02:00
0,0,0,0,0,0,2017-06-16 16:31:52+02:00
0,0,0,0,0,0,2017-06-16 16:32:13+02:00
0,0,0,0,0,0,2017-06-16 16:32:32+02:00
0,0,0,0,0,0,2017-06-16 16:32:49+02:00
0,0,0,0,0,0,2017-06-16 16:34:28+02:00
0,0,0,0,0,0,2017-06-16 16:37:30+02:00
0,0,0,0,0,0,2017-06-16 16:39:44+02:00
0,0,0,0,0,0,2017-06-16 16:40:23+02:00
0,0,0,0,0,0,2017-06-16 16:40:41+02:00
0,0,0,0,0,0,2017-06-16 16:46:49+02:00
0,0,0,0,0,0,2017-06-16 16:47:01+02:00
0,0,0,0,0,0,2017-06-16 16:47:42+02:00
0,0,0,0,0,0,2017-06-16 16:48:56+02:00
0,0,0,0,0,0,2017-06-16 16:48:59+02:00
0,0,0,0,0,0,2017-06-16 16:50:25+02:00
0,0,0,0,0,0,2017-06-16 16:51:55+02:00
0,0,0,0,0,0,2017-06-16 16:55:49+02:00
0,0,0,0,0,0,2017-06-16 17:06:33+02:00
0,0,0,0,0,0,2017-06-16 17:08:17+02:00
0,0,0,0,0,0,2017-06-16 17:10:23+02:00
0,0,0,0,0,0,2017-06-16 17:15:11+02:00
0,0,0,0,0,0,2017-06-16 17:16:01+02:00
0,0,0,0,0,0,2017-06-16 17:17:34+02:00
0,0,0,0,0,0,2017-06-16 17:18:32+02:00
0,0,0,0,0,0,2017-06-16 17:19:18+02:00
0,0,0,0,0,0,2017-06-16 17:20:52+02:00
0,0,0,0,0,0,2017-06-16 17:34:45+02:00
0,0,0,0,0,0,2017-06-16 17:35:01+02:00
0,0,0,0,0,0,2017-06-16 17:37:47+02:00
0,0,0,0,0,0,2017-06-16 17:38:00+02:00
0,0,0,0,0,0,2017-06-16 17:40:01+02:00
0,0,0,0,0,0,2017-06-16 17:40:44+02:00
0,0,0,0,0,0,2017-06-16 17:41:12+02:00
0,0,0,0,0,0,2017-06-16 17:41:44+02:00
0,0,0,0,0,0,2017-06-16 17:43:50+02:00
0,0,0,0,0,0,2017-06-16 17:44:19+02:00
0,0,0,0,0,0,2017-06-16 17:44:58+02:00
0,0,0,0,0,0,2017-06-16 17:45:17+02:00
0,0,0,0,0,0,2017-06-16 17:45:33+02:00
0,0,0,0,0,0,2017-06-16 17:45:45+02:00
0,1,1,0,1,0,2017-06-19 11:26:40+02:00
0,0,0,0,0,0,2017-06-19 11:28:08+02:00
0,0,0,0,0,0,2017-06-19 11:28:52+02:00
0,0,0,0,0,0,2017-06-19 11:30:12+02:00
0,0,0,0,0,0,2017-06-19 11:30:32+02:00
0,0,0,0,0,0,2017-06-19 11:30:58+02:00
0,0,0,0,0,0,2017-06-19 11:31:41+02:00
0,0,0,0,0,0,2017-06-19 11:40:23+02:00
0,0,0,0,0,0,2017-06-19 11:42:15+02:00
0,0,0,0,0,0,2017-06-19 11:43:10+02:00
0,0,0,0,0,0,2017-06-19 11:44:44+02:00
0,0,0,0,0,0,2017-06-19 11:45:11+02:00
0,0,0,0,0,0,2017-06-19 11:45:38+02:00
0,0,0,0,0,0,2017-06-19 11:46:03+02:00
0,0,0,0,0,0,2017-06-19 11:47:49+02:00
0,0,0,0,0,0,2017-06-19 11:49:03+02:00
0,0,0,0,0,0,2017-06-19 11:50:12+02:00
0,0,0,0,0,0,2017-06-19 11:51:17+02:00
0,0,0,0,0,0,2017-06-19 11:52:57+02:00
0,0,0,0,0,0,2017-06-19 11:53:26+02:00
0,0,0,0,0,0,2017-06-19 11:53:54+02:00
0,0,0,0,0,0,2017-06-19 14:47:41+02:00
0,0,0,0,0,0,2017-06-19 14:50:13+02:00
0,0,0,0,0,0,2017-06-19 14:51:48+02:00
0,0,0,0,0,0,2017-06-19 14:53:41+02:00
0,0,0,0,0,0,2017-06-19 14:56:07+02:00
0,0,0,0,0,0,2017-06-19 14:57:54+02:00
0,0,0,0,0,0,2017-06-19 15:03:19+02:00
0,0,0,0,0,0,2017-06-19 15:25:53+02:00
0,0,0,0,0,0,2017-06-19 15:29:38+02:00
0,0,0,0,0,0,2017-06-19 15:32:32+02:00
0,0,0,0,0,0,2017-06-19 15:35:44+02:00
0,0,0,0,0,0,2017-06-19 16:01:17+02:00
0,0,0,0,0,0,2017-06-19 16:03:07+02:00
0,0,0,0,0,0,2017-06-19 16:03:49+02:00
0,0,0,0,0,0,2017-06-19 16:04:53+02:00
0,0,0,0,0,0,2017-06-19 16:10:00+02:00
0,0,0,0,0,0,2017-06-19 16:42:58+02:00
0,0,0,0,0,0,2017-06-19 16:46:22+02:00
0,0,0,0,0,0,2017-06-19 16:53:54+02:00
0,0,0,0,0,0,2017-06-19 16:56:59+02:00
0,0,0,0,0,0,2017-06-19 16:58:50+02:00
0,0,0,0,0,0,2017-06-19 17:03:11+02:00
0,0,0,0,0,0,2017-06-19 17:08:08+02:00
0,0,0,0,0,0,2017-06-19 17:10:01+02:00
0,0,0,0,0,0,2017-06-19 17:13:28+02:00
0,0,0,0,0,0,2017-06-19 17:13:58+02:00
0,0,0,0,0,0,2017-06-19 17:14:46+02:00
0,0,0,0,0,0,2017-06-19 17:35:26+02:00
0,0,0,0,0,0,2017-06-19 17:44:24+02:00
0,0,0,0,0,0,2017-06-19 18:03:24+02:00
0,0,0,0,0,0,2017-06-19 18:06:09+02:00
0,0,0,0,0,0,2017-06-19 18:08:12+02:00
0,0,0,0,0,0,2017-06-19 18:11:58+02:00
0,0,0,0,0,0,2017-06-19 18:17:50+02:00
0,0,0,0,0,0,2017-06-19 18:20:16+02:00
0,0,0,0,0,0,2017-06-19 18:21:45+02:00
0,0,0,0,0,0,2017-06-19 18:22:03+02:00
0,1,1,1,0,1,2017-06-20 12:03:30+02:00
0,1,0,1,0,1,2017-06-20 14:19:20+02:00
0,1,1,1,0,1,2017-06-20 14:19:23+02:00
0,0,0,0,0,0,2017-06-20 14:33:34+02:00
0,0,0,0,0,0,2017-06-20 14:33:43+02:00
0,0,0,0,0,0,2017-06-20 14:34:04+02:00
0,0,0,0,0,0,2017-06-20 14:34:32+02:00
0,0,0,0,0,0,2017-06-20 14:34:42+02:00
0,0,0,0,0,0,2017-06-20 14:34:53+02:00
0,0,0,0,0,0,2017-06-20 14:35:13+02:00
0,1,1,1,0,0,2017-06-21 03:03:08+02:00
0,0,0,0,0,0,2017-06-21 09:50:40+02:00
1,0,0,0,0,0,2017-06-21 10:11:41+02:00
0,0,0,0,0,0,2017-06-21 10:12:00+02:00
0,0,0,0,0,0,2017-06-21 10:15:16+02:00
0,0,0,0,0,0,2017-06-21 10:15:29+02:00
0,0,0,0,0,0,2017-06-21 10:15:54+02:00
0,0,0,0,0,0,2017-06-21 10:16:12+02:00
0,0,0,0,0,0,2017-06-21 10:20:10+02:00
0,0,0,0,0,0,2017-06-21 10:26:19+02:00
0,0,0,0,0,0,2017-06-21 10:26:27+02:00
0,0,0,0,0,0,2017-06-21 10:26:34+02:00
0,0,0,0,0,0,2017-06-21 10:26:40+02:00
0,0,0,0,0,0,2017-06-21 10:26:48+02:00
0,0,0,0,0,0,2017-06-21 10:26:55+02:00
0,0,0,0,0,0,2017-06-21 10:29:06+02:00
0,0,0,0,0,0,2017-06-21 10:30:54+02:00
0,0,0,0,0,0,2017-06-21 10:31:59+02:00
0,0,0,0,0,0,2017-06-21 15:16:58+02:00
0,0,0,0,0,0,2017-06-21 15:18:55+02:00
0,0,0,0,0,0,2017-06-21 15:19:30+02:00
0,0,0,0,0,0,2017-06-21 15:20:01+02:00
0,0,0,0,0,0,2017-06-21 15:26:55+02:00
1,0,0,0,0,0,2017-06-21 15:30:04+02:00
0,0,0,0,0,0,2017-06-21 15:30:24+02:00
0,0,0,0,0,0,2017-06-21 15:54:08+02:00
0,0,0,0,0,0,2017-06-21 15:56:07+02:00
0,0,0,0,0,0,2017-06-21 16:01:41+02:00
0,0,0,0,0,0,2017-06-21 16:10:49+02:00
0,0,0,0,0,0,2017-06-21 16:11:42+02:00
0,0,0,0,0,0,2017-06-21 16:12:28+02:00
0,0,0,0,0,0,2017-06-21 16:13:03+02:00
0,0,0,0,0,0,2017-06-21 16:17:22+02:00
0,0,0,0,0,0,2017-06-21 16:17:38+02:00
0,0,0,0,0,0,2017-06-21 16:54:46+02:00
0,0,0,0,0,0,2017-06-21 17:43:10+02:00
1,1,1,1,0,0,2017-06-22 05:11:09+02:00
0,0,0,0,0,0,2017-06-22 14:37:29+02:00
1,1,1,1,0,0,2017-06-22 14:37:58+02:00
1,0,0,0,0,0,2017-06-22 14:46:57+02:00
0,0,0,0,0,0,2017-06-22 14:48:10+02:00
0,0,0,0,0,0,2017-06-22 17:27:42+02:00
0,0,0,0,0,0,2017-06-22 17:35:31+02:00
0,0,0,0,0,0,2017-06-22 17:54:16+02:00
0,0,0,0,0,0,2017-06-22 17:54:30+02:00
0,0,0,0,0,0,2017-06-22 17:54:54+02:00
0,0,0,0,0,0,2017-06-22 17:58:10+02:00
0,0,0,0,0,0,2017-06-22 17:58:31+02:00
0,0,0,0,0,0,2017-06-22 17:58:55+02:00
0,0,0,0,0,0,2017-06-22 17:59:14+02:00
1,5,2,5,0,3,2017-06-22 19:53:33+02:00
0,0,0,0,0,0,2017-06-23 10:57:13+02:00
1,1,1,1,0,0,2017-06-25 20:32:41+02:00
1,0,0,0,0,0,2017-06-27 17:01:38+02:00
0,0,0,0,0,0,2017-06-29 15:06:16+02:00
0,0,0,0,0,0,2017-06-29 15:06:36+02:00
0,0,0,0,0,0,2017-06-29 15:33:56+02:00
0,0,0,0,0,0,2017-06-29 15:35:37+02:00
1,0,0,0,0,0,2017-07-01 20:07:43+02:00
0,0,0,0,0,0,2017-07-03 09:57:05+02:00
0,1,1,0,1,0,2017-07-03 10:55:58+02:00
0,0,0,0,0,0,2017-07-03 15:38:09+02:00
0,0,0,0,0,0,2017-07-03 15:40:18+02:00
0,0,0,0,0,0,2017-07-03 15:41:22+02:00
0,0,0,0,0,0,2017-07-03 15:47:50+02:00
0,0,0,0,0,0,2017-07-03 15:49:35+02:00
0,0,0,0,0,0,2017-07-03 15:50:20+02:00
0,0,0,0,0,0,2017-07-03 15:51:37+02:00
0,0,0,0,0,0,2017-07-03 15:52:23+02:00
0,0,0,0,0,0,2017-07-03 15:53:28+02:00
0,0,0,0,0,0,2017-07-03 15:53:59+02:00
0,0,0,0,0,0,2017-07-03 16:00:30+02:00
0,0,0,0,0,0,2017-07-03 16:03:30+02:00
0,0,0,0,0,0,2017-07-03 16:16:15+02:00
0,0,0,0,0,0,2017-07-03 16:30:56+02:00
0,0,0,0,0,0,2017-07-03 16:31:07+02:00
0,1,1,1,0,1,2017-07-03 17:26:28+02:00
1,1,1,1,0,0,2017-07-03 18:12:10+02:00
0,3,3,3,0,2,2017-07-03 18:32:43+02:00
0,3,2,3,0,2,2017-07-03 18:33:13+02:00
0,1,1,1,0,1,2017-07-04 10:13:00+02:00
0,1,1,1,0,0,2017-07-04 10:13:25+02:00
0,1,1,1,0,1,2017-07-04 10:13:56+02:00
0,1,1,1,0,0,2017-07-04 10:14:22+02:00
0,1,1,1,0,1,2017-07-04 10:15:05+02:00
0,1,0,1,0,1,2017-07-04 10:15:36+02:00
0,1,1,1,0,1,2017-07-04 11:38:58+02:00
0,1,1,1,0,0,2017-07-04 11:39:16+02:00
0,1,1,1,0,1,2017-07-04 11:39:40+02:00
0,1,1,1,0,0,2017-07-04 11:40:03+02:00
0,1,1,1,0,1,2017-07-04 11:40:50+02:00
0,1,0,1,0,1,2017-07-04 11:41:10+02:00
0,0,0,0,0,0,2017-07-04 15:43:30+02:00
0,0,0,0,0,0,2017-07-04 15:43:42+02:00
0,0,0,0,0,0,2017-07-04 17:13:22+02:00
0,0,0,0,0,0,2017-07-04 17:14:04+02:00
0,0,0,0,0,0,2017-07-04 17:14:32+02:00
0,0,0,0,0,0,2017-07-04 17:14:54+02:00
0,0,0,0,0,0,2017-07-04 17:15:21+02:00
0,0,0,0,0,0,2017-07-04 17:16:53+02:00
0,0,0,0,0,0,2017-07-04 17:20:45+02:00
0,0,0,0,0,0,2017-07-05 15:36:07+02:00
0,0,0,0,0,0,2017-07-05 15:42:40+02:00
0,0,0,0,0,0,2017-07-05 15:46:38+02:00
0,0,0,0,0,0,2017-07-05 16:01:37+02:00
0,0,0,0,0,0,2017-07-05 16:33:18+02:00
0,0,0,0,0,0,2017-07-05 16:41:36+02:00
0,0,0,0,0,0,2017-07-05 16:48:08+02:00
0,0,0,0,0,0,2017-07-05 16:52:02+02:00
0,0,0,0,0,0,2017-07-05 16:55:17+02:00
0,0,0,0,0,0,2017-07-05 17:04:07+02:00
0,0,0,0,0,0,2017-07-05 17:09:19+02:00
0,0,0,0,0,0,2017-07-05 17:12:06+02:00
0,0,0,0,0,0,2017-07-05 17:13:46+02:00
0,0,0,0,0,0,2017-07-05 17:18:26+02:00
1,0,0,0,0,0,2017-07-07 21:36:30+02:00
0,0,0,0,0,0,2017-07-07 21:39:52+02:00
0,0,0,0,0,0,2017-07-10 10:11:20+02:00
0,0,0,0,0,0,2017-07-10 10:33:17+02:00
0,1,1,1,1,1,2017-07-10 10:44:38+02:00
0,1,1,1,0,1,2017-07-10 10:44:52+02:00
0,1,0,1,0,0,2017-07-10 10:45:06+02:00
0,0,0,0,0,0,2017-07-10 10:46:30+02:00
0,0,0,0,0,0,2017-07-10 10:46:50+02:00
0,0,0,0,0,0,2017-07-10 11:07:50+02:00
0,0,0,0,0,0,2017-07-10 11:09:10+02:00
0,0,0,0,0,0,2017-07-10 11:48:21+02:00
0,0,0,0,0,0,2017-07-10 14:13:38+02:00
0,0,0,0,0,0,2017-07-10 14:14:44+02:00
0,0,0,0,0,0,2017-07-10 14:15:43+02:00
0,0,0,0,0,0,2017-07-10 14:16:51+02:00
0,0,0,0,0,0,2017-07-10 14:18:31+02:00
0,0,0,0,0,0,2017-07-10 14:20:39+02:00
0,0,0,0,0,0,2017-07-10 14:21:49+02:00
0,0,0,0,0,0,2017-07-10 14:23:04+02:00
0,0,0,0,0,0,2017-07-10 14:25:11+02:00
0,0,0,0,0,0,2017-07-10 14:25:30+02:00
0,0,0,0,0,0,2017-07-10 14:25:42+02:00
0,0,0,0,0,0,2017-07-10 14:26:55+02:00
0,0,0,0,0,0,2017-07-10 14:27:14+02:00
0,0,0,0,0,0,2017-07-10 14:28:09+02:00
0,0,0,0,0,0,2017-07-10 15:49:31+02:00
0,0,0,0,0,0,2017-07-10 15:49:46+02:00
0,0,0,0,0,0,2017-07-10 15:50:00+02:00
0,0,0,0,0,0,2017-07-10 15:50:35+02:00
0,0,0,0,0,0,2017-07-10 15:51:05+02:00
0,0,0,0,0,0,2017-07-10 15:51:38+02:00
0,0,0,0,0,0,2017-07-10 15:52:32+02:00
0,0,0,0,0,0,2017-07-10 15:53:17+02:00
0,0,0,0,0,0,2017-07-10 15:53:48+02:00
0,0,0,0,0,0,2017-07-10 15:55:01+02:00
0,0,0,0,0,0,2017-07-10 15:55:59+02:00
0,0,0,0,0,0,2017-07-10 15:56:23+02:00
0,0,0,0,0,0,2017-07-10 15:57:05+02:00
0,0,0,0,0,0,2017-07-10 15:57:22+02:00
0,0,0,0,0,0,2017-07-10 16:01:02+02:00
0,0,0,0,0,0,2017-07-10 16:01:42+02:00
0,0,0,0,0,0,2017-07-10 16:01:53+02:00
0,0,0,0,0,0,2017-07-10 16:02:00+02:00
0,0,0,0,0,0,2017-07-10 16:02:52+02:00
0,0,0,0,0,0,2017-07-10 16:03:10+02:00
0,0,0,0,0,0,2017-07-10 16:03:51+02:00
0,0,0,0,0,0,2017-07-10 16:04:07+02:00
0,0,0,0,0,0,2017-07-10 16:04:22+02:00
0,0,0,0,0,0,2017-07-10 16:04:55+02:00
0,0,0,0,0,0,2017-07-10 16:06:02+02:00
0,0,0,0,0,0,2017-07-10 16:07:52+02:00
0,0,0,0,0,0,2017-07-10 16:08:07+02:00
0,0,0,0,0,0,2017-07-10 16:08:25+02:00
0,0,0,0,0,0,2017-07-10 16:20:05+02:00
0,0,0,0,0,0,2017-07-10 16:20:36+02:00
0,0,0,0,0,0,2017-07-10 16:20:52+02:00
0,0,0,0,0,0,2017-07-10 16:21:04+02:00
0,0,0,0,0,0,2017-07-10 16:21:28+02:00
0,0,0,0,0,0,2017-07-10 16:22:07+02:00
0,0,0,0,0,0,2017-07-10 16:22:26+02:00
0,0,0,0,0,0,2017-07-10 16:25:35+02:00
0,0,0,0,0,0,2017-07-10 16:26:15+02:00
0,0,0,0,0,0,2017-07-10 16:26:45+02:00
0,0,0,0,0,0,2017-07-10 16:27:35+02:00
0,0,0,0,0,0,2017-07-10 16:49:49+02:00
0,0,0,0,0,0,2017-07-10 17:03:27+02:00
0,0,0,0,0,0,2017-07-10 17:12:18+02:00
0,0,0,0,0,0,2017-07-10 17:37:30+02:00
0,0,0,0,0,0,2017-07-10 17:42:36+02:00
0,0,0,0,0,0,2017-07-10 17:58:03+02:00
0,0,0,0,0,0,2017-07-10 18:07:52+02:00
0,0,0,0,0,0,2017-07-10 18:12:34+02:00
0,0,0,0,0,0,2017-07-10 18:31:15+02:00
0,0,0,0,0,0,2017-07-10 18:31:34+02:00
0,0,0,0,0,0,2017-07-11 09:54:25+02:00
0,0,0,0,0,0,2017-07-11 09:55:13+02:00
0,0,0,0,0,0,2017-07-11 11:22:04+02:00
2,2,0,2,0,0,2017-07-11 11:22:30+02:00
0,3,2,3,1,2,2017-07-11 11:22:57+02:00
0,1,1,1,1,1,2017-07-11 11:23:21+02:00
0,1,1,1,0,1,2017-07-11 11:23:35+02:00
0,1,0,1,0,0,2017-07-11 11:23:51+02:00
1,1,0,1,0,1,2017-07-11 11:24:13+02:00
0,1,1,0,1,0,2017-07-11 11:24:33+02:00
1,1,1,1,0,0,2017-07-11 11:24:49+02:00
0,0,0,0,0,0,2017-07-11 11:25:05+02:00
0,0,0,0,0,0,2017-07-11 11:25:24+02:00
0,0,0,0,0,0,2017-07-11 11:25:51+02:00
0,0,0,0,0,0,2017-07-11 11:29:08+02:00
0,1,1,1,0,1,2017-07-11 11:35:54+02:00
0,1,1,1,0,1,2017-07-11 11:36:33+02:00
0,0,0,0,0,0,2017-07-11 11:41:56+02:00
0,0,0,0,0,0,2017-07-11 11:42:29+02:00
1,0,0,0,0,0,2017-07-11 11:56:25+02:00
1,0,0,0,0,0,2017-07-11 11:56:49+02:00
0,0,0,0,0,0,2017-07-11 11:58:26+02:00
0,0,0,0,0,0,2017-07-11 11:59:10+02:00
0,0,0,0,0,0,2017-07-11 12:02:55+02:00
0,0,0,0,0,0,2017-07-11 12:04:35+02:00
0,0,0,0,0,0,2017-07-11 12:30:18+02:00
0,0,0,0,0,0,2017-07-11 12:30:28+02:00
0,0,0,0,0,0,2017-07-11 12:30:52+02:00
0,0,0,0,0,0,2017-07-11 12:31:05+02:00
0,0,0,0,0,0,2017-07-11 12:31:15+02:00
0,0,0,0,0,0,2017-07-11 12:31:27+02:00
0,0,0,0,0,0,2017-07-11 12:40:35+02:00
0,0,0,0,0,0,2017-07-11 12:40:56+02:00
1,0,0,0,0,0,2017-07-11 12:48:31+02:00
0,0,0,0,0,0,2017-07-11 12:50:51+02:00
0,0,0,0,0,0,2017-07-11 12:51:00+02:00
0,0,0,0,0,0,2017-07-11 16:09:16+02:00
0,0,0,0,0,0,2017-07-11 16:09:47+02:00
0,0,0,0,0,0,2017-07-12 09:31:54+02:00
0,0,0,0,0,0,2017-07-12 09:32:06+02:00
1,0,0,0,0,0,2017-07-12 09:32:22+02:00
0,0,0,0,0,0,2017-07-12 09:32:34+02:00
0,0,0,0,0,0,2017-07-12 09:32:55+02:00
0,0,0,0,0,0,2017-07-12 09:36:34+02:00
0,0,0,0,0,0,2017-07-12 09:36:45+02:00
0,0,0,0,0,0,2017-07-12 09:36:56+02:00
0,0,0,0,0,0,2017-07-12 09:37:08+02:00
0,0,0,0,0,0,2017-07-12 09:43:19+02:00
0,0,0,0,0,0,2017-07-12 09:52:32+02:00
0,0,0,0,0,0,2017-07-12 09:53:27+02:00
0,0,0,0,0,0,2017-07-12 11:06:44+02:00
0,0,0,0,0,0,2017-07-18 10:59:28+02:00
0,0,0,0,0,0,2017-07-18 11:02:36+02:00
0,0,0,0,0,0,2017-07-18 11:09:44+02:00
0,0,0,0,0,0,2017-07-18 11:10:08+02:00
0,0,0,0,0,0,2017-07-18 11:10:40+02:00
0,0,0,0,0,0,2017-07-18 11:14:42+02:00
0,0,0,0,0,0,2017-07-18 11:15:32+02:00
0,0,0,0,0,0,2017-07-18 11:16:31+02:00
0,0,0,0,0,0,2017-07-18 11:16:52+02:00
0,0,0,0,0,0,2017-07-18 11:18:22+02:00
0,0,0,0,0,0,2017-07-18 11:18:32+02:00
0,0,0,0,0,0,2017-07-18 11:20:33+02:00
0,0,0,0,0,0,2017-07-18 11:20:53+02:00
0,0,0,0,0,0,2017-07-18 11:24:36+02:00
0,0,0,0,0,0,2017-07-18 11:25:58+02:00
0,0,0,0,0,0,2017-07-18 11:27:55+02:00
0,0,0,0,0,0,2017-07-18 11:29:15+02:00
0,0,0,0,0,0,2017-07-18 11:30:34+02:00
0,0,0,0,0,0,2017-07-18 11:53:08+02:00
0,0,0,0,0,0,2017-07-18 11:54:33+02:00
0,0,0,0,0,0,2017-07-18 11:54:57+02:00
0,0,0,0,0,0,2017-07-18 11:56:14+02:00
0,0,0,0,0,0,2017-07-18 11:57:31+02:00
1,0,0,0,0,0,2017-07-18 11:58:06+02:00
0,1,1,0,1,0,2017-07-18 11:59:35+02:00
1,1,0,1,0,1,2017-07-18 12:00:07+02:00
0,0,0,0,0,0,2017-07-18 12:07:17+02:00
0,0,0,0,0,0,2017-07-18 12:07:26+02:00
0,0,0,0,0,0,2017-07-18 12:07:39+02:00
0,0,0,0,0,0,2017-07-18 12:07:50+02:00
0,0,0,0,0,0,2017-07-18 16:14:14+02:00
0,0,0,0,0,0,2017-07-18 16:14:39+02:00
0,0,0,0,0,0,2017-07-18 16:14:58+02:00
0,0,0,0,0,0,2017-07-18 16:15:12+02:00
0,0,0,0,0,0,2017-07-18 16:15:35+02:00
0,0,0,0,0,0,2017-07-18 16:16:52+02:00
0,0,0,0,0,0,2017-07-18 16:17:20+02:00
0,0,0,0,0,0,2017-07-18 16:17:54+02:00
0,0,0,0,0,0,2017-07-18 16:18:50+02:00
0,0,0,0,0,0,2017-07-18 16:19:19+02:00
0,0,0,0,0,0,2017-07-18 16:19:34+02:00
0,0,0,0,0,0,2017-07-18 16:19:49+02:00
0,0,0,0,0,0,2017-07-18 16:29:18+02:00
0,0,0,0,0,0,2017-07-18 16:39:18+02:00
0,0,0,0,0,0,2017-07-18 16:45:18+02:00
0,0,0,0,0,0,2017-07-18 16:53:20+02:00
0,0,0,0,0,0,2017-07-18 16:53:42+02:00
0,0,0,0,0,0,2017-07-18 16:55:52+02:00
0,0,0,0,0,0,2017-07-18 16:57:55+02:00
1,4,2,4,1,2,2017-07-19 13:49:36+02:00
0,0,0,0,0,0,2017-07-19 15:20:51+02:00
0,1,1,0,1,0,2017-07-20 10:21:58+02:00
0,0,0,0,0,0,2017-07-20 10:27:58+02:00
0,0,0,0,0,0,2017-07-20 10:28:09+02:00
1,1,0,1,0,0,2017-07-21 15:05:17+02:00
1,0,0,0,0,0,2017-07-21 15:17:04+02:00
1,1,0,1,0,0,2017-07-21 15:29:47+02:00
0,0,0,0,0,0,2017-07-21 15:30:11+02:00
0,0,0,0,0,0,2017-07-21 15:39:34+02:00
0,0,0,0,0,0,2017-07-21 15:39:47+02:00
0,0,0,0,0,0,2017-07-21 15:40:00+02:00
0,0,0,0,0,0,2017-07-21 15:40:10+02:00
0,0,0,0,0,0,2017-07-21 15:47:34+02:00
0,0,0,0,0,0,2017-07-21 16:07:20+02:00
0,0,0,0,0,0,2017-07-21 16:08:00+02:00
0,0,0,1,1,1,2017-07-21 16:38:50+02:00
0,0,0,1,1,1,2017-07-21 16:40:16+02:00
0,0,0,0,0,0,2017-07-24 15:22:51+02:00
0,0,0,0,0,0,2017-07-24 15:29:09+02:00
0,1,1,1,0,1,2017-07-25 02:15:08+02:00
0,3,3,3,0,2,2017-07-25 03:02:27+02:00
1,0,0,0,0,0,2017-07-25 12:03:24+02:00
0,0,0,0,0,0,2017-07-25 12:03:50+02:00
0,0,0,0,0,0,2017-07-25 12:22:08+02:00
0,0,0,0,0,0,2017-07-25 13:59:42+02:00
0,0,0,0,0,0,2017-07-25 13:59:54+02:00
0,0,0,0,0,0,2017-07-25 14:00:09+02:00
0,0,0,0,0,0,2017-07-25 14:00:26+02:00
1,1,1,1,0,0,2017-07-25 22:53:50+02:00
1,1,1,1,0,0,2017-07-25 23:01:03+02:00
1,1,1,1,0,0,2017-07-25 23:02:54+02:00
0,1,0,1,0,0,2017-07-25 23:40:56+02:00
0,6,5,6,0,4,2017-07-26 04:20:46+02:00
0,0,0,0,0,0,2017-07-26 04:25:47+02:00
1,1,0,1,0,1,2017-07-26 17:05:38+02:00
1,1,0,1,0,1,2017-07-26 17:50:09+02:00
0,1,1,1,0,1,2017-07-26 17:51:49+02:00
0,1,1,1,0,1,2017-07-26 17:52:43+02:00
1,1,0,1,0,1,2017-07-26 18:11:07+02:00
0,0,0,0,0,0,2017-07-26 18:22:44+02:00
1,0,0,0,0,0,2017-07-26 18:37:23+02:00
0,0,0,0,0,0,2017-07-26 18:37:38+02:00
0,0,0,0,0,0,2017-07-26 18:40:31+02:00
0,0,0,0,0,0,2017-07-26 18:40:42+02:00
0,0,0,0,0,0,2017-07-26 18:40:56+02:00
0,0,0,0,0,0,2017-07-26 18:41:36+02:00
0,0,0,1,1,1,2017-07-26 19:06:13+02:00
0,0,0,1,1,1,2017-07-26 19:07:19+02:00
1,1,1,1,0,0,2017-07-26 22:58:40+02:00
1,1,1,1,0,0,2017-07-27 00:24:40+02:00
0,1,1,0,1,0,2017-07-27 00:25:47+02:00
0,1,1,0,1,0,2017-07-27 00:34:01+02:00
1,1,0,1,0,1,2017-07-27 01:07:08+02:00
1,1,0,1,0,1,2017-07-27 01:09:00+02:00
0,0,0,0,0,0,2017-07-27 01:18:13+02:00
0,0,0,0,0,0,2017-07-27 16:24:51+02:00
0,0,0,0,0,0,2017-07-27 16:33:01+02:00
0,0,0,0,0,0,2017-07-27 16:33:32+02:00
0,0,0,0,0,0,2017-07-27 20:53:55+02:00
0,0,0,0,0,0,2017-07-27 20:54:38+02:00
0,0,0,0,0,0,2017-07-27 20:55:10+02:00
0,0,0,0,0,0,2017-07-27 20:57:23+02:00
0,0,0,0,0,0,2017-07-28 14:35:21+02:00
0,0,0,0,0,0,2017-07-28 14:35:42+02:00
0,1,1,0,1,0,2017-07-28 14:47:16+02:00
0,0,0,0,0,0,2017-07-28 16:05:23+02:00
0,0,0,0,0,0,2017-07-28 16:05:32+02:00
0,0,0,0,0,0,2017-07-28 16:06:03+02:00
0,0,0,0,0,0,2017-07-28 16:06:14+02:00
0,0,0,0,0,0,2017-07-28 16:07:34+02:00
0,0,0,0,0,0,2017-07-28 16:09:28+02:00
0,0,0,0,0,0,2017-07-28 16:09:46+02:00
0,0,0,0,0,0,2017-07-28 16:10:05+02:00
0,0,0,0,0,0,2017-07-28 16:11:15+02:00
0,0,0,0,0,0,2017-07-28 16:12:45+02:00
0,0,0,0,0,0,2017-07-28 16:18:28+02:00
0,0,0,0,0,0,2017-07-28 16:20:17+02:00
0,1,1,0,1,0,2017-07-28 16:45:15+02:00
0,0,0,0,0,0,2017-07-31 15:48:54+02:00
4,15,9,14,2,7,2017-08-01 15:39:59+02:00
0,0,0,0,0,0,2017-08-01 15:41:25+02:00
1,1,0,1,0,0,2017-08-01 16:06:06+02:00
4,12,7,11,1,5,2017-08-01 17:52:06+02:00
1,2,1,1,1,0,2017-08-01 18:04:18+02:00
0,0,0,0,0,0,2017-08-01 18:11:11+02:00
0,0,0,0,0,0,2017-08-01 18:14:25+02:00
1,1,0,1,0,0,2017-08-01 18:24:38+02:00
0,3,2,3,1,2,2017-07-31 22:35:39+02:00
2,2,0,2,0,0,2017-08-02 00:21:42+02:00
1,1,0,1,0,0,2017-08-02 00:35:35+02:00
0,0,0,0,0,0,2017-08-02 10:33:31+02:00
0,1,0,1,0,0,2017-08-02 10:37:06+02:00
1,3,2,3,1,2,2017-08-02 11:20:50+02:00
1,1,1,1,0,0,2017-08-02 16:59:16+02:00
2,3,1,2,1,1,2017-08-02 17:31:10+02:00
3,4,1,3,1,1,2017-08-02 18:06:12+02:00
1,0,0,0,0,0,2017-08-04 14:09:03+02:00
0,0,0,0,0,0,2017-08-04 14:09:56+02:00
0,0,0,0,0,0,2017-08-04 14:10:15+02:00
0,0,0,0,0,0,2017-08-04 14:10:32+02:00
0,0,0,0,0,0,2017-08-04 14:15:44+02:00
0,0,0,0,0,0,2017-08-23 18:09:25+02:00
4,5,1,7,2,4,2017-08-24 18:11:38+02:00
0,0,0,0,0,0,2017-08-24 18:13:05+02:00
0,0,0,0,0,0,2017-08-24 18:13:22+02:00
0,0,0,0,0,0,2017-08-24 18:13:51+02:00
0,0,0,0,0,0,2017-08-24 18:14:05+02:00
0,0,0,0,0,0,2017-08-24 18:14:27+02:00
0,0,0,0,0,0,2017-08-24 18:18:02+02:00
0,0,0,0,0,0,2017-08-24 18:19:22+02:00
0,0,0,0,0,0,2017-08-25 10:22:28+02:00
0,0,0,0,0,0,2017-08-25 10:49:49+02:00
2,1,0,2,2,1,2017-08-25 16:55:07+02:00
0,0,0,0,0,0,2017-08-25 16:59:07+02:00
0,0,0,0,0,0,2017-08-25 16:59:26+02:00
0,0,0,0,0,0,2017-08-25 17:01:21+02:00
0,0,0,0,0,0,2017-08-29 15:06:33+02:00
0,0,0,0,0,0,2017-08-29 15:06:55+02:00
0,1,0,1,0,0,2017-09-13 14:36:48+02:00
0,1,1,1,1,1,2017-09-13 14:37:42+02:00
0,1,1,1,0,1,2017-09-13 14:39:54+02:00
0,0,0,0,0,0,2017-09-13 20:34:44+02:00
0,0,0,0,0,0,2017-09-13 20:36:37+02:00
0,0,0,0,0,0,2017-09-13 20:37:48+02:00
0,0,0,0,0,0,2017-09-13 20:46:06+02:00
0,0,0,0,0,0,2017-09-16 20:06:49+02:00
0,0,0,0,0,0,2017-09-21 10:18:08+02:00
1,0,0,0,0,0,2017-10-09 15:26:58+02:00
0,0,0,0,0,0,2017-10-09 15:38:30+02:00
0,0,0,0,0,0,2017-10-09 15:41:17+02:00
0,0,0,0,0,0,2017-10-09 15:41:41+02:00
0,0,0,0,0,0,2017-10-09 15:42:07+02:00
0,0,0,0,0,0,2017-10-09 15:42:13+02:00
1,0,0,0,0,0,2017-10-09 15:47:57+02:00
0,0,0,0,0,0,2017-10-09 15:48:17+02:00
1,0,0,0,0,0,2017-10-09 20:01:04+02:00
0,2,2,1,1,1,2017-10-11 18:42:24+02:00
0,1,1,0,1,0,2017-10-11 19:01:35+02:00
1,1,0,1,1,0,2017-10-11 19:02:02+02:00
0,0,0,0,0,0,2017-10-11 19:11:07+02:00
0,0,0,0,0,0,2017-10-11 19:11:32+02:00
1,0,0,0,0,0,2017-10-11 19:12:28+02:00
1,0,0,0,0,0,2017-10-11 19:20:07+02:00
1,0,0,0,0,0,2017-10-11 20:05:10+02:00
0,0,0,0,0,0,2017-12-13 22:29:00+01:00
0,0,0,0,0,0,2017-12-13 22:29:47+01:00
0,0,0,0,0,0,2018-07-07 13:23:58+02:00
0,0,0,0,0,0,2018-07-07 13:26:28+02:00
0,0,0,0,0,0,2018-07-11 10:04:27+02:00
0,0,0,0,0,0,2018-07-19 10:11:03+02:00
1,0,0,0,0,0,2018-07-19 10:30:51+02:00
0,0,0,0,0,0,2018-07-19 10:36:47+02:00
1,0,0,0,0,0,2018-07-19 10:48:27+02:00
0,0,0,0,0,0,2018-07-19 10:54:25+02:00
0,0,0,0,0,0,2018-07-26 14:13:26+02:00
0,0,0,0,0,0,2018-07-26 14:49:47+02:00
1,1,0,1,0,0,2018-09-18 11:55:13+02:00
0,0,0,0,0,0,2018-09-18 15:51:09+02:00
0,0,0,0,0,0,2018-09-18 15:52:09+02:00
0,0,0,0,0,0,2018-09-18 15:52:31+02:00
1,1,1,1,0,0,2019-01-28 14:00:16+01:00
1,4,3,4,0,4,2019-04-26 12:04:51+02:00
0,0,0,0,0,0,2019-04-26 12:22:11+02:00
0,0,0,0,0,0,2019-04-26 14:34:57+02:00
1,0,0,0,0,0,2019-04-26 16:35:24+02:00
1,0,0,0,0,0,2019-04-26 16:44:31+02:00
1,0,0,0,0,0,2019-04-26 16:58:29+02:00
0,0,0,0,0,0,2019-04-26 17:33:55+02:00
2,0,0,4,4,4,2019-05-10 19:29:02+02:00
0,0,0,0,0,0,2019-05-13 11:26:03+02:00
0,0,0,0,0,0,2019-05-13 11:28:33+02:00
1,1,1,1,0,0,2019-05-17 11:58:48+02:00
0,0,0,0,0,0,2019-05-17 12:08:54+02:00
0,0,0,0,0,0,2019-05-17 12:18:42+02:00
3,4,1,4,0,0,2019-05-17 15:29:23+02:00
0,0,0,0,0,0,2019-05-17 15:45:42+02:00
0,0,0,0,0,0,2019-05-17 15:55:17+02:00
0,0,0,0,0,0,2019-05-17 16:00:57+02:00
0,0,0,0,0,0,2019-05-17 16:08:08+02:00
0,0,0,0,0,0,2019-05-17 16:18:04+02:00
0,0,0,0,0,0,2019-05-17 16:23:31+02:00
0,0,0,0,0,0,2019-05-17 16:26:35+02:00
0,0,0,0,0,0,2019-05-17 16:34:23+02:00
1,1,0,1,0,0,2019-05-17 16:39:35+02:00
0,0,0,0,0,0,2019-05-17 16:49:53+02:00
0,0,0,0,0,0,2019-05-17 17:12:59+02:00
0,0,0,0,0,0,2019-05-17 18:02:02+02:00
2,2,0,2,0,0,2019-05-17 18:24:33+02:00
2,1,1,1,0,0,2019-05-19 19:10:41+02:00
0,0,0,0,0,0,2019-05-21 12:02:28+02:00
2,3,1,6,2,1,2019-05-22 17:13:32+02:00
0,0,0,2,2,1,2019-05-22 17:32:36+02:00
0,0,0,1,1,0,2019-05-22 17:36:44+02:00
0,0,0,0,0,0,2019-05-22 17:55:29+02:00
1,1,0,1,0,0,2019-05-22 21:57:12+02:00
3,3,0,4,1,1,2019-05-23 15:25:15+02:00
1,0,1,1,0,0,2019-05-23 16:19:21+02:00
4,0,3,4,0,2,2019-05-29 00:38:38+02:00
3,3,1,5,1,3,2019-05-29 11:42:29+02:00
0,0,0,0,0,0,2019-05-29 11:47:45+02:00
0,0,0,0,0,0,2019-05-29 16:31:54+02:00
0,0,0,0,0,0,2019-05-29 16:33:15+02:00
1,1,0,0,0,0,2019-05-29 16:51:18+02:00
1,0,0,0,0,0,2019-05-29 17:00:52+02:00
1,0,0,0,0,0,2019-05-29 17:14:11+02:00
0,0,0,0,0,0,2019-05-29 17:20:22+02:00
1,0,0,0,0,0,2019-05-29 17:33:00+02:00
0,0,0,0,0,0,2019-06-03 11:03:25+02:00
0,2,0,2,1,0,2019-06-04 12:45:10+02:00
0,0,0,0,0,0,2019-06-04 12:46:45+02:00
0,0,0,0,0,0,2019-06-04 12:55:51+02:00
0,1,0,1,0,0,2019-06-04 13:35:11+02:00
0,1,0,1,0,0,2019-06-04 13:43:11+02:00
0,0,0,0,0,0,2019-06-04 14:59:00+02:00
0,0,0,0,0,0,2019-06-04 15:00:36+02:00
0,0,0,0,0,0,2019-06-04 15:01:17+02:00
10,8,4,13,2,5,2019-06-07 11:02:50+02:00
0,0,0,0,0,0,2019-06-07 11:03:18+02:00
0,1,0,1,0,0,2019-06-07 11:51:16+02:00
1,1,0,1,1,1,2019-06-07 12:26:06+02:00
1,1,0,1,1,1,2019-06-07 13:03:44+02:00
0,0,0,0,0,0,2019-06-07 14:07:11+02:00
0,0,0,2,2,2,2019-06-07 15:16:11+02:00
1,2,1,2,0,0,2019-06-07 15:40:59+02:00
3,3,6,6,0,5,2019-06-07 17:23:01+02:00
3,4,2,4,0,3,2019-06-07 18:13:57+02:00
12,15,8,20,2,10,2019-06-07 18:30:51+02:00
0,0,0,0,0,0,2019-06-11 11:52:01+02:00
0,0,0,0,0,0,2019-06-11 11:52:45+02:00
0,0,0,0,0,0,2019-06-11 14:17:51+02:00
0,0,0,0,0,0,2019-06-11 14:18:14+02:00
0,0,0,0,0,0,2019-06-11 14:23:59+02:00
0,0,0,0,0,0,2019-06-11 17:20:16+02:00
0,0,0,0,0,0,2019-06-11 17:20:32+02:00
0,0,0,0,0,0,2019-06-11 17:21:57+02:00
0,0,0,0,0,0,2019-06-11 17:28:10+02:00
0,0,0,0,0,0,2019-06-11 17:28:56+02:00
0,0,0,0,0,0,2019-06-11 17:29:04+02:00
0,0,0,0,0,0,2019-06-11 17:41:22+02:00
0,0,0,0,0,0,2019-06-11 17:41:31+02:00
0,0,0,0,0,0,2019-06-11 17:42:17+02:00
0,0,0,0,0,0,2019-06-12 09:23:09+02:00
0,0,0,0,0,0,2019-06-12 10:06:25+02:00
0,0,0,0,0,0,2019-06-12 10:49:14+02:00
0,0,0,0,0,0,2019-06-12 10:53:08+02:00
0,0,0,0,0,0,2019-06-12 10:59:08+02:00
0,0,0,0,0,0,2019-06-12 11:01:43+02:00
0,0,0,0,0,0,2019-06-12 11:23:59+02:00
0,0,0,0,0,0,2019-06-12 11:38:26+02:00
0,0,0,0,0,0,2019-06-12 11:42:30+02:00
0,0,0,0,0,0,2019-06-12 11:46:23+02:00
0,0,0,0,0,0,2019-06-12 14:40:24+02:00
0,0,0,0,0,0,2019-06-12 14:51:42+02:00
0,0,0,0,0,0,2019-06-12 15:02:35+02:00
0,0,0,0,0,0,2019-06-12 15:24:38+02:00
0,0,0,0,0,0,2019-06-12 17:23:14+02:00
0,0,0,0,0,0,2019-06-12 18:13:45+02:00
0,0,0,0,0,0,2019-06-12 18:30:06+02:00
0,0,0,0,0,0,2019-06-12 18:54:04+02:00
0,0,1,1,0,1,2019-06-12 19:35:22+02:00
0,0,0,0,0,0,2019-06-12 20:13:08+02:00
0,0,0,0,0,0,2019-06-12 20:38:38+02:00
0,1,0,1,0,0,2019-06-12 20:52:39+02:00
0,0,0,0,0,0,2019-06-12 21:13:35+02:00
0,0,0,0,0,0,2019-06-12 21:36:55+02:00
0,0,0,0,0,0,2019-06-12 21:55:44+02:00
0,0,0,0,0,0,2019-06-12 22:15:58+02:00
0,0,0,0,0,0,2019-06-12 22:31:09+02:00
0,0,0,0,0,0,2019-06-12 22:56:25+02:00
0,0,0,0,0,0,2019-06-12 23:30:18+02:00
0,0,0,0,0,0,2019-06-12 23:33:48+02:00
0,0,0,0,0,0,2019-06-12 23:42:27+02:00
0,0,0,0,0,0,2019-06-12 23:55:27+02:00
0,0,0,0,0,0,2019-06-13 00:19:04+02:00
0,0,0,0,0,0,2019-06-13 00:34:47+02:00
1,2,0,2,1,0,2019-06-13 11:49:59+02:00
0,0,0,0,0,0,2019-06-13 11:51:24+02:00
0,0,0,0,0,0,2019-06-13 12:07:36+02:00
1,0,0,0,0,0,2019-06-14 18:11:57+02:00
0,0,0,0,0,0,2019-06-21 17:45:23+02:00
0,0,0,0,0,0,2019-06-21 17:45:48+02:00
0,0,0,0,0,0,2019-06-21 18:00:22+02:00
0,0,0,0,0,0,2019-06-21 18:33:54+02:00
0,0,0,0,0,0,2019-06-21 18:46:49+02:00
1,1,0,1,0,1,2019-06-21 19:34:13+02:00
0,0,0,0,0,0,2019-06-21 19:59:51+02:00
0,0,0,0,0,0,2019-06-21 20:04:13+02:00
0,0,0,2,2,2,2019-06-22 11:27:30+02:00
0,0,0,0,0,0,2019-06-22 11:36:03+02:00
0,0,0,0,0,0,2019-06-22 12:18:08+02:00
0,0,0,0,0,0,2019-06-22 12:21:10+02:00
1,1,1,1,0,0,2019-06-22 13:00:15+02:00
0,0,0,0,0,0,2019-06-22 13:24:06+02:00
0,0,0,0,0,0,2019-06-22 13:28:27+02:00
0,0,0,0,0,0,2019-06-23 13:02:54+02:00
0,0,0,0,0,0,2019-06-23 20:15:48+02:00
0,0,0,0,0,0,2019-06-23 21:58:16+02:00
0,0,0,0,0,0,2019-06-23 22:04:12+02:00
0,0,0,0,0,0,2019-06-23 22:08:43+02:00
0,0,0,0,0,0,2019-06-23 22:13:49+02:00
0,0,0,0,0,0,2019-06-23 22:21:27+02:00
0,0,0,0,0,0,2019-06-23 22:24:58+02:00
0,0,0,0,0,0,2019-06-24 10:26:11+02:00
0,0,0,0,0,0,2019-06-24 10:35:41+02:00
0,0,0,0,0,0,2019-06-24 10:45:26+02:00
0,0,0,0,0,0,2019-06-24 10:53:38+02:00
0,0,0,0,0,0,2019-06-24 11:01:13+02:00
0,0,0,0,0,0,2019-06-24 11:14:14+02:00
0,0,0,0,0,0,2019-06-24 20:40:50+02:00
0,0,0,0,0,0,2019-06-25 10:40:15+02:00
0,0,0,0,0,0,2019-06-25 10:58:43+02:00
0,0,0,0,0,0,2019-06-25 11:01:10+02:00
0,0,0,0,0,0,2019-06-25 14:20:07+02:00
0,0,0,0,0,0,2019-06-25 14:35:55+02:00
0,0,0,0,0,0,2019-06-25 15:27:42+02:00
0,0,0,0,0,0,2019-06-25 16:40:57+02:00
0,0,0,0,0,0,2019-06-25 18:02:01+02:00
0,0,0,0,0,0,2019-06-26 15:20:18+02:00
0,0,0,0,0,0,2019-06-26 17:41:54+02:00
0,0,0,0,0,0,2019-06-26 17:42:46+02:00
0,0,0,0,0,0,2019-06-26 17:43:49+02:00
0,0,0,0,0,0,2019-06-26 17:44:31+02:00
0,0,0,0,0,0,2019-06-26 17:56:01+02:00
0,0,0,0,0,0,2019-06-26 17:56:19+02:00
0,0,0,0,0,0,2019-06-26 17:56:36+02:00
0,0,0,0,0,0,2019-06-26 17:56:55+02:00
1,1,0,1,0,1,2019-06-26 18:01:13+02:00
0,0,0,0,0,0,2019-06-26 18:02:12+02:00
0,0,0,0,0,0,2019-06-26 18:05:51+02:00
0,0,0,0,0,0,2019-06-26 18:13:28+02:00
0,0,0,0,0,0,2019-06-27 09:53:07+02:00
0,0,0,0,0,0,2019-06-27 09:56:35+02:00
0,0,0,0,0,0,2019-06-27 12:28:43+02:00
0,0,0,0,0,0,2019-06-27 13:41:50+02:00
0,0,0,0,0,0,2019-06-27 13:45:24+02:00
0,0,0,0,0,0,2019-06-27 13:46:42+02:00
0,0,0,0,0,0,2019-06-27 13:52:17+02:00
0,0,0,0,0,0,2019-06-27 14:24:52+02:00
0,0,0,0,0,0,2019-06-27 14:38:07+02:00
0,0,0,0,0,0,2019-06-27 14:48:25+02:00
0,0,0,0,0,0,2019-06-27 15:30:02+02:00
0,0,0,0,0,0,2019-06-27 15:49:16+02:00
0,0,0,0,0,0,2019-06-27 16:51:46+02:00
0,0,0,0,0,0,2019-06-27 17:18:24+02:00
0,0,0,0,0,0,2019-07-25 10:17:39+02:00
0,0,0,0,0,0,2019-07-25 14:28:55+02:00
1,0,0,0,0,0,2019-07-26 15:00:49+02:00
0,0,0,0,0,0,2019-07-26 15:18:25+02:00
0,0,0,0,0,0,2019-07-26 15:36:11+02:00
1,3,1,3,4,2,2019-07-29 10:50:05+02:00
3,2,2,4,2,3,2019-07-29 11:41:38+02:00
0,0,0,0,0,0,2019-07-29 11:53:45+02:00
1,0,0,0,0,0,2019-07-29 15:06:58+02:00
0,1,1,1,2,1,2019-07-29 15:46:16+02:00
0,0,0,0,0,0,2019-07-29 16:48:12+02:00
0,0,0,0,0,0,2019-07-29 17:15:52+02:00
0,0,0,0,0,0,2019-07-29 17:19:34+02:00
0,0,0,0,0,0,2019-07-29 17:37:42+02:00
0,0,0,0,0,0,2019-07-30 10:44:59+02:00
1,1,0,1,0,0,2019-08-05 15:42:26+02:00
1,1,0,1,0,0,2019-08-05 15:59:16+02:00
0,0,0,0,0,0,2019-08-06 12:11:51+02:00
0,0,0,0,0,0,2019-08-06 17:22:09+02:00
0,0,0,0,0,0,2019-08-06 17:24:39+02:00
0,1,1,0,1,0,2019-08-09 22:38:14+02:00
1,2,1,2,3,1,2019-08-13 10:57:52+02:00
0,1,1,0,1,0,2019-08-13 11:31:29+02:00
0,1,1,0,1,0,2019-08-22 22:16:49+02:00
0,0,0,0,0,0,2019-08-23 10:45:40+02:00
0,0,0,0,0,0,2019-08-23 11:28:03+02:00
0,0,0,0,0,0,2019-08-25 22:58:54+02:00
0,0,0,0,0,0,2019-08-25 23:02:36+02:00
0,0,0,2,2,2,2019-09-02 10:27:13+02:00
0,0,0,0,0,0,2019-09-04 16:56:09+02:00
0,0,0,0,0,0,2019-09-04 16:59:53+02:00
0,0,0,0,0,0,2019-09-04 17:32:49+02:00
1,1,0,1,0,1,2019-09-04 17:48:11+02:00
0,0,0,0,0,0,2019-09-04 19:15:26+02:00
0,0,0,0,0,0,2019-09-04 19:25:58+02:00
0,0,0,0,0,0,2019-09-06 11:07:52+02:00
0,0,0,0,0,0,2019-09-18 10:10:38+02:00
0,0,0,0,0,0,2019-10-09 14:00:05+02:00
0,0,0,0,0,0,2020-01-28 22:50:46+00:00
0,0,0,0,0,0,2020-04-13 11:25:44+02:00
0,0,0,0,0,0,2020-04-13 11:34:02+02:00
0,0,0,0,0,0,2020-04-13 14:34:26+02:00
0,0,0,0,0,0,2020-04-13 14:41:01+02:00
0,0,0,0,0,0,2020-04-13 16:51:32+02:00
0,0,0,0,0,0,2020-04-13 17:38:10+02:00
0,3,2,3,0,1,2020-04-13 17:39:16+02:00
0,0,0,0,0,0,2020-04-13 17:58:04+02:00
0,0,0,0,0,0,2020-04-13 18:03:38+02:00
0,0,0,0,0,0,2020-04-13 18:18:38+02:00
1,1,1,1,0,0,2020-04-13 18:20:08+02:00
0,0,0,0,0,0,2020-04-13 18:24:36+02:00
1,1,1,1,0,0,2020-04-13 19:59:01+02:00
0,0,0,0,0,0,2020-04-13 20:07:47+02:00
0,0,0,0,0,0,2020-04-13 21:06:26+02:00
0,0,0,0,0,0,2020-04-13 21:10:15+02:00
0,0,0,0,0,0,2020-04-13 21:13:23+02:00
0,0,0,0,0,0,2020-04-13 21:19:16+02:00
0,0,0,0,0,0,2020-04-13 21:33:51+02:00
0,0,0,0,0,0,2020-04-13 21:45:33+02:00
0,0,0,0,0,0,2020-04-13 21:46:10+02:00
0,0,0,0,0,0,2020-04-13 22:33:42+02:00
0,0,0,0,0,0,2020-06-09 09:57:53-04:00
