Acquisition,Preparation,Modeling,Training,Evaluation,Prediction,time
0,0,0,0,0,0,2014-03-13 16:25:25-07:00
0,0,0,0,0,0,2014-03-13 16:48:04-07:00
0,0,0,0,0,0,2014-03-13 16:56:57-07:00
0,0,0,0,0,0,2014-03-13 17:00:54-07:00
0,0,0,0,0,0,2014-03-14 13:40:49-07:00
0,0,0,0,0,0,2014-03-14 13:55:14-07:00
0,0,0,0,0,0,2014-03-15 01:28:22-07:00
0,0,0,0,0,0,2014-03-15 02:28:36-07:00
0,0,0,0,0,0,2014-03-15 18:05:51-07:00
0,0,0,0,0,0,2014-03-15 18:09:48-07:00
0,0,0,0,0,0,2014-03-15 18:31:34-07:00
0,0,0,0,0,0,2014-03-15 21:57:46-07:00
0,0,0,0,0,0,2014-03-15 23:08:09-07:00
0,0,0,0,0,0,2014-03-16 00:20:54-07:00
0,0,0,0,0,0,2014-03-16 01:13:20-07:00
0,0,0,0,0,0,2014-03-16 01:35:16-07:00
0,0,0,0,0,0,2014-03-16 09:01:49-07:00
0,0,0,0,0,0,2014-03-16 13:53:11-07:00
0,0,0,0,0,0,2014-03-16 15:41:22-07:00
1,1,0,0,0,0,2014-03-16 19:10:40-07:00
0,0,0,0,0,0,2014-03-16 19:53:54-07:00
0,0,0,0,0,0,2014-03-16 20:01:51-07:00
0,0,0,0,0,0,2014-03-16 21:36:58-07:00
0,0,0,0,0,0,2014-03-16 22:10:48-07:00
0,0,0,0,0,0,2014-03-16 23:38:29-07:00
1,1,0,0,0,0,2014-03-16 23:45:15-07:00
1,1,0,0,0,0,2014-03-16 23:47:17-07:00
1,1,0,0,0,0,2014-03-16 23:53:08-07:00
0,0,0,0,0,0,2014-03-17 00:25:12-07:00
0,0,0,0,0,0,2014-03-17 09:01:43-07:00
0,0,0,0,0,0,2014-03-17 09:06:28-07:00
0,0,0,0,0,0,2014-03-17 10:08:57-07:00
0,0,0,0,0,0,2014-03-17 11:51:54-07:00
0,0,0,0,0,0,2014-03-17 11:52:56-07:00
0,0,0,0,0,0,2014-03-17 17:01:21-07:00
0,0,0,0,0,0,2014-03-17 17:02:54-07:00
0,0,0,0,0,0,2014-03-18 14:41:34-07:00
0,0,0,0,0,0,2014-03-18 14:59:39-07:00
0,0,0,0,0,0,2014-03-18 17:35:38-07:00
0,0,0,0,0,0,2014-03-18 23:37:17-07:00
0,0,0,0,0,0,2014-03-19 00:22:51-07:00
0,0,0,0,0,0,2014-03-19 00:29:03-07:00
0,0,0,0,0,0,2014-03-19 08:46:51-07:00
0,0,0,0,0,0,2014-03-19 08:56:12-07:00
0,0,0,0,0,0,2014-03-20 07:24:49-07:00
0,0,0,0,0,0,2014-03-20 07:34:20-07:00
0,0,0,0,0,0,2014-03-20 07:46:35-07:00
0,0,0,0,0,0,2014-03-20 10:42:21-07:00
0,0,0,0,0,0,2014-03-20 16:49:25-07:00
0,0,0,0,0,0,2014-03-20 16:53:25-07:00
0,0,0,0,0,0,2014-03-20 16:54:49-07:00
0,0,0,0,0,0,2014-03-20 17:07:24-07:00
0,0,0,0,0,0,2014-03-21 00:00:58-07:00
0,0,0,0,0,0,2014-03-21 00:02:34-07:00
0,0,0,0,0,0,2014-03-21 09:06:33-07:00
0,0,0,0,0,0,2014-03-21 22:22:45-07:00
0,0,0,0,0,0,2014-03-21 22:24:34-07:00
0,0,0,0,0,0,2014-03-21 22:26:44-07:00
0,0,0,0,0,0,2014-03-21 22:48:44-07:00
0,0,0,0,0,0,2014-03-21 22:51:49-07:00
0,0,0,0,0,0,2014-03-21 22:52:48-07:00
0,0,0,0,0,0,2014-03-21 22:53:48-07:00
0,0,0,0,0,0,2014-03-21 23:39:28-07:00
0,0,0,0,0,0,2014-03-22 00:04:22-07:00
0,0,0,0,0,0,2014-03-22 23:49:18-07:00
0,0,0,0,0,0,2014-03-23 01:27:36-07:00
0,0,0,0,0,0,2014-03-23 01:33:56-07:00
0,0,0,0,0,0,2014-03-23 01:35:13-07:00
0,0,0,0,0,0,2014-04-04 23:50:59-07:00
0,0,0,0,0,0,2014-04-04 23:57:14-07:00
0,0,0,0,0,0,2014-04-05 00:50:58-07:00
0,0,0,0,0,0,2014-04-05 18:08:42-07:00
0,0,0,0,0,0,2014-04-08 23:37:42-07:00
0,0,0,0,0,0,2014-04-08 23:41:18-07:00
0,0,0,0,0,0,2014-04-09 10:45:07-07:00
0,0,0,0,0,0,2014-04-09 10:52:14-07:00
0,0,0,0,0,0,2014-04-09 10:53:27-07:00
0,0,0,0,0,0,2014-04-09 11:02:31-07:00
0,0,0,0,0,0,2014-04-09 11:03:17-07:00
0,0,0,0,0,0,2014-04-09 11:04:05-07:00
0,0,0,0,0,0,2014-04-09 11:07:41-07:00
0,0,0,0,0,0,2014-04-09 16:56:30-07:00
0,0,0,0,0,0,2014-04-10 06:29:08-07:00
0,0,0,0,0,0,2014-04-10 06:46:46-07:00
0,0,0,0,0,0,2014-04-10 06:57:51-07:00
0,0,0,0,0,0,2014-04-10 10:29:46-07:00
0,0,0,0,0,0,2014-04-10 14:39:09-07:00
0,0,0,0,0,0,2014-04-10 18:27:26-07:00
0,0,0,0,0,0,2014-04-10 18:27:47-07:00
0,0,0,0,0,0,2014-04-10 18:29:54-07:00
0,0,0,0,0,0,2014-04-10 18:44:44-07:00
0,0,0,0,0,0,2014-04-10 18:55:20-07:00
0,0,0,0,0,0,2014-04-10 18:56:03-07:00
0,0,0,0,0,0,2014-04-10 19:00:58-07:00
0,0,0,0,0,0,2014-04-10 19:03:29-07:00
0,0,0,0,0,0,2014-04-10 19:04:30-07:00
0,0,0,0,0,0,2014-04-10 19:05:33-07:00
0,0,0,0,0,0,2014-04-10 19:12:52-07:00
0,0,0,0,0,0,2014-04-10 19:13:32-07:00
0,0,0,0,0,0,2014-04-10 19:14:26-07:00
0,0,0,0,0,0,2014-04-10 19:16:49-07:00
0,0,0,0,0,0,2014-04-12 02:14:50-07:00
0,0,0,0,0,0,2014-04-12 02:52:03-07:00
0,0,0,0,0,0,2014-04-12 02:56:23-07:00
0,0,0,0,0,0,2014-04-12 03:03:42-07:00
0,0,0,0,0,0,2014-04-12 03:41:23-07:00
0,0,0,0,0,0,2014-04-12 03:42:46-07:00
0,0,0,0,0,0,2014-04-12 11:37:27-07:00
0,0,0,0,0,0,2014-04-12 11:40:51-07:00
0,0,0,0,0,0,2014-04-12 17:57:19-07:00
0,0,0,0,0,0,2014-04-13 07:50:03-07:00
0,0,0,0,0,0,2014-04-13 07:56:37-07:00
0,0,0,0,0,0,2014-04-13 08:03:55-07:00
0,0,0,0,0,0,2014-04-15 06:22:50-07:00
0,0,0,0,0,0,2014-04-20 08:30:53-07:00
0,0,0,0,0,0,2014-04-20 08:42:45-07:00
0,0,0,0,0,0,2014-04-20 09:19:54-07:00
0,0,0,0,0,0,2014-04-20 09:21:27-07:00
0,0,0,0,0,0,2014-04-20 09:37:18-07:00
0,0,0,0,0,0,2014-04-20 09:57:40-07:00
0,0,0,0,0,0,2014-04-20 09:58:22-07:00
0,0,0,0,0,0,2014-04-20 10:02:35-07:00
0,0,0,0,0,0,2014-04-20 12:21:28-07:00
0,0,0,0,0,0,2014-04-20 17:41:49-07:00
0,0,0,0,0,0,2014-04-20 17:51:37-07:00
0,0,0,0,0,0,2014-04-20 17:56:45-07:00
0,0,0,0,0,0,2014-04-20 18:10:48-07:00
0,0,0,0,0,0,2014-04-20 18:36:49-07:00
0,0,0,0,0,0,2014-04-22 16:53:16-07:00
0,0,0,0,0,0,2014-04-22 16:57:00-07:00
0,0,0,0,0,0,2014-04-23 00:39:02-07:00
0,0,0,0,0,0,2014-04-23 00:43:07-07:00
0,0,0,0,0,0,2014-04-23 23:59:57-07:00
0,0,0,0,0,0,2014-04-25 01:22:23-07:00
0,0,0,0,0,0,2014-04-28 00:41:55-07:00
0,0,0,0,0,0,2014-05-05 01:25:41-07:00
0,0,0,0,0,0,2014-05-05 01:29:37-07:00
0,0,0,0,0,0,2014-05-06 00:18:21-07:00
0,0,0,0,0,0,2014-05-06 00:20:41-07:00
0,0,0,0,0,0,2014-05-06 00:27:14-07:00
0,0,0,0,0,0,2014-05-06 09:37:05-07:00
0,0,0,0,0,0,2014-05-06 09:43:25-07:00
0,0,0,0,0,0,2014-05-06 09:45:14-07:00
0,0,0,0,0,0,2014-05-06 13:45:59-07:00
0,0,0,0,0,0,2014-05-06 13:48:32-07:00
0,0,0,0,0,0,2014-05-06 22:16:00-07:00
0,0,0,0,0,0,2014-05-06 22:17:25-07:00
0,0,0,0,0,0,2014-05-06 22:38:28-07:00
0,0,0,0,0,0,2014-05-06 22:43:03-07:00
0,0,0,0,0,0,2014-05-06 22:56:39-07:00
0,0,0,0,0,0,2014-05-06 22:59:17-07:00
0,0,0,0,0,0,2014-05-06 23:16:29-07:00
0,0,0,0,0,0,2014-05-06 23:32:24-07:00
0,0,0,0,0,0,2014-05-06 23:38:46-07:00
0,0,0,0,0,0,2014-05-06 23:44:11-07:00
0,0,0,0,0,0,2014-05-06 23:47:57-07:00
0,0,0,0,0,0,2014-05-07 00:01:26-07:00
0,0,0,0,0,0,2014-05-07 00:08:07-07:00
0,0,0,0,0,0,2014-05-07 00:14:39-07:00
0,0,0,0,0,0,2014-05-07 08:53:50-07:00
0,0,0,0,0,0,2014-05-07 17:09:06-07:00
0,0,0,0,0,0,2014-05-07 17:13:19-07:00
0,0,0,0,0,0,2014-05-07 22:58:21-07:00
0,0,0,0,0,0,2014-05-07 23:06:21-07:00
0,0,0,0,0,0,2014-05-08 00:03:03-07:00
0,0,0,0,0,0,2014-05-08 00:43:18-07:00
0,0,0,0,0,0,2014-05-08 00:51:28-07:00
0,0,0,0,0,0,2014-05-08 00:57:15-07:00
0,0,0,0,0,0,2014-05-08 01:01:42-07:00
0,0,0,0,0,0,2014-05-08 01:11:08-07:00
0,0,0,0,0,0,2014-05-08 01:14:04-07:00
0,0,0,0,0,0,2014-05-08 08:10:04-07:00
0,0,0,0,0,0,2014-05-08 08:15:00-07:00
0,0,0,0,0,0,2014-05-08 08:19:58-07:00
0,0,0,0,0,0,2014-05-08 08:24:11-07:00
0,0,0,0,0,0,2014-05-08 23:19:38-07:00
0,0,0,0,0,0,2014-05-09 00:08:42-07:00
0,0,0,0,0,0,2014-05-09 00:09:58-07:00
0,0,0,0,0,0,2014-05-09 00:16:44-07:00
0,0,0,0,0,0,2014-05-09 00:31:57-07:00
0,0,0,0,0,0,2014-05-09 00:47:41-07:00
0,0,0,0,0,0,2014-05-21 00:42:56-07:00
0,0,0,0,0,0,2014-05-21 00:44:26-07:00
0,0,0,0,0,0,2014-05-21 00:45:20-07:00
0,0,0,0,0,0,2014-05-21 00:47:08-07:00
0,0,0,0,0,0,2014-05-21 00:47:37-07:00
0,0,0,0,0,0,2014-05-21 00:52:11-07:00
0,0,0,0,0,0,2014-05-21 00:52:58-07:00
0,0,0,0,0,0,2014-05-21 10:49:35-07:00
0,0,0,0,0,0,2014-05-31 01:19:11-07:00
0,0,0,0,0,0,2014-05-31 01:21:58-07:00
0,0,0,0,0,0,2014-05-31 01:24:01-07:00
0,0,0,0,0,0,2014-05-31 01:25:04-07:00
0,0,0,0,0,0,2014-05-31 23:08:04-07:00
0,0,0,0,0,0,2014-05-31 23:35:24-07:00
0,0,0,0,0,0,2014-05-31 23:51:24-07:00
0,0,0,0,0,0,2014-05-31 23:55:44-07:00
0,0,0,0,0,0,2014-05-31 23:57:30-07:00
0,0,0,0,0,0,2014-06-01 00:05:19-07:00
0,0,0,0,0,0,2014-06-01 01:33:28-07:00
0,0,0,0,0,0,2014-06-01 01:35:29-07:00
0,0,0,0,0,0,2014-06-01 01:37:00-07:00
0,0,0,0,0,0,2014-06-01 01:39:28-07:00
0,0,0,0,0,0,2014-06-01 01:42:59-07:00
0,0,0,0,0,0,2014-06-01 01:52:38-07:00
0,0,0,0,0,0,2014-06-01 02:16:10-07:00
0,0,0,0,0,0,2014-06-01 08:46:19-07:00
0,0,0,0,0,0,2014-06-01 22:26:09-07:00
0,0,0,0,0,0,2014-06-01 22:31:01-07:00
0,0,0,0,0,0,2014-06-02 00:15:12-07:00
0,0,0,0,0,0,2014-06-02 00:16:29-07:00
0,0,0,0,0,0,2014-06-02 00:17:11-07:00
0,0,0,0,0,0,2014-06-02 00:22:44-07:00
0,0,0,0,0,0,2014-06-03 10:16:04-07:00
0,0,0,0,0,0,2014-06-05 00:12:23-07:00
0,0,0,0,0,0,2014-06-05 00:15:40-07:00
0,0,0,0,0,0,2014-06-05 00:21:05-07:00
0,0,0,0,0,0,2014-06-05 00:36:54-07:00
0,0,0,0,0,0,2014-06-05 00:39:28-07:00
0,0,0,0,0,0,2014-06-05 00:45:12-07:00
0,0,0,0,0,0,2014-06-05 00:46:05-07:00
0,0,0,0,0,0,2014-06-05 00:46:54-07:00
0,0,0,0,0,0,2014-06-05 00:48:53-07:00
0,0,0,0,0,0,2014-06-05 01:00:30-07:00
0,0,0,0,0,0,2014-06-05 06:44:38-07:00
0,0,0,0,0,0,2014-06-05 06:48:05-07:00
0,0,0,0,0,0,2014-06-05 23:41:55-07:00
0,0,0,0,0,0,2014-06-06 01:28:19-07:00
0,0,0,0,0,0,2014-08-25 17:07:56+03:00
0,0,0,0,0,0,2014-08-25 17:11:24+03:00
0,0,0,0,0,0,2014-08-25 17:12:58+03:00
0,0,0,0,0,0,2014-08-25 17:14:21+03:00
0,0,0,0,0,0,2014-08-25 17:15:21+03:00
0,0,0,0,0,0,2014-08-25 17:58:40+03:00
0,0,0,0,0,0,2014-08-25 19:27:41+03:00
0,0,0,0,0,0,2014-08-25 21:42:12+03:00
0,0,0,0,0,0,2014-08-26 02:33:56+03:00
0,0,0,0,0,0,2014-08-26 02:34:54+03:00
0,0,0,0,0,0,2014-08-26 10:06:29+03:00
0,0,0,0,0,0,2014-08-26 15:28:35+03:00
0,0,0,0,0,0,2014-08-26 15:41:16+03:00
0,0,0,0,0,0,2014-08-26 15:51:14+03:00
0,0,0,0,0,0,2014-08-26 16:03:04+03:00
0,0,0,0,0,0,2014-09-02 16:23:52+03:00
0,0,0,0,0,0,2014-09-02 16:26:19+03:00
0,0,0,0,0,0,2014-09-02 16:28:43+03:00
0,0,0,0,0,0,2014-09-02 16:29:26+03:00
0,0,0,0,0,0,2014-09-02 16:40:29+03:00
0,0,0,0,0,0,2014-09-25 00:51:06+03:00
0,0,0,0,0,0,2014-09-25 01:08:16+03:00
0,0,0,0,0,0,2014-09-25 01:22:46+03:00
0,0,0,0,0,0,2014-09-25 01:43:47+03:00
0,0,0,0,0,0,2014-09-25 01:45:41+03:00
0,0,0,0,0,0,2014-09-25 01:55:00+03:00
0,0,0,0,0,0,2014-09-25 01:56:30+03:00
0,0,0,0,0,0,2014-09-25 02:00:15+03:00
0,0,0,0,0,0,2014-09-25 02:08:13+03:00
0,0,0,0,0,0,2014-09-25 02:31:10+03:00
0,0,0,0,0,0,2014-09-25 02:35:23+03:00
0,0,0,0,0,0,2014-09-25 02:59:26+03:00
0,0,0,0,0,0,2014-09-25 16:42:14+03:00
0,0,0,0,0,0,2014-09-28 16:18:33+03:00
0,0,0,0,0,0,2014-09-28 16:54:28+03:00
0,0,0,0,0,0,2014-09-30 16:55:57+03:00
0,0,0,0,0,0,2014-09-30 16:57:17+03:00
0,0,0,0,0,0,2014-09-30 16:59:16+03:00
0,0,0,0,0,0,2014-10-03 17:41:48+03:00
0,0,0,0,0,0,2014-10-03 17:51:02+03:00
0,0,0,0,0,0,2014-10-04 03:22:30+03:00
0,0,0,0,0,0,2014-10-26 13:30:25+02:00
0,0,0,0,0,0,2014-10-26 13:32:38+02:00
0,0,0,0,0,0,2014-10-26 13:34:11+02:00
0,0,0,0,0,0,2014-10-26 13:35:15+02:00
0,0,0,0,0,0,2014-10-26 13:37:45+02:00
0,0,0,0,0,0,2014-10-26 13:39:26+02:00
0,0,0,0,0,0,2014-10-26 13:40:52+02:00
0,0,0,0,0,0,2014-10-26 13:41:38+02:00
0,0,0,0,0,0,2014-10-26 13:42:04+02:00
0,0,0,0,0,0,2014-10-26 13:43:32+02:00
0,0,0,0,0,0,2014-10-26 13:46:36+02:00
0,0,0,0,0,0,2014-10-26 13:54:42+02:00
0,0,0,0,0,0,2014-10-26 13:55:40+02:00
0,0,0,0,0,0,2014-10-26 13:57:10+02:00
0,0,0,0,0,0,2014-10-27 12:26:31+02:00
0,0,0,0,0,0,2014-10-27 12:26:44+02:00
0,0,0,0,0,0,2014-10-27 12:30:10+02:00
0,0,0,0,0,0,2014-10-27 12:30:26+02:00
0,0,0,0,0,0,2014-10-27 12:31:21+02:00
0,0,0,0,0,0,2014-10-27 12:31:37+02:00
0,0,0,0,0,0,2014-10-27 12:44:40+02:00
0,0,0,0,0,0,2014-10-27 12:47:45+02:00
0,0,0,0,0,0,2014-10-27 12:50:46+02:00
0,0,0,0,0,0,2014-10-27 12:51:26+02:00
0,0,0,0,0,0,2014-11-16 11:08:52+02:00
0,0,0,0,0,0,2014-11-16 11:09:02+02:00
0,0,0,0,0,0,2014-11-16 11:15:22+02:00
0,0,0,0,0,0,2014-11-17 16:02:13+02:00
0,0,0,0,0,0,2014-11-22 01:07:11+02:00
0,0,0,0,0,0,2014-11-22 01:14:12+02:00
0,0,0,0,0,0,2014-11-22 01:17:33+02:00
0,0,0,0,0,0,2014-11-22 01:19:52+02:00
1,2,0,0,0,1,2015-08-12 20:49:01-07:00
0,0,0,0,0,0,2015-08-12 21:01:20-07:00
0,0,0,0,0,0,2015-08-12 21:46:35-07:00
0,0,0,0,0,0,2015-08-12 21:49:42-07:00
0,0,0,0,0,0,2015-08-12 21:51:09-07:00
0,0,0,0,0,0,2015-08-12 21:51:37-07:00
0,0,0,0,0,0,2015-08-14 12:01:17-07:00
0,0,0,0,0,0,2015-08-14 12:01:49-07:00
0,0,0,0,0,0,2015-08-14 12:05:13-07:00
0,0,0,0,0,0,2015-08-14 12:09:36-07:00
1,2,0,0,0,1,2015-08-14 14:59:47-07:00
