Acquisition,Preparation,Modeling,Training,Evaluation,Prediction,time
0,0,0,0,0,0,2018-06-19 11:17:58-04:00
0,0,0,0,0,0,2018-06-19 11:39:36-04:00
0,0,0,0,0,0,2018-06-19 11:42:36-04:00
0,0,0,0,0,0,2018-06-19 11:55:09-04:00
0,0,0,0,0,0,2018-06-19 12:03:42-04:00
0,0,0,0,0,0,2018-06-19 12:53:03-04:00
0,0,0,0,0,0,2018-06-19 17:53:43-04:00
0,0,0,0,0,0,2018-06-19 18:37:00-04:00
0,0,0,0,0,0,2018-06-20 10:32:37-04:00
0,0,0,0,0,0,2018-06-21 11:53:40-04:00
0,0,0,0,0,0,2018-06-21 16:10:42-04:00
0,0,0,0,0,0,2018-06-25 11:57:27-04:00
0,0,0,0,0,0,2018-06-25 13:55:50-04:00
0,0,0,0,0,0,2018-06-26 17:41:57-04:00
0,0,0,0,0,0,2018-06-27 11:50:13-04:00
0,0,0,0,0,0,2018-06-27 11:51:20-04:00
0,0,0,0,0,0,2018-06-27 14:19:15-04:00
0,0,0,0,0,0,2018-06-27 14:19:31-04:00
0,0,0,0,0,0,2018-06-27 14:35:34-04:00
0,0,0,0,0,0,2018-06-27 14:45:25-04:00
0,0,0,0,0,0,2018-06-27 17:56:33-04:00
0,0,0,0,0,0,2018-06-27 18:06:42-04:00
0,0,0,0,0,0,2018-06-28 10:42:40-04:00
0,0,0,0,0,0,2018-06-28 11:10:40-04:00
0,0,0,0,0,0,2018-07-02 11:32:36-04:00
0,0,0,0,0,0,2018-07-03 12:48:16-04:00
0,0,0,0,0,0,2018-07-03 23:05:11-04:00
0,0,0,0,0,0,2018-07-03 23:34:34-04:00
0,0,0,0,0,0,2018-07-05 11:22:46-04:00
0,0,0,0,0,0,2018-07-05 11:38:19-04:00
0,0,0,0,0,0,2018-07-05 14:18:08-04:00
0,0,0,0,0,0,2018-07-05 14:18:50-04:00
0,0,0,0,0,0,2018-07-05 14:19:16-04:00
0,0,0,0,0,0,2018-07-05 14:30:14-04:00
0,0,0,0,0,0,2018-07-05 14:51:16-04:00
0,0,0,0,0,0,2018-07-05 15:14:58-04:00
0,0,0,0,0,0,2018-07-05 15:39:51-04:00
0,0,0,0,0,0,2018-07-06 10:31:19-04:00
0,0,0,0,0,0,2018-07-06 11:32:00-04:00
0,0,0,0,0,0,2018-07-06 11:40:15-04:00
0,0,0,0,0,0,2018-07-06 12:04:40-04:00
0,0,0,0,0,0,2018-07-10 10:51:32-04:00
0,0,0,0,0,0,2018-07-10 10:57:00-04:00
0,0,0,0,0,0,2018-07-10 12:02:14-04:00
0,0,0,0,0,0,2018-07-10 12:22:56-04:00
0,0,0,0,0,0,2018-07-10 12:23:48-04:00
0,0,0,0,0,0,2018-07-10 14:43:21-04:00
0,0,0,0,0,0,2018-07-10 15:14:35-04:00
0,0,0,0,0,0,2018-07-10 15:39:18-04:00
0,0,0,0,0,0,2018-07-10 15:47:52-04:00
0,0,0,0,0,0,2018-07-10 15:52:50-04:00
0,0,0,0,0,0,2018-07-10 16:29:22-04:00
0,0,0,0,0,0,2018-07-10 17:19:30-04:00
0,0,0,0,0,0,2018-07-11 15:00:30-04:00
0,0,0,0,0,0,2018-07-11 15:04:27-04:00
0,0,0,0,0,0,2018-07-11 15:26:48-04:00
0,0,0,0,0,0,2018-07-11 18:37:34-04:00
0,0,0,0,0,0,2018-07-11 19:25:16-04:00
0,0,0,0,0,0,2018-07-11 19:37:56-04:00
0,0,0,0,0,0,2018-07-13 15:22:11-04:00
0,0,0,0,0,0,2018-07-13 16:25:40-04:00
0,0,0,0,0,0,2018-07-18 16:38:28-04:00
0,0,0,0,0,0,2018-07-23 10:57:20-04:00
0,0,0,0,0,0,2018-07-23 11:05:09-04:00
0,0,0,0,0,0,2018-07-23 11:09:55-04:00
0,0,0,0,0,0,2018-07-23 11:15:51-04:00
0,0,0,0,0,0,2018-07-23 12:20:17-04:00
0,0,0,0,0,0,2018-07-23 13:05:03-04:00
0,0,0,0,0,0,2018-07-23 13:38:13-04:00
0,0,0,0,0,0,2018-07-23 13:43:13-04:00
0,0,0,0,0,0,2018-07-25 20:50:13-04:00
0,0,0,0,0,0,2018-07-25 22:30:25-04:00
0,0,0,0,0,0,2018-07-26 11:43:38-04:00
0,0,0,0,0,0,2018-07-26 12:58:54-04:00
0,0,0,0,0,0,2018-07-26 14:28:40-04:00
0,0,0,0,0,0,2018-07-26 15:31:40-04:00
0,0,0,0,0,0,2018-07-30 11:46:04-04:00
0,0,0,0,0,0,2018-07-30 12:16:01-04:00
0,0,0,0,0,0,2018-07-30 12:23:28-04:00
0,0,0,0,0,0,2018-07-30 12:23:48-04:00
0,0,0,0,0,0,2018-07-30 12:45:54-04:00
0,0,0,0,0,0,2018-07-30 13:02:11-04:00
0,0,0,0,0,0,2018-07-30 13:14:11-04:00
0,0,0,0,0,0,2018-07-30 13:30:08-04:00
0,0,0,0,0,0,2018-07-30 13:44:09-04:00
0,0,0,0,0,0,2018-07-30 13:51:20-04:00
0,0,0,0,0,0,2018-07-30 14:40:04-04:00
0,0,0,0,0,0,2018-07-30 14:41:59-04:00
0,0,0,0,0,0,2018-08-09 13:29:33-04:00
1,1,1,1,0,1,2018-08-10 16:10:52-04:00
