Acquisition,Preparation,Modeling,Training,Evaluation,Prediction,time
2,4,4,3,0,3,2018-11-24 17:02:44-08:00
0,0,0,0,0,0,2018-11-24 17:12:18-08:00
0,0,0,0,0,0,2018-11-24 17:13:10-08:00
0,0,0,0,0,0,2018-11-24 17:14:22-08:00
0,0,0,0,0,0,2018-11-24 17:14:55-08:00
0,0,0,0,0,0,2018-11-24 17:15:36-08:00
0,1,1,0,0,0,2018-11-24 17:28:10-08:00
1,1,1,1,0,1,2018-11-24 17:32:50-08:00
3,4,4,4,0,4,2018-11-24 19:03:29-08:00
1,2,2,2,0,2,2018-11-24 19:39:02-08:00
1,3,3,2,0,2,2018-11-25 00:16:40-08:00
1,3,3,2,0,2,2018-11-25 22:04:06-08:00
1,1,1,1,0,1,2018-11-25 22:19:52-08:00
1,1,1,1,0,1,2018-11-25 22:55:18-08:00
0,0,0,0,0,0,2018-11-26 00:51:59-08:00
0,0,0,0,0,0,2018-11-26 11:56:24-08:00
0,0,0,0,0,0,2018-11-26 11:57:38-08:00
0,0,0,0,0,0,2018-11-26 11:59:38-08:00
0,0,0,0,0,0,2018-11-26 12:08:40-08:00
0,0,0,0,0,0,2018-11-26 12:08:53-08:00
1,3,2,3,0,3,2018-11-26 15:31:21-08:00
0,1,1,1,0,1,2018-11-26 15:33:27-08:00
0,0,0,0,0,0,2018-11-26 15:34:06-08:00
1,1,1,1,0,1,2018-11-26 15:38:17-08:00
1,3,2,3,0,3,2018-11-26 15:31:21-08:00
1,1,1,1,0,1,2018-11-26 15:38:17-08:00
0,1,0,1,0,1,2018-11-26 15:42:42-08:00
0,0,0,0,0,0,2018-11-26 15:43:11-08:00
0,0,0,0,0,0,2018-11-26 15:44:24-08:00
1,4,2,4,0,3,2018-11-26 21:36:55-08:00
0,2,1,2,0,1,2018-11-26 21:40:15-08:00
1,3,2,3,0,2,2018-11-27 00:08:51-08:00
0,3,2,3,1,2,2018-11-27 20:22:54-08:00
0,0,0,0,0,0,2018-11-27 20:50:47-08:00
2,6,5,5,0,4,2018-11-28 12:53:49-08:00
0,0,0,0,0,0,2018-11-28 12:59:17-08:00
1,3,3,2,1,2,2018-11-28 14:42:14-08:00
0,0,0,0,0,0,2018-11-28 14:42:49-08:00
2,4,4,4,1,3,2018-11-28 19:02:13-08:00
0,1,0,1,0,1,2018-11-28 20:15:49-08:00
0,2,1,1,0,1,2018-11-28 22:39:08-08:00
0,2,1,1,0,1,2018-11-28 22:39:42-08:00
0,1,0,1,0,1,2018-11-29 10:07:18-08:00
0,0,0,0,0,0,2018-11-29 10:08:28-08:00
0,1,0,1,0,1,2018-11-30 12:53:09-08:00
0,2,1,2,0,2,2018-11-30 13:27:30-08:00
0,1,1,1,0,1,2018-11-30 13:29:25-08:00
0,4,3,3,1,3,2018-11-30 15:21:28-08:00
0,0,0,0,0,0,2018-11-30 15:22:45-08:00
2,4,5,3,0,2,2018-12-01 17:57:50-08:00
2,4,5,3,0,2,2018-12-01 17:57:50-08:00
2,3,3,2,0,2,2018-12-01 18:31:06-08:00
0,0,0,0,0,0,2018-12-01 18:32:41-08:00
1,2,2,1,0,1,2018-12-01 19:06:52-08:00
1,1,1,0,0,0,2018-12-01 19:07:25-08:00
0,0,0,0,0,0,2018-12-01 19:07:47-08:00
1,1,1,1,0,1,2018-12-01 21:41:32-08:00
1,1,1,1,0,1,2018-12-01 21:41:32-08:00
1,1,1,0,0,0,2018-12-01 22:04:41-08:00
1,1,1,0,0,0,2018-12-01 22:04:41-08:00
0,1,1,1,0,1,2018-12-02 00:01:46-08:00
0,1,1,1,0,1,2018-12-02 00:04:01-08:00
0,1,1,1,0,1,2018-12-02 00:04:34-08:00
0,1,1,1,0,1,2018-12-02 00:01:46-08:00
0,1,1,1,0,1,2018-12-02 00:04:01-08:00
0,1,1,1,0,1,2018-12-02 00:04:34-08:00
0,0,0,0,0,0,2018-12-02 00:11:28-08:00
1,3,3,1,0,1,2018-12-02 10:10:01-08:00
0,0,0,0,0,0,2018-12-02 10:12:05-08:00
0,1,1,1,0,1,2018-12-02 10:18:16-08:00
1,2,2,0,0,0,2018-12-02 13:58:27-08:00
1,2,2,0,0,0,2018-12-02 13:58:27-08:00
0,1,1,0,0,0,2018-12-02 14:37:34-08:00
1,1,1,0,0,0,2018-12-02 14:38:23-08:00
0,1,1,0,0,0,2018-12-02 14:37:34-08:00
1,1,1,0,0,0,2018-12-02 14:38:23-08:00
1,1,1,0,0,0,2018-12-02 14:51:28-08:00
0,0,0,0,0,0,2018-12-02 14:51:58-08:00
1,2,2,0,0,0,2018-12-02 18:33:03-08:00
1,2,2,0,0,0,2018-12-02 19:36:28-08:00
0,0,0,0,0,0,2018-12-02 19:36:52-08:00
1,1,1,0,0,0,2018-12-02 22:38:28-08:00
0,0,0,0,0,0,2018-12-02 22:38:57-08:00
1,1,1,0,0,0,2018-12-03 00:54:17-08:00
0,0,0,0,0,0,2018-12-03 00:54:46-08:00
2,4,4,3,0,2,2018-12-03 12:39:14-08:00
0,0,0,0,0,0,2018-12-03 12:39:43-08:00
1,2,2,1,0,1,2018-12-03 23:31:36-08:00
0,0,0,0,0,0,2018-12-03 23:32:08-08:00
1,2,2,1,0,1,2018-12-04 15:20:42-08:00
0,0,0,0,0,0,2018-12-04 15:21:21-08:00
2,4,3,1,0,0,2018-12-04 21:21:39-08:00
3,4,4,3,0,2,2018-12-05 10:44:08-08:00
1,1,0,0,0,0,2018-12-05 10:56:47-08:00
2,2,1,0,0,0,2018-12-05 11:46:10-08:00
1,4,4,3,0,2,2018-12-05 18:22:21-08:00
2,3,2,0,0,0,2018-12-05 20:32:23-08:00
2,7,7,4,0,3,2018-12-06 13:02:02-08:00
2,2,2,0,0,0,2018-12-06 14:09:44-08:00
2,3,1,0,0,0,2018-12-06 16:28:38-08:00
0,1,0,0,0,0,2018-12-06 16:34:38-08:00
1,1,1,0,0,0,2018-12-07 23:08:20-08:00
1,1,1,0,0,0,2018-12-08 21:11:05-08:00
0,1,1,1,0,1,2018-12-08 21:13:06-08:00
2,6,3,1,0,1,2018-12-09 21:47:00-08:00
4,7,5,0,0,0,2018-12-09 23:03:13-08:00
2,2,2,0,0,0,2018-12-09 23:05:11-08:00
2,2,2,0,0,0,2018-12-10 11:34:16-08:00
3,4,4,1,0,1,2018-12-11 22:07:07-08:00
1,1,1,1,0,1,2018-12-13 13:32:37-08:00
3,4,4,2,0,2,2018-12-16 16:26:37-08:00
2,2,2,2,0,2,2018-12-16 17:13:55-08:00
3,4,4,4,0,4,2018-12-17 14:08:10-08:00
4,5,5,4,0,4,2018-12-18 15:46:20-08:00
4,4,4,3,0,3,2018-12-19 22:35:36-08:00
3,4,4,1,0,1,2018-12-22 10:24:50-08:00
0,0,0,0,0,0,2018-12-22 16:34:06-08:00
