Acquisition,Preparation,Modeling,Training,Evaluation,Prediction,time
1,1,0,0,0,0,2013-02-28 17:53:21+00:00
0,0,0,0,0,0,2013-03-05 23:10:37+00:00
0,0,0,0,0,0,2013-03-06 00:28:55+00:00
0,0,0,0,0,0,2013-03-14 16:19:27+00:00
0,0,0,0,0,0,2013-03-14 16:52:10+00:00
0,0,0,0,0,0,2013-03-14 17:14:33+00:00
0,1,0,0,0,0,2013-03-14 17:59:17+00:00
0,0,0,0,0,0,2013-03-28 15:00:31+00:00
0,1,0,0,0,0,2013-04-02 10:16:41+01:00
0,0,0,0,0,0,2013-04-02 13:43:00+01:00
0,0,0,0,0,0,2013-04-02 15:46:05+01:00
1,1,0,0,0,0,2013-04-02 15:49:17+01:00
0,0,0,0,0,0,2013-04-02 16:05:47+01:00
0,0,0,0,0,0,2013-04-02 17:01:53+01:00
0,0,0,0,0,0,2013-04-02 20:55:46+01:00
0,0,0,0,0,0,2013-04-03 12:56:18+01:00
0,0,0,0,0,0,2013-04-04 10:36:31+01:00
0,0,0,0,0,0,2013-04-09 15:47:39+01:00
0,0,0,0,0,0,2013-04-16 16:01:43+01:00
0,0,0,0,0,0,2013-04-29 13:11:41+01:00
0,0,0,0,0,0,2013-04-30 17:29:11+01:00
0,1,0,0,0,0,2013-05-20 09:10:41+01:00
0,0,0,0,0,0,2013-05-20 09:27:45+01:00
0,0,0,0,0,0,2013-05-20 09:31:50+01:00
0,1,0,0,0,0,2013-05-20 09:34:58+01:00
0,0,0,0,0,0,2013-05-20 13:59:33+01:00
0,0,0,0,0,0,2013-05-20 14:04:58+01:00
0,1,0,0,0,0,2013-05-20 14:34:54+01:00
0,0,0,0,0,0,2013-05-20 15:30:07+01:00
0,0,0,0,0,0,2013-05-20 17:06:42+01:00
0,0,0,0,0,0,2013-05-20 17:11:54+01:00
0,0,0,0,0,0,2013-05-21 11:41:19+01:00
0,1,0,0,0,0,2013-05-21 13:50:43+01:00
0,0,0,0,0,0,2013-05-23 20:08:56+01:00
0,0,0,0,0,0,2013-05-24 14:30:34+01:00
0,0,0,0,0,0,2013-05-29 14:03:16+01:00
0,0,0,0,0,1,2013-05-29 14:04:46+01:00
1,0,0,0,0,0,2013-05-29 14:06:00+01:00
0,0,0,0,0,1,2013-06-01 15:44:45+01:00
0,0,0,0,0,0,2013-06-01 18:11:44+01:00
0,0,0,0,0,1,2013-06-03 13:52:19+01:00
1,0,0,0,0,0,2013-06-03 13:52:55+01:00
0,0,0,0,0,0,2013-06-03 16:55:16+01:00
0,0,0,0,0,1,2013-06-03 16:55:43+01:00
0,0,0,0,0,1,2013-06-03 17:13:01+01:00
0,0,0,0,0,1,2013-06-04 16:31:57+01:00
0,0,0,0,0,1,2013-06-04 16:32:17+01:00
0,0,0,0,0,0,2013-06-05 13:47:29+01:00
0,0,0,0,0,0,2013-06-05 13:47:51+01:00
1,0,0,0,0,0,2013-06-05 14:31:39+01:00
0,0,0,0,0,0,2013-06-05 15:29:49+01:00
0,0,0,0,0,0,2013-06-05 16:40:10+01:00
0,0,0,0,0,0,2013-06-05 16:56:29+01:00
0,0,0,0,0,0,2013-06-06 14:01:03+01:00
0,0,0,0,0,0,2013-06-07 17:40:57+01:00
0,0,0,0,0,0,2013-06-12 10:50:39+01:00
0,0,0,0,0,1,2013-06-12 16:08:43+01:00
0,0,0,0,0,0,2013-06-12 16:26:49+01:00
0,0,0,0,0,1,2013-06-13 09:38:14+01:00
0,0,0,0,0,1,2013-06-13 10:44:00+01:00
0,0,0,0,0,0,2013-06-13 10:50:09+01:00
0,0,0,0,0,0,2013-06-13 15:37:00+01:00
0,0,0,0,0,1,2013-06-13 17:00:03+01:00
0,0,0,0,0,0,2013-06-13 17:02:30+01:00
0,0,0,0,0,1,2013-06-13 17:03:53+01:00
0,1,0,0,0,0,2013-06-14 14:22:27+01:00
0,0,0,0,0,0,2013-06-14 19:58:40+01:00
0,0,0,0,0,0,2013-06-16 22:07:21+01:00
0,0,0,0,0,1,2013-06-19 09:50:34+01:00
0,0,0,0,0,1,2013-06-21 17:01:03+01:00
0,1,0,0,1,0,2013-06-21 17:01:59+01:00
0,0,0,0,0,1,2013-06-25 17:17:12+01:00
0,1,0,0,1,0,2013-06-26 10:25:06+01:00
0,1,0,0,1,0,2013-06-26 10:26:06+01:00
0,0,0,0,0,0,2013-06-26 10:26:14+01:00
0,0,0,0,0,1,2013-06-28 13:22:18+01:00
0,2,0,0,1,0,2013-07-02 09:36:53+01:00
0,0,0,0,0,1,2013-07-02 09:37:41+01:00
0,1,0,0,1,0,2013-07-02 09:38:24+01:00
0,0,0,0,0,0,2013-07-02 09:40:29+01:00
0,1,0,0,0,0,2013-07-02 17:14:54+01:00
1,1,0,0,1,0,2013-07-02 17:15:24+01:00
1,0,0,0,0,0,2013-07-02 17:15:56+01:00
0,0,0,0,0,0,2013-07-02 17:16:24+01:00
1,1,0,0,1,0,2013-07-03 09:26:05+01:00
1,1,0,0,1,0,2013-07-03 09:26:58+01:00
0,0,0,0,0,0,2013-07-04 10:47:27+01:00
1,1,1,0,1,1,2013-07-04 14:04:07+01:00
0,0,0,0,0,0,2013-07-05 23:03:54+01:00
0,0,0,0,0,0,2013-07-05 23:26:25+01:00
0,0,0,0,0,0,2013-07-05 23:30:17+01:00
0,0,0,0,0,0,2013-07-08 10:33:01+01:00
1,1,1,0,1,2,2013-07-08 10:42:11+01:00
0,0,0,0,0,0,2013-07-08 10:56:32+01:00
0,0,0,0,0,0,2013-07-08 21:29:03+01:00
0,0,0,0,0,0,2013-07-08 21:29:31+01:00
0,1,0,0,0,1,2013-07-10 10:38:42+01:00
1,1,1,0,1,0,2013-07-10 10:39:51+01:00
0,0,0,0,0,0,2013-07-10 10:40:18+01:00
0,0,0,0,0,0,2013-07-10 10:41:37+01:00
1,2,1,0,1,2,2013-07-10 11:22:58+01:00
0,0,0,0,0,0,2013-07-10 15:36:05+01:00
0,0,0,0,0,0,2013-07-10 23:17:12+01:00
0,0,0,0,0,0,2013-07-10 23:33:29+01:00
0,0,0,0,0,0,2013-07-10 23:33:41+01:00
0,0,0,0,0,0,2013-07-11 11:13:46+01:00
0,0,0,0,0,0,2013-07-11 11:15:50+01:00
0,0,0,0,0,0,2013-07-11 15:24:03+01:00
0,0,0,0,0,0,2013-07-11 15:30:37+01:00
0,0,0,0,0,0,2013-07-15 16:25:53+01:00
0,0,0,0,0,0,2013-07-16 01:06:05+01:00
0,0,0,0,0,0,2013-07-16 01:06:39+01:00
0,0,0,0,0,0,2013-07-16 10:17:06+01:00
0,0,0,0,0,0,2013-07-16 10:20:14+01:00
0,0,0,0,0,0,2013-07-16 10:51:09+01:00
0,0,0,0,0,0,2013-07-16 15:21:40+01:00
0,0,0,0,0,0,2013-07-16 18:10:48+01:00
0,0,0,0,0,0,2013-07-16 23:55:45+01:00
0,0,0,0,0,0,2013-07-16 23:56:17+01:00
0,0,0,0,0,0,2013-07-16 23:56:52+01:00
0,0,0,0,0,0,2013-07-16 23:59:32+01:00
0,0,0,0,0,0,2013-07-17 11:51:40+01:00
0,0,0,0,0,0,2013-07-17 11:52:12+01:00
0,0,0,0,0,0,2013-07-17 12:42:53+01:00
0,0,0,0,0,0,2013-07-17 12:43:18+01:00
0,0,0,0,0,0,2013-07-17 13:25:05+01:00
0,0,0,0,0,0,2013-07-17 13:26:18+01:00
1,1,0,0,0,0,2013-07-17 14:20:56+01:00
0,0,0,0,0,0,2013-07-17 14:21:46+01:00
0,0,0,0,0,0,2013-07-17 14:22:47+01:00
0,0,0,0,0,0,2013-07-17 17:28:00+01:00
1,1,1,0,1,0,2013-07-18 10:27:02+01:00
1,1,0,0,0,0,2013-07-18 10:27:19+01:00
0,0,0,0,0,0,2013-07-18 13:32:25+01:00
0,0,0,0,0,0,2013-07-18 17:13:18+01:00
0,0,0,0,0,0,2013-07-19 14:04:40+01:00
0,0,0,0,0,0,2013-07-19 17:07:21+01:00
1,1,1,0,1,0,2013-07-20 17:18:05+01:00
0,0,0,0,0,0,2013-07-20 17:18:55+01:00
0,0,0,0,0,0,2013-07-23 16:12:08+01:00
0,0,0,0,0,0,2013-07-24 11:44:06+01:00
0,0,0,0,0,0,2013-07-25 12:26:12+01:00
0,0,0,0,0,0,2013-07-25 15:53:52+01:00
0,0,0,0,0,0,2013-07-25 15:54:09+01:00
0,0,0,0,0,0,2013-07-25 16:52:21+01:00
0,0,0,0,0,0,2013-07-25 16:55:03+01:00
0,0,0,0,0,0,2013-07-25 16:56:05+01:00
0,0,0,0,0,0,2013-07-26 14:13:02+01:00
1,1,1,0,1,0,2013-07-26 14:14:36+01:00
0,0,0,0,0,0,2013-07-26 16:36:55+01:00
0,0,0,0,0,0,2013-07-26 16:40:54+01:00
0,0,0,0,0,0,2013-07-26 16:59:57+01:00
0,0,0,0,0,0,2013-07-26 17:00:12+01:00
0,0,0,0,0,0,2013-08-09 13:52:15+01:00
0,0,0,0,0,0,2013-08-15 15:15:32+01:00
0,0,0,0,0,0,2013-08-20 11:09:41+01:00
0,1,0,0,0,0,2013-08-21 11:34:04+01:00
0,0,0,0,0,0,2013-10-08 10:54:43+01:00
0,0,0,0,0,0,2013-10-08 10:57:04+01:00
0,1,0,0,0,0,2013-10-28 17:03:24+00:00
0,0,0,0,0,0,2013-12-02 18:35:55+00:00
0,0,0,0,0,0,2013-12-05 16:38:30+00:00
0,0,0,0,0,0,2013-12-05 16:40:56+00:00
0,0,0,0,0,0,2013-12-05 16:51:40+00:00
0,0,0,0,0,0,2014-01-28 10:45:19+00:00
0,0,0,0,0,0,2014-01-30 22:55:09+00:00
0,0,0,0,0,0,2014-01-30 23:30:59+00:00
0,0,0,0,0,0,2014-01-30 23:32:02+00:00
0,0,0,0,0,0,2014-01-31 01:17:28+00:00
0,2,0,0,0,1,2014-02-04 14:44:55+00:00
0,0,0,0,0,0,2014-02-04 14:50:53+00:00
0,0,0,0,0,0,2014-02-04 14:54:24+00:00
0,0,0,0,0,0,2014-02-04 17:08:26+00:00
0,0,0,0,0,0,2014-02-05 10:06:37+00:00
0,0,0,0,0,0,2014-02-05 16:12:37+00:00
0,0,0,0,0,0,2014-02-05 17:55:07+00:00
0,0,0,0,0,0,2014-02-12 15:12:57+00:00
0,0,0,0,0,0,2014-03-05 12:46:24+00:00
0,1,0,0,0,0,2014-03-07 17:04:26+00:00
0,0,0,0,0,0,2014-03-07 18:01:07+00:00
0,0,0,0,0,0,2014-03-08 00:45:38+00:00
0,0,0,0,0,0,2014-03-08 02:09:38+00:00
2,6,2,0,1,1,2014-03-08 10:15:25+00:00
0,0,0,0,0,0,2014-03-08 11:07:36+00:00
0,0,0,0,0,0,2014-03-08 11:12:19+00:00
0,0,0,0,0,0,2014-03-08 15:55:06+00:00
0,0,0,0,0,0,2014-03-08 15:55:37+00:00
0,0,0,0,0,0,2014-03-08 17:37:01+00:00
0,0,0,0,0,0,2014-03-08 20:56:51+00:00
0,3,1,0,0,0,2014-03-08 22:04:44+00:00
0,0,0,0,0,0,2014-03-09 00:18:23+00:00
0,0,0,0,0,0,2014-03-09 01:06:27+00:00
0,0,0,0,0,0,2014-03-10 00:19:11+00:00
0,0,0,0,0,0,2014-03-10 00:21:43+00:00
0,0,0,0,0,0,2014-03-10 10:23:00+00:00
0,0,0,0,0,0,2014-03-10 10:58:28+00:00
0,0,0,0,0,0,2014-03-10 10:59:39+00:00
0,0,0,0,0,0,2014-03-10 11:00:11+00:00
0,0,0,0,0,0,2014-03-10 12:01:13+00:00
0,0,0,0,0,0,2014-03-10 13:20:32+00:00
0,0,0,0,0,0,2014-03-10 13:28:19+00:00
0,0,0,0,0,0,2014-03-10 14:22:20+00:00
0,0,0,0,0,0,2014-03-10 20:36:18+00:00
0,0,0,0,0,0,2014-03-10 20:37:26+00:00
0,0,0,0,0,0,2014-03-10 21:15:47+00:00
0,0,0,0,0,0,2014-03-10 21:36:58+00:00
0,0,0,0,0,0,2014-03-10 21:51:31+00:00
0,1,0,0,0,0,2014-03-11 10:33:31+00:00
0,0,0,0,0,0,2014-03-11 11:36:15+00:00
0,0,0,0,0,0,2014-03-11 11:36:50+00:00
0,0,0,0,0,0,2014-03-11 14:37:51+00:00
0,0,0,0,0,0,2014-03-11 14:38:30+00:00
0,0,0,0,0,0,2014-03-12 10:56:47+00:00
0,1,0,0,0,0,2014-03-19 11:58:29+00:00
8,16,2,1,0,2,2014-03-20 22:26:57+00:00
0,0,0,0,0,0,2014-03-21 10:34:55+00:00
0,0,0,0,0,0,2014-03-21 11:09:22+00:00
0,1,0,0,0,0,2014-03-21 11:14:18+00:00
1,2,0,1,0,0,2014-03-26 13:23:34+00:00
1,1,0,0,0,0,2014-03-26 17:21:38+00:00
0,0,0,0,0,0,2014-03-26 18:07:26+00:00
0,0,0,0,0,0,2014-03-31 14:05:48+01:00
1,2,0,0,0,0,2014-04-02 17:18:18+01:00
1,2,0,0,0,0,2014-04-14 12:43:16+01:00
0,0,0,0,0,0,2014-04-14 12:44:18+01:00
0,0,0,0,0,0,2014-05-07 17:44:29+01:00
4,5,0,1,0,1,2014-05-08 01:02:11+01:00
3,4,0,1,0,1,2014-05-16 17:04:54+01:00
1,3,0,1,0,0,2014-05-30 11:36:11+01:00
1,3,0,1,0,0,2014-05-30 17:48:07+01:00
0,0,0,0,0,0,2014-06-02 12:47:21+01:00
0,0,0,0,0,0,2014-06-02 13:22:14+01:00
0,3,0,1,0,0,2014-06-02 17:59:46+01:00
1,1,0,0,0,0,2014-06-03 14:34:23+01:00
0,1,0,0,0,0,2014-06-05 15:18:48+01:00
0,0,0,0,0,0,2014-06-05 16:35:34+01:00
0,0,0,0,0,0,2014-06-09 13:10:28+01:00
0,1,0,0,0,0,2014-06-09 15:52:38+01:00
0,2,0,0,0,0,2014-06-10 13:10:27+01:00
0,1,0,0,0,0,2014-06-11 00:14:33+01:00
0,0,0,0,0,0,2014-06-11 00:15:44+01:00
0,0,0,0,0,0,2014-06-11 11:50:21+01:00
0,1,0,0,0,0,2014-06-16 15:37:19+01:00
0,1,0,0,0,0,2014-06-16 16:02:54+01:00
1,2,0,1,0,0,2014-06-30 16:10:57+01:00
0,0,0,0,0,0,2014-06-30 16:25:36+01:00
1,3,0,1,0,0,2014-07-08 11:21:31+01:00
1,2,0,2,0,0,2014-07-08 16:20:20+01:00
1,2,0,2,0,1,2014-07-09 17:38:42+01:00
1,2,0,2,0,1,2014-07-10 22:18:06+01:00
0,1,0,1,0,0,2014-07-11 16:17:58+01:00
0,1,0,1,0,0,2014-07-11 16:27:43+01:00
10,22,3,2,0,3,2014-07-24 15:13:26+01:00
0,0,0,0,0,0,2014-07-24 15:23:44+01:00
0,0,0,0,0,0,2014-07-27 01:33:48+01:00
0,1,0,0,0,0,2014-08-06 11:18:20+01:00
0,0,0,0,0,0,2014-08-22 10:23:29+01:00
0,0,0,0,0,0,2014-08-22 10:23:35+01:00
1,3,0,1,0,0,2014-08-22 11:36:11+01:00
0,0,0,0,0,0,2014-09-12 14:29:40+01:00
0,0,0,0,0,0,2014-09-14 00:55:25+01:00
3,6,1,2,0,0,2014-09-15 23:17:38+01:00
0,0,0,0,0,0,2014-09-15 23:30:53+01:00
0,0,0,0,0,0,2014-09-15 23:46:10+01:00
1,4,0,2,0,0,2014-09-17 17:56:13+01:00
2,2,0,1,0,0,2014-09-17 23:18:55+01:00
10,18,1,3,0,3,2014-10-03 18:29:51+01:00
1,2,0,0,0,0,2014-10-05 22:55:46+01:00
1,3,0,0,0,0,2014-10-06 17:38:12+01:00
1,1,0,0,0,0,2014-10-08 10:28:53+01:00
2,2,0,0,0,0,2014-10-15 14:57:32+01:00
1,3,0,1,0,0,2014-11-04 17:45:35+00:00
0,0,0,0,0,0,2014-11-04 18:02:53+00:00
4,5,0,0,0,1,2014-11-04 18:03:22+00:00
0,0,0,0,0,0,2014-11-05 15:56:41+00:00
2,4,0,0,0,1,2014-11-05 18:02:11+00:00
1,3,1,1,0,1,2014-11-07 12:52:14+00:00
0,0,0,0,0,0,2014-11-07 12:56:14+00:00
0,2,0,0,0,0,2014-11-07 14:14:04+00:00
0,2,0,0,0,0,2014-11-07 14:14:04+00:00
0,0,0,0,0,0,2014-11-07 14:16:07+00:00
2,2,0,0,0,0,2014-11-07 17:19:10+00:00
1,1,0,0,0,0,2014-11-07 17:46:25+00:00
1,1,0,0,0,0,2014-11-07 17:49:41+00:00
0,0,0,0,0,0,2014-11-07 17:51:43+00:00
1,2,0,0,0,0,2014-11-08 01:33:34+00:00
8,10,1,1,0,2,2014-11-08 15:59:00+00:00
4,5,0,1,0,0,2014-11-10 00:30:10+00:00
0,1,0,0,0,0,2014-11-10 00:32:47+00:00
0,0,0,0,0,0,2014-11-10 00:33:02+00:00
1,1,0,0,0,0,2014-11-10 12:48:44+00:00
0,0,0,0,0,0,2014-11-10 17:31:27+00:00
0,0,0,0,0,0,2014-11-11 00:38:59+00:00
0,0,0,0,0,0,2014-11-11 10:52:10+00:00
0,1,0,1,0,0,2014-11-11 16:53:46+00:00
0,0,0,0,0,0,2014-11-12 11:36:10+00:00
0,0,0,0,0,0,2014-11-12 17:10:25+00:00
0,0,0,0,0,0,2014-11-17 16:29:54+00:00
0,0,0,0,0,0,2014-11-18 17:36:26+00:00
0,0,0,0,0,0,2014-11-19 16:13:01+00:00
0,0,0,0,0,0,2014-11-19 17:12:48+00:00
0,0,0,0,0,0,2014-11-20 12:36:00+00:00
3,4,0,1,0,0,2014-11-21 18:32:28+00:00
1,1,0,0,0,0,2014-11-25 14:24:19+00:00
0,0,0,0,0,0,2014-11-25 14:29:36+00:00
1,1,0,0,0,0,2014-11-25 15:26:45+00:00
1,1,0,0,0,0,2014-11-25 15:51:47+00:00
1,1,0,0,0,0,2014-11-25 15:55:10+00:00
0,0,0,0,0,0,2014-11-25 16:01:32+00:00
0,0,0,0,0,0,2014-11-25 16:01:32+00:00
0,0,0,0,0,0,2014-11-25 16:08:42+00:00
0,0,0,0,0,0,2014-11-25 16:23:00+00:00
0,0,0,0,0,0,2014-11-25 16:23:00+00:00
0,0,0,0,0,0,2014-11-25 16:23:00+00:00
0,0,0,0,0,0,2014-11-25 16:56:02+00:00
0,0,0,0,0,0,2014-11-25 17:05:35+00:00
0,0,0,0,0,0,2014-11-25 17:11:18+00:00
0,0,0,0,0,0,2014-11-26 14:25:11+00:00
0,0,0,0,0,0,2014-11-26 15:03:55+00:00
0,0,0,0,0,0,2014-11-26 16:12:37+00:00
0,0,0,0,0,0,2014-11-26 16:15:03+00:00
0,0,0,0,0,0,2014-11-26 16:19:15+00:00
0,0,0,0,0,0,2014-11-26 17:04:33+00:00
0,0,0,0,0,0,2014-11-26 17:38:26+00:00
1,1,0,0,0,0,2014-11-27 12:47:12+00:00
1,2,0,0,0,0,2014-11-27 15:03:10+00:00
0,1,0,0,0,0,2014-11-27 15:05:32+00:00
1,1,0,0,0,0,2014-11-27 15:18:25+00:00
1,1,0,0,0,0,2014-11-27 15:22:35+00:00
1,1,0,0,0,0,2014-11-27 15:27:23+00:00
0,0,0,0,0,0,2014-11-27 15:36:12+00:00
1,1,0,0,0,0,2014-11-27 15:58:49+00:00
1,2,0,0,0,0,2014-11-27 17:25:55+00:00
1,2,0,1,0,0,2014-12-01 15:17:22+00:00
0,2,0,1,0,0,2014-12-01 15:32:18+00:00
1,3,0,0,0,0,2014-12-01 16:51:30+00:00
1,1,0,0,0,0,2014-12-01 17:03:06+00:00
2,2,0,0,0,0,2014-12-01 17:38:32+00:00
2,2,0,0,0,0,2014-12-01 18:00:35+00:00
1,1,0,0,0,0,2014-12-01 18:17:07+00:00
1,1,0,0,0,0,2014-12-02 11:16:29+00:00
2,2,0,0,0,0,2014-12-02 11:42:22+00:00
1,1,0,0,0,0,2014-12-02 12:32:37+00:00
1,1,0,0,0,0,2014-12-02 14:00:19+00:00
1,1,0,0,0,0,2014-12-02 17:10:16+00:00
1,2,0,1,0,0,2014-12-03 16:54:40+00:00
2,3,0,0,0,0,2015-01-21 18:00:02+00:00
1,1,0,0,0,0,2015-01-22 11:56:10+00:00
1,2,1,1,0,1,2015-01-25 23:49:15+00:00
0,0,0,0,0,0,2015-01-26 16:11:10+00:00
1,2,0,0,0,0,2015-02-10 17:58:38+00:00
0,1,0,0,0,0,2015-02-17 17:05:16+00:00
0,0,0,0,0,0,2015-02-17 17:05:54+00:00
0,1,0,0,0,0,2015-02-17 17:06:32+00:00
1,1,0,0,0,0,2015-02-18 14:06:23+00:00
1,2,1,2,0,1,2015-02-19 17:18:48+00:00
1,3,0,0,0,0,2015-02-20 13:08:27+00:00
0,1,0,0,0,0,2015-02-20 19:01:15+00:00
0,0,0,0,0,0,2015-02-20 23:24:03+00:00
0,0,0,0,0,0,2015-02-20 23:24:48+00:00
0,1,0,1,0,0,2015-02-21 00:04:04+00:00
0,1,0,1,0,0,2015-02-22 00:31:55+00:00
1,3,1,2,0,1,2015-02-22 22:32:12+00:00
0,0,0,0,0,0,2015-02-22 22:32:48+00:00
0,1,0,0,0,0,2015-02-22 22:35:32+00:00
0,0,0,0,0,0,2015-02-22 22:35:57+00:00
1,2,0,0,0,0,2015-03-01 16:57:01+00:00
0,0,0,0,0,0,2015-03-01 16:58:35+00:00
0,1,0,0,0,0,2015-03-01 17:00:09+00:00
0,1,0,0,0,0,2015-03-09 16:16:00+00:00
0,0,0,0,0,0,2015-03-09 16:16:26+00:00
0,1,0,0,0,0,2015-03-10 16:54:08+00:00
0,1,0,0,0,0,2015-03-10 19:28:02+00:00
0,0,0,0,0,0,2015-03-10 19:28:42+00:00
0,0,0,0,0,0,2015-03-11 13:25:32+00:00
1,3,0,0,0,0,2015-03-27 11:07:00+00:00
0,0,0,0,0,0,2015-04-28 22:33:49+01:00
1,4,1,1,0,1,2015-04-30 14:05:01+01:00
5,10,1,1,0,2,2015-05-01 14:49:59+01:00
3,7,1,0,0,1,2015-05-08 15:40:37+01:00
0,0,0,0,0,0,2015-05-15 14:12:13+01:00
0,0,0,0,0,0,2015-05-15 14:12:34+01:00
1,2,0,1,0,0,2015-05-21 16:48:59+01:00
0,1,0,0,0,0,2015-05-21 17:36:46+01:00
0,1,0,0,0,0,2015-06-24 16:42:16+01:00
1,1,0,0,0,0,2015-06-30 13:28:29+01:00
0,0,0,0,0,0,2015-07-10 12:40:15+01:00
0,0,0,0,0,0,2015-07-13 11:10:47+01:00
0,1,0,0,0,0,2015-07-13 11:16:32+01:00
1,2,0,0,0,0,2015-07-15 14:34:28+01:00
0,0,0,0,0,0,2015-07-15 14:35:26+01:00
0,1,1,0,0,0,2015-07-15 14:43:33+01:00
1,1,0,0,0,0,2015-07-15 15:03:42+01:00
1,1,0,0,0,0,2015-07-15 15:13:51+01:00
1,1,0,0,0,0,2015-07-15 15:52:06+01:00
2,2,0,0,0,0,2015-07-15 21:36:51+01:00
0,1,1,1,0,1,2015-07-16 00:49:07+01:00
1,2,1,0,0,0,2015-07-16 01:42:39+01:00
3,5,1,0,0,0,2015-07-16 17:02:04+01:00
1,2,0,0,0,0,2015-07-20 23:32:26+01:00
1,1,0,0,1,0,2015-07-29 14:57:30+01:00
0,0,0,0,0,0,2015-07-29 14:58:43+01:00
1,2,0,0,0,0,2015-07-29 15:00:02+01:00
1,6,1,1,1,1,2015-07-31 23:36:25+01:00
0,0,0,0,0,0,2015-08-01 13:38:48+01:00
0,0,0,0,0,0,2015-08-01 13:39:20+01:00
0,2,1,1,0,1,2015-08-02 00:22:22+01:00
1,1,0,0,0,0,2015-08-03 18:05:19+01:00
0,1,0,0,0,0,2015-08-04 23:36:37+01:00
2,2,0,0,0,0,2015-08-04 23:38:13+01:00
0,0,0,0,0,0,2015-08-04 23:43:43+01:00
4,5,1,1,0,1,2015-08-21 23:25:08+01:00
2,3,1,1,0,1,2015-08-27 10:30:37+01:00
0,1,0,0,0,0,2015-08-27 16:22:18+01:00
1,1,0,0,0,0,2015-09-01 14:24:20+01:00
0,0,0,0,0,0,2015-09-01 14:25:07+01:00
2,1,0,0,0,0,2015-09-01 16:29:52+01:00
1,1,0,0,0,0,2015-09-02 00:00:58+01:00
1,1,0,0,0,0,2015-09-05 23:13:44+01:00
1,0,0,0,0,0,2015-09-08 13:45:03+01:00
1,1,0,0,0,0,2015-09-14 17:16:43+01:00
0,0,0,0,0,0,2015-09-14 17:17:14+01:00
0,1,0,0,0,0,2015-09-14 17:49:40+01:00
0,2,0,0,0,0,2015-09-17 18:08:08+01:00
1,2,0,0,0,0,2015-09-18 11:46:33+01:00
1,1,0,0,0,0,2015-09-18 11:47:49+01:00
0,0,0,0,0,0,2015-10-12 11:31:03+01:00
0,1,0,0,0,0,2015-10-12 11:33:34+01:00
0,1,0,0,0,0,2015-10-20 13:31:43+01:00
0,0,0,0,0,0,2015-10-20 13:32:25+01:00
1,1,0,0,0,1,2015-10-20 13:36:15+01:00
0,2,1,1,0,1,2015-11-04 10:03:01+00:00
0,0,0,0,0,0,2015-11-04 10:03:47+00:00
1,0,0,0,0,0,2015-11-04 10:04:25+00:00
1,1,0,0,0,0,2015-11-04 10:05:39+00:00
0,0,0,0,0,0,2015-11-04 10:07:30+00:00
3,4,0,0,0,0,2015-11-04 12:40:16+00:00
1,2,0,0,0,0,2015-11-04 16:06:03+00:00
1,1,0,0,0,0,2015-11-04 16:07:26+00:00
0,1,0,0,0,0,2015-11-04 16:08:30+00:00
0,0,0,0,0,0,2015-11-04 16:44:00+00:00
0,0,0,0,0,0,2015-11-04 17:02:56+00:00
1,2,0,0,0,0,2015-11-04 17:50:51+00:00
1,3,0,0,0,0,2015-11-05 13:49:15+00:00
0,0,0,0,0,0,2015-11-05 13:52:44+00:00
0,0,0,0,0,0,2015-11-06 16:47:35+00:00
0,2,0,0,0,0,2015-11-09 14:56:58+00:00
0,0,0,0,0,0,2015-11-09 14:57:23+00:00
0,1,0,0,0,0,2015-11-09 15:26:30+00:00
1,1,0,0,0,0,2015-11-09 23:13:27+00:00
1,4,0,0,0,0,2015-11-10 23:41:10+00:00
1,2,0,0,0,0,2015-11-11 10:04:57+00:00
0,1,0,0,0,0,2015-11-11 14:43:56+00:00
6,16,0,1,0,0,2015-11-13 17:51:34+00:00
0,2,0,0,0,0,2015-11-17 13:11:10+00:00
0,1,0,0,0,0,2015-11-18 10:18:06+00:00
0,0,0,0,0,0,2015-11-18 10:24:01+00:00
0,0,0,0,0,0,2015-11-18 10:26:29+00:00
0,0,0,0,0,0,2015-11-18 10:32:02+00:00
0,0,0,0,0,0,2015-11-18 10:40:42+00:00
0,0,0,0,0,0,2015-11-18 10:50:19+00:00
0,0,0,0,0,0,2015-11-18 11:00:52+00:00
0,0,0,0,0,0,2015-11-18 11:27:05+00:00
0,0,0,0,0,0,2015-11-18 11:03:41+00:00
0,0,0,0,0,0,2015-11-18 14:48:34+00:00
0,1,0,0,0,0,2015-11-18 17:29:37+00:00
0,0,0,0,0,0,2015-11-18 17:33:15+00:00
1,2,0,1,0,0,2015-11-24 15:39:29+00:00
0,1,0,0,0,0,2015-11-24 15:42:54+00:00
1,1,0,0,0,0,2015-11-24 16:31:55+00:00
0,1,0,0,0,0,2015-11-24 16:59:52+00:00
2,2,0,0,0,0,2015-11-24 17:13:23+00:00
2,4,0,0,0,0,2015-11-24 17:43:48+00:00
0,1,0,0,0,0,2015-11-25 12:43:07+00:00
0,1,0,0,0,0,2015-11-25 12:56:11+00:00
1,4,0,0,0,0,2015-11-26 10:45:25+00:00
0,2,1,1,0,1,2015-11-26 15:16:49+00:00
0,2,0,1,0,0,2015-12-03 10:43:22+00:00
3,4,1,1,0,1,2015-12-03 10:44:15+00:00
3,5,0,1,0,0,2015-12-03 16:38:38+00:00
3,7,1,2,0,1,2015-12-09 14:08:07+00:00
1,1,0,0,0,0,2015-12-10 11:31:22+00:00
0,1,0,0,0,0,2015-12-10 11:36:09+00:00
2,6,0,1,0,0,2016-01-20 19:12:56+00:00
0,1,0,0,0,0,2016-01-20 23:41:52+00:00
1,1,0,0,0,0,2016-01-20 23:42:22+00:00
1,1,0,0,0,0,2016-01-20 23:42:42+00:00
0,1,0,0,0,0,2016-01-21 14:36:36+00:00
0,0,1,0,0,0,2016-01-21 15:51:48+00:00
1,1,0,0,0,0,2016-01-21 23:27:53+00:00
1,1,0,0,0,0,2016-01-22 11:15:03+00:00
1,1,0,0,0,0,2016-01-22 11:35:59+00:00
0,2,0,1,0,0,2016-02-08 15:37:04+00:00
0,0,0,0,0,0,2016-02-25 16:14:50+00:00
0,1,0,0,0,0,2016-02-26 13:00:40+00:00
0,1,0,0,0,0,2016-03-02 15:32:13+00:00
0,0,0,0,0,0,2016-03-02 15:33:06+00:00
0,1,0,0,0,0,2016-03-02 15:40:37+00:00
0,0,0,0,0,0,2016-03-02 15:40:53+00:00
0,1,0,0,0,0,2016-03-08 10:45:37+00:00
5,8,0,0,0,0,2016-03-08 10:46:48+00:00
1,1,0,0,0,0,2016-03-08 10:53:55+00:00
0,1,0,0,0,0,2016-03-08 10:55:47+00:00
6,13,1,3,0,1,2016-03-08 12:57:36+00:00
0,1,1,0,0,0,2016-03-08 13:01:18+00:00
2,8,1,0,0,0,2016-03-08 13:06:12+00:00
2,3,0,0,0,0,2016-03-08 13:59:00+00:00
0,0,0,0,0,0,2016-03-08 13:59:15+00:00
0,0,0,0,0,0,2016-03-08 14:03:16+00:00
0,1,0,0,0,0,2016-03-08 14:04:08+00:00
0,0,0,0,0,0,2016-03-08 14:11:24+00:00
0,0,0,0,0,0,2016-03-11 11:42:58+00:00
1,1,0,0,0,0,2016-03-14 15:24:00+00:00
0,0,0,0,0,0,2016-03-14 15:24:32+00:00
0,1,0,0,0,0,2016-03-14 15:25:27+00:00
0,0,0,0,0,0,2016-03-15 12:39:56+00:00
2,2,0,0,0,0,2016-03-23 23:29:53+00:00
0,0,0,0,0,0,2016-03-23 23:30:19+00:00
0,1,0,0,0,0,2016-03-23 23:31:07+00:00
0,1,0,0,0,0,2016-04-26 11:03:03+01:00
0,1,0,0,0,0,2016-04-26 11:11:32+01:00
0,2,0,0,0,0,2016-04-26 11:31:54+01:00
0,0,0,0,0,0,2016-04-26 11:37:16+01:00
0,0,0,0,0,0,2016-04-26 11:39:04+01:00
0,1,0,0,0,0,2016-04-26 11:39:45+01:00
0,0,0,0,0,0,2016-04-29 10:44:16+01:00
2,3,0,0,0,0,2016-04-29 16:17:42+01:00
0,0,0,0,0,0,2016-04-29 16:17:56+01:00
0,0,0,0,0,0,2016-04-29 16:32:25+01:00
0,0,0,0,0,0,2016-04-29 16:38:40+01:00
0,0,0,0,0,0,2016-04-29 16:44:13+01:00
1,1,0,0,0,0,2016-04-29 16:59:16+01:00
1,1,0,0,0,0,2016-04-29 17:10:18+01:00
1,1,0,0,0,0,2016-04-29 17:16:20+01:00
1,1,0,0,0,0,2016-04-29 17:39:22+01:00
0,0,0,0,0,0,2016-04-29 17:40:37+01:00
0,1,1,0,0,0,2016-05-02 12:57:00+02:00
0,0,1,0,0,0,2016-05-02 13:17:02+02:00
1,3,0,0,0,0,2016-05-27 10:59:04+01:00
0,0,0,0,0,0,2016-05-27 10:59:29+01:00
0,0,0,0,0,0,2016-05-27 11:01:05+01:00
0,0,0,0,0,0,2016-05-27 11:04:17+01:00
0,1,0,0,0,0,2016-05-27 15:14:36+01:00
0,1,0,0,0,0,2016-05-27 16:33:23+01:00
0,1,0,0,0,0,2016-05-27 18:05:24+01:00
0,1,0,0,0,0,2016-05-27 18:10:35+01:00
2,2,0,0,0,0,2016-05-30 15:47:09+02:00
3,6,0,0,0,0,2016-05-31 11:47:19+01:00
0,0,0,0,0,0,2016-05-31 11:47:33+01:00
0,1,0,0,0,0,2016-06-28 16:38:49+02:00
0,1,0,0,0,0,2016-06-28 19:28:19+02:00
0,0,0,0,0,0,2016-06-28 22:20:24+02:00
1,2,0,0,0,0,2016-07-28 13:28:17+01:00
0,0,0,0,0,0,2016-07-28 13:29:53+01:00
0,1,0,0,0,0,2016-07-28 13:33:43+01:00
0,2,0,1,0,0,2016-07-28 13:51:42+01:00
0,1,0,0,0,0,2016-08-09 10:49:58+01:00
0,0,0,0,0,0,2016-08-09 11:27:47+01:00
0,0,0,0,0,0,2016-08-09 14:11:57+01:00
0,1,0,0,0,0,2016-08-09 14:17:30+01:00
1,2,0,0,0,0,2016-08-10 17:06:57+01:00
0,1,0,0,0,0,2016-08-10 17:35:42+01:00
0,0,0,0,0,0,2016-08-10 17:47:29+01:00
1,2,0,0,0,0,2016-08-30 12:12:30+01:00
0,1,0,0,0,0,2016-08-30 12:37:20+01:00
0,1,0,0,0,0,2016-08-30 12:47:19+01:00
0,0,0,0,0,0,2016-08-30 12:48:26+01:00
0,4,1,2,0,1,2016-09-08 15:57:55+01:00
0,4,1,2,0,1,2016-09-08 15:57:55+01:00
0,0,0,0,0,0,2016-09-08 15:58:35+01:00
0,1,0,0,0,0,2016-09-30 11:54:35+01:00
0,0,0,0,0,0,2016-09-30 12:32:23+01:00
0,1,0,0,0,0,2016-09-30 12:38:54+01:00
0,1,0,0,0,0,2016-09-30 12:48:49+01:00
1,2,0,1,0,0,2016-10-06 17:51:37+01:00
0,1,0,0,0,0,2016-10-06 17:56:28+01:00
1,2,0,1,0,0,2016-10-06 17:57:24+01:00
0,1,0,0,0,0,2016-10-06 17:57:51+01:00
0,1,0,0,0,0,2016-10-06 17:56:28+01:00
0,0,0,0,0,0,2017-04-26 12:10:06+01:00
1,1,0,0,0,0,2017-04-26 12:11:22+01:00
1,1,0,0,0,0,2017-04-26 12:16:33+01:00
3,7,0,1,0,0,2017-04-26 12:37:59+01:00
0,1,0,0,0,0,2017-06-16 11:24:44+01:00
0,1,0,1,0,0,2017-06-20 16:41:17+01:00
0,1,0,0,0,0,2017-06-20 16:56:47+01:00
1,2,0,0,0,0,2017-11-07 09:06:18+00:00
0,2,1,1,0,0,2017-11-07 09:38:10+00:00
0,0,0,0,0,0,2017-11-09 12:41:14+00:00
0,0,0,0,0,0,2017-11-09 12:41:14+00:00
0,0,0,0,0,0,2017-11-09 12:49:43+00:00
2,2,0,0,0,0,2017-11-10 12:59:04+00:00
4,4,0,0,0,0,2017-11-10 17:06:21+00:00
0,1,1,1,0,0,2017-11-10 17:08:01+00:00
0,1,0,0,0,0,2017-11-10 17:28:37+00:00
0,0,0,0,0,0,2017-11-10 18:09:02+00:00
0,3,0,0,0,0,2018-02-07 13:59:15+00:00
0,2,0,0,0,0,2018-02-07 14:30:57+00:00
0,0,0,0,0,0,2018-02-07 14:34:45+00:00
0,1,0,0,0,0,2018-02-07 15:28:27+00:00
2,2,0,0,0,0,2018-05-16 12:57:47+01:00
0,1,0,0,0,0,2018-05-16 12:58:32+01:00
0,1,0,0,0,0,2018-05-16 12:58:45+01:00
0,0,0,0,0,0,2018-05-16 12:59:05+01:00
0,0,0,0,0,0,2018-05-16 13:44:21+01:00
0,1,0,0,0,0,2018-05-16 13:46:24+01:00
2,4,0,0,0,0,2018-07-04 15:07:25+01:00
0,1,0,0,0,0,2018-07-04 15:07:42+01:00
0,0,0,0,0,0,2018-07-04 15:23:21+01:00
1,1,1,1,0,0,2018-07-04 15:33:36+01:00
2,3,0,0,0,0,2018-11-29 12:45:32+00:00
0,0,0,0,0,0,2018-11-29 12:46:01+00:00
0,1,0,0,0,0,2018-11-29 12:49:57+00:00
0,1,0,0,0,0,2018-11-29 14:51:43+00:00
1,3,1,1,0,1,2018-11-29 15:12:46+00:00
0,0,0,0,0,0,2018-11-29 15:13:50+00:00
0,0,0,0,0,0,2018-11-29 15:17:16+00:00
0,0,0,0,0,0,2018-11-29 15:19:51+00:00
0,1,0,0,0,0,2018-11-29 15:20:48+00:00
0,1,0,0,0,0,2018-11-29 15:32:13+00:00
0,1,1,1,0,1,2018-11-30 12:44:33+00:00
0,1,1,1,0,1,2018-11-30 12:44:33+00:00
0,0,0,0,0,0,2018-11-30 13:20:05+00:00
1,3,0,0,0,0,2018-11-30 16:48:35+00:00
0,1,0,0,0,0,2018-11-30 16:58:49+00:00
0,1,0,0,0,0,2018-11-30 17:07:57+00:00
0,1,0,0,0,0,2018-11-30 17:13:59+00:00
0,0,0,0,0,0,2018-11-30 17:38:46+00:00
0,0,0,0,0,0,2018-02-07 15:28:27+00:00
0,1,0,0,0,0,2018-05-16 13:46:24+01:00
0,0,0,0,0,0,2018-07-04 15:23:21+01:00
1,1,1,1,0,0,2018-07-04 15:33:36+01:00
2,3,0,0,0,0,2018-11-29 12:45:32+00:00
0,1,0,0,0,0,2018-11-29 12:49:57+00:00
0,1,0,0,0,0,2018-11-29 14:51:43+00:00
1,3,1,1,0,1,2018-11-29 15:12:46+00:00
0,0,0,0,0,0,2018-11-29 15:17:16+00:00
0,1,0,0,0,0,2018-11-29 15:20:48+00:00
0,1,0,0,0,0,2018-11-29 15:32:13+00:00
0,1,1,1,0,1,2018-11-30 12:44:33+00:00
1,3,0,0,0,0,2018-11-30 16:48:35+00:00
0,1,0,0,0,0,2018-11-30 16:58:49+00:00
0,1,0,0,0,0,2018-11-30 17:07:57+00:00
0,1,0,0,0,0,2018-11-30 18:06:28+00:00
0,0,0,0,0,0,2018-11-30 18:09:18+00:00
0,0,0,0,0,0,2018-11-30 18:40:16+00:00
0,1,0,0,0,0,2018-11-30 18:43:30+00:00
0,1,0,0,0,0,2021-01-06 17:19:56+00:00
0,0,0,0,0,0,2021-01-07 10:39:20+00:00
1,2,0,0,0,0,2021-01-07 10:56:39+00:00
1,1,0,0,0,0,2021-01-07 17:07:15+00:00
0,1,0,0,0,0,2021-01-07 17:09:40+00:00
0,0,0,0,0,0,2021-01-08 11:20:31+00:00
0,0,0,0,0,0,2021-01-08 13:07:15+00:00
0,0,0,0,0,0,2021-01-08 13:14:46+00:00
0,0,0,0,0,0,2021-01-08 14:07:08+00:00
0,1,0,0,0,0,2021-01-08 14:35:58+00:00
0,0,0,0,0,0,2021-01-08 15:24:13+00:00
0,0,0,0,0,0,2021-01-08 15:53:47+00:00
0,0,0,0,0,0,2021-01-08 16:11:50+00:00
0,2,1,1,0,1,2021-01-08 16:41:19+00:00
0,0,0,0,0,0,2021-01-11 11:21:46+00:00
0,0,0,0,0,0,2021-01-11 12:42:20+00:00
0,0,0,0,0,0,2021-01-11 12:50:35+00:00
0,0,0,0,0,0,2021-01-11 12:54:19+00:00
9,24,4,3,0,1,2021-01-11 15:17:49+00:00
0,0,0,0,0,0,2021-01-11 15:30:25+00:00
0,0,0,0,0,0,2021-01-11 16:02:30+00:00
0,1,0,0,0,0,2021-01-11 16:35:01+00:00
0,0,0,0,0,0,2021-01-11 16:35:12+00:00
0,0,0,0,0,0,2021-01-11 16:37:16+00:00
