Acquisition,Preparation,Modeling,Training,Evaluation,Prediction,time
3,3,3,2,1,1,2020-12-04 11:26:36-05:00
0,0,0,0,0,0,2020-12-04 11:27:48-05:00
0,0,0,0,0,0,2020-12-04 11:49:21-05:00
1,1,1,1,0,1,2020-12-04 16:01:04-05:00
1,1,0,0,0,0,2020-12-04 20:51:04-05:00
1,1,1,1,0,1,2020-12-04 22:04:48-05:00
0,0,0,0,0,0,2020-12-06 12:10:31-05:00
1,1,0,0,0,0,2020-12-06 12:11:11-05:00
1,1,0,0,0,0,2020-12-06 20:30:26-05:00
1,1,0,0,0,0,2020-12-06 22:48:49-05:00
0,1,1,1,1,1,2020-12-06 22:49:05-05:00
0,1,1,1,1,1,2020-12-08 17:09:21-05:00
0,1,1,1,1,1,2020-12-08 20:03:40-05:00
0,1,1,1,1,1,2020-12-08 21:08:44-05:00
1,1,1,1,0,0,2020-12-09 13:23:44-05:00
0,1,1,1,1,1,2020-12-09 13:53:33-05:00
0,0,0,0,0,0,2020-12-09 13:57:16-05:00
1,1,1,1,0,1,2020-12-10 00:19:26-05:00
1,1,1,1,0,1,2020-12-10 13:49:32-05:00
1,1,0,0,0,0,2020-12-10 13:50:00-05:00
1,1,1,1,0,0,2020-12-14 09:21:36-05:00
1,1,0,0,0,0,2020-12-14 09:22:03-05:00
1,1,1,1,0,1,2020-12-14 11:40:13-05:00
0,0,0,0,0,0,2020-12-14 11:40:23-05:00
1,1,1,1,0,0,2020-12-16 13:19:54-05:00
0,1,1,1,1,1,2020-12-16 13:20:31-05:00
1,1,0,0,0,0,2020-12-16 13:21:31-05:00
1,2,2,2,2,2,2020-12-16 14:23:13-05:00
0,0,0,0,0,0,2020-12-16 14:23:43-05:00
0,0,0,0,0,0,2020-12-16 14:23:54-05:00
0,0,0,0,0,0,2020-12-16 14:24:18-05:00
0,0,0,0,0,0,2020-12-16 14:24:41-05:00
1,1,1,1,1,1,2020-12-16 14:29:19-05:00
1,1,1,1,1,1,2020-12-16 14:52:08-05:00
1,1,0,0,0,0,2020-12-17 00:16:48-05:00
1,1,0,0,0,0,2020-12-17 00:26:18-05:00
1,1,1,1,1,1,2020-12-17 12:02:28-05:00
1,1,0,0,0,0,2020-12-17 12:21:44-05:00
1,1,1,1,0,1,2020-12-17 14:29:39-05:00
1,1,0,0,0,0,2020-12-17 14:41:08-05:00
0,0,0,0,0,0,2020-12-17 14:42:38-05:00
1,1,1,1,0,0,2020-12-17 14:46:15-05:00
1,1,0,0,0,0,2020-12-17 16:09:01-05:00
2,2,2,2,0,1,2020-12-18 08:06:08-05:00
1,1,1,1,0,1,2020-12-18 11:27:12-05:00
1,1,1,1,0,1,2020-12-18 11:59:09-05:00
1,1,0,0,0,0,2020-12-18 12:18:32-05:00
0,0,0,0,0,0,2020-12-18 17:22:06-05:00
1,1,0,0,0,0,2020-12-18 22:24:41-05:00
1,1,0,0,0,0,2020-12-19 13:19:19-05:00
1,1,1,1,0,1,2020-12-19 13:20:20-05:00
0,0,0,0,0,0,2020-12-19 13:24:51-05:00
0,0,0,0,0,0,2020-12-19 13:40:27-05:00
1,1,1,0,1,0,2021-02-20 21:51:29-05:00
1,1,1,0,1,0,2021-02-27 12:53:23-05:00
3,3,3,3,1,2,2021-02-27 12:53:57-05:00
2,2,1,1,0,1,2021-02-27 17:55:16-05:00
1,1,0,0,0,0,2021-02-27 17:58:09-05:00
1,1,1,1,0,1,2021-02-28 11:15:54-05:00
0,0,0,0,0,0,2021-02-28 11:16:36-05:00
0,0,0,0,0,0,2021-02-28 11:16:48-05:00
0,0,0,0,0,0,2021-02-28 11:41:49-05:00
1,1,0,0,0,0,2021-02-28 11:44:25-05:00
1,1,1,1,0,1,2021-02-28 19:15:12-05:00
1,1,1,0,0,0,2021-03-04 16:20:39-05:00
1,1,1,0,0,0,2021-03-04 22:00:32-05:00
1,1,1,0,0,0,2021-03-11 21:01:55-05:00
0,0,0,0,0,0,2021-03-11 21:02:31-05:00
1,1,1,0,0,0,2021-03-11 21:06:46-05:00
1,1,1,0,0,0,2021-03-11 23:14:05-05:00
1,1,1,0,1,0,2021-03-13 12:54:28-05:00
1,1,1,1,0,1,2021-03-13 17:11:50-06:00
1,1,1,0,1,0,2021-03-13 17:12:42-06:00
1,1,1,1,0,1,2021-03-14 13:25:26-04:00
1,1,0,0,0,0,2021-03-14 13:32:16-04:00
2,2,1,0,2,0,2021-03-15 14:32:17-04:00
1,1,1,0,1,0,2021-03-17 10:22:51-04:00
0,0,0,0,0,0,2021-04-18 14:11:24-04:00
0,0,0,0,0,0,2021-04-18 14:13:40-04:00
