Acquisition,Preparation,Modeling,Training,Evaluation,Prediction,time
0,0,0,0,0,0,2020-03-29 04:08:18+03:00
1,3,0,0,0,0,2020-03-29 04:14:19+03:00
0,0,0,0,0,0,2020-03-29 04:24:33+03:00
0,0,0,0,0,0,2020-03-29 04:26:46+03:00
0,0,0,0,0,0,2020-03-29 14:54:14+03:00
0,0,0,0,0,0,2020-03-29 15:03:42+03:00
0,0,0,0,0,0,2020-03-30 01:11:58+03:00
0,0,0,0,0,0,2020-03-30 12:25:46+03:00
0,0,0,0,0,0,2020-03-30 12:31:37+03:00
0,0,0,0,0,0,2020-03-30 12:33:38+03:00
1,0,0,0,0,0,2020-03-30 14:14:21+03:00
2,0,0,0,0,0,2020-03-30 16:25:15+03:00
1,0,0,0,0,0,2020-03-30 16:28:12+03:00
1,0,0,0,0,0,2020-03-30 16:31:40+03:00
1,0,0,0,0,0,2020-03-30 16:32:55+03:00
1,0,0,0,0,0,2020-03-30 17:41:52+03:00
1,0,0,0,0,0,2020-03-30 17:45:16+03:00
1,0,0,0,0,0,2020-03-30 17:46:16+03:00
1,0,0,0,0,0,2020-03-30 17:47:21+03:00
1,0,0,0,0,0,2020-03-31 09:36:12+03:00
1,0,0,0,0,0,2020-03-31 13:40:15+03:00
1,0,0,0,0,0,2020-03-31 14:04:52+03:00
2,0,0,0,0,0,2020-03-31 18:15:39+03:00
0,0,0,0,0,0,2020-03-31 19:11:28+03:00
2,0,0,0,0,0,2020-04-01 12:16:21+03:00
1,0,0,0,0,0,2020-04-01 12:19:26+03:00
1,0,0,0,0,0,2020-04-01 12:25:26+03:00
1,0,0,0,0,0,2020-04-01 12:28:38+03:00
1,0,0,0,0,0,2020-04-01 12:29:32+03:00
1,0,0,0,0,0,2020-04-01 12:37:17+03:00
1,0,0,0,0,0,2020-04-01 12:51:22+03:00
1,1,0,0,0,0,2020-04-01 14:49:40+03:00
2,1,0,0,0,0,2020-04-01 16:36:17+03:00
1,1,0,0,0,0,2020-04-01 17:13:41+03:00
1,1,0,0,0,0,2020-04-01 17:15:57+03:00
1,1,0,0,0,0,2020-04-01 17:28:11+03:00
1,1,0,0,0,0,2020-04-01 17:31:09+03:00
1,1,0,0,0,0,2020-04-01 18:17:21+03:00
1,1,0,0,0,0,2020-04-01 18:18:59+03:00
1,1,0,0,0,0,2020-04-01 18:40:18+03:00
1,1,0,0,0,0,2020-04-01 18:42:04+03:00
1,1,0,0,0,0,2020-04-01 18:59:28+03:00
1,1,0,0,0,0,2020-04-01 19:27:49+03:00
1,1,0,0,0,0,2020-04-01 19:32:36+03:00
1,1,0,0,0,0,2020-04-01 19:34:10+03:00
1,0,0,0,0,0,2020-04-01 19:34:42+03:00
1,0,0,0,0,0,2020-04-01 19:34:49+03:00
1,0,0,0,0,0,2020-04-02 12:16:26+03:00
1,0,0,0,0,0,2020-04-02 12:17:21+03:00
1,0,0,0,0,0,2020-04-02 12:33:02+03:00
2,0,0,0,0,0,2020-04-02 17:24:27+03:00
1,0,0,0,0,0,2020-04-02 17:52:02+03:00
1,0,0,0,0,0,2020-04-02 17:54:11+03:00
2,0,0,0,0,0,2020-04-03 11:56:11+03:00
2,1,0,0,0,0,2020-04-03 12:08:10+03:00
1,1,0,0,0,0,2020-04-03 12:10:50+03:00
1,1,0,0,0,0,2020-04-03 12:11:37+03:00
1,1,0,0,0,0,2020-04-03 12:12:40+03:00
1,1,0,0,0,0,2020-04-03 12:14:41+03:00
1,1,0,0,0,0,2020-04-03 12:15:37+03:00
2,1,0,0,0,0,2020-04-03 12:20:28+03:00
1,0,0,0,0,0,2020-04-03 12:21:41+03:00
1,0,0,0,0,0,2020-04-03 12:22:38+03:00
1,0,0,0,0,0,2020-04-03 14:04:11+03:00
1,0,0,0,0,0,2020-04-03 14:04:31+03:00
1,0,0,0,0,0,2020-04-16 02:47:35+03:00
5,2,5,3,3,2,2020-04-25 00:48:22+03:00
4,4,1,0,0,0,2020-04-26 00:56:18+03:00
3,2,0,0,0,0,2020-04-27 02:34:18+03:00
0,0,0,0,0,0,2020-04-27 02:35:56+03:00
0,0,0,0,0,0,2020-04-27 02:45:32+03:00
1,0,0,0,0,0,2020-04-27 03:20:58+03:00
2,7,1,0,0,2,2020-04-27 14:05:20+03:00
6,3,1,1,1,0,2020-04-29 17:09:59+03:00
2,0,0,0,0,0,2020-05-01 12:16:29+03:00
3,3,0,0,0,0,2020-05-01 13:18:21+03:00
3,2,0,0,0,0,2020-05-01 17:30:20+03:00
7,7,0,0,0,0,2020-05-02 18:24:12+03:00
1,1,0,0,0,0,2020-05-04 19:02:47+03:00
1,0,0,0,0,0,2020-05-04 19:02:51+03:00
1,1,0,0,0,0,2020-05-04 19:18:41+03:00
6,7,0,0,0,0,2020-05-05 19:00:33+03:00
4,4,0,0,0,0,2020-05-07 13:00:30+03:00
1,1,0,0,0,0,2020-05-07 13:55:02+03:00
1,1,0,0,0,0,2020-05-07 13:56:01+03:00
1,1,0,0,0,0,2020-05-07 13:57:27+03:00
1,1,0,0,0,0,2020-05-07 13:58:42+03:00
1,1,0,0,0,0,2020-05-07 15:54:48+03:00
1,1,0,0,0,0,2020-05-07 15:59:09+03:00
0,0,0,0,0,0,2020-05-07 15:59:40+03:00
1,1,0,0,0,0,2020-05-07 19:17:57+03:00
0,0,0,0,0,0,2020-05-07 19:20:02+03:00
1,1,0,0,0,0,2020-05-07 19:24:11+03:00
1,1,0,0,0,0,2020-05-07 19:38:50+03:00
1,1,0,0,0,0,2020-05-07 19:40:49+03:00
1,1,0,0,0,0,2020-05-07 19:59:20+03:00
1,1,0,0,0,0,2020-05-07 20:17:11+03:00
1,1,0,0,0,0,2020-05-08 18:21:20+03:00
1,2,0,0,0,0,2020-05-10 00:56:07+03:00
1,1,0,0,0,0,2020-05-10 01:02:55+03:00
0,0,0,0,0,0,2020-05-10 02:16:08+03:00
0,0,0,0,0,0,2020-05-10 02:16:35+03:00
0,0,0,0,0,0,2020-05-10 02:17:35+03:00
1,1,0,0,0,0,2020-05-10 17:06:48+03:00
0,0,0,0,0,0,2020-05-10 17:07:14+03:00
2,3,0,0,0,0,2020-05-11 00:57:21+03:00
2,1,0,0,0,0,2020-05-11 18:52:32+03:00
