Acquisition,Preparation,Modeling,Training,Evaluation,Prediction,time
1,1,0,0,0,0,2018-11-01 16:12:34+09:00
1,1,0,0,0,0,2018-11-01 20:09:07+09:00
2,2,0,0,0,0,2018-11-08 19:21:06+09:00
1,1,0,0,0,0,2018-11-12 16:03:48+09:00
1,1,0,0,0,0,2018-11-12 18:00:29+09:00
1,1,0,0,0,0,2018-11-14 14:25:23+09:00
0,0,0,0,0,0,2018-11-14 14:30:49+09:00
1,1,0,0,0,0,2018-11-14 14:32:32+09:00
1,1,0,0,0,0,2018-11-15 14:14:15+09:00
1,1,0,0,0,0,2018-11-22 15:01:26+09:00
1,1,0,0,0,0,2018-11-22 15:14:59+09:00
1,1,0,0,0,0,2018-11-23 10:13:30+09:00
1,1,0,0,0,0,2018-11-23 10:26:05+09:00
1,2,0,0,0,0,2018-11-26 17:52:40+09:00
1,1,0,0,0,0,2018-11-27 09:33:15+09:00
1,1,0,0,0,0,2018-11-28 15:28:35+09:00
1,1,0,0,0,0,2018-12-07 15:43:24+09:00
1,1,0,0,0,0,2018-12-07 17:37:46+09:00
1,1,0,0,0,0,2018-12-07 18:25:13+09:00
1,1,0,0,0,0,2018-12-19 15:01:57+09:00
1,1,0,0,0,0,2018-12-21 01:32:26+00:00
2,2,0,0,0,0,2018-12-21 10:54:48+09:00
0,2,0,0,0,0,2018-12-21 16:10:15+09:00
0,1,0,0,0,0,2018-12-21 17:51:22+09:00
0,0,0,0,0,0,2018-12-21 18:18:35+09:00
1,2,0,0,0,0,2018-12-21 19:01:29+09:00
1,4,0,0,0,0,2018-12-28 10:13:44+09:00
0,0,0,0,0,0,2018-12-28 10:29:09+09:00
0,0,0,0,0,0,2018-12-28 10:37:09+09:00
1,2,0,0,0,0,2018-12-28 13:43:45+09:00
0,0,0,0,0,0,2018-12-28 13:44:09+09:00
0,0,0,0,0,0,2018-12-28 13:59:33+09:00
0,0,0,0,0,0,2018-12-28 13:59:49+09:00
0,0,0,0,0,0,2018-12-28 14:45:43+09:00
1,1,0,0,0,0,2018-12-28 14:46:46+09:00
0,0,0,0,0,0,2018-12-28 14:49:00+09:00
1,2,0,0,0,0,2018-12-28 16:59:13+09:00
0,0,0,0,0,0,2018-12-28 16:59:37+09:00
2,2,0,0,0,0,2018-12-28 17:40:42+09:00
0,0,0,0,0,0,2018-12-28 17:40:57+09:00
1,0,0,0,0,0,2018-12-28 18:08:41+09:00
0,0,0,0,0,0,2018-12-28 18:08:54+09:00
1,1,0,0,0,0,2018-12-28 18:30:43+09:00
0,0,0,0,0,0,2018-12-28 18:30:55+09:00
2,4,0,0,0,0,2018-12-28 18:35:12+09:00
0,0,0,0,0,0,2018-12-28 18:35:25+09:00
4,4,0,0,0,0,2019-01-11 18:19:17+09:00
2,2,0,0,0,0,2019-01-12 12:01:59+09:00
1,2,0,0,0,0,2019-01-12 12:48:04+09:00
4,4,0,0,0,0,2019-01-12 16:42:27+09:00
6,8,0,0,0,0,2019-01-18 21:13:41+09:00
0,0,0,0,0,0,2019-01-20 14:07:52+09:00
0,0,0,0,0,0,2019-01-20 18:51:02+09:00
6,5,0,0,0,0,2019-01-25 13:50:52+09:00
0,0,0,0,0,0,2019-01-25 13:59:08+09:00
4,3,0,0,0,0,2019-01-25 15:09:40+09:00
2,3,0,0,0,0,2019-01-25 16:52:27+09:00
0,0,0,0,0,0,2019-01-26 13:57:52+09:00
0,0,0,0,0,0,2019-01-26 16:12:58+09:00
