Acquisition,Preparation,Modeling,Training,Evaluation,Prediction,time
0,0,0,0,0,0,2019-12-06 14:47:26+01:00
2,1,0,0,1,0,2019-12-06 15:22:31+01:00
1,0,0,0,0,0,2019-12-06 15:41:11+01:00
2,1,0,0,0,0,2019-12-12 02:45:31+01:00
4,4,1,0,1,0,2020-03-12 15:58:56+01:00
4,11,5,2,3,0,2020-03-12 16:02:06+01:00
2,6,4,1,2,0,2020-04-27 01:35:18+02:00
1,4,3,1,2,0,2020-04-27 02:43:19+02:00
1,0,0,0,0,0,2020-04-27 15:38:10+02:00
1,1,0,0,1,0,2020-04-28 12:49:53+02:00
5,6,2,1,2,0,2020-04-28 12:50:46+02:00
2,2,1,0,0,0,2020-04-28 12:56:58+02:00
0,0,0,0,0,0,2020-04-28 14:17:57+02:00
2,6,2,2,3,0,2020-04-28 14:25:22+02:00
1,1,1,1,1,0,2020-04-28 14:26:50+02:00
0,0,0,0,0,0,2020-05-04 18:08:45+02:00
1,2,2,0,0,0,2020-05-04 18:09:53+02:00
2,4,2,2,3,0,2020-05-04 18:12:27+02:00
0,0,0,0,0,0,2020-05-05 00:29:22+02:00
0,0,1,0,0,0,2020-05-05 00:31:18+02:00
0,0,1,0,0,0,2020-05-05 00:31:43+02:00
0,0,0,0,0,0,2020-05-05 00:31:55+02:00
2,2,2,0,0,0,2020-05-05 00:32:24+02:00
0,1,1,0,0,0,2020-05-05 00:33:02+02:00
0,4,2,1,2,0,2020-05-05 00:34:11+02:00
1,2,2,2,1,0,2020-05-05 12:04:19+02:00
0,1,0,0,0,0,2020-05-05 23:43:11+02:00
1,1,0,0,0,0,2020-05-06 14:58:27+02:00
1,0,0,0,0,0,2020-05-06 15:04:05+02:00
0,0,0,0,0,0,2020-05-06 15:04:24+02:00
1,0,0,0,0,0,2020-05-07 11:50:41+02:00
0,2,2,0,0,0,2020-05-07 16:38:41+02:00
1,1,0,0,1,0,2020-05-07 16:39:08+02:00
1,0,0,0,0,0,2020-05-07 16:39:55+02:00
0,1,1,0,1,0,2020-05-07 16:40:33+02:00
0,1,1,1,1,0,2020-05-07 16:40:55+02:00
1,0,1,0,0,0,2020-05-07 16:41:58+02:00
0,1,1,0,0,0,2020-05-07 16:43:03+02:00
0,0,0,0,0,0,2020-05-07 17:01:05+02:00
0,1,1,0,0,0,2020-05-07 17:28:08+02:00
2,3,3,1,2,0,2020-05-09 20:19:36+02:00
0,0,0,0,0,0,2020-05-12 16:10:06+02:00
0,1,2,0,0,0,2020-05-21 17:24:16+02:00
2,5,2,1,4,0,2020-05-27 13:32:14+02:00
0,0,0,0,0,0,2020-05-27 13:32:25+02:00
7,7,5,0,2,0,2020-05-30 14:18:11+02:00
0,2,2,1,1,0,2020-05-30 17:13:39+02:00
0,1,1,0,1,0,2020-06-01 13:41:39+02:00
2,4,1,0,0,0,2020-06-02 09:57:29+02:00
3,4,4,1,3,0,2020-06-02 10:02:11+02:00
0,0,1,0,0,0,2020-06-02 10:02:50+02:00
0,0,0,0,0,0,2020-06-02 10:03:27+02:00
0,0,0,0,0,0,2020-06-02 10:04:33+02:00
0,4,2,1,2,0,2020-06-02 19:14:01+02:00
1,0,1,0,0,0,2020-06-03 18:16:28+02:00
0,2,1,1,1,0,2020-06-05 21:28:57+02:00
0,2,0,0,0,0,2020-06-10 14:31:44+02:00
0,2,1,1,1,0,2020-06-10 23:39:37+02:00
0,1,0,0,0,0,2020-06-10 23:40:13+02:00
0,0,1,0,0,0,2020-06-10 23:41:09+02:00
0,3,2,1,2,0,2020-06-10 23:47:30+02:00
0,1,1,1,1,0,2020-06-10 23:49:11+02:00
1,0,0,0,0,0,2020-06-13 12:49:26+02:00
0,0,0,0,0,0,2020-06-13 12:54:46+02:00
0,0,0,0,0,0,2020-06-13 12:56:06+02:00
0,0,0,0,0,0,2020-06-18 10:49:20+02:00
0,0,0,0,0,0,2020-06-18 10:49:45+02:00
1,1,1,0,0,0,2020-06-18 12:39:01+02:00
0,3,1,1,1,0,2020-06-18 12:40:33+02:00
4,1,3,0,1,0,2020-06-18 12:41:07+02:00
0,1,1,0,1,0,2020-06-18 12:41:16+02:00
2,3,1,1,1,0,2020-07-02 18:02:04+02:00
1,1,1,0,0,0,2020-07-02 18:02:41+02:00
2,1,2,0,1,0,2020-07-02 18:03:17+02:00
1,3,2,1,1,0,2020-07-02 21:20:38+02:00
0,3,1,1,1,0,2020-07-03 18:37:07+02:00
1,0,1,0,1,0,2020-07-03 18:37:21+02:00
0,1,1,1,1,0,2020-07-04 02:41:04+02:00
2,3,3,1,2,0,2020-07-15 15:06:01+02:00
1,3,2,1,1,0,2020-07-15 15:07:39+02:00
0,0,0,0,0,0,2020-07-15 15:11:27+02:00
0,1,0,0,0,0,2020-07-18 17:52:58+02:00
1,2,1,0,0,0,2020-07-19 13:15:21+02:00
1,1,0,1,0,0,2020-07-19 13:21:47+02:00
1,1,1,0,0,0,2020-07-19 18:53:50+02:00
1,1,1,0,0,0,2020-07-19 18:54:51+02:00
0,1,1,1,1,0,2020-07-25 15:20:24+02:00
0,0,0,0,0,0,2020-07-25 15:22:47+02:00
2,1,2,0,0,0,2020-07-25 15:24:06+02:00
2,1,3,0,1,0,2020-07-25 15:24:31+02:00
0,1,1,1,1,0,2020-07-25 18:32:19+02:00
0,1,1,1,1,0,2020-07-25 18:43:26+02:00
3,1,2,0,0,0,2020-07-26 15:08:39+02:00
0,3,2,0,1,0,2020-07-26 17:48:56+02:00
1,1,0,1,0,0,2020-07-26 17:59:47+02:00
0,0,1,0,0,0,2020-07-26 20:26:23+02:00
0,1,1,0,0,0,2020-07-27 14:34:21+02:00
2,7,7,1,2,0,2020-07-28 14:05:55+02:00
2,3,2,0,0,0,2020-07-28 20:53:52+02:00
1,5,2,1,1,0,2020-07-30 20:40:37+02:00
5,6,4,1,2,0,2020-07-31 16:21:26+02:00
0,0,0,0,0,0,2020-08-03 15:14:22+02:00
4,3,2,0,1,1,2020-08-04 15:13:15+02:00
4,3,3,1,3,2,2020-08-05 01:47:04+02:00
1,1,1,1,1,1,2020-08-05 11:17:10+02:00
0,0,0,0,0,0,2020-08-05 11:20:21+02:00
