Acquisition,Preparation,Modeling,Training,Evaluation,Prediction,time
0,0,0,0,0,0,2021-11-11 14:18:58+01:00
1,0,0,0,0,0,2021-11-11 14:46:40+01:00
1,1,0,0,0,0,2021-11-18 20:26:35+01:00
1,1,0,0,0,0,2021-11-19 16:49:41+01:00
0,1,0,0,0,0,2021-11-19 17:52:52+01:00
0,1,0,0,0,0,2021-11-19 19:55:59+01:00
1,1,0,0,0,0,2021-11-20 18:20:24+01:00
1,2,0,0,0,0,2021-11-27 14:26:03+01:00
1,1,0,0,0,0,2021-11-27 18:58:33+01:00
0,1,0,0,0,0,2021-11-27 19:48:05+01:00
1,1,0,0,0,0,2021-11-28 13:15:06+01:00
0,1,0,0,0,0,2021-11-28 22:53:37+01:00
1,1,0,0,0,0,2021-11-29 20:05:54+01:00
1,1,0,0,0,0,2021-11-30 16:20:43+01:00
1,2,0,0,0,0,2021-11-30 19:34:14+01:00
0,0,0,0,0,0,2021-12-01 12:00:10+01:00
0,1,1,1,1,0,2022-01-06 19:37:52+01:00
0,0,0,0,0,0,2022-01-09 15:17:45+01:00
2,2,1,1,1,0,2022-01-10 21:53:33+01:00
0,1,0,0,0,0,2022-01-11 13:11:18+01:00
2,2,1,2,1,2,2022-01-11 14:15:06+01:00
0,0,0,0,0,0,2022-01-11 14:15:24+01:00
1,2,0,1,0,2,2022-01-11 16:20:49+01:00
1,1,0,0,0,1,2022-01-11 16:36:50+01:00
1,2,0,0,0,0,2022-01-11 23:36:50+01:00
2,3,1,2,1,1,2022-01-12 19:44:37+01:00
3,4,1,2,1,2,2022-01-13 20:02:33+01:00
0,0,0,0,0,0,2022-01-13 20:04:05+01:00
1,3,1,2,1,2,2022-01-13 20:50:44+01:00
0,1,0,0,0,0,2022-01-13 23:02:55+01:00
0,1,0,1,0,0,2022-01-14 15:00:12+01:00
0,1,0,1,0,0,2022-01-14 15:03:20+01:00
0,1,0,1,0,0,2022-01-14 15:04:45+01:00
0,1,0,0,0,0,2022-01-14 15:56:31+01:00
0,0,0,0,0,0,2022-01-14 15:57:48+01:00
0,1,0,0,0,0,2022-01-14 17:02:38+01:00
0,0,0,0,0,0,2022-01-14 17:03:00+01:00
1,2,0,0,0,0,2022-01-14 18:32:29+01:00
0,0,0,0,0,0,2022-01-14 18:32:45+01:00
0,0,0,0,0,0,2022-01-14 19:18:42+01:00
2,1,0,0,0,0,2022-01-15 11:24:12+01:00
1,1,0,0,0,0,2022-01-15 11:35:43+01:00
3,2,0,0,0,0,2022-01-15 15:44:11+01:00
0,0,0,0,0,0,2022-01-15 16:23:42+01:00
0,0,0,0,0,0,2022-01-15 16:37:22+01:00
0,1,0,0,0,0,2022-01-15 18:27:48+01:00
0,0,0,0,0,0,2022-01-15 19:13:19+01:00
0,0,0,0,0,0,2022-01-15 19:31:54+01:00
0,0,0,0,0,0,2022-01-15 19:41:25+01:00
0,0,0,0,0,0,2022-01-15 19:42:13+01:00
0,0,0,0,0,0,2022-01-15 19:49:58+01:00
0,1,0,0,0,0,2022-01-19 10:31:15+01:00
