Acquisition,Preparation,Modeling,Training,Evaluation,Prediction,time
0,0,0,0,0,0,2020-10-08 17:37:00+03:00
0,0,0,0,0,0,2020-10-08 18:07:45+03:00
1,1,1,1,1,1,2020-10-08 19:08:07+03:00
0,0,0,0,0,0,2020-10-09 12:06:50+03:00
1,1,1,1,1,1,2020-10-09 12:06:52+03:00
1,1,1,1,1,1,2020-10-19 23:06:09+03:00
1,1,1,1,1,1,2021-04-25 19:13:14+03:00
0,0,0,0,0,0,2021-04-25 20:07:42+03:00
0,0,0,0,0,0,2021-04-26 16:55:38+03:00
0,0,0,0,0,0,2021-04-26 17:20:28+03:00
0,0,0,0,0,0,2021-04-26 17:21:38+03:00
0,0,0,0,0,0,2021-04-26 19:48:46+03:00
0,0,0,0,0,0,2021-04-26 19:49:04+03:00
0,0,0,0,0,0,2021-04-26 19:52:07+03:00
0,0,0,0,0,0,2021-04-26 19:59:45+03:00
0,0,0,0,0,0,2021-04-26 20:03:07+03:00
0,0,0,0,0,0,2021-04-26 20:05:20+03:00
0,0,0,0,0,0,2021-04-26 20:20:46+03:00
1,1,1,1,1,1,2021-04-26 22:45:43+03:00
1,1,1,1,1,1,2021-04-26 22:45:49+03:00
1,1,1,1,1,1,2021-04-27 10:58:02+03:00
1,1,0,1,0,1,2021-04-27 10:58:07+03:00
0,0,0,0,0,0,2021-04-27 10:58:10+03:00
0,0,0,0,0,0,2021-04-27 10:58:13+03:00
1,1,1,1,1,1,2021-04-27 10:58:17+03:00
0,0,0,0,0,0,2021-04-27 10:58:19+03:00
1,1,1,1,1,1,2021-04-27 11:30:49+03:00
1,1,0,1,0,1,2021-04-27 11:30:52+03:00
0,0,0,0,0,0,2021-04-27 11:30:56+03:00
0,0,0,0,0,0,2021-04-27 11:31:01+03:00
0,0,0,0,0,0,2021-04-27 11:31:07+03:00
0,0,0,0,0,0,2021-04-27 11:31:10+03:00
0,0,0,0,0,0,2021-04-27 11:31:13+03:00
0,0,0,0,0,0,2021-04-27 11:31:15+03:00
0,0,0,0,0,0,2021-04-27 11:31:53+03:00
0,0,0,0,0,0,2021-04-27 12:03:23+03:00
0,0,0,0,0,0,2021-04-27 16:38:50+03:00
0,0,0,0,0,0,2021-04-27 16:40:53+03:00
0,0,0,0,0,0,2021-04-27 16:42:24+03:00
0,0,0,0,0,0,2021-04-27 16:44:39+03:00
0,0,0,0,0,0,2021-04-27 16:44:42+03:00
0,0,0,0,0,0,2021-04-27 16:44:44+03:00
0,0,0,0,0,0,2021-04-27 16:44:46+03:00
0,0,0,0,0,0,2021-04-27 16:46:36+03:00
0,0,0,0,0,0,2021-04-27 16:46:55+03:00
0,0,0,0,0,0,2021-04-27 16:47:11+03:00
0,0,0,0,0,0,2021-04-27 16:47:28+03:00
1,1,1,1,1,1,2021-04-28 14:02:03+03:00
1,1,0,1,0,1,2021-04-28 14:02:05+03:00
0,0,0,0,0,0,2021-04-28 14:02:08+03:00
0,0,0,0,0,0,2021-04-28 14:02:11+03:00
1,1,1,1,1,1,2021-04-28 14:02:13+03:00
1,1,0,1,0,1,2021-04-28 14:02:15+03:00
1,1,1,1,1,1,2021-04-28 14:12:11+03:00
0,0,0,0,0,0,2021-04-28 14:12:14+03:00
1,1,0,1,0,1,2021-04-28 14:16:36+03:00
1,1,0,1,0,1,2021-04-28 14:16:39+03:00
0,0,0,0,0,0,2021-04-28 14:16:42+03:00
1,1,0,1,0,1,2021-04-28 19:44:36+03:00
0,0,0,0,0,0,2021-04-28 19:44:38+03:00
0,0,0,0,0,0,2021-04-28 19:44:42+03:00
1,1,1,1,1,1,2021-04-28 19:44:53+03:00
0,0,0,0,0,0,2021-04-28 19:44:56+03:00
0,0,0,0,0,0,2021-05-17 16:16:14+03:00
0,0,0,0,0,0,2021-05-17 17:38:46+03:00
0,0,0,0,0,0,2021-05-17 17:44:27+03:00
0,0,0,0,0,0,2021-05-17 17:48:46+03:00
0,0,0,0,0,0,2021-05-17 17:52:13+03:00
0,0,0,0,0,0,2021-05-17 17:59:25+03:00
0,0,0,0,0,0,2021-05-17 18:01:52+03:00
0,0,0,0,0,0,2021-05-18 20:35:46+03:00
1,0,0,0,0,0,2021-05-18 20:46:06+03:00
1,0,0,0,0,0,2021-05-18 21:39:00+03:00
1,0,0,0,0,0,2021-05-18 21:40:40+03:00
1,0,0,0,0,0,2021-05-18 21:50:08+03:00
1,0,0,0,0,0,2021-05-24 20:46:10+03:00
1,0,0,0,0,0,2021-05-24 20:47:17+03:00
1,0,0,0,0,0,2021-05-24 20:51:07+03:00
1,0,0,0,0,0,2021-05-24 20:52:19+03:00
1,0,0,0,0,0,2021-05-24 21:14:36+03:00
1,0,0,0,0,0,2021-05-25 09:26:36+03:00
1,0,0,0,0,0,2021-05-25 09:27:18+03:00
1,0,0,0,0,0,2021-05-25 09:28:08+03:00
1,0,0,0,0,0,2021-05-25 09:35:57+03:00
1,0,0,0,0,0,2021-05-25 09:39:05+03:00
1,0,0,0,0,0,2021-05-25 09:43:32+03:00
1,0,0,0,0,0,2021-05-25 09:44:19+03:00
1,0,0,0,0,0,2021-05-25 09:45:25+03:00
1,0,0,0,0,0,2021-05-25 09:49:26+03:00
1,0,0,0,0,0,2021-05-25 10:04:31+03:00
1,0,0,0,0,0,2021-05-25 10:34:55+03:00
1,0,0,0,0,0,2021-05-25 10:41:33+03:00
1,0,0,0,0,0,2021-05-25 10:50:10+03:00
1,0,0,0,0,0,2021-05-25 10:55:34+03:00
1,0,0,0,0,0,2021-05-25 10:56:31+03:00
1,1,0,1,0,1,2021-05-25 22:09:24+03:00
1,1,0,1,0,1,2021-05-25 22:27:12+03:00
1,1,0,1,0,1,2021-05-25 22:32:56+03:00
1,1,0,1,0,1,2021-05-25 22:44:07+03:00
1,1,0,1,0,1,2021-05-26 12:09:45+03:00
1,1,0,1,0,1,2021-05-26 12:11:37+03:00
1,1,0,1,0,1,2021-05-26 12:12:09+03:00
1,1,0,1,0,1,2021-05-26 12:15:12+03:00
1,1,0,1,0,1,2021-05-26 12:19:18+03:00
1,1,0,1,0,1,2021-05-26 12:19:36+03:00
1,1,0,1,0,1,2021-05-26 12:19:52+03:00
1,1,0,1,0,1,2021-05-26 12:27:01+03:00
1,1,0,1,0,1,2021-05-26 12:30:39+03:00
1,1,0,1,0,1,2021-05-26 12:32:11+03:00
1,1,0,1,0,1,2021-05-26 12:35:03+03:00
1,1,0,1,0,1,2021-05-26 12:35:46+03:00
1,1,0,1,0,1,2021-05-26 12:36:32+03:00
0,0,0,0,0,0,2021-05-26 12:39:36+03:00
0,0,0,0,0,0,2021-05-26 12:39:40+03:00
0,0,0,0,0,0,2021-05-26 12:39:52+03:00
0,0,0,0,0,0,2021-05-26 12:40:02+03:00
1,1,0,1,0,1,2021-05-26 23:49:02+03:00
0,0,0,0,0,0,2021-05-27 10:26:44+03:00
1,1,0,1,0,1,2021-05-27 10:52:18+03:00
0,0,0,0,0,0,2021-05-28 18:34:30+03:00
0,0,0,0,0,0,2021-05-28 18:35:25+03:00
0,0,0,0,0,0,2021-05-28 18:36:33+03:00
0,0,0,0,0,0,2021-05-28 18:37:01+03:00
0,0,0,0,0,0,2021-05-28 18:37:44+03:00
0,0,0,0,0,0,2021-05-28 18:39:23+03:00
0,0,0,0,0,0,2021-05-28 18:40:05+03:00
0,0,0,0,0,0,2021-05-28 18:44:35+03:00
0,0,0,0,0,0,2021-05-28 18:44:37+03:00
0,0,0,0,0,0,2021-06-03 16:56:15+03:00
0,0,0,0,0,0,2021-06-03 16:56:18+03:00
0,0,0,0,0,0,2021-06-03 16:56:21+03:00
0,0,0,0,0,0,2021-06-03 16:56:23+03:00
0,0,0,0,0,0,2021-06-03 16:56:26+03:00
0,0,0,0,0,0,2021-06-03 16:56:28+03:00
0,0,0,0,0,0,2021-06-03 17:01:56+03:00
0,0,0,0,0,0,2021-06-03 17:02:00+03:00
0,0,0,0,0,0,2021-06-03 17:06:13+03:00
0,0,0,0,0,0,2021-06-03 17:08:29+03:00
0,0,0,0,0,0,2021-06-03 20:54:35+03:00
0,0,0,0,0,0,2021-06-03 20:54:38+03:00
0,0,0,0,0,0,2021-06-03 20:54:42+03:00
0,0,0,0,0,0,2021-06-03 20:54:45+03:00
1,1,0,1,0,1,2021-06-03 20:54:49+03:00
0,0,0,0,0,0,2021-06-11 13:13:25+03:00
0,0,0,0,0,0,2021-06-11 13:16:57+03:00
0,0,0,0,0,0,2021-06-11 13:22:09+03:00
0,0,0,0,0,0,2021-06-12 16:32:20+03:00
0,0,0,0,0,0,2021-06-12 16:43:29+03:00
0,0,0,0,0,0,2021-06-12 16:43:32+03:00
0,0,0,0,0,0,2021-06-18 14:34:24+03:00
0,0,0,0,0,0,2021-06-18 14:34:29+03:00
0,0,0,0,0,0,2021-06-18 14:37:34+03:00
0,0,0,0,0,0,2021-06-18 14:44:26+03:00
0,0,0,0,0,0,2021-06-18 14:44:30+03:00
0,0,0,0,0,0,2021-06-18 14:44:33+03:00
0,0,0,0,0,0,2021-06-21 19:11:00+03:00
0,0,0,0,0,0,2021-06-24 18:38:53+03:00
0,0,0,0,0,0,2021-06-24 18:38:56+03:00
