Acquisition,Preparation,Modeling,Training,Evaluation,Prediction,time
0,0,0,0,0,0,2020-01-03 17:11:42-05:00
0,0,0,0,0,0,2020-01-03 21:20:03-05:00
0,0,0,0,0,0,2020-01-03 21:28:18-05:00
0,2,0,1,0,1,2020-01-03 22:04:52-05:00
0,2,0,1,0,1,2020-01-03 22:57:17-05:00
0,2,0,1,0,1,2020-01-03 22:57:56-05:00
0,4,0,1,0,1,2020-01-03 23:27:54-05:00
0,0,0,0,0,0,2020-01-03 23:40:32-05:00
0,0,0,0,0,0,2020-01-04 10:41:44-05:00
0,1,0,1,0,1,2020-01-04 10:42:45-05:00
0,0,0,0,0,0,2020-01-04 10:51:03-05:00
0,4,0,1,0,1,2020-01-04 15:01:46-05:00
0,0,0,0,0,0,2020-01-04 15:01:52-05:00
0,2,0,1,0,2,2020-01-04 17:00:52-05:00
0,1,0,0,0,0,2020-01-04 17:01:43-05:00
0,0,0,0,0,0,2020-01-04 17:02:01-05:00
0,0,0,0,0,0,2020-01-04 17:02:54-05:00
0,0,0,0,0,0,2020-01-04 17:03:48-05:00
0,0,0,0,0,0,2020-01-04 17:06:08-05:00
0,0,0,0,0,0,2020-01-04 17:08:24-05:00
0,1,0,1,0,0,2020-01-04 18:36:36-05:00
0,0,0,0,0,0,2020-01-04 18:36:55-05:00
0,0,0,0,0,0,2020-01-04 18:38:15-05:00
0,0,0,0,0,0,2020-01-04 18:39:48-05:00
1,0,0,0,0,0,2020-01-04 18:43:46-05:00
1,0,0,0,0,0,2020-01-04 18:44:28-05:00
0,0,0,0,0,0,2020-01-04 18:49:45-05:00
0,0,0,0,0,0,2020-01-04 18:54:58-05:00
0,0,0,0,0,0,2020-01-04 19:04:37-05:00
0,1,0,1,0,0,2020-01-04 20:37:00-05:00
0,1,0,0,0,0,2020-01-04 21:34:18-05:00
0,5,0,0,0,1,2020-01-05 13:14:38-05:00
0,2,0,1,0,1,2020-01-05 13:19:43-05:00
0,3,0,1,0,1,2020-01-05 20:04:56-05:00
0,2,0,1,0,1,2020-01-05 20:22:37-05:00
0,4,0,1,0,1,2020-01-05 22:28:48-05:00
0,0,0,0,0,0,2020-01-06 19:50:41-05:00
0,1,0,0,0,0,2020-01-08 19:49:25-05:00
0,8,0,2,0,2,2020-01-09 22:00:00-05:00
0,1,0,1,0,1,2020-01-09 22:01:25-05:00
0,0,0,0,0,0,2020-01-09 22:24:00-05:00
0,2,0,2,0,1,2020-01-09 22:33:13-05:00
0,0,0,0,0,0,2020-01-09 22:34:51-05:00
0,0,0,0,0,0,2020-01-09 22:37:50-05:00
0,0,0,0,0,0,2020-01-11 13:48:48-05:00
0,3,0,3,0,1,2020-01-11 15:01:40-05:00
0,0,0,0,0,0,2020-01-11 15:02:42-05:00
0,0,0,0,0,0,2020-01-12 16:02:14-05:00
0,0,0,0,0,0,2020-01-12 16:03:10-05:00
0,1,0,1,0,0,2020-01-12 16:03:50-05:00
0,0,0,1,0,0,2020-01-12 16:04:29-05:00
0,0,0,0,0,0,2020-01-12 16:05:07-05:00
0,3,0,4,0,1,2020-01-13 15:28:11-05:00
0,0,0,0,0,0,2020-01-13 15:34:40-05:00
0,0,0,0,0,0,2020-01-13 15:48:09-05:00
1,0,0,0,0,0,2020-01-13 17:05:15-05:00
1,0,0,0,0,0,2020-01-13 17:07:27-05:00
0,0,0,0,0,0,2020-01-13 17:13:23-05:00
1,0,0,0,0,0,2020-01-14 15:31:35-05:00
0,1,1,1,0,1,2020-01-14 15:31:57-05:00
0,0,1,1,0,0,2020-01-14 15:32:52-05:00
0,0,0,0,0,0,2020-01-14 15:34:09-05:00
0,1,0,1,0,1,2020-01-15 16:48:50-05:00
0,2,2,2,0,2,2020-01-15 16:55:55-05:00
0,2,0,2,0,1,2020-01-15 17:31:44-05:00
0,0,0,0,0,0,2020-01-15 17:33:02-05:00
0,2,0,2,0,1,2020-01-15 21:08:08-05:00
0,1,0,1,0,0,2020-01-16 17:11:53-05:00
0,2,0,2,0,0,2020-01-16 17:18:03-05:00
0,0,0,0,0,0,2020-01-16 17:40:08-05:00
0,1,0,0,0,0,2020-01-16 17:41:42-05:00
0,0,1,1,0,0,2020-01-18 17:47:37-05:00
0,0,0,0,0,0,2020-01-18 17:57:29-05:00
0,1,0,1,0,1,2020-01-18 17:59:21-05:00
0,0,0,0,0,0,2020-01-19 11:36:16-05:00
0,1,0,1,0,1,2020-01-19 11:41:21-05:00
0,0,0,0,0,0,2020-01-19 11:43:45-05:00
1,0,0,0,0,0,2020-01-19 11:45:28-05:00
0,0,0,0,0,0,2020-01-19 11:46:05-05:00
