Acquisition,Preparation,Modeling,Training,Evaluation,Prediction,time
0,0,0,0,0,0,2021-08-28 12:08:13-07:00
4,6,3,0,1,3,2021-08-28 12:09:47-07:00
0,0,0,0,0,0,2021-08-28 12:13:38-07:00
0,0,0,0,0,0,2021-08-28 12:19:57-07:00
0,0,0,0,0,0,2021-08-28 12:23:07-07:00
1,1,1,0,0,1,2021-08-28 22:24:15-07:00
1,1,1,0,0,1,2021-08-28 22:29:03-07:00
0,0,0,0,0,0,2021-08-28 22:31:06-07:00
0,0,0,0,0,0,2021-08-28 22:31:23-07:00
0,0,0,0,0,0,2021-08-29 00:00:03-07:00
0,0,0,0,0,0,2021-08-29 00:01:44-07:00
0,0,0,0,0,0,2021-08-29 00:05:24-07:00
0,0,0,0,0,0,2021-08-29 00:07:19-07:00
0,0,0,0,0,0,2021-08-29 00:09:06-07:00
0,0,0,0,0,0,2021-08-29 00:10:13-07:00
0,0,0,0,0,0,2021-08-29 00:11:19-07:00
0,0,0,0,0,0,2021-08-29 00:12:32-07:00
0,0,0,0,0,0,2021-08-29 00:13:40-07:00
0,0,0,0,0,0,2021-08-29 00:14:46-07:00
0,0,0,0,0,0,2021-08-29 00:16:54-07:00
0,0,0,0,0,0,2021-08-29 00:19:23-07:00
0,0,0,0,0,0,2021-08-29 00:20:48-07:00
0,0,0,0,0,0,2021-08-29 00:23:33-07:00
0,0,0,0,0,0,2021-08-29 00:26:02-07:00
0,0,0,0,0,0,2021-08-29 00:28:58-07:00
0,0,0,0,0,0,2021-08-29 00:29:57-07:00
0,0,0,0,0,0,2021-08-29 00:32:46-07:00
0,0,0,0,0,0,2021-08-29 00:34:36-07:00
0,0,0,0,0,0,2021-08-29 00:36:12-07:00
0,0,0,0,0,0,2021-08-29 00:38:00-07:00
0,0,0,0,0,0,2021-08-29 00:40:33-07:00
0,0,0,0,0,0,2021-08-29 00:41:51-07:00
0,0,0,0,0,0,2021-08-29 00:42:39-07:00
1,1,1,0,0,1,2021-08-29 03:07:57-07:00
1,1,1,0,0,1,2021-08-29 08:43:19-07:00
1,1,1,0,0,1,2021-08-30 00:19:30-07:00
1,1,1,0,0,1,2021-08-30 23:27:10-07:00
0,0,0,0,0,0,2021-08-30 23:29:45-07:00
0,0,0,0,0,0,2021-08-30 23:39:16-07:00
0,0,0,0,0,0,2021-08-30 23:39:35-07:00
0,0,0,0,0,0,2021-09-24 06:08:37-07:00
2,2,2,0,0,2,2021-09-24 10:26:55-07:00
0,0,0,0,0,0,2021-09-24 11:02:50-07:00
1,1,1,0,0,1,2021-09-24 11:05:03-07:00
0,1,0,0,1,0,2021-09-24 11:06:10-07:00
0,1,0,0,0,1,2021-09-24 11:09:18-07:00
1,1,0,0,0,0,2021-09-24 11:09:37-07:00
1,0,0,0,0,0,2021-09-24 11:10:51-07:00
0,1,1,0,0,0,2021-09-24 11:11:10-07:00
0,1,0,0,0,1,2021-09-28 10:35:31-07:00
