Acquisition,Preparation,Modeling,Training,Evaluation,Prediction,time
0,0,0,0,0,0,2021-06-04 21:43:25+01:00
0,0,0,0,0,0,2021-06-04 21:59:31+01:00
0,0,0,0,0,0,2021-06-04 22:01:16+01:00
0,0,0,0,0,0,2021-06-04 22:43:50+01:00
0,0,0,0,0,0,2021-06-10 10:03:52+01:00
0,0,0,0,0,0,2021-06-12 11:38:01+01:00
1,2,2,1,0,2,2021-06-12 14:03:05+01:00
1,1,1,1,0,1,2021-06-12 14:08:40+01:00
1,2,2,0,0,2,2021-06-19 16:25:30+01:00
1,1,1,0,0,1,2021-06-19 16:42:50+01:00
1,1,1,0,0,1,2021-06-19 16:48:40+01:00
1,0,0,0,0,0,2021-06-19 17:08:23+01:00
0,0,0,0,0,0,2021-06-19 17:13:58+01:00
2,1,1,0,0,2,2021-06-20 19:44:24+01:00
0,1,0,1,0,1,2021-06-20 21:58:16+01:00
0,0,0,0,0,0,2021-06-20 22:26:57+01:00
0,1,1,0,0,1,2021-06-20 23:14:34+01:00
0,1,1,0,0,1,2021-07-05 23:29:37+01:00
2,3,2,1,0,3,2021-07-06 00:39:58+01:00
0,0,0,0,0,0,2021-07-06 00:43:41+01:00
0,0,0,0,0,0,2021-07-06 00:47:21+01:00
0,0,0,0,0,0,2021-07-06 20:00:36+01:00
0,0,0,0,0,0,2021-07-06 21:18:18+01:00
0,2,2,1,0,2,2021-07-07 00:11:21+01:00
0,0,0,0,0,0,2021-07-07 15:52:18+01:00
0,1,1,1,0,1,2021-07-15 19:20:33+01:00
0,0,0,0,0,0,2021-07-15 19:23:03+01:00
0,0,0,0,0,0,2021-07-15 19:24:51+01:00
1,1,0,0,0,1,2021-07-15 19:26:48+01:00
0,0,0,0,0,0,2021-07-15 19:27:51+01:00
1,1,0,0,0,1,2021-07-15 19:33:35+01:00
1,1,0,0,0,1,2021-07-15 19:42:16+01:00
1,0,0,0,0,1,2021-07-15 19:46:00+01:00
1,0,0,0,0,1,2021-07-15 19:46:45+01:00
1,0,0,0,0,1,2021-07-15 19:47:42+01:00
1,0,0,0,0,1,2021-07-15 19:48:10+01:00
1,0,0,0,0,1,2021-07-15 19:50:18+01:00
0,1,1,0,0,1,2021-07-15 19:51:04+01:00
1,0,0,0,0,1,2021-07-15 19:57:28+01:00
1,0,0,0,0,1,2021-07-15 19:59:03+01:00
1,0,0,0,0,1,2021-07-15 20:02:55+01:00
1,0,0,0,0,1,2021-07-15 20:15:11+01:00
1,0,0,0,0,1,2021-07-15 20:18:13+01:00
1,0,0,0,0,1,2021-07-15 20:33:44+01:00
1,0,0,0,0,1,2021-07-15 20:34:56+01:00
0,1,0,1,0,1,2021-07-15 20:36:27+01:00
0,1,0,1,0,1,2021-07-15 20:39:07+01:00
0,1,0,1,0,1,2021-07-15 20:46:11+01:00
1,0,0,0,0,1,2021-07-15 20:48:01+01:00
1,0,0,0,0,1,2021-07-15 20:49:26+01:00
0,1,0,1,0,1,2021-07-15 21:08:32+01:00
1,1,0,0,0,1,2021-07-15 21:13:54+01:00
0,1,0,1,0,1,2021-07-15 21:14:12+01:00
0,1,1,0,0,1,2021-07-15 21:17:17+01:00
0,1,1,0,0,1,2021-07-15 21:19:03+01:00
0,1,1,0,0,1,2021-07-15 21:20:56+01:00
0,1,1,0,0,1,2021-07-15 21:27:26+01:00
0,1,1,0,0,1,2021-07-15 21:30:16+01:00
0,1,1,0,0,1,2021-07-15 21:32:36+01:00
0,1,1,0,0,1,2021-07-15 21:35:06+01:00
0,1,1,0,0,1,2021-07-15 21:36:14+01:00
0,1,1,0,0,1,2021-07-15 21:37:22+01:00
0,1,1,0,0,1,2021-07-15 21:40:57+01:00
0,1,1,0,0,1,2021-07-15 21:46:26+01:00
0,1,1,0,0,1,2021-07-15 21:47:29+01:00
0,1,1,0,0,1,2021-07-15 21:48:51+01:00
1,1,0,0,0,1,2021-07-15 21:52:43+01:00
0,1,0,1,0,1,2021-07-15 21:53:06+01:00
0,1,0,1,0,1,2021-07-15 21:56:11+01:00
0,1,0,1,0,1,2021-07-15 22:03:26+01:00
0,1,1,0,0,1,2021-07-15 22:08:58+01:00
0,0,0,0,0,0,2021-07-15 22:10:03+01:00
1,1,0,0,0,1,2021-07-15 22:12:31+01:00
1,0,0,0,0,1,2022-05-05 08:58:31+01:00
1,0,0,0,0,1,2022-05-05 09:03:06+01:00
