Acquisition,Preparation,Modeling,Training,Evaluation,Prediction,time
0,0,0,0,0,0,2020-07-07 23:11:14+05:18
0,0,0,0,0,0,2020-07-08 20:28:29+05:18
1,1,0,0,0,0,2020-07-08 20:29:16+05:18
1,1,0,0,0,0,2020-07-08 20:30:25+05:18
1,1,0,0,1,0,2020-07-08 21:56:18+05:18
1,1,0,0,1,0,2020-07-08 21:57:53+05:18
1,1,0,0,1,0,2020-07-08 22:18:28+05:18
1,1,0,0,1,0,2020-07-08 22:19:04+05:18
1,1,0,0,0,1,2020-07-09 15:27:51+05:18
1,1,1,1,1,1,2020-07-09 15:28:49+05:18
0,0,0,0,0,0,2020-07-09 15:29:54+05:18
1,1,1,1,1,1,2020-07-09 15:31:33+05:18
0,0,0,0,0,0,2020-07-09 15:41:57+05:18
0,0,0,0,0,0,2020-07-09 15:42:15+05:18
0,0,0,0,0,0,2020-07-09 15:42:24+05:18
0,0,0,0,0,0,2020-07-09 15:42:33+05:18
0,0,0,0,0,0,2020-07-09 15:44:12+05:18
0,0,0,0,0,0,2020-07-09 15:44:22+05:18
0,0,0,0,0,0,2020-07-09 15:44:36+05:18
0,0,0,0,0,0,2020-07-09 15:44:48+05:18
0,0,0,0,0,0,2020-07-09 15:46:11+05:18
0,0,0,0,0,0,2020-07-09 15:46:33+05:18
0,0,0,0,0,0,2020-07-09 15:47:32+05:18
0,0,0,0,0,0,2020-07-09 15:47:57+05:18
0,0,0,0,0,0,2020-07-09 15:55:09+05:18
0,0,0,0,0,0,2020-07-09 15:55:39+05:18
0,0,0,0,0,0,2020-07-09 17:37:06+05:18
0,0,0,0,0,0,2020-07-09 17:37:35+05:18
0,0,0,0,0,0,2020-07-09 17:38:49+05:18
1,1,1,1,1,1,2020-07-09 17:39:47+05:18
1,1,1,1,1,1,2020-07-09 17:40:16+05:18
1,1,0,0,0,1,2020-07-09 17:41:00+05:18
0,0,0,0,0,0,2020-07-09 17:48:44+05:18
0,0,0,0,0,0,2020-07-09 17:49:43+05:18
0,0,0,0,0,0,2020-07-09 18:00:17+05:18
0,0,0,0,0,0,2020-07-09 18:02:07+05:18
0,0,0,0,0,0,2020-07-09 18:04:15+05:18
0,0,0,0,0,0,2020-07-09 18:11:25+05:18
0,0,0,0,0,0,2020-07-09 18:24:10+05:18
0,0,0,0,0,0,2020-07-09 18:26:11+05:18
1,1,0,0,0,1,2021-06-01 14:34:18+05:18
0,0,0,0,0,0,2021-06-01 14:34:29+05:18
0,0,0,0,0,0,2021-06-01 14:47:18+05:18
0,0,0,0,0,0,2021-06-01 15:18:29+05:18
0,0,0,0,0,0,2021-06-01 15:22:38+05:18
1,1,0,0,0,1,2021-06-01 15:23:47+05:18
1,1,0,1,1,1,2021-06-01 15:24:44+05:18
1,1,0,0,0,1,2021-06-01 15:31:17+05:18
0,0,0,0,0,0,2021-06-01 15:35:58+05:18
0,0,0,0,0,0,2021-06-13 17:26:04+05:18
