Acquisition,Preparation,Modeling,Training,Evaluation,Prediction,time
0,0,0,0,0,0,2021-08-28 12:17:46-05:00
1,1,1,0,1,0,2021-08-28 12:33:59-05:00
0,0,0,0,0,0,2021-08-28 13:26:18-05:00
1,1,1,0,1,0,2021-08-28 15:11:33-05:00
0,0,0,0,0,0,2021-08-28 15:47:54-05:00
0,0,0,0,0,0,2021-08-28 15:52:33-05:00
0,0,0,0,0,0,2021-08-28 16:00:57-05:00
0,0,0,0,0,0,2021-08-28 16:12:54-05:00
0,0,0,0,0,0,2021-08-28 18:03:26-05:00
0,0,0,0,0,0,2021-08-28 18:12:24-05:00
0,0,0,0,0,0,2021-08-28 18:12:26-05:00
0,0,0,0,0,0,2021-08-28 18:14:48-05:00
1,1,1,0,1,0,2021-08-28 18:23:01-05:00
0,0,0,0,0,0,2021-08-28 18:23:11-05:00
0,0,0,0,0,0,2021-08-28 19:06:19-05:00
0,0,0,0,0,0,2021-08-28 19:29:46-05:00
0,0,0,0,0,0,2021-08-28 19:30:20-05:00
0,0,0,0,0,0,2021-08-28 19:44:59-05:00
0,0,0,0,0,0,2021-08-28 19:45:07-05:00
0,0,0,0,0,0,2021-08-28 19:53:39-05:00
1,1,1,0,1,0,2021-08-28 20:33:46-05:00
0,0,0,0,0,0,2021-08-28 20:55:09-05:00
0,0,0,0,0,0,2021-08-28 21:31:18-05:00
0,0,0,0,0,0,2021-08-28 21:47:26-05:00
0,0,0,0,0,0,2021-08-28 21:52:04-05:00
0,0,0,0,0,0,2021-08-28 21:52:11-05:00
0,0,0,0,0,0,2021-08-28 22:08:13-05:00
1,1,1,0,1,0,2021-08-28 22:42:34-05:00
0,0,0,0,0,0,2021-08-28 22:42:57-05:00
1,1,1,0,1,0,2021-08-28 22:45:09-05:00
1,1,1,0,1,0,2021-08-28 22:47:16-05:00
0,0,0,0,0,0,2021-08-28 22:50:15-05:00
1,1,1,0,1,0,2021-08-28 22:51:39-05:00
0,0,0,0,0,0,2021-08-28 23:06:31-05:00
0,0,0,0,0,0,2021-08-28 23:28:04-05:00
0,0,0,0,0,0,2021-08-29 00:38:22-05:00
0,0,0,0,0,0,2021-08-29 00:38:46-05:00
0,0,0,0,0,0,2021-08-29 00:40:52-05:00
1,1,1,0,1,0,2021-08-29 00:49:48-05:00
0,0,0,0,0,0,2021-08-29 00:50:25-05:00
0,0,0,0,0,0,2021-08-29 00:53:23-05:00
1,1,1,0,1,0,2021-08-29 00:54:31-05:00
1,1,1,0,1,0,2021-08-29 00:56:12-05:00
0,0,0,0,0,0,2021-08-29 00:57:33-05:00
1,1,1,0,1,0,2021-08-29 00:57:57-05:00
0,0,0,0,0,0,2021-08-29 00:58:06-05:00
1,1,1,0,1,0,2021-08-29 01:00:15-05:00
1,1,1,0,1,0,2021-08-29 01:06:40-05:00
1,1,1,0,1,0,2021-08-29 01:07:52-05:00
1,1,1,0,1,0,2021-08-29 01:15:35-05:00
1,1,1,0,1,0,2021-08-29 01:18:17-05:00
1,1,1,0,1,0,2021-08-29 01:20:39-05:00
1,1,1,0,1,0,2021-08-29 01:26:05-05:00
0,0,0,0,0,0,2021-08-29 01:30:03-05:00
0,0,0,0,0,0,2021-08-29 01:31:18-05:00
0,0,0,0,0,0,2021-08-29 01:35:43-05:00
0,0,0,0,0,0,2021-08-29 07:49:13-05:00
1,1,1,0,1,0,2021-08-29 08:12:00-05:00
0,0,0,0,0,0,2021-08-29 08:17:32-05:00
0,0,0,0,0,0,2021-08-29 09:24:27-05:00
0,0,0,0,0,0,2021-08-29 09:33:25-05:00
0,0,0,0,0,0,2021-08-29 10:03:30-05:00
0,0,0,0,0,0,2021-08-29 10:05:10-05:00
0,0,0,0,0,0,2021-08-29 11:03:58-05:00
0,0,0,0,0,0,2021-08-29 11:07:36-05:00
0,0,0,0,0,0,2021-08-29 11:08:12-05:00
0,0,0,0,0,0,2021-08-29 11:09:02-05:00
0,0,0,0,0,0,2021-08-29 11:27:09-05:00
0,0,0,0,0,0,2021-08-29 11:30:55-05:00
0,0,0,0,0,0,2021-08-29 11:38:58-05:00
0,0,0,0,0,0,2021-08-29 11:44:47-05:00
0,0,0,0,0,0,2021-08-29 11:57:21-05:00
