Acquisition,Preparation,Modeling,Training,Evaluation,Prediction,time
0,0,0,0,0,0,2016-06-14 14:17:59+02:00
0,0,0,0,0,0,2016-06-14 14:22:22+02:00
0,0,0,0,0,0,2016-06-14 14:29:33+02:00
1,1,1,0,0,0,2016-06-14 14:44:16+02:00
0,0,0,0,0,0,2016-06-14 15:07:31+02:00
1,0,0,0,0,0,2016-06-14 15:48:02+02:00
0,0,0,0,0,0,2016-06-14 15:49:08+02:00
0,0,0,0,0,0,2016-06-14 15:55:44+02:00
0,0,0,0,0,0,2016-06-14 16:13:58+02:00
0,0,0,0,0,0,2016-06-14 17:08:25+02:00
0,0,0,0,0,0,2016-06-14 17:11:34+02:00
1,0,0,0,0,0,2016-06-14 17:18:47+02:00
0,0,0,0,0,0,2016-06-14 17:23:51+02:00
0,0,1,0,0,0,2016-06-14 17:52:26+02:00
0,0,0,0,0,0,2016-06-14 18:56:57+02:00
0,0,0,0,0,0,2016-06-14 20:09:19+02:00
0,0,0,0,0,0,2016-06-14 22:12:57+02:00
1,0,0,0,0,0,2016-06-15 10:15:23+02:00
1,0,0,0,0,0,2016-06-15 11:06:51+02:00
1,0,0,0,0,0,2016-06-15 11:16:38+02:00
0,0,0,0,0,0,2016-06-15 11:17:14+02:00
0,0,0,0,0,0,2016-06-15 11:23:06+02:00
0,0,0,0,0,0,2016-06-15 11:27:27+02:00
1,0,0,0,0,0,2016-06-15 11:28:49+02:00
0,0,0,0,0,0,2016-06-15 11:33:50+02:00
0,0,0,0,0,0,2016-06-15 11:34:06+02:00
0,0,1,0,0,0,2016-06-15 11:38:05+02:00
1,0,0,0,0,0,2016-06-15 11:39:18+02:00
0,0,0,0,0,0,2016-06-15 11:39:54+02:00
0,0,0,0,0,0,2016-06-15 11:41:25+02:00
1,0,0,0,0,0,2016-06-15 11:46:59+02:00
0,0,0,0,0,0,2016-06-15 11:54:05+02:00
1,0,0,0,0,0,2016-06-15 12:01:44+02:00
0,1,0,0,0,0,2016-06-15 12:14:32+02:00
1,0,0,0,0,0,2016-06-15 12:22:31+02:00
0,0,0,0,0,0,2016-06-15 12:22:45+02:00
0,0,0,0,0,0,2016-06-15 15:47:58+02:00
0,0,0,0,0,0,2016-06-15 15:48:13+02:00
1,0,0,0,0,0,2016-06-16 08:08:04+02:00
0,0,0,0,0,0,2016-06-16 08:08:31+02:00
1,0,0,0,0,0,2016-06-16 10:53:41+02:00
1,0,0,0,0,0,2016-06-16 11:10:15+02:00
0,0,0,0,0,0,2016-06-16 11:10:47+02:00
1,0,0,0,0,0,2016-06-16 11:16:53+02:00
0,0,0,0,0,0,2016-06-16 11:17:02+02:00
1,0,0,0,0,0,2016-06-16 11:24:20+02:00
1,0,0,0,0,0,2016-06-16 11:27:53+02:00
0,0,0,0,0,0,2016-06-16 11:27:59+02:00
1,0,0,0,0,0,2016-06-16 12:16:33+02:00
1,0,0,0,0,0,2016-06-16 12:25:10+02:00
0,0,0,0,0,0,2016-06-16 12:26:03+02:00
1,0,0,0,0,0,2016-06-16 12:49:42+02:00
1,0,0,0,0,0,2016-06-16 14:53:50+02:00
0,0,0,0,0,0,2016-06-16 14:54:23+02:00
0,0,0,0,0,0,2016-06-16 14:57:14+02:00
1,1,0,1,0,0,2016-06-16 16:27:11+02:00
0,0,0,0,0,0,2016-06-16 17:29:44+02:00
0,0,0,0,0,0,2016-06-16 17:30:09+02:00
1,0,0,0,0,0,2016-06-21 21:05:03+02:00
1,0,0,0,0,0,2016-06-22 15:12:50+02:00
1,0,0,0,0,0,2016-06-22 15:27:41+02:00
2,1,0,1,0,0,2016-06-23 17:30:45+02:00
1,0,0,0,0,0,2016-06-23 20:01:57+02:00
0,0,0,0,0,0,2016-06-23 20:28:04+02:00
0,0,0,0,0,0,2016-06-23 20:32:21+02:00
0,0,0,0,0,0,2016-06-23 20:32:53+02:00
1,0,0,0,0,0,2016-06-23 20:33:35+02:00
0,0,0,0,0,0,2016-06-24 15:59:03+02:00
0,0,0,0,0,0,2016-06-24 16:34:28+02:00
1,1,0,0,0,0,2016-06-24 17:28:59+02:00
1,1,1,0,0,0,2016-06-28 17:03:35+02:00
2,1,2,0,0,0,2016-06-28 17:32:47+02:00
8,4,3,1,0,0,2016-09-18 18:16:44+02:00
14,14,2,3,0,1,2016-10-27 16:51:11+02:00
6,6,1,0,1,0,2016-10-27 16:51:58+02:00
7,9,1,1,0,1,2016-12-02 15:06:31+01:00
2,2,1,1,0,0,2016-12-02 15:09:23+01:00
1,2,1,1,0,1,2016-12-08 08:47:00+01:00
0,0,0,0,0,0,2016-12-08 11:58:23+01:00
0,0,0,0,0,0,2016-12-08 12:03:13+01:00
1,1,0,1,0,0,2016-12-08 13:18:44+01:00
2,2,2,1,0,0,2016-12-08 13:20:14+01:00
1,1,1,0,0,0,2016-12-08 13:22:22+01:00
1,1,0,1,0,0,2016-12-08 13:23:31+01:00
1,1,0,0,0,0,2016-12-08 13:26:55+01:00
0,0,0,0,0,0,2016-12-08 13:27:30+01:00
0,0,0,0,0,0,2016-12-08 13:47:45+01:00
1,1,0,0,0,0,2016-12-08 13:50:48+01:00
1,0,0,0,0,0,2016-12-08 13:52:43+01:00
0,0,0,0,0,0,2016-12-08 14:30:05+01:00
0,0,0,0,0,0,2016-12-08 14:30:19+01:00
1,0,0,0,0,0,2016-12-08 14:36:09+01:00
1,1,1,1,0,0,2016-12-09 10:05:46+01:00
1,1,0,0,0,0,2016-12-09 13:14:43+01:00
3,2,0,0,0,0,2016-12-09 23:19:09+11:00
0,0,0,0,0,0,2016-12-09 23:19:17+11:00
1,1,0,0,0,0,2016-12-09 13:20:17+01:00
0,0,0,0,0,0,2016-12-09 23:20:26+11:00
0,0,0,0,0,0,2016-12-09 13:51:42+01:00
0,0,0,0,0,0,2016-12-09 23:52:05+11:00
0,0,0,0,0,0,2016-12-09 13:55:42+01:00
0,0,0,0,0,0,2016-12-09 23:55:51+11:00
0,0,0,0,0,0,2016-12-09 13:56:55+01:00
0,0,0,0,0,0,2016-12-09 23:57:05+11:00
1,1,0,0,0,0,2016-12-09 14:00:20+01:00
0,0,0,0,0,0,2016-12-10 00:00:29+11:00
0,0,0,0,0,0,2016-12-09 14:05:09+01:00
0,0,0,0,0,0,2016-12-10 00:05:19+11:00
1,1,0,0,0,0,2016-12-09 14:11:04+01:00
0,0,0,0,0,0,2016-12-10 00:11:23+11:00
1,1,0,0,0,0,2016-12-09 15:25:11+01:00
2,3,1,1,0,1,2016-12-10 01:25:26+11:00
0,0,0,0,0,0,2016-12-10 01:25:31+11:00
1,1,0,0,0,0,2016-12-09 15:26:29+01:00
0,0,0,0,0,0,2016-12-10 01:26:41+11:00
0,0,0,0,0,0,2016-12-09 15:41:41+01:00
0,0,0,0,0,0,2016-12-10 01:41:50+11:00
0,0,0,0,0,0,2016-12-09 15:43:15+01:00
0,0,0,0,0,0,2016-12-10 01:43:27+11:00
0,0,0,0,0,0,2016-12-09 15:43:54+01:00
0,0,0,0,0,0,2016-12-10 01:44:03+11:00
1,1,0,0,0,0,2016-12-09 15:52:53+01:00
0,0,0,0,0,0,2016-12-10 01:53:05+11:00
1,2,1,1,0,1,2016-12-12 09:21:30+01:00
0,0,0,0,0,0,2016-12-12 19:21:56+11:00
1,2,1,1,0,1,2016-12-12 09:36:24+01:00
0,0,0,0,0,0,2016-12-12 19:36:40+11:00
1,2,1,1,0,1,2016-12-12 10:02:49+01:00
2,3,1,1,0,1,2016-12-12 20:03:18+11:00
0,0,0,0,0,0,2016-12-12 20:04:28+11:00
1,1,0,0,0,0,2016-12-12 10:06:17+01:00
0,0,0,0,0,0,2016-12-12 20:06:31+11:00
1,1,0,0,0,0,2016-12-12 10:14:41+01:00
2,2,0,0,0,0,2016-12-12 20:14:59+11:00
0,0,0,0,0,0,2016-12-12 20:15:11+11:00
1,1,0,0,0,0,2016-12-12 10:18:30+01:00
0,0,0,0,0,0,2016-12-12 20:18:40+11:00
1,1,0,0,0,0,2016-12-12 10:26:33+01:00
1,1,0,0,0,0,2016-12-12 20:26:45+11:00
0,0,0,0,0,0,2016-12-12 20:26:53+11:00
1,1,0,0,0,0,2016-12-12 10:28:35+01:00
0,0,0,0,0,0,2016-12-12 11:00:01+01:00
0,0,0,0,0,0,2016-12-12 21:00:24+11:00
0,0,0,0,0,0,2016-12-13 09:24:17+01:00
0,0,0,0,0,0,2016-12-13 19:27:24+11:00
1,1,0,0,0,0,2016-12-13 10:36:07+01:00
0,0,0,0,0,0,2016-12-13 10:36:19+01:00
0,0,0,0,0,0,2016-12-13 20:36:33+11:00
2,2,0,0,0,0,2016-12-13 21:31:22+11:00
1,1,0,0,0,0,2016-12-13 15:07:03+01:00
0,0,0,0,0,0,2016-12-13 15:23:42+01:00
0,0,0,0,0,0,2016-12-13 15:23:47+01:00
1,1,0,1,0,0,2016-12-13 15:34:15+01:00
0,0,0,0,0,0,2016-12-13 15:34:23+01:00
2,2,0,0,0,0,2016-12-23 14:23:57+01:00
0,0,0,0,0,0,2016-12-23 14:24:27+01:00
1,1,0,0,0,0,2016-12-24 01:39:01+11:00
0,0,0,0,0,0,2016-12-24 01:39:12+11:00
1,1,0,0,0,0,2016-12-23 15:39:38+01:00
0,0,0,0,0,0,2016-12-23 15:40:15+01:00
1,1,0,0,0,0,2017-01-05 10:36:12+01:00
0,0,0,0,0,0,2017-01-05 10:41:07+01:00
1,1,0,0,0,0,2017-01-05 11:35:17+01:00
2,2,0,0,0,0,2017-01-05 15:41:16+01:00
1,1,0,0,0,0,2017-01-05 15:52:03+01:00
1,1,0,0,0,0,2017-01-05 16:01:18+01:00
1,1,0,0,0,0,2017-01-05 16:09:18+01:00
0,1,0,0,0,0,2017-01-05 16:10:00+01:00
2,2,0,0,0,0,2017-01-06 09:24:06+01:00
1,1,0,0,0,0,2017-01-06 09:24:26+01:00
1,1,0,0,0,0,2017-01-06 09:37:55+01:00
0,0,0,0,0,0,2017-01-06 09:38:12+01:00
0,0,0,0,0,0,2017-01-06 09:38:17+01:00
1,1,0,0,0,0,2017-01-06 09:50:43+01:00
0,0,0,0,0,0,2017-01-06 09:51:06+01:00
2,2,0,0,0,0,2017-01-06 10:34:49+01:00
0,0,0,0,0,0,2017-01-06 10:37:40+01:00
2,2,0,0,0,0,2017-01-06 12:13:55+01:00
1,1,0,0,0,0,2017-01-06 13:19:45+01:00
2,2,0,0,0,0,2017-01-06 13:36:47+01:00
1,1,0,0,0,0,2017-01-06 13:37:27+01:00
0,0,0,0,0,0,2017-01-06 13:38:00+01:00
2,2,0,0,0,0,2017-01-06 14:20:35+01:00
2,2,0,0,0,0,2017-01-06 14:24:21+01:00
2,2,0,0,0,0,2017-01-06 14:41:33+01:00
11,10,0,1,0,0,2017-01-09 11:13:26+01:00
0,0,0,0,0,0,2017-01-09 11:14:33+01:00
1,1,0,0,0,0,2017-01-09 11:16:09+01:00
7,7,0,0,0,0,2017-01-09 11:17:18+01:00
1,1,1,1,0,0,2017-01-09 11:19:58+01:00
4,9,2,2,0,1,2017-01-09 11:20:44+01:00
1,0,0,0,0,0,2017-01-09 11:24:20+01:00
1,0,0,0,0,0,2017-01-09 11:26:09+01:00
4,3,0,0,0,0,2017-01-09 11:26:41+01:00
4,2,0,0,0,0,2017-01-09 11:27:29+01:00
2,3,1,0,1,0,2017-01-09 11:28:28+01:00
0,0,0,0,0,0,2017-01-09 11:35:09+01:00
0,0,0,0,0,0,2017-01-09 11:35:14+01:00
1,0,0,0,0,0,2017-01-09 11:46:11+01:00
0,0,0,0,0,0,2017-01-09 11:54:46+01:00
1,0,0,0,0,0,2017-01-09 12:05:12+01:00
1,0,0,0,0,0,2017-01-09 12:06:44+01:00
0,0,0,0,0,0,2017-01-09 12:09:09+01:00
0,0,0,0,0,0,2017-01-10 11:50:12+01:00
1,1,0,0,0,0,2017-01-10 16:01:41+01:00
4,5,1,1,0,1,2017-01-10 16:04:29+01:00
0,0,0,0,0,0,2017-01-10 16:07:15+01:00
0,0,0,0,0,0,2017-01-10 16:10:54+01:00
0,0,0,0,0,0,2017-01-10 18:08:50+01:00
1,0,0,0,0,0,2017-01-10 18:09:38+01:00
5,5,0,0,0,0,2017-01-10 19:03:14+01:00
0,0,0,0,0,0,2017-01-10 19:04:07+01:00
1,1,0,0,0,0,2017-01-10 19:04:58+01:00
0,0,0,0,0,0,2017-01-10 19:05:08+01:00
3,4,0,0,0,0,2017-01-11 10:03:47+01:00
4,3,0,0,0,0,2017-01-12 09:54:50+01:00
4,5,0,0,0,0,2017-01-12 15:32:30+01:00
3,4,0,0,0,0,2017-01-12 16:09:25+01:00
1,1,0,0,0,0,2017-01-12 16:21:20+01:00
1,1,0,0,0,0,2017-01-12 16:51:20+01:00
0,0,0,0,0,0,2017-01-12 18:16:43+01:00
5,5,0,0,0,0,2017-01-12 21:01:12+01:00
1,1,0,0,0,0,2017-01-12 21:11:36+01:00
1,1,0,0,0,0,2017-01-12 21:14:22+01:00
5,5,0,0,0,0,2017-01-12 21:47:33+01:00
2,3,0,0,0,0,2017-01-12 21:57:50+01:00
4,5,0,0,0,0,2017-01-13 09:23:28+01:00
1,1,0,0,0,0,2017-01-13 09:55:59+01:00
1,1,0,0,0,0,2017-01-13 10:00:03+01:00
1,2,1,1,0,1,2017-01-13 10:17:13+01:00
3,3,0,0,0,0,2017-01-13 18:25:46+01:00
4,4,0,0,0,0,2017-01-14 14:09:42+01:00
2,2,0,0,0,0,2017-01-15 18:44:02+01:00
2,2,0,0,0,0,2017-01-16 08:57:06+01:00
1,1,0,0,0,0,2017-01-16 09:01:00+01:00
1,1,0,0,0,0,2017-01-16 09:35:40+01:00
1,1,0,0,0,0,2017-01-20 09:52:01+01:00
2,2,0,0,0,0,2017-01-20 09:52:41+01:00
0,0,0,0,0,0,2017-01-20 09:53:08+01:00
1,1,0,0,0,0,2017-01-20 15:53:52+01:00
1,1,0,0,0,0,2017-01-20 15:54:31+01:00
0,0,0,0,0,0,2017-01-20 15:54:35+01:00
0,1,1,1,0,1,2017-01-20 16:08:49+01:00
2,2,0,0,0,0,2017-01-24 15:54:33+01:00
1,1,0,0,0,0,2017-01-24 16:00:07+01:00
1,2,1,1,0,1,2017-01-24 16:50:56+01:00
1,2,1,1,0,1,2017-02-07 11:39:21+01:00
0,0,0,0,0,0,2017-02-07 11:39:39+01:00
3,4,1,1,0,1,2017-02-07 14:34:27+01:00
3,3,0,0,1,0,2017-02-15 21:43:05+01:00
4,6,0,0,0,0,2017-02-18 12:25:54+01:00
0,1,0,0,0,0,2017-02-18 12:26:45+01:00
0,0,0,0,0,0,2017-02-18 12:27:25+01:00
1,1,0,0,0,0,2017-02-18 13:17:57+01:00
1,1,0,0,0,0,2017-02-18 13:22:33+01:00
1,1,0,0,0,0,2017-02-18 14:09:53+01:00
2,2,0,0,0,0,2017-02-18 14:25:02+01:00
3,3,0,0,0,0,2017-02-18 21:26:19+01:00
1,2,0,0,0,0,2017-02-19 21:28:35+01:00
1,2,1,1,0,1,2017-02-19 21:29:54+01:00
0,0,0,0,0,0,2017-02-19 21:30:00+01:00
1,2,1,1,0,1,2017-03-14 14:08:38+01:00
0,0,0,0,0,0,2017-03-14 14:09:27+01:00
3,4,1,1,0,1,2017-03-16 14:06:25+01:00
2,4,0,0,0,0,2017-03-23 13:27:25+01:00
0,0,0,0,0,0,2017-03-23 13:28:08+01:00
2,3,0,0,0,0,2017-03-23 15:32:02+01:00
2,2,0,0,0,0,2017-03-23 16:21:24+01:00
3,3,0,0,0,0,2017-03-23 20:56:03+01:00
1,2,0,0,0,0,2017-03-23 21:12:12+01:00
0,0,0,0,0,0,2017-03-23 23:22:22+01:00
3,4,1,1,0,1,2017-03-30 07:16:33+02:00
0,0,0,0,0,0,2017-03-30 07:17:06+02:00
1,2,0,0,0,0,2017-03-31 12:20:11+02:00
1,1,0,0,0,0,2017-04-02 23:08:17+02:00
0,0,0,0,0,0,2017-04-02 23:15:47+02:00
1,1,0,0,0,0,2017-04-02 23:16:04+02:00
0,0,0,0,0,0,2017-04-02 23:17:04+02:00
1,1,0,0,0,0,2017-04-02 23:34:56+02:00
0,0,0,0,0,0,2017-04-02 23:35:21+02:00
0,0,0,0,0,0,2017-04-02 23:40:42+02:00
0,0,0,0,0,0,2017-04-02 23:44:09+02:00
0,0,0,0,0,0,2017-04-03 10:51:29+02:00
1,1,0,0,0,0,2017-04-03 10:56:56+02:00
1,1,0,0,0,0,2017-04-03 11:05:09+02:00
1,1,0,0,0,0,2017-04-03 11:09:11+02:00
1,1,0,0,0,0,2017-04-03 11:10:04+02:00
0,0,0,0,0,0,2017-04-10 08:37:36+02:00
1,1,0,0,0,0,2017-04-10 08:43:59+02:00
1,1,0,1,0,0,2017-04-10 09:54:55+02:00
3,4,0,1,0,1,2017-04-17 13:30:00+02:00
1,1,0,0,0,0,2017-04-17 13:40:09+02:00
1,1,0,0,0,0,2017-04-17 13:47:09+02:00
2,3,0,1,0,1,2017-04-21 14:31:28+02:00
1,1,0,0,0,0,2017-04-21 14:32:26+02:00
0,0,0,0,0,0,2017-04-21 14:38:58+02:00
0,1,0,0,0,0,2017-04-21 14:40:49+02:00
1,2,0,0,0,0,2017-04-21 15:18:12+02:00
1,1,0,0,0,0,2017-04-21 15:33:15+02:00
0,1,0,0,0,0,2017-04-25 10:08:36+02:00
3,3,0,1,0,0,2017-04-25 10:47:35+02:00
0,0,0,0,0,0,2017-04-25 14:05:58+02:00
1,1,0,1,0,0,2017-04-25 14:06:17+02:00
0,0,0,0,0,0,2017-04-25 14:06:28+02:00
2,2,0,1,0,0,2017-05-02 09:50:53+02:00
0,2,1,1,0,2,2017-05-02 15:01:06+02:00
1,2,0,0,0,0,2017-05-02 19:14:16+02:00
2,4,1,2,0,2,2017-05-02 19:14:36+02:00
0,0,0,0,0,0,2017-05-02 19:14:44+02:00
2,5,0,1,0,1,2017-05-09 06:57:44+02:00
2,2,0,0,0,0,2017-05-09 08:51:08+02:00
2,2,0,0,0,0,2017-05-09 14:24:44+02:00
1,1,0,0,0,0,2017-05-09 14:53:14+02:00
1,1,0,0,0,0,2017-05-09 21:58:35+02:00
2,2,0,0,0,0,2017-05-10 09:31:36+02:00
1,2,1,2,0,1,2017-05-10 09:55:18+02:00
0,1,1,1,0,1,2017-05-10 09:57:38+02:00
3,4,0,0,0,0,2017-05-16 12:12:15+02:00
2,3,1,2,0,1,2017-05-16 12:12:44+02:00
0,0,0,0,0,0,2017-05-16 12:12:53+02:00
4,5,0,0,0,0,2017-05-18 10:17:02+02:00
0,0,0,0,0,0,2017-05-18 10:43:53+02:00
1,2,0,0,0,0,2017-06-01 11:40:15+02:00
5,5,0,0,0,0,2017-06-01 11:40:51+02:00
0,0,0,0,0,0,2017-06-01 11:41:07+02:00
4,5,0,1,0,0,2017-06-06 11:16:48+02:00
1,1,0,1,0,0,2017-06-06 11:40:05+02:00
1,1,0,0,0,0,2017-06-06 13:00:57+02:00
0,0,0,0,0,0,2017-06-06 13:01:53+02:00
0,0,0,0,0,0,2017-06-06 13:02:21+02:00
2,2,0,1,0,0,2017-06-26 09:15:30+02:00
3,3,1,2,0,0,2017-06-27 09:41:08+02:00
1,1,0,0,0,0,2017-06-27 09:57:26+02:00
1,1,0,0,0,0,2017-06-27 10:02:31+02:00
3,2,1,2,0,0,2017-06-27 15:14:51+02:00
6,5,0,2,0,0,2017-09-07 09:35:40+02:00
1,1,0,1,0,0,2017-09-07 09:42:45+02:00
1,1,0,0,0,0,2017-09-07 09:56:53+02:00
7,9,1,2,0,1,2017-10-26 11:59:38+02:00
4,6,1,2,0,1,2017-12-13 11:18:02+01:00
4,5,1,2,0,1,2018-01-05 16:45:50+01:00
2,3,1,2,0,1,2018-03-28 11:05:20+02:00
6,5,0,1,0,0,2018-03-28 11:06:29+02:00
0,0,0,0,0,0,2018-03-28 11:06:36+02:00
4,5,1,3,0,1,2018-03-29 13:30:55+02:00
4,7,1,2,0,1,2018-04-03 12:17:42+02:00
0,0,0,0,0,0,2018-04-11 15:01:57+02:00
4,7,1,3,0,1,2018-04-11 18:08:08+02:00
1,1,0,0,0,0,2018-04-11 18:09:58+02:00
2,3,0,0,0,0,2018-04-12 10:00:04+02:00
0,1,1,1,0,1,2018-04-16 11:26:38+02:00
6,6,1,0,1,0,2018-04-20 13:20:42+02:00
0,0,0,0,0,0,2018-04-20 13:22:48+02:00
22,23,0,3,0,1,2018-04-20 13:50:16+02:00
1,1,0,0,0,0,2018-04-20 14:13:51+02:00
2,1,0,0,0,0,2018-04-20 14:19:38+02:00
1,1,0,0,0,0,2018-04-20 14:21:40+02:00
1,1,0,0,0,0,2018-04-20 14:39:22+02:00
1,1,0,0,0,0,2018-04-20 14:39:41+02:00
0,0,0,0,0,0,2018-04-20 14:40:02+02:00
1,1,0,0,0,0,2018-04-20 14:57:08+02:00
0,0,0,0,0,0,2018-04-20 14:59:12+02:00
4,3,0,1,0,0,2018-04-23 09:12:33+02:00
0,0,0,0,0,0,2018-04-23 09:12:57+02:00
1,1,0,0,0,0,2018-04-23 09:32:52+02:00
1,1,0,0,0,0,2018-04-23 09:59:07+02:00
2,3,0,1,0,0,2018-04-23 11:32:40+02:00
1,2,0,0,0,0,2018-04-23 11:57:14+02:00
1,1,0,0,0,0,2018-04-23 12:06:11+02:00
0,0,0,0,0,0,2018-04-23 12:06:25+02:00
0,1,0,0,0,0,2018-04-23 12:09:29+02:00
1,2,0,0,0,0,2018-04-23 13:52:34+02:00
1,2,0,0,0,0,2018-04-23 14:07:46+02:00
1,1,0,0,0,0,2018-04-23 14:25:42+02:00
1,1,0,0,0,0,2018-04-23 14:34:50+02:00
0,1,0,0,0,0,2018-04-23 15:10:11+02:00
1,2,1,1,0,1,2018-04-24 09:15:46+02:00
0,0,0,0,0,0,2018-04-24 09:16:16+02:00
1,2,0,0,0,0,2018-04-24 11:43:48+02:00
1,1,0,0,0,0,2018-04-24 11:52:54+02:00
1,1,0,0,0,0,2018-04-24 12:09:09+02:00
1,1,0,0,0,0,2018-04-24 12:19:20+02:00
1,1,0,0,0,0,2018-04-24 12:19:41+02:00
1,1,0,0,0,0,2018-04-24 20:03:17+02:00
0,0,0,0,0,0,2018-04-24 20:04:34+02:00
0,0,0,0,0,0,2018-04-24 20:04:44+02:00
1,1,0,0,0,0,2018-04-24 20:20:29+02:00
1,1,0,0,0,0,2018-04-25 08:25:53+02:00
1,1,0,0,0,0,2018-04-25 08:26:24+02:00
1,1,0,0,0,0,2018-04-25 09:04:34+02:00
0,0,0,0,0,0,2018-04-25 09:04:57+02:00
0,0,0,0,0,0,2018-04-25 09:09:35+02:00
1,1,0,0,0,0,2018-04-25 11:21:42+02:00
0,1,0,0,0,0,2018-04-25 16:39:47+02:00
2,2,0,0,0,0,2018-04-26 09:01:05+02:00
3,3,0,1,0,0,2018-04-30 12:42:22+02:00
2,2,0,0,0,0,2018-04-30 13:13:56+02:00
1,1,0,0,0,0,2018-04-30 14:44:24+02:00
3,4,1,2,0,1,2018-05-01 08:40:13+02:00
0,1,0,1,0,0,2018-05-01 14:49:17+02:00
2,3,1,1,0,1,2018-05-01 16:35:34+02:00
0,0,0,0,0,0,2018-05-03 11:58:32+02:00
0,1,0,0,0,0,2018-05-03 14:13:44+02:00
0,0,0,0,0,0,2018-05-03 14:14:30+02:00
0,0,0,0,0,0,2018-05-03 14:19:30+02:00
1,2,0,0,0,0,2018-05-03 15:40:53+02:00
1,1,0,0,0,0,2018-05-08 14:33:55+02:00
1,1,0,0,0,0,2018-05-08 14:35:14+02:00
1,1,0,0,0,0,2018-05-08 14:45:50+02:00
2,2,0,0,0,0,2018-05-08 14:46:04+02:00
0,0,0,0,0,0,2018-05-08 14:46:16+02:00
1,1,0,0,0,0,2018-05-08 15:11:34+02:00
1,1,0,0,0,0,2018-05-08 15:31:56+02:00
13,16,2,2,0,1,2018-05-09 10:35:18+02:00
1,2,0,0,0,0,2018-05-09 12:00:57+02:00
3,4,1,1,0,1,2018-05-15 12:03:54+02:00
1,2,0,1,0,0,2018-05-15 12:04:52+02:00
0,0,0,0,0,0,2018-05-15 12:04:59+02:00
2,2,0,0,0,0,2018-05-17 10:43:05+02:00
0,0,0,0,0,0,2018-05-17 10:44:11+02:00
1,2,1,1,0,1,2018-05-17 14:00:52+02:00
1,1,0,0,0,0,2018-05-17 14:34:49+02:00
2,2,0,0,0,0,2018-05-17 15:47:13+02:00
1,1,0,0,0,0,2018-05-18 10:06:37+02:00
1,1,0,0,0,0,2018-05-18 10:14:24+02:00
1,1,0,0,0,0,2018-05-18 10:14:50+02:00
0,0,0,0,0,0,2018-05-18 10:15:16+02:00
1,1,0,0,0,0,2018-05-18 10:58:41+02:00
1,1,0,0,0,0,2018-05-18 14:09:38+02:00
1,1,0,0,0,0,2018-05-18 14:24:15+02:00
1,1,0,0,0,0,2018-05-24 08:19:12+02:00
3,3,0,0,0,0,2018-05-24 16:12:01+02:00
1,1,0,0,0,0,2018-05-24 16:17:59+02:00
3,4,0,0,0,0,2018-05-24 16:36:52+02:00
1,2,0,0,0,0,2018-05-24 17:18:28+02:00
1,1,0,0,0,0,2018-05-24 17:32:36+02:00
0,1,0,0,0,0,2018-05-24 17:33:46+02:00
1,1,0,0,0,0,2018-05-24 20:24:28+02:00
1,2,0,0,0,0,2018-05-24 20:24:54+02:00
0,0,0,0,0,0,2018-05-24 20:25:09+02:00
0,1,0,0,0,0,2018-05-24 20:36:12+02:00
2,2,0,0,0,0,2018-05-24 21:48:27+02:00
1,1,0,0,0,0,2018-05-24 22:10:54+02:00
2,2,0,0,0,0,2018-05-24 22:32:36+02:00
2,3,0,0,0,0,2018-05-24 22:33:05+02:00
0,0,0,0,0,0,2018-05-24 22:33:17+02:00
1,1,0,0,0,0,2018-05-24 22:35:13+02:00
0,0,0,0,0,0,2018-05-24 22:35:40+02:00
2,3,0,0,0,0,2018-05-24 22:47:29+02:00
1,1,0,0,0,0,2018-05-24 22:47:51+02:00
0,0,0,0,0,0,2018-05-24 22:48:10+02:00
1,2,0,0,0,0,2018-05-25 08:27:33+02:00
2,2,0,0,0,0,2018-05-25 08:35:13+02:00
2,2,0,0,0,0,2018-05-25 09:57:56+02:00
2,2,0,0,0,0,2018-05-25 09:59:50+02:00
1,1,0,0,0,0,2018-05-25 11:26:19+02:00
2,3,1,1,0,0,2018-05-25 11:52:51+02:00
1,2,1,1,0,0,2018-05-25 12:10:15+02:00
2,2,0,0,0,0,2018-05-25 12:17:42+02:00
2,2,0,0,0,0,2018-05-25 12:31:45+02:00
1,1,0,0,0,0,2018-05-25 12:34:03+02:00
1,1,0,0,0,0,2018-05-25 12:38:28+02:00
0,1,0,0,0,0,2018-05-25 12:47:30+02:00
1,1,0,0,0,0,2018-05-25 12:51:57+02:00
2,2,0,0,0,0,2018-05-25 13:16:11+02:00
3,3,0,0,0,0,2018-05-25 13:36:43+02:00
0,0,0,0,0,0,2018-05-28 10:38:28+02:00
0,0,0,0,0,0,2018-05-28 10:41:56+02:00
0,0,0,0,0,0,2018-05-28 10:42:17+02:00
0,0,0,0,0,0,2018-05-28 10:45:42+02:00
0,0,0,0,0,0,2018-05-28 10:46:08+02:00
0,0,0,0,0,0,2018-05-28 10:48:06+02:00
0,0,0,0,0,0,2018-05-28 10:48:21+02:00
0,0,0,0,0,0,2018-05-28 11:33:12+02:00
0,0,0,0,0,0,2018-05-28 11:43:44+02:00
0,0,0,0,0,0,2018-05-28 11:52:30+02:00
0,0,0,0,0,0,2018-05-28 13:20:42+02:00
0,0,0,0,0,0,2018-05-28 13:22:03+02:00
0,0,0,0,0,0,2018-05-28 14:29:41+02:00
0,0,0,0,0,0,2018-05-28 14:36:18+02:00
0,0,0,0,0,0,2018-05-28 14:39:53+02:00
0,0,0,0,0,0,2018-05-28 14:41:10+02:00
0,0,0,0,0,0,2018-05-28 14:56:49+02:00
0,0,0,0,0,0,2018-05-28 15:05:53+02:00
0,0,0,0,0,0,2018-05-28 15:19:01+02:00
0,0,0,0,0,0,2018-05-28 15:24:10+02:00
0,0,0,0,0,0,2018-05-28 15:25:52+02:00
0,0,0,0,0,0,2018-05-28 15:28:34+02:00
0,0,0,0,0,0,2018-05-28 15:28:51+02:00
0,0,0,0,0,0,2018-05-28 16:45:19+02:00
0,0,0,0,0,0,2018-05-28 16:46:25+02:00
0,0,0,0,0,0,2018-05-29 09:15:16+02:00
0,0,0,0,0,0,2018-05-29 09:19:28+02:00
1,2,1,1,0,0,2018-05-29 12:56:08+02:00
0,0,0,0,0,0,2018-05-29 13:04:07+02:00
3,3,0,0,0,0,2018-06-13 09:43:53+02:00
4,6,0,1,0,0,2018-06-13 09:45:02+02:00
0,0,0,0,0,0,2018-06-13 09:45:10+02:00
1,1,0,0,0,0,2018-06-13 10:03:08+02:00
1,1,0,0,0,0,2018-06-13 10:03:21+02:00
0,0,0,0,0,0,2018-06-13 10:03:37+02:00
3,3,0,0,0,0,2018-06-15 11:36:08+02:00
3,5,1,1,0,1,2018-06-15 11:36:44+02:00
0,0,0,0,0,0,2018-06-15 11:37:07+02:00
2,3,1,1,0,1,2018-06-15 11:57:48+02:00
0,1,0,1,0,0,2018-06-15 14:04:53+02:00
0,1,0,1,0,0,2018-06-15 14:37:41+02:00
5,7,1,2,0,1,2018-06-15 16:44:23+02:00
2,4,1,1,0,1,2018-06-19 09:16:58+02:00
0,1,1,1,0,1,2018-06-19 09:28:57+02:00
4,6,1,1,0,1,2018-06-19 10:19:15+02:00
0,1,1,1,0,1,2018-06-19 10:19:28+02:00
0,0,0,0,0,0,2018-06-19 10:19:42+02:00
0,1,1,1,0,1,2018-06-19 10:28:21+02:00
0,1,1,1,0,1,2018-06-19 10:37:35+02:00
3,4,1,1,0,1,2018-06-19 11:30:31+02:00
2,3,0,0,0,0,2018-07-05 13:33:27+02:00
4,6,0,1,0,0,2018-07-05 13:34:25+02:00
0,0,0,0,0,0,2018-07-05 13:34:31+02:00
1,2,0,0,0,0,2018-07-10 15:07:38+02:00
0,1,0,0,0,0,2018-07-10 15:22:45+02:00
2,5,1,1,0,1,2018-09-24 15:48:15+02:00
1,2,0,0,0,0,2018-09-24 15:49:13+02:00
0,0,0,0,0,0,2018-09-24 15:49:20+02:00
0,1,0,0,0,0,2018-09-24 16:17:18+02:00
1,2,1,2,0,1,2018-10-25 12:43:43+02:00
0,1,1,1,0,1,2018-10-25 12:46:35+02:00
3,4,1,1,0,1,2018-10-29 18:28:59+01:00
1,1,0,1,0,0,2018-10-30 14:25:49+01:00
0,0,0,0,0,0,2018-10-30 14:26:07+01:00
1,1,1,1,0,0,2018-10-30 14:36:45+01:00
0,0,0,0,0,0,2018-10-30 14:37:04+01:00
1,1,0,1,0,0,2018-11-21 16:39:12+01:00
2,1,0,0,0,0,2018-11-21 16:39:37+01:00
0,0,0,0,0,0,2018-11-21 16:39:53+01:00
0,1,0,1,0,0,2018-11-21 16:44:54+01:00
0,0,0,0,0,0,2018-11-21 16:45:12+01:00
1,1,0,1,0,0,2018-11-21 17:23:41+01:00
1,1,0,1,0,0,2018-11-21 21:47:32+01:00
1,2,0,2,0,0,2018-11-22 09:46:33+01:00
1,1,0,0,0,0,2018-11-22 16:04:27+01:00
1,2,0,0,0,0,2018-11-26 11:38:50+01:00
1,3,1,1,0,1,2018-11-26 11:58:57+01:00
1,2,0,0,0,0,2018-11-27 09:45:26+01:00
0,1,0,0,0,0,2018-11-27 09:52:04+01:00
3,4,0,0,0,0,2018-11-27 10:20:29+01:00
3,4,0,0,0,0,2018-11-27 15:25:09+01:00
3,4,0,0,0,0,2018-11-27 16:05:11+01:00
0,1,0,0,0,0,2018-11-28 11:07:03+01:00
0,1,0,0,0,0,2018-11-28 11:07:47+01:00
0,0,0,0,0,0,2018-11-28 11:08:01+01:00
1,3,1,1,0,1,2018-11-28 13:15:24+01:00
1,3,1,1,0,1,2018-11-28 14:32:46+01:00
2,2,0,0,0,0,2018-11-28 14:47:57+01:00
3,3,0,0,0,0,2018-11-28 15:24:49+01:00
3,6,1,1,0,1,2018-11-30 09:51:18+01:00
1,2,0,2,0,0,2018-11-30 10:06:20+01:00
0,0,0,0,0,0,2018-11-30 10:54:51+01:00
1,1,0,1,0,0,2018-11-30 10:55:21+01:00
0,0,0,0,0,0,2018-11-30 10:55:30+01:00
1,2,0,2,0,0,2018-11-30 11:57:34+01:00
3,3,0,0,0,0,2018-11-30 13:16:22+01:00
1,1,0,0,0,0,2018-11-30 14:36:36+01:00
1,1,0,0,0,0,2018-11-30 14:48:09+01:00
1,1,0,0,0,0,2018-11-30 14:53:18+01:00
3,3,0,1,0,0,2018-11-30 16:24:18+01:00
1,1,0,0,0,0,2018-11-30 16:37:26+01:00
4,6,0,1,0,0,2018-12-03 10:18:38+01:00
1,2,0,1,0,0,2018-12-03 10:44:15+01:00
0,1,0,0,0,0,2018-12-03 10:50:30+01:00
0,1,0,0,0,0,2018-12-03 11:15:22+01:00
4,6,0,1,0,0,2018-12-03 16:16:13+01:00
4,8,1,3,0,1,2018-12-04 11:25:10+01:00
2,2,1,1,0,1,2018-12-04 12:28:40+01:00
5,8,1,2,0,1,2018-12-21 10:49:17+01:00
2,2,0,2,0,0,2018-12-21 10:50:23+01:00
0,0,0,0,0,0,2018-12-21 10:50:54+01:00
1,1,0,1,0,0,2018-12-21 11:22:07+01:00
1,3,0,3,0,0,2018-12-21 13:07:30+01:00
1,1,0,1,0,0,2018-12-21 13:08:18+01:00
0,0,0,0,0,0,2018-12-21 13:08:29+01:00
4,5,2,3,0,1,2018-12-21 17:17:42+01:00
3,4,2,2,0,1,2018-12-31 13:18:52+01:00
2,2,0,0,0,0,2018-12-31 13:34:47+01:00
1,1,0,0,0,0,2018-12-31 15:15:45+01:00
2,2,0,0,0,0,2018-12-31 15:33:57+01:00
1,1,0,0,0,0,2018-12-31 18:13:13+01:00
2,2,0,0,0,0,2019-01-01 16:04:58+01:00
0,1,0,0,0,0,2019-01-02 11:03:29+01:00
2,4,0,0,0,0,2019-01-02 12:34:15+01:00
1,2,0,0,0,0,2019-01-02 18:25:50+01:00
0,1,0,0,0,0,2019-01-02 18:26:22+01:00
0,0,0,0,0,0,2019-01-02 18:26:34+01:00
1,4,0,0,0,0,2019-01-03 09:23:28+01:00
5,7,0,2,0,0,2019-01-03 13:37:45+01:00
5,7,0,2,0,0,2019-01-03 14:51:26+01:00
5,7,1,1,0,1,2019-01-03 15:05:03+01:00
1,1,0,0,0,0,2019-01-03 17:26:55+01:00
2,4,0,1,0,0,2019-01-04 10:38:23+01:00
0,2,0,0,0,0,2019-01-04 13:48:36+01:00
0,1,0,0,0,0,2019-01-04 13:49:26+01:00
0,0,0,0,0,0,2019-01-04 13:49:42+01:00
2,4,0,0,0,0,2019-01-04 13:55:31+01:00
4,6,0,1,0,0,2019-01-04 16:46:01+01:00
2,2,0,0,0,0,2019-01-04 18:17:53+01:00
2,5,0,0,0,0,2019-01-04 19:10:27+01:00
0,1,0,0,0,0,2019-01-05 10:22:34+01:00
2,4,0,0,0,0,2019-01-05 12:56:39+01:00
5,8,0,1,0,0,2019-01-09 10:52:20+01:00
1,2,0,0,0,0,2019-01-09 11:17:19+01:00
1,1,0,0,0,0,2019-01-09 11:21:08+01:00
1,1,0,0,0,0,2019-01-09 11:21:37+01:00
1,2,0,0,0,0,2019-01-09 11:58:27+01:00
1,1,0,0,0,0,2019-01-09 11:59:33+01:00
0,0,0,0,0,0,2019-01-09 11:59:45+01:00
3,3,0,0,0,0,2019-01-09 15:40:04+01:00
3,4,0,1,0,0,2019-01-10 09:08:23+01:00
0,0,0,0,0,0,2019-01-10 09:11:53+01:00
4,5,0,1,0,0,2019-01-10 15:16:58+01:00
1,2,0,0,0,0,2019-01-10 15:41:41+01:00
3,4,0,1,0,0,2019-01-14 10:15:20+01:00
3,4,1,1,0,1,2019-01-14 14:43:10+01:00
1,1,0,0,0,0,2019-01-14 15:05:20+01:00
1,1,0,0,0,0,2019-03-18 16:16:53+01:00
4,5,0,1,0,0,2019-03-19 11:40:56+01:00
1,1,0,0,0,0,2019-03-19 11:48:21+01:00
2,2,0,1,0,0,2019-06-19 09:26:43+02:00
1,1,0,0,0,0,2019-06-19 09:50:23+02:00
0,0,0,0,0,0,2019-06-19 10:30:44+02:00
0,0,0,0,0,0,2019-06-19 10:35:00+02:00
0,0,0,0,0,0,2019-06-19 10:36:50+02:00
0,0,0,0,0,0,2019-06-19 10:37:56+02:00
0,0,0,0,0,0,2019-06-19 10:39:52+02:00
0,0,0,0,0,0,2019-06-19 10:41:24+02:00
0,0,0,0,0,0,2019-06-19 10:42:35+02:00
0,0,0,0,0,0,2019-06-19 10:43:40+02:00
4,6,0,1,0,0,2019-06-19 11:15:42+02:00
1,1,0,1,0,0,2019-06-19 11:15:54+02:00
0,0,0,0,0,0,2019-06-19 11:16:15+02:00
1,1,0,1,0,0,2019-06-19 11:54:56+02:00
0,0,0,0,0,0,2019-06-19 13:49:36+02:00
0,0,0,0,0,0,2019-06-19 13:50:16+02:00
0,0,0,0,0,0,2019-06-19 13:50:51+02:00
3,3,1,2,0,0,2019-06-19 14:18:22+02:00
0,0,0,0,0,0,2019-06-19 14:25:07+02:00
0,0,0,0,0,0,2019-06-19 15:12:01+02:00
0,0,0,0,0,0,2019-06-19 15:14:04+02:00
4,5,0,1,0,0,2019-08-11 10:24:50+02:00
