Acquisition,Preparation,Modeling,Training,Evaluation,Prediction,time
0,0,0,0,0,0,2019-05-05 21:43:42+03:00
109,245,88,0,8,0,2019-05-05 21:44:40+03:00
11,27,6,0,1,0,2019-05-05 23:13:42+03:00
0,0,0,0,0,0,2019-05-05 23:16:16+03:00
0,0,0,0,0,0,2019-05-05 23:18:17+03:00
120,272,94,0,9,0,2019-05-05 23:21:02+03:00
0,0,0,0,0,0,2019-05-05 23:22:59+03:00
0,0,0,0,0,0,2019-05-06 22:16:08+03:00
0,0,0,0,0,0,2019-05-06 22:27:52+03:00
0,0,0,0,0,0,2019-05-06 23:41:51+03:00
0,0,0,0,0,0,2019-05-07 00:10:28+03:00
0,0,0,0,0,0,2019-05-07 00:46:46+03:00
0,0,0,0,0,0,2019-05-07 01:26:30+03:00
0,0,0,0,0,0,2019-05-07 01:45:11+03:00
0,0,0,0,0,0,2019-05-07 02:15:11+03:00
0,0,0,0,0,0,2019-05-07 21:42:44+03:00
0,0,0,0,0,0,2019-05-07 22:06:22+03:00
0,0,0,0,0,0,2019-05-08 00:00:49+03:00
0,0,0,0,0,0,2019-05-08 00:31:11+03:00
0,0,0,0,0,0,2019-05-08 04:15:11+03:00
0,0,0,0,0,0,2019-05-08 05:07:30+03:00
0,0,0,0,0,0,2019-05-08 05:27:54+03:00
0,0,0,0,0,0,2019-05-08 20:07:51+03:00
0,0,0,0,0,0,2019-05-08 21:09:32+03:00
0,0,0,0,0,0,2019-05-10 04:34:03+03:00
0,0,0,0,0,0,2019-05-10 15:38:01+03:00
0,0,0,0,0,0,2019-05-12 21:59:11+03:00
0,0,0,0,0,0,2019-05-13 01:44:40+03:00
0,0,0,0,0,0,2019-05-13 04:31:00+03:00
0,0,0,0,0,0,2019-05-13 04:33:03+03:00
0,0,0,0,0,0,2019-05-16 17:04:51+03:00
0,0,0,0,0,0,2019-05-16 17:28:30+03:00
0,0,0,0,0,0,2019-05-16 18:03:11+03:00
0,0,0,0,0,0,2019-05-18 23:19:20+03:00
0,0,0,0,0,0,2019-05-19 00:14:10+03:00
0,0,0,0,0,0,2019-05-19 01:04:58+03:00
0,0,0,0,0,0,2019-05-19 02:13:51+03:00
0,0,0,0,0,0,2019-05-19 03:03:25+03:00
0,0,0,0,0,0,2019-05-19 03:28:09+03:00
0,0,0,0,0,0,2019-05-19 04:00:09+03:00
0,0,0,0,0,0,2019-05-19 05:41:22+03:00
0,0,0,0,0,0,2019-05-21 03:01:53+03:00
0,0,0,0,0,0,2019-05-21 04:24:35+03:00
0,0,0,0,0,0,2019-05-21 21:34:50+03:00
0,0,0,0,0,0,2019-05-22 02:58:47+03:00
0,0,0,0,0,0,2019-05-22 03:00:25+03:00
0,0,0,0,0,0,2019-05-22 16:35:40+03:00
0,0,0,0,0,0,2019-05-22 17:22:27+03:00
0,0,0,0,0,0,2019-05-22 18:21:28+03:00
0,0,0,0,0,0,2019-05-22 19:19:01+03:00
0,0,0,0,0,0,2019-05-22 19:53:12+03:00
0,0,0,0,0,0,2019-05-22 19:54:18+03:00
0,0,0,0,0,0,2019-05-22 19:56:14+03:00
0,0,0,0,0,0,2019-05-22 20:49:18+03:00
0,0,0,0,0,0,2019-05-22 21:03:35+03:00
0,0,0,0,0,0,2019-05-23 00:48:57+03:00
0,0,0,0,0,0,2019-05-23 03:25:30+03:00
0,0,0,0,0,0,2019-05-23 03:26:07+03:00
0,0,0,0,0,0,2019-05-23 23:19:42+03:00
0,0,0,0,0,0,2019-06-01 05:50:58+03:00
0,0,0,0,0,0,2019-06-01 06:13:12+03:00
1,1,1,1,0,1,2019-06-01 06:53:44+03:00
0,0,0,0,0,0,2019-06-01 06:58:41+03:00
1,1,1,1,0,1,2019-06-01 09:14:00+03:00
0,0,0,0,0,0,2019-06-01 09:17:10+03:00
1,1,1,1,0,1,2019-06-01 09:59:28+03:00
0,0,0,0,0,0,2019-06-24 18:42:55+03:00
