Acquisition,Preparation,Modeling,Training,Evaluation,Prediction,time
3,6,2,1,1,0,2016-01-27 09:52:03+01:00
0,0,0,0,0,0,2016-03-01 11:34:05+01:00
0,0,0,0,0,0,2016-03-16 03:13:51+01:00
1,1,0,0,1,0,2016-03-23 09:46:11+01:00
1,1,0,0,0,0,2016-03-23 10:06:31+01:00
0,0,0,0,0,0,2016-03-23 15:00:31+01:00
0,0,0,0,0,0,2016-03-23 16:32:36+01:00
0,0,0,0,0,0,2016-03-23 16:47:55+01:00
0,0,0,0,0,0,2016-03-24 10:17:26+01:00
0,0,0,0,0,0,2016-03-24 10:19:15+01:00
1,1,1,0,0,0,2016-03-24 10:20:24+01:00
0,0,0,0,0,0,2016-03-24 10:20:51+01:00
0,1,0,0,0,0,2016-03-24 10:21:23+01:00
0,0,0,0,0,0,2016-03-24 10:22:00+01:00
0,0,0,0,0,0,2016-03-24 10:23:16+01:00
0,0,0,0,0,0,2016-03-24 10:23:40+01:00
1,1,0,0,1,0,2016-03-24 10:25:26+01:00
0,0,0,0,0,0,2016-03-24 10:35:20+01:00
0,0,0,0,0,0,2016-03-24 10:35:20+01:00
0,0,0,0,0,0,2016-04-12 12:56:18+02:00
0,0,0,0,0,0,2016-04-12 12:56:51+02:00
1,1,0,1,0,0,2016-04-12 16:27:36+02:00
0,0,0,0,0,0,2016-04-12 16:28:18+02:00
3,3,1,1,2,1,2016-04-13 08:03:06+02:00
0,0,0,0,0,0,2016-04-13 08:04:36+02:00
1,1,0,0,0,0,2016-04-13 08:04:56+02:00
1,1,1,1,1,1,2016-04-13 08:05:42+02:00
0,0,0,0,0,0,2016-04-13 08:06:21+02:00
0,0,0,0,0,0,2016-04-13 15:53:07+02:00
0,0,0,0,0,0,2016-04-13 21:38:47+02:00
0,1,1,0,0,0,2016-04-13 21:39:12+02:00
0,0,0,0,0,0,2016-04-13 22:48:02+02:00
0,1,1,0,0,0,2016-04-13 23:41:46+02:00
1,1,0,0,1,0,2016-04-15 22:41:34+02:00
0,1,0,0,0,0,2016-04-15 22:41:53+02:00
0,0,0,0,0,0,2016-04-15 22:42:27+02:00
0,0,0,0,0,0,2016-04-15 22:42:54+02:00
1,1,1,0,1,0,2016-04-15 22:43:07+02:00
0,0,0,0,0,0,2016-04-17 17:10:32+02:00
1,1,1,0,1,0,2016-04-17 17:12:51+02:00
0,0,0,0,0,0,2016-04-17 17:19:19+02:00
0,0,0,0,0,0,2016-04-17 19:56:09+02:00
0,0,0,0,0,0,2016-04-18 23:42:22+02:00
0,1,0,0,0,0,2016-04-26 22:26:26+02:00
0,1,1,1,1,0,2016-04-26 22:27:21+02:00
0,1,1,0,1,0,2016-05-09 11:51:51+02:00
0,1,0,0,0,0,2016-05-09 11:53:27+02:00
1,1,1,0,1,0,2016-05-09 11:54:19+02:00
1,1,1,0,1,0,2016-05-09 11:54:49+02:00
0,0,0,0,0,0,2016-05-09 11:57:53+02:00
0,1,1,1,1,0,2016-10-31 10:07:57+01:00
0,0,0,0,0,0,2016-12-05 23:34:18+04:00
0,0,0,0,0,0,2017-02-12 18:16:09+01:00
4,4,3,2,2,1,2017-02-12 18:21:33+01:00
6,7,4,3,5,1,2017-02-12 18:22:51+01:00
0,0,0,0,0,0,2017-02-12 18:23:05+01:00
1,1,1,1,0,0,2017-02-12 18:26:24+01:00
0,1,0,0,0,0,2017-02-14 18:29:41+01:00
0,0,0,0,0,0,2017-02-14 19:30:44+01:00
0,0,0,0,0,0,2017-02-14 19:40:41+01:00
16,28,16,8,15,2,2017-02-14 20:23:07+01:00
0,0,0,0,0,0,2017-02-14 20:24:17+01:00
0,0,0,0,0,0,2017-02-14 21:30:24+01:00
0,0,0,0,0,0,2017-02-14 21:32:47+01:00
0,0,0,0,0,0,2017-02-14 21:43:44+01:00
0,0,0,0,0,0,2017-02-14 21:44:28+01:00
4,7,1,1,4,0,2017-02-15 20:47:08+01:00
0,1,1,0,0,0,2017-02-15 21:07:11+01:00
1,2,2,1,0,0,2017-02-20 00:25:26+01:00
0,0,0,0,0,0,2017-02-26 18:28:13+01:00
0,1,1,0,0,0,2017-02-26 18:28:40+01:00
0,1,1,0,0,0,2017-02-26 19:39:39+01:00
0,0,0,0,0,0,2017-02-26 19:47:24+01:00
0,0,0,0,0,0,2017-03-07 23:41:40+01:00
0,0,0,0,0,0,2017-03-07 23:43:34+01:00
0,0,0,0,0,0,2017-07-12 15:47:49+08:00
0,0,0,0,0,0,2017-07-12 15:48:29+08:00
0,0,0,0,0,0,2017-07-12 15:48:43+08:00
0,0,0,0,0,0,2017-07-12 15:49:05+08:00
0,0,0,0,0,0,2017-07-15 19:39:51+08:00
0,1,0,0,0,0,2017-08-02 10:43:28+08:00
0,0,0,0,0,0,2017-08-02 10:47:11+08:00
1,2,0,0,1,0,2017-08-27 12:37:31+02:00
0,0,0,0,0,0,2017-08-27 12:37:59+02:00
0,0,0,0,0,0,2017-08-27 12:39:11+02:00
0,0,0,0,0,0,2017-08-27 12:43:26+02:00
0,0,0,0,0,0,2017-08-27 12:44:58+02:00
1,1,0,0,1,0,2017-08-27 15:10:03+02:00
0,0,0,0,0,0,2017-08-27 15:13:09+02:00
0,1,0,0,0,0,2017-08-27 15:14:08+02:00
0,0,0,0,0,0,2017-08-27 15:15:33+02:00
0,0,0,0,0,0,2018-10-25 14:33:35+02:00
