Acquisition,Preparation,Modeling,Training,Evaluation,Prediction,time
0,0,0,0,0,0,2021-02-03 09:41:58+01:00
0,0,0,0,0,0,2021-02-03 09:45:50+01:00
0,0,0,0,0,0,2021-02-03 09:29:08+00:00
0,0,0,0,0,0,2021-02-03 11:38:43+00:00
0,0,0,0,0,0,2021-02-03 15:06:09+00:00
1,1,1,1,0,0,2021-02-03 15:06:37+00:00
2,2,2,2,0,0,2021-02-07 08:06:01+00:00
0,0,0,0,0,0,2021-02-07 08:06:56+00:00
2,2,2,2,0,0,2021-02-07 09:24:18+00:00
3,3,3,3,0,0,2021-02-07 15:37:16+00:00
0,0,0,0,0,0,2021-02-08 14:08:33+00:00
0,0,0,0,0,0,2021-02-08 16:32:12+01:00
3,3,3,3,0,0,2021-02-08 16:55:53+00:00
0,0,0,0,0,0,2021-02-08 16:55:59+00:00
1,2,1,1,0,0,2021-02-09 16:31:54+00:00
0,0,0,0,0,0,2021-02-09 16:33:18+00:00
0,0,0,0,0,0,2021-02-09 16:33:47+00:00
0,0,0,0,0,0,2021-02-09 16:36:54+00:00
0,0,0,0,0,0,2021-02-10 09:25:58+01:00
0,0,0,0,0,0,2021-02-10 09:34:49+01:00
0,0,0,0,0,0,2021-02-10 09:49:45+01:00
0,0,0,0,0,0,2021-02-10 09:59:09+01:00
0,0,0,0,0,0,2021-02-10 09:06:19+00:00
0,0,0,0,0,0,2021-02-10 09:10:35+00:00
0,0,0,0,0,0,2021-02-10 09:29:27+00:00
0,0,0,0,0,0,2021-02-10 10:38:30+01:00
0,0,0,0,0,0,2021-02-10 09:51:31+00:00
0,0,0,0,0,0,2021-02-11 14:08:11+00:00
0,0,0,0,0,0,2021-02-11 14:08:46+00:00
0,0,0,0,0,0,2021-02-12 14:25:44+01:00
1,2,1,1,0,0,2021-02-17 15:33:07+00:00
0,0,0,0,0,0,2021-02-17 15:41:44+00:00
0,0,0,0,0,0,2021-02-17 15:42:11+00:00
1,1,1,1,0,0,2021-02-17 18:33:28+00:00
1,2,1,1,0,0,2021-02-20 10:32:56+00:00
2,2,1,1,0,0,2021-02-20 16:57:46+00:00
0,0,0,0,0,0,2021-02-20 17:01:26+00:00
0,0,0,0,0,0,2021-02-20 19:18:38+00:00
1,1,1,1,0,0,2021-02-21 09:10:08+00:00
2,2,1,1,0,0,2021-02-21 09:10:34+00:00
0,0,0,0,0,0,2021-02-21 09:11:11+00:00
0,0,0,0,0,0,2021-02-21 15:10:00+00:00
0,0,0,0,0,0,2021-02-21 15:11:28+00:00
0,0,0,0,0,0,2021-02-21 15:12:00+00:00
1,1,0,0,0,0,2021-02-21 15:58:21+00:00
0,0,0,0,0,0,2021-02-21 15:58:42+00:00
0,0,0,0,0,0,2021-02-21 15:58:57+00:00
0,0,0,0,0,0,2021-02-23 14:33:20+00:00
0,0,0,0,0,0,2021-02-24 15:44:28+00:00
0,0,0,0,0,0,2021-02-24 16:51:38+01:00
0,0,0,0,0,0,2021-02-24 16:52:14+01:00
0,0,0,0,0,0,2021-02-24 15:56:05+00:00
0,0,0,0,0,0,2021-03-10 17:04:41+00:00
0,0,0,0,0,0,2021-03-10 18:49:38+01:00
