Acquisition,Preparation,Modeling,Training,Evaluation,Prediction,time
0,2,1,1,1,0,2020-07-28 08:23:56+09:00
1,3,2,2,2,0,2020-08-03 13:55:04+09:00
2,2,1,2,0,0,2020-08-03 23:25:35+09:00
3,3,3,3,2,0,2020-08-04 13:24:33+09:00
2,3,1,2,1,1,2020-08-04 15:03:11+09:00
1,1,0,0,0,1,2020-08-04 15:28:04+09:00
0,1,0,0,0,0,2020-08-10 18:15:21+09:00
0,2,0,0,1,0,2020-08-10 20:30:49+09:00
1,2,1,2,1,0,2020-08-11 01:38:27+09:00
0,0,0,0,0,0,2020-08-11 01:42:57+09:00
0,0,0,0,0,0,2020-08-11 01:44:27+09:00
1,1,1,1,0,0,2020-08-12 20:46:32+09:00
1,1,1,1,0,1,2020-08-12 22:30:21+09:00
2,4,1,4,2,2,2020-08-12 23:39:33+09:00
1,2,0,2,1,1,2020-08-14 00:40:31+09:00
3,3,2,3,2,3,2020-08-14 03:35:07+09:00
0,1,0,1,1,0,2020-08-15 16:48:17+09:00
3,3,2,3,2,2,2020-08-15 17:57:46+09:00
0,0,0,0,0,0,2020-08-15 18:13:10+09:00
5,8,4,7,5,3,2020-08-17 05:43:03+09:00
0,0,0,0,0,0,2020-08-17 05:45:49+09:00
11,16,5,16,14,8,2020-08-17 19:35:09+09:00
3,6,1,6,6,3,2020-08-17 22:52:57+09:00
1,2,1,2,2,1,2020-08-18 08:00:49+09:00
1,1,1,1,1,0,2020-08-22 23:50:33+09:00
3,3,2,3,3,2,2020-08-23 04:41:54+09:00
1,1,1,1,1,0,2020-08-23 05:55:07+09:00
1,1,1,1,1,0,2020-08-23 06:41:49+09:00
2,3,2,1,2,0,2020-08-23 13:37:32+09:00
0,1,0,0,1,0,2020-08-23 17:29:54+09:00
1,5,2,1,3,2,2020-08-25 12:27:22+09:00
0,1,0,0,1,0,2020-08-25 13:23:03+09:00
1,4,2,3,2,2,2020-08-27 20:49:12+09:00
6,18,12,13,7,7,2020-09-11 01:51:27+09:00
1,2,2,2,0,0,2020-09-16 20:01:11+09:00
2,3,3,3,0,1,2020-09-17 15:15:54+09:00
4,5,4,4,2,3,2020-09-18 15:07:02+09:00
6,6,3,5,6,1,2020-09-18 21:05:25+09:00
12,17,13,10,9,3,2020-11-01 03:56:37+09:00
0,2,1,1,0,1,2020-11-03 08:10:07+09:00
0,1,1,1,0,1,2020-11-05 03:37:26+09:00
0,1,1,1,0,1,2020-11-10 09:54:03+09:00
3,5,1,3,4,1,2020-11-11 17:01:03+09:00
2,3,1,2,2,0,2020-11-12 00:19:53+09:00
1,2,1,1,1,0,2020-11-12 12:11:18+09:00
6,8,4,5,6,1,2020-11-15 03:37:05+09:00
1,2,0,0,1,0,2020-11-17 05:00:23+09:00
4,6,2,2,4,4,2020-11-19 01:27:30+09:00
13,21,10,11,11,8,2020-11-23 09:29:19+09:00
2,10,8,4,2,0,2020-11-25 00:39:36+09:00
6,8,6,6,1,0,2020-11-26 09:55:43+09:00
2,1,0,0,0,0,2020-11-26 11:30:05+09:00
3,5,3,3,1,1,2020-11-27 12:37:42+09:00
15,20,11,12,5,4,2020-12-04 19:40:32+09:00
0,0,0,0,0,0,2020-12-04 19:45:56+09:00
6,9,7,7,1,1,2020-12-05 07:09:20+09:00
5,5,3,3,3,2,2020-12-08 12:43:38+09:00
9,9,4,4,4,2,2020-12-09 09:59:00+09:00
4,4,2,2,2,2,2020-12-10 14:55:27+09:00
21,21,3,10,11,6,2021-04-12 03:25:37+09:00
12,12,3,9,2,1,2021-05-02 18:57:53+09:00
0,0,0,0,0,0,2021-05-02 19:22:09+09:00
28,28,6,17,11,5,2021-05-05 08:13:24+09:00
6,5,2,0,2,2,2021-05-09 20:22:15+09:00
