Acquisition,Preparation,Modeling,Training,Evaluation,Prediction,time
0,0,0,0,0,0,2018-10-16 12:21:04+02:00
0,0,0,0,0,0,2018-10-16 12:43:50+02:00
0,0,0,0,0,0,2018-10-16 12:46:30+02:00
0,0,0,0,0,0,2018-10-16 12:54:48+02:00
0,0,0,0,0,0,2018-10-16 12:55:51+02:00
0,0,0,0,0,0,2018-10-16 12:57:09+02:00
1,0,0,0,0,0,2018-10-16 17:56:35+02:00
1,0,0,0,0,0,2018-10-18 18:52:20+02:00
1,0,0,0,0,0,2018-10-20 16:18:00+02:00
1,0,0,0,0,0,2018-10-26 11:23:02+02:00
0,0,0,0,0,0,2018-10-29 14:56:42+01:00
1,0,0,0,0,0,2018-10-31 11:52:50+00:00
0,0,0,0,0,0,2018-11-01 11:45:28+00:00
1,0,0,0,0,0,2018-11-01 15:13:25+00:00
1,0,0,0,0,0,2018-11-04 21:41:41+00:00
1,0,0,0,0,0,2018-11-07 09:40:35+00:00
1,0,0,0,0,0,2018-11-07 12:23:35+00:00
1,0,0,0,0,0,2018-11-07 13:02:26+00:00
1,0,0,0,0,0,2018-11-07 20:10:14+00:00
0,0,0,0,0,0,2018-11-08 11:15:52+00:00
0,0,0,0,0,0,2018-11-08 11:19:55+00:00
0,0,0,0,0,0,2018-11-08 11:22:02+00:00
0,0,0,0,0,0,2018-11-09 00:45:47+00:00
0,0,0,0,0,0,2018-11-10 09:34:41-05:00
0,0,0,0,0,0,2018-11-10 14:23:52-05:00
0,0,0,0,0,0,2018-11-10 14:24:27-05:00
1,0,0,0,0,0,2018-11-11 08:16:32-05:00
0,2,1,1,1,1,2018-11-19 13:24:40-05:00
0,0,0,0,0,0,2018-11-20 06:53:02+01:00
0,0,0,0,0,0,2018-11-20 13:24:17-05:00
0,2,1,1,1,1,2018-11-27 10:25:24-05:00
0,0,0,0,0,0,2018-11-27 10:27:31-05:00
0,0,0,0,0,0,2018-11-27 10:30:06-05:00
0,0,0,0,0,0,2018-11-27 10:42:54-05:00
0,1,0,0,0,0,2018-11-27 10:43:38-05:00
0,1,1,1,1,1,2018-11-27 10:45:51-05:00
0,0,0,0,0,0,2018-11-27 10:46:42-05:00
0,0,0,0,0,0,2018-11-27 11:00:26-05:00
0,0,0,0,0,0,2018-11-27 11:04:20-05:00
0,0,0,0,0,0,2018-11-27 11:07:23-05:00
1,0,0,0,0,0,2018-11-28 16:48:12-05:00
0,0,0,0,0,0,2018-11-28 16:50:25-05:00
0,0,0,0,0,0,2018-11-28 18:10:47-05:00
0,0,0,0,0,0,2018-11-28 18:12:31-05:00
0,0,0,0,0,0,2018-11-29 10:33:22-06:00
0,0,0,0,0,0,2018-11-29 14:46:29-06:00
0,1,1,1,1,1,2018-11-30 15:59:14-05:00
0,0,0,0,0,0,2018-12-03 09:49:00-05:00
0,1,1,1,1,1,2018-12-03 18:37:10-05:00
0,3,1,3,1,3,2018-12-04 17:12:55-05:00
0,1,0,1,0,1,2018-12-05 19:30:14-05:00
0,1,0,1,0,1,2018-12-05 20:55:28-05:00
0,2,0,2,0,2,2018-12-07 18:00:36-05:00
0,0,0,0,0,0,2018-12-07 18:00:47-05:00
0,1,0,1,0,1,2018-12-08 15:32:13-05:00
0,0,0,0,0,0,2018-12-08 15:39:57-05:00
0,1,1,1,1,1,2018-12-08 15:43:15-05:00
0,0,0,0,0,0,2018-12-08 15:43:39-05:00
0,1,0,0,0,0,2018-12-08 15:44:25-05:00
0,0,0,0,0,0,2018-12-08 15:44:53-05:00
0,1,0,1,0,1,2018-12-10 18:08:33-05:00
0,0,0,0,0,0,2018-12-10 18:11:53-05:00
0,1,0,0,0,0,2018-12-10 19:41:19-05:00
0,0,0,0,0,0,2018-12-10 19:43:33-05:00
0,1,1,1,1,1,2018-12-10 19:43:40-05:00
0,0,0,0,0,0,2018-12-10 20:34:43-05:00
1,2,0,1,0,1,2018-12-11 17:25:41-05:00
0,1,0,1,0,1,2018-12-12 11:30:59-05:00
1,4,1,1,0,1,2018-12-28 16:34:07-05:00
1,3,1,0,0,0,2018-12-28 17:51:22-05:00
0,0,0,0,0,0,2018-12-28 17:57:40-05:00
0,0,0,0,0,0,2018-12-28 17:58:17-05:00
0,1,1,1,1,1,2018-12-28 17:58:39-05:00
0,0,0,0,0,0,2018-12-28 17:59:10-05:00
0,1,0,0,0,0,2018-12-28 17:59:35-05:00
0,0,0,0,0,0,2018-12-28 18:00:29-05:00
0,1,0,0,0,0,2018-12-28 19:40:40-05:00
0,0,0,0,0,0,2018-12-28 19:41:38-05:00
1,2,0,0,0,0,2019-02-24 13:12:12-05:00
0,0,0,0,0,0,2019-02-24 13:13:58-05:00
1,2,0,0,0,0,2019-02-25 11:49:59-05:00
0,0,0,0,0,0,2019-02-25 12:21:02-05:00
0,0,0,0,0,0,2019-02-25 12:22:40-05:00
