Acquisition,Preparation,Modeling,Training,Evaluation,Prediction,time
0,0,0,0,0,0,2021-05-26 13:01:40+03:00
0,0,0,0,0,0,2021-05-26 13:01:50+03:00
1,1,1,1,1,0,2021-05-26 23:27:59+03:00
0,0,0,0,0,0,2021-05-27 09:01:11+03:00
0,0,0,0,0,0,2021-05-30 08:17:09+03:00
0,0,0,0,0,0,2021-05-30 08:20:16+03:00
0,0,0,0,0,0,2021-05-30 08:25:39+03:00
0,0,0,0,0,0,2021-05-30 08:25:58+03:00
1,1,1,1,1,0,2021-05-30 08:43:21+03:00
0,0,0,0,0,0,2021-05-30 08:47:38+03:00
0,0,0,0,0,0,2021-05-30 08:51:03+03:00
0,0,0,0,0,0,2021-05-30 08:51:45+03:00
0,0,0,0,0,0,2021-05-30 08:52:20+03:00
0,0,0,0,0,0,2021-05-30 08:53:36+03:00
0,0,0,0,0,0,2021-05-30 08:53:47+03:00
0,0,0,0,0,0,2021-05-30 08:54:22+03:00
0,0,0,0,0,0,2021-05-30 09:19:58+03:00
0,0,0,0,0,0,2021-05-30 14:08:28+03:00
0,0,0,0,0,0,2021-05-30 14:08:41+03:00
0,0,0,0,0,0,2021-05-30 14:09:08+03:00
0,0,0,0,0,0,2021-05-30 21:25:49+03:00
0,0,0,0,0,0,2021-05-30 21:26:12+03:00
0,0,0,0,0,0,2021-05-30 21:27:11+03:00
0,0,0,0,0,0,2021-05-30 21:27:50+03:00
0,0,0,0,0,0,2021-05-30 21:33:45+03:00
0,0,0,0,0,0,2021-05-30 21:34:37+03:00
0,0,0,0,0,0,2021-05-30 21:35:23+03:00
0,0,0,0,0,0,2021-05-30 21:39:10+03:00
0,0,0,0,0,0,2021-05-30 21:39:50+03:00
0,0,0,0,0,0,2021-05-30 21:40:16+03:00
0,0,0,0,0,0,2021-05-30 21:40:43+03:00
0,0,0,0,0,0,2021-05-30 21:41:06+03:00
0,0,0,0,0,0,2021-05-30 21:41:54+03:00
0,0,0,0,0,0,2021-05-30 21:42:24+03:00
0,0,0,0,0,0,2021-05-30 21:43:05+03:00
0,0,0,0,0,0,2021-05-30 21:43:41+03:00
0,0,0,0,0,0,2021-05-30 21:52:36+03:00
0,0,0,0,0,0,2021-05-30 21:53:28+03:00
0,0,0,0,0,0,2021-05-30 21:55:06+03:00
0,0,0,0,0,0,2021-05-30 21:55:17+03:00
0,0,0,0,0,0,2021-05-30 21:59:06+03:00
0,0,0,0,0,0,2021-05-30 22:01:31+03:00
0,0,0,0,0,0,2021-05-30 22:02:45+03:00
0,0,0,0,0,0,2021-05-30 22:03:12+03:00
0,0,0,0,0,0,2021-05-30 22:07:33+03:00
0,0,0,0,0,0,2021-05-30 22:08:04+03:00
1,1,1,1,1,0,2021-05-31 09:05:36+03:00
1,1,1,1,1,0,2021-05-31 09:06:12+03:00
1,1,1,1,1,0,2021-05-31 09:06:33+03:00
0,0,0,0,0,0,2021-05-31 09:07:00+03:00
0,0,0,0,0,0,2021-05-31 09:22:10+03:00
0,0,0,0,0,0,2021-05-31 09:22:37+03:00
0,0,0,0,0,0,2021-05-31 09:41:11+03:00
0,0,0,0,0,0,2021-05-31 09:46:11+03:00
0,0,0,0,0,0,2021-05-31 09:46:27+03:00
1,1,1,1,1,0,2021-05-31 10:39:47+03:00
0,0,0,0,0,0,2021-05-31 12:13:54+03:00
0,0,0,0,0,0,2021-05-31 12:18:37+03:00
0,0,0,0,0,0,2021-05-31 12:36:07+03:00
1,1,1,1,1,0,2021-05-31 12:38:15+03:00
2,2,2,2,2,0,2021-05-31 12:39:27+03:00
0,0,0,0,0,0,2021-05-31 12:43:55+03:00
0,0,0,0,0,0,2021-05-31 12:48:41+03:00
0,0,0,0,0,0,2021-05-31 12:49:23+03:00
0,0,0,0,0,0,2021-05-31 12:49:53+03:00
0,0,0,0,0,0,2021-05-31 12:50:34+03:00
0,0,0,0,0,0,2021-05-31 12:50:48+03:00
0,0,0,0,0,0,2021-05-31 12:56:57+03:00
0,0,0,0,0,0,2021-05-31 12:57:26+03:00
0,0,0,0,0,0,2021-05-31 12:59:28+03:00
0,0,0,0,0,0,2021-05-31 13:00:28+03:00
0,0,0,0,0,0,2021-05-31 13:01:08+03:00
1,1,1,1,1,0,2021-05-31 14:56:37+03:00
1,1,1,1,1,0,2021-05-31 14:57:19+03:00
1,1,1,1,1,0,2021-05-31 14:58:15+03:00
1,1,1,1,1,0,2021-05-31 14:58:43+03:00
0,0,0,0,0,0,2021-05-31 15:13:38+03:00
0,0,0,0,0,0,2021-05-31 15:15:53+03:00
0,0,0,0,0,0,2021-05-31 15:17:17+03:00
0,0,0,0,0,0,2021-05-31 15:18:05+03:00
0,0,0,0,0,0,2021-06-18 14:47:17+03:00
0,0,0,0,0,0,2021-06-18 14:47:55+03:00
0,0,0,0,0,0,2021-06-22 22:00:47+03:00
0,0,0,0,0,0,2021-07-18 11:32:27+03:00
0,0,0,0,0,0,2021-07-18 11:34:53+03:00
2,6,0,0,0,1,2021-07-18 12:00:32+03:00
0,1,0,0,0,1,2021-07-18 12:02:19+03:00
0,0,0,0,0,0,2021-07-18 12:04:00+03:00
0,0,0,0,0,0,2021-07-18 12:05:48+03:00
1,1,0,0,0,0,2021-07-18 12:06:25+03:00
1,1,0,0,0,0,2021-07-18 12:06:45+03:00
0,0,0,0,0,0,2021-07-18 12:07:01+03:00
0,0,0,0,0,0,2021-07-18 12:07:17+03:00
0,0,0,0,0,0,2021-07-18 12:07:38+03:00
0,0,0,0,0,0,2021-07-18 12:07:54+03:00
0,0,0,0,0,0,2021-07-18 12:08:09+03:00
0,0,0,0,0,0,2021-07-18 12:14:46+03:00
0,1,0,0,0,1,2021-07-18 12:15:03+03:00
0,0,0,0,0,0,2021-07-18 12:15:24+03:00
0,0,0,0,0,0,2021-07-18 12:16:20+03:00
0,0,0,0,0,0,2021-07-20 10:40:45+03:00
0,0,0,0,0,0,2021-07-20 10:41:16+03:00
0,0,0,0,0,0,2021-07-20 10:41:42+03:00
0,0,0,0,0,0,2021-07-20 10:42:07+03:00
0,0,0,0,0,0,2021-07-20 10:42:23+03:00
