Acquisition,Preparation,Modeling,Training,Evaluation,Prediction,time
1,1,0,0,0,0,2016-10-05 19:53:02-04:00
0,0,0,0,0,0,2016-10-06 10:44:38-04:00
0,1,0,0,0,0,2016-10-06 10:48:41-04:00
0,1,0,0,0,0,2016-10-08 19:11:37-04:00
0,1,0,0,0,0,2016-10-11 19:51:54-04:00
2,6,1,1,0,0,2016-10-16 14:57:53-04:00
0,1,0,0,0,0,2016-10-16 14:59:25-04:00
1,2,0,0,0,0,2016-10-16 15:08:22-04:00
0,1,0,0,0,0,2016-10-16 15:10:18-04:00
2,3,1,1,0,0,2016-10-16 15:41:42-04:00
2,4,0,3,0,0,2016-10-21 16:03:55-04:00
0,0,0,1,0,0,2016-10-21 16:14:32-04:00
0,1,0,0,0,0,2016-10-23 17:39:53-04:00
0,1,0,0,0,0,2016-10-26 14:46:46-04:00
0,0,0,0,0,0,2016-10-26 14:49:16-04:00
0,2,0,1,0,0,2016-10-26 15:07:24-04:00
3,2,0,0,0,0,2016-10-26 15:31:50-04:00
2,2,1,0,0,0,2016-10-26 16:05:45-04:00
0,0,0,0,0,0,2016-10-26 20:10:34-04:00
0,0,0,0,0,0,2016-10-26 20:12:01-04:00
0,0,0,0,0,0,2016-10-26 20:14:54-04:00
0,0,0,0,0,0,2016-10-26 20:15:34-04:00
0,0,0,0,0,0,2016-10-26 20:20:36-04:00
0,0,0,0,0,0,2016-10-26 20:32:47-04:00
21,15,9,13,1,9,2016-10-28 09:15:50-05:00
0,0,0,0,0,0,2016-10-28 09:20:41-05:00
0,0,0,1,0,0,2016-10-29 17:25:58-04:00
0,0,0,0,0,0,2016-10-29 17:26:23-04:00
0,0,0,0,0,0,2016-10-29 17:43:51-04:00
0,0,0,0,0,0,2016-10-29 17:54:39-04:00
0,0,0,0,0,0,2016-10-29 18:16:39-04:00
1,0,0,0,0,0,2016-10-29 21:39:58-05:00
1,1,1,0,0,0,2016-10-29 21:45:26-05:00
0,0,0,0,0,0,2016-10-29 21:46:28-05:00
0,0,0,0,0,0,2016-10-31 13:30:15-04:00
0,0,0,0,0,0,2016-10-31 13:30:21-04:00
2,0,0,2,0,2,2016-11-01 22:49:16-05:00
0,0,0,0,0,0,2016-11-01 22:49:48-05:00
0,0,0,0,0,0,2016-11-01 22:51:41-05:00
1,0,0,0,0,0,2016-11-01 22:53:07-05:00
0,0,0,0,0,0,2016-11-01 22:55:18-05:00
0,1,0,1,0,1,2016-11-03 17:52:36-04:00
0,0,0,0,0,0,2016-11-03 17:53:02-04:00
0,0,0,0,0,0,2016-11-05 13:51:37-05:00
0,0,0,0,0,0,2016-11-06 00:27:47-05:00
0,0,0,0,0,1,2016-11-06 00:28:31-05:00
0,0,0,0,0,0,2016-11-06 14:56:50-06:00
0,0,0,0,0,0,2016-11-06 14:57:22-06:00
0,0,0,0,0,1,2016-11-06 15:16:30-06:00
0,0,0,0,0,0,2016-11-06 15:17:03-06:00
0,0,0,0,0,0,2016-11-06 15:17:35-06:00
0,0,0,0,0,0,2016-11-06 20:02:51-06:00
0,0,0,0,0,0,2016-11-06 20:03:20-06:00
0,0,0,0,0,0,2016-11-06 20:04:03-06:00
0,0,0,0,0,0,2016-11-07 14:56:47-06:00
0,0,0,1,0,0,2016-11-07 14:58:43-06:00
0,0,0,1,0,0,2016-11-07 14:59:07-06:00
0,0,0,1,0,0,2016-11-07 14:59:20-06:00
0,1,0,0,0,0,2016-11-07 15:00:15-06:00
0,0,0,0,0,1,2016-11-07 15:00:44-06:00
0,1,0,0,0,1,2016-11-11 15:23:38-05:00
1,0,0,0,0,1,2016-11-11 16:22:13-05:00
1,0,0,0,0,0,2016-11-11 16:29:31-05:00
0,1,0,0,0,0,2016-11-14 23:02:29-06:00
1,1,0,0,0,0,2016-11-14 23:07:30-06:00
0,0,0,0,0,0,2016-11-15 13:33:09-06:00
0,0,0,0,0,1,2016-11-15 13:34:35-06:00
0,1,0,1,0,0,2016-11-15 13:35:24-06:00
1,1,0,0,0,0,2016-11-15 15:00:03-06:00
0,0,0,0,0,0,2016-11-15 18:51:19-06:00
0,0,0,0,0,1,2016-11-15 18:51:54-06:00
3,0,0,0,0,0,2016-11-15 19:28:32-06:00
2,1,0,0,0,0,2016-11-15 19:32:42-06:00
3,1,0,3,0,0,2016-11-15 19:35:33-06:00
3,3,2,3,1,3,2016-11-15 20:10:41-06:00
3,2,1,3,0,3,2016-11-15 20:17:30-06:00
2,2,1,2,0,2,2016-11-15 22:09:13-06:00
2,2,2,1,0,1,2016-11-15 22:09:56-06:00
0,1,0,1,0,0,2016-11-15 22:10:47-06:00
0,0,0,0,0,1,2016-11-15 22:11:55-06:00
0,0,0,0,0,0,2016-11-15 22:29:20-06:00
0,0,0,0,0,0,2016-11-15 22:33:33-06:00
0,0,0,0,0,0,2016-11-15 22:36:01-06:00
0,0,0,0,0,0,2016-11-15 22:53:50-06:00
0,0,0,0,0,0,2016-11-15 22:54:57-06:00
0,0,0,0,0,0,2016-11-15 22:55:51-06:00
0,0,0,0,0,1,2016-11-17 10:21:12-05:00
0,0,0,0,0,0,2016-11-17 10:21:41-05:00
0,0,0,0,0,1,2016-11-17 10:28:33-05:00
0,0,0,0,0,0,2016-12-07 01:20:48-06:00
0,0,0,0,0,0,2016-12-07 01:23:02-06:00
0,0,0,0,0,0,2016-12-07 01:29:28-06:00
0,0,0,0,0,0,2016-12-07 01:30:21-06:00
0,0,0,0,0,0,2016-12-07 02:26:19-06:00
0,1,0,0,0,1,2016-12-07 02:54:10-06:00
0,0,0,0,0,0,2016-12-07 02:55:18-06:00
0,0,0,0,0,0,2016-12-07 02:58:41-06:00
0,0,0,0,0,0,2016-12-07 03:02:49-06:00
0,0,0,0,0,0,2016-12-07 11:35:12-06:00
0,0,0,0,0,0,2016-12-07 12:06:33-06:00
1,3,1,0,0,1,2016-12-07 15:07:32-05:00
0,0,0,0,0,0,2016-12-07 15:08:28-05:00
0,0,0,0,0,1,2016-12-16 15:28:16-05:00
0,0,0,0,0,0,2016-12-26 22:00:10-05:00
0,0,0,0,0,0,2017-02-27 15:49:05-05:00
0,0,0,0,0,0,2017-02-27 15:49:13-05:00
0,0,0,0,0,1,2017-05-20 13:54:37-05:00
0,0,0,0,0,1,2017-07-10 20:23:53-05:00
0,0,0,0,0,0,2017-07-12 15:19:46-05:00
0,0,0,1,0,1,2017-07-13 13:05:06-05:00
0,0,1,0,0,2,2017-08-31 22:08:05-05:00
0,0,0,0,0,0,2017-09-01 16:00:54-05:00
0,0,0,0,0,0,2017-09-01 16:01:12-05:00
0,0,0,0,0,0,2017-09-01 16:16:11-05:00
0,0,0,0,0,0,2017-09-01 17:35:46-05:00
1,6,1,6,0,1,2017-10-12 18:41:48-05:00
0,1,0,1,0,0,2017-10-31 19:34:01-05:00
0,1,0,0,0,0,2017-10-31 19:38:13-05:00
0,0,0,0,0,0,2019-05-13 11:31:21-05:00
0,0,0,0,0,0,2019-05-13 13:23:59-05:00
