Acquisition,Preparation,Modeling,Training,Evaluation,Prediction,time
0,0,0,0,0,0,2019-01-21 10:19:13+09:00
4,5,2,2,1,4,2019-01-21 10:20:07+09:00
0,1,0,0,0,1,2019-01-21 11:33:45+09:00
1,0,1,1,0,0,2019-03-10 15:14:44+09:00
0,0,0,0,0,0,2019-05-26 15:45:03+09:00
1,1,1,0,0,0,2019-06-16 00:55:31+09:00
0,2,0,0,0,0,2019-06-16 00:56:06+09:00
1,1,0,0,0,0,2019-06-17 00:08:17+09:00
1,5,1,1,0,1,2019-06-17 19:25:08+09:00
1,3,1,1,0,0,2019-06-17 23:37:08+09:00
1,1,0,0,0,0,2019-06-17 23:39:59+09:00
0,0,0,0,0,0,2019-06-17 23:42:09+09:00
1,1,0,0,0,0,2019-06-18 08:32:11+09:00
2,3,0,0,0,0,2019-06-18 13:58:21+09:00
2,2,2,1,0,0,2019-06-18 18:30:09+09:00
0,1,0,0,0,0,2019-06-18 22:29:37+09:00
1,1,1,0,0,0,2019-06-26 00:40:07+09:00
1,0,0,0,0,0,2019-06-26 00:44:10+09:00
2,2,1,1,0,0,2019-06-26 01:09:41+09:00
1,1,0,0,0,0,2019-06-26 10:52:31+09:00
1,1,1,1,0,0,2019-06-26 10:53:56+09:00
1,1,0,0,0,1,2019-06-27 10:34:27+09:00
4,5,2,2,1,4,2019-06-27 10:44:17+09:00
0,0,0,0,0,0,2019-06-27 10:45:09+09:00
0,0,0,0,0,0,2019-06-27 10:55:07+09:00
1,1,0,0,0,0,2019-07-01 12:35:37+09:00
0,1,0,0,0,0,2019-07-01 12:38:13+09:00
4,3,0,0,0,0,2019-07-01 13:33:31+09:00
0,1,0,0,0,0,2019-07-01 13:34:29+09:00
1,0,0,0,0,0,2019-07-01 13:41:35+09:00
0,1,0,0,0,0,2019-07-01 13:56:24+09:00
1,1,0,0,0,0,2019-07-01 14:22:34+09:00
0,1,0,0,0,0,2019-07-01 16:23:33+09:00
2,2,1,1,0,1,2019-07-01 16:24:17+09:00
1,1,0,0,0,0,2019-07-01 17:09:36+09:00
0,0,0,0,0,0,2019-07-01 17:16:13+09:00
1,1,1,1,0,0,2019-07-02 10:29:48+09:00
2,2,1,1,0,1,2019-07-02 10:33:38+09:00
0,0,0,0,0,0,2019-07-02 16:19:49+09:00
0,1,0,0,0,1,2019-07-02 16:41:03+09:00
0,0,0,0,0,0,2019-07-02 16:51:43+09:00
0,1,0,1,0,0,2019-07-04 12:48:00+09:00
5,4,0,0,0,0,2019-07-04 13:35:17+09:00
5,4,0,0,0,0,2019-07-04 16:52:18+09:00
0,1,0,0,0,0,2019-07-04 16:57:05+09:00
0,0,0,0,0,0,2019-07-04 22:55:35+09:00
0,0,0,0,0,0,2019-07-04 23:27:40+09:00
1,3,1,0,0,1,2019-07-05 12:08:42+09:00
1,1,1,1,0,0,2019-07-05 12:17:14+09:00
0,1,0,0,0,0,2019-07-06 09:57:39+09:00
0,0,0,0,0,0,2019-07-06 09:59:01+09:00
0,0,0,0,0,0,2019-07-06 10:11:30+09:00
0,0,0,0,0,0,2019-07-06 10:16:14+09:00
0,0,0,0,0,0,2019-07-06 10:28:34+09:00
0,0,0,0,0,0,2019-07-06 11:12:36+09:00
0,2,0,0,0,1,2019-07-09 00:30:36+09:00
1,1,0,0,0,0,2019-07-09 00:31:21+09:00
1,1,1,0,0,0,2019-07-09 15:40:32+09:00
1,1,0,0,0,0,2019-07-09 15:41:03+09:00
0,1,0,0,0,0,2019-07-13 10:12:25+09:00
0,2,0,0,0,1,2019-07-13 11:10:29+09:00
0,2,0,0,0,1,2019-07-13 11:12:51+09:00
0,2,0,0,0,1,2019-07-13 11:18:52+09:00
0,1,0,0,0,1,2019-07-13 13:21:49+09:00
1,1,1,0,0,0,2019-07-13 13:22:16+09:00
1,1,1,0,0,0,2019-07-25 21:10:54+09:00
1,1,1,0,0,0,2019-07-25 21:24:44+09:00
0,0,0,0,0,0,2019-07-25 21:32:06+09:00
0,1,0,0,0,0,2019-07-26 19:48:27+09:00
1,1,1,0,0,0,2019-07-26 19:52:03+09:00
1,1,1,1,0,0,2019-07-26 19:52:32+09:00
2,2,1,1,0,1,2019-07-28 10:32:54+09:00
1,1,1,0,0,0,2019-08-03 09:39:35+09:00
1,1,1,0,0,0,2019-08-05 11:26:50+09:00
1,1,1,0,0,0,2019-08-05 12:54:29+09:00
0,0,0,0,0,0,2019-08-05 12:57:53+09:00
1,1,0,0,0,0,2019-08-05 15:13:00+09:00
2,2,0,0,0,0,2019-08-05 15:41:00+09:00
1,1,0,0,0,0,2019-08-05 15:42:50+09:00
1,1,0,0,0,0,2019-08-05 16:26:28+09:00
5,5,0,0,0,0,2019-08-06 15:49:27+09:00
1,1,0,0,0,0,2019-08-06 17:00:46+09:00
0,0,0,0,0,0,2019-08-14 16:04:26+09:00
0,1,0,0,0,0,2019-08-14 16:13:15+09:00
1,2,1,0,0,1,2019-08-14 20:45:28+09:00
0,1,0,0,0,1,2019-08-16 12:50:18+09:00
1,1,1,0,0,0,2019-08-16 12:51:27+09:00
0,0,0,0,0,0,2019-08-16 12:57:05+09:00
1,1,1,0,0,0,2019-08-18 22:04:01+09:00
1,1,1,0,0,0,2019-08-18 22:06:30+09:00
0,1,0,0,0,0,2019-08-19 17:23:55+09:00
1,1,1,0,0,0,2019-08-21 10:30:55+09:00
0,1,0,0,0,1,2019-08-21 10:31:55+09:00
1,1,1,0,0,0,2019-08-24 12:18:27+09:00
0,1,0,0,0,1,2019-08-24 12:19:55+09:00
0,0,0,0,0,0,2019-08-24 12:23:18+09:00
1,1,0,0,0,0,2019-08-24 15:36:52+09:00
1,1,0,0,0,0,2019-08-25 20:04:41+09:00
0,3,0,1,0,0,2019-08-25 20:19:00+09:00
0,0,0,0,0,0,2019-08-25 21:10:49+09:00
0,1,0,0,0,0,2019-08-27 10:26:41+09:00
1,1,0,0,0,1,2019-08-28 19:39:54+09:00
0,0,0,0,0,0,2019-09-05 20:23:35+09:00
2,2,1,1,0,1,2019-09-05 20:25:29+09:00
10,15,2,0,0,2,2019-09-07 12:28:11+09:00
0,1,0,0,0,0,2019-09-07 16:27:23+09:00
0,1,0,0,0,0,2019-09-07 16:58:35+09:00
1,1,1,0,0,0,2019-09-08 06:27:09+09:00
0,1,0,0,0,0,2019-09-08 06:27:48+09:00
1,1,0,0,0,0,2019-09-08 06:30:15+09:00
1,1,0,0,0,1,2019-09-09 12:12:36+09:00
1,1,0,0,0,1,2019-09-10 09:27:04+09:00
0,1,0,0,0,0,2019-09-10 09:28:07+09:00
0,1,0,0,0,0,2019-09-10 09:28:39+09:00
1,1,0,0,0,1,2019-09-14 19:13:20+09:00
0,1,0,0,0,0,2019-09-15 17:36:38+09:00
0,1,0,0,0,1,2019-09-16 20:30:20+09:00
0,2,0,1,0,0,2019-09-19 08:11:14+09:00
0,0,0,0,0,0,2019-09-19 08:21:12+09:00
0,0,0,0,0,0,2019-09-19 08:23:12+09:00
0,0,0,0,0,0,2019-09-19 08:24:57+09:00
0,0,0,0,0,0,2019-09-19 08:30:41+09:00
0,0,0,0,0,0,2019-09-19 09:07:03+09:00
1,1,1,1,0,0,2019-09-20 10:28:32+09:00
0,0,0,0,0,0,2019-09-20 10:31:01+09:00
0,0,0,0,0,0,2019-09-20 11:24:26+09:00
1,1,0,0,0,1,2019-09-25 11:43:36+09:00
1,1,0,0,0,1,2019-09-27 16:54:15+09:00
0,0,0,0,0,0,2019-10-07 16:31:47+09:00
0,1,0,0,0,0,2019-10-12 08:12:58+09:00
1,1,0,0,0,1,2019-10-18 11:29:26+09:00
0,1,0,0,0,0,2019-10-18 22:43:24+09:00
0,1,0,0,0,0,2019-11-03 22:29:26+09:00
