Acquisition,Preparation,Modeling,Training,Evaluation,Prediction,time
0,0,0,0,0,0,2019-07-09 15:59:30+00:00
2,1,0,0,0,1,2019-07-09 16:01:32+00:00
0,0,0,0,0,0,2019-07-09 12:15:54-04:00
0,0,0,0,0,0,2019-07-09 13:01:32-04:00
0,0,0,0,0,0,2019-07-09 14:01:55-04:00
0,0,0,0,0,0,2019-07-09 14:02:13-04:00
0,0,0,0,0,0,2019-07-09 14:27:46-04:00
0,0,0,0,0,0,2019-07-09 14:28:26-04:00
0,0,0,0,0,0,2019-07-09 14:28:52-04:00
0,0,0,0,0,0,2019-07-09 14:29:15-04:00
0,0,0,0,0,0,2019-07-09 14:30:29-04:00
0,0,0,0,0,0,2019-07-09 14:30:55-04:00
0,0,0,0,0,0,2019-07-15 14:01:18-04:00
0,0,0,0,0,0,2019-07-15 14:02:18-04:00
0,0,0,0,0,0,2019-07-15 14:03:03-04:00
0,0,0,0,0,0,2019-07-15 14:03:27-04:00
0,0,0,0,0,0,2019-07-15 14:04:02-04:00
0,0,0,0,0,0,2019-07-15 14:04:35-04:00
0,0,0,0,0,0,2019-07-15 14:06:57-04:00
0,0,0,0,0,0,2019-07-15 14:08:10-04:00
0,0,0,0,0,0,2019-07-15 14:08:56-04:00
0,0,0,0,0,0,2019-07-15 14:12:24-04:00
0,0,0,0,0,0,2019-07-15 14:13:13-04:00
0,0,0,0,0,0,2019-07-15 14:14:05-04:00
0,0,0,0,0,0,2019-07-15 14:14:37-04:00
0,0,0,0,0,0,2019-07-15 14:15:20-04:00
0,0,0,0,0,0,2019-07-15 14:15:53-04:00
0,0,0,0,0,0,2019-07-15 14:16:58-04:00
0,0,0,0,0,0,2019-07-15 14:17:50-04:00
0,0,0,0,0,0,2019-07-15 14:19:07-04:00
0,0,0,0,0,0,2019-07-15 14:19:51-04:00
0,0,0,0,0,0,2019-07-15 14:20:07-04:00
0,0,0,0,0,0,2019-07-17 13:50:04-04:00
0,0,0,0,0,0,2019-07-17 13:54:25-04:00
1,1,0,0,0,1,2019-07-18 13:24:47-04:00
1,1,0,0,0,1,2019-07-18 13:27:27-04:00
0,0,0,0,0,0,2019-07-18 13:39:43-04:00
0,0,0,0,0,0,2019-07-18 14:05:57-04:00
1,1,0,0,0,1,2019-07-19 16:25:36-04:00
0,0,0,0,0,0,2019-07-23 09:43:55-04:00
0,0,0,0,0,0,2019-07-23 09:49:42-04:00
0,0,0,0,0,0,2019-08-04 15:32:31-04:00
0,0,0,0,0,0,2019-08-04 15:38:01-04:00
0,0,0,0,0,0,2019-08-04 15:38:17-04:00
0,0,0,0,0,0,2019-08-04 15:38:51-04:00
0,0,0,0,0,0,2019-08-04 15:40:58-04:00
0,0,0,0,0,0,2019-08-04 15:44:09-04:00
0,0,0,0,0,0,2019-08-04 15:44:44-04:00
0,0,0,0,0,0,2019-08-04 23:37:13-04:00
0,0,0,0,0,0,2020-06-14 10:26:29-04:00
0,0,0,0,0,0,2020-06-14 10:33:27-04:00
0,0,0,0,0,0,2021-10-21 07:34:20-04:00
0,0,0,0,0,0,2021-10-21 07:35:48-04:00
0,0,0,0,0,0,2021-10-21 07:37:20-04:00
0,0,0,0,0,0,2021-10-21 07:37:40-04:00
0,0,0,0,0,0,2021-10-21 07:44:17-04:00
0,0,0,0,0,0,2021-10-21 07:45:00-04:00
1,1,2,0,0,3,2021-10-22 09:14:54-04:00
0,0,1,0,0,1,2021-10-22 09:16:54-04:00
1,0,0,0,0,0,2021-11-01 10:03:05-04:00
0,0,0,0,0,0,2021-11-01 10:07:58-04:00
0,0,0,0,0,0,2021-11-01 10:13:42-04:00
0,0,0,0,0,0,2021-11-01 12:28:40-04:00
0,0,0,0,0,0,2021-11-01 12:29:22-04:00
0,0,0,0,0,0,2021-11-09 10:32:03-05:00
0,0,0,0,0,0,2021-11-09 10:36:34-05:00
0,0,0,0,0,0,2021-11-09 10:39:04-05:00
