Acquisition,Preparation,Modeling,Training,Evaluation,Prediction,time
0,0,0,0,0,0,2014-10-15 16:02:37+02:00
0,3,0,1,0,0,2014-10-15 17:19:31+02:00
0,0,0,0,0,0,2014-10-16 15:17:00+02:00
0,0,0,0,0,0,2014-10-16 16:50:39+02:00
0,0,0,0,0,0,2014-10-17 14:49:22+02:00
0,1,0,1,0,0,2014-10-17 17:05:46+02:00
0,1,0,1,0,0,2014-10-17 20:59:47+02:00
0,0,0,0,0,0,2014-10-20 13:52:36+02:00
0,1,0,0,0,0,2014-10-20 14:55:23+02:00
0,0,0,0,0,0,2014-10-20 15:03:54+02:00
0,1,0,1,0,0,2014-10-20 17:11:06+02:00
0,0,0,0,0,0,2014-10-21 13:33:58+02:00
0,0,0,0,0,0,2014-10-21 14:10:14+02:00
0,0,0,0,0,0,2014-10-21 14:14:24+02:00
0,0,0,0,0,0,2014-10-21 14:19:26+02:00
0,1,0,1,0,1,2014-10-21 18:02:10+02:00
0,1,0,1,0,0,2014-10-27 14:55:17+01:00
0,1,0,1,0,0,2014-10-28 14:33:58+01:00
0,0,0,1,0,0,2014-10-28 16:17:34+01:00
0,2,0,2,0,1,2014-10-29 09:53:56+01:00
0,2,0,1,0,1,2014-10-29 11:38:10+01:00
0,1,0,2,0,1,2014-10-29 12:18:40+01:00
0,0,0,1,0,0,2014-10-30 16:39:32+01:00
0,0,0,0,0,0,2014-10-31 17:36:01+01:00
0,1,0,0,0,0,2014-11-04 13:15:52+01:00
0,0,0,0,0,0,2014-11-06 18:42:04+01:00
0,1,0,1,0,0,2014-11-07 17:47:10+01:00
0,0,0,0,0,0,2014-11-07 17:55:18+01:00
0,0,0,0,0,0,2014-11-07 17:55:54+01:00
0,0,0,1,0,0,2014-11-10 16:49:39+01:00
0,0,0,1,0,0,2014-11-12 13:44:23+01:00
0,0,0,0,0,0,2014-11-12 14:07:01+01:00
0,0,0,0,0,0,2014-11-12 14:09:40+01:00
0,0,0,0,0,0,2014-11-12 14:21:54+01:00
0,0,0,0,0,0,2014-11-12 16:14:05+01:00
0,1,0,0,0,0,2014-11-14 11:46:43+01:00
0,0,0,0,0,0,2014-11-14 12:30:51+01:00
0,1,0,0,0,0,2014-11-14 14:22:02+01:00
0,1,0,0,0,0,2014-11-14 14:23:02+01:00
0,2,0,1,0,1,2014-11-14 15:41:13+01:00
0,0,0,0,0,0,2014-11-17 00:26:55+01:00
0,2,0,3,1,1,2014-11-17 01:58:53+01:00
0,2,0,4,1,3,2014-11-17 11:56:05+01:00
0,2,0,2,0,0,2014-11-17 11:58:30+01:00
0,1,0,2,1,1,2014-11-17 15:50:10+01:00
0,1,0,1,0,1,2014-11-17 17:11:27+01:00
0,0,0,1,0,0,2014-11-17 17:15:33+01:00
0,0,0,0,0,0,2014-11-17 20:06:43+01:00
0,1,0,0,0,0,2014-11-20 15:32:46+01:00
0,1,0,0,0,0,2014-11-22 14:18:37+01:00
0,0,0,0,0,0,2014-11-22 14:20:45+01:00
0,0,0,0,0,0,2014-11-22 14:27:54+01:00
0,0,0,1,0,0,2014-11-22 15:40:36+01:00
0,1,1,2,0,0,2014-11-22 16:07:02+01:00
0,0,0,0,0,0,2014-11-22 16:13:48+01:00
0,0,0,0,0,0,2014-11-22 16:25:13+01:00
0,0,0,0,0,0,2014-11-22 17:27:34+01:00
0,1,0,0,0,0,2014-11-23 13:59:48+01:00
0,1,0,0,0,0,2014-11-23 20:14:16+01:00
0,0,0,0,0,0,2014-11-23 21:55:52+01:00
0,0,0,1,0,0,2014-11-23 22:39:31+01:00
0,1,1,1,0,1,2014-11-24 08:25:28+01:00
0,0,0,0,0,0,2014-11-24 11:40:24+01:00
0,0,1,1,0,0,2014-11-24 12:04:19+01:00
0,1,0,1,0,1,2014-11-24 14:07:12+01:00
0,1,0,1,0,0,2014-11-24 14:15:49+01:00
0,1,0,1,0,0,2014-11-24 15:03:09+01:00
0,1,0,1,0,0,2014-11-24 16:10:59+01:00
0,0,0,0,0,0,2014-11-24 16:14:07+01:00
0,2,0,2,0,0,2014-11-25 02:37:05+01:00
0,1,0,0,0,0,2014-11-25 11:58:01+01:00
0,1,0,1,0,0,2014-11-25 12:10:02+01:00
0,0,0,0,0,0,2014-11-25 12:13:01+01:00
0,0,0,0,0,0,2014-11-25 16:10:29+01:00
0,2,0,1,0,1,2014-11-26 12:02:36+01:00
0,0,0,0,0,0,2014-11-26 12:02:41+01:00
0,0,0,0,0,0,2014-11-26 12:03:30+01:00
0,1,0,1,0,1,2014-11-27 14:15:31+01:00
0,2,0,1,0,1,2014-12-01 14:59:24+01:00
0,0,0,0,0,0,2014-12-01 14:59:29+01:00
0,1,0,0,0,0,2014-12-01 16:55:36+01:00
0,0,0,0,0,0,2014-12-01 17:20:35+01:00
0,0,0,0,0,0,2014-12-02 00:53:04+01:00
0,0,0,0,0,0,2014-12-02 00:54:36+01:00
0,0,0,0,0,0,2014-12-02 10:45:46+01:00
0,0,0,0,0,0,2014-12-02 17:03:38+01:00
0,0,0,0,0,0,2014-12-02 18:46:50+01:00
0,1,0,0,0,0,2014-12-02 18:54:38+01:00
0,1,0,1,0,1,2014-12-04 17:08:10+01:00
0,0,0,0,0,0,2014-12-04 17:08:37+01:00
0,1,0,1,0,1,2014-12-05 11:48:33+01:00
0,0,0,0,0,0,2014-12-08 18:09:44+01:00
0,1,0,1,0,0,2014-12-08 18:30:47+01:00
1,1,0,0,0,0,2014-12-08 18:55:00+01:00
0,0,0,0,0,0,2014-12-08 19:22:22+01:00
0,0,0,0,0,0,2014-12-08 19:44:34+01:00
0,0,0,0,0,0,2014-12-08 19:56:20+01:00
0,0,0,0,0,0,2014-12-09 16:09:19+01:00
0,0,0,0,0,0,2015-02-16 15:14:09+01:00
0,0,0,0,0,0,2015-02-16 16:08:49+01:00
0,0,0,0,0,0,2015-04-21 14:25:00+02:00
0,0,0,0,0,0,2015-04-21 14:31:25+02:00
0,0,0,0,0,0,2015-04-21 14:33:17+02:00
0,4,0,1,0,0,2015-04-23 15:40:31+02:00
0,0,0,0,0,0,2015-04-23 15:46:42+02:00
0,3,0,3,0,1,2015-04-28 17:16:59+02:00
0,0,0,0,0,0,2015-04-28 23:38:56+02:00
0,2,0,2,0,0,2015-05-03 21:48:23+02:00
0,2,0,2,0,0,2015-05-04 13:49:05+02:00
0,2,0,2,0,0,2015-05-04 14:09:57+02:00
0,1,0,1,0,0,2015-05-04 15:53:20+02:00
0,3,0,3,0,0,2015-05-04 22:44:26+02:00
0,1,0,0,0,0,2015-05-05 00:59:26+02:00
0,2,0,2,0,0,2015-05-05 17:31:47+02:00
0,1,0,1,0,0,2015-05-05 18:29:30+02:00
0,2,0,2,0,1,2015-05-09 13:51:58+02:00
0,1,0,0,0,0,2015-05-09 14:32:06+02:00
0,2,0,2,0,1,2015-05-09 15:09:46+02:00
0,1,0,1,0,0,2015-05-11 09:32:38+02:00
1,2,0,1,0,1,2015-05-11 17:12:57+02:00
0,0,0,0,0,0,2015-05-12 10:49:30+02:00
0,0,0,0,0,0,2015-05-13 13:10:27+02:00
0,3,0,2,0,0,2015-05-13 14:05:22+02:00
0,0,0,0,0,0,2015-05-13 14:05:39+02:00
0,1,0,1,0,0,2015-05-13 15:32:50+02:00
0,1,0,1,0,0,2015-05-14 09:56:31+02:00
0,0,0,1,0,0,2015-05-14 10:29:21+02:00
0,1,0,1,0,0,2015-05-15 14:13:24+02:00
0,5,0,3,1,1,2015-05-17 21:11:05+02:00
0,1,0,1,0,0,2015-05-18 14:31:45+02:00
0,0,0,0,0,0,2015-05-20 09:50:40+02:00
0,0,0,0,0,0,2015-05-20 12:17:09+02:00
0,0,0,0,0,0,2015-05-20 12:17:38+02:00
0,7,0,4,1,2,2015-06-01 09:51:21+02:00
0,1,0,1,0,0,2015-06-01 12:10:37+02:00
0,1,0,0,0,0,2015-06-01 13:54:30+02:00
0,1,0,0,0,0,2015-06-01 14:24:35+02:00
0,1,0,0,0,0,2015-06-01 14:42:47+02:00
0,1,0,0,0,0,2015-06-01 17:15:47+02:00
0,1,0,0,0,0,2015-06-01 18:55:07+02:00
0,1,0,1,0,0,2015-06-02 11:57:38+02:00
0,1,0,0,0,0,2015-06-02 12:22:09+02:00
0,0,0,0,0,0,2015-06-02 15:01:56+02:00
0,1,0,0,0,0,2015-06-02 16:43:55+02:00
0,0,0,0,0,0,2015-06-02 16:46:43+02:00
0,2,0,2,0,1,2015-06-04 13:04:30+02:00
0,2,1,3,0,1,2015-06-05 10:21:50+02:00
0,2,1,2,0,2,2015-06-05 15:55:13+02:00
0,3,1,4,0,3,2015-06-05 15:59:39+02:00
0,0,0,0,0,0,2015-06-08 10:02:19+02:00
0,4,1,3,0,2,2015-06-08 16:31:09+02:00
0,0,0,0,0,0,2015-06-08 16:35:01+02:00
0,20,5,24,0,9,2015-06-09 15:29:47+02:00
0,0,0,0,0,0,2015-06-09 15:48:14+02:00
0,7,0,5,1,1,2015-06-10 17:52:22+02:00
0,1,0,1,0,0,2015-06-10 17:54:18+02:00
1,1,0,0,0,0,2015-06-11 13:48:19+02:00
0,0,0,0,0,0,2015-06-11 13:58:36+02:00
1,1,0,0,0,0,2015-06-11 14:25:20+02:00
1,1,0,0,0,0,2015-06-11 14:51:44+02:00
0,0,0,0,0,0,2015-06-11 15:06:39+02:00
0,1,0,0,0,0,2015-06-11 17:20:54+02:00
0,0,0,0,0,0,2015-06-11 17:29:35+02:00
0,0,0,0,0,0,2015-06-11 17:36:21+02:00
1,1,0,0,0,0,2015-06-11 17:45:40+02:00
0,0,0,0,0,0,2015-06-11 17:47:16+02:00
0,0,0,0,0,0,2015-06-11 18:03:47+02:00
1,1,0,0,0,0,2015-06-11 21:28:20-04:00
0,0,0,0,0,0,2015-06-11 21:33:44-04:00
0,0,0,0,0,0,2015-06-11 21:48:24-04:00
0,0,0,0,0,0,2015-06-12 07:52:40+02:00
0,2,0,2,0,0,2015-06-12 15:13:42+02:00
0,0,0,0,0,0,2015-06-12 16:01:04+02:00
0,2,0,2,0,0,2015-06-12 16:14:26+02:00
0,0,0,0,0,0,2015-06-12 16:14:56+02:00
0,2,0,0,0,0,2015-06-12 18:44:32+02:00
0,0,0,0,0,0,2015-06-13 09:31:10+02:00
0,0,0,0,0,0,2015-06-13 09:54:57+02:00
0,2,0,2,0,0,2015-06-13 10:02:30+02:00
1,2,0,0,0,0,2015-06-13 10:07:00+02:00
0,0,0,0,0,0,2015-06-13 10:14:34+02:00
0,0,0,1,0,0,2015-06-13 10:17:50+02:00
0,0,0,0,0,0,2015-06-13 10:46:15+02:00
1,1,0,0,0,0,2015-06-13 14:48:21-04:00
0,0,0,0,0,0,2015-06-14 11:25:00+02:00
0,1,0,0,0,0,2015-06-15 11:43:24+02:00
0,1,0,0,0,0,2015-06-15 12:42:09+02:00
0,1,0,0,0,0,2015-06-15 14:40:13+02:00
0,1,0,1,0,0,2015-06-15 16:17:54+02:00
0,2,0,0,0,0,2015-06-16 12:10:51+02:00
0,4,0,4,0,0,2015-06-16 12:50:36+02:00
0,2,0,0,0,0,2015-06-16 13:31:04+02:00
0,0,0,0,0,0,2015-06-16 13:31:23+02:00
0,2,0,0,0,0,2015-06-16 13:51:04+02:00
0,5,0,4,0,0,2015-06-16 14:25:26+02:00
0,1,0,1,0,0,2015-06-16 14:30:30+02:00
0,1,0,1,0,0,2015-06-16 17:27:44+02:00
0,0,0,0,0,0,2015-06-17 09:43:17+02:00
0,0,0,0,0,0,2015-06-17 09:44:30+02:00
0,0,0,0,0,0,2015-06-17 10:38:44+02:00
0,0,0,0,0,0,2015-06-17 10:44:05+02:00
0,12,1,12,1,6,2015-06-17 11:12:01+02:00
0,0,0,0,0,0,2015-06-17 11:12:40+02:00
0,1,0,1,0,1,2015-06-17 11:29:07+02:00
0,1,0,0,0,0,2015-06-17 11:30:52+02:00
0,0,0,0,0,0,2015-06-17 11:31:28+02:00
0,3,0,1,0,1,2015-06-17 11:42:17+02:00
0,0,0,0,0,0,2015-06-17 11:48:49+02:00
0,1,0,0,0,0,2015-06-17 11:49:39+02:00
0,1,0,1,0,1,2015-06-17 11:10:58+02:00
0,2,0,2,0,0,2015-06-17 11:29:16+02:00
0,0,0,0,0,0,2015-06-17 11:47:30+02:00
0,10,0,6,0,1,2015-06-17 14:03:06+02:00
0,0,0,1,0,1,2015-06-17 11:57:45+02:00
0,0,0,0,0,1,2015-06-17 15:01:03+02:00
0,5,1,5,0,3,2015-06-17 15:15:57+02:00
0,2,0,0,0,0,2015-06-17 15:55:53+02:00
0,0,0,0,0,1,2015-06-17 16:11:13+02:00
0,1,0,0,0,0,2015-06-17 16:52:48+02:00
0,0,0,0,0,0,2015-06-17 17:36:04+02:00
0,0,0,0,0,0,2015-06-17 17:38:23+02:00
1,1,0,0,0,0,2015-06-17 17:53:22+02:00
0,0,0,0,0,0,2015-06-17 17:59:11+02:00
1,1,0,0,0,0,2015-06-17 18:01:43+02:00
0,1,0,1,0,0,2015-06-17 19:17:35+02:00
1,1,0,0,0,0,2015-06-17 19:30:25+02:00
0,1,0,1,0,0,2015-06-17 20:02:40+02:00
1,1,0,0,0,0,2015-06-17 20:05:12+02:00
0,0,0,0,0,0,2015-06-18 11:35:24+02:00
0,0,0,0,0,0,2015-06-18 13:56:32+02:00
0,1,0,0,0,0,2015-06-18 14:09:25+02:00
0,2,0,0,0,0,2015-06-18 16:06:32+02:00
0,1,0,0,0,0,2015-06-18 16:28:53+02:00
0,0,0,0,0,0,2015-06-19 09:44:58+02:00
0,1,0,1,0,0,2015-06-23 10:43:03+02:00
0,3,0,0,0,0,2015-06-23 15:15:17+02:00
0,1,0,0,0,0,2015-06-23 16:52:14+02:00
1,7,1,7,0,3,2015-06-23 18:57:14+02:00
0,0,0,0,0,0,2015-06-23 19:31:02+02:00
0,0,0,0,0,0,2015-06-23 19:48:07+02:00
0,0,0,0,0,0,2015-06-24 08:22:46+02:00
0,2,0,1,0,0,2015-06-24 15:03:19+02:00
0,1,0,1,0,0,2015-06-24 15:14:36+02:00
1,1,0,0,0,0,2015-06-24 15:19:23+02:00
0,1,0,1,0,1,2015-07-23 08:43:51+02:00
0,1,0,1,0,1,2015-07-23 14:36:14+02:00
0,0,0,0,0,0,2015-07-23 14:36:19+02:00
0,0,0,0,0,0,2015-08-03 09:16:29+02:00
0,0,0,0,0,0,2016-02-02 07:29:42-05:00
0,0,0,0,0,0,2016-02-02 13:32:01+01:00
0,0,0,0,0,0,2016-02-14 22:33:25+01:00
0,0,0,0,0,0,2016-02-14 22:33:39+01:00
0,0,0,0,0,0,2016-02-16 15:24:36+01:00
0,1,0,2,0,2,2016-02-16 17:26:59+01:00
0,0,0,0,0,0,2016-02-16 17:29:01+01:00
0,0,0,0,0,0,2016-02-16 18:28:44+01:00
0,0,0,0,0,0,2016-02-17 08:11:24+01:00
0,1,0,1,0,0,2015-11-20 16:08:12+01:00
0,1,0,1,0,0,2015-11-20 16:08:37+01:00
0,1,0,1,0,1,2015-11-20 16:15:01+01:00
0,1,0,1,0,1,2015-11-20 17:33:23+01:00
0,1,0,1,0,0,2015-12-08 09:42:37+01:00
0,0,2,5,0,5,2016-05-27 13:50:30+02:00
0,0,2,3,0,2,2015-12-07 15:40:26+01:00
0,0,2,2,0,2,2015-12-07 15:51:16+01:00
0,0,2,2,0,2,2016-05-27 17:48:23+02:00
0,0,0,0,0,0,2016-06-06 17:58:25+02:00
0,0,0,0,0,0,2016-06-09 10:34:06+02:00
1,1,0,0,0,0,2016-05-17 14:56:46+02:00
0,1,0,1,0,1,2016-05-17 17:59:27+02:00
0,3,0,2,0,1,2016-05-17 18:51:21+02:00
0,1,0,1,0,1,2016-05-27 18:02:38+02:00
0,2,1,2,0,2,2016-05-30 13:49:48+02:00
0,2,1,2,0,2,2016-06-01 14:03:27+02:00
0,0,0,0,0,0,2016-06-14 22:43:41+02:00
0,0,1,1,0,2,2016-08-08 09:40:24+02:00
0,0,1,1,0,1,2016-08-08 14:28:59+02:00
0,0,0,0,0,0,2016-08-08 15:48:55+02:00
0,2,1,2,0,2,2016-08-08 16:18:34+02:00
0,0,0,0,0,0,2016-08-10 14:05:31+02:00
0,2,2,1,0,0,2016-08-25 15:52:00+02:00
0,0,0,0,0,0,2016-08-25 15:52:27+02:00
0,1,1,0,0,0,2016-08-25 17:21:32+02:00
0,1,1,0,0,0,2016-08-25 18:31:12+02:00
0,0,1,1,0,1,2016-08-29 15:06:15+02:00
0,0,0,0,0,0,2016-08-31 08:39:19+02:00
0,0,0,0,0,0,2016-08-31 09:22:29+02:00
0,0,0,0,0,0,2016-09-05 11:23:03+02:00
0,0,0,0,0,0,2016-09-06 18:27:50+02:00
0,0,0,0,0,0,2017-10-12 10:57:10+02:00
0,0,0,0,0,0,2017-10-19 16:21:31+02:00
0,0,0,0,0,0,2017-10-19 16:21:53+02:00
0,1,1,1,0,1,2017-10-24 12:08:20+02:00
