Acquisition,Preparation,Modeling,Training,Evaluation,Prediction,time
0,0,0,0,0,0,2019-01-25 22:44:37+08:00
2,2,0,0,0,0,2019-02-08 18:30:00+08:00
2,2,0,0,0,0,2019-02-08 18:54:02+08:00
2,2,0,0,0,0,2019-02-08 22:26:51+08:00
2,2,0,0,0,0,2019-02-09 18:02:00+08:00
2,2,0,0,0,0,2019-02-09 23:39:29+08:00
2,2,0,0,0,0,2019-02-10 15:15:35+08:00
2,2,0,0,0,0,2019-02-10 17:25:39+08:00
2,2,0,0,0,0,2019-02-10 23:09:11+08:00
2,2,0,0,0,0,2019-02-15 18:54:33+08:00
2,2,0,0,0,0,2019-02-15 20:39:38+08:00
2,2,0,0,0,0,2019-02-15 22:55:36+08:00
2,2,0,0,0,0,2019-02-17 01:26:22+08:00
2,2,0,0,0,0,2019-02-17 19:00:59+08:00
0,0,0,0,0,0,2019-02-19 23:47:22+08:00
3,3,2,2,0,2,2019-02-21 20:41:30+08:00
2,2,2,2,0,2,2019-02-22 02:41:00+08:00
5,5,3,3,0,3,2019-02-22 04:03:09+08:00
2,2,0,0,0,0,2019-02-22 18:04:27+08:00
2,2,2,2,0,2,2019-02-22 22:53:28+08:00
4,4,4,4,0,4,2019-02-22 23:29:28+08:00
3,3,3,3,0,3,2019-02-23 00:05:17+08:00
5,5,5,5,0,5,2019-02-26 18:23:19+08:00
0,0,0,0,0,0,2019-02-26 21:25:02+08:00
0,0,0,0,0,0,2019-02-26 22:55:19+08:00
3,3,2,2,0,2,2019-03-03 19:59:07+08:00
0,0,0,0,0,0,2019-03-05 01:08:21+08:00
6,6,5,5,0,5,2019-03-10 03:03:15+08:00
2,2,2,2,0,2,2019-03-10 18:27:24+08:00
2,2,2,2,0,2,2019-03-11 14:34:19+08:00
2,2,2,2,0,2,2019-03-12 13:55:24+08:00
6,6,6,6,0,6,2019-03-14 10:40:02+08:00
6,6,4,4,0,4,2019-03-19 22:42:24+08:00
2,2,2,2,0,2,2019-03-19 22:58:59+08:00
3,3,3,3,0,3,2019-03-19 23:49:49+08:00
9,9,4,4,0,4,2019-03-30 17:48:43+08:00
4,4,3,3,0,3,2019-04-03 23:08:49+08:00
1,1,1,1,0,1,2019-04-05 18:14:35+08:00
1,1,1,1,0,1,2019-04-05 20:36:13+08:00
3,3,1,1,0,1,2019-04-06 17:20:35+08:00
1,1,1,1,0,1,2019-04-07 17:46:39+08:00
7,7,5,5,0,5,2019-04-08 00:05:51+08:00
4,4,3,3,0,3,2019-04-09 13:57:55+08:00
2,2,2,2,0,2,2019-04-09 16:05:14+08:00
8,8,5,5,0,5,2019-04-13 15:30:42+08:00
4,4,3,3,0,3,2019-04-13 16:01:34+08:00
1,1,1,1,0,1,2019-04-15 15:15:31+08:00
2,2,2,2,2,1,2019-04-15 15:34:01+08:00
1,1,1,1,1,0,2019-04-15 16:35:05+08:00
5,5,4,4,2,2,2019-04-17 03:04:55+08:00
1,1,1,1,0,1,2019-04-17 13:32:24+08:00
1,1,1,1,0,1,2019-04-17 18:26:31+08:00
0,0,0,0,0,0,2019-04-17 20:08:03+08:00
3,3,3,3,0,3,2019-04-17 23:15:37+08:00
3,3,2,2,0,2,2019-04-18 18:14:38+08:00
2,2,1,1,0,1,2019-04-24 17:54:49+08:00
6,6,3,3,0,3,2019-04-30 21:55:43+08:00
10,10,7,7,1,6,2019-05-19 23:17:41+08:00
3,3,2,2,0,2,2019-05-30 22:54:03+08:00
4,4,2,2,0,2,2019-06-11 17:05:39+08:00
4,4,0,0,0,1,2019-06-13 20:25:23+08:00
0,0,0,0,0,0,2019-06-13 20:35:58+08:00
0,0,0,0,0,0,2019-06-13 21:40:28+08:00
0,0,0,0,0,0,2019-06-26 15:27:55+08:00
0,0,0,0,0,0,2019-06-26 15:34:52+08:00
0,0,0,0,0,0,2019-06-26 15:53:40+08:00
0,0,0,0,0,0,2019-06-26 16:29:00+08:00
0,0,0,0,0,0,2019-06-26 17:27:39+08:00
0,0,0,0,0,0,2019-06-26 18:16:11+08:00
