Acquisition,Preparation,Modeling,Training,Evaluation,Prediction,time
0,0,0,0,0,0,2020-12-21 11:35:14+01:00
2,2,0,0,0,0,2020-12-21 21:16:49+01:00
0,0,0,0,0,0,2020-12-21 21:28:03+01:00
0,0,0,0,0,0,2020-12-21 21:33:50+01:00
1,1,1,1,0,0,2020-12-21 22:59:15+01:00
0,0,0,0,0,0,2020-12-21 23:20:47+01:00
0,0,0,1,0,0,2020-12-28 13:30:04+01:00
1,1,1,2,0,0,2020-12-28 14:45:30+01:00
0,0,0,2,0,0,2020-12-28 22:14:13+01:00
0,0,0,0,1,0,2020-12-28 23:25:48+01:00
1,0,0,0,1,0,2020-12-28 23:49:42+01:00
1,0,0,0,1,0,2020-12-29 00:04:14+01:00
2,0,0,1,1,0,2020-12-29 13:59:45+01:00
1,0,0,1,0,0,2020-12-29 14:36:42+01:00
3,3,3,1,2,0,2020-12-30 22:48:59+01:00
0,0,0,1,0,0,2020-12-30 23:13:05+01:00
1,1,1,1,0,0,2020-12-31 00:02:46+01:00
2,3,0,1,0,4,2021-01-05 00:08:05+01:00
0,0,0,0,0,0,2021-01-05 11:49:48+01:00
1,1,1,0,0,0,2021-01-05 18:49:23+01:00
1,1,1,1,0,0,2021-01-05 20:35:13+01:00
0,0,0,1,0,0,2021-01-05 20:48:55+01:00
0,0,0,1,0,0,2021-01-05 21:41:08+01:00
0,0,0,1,0,0,2021-01-05 21:46:14+01:00
1,2,1,1,0,1,2021-01-19 13:23:47+01:00
0,0,0,1,0,0,2021-01-19 13:25:54+01:00
0,0,0,1,0,0,2021-01-19 13:39:18+01:00
0,0,0,0,0,0,2021-01-19 13:43:38+01:00
0,0,0,1,0,0,2021-01-19 14:02:47+01:00
0,0,0,1,0,0,2021-01-19 14:36:12+01:00
0,0,0,1,0,0,2021-01-19 14:57:14+01:00
0,0,0,1,0,0,2021-01-19 15:01:08+01:00
0,0,0,1,0,0,2021-01-19 15:10:31+01:00
0,0,0,0,0,0,2021-01-19 19:03:09+01:00
1,0,0,0,0,0,2021-01-21 12:02:32+01:00
1,1,0,0,0,0,2021-01-21 13:13:01+01:00
1,1,0,0,0,0,2021-01-21 13:15:36+01:00
1,1,0,0,0,0,2021-01-21 13:34:19+01:00
0,0,0,0,0,0,2021-01-21 14:11:22+01:00
1,1,0,0,0,0,2021-01-21 14:42:48+01:00
0,0,0,0,0,0,2021-01-21 15:14:42+01:00
1,1,0,0,0,0,2021-01-21 17:05:15+01:00
1,1,0,0,0,0,2021-01-21 18:21:31+01:00
0,0,0,0,0,0,2021-01-21 18:41:31+01:00
1,1,0,0,0,0,2021-01-21 18:45:08+01:00
0,0,0,0,0,0,2021-01-21 21:02:41+01:00
1,1,0,0,0,0,2021-01-21 21:58:07+01:00
0,0,0,0,0,0,2021-01-21 22:41:29+01:00
1,1,0,0,0,0,2021-01-21 22:48:17+01:00
1,0,0,1,0,0,2021-02-03 17:20:39+01:00
0,0,0,0,0,0,2021-02-03 17:34:19+01:00
0,0,0,1,0,0,2021-02-03 18:13:37+01:00
0,0,0,1,0,0,2021-02-03 18:18:52+01:00
0,0,0,0,0,0,2021-02-03 22:47:58+01:00
2,2,1,0,0,0,2021-02-04 23:26:23+01:00
1,1,1,0,0,0,2021-02-04 23:31:36+01:00
1,1,1,0,0,0,2021-02-04 23:34:26+01:00
1,1,1,0,0,0,2021-02-05 00:53:35+01:00
1,1,1,0,0,0,2021-02-05 01:22:21+01:00
0,0,0,0,0,0,2021-02-05 01:44:05+01:00
0,0,0,1,0,0,2021-02-05 01:58:40+01:00
0,0,0,1,0,0,2021-02-05 16:20:19+01:00
2,2,0,0,0,2,2021-03-10 15:46:09+01:00
2,2,0,0,0,2,2021-03-10 16:05:23+01:00
1,1,1,0,0,1,2021-03-10 16:44:20+01:00
1,1,1,0,0,1,2021-03-10 17:13:08+01:00
0,0,0,0,0,0,2021-03-10 17:29:32+01:00
2,2,1,0,0,1,2021-03-10 19:11:47+01:00
