Acquisition,Preparation,Modeling,Training,Evaluation,Prediction,time
0,0,0,0,0,0,2019-12-11 18:16:24+01:00
1,12,2,2,0,1,2019-12-11 18:21:44+01:00
0,4,1,0,0,0,2019-12-16 10:36:53+01:00
0,0,0,0,0,0,2019-12-16 23:27:55+01:00
0,5,1,0,0,0,2019-12-17 13:51:11+01:00
0,2,0,0,0,0,2019-12-17 14:13:19+01:00
0,0,0,0,0,0,2019-12-17 14:23:43+01:00
0,2,0,0,0,0,2019-12-18 11:20:36+01:00
0,1,0,0,0,0,2019-12-20 16:52:37+01:00
0,3,0,0,0,0,2019-12-20 16:32:16+01:00
0,0,0,0,0,0,2019-12-31 14:39:07+01:00
0,0,0,0,0,0,2019-12-31 14:40:47+01:00
0,4,1,0,0,0,2019-12-20 18:57:22+01:00
0,0,0,0,0,0,2020-01-03 11:17:54+01:00
0,3,0,0,0,0,2020-01-03 11:36:15+01:00
0,0,0,0,0,0,2020-01-05 11:28:13+01:00
1,25,4,5,0,3,2020-11-11 16:52:05+01:00
0,0,0,0,0,0,2020-11-17 21:01:13+01:00
0,0,0,0,0,0,2020-11-17 22:29:52+01:00
0,0,0,0,0,0,2020-11-18 17:13:38+01:00
0,0,0,0,0,0,2020-11-18 20:22:25+01:00
0,0,0,0,0,0,2020-11-18 20:39:59+01:00
0,3,1,2,0,1,2020-11-19 11:04:20+01:00
0,0,0,0,0,0,2020-11-19 11:11:32+01:00
0,0,0,0,0,0,2020-11-19 11:20:34+01:00
0,0,0,0,0,0,2020-11-19 11:30:55+01:00
0,0,0,0,0,0,2020-11-19 12:56:53+01:00
0,0,0,0,0,0,2020-11-19 13:09:04+01:00
0,3,1,2,0,1,2020-11-20 21:34:00+01:00
0,0,0,0,0,0,2020-11-20 21:44:33+01:00
0,4,1,2,0,1,2020-11-23 14:49:39+01:00
0,0,0,0,0,0,2020-11-23 16:25:32+01:00
0,3,2,3,0,1,2020-11-23 20:19:48+01:00
0,2,1,2,0,1,2020-11-24 09:08:34+01:00
0,4,2,3,1,3,2020-11-24 08:13:54+01:00
0,0,0,0,0,0,2020-11-24 10:51:35+01:00
0,5,2,2,0,0,2021-08-24 18:28:26+02:00
0,5,1,1,0,0,2021-08-25 13:26:04+02:00
0,5,2,2,0,0,2021-08-25 21:08:32+02:00
0,6,2,2,0,0,2021-08-27 14:46:54+02:00
0,9,3,3,0,0,2021-08-30 12:00:53+02:00
0,13,5,5,1,3,2021-08-30 12:37:51+02:00
0,0,0,0,0,0,2021-08-31 11:59:52+02:00
0,5,2,2,0,1,2021-09-01 22:06:14+02:00
0,0,0,0,0,0,2021-09-02 10:58:57+02:00
2,8,3,5,1,3,2021-09-02 14:55:33+02:00
0,0,0,0,0,0,2021-09-08 11:48:30+02:00
0,8,3,3,1,2,2021-09-08 19:35:23+02:00
0,0,0,0,0,0,2021-09-11 16:26:59+02:00
3,7,3,4,1,1,2021-09-24 10:23:32+02:00
0,0,0,0,0,0,2021-09-24 12:51:15+02:00
0,0,0,0,0,0,2021-09-27 12:07:01+02:00
0,0,0,0,0,0,2021-09-27 12:07:45+02:00
0,7,1,1,1,1,2021-09-27 11:37:00+02:00
0,0,0,0,0,0,2021-09-27 12:32:54+02:00
0,8,1,1,1,1,2021-09-27 11:52:46+02:00
0,0,0,0,0,0,2021-09-27 14:02:54+02:00
0,4,1,2,1,2,2021-09-27 14:02:24+02:00
0,0,0,0,0,0,2021-09-27 18:06:29+02:00
0,1,0,0,0,0,2021-09-27 16:36:01+02:00
0,0,0,0,0,0,2021-09-27 18:08:14+02:00
0,1,0,0,0,0,2021-09-28 09:07:12+02:00
0,0,0,0,0,0,2021-09-28 11:32:26+02:00
3,19,7,9,2,4,2021-09-27 18:30:11+02:00
0,0,0,0,0,0,2021-10-05 13:22:57+02:00
7,18,8,10,1,6,2021-10-12 10:37:38+02:00
0,0,0,0,0,0,2021-10-23 09:40:43+02:00
11,23,5,7,3,6,2021-10-25 16:53:00+02:00
0,0,0,0,0,0,2021-11-05 15:57:45+01:00
4,16,2,5,3,3,2021-11-07 11:38:18+01:00
0,0,0,0,0,0,2022-02-25 18:11:18+01:00
