Acquisition,Preparation,Modeling,Training,Evaluation,Prediction,time
0,0,0,0,0,0,2020-12-18 13:06:47-05:00
0,0,0,0,0,0,2020-12-21 13:12:16-05:00
0,0,0,0,0,0,2021-01-04 12:59:20-05:00
0,0,0,0,0,0,2021-01-04 13:14:27-05:00
0,0,0,0,0,0,2021-01-04 13:32:04-05:00
0,0,0,0,0,0,2021-01-04 13:59:58-05:00
0,0,0,0,0,0,2021-01-04 14:06:14-05:00
0,0,0,0,0,0,2021-01-04 14:06:27-05:00
0,0,0,0,0,0,2021-01-04 14:07:31-05:00
0,0,0,0,0,0,2021-01-04 14:15:06-05:00
0,0,0,0,0,0,2021-01-04 14:22:14-05:00
0,0,0,0,0,0,2021-01-04 20:56:53-05:00
0,0,0,0,0,0,2021-01-05 13:25:32-05:00
0,0,0,0,0,0,2021-01-05 13:43:24-05:00
0,0,0,0,0,0,2021-01-05 13:53:26-05:00
0,0,0,0,0,0,2021-01-05 13:56:04-05:00
0,0,0,0,0,0,2021-01-05 13:58:18-05:00
1,0,0,0,0,0,2021-01-05 14:27:00-05:00
1,0,0,0,0,0,2021-01-05 21:31:49-05:00
1,0,0,1,0,0,2021-01-06 00:20:20-05:00
2,1,0,1,0,0,2021-01-06 09:21:56-05:00
1,1,0,1,0,0,2021-01-06 09:33:30-05:00
1,1,0,1,0,0,2021-01-07 14:23:17-05:00
1,1,0,1,0,0,2021-01-08 13:36:13-05:00
1,1,1,1,0,0,2021-01-10 17:21:06-05:00
1,1,1,1,0,0,2021-01-10 17:22:26-05:00
1,1,1,1,1,0,2021-01-10 18:42:00-05:00
1,1,1,1,1,0,2021-01-10 19:25:19-05:00
1,1,1,1,1,0,2021-01-10 19:48:11-05:00
1,1,1,1,1,0,2021-01-10 23:23:35-05:00
1,1,1,1,1,1,2021-01-11 13:29:01-05:00
1,1,1,1,1,1,2021-01-11 14:21:24-05:00
1,1,1,1,1,1,2021-01-11 14:30:10-05:00
0,0,0,0,0,0,2021-01-12 11:22:45-05:00
0,0,0,0,0,0,2021-01-12 14:29:29-05:00
0,0,0,0,0,0,2021-01-13 12:42:59-05:00
0,0,0,0,0,0,2021-01-13 12:43:03-05:00
0,0,0,0,0,0,2021-01-13 14:45:24-05:00
0,0,0,0,0,0,2021-01-13 14:46:44-05:00
0,0,0,0,0,0,2021-01-13 14:46:47-05:00
0,0,0,0,0,0,2021-01-13 15:07:14-05:00
1,1,1,1,1,1,2021-01-14 12:35:32-05:00
0,0,0,0,0,0,2021-01-14 14:04:00-05:00
0,0,0,0,0,0,2021-01-14 14:28:04-05:00
4,3,1,1,1,3,2021-01-15 01:13:58-05:00
2,2,0,0,0,2,2021-01-15 13:34:11-05:00
0,0,0,0,0,0,2021-01-19 16:06:13-05:00
1,1,0,0,0,1,2021-01-19 19:10:47-05:00
1,1,0,0,0,1,2021-01-27 13:08:40-05:00
3,3,2,2,1,2,2021-01-31 19:52:07-05:00
1,1,1,1,1,1,2021-02-02 18:27:52-05:00
