Acquisition,Preparation,Modeling,Training,Evaluation,Prediction,time
0,0,0,0,0,0,2020-06-10 18:47:54+05:18
0,0,0,0,0,0,2020-06-10 20:05:08+05:18
0,0,0,0,0,0,2020-06-10 21:01:57+05:18
0,0,0,0,0,0,2020-06-10 22:02:17+05:18
0,0,0,0,0,0,2020-06-12 07:58:47+05:18
0,0,0,0,0,0,2020-06-12 08:00:58+05:18
0,0,0,0,0,0,2020-06-12 08:05:01+05:18
0,0,0,0,0,0,2020-06-12 08:25:47+05:18
0,1,0,0,0,0,2020-06-13 07:51:04+05:18
0,0,0,0,0,0,2020-06-13 08:13:50+05:18
0,0,0,0,0,0,2020-06-13 08:17:29+05:18
0,0,0,0,0,0,2020-06-13 11:25:17+05:18
0,0,0,0,0,0,2020-06-13 14:07:42+05:18
0,1,0,0,0,0,2020-06-13 14:53:03+05:18
0,1,0,0,0,0,2020-06-15 12:21:26+05:18
0,0,0,0,0,0,2020-06-15 15:12:31+05:18
0,1,0,0,0,0,2020-06-15 20:14:12+05:18
0,0,0,0,0,0,2020-06-15 20:18:35+05:18
0,1,0,0,0,0,2020-06-15 20:21:48+05:18
0,1,0,0,0,0,2020-06-15 20:24:24+05:18
0,1,0,0,0,0,2020-06-15 20:28:25+05:18
0,0,0,0,0,0,2020-06-15 20:29:31+05:18
0,1,0,0,0,0,2020-06-16 11:13:40+05:18
0,1,0,0,0,0,2020-06-16 12:59:29+05:18
0,0,0,0,0,0,2020-06-16 13:17:08+05:18
1,1,0,0,0,0,2020-06-16 13:32:14+05:18
1,1,0,0,0,0,2020-06-17 14:27:05+05:18
1,1,0,0,0,0,2020-06-18 13:39:26+05:18
0,0,0,0,0,0,2020-06-18 14:19:49+05:18
0,1,0,0,0,0,2020-06-18 15:11:05+05:18
0,0,0,0,0,0,2020-06-18 15:15:16+05:18
0,0,0,0,0,0,2020-06-19 10:20:18+05:18
0,1,0,0,0,0,2020-06-20 21:10:11+05:18
0,1,0,0,0,0,2020-06-20 21:14:00+05:18
0,1,0,0,0,0,2020-06-22 11:22:39+05:18
0,1,0,0,0,0,2020-06-22 11:23:53+05:18
0,0,0,0,0,0,2020-06-23 09:46:03+05:18
1,2,0,0,0,0,2020-06-23 13:53:53+05:18
0,0,0,0,0,0,2020-06-23 14:09:08+05:18
0,0,0,0,0,0,2020-06-24 14:51:52+05:18
0,0,0,0,0,0,2020-06-24 18:28:43+05:18
0,1,0,0,0,0,2020-06-25 19:36:36+05:18
0,0,0,0,0,0,2020-06-25 19:37:35+05:18
0,1,0,0,0,0,2020-06-25 19:58:36+05:18
0,0,0,0,0,0,2020-06-26 12:04:47+05:18
0,0,0,0,0,0,2020-06-26 12:05:31+05:18
0,0,0,0,0,0,2020-06-26 12:06:23+05:18
0,1,0,0,0,0,2020-06-26 20:08:46+05:18
0,0,0,0,0,0,2020-06-26 20:26:13+05:18
0,0,0,0,0,0,2020-06-26 20:27:30+05:18
0,0,0,0,0,0,2020-06-28 22:02:33+05:18
0,0,0,0,0,0,2020-06-28 22:08:49+05:18
0,0,0,0,0,0,2020-06-28 22:09:35+05:18
0,0,0,0,0,0,2020-06-29 20:08:10+05:18
0,0,0,0,0,0,2020-06-30 21:12:55+05:18
0,1,0,0,0,0,2020-07-02 12:51:36+05:18
0,0,0,0,0,0,2020-07-02 12:53:03+05:18
0,1,0,0,0,0,2020-07-02 22:15:59+05:18
0,0,0,0,0,0,2020-07-03 14:06:34+05:18
0,1,0,0,0,0,2020-07-03 21:26:35+05:18
0,1,0,0,0,0,2020-07-04 21:49:53+05:18
0,1,0,0,0,0,2020-07-06 17:55:49+05:18
0,1,0,0,0,0,2020-07-06 17:56:12+05:18
0,1,0,0,0,0,2020-07-07 21:33:20+05:18
0,1,0,0,0,0,2020-07-07 22:10:12+05:18
0,2,0,0,0,0,2020-07-07 22:29:49+05:18
0,1,0,0,0,0,2020-07-08 00:00:25+05:18
0,0,0,0,0,0,2020-07-08 14:57:06+05:18
1,1,0,0,1,0,2020-07-08 15:04:30+05:18
1,1,0,0,1,0,2020-07-08 15:15:33+05:18
1,1,0,0,1,0,2020-07-08 15:39:48+05:18
1,1,0,0,1,0,2020-07-08 18:56:46+05:18
1,1,0,0,1,0,2020-07-08 21:33:25+05:18
1,1,0,0,1,0,2020-07-09 12:18:40+05:18
1,1,0,0,1,0,2020-07-09 12:40:43+05:18
1,1,0,0,1,0,2020-07-09 23:14:40+05:18
1,1,0,0,1,0,2020-07-09 23:15:21+05:18
2,2,0,0,2,0,2020-07-10 20:47:44+05:18
2,2,0,0,2,0,2020-07-10 22:26:24+05:18
0,0,0,0,0,0,2020-07-10 22:28:14+05:18
1,1,0,0,1,0,2020-07-11 19:48:16+05:18
1,1,0,0,1,0,2020-07-11 20:12:22+05:18
1,1,0,0,1,0,2020-07-11 20:18:32+05:18
0,0,0,0,0,0,2020-07-12 19:36:42+05:18
0,0,0,0,0,0,2020-07-12 19:45:54+05:18
0,0,0,0,0,0,2020-07-14 14:33:00+05:18
0,0,0,0,0,0,2020-07-14 14:33:22+05:18
0,0,0,0,0,0,2020-07-14 14:34:13+05:18
0,0,0,0,0,0,2020-07-14 14:34:38+05:18
0,0,0,0,0,0,2020-07-17 06:34:31+05:18
0,0,0,0,0,0,2020-07-18 12:55:00+05:18
0,0,0,0,0,0,2020-07-19 17:54:35+05:18
0,1,0,0,0,0,2020-07-22 09:03:54+05:18
0,1,0,0,0,0,2020-07-22 09:41:16+05:18
0,0,0,0,0,0,2020-07-22 09:42:25+05:18
0,0,0,0,0,0,2020-07-22 09:43:45+05:18
0,1,0,0,0,0,2020-07-22 09:47:54+05:18
0,1,0,0,0,0,2020-07-24 20:06:23+05:18
0,0,0,0,0,0,2020-08-01 13:58:48+05:18
0,0,0,0,0,0,2020-08-01 14:06:09+05:18
0,0,0,0,0,0,2020-08-11 13:33:54+05:18
0,0,0,0,0,0,2020-08-11 13:34:27+05:18
0,1,0,0,0,0,2020-08-14 20:18:27+05:18
0,1,0,0,0,0,2020-08-14 20:18:47+05:18
0,0,0,0,0,0,2020-08-14 20:19:35+05:18
0,1,0,0,0,0,2020-08-14 20:23:55+05:18
0,1,0,0,0,0,2020-08-14 20:30:19+05:18
0,1,0,0,0,0,2020-08-14 20:38:08+05:18
0,0,0,0,0,0,2020-08-17 20:03:26+05:18
0,2,0,0,0,0,2020-08-21 17:07:15+05:18
0,0,0,0,0,0,2020-08-21 17:09:40+05:18
0,0,0,0,0,0,2020-08-21 17:10:04+05:18
0,0,0,0,0,0,2020-08-24 21:50:47+05:18
0,0,0,0,0,0,2020-08-24 22:06:41+05:18
0,0,0,0,0,0,2020-08-24 22:08:40+05:18
0,0,0,0,0,0,2020-08-24 22:09:33+05:18
0,0,0,0,0,0,2020-08-24 22:11:32+05:18
0,0,0,0,0,0,2020-08-24 22:15:16+05:18
0,0,0,0,0,0,2020-08-24 22:17:07+05:18
0,0,0,0,0,0,2020-08-24 22:17:24+05:18
0,0,0,0,0,0,2020-08-24 22:21:26+05:18
0,0,0,0,0,0,2020-08-25 10:17:11+05:18
0,1,0,0,0,0,2020-08-25 10:45:22+05:18
0,1,0,0,0,0,2020-08-25 11:05:14+05:18
0,0,0,0,0,0,2020-08-25 11:08:31+05:18
0,1,0,0,0,0,2020-08-25 17:30:21+05:18
0,1,0,0,0,0,2020-08-27 21:53:18+05:18
0,1,0,0,0,0,2020-08-27 22:52:27+05:18
0,1,0,0,0,0,2020-08-28 10:22:40+05:18
0,0,0,0,0,0,2020-08-28 10:25:12+05:18
0,0,0,0,0,0,2020-08-28 10:25:56+05:18
0,1,0,0,0,0,2020-08-28 13:25:36+05:18
0,1,0,0,0,0,2020-08-28 13:26:37+05:18
0,0,0,0,0,0,2020-08-28 13:27:17+05:18
0,0,0,0,0,0,2020-08-28 13:29:12+05:18
0,0,0,0,0,0,2020-08-28 13:58:00+05:18
1,1,0,0,0,0,2020-08-28 16:06:36+05:18
1,1,1,0,0,0,2020-08-28 16:41:25+05:18
0,0,0,0,0,0,2020-08-30 13:53:34+05:18
0,0,0,0,0,0,2020-08-30 13:56:18+05:18
0,0,0,0,0,0,2020-08-30 13:57:58+05:18
0,1,0,0,0,0,2020-08-30 14:00:06+05:18
0,1,0,0,0,0,2020-08-30 18:42:32+05:18
0,0,0,0,0,0,2020-08-31 17:16:00+05:18
0,0,0,0,0,0,2020-08-31 17:18:03+05:18
1,1,0,0,0,0,2020-08-31 20:17:40+05:18
1,1,0,0,0,0,2020-09-01 12:38:29+05:18
1,1,0,0,0,0,2020-09-01 20:04:02+05:18
0,1,0,0,0,0,2020-09-02 08:23:25+05:18
0,0,0,0,0,0,2020-09-02 08:23:41+05:18
0,0,0,0,0,0,2020-09-02 08:23:55+05:18
0,0,0,0,0,0,2020-09-02 10:42:08+05:18
0,0,0,0,0,0,2020-09-02 19:19:51+05:18
0,1,0,0,0,0,2020-09-02 20:50:13+05:18
0,0,0,0,0,0,2020-09-02 21:14:27+05:18
1,1,0,0,0,0,2020-09-02 21:27:04+05:18
0,0,0,0,0,0,2020-09-03 10:20:21+05:18
0,0,0,0,0,0,2020-09-03 19:06:59+05:18
0,0,0,0,0,0,2020-09-03 19:07:23+05:18
1,1,0,0,0,0,2020-09-03 19:07:51+05:18
0,0,0,0,0,0,2020-09-04 07:12:22+05:18
0,0,0,0,0,0,2020-09-04 21:22:10+05:18
1,1,1,0,0,0,2020-09-04 21:22:41+05:18
0,1,1,1,0,0,2020-09-04 21:23:04+05:18
1,1,1,0,0,0,2020-09-05 19:57:15+05:18
0,0,0,0,0,0,2020-09-05 19:57:56+05:18
1,2,2,1,0,0,2020-09-06 11:15:58+05:18
0,1,1,1,0,0,2020-09-06 11:17:00+05:18
0,1,1,1,0,0,2020-09-06 11:32:06+05:18
0,1,1,1,0,0,2020-09-06 11:40:15+05:18
0,1,1,1,0,0,2020-09-06 11:45:43+05:18
1,1,1,1,0,0,2020-09-07 22:16:20+05:18
0,0,0,0,0,0,2020-09-07 22:16:43+05:18
0,0,0,0,0,0,2020-09-08 10:09:31+05:18
1,1,1,1,0,0,2020-09-08 10:09:43+05:18
1,1,1,1,0,0,2020-09-08 20:55:21+05:18
0,0,0,0,0,0,2020-09-09 16:01:28+05:18
0,0,0,0,0,0,2020-09-09 16:17:32+05:18
1,1,1,1,0,0,2020-09-09 22:03:05+05:18
0,1,0,1,0,0,2020-09-09 22:03:30+05:18
0,1,0,1,0,0,2020-09-11 21:04:05+05:18
0,1,0,1,0,0,2020-09-12 10:39:57+05:18
0,1,0,1,0,0,2020-09-15 16:03:14+05:18
0,0,0,0,0,0,2020-09-15 16:04:20+05:18
1,1,1,1,0,0,2020-09-15 16:24:19+05:18
0,0,0,0,0,0,2020-09-15 17:31:48+05:18
1,1,1,1,0,1,2020-09-15 17:33:15+05:18
1,1,1,1,0,1,2020-09-16 08:35:05+05:18
0,1,0,1,0,0,2020-09-16 20:56:59+05:18
1,2,0,0,0,0,2020-09-16 20:58:01+05:18
1,1,1,0,0,0,2020-09-17 21:11:37+05:18
0,1,0,0,0,0,2020-09-17 21:54:01+05:18
1,1,1,1,0,1,2020-09-17 21:54:15+05:18
1,1,1,1,0,1,2020-09-17 21:55:12+05:18
1,1,1,1,0,0,2020-09-17 21:56:35+05:18
2,2,2,2,0,1,2020-09-18 11:22:34+05:18
1,1,1,1,0,0,2020-09-20 13:02:25+05:18
1,1,1,1,0,0,2020-09-20 13:08:11+05:18
1,1,1,1,0,0,2020-09-20 15:41:08+05:18
0,1,0,0,0,0,2020-09-20 15:42:55+05:18
1,2,1,1,0,0,2020-09-21 14:26:12+05:18
0,0,0,0,0,0,2020-09-21 20:57:57+05:18
0,0,0,0,0,0,2020-09-21 21:35:40+05:18
0,0,0,0,0,0,2020-09-21 21:36:42+05:18
0,0,0,0,0,0,2020-09-21 21:48:35+05:18
0,1,0,0,0,0,2020-09-21 21:56:12+05:18
0,0,0,0,0,0,2020-09-21 21:56:43+05:18
0,0,0,0,0,0,2020-09-21 22:04:45+05:18
0,0,0,0,0,0,2020-09-22 22:39:36+05:18
0,0,0,1,0,1,2020-09-22 22:41:18+05:18
0,0,0,1,0,1,2020-09-23 23:48:25+05:18
0,0,0,0,0,0,2020-09-24 12:24:46+05:18
1,0,0,1,0,1,2020-09-24 12:25:11+05:18
0,1,0,0,0,0,2020-09-24 12:25:41+05:18
0,1,0,0,0,0,2020-09-24 16:23:35+05:18
0,2,0,0,0,0,2020-09-24 16:28:03+05:18
0,1,0,0,0,0,2020-09-24 16:46:07+05:18
1,0,0,1,0,1,2020-09-24 16:53:40+05:18
1,1,0,1,0,1,2020-09-24 22:31:11+05:18
0,0,0,0,0,0,2020-09-25 22:35:30+05:18
0,0,0,0,0,0,2020-09-25 22:47:59+05:18
0,0,0,0,0,0,2020-09-25 22:48:34+05:18
1,0,0,0,0,0,2020-09-25 22:55:26+05:18
1,0,0,1,0,1,2020-09-25 23:04:24+05:18
1,1,0,1,0,1,2020-09-26 13:32:36+05:18
0,0,0,0,0,0,2020-09-26 18:23:31+05:18
1,0,0,0,0,0,2020-09-26 21:58:48+05:18
1,1,0,1,0,0,2020-09-26 22:19:42+05:18
0,0,0,0,0,0,2020-09-29 03:49:23+05:18
0,1,0,0,0,1,2020-09-29 05:35:16+05:18
1,1,0,1,0,0,2020-09-29 05:49:48+05:18
1,1,0,1,0,0,2020-09-29 10:03:14+05:18
0,3,0,0,0,1,2020-09-30 14:44:08+05:18
0,1,0,0,0,1,2020-09-30 14:50:21+05:18
0,1,0,0,0,1,2020-09-30 17:11:52+05:18
0,1,0,0,0,1,2020-09-30 17:21:27+05:18
0,1,0,0,0,1,2020-10-04 09:06:54+05:18
0,0,0,0,0,0,2020-10-04 09:53:18+05:18
1,1,0,0,0,1,2020-10-04 09:53:25+05:18
0,0,0,0,0,0,2020-10-04 09:54:53+05:18
1,1,0,0,0,1,2020-10-04 09:57:15+05:18
1,1,0,0,0,1,2020-10-04 10:11:15+05:18
0,0,0,0,0,0,2020-10-04 14:36:24+05:18
0,0,0,0,0,1,2020-10-05 12:32:29+05:18
0,1,0,0,0,0,2020-10-05 12:32:42+05:18
1,1,0,1,0,1,2020-10-05 13:28:01+05:18
0,1,0,0,0,1,2020-10-09 12:52:04+05:18
0,1,0,0,0,1,2020-10-10 08:12:34+05:18
0,1,0,0,0,1,2020-10-10 14:10:42+05:18
0,1,0,0,0,1,2020-10-10 14:11:19+05:18
0,1,0,0,0,1,2020-10-11 20:30:26+05:18
0,1,0,0,0,0,2020-10-12 14:00:48+05:18
0,1,0,0,0,0,2020-10-12 14:11:50+05:18
0,1,1,1,0,1,2020-10-12 14:19:41+05:18
0,1,0,0,0,1,2020-10-12 14:19:49+05:18
0,0,0,0,0,0,2020-10-12 20:11:10+05:18
0,1,0,0,0,1,2020-10-12 20:11:22+05:18
0,0,0,0,0,0,2020-10-13 21:56:12+05:18
0,0,0,0,0,0,2020-10-14 08:21:28+05:18
0,0,0,0,0,0,2020-10-14 11:36:25+05:18
0,0,0,0,0,0,2020-10-14 11:55:48+05:18
0,2,0,0,0,1,2020-10-14 11:56:30+05:18
0,0,0,0,0,1,2020-10-14 12:02:48+05:18
0,0,0,0,0,1,2020-10-14 12:15:27+05:18
0,0,0,0,0,0,2020-10-14 21:00:45+05:18
0,0,0,0,0,0,2020-10-14 21:44:12+05:18
0,0,0,0,0,0,2020-10-14 21:50:24+05:18
0,0,0,0,0,0,2020-10-14 21:54:58+05:18
0,0,0,0,0,0,2020-10-14 22:01:03+05:18
0,1,0,1,0,1,2020-10-14 22:56:53+05:18
0,0,0,0,0,0,2020-10-15 21:58:48+05:18
0,0,1,1,0,1,2020-10-15 22:10:47+05:18
0,0,0,0,0,0,2020-10-27 09:11:28+05:18
0,0,0,0,0,0,2020-10-27 16:14:34+05:18
0,0,0,0,0,0,2020-10-27 16:19:33+05:18
0,0,0,0,0,0,2020-10-27 16:35:25+05:18
1,1,0,0,0,0,2020-10-27 16:35:36+05:18
1,1,0,0,0,0,2020-10-27 17:21:00+05:18
1,1,1,1,0,1,2020-10-27 17:50:53+05:18
1,1,1,1,0,1,2020-10-27 20:55:55+05:18
1,1,1,1,0,1,2020-10-27 20:57:52+05:18
0,0,0,0,0,0,2020-10-27 22:18:14+05:18
0,0,0,0,0,0,2020-10-27 22:25:03+05:18
0,0,0,0,0,0,2020-10-28 08:09:38+05:18
0,0,0,0,0,0,2020-10-28 14:29:37+05:18
0,0,0,0,0,0,2020-10-28 15:01:50+05:18
0,0,0,0,0,0,2020-10-28 17:10:19+05:18
0,0,0,0,0,0,2020-10-28 20:59:30+05:18
0,0,0,0,0,0,2020-10-28 21:09:50+05:18
0,0,0,0,0,0,2020-10-29 10:03:43+05:18
0,0,0,0,0,0,2020-10-30 11:50:35+05:18
0,0,0,0,0,0,2020-10-31 10:29:30+05:18
0,0,0,0,0,0,2020-10-31 12:03:46+05:18
0,0,0,0,0,0,2020-10-31 17:06:39+05:18
0,0,0,0,0,0,2020-10-31 17:09:52+05:18
0,0,0,0,0,0,2020-10-31 21:17:17+05:18
0,0,0,0,0,0,2020-10-31 21:35:19+05:18
0,0,0,0,0,0,2020-10-31 21:47:14+05:18
1,0,0,0,0,0,2020-11-01 11:14:45+05:18
1,0,0,0,0,0,2020-11-01 11:22:26+05:18
1,1,1,1,0,0,2020-11-01 11:59:03+05:18
1,1,1,1,0,1,2020-11-01 13:42:05+05:18
0,1,1,1,1,1,2020-11-01 20:39:53+05:18
0,0,0,0,0,0,2020-11-09 07:12:01+05:18
0,0,0,0,0,0,2020-11-10 16:16:39+05:18
0,0,0,0,0,0,2020-11-10 21:14:18+05:18
0,0,0,0,0,0,2020-11-11 15:04:51+05:18
0,0,0,0,0,0,2020-11-11 16:11:30+05:18
0,0,0,0,0,0,2020-11-13 06:56:43+05:18
0,0,0,0,0,0,2020-11-13 14:22:03+05:18
0,0,0,0,0,0,2020-11-13 19:37:43+05:18
0,0,0,0,0,0,2020-11-13 20:30:57+05:18
0,0,0,0,0,0,2020-11-16 18:28:58+05:18
0,1,0,0,0,0,2020-11-16 19:37:00+05:18
0,0,0,0,0,0,2020-11-16 19:37:30+05:18
0,0,0,0,0,0,2020-11-16 19:39:24+05:18
0,0,0,0,0,0,2020-11-16 22:10:38+05:18
0,0,0,0,0,1,2020-11-16 23:03:40+05:18
0,1,0,0,0,0,2020-11-17 20:31:00+05:18
0,1,0,0,0,0,2020-11-17 20:31:26+05:18
0,6,0,0,0,0,2020-11-17 20:34:39+05:18
0,0,0,0,0,1,2020-11-17 20:43:35+05:18
0,1,0,0,0,0,2020-11-18 18:17:13+05:18
0,1,0,0,0,0,2020-11-18 18:49:10+05:18
0,1,0,0,0,0,2020-11-18 21:46:45+05:18
0,2,0,0,0,0,2020-11-18 22:20:29+05:18
0,1,0,0,0,0,2020-11-18 22:21:17+05:18
0,0,0,0,0,1,2020-11-18 22:21:33+05:18
0,0,0,0,0,0,2020-11-19 08:39:49+05:18
0,0,0,0,0,0,2020-11-20 20:34:43+05:18
0,0,0,0,0,0,2020-11-20 20:51:55+05:18
0,0,0,0,0,0,2020-11-20 21:27:56+05:18
0,1,0,0,0,0,2020-11-20 21:28:17+05:18
0,1,0,0,0,0,2020-11-20 21:28:36+05:18
0,1,0,0,0,0,2020-11-20 21:38:45+05:18
0,1,0,0,0,0,2020-11-20 21:42:20+05:18
0,1,0,0,0,0,2020-11-20 21:49:38+05:18
0,0,0,0,0,0,2020-11-20 21:58:13+05:18
0,1,0,0,0,0,2020-11-20 21:58:38+05:18
0,0,0,0,0,0,2020-11-23 15:52:26+05:18
0,1,0,0,0,0,2020-11-23 15:52:36+05:18
0,0,0,0,0,0,2020-11-23 16:29:57+05:18
0,0,0,0,0,0,2020-11-23 18:52:49+05:18
0,1,0,0,0,0,2020-11-23 18:53:08+05:18
0,1,0,0,0,0,2020-11-23 19:43:54+05:18
0,0,0,0,0,0,2020-11-23 20:28:13+05:18
0,1,0,0,0,1,2020-11-25 07:02:08+05:18
0,0,0,0,0,0,2020-11-25 07:02:35+05:18
0,1,0,0,0,1,2020-11-25 07:13:07+05:18
0,1,0,0,0,1,2020-11-25 07:16:57+05:18
1,1,0,0,0,1,2020-11-25 07:52:00+05:18
0,1,0,0,0,1,2020-11-25 07:53:58+05:18
1,1,0,0,0,1,2020-11-25 08:00:49+05:18
0,1,0,0,0,0,2020-11-25 08:01:00+05:18
1,1,0,0,0,1,2020-11-25 09:20:47+05:18
1,1,0,0,0,1,2020-11-25 10:52:17+05:18
0,0,0,0,0,0,2020-11-25 11:07:35+05:18
0,0,0,0,0,0,2020-11-25 18:47:07+05:18
0,0,0,0,0,0,2020-11-25 18:55:14+05:18
0,0,0,0,0,0,2020-11-27 09:54:38+05:18
0,0,0,0,0,0,2020-11-27 09:57:19+05:18
0,0,0,0,0,0,2020-11-27 10:04:08+05:18
0,0,0,0,0,0,2020-11-27 20:24:45+05:18
0,0,0,0,0,0,2020-11-28 10:37:46+05:18
0,0,0,0,0,0,2020-11-28 10:45:01+05:18
0,0,0,0,0,0,2020-11-28 10:48:56+05:18
0,0,0,0,0,0,2020-11-28 11:40:50+05:18
0,1,1,0,0,0,2020-12-01 19:58:36+05:18
0,0,0,0,0,0,2020-12-02 16:45:41+05:18
0,1,0,0,0,0,2020-12-02 16:48:03+05:18
0,0,0,0,0,0,2020-12-02 17:00:22+05:18
0,1,1,1,0,0,2020-12-05 10:26:56+05:18
0,0,0,0,0,0,2020-12-06 16:56:07+05:18
0,0,0,0,0,0,2020-12-06 17:10:21+05:18
0,0,0,0,0,0,2020-12-06 17:18:25+05:18
0,0,0,0,0,0,2020-12-06 17:23:02+05:18
0,0,0,0,0,0,2020-12-07 08:21:26+05:18
0,0,0,0,0,0,2020-12-07 09:38:37+05:18
1,1,1,1,0,0,2020-12-11 21:19:52+05:18
0,0,0,0,0,0,2020-12-11 21:20:00+05:18
1,1,1,1,0,0,2020-12-11 22:04:02+05:18
1,1,1,1,0,0,2020-12-11 22:13:23+05:18
0,0,0,0,0,0,2020-12-11 22:13:30+05:18
0,0,0,0,0,0,2020-12-11 22:43:08+05:18
0,1,0,1,0,1,2020-12-11 22:43:16+05:18
0,0,0,0,0,0,2020-12-11 22:45:49+05:18
0,0,0,0,0,0,2020-12-11 22:46:40+05:18
0,1,0,1,0,1,2020-12-11 22:51:53+05:18
0,1,0,1,0,1,2020-12-11 22:55:16+05:18
0,1,0,1,0,1,2020-12-12 20:03:06+05:18
0,1,0,1,1,1,2020-12-12 20:12:16+05:18
0,0,0,0,0,0,2020-12-12 20:20:25+05:18
0,0,0,0,0,0,2020-12-12 21:22:03+05:18
1,1,1,1,0,0,2020-12-12 21:52:44+05:18
0,0,0,0,0,0,2020-12-12 22:08:38+05:18
0,0,0,0,0,0,2020-12-12 22:10:02+05:18
0,1,0,1,0,1,2020-12-12 22:51:34+05:18
0,0,0,0,0,0,2020-12-12 22:51:41+05:18
0,0,0,0,0,0,2020-12-14 21:07:16+05:18
0,0,0,0,0,0,2020-12-14 21:24:16+05:18
0,0,0,0,0,0,2020-12-14 21:25:00+05:18
0,0,0,0,0,0,2020-12-14 22:53:12+05:18
0,0,0,0,0,0,2020-12-14 22:53:22+05:18
0,1,0,1,0,0,2020-12-14 23:16:39+05:18
0,1,0,1,0,0,2020-12-18 20:55:42+05:18
0,1,0,1,0,0,2020-12-18 20:57:55+05:18
0,1,0,1,0,1,2020-12-18 21:06:06+05:18
0,0,0,0,0,0,2020-12-18 21:58:24+05:18
1,1,0,1,0,1,2020-12-18 21:58:31+05:18
1,1,0,1,0,1,2020-12-18 22:03:35+05:18
0,0,0,0,0,0,2020-12-21 21:44:17+05:18
0,1,0,0,0,0,2020-12-21 22:07:28+05:18
0,1,0,0,0,0,2020-12-25 10:52:25+05:18
0,1,0,0,0,0,2020-12-25 11:22:28+05:18
0,0,0,0,0,0,2020-12-25 11:40:18+05:18
0,2,0,0,0,0,2020-12-25 21:05:21+05:18
0,0,0,0,0,0,2020-12-25 21:05:32+05:18
0,1,0,0,0,0,2020-12-25 21:41:50+05:18
0,1,0,0,0,0,2020-12-25 21:56:57+05:18
0,1,0,1,0,0,2020-12-25 22:10:23+05:18
0,0,0,0,0,0,2020-12-26 14:58:29+05:18
0,1,0,1,0,0,2020-12-26 15:03:57+05:18
0,1,0,1,0,0,2020-12-26 15:09:03+05:18
0,0,0,0,0,0,2020-12-26 21:43:30+05:18
0,0,0,0,0,0,2020-12-26 22:09:57+05:18
1,1,0,1,0,0,2020-12-26 22:14:47+05:18
0,0,0,0,0,0,2020-12-26 22:26:27+05:18
0,0,0,0,0,0,2020-12-26 22:40:08+05:18
0,1,0,0,0,0,2020-12-27 18:46:54+05:18
0,1,0,0,0,1,2020-12-27 21:40:41+05:18
0,1,0,0,0,0,2020-12-27 21:40:54+05:18
1,1,1,0,0,1,2020-12-27 21:56:00+05:18
1,1,1,0,0,1,2020-12-27 21:57:02+05:18
0,0,0,0,0,0,2020-12-27 22:30:10+05:18
0,0,0,0,0,0,2021-01-05 10:58:41+05:18
0,1,0,1,0,0,2021-01-06 20:37:49+05:18
0,0,0,0,0,0,2021-01-06 20:37:59+05:18
0,2,0,0,0,0,2021-01-07 15:49:13+05:18
0,1,0,0,0,0,2021-01-07 15:49:31+05:18
1,1,0,0,0,1,2021-01-07 15:49:38+05:18
0,1,0,0,0,0,2021-01-07 18:14:15+05:18
0,0,0,0,0,0,2021-01-07 20:48:32+05:18
0,1,0,0,0,0,2021-01-07 21:17:43+05:18
0,2,0,0,0,0,2021-01-07 22:46:09+05:18
0,0,0,0,0,0,2021-01-08 09:16:18+05:18
0,2,1,1,0,0,2021-01-08 09:16:33+05:18
0,1,0,0,0,0,2021-01-08 10:02:23+05:18
0,1,0,0,0,0,2021-01-08 11:23:25+05:18
0,1,1,1,0,0,2021-01-08 11:45:09+05:18
0,1,1,1,0,0,2021-01-08 12:32:17+05:18
0,1,1,1,0,0,2021-01-08 12:39:14+05:18
0,1,1,1,0,0,2021-01-08 12:55:24+05:18
0,1,1,1,0,0,2021-01-08 21:42:17+05:18
0,1,0,0,0,0,2021-01-09 09:32:48+05:18
0,1,0,0,0,0,2021-01-09 09:36:29+05:18
0,1,0,0,0,0,2021-01-09 19:07:33+05:18
0,1,0,0,0,0,2021-01-10 18:26:15+05:18
0,1,0,0,0,0,2021-01-19 19:35:15+05:18
0,1,0,0,0,0,2021-01-19 21:06:07+05:18
0,0,0,0,0,0,2021-01-19 22:38:59+05:18
0,1,0,0,0,0,2021-01-20 08:24:41+05:18
0,0,0,0,0,0,2021-01-20 08:24:49+05:18
0,1,0,0,0,0,2021-01-20 08:30:19+05:18
0,1,1,0,0,0,2021-01-21 08:16:27+05:18
0,0,0,0,0,0,2021-01-27 14:14:10+05:18
0,0,0,0,0,0,2021-03-07 12:32:07+05:18
0,1,1,1,0,0,2021-03-07 13:02:13+05:18
0,1,1,1,0,0,2021-03-07 13:39:32+05:18
0,1,1,1,0,0,2021-03-07 13:41:07+05:18
1,1,1,1,0,1,2021-03-27 18:26:07+05:18
1,1,1,1,1,1,2021-03-27 19:27:09+05:18
1,1,1,1,0,1,2021-03-27 19:54:00+05:18
0,0,0,0,0,0,2021-03-30 00:01:39+00:00
0,0,0,0,0,0,2021-03-31 10:36:28+05:18
0,0,0,0,0,0,2021-03-31 10:37:34+05:18
1,1,1,1,0,1,2021-03-31 11:18:26+05:18
0,0,0,0,0,0,2021-03-31 07:48:27+00:00
1,1,1,1,0,1,2021-04-19 17:51:32+05:18
1,1,1,1,0,1,2021-04-19 17:52:50+05:18
0,0,0,0,0,0,2021-05-10 11:08:15+05:18
0,0,0,0,0,0,2021-08-23 20:53:06+00:00
0,0,0,0,0,0,2021-08-25 05:56:12-04:00
0,0,0,0,0,0,2021-08-25 10:16:16+00:00
0,0,0,0,0,0,2021-12-13 20:48:30+00:00
0,0,0,0,0,0,2021-12-17 12:05:58+05:18
0,0,0,0,0,0,2021-12-17 12:06:34+05:18
0,0,0,0,0,0,2022-05-14 13:46:59+05:18
