Acquisition,Preparation,Modeling,Training,Evaluation,Prediction,time
0,0,0,0,0,0,2018-03-25 08:55:29-04:00
0,0,0,0,0,0,2018-04-01 17:06:12-04:00
2,3,1,1,2,1,2018-04-01 18:11:40-04:00
1,1,1,1,1,1,2018-04-01 18:22:05-04:00
0,0,0,0,0,0,2018-04-01 18:25:36-04:00
0,0,0,0,0,0,2018-04-01 18:27:33-04:00
0,0,0,0,0,0,2018-04-01 18:34:12-04:00
0,0,0,0,0,0,2018-04-01 18:35:52-04:00
0,0,0,0,0,0,2018-04-01 18:36:58-04:00
1,1,0,0,1,0,2018-04-01 18:37:48-04:00
1,1,0,0,1,0,2018-04-01 18:38:02-04:00
0,0,0,0,0,0,2018-04-01 18:38:17-04:00
0,0,0,0,0,0,2018-04-01 18:52:00-04:00
0,0,0,0,0,0,2018-04-01 18:53:18-04:00
0,0,0,0,0,0,2018-04-01 18:56:03-04:00
0,0,0,0,0,0,2018-04-01 18:59:11-04:00
0,0,0,0,0,0,2018-04-01 18:59:56-04:00
2,3,1,1,2,1,2018-04-01 19:01:30-04:00
0,0,0,0,0,0,2018-04-01 19:01:51-04:00
0,0,0,0,0,0,2018-04-01 19:02:01-04:00
0,0,0,0,0,0,2018-04-01 19:03:02-04:00
0,0,0,0,0,0,2018-04-01 19:03:43-04:00
1,1,0,0,1,0,2018-04-01 19:04:56-04:00
1,1,1,1,1,1,2018-04-01 19:05:05-04:00
0,1,0,0,0,0,2018-04-01 19:05:19-04:00
0,0,0,0,0,0,2018-04-01 19:05:37-04:00
0,0,0,0,0,0,2018-04-01 19:05:48-04:00
0,0,0,0,0,0,2018-04-01 19:05:58-04:00
0,0,0,0,0,0,2018-04-01 19:08:26-04:00
0,0,0,0,0,0,2018-04-01 19:08:38-04:00
0,0,0,0,0,0,2018-04-01 19:08:49-04:00
1,1,0,0,1,0,2018-04-02 07:07:13-04:00
1,1,0,0,1,0,2018-04-02 07:07:31-04:00
0,0,0,0,0,0,2018-04-02 07:08:05-04:00
0,0,0,0,0,0,2018-04-09 07:44:06-04:00
0,0,0,0,0,0,2018-04-09 07:52:25-04:00
0,0,0,0,0,0,2018-04-09 07:52:44-04:00
0,1,0,0,0,0,2018-04-09 07:53:26-04:00
0,0,0,0,0,0,2018-04-09 07:53:38-04:00
0,1,1,0,0,0,2018-04-12 07:31:34-04:00
0,1,1,0,0,0,2018-04-15 06:38:31-04:00
1,3,1,0,1,0,2019-01-11 08:22:36-05:00
1,1,0,0,1,0,2019-01-11 08:24:04-05:00
0,0,0,0,0,0,2019-01-11 08:24:15-05:00
0,1,0,0,0,0,2019-01-11 08:24:30-05:00
0,1,1,0,0,0,2019-01-11 08:25:42-05:00
0,0,0,0,0,0,2019-01-11 08:29:12-05:00
0,0,0,0,0,0,2019-01-11 08:30:13-05:00
0,0,0,0,0,0,2019-01-11 08:30:35-05:00
1,3,1,0,1,0,2019-01-11 08:31:28-05:00
0,0,0,0,0,0,2019-01-11 08:32:06-05:00
1,1,0,0,1,0,2019-01-11 10:26:53-05:00
0,0,0,0,0,0,2019-03-16 11:37:40-04:00
0,0,0,0,0,0,2019-03-16 11:38:09-04:00
0,0,0,0,0,0,2019-03-16 11:38:23-04:00
0,1,1,0,0,0,2019-03-30 17:26:51-04:00
0,0,0,0,0,0,2019-03-30 17:30:46-04:00
0,0,0,0,0,0,2019-03-30 17:31:18-04:00
0,0,0,0,0,0,2019-03-30 17:31:33-04:00
0,0,0,0,0,0,2019-03-30 18:06:59-04:00
1,1,1,1,1,1,2019-03-30 18:08:16-04:00
0,1,1,0,0,0,2019-03-30 18:09:12-04:00
0,0,0,0,0,0,2019-04-24 15:56:41-04:00
0,1,0,0,0,0,2019-04-24 15:59:13-04:00
0,0,0,0,0,0,2019-04-24 15:59:34-04:00
0,1,0,0,0,0,2019-04-24 16:00:33-04:00
1,1,0,0,1,0,2019-05-07 16:21:31-04:00
1,1,1,1,1,1,2019-05-07 16:21:40-04:00
0,1,0,0,0,0,2019-05-07 16:21:47-04:00
0,0,0,0,0,0,2019-05-07 16:21:53-04:00
0,0,0,0,0,0,2019-05-07 16:21:59-04:00
0,0,0,0,0,0,2019-05-07 16:22:06-04:00
0,0,0,0,0,0,2019-05-07 16:22:21-04:00
0,0,0,0,0,0,2019-05-07 16:22:28-04:00
0,0,0,0,0,0,2019-05-07 16:22:34-04:00
0,0,0,0,0,0,2019-05-10 18:29:49-04:00
0,0,0,0,0,0,2019-05-10 18:30:15-04:00
0,0,0,0,0,0,2019-05-19 16:33:58-04:00
1,1,0,1,1,1,2019-05-19 16:35:13-04:00
0,0,0,0,0,0,2019-05-19 16:35:58-04:00
0,0,0,0,0,0,2019-05-19 16:36:18-04:00
0,0,0,0,0,0,2019-11-03 10:39:40-05:00
0,0,0,0,0,0,2019-11-03 10:40:03-05:00
0,0,0,0,0,0,2019-11-03 10:40:22-05:00
0,0,0,0,0,0,2019-11-03 15:41:32+00:00
0,0,0,0,0,0,2019-11-24 11:31:02-05:00
0,2,0,0,1,0,2019-11-24 11:31:53-05:00
0,0,0,0,0,0,2019-11-24 11:32:11-05:00
0,0,0,0,0,0,2019-11-24 11:37:15-05:00
0,0,0,0,0,0,2019-11-25 04:20:10-05:00
0,1,0,0,1,0,2019-11-25 10:18:55-05:00
0,1,0,0,1,0,2019-11-25 10:19:12-05:00
0,1,0,0,0,0,2019-11-26 03:17:15-05:00
0,1,0,0,1,0,2019-12-04 05:09:45-05:00
0,1,0,0,1,0,2019-12-10 12:03:24-05:00
0,0,0,0,0,0,2020-04-15 16:10:47-04:00
0,0,0,0,0,0,2020-04-15 16:11:36-04:00
0,0,0,0,0,0,2020-04-15 16:11:50-04:00
1,2,1,1,1,1,2020-04-15 16:12:16-04:00
0,0,0,0,0,0,2020-04-16 07:24:22-04:00
0,0,0,0,0,0,2020-04-16 07:24:39-04:00
0,0,0,0,0,0,2020-04-16 07:28:53-04:00
0,1,1,0,0,0,2020-04-16 07:29:38-04:00
0,0,0,0,0,0,2020-05-20 13:00:56-04:00
