Acquisition,Preparation,Modeling,Training,Evaluation,Prediction,time
0,0,0,0,0,0,2019-03-05 16:58:07+01:00
3,3,1,1,1,1,2019-03-06 16:04:38+01:00
1,0,0,0,0,0,2019-03-06 16:08:56+01:00
5,7,5,2,2,2,2019-03-08 16:39:45+01:00
0,0,0,0,0,0,2019-03-08 16:41:46+01:00
0,0,0,0,0,0,2019-03-08 16:44:38+01:00
0,0,0,0,0,0,2019-03-08 16:56:48+01:00
3,5,4,1,1,1,2019-03-09 17:22:18+01:00
4,6,4,1,1,1,2019-03-10 13:55:43+01:00
2,3,2,1,1,1,2019-03-10 13:56:05+01:00
0,0,0,0,0,0,2019-03-10 13:56:46+01:00
4,5,5,1,1,1,2019-03-10 21:33:38+01:00
3,3,4,1,1,1,2019-03-10 21:34:57+01:00
3,5,5,1,1,1,2019-03-11 23:37:56+01:00
3,5,4,1,1,1,2019-03-12 16:00:06+01:00
0,0,0,0,0,0,2019-03-12 16:44:35+01:00
0,0,0,0,0,0,2019-03-13 17:44:15+01:00
0,0,0,0,0,0,2019-03-13 18:13:16+01:00
1,1,1,1,1,1,2019-03-13 18:23:12+01:00
0,0,0,0,0,0,2019-03-13 18:23:55+01:00
0,0,0,0,0,0,2019-03-13 18:24:15+01:00
0,0,0,0,0,0,2019-03-13 22:51:44+01:00
1,1,1,1,1,1,2019-03-13 23:37:35+01:00
4,6,5,1,2,1,2019-03-13 23:41:13+01:00
0,0,0,0,0,0,2019-03-14 08:50:06+01:00
0,0,0,0,0,0,2019-03-17 11:25:48+01:00
0,0,0,0,0,0,2019-03-17 11:42:55+01:00
8,11,5,1,2,1,2019-03-18 21:13:51+01:00
0,0,0,0,0,0,2019-03-21 07:00:32+01:00
0,0,0,0,0,0,2019-03-21 10:04:54+01:00
1,1,1,0,0,0,2019-03-21 15:39:08+01:00
5,7,6,2,1,2,2019-03-23 09:07:23+01:00
3,4,4,1,1,1,2019-03-23 20:04:30+01:00
0,0,0,0,0,0,2019-03-23 20:12:30+01:00
0,0,0,0,0,0,2019-03-23 20:12:37+01:00
0,0,0,0,0,0,2019-03-23 21:17:19+01:00
4,4,3,0,0,0,2019-03-24 12:15:39+01:00
4,5,3,2,2,2,2019-03-25 08:33:27+01:00
2,4,4,0,0,0,2019-03-26 20:45:15+01:00
0,0,0,0,0,0,2019-03-26 20:45:54+01:00
16,20,9,6,3,5,2019-03-29 06:53:58+01:00
0,0,0,0,0,0,2019-03-29 23:11:15+01:00
0,0,0,0,0,0,2019-04-01 11:54:04+02:00
0,0,0,0,0,0,2019-04-02 18:45:13+02:00
1,1,0,1,0,0,2019-04-03 09:34:46+02:00
6,8,2,4,1,3,2019-04-04 19:14:17+02:00
2,2,0,0,0,0,2019-04-05 13:04:39+02:00
0,0,0,0,0,0,2019-04-05 13:13:37+02:00
6,11,5,6,3,5,2019-04-07 23:52:17+02:00
1,2,1,2,1,2,2019-04-09 05:57:55-07:00
10,12,6,4,2,3,2019-04-10 15:52:17+02:00
0,1,0,2,1,2,2019-04-11 06:30:53+02:00
0,0,0,0,0,0,2019-04-11 06:32:51+02:00
2,3,2,0,0,0,2019-04-13 23:29:48+02:00
0,0,0,0,0,0,2019-04-13 23:30:09+02:00
1,1,0,1,0,0,2019-04-14 01:24:40+00:00
4,5,2,2,0,1,2019-04-16 17:18:29+02:00
0,0,0,0,0,0,2019-04-17 02:42:06+02:00
12,14,6,3,0,2,2019-04-21 23:03:12+02:00
4,8,2,3,1,3,2019-05-07 16:04:05+02:00
3,7,2,4,3,4,2019-05-10 10:29:51+02:00
0,0,0,0,0,0,2019-05-10 10:53:29+02:00
4,6,1,2,0,2,2019-05-10 23:52:30+02:00
2,2,1,0,0,0,2019-05-11 08:50:25+00:00
0,0,0,0,0,0,2019-05-11 08:52:13+00:00
0,0,0,0,0,0,2019-05-11 13:02:31+04:00
0,0,0,0,0,0,2019-05-11 11:04:32+02:00
6,8,4,2,0,2,2019-05-12 08:38:05+02:00
0,1,1,0,0,0,2019-05-12 10:30:48+02:00
5,7,4,1,0,1,2019-05-15 11:41:13+02:00
1,3,1,0,0,0,2019-05-16 13:17:04+02:00
1,1,0,1,0,0,2019-05-17 06:34:05+00:00
1,1,0,0,0,0,2019-05-17 06:50:03+00:00
0,0,0,0,0,0,2019-05-17 11:03:06+02:00
0,0,0,0,0,0,2019-05-17 13:03:40+04:00
6,8,2,1,0,1,2019-05-19 00:29:07+02:00
0,1,0,0,0,0,2019-05-19 07:08:31+00:00
0,0,0,0,0,0,2019-05-20 00:14:05+02:00
0,0,0,0,0,0,2019-05-20 02:16:34+04:00
1,3,1,0,0,0,2019-05-20 16:53:22+02:00
1,2,2,3,1,3,2019-05-23 09:38:28+02:00
1,2,2,3,1,3,2019-05-23 09:38:28+02:00
2,2,1,2,0,0,2019-05-23 17:37:09+02:00
0,0,0,0,0,0,2019-05-23 15:37:54+00:00
0,0,0,0,0,0,2019-05-23 15:38:05+00:00
1,1,1,1,0,0,2019-05-23 17:39:55+02:00
0,0,0,0,0,0,2019-05-23 15:40:24+00:00
2,4,2,2,1,2,2019-05-23 21:29:57+02:00
0,1,0,2,1,2,2019-05-24 09:51:05+02:00
6,10,4,8,3,7,2019-05-25 20:43:13+02:00
0,1,0,0,0,0,2019-05-25 23:00:05+02:00
1,2,1,1,0,0,2019-05-26 22:49:29+02:00
7,7,2,1,1,1,2019-05-27 10:33:25+02:00
0,0,0,0,0,0,2019-05-27 10:36:37+02:00
2,2,1,1,0,0,2019-05-27 12:16:10+02:00
7,8,2,4,0,4,2019-05-28 16:50:51+02:00
6,7,2,3,0,3,2019-05-28 18:05:56+02:00
0,0,0,0,0,0,2019-05-29 10:17:10+02:00
0,0,0,0,0,0,2019-05-29 10:19:39+02:00
0,0,0,0,0,0,2019-05-29 10:19:59+02:00
3,3,2,1,0,0,2019-05-29 14:31:41+02:00
1,1,0,0,0,0,2019-05-29 17:06:23+02:00
0,0,0,0,0,0,2019-05-30 10:24:37+02:00
0,0,0,0,0,0,2019-05-30 10:26:20+02:00
0,0,0,0,0,0,2019-05-30 10:27:06+02:00
0,0,0,0,0,0,2019-05-30 11:00:52+02:00
0,0,0,0,0,0,2019-05-31 00:04:36+02:00
5,6,3,1,0,0,2019-06-04 14:08:30+02:00
1,2,1,1,0,0,2019-06-04 18:28:09+02:00
1,1,1,0,0,0,2019-06-04 19:05:57+00:00
1,2,0,1,1,1,2019-06-05 09:16:55+00:00
0,0,0,0,0,0,2019-06-05 09:20:45+00:00
0,0,0,0,0,0,2019-06-05 11:21:35+02:00
3,4,1,2,0,1,2019-06-05 21:15:40+02:00
2,3,1,2,0,1,2019-06-06 23:33:51+02:00
1,1,0,1,0,1,2019-06-07 06:36:40+00:00
4,5,1,2,0,1,2019-06-09 10:00:29+02:00
2,2,1,1,0,0,2019-06-09 08:08:43+00:00
3,3,2,2,0,1,2019-06-09 13:39:06+02:00
0,0,0,0,0,0,2019-06-09 13:59:37+02:00
1,1,1,1,0,0,2019-06-09 15:14:02+02:00
2,3,0,1,0,0,2019-06-09 15:43:25+02:00
0,1,0,0,0,0,2019-06-09 13:57:12+00:00
0,1,0,0,0,0,2019-06-10 00:18:16+02:00
0,1,0,0,0,0,2019-06-10 00:22:03+02:00
0,1,0,0,0,0,2019-06-10 00:25:24+02:00
0,0,0,0,0,0,2019-06-10 10:22:31+02:00
1,1,1,1,0,0,2019-06-10 11:58:35+02:00
0,1,0,0,0,0,2019-06-10 16:11:16+02:00
2,4,2,0,0,0,2019-06-11 06:15:00+00:00
0,1,0,0,0,0,2019-06-11 06:17:08+00:00
0,0,0,0,0,0,2019-06-11 06:17:14+00:00
5,6,1,4,1,2,2019-06-11 06:17:27+00:00
0,0,0,0,0,0,2019-06-11 08:18:00+02:00
0,0,0,0,0,0,2019-06-11 09:57:49+02:00
1,1,1,1,0,0,2019-06-11 09:59:25+02:00
0,0,0,0,0,0,2019-06-11 10:04:17+02:00
0,0,0,0,0,0,2019-06-11 10:12:36+02:00
1,1,1,1,0,0,2019-06-11 10:16:58+02:00
4,5,1,2,0,1,2019-06-11 10:24:42+02:00
1,1,0,1,0,1,2019-06-09 10:00:29+02:00
4,5,2,3,0,2,2019-06-11 18:09:55+02:00
0,0,0,0,0,0,2019-06-11 18:11:08+02:00
1,1,1,1,0,0,2019-06-11 18:12:03+02:00
0,1,0,0,0,0,2019-06-11 22:09:11+02:00
3,4,0,2,0,2,2019-06-12 00:17:43+02:00
0,0,0,0,0,0,2019-06-13 13:47:02+02:00
0,0,0,0,0,0,2019-06-13 13:48:12+02:00
2,4,0,2,1,2,2019-06-14 11:49:50+02:00
4,5,1,3,0,1,2019-06-15 10:44:42+02:00
4,6,1,3,1,1,2019-06-15 10:44:42+02:00
0,1,0,0,0,0,2019-06-15 12:22:01+00:00
0,0,0,0,0,0,2019-06-15 12:22:08+00:00
0,0,0,0,0,0,2019-06-15 14:45:18+02:00
4,7,1,4,2,2,2019-06-15 15:10:32+02:00
0,0,0,0,0,0,2019-06-15 13:10:53+00:00
1,1,0,0,0,0,2019-06-15 15:12:30+02:00
0,0,0,0,0,0,2019-06-15 13:12:37+00:00
1,1,0,0,0,0,2019-06-15 15:16:07+02:00
0,0,0,0,0,0,2019-06-15 13:16:17+00:00
1,1,0,0,0,0,2019-06-15 15:20:35+02:00
0,0,0,0,0,0,2019-06-15 13:20:41+00:00
0,1,0,2,1,2,2019-06-15 16:44:34+00:00
5,6,3,2,0,1,2019-06-17 01:24:01+02:00
0,0,0,0,0,0,2019-06-17 01:24:43+02:00
0,1,0,0,0,0,2019-06-17 01:27:38+02:00
0,0,0,0,0,0,2019-06-17 11:00:11+02:00
7,8,3,3,0,1,2019-06-17 21:10:48+02:00
0,1,0,2,1,2,2019-06-19 07:58:14+00:00
0,3,0,6,3,6,2019-06-20 21:16:01+00:00
1,0,0,0,0,0,2019-06-20 21:17:14+00:00
0,0,0,0,0,0,2019-06-20 23:20:52+02:00
1,1,0,1,1,1,2019-06-21 16:09:40+02:00
1,0,0,0,0,0,2019-06-21 16:13:49+02:00
2,0,0,0,0,0,2019-06-21 16:13:49+02:00
0,0,0,0,0,0,2019-06-21 16:39:29+00:00
1,0,0,0,0,0,2019-06-21 18:47:44+02:00
1,0,0,0,0,0,2019-06-21 19:10:51+02:00
1,0,0,0,0,0,2019-06-21 22:30:54+02:00
0,0,0,0,0,0,2019-06-21 22:33:19+02:00
1,0,0,0,0,0,2019-06-21 22:50:12+02:00
0,0,0,0,0,0,2019-06-21 23:00:54+02:00
2,1,0,1,1,1,2019-06-22 08:58:47+02:00
1,0,0,0,0,0,2019-06-22 08:59:31+02:00
0,0,0,0,0,0,2019-06-22 09:05:18+02:00
0,0,0,0,0,0,2019-06-22 22:54:14+02:00
0,0,0,0,0,0,2019-06-23 12:05:26+02:00
0,0,0,0,0,0,2019-06-23 22:40:49+02:00
0,0,0,0,0,0,2019-06-24 07:49:57+02:00
1,1,0,0,0,0,2019-06-25 01:10:01+02:00
0,0,0,0,0,0,2019-06-25 13:49:48+02:00
0,0,0,0,0,0,2019-06-25 19:01:16+02:00
0,0,0,0,0,0,2019-06-26 17:09:58+02:00
1,1,0,0,0,0,2019-06-27 00:46:00+02:00
0,0,0,0,0,0,2019-06-27 00:53:45+02:00
0,0,0,0,0,0,2019-06-27 01:04:59+02:00
0,0,0,0,0,0,2019-06-27 12:51:22+02:00
1,1,0,0,0,0,2019-06-27 21:06:53+02:00
0,0,0,0,0,0,2019-06-27 21:09:42+02:00
1,1,0,0,0,0,2019-06-27 21:27:56+02:00
0,0,0,0,0,0,2019-06-27 23:47:33+02:00
1,1,0,0,0,0,2019-06-28 14:19:57+02:00
1,1,0,0,0,0,2019-06-28 15:07:45+02:00
0,0,0,0,0,0,2019-06-28 15:20:27+02:00
0,0,0,0,0,0,2019-06-28 15:36:02+02:00
1,1,1,1,0,0,2019-06-28 23:07:58+02:00
0,0,0,0,0,0,2019-06-29 10:12:04+02:00
1,1,1,1,0,0,2019-06-29 21:23:27+02:00
0,0,0,0,0,0,2019-06-29 21:38:13+02:00
0,0,0,0,0,0,2019-06-30 09:08:07+02:00
0,0,0,0,0,0,2019-06-30 14:27:53+02:00
0,0,0,0,0,0,2019-06-30 15:14:15+02:00
1,1,0,0,0,0,2019-06-30 19:15:53+02:00
1,1,0,0,0,0,2019-07-01 10:25:03+02:00
0,0,0,0,0,0,2019-07-03 10:45:11+02:00
0,0,0,0,0,0,2019-07-03 10:52:43+02:00
0,0,0,0,0,0,2019-07-06 10:40:51+02:00
0,0,0,0,0,0,2019-07-06 10:41:21+02:00
24,37,14,29,9,24,2019-07-06 11:51:32+02:00
0,0,0,0,0,0,2019-07-06 13:52:07+02:00
8,9,2,1,1,1,2019-07-06 13:59:18+02:00
0,1,0,0,0,0,2019-07-06 13:59:52+02:00
2,2,0,0,0,0,2019-07-08 09:59:46+02:00
0,0,0,0,0,0,2019-07-09 08:13:51+00:00
1,0,0,0,0,0,2019-07-09 18:06:39+02:00
0,0,0,0,0,0,2019-07-09 18:06:50+02:00
0,1,0,2,1,2,2019-07-10 13:18:36+02:00
1,1,0,1,0,0,2019-07-10 11:19:49+00:00
0,0,0,0,0,0,2019-07-10 11:19:54+00:00
0,0,0,0,0,0,2019-07-11 12:27:50+02:00
2,1,0,1,0,0,2019-07-22 11:08:04+02:00
0,0,0,0,0,0,2019-07-22 11:08:15+02:00
0,0,0,0,0,0,2019-07-22 12:34:34+02:00
0,0,0,0,0,0,2019-07-22 17:03:46+02:00
0,0,0,0,0,0,2019-07-22 17:04:30+02:00
0,0,0,0,0,0,2019-07-22 17:12:31+02:00
0,0,0,0,0,0,2019-07-26 17:13:34+02:00
0,0,0,0,0,0,2019-07-26 17:13:51+02:00
