Acquisition,Preparation,Modeling,Training,Evaluation,Prediction,time
10,7,1,1,0,1,2020-09-01 02:27:54+03:00
0,0,0,0,0,0,2020-09-01 02:41:41+03:00
0,0,0,0,0,0,2020-09-01 02:44:39+03:00
2,1,0,0,0,0,2020-09-01 11:18:08+03:00
0,0,0,0,0,0,2020-09-01 11:24:15+03:00
1,0,0,0,0,0,2020-09-01 11:38:03+03:00
0,0,0,0,0,0,2020-09-01 12:07:29+03:00
1,0,0,0,0,0,2020-09-01 12:15:12+03:00
1,0,0,0,0,0,2020-09-01 12:22:02+03:00
1,0,0,0,0,0,2020-09-01 16:59:53+03:00
1,0,0,0,0,0,2020-09-01 17:17:20+03:00
1,0,0,0,0,0,2020-09-01 17:24:04+03:00
1,0,0,0,0,0,2020-09-01 17:50:20+03:00
1,0,0,0,0,0,2020-09-01 18:18:04+03:00
1,0,0,0,0,0,2020-09-01 18:22:05+03:00
1,0,0,0,0,0,2020-09-01 18:29:22+03:00
1,0,0,0,0,0,2020-09-01 18:40:58+03:00
1,0,0,0,0,0,2020-09-01 18:59:31+03:00
1,0,0,0,0,0,2020-09-01 19:25:16+03:00
1,1,0,0,0,0,2020-09-01 19:36:21+03:00
1,1,0,0,0,0,2020-09-01 20:03:15+03:00
1,1,0,0,0,0,2020-09-01 20:05:20+03:00
1,0,0,0,0,0,2020-09-01 20:07:39+03:00
1,0,0,0,0,0,2020-09-01 20:15:40+03:00
1,1,0,0,0,0,2020-09-01 20:25:21+03:00
2,1,0,0,0,0,2020-09-01 20:49:06+03:00
2,1,0,0,0,0,2020-09-02 06:44:06+03:00
1,0,0,0,0,0,2020-09-02 06:47:22+03:00
1,0,0,0,0,0,2020-09-02 14:28:09+03:00
0,0,0,0,0,0,2020-09-02 14:35:09+03:00
0,0,0,0,0,0,2020-09-02 14:43:06+03:00
0,0,0,0,0,0,2020-09-03 17:41:41+03:00
0,0,0,0,0,0,2020-09-03 17:43:56+03:00
0,0,0,0,0,0,2020-09-08 16:58:38+03:00
0,0,0,0,0,0,2020-09-08 17:01:00+03:00
0,0,0,0,0,0,2020-09-10 20:11:21+03:00
0,0,0,0,0,0,2020-09-10 20:13:42+03:00
0,0,0,0,0,0,2020-09-23 17:30:58+03:00
0,0,0,0,0,0,2020-09-23 17:40:09+03:00
0,0,0,0,0,0,2020-09-23 17:42:36+03:00
0,0,0,0,0,0,2020-09-23 17:56:27+03:00
0,0,0,0,0,0,2020-09-23 17:59:10+03:00
0,0,0,0,0,0,2020-09-23 18:11:19+03:00
0,0,0,0,0,0,2020-09-23 18:34:14+03:00
0,0,0,0,0,0,2020-09-23 18:47:12+03:00
0,0,0,0,0,0,2020-09-23 19:02:24+03:00
0,0,0,0,0,0,2020-09-23 19:04:42+03:00
0,0,0,0,0,0,2020-09-23 21:13:50+03:00
0,0,0,0,0,0,2020-09-23 21:15:48+03:00
0,0,0,0,0,0,2020-09-23 21:35:20+03:00
0,1,0,0,0,1,2020-09-23 21:42:08+03:00
0,0,0,0,0,0,2020-09-23 21:59:21+03:00
0,0,0,0,0,0,2020-09-23 22:04:02+03:00
0,0,0,0,0,0,2020-09-23 22:06:15+03:00
0,0,0,0,0,0,2020-09-23 22:12:05+03:00
0,0,0,0,0,0,2020-09-23 22:12:48+03:00
0,0,0,0,0,0,2020-09-23 22:21:47+03:00
0,0,0,0,0,0,2020-09-23 22:22:36+03:00
0,0,0,0,0,0,2020-09-23 22:28:00+03:00
0,0,0,0,0,0,2020-09-23 22:28:52+03:00
0,0,0,0,0,0,2020-09-24 10:10:11+03:00
0,0,0,0,0,0,2020-09-24 10:12:34+03:00
0,0,0,0,0,0,2020-09-24 10:31:29+03:00
0,0,0,0,0,0,2020-09-24 10:33:34+03:00
0,0,0,0,0,0,2020-09-24 10:42:29+03:00
0,0,0,0,0,0,2020-09-24 10:44:22+03:00
0,0,0,0,0,0,2020-09-24 10:45:44+03:00
0,0,0,0,0,0,2020-09-24 10:49:36+03:00
0,2,0,0,0,1,2020-09-28 13:24:01+03:00
0,0,0,0,0,0,2020-09-28 13:25:37+03:00
0,4,0,0,0,1,2020-09-29 13:06:03+03:00
0,0,0,0,0,0,2020-09-29 13:10:05+03:00
0,1,0,0,0,0,2020-09-30 14:55:22+03:00
0,0,0,0,0,0,2020-09-30 14:57:47+03:00
0,1,0,0,0,0,2020-10-01 11:39:38+03:00
0,0,0,0,0,0,2020-10-01 11:44:49+03:00
0,0,0,0,0,0,2020-10-01 15:14:40+03:00
0,0,0,0,0,0,2020-10-01 15:16:24+03:00
0,0,0,0,0,0,2020-10-01 18:31:26+03:00
0,0,0,0,0,0,2020-10-01 18:32:58+03:00
0,0,0,0,0,0,2020-10-01 18:40:01+03:00
0,0,0,0,0,0,2020-10-02 16:40:19+03:00
0,0,0,0,0,0,2020-10-02 16:42:15+03:00
0,0,0,0,0,0,2020-10-02 17:09:57+03:00
0,0,0,0,0,0,2020-10-02 17:16:36+03:00
0,0,0,0,0,0,2020-10-02 17:37:18+03:00
0,0,0,0,0,0,2020-10-02 17:42:56+03:00
0,0,0,0,0,0,2020-10-02 17:51:42+03:00
0,0,0,0,0,0,2020-10-02 17:53:06+03:00
