Acquisition,Preparation,Modeling,Training,Evaluation,Prediction,time
0,0,0,0,0,0,2021-09-11 10:33:50-07:00
0,0,0,0,0,0,2021-09-11 10:39:59-07:00
0,0,0,0,0,0,2021-09-11 12:42:37-07:00
0,0,0,0,0,0,2021-09-11 14:58:28-07:00
0,0,0,0,0,0,2021-09-11 14:59:17-07:00
0,0,0,0,0,0,2021-09-11 15:00:10-07:00
0,0,0,0,0,0,2021-09-11 15:04:48-07:00
0,0,0,0,0,0,2021-09-11 15:04:52-07:00
0,0,0,0,0,0,2021-09-11 15:05:33-07:00
0,0,0,0,0,0,2021-09-11 15:09:30-07:00
0,0,0,0,0,0,2021-09-11 15:11:51-07:00
0,0,0,0,0,0,2021-09-11 15:14:00-07:00
0,0,0,0,0,0,2021-09-11 15:14:39-07:00
0,0,0,0,0,0,2021-09-11 15:15:17-07:00
0,0,0,0,0,0,2021-09-11 15:19:16-07:00
0,0,0,0,0,0,2021-09-11 15:19:23-07:00
0,0,0,0,0,0,2021-09-11 15:19:23-07:00
0,0,0,0,0,0,2021-09-11 15:19:26-07:00
0,0,0,0,0,0,2021-09-11 15:20:36-07:00
0,0,0,0,0,0,2021-09-11 15:21:51-07:00
0,0,0,0,0,0,2021-09-11 15:23:04-07:00
0,0,0,0,0,0,2021-09-11 15:23:10-07:00
0,0,0,0,0,0,2021-09-11 15:24:14-07:00
0,0,0,0,0,0,2021-09-11 15:26:52-07:00
0,0,0,0,0,0,2021-09-11 15:27:43-07:00
0,0,0,0,0,0,2021-09-11 15:29:31-07:00
0,0,0,0,0,0,2021-09-11 15:35:59-07:00
0,0,0,0,0,0,2021-09-14 17:12:14-07:00
187,214,19,8,6,24,2021-09-24 15:49:41-07:00
0,0,0,0,0,0,2021-09-26 00:28:33-07:00
0,0,0,0,0,0,2021-09-26 00:28:42-07:00
0,0,0,0,0,0,2021-09-26 00:30:04-07:00
0,0,0,0,0,0,2021-09-26 00:30:11-07:00
0,0,0,0,0,0,2021-10-08 11:19:57-07:00
0,0,0,0,0,0,2021-10-08 11:28:04-07:00
0,0,0,0,0,0,2021-10-08 11:28:18-07:00
0,0,0,0,0,0,2021-10-08 11:31:15-07:00
0,0,0,0,0,0,2021-10-08 11:31:59-07:00
0,0,0,0,0,0,2021-10-08 11:32:05-07:00
0,0,0,0,0,0,2021-10-08 11:34:57-07:00
0,0,0,0,0,0,2021-10-08 11:35:31-07:00
0,0,0,0,0,0,2021-10-08 11:35:48-07:00
0,0,0,0,0,0,2021-10-08 11:36:02-07:00
0,0,0,0,0,0,2021-10-08 11:36:17-07:00
0,0,0,0,0,0,2021-10-08 11:36:25-07:00
0,0,0,0,0,0,2021-10-08 11:41:59-07:00
0,0,0,0,0,0,2021-10-08 11:42:23-07:00
0,0,0,0,0,0,2021-10-08 11:42:59-07:00
0,0,0,0,0,0,2021-10-08 11:43:16-07:00
0,0,0,0,0,0,2021-10-08 11:43:43-07:00
0,0,0,0,0,0,2021-10-08 11:44:06-07:00
0,0,0,0,0,0,2021-10-08 16:01:25-07:00
0,0,0,0,0,0,2021-10-09 10:10:09-07:00
0,0,0,0,0,0,2021-10-09 10:10:37-07:00
0,0,0,0,0,0,2021-10-09 10:10:49-07:00
0,0,0,0,0,0,2021-10-09 11:09:49-07:00
0,0,0,0,0,0,2021-10-09 11:12:02-07:00
0,0,0,0,0,0,2021-10-09 11:31:09-07:00
0,0,0,0,0,0,2021-10-09 11:33:00-07:00
0,0,0,0,0,0,2021-10-09 11:33:01-07:00
0,0,0,0,0,0,2021-10-09 11:33:16-07:00
0,0,0,0,0,0,2021-10-09 11:33:27-07:00
0,0,0,0,0,0,2021-10-09 11:33:30-07:00
0,0,0,0,0,0,2021-10-09 11:37:15-07:00
0,0,0,0,0,0,2021-10-09 11:37:23-07:00
0,0,0,0,0,0,2021-10-09 11:38:29-07:00
0,0,0,0,0,0,2021-10-09 11:38:33-07:00
0,0,0,0,0,0,2021-10-09 11:39:00-07:00
0,0,0,0,0,0,2021-10-09 11:45:56-07:00
0,0,0,0,0,0,2021-10-09 15:55:27-07:00
0,0,0,0,0,0,2021-10-09 15:58:30-07:00
0,0,0,0,0,0,2021-10-09 16:16:37-07:00
0,0,0,0,0,0,2021-10-10 12:33:42-07:00
1,0,0,0,0,0,2021-10-14 21:09:46-07:00
0,0,0,0,0,0,2021-10-14 21:09:59-07:00
0,0,0,0,0,0,2021-10-14 21:10:40-07:00
0,0,0,0,0,0,2021-10-14 21:11:22-07:00
1,0,0,0,0,0,2021-10-14 21:12:23-07:00
0,0,0,0,0,0,2021-10-14 22:12:40-07:00
0,0,0,0,0,0,2021-10-14 22:13:16-07:00
0,0,0,0,0,0,2021-10-14 22:14:04-07:00
0,0,0,0,0,0,2021-10-14 22:15:29-07:00
0,0,0,0,0,0,2021-10-14 22:18:42-07:00
0,0,0,0,0,0,2021-10-16 12:00:52-07:00
0,0,0,0,0,0,2021-10-16 13:50:30-07:00
0,0,0,0,0,0,2021-10-16 13:51:12-07:00
0,0,0,0,0,0,2021-10-16 13:51:40-07:00
0,0,0,0,0,0,2021-10-16 13:51:57-07:00
0,0,0,0,0,0,2021-10-16 13:52:13-07:00
0,0,0,0,0,0,2021-10-16 13:52:33-07:00
0,0,0,0,0,0,2021-10-16 14:01:53-07:00
0,0,0,0,0,0,2021-10-16 14:05:00-07:00
0,0,0,0,0,0,2021-10-16 14:08:34-07:00
0,0,0,0,0,0,2021-10-16 15:53:36-07:00
1,2,1,0,0,0,2021-10-16 16:09:52-07:00
1,2,1,0,0,0,2021-10-16 16:13:33-07:00
0,0,0,0,0,0,2021-10-16 16:15:12-07:00
0,0,0,0,0,0,2021-10-16 19:36:37-07:00
0,0,0,0,0,0,2021-10-23 13:36:10-07:00
0,0,0,0,0,0,2021-10-23 13:36:20-07:00
0,0,0,0,0,0,2021-10-23 13:37:21-07:00
0,0,0,0,0,0,2021-10-23 13:42:46-07:00
0,0,0,0,0,0,2021-10-23 13:50:51-07:00
0,0,0,0,0,0,2021-10-23 13:50:59-07:00
0,0,0,0,0,0,2021-10-23 13:51:03-07:00
0,0,0,0,0,0,2021-10-23 13:51:20-07:00
0,0,0,0,0,0,2021-10-23 13:51:29-07:00
0,0,0,0,0,0,2021-10-23 13:52:26-07:00
0,0,0,0,0,0,2021-10-23 13:52:29-07:00
0,0,0,0,0,0,2021-10-23 13:53:38-07:00
0,0,0,0,0,0,2021-10-23 13:53:58-07:00
0,0,0,0,0,0,2021-10-23 15:55:12-07:00
0,0,0,0,0,0,2021-10-23 18:35:46-07:00
0,0,0,0,0,0,2021-10-23 18:49:10-07:00
0,0,0,0,0,0,2021-10-23 19:03:14-07:00
0,0,0,0,0,0,2021-10-23 19:06:16-07:00
0,0,0,0,0,0,2021-10-23 19:19:14-07:00
0,0,0,0,0,0,2021-10-23 19:19:36-07:00
0,0,0,0,0,0,2021-10-24 00:38:41-07:00
0,0,0,0,0,0,2021-10-24 09:49:48-07:00
0,0,0,0,0,0,2021-10-29 12:56:01-07:00
0,0,0,0,0,0,2021-10-29 13:23:41-07:00
0,0,0,0,0,0,2021-10-29 13:25:15-07:00
0,0,0,0,0,0,2021-10-29 13:25:39-07:00
0,0,0,0,0,0,2021-10-29 13:26:54-07:00
0,0,0,0,0,0,2021-10-29 13:32:15-07:00
0,0,0,0,0,0,2021-10-29 13:35:26-07:00
0,0,0,0,0,0,2021-10-29 13:35:34-07:00
0,0,0,0,0,0,2021-10-29 13:36:15-07:00
0,0,0,0,0,0,2021-10-29 13:38:19-07:00
0,0,0,0,0,0,2021-10-29 13:57:12-07:00
0,0,0,0,0,0,2021-10-29 14:04:11-07:00
0,0,0,0,0,0,2021-10-29 18:48:03-07:00
0,0,0,0,0,0,2021-10-30 04:23:24-07:00
0,0,0,0,0,0,2021-10-31 11:42:30-07:00
0,0,0,0,0,0,2021-11-05 15:17:03-07:00
0,0,0,0,0,0,2021-11-05 15:19:00-07:00
0,0,0,0,0,0,2021-11-05 15:49:27-07:00
0,0,0,0,0,0,2021-11-05 15:49:37-07:00
0,0,0,0,0,0,2021-11-05 16:10:10-07:00
0,0,0,0,0,0,2021-11-05 16:24:43-07:00
0,0,0,0,0,0,2021-11-05 16:28:32-07:00
0,0,0,0,0,0,2021-11-05 16:28:39-07:00
0,0,0,0,0,0,2021-11-05 16:34:59-07:00
0,0,0,0,0,0,2021-11-05 16:35:35-07:00
0,0,0,0,0,0,2021-11-05 16:37:08-07:00
0,0,0,0,0,0,2021-11-05 16:37:44-07:00
0,0,0,0,0,0,2021-11-05 16:38:06-07:00
0,0,0,0,0,0,2021-11-05 16:38:27-07:00
0,0,0,0,0,0,2021-11-05 16:38:45-07:00
0,0,0,0,0,0,2021-11-05 16:39:24-07:00
0,0,0,0,0,0,2021-11-05 16:50:03-07:00
0,0,0,0,0,0,2021-11-05 16:50:15-07:00
0,0,0,0,0,0,2021-11-05 16:50:21-07:00
0,0,0,0,0,0,2021-11-05 16:52:49-07:00
0,0,0,0,0,0,2021-11-06 13:58:17-07:00
0,0,0,0,0,0,2021-11-06 14:11:03-07:00
0,0,0,0,0,0,2021-11-06 14:11:15-07:00
0,0,0,0,0,0,2021-11-06 14:11:32-07:00
0,0,0,0,0,0,2021-11-06 14:28:25-07:00
0,0,0,0,0,0,2021-11-06 14:40:28-07:00
0,0,0,0,0,0,2021-11-06 17:43:37-07:00
0,0,0,0,0,0,2021-11-06 23:14:58-07:00
0,0,0,0,0,0,2021-11-06 23:16:49-07:00
0,0,0,0,0,0,2021-11-06 23:40:57-07:00
0,0,0,0,0,0,2021-11-07 00:03:08-07:00
0,0,0,0,0,0,2021-11-07 12:47:20-08:00
0,0,0,0,0,0,2021-11-13 13:52:34-08:00
0,0,0,0,0,0,2021-11-13 13:54:39-08:00
0,0,0,0,0,0,2021-11-13 14:00:42-08:00
0,0,0,0,0,0,2021-11-13 14:01:32-08:00
0,0,0,0,0,0,2021-11-13 14:05:53-08:00
0,0,0,0,0,0,2021-11-13 14:05:59-08:00
0,0,0,0,0,0,2021-11-13 14:06:03-08:00
0,0,0,0,0,0,2021-11-13 14:07:46-08:00
0,0,0,0,0,0,2021-11-13 14:14:50-08:00
0,0,0,0,0,0,2021-11-13 14:17:17-08:00
0,0,0,0,0,0,2021-11-13 16:55:00-08:00
0,0,0,0,0,0,2021-11-13 16:55:42-08:00
0,0,0,0,0,0,2021-11-13 16:56:07-08:00
0,0,0,0,0,0,2021-11-14 03:01:29-08:00
0,0,0,0,0,0,2021-11-14 11:50:53-08:00
0,0,0,0,0,0,2021-11-20 13:37:04-08:00
0,0,0,0,0,0,2021-11-20 13:39:45-08:00
0,0,0,0,0,0,2021-11-20 14:14:34-08:00
0,0,0,0,0,0,2021-11-20 14:40:09-08:00
0,0,0,0,0,0,2021-11-21 00:25:11-08:00
0,0,0,0,0,0,2021-11-21 00:58:42-08:00
0,0,0,0,0,0,2021-11-21 22:53:28-08:00
0,0,0,0,0,0,2021-11-23 16:43:15-08:00
0,0,0,0,0,0,2021-11-27 10:34:56-08:00
0,0,0,0,0,0,2021-11-27 17:15:41-08:00
0,0,0,0,0,0,2021-11-27 19:58:29-08:00
0,0,0,0,0,0,2021-11-27 19:58:44-08:00
0,0,0,0,0,0,2021-11-27 19:59:48-08:00
0,0,0,0,0,0,2021-11-28 03:25:21-08:00
0,0,0,0,0,0,2021-11-29 00:51:18-08:00
0,0,0,0,0,0,2021-11-29 12:58:54-08:00
0,0,0,0,0,0,2021-12-11 14:06:23-08:00
0,0,0,0,0,0,2021-12-11 14:06:47-08:00
0,0,0,0,0,0,2021-12-11 14:13:38-08:00
0,0,0,0,0,0,2021-12-11 14:38:38-08:00
0,0,0,0,0,0,2021-12-11 16:56:41-08:00
0,0,0,0,0,0,2021-12-12 10:12:52-08:00
0,0,0,0,0,0,2021-12-13 00:30:40-08:00
0,0,0,0,0,0,2021-12-13 00:31:01-08:00
0,0,0,0,0,0,2021-12-15 12:02:54-08:00
0,0,0,0,0,0,2021-12-15 12:10:32-08:00
0,0,0,0,0,0,2021-12-15 13:01:14-08:00
0,0,0,0,0,0,2021-12-15 13:50:19-08:00
0,0,0,0,0,0,2021-12-15 14:02:47-08:00
0,0,0,0,0,0,2021-12-15 21:40:09-08:00
0,0,0,0,0,0,2021-12-19 13:52:53-08:00
0,0,0,0,0,0,2021-12-19 13:53:49-08:00
0,0,0,0,0,0,2021-12-21 13:51:39-08:00
0,0,0,0,0,0,2021-12-21 13:56:42-08:00
0,0,0,0,0,0,2021-12-21 14:01:53-08:00
0,0,0,0,0,0,2021-12-21 14:03:50-08:00
0,0,0,0,0,0,2021-12-21 14:42:15-08:00
0,0,0,0,0,0,2021-12-21 17:04:09-08:00
0,0,0,0,0,0,2021-12-24 15:24:15-08:00
0,0,0,0,0,0,2022-01-04 13:53:04-08:00
0,0,0,0,0,0,2022-01-04 13:56:44-08:00
0,0,0,0,0,0,2022-01-04 14:15:22-08:00
0,0,0,0,0,0,2022-01-04 15:45:48-08:00
0,0,0,0,0,0,2022-01-09 18:11:43-08:00
0,0,0,0,0,0,2022-01-11 13:46:08-08:00
0,0,0,0,0,0,2022-01-18 13:04:43-08:00
0,0,0,0,0,0,2022-01-18 14:09:43-08:00
0,0,0,0,0,0,2022-01-18 14:19:35-08:00
0,0,0,0,0,0,2022-01-29 12:48:55-08:00
0,0,0,0,0,0,2022-01-29 14:06:36-08:00
0,0,0,0,0,0,2022-01-29 14:08:38-08:00
0,0,0,0,0,0,2022-02-05 13:53:58-08:00
0,0,0,0,0,0,2022-02-05 13:54:44-08:00
0,0,0,0,0,0,2022-02-05 13:59:52-08:00
0,0,0,0,0,0,2022-02-05 14:03:28-08:00
0,0,0,0,0,0,2022-02-05 14:07:38-08:00
0,0,0,0,0,0,2022-02-05 14:33:09-08:00
0,0,0,0,0,0,2022-02-05 14:33:58-08:00
0,0,0,0,0,0,2022-02-12 13:57:04-08:00
0,0,0,0,0,0,2022-02-12 14:08:56-08:00
