Acquisition,Preparation,Modeling,Training,Evaluation,Prediction,time
0,0,0,0,0,0,2016-02-24 19:41:25+08:00
0,0,0,0,0,0,2016-02-24 19:44:30+08:00
0,0,0,0,0,0,2016-02-24 19:53:30+08:00
0,0,0,0,0,0,2016-02-24 19:57:09+08:00
0,0,0,0,0,0,2016-02-24 19:59:19+08:00
0,0,0,0,0,0,2016-02-24 20:01:38+08:00
0,0,0,0,0,0,2016-04-19 17:18:07+08:00
0,0,0,0,0,0,2016-06-14 20:10:31+08:00
0,0,0,0,0,0,2016-07-01 14:59:17+08:00
5,5,0,0,1,0,2016-08-03 14:12:00+08:00
0,1,0,0,0,0,2016-08-04 15:12:05+08:00
0,0,0,0,0,0,2016-08-04 15:12:17+08:00
0,0,0,0,0,0,2016-08-19 18:34:16+08:00
0,1,0,0,0,0,2016-08-19 19:21:44+08:00
0,0,0,0,0,0,2016-08-23 16:39:07+08:00
0,0,0,0,0,0,2016-08-23 16:43:02+08:00
0,0,0,0,0,0,2016-08-24 12:37:55+08:00
0,0,0,0,0,0,2016-09-24 18:48:48+08:00
0,0,0,0,0,0,2016-09-24 18:49:16+08:00
2,4,0,0,0,0,2017-02-16 20:59:58+08:00
3,2,0,0,1,0,2017-02-16 21:00:57+08:00
0,0,0,0,0,0,2017-02-28 21:31:43+08:00
0,1,0,0,0,0,2017-02-28 21:32:28+08:00
1,1,0,0,0,0,2017-03-01 21:42:58+08:00
1,1,0,0,0,0,2017-03-02 22:16:18+08:00
0,0,0,0,0,0,2017-04-10 15:57:10+08:00
0,0,0,0,0,0,2017-04-10 16:08:09+08:00
0,0,0,0,0,0,2017-04-10 16:08:56+08:00
0,5,1,1,0,0,2017-04-10 17:17:05+08:00
0,2,0,0,1,0,2017-04-10 17:20:29+08:00
1,2,1,1,0,0,2017-04-10 19:18:54+08:00
0,0,0,0,0,0,2017-04-10 20:31:49+08:00
1,2,0,0,0,0,2017-04-11 15:36:23+08:00
0,0,0,0,0,0,2017-04-11 15:37:48+08:00
0,1,0,0,0,0,2017-04-11 15:38:10+08:00
0,2,0,0,0,0,2017-04-11 19:54:20+08:00
1,1,1,1,0,0,2017-04-11 20:34:14+08:00
0,2,1,1,0,0,2017-05-08 20:51:44+08:00
1,1,0,0,0,0,2017-05-11 15:52:22+08:00
0,1,0,0,0,0,2017-05-12 16:09:20+08:00
0,2,0,0,0,0,2017-05-13 16:15:55+08:00
0,1,0,0,0,0,2017-05-13 16:16:45+08:00
1,1,0,0,0,0,2017-05-13 16:20:32+08:00
0,1,0,0,0,0,2017-05-14 14:35:06+08:00
0,1,0,0,1,0,2017-05-14 16:03:30+08:00
1,3,0,0,0,0,2017-05-15 12:36:08+08:00
1,1,0,0,0,1,2017-05-15 12:36:28+08:00
1,1,0,0,0,1,2017-05-15 15:04:54+08:00
1,1,0,0,0,1,2017-05-15 15:40:24+08:00
0,2,0,0,3,0,2017-05-19 20:09:34+08:00
0,2,0,0,0,0,2017-05-19 20:09:58+08:00
1,1,0,0,0,1,2017-05-19 20:42:36+08:00
0,1,0,0,1,0,2017-05-20 23:00:44+08:00
0,1,0,0,1,0,2017-05-22 14:41:22+08:00
1,1,0,0,0,1,2017-05-22 16:34:44+08:00
0,1,0,0,1,0,2017-05-22 16:44:44+08:00
1,1,0,0,0,1,2017-05-23 16:56:07+08:00
0,0,0,0,0,0,2017-05-24 13:52:24+08:00
1,1,0,0,0,1,2017-05-24 15:39:22+08:00
1,1,0,0,0,1,2017-05-24 16:35:54+08:00
1,1,0,0,0,1,2017-05-25 11:17:18+08:00
1,1,0,0,0,1,2017-05-25 15:32:15+08:00
1,1,0,0,0,1,2017-05-28 15:14:30+08:00
0,1,0,0,0,0,2017-06-09 15:37:13+08:00
0,3,0,0,2,0,2017-06-09 15:37:39+08:00
1,7,1,1,0,0,2017-07-17 12:25:46+08:00
0,7,0,0,0,0,2017-07-17 22:08:48+08:00
1,8,1,1,1,0,2017-07-19 11:29:05+08:00
0,1,0,0,0,0,2017-07-19 15:42:01+08:00
0,2,0,0,0,0,2017-07-19 16:04:52+08:00
1,16,0,0,1,0,2017-07-19 16:11:57+08:00
5,4,0,0,1,0,2017-07-22 17:02:01+08:00
6,13,0,0,3,1,2017-07-22 17:03:07+08:00
0,0,0,0,0,0,2017-07-22 22:20:38+08:00
2,2,0,0,0,0,2017-07-23 15:59:28+08:00
4,13,0,0,1,1,2017-07-23 16:21:30+08:00
1,2,0,0,1,0,2017-07-23 16:32:33+08:00
0,0,0,0,0,0,2017-07-23 16:39:35+08:00
0,2,0,0,2,1,2017-07-23 18:43:52+08:00
6,12,0,0,2,0,2017-07-23 18:46:42+08:00
0,0,0,0,0,0,2017-07-25 17:11:37+08:00
0,0,0,0,0,0,2017-07-25 18:36:13+08:00
1,2,0,0,1,0,2017-07-25 20:40:07+08:00
1,4,0,0,3,0,2017-07-26 19:37:18+08:00
6,7,1,1,1,0,2017-07-26 19:45:34+08:00
0,2,0,0,1,0,2017-07-26 20:55:59+08:00
2,2,0,0,1,0,2017-07-26 20:57:14+08:00
1,1,0,0,1,0,2017-07-26 21:21:55+08:00
0,1,0,0,0,0,2017-07-27 20:53:47+08:00
1,1,0,0,0,0,2017-07-27 20:59:04+08:00
0,1,0,0,0,0,2017-08-03 14:20:54+08:00
0,3,0,0,0,0,2017-08-05 15:28:56+08:00
0,1,0,0,0,0,2017-08-05 22:14:47+08:00
0,3,0,0,0,0,2017-08-07 19:29:01+08:00
0,2,0,0,0,0,2017-08-08 19:08:17+08:00
1,4,1,0,1,0,2017-08-10 22:07:25+08:00
1,4,0,0,1,0,2017-08-11 17:06:33+08:00
0,1,0,0,0,0,2017-08-11 17:08:56+08:00
0,1,0,0,0,0,2017-08-11 17:13:22+08:00
0,0,0,0,0,0,2017-08-02 22:08:34+08:00
1,1,0,0,0,0,2017-08-11 18:21:51+08:00
0,1,0,0,0,0,2017-08-17 17:09:15+08:00
0,1,0,0,0,0,2017-08-17 20:16:27+08:00
1,2,0,0,1,0,2017-08-17 20:17:44+08:00
0,10,0,0,0,0,2017-08-17 22:26:15+08:00
0,0,0,0,0,0,2017-08-18 10:56:25+08:00
0,0,0,0,0,0,2017-08-18 14:42:57+08:00
0,0,0,0,0,0,2017-08-21 21:56:02+08:00
1,1,0,0,1,0,2017-08-22 15:06:25+08:00
1,1,0,0,1,0,2017-08-22 15:07:15+08:00
2,2,1,0,0,0,2017-08-30 17:12:40+08:00
1,1,0,0,0,0,2017-08-30 17:13:18+08:00
0,2,0,0,1,1,2017-08-31 20:00:33+08:00
0,2,0,0,0,0,2017-08-31 20:56:52+08:00
0,1,0,0,0,0,2017-09-03 16:52:31+08:00
0,1,0,0,0,0,2017-09-05 17:08:44+08:00
0,1,0,0,0,0,2017-09-05 21:38:19+08:00
0,0,0,0,0,0,2017-09-08 15:44:36+08:00
2,3,0,0,2,0,2017-09-26 17:09:07+08:00
0,1,0,0,0,0,2017-09-26 18:05:30+08:00
5,18,0,0,3,2,2017-10-23 21:40:50+08:00
5,16,0,0,2,2,2017-11-06 22:31:08+08:00
0,0,0,0,0,0,2017-11-06 22:39:48+08:00
4,10,0,0,2,1,2017-11-18 22:49:42+08:00
1,2,0,0,2,1,2017-11-21 20:18:17+08:00
1,1,0,0,0,0,2017-11-23 20:07:41+08:00
2,11,0,0,2,1,2017-11-23 20:54:54+08:00
1,1,0,0,1,0,2017-11-23 20:57:51+08:00
2,7,0,0,1,0,2017-11-24 14:25:49+08:00
0,1,0,0,0,0,2017-11-24 16:14:43+08:00
0,0,0,0,0,0,2017-12-27 11:08:40+08:00
2,2,0,0,1,0,2018-04-12 12:54:13+08:00
3,10,0,0,0,1,2018-04-12 12:56:28+08:00
2,6,0,0,2,1,2018-04-13 19:28:12+08:00
1,1,0,0,1,0,2018-04-13 20:20:52+08:00
0,0,0,0,0,0,2018-04-13 20:22:36+08:00
0,1,0,0,0,0,2018-04-13 20:33:26+08:00
0,0,0,0,0,0,2018-04-13 20:37:46+08:00
0,2,0,0,1,1,2018-04-17 14:43:14+08:00
0,1,0,0,1,1,2018-04-20 19:37:19+08:00
2,4,0,0,0,1,2018-07-02 11:36:39+08:00
