Acquisition,Preparation,Modeling,Training,Evaluation,Prediction,time
0,0,0,0,0,0,2020-01-29 20:06:07-03:00
0,0,0,0,0,0,2020-01-29 20:17:11-03:00
0,0,0,0,0,0,2020-01-29 20:17:31-03:00
0,0,0,0,0,0,2020-01-29 20:18:04-03:00
2,0,0,0,0,0,2020-01-29 20:29:14-03:00
1,0,0,0,0,0,2020-01-29 22:01:00-03:00
1,0,0,0,0,0,2020-01-29 22:23:08-03:00
1,0,0,0,0,0,2020-01-29 22:29:06-03:00
1,1,0,0,0,0,2020-01-29 23:01:17-03:00
1,1,0,0,0,0,2020-01-29 23:11:18-03:00
1,1,0,0,0,0,2020-01-29 23:29:14-03:00
1,1,0,0,0,0,2020-01-29 23:53:36-03:00
1,1,0,0,0,0,2020-01-30 01:25:10-03:00
1,1,0,0,0,0,2020-02-01 08:58:52-03:00
1,1,0,0,0,0,2020-02-01 09:31:24-03:00
0,1,0,0,0,0,2020-02-01 09:34:59-03:00
1,2,0,0,0,0,2020-02-01 13:18:59-03:00
1,1,1,2,0,0,2020-02-01 15:08:24-03:00
2,2,1,3,0,1,2020-02-01 19:49:59-03:00
1,1,0,1,1,1,2020-02-01 23:17:49-03:00
0,1,0,0,0,0,2020-02-01 23:46:45-03:00
1,0,1,0,0,0,2020-02-01 23:48:27-03:00
0,0,0,0,0,0,2020-02-01 23:48:54-03:00
0,0,0,0,0,0,2020-02-02 07:31:04-03:00
0,0,0,0,0,0,2020-02-02 13:02:58-03:00
0,1,0,0,0,0,2020-02-02 18:18:59-03:00
0,0,0,0,0,0,2020-02-02 20:40:48-03:00
0,0,0,0,0,0,2020-02-02 20:59:23-03:00
1,1,0,1,1,1,2020-02-02 20:59:42-03:00
0,1,0,0,0,0,2020-02-02 21:00:33-03:00
0,0,0,0,0,0,2020-02-02 21:08:38-03:00
0,0,0,0,0,0,2020-02-02 21:09:48-03:00
0,0,0,0,0,0,2020-02-02 21:43:41-03:00
0,0,0,0,0,0,2020-02-02 22:11:46-03:00
0,0,0,0,0,0,2020-02-02 22:27:25-03:00
0,0,0,0,0,0,2020-02-27 17:39:16-03:00
0,0,0,0,0,0,2020-02-27 18:27:06-03:00
0,0,0,0,0,0,2020-02-27 20:03:45-03:00
0,1,0,0,0,0,2020-02-28 22:42:39-03:00
0,1,0,0,0,0,2020-02-28 22:43:59-03:00
1,0,1,0,0,0,2020-02-28 22:45:45-03:00
1,0,0,0,0,0,2020-02-29 10:01:08-03:00
1,1,0,0,1,0,2020-02-29 10:30:45-03:00
1,1,0,0,1,0,2020-02-29 13:42:59-03:00
1,1,0,0,1,0,2020-02-29 14:15:35-03:00
1,0,0,0,0,0,2020-02-29 15:41:01-03:00
1,1,0,0,0,0,2020-02-29 18:43:43-03:00
1,1,0,0,0,0,2020-02-29 18:55:47-03:00
0,1,0,0,0,0,2020-02-29 22:05:35-03:00
0,1,0,0,1,0,2020-02-29 22:06:29-03:00
1,0,0,0,0,0,2020-02-29 22:07:49-03:00
1,1,0,0,1,0,2020-03-01 10:59:10-03:00
1,1,0,0,1,0,2020-03-01 17:21:23-03:00
2,1,1,0,1,0,2020-03-01 20:16:51-03:00
1,1,1,1,1,1,2020-03-01 20:18:50-03:00
1,0,1,0,0,0,2020-03-01 23:29:12-03:00
0,1,0,0,1,0,2020-03-01 23:30:40-03:00
0,1,1,1,0,1,2020-03-01 23:31:27-03:00
1,1,2,1,0,1,2020-03-02 01:42:27-03:00
1,2,2,2,0,1,2020-03-02 12:56:47-03:00
1,2,2,2,0,1,2020-03-02 14:48:23-03:00
1,2,2,2,0,1,2020-03-02 16:22:13-03:00
1,1,1,1,0,0,2020-03-02 17:58:32-03:00
1,1,1,1,0,0,2020-03-02 18:43:40-03:00
0,1,1,1,0,1,2020-03-02 18:43:55-03:00
1,3,2,2,1,1,2020-03-02 21:27:25-03:00
1,1,1,1,0,0,2020-03-02 21:33:16-03:00
1,1,1,1,0,0,2020-03-03 19:02:03-03:00
1,1,1,1,0,0,2020-03-03 19:03:25-03:00
0,0,0,0,0,0,2020-03-03 21:58:50-03:00
0,0,0,0,0,0,2020-03-03 22:12:04-03:00
0,0,0,0,0,0,2020-03-03 22:17:28-03:00
0,0,0,0,0,0,2020-03-03 22:46:08-03:00
0,0,0,0,0,0,2020-03-03 23:30:28-03:00
0,0,0,0,0,0,2020-03-03 23:31:13-03:00
1,1,1,1,0,0,2020-03-04 13:21:19-03:00
0,0,0,0,0,0,2020-03-04 13:21:58-03:00
0,0,0,0,0,0,2020-03-04 23:40:23-03:00
0,0,0,0,0,0,2020-03-04 23:42:46-03:00
0,0,0,0,0,0,2020-03-04 23:45:18-03:00
0,0,0,0,0,0,2020-03-05 14:01:42-03:00
0,0,0,0,0,0,2020-03-06 23:21:42-03:00
2,2,1,1,1,0,2020-03-07 10:45:57-03:00
1,1,1,1,1,0,2020-03-07 17:34:41-03:00
0,0,0,0,0,0,2020-03-07 21:10:47-03:00
1,1,1,1,1,0,2020-03-07 21:15:57-03:00
1,2,1,1,2,0,2020-03-10 17:48:57-03:00
0,1,0,0,1,0,2020-03-13 22:37:01-03:00
0,1,0,0,1,0,2020-03-13 22:39:41-03:00
1,0,1,1,0,0,2020-03-13 22:40:57-03:00
0,1,0,0,1,0,2020-03-14 16:17:26-03:00
1,0,0,0,0,0,2020-03-14 16:25:18-03:00
0,1,0,0,1,0,2020-03-14 17:44:16-03:00
0,1,0,0,1,0,2020-03-14 17:58:17-03:00
0,1,0,0,1,0,2020-03-14 20:36:34-03:00
0,1,0,0,1,0,2020-03-14 20:37:48-03:00
1,0,1,1,0,0,2020-03-14 20:38:51-03:00
1,1,1,1,1,0,2020-03-14 21:53:37-03:00
0,1,0,0,1,0,2020-03-15 12:53:05-03:00
0,1,0,0,1,0,2020-03-15 16:48:41-03:00
0,1,0,0,1,0,2020-03-15 16:49:10-03:00
1,0,1,1,0,0,2020-03-15 16:50:00-03:00
0,1,1,1,0,1,2020-03-15 17:09:12-03:00
0,1,0,1,0,1,2020-03-15 17:19:00-03:00
0,0,0,0,0,0,2020-03-15 18:39:16-03:00
0,1,0,1,0,1,2020-03-15 20:09:10-03:00
0,1,0,0,1,0,2020-03-15 20:10:17-03:00
1,1,1,1,0,0,2020-03-15 20:13:57-03:00
0,0,0,0,0,0,2020-03-15 20:14:35-03:00
0,0,0,0,0,0,2020-03-15 20:16:10-03:00
0,0,0,0,0,0,2020-03-16 11:45:03-03:00
0,0,0,0,0,0,2020-03-16 12:13:55-03:00
0,0,0,0,0,0,2020-03-16 12:22:59-03:00
0,0,0,0,0,0,2020-03-16 12:27:27-03:00
0,0,0,0,0,0,2020-03-16 12:28:59-03:00
0,0,0,0,0,0,2020-03-16 12:54:11-03:00
0,0,0,0,0,0,2020-03-16 14:54:40-03:00
0,0,0,0,0,0,2020-03-16 15:09:13-03:00
0,0,0,0,0,0,2020-03-16 15:22:38-03:00
0,0,0,0,0,0,2020-03-16 15:26:10-03:00
0,0,0,0,0,0,2020-03-16 15:37:01-03:00
0,0,0,0,0,0,2020-03-16 15:45:46-03:00
0,0,0,0,0,0,2020-03-16 16:13:35-03:00
0,0,0,0,0,0,2020-03-16 16:35:27-03:00
0,0,0,0,0,0,2020-03-16 16:56:31-03:00
1,1,1,1,0,0,2020-03-16 20:47:13-03:00
