Acquisition,Preparation,Modeling,Training,Evaluation,Prediction,time
4,46,4,3,0,0,2021-02-11 23:23:51+01:00
6,15,6,0,0,0,2021-02-11 23:26:41+01:00
0,0,0,0,0,0,2021-02-15 23:05:46+01:00
0,0,0,0,0,0,2021-02-15 23:07:24+01:00
0,0,0,0,0,0,2021-02-15 23:14:38+01:00
1,3,1,0,0,0,2021-02-18 18:05:42+01:00
2,4,2,0,0,0,2021-02-19 13:47:10+01:00
1,3,1,0,0,0,2021-02-19 14:33:41+01:00
2,2,2,0,0,0,2021-02-19 17:11:34+01:00
1,2,2,0,0,0,2021-02-25 17:46:58+01:00
0,1,0,0,0,0,2021-02-25 18:13:44+01:00
0,3,2,0,0,0,2021-02-25 19:17:08+01:00
0,2,2,0,0,0,2021-03-06 13:03:24+01:00
0,0,0,0,0,0,2021-03-06 13:06:14+01:00
0,0,0,0,0,0,2021-03-06 13:10:34+01:00
0,0,0,0,0,0,2021-03-06 14:28:42+01:00
0,0,0,0,0,0,2021-03-06 14:32:10+01:00
0,0,0,0,0,0,2021-03-06 14:43:27+01:00
0,0,0,0,0,0,2021-03-06 14:45:03+01:00
0,0,0,0,0,0,2021-03-06 14:57:51+01:00
0,0,0,0,0,0,2021-03-06 15:26:53+01:00
0,0,0,0,0,0,2021-03-07 13:56:06+01:00
0,0,0,0,0,0,2021-03-07 13:57:03+01:00
0,0,0,0,0,0,2021-03-07 15:15:40+01:00
0,0,0,0,0,0,2021-03-07 15:17:11+01:00
0,0,0,0,0,0,2021-03-07 15:17:44+01:00
0,0,0,0,0,0,2021-03-07 15:18:23+01:00
0,0,0,0,0,0,2021-03-07 15:18:49+01:00
1,1,0,0,0,0,2021-03-07 17:50:30+01:00
1,1,0,0,0,0,2021-03-07 18:00:14+01:00
1,1,0,0,0,0,2021-03-07 18:19:04+01:00
0,0,0,0,0,0,2021-03-07 18:25:17+01:00
0,0,0,0,0,0,2021-03-07 18:27:07+01:00
0,0,0,0,0,0,2021-03-07 18:30:25+01:00
1,1,0,0,0,0,2021-03-07 17:50:30+01:00
0,0,0,0,0,0,2021-03-07 18:32:23+01:00
1,1,0,0,0,0,2021-03-07 18:33:13+01:00
1,1,0,0,0,0,2021-03-07 18:36:21+01:00
1,1,0,0,0,0,2021-03-07 18:38:06+01:00
0,0,0,0,0,0,2021-03-07 18:43:36+01:00
1,1,0,0,0,0,2021-03-07 21:07:32+01:00
1,1,0,0,0,0,2021-03-07 21:22:16+01:00
1,1,0,0,0,0,2021-03-07 22:17:52+01:00
0,0,0,0,0,0,2021-03-07 22:18:19+01:00
1,1,0,0,0,0,2021-03-07 22:28:34+01:00
0,0,0,0,0,0,2021-03-07 22:29:46+01:00
1,1,0,0,0,0,2021-03-07 22:38:23+01:00
0,1,1,0,0,0,2021-03-08 11:50:59+01:00
0,0,0,0,0,0,2021-03-09 17:01:54+01:00
0,0,0,0,0,0,2021-03-09 17:03:27+01:00
0,0,0,0,0,0,2021-03-09 17:04:19+01:00
1,2,0,0,0,0,2021-03-15 11:42:03+01:00
0,0,0,0,0,0,2021-03-15 11:42:42+01:00
1,0,0,0,0,0,2021-04-02 11:23:07+02:00
0,5,0,0,0,0,2021-04-02 19:35:19+02:00
1,8,0,0,0,0,2021-04-04 11:40:54+02:00
