Acquisition,Preparation,Modeling,Training,Evaluation,Prediction,time
0,0,0,0,0,0,2020-07-20 16:54:35+09:00
145,444,159,0,15,0,2020-07-20 18:52:40+09:00
0,0,0,0,0,0,2020-07-20 18:53:43+09:00
0,0,0,0,0,0,2020-07-20 18:57:00+09:00
0,0,0,0,0,0,2020-07-20 18:59:01+09:00
61,39,9,0,1,0,2020-07-21 11:20:15+09:00
0,0,0,0,0,0,2020-07-21 21:32:18+09:00
0,0,0,0,0,0,2020-07-22 10:36:19+09:00
0,0,0,0,0,0,2020-07-22 10:37:44+09:00
0,0,0,0,0,0,2020-07-22 10:44:31+09:00
0,0,0,0,0,0,2020-07-22 11:04:32+09:00
0,0,0,0,0,0,2020-07-22 11:05:24+09:00
0,0,0,0,0,0,2020-07-22 11:06:06+09:00
0,0,0,0,0,0,2020-07-22 11:06:43+09:00
0,0,0,0,0,0,2020-07-22 15:20:36+09:00
0,0,0,0,0,0,2020-07-22 15:21:18+09:00
0,0,0,0,0,0,2020-07-22 17:30:24+09:00
0,0,0,0,0,0,2020-07-22 17:31:44+09:00
49,123,40,0,1,0,2020-07-23 13:04:15+09:00
0,0,0,0,0,0,2020-07-23 16:56:36+09:00
0,0,0,0,0,0,2020-07-23 17:29:06+09:00
0,0,0,0,0,0,2020-07-23 17:36:34+09:00
0,0,0,0,0,0,2020-07-23 17:37:37+09:00
0,0,0,0,0,0,2020-07-23 17:45:11+09:00
0,0,0,0,0,0,2020-07-23 17:45:46+09:00
0,0,0,0,0,0,2020-07-23 17:46:06+09:00
0,0,0,0,0,0,2020-07-23 17:47:40+09:00
0,0,0,0,0,0,2020-07-23 17:57:44+09:00
2,7,4,0,0,0,2020-07-24 13:36:45+09:00
0,0,0,0,0,0,2020-07-24 13:43:09+09:00
10,16,4,0,0,0,2020-07-24 13:57:49+09:00
0,0,0,0,0,0,2020-07-24 14:23:34+09:00
0,0,0,0,0,0,2020-07-24 14:30:20+09:00
0,0,0,0,0,0,2020-07-24 14:40:54+09:00
0,0,0,0,0,0,2020-07-24 14:44:13+09:00
0,0,0,0,0,0,2020-07-24 15:41:26+09:00
0,0,0,0,0,0,2020-07-24 15:54:07+09:00
0,0,0,0,0,0,2020-07-24 16:07:45+09:00
0,0,0,0,0,0,2020-07-24 16:12:21+09:00
0,0,0,0,0,0,2020-07-24 16:21:49+09:00
0,0,0,0,0,0,2020-07-24 16:35:59+09:00
0,0,0,0,0,0,2020-07-25 07:51:26+09:00
0,0,0,0,0,0,2020-07-25 15:25:08+09:00
0,0,0,0,0,0,2020-07-25 15:32:01+09:00
0,0,0,0,0,0,2020-07-25 15:37:12+09:00
0,0,0,0,0,0,2020-07-25 15:41:44+09:00
0,0,0,0,0,0,2020-07-25 15:47:06+09:00
0,0,0,0,0,0,2020-07-25 16:05:27+09:00
0,0,0,0,0,0,2020-07-26 08:28:13+09:00
0,0,0,0,0,0,2020-07-26 15:29:29+09:00
0,0,0,0,0,0,2020-07-26 15:36:54+09:00
0,0,0,0,0,0,2020-07-26 15:38:49+09:00
0,0,0,0,0,0,2020-07-26 15:46:48+09:00
0,0,0,0,0,0,2020-07-27 11:15:48+09:00
0,0,0,0,0,0,2020-07-27 11:16:50+09:00
0,0,0,0,0,0,2020-07-27 12:08:30+09:00
0,0,0,0,0,0,2020-07-27 12:13:31+09:00
0,0,0,0,0,0,2020-07-27 15:27:07+09:00
0,0,0,0,0,0,2020-07-27 15:29:56+09:00
0,0,0,0,0,0,2020-07-27 15:31:13+09:00
0,0,0,0,0,0,2020-07-27 15:56:37+09:00
0,0,0,0,0,0,2020-07-27 20:46:23+09:00
0,0,0,0,0,0,2020-07-28 14:15:19+09:00
0,0,0,0,0,0,2020-07-28 14:16:21+09:00
0,0,0,0,0,0,2020-07-28 14:23:10+09:00
0,0,0,0,0,0,2020-07-28 14:23:23+09:00
0,0,0,0,0,0,2020-07-29 10:50:06+09:00
0,5,0,0,0,0,2020-07-29 11:49:37+09:00
0,0,0,0,0,0,2020-07-29 12:32:58+09:00
0,0,0,0,0,0,2020-07-29 12:45:13+09:00
0,0,0,0,0,0,2020-07-29 12:55:09+09:00
0,0,0,0,0,0,2020-07-29 12:56:51+09:00
0,0,0,0,0,0,2020-07-29 12:57:38+09:00
0,0,0,0,0,0,2020-07-29 13:00:51+09:00
0,0,0,0,0,0,2020-07-30 11:12:56+09:00
0,0,0,0,0,0,2020-07-30 12:44:06+09:00
0,0,0,0,0,0,2020-09-22 10:24:56+09:00
0,0,0,0,0,0,2020-09-22 10:26:10+09:00
0,0,0,0,0,0,2021-03-19 14:22:06+00:00
0,0,0,0,0,0,2021-03-30 14:12:14+00:00
0,0,0,0,0,0,2021-04-01 08:39:33+09:00
0,0,0,0,0,0,2021-04-01 08:39:48+09:00
