Acquisition,Preparation,Modeling,Training,Evaluation,Prediction,time
0,0,0,0,0,0,2019-07-01 16:07:29+02:00
0,0,0,0,0,0,2019-07-02 12:09:40+00:00
3,5,3,3,2,3,2019-07-05 12:03:16+00:00
0,0,0,0,0,0,2019-07-05 14:05:48+02:00
1,1,1,1,0,0,2019-07-05 12:14:36+00:00
1,1,1,1,0,0,2019-07-05 14:48:01+02:00
0,0,0,0,0,0,2019-07-06 16:39:56+02:00
0,0,0,0,0,0,2019-07-06 16:40:37+02:00
1,1,1,1,1,0,2019-07-06 16:40:57+02:00
0,0,0,0,0,0,2019-07-06 16:41:12+02:00
0,1,0,0,0,0,2019-07-06 16:41:25+02:00
1,1,1,1,0,0,2019-07-06 22:21:16+02:00
0,0,0,0,1,0,2019-07-06 22:21:28+02:00
1,1,1,1,0,0,2019-07-06 22:22:01+02:00
0,0,0,0,0,0,2019-07-08 14:44:15-07:00
0,0,0,0,0,0,2019-07-08 16:18:59-07:00
3,5,2,2,1,2,2019-07-08 16:44:54-07:00
1,1,1,1,0,0,2019-07-08 17:12:28-07:00
2,2,2,2,0,0,2019-07-08 17:14:52-07:00
0,0,0,0,0,0,2019-07-08 17:16:37-07:00
0,0,0,0,0,0,2019-07-08 17:27:28-07:00
0,0,0,0,0,0,2019-07-09 09:10:28+02:00
0,0,0,0,0,0,2019-07-10 11:52:50-07:00
1,1,1,0,0,1,2019-07-10 11:55:12-07:00
0,0,0,0,0,0,2019-07-11 14:11:04-07:00
1,1,1,1,0,0,2019-07-11 14:45:21-07:00
1,1,1,1,0,0,2019-07-11 15:00:24-07:00
1,1,1,1,0,0,2019-07-11 15:58:19-07:00
1,1,1,1,0,0,2019-07-11 17:56:58-07:00
1,1,1,0,0,1,2019-07-12 15:37:44+02:00
0,1,0,1,0,0,2019-07-12 15:37:59+02:00
0,0,0,0,0,0,2019-07-12 15:38:25+02:00
1,1,1,0,0,1,2019-07-12 15:50:21+02:00
1,2,1,1,0,1,2019-07-12 14:28:03+00:00
1,1,1,1,0,0,2019-07-12 14:28:47+00:00
1,1,1,1,0,0,2019-07-26 07:05:23+00:00
1,1,1,1,0,1,2019-07-26 12:03:53+00:00
1,1,1,0,0,1,2019-07-26 15:12:13+00:00
1,1,1,1,1,0,2019-07-26 15:13:05+00:00
1,1,1,1,0,1,2019-07-27 10:04:51+02:00
0,1,0,0,0,1,2019-08-02 11:58:27+02:00
0,1,0,1,0,0,2019-08-02 11:58:56+02:00
1,1,1,1,0,0,2019-08-02 11:59:14+02:00
2,3,2,2,2,0,2019-08-02 12:40:47+00:00
0,0,0,0,0,0,2019-08-03 12:42:39+02:00
2,3,2,1,0,2,2019-08-03 12:43:28+02:00
2,2,2,1,0,1,2019-08-03 13:10:35+02:00
1,1,1,1,0,0,2019-08-03 13:14:04+02:00
0,0,0,0,0,0,2019-08-03 13:19:46+02:00
1,1,0,1,0,0,2019-08-06 17:28:43+02:00
0,0,0,0,0,0,2019-08-07 15:29:07+02:00
0,0,0,0,0,0,2019-08-07 17:04:18+02:00
4,4,2,3,0,1,2019-08-07 17:05:06+02:00
0,0,0,0,0,0,2019-08-08 10:18:08+02:00
0,0,0,0,0,0,2019-08-08 10:18:23+02:00
2,1,1,2,0,0,2019-08-08 10:33:43+02:00
0,1,0,1,0,0,2019-08-08 10:34:17+02:00
1,1,0,0,0,0,2019-08-08 10:34:54+02:00
1,1,0,1,0,0,2019-08-08 10:35:31+02:00
0,0,0,0,0,0,2019-08-08 22:20:15+02:00
3,3,1,2,0,0,2019-08-08 22:21:04+02:00
0,0,0,0,0,0,2019-08-08 22:21:54+02:00
0,0,0,0,0,0,2019-08-08 22:22:16+02:00
1,1,1,0,0,1,2019-08-08 22:35:23+02:00
1,1,0,1,0,0,2019-08-09 15:20:48+02:00
0,0,0,0,0,0,2019-08-09 16:25:27+02:00
1,1,0,1,0,0,2019-08-09 16:25:48+02:00
2,2,2,0,0,2,2019-08-09 16:26:54+02:00
1,1,1,1,0,0,2019-08-09 16:36:49+02:00
1,1,1,1,0,0,2019-08-09 16:42:10+02:00
2,2,0,1,0,0,2019-08-09 16:47:23+02:00
1,1,1,0,0,0,2019-08-09 22:21:13+02:00
2,2,1,0,1,0,2019-08-13 16:02:00+00:00
1,1,0,0,0,0,2019-08-13 16:06:56+00:00
0,0,0,0,0,0,2019-08-13 20:17:04+02:00
1,1,1,1,0,0,2019-08-13 21:58:46+02:00
1,1,1,0,0,1,2019-07-12 15:37:44+02:00
0,1,0,1,0,0,2019-07-12 15:37:59+02:00
0,0,0,0,0,0,2019-07-12 15:38:25+02:00
1,1,1,0,0,1,2019-07-12 15:50:21+02:00
1,2,1,1,0,1,2019-07-12 14:28:03+00:00
1,1,1,1,0,0,2019-07-12 14:28:47+00:00
1,1,1,1,0,0,2019-07-26 07:05:23+00:00
1,1,1,0,0,1,2019-07-26 15:12:13+00:00
1,1,1,1,1,0,2019-07-26 15:13:05+00:00
2,3,2,2,2,0,2019-08-02 12:40:47+00:00
2,2,1,0,1,0,2019-08-13 16:02:00+00:00
1,1,0,0,0,0,2019-08-13 16:06:56+00:00
1,1,1,1,0,0,2019-08-13 21:58:46+02:00
0,0,0,0,0,0,2019-08-13 22:01:26+02:00
0,0,0,0,0,0,2019-08-16 09:38:27+02:00
1,1,0,0,0,0,2019-08-16 19:42:15+00:00
1,1,0,0,0,0,2019-08-16 19:42:42+00:00
1,1,0,1,0,1,2019-08-25 08:20:52+00:00
0,0,0,0,0,0,2019-09-21 10:02:44+02:00
0,0,0,0,0,0,2019-09-21 10:05:59+02:00
2,2,2,1,0,0,2019-08-16 16:08:23+02:00
1,1,1,0,1,0,2019-08-16 16:10:27+02:00
1,1,1,0,1,0,2019-08-23 10:32:47+00:00
1,1,1,0,1,0,2019-08-23 15:10:05+00:00
1,1,1,0,1,1,2019-09-21 10:31:15+00:00
0,0,0,0,0,0,2019-09-21 14:11:09+02:00
6,6,3,3,0,2,2019-09-21 15:51:24+02:00
1,0,1,1,0,0,2019-09-21 18:01:02+02:00
3,2,3,3,0,1,2019-09-21 18:20:13+02:00
0,0,0,0,0,0,2019-09-21 18:20:41+02:00
0,0,0,0,0,0,2019-09-21 18:21:07+02:00
0,0,0,0,0,0,2019-09-21 18:41:38+02:00
3,1,3,2,0,1,2019-09-21 18:42:03+02:00
2,3,2,2,0,1,2019-09-21 19:18:56+02:00
1,1,1,1,0,0,2019-09-21 19:19:37+02:00
1,1,1,0,0,0,2019-09-21 19:20:59+02:00
2,2,2,2,0,0,2019-09-21 20:49:01+02:00
0,0,0,0,0,0,2019-09-21 21:16:35+02:00
1,1,0,0,0,0,2019-09-28 11:44:40+02:00
1,1,1,0,1,0,2019-09-28 11:46:32+02:00
1,1,0,0,0,0,2019-09-28 12:21:10+02:00
1,1,1,0,1,0,2019-09-28 12:22:22+02:00
0,0,0,0,0,0,2019-09-28 12:28:20+02:00
0,0,0,0,0,0,2019-09-28 12:28:40+02:00
0,0,0,0,0,0,2019-09-28 12:52:34+02:00
0,0,0,0,0,0,2019-09-28 12:55:32+02:00
0,0,0,0,0,0,2019-09-28 13:14:18+02:00
1,1,0,0,0,0,2019-09-28 16:00:31+00:00
0,0,0,0,0,0,2019-09-28 16:01:51+00:00
1,1,1,0,1,1,2019-10-06 15:06:23+02:00
0,1,0,0,0,0,2019-10-06 15:06:32+02:00
3,4,1,1,1,1,2019-10-06 15:01:27+00:00
0,0,0,0,0,0,2019-11-03 17:13:06+01:00
0,0,0,0,0,0,2019-11-03 17:28:39+01:00
0,0,0,0,0,0,2019-11-24 11:49:40+01:00
0,0,0,0,0,0,2019-11-24 11:49:57+01:00
0,0,0,0,0,0,2019-11-24 12:55:37+01:00
