Acquisition,Preparation,Modeling,Training,Evaluation,Prediction,time
0,0,0,0,0,0,2020-10-01 14:29:49+02:00
0,0,0,0,0,0,2020-10-01 14:40:32+02:00
0,0,0,0,0,0,2020-10-16 09:30:30+02:00
0,0,0,0,0,0,2020-12-09 10:21:30+01:00
1,0,0,0,0,0,2021-02-18 21:36:48+01:00
2,0,0,0,0,0,2021-02-18 22:44:36+01:00
2,1,0,0,1,0,2021-02-26 14:06:09+01:00
0,0,0,0,0,0,2021-03-25 01:45:52+01:00
4,2,1,1,0,1,2021-03-25 01:50:05+01:00
1,0,0,0,0,0,2021-03-25 02:20:04+01:00
0,0,0,0,0,0,2021-03-25 02:20:29+01:00
0,0,0,0,0,0,2021-03-25 02:21:05+01:00
1,0,0,0,0,0,2021-03-25 02:22:34+01:00
0,0,0,0,0,0,2021-03-25 02:50:14+01:00
1,0,0,0,0,0,2021-03-25 02:52:51+01:00
1,0,0,0,0,0,2021-03-25 02:53:51+01:00
1,1,0,0,0,1,2021-03-25 09:28:01+01:00
1,0,0,0,0,0,2021-03-25 11:45:24+01:00
2,1,0,0,0,1,2021-03-25 12:06:51+01:00
1,1,0,0,0,1,2021-03-25 12:08:29+01:00
1,1,0,0,0,1,2021-03-25 12:11:05+01:00
1,1,0,0,0,1,2021-03-25 12:12:34+01:00
1,1,0,0,0,1,2021-03-25 12:13:30+01:00
0,0,0,0,0,0,2021-04-01 12:09:39+02:00
0,0,0,0,0,0,2021-04-01 14:14:35+02:00
1,1,1,1,1,1,2021-04-01 15:05:09+02:00
2,2,0,0,0,1,2021-04-02 15:37:18+02:00
1,1,0,0,1,0,2021-04-02 21:21:25+02:00
1,1,1,1,1,1,2021-04-02 21:52:31+02:00
1,1,1,1,1,1,2021-04-02 21:59:28+02:00
2,2,2,2,1,1,2021-04-02 22:02:36+02:00
2,2,2,2,1,1,2021-04-02 22:14:32+02:00
2,2,2,2,1,1,2021-04-02 22:48:03+02:00
1,1,0,0,1,0,2021-04-02 23:42:33+02:00
0,0,0,0,0,0,2021-04-02 23:43:32+02:00
1,1,0,0,1,0,2021-04-02 23:45:44+02:00
1,1,0,0,0,1,2021-04-03 07:28:02+02:00
2,1,0,0,0,1,2021-04-07 20:17:37+02:00
1,0,0,0,0,0,2021-04-07 20:33:27+02:00
0,0,0,0,0,0,2021-04-13 07:06:52+02:00
0,0,0,0,0,0,2021-04-13 07:08:52+02:00
0,0,0,0,0,0,2021-04-13 07:12:35+02:00
0,0,0,0,0,0,2021-04-13 23:20:45+02:00
0,0,0,0,0,0,2021-04-16 08:49:52+02:00
0,0,0,0,0,0,2021-04-16 08:58:15+02:00
0,0,0,0,0,0,2021-04-28 21:36:42+02:00
0,0,0,0,0,0,2021-04-29 13:03:49+02:00
0,0,0,0,0,0,2021-06-12 21:54:53+02:00
15,21,2,0,1,0,2021-06-13 02:00:45+02:00
0,0,0,0,0,0,2021-06-13 15:24:12+02:00
0,0,0,0,0,0,2021-06-14 02:45:53+02:00
0,0,0,0,0,0,2021-06-14 02:47:12+02:00
1,0,0,0,0,0,2021-06-14 04:23:48+02:00
1,0,0,0,0,0,2021-06-15 00:39:10+02:00
0,0,0,0,0,0,2021-06-15 03:58:28+02:00
0,0,0,0,0,0,2021-06-15 04:00:12+02:00
0,0,0,0,0,0,2021-06-15 04:09:12+02:00
0,0,0,0,0,0,2021-06-15 04:17:22+02:00
3,2,3,0,1,0,2021-06-15 23:38:30+02:00
0,0,0,0,0,0,2021-06-16 01:22:48+02:00
0,0,0,0,0,0,2021-06-16 01:45:43+02:00
1,1,1,0,0,1,2021-06-17 20:49:00+02:00
4,3,4,1,1,0,2021-06-17 22:27:49+02:00
0,0,0,0,0,0,2021-06-17 22:28:27+02:00
0,0,0,0,0,0,2021-06-17 22:39:08+02:00
0,0,0,0,0,0,2021-12-13 02:51:15+01:00
2,3,0,0,3,0,2021-12-29 04:29:27+01:00
6,9,0,0,2,1,2022-01-05 08:33:46+01:00
0,0,0,0,0,0,2022-01-05 08:36:39+01:00
