Acquisition,Preparation,Modeling,Training,Evaluation,Prediction,time
6,9,0,0,0,1,2019-05-15 00:04:57-03:00
1,1,0,0,0,0,2019-05-17 10:06:04-03:00
2,3,0,0,0,0,2019-05-17 13:25:52-03:00
2,3,0,0,0,0,2019-05-21 12:23:33-03:00
2,2,0,0,0,0,2019-05-22 21:04:26-03:00
1,1,0,0,0,0,2019-05-23 23:06:10-03:00
2,2,0,0,0,0,2019-05-24 12:57:14-03:00
1,1,0,0,0,0,2019-05-28 11:05:15-03:00
2,2,0,0,0,0,2019-06-07 19:07:33-03:00
2,2,0,0,0,0,2019-06-08 20:14:37-03:00
1,3,0,0,0,0,2019-06-09 16:25:33-03:00
2,2,0,0,0,0,2019-06-21 15:15:30-03:00
0,0,0,0,0,0,2019-06-21 16:05:30-03:00
0,1,0,0,0,0,2019-06-21 22:54:42-03:00
1,1,0,0,0,0,2019-06-26 01:33:52-03:00
2,2,0,0,0,0,2019-06-26 03:01:18-03:00
2,2,0,0,0,0,2019-06-26 23:16:26-03:00
2,2,0,0,0,0,2019-07-03 19:32:55-03:00
1,2,0,0,0,0,2019-07-03 23:06:30-03:00
0,0,0,0,0,0,2019-07-11 22:21:47-03:00
0,0,0,0,0,0,2019-07-11 23:13:11-03:00
2,2,0,0,0,0,2019-07-03 19:32:55-03:00
1,2,0,0,0,0,2019-07-03 23:06:30-03:00
1,2,0,0,0,0,2019-07-05 01:52:48-03:00
1,1,0,0,0,0,2019-07-05 01:58:37-03:00
1,1,0,0,0,0,2019-07-05 03:27:29-03:00
1,2,0,0,0,0,2019-07-10 03:22:06-03:00
0,0,0,0,0,0,2019-07-10 03:28:54-03:00
0,0,0,0,0,0,2019-07-27 23:18:27-03:00
0,0,0,0,0,0,2019-08-10 22:37:51-03:00
1,1,0,0,0,0,2019-07-15 02:59:22-03:00
1,1,0,0,0,0,2019-07-24 10:49:05-03:00
0,2,0,0,0,0,2019-07-23 17:18:18-03:00
0,0,0,0,0,0,2019-08-13 01:32:37-03:00
0,1,0,0,1,0,2019-07-24 12:48:11-03:00
0,0,0,0,0,0,2019-08-13 01:33:32-03:00
1,1,0,0,0,0,2019-08-30 01:17:38-03:00
0,0,0,0,0,0,2019-08-30 01:20:24-03:00
0,1,0,0,0,0,2019-10-21 14:25:40-03:00
1,1,0,0,0,0,2019-10-22 15:35:17-03:00
0,1,0,0,0,0,2019-10-24 12:29:04-03:00
0,0,0,0,0,0,2019-10-24 13:25:10-03:00
0,1,1,1,1,1,2019-10-25 12:05:49-03:00
2,2,0,0,1,0,2019-10-25 12:07:12-03:00
1,1,0,0,0,0,2019-10-25 12:09:24-03:00
0,0,0,0,0,0,2019-10-25 16:00:14-03:00
0,0,0,0,0,0,2019-10-25 16:06:31-03:00
0,1,0,0,0,0,2019-11-28 11:34:04-03:00
0,1,0,0,0,0,2019-11-28 12:52:30-03:00
4,7,1,1,2,1,2019-11-28 13:00:13-03:00
1,2,0,0,0,0,2019-12-13 16:55:37-03:00
1,1,0,0,1,0,2019-12-13 16:56:17-03:00
1,1,0,0,1,0,2020-01-03 16:52:36-03:00
0,0,0,0,0,0,2020-01-03 16:56:22-03:00
0,1,0,0,0,0,2020-01-03 17:33:40-03:00
2,2,0,0,1,0,2020-01-03 17:48:00-03:00
0,1,0,0,0,0,2020-01-03 23:14:10-03:00
0,0,0,0,0,0,2020-01-03 23:17:27-03:00
0,0,0,0,0,0,2020-01-04 01:08:43-03:00
0,0,0,0,0,0,2020-01-04 01:12:19-03:00
0,0,0,0,0,0,2020-01-04 01:16:38-03:00
0,1,0,0,0,0,2020-01-04 16:37:16-03:00
0,0,0,0,0,0,2020-01-04 16:38:16-03:00
0,0,0,0,0,0,2020-01-04 16:42:47-03:00
0,0,0,0,0,0,2020-01-04 16:43:38-03:00
2,2,0,0,1,0,2020-02-23 00:21:25-03:00
1,1,0,0,0,0,2020-02-28 14:57:48-03:00
1,1,0,0,0,0,2020-02-28 15:02:48-03:00
0,0,0,0,0,0,2020-02-28 15:04:59-03:00
1,1,0,0,0,0,2020-03-05 15:59:36-03:00
1,1,0,0,0,0,2020-03-09 14:09:59-03:00
1,1,0,0,0,0,2020-03-09 14:11:23-03:00
1,1,0,0,0,0,2020-03-10 14:46:42-03:00
2,1,0,0,0,0,2020-03-10 14:49:37-03:00
0,0,0,0,0,0,2020-03-10 15:02:19-03:00
1,1,0,0,0,0,2020-03-11 15:51:08-03:00
1,1,0,0,0,0,2020-06-22 21:42:17-03:00
0,0,0,0,0,0,2020-06-23 01:36:03-03:00
1,1,0,0,0,0,2020-06-23 01:59:15-03:00
0,1,0,0,0,0,2020-07-14 14:45:50-03:00
0,1,0,0,0,0,2020-07-14 14:51:26-03:00
0,0,0,0,0,0,2020-07-14 14:58:04-03:00
0,0,0,0,0,0,2020-07-14 15:34:40-03:00
0,1,0,0,0,0,2020-07-14 15:35:21-03:00
0,1,0,0,0,0,2020-07-14 15:36:16-03:00
0,0,0,0,0,0,2020-07-14 15:43:37-03:00
0,0,0,0,0,0,2020-07-14 15:46:42-03:00
0,0,0,0,0,0,2020-07-14 15:50:18-03:00
0,0,0,0,0,0,2020-07-14 16:00:40-03:00
0,0,0,0,0,0,2020-07-14 16:35:02-03:00
0,0,0,0,0,0,2020-07-21 12:45:40-03:00
1,1,0,0,1,0,2020-07-21 12:49:27-03:00
1,1,0,0,1,0,2020-07-21 12:50:19-03:00
0,1,0,0,0,0,2020-07-21 12:51:25-03:00
0,1,0,0,0,0,2020-07-21 12:57:16-03:00
1,1,0,0,1,0,2020-07-21 13:05:17-03:00
1,1,0,0,1,0,2020-07-21 13:12:55-03:00
1,1,0,0,0,0,2020-07-21 13:30:13-03:00
