Acquisition,Preparation,Modeling,Training,Evaluation,Prediction,time
0,0,0,0,0,0,2021-04-05 14:36:10+03:00
0,0,0,0,0,0,2021-04-05 14:43:50+03:00
0,0,0,0,0,0,2021-04-05 14:46:20+03:00
0,0,0,0,0,0,2021-04-05 14:47:09+03:00
0,0,0,0,0,0,2021-04-05 14:56:18+03:00
0,0,0,0,0,0,2021-04-05 14:57:28+03:00
0,0,0,0,0,0,2021-04-05 15:01:34+03:00
0,0,0,0,0,0,2021-04-07 09:47:08+03:00
0,0,0,0,0,0,2021-04-19 15:13:15+03:00
0,0,0,0,0,0,2021-04-19 15:13:57+03:00
2,4,1,1,1,2,2021-04-19 15:23:32+03:00
2,4,1,1,1,2,2021-04-19 15:26:31+03:00
0,0,0,0,0,0,2021-04-19 15:29:15+03:00
3,5,2,2,2,3,2021-04-19 15:30:05+03:00
0,0,0,0,0,0,2021-04-19 15:30:26+03:00
0,0,0,0,0,0,2021-04-19 15:32:27+03:00
0,0,0,0,0,0,2021-04-19 15:33:20+03:00
0,0,0,0,0,0,2021-04-19 15:34:18+03:00
0,0,0,0,0,0,2021-04-19 15:35:27+03:00
0,0,0,0,0,0,2021-04-19 15:35:58+03:00
0,0,0,0,0,0,2021-04-19 15:36:18+03:00
0,0,0,0,0,0,2021-04-19 15:36:32+03:00
1,1,1,1,1,1,2021-04-19 15:44:33+03:00
0,0,0,0,0,0,2021-04-19 15:45:20+03:00
0,0,0,0,0,0,2021-04-30 02:30:23+03:00
0,0,0,0,0,0,2021-04-30 02:30:45+03:00
0,0,0,0,0,0,2021-04-30 02:31:13+03:00
0,0,0,0,0,0,2021-05-03 23:18:49+03:00
0,0,0,0,0,0,2021-05-03 23:21:42+03:00
0,0,0,0,0,0,2021-05-03 23:22:18+03:00
0,0,0,0,0,0,2021-05-03 23:24:00+03:00
0,0,0,0,0,0,2021-05-03 23:27:00+03:00
0,0,0,0,0,0,2021-05-03 23:27:26+03:00
0,0,0,0,0,0,2021-05-03 23:28:42+03:00
0,0,0,0,0,0,2021-05-03 23:30:01+03:00
0,0,0,0,0,0,2021-05-03 23:30:42+03:00
0,0,0,0,0,0,2021-05-03 23:32:36+03:00
0,0,0,0,0,0,2021-05-03 23:38:04+03:00
0,0,0,0,0,0,2021-05-03 23:39:39+03:00
0,0,0,0,0,0,2021-05-03 23:40:28+03:00
0,0,0,0,0,0,2021-05-04 16:23:06+03:00
1,1,0,0,0,0,2021-06-22 14:38:11+03:00
1,1,1,1,1,1,2021-06-22 14:38:41+03:00
1,1,1,1,1,1,2021-06-22 14:40:30+03:00
0,1,0,0,0,1,2021-09-26 13:59:18+03:00
0,0,0,0,0,0,2021-09-26 14:02:15+03:00
0,0,0,0,0,0,2021-09-26 14:02:34+03:00
0,0,0,0,0,0,2021-09-26 14:03:09+03:00
0,0,0,0,0,0,2021-09-26 14:03:38+03:00
0,0,0,0,0,0,2021-09-26 14:03:54+03:00
1,1,0,0,0,0,2021-09-28 10:57:30+03:00
0,1,0,0,0,1,2021-09-28 11:02:47+03:00
0,0,0,0,0,0,2021-09-28 13:07:08+03:00
1,1,1,1,1,1,2021-09-28 13:15:48+03:00
1,1,1,1,1,1,2021-09-28 13:16:35+03:00
0,0,0,0,0,0,2021-09-28 13:37:07+03:00
0,0,0,0,0,0,2021-09-28 13:38:28+03:00
0,0,0,0,0,0,2021-09-28 13:39:00+03:00
0,0,0,0,0,0,2021-09-28 13:41:55+03:00
0,0,0,0,0,0,2021-09-28 13:42:38+03:00
1,1,0,0,0,0,2021-09-29 12:19:30+03:00
1,1,1,1,1,1,2021-09-29 12:29:11+03:00
0,0,0,0,0,0,2021-09-29 12:36:11+03:00
0,0,0,0,0,0,2021-11-23 11:13:10+03:00
0,0,0,0,0,0,2021-11-29 20:43:37+03:00
0,0,0,0,0,0,2022-03-21 09:34:03+03:00
0,0,0,0,0,0,2022-03-21 09:34:36+03:00
0,0,0,0,0,0,2022-03-21 09:35:09+03:00
0,0,0,0,0,0,2022-03-21 09:36:32+03:00
0,0,0,0,0,0,2022-03-21 09:36:54+03:00
