Acquisition,Preparation,Modeling,Training,Evaluation,Prediction,time
0,0,0,0,0,0,2019-08-27 14:10:37+08:00
0,0,0,0,0,0,2019-08-27 14:20:58+08:00
0,0,0,0,0,0,2019-08-27 14:22:14+08:00
0,0,0,0,0,0,2019-08-27 14:22:47+08:00
1,2,0,1,1,1,2019-08-27 17:22:16+08:00
1,1,0,1,1,1,2019-08-27 23:06:10+08:00
1,1,1,1,1,1,2019-08-28 11:36:07+08:00
2,2,1,2,2,2,2019-08-28 14:53:42+08:00
1,1,1,1,1,1,2019-08-28 15:12:49+08:00
1,1,1,1,1,1,2019-08-28 15:32:47+08:00
1,1,1,1,1,1,2019-08-28 15:36:20+08:00
1,1,1,1,1,1,2019-08-28 16:08:53+08:00
1,1,1,1,1,1,2019-08-28 16:12:00+08:00
1,1,1,1,1,1,2019-08-28 16:16:13+08:00
1,1,1,1,1,1,2019-08-28 16:35:52+08:00
1,1,1,1,1,1,2019-08-28 16:47:11+08:00
1,1,1,1,1,1,2019-08-28 17:16:05+08:00
1,1,1,1,1,1,2019-08-28 18:06:34+08:00
1,1,1,1,1,1,2019-08-29 10:54:27+08:00
1,1,1,1,1,1,2019-08-29 10:58:11+08:00
1,1,1,1,1,1,2019-08-29 10:58:28+08:00
1,1,1,1,1,1,2019-08-29 10:59:13+08:00
1,1,1,1,1,1,2019-08-29 11:04:36+08:00
1,1,1,1,1,1,2019-08-29 11:14:41+08:00
1,1,1,1,1,1,2019-08-29 11:33:55+08:00
1,1,1,1,1,1,2019-08-29 11:38:46+08:00
1,1,1,1,1,1,2019-08-29 11:40:02+08:00
1,1,1,1,1,1,2019-08-29 11:42:56+08:00
1,1,1,1,1,1,2019-08-29 11:57:43+08:00
1,1,1,1,1,1,2019-08-29 11:58:31+08:00
2,2,2,2,2,2,2019-08-29 20:22:16+08:00
2,2,2,2,2,2,2019-08-29 20:24:17+08:00
2,2,2,2,2,2,2019-08-29 20:46:36+08:00
1,1,1,1,1,1,2019-08-30 10:42:16+08:00
2,2,1,1,1,1,2019-08-30 10:56:00+08:00
3,3,0,2,2,2,2019-08-30 11:40:27+08:00
1,1,0,1,1,1,2019-08-30 11:56:26+08:00
2,2,1,2,2,2,2019-08-30 13:14:30+08:00
1,1,0,1,1,1,2019-08-30 13:23:15+08:00
1,1,0,1,1,1,2019-08-30 13:29:27+08:00
1,1,1,1,1,1,2019-08-30 13:35:39+08:00
1,1,1,1,1,1,2019-08-30 13:39:44+08:00
3,3,1,3,3,3,2019-08-30 13:45:39+08:00
1,1,1,1,1,1,2019-08-30 13:47:03+08:00
2,2,1,2,2,2,2019-08-30 13:47:45+08:00
4,4,2,4,4,4,2019-09-02 00:17:59+08:00
1,1,1,1,1,1,2019-09-02 00:27:41+08:00
4,4,2,4,4,4,2019-09-02 00:29:13+08:00
1,1,0,1,1,1,2019-09-02 00:46:25+08:00
4,4,2,4,4,4,2019-09-02 11:42:19+08:00
1,1,0,1,1,1,2019-09-02 14:16:31+08:00
1,1,0,1,1,1,2019-09-02 14:20:59+08:00
1,1,0,1,1,1,2019-09-02 14:25:34+08:00
2,2,1,2,2,2,2019-09-02 14:38:08+08:00
1,1,0,0,0,0,2019-09-02 17:35:16+08:00
2,2,0,1,1,1,2019-09-02 18:28:25+08:00
0,0,0,1,0,0,2019-09-02 18:28:57+08:00
2,2,1,3,2,2,2019-09-03 10:58:00+08:00
1,0,0,1,0,0,2019-09-03 11:32:03+08:00
1,0,0,1,0,0,2019-09-03 11:58:25+08:00
1,0,0,1,0,0,2019-09-03 14:07:37+08:00
2,1,0,2,1,1,2019-09-03 17:07:26+08:00
2,1,0,2,1,1,2019-09-03 17:24:48+08:00
1,1,0,1,1,1,2019-09-03 17:30:09+08:00
1,1,0,1,1,1,2019-09-03 17:30:24+08:00
1,1,0,1,1,1,2019-09-03 17:39:08+08:00
1,1,0,1,1,1,2019-09-03 17:59:17+08:00
1,1,0,1,1,1,2019-09-03 18:09:33+08:00
1,1,0,1,1,1,2019-09-03 18:11:27+08:00
1,1,0,1,1,1,2019-09-03 18:25:18+08:00
1,1,0,1,1,1,2019-09-03 19:14:24+08:00
2,2,0,2,2,2,2019-09-03 21:02:32+08:00
1,1,0,1,1,1,2019-09-04 00:48:03+08:00
2,2,0,2,2,2,2019-09-04 00:59:42+08:00
1,1,0,1,1,1,2019-09-04 01:18:06+08:00
1,1,0,1,1,1,2019-09-04 11:44:40+08:00
1,1,0,1,1,1,2019-09-04 20:09:46+08:00
2,2,0,2,1,1,2019-09-05 00:37:47+08:00
1,1,0,1,1,1,2019-09-05 10:15:10+08:00
2,2,0,2,1,1,2019-09-05 10:57:43+08:00
1,1,0,1,1,1,2019-09-05 13:03:34+08:00
2,2,0,2,1,1,2019-09-05 14:33:26+08:00
1,1,0,1,1,1,2019-09-05 16:55:24+08:00
1,1,0,1,1,1,2019-09-05 17:13:07+08:00
1,1,0,1,1,1,2019-09-05 23:46:52+08:00
1,1,0,1,1,1,2019-09-06 13:42:12+08:00
1,1,0,1,1,1,2019-09-11 15:06:42+08:00
0,0,0,0,0,0,2019-09-24 15:03:37+08:00
1,1,0,1,0,0,2019-09-25 16:51:36+08:00
0,0,0,0,0,0,2019-10-17 14:42:09+08:00
0,0,0,0,0,0,2019-10-17 14:42:25+08:00
0,0,0,0,0,0,2019-10-17 14:42:55+08:00
0,0,0,0,0,0,2019-10-17 14:56:53+08:00
1,1,0,1,1,1,2019-10-17 17:51:54+08:00
1,1,1,1,1,1,2019-11-06 21:12:26+08:00
2,2,2,2,1,2,2020-03-09 20:13:46+08:00
1,1,1,1,0,1,2020-03-11 10:38:24+08:00
4,9,8,7,1,2,2020-04-15 21:29:39+08:00
2,4,2,2,0,0,2020-04-17 19:26:41+08:00
1,1,0,0,0,0,2020-05-09 11:55:54+08:00
