Acquisition,Preparation,Modeling,Training,Evaluation,Prediction,time
1,0,0,0,0,0,2017-04-10 16:34:03+02:00
1,0,0,0,0,0,2017-06-27 15:03:14+02:00
1,0,0,0,0,0,2017-06-27 16:05:20+02:00
0,0,0,0,0,0,2017-06-27 16:25:47+02:00
0,0,0,0,0,0,2017-09-07 12:52:53+02:00
0,0,0,0,0,0,2017-09-07 17:55:49+02:00
0,0,0,0,0,0,2017-09-18 12:42:42+02:00
0,0,0,0,0,0,2017-09-18 13:06:54+02:00
0,0,0,0,0,0,2017-09-18 13:16:28+02:00
0,0,0,0,0,0,2017-09-18 15:46:16+02:00
0,0,0,0,0,0,2017-09-18 16:46:21+02:00
0,0,0,0,0,0,2017-09-18 16:58:53+02:00
0,0,0,0,0,0,2017-09-18 17:22:59+02:00
0,0,0,0,0,0,2017-09-18 18:17:56+02:00
0,0,0,0,0,0,2017-09-18 18:50:01+02:00
0,0,0,0,0,0,2017-09-18 19:30:07+02:00
0,0,0,0,0,0,2017-09-18 19:44:01+02:00
0,0,0,0,0,0,2017-09-18 19:44:39+02:00
0,0,0,0,0,0,2017-10-20 17:56:39+02:00
0,0,0,0,0,0,2017-10-20 18:05:00+02:00
0,0,0,0,0,0,2017-10-20 18:26:41+02:00
0,0,0,0,0,0,2017-10-20 18:40:06+02:00
0,0,0,0,0,0,2017-10-20 19:38:17+02:00
0,0,0,0,0,0,2017-10-20 19:58:55+02:00
0,0,0,0,0,0,2017-10-20 20:06:30+02:00
0,0,0,0,0,0,2017-10-20 20:37:04+02:00
0,0,0,0,0,0,2017-10-20 20:40:36+02:00
0,0,0,0,0,0,2017-10-20 20:48:08+02:00
0,0,0,0,0,0,2017-10-20 20:53:07+02:00
0,0,0,0,0,0,2017-10-20 22:04:16+02:00
0,0,0,0,0,0,2017-10-20 22:11:14+02:00
0,0,0,0,0,0,2017-10-20 22:20:33+02:00
0,0,0,0,0,0,2017-10-20 23:43:49+02:00
0,0,0,0,0,0,2017-10-21 00:20:01+02:00
0,0,0,0,0,0,2017-10-27 14:07:22+02:00
0,0,0,0,0,0,2017-10-27 15:26:47+02:00
0,0,0,0,0,0,2017-10-27 16:18:20+02:00
0,0,0,0,0,0,2017-10-27 16:34:50+02:00
0,0,0,0,0,0,2017-10-27 16:51:55+02:00
0,0,0,0,0,0,2017-11-01 11:44:16+01:00
0,0,0,0,0,0,2017-11-01 11:48:44+01:00
0,0,0,0,0,0,2017-11-01 11:49:26+01:00
0,0,0,0,0,0,2017-11-01 11:58:36+01:00
0,0,0,0,0,0,2017-11-01 12:02:12+01:00
0,0,0,0,0,0,2017-11-01 12:30:41+01:00
0,0,0,0,0,0,2017-11-01 12:48:29+01:00
0,0,0,0,0,0,2017-11-01 12:57:43+01:00
0,0,0,0,0,0,2017-11-01 13:02:35+01:00
0,0,0,0,0,0,2017-11-01 13:40:05+01:00
0,0,0,0,0,0,2017-11-01 15:06:47+01:00
0,0,0,0,0,0,2017-11-01 15:17:49+01:00
0,0,0,0,0,0,2017-11-01 16:03:38+01:00
0,0,0,0,0,0,2017-11-01 17:18:35+01:00
0,0,0,0,0,0,2017-11-01 17:24:25+01:00
0,0,0,0,0,0,2017-11-01 18:28:32+01:00
0,0,0,0,0,0,2017-11-01 18:51:17+01:00
0,0,0,0,0,0,2017-11-01 18:51:37+01:00
0,0,0,0,0,0,2017-11-01 19:23:04+01:00
0,0,0,0,0,0,2017-11-01 19:42:47+01:00
0,0,0,0,0,0,2017-11-01 19:51:26+01:00
0,0,0,0,0,0,2017-11-01 19:55:51+01:00
0,0,0,0,0,0,2017-11-01 20:00:25+01:00
0,0,0,0,0,0,2017-11-01 20:04:23+01:00
0,0,0,0,0,0,2017-11-01 21:43:19+01:00
0,0,0,0,0,0,2017-11-01 22:44:28+01:00
0,0,0,0,0,0,2017-11-08 11:17:17+01:00
0,0,0,0,0,0,2017-11-08 11:17:57+01:00
0,0,0,0,0,0,2017-11-08 12:35:07+01:00
0,0,0,0,0,0,2017-11-08 12:35:22+01:00
0,0,0,0,0,0,2017-11-08 12:50:05+01:00
0,0,0,0,0,0,2017-11-08 13:18:06+01:00
0,0,0,0,0,0,2017-11-08 16:37:14+01:00
0,0,0,0,0,0,2017-11-08 17:07:52+01:00
0,0,0,0,0,0,2017-11-08 17:09:43+01:00
0,0,0,0,0,0,2017-11-08 17:46:00+01:00
0,0,0,0,0,0,2017-11-08 18:16:56+01:00
0,0,0,0,0,0,2017-11-13 20:26:28+01:00
0,0,0,0,0,0,2017-11-14 14:48:07+01:00
0,0,0,0,0,0,2017-11-14 14:48:50+01:00
0,0,0,0,0,0,2017-11-15 18:38:14+01:00
0,0,0,0,0,0,2017-11-24 17:34:29+01:00
0,0,0,0,0,0,2017-11-24 17:35:01+01:00
0,0,0,0,0,0,2017-11-24 17:44:15+01:00
0,0,0,0,0,0,2017-11-24 18:19:54+01:00
0,0,0,0,0,0,2017-11-24 18:21:58+01:00
0,0,0,0,0,0,2017-11-24 18:53:03+01:00
0,0,0,0,0,0,2017-11-24 18:54:42+01:00
0,0,0,0,0,0,2017-11-24 18:59:11+01:00
0,0,0,0,0,0,2017-11-24 19:20:53+01:00
0,0,0,0,0,0,2017-12-01 16:06:33+01:00
0,0,0,0,0,0,2017-12-01 16:21:16+01:00
0,0,0,0,0,0,2017-12-01 16:21:25+01:00
0,0,0,0,0,0,2017-12-01 16:21:33+01:00
0,0,0,0,0,0,2017-12-01 16:33:16+01:00
0,0,0,0,0,0,2017-12-01 16:48:36+01:00
0,0,0,0,0,0,2017-12-01 16:52:24+01:00
0,0,0,0,0,0,2017-12-01 16:57:20+01:00
0,0,0,0,0,0,2017-12-01 17:14:38+01:00
0,0,0,0,0,0,2017-12-01 17:17:16+01:00
0,0,0,0,0,0,2017-12-01 17:25:47+01:00
0,0,0,0,0,0,2017-12-01 18:03:15+01:00
0,0,0,0,0,0,2017-12-01 18:07:17+01:00
0,0,0,0,0,0,2017-12-01 18:14:34+01:00
0,0,0,0,0,0,2017-12-01 18:26:05+01:00
0,0,0,0,0,0,2017-12-01 18:35:40+01:00
0,0,0,0,0,0,2017-12-01 19:38:06+01:00
0,0,0,0,0,0,2017-12-01 19:44:34+01:00
0,0,0,0,0,0,2017-12-01 19:44:59+01:00
0,0,0,0,0,0,2017-12-13 16:17:48+01:00
0,0,0,0,0,0,2017-12-13 16:25:30+01:00
0,0,0,0,0,0,2017-12-13 16:35:31+01:00
0,0,0,0,0,0,2017-12-13 16:35:43+01:00
0,0,0,0,0,0,2017-12-13 17:17:43+01:00
0,0,0,0,0,0,2017-12-13 17:29:42+01:00
0,0,0,0,0,0,2017-12-13 17:40:34+01:00
0,0,0,0,0,0,2017-12-13 17:40:44+01:00
0,0,0,0,0,0,2017-12-14 14:30:42+01:00
0,0,0,0,0,0,2017-12-18 17:37:08+01:00
0,0,0,0,0,0,2017-12-18 17:44:32+01:00
