Acquisition,Preparation,Modeling,Training,Evaluation,Prediction,time
0,0,0,0,0,0,2021-04-28 09:50:09-07:00
0,0,0,0,0,0,2021-04-28 09:51:09-07:00
0,0,0,0,0,0,2021-04-28 09:51:33-07:00
0,0,0,0,0,0,2021-04-28 09:58:22-07:00
0,0,0,0,0,0,2021-04-28 09:58:35-07:00
0,0,0,0,0,0,2021-04-28 10:02:02-07:00
0,0,0,0,0,0,2021-04-28 10:05:40-07:00
0,0,0,0,0,0,2021-04-28 10:05:48-07:00
0,0,0,0,0,0,2021-04-28 10:11:10-07:00
0,0,0,0,0,0,2021-04-28 10:11:25-07:00
1,0,0,0,0,0,2021-04-28 10:12:32-07:00
0,0,0,0,0,1,2021-04-28 10:13:25-07:00
0,1,0,0,0,1,2021-04-28 10:14:24-07:00
1,1,1,1,0,1,2021-04-28 10:15:59-07:00
0,0,0,0,0,0,2021-04-28 10:16:36-07:00
0,0,0,0,0,0,2021-04-28 10:17:15-07:00
0,0,0,0,0,0,2021-04-28 13:22:56-04:00
0,0,0,0,0,0,2021-04-28 13:25:10-04:00
0,0,0,0,0,0,2021-04-28 10:29:42-07:00
0,0,0,0,0,0,2021-04-28 10:30:05-07:00
0,0,0,0,0,0,2021-04-28 10:37:55-07:00
0,0,0,0,0,0,2021-04-28 10:38:15-07:00
0,0,0,0,0,0,2021-04-28 13:39:13-04:00
0,0,0,0,0,0,2021-04-28 13:39:14-04:00
0,0,0,0,0,0,2021-04-28 13:39:14-04:00
0,0,0,0,0,0,2021-04-28 10:39:54-07:00
0,0,0,0,0,0,2021-04-28 11:08:11-07:00
0,0,0,0,0,0,2021-04-28 11:13:09-07:00
0,0,0,0,0,0,2021-04-28 11:13:26-07:00
0,0,0,0,0,0,2021-04-28 11:20:03-07:00
0,0,0,0,0,0,2021-04-28 14:23:13-04:00
0,0,0,0,0,0,2021-04-28 14:23:23-04:00
0,0,0,0,0,0,2021-04-28 14:23:24-04:00
0,0,0,0,0,0,2021-04-28 11:27:53-07:00
0,0,0,0,0,0,2021-04-28 14:37:36-04:00
0,0,0,0,0,0,2021-04-28 15:02:24-04:00
0,0,0,0,0,0,2021-04-28 12:05:16-07:00
0,0,0,0,0,0,2021-04-28 15:06:19-04:00
0,0,0,0,0,0,2021-04-28 15:06:20-04:00
0,0,0,0,0,0,2021-04-28 15:06:20-04:00
0,0,0,0,0,0,2021-04-28 13:42:03-07:00
0,0,0,0,0,0,2021-04-28 13:43:57-07:00
0,0,0,0,0,0,2021-04-28 13:51:56-07:00
0,0,0,0,0,0,2021-04-28 13:52:19-07:00
0,0,0,0,0,0,2021-04-28 13:55:44-07:00
0,0,0,0,0,0,2021-04-28 16:56:11-04:00
0,0,0,0,0,0,2021-04-28 16:56:11-04:00
0,0,0,0,0,0,2021-04-28 16:56:12-04:00
0,0,0,0,0,0,2021-04-28 14:06:29-07:00
0,0,0,0,0,0,2021-04-28 14:06:50-07:00
0,0,0,0,0,0,2021-04-28 14:07:49-07:00
0,0,0,0,0,0,2021-04-28 14:09:47-07:00
1,0,0,0,0,0,2021-04-28 14:16:11-07:00
0,0,0,0,0,0,2021-04-28 14:57:07-07:00
0,0,0,0,0,0,2021-04-28 14:57:14-07:00
0,0,0,0,0,0,2021-04-28 15:20:02-07:00
0,0,0,0,0,0,2021-04-28 18:21:42-04:00
0,0,0,0,0,0,2021-04-28 18:21:43-04:00
0,0,0,0,0,0,2021-04-28 18:21:43-04:00
0,0,0,0,0,0,2021-04-28 21:23:21-04:00
0,0,0,0,0,0,2021-04-28 21:31:44-04:00
0,0,0,0,0,0,2021-04-28 21:34:13-04:00
0,0,0,0,0,0,2021-04-28 21:42:23-04:00
0,0,0,0,0,0,2021-04-28 21:46:39-04:00
0,0,0,0,0,0,2021-04-28 22:19:24-04:00
0,0,0,0,0,0,2021-04-28 22:33:42-04:00
0,0,0,0,0,0,2021-04-28 22:54:19-04:00
0,0,0,0,0,0,2021-05-01 10:07:04-07:00
0,0,0,0,0,0,2021-05-01 13:07:25-04:00
0,0,0,0,0,0,2021-05-01 10:07:44-07:00
0,0,0,0,0,0,2021-05-01 13:07:50-04:00
0,0,0,0,0,0,2021-05-01 10:08:13-07:00
0,0,0,0,0,0,2021-05-01 10:08:50-07:00
