Acquisition,Preparation,Modeling,Training,Evaluation,Prediction,time
0,0,0,0,0,0,2020-06-20 19:43:13-03:00
0,0,0,0,0,0,2020-06-20 19:46:39-03:00
0,0,0,0,0,0,2020-07-07 19:41:29-03:00
0,0,0,0,0,0,2020-07-21 20:58:49-03:00
0,0,0,0,0,0,2020-07-23 21:23:33-03:00
0,0,0,0,0,0,2020-07-25 00:44:12-03:00
0,0,0,0,0,0,2020-07-25 14:39:56-03:00
0,0,0,0,0,0,2020-07-26 18:12:35-03:00
0,0,0,0,0,0,2020-07-27 18:28:37-03:00
0,0,0,0,0,0,2020-07-28 16:48:44-03:00
0,0,0,0,0,0,2020-07-29 19:00:14-03:00
0,0,0,0,0,0,2020-07-30 21:24:29-03:00
0,0,0,0,0,0,2020-07-31 18:08:05-03:00
0,0,0,0,0,0,2020-08-01 21:23:32-03:00
0,0,0,0,0,0,2020-08-02 17:13:51-03:00
0,0,0,0,0,0,2020-08-03 18:06:37-03:00
0,0,0,0,0,0,2020-08-04 17:22:00-03:00
0,0,0,0,0,0,2020-08-05 17:36:33-03:00
0,0,0,0,0,0,2020-08-06 17:04:47-03:00
0,0,0,0,0,0,2020-08-06 23:29:50-03:00
0,0,0,0,0,0,2020-08-07 17:54:40-03:00
0,0,0,0,0,0,2020-08-08 16:58:42-03:00
0,0,0,0,0,0,2020-08-09 13:17:20-03:00
0,0,0,0,0,0,2020-08-09 18:52:42-03:00
0,0,0,0,0,0,2020-08-10 15:08:23-03:00
0,0,0,0,0,0,2020-08-10 18:33:50-03:00
0,0,0,0,0,0,2020-08-11 11:18:58-03:00
0,0,0,0,0,0,2020-08-11 17:09:14-03:00
0,1,0,0,0,0,2020-08-12 15:08:27-03:00
3,1,0,0,0,0,2020-08-13 01:08:41-03:00
0,0,0,0,0,0,2020-08-13 12:08:48-03:00
0,1,0,0,0,0,2020-08-13 15:30:14-03:00
0,0,0,0,0,0,2020-08-13 22:56:05-03:00
0,0,0,0,0,0,2020-08-14 20:03:03-03:00
0,0,0,0,0,0,2020-08-14 20:04:46-03:00
0,0,0,0,0,0,2020-08-15 22:01:35-03:00
0,2,0,0,0,0,2020-08-16 19:32:24-03:00
0,1,0,0,0,0,2020-08-17 21:40:50-03:00
0,1,0,0,1,0,2020-08-18 22:21:32-03:00
1,1,0,1,1,1,2020-08-19 16:09:32-03:00
3,1,0,0,0,0,2020-08-20 20:43:45-03:00
0,0,0,0,0,0,2020-08-21 22:44:02-03:00
0,0,0,0,0,0,2020-08-22 21:16:46-03:00
0,1,0,0,0,0,2020-08-24 18:48:38-03:00
0,1,0,0,0,0,2020-08-25 23:54:06-03:00
0,2,0,0,1,0,2020-08-28 14:42:38-03:00
1,1,0,1,0,1,2020-08-28 23:13:47-03:00
0,0,0,0,0,0,2020-08-30 14:30:21-03:00
0,0,0,0,0,0,2020-08-31 01:55:15-03:00
0,0,0,0,0,0,2020-08-31 22:19:55-03:00
1,0,0,0,1,0,2020-09-02 20:55:49-03:00
2,0,0,0,0,0,2020-09-03 15:58:29-03:00
1,0,0,0,0,0,2020-09-03 22:36:46-03:00
2,1,1,1,2,1,2020-09-04 23:23:06-03:00
0,1,0,0,0,0,2020-09-07 19:06:14-03:00
0,0,0,0,0,0,2020-09-09 17:11:43-03:00
0,0,0,0,0,0,2020-09-15 16:30:08-03:00
0,0,0,0,0,0,2020-09-18 21:10:49-03:00
0,0,0,0,0,0,2020-09-21 22:21:17-03:00
0,1,0,0,0,0,2020-09-23 16:20:02-03:00
0,0,0,0,0,0,2020-09-24 21:07:21-03:00
0,1,0,0,0,0,2020-10-02 12:14:27-03:00
0,0,0,0,0,0,2020-10-03 11:49:36-03:00
0,0,0,0,0,0,2020-10-07 16:36:24-03:00
1,0,0,0,0,0,2020-10-08 16:52:59-03:00
2,1,0,0,0,0,2020-10-10 16:05:22-03:00
1,0,0,0,0,0,2020-10-11 21:54:57-03:00
1,1,0,1,1,1,2020-10-15 14:42:31-03:00
1,1,0,1,1,1,2020-10-21 21:38:58-03:00
0,1,0,0,0,0,2020-10-22 16:29:35-03:00
1,1,0,0,0,0,2020-10-24 18:12:53-03:00
1,0,0,0,0,0,2020-10-26 18:59:03-03:00
0,0,0,0,0,0,2020-10-26 23:33:48-03:00
1,1,0,1,1,1,2020-10-28 10:37:02-03:00
5,39,2,5,5,2,2020-10-29 15:58:30-03:00
58,84,34,53,48,46,2020-10-29 17:51:55-03:00
0,0,0,0,0,0,2020-11-04 20:02:15-03:00
0,0,0,0,0,0,2020-11-06 11:04:53-03:00
1,0,0,0,0,0,2020-11-08 18:44:06-03:00
1,2,0,0,0,0,2020-11-09 20:35:59-03:00
0,1,0,0,0,0,2020-11-10 13:32:55-03:00
1,1,0,1,0,0,2020-11-11 22:18:25-03:00
2,2,0,2,2,2,2020-11-14 23:04:44-03:00
0,1,0,0,0,0,2020-11-17 17:11:56-03:00
1,1,0,0,0,0,2020-11-18 22:55:08-03:00
2,1,1,1,1,1,2020-11-19 23:36:57-03:00
1,0,1,1,1,1,2020-11-21 21:33:00-03:00
1,1,1,1,0,1,2020-11-23 17:19:04-03:00
1,1,1,1,0,1,2020-11-23 21:28:25-03:00
1,1,1,1,0,1,2020-11-24 21:19:44-03:00
1,1,1,1,1,1,2020-11-25 22:08:09-03:00
0,1,1,1,0,1,2020-11-27 11:29:03-03:00
0,1,0,1,0,0,2020-11-30 21:35:28-03:00
1,2,1,2,1,0,2020-12-01 21:12:00-03:00
1,1,1,1,0,1,2020-12-02 18:24:18-03:00
2,2,1,1,1,1,2020-12-08 22:11:50-03:00
1,1,0,1,1,1,2020-12-09 21:32:38-03:00
0,1,0,0,0,0,2020-12-10 23:55:01-03:00
0,1,0,0,0,0,2020-12-11 22:37:51-03:00
1,1,0,1,1,0,2020-12-13 12:16:49-03:00
1,2,1,1,2,0,2020-12-13 23:24:22-03:00
1,1,1,1,1,1,2021-01-01 21:35:45-03:00
1,2,0,1,1,1,2021-03-13 17:53:43-03:00
0,1,0,1,1,1,2021-03-18 17:29:57-03:00
0,1,0,0,0,0,2021-04-21 11:15:50-03:00
0,1,0,0,0,0,2021-04-29 12:26:36-03:00
0,3,0,0,0,0,2021-05-10 17:05:14-03:00
0,1,0,0,0,0,2021-05-14 20:55:53-03:00
0,2,0,0,0,0,2021-05-15 13:54:59-03:00
0,1,1,1,0,1,2021-07-05 13:19:32-03:00
0,0,0,0,0,0,2021-07-21 21:08:06-03:00
5,6,1,1,0,2,2021-07-24 20:56:05-03:00
4,3,2,2,2,3,2021-08-14 16:24:36-03:00
0,7,0,0,0,1,2021-08-30 10:51:10-03:00
0,5,0,1,0,2,2021-10-11 11:29:35-03:00
