Acquisition,Preparation,Modeling,Training,Evaluation,Prediction,time
0,1,0,1,0,0,2019-05-01 22:40:00+02:00
0,1,0,1,0,0,2019-05-01 22:55:29+02:00
0,2,0,1,0,0,2019-05-02 12:56:04+02:00
1,3,0,2,0,0,2019-05-07 12:42:21+02:00
0,0,0,0,0,0,2019-05-07 12:45:37+02:00
0,1,0,1,0,0,2019-05-09 10:52:59+02:00
0,0,0,0,0,0,2019-05-10 10:32:51+02:00
0,0,0,0,0,0,2019-05-10 10:33:57+02:00
0,0,0,0,0,0,2019-05-10 10:43:48+02:00
0,2,0,1,0,0,2019-05-10 10:45:52+02:00
0,0,0,0,0,0,2019-05-10 11:41:01+02:00
1,0,0,0,0,0,2019-05-10 11:47:23+02:00
1,0,0,0,0,0,2019-05-10 17:17:36+02:00
0,0,0,0,0,0,2019-05-10 17:17:58+02:00
0,0,0,0,0,0,2019-05-10 17:19:46+02:00
0,0,0,0,0,0,2019-05-10 17:33:56+02:00
0,0,0,0,0,0,2019-05-11 13:22:34+02:00
0,0,0,0,0,0,2019-05-11 15:44:36+02:00
0,0,0,0,0,0,2019-05-11 15:49:20+02:00
0,0,0,0,0,0,2019-05-11 15:50:21+02:00
0,0,0,0,0,0,2019-05-11 15:50:39+02:00
0,0,0,0,0,0,2019-05-12 21:49:25+02:00
1,0,0,0,0,0,2019-05-12 21:49:47+02:00
1,0,0,0,0,0,2019-05-12 22:04:55+02:00
0,1,0,0,0,0,2019-05-22 15:03:40+02:00
0,0,0,0,0,0,2019-05-22 15:09:24+02:00
0,1,0,0,0,0,2019-05-22 23:11:11+02:00
1,0,0,0,0,0,2019-05-22 23:19:11+02:00
0,0,0,0,0,0,2019-05-25 12:00:57+02:00
0,0,0,0,0,0,2019-05-25 12:13:47+02:00
1,0,0,0,0,0,2019-05-25 16:40:31+02:00
1,4,0,1,0,1,2020-03-17 13:37:18+01:00
0,0,0,0,0,0,2020-03-17 13:38:59+01:00
0,1,0,0,0,0,2020-03-17 14:53:42+01:00
0,1,0,1,0,1,2020-03-17 14:53:58+01:00
1,0,0,0,0,0,2020-03-17 15:42:24+01:00
0,1,0,0,0,1,2020-03-20 16:49:04+01:00
1,0,0,0,0,0,2020-03-20 16:49:40+01:00
1,1,0,1,0,1,2020-03-23 16:34:05+01:00
0,0,0,0,0,0,2020-07-04 08:39:31+02:00
1,1,0,0,0,0,2020-07-19 15:25:38+02:00
0,1,0,0,0,0,2020-07-30 16:31:19+02:00
1,0,0,0,0,0,2020-07-30 16:41:27+02:00
0,0,0,0,0,0,2020-09-21 14:52:19+02:00
0,0,0,0,0,0,2021-01-05 09:45:49+01:00
0,0,0,0,0,0,2021-01-18 19:43:35+01:00
1,3,0,1,0,2,2021-01-19 16:27:22+01:00
0,1,0,1,0,1,2021-01-19 16:31:17+01:00
0,0,0,0,0,0,2021-02-08 09:17:45+01:00
1,0,0,0,0,0,2021-03-19 18:36:38+01:00
1,0,0,0,0,0,2021-06-30 21:12:50+02:00
0,0,0,0,0,0,2021-06-30 21:19:33+02:00
0,0,0,0,0,0,2021-06-30 21:22:36+02:00
0,0,0,0,0,0,2022-02-24 14:55:10+01:00
