Acquisition,Preparation,Modeling,Training,Evaluation,Prediction,time
0,2,1,0,0,0,2020-01-16 21:46:59+01:00
1,0,0,0,0,0,2020-01-16 22:04:50+01:00
0,2,1,0,0,0,2020-01-16 22:08:58+01:00
0,0,0,0,0,0,2020-01-16 22:13:41+01:00
0,0,0,0,0,0,2020-01-16 22:18:32+01:00
0,0,0,0,0,0,2020-01-16 22:18:51+01:00
0,3,1,0,0,0,2020-01-16 23:33:18+01:00
0,1,0,0,0,0,2020-01-16 23:49:21+01:00
0,1,0,0,0,0,2020-01-17 00:16:14+01:00
0,0,0,0,0,0,2020-01-17 00:20:30+01:00
0,0,0,0,0,0,2020-01-17 19:06:41+01:00
0,3,1,0,0,0,2020-01-17 19:32:25+01:00
0,2,1,0,0,0,2020-01-17 21:05:37+01:00
0,2,0,0,0,0,2020-01-17 21:10:00+01:00
0,3,1,0,0,0,2020-01-17 22:45:51+01:00
0,2,1,0,0,0,2020-01-18 17:42:04+01:00
0,0,0,0,0,0,2020-01-18 18:20:49+01:00
0,0,0,0,0,0,2020-01-18 18:56:06+01:00
1,0,0,0,0,0,2020-01-18 19:00:08+01:00
0,0,0,0,0,0,2020-01-18 19:01:38+01:00
0,1,0,0,0,0,2020-01-18 19:38:38+01:00
0,1,0,0,0,0,2020-01-18 19:53:18+01:00
0,1,1,0,0,0,2020-01-18 19:53:36+01:00
0,1,0,0,0,0,2020-01-18 19:53:50+01:00
0,1,0,0,0,0,2020-01-18 19:55:10+01:00
0,0,0,0,0,0,2020-01-18 19:58:27+01:00
0,0,0,0,0,0,2020-01-18 19:59:36+01:00
0,0,0,0,0,0,2020-01-18 22:52:43+01:00
0,0,0,0,0,0,2020-01-18 22:52:53+01:00
0,0,0,0,0,0,2020-01-18 23:01:12+01:00
1,0,0,0,0,0,2020-01-18 23:11:19+01:00
1,2,1,0,0,0,2020-01-19 18:59:20+01:00
1,0,0,0,0,0,2020-01-20 17:28:44+01:00
1,2,1,0,0,0,2020-01-20 22:00:50+01:00
1,2,1,0,0,0,2020-01-20 22:41:09+01:00
1,1,1,0,0,0,2020-01-20 23:01:12+01:00
0,1,1,0,0,0,2020-01-21 12:02:28-05:00
0,0,0,0,0,0,2020-01-21 21:00:05+01:00
1,0,0,0,0,0,2020-01-23 18:55:46+01:00
1,1,1,0,0,0,2020-01-23 23:14:39+01:00
0,0,0,0,0,0,2020-05-03 01:56:29+02:00
1,0,0,0,0,0,2020-05-03 20:41:00+02:00
0,2,1,0,0,0,2020-05-25 01:29:52+02:00
0,0,0,0,0,0,2020-05-28 23:00:08+02:00
0,1,0,0,0,0,2020-05-28 23:42:54+02:00
0,2,1,0,0,0,2020-05-30 19:17:05+02:00
0,1,0,0,0,0,2020-05-30 23:40:51+02:00
0,1,0,0,0,0,2020-05-31 00:21:42+02:00
0,1,0,0,0,0,2020-05-31 18:27:22+02:00
0,1,0,0,0,0,2020-05-31 18:38:00+02:00
1,0,0,0,0,0,2020-06-22 01:07:28+02:00
0,0,0,0,0,0,2020-06-22 01:48:23+02:00
1,1,1,0,0,0,2020-07-15 01:51:48+02:00
0,0,0,0,0,0,2020-09-13 17:52:53+02:00
0,0,0,0,0,0,2020-09-13 18:24:44+02:00
0,0,0,0,0,0,2020-09-13 18:25:57+02:00
0,1,0,0,0,0,2021-02-03 13:36:49+01:00
0,1,0,0,0,0,2021-02-03 13:38:19+01:00
1,0,0,0,0,0,2021-02-03 13:44:38+01:00
0,0,0,0,0,0,2021-02-16 00:52:05+01:00
0,1,0,0,0,0,2021-02-16 01:12:58+01:00
1,0,0,0,0,0,2021-02-16 01:20:08+01:00
0,1,0,0,0,0,2021-02-16 02:03:04+01:00
0,1,0,0,0,0,2021-02-16 02:05:20+01:00
1,0,0,0,0,0,2021-03-01 12:10:05+01:00
0,2,1,0,0,0,2021-03-01 16:41:16+01:00
0,0,0,0,0,0,2021-03-09 01:01:29+01:00
0,0,0,0,0,0,2021-03-09 01:31:24+01:00
0,1,1,0,0,0,2021-03-09 02:02:50+01:00
1,0,0,0,0,0,2021-03-09 02:04:18+01:00
0,3,1,0,0,0,2021-03-01 16:58:00+01:00
0,1,0,0,0,0,2021-03-01 16:58:11+01:00
1,0,0,0,0,0,2021-03-09 10:27:00+01:00
0,1,1,0,0,0,2021-03-09 11:05:56+01:00
0,1,0,0,0,0,2021-03-09 10:46:55+01:00
0,0,0,0,0,0,2021-03-12 00:29:04+01:00
0,0,0,0,0,0,2021-03-12 00:31:12+01:00
