Acquisition,Preparation,Modeling,Training,Evaluation,Prediction,time
0,0,0,0,0,0,2021-02-26 14:16:27+01:00
0,1,0,0,0,0,2021-02-26 16:11:21+01:00
0,0,0,0,0,0,2021-02-26 16:28:52+01:00
0,2,0,0,0,0,2021-03-01 23:07:04+01:00
0,0,0,0,0,0,2021-03-02 11:26:41+01:00
0,0,0,0,0,0,2021-03-02 12:08:56+01:00
0,1,0,0,0,1,2021-03-02 14:19:06+01:00
0,3,0,0,0,1,2021-03-02 17:42:12+01:00
0,2,0,0,0,1,2021-03-03 14:10:36+01:00
0,2,0,0,0,1,2021-03-04 13:31:01+01:00
0,1,0,0,0,0,2021-03-05 11:04:04+01:00
0,1,0,0,0,0,2021-03-05 11:11:33+01:00
0,2,1,1,0,1,2021-03-05 12:04:16+01:00
0,1,1,1,1,1,2021-03-08 12:40:56+01:00
0,0,0,0,0,0,2021-03-08 12:41:28+01:00
0,4,1,1,1,2,2021-03-16 17:42:17+01:00
0,4,1,1,0,2,2021-03-19 10:56:28+01:00
0,1,2,2,0,1,2021-03-19 12:53:43+01:00
0,1,0,1,0,0,2021-03-19 13:52:00+01:00
0,4,2,2,0,2,2021-03-22 11:58:46+01:00
0,2,1,1,0,1,2021-03-22 13:06:32+01:00
0,2,2,2,0,1,2021-03-22 13:29:17+01:00
0,3,2,2,0,1,2021-03-26 11:51:41+01:00
0,2,0,1,0,1,2021-03-26 16:57:13+01:00
0,3,1,1,0,1,2021-03-27 18:26:32+01:00
0,2,2,2,0,1,2021-03-27 21:36:50+01:00
0,2,2,2,0,1,2021-03-29 11:27:44+02:00
1,3,2,2,0,1,2021-03-29 12:41:18+02:00
0,1,1,1,0,0,2021-03-29 20:31:52+02:00
0,1,1,1,0,0,2021-03-30 11:46:02+02:00
0,1,1,0,0,0,2021-03-30 12:10:44+02:00
1,2,1,1,0,0,2021-03-30 14:20:11+02:00
0,0,0,0,0,0,2021-03-30 22:02:22+02:00
0,1,1,1,0,0,2021-03-30 23:23:20+02:00
0,0,0,1,0,0,2021-03-31 22:24:57+02:00
1,3,2,2,0,1,2021-04-01 21:05:53+02:00
0,0,1,1,0,0,2021-04-03 15:29:01+02:00
0,3,1,0,0,0,2021-04-04 14:56:53+02:00
0,0,1,1,0,0,2021-04-04 15:04:32+02:00
2,4,3,2,0,1,2021-04-04 16:32:35+02:00
0,0,1,1,0,0,2021-04-04 17:03:47+02:00
1,2,1,1,0,0,2021-04-05 13:40:53+02:00
1,2,1,2,0,1,2021-04-05 16:27:50+02:00
0,2,1,1,0,0,2021-04-05 17:38:46+02:00
3,10,4,2,0,2,2021-04-05 19:27:42+02:00
0,1,0,1,0,0,2021-04-06 10:57:39+02:00
0,1,0,0,0,0,2021-04-06 12:53:27+02:00
0,0,0,1,0,0,2021-04-06 16:04:01+02:00
0,0,0,0,0,0,2021-04-06 18:52:22+02:00
0,0,0,0,0,0,2021-04-06 18:52:47+02:00
0,0,0,0,0,0,2021-04-06 19:05:06+02:00
3,4,2,3,0,2,2021-04-07 16:47:25+02:00
0,0,0,0,0,0,2021-04-08 13:31:37+02:00
0,0,0,0,0,0,2021-04-08 13:31:51+02:00
0,1,0,0,0,0,2021-04-08 14:08:37+02:00
3,4,3,3,1,2,2021-04-08 16:33:10+02:00
3,3,3,3,0,1,2021-04-08 16:48:51+02:00
0,0,0,0,0,0,2021-04-08 16:50:11+02:00
2,3,2,2,0,1,2021-04-08 17:23:36+02:00
1,1,0,1,0,0,2021-04-08 17:28:11+02:00
0,1,0,0,1,1,2021-04-08 17:30:50+02:00
0,1,0,0,1,1,2021-04-08 17:46:27+02:00
1,1,0,1,0,0,2021-04-08 20:00:11+02:00
1,1,0,1,0,0,2021-04-09 11:48:06+02:00
1,2,0,1,0,0,2021-04-09 17:20:35+02:00
1,2,1,0,2,1,2021-04-09 18:12:14+02:00
0,0,0,0,0,0,2021-04-09 18:12:27+02:00
0,0,0,0,0,0,2021-04-09 18:14:56+02:00
0,0,0,0,0,0,2021-04-11 12:22:50+02:00
1,4,1,1,0,0,2021-04-11 13:03:35+02:00
1,3,0,1,1,0,2021-04-11 13:56:40+02:00
1,2,0,1,1,0,2021-04-13 12:30:07+02:00
2,3,1,2,1,1,2021-04-13 14:46:08+02:00
1,3,0,1,2,0,2021-04-13 15:44:41+02:00
0,1,0,0,0,0,2021-04-13 16:31:21+02:00
1,2,0,1,2,0,2021-04-13 23:14:20+02:00
1,2,0,1,2,1,2021-04-14 10:39:12+02:00
0,0,0,0,0,0,2021-04-14 12:05:51+02:00
0,0,0,0,0,0,2021-04-14 12:06:13+02:00
3,9,3,4,3,2,2021-04-14 16:33:37+02:00
0,2,0,0,0,0,2021-04-15 15:56:48+02:00
0,2,0,0,0,0,2021-04-16 11:47:48+02:00
0,2,0,2,1,1,2021-04-16 13:04:36+02:00
0,1,0,0,0,0,2021-04-16 14:10:51+02:00
0,0,0,0,0,0,2021-04-16 14:12:09+02:00
0,0,0,1,0,0,2021-04-16 18:58:39+02:00
4,6,3,3,2,1,2021-04-17 13:41:16+02:00
1,2,1,1,1,1,2021-04-19 22:54:12+02:00
0,0,0,0,0,0,2021-04-19 22:56:54+02:00
1,3,1,1,1,2,2021-04-20 08:49:44+02:00
0,1,0,0,0,0,2021-04-20 08:52:37+02:00
0,3,0,0,0,1,2021-04-20 10:17:24+02:00
0,1,0,0,0,0,2021-04-20 10:20:45+02:00
0,1,0,0,0,0,2021-04-20 10:21:28+02:00
0,2,0,0,0,1,2021-04-20 15:39:00+02:00
0,1,0,0,0,0,2021-04-20 20:36:38+02:00
0,2,0,0,0,0,2021-04-21 10:52:13+02:00
0,2,0,0,0,0,2021-04-22 17:21:24+02:00
1,2,1,2,0,1,2021-04-22 19:49:24+02:00
0,0,0,1,0,0,2021-04-23 10:28:07+02:00
0,0,0,0,0,0,2021-04-24 18:27:44+02:00
2,3,2,2,0,2,2021-04-24 18:43:33+02:00
0,0,0,0,0,0,2021-08-09 13:16:15+02:00
0,0,0,0,0,0,2021-08-09 13:27:48+02:00
