Acquisition,Preparation,Modeling,Training,Evaluation,Prediction,time
0,0,0,0,0,0,2020-07-07 10:13:05+02:00
0,0,0,0,0,0,2020-07-10 18:50:10+02:00
0,0,0,0,0,0,2020-07-20 14:40:49+02:00
0,0,0,0,0,0,2020-07-20 21:36:06+02:00
0,0,0,0,0,0,2020-07-20 21:38:07+02:00
0,0,0,0,0,0,2020-07-20 22:47:00+02:00
0,0,0,0,0,0,2020-07-21 15:57:40+02:00
0,0,0,0,0,0,2020-07-22 10:22:07+02:00
0,0,0,0,0,0,2020-07-22 11:45:01+02:00
2,2,0,2,0,0,2020-07-22 13:01:37+02:00
1,1,0,1,0,0,2020-07-22 13:02:45+02:00
1,1,0,1,0,0,2020-07-22 16:16:53+02:00
0,0,0,0,0,0,2020-07-22 17:42:07+02:00
1,1,0,1,0,0,2020-07-24 00:58:05+02:00
1,1,0,1,0,0,2020-07-24 12:13:44+02:00
1,1,0,1,0,0,2020-07-24 12:15:07+02:00
0,0,0,0,0,0,2020-07-28 00:19:15+02:00
1,1,0,1,0,0,2020-07-28 00:21:46+02:00
1,1,0,1,0,0,2020-07-28 15:43:42+02:00
0,1,0,0,0,0,2020-07-28 17:26:31+02:00
0,1,0,0,0,0,2020-07-29 15:01:39+02:00
0,0,0,0,0,0,2020-07-29 16:37:38+02:00
0,1,0,0,0,0,2020-07-29 16:39:33+02:00
1,1,0,1,1,1,2020-07-30 22:06:19+02:00
0,0,0,0,0,0,2020-07-30 22:06:51+02:00
0,0,0,0,0,0,2020-08-01 15:38:15+02:00
1,1,0,1,1,1,2020-08-03 00:46:08+02:00
0,0,0,0,0,0,2020-08-03 00:46:44+02:00
0,0,0,0,0,0,2020-08-03 17:04:15+02:00
0,0,0,0,0,0,2020-08-03 23:45:39+02:00
1,1,0,0,0,0,2020-08-07 12:18:11+02:00
1,1,0,0,0,0,2020-08-07 12:42:06+02:00
1,1,0,1,1,1,2020-08-08 16:55:32+02:00
1,1,0,0,0,0,2020-08-08 18:06:36+02:00
1,1,0,0,0,0,2020-08-08 22:58:33+02:00
0,0,0,0,0,0,2020-08-09 02:48:57+02:00
1,1,0,1,1,1,2020-08-09 02:50:31+02:00
1,1,0,1,0,0,2020-08-09 02:51:24+02:00
0,0,0,0,0,0,2020-08-09 02:51:39+02:00
1,1,0,0,0,0,2020-08-10 11:34:54+02:00
1,1,0,1,0,0,2020-08-10 17:29:51+02:00
1,1,0,1,0,0,2020-08-10 20:49:22+02:00
1,1,0,0,0,0,2020-08-11 13:44:37+02:00
0,0,0,0,0,0,2020-08-11 15:35:30+02:00
1,1,0,1,1,1,2020-08-12 16:29:26+02:00
1,1,0,1,1,1,2020-08-13 13:52:44+02:00
0,0,0,0,0,0,2020-08-13 14:01:52+02:00
0,0,0,0,0,0,2020-08-13 18:21:15+02:00
1,1,0,1,1,1,2020-08-13 18:24:27+02:00
3,3,0,3,3,3,2020-08-13 18:25:13+02:00
0,0,0,0,0,0,2020-08-13 23:19:17+02:00
0,0,0,0,0,0,2020-08-13 23:36:22+02:00
6,6,0,6,6,6,2020-08-14 14:35:47+02:00
0,0,0,0,0,0,2020-08-15 01:45:26+02:00
1,1,0,0,0,0,2020-08-15 01:47:57+02:00
4,4,0,4,4,4,2020-08-15 01:50:11+02:00
1,1,0,0,0,0,2020-08-16 00:53:02+02:00
1,1,0,0,0,0,2020-08-17 17:39:11+02:00
1,1,0,0,0,0,2020-08-17 22:43:54+02:00
1,1,0,0,0,0,2020-08-18 02:24:29+02:00
1,1,0,1,1,1,2020-08-19 17:16:54+02:00
1,1,0,0,0,0,2020-08-19 17:17:50+02:00
1,1,0,1,0,1,2020-08-19 17:18:25+02:00
1,1,0,1,0,0,2020-08-19 20:30:43+02:00
1,1,0,1,0,0,2020-08-19 20:57:58+02:00
1,1,0,1,0,1,2020-08-20 14:53:01+02:00
1,1,0,1,0,0,2020-08-20 14:53:44+02:00
1,1,0,1,1,1,2020-08-20 16:50:35+02:00
1,1,0,0,0,0,2020-08-20 18:22:07+02:00
1,1,0,0,0,0,2020-08-21 00:45:26+02:00
1,1,0,0,0,0,2020-08-23 13:42:20+02:00
1,1,0,1,0,0,2020-08-23 19:24:38+02:00
0,0,0,0,0,0,2020-08-25 18:30:17+02:00
0,0,0,0,0,0,2020-08-25 19:11:44+02:00
0,0,0,0,0,0,2020-08-25 19:12:09+02:00
0,0,0,0,0,0,2020-08-25 19:21:13+02:00
0,0,0,0,0,0,2020-08-25 22:00:32+02:00
0,0,0,0,0,0,2020-08-25 22:31:21+02:00
0,0,0,0,0,0,2020-08-25 22:51:27+02:00
1,1,0,1,0,0,2020-08-25 23:04:03+02:00
1,1,0,1,0,0,2020-08-25 23:11:36+02:00
0,0,0,0,0,0,2020-08-25 23:19:14+02:00
0,0,0,0,0,0,2020-08-25 23:20:00+02:00
0,0,0,0,0,0,2020-08-25 23:20:31+02:00
1,1,0,1,0,0,2020-08-25 23:20:45+02:00
0,0,0,0,0,0,2020-08-25 23:21:36+02:00
1,1,0,1,0,0,2020-08-25 23:29:16+02:00
1,1,0,1,0,0,2020-08-25 23:43:56+02:00
1,1,0,1,0,0,2020-08-25 23:50:34+02:00
0,0,0,0,0,0,2020-08-25 23:51:34+02:00
1,1,0,1,0,0,2020-08-26 00:10:10+02:00
1,1,0,1,0,0,2020-08-26 00:25:45+02:00
0,0,0,0,0,0,2020-08-26 00:39:22+02:00
0,0,0,0,0,0,2020-08-26 01:05:09+02:00
0,0,0,0,0,0,2020-08-26 01:06:07+02:00
0,0,0,0,0,0,2020-08-26 11:01:53+02:00
0,0,0,0,0,0,2020-08-26 11:02:02+02:00
1,1,0,0,0,0,2020-08-26 18:39:58+02:00
1,1,0,1,1,0,2020-08-26 18:40:55+02:00
0,1,0,0,1,1,2020-08-26 18:42:27+02:00
0,0,0,0,0,0,2020-08-27 12:00:54+02:00
0,0,0,0,0,0,2020-08-27 12:01:09+02:00
0,0,0,0,0,0,2020-08-27 12:01:25+02:00
0,0,0,0,0,0,2020-08-27 12:01:35+02:00
0,0,0,0,0,0,2020-08-27 13:17:14+02:00
2,3,0,1,2,1,2020-08-27 18:26:15+02:00
1,1,0,1,1,1,2020-08-30 19:06:37+02:00
13,14,0,12,13,5,2020-08-30 19:07:47+02:00
0,0,0,0,0,0,2020-08-31 20:11:20+02:00
0,0,0,0,0,0,2020-08-31 20:14:36+02:00
0,0,0,0,0,0,2020-08-31 23:53:12+02:00
14,13,0,12,11,0,2020-09-01 00:37:38+02:00
0,0,0,0,0,0,2020-09-01 00:41:55+02:00
0,0,0,0,0,0,2020-09-01 12:11:12+02:00
0,0,0,0,0,0,2020-09-01 12:11:29+02:00
5,4,0,3,2,0,2020-09-01 12:20:58+02:00
0,0,0,0,0,0,2020-09-01 12:21:28+02:00
4,4,0,3,3,0,2020-09-03 21:35:57+02:00
2,3,0,1,0,0,2020-09-03 23:27:49+02:00
10,10,0,10,10,0,2020-09-03 23:32:18+02:00
1,1,0,0,0,0,2020-09-08 10:53:16+02:00
4,5,0,1,1,0,2020-09-08 15:30:19+02:00
0,0,0,0,0,0,2020-09-08 15:37:37+02:00
3,5,0,2,3,1,2020-09-14 18:07:50+02:00
2,3,0,2,1,0,2020-09-15 13:19:15+02:00
3,3,0,3,1,0,2020-09-15 19:39:55+02:00
4,4,2,4,2,0,2020-09-15 23:29:47+02:00
1,1,0,1,0,0,2020-09-16 01:02:22+02:00
0,0,0,0,0,0,2020-09-16 01:04:17+02:00
3,3,2,3,1,0,2020-09-16 15:53:58+02:00
2,2,2,2,0,0,2020-09-16 19:15:16+02:00
2,2,2,2,0,0,2020-09-16 23:34:11+02:00
1,1,0,1,0,0,2020-09-17 10:19:07+02:00
0,0,0,0,0,0,2020-09-17 10:19:50+02:00
2,3,1,2,1,0,2020-09-17 15:43:59+02:00
3,4,2,3,1,0,2020-09-17 17:49:24+02:00
2,3,2,2,0,0,2020-09-17 19:21:55+02:00
1,1,0,1,0,0,2020-09-18 00:43:08+02:00
2,3,1,2,1,0,2020-09-18 21:00:19+02:00
1,1,0,0,0,0,2020-09-18 23:26:59+02:00
1,1,0,1,0,0,2020-09-19 18:26:27+02:00
5,7,1,3,3,1,2020-09-22 00:53:26+02:00
4,6,2,3,2,1,2020-09-22 14:40:46+02:00
1,1,1,1,0,0,2020-09-22 14:44:56+02:00
1,1,0,1,0,0,2020-09-22 22:57:05+02:00
0,0,0,0,0,0,2020-09-22 22:57:34+02:00
5,7,2,4,3,1,2020-09-22 23:20:14+02:00
0,0,0,0,0,0,2020-09-23 12:54:08+02:00
0,0,0,0,0,0,2020-09-23 14:29:36+02:00
0,0,0,0,0,0,2020-09-23 14:38:31+02:00
0,0,0,0,0,0,2020-09-23 14:43:02+02:00
0,0,0,0,0,0,2020-09-23 14:43:32+02:00
0,1,0,0,0,0,2020-09-23 15:52:56+02:00
1,1,0,1,1,0,2020-09-23 15:53:31+02:00
1,1,0,1,0,0,2020-09-23 15:55:06+02:00
1,1,0,1,0,0,2020-09-23 15:55:24+02:00
1,1,0,0,0,0,2020-09-23 15:55:51+02:00
0,0,0,0,0,0,2020-09-24 00:47:14+02:00
1,1,0,1,0,0,2020-09-24 12:06:25+02:00
0,0,0,0,0,0,2020-09-24 12:08:44+02:00
0,0,0,0,0,0,2020-09-24 13:38:28+02:00
0,0,0,0,0,0,2020-09-24 14:17:46+02:00
0,0,0,0,0,0,2020-09-24 15:01:20+02:00
0,0,0,0,0,0,2020-09-24 17:22:54+02:00
0,0,0,0,0,0,2020-09-24 17:29:08+02:00
0,0,0,0,0,0,2020-09-24 17:57:21+02:00
0,0,0,0,0,0,2020-09-24 18:16:52+02:00
0,0,0,0,0,0,2020-09-24 18:17:26+02:00
6,8,2,5,4,1,2020-09-24 18:59:13+02:00
0,0,0,0,0,0,2020-09-24 19:01:07+02:00
0,0,0,0,0,0,2020-09-24 19:06:20+02:00
0,0,0,0,0,0,2020-09-24 19:07:15+02:00
0,0,0,0,0,0,2020-09-24 19:23:19+02:00
0,0,0,0,0,0,2020-09-24 19:23:52+02:00
0,0,0,0,0,0,2020-09-24 22:11:02+02:00
0,0,0,0,0,0,2020-09-24 22:15:22+02:00
0,0,0,0,0,0,2020-09-24 22:19:03+02:00
0,0,0,0,0,0,2020-09-24 22:26:25+02:00
0,0,0,0,0,0,2020-09-24 22:31:45+02:00
0,0,0,0,0,0,2020-09-24 22:41:29+02:00
1,1,0,1,0,0,2020-09-24 23:10:23+02:00
0,0,0,0,0,0,2020-09-24 23:10:47+02:00
0,0,0,0,0,0,2020-09-24 23:15:38+02:00
0,0,0,0,0,0,2020-09-24 23:15:56+02:00
0,0,0,0,0,0,2020-09-25 23:27:58+02:00
0,0,0,0,0,0,2020-09-26 11:07:44+02:00
0,0,0,0,0,0,2020-09-26 11:07:53+02:00
0,0,0,0,0,0,2020-09-26 11:14:27+02:00
0,0,0,0,0,0,2020-09-26 11:22:57+02:00
0,0,0,0,0,0,2020-09-26 11:23:32+02:00
0,0,0,0,0,0,2020-09-26 09:24:11+00:00
0,0,0,0,0,0,2020-09-26 11:36:42+02:00
0,0,0,0,0,0,2020-09-26 11:50:17+02:00
0,0,0,0,0,0,2020-09-26 11:51:24+02:00
0,0,0,0,0,0,2020-09-26 11:52:16+02:00
0,0,0,0,0,0,2020-09-26 11:56:39+02:00
0,0,0,0,0,0,2020-09-26 12:04:34+02:00
0,0,0,0,0,0,2020-09-26 13:16:26+02:00
0,0,0,0,0,0,2020-09-26 13:24:07+02:00
0,0,0,0,0,0,2020-09-26 13:29:33+02:00
0,0,0,0,0,0,2020-09-26 13:50:20+02:00
0,0,0,0,0,0,2020-09-26 13:53:19+02:00
0,0,0,0,0,0,2020-09-26 13:56:25+02:00
0,0,0,0,0,0,2020-09-26 14:00:14+02:00
0,0,0,0,0,0,2020-09-26 14:01:50+02:00
0,0,0,0,0,0,2020-09-26 14:07:38+02:00
0,0,0,0,0,0,2020-09-26 14:14:47+02:00
0,0,0,0,0,0,2020-09-26 14:17:49+02:00
0,0,0,0,0,0,2020-09-26 14:20:13+02:00
0,0,0,0,0,0,2020-09-26 16:27:04+02:00
0,0,0,0,0,0,2020-09-26 16:43:19+02:00
0,0,0,0,0,0,2020-09-26 16:44:02+02:00
0,0,0,0,0,0,2020-09-26 16:46:21+02:00
0,0,0,0,0,0,2020-09-26 16:48:14+02:00
0,0,0,0,0,0,2020-09-26 17:09:40+02:00
0,0,0,0,0,0,2020-09-26 17:12:24+02:00
0,0,0,0,0,0,2020-09-26 17:13:04+02:00
0,0,0,0,0,0,2020-09-26 17:23:44+02:00
0,0,0,0,0,0,2020-09-26 17:35:36+02:00
0,0,0,0,0,0,2020-09-26 17:40:20+02:00
0,0,0,0,0,0,2020-09-26 17:41:58+02:00
0,0,0,0,0,0,2020-09-26 17:42:13+02:00
0,0,0,0,0,0,2020-09-26 17:43:51+02:00
0,0,0,0,0,0,2020-09-26 18:36:36+02:00
0,0,0,0,0,0,2020-09-26 18:38:40+02:00
0,0,0,0,0,0,2020-09-26 18:38:50+02:00
0,0,0,0,0,0,2020-09-26 18:54:21+02:00
0,0,0,0,0,0,2020-09-26 18:55:00+02:00
0,0,0,0,0,0,2020-09-26 19:06:01+02:00
0,0,0,0,0,0,2020-09-26 19:06:46+02:00
0,0,0,0,0,0,2020-09-26 19:10:58+02:00
0,0,0,0,0,0,2020-09-26 19:35:50+02:00
0,0,0,0,0,0,2020-09-26 19:48:13+02:00
0,0,0,0,0,0,2020-09-26 19:48:35+02:00
0,0,0,0,0,0,2020-09-26 19:53:50+02:00
0,0,0,0,0,0,2020-09-26 19:53:51+02:00
0,0,0,0,0,0,2020-09-26 19:54:07+02:00
0,0,0,0,0,0,2020-09-26 19:55:18+02:00
0,0,0,0,0,0,2020-09-26 19:57:07+02:00
0,0,0,0,0,0,2020-09-26 20:33:22+02:00
0,0,0,0,0,0,2020-09-26 20:34:27+02:00
0,0,0,0,0,0,2020-09-26 20:41:42+02:00
0,0,0,0,0,0,2020-09-26 20:43:13+02:00
0,0,0,0,0,0,2020-09-26 20:44:11+02:00
0,0,0,0,0,0,2020-09-26 20:59:44+02:00
0,0,0,0,0,0,2020-09-26 21:42:13+02:00
0,0,0,0,0,0,2020-09-26 21:42:50+02:00
0,0,0,0,0,0,2020-09-26 21:43:29+02:00
0,0,0,0,0,0,2020-09-26 21:44:21+02:00
0,0,0,0,0,0,2020-09-26 22:19:30+02:00
0,0,0,0,0,0,2020-09-26 22:19:58+02:00
0,0,0,0,0,0,2020-09-26 22:22:29+02:00
0,0,0,0,0,0,2020-09-26 22:23:25+02:00
0,0,0,0,0,0,2020-09-26 22:24:02+02:00
0,0,0,0,0,0,2020-09-26 22:35:59+02:00
0,0,0,0,0,0,2020-09-26 22:42:58+02:00
0,0,0,0,0,0,2020-09-26 22:43:12+02:00
0,0,0,0,0,0,2020-09-26 22:44:17+02:00
0,0,0,0,0,0,2020-09-26 22:47:42+02:00
0,0,0,0,0,0,2020-09-26 22:53:20+02:00
0,0,0,0,0,0,2020-09-26 22:57:20+02:00
0,0,0,0,0,0,2020-09-26 23:01:44+02:00
0,0,0,0,0,0,2020-09-26 23:05:05+02:00
0,0,0,0,0,0,2020-09-26 23:11:40+02:00
0,0,0,0,0,0,2020-09-26 23:14:22+02:00
0,0,0,0,0,0,2020-09-26 23:35:05+02:00
0,0,0,0,0,0,2020-09-26 23:44:30+02:00
0,0,0,0,0,0,2020-09-26 23:49:22+02:00
0,0,0,0,0,0,2020-09-26 23:49:32+02:00
0,0,0,0,0,0,2020-09-26 23:50:39+02:00
0,0,0,0,0,0,2020-09-26 23:53:06+02:00
0,0,0,0,0,0,2020-10-27 22:54:53+00:00
0,0,0,0,0,0,2020-10-28 11:12:39+01:00
