Acquisition,Preparation,Modeling,Training,Evaluation,Prediction,time
0,0,0,0,0,0,2021-02-08 16:31:10+01:00
0,0,0,0,0,0,2021-02-08 16:32:51+01:00
0,0,0,0,0,0,2021-02-08 16:38:07+01:00
0,0,0,0,0,0,2021-02-08 16:39:09+01:00
0,0,0,0,0,0,2021-02-08 16:40:46+01:00
0,0,0,0,0,0,2021-02-08 16:41:26+01:00
0,0,0,0,0,0,2021-02-08 16:48:36+01:00
0,0,0,0,0,0,2021-02-09 21:34:14+01:00
0,0,0,0,0,0,2021-02-09 21:35:06+01:00
0,0,0,0,0,0,2021-02-09 21:35:58+01:00
0,0,0,0,0,0,2021-02-09 21:36:05+01:00
253,1004,284,59,106,129,2021-02-10 17:14:30+01:00
0,0,0,0,0,0,2021-02-11 17:39:41+01:00
0,0,0,0,0,0,2021-02-15 10:08:32+01:00
0,0,0,0,0,0,2021-02-15 10:09:50+01:00
0,0,0,0,0,0,2021-02-15 10:14:14+01:00
0,0,0,0,0,0,2021-02-15 10:16:05+01:00
0,0,0,0,0,0,2021-02-15 10:17:19+01:00
104,246,72,0,7,0,2021-02-15 10:18:35+01:00
0,0,0,0,0,0,2021-02-15 10:28:45+01:00
0,0,0,0,0,0,2021-02-15 10:35:43+01:00
0,0,0,0,0,0,2021-02-15 10:36:28+01:00
0,0,0,0,0,0,2021-02-15 10:37:30+01:00
0,1,0,0,0,0,2021-02-15 10:45:45+01:00
0,0,0,0,0,0,2021-02-15 10:46:46+01:00
1,1,0,0,0,0,2021-02-15 10:48:51+01:00
0,0,0,0,0,0,2021-02-15 10:49:30+01:00
0,0,0,0,0,0,2021-02-15 10:53:53+01:00
0,0,0,0,0,0,2021-02-15 10:57:29+01:00
1,1,0,0,0,0,2021-02-15 10:59:49+01:00
0,0,0,0,0,0,2021-02-15 11:00:16+01:00
0,0,0,0,0,0,2021-02-15 11:01:27+01:00
0,0,0,0,0,0,2021-02-15 11:01:41+01:00
0,0,0,0,0,0,2021-02-15 11:10:24+01:00
99,240,72,0,7,0,2021-02-15 11:11:00+01:00
0,1,0,0,0,0,2021-02-15 11:18:28+01:00
1,1,0,0,0,0,2021-02-15 11:38:57+01:00
1,1,0,0,0,0,2021-02-15 11:53:08+01:00
1,1,0,0,0,0,2021-02-15 12:03:01+01:00
1,1,0,0,0,0,2021-02-15 12:13:10+01:00
0,0,0,0,0,0,2021-02-15 13:45:29+01:00
0,0,0,0,0,0,2021-02-15 13:48:12+01:00
1,1,0,0,0,0,2021-02-15 14:20:37+01:00
0,0,0,0,0,0,2021-02-15 14:20:45+01:00
1,1,0,0,0,0,2021-02-15 14:23:50+01:00
1,1,0,0,0,0,2021-02-15 14:39:33+01:00
0,0,0,0,0,0,2021-02-15 15:03:20+01:00
0,0,0,0,0,0,2021-02-15 15:15:48+01:00
1,1,0,0,0,0,2021-02-15 15:36:02+01:00
1,1,0,0,0,0,2021-02-16 13:40:45+01:00
1,1,0,0,0,0,2021-02-16 13:41:56+01:00
0,0,0,0,0,0,2021-02-16 13:45:15+01:00
1,1,0,0,0,0,2021-02-16 14:18:11+01:00
1,1,0,0,0,0,2021-02-16 14:35:41+01:00
1,1,0,0,0,0,2021-02-16 14:38:53+01:00
1,1,0,0,0,0,2021-02-16 14:43:46+01:00
1,1,0,0,0,0,2021-02-16 14:47:21+01:00
0,0,0,0,0,0,2021-02-17 10:02:33+01:00
0,0,0,0,0,0,2021-02-18 10:51:04+01:00
0,0,0,0,0,0,2021-02-18 10:52:02+01:00
0,0,0,0,0,0,2021-02-18 11:01:40+01:00
0,0,0,0,0,0,2021-02-18 11:27:08+01:00
1,7,0,0,0,0,2021-02-18 11:37:43+01:00
0,0,0,0,0,0,2021-02-18 11:54:11+01:00
0,0,0,0,0,0,2021-02-18 12:09:50+01:00
0,0,0,0,0,0,2021-02-19 16:55:01+01:00
2,1,0,0,0,0,2021-02-19 16:56:03+01:00
2,1,0,0,0,0,2021-02-22 10:56:28+01:00
2,0,0,0,0,0,2021-02-22 11:05:03+01:00
0,0,0,0,0,0,2021-02-22 11:05:33+01:00
2,1,0,0,0,0,2021-02-22 15:26:42+01:00
0,0,0,0,0,0,2021-02-22 16:00:59+01:00
1,1,0,0,0,0,2021-02-22 17:21:31+01:00
1,0,0,0,0,0,2021-02-23 11:21:49+01:00
1,0,0,0,0,0,2021-02-23 11:57:19+01:00
0,0,0,0,0,0,2021-02-23 14:47:56+01:00
0,0,0,0,0,0,2021-02-23 15:55:38+01:00
0,0,0,0,0,0,2021-02-23 16:01:13+01:00
0,0,0,0,0,0,2021-02-23 16:01:51+01:00
1,2,0,0,0,0,2021-02-23 16:15:10+01:00
0,0,0,0,0,0,2021-02-23 16:18:57+01:00
0,0,0,0,0,0,2021-02-23 16:19:09+01:00
1,1,0,0,0,0,2021-02-23 17:38:37+01:00
1,0,0,0,0,0,2021-02-23 18:17:27+01:00
1,1,0,0,0,0,2021-02-24 10:40:12+01:00
0,0,0,0,0,0,2021-02-24 11:00:20+01:00
0,0,0,0,0,0,2021-02-24 11:00:29+01:00
2,1,0,0,0,0,2021-02-24 11:04:28+01:00
1,1,0,0,0,0,2021-02-24 11:28:19+01:00
1,0,0,0,0,0,2021-02-24 11:45:13+01:00
0,0,0,0,0,0,2021-02-24 11:47:11+01:00
0,0,0,0,0,0,2021-02-24 11:47:22+01:00
0,0,0,0,0,0,2021-02-24 14:15:43+01:00
0,0,0,0,0,0,2021-02-24 14:54:44+01:00
2,1,0,0,0,0,2021-02-24 15:34:26+01:00
1,1,0,0,0,0,2021-02-25 11:01:41+01:00
1,1,0,0,0,0,2021-02-25 11:02:45+01:00
0,0,0,0,0,0,2021-02-25 11:27:15+01:00
0,0,0,0,0,0,2021-02-25 11:28:22+01:00
2,2,0,0,0,0,2021-02-25 12:00:33+01:00
1,1,0,0,0,0,2021-02-25 13:32:51+01:00
1,1,0,0,0,0,2021-02-25 13:44:08+01:00
1,0,0,0,0,0,2021-02-25 14:03:24+01:00
2,2,0,0,0,0,2021-02-25 15:19:38+01:00
0,0,0,0,0,0,2021-02-25 15:21:29+01:00
0,0,0,0,0,0,2021-02-25 16:24:43+01:00
0,0,0,0,0,0,2021-02-26 11:27:43+01:00
0,0,0,0,0,0,2021-02-26 11:30:46+01:00
0,0,0,0,0,0,2021-02-26 11:36:44+01:00
0,0,0,0,0,0,2021-02-26 11:39:35+01:00
0,0,0,0,0,0,2021-02-26 11:44:55+01:00
0,0,0,0,0,0,2021-02-26 12:09:54+01:00
0,0,0,0,0,0,2021-02-26 12:12:40+01:00
0,0,0,0,0,0,2021-02-26 12:16:56+01:00
0,0,0,0,0,0,2021-02-26 12:21:02+01:00
0,0,0,0,0,0,2021-02-26 12:40:13+01:00
0,0,0,0,0,0,2021-02-26 12:43:24+01:00
0,0,0,0,0,0,2021-02-26 12:43:59+01:00
0,0,0,0,0,0,2021-02-26 12:44:32+01:00
0,0,0,0,0,0,2021-02-26 12:44:49+01:00
0,0,0,0,0,0,2021-02-26 12:53:47+01:00
0,0,0,0,0,0,2021-02-26 12:54:28+01:00
0,0,0,0,0,0,2021-02-26 14:24:13+01:00
0,0,0,0,0,0,2021-02-26 14:29:11+01:00
0,0,0,0,0,0,2021-02-26 14:34:37+01:00
3,2,0,0,0,0,2021-02-26 14:41:59+01:00
0,0,0,0,0,0,2021-02-26 14:42:24+01:00
0,0,0,0,0,0,2021-02-26 14:56:49+01:00
0,0,0,0,0,0,2021-02-26 14:57:34+01:00
0,0,0,0,0,0,2021-02-26 15:00:21+01:00
0,0,0,0,0,0,2021-02-26 15:07:56+01:00
0,0,0,0,0,0,2021-03-01 10:44:33+01:00
0,0,0,0,0,0,2021-03-01 10:57:05+01:00
0,0,0,0,0,0,2021-03-01 10:57:31+01:00
0,0,0,0,0,0,2021-03-01 11:17:57+01:00
0,0,0,0,0,0,2021-03-01 11:19:12+01:00
0,0,0,0,0,0,2021-03-01 11:20:02+01:00
0,0,0,0,0,0,2021-03-01 11:22:16+01:00
0,0,0,0,0,0,2021-03-01 11:23:38+01:00
0,0,0,0,0,0,2021-03-01 11:25:03+01:00
2,1,0,0,0,0,2021-03-01 12:25:16+01:00
0,0,0,0,0,0,2021-03-01 14:30:57+01:00
0,0,0,0,0,0,2021-03-01 14:38:37+01:00
0,0,0,0,0,0,2021-03-01 14:38:55+01:00
0,0,0,0,0,0,2021-03-01 14:42:35+01:00
0,0,0,0,0,0,2021-03-01 14:42:56+01:00
0,0,0,0,0,0,2021-03-01 14:53:28+01:00
254,1011,284,59,106,129,2021-03-01 14:57:31+01:00
0,0,0,0,0,0,2021-03-01 14:58:22+01:00
0,0,0,0,0,0,2021-03-01 15:13:15+01:00
0,0,0,0,0,0,2021-03-01 15:13:59+01:00
0,0,0,0,0,0,2021-03-01 15:20:51+01:00
0,0,0,0,0,0,2021-03-01 15:24:06+01:00
1,0,0,0,0,0,2021-03-01 15:24:30+01:00
0,0,0,0,0,0,2021-03-01 15:25:33+01:00
0,0,0,0,0,0,2021-03-01 15:25:35+01:00
0,0,0,0,0,0,2021-03-01 15:25:58+01:00
0,0,0,0,0,0,2021-03-01 15:26:21+01:00
511,767,238,0,80,0,2021-03-01 15:27:02+01:00
0,0,0,0,0,0,2021-03-01 15:27:08+01:00
511,767,238,0,80,0,2021-03-01 15:29:48+01:00
0,0,0,0,0,0,2021-03-01 15:31:35+01:00
0,0,0,0,0,0,2021-03-01 15:35:29+01:00
0,0,0,0,0,0,2021-03-01 15:37:06+01:00
1,1,0,0,0,0,2021-03-01 16:00:36+01:00
0,0,0,0,0,0,2021-03-01 16:06:22+01:00
0,0,0,0,0,0,2021-03-01 16:09:36+01:00
0,0,0,0,0,0,2021-03-01 16:24:28+01:00
0,0,0,0,0,0,2021-03-01 16:25:22+01:00
0,0,0,0,0,0,2021-03-01 16:26:54+01:00
0,0,0,0,0,0,2021-03-01 16:27:07+01:00
0,0,0,0,0,0,2021-03-01 16:29:35+01:00
0,0,0,0,0,0,2021-03-01 16:44:59+01:00
0,0,0,0,0,0,2021-03-01 16:46:26+01:00
0,0,0,0,0,0,2021-03-01 16:52:44+01:00
0,0,0,0,0,0,2021-03-01 17:08:17+01:00
2,1,0,0,0,0,2021-03-01 17:09:46+01:00
1,1,0,0,0,0,2021-03-02 09:42:52+01:00
0,0,0,0,0,0,2021-03-02 09:46:48+01:00
0,0,0,0,0,0,2021-03-02 11:23:03+01:00
0,0,0,0,0,0,2021-03-02 11:23:51+01:00
0,0,0,0,0,0,2021-03-02 11:48:36+01:00
0,0,0,0,0,0,2021-03-02 11:58:26+01:00
2,1,0,0,0,0,2021-03-02 14:54:17+01:00
0,0,0,0,0,0,2021-03-02 14:54:32+01:00
0,0,0,0,0,0,2021-03-02 15:30:48+01:00
0,0,0,0,0,0,2021-03-05 10:39:15+01:00
0,0,0,0,0,0,2021-03-05 10:39:50+01:00
0,0,0,0,0,0,2021-03-05 10:40:49+01:00
0,0,0,0,0,0,2021-03-05 11:05:44+01:00
0,0,0,0,0,0,2021-03-05 11:08:13+01:00
0,0,0,0,0,0,2021-03-05 11:25:47+01:00
0,0,0,0,0,0,2021-03-05 11:26:56+01:00
0,0,0,0,0,0,2021-03-05 11:38:00+01:00
0,0,0,0,0,0,2021-03-05 11:39:14+01:00
0,0,0,0,0,0,2021-03-05 10:56:10+00:00
0,0,0,0,0,0,2021-03-05 10:57:48+00:00
0,0,0,0,0,0,2021-03-05 14:19:38+01:00
0,0,0,0,0,0,2021-03-05 15:18:44+01:00
0,0,0,0,0,0,2021-03-05 15:19:13+01:00
0,0,0,0,0,0,2021-03-05 15:24:58+01:00
0,0,0,0,0,0,2021-03-05 17:48:48+01:00
0,0,0,0,0,0,2021-03-06 13:29:10+01:00
