Acquisition,Preparation,Modeling,Training,Evaluation,Prediction,time
0,2,1,1,1,1,2017-08-12 10:01:37-07:00
0,1,0,1,1,1,2017-08-12 10:23:14-07:00
0,0,0,0,0,0,2017-08-12 10:30:16-07:00
0,0,0,0,0,0,2017-08-12 10:31:36-07:00
0,0,0,0,0,0,2017-08-12 10:34:44-07:00
1,0,0,1,0,1,2017-08-15 10:21:30-07:00
0,0,0,0,0,0,2017-08-15 10:41:50-07:00
0,0,0,0,0,0,2017-08-15 11:01:39-07:00
0,0,0,0,0,0,2017-08-15 11:02:42-07:00
0,0,0,0,0,0,2017-08-15 11:03:39-07:00
0,1,1,2,0,2,2017-08-15 15:23:37-07:00
0,0,0,0,0,0,2017-08-15 15:28:35-07:00
0,0,0,0,0,0,2017-08-15 15:31:20-07:00
0,1,1,2,0,2,2017-08-16 11:08:15-07:00
0,0,0,0,0,0,2017-08-17 07:23:42-07:00
0,1,1,2,0,2,2017-08-17 09:19:57-07:00
0,1,1,1,0,1,2017-08-17 10:11:01-07:00
0,1,1,1,0,1,2017-08-17 10:14:01-07:00
0,1,1,1,0,1,2017-08-17 10:21:14-07:00
0,2,0,0,1,0,2017-08-17 12:07:48-07:00
0,1,1,2,1,2,2017-08-17 13:18:27-07:00
0,1,1,1,1,1,2017-08-17 14:42:24-07:00
0,2,0,0,2,0,2017-08-17 16:54:36-07:00
0,0,0,0,0,0,2017-08-17 17:27:21-07:00
0,2,0,0,2,0,2017-08-18 10:20:29-07:00
0,1,0,0,1,0,2017-08-18 12:34:04-07:00
0,0,0,0,0,0,2017-08-18 12:39:45-07:00
0,4,1,1,3,1,2017-08-18 13:17:16-07:00
0,2,0,0,2,0,2017-08-18 13:46:39-07:00
0,0,0,0,0,0,2017-08-21 08:28:27-07:00
0,0,0,0,0,0,2017-08-21 08:37:08-07:00
0,0,0,1,0,1,2017-08-21 08:52:31-07:00
0,0,0,0,0,0,2017-08-21 09:01:03-07:00
0,0,0,1,0,1,2017-08-21 09:10:07-07:00
0,1,0,0,1,0,2017-08-21 09:12:01-07:00
0,3,0,0,3,0,2017-08-21 12:21:58-07:00
0,1,1,1,0,1,2017-08-21 12:24:42-07:00
0,1,0,0,1,0,2017-08-21 12:29:34-07:00
0,0,0,0,0,0,2017-08-21 12:29:49-07:00
0,2,1,2,0,2,2017-08-24 10:01:20-07:00
0,2,1,2,0,2,2017-08-24 11:59:45-07:00
1,2,1,2,0,2,2017-08-24 20:36:21-07:00
1,2,1,2,0,2,2017-08-24 20:41:05-07:00
0,0,0,0,0,0,2017-09-01 10:43:42-07:00
0,1,0,1,1,0,2017-09-11 19:30:59-07:00
0,1,0,1,0,1,2017-09-11 19:31:42-07:00
0,0,0,0,0,0,2017-09-11 19:57:34-07:00
0,1,0,1,1,0,2017-09-11 20:04:51-07:00
0,1,0,1,1,0,2017-09-12 09:38:19-07:00
1,2,1,2,1,1,2017-09-12 09:40:59-07:00
2,7,0,0,0,4,2017-09-18 06:49:56-07:00
1,4,0,0,0,2,2017-09-18 09:41:24-07:00
1,1,0,0,0,1,2017-09-18 10:56:39-07:00
1,0,0,0,0,1,2017-09-18 11:57:52-07:00
0,1,0,1,0,1,2017-09-18 13:11:19-07:00
1,1,0,0,0,0,2017-09-18 13:15:16-07:00
0,0,0,0,0,0,2017-09-18 13:15:44-07:00
0,0,0,0,0,0,2017-09-18 13:20:11-07:00
0,0,0,0,0,0,2017-09-18 13:21:00-07:00
1,1,0,0,0,0,2017-09-18 13:22:29-07:00
1,0,0,0,0,0,2017-09-18 13:23:18-07:00
1,1,0,0,0,0,2017-09-18 15:00:33-07:00
3,3,0,0,0,2,2017-09-18 19:26:34-07:00
1,2,0,0,0,3,2017-09-19 15:40:39-07:00
0,0,0,0,0,0,2017-09-20 12:08:39-07:00
0,0,0,0,0,0,2017-09-20 13:36:00-07:00
0,0,0,0,0,0,2017-09-21 08:28:31-07:00
0,1,0,1,0,1,2017-09-21 10:23:19-07:00
0,3,0,0,0,3,2017-09-22 16:54:50-07:00
0,0,0,0,0,0,2017-09-23 11:23:35-07:00
2,2,0,0,0,2,2017-10-05 17:07:01-07:00
0,0,0,0,0,0,2017-10-16 17:43:19-07:00
0,0,0,0,0,0,2017-10-25 10:22:59-07:00
1,1,0,0,0,2,2017-11-01 20:51:08-07:00
0,0,0,0,0,0,2017-11-06 06:03:37-08:00
0,0,0,0,0,0,2017-11-28 09:59:06-08:00
0,0,0,0,0,0,2017-11-30 17:08:43-08:00
1,4,1,2,2,1,2017-12-15 13:42:24-08:00
0,2,0,0,1,0,2017-12-15 13:43:00-08:00
1,1,1,2,0,2,2017-12-15 13:43:26-08:00
0,2,0,1,1,1,2017-12-15 13:43:44-08:00
0,1,0,0,1,0,2017-12-15 13:54:26-08:00
0,0,0,1,0,1,2017-12-15 13:55:50-08:00
0,1,0,0,1,0,2017-12-15 14:08:00-08:00
0,0,0,0,0,0,2018-01-07 09:20:24-08:00
0,0,0,0,0,0,2018-01-19 15:44:40-08:00
0,4,0,2,2,2,2018-01-26 15:06:50-08:00
0,0,0,0,0,0,2018-01-30 05:45:53-08:00
0,0,0,0,0,0,2018-02-13 08:53:24-08:00
1,1,1,1,0,1,2018-02-13 15:45:57-08:00
0,0,0,0,0,0,2018-02-23 11:29:12-08:00
1,2,1,2,0,2,2018-02-23 12:08:50-08:00
0,0,0,0,0,0,2018-02-28 07:12:36-08:00
0,5,0,2,0,1,2018-03-13 09:43:11-07:00
0,0,0,0,0,0,2018-03-13 09:43:32-07:00
0,2,0,0,0,0,2018-03-13 09:56:09-07:00
0,0,0,2,0,0,2018-03-13 09:58:58-07:00
0,0,0,0,0,0,2018-03-14 16:32:11-07:00
0,0,0,0,0,0,2018-03-19 21:43:46-07:00
2,2,2,1,0,1,2018-03-20 12:02:39-07:00
0,0,0,0,0,0,2018-03-20 12:02:54-07:00
1,1,1,1,0,1,2018-03-20 12:08:13-07:00
1,1,0,0,1,0,2018-03-21 13:08:45-07:00
0,0,0,0,0,0,2018-03-23 21:27:00-07:00
0,0,0,0,0,0,2018-04-03 09:11:40-07:00
0,1,0,0,1,0,2018-04-06 16:57:55-07:00
0,1,0,0,1,0,2018-04-06 17:04:40-07:00
1,1,0,0,1,0,2018-04-06 17:07:01-07:00
0,1,0,0,1,0,2018-04-06 17:39:54-07:00
0,0,0,0,0,0,2018-04-13 10:32:07-07:00
0,2,0,0,2,0,2018-04-19 13:24:28-07:00
1,2,0,0,2,0,2018-04-19 13:25:56-07:00
0,0,0,0,0,0,2018-04-19 13:32:53-07:00
0,0,0,0,0,0,2018-04-19 15:24:32-07:00
0,0,0,0,0,0,2018-04-30 07:19:53-07:00
0,0,0,0,0,0,2018-05-08 11:35:24-07:00
0,0,0,0,0,0,2018-05-21 13:57:37-07:00
0,0,0,0,0,0,2018-05-21 14:32:03-07:00
0,0,0,0,0,0,2018-05-25 02:15:13-07:00
0,1,0,2,0,2,2018-05-27 15:39:37-07:00
0,0,0,0,0,0,2018-06-04 14:00:42-07:00
0,0,0,0,0,0,2018-06-11 08:59:44-07:00
0,5,0,0,0,1,2018-06-14 14:02:39-07:00
0,0,0,0,0,0,2018-06-14 14:03:26-07:00
0,1,0,0,0,0,2018-06-14 15:00:00-07:00
1,1,0,0,1,0,2018-06-14 22:55:45-07:00
4,7,2,4,3,4,2018-06-14 22:56:16-07:00
1,1,1,2,0,2,2018-06-14 22:57:41-07:00
0,1,0,0,1,0,2018-06-14 22:58:41-07:00
0,0,0,0,0,0,2018-06-14 22:59:07-07:00
0,1,0,0,0,1,2018-06-21 15:18:25-07:00
2,3,0,1,0,1,2018-06-24 23:47:53-07:00
0,0,0,0,0,0,2018-06-24 23:48:30-07:00
0,0,0,0,0,0,2018-06-24 23:49:06-07:00
4,4,3,1,0,1,2018-07-01 09:36:17-07:00
0,0,0,0,0,0,2018-07-01 09:47:07-07:00
0,0,0,0,0,0,2018-07-05 06:05:29-07:00
1,1,1,0,0,0,2018-07-10 09:58:53-07:00
0,1,0,0,1,0,2018-07-10 21:17:19-07:00
1,2,1,1,0,0,2018-07-10 21:18:50-07:00
0,0,0,0,0,0,2018-07-10 21:19:28-07:00
0,0,0,0,0,0,2018-07-10 23:24:41-07:00
1,3,1,4,3,3,2018-07-10 23:44:36-07:00
0,0,0,1,1,1,2018-07-11 09:39:09-07:00
0,2,0,0,0,0,2018-07-12 14:36:34-07:00
0,2,0,0,0,0,2018-07-12 15:15:03-07:00
0,1,0,1,0,1,2018-07-12 15:16:58-07:00
1,1,0,0,0,0,2018-07-13 13:58:14-07:00
0,1,0,0,1,0,2018-07-13 13:59:30-07:00
0,1,0,0,1,1,2018-07-13 13:59:50-07:00
0,1,0,1,1,1,2018-07-13 14:00:16-07:00
1,1,1,1,0,0,2018-07-13 14:00:30-07:00
2,1,0,1,0,0,2018-07-13 14:01:43-07:00
0,1,0,0,0,0,2018-07-13 14:02:09-07:00
1,0,0,0,0,0,2018-07-13 14:09:16-07:00
2,2,1,2,0,0,2018-07-13 14:17:50-07:00
0,0,0,0,0,0,2018-07-16 21:26:43-07:00
0,0,0,0,0,0,2018-07-24 19:53:27-07:00
0,3,0,0,0,0,2018-07-24 21:34:00-07:00
0,5,0,0,0,0,2018-07-25 14:28:04-07:00
0,4,0,1,1,1,2018-07-25 15:03:52-07:00
2,2,2,1,1,1,2018-08-02 19:32:16-07:00
1,3,0,0,2,0,2018-08-03 11:34:40-07:00
0,0,0,0,0,0,2018-08-03 21:38:31-07:00
0,4,0,1,3,1,2018-08-05 18:14:55-07:00
0,0,0,0,0,0,2018-08-05 18:18:53-07:00
2,2,2,1,1,1,2018-08-28 12:11:01-07:00
0,1,0,0,0,0,2018-09-09 23:01:18-07:00
0,1,0,0,0,0,2018-09-16 00:36:21-07:00
0,0,0,0,0,0,2018-10-28 21:54:04-07:00
0,0,0,0,0,0,2018-11-27 13:38:33-08:00
1,1,1,0,0,0,2018-11-27 13:50:06-08:00
1,2,1,0,2,0,2018-12-09 20:30:05-08:00
1,2,1,0,2,0,2018-12-09 23:00:09-08:00
0,0,0,0,0,0,2018-12-10 08:39:07-08:00
1,3,0,1,2,0,2018-12-10 15:53:36-08:00
0,0,0,0,0,0,2018-12-10 15:54:52-08:00
1,2,1,0,2,0,2018-12-11 11:24:40-08:00
2,2,1,0,1,0,2019-01-24 15:14:26-08:00
1,1,1,0,1,0,2019-01-24 17:26:43-08:00
0,0,0,0,0,0,2019-01-24 17:27:01-08:00
1,1,1,0,1,0,2019-01-24 17:30:31-08:00
3,4,1,2,3,2,2019-01-25 11:39:06-08:00
0,0,0,0,0,0,2019-01-25 11:39:29-08:00
1,1,0,1,0,1,2019-01-30 19:39:02-08:00
1,1,0,1,0,1,2019-01-30 20:09:11-08:00
1,2,1,1,1,1,2019-02-05 20:42:50-08:00
1,1,0,0,0,0,2019-02-11 13:41:24-08:00
0,0,0,0,0,0,2019-03-27 08:45:02-07:00
0,0,0,0,0,0,2019-03-27 08:52:44-07:00
1,1,0,0,0,0,2019-03-27 09:23:20-07:00
0,0,0,0,0,0,2019-04-09 10:39:47-07:00
0,0,0,0,0,0,2019-05-23 06:51:40-07:00
0,0,0,0,0,1,2019-08-06 08:20:47-07:00
1,1,0,0,0,1,2019-08-07 03:33:02-07:00
1,1,0,0,0,1,2019-08-07 08:06:02-07:00
2,1,0,0,0,1,2019-08-07 15:11:36-07:00
1,1,0,0,0,1,2019-08-08 06:37:34-07:00
2,2,0,0,0,1,2019-08-09 04:04:39-07:00
1,0,0,0,0,0,2019-08-09 04:50:01-07:00
1,1,0,0,0,0,2019-08-09 04:52:39-07:00
0,0,0,0,0,0,2019-08-09 04:58:59-07:00
0,0,0,0,0,0,2019-08-10 09:06:56+01:00
0,0,0,0,0,0,2019-08-10 06:38:41-07:00
0,0,0,0,0,0,2019-08-10 10:05:33-07:00
0,0,0,0,0,0,2019-08-10 11:10:59-07:00
0,0,0,0,0,0,2019-08-10 11:12:11-07:00
0,0,0,0,0,0,2019-09-02 22:40:34+00:00
0,0,0,0,0,0,2019-09-02 22:41:16+00:00
0,0,0,0,0,0,2019-09-02 22:41:34+00:00
0,0,0,0,0,0,2019-09-02 15:52:48-07:00
0,0,0,0,0,0,2019-09-02 15:52:57-07:00
0,0,0,0,0,0,2019-09-02 15:53:08-07:00
0,0,0,0,0,0,2019-09-02 22:54:14+00:00
0,0,0,0,0,0,2019-09-02 16:06:08-07:00
0,0,0,0,0,0,2019-09-02 16:07:52-07:00
0,0,0,0,0,0,2019-09-02 16:18:35-07:00
0,0,0,0,0,0,2019-09-02 16:19:03-07:00
0,0,0,0,0,0,2019-09-02 16:24:57-07:00
0,0,0,0,0,0,2019-09-02 20:35:43-07:00
12,21,7,5,3,8,2019-09-02 20:58:29-07:00
0,0,0,0,0,0,2019-09-02 21:02:58-07:00
0,0,0,0,0,0,2019-09-02 21:06:21-07:00
2,6,0,1,2,3,2019-09-02 21:09:57-07:00
0,0,0,0,0,0,2019-09-02 21:10:21-07:00
2,5,0,1,2,2,2019-09-02 21:17:49-07:00
1,1,0,0,0,0,2019-09-02 23:46:24-07:00
0,0,0,0,0,0,2019-09-03 00:57:08-07:00
0,0,0,0,0,0,2019-09-03 15:30:31+00:00
0,0,0,0,0,0,2019-09-03 15:30:49+00:00
0,0,0,0,0,0,2019-09-03 15:31:09+00:00
0,0,0,0,0,0,2019-09-03 08:32:00-07:00
0,0,0,0,0,0,2019-09-03 08:32:10-07:00
0,0,0,0,0,0,2019-09-03 08:32:21-07:00
0,0,0,0,0,0,2019-09-03 08:46:47-07:00
0,0,0,0,0,0,2019-09-03 09:07:39-07:00
2,2,0,0,0,1,2019-09-05 15:02:42-07:00
0,0,0,0,0,0,2019-09-05 15:19:37-07:00
0,0,0,0,0,0,2019-09-09 19:54:13+00:00
0,0,0,0,0,0,2019-09-09 19:54:23+00:00
0,0,0,0,0,0,2019-09-09 19:54:45+00:00
0,0,0,0,0,0,2019-09-09 12:54:51-07:00
0,0,0,0,0,0,2019-09-09 12:55:00-07:00
0,0,0,0,0,0,2019-09-09 12:55:08-07:00
1,0,0,0,0,0,2019-09-09 14:35:08-07:00
0,0,0,0,0,0,2019-09-13 15:16:54+00:00
0,0,0,0,0,0,2019-09-15 17:21:31-07:00
0,0,0,0,0,0,2019-09-16 18:22:17+00:00
0,0,0,0,0,0,2019-09-18 17:48:48+00:00
0,0,0,0,0,0,2019-09-23 19:22:46+00:00
0,0,0,0,0,0,2019-09-24 09:32:30-07:00
0,0,0,0,0,0,2019-09-24 09:32:45-07:00
0,0,0,0,0,0,2019-09-24 09:33:19-07:00
2,2,2,1,0,1,2019-09-24 09:34:32-07:00
0,0,0,0,0,0,2019-09-24 09:34:47-07:00
0,0,0,0,0,0,2019-09-25 17:36:54+00:00
0,0,0,0,0,0,2019-09-30 23:54:23+00:00
0,0,0,0,0,0,2019-10-02 01:15:30+00:00
0,0,0,0,0,0,2019-10-02 01:15:49+00:00
0,0,0,0,0,0,2019-10-02 10:08:32-07:00
0,0,0,0,0,0,2019-10-02 10:08:44-07:00
0,0,0,0,0,0,2019-10-02 10:08:58-07:00
0,0,0,0,0,0,2019-10-02 10:09:14-07:00
0,0,0,0,0,0,2019-10-02 17:10:02+00:00
1,1,0,0,0,0,2019-10-02 10:40:42-07:00
0,0,0,0,0,0,2019-10-02 11:00:33-07:00
1,0,0,0,0,1,2019-10-02 11:06:20-07:00
0,0,0,0,0,0,2019-10-03 02:14:19+00:00
0,0,0,0,0,0,2019-10-03 02:14:42+00:00
0,0,0,0,0,0,2019-10-02 20:04:31-07:00
0,0,0,0,0,0,2019-10-02 20:04:59-07:00
0,0,0,0,0,0,2019-10-02 20:05:06-07:00
0,0,0,0,0,0,2019-10-03 15:55:10+00:00
0,0,0,0,0,0,2019-10-03 10:28:13-07:00
0,0,0,0,0,0,2019-10-04 19:48:09+00:00
0,0,0,0,0,0,2019-10-04 19:48:30+00:00
0,0,0,0,0,0,2019-10-04 12:48:50-07:00
0,0,0,0,0,0,2019-10-04 12:49:00-07:00
0,0,0,0,0,0,2019-10-07 23:15:28+00:00
0,0,0,0,0,0,2019-10-07 23:15:54+00:00
0,0,0,0,0,0,2019-10-07 23:16:11+00:00
0,0,0,0,0,0,2019-10-17 05:10:15+00:00
0,0,0,0,0,0,2019-10-16 22:18:31-07:00
0,0,0,0,0,0,2019-10-16 22:18:44-07:00
0,0,0,0,0,0,2019-10-16 22:19:10-07:00
0,0,0,0,0,0,2019-10-16 22:19:19-07:00
0,0,0,0,0,0,2019-10-16 22:19:32-07:00
0,0,0,0,0,0,2019-10-17 06:17:54-07:00
0,0,0,0,0,0,2019-10-17 06:18:05-07:00
0,0,0,0,0,0,2019-10-17 17:24:07+00:00
0,0,0,0,0,0,2019-10-21 13:30:55+00:00
0,0,0,0,0,0,2019-10-21 08:29:12-07:00
0,0,0,0,0,0,2019-10-21 08:29:22-07:00
0,0,0,0,0,0,2019-10-25 13:46:49+00:00
0,0,0,0,0,0,2019-10-30 09:32:35-07:00
0,0,0,0,0,0,2019-11-04 14:21:34+00:00
0,0,0,0,0,0,2019-11-04 07:13:19-08:00
0,0,0,0,0,0,2019-11-11 13:16:34+00:00
0,0,0,0,0,0,2019-11-12 13:27:55+00:00
0,0,0,0,0,0,2019-11-12 07:56:43-08:00
0,0,0,0,0,0,2019-11-12 07:57:10-08:00
0,0,0,0,0,0,2019-11-12 07:57:17-08:00
0,0,0,0,0,0,2019-11-12 08:00:49-08:00
0,0,0,0,0,0,2019-11-18 13:16:57+00:00
0,0,0,0,0,0,2019-11-18 13:17:20+00:00
0,0,0,0,0,0,2019-11-19 00:48:41+08:00
0,0,0,0,0,0,2019-11-19 00:48:54+08:00
0,0,0,0,0,0,2019-11-18 08:50:05-08:00
0,0,0,0,0,0,2019-11-20 13:40:01+00:00
0,0,0,0,0,0,2019-11-20 05:47:57-08:00
0,0,0,0,0,0,2019-11-25 13:17:28+00:00
0,0,0,0,0,0,2019-11-27 13:35:55+00:00
0,0,0,0,0,0,2019-12-02 06:54:43-08:00
0,0,0,0,0,0,2019-12-02 06:54:53-08:00
0,0,0,0,0,0,2019-12-03 13:43:37+00:00
0,0,0,0,0,0,2019-12-03 13:53:40+00:00
0,0,0,0,0,0,2019-12-04 13:33:17+00:00
0,0,0,0,0,0,2019-12-04 13:33:41+00:00
0,0,0,0,0,0,2019-12-04 13:39:54+00:00
0,0,0,0,0,0,2019-12-04 13:44:27+00:00
0,0,0,0,0,0,2019-12-10 13:38:02+00:00
0,0,0,0,0,0,2019-12-10 13:44:03+00:00
0,0,0,0,0,0,2019-12-10 13:45:18+00:00
0,0,0,0,0,0,2019-12-16 13:17:51+00:00
0,0,0,0,0,0,2019-12-16 13:28:37+00:00
0,0,0,0,0,0,2019-12-16 13:29:55+00:00
0,0,0,0,0,0,2019-12-17 08:22:30+08:00
0,0,0,0,0,0,2019-12-17 08:23:05+08:00
3,3,3,0,1,0,2019-12-16 16:54:49-08:00
1,1,1,3,0,3,2019-12-16 16:57:43-08:00
0,0,0,1,0,1,2019-12-16 16:58:31-08:00
0,2,0,0,2,0,2019-12-16 17:03:30-08:00
0,1,0,0,0,0,2019-12-16 17:09:44-08:00
0,0,0,0,0,0,2019-12-20 13:30:25+00:00
0,0,0,0,0,0,2019-12-23 13:17:03+00:00
0,0,0,0,0,0,2019-12-23 13:17:04+00:00
0,0,0,0,0,0,2019-12-23 13:17:39+00:00
0,0,0,0,0,0,2019-12-23 16:17:17-08:00
0,0,0,0,0,0,2019-12-23 16:17:45-08:00
0,0,0,0,0,0,2019-12-23 16:17:55-08:00
0,0,0,0,0,0,2019-12-23 16:18:28-08:00
0,0,0,0,0,0,2019-12-23 16:18:37-08:00
0,0,0,0,0,0,2019-12-23 16:22:27-08:00
0,0,0,0,0,0,2019-12-31 13:44:21+00:00
0,0,0,0,0,0,2019-12-31 13:50:40+00:00
0,0,0,0,0,0,2020-01-03 13:41:36+00:00
0,0,0,0,0,0,2020-01-03 13:46:36+00:00
0,0,0,0,0,0,2020-01-06 13:16:15+00:00
0,0,0,0,0,0,2020-01-06 13:21:31+00:00
0,0,0,0,0,0,2020-01-07 13:31:09+00:00
0,0,0,0,0,0,2020-01-07 13:36:56+00:00
0,0,0,0,0,0,2020-01-09 13:23:53+00:00
0,0,0,0,0,0,2020-01-09 13:30:04+00:00
0,0,0,0,0,0,2020-01-13 13:18:48+00:00
0,0,0,0,0,0,2020-01-13 13:19:10+00:00
0,0,0,0,0,0,2020-01-13 13:26:28+00:00
0,0,0,0,0,0,2020-01-13 13:32:33+00:00
0,0,0,0,0,0,2020-01-17 13:17:31+00:00
0,0,0,0,0,0,2020-01-17 13:24:09+00:00
0,0,0,0,0,0,2020-01-21 13:33:02+00:00
0,0,0,0,0,0,2020-01-21 13:40:46+00:00
0,0,0,0,0,0,2020-01-30 13:25:24+00:00
0,0,0,0,0,0,2020-01-30 13:34:16+00:00
0,0,0,0,0,0,2020-02-06 13:25:38+00:00
0,0,0,0,0,0,2020-02-06 13:32:34+00:00
0,0,0,0,0,0,2020-02-12 13:25:04+00:00
0,0,0,0,0,0,2020-02-12 13:32:33+00:00
0,0,0,0,0,0,2020-02-12 13:33:46+00:00
0,0,0,0,0,0,2020-02-12 13:43:25+00:00
0,0,0,0,0,0,2020-02-17 13:15:52+00:00
0,0,0,0,0,0,2020-02-17 13:23:45+00:00
0,0,0,0,0,0,2020-02-17 17:01:12-08:00
0,0,0,0,0,0,2020-02-17 17:01:27-08:00
1,1,1,0,0,1,2020-02-17 17:03:55-08:00
0,0,0,0,0,0,2020-02-17 17:13:05-08:00
1,1,1,0,0,1,2020-02-17 17:21:12-08:00
0,0,0,0,0,0,2020-02-26 07:49:51-08:00
0,0,0,0,0,0,2020-03-02 13:17:31+00:00
0,0,0,0,0,0,2020-03-02 13:25:04+00:00
0,0,0,0,0,0,2020-03-04 13:15:19+00:00
0,0,0,0,0,0,2020-03-04 13:22:38+00:00
0,0,0,0,0,0,2020-03-13 13:13:27+00:00
0,0,0,0,0,0,2020-03-13 13:21:42+00:00
0,0,0,0,0,0,2020-03-16 13:14:57+00:00
0,0,0,0,0,0,2020-03-16 13:15:40+00:00
0,0,0,0,0,0,2020-03-16 13:21:46+00:00
0,0,0,0,0,0,2020-03-16 13:28:00+00:00
0,0,0,0,0,0,2020-03-17 13:14:56+00:00
0,0,0,0,0,0,2020-03-17 13:22:45+00:00
0,0,0,0,0,0,2020-03-18 13:15:24+00:00
0,0,0,0,0,0,2020-03-18 13:22:35+00:00
0,0,0,0,0,0,2020-03-19 13:15:17+00:00
0,0,0,0,0,0,2020-03-19 13:22:19+00:00
0,0,0,0,0,0,2020-03-30 13:14:50+00:00
0,0,0,0,0,0,2020-03-30 13:19:24+00:00
0,0,0,0,0,0,2020-04-02 13:16:28+00:00
0,0,0,0,0,0,2020-04-02 13:20:23+00:00
0,0,0,0,0,0,2020-04-03 13:14:35+00:00
1,0,0,0,0,1,2020-04-03 09:22:24-07:00
0,0,0,0,0,0,2020-04-03 09:27:06-07:00
0,0,0,0,0,0,2020-04-07 13:14:31+00:00
0,0,0,0,0,0,2020-04-07 13:18:46+00:00
0,0,0,0,0,0,2020-04-13 13:15:08+00:00
0,0,0,0,0,0,2020-04-13 13:19:44+00:00
0,0,0,0,0,0,2020-04-20 13:15:53+00:00
0,0,0,0,0,0,2020-04-20 13:21:16+00:00
0,0,0,0,0,0,2020-04-30 13:15:01+00:00
0,0,0,0,0,0,2020-04-30 13:19:48+00:00
0,0,0,0,0,0,2020-05-04 13:15:15+00:00
0,0,0,0,0,0,2020-05-04 13:15:27+00:00
0,0,0,0,0,0,2020-05-04 13:19:39+00:00
0,0,0,0,0,0,2020-05-04 13:21:47+00:00
0,0,0,0,0,0,2020-05-05 06:28:02-07:00
0,0,0,0,0,0,2020-05-05 06:28:33-07:00
