Acquisition,Preparation,Modeling,Training,Evaluation,Prediction,time
0,0,0,0,0,0,2018-07-07 19:28:48+12:00
0,0,0,0,0,0,2018-08-09 23:43:59+12:00
0,0,0,0,0,0,2018-08-09 23:44:23+12:00
0,0,0,0,0,0,2018-08-12 15:03:01+12:00
0,0,0,0,0,0,2018-08-12 15:36:42+12:00
0,0,0,0,0,0,2018-08-12 15:37:18+12:00
0,0,0,0,0,0,2018-08-12 15:37:40+12:00
0,0,0,0,0,0,2018-08-12 15:38:37+12:00
0,0,0,0,0,0,2018-08-12 15:40:16+12:00
0,0,0,0,0,0,2018-08-13 08:40:49+12:00
0,0,0,0,0,0,2018-08-13 08:41:11+12:00
0,0,0,0,0,0,2018-08-13 08:41:54+12:00
0,0,0,0,0,0,2018-08-13 08:42:19+12:00
0,0,0,0,0,0,2018-08-13 08:42:48+12:00
0,1,0,0,0,0,2018-08-13 08:43:29+12:00
0,0,0,0,0,0,2018-08-13 08:48:52+12:00
0,0,0,0,0,0,2018-08-13 08:49:12+12:00
1,1,0,0,0,0,2018-08-13 08:50:45+12:00
0,0,0,0,0,0,2018-08-13 08:52:42+12:00
0,0,0,0,0,0,2018-08-13 08:54:02+12:00
0,0,0,0,0,0,2018-08-15 11:14:40+12:00
0,0,0,0,0,0,2018-08-15 11:20:52+12:00
0,0,0,0,0,0,2018-08-15 11:25:03+12:00
0,0,0,0,0,0,2018-08-15 22:24:13+12:00
0,0,0,0,0,0,2018-08-15 22:24:36+12:00
0,0,0,0,0,0,2018-08-15 22:45:12+12:00
0,0,0,0,0,0,2018-08-15 22:45:40+12:00
0,0,0,0,0,0,2018-08-15 22:46:09+12:00
0,1,0,0,0,0,2018-08-15 22:47:00+12:00
0,0,0,0,0,0,2018-08-16 10:17:32+12:00
0,0,0,0,0,0,2018-08-16 10:17:51+12:00
0,0,0,0,0,0,2018-08-16 10:18:23+12:00
0,0,0,0,0,0,2018-08-16 10:33:10+12:00
0,0,0,0,0,0,2018-08-16 10:40:27+12:00
0,0,0,0,0,0,2018-08-16 10:41:33+12:00
0,0,0,0,0,0,2018-08-16 10:54:23+12:00
0,0,0,0,0,0,2018-08-16 10:57:15+12:00
0,0,0,0,0,0,2018-08-16 23:02:41+12:00
0,0,0,0,0,0,2018-08-16 23:06:47+12:00
0,0,0,0,0,0,2018-08-16 23:06:55+12:00
1,1,0,0,0,0,2018-08-17 10:05:26+12:00
0,0,0,0,0,0,2018-08-17 10:06:03+12:00
0,0,0,0,0,0,2018-08-17 10:09:36+12:00
0,0,0,0,0,0,2018-08-19 02:27:02+12:00
1,1,0,0,0,0,2018-08-19 02:27:34+12:00
0,1,0,0,0,0,2018-08-19 02:28:22+12:00
0,1,0,0,0,0,2018-08-19 02:30:29+12:00
0,0,0,0,0,0,2018-08-19 21:57:43+12:00
1,2,0,0,0,0,2018-08-19 21:58:35+12:00
0,0,0,0,0,0,2018-08-21 00:57:45+12:00
1,1,0,0,0,0,2018-08-21 00:58:46+12:00
0,1,0,0,0,0,2018-08-21 00:59:13+12:00
0,0,0,0,0,0,2019-02-02 12:25:39+13:00
