Acquisition,Preparation,Modeling,Training,Evaluation,Prediction,time
0,0,0,0,0,0,2017-12-13 10:37:38+08:00
1,1,1,1,1,1,2017-12-13 10:39:52+08:00
2,2,2,1,1,1,2017-12-14 17:58:09+08:00
4,4,4,3,1,2,2018-01-20 13:27:41+08:00
1,1,1,1,1,1,2018-01-20 14:41:46+08:00
0,0,0,0,0,0,2018-01-23 21:07:08+08:00
3,3,3,2,1,1,2018-01-27 11:30:49+08:00
3,3,3,2,1,1,2018-01-27 11:38:07+08:00
2,2,2,2,1,1,2018-01-27 13:36:39+08:00
2,2,2,2,1,2,2018-01-29 12:10:05+08:00
1,1,1,1,1,1,2018-01-29 15:34:08+08:00
3,2,1,1,1,1,2018-01-30 17:12:42+08:00
1,0,0,0,0,0,2018-01-30 17:15:14+08:00
3,3,2,2,1,1,2018-01-30 17:49:15+08:00
2,2,1,1,1,1,2018-01-30 23:15:47+08:00
2,2,1,1,1,1,2018-01-31 15:41:59+08:00
1,1,1,1,1,1,2018-01-31 15:47:49+08:00
1,1,1,1,1,1,2018-01-31 15:52:01+08:00
1,1,1,1,1,1,2018-01-31 16:45:45+08:00
1,1,1,1,1,1,2018-01-31 16:48:00+08:00
0,0,0,0,0,0,2018-01-31 16:48:59+08:00
1,1,1,1,1,1,2018-01-31 16:51:37+08:00
1,1,1,1,1,1,2018-01-31 16:56:59+08:00
1,1,1,1,1,1,2018-01-31 17:08:34+08:00
1,1,1,1,1,1,2018-01-31 17:16:39+08:00
1,1,1,1,1,1,2018-01-31 17:49:51+08:00
1,1,1,1,1,1,2018-01-31 18:18:59+08:00
1,1,1,1,1,1,2018-01-31 18:40:22+08:00
2,2,1,1,1,1,2018-02-01 11:01:34+08:00
1,1,0,0,0,0,2018-02-01 11:04:05+08:00
2,2,1,1,1,1,2018-02-01 11:09:19+08:00
2,2,1,1,1,1,2018-02-01 11:20:24+08:00
2,2,1,1,1,1,2018-02-01 11:25:08+08:00
1,1,0,0,0,0,2018-02-01 11:56:33+08:00
1,1,0,0,0,0,2018-02-01 12:01:30+08:00
1,1,0,0,0,0,2018-02-01 12:03:58+08:00
2,2,1,1,1,1,2018-02-01 12:07:17+08:00
2,2,1,1,1,1,2018-02-01 13:08:59+08:00
2,2,1,1,1,1,2018-02-01 13:10:54+08:00
1,1,1,1,1,1,2018-02-01 19:35:19+08:00
1,1,1,1,1,1,2018-02-01 23:56:01+08:00
1,1,1,1,1,1,2018-02-02 00:04:37+08:00
2,2,1,1,1,1,2018-02-02 00:40:21+08:00
1,1,0,0,0,0,2018-02-02 00:46:30+08:00
1,1,1,1,1,1,2018-02-02 08:46:37+08:00
1,1,1,1,1,1,2018-02-02 08:50:27+08:00
1,2,0,0,0,0,2018-02-02 14:43:06+08:00
2,3,1,1,1,1,2018-02-02 17:05:40+08:00
1,1,1,1,1,1,2018-02-02 17:06:24+08:00
1,1,1,1,1,1,2018-02-02 17:13:16+08:00
1,1,1,1,1,1,2018-02-02 17:30:53+08:00
1,1,1,1,1,1,2018-02-05 16:55:02+08:00
