Acquisition,Preparation,Modeling,Training,Evaluation,Prediction,time
0,1,0,0,0,0,2018-03-01 11:29:52+03:00
0,1,0,0,0,0,2018-03-01 12:19:51+03:00
0,1,0,0,0,0,2018-03-06 12:41:05+03:00
0,1,0,0,0,0,2018-03-06 15:01:41+03:00
0,2,0,1,0,0,2018-03-06 15:19:13+03:00
0,0,0,0,0,0,2018-03-06 16:09:46+03:00
0,1,0,1,0,1,2018-03-06 16:19:00+03:00
0,0,0,0,0,0,2018-03-06 16:39:51+03:00
0,0,0,0,0,0,2018-03-06 16:45:38+03:00
0,1,0,0,0,0,2018-03-07 12:11:53+03:00
0,1,0,0,0,0,2018-03-07 12:31:14+03:00
0,1,0,0,0,0,2018-03-12 11:49:02+03:00
0,1,0,0,0,0,2018-03-12 12:03:21+03:00
0,1,0,0,0,0,2018-03-12 15:35:04+03:00
0,1,0,0,0,0,2018-03-13 11:05:48+03:00
0,1,0,0,0,0,2018-03-13 11:25:02+03:00
0,1,0,1,0,1,2018-03-12 17:45:52+03:00
0,1,0,0,0,0,2018-03-13 08:45:25+03:00
0,1,0,1,0,1,2018-03-13 08:48:05+03:00
0,1,0,1,0,1,2018-03-22 14:33:41+03:00
0,1,0,0,0,0,2018-03-22 16:04:32+03:00
0,0,0,0,0,0,2018-03-22 16:12:30+03:00
0,0,0,0,0,0,2018-03-22 16:20:10+03:00
0,0,0,0,0,0,2018-03-22 16:22:55+03:00
0,1,0,1,0,1,2018-03-23 11:58:56+03:00
0,1,0,1,0,0,2018-03-23 12:30:19+03:00
0,1,0,1,0,0,2018-03-23 12:53:28+03:00
0,1,0,1,0,0,2018-03-23 12:55:24+03:00
0,2,0,1,0,0,2018-03-23 16:55:48+03:00
0,0,0,0,0,0,2018-03-23 20:27:09+03:00
0,1,0,1,0,0,2018-03-23 15:10:08+03:00
0,1,0,1,0,0,2018-03-23 15:27:46+03:00
0,1,0,0,0,0,2018-03-24 18:01:53+03:00
0,1,0,1,0,0,2018-03-24 20:47:46+03:00
0,1,0,1,0,1,2018-03-24 21:20:37+03:00
0,1,0,1,0,1,2018-03-25 10:43:34+03:00
0,1,0,1,0,1,2018-03-28 09:43:05+03:00
0,0,0,0,0,0,2018-03-28 11:09:52+03:00
0,2,0,0,0,0,2018-04-06 13:07:23+03:00
0,0,0,0,0,0,2018-04-06 15:06:56+03:00
0,2,0,0,0,0,2018-04-25 09:21:23+03:00
0,0,0,0,0,0,2018-04-25 09:21:46+03:00
0,0,0,0,0,0,2018-04-25 11:21:38+03:00
0,1,0,0,0,0,2018-04-25 12:25:37+03:00
0,0,0,0,0,0,2018-04-25 12:26:30+03:00
0,0,0,0,0,0,2018-04-25 12:29:46+03:00
0,1,0,0,0,0,2018-05-03 11:30:28+03:00
0,0,0,0,0,0,2018-05-03 12:59:23+03:00
0,0,0,0,0,0,2018-05-03 15:00:59+03:00
0,0,0,0,0,0,2018-05-03 15:02:39+03:00
0,2,0,0,0,0,2018-05-14 18:23:09+03:00
0,0,0,0,0,0,2018-05-14 18:23:20+03:00
0,0,0,0,0,0,2018-05-15 12:47:52+03:00
0,1,0,0,0,0,2018-05-21 17:11:20+03:00
0,1,0,0,0,0,2018-05-21 17:11:38+03:00
0,0,0,0,0,0,2018-05-21 17:12:00+03:00
0,0,0,0,0,0,2018-05-21 17:42:49+03:00
0,2,0,0,0,0,2018-05-28 14:44:37+03:00
0,1,0,0,0,0,2018-05-28 15:35:50+03:00
0,0,0,0,0,0,2018-05-28 15:36:15+03:00
0,0,0,0,0,0,2018-05-28 16:17:13+03:00
0,2,0,0,0,0,2018-06-05 16:42:29+03:00
0,0,0,0,0,0,2018-06-05 16:55:41+03:00
0,0,0,0,0,0,2018-06-05 17:16:33+03:00
0,2,0,0,0,0,2018-06-07 17:11:25+03:00
0,0,0,0,0,0,2018-06-07 17:11:52+03:00
0,0,0,0,0,0,2018-06-07 18:29:27+03:00
0,2,0,0,0,0,2018-06-09 12:19:48+03:00
0,1,0,0,0,0,2018-06-09 14:31:33+03:00
0,0,0,0,0,0,2018-06-09 14:45:32+03:00
0,0,0,0,0,0,2018-06-09 15:18:35+03:00
0,0,0,0,0,0,2018-06-09 15:18:55+03:00
0,2,0,0,0,0,2018-06-14 10:23:21+03:00
0,0,0,0,0,0,2018-06-14 11:11:15+03:00
0,0,0,0,0,0,2018-06-14 15:12:52+03:00
0,0,0,0,0,0,2018-07-02 10:59:15+03:00
0,0,0,0,0,0,2018-07-22 16:39:55+03:00
0,0,0,0,0,0,2019-01-09 17:35:54+03:00
0,0,0,0,0,0,2019-01-09 19:24:21+03:00
0,0,0,0,0,0,2019-01-09 19:28:20+03:00
0,0,0,0,0,0,2019-01-09 19:31:47+03:00
0,0,0,0,0,0,2019-01-09 19:35:34+03:00
0,0,0,0,0,0,2019-01-13 19:02:36+03:00
0,1,0,0,0,0,2019-02-15 10:27:32+03:00
0,0,0,0,0,0,2019-02-15 10:59:06+03:00
