Acquisition,Preparation,Modeling,Training,Evaluation,Prediction,time
0,0,0,0,0,0,2019-08-27 18:02:41-04:00
0,0,0,0,0,0,2019-08-27 18:15:33-04:00
0,8,0,5,1,2,2019-08-31 11:18:38-04:00
3,0,0,3,0,2,2019-08-31 11:19:58-04:00
0,0,0,0,0,0,2019-08-31 11:20:18-04:00
0,1,0,1,0,1,2019-09-03 14:00:56-04:00
1,0,0,0,0,0,2019-09-03 15:02:26-04:00
0,0,0,0,0,0,2019-09-03 15:25:21-04:00
0,0,0,0,0,0,2019-09-03 16:22:39-04:00
0,0,0,0,0,0,2019-09-03 16:34:49-04:00
0,3,0,2,1,0,2019-09-03 18:12:44-04:00
0,1,0,1,0,1,2019-09-03 18:40:02-04:00
1,0,0,1,0,0,2019-09-03 18:41:26-04:00
0,1,0,1,1,0,2019-09-03 18:42:13-04:00
0,0,0,0,0,0,2019-09-03 18:49:24-04:00
0,0,0,0,0,0,2019-09-04 09:35:40-04:00
1,3,0,3,0,1,2019-09-06 17:16:10-04:00
2,4,0,5,2,4,2019-09-07 08:26:52-04:00
0,0,0,0,0,0,2019-09-07 10:28:02-04:00
0,0,0,0,0,0,2019-09-07 10:59:10-04:00
1,0,0,1,0,0,2019-09-07 11:39:27-04:00
0,1,0,1,1,0,2019-09-07 11:39:53-04:00
0,1,1,1,1,0,2019-09-07 16:26:41-04:00
0,3,0,3,0,3,2019-09-08 13:58:00-03:00
0,2,0,1,0,1,2019-09-08 13:59:47-03:00
0,0,0,0,0,0,2019-09-08 14:03:03-03:00
1,0,0,0,0,0,2019-09-10 07:49:19-03:00
0,1,0,1,0,1,2019-09-10 19:14:52-03:00
0,1,0,1,0,1,2019-09-10 19:20:15-03:00
0,3,0,3,0,3,2019-09-11 09:23:49-03:00
0,0,0,0,0,0,2019-09-11 14:03:24-03:00
0,3,1,3,1,2,2019-09-11 14:23:48-03:00
0,0,0,0,0,0,2019-09-11 15:59:33-03:00
0,2,0,2,0,2,2019-09-11 17:30:13-03:00
0,1,0,0,0,0,2019-09-12 13:54:15-03:00
0,1,0,0,0,0,2019-09-12 18:31:01-03:00
1,0,0,0,0,0,2019-09-12 18:31:01-03:00
1,0,0,0,0,0,2019-09-13 11:46:18-03:00
1,0,0,1,1,1,2019-09-24 12:55:17-03:00
1,0,0,1,1,1,2019-09-25 18:02:59-03:00
0,1,0,1,0,1,2019-09-25 18:03:50-03:00
0,0,0,0,0,0,2019-09-25 18:15:56-03:00
2,2,0,4,2,4,2019-09-25 18:15:56-03:00
2,0,0,2,1,1,2019-09-25 20:59:00-03:00
1,1,0,2,0,1,2019-09-26 08:15:33-03:00
1,0,0,0,0,0,2019-09-26 08:16:07-03:00
0,0,0,0,0,0,2019-09-29 12:20:04-03:00
4,6,1,9,4,7,2019-09-29 13:24:32-03:00
4,6,1,9,4,7,2019-09-29 13:24:32-03:00
0,0,0,0,0,0,2019-09-29 13:39:14-03:00
1,0,0,0,0,0,2019-09-30 09:43:31-03:00
1,4,0,4,0,4,2019-10-01 06:44:36-03:00
0,0,0,0,0,0,2019-10-01 06:45:36-03:00
1,0,0,0,0,0,2019-10-01 06:54:14-03:00
1,4,0,4,0,4,2019-10-01 10:59:50-03:00
1,1,1,1,1,0,2019-10-01 11:57:43-03:00
0,1,0,1,0,1,2019-10-01 14:08:16-03:00
1,0,0,0,0,0,2019-10-01 14:08:56-03:00
1,4,0,4,0,4,2019-10-03 18:59:13-03:00
0,5,1,5,1,4,2019-10-12 12:20:36-03:00
1,0,0,0,0,0,2019-10-12 12:21:32-03:00
1,0,0,0,0,0,2019-10-14 11:27:55-03:00
0,4,0,4,0,4,2019-10-15 19:02:19-03:00
0,4,0,4,0,4,2019-10-15 20:43:28-03:00
4,0,0,4,3,3,2019-10-15 21:38:08-03:00
0,6,1,5,1,4,2019-10-15 21:48:02-03:00
0,9,1,6,1,4,2019-10-16 21:55:43-03:00
0,4,0,4,0,4,2019-10-19 17:09:45-03:00
0,4,0,4,0,4,2019-10-19 18:10:09-03:00
4,4,0,9,3,8,2019-10-20 13:21:21-03:00
1,1,0,2,0,2,2019-10-20 17:16:36-03:00
0,0,0,0,0,0,2019-10-23 11:01:15-03:00
3,0,0,3,3,3,2019-10-23 17:23:23-03:00
1,1,1,2,0,2,2019-10-23 17:24:42-03:00
1,1,1,1,1,0,2019-10-25 09:08:09-03:00
0,2,0,1,0,1,2019-11-06 17:07:09-03:00
0,1,0,1,0,1,2019-11-06 17:13:44-03:00
1,0,0,0,0,0,2019-11-06 17:14:14-03:00
0,1,0,1,0,1,2019-11-07 09:57:36-03:00
0,2,1,2,1,1,2019-11-07 10:20:10-03:00
1,0,0,0,0,0,2019-11-07 10:21:02-03:00
0,2,0,1,0,1,2019-11-12 18:27:51-03:00
0,2,0,1,0,1,2019-11-15 16:27:49-03:00
0,2,1,2,1,1,2019-11-16 12:18:18-03:00
0,0,0,0,0,0,2019-11-16 12:36:28-03:00
0,1,0,1,0,1,2019-11-16 22:19:51-03:00
0,1,0,1,0,1,2019-11-16 23:25:05-03:00
6,1,0,6,5,5,2019-11-17 02:26:55-03:00
0,1,0,1,0,1,2019-11-17 02:28:38-03:00
1,1,0,1,1,1,2019-11-17 16:21:26-03:00
0,2,1,2,1,1,2019-11-18 20:56:40-03:00
1,2,0,2,1,2,2019-11-19 18:13:44-03:00
0,1,0,1,0,1,2019-11-19 18:27:27-03:00
2,3,1,4,2,2,2019-11-20 10:52:30-03:00
1,0,0,0,0,0,2019-11-20 10:53:19-03:00
0,1,0,0,0,0,2019-11-20 11:41:16-03:00
1,1,0,0,0,0,2019-11-20 11:46:16-03:00
1,0,0,0,0,0,2019-11-20 23:16:10-03:00
0,1,0,1,0,1,2019-11-20 23:16:53-03:00
0,1,0,1,0,1,2019-11-21 00:48:13-03:00
1,0,0,0,0,0,2019-11-21 00:48:41-03:00
1,1,0,1,0,1,2019-11-21 13:03:48-03:00
1,1,0,1,0,1,2019-11-21 13:47:49-03:00
1,1,0,1,0,1,2019-11-21 15:02:43-03:00
0,1,1,1,1,0,2019-11-22 01:45:34-03:00
1,0,0,0,0,0,2019-11-22 01:51:50-03:00
1,1,1,1,1,0,2019-11-22 01:59:56-03:00
3,1,1,2,0,2,2019-11-23 16:19:09-03:00
2,2,0,2,1,1,2019-11-26 14:26:44-03:00
2,2,1,2,1,1,2019-11-26 14:28:02-03:00
1,1,0,1,0,1,2019-11-26 19:12:59-03:00
2,2,1,2,1,0,2019-11-26 22:10:23-03:00
2,1,0,1,0,1,2019-12-01 16:34:56-03:00
1,1,0,1,0,1,2019-12-02 06:43:57-03:00
3,1,1,2,0,2,2019-12-02 07:06:09-03:00
3,1,1,2,0,2,2019-12-02 19:01:19-03:00
0,1,0,0,0,0,2019-12-11 12:09:44-03:00
1,0,0,0,0,0,2019-12-11 12:10:18-03:00
2,0,1,1,0,1,2019-12-16 21:52:02-03:00
0,0,0,0,0,0,2019-12-16 21:52:12-03:00
2,0,1,1,0,1,2019-12-17 23:02:48-03:00
2,1,0,1,0,1,2020-01-10 13:03:06-03:00
0,1,0,1,0,0,2020-01-10 13:48:15-03:00
1,1,1,2,1,0,2020-01-18 13:52:35-03:00
3,4,2,4,1,2,2020-01-18 16:41:18-03:00
2,1,0,1,1,1,2020-01-18 16:58:07-03:00
0,1,1,1,0,0,2020-01-19 18:05:17-03:00
1,0,0,0,0,0,2020-01-19 18:05:52-03:00
1,1,1,1,0,0,2020-01-19 21:02:04-03:00
1,1,0,1,0,1,2020-03-05 13:53:15-03:00
1,0,0,0,0,0,2020-03-05 13:54:30-03:00
1,0,0,0,0,0,2020-03-07 17:32:15-03:00
0,0,0,0,0,0,2020-03-07 17:33:25-03:00
2,3,0,2,1,2,2020-03-20 22:10:18-05:00
1,0,0,0,0,0,2020-03-20 22:10:51-05:00
1,2,0,1,0,1,2020-04-18 17:03:52-05:00
2,3,0,2,1,2,2020-04-21 15:30:21-05:00
1,0,0,0,0,0,2020-04-21 15:38:00-05:00
0,1,0,0,0,0,2020-04-21 17:46:17-05:00
1,1,0,1,0,1,2020-04-21 17:52:38-05:00
1,0,0,0,0,0,2020-04-21 17:53:09-05:00
1,1,0,1,0,1,2020-04-21 17:58:37-05:00
0,1,0,0,0,0,2020-04-21 20:26:33-05:00
1,1,0,1,0,1,2020-04-21 20:27:03-05:00
1,0,0,0,0,0,2020-04-21 20:27:33-05:00
1,1,0,1,0,1,2020-04-22 16:56:00-05:00
1,0,0,0,0,0,2020-04-22 16:58:37-05:00
1,1,0,0,0,0,2020-04-27 16:28:18-05:00
1,2,0,1,0,1,2020-05-01 15:47:56-05:00
1,0,0,0,0,0,2020-05-01 15:48:39-05:00
1,1,0,1,0,1,2020-05-08 18:35:32-05:00
0,0,0,0,0,0,2020-05-08 18:36:34-05:00
1,0,0,0,0,0,2020-05-08 18:37:08-05:00
0,1,1,1,0,0,2020-05-22 16:09:01-05:00
1,2,1,2,0,1,2020-05-22 18:50:25-05:00
1,0,0,0,0,0,2020-05-22 18:51:47-05:00
1,1,0,1,0,1,2020-05-28 09:35:08-05:00
1,1,0,1,0,1,2020-05-28 10:14:22-05:00
1,0,0,0,0,0,2020-05-28 10:22:30-05:00
1,1,0,1,0,1,2020-06-02 13:31:49-05:00
1,1,0,1,0,1,2020-06-02 16:41:10-05:00
1,0,0,0,0,0,2020-06-02 16:41:45-05:00
1,1,0,1,0,1,2020-06-02 17:23:19-05:00
1,0,0,0,0,0,2020-06-02 17:23:53-05:00
1,1,0,1,0,1,2020-06-02 18:26:45-05:00
1,0,0,0,0,0,2020-06-02 18:27:04-05:00
1,2,0,1,0,1,2020-06-03 11:34:16-05:00
1,0,0,0,0,0,2020-06-03 11:34:35-05:00
1,1,0,1,0,1,2020-06-03 16:03:35-05:00
0,1,0,0,0,0,2020-06-03 16:04:43-05:00
1,0,0,0,0,0,2020-06-03 16:06:06-05:00
1,1,0,1,0,1,2020-06-08 14:17:21-05:00
1,0,0,0,0,0,2020-06-08 14:17:41-05:00
1,1,0,1,0,1,2020-06-13 12:33:58-05:00
1,0,0,0,0,0,2020-06-13 12:34:28-05:00
1,1,0,1,0,1,2020-06-15 12:17:34-05:00
1,0,0,0,0,0,2020-06-15 12:18:08-05:00
1,2,0,1,0,1,2020-06-18 12:10:50-05:00
1,0,0,0,0,0,2020-06-18 12:12:15-05:00
2,1,1,2,0,2,2020-06-21 03:55:50-05:00
1,0,0,0,0,0,2020-06-21 03:56:12-05:00
1,2,0,1,0,1,2020-06-25 10:29:17-05:00
0,0,0,0,0,0,2020-06-25 10:29:21-05:00
1,0,0,0,0,0,2020-06-25 12:01:45-05:00
1,1,0,1,1,1,2020-06-25 16:39:45-05:00
1,2,0,1,0,1,2020-06-25 16:40:46-05:00
1,0,0,0,0,0,2020-06-25 16:41:01-05:00
0,1,0,0,0,0,2020-06-25 22:13:53-05:00
1,0,0,0,0,0,2020-06-25 22:20:09-05:00
0,0,0,0,0,0,2020-07-01 14:14:25-05:00
1,1,0,1,1,1,2020-07-02 20:59:43-05:00
0,0,0,0,0,0,2020-07-02 20:59:59-05:00
0,0,0,0,0,0,2020-07-02 21:01:57-05:00
1,2,0,1,0,1,2020-07-02 22:08:53-05:00
1,0,0,0,0,0,2020-07-02 22:09:22-05:00
0,0,0,0,0,0,2020-07-08 16:18:15-05:00
1,1,0,1,0,1,2020-12-21 14:32:12-05:00
2,3,2,3,2,2,2021-08-12 00:01:33-05:00
1,0,0,0,0,0,2021-08-12 00:02:46-05:00
1,2,1,2,1,1,2021-08-18 12:10:04-05:00
1,0,1,1,0,1,2021-08-18 12:25:43-05:00
2,1,1,1,0,1,2021-08-18 13:17:45-05:00
2,1,1,1,0,1,2021-08-21 15:36:17-05:00
2,1,1,1,0,1,2021-08-22 21:45:57-05:00
2,1,1,1,0,1,2021-09-05 14:06:10-05:00
