Acquisition,Preparation,Modeling,Training,Evaluation,Prediction,time
1,1,0,0,0,0,2019-12-01 10:07:09+01:00
0,0,0,0,0,0,2019-12-01 10:40:53+01:00
0,0,0,0,0,0,2019-12-01 10:41:52+01:00
0,0,0,0,0,0,2019-12-01 10:53:09+01:00
0,0,0,0,0,0,2019-12-01 10:57:18+01:00
1,1,0,1,0,0,2019-12-01 13:33:14+01:00
0,0,0,0,0,0,2019-12-01 13:34:14+01:00
9,21,14,6,2,5,2019-12-01 15:37:01+01:00
1,1,0,1,0,0,2019-12-01 15:57:01+01:00
0,0,0,0,0,0,2019-12-01 16:20:41+01:00
0,0,0,0,0,0,2019-12-01 16:22:55+01:00
1,2,2,0,0,0,2019-12-01 20:28:26+01:00
0,0,0,0,0,0,2019-12-01 20:30:29+01:00
0,0,0,0,0,0,2019-12-01 21:02:35+01:00
1,1,0,0,0,0,2019-12-02 18:52:20+01:00
1,0,0,0,0,0,2019-12-02 18:52:50+01:00
0,0,0,0,0,0,2019-12-02 18:56:08+01:00
2,1,0,0,0,0,2019-12-03 15:36:26+01:00
0,0,0,0,0,0,2019-12-03 15:37:06+01:00
0,0,0,0,0,0,2019-12-03 15:37:28+01:00
3,2,0,0,0,0,2019-12-03 18:18:02+01:00
0,0,0,0,0,0,2019-12-03 18:19:29+01:00
0,0,0,0,0,0,2019-12-03 18:24:04+01:00
1,1,0,0,0,0,2019-12-03 18:25:06+01:00
2,1,0,0,0,0,2019-12-03 18:37:51+01:00
0,0,0,0,0,0,2019-12-03 18:54:42+01:00
1,0,0,0,0,0,2019-12-03 19:00:46+01:00
0,0,0,0,0,0,2019-12-03 19:00:58+01:00
0,0,0,0,0,0,2019-12-03 19:10:28+01:00
1,1,0,0,0,0,2019-12-04 17:31:19+01:00
1,0,0,0,0,0,2019-12-04 17:33:03+01:00
0,0,0,0,0,0,2019-12-04 17:40:00+01:00
0,0,0,0,0,0,2019-12-04 17:41:02+01:00
0,0,0,0,0,0,2019-12-04 17:44:38+01:00
0,0,0,0,0,0,2019-12-04 17:46:22+01:00
0,0,0,0,0,0,2019-12-04 17:47:18+01:00
0,0,0,0,0,0,2019-12-04 18:02:56+01:00
0,0,0,0,0,0,2019-12-06 15:32:19+01:00
0,0,0,0,0,0,2019-12-06 16:32:20+01:00
0,0,0,0,0,0,2019-12-06 18:16:51+01:00
1,1,0,0,0,0,2019-12-06 18:20:41+01:00
3,2,0,0,0,0,2019-12-06 18:23:12+01:00
1,1,0,0,0,0,2019-12-06 18:24:20+01:00
0,0,0,0,0,0,2019-12-06 18:25:52+01:00
0,0,0,0,0,0,2019-12-06 19:56:07+01:00
1,1,0,0,0,0,2019-12-06 20:49:50+01:00
0,0,0,0,0,0,2019-12-06 20:51:10+01:00
1,1,0,0,0,0,2019-12-06 21:11:14+01:00
0,0,0,0,0,0,2019-12-06 21:12:49+01:00
0,0,0,0,0,0,2019-12-09 15:32:15+01:00
0,0,0,0,0,0,2019-12-09 15:41:37+01:00
2,2,0,0,0,0,2020-02-24 15:10:32-03:00
3,3,1,2,0,1,2020-02-24 15:12:06-03:00
0,0,0,0,0,0,2020-02-24 15:17:56-03:00
0,0,0,0,0,0,2020-02-24 15:19:39-03:00
0,0,0,0,0,0,2020-02-24 15:41:21-03:00
0,0,0,0,0,0,2020-02-24 15:41:43-03:00
0,0,0,0,0,0,2020-02-24 15:42:31-03:00
0,0,0,0,0,0,2020-02-24 15:44:33-03:00
