Acquisition,Preparation,Modeling,Training,Evaluation,Prediction,time
3,3,1,1,0,0,2019-09-13 20:42:31-07:00
0,0,0,0,0,0,2019-09-17 07:42:00-07:00
0,0,0,0,0,0,2019-09-17 10:03:47-07:00
0,0,0,0,0,0,2019-09-17 11:07:43-07:00
0,0,0,0,0,0,2019-09-17 11:14:00-07:00
0,0,0,0,0,0,2019-09-17 11:15:41-07:00
0,0,0,0,0,0,2019-09-17 11:20:45-07:00
0,0,0,0,0,0,2019-09-17 11:22:12-07:00
0,0,0,0,0,0,2019-09-17 11:24:42-07:00
0,0,0,0,0,0,2019-09-17 11:25:18-07:00
0,0,0,0,0,0,2019-09-17 11:41:04-07:00
0,0,0,0,0,0,2019-09-17 11:54:09-07:00
0,0,0,0,0,0,2019-09-17 11:55:07-07:00
0,0,0,0,0,0,2019-09-17 12:16:32-07:00
1,1,0,0,0,0,2019-09-17 12:42:48-07:00
1,1,1,1,0,0,2019-09-17 13:05:45-07:00
1,1,0,0,0,0,2019-09-17 13:09:19-07:00
1,1,1,1,0,0,2019-09-17 13:26:11-07:00
1,1,0,0,0,0,2019-09-17 13:27:22-07:00
1,1,1,0,0,0,2019-09-17 13:42:59-07:00
0,0,0,0,0,0,2019-09-17 13:44:54-07:00
2,2,2,1,0,0,2019-09-17 15:58:48-07:00
1,1,1,0,0,0,2019-09-17 16:51:33-07:00
1,1,1,1,0,0,2019-09-18 15:28:30-07:00
0,0,0,0,0,0,2019-09-18 18:03:34-07:00
1,1,1,1,0,0,2019-09-18 19:45:19-07:00
1,1,1,1,0,0,2019-09-18 19:46:30-07:00
0,0,0,0,0,0,2019-09-19 16:43:06-07:00
0,0,0,0,0,0,2019-09-19 16:48:50-07:00
0,0,0,0,0,0,2019-09-19 17:08:57-07:00
0,0,0,0,0,0,2019-09-21 09:59:59-07:00
0,0,0,0,0,0,2019-09-21 10:00:21-07:00
0,0,0,0,0,0,2019-09-21 10:00:54-07:00
0,0,0,0,0,0,2019-09-21 10:10:01-07:00
0,0,0,0,0,0,2019-09-21 10:10:37-07:00
0,0,0,0,0,0,2019-09-21 10:10:57-07:00
0,0,0,0,0,0,2019-09-21 10:15:41-07:00
0,0,0,0,0,0,2019-09-21 10:16:29-07:00
0,0,0,0,0,0,2019-09-21 10:16:50-07:00
0,0,0,0,0,0,2019-09-22 12:45:58-07:00
0,0,0,0,0,0,2019-09-22 12:49:10-07:00
0,0,0,0,0,0,2019-09-22 12:50:36-07:00
0,0,0,0,0,0,2019-09-22 12:53:33-07:00
0,0,0,0,0,0,2019-09-22 12:55:08-07:00
0,0,0,0,0,0,2019-09-22 12:55:26-07:00
0,0,0,0,0,0,2019-09-22 12:56:58-07:00
0,0,0,0,0,0,2019-09-22 12:58:07-07:00
0,0,0,0,0,0,2019-09-22 12:58:41-07:00
0,0,0,0,0,0,2019-09-24 14:00:16-07:00
0,0,0,0,0,0,2019-09-24 14:00:51-07:00
0,0,0,0,0,0,2019-09-24 14:09:33-07:00
0,0,0,0,0,0,2019-09-25 16:11:32-07:00
0,0,0,0,0,0,2019-09-30 12:16:59-07:00
1,1,1,1,0,0,2019-09-30 13:40:53-07:00
0,0,0,0,0,0,2019-09-30 13:54:00-07:00
0,0,0,0,0,0,2019-09-30 14:22:24-07:00
0,0,0,0,0,0,2019-09-30 14:27:00-07:00
0,0,0,0,0,0,2019-09-30 15:00:51-07:00
0,0,0,0,0,0,2019-09-30 15:01:16-07:00
0,0,0,0,0,0,2019-09-30 15:05:47-07:00
0,0,0,0,0,0,2019-09-30 15:07:51-07:00
0,0,0,0,0,0,2019-09-30 15:09:16-07:00
0,0,0,0,0,0,2019-09-30 15:49:46-07:00
0,0,0,0,0,0,2019-09-30 17:40:21-07:00
0,0,0,0,0,0,2019-09-30 20:43:39-07:00
0,0,0,0,0,0,2019-09-30 20:45:11-07:00
0,0,0,0,0,0,2019-09-30 21:35:42-07:00
0,0,0,0,0,0,2019-10-01 07:55:30-07:00
0,0,0,0,0,0,2019-10-01 08:08:51-07:00
0,0,0,0,0,0,2019-10-01 11:52:04-07:00
0,0,0,0,0,0,2019-10-01 12:05:56-07:00
0,0,0,0,0,0,2019-10-01 12:11:28-07:00
0,0,0,0,0,0,2019-10-01 12:14:11-07:00
0,0,0,0,0,0,2019-10-01 12:16:25-07:00
0,0,0,0,0,0,2019-10-01 12:32:54-07:00
0,0,0,0,0,0,2019-10-01 13:10:17-07:00
0,0,0,0,0,0,2019-10-01 13:24:37-07:00
0,0,0,0,0,0,2019-10-01 13:34:30-07:00
0,0,0,0,0,0,2019-10-01 13:39:40-07:00
0,0,0,0,0,0,2019-10-01 13:40:54-07:00
0,0,0,0,0,0,2019-10-01 14:19:44-07:00
0,0,0,0,0,0,2019-10-01 14:25:37-07:00
0,0,0,0,0,0,2019-10-01 14:28:47-07:00
0,0,0,0,0,0,2019-10-01 14:48:43-07:00
0,0,0,0,0,0,2019-10-01 15:05:08-07:00
0,0,0,0,0,0,2019-10-01 15:14:03-07:00
0,0,0,0,0,0,2019-10-01 15:25:03-07:00
0,0,0,0,0,0,2019-10-01 15:29:19-07:00
0,0,0,0,0,0,2019-10-01 15:55:38-07:00
0,0,0,0,0,0,2019-10-01 15:56:38-07:00
0,0,0,0,0,0,2019-10-01 16:05:42-07:00
0,0,0,0,0,0,2019-10-01 16:33:21-07:00
0,0,0,0,0,0,2019-10-01 17:42:04-07:00
0,0,0,0,0,0,2019-10-01 17:44:37-07:00
0,0,0,0,0,0,2019-10-01 17:45:12-07:00
0,0,0,0,0,0,2019-10-01 19:45:55-07:00
0,0,0,0,0,0,2019-10-01 19:47:16-07:00
2,2,1,1,0,0,2019-10-01 20:57:21-07:00
0,0,0,0,0,0,2019-10-01 21:05:31-07:00
0,0,0,0,0,0,2019-10-01 21:17:06-07:00
0,0,0,0,0,0,2019-10-01 21:29:12-07:00
0,0,0,0,0,0,2019-10-01 21:39:56-07:00
0,0,0,0,0,0,2019-10-01 21:42:25-07:00
0,0,0,0,0,0,2019-10-01 21:44:20-07:00
0,0,0,0,0,0,2019-10-01 21:56:32-07:00
0,0,0,0,0,0,2019-10-01 21:59:08-07:00
0,0,0,0,0,0,2019-10-01 22:10:49-07:00
0,0,0,0,0,0,2019-10-01 22:11:24-07:00
0,0,0,0,0,0,2019-10-01 22:16:52-07:00
1,1,1,1,0,0,2019-10-01 22:17:20-07:00
0,0,0,0,0,0,2019-10-01 22:24:17-07:00
0,0,0,0,0,0,2019-10-01 22:30:45-07:00
0,0,0,0,0,0,2019-10-01 22:32:06-07:00
0,0,0,0,0,0,2019-10-01 22:40:01-07:00
0,0,0,0,0,0,2019-10-01 22:47:26-07:00
0,0,0,0,0,0,2019-10-01 22:54:24-07:00
0,0,0,0,0,0,2019-10-01 22:54:59-07:00
0,0,0,0,0,0,2019-10-01 22:59:46-07:00
0,0,0,0,0,0,2019-10-02 10:15:27-07:00
0,0,0,0,0,0,2019-10-02 10:30:39-07:00
1,1,1,1,0,0,2019-10-02 12:09:47-07:00
0,0,0,0,0,0,2019-10-02 12:13:08-07:00
0,0,0,0,0,0,2019-10-02 12:14:03-07:00
0,0,0,0,0,0,2019-10-02 12:21:57-07:00
0,0,0,0,0,0,2019-10-02 12:22:28-07:00
0,0,0,0,0,0,2019-10-02 12:22:52-07:00
1,1,1,1,0,0,2019-10-02 12:23:33-07:00
0,0,0,0,0,0,2019-10-02 12:32:15-07:00
0,0,0,0,0,0,2019-10-02 12:33:26-07:00
0,0,0,0,0,0,2019-10-02 14:16:47-07:00
0,0,0,0,0,0,2019-10-02 14:17:02-07:00
0,0,0,0,0,0,2019-10-02 14:21:07-07:00
1,1,0,0,0,0,2019-10-02 15:00:29-07:00
1,1,1,1,0,0,2019-10-02 15:03:34-07:00
0,0,0,0,0,0,2019-10-02 15:04:39-07:00
0,0,0,0,0,0,2019-10-02 15:19:19-07:00
0,0,0,0,0,0,2019-10-02 15:31:14-07:00
0,0,0,0,0,0,2019-10-02 15:33:31-07:00
0,0,0,0,0,0,2019-10-02 15:40:20-07:00
0,0,0,0,0,0,2019-10-02 15:47:22-07:00
0,0,0,0,0,0,2019-10-02 15:48:19-07:00
0,0,0,0,0,0,2019-10-02 15:53:32-07:00
1,1,0,0,0,0,2019-10-02 16:03:39-07:00
0,0,0,0,0,0,2019-10-02 16:17:06-07:00
0,0,0,0,0,0,2019-10-02 16:34:18-07:00
0,0,0,0,0,0,2019-10-02 16:35:05-07:00
0,0,0,0,0,0,2019-10-02 16:47:28-07:00
0,0,0,0,0,0,2019-10-02 16:50:06-07:00
0,0,0,0,0,0,2019-10-02 17:03:33-07:00
0,0,0,0,0,0,2019-10-02 17:09:48-07:00
0,0,0,0,0,0,2019-10-02 17:16:39-07:00
0,0,0,0,0,0,2019-10-02 21:02:11-07:00
0,0,0,0,0,0,2019-10-02 21:57:57-07:00
0,0,0,0,0,0,2019-10-02 21:58:33-07:00
0,0,0,0,0,0,2019-10-03 08:18:30-07:00
0,0,0,0,0,0,2019-10-03 10:03:21-07:00
0,0,0,0,0,0,2019-10-03 10:04:24-07:00
0,0,0,0,0,0,2019-10-03 10:05:49-07:00
0,0,0,0,0,0,2019-10-03 10:06:35-07:00
0,0,0,0,0,0,2019-10-03 10:09:02-07:00
0,0,0,0,0,0,2019-10-03 10:11:18-07:00
0,0,0,0,0,0,2019-10-03 10:13:02-07:00
0,0,0,0,0,0,2019-10-03 10:16:28-07:00
0,0,0,0,0,0,2019-10-03 10:20:35-07:00
0,0,0,0,0,0,2019-10-03 13:35:16-07:00
0,0,0,0,0,0,2019-10-03 13:44:05-07:00
0,0,0,0,0,0,2019-10-03 13:45:24-07:00
0,0,0,0,0,0,2019-10-03 13:45:58-07:00
0,0,0,0,0,0,2019-10-03 13:50:25-07:00
1,1,1,1,0,0,2019-10-03 14:02:49-07:00
0,0,0,0,0,0,2019-10-03 14:13:24-07:00
0,0,0,0,0,0,2019-10-03 14:17:29-07:00
0,0,0,0,0,0,2019-10-03 14:21:09-07:00
0,0,0,0,0,0,2019-10-03 14:26:17-07:00
0,0,0,0,0,0,2019-10-03 14:49:06-07:00
0,0,0,0,0,0,2019-10-03 15:06:44-07:00
0,0,0,0,0,0,2019-10-03 15:53:18-07:00
0,0,0,0,0,0,2019-10-03 15:57:15-07:00
1,1,1,1,0,0,2019-10-03 15:57:55-07:00
0,0,0,0,0,0,2019-10-03 16:04:38-07:00
0,0,0,0,0,0,2019-10-03 16:06:01-07:00
0,0,0,0,0,0,2019-10-03 16:06:10-07:00
0,0,0,0,0,0,2019-10-03 16:16:13-07:00
0,0,0,0,0,0,2019-10-03 16:17:58-07:00
1,1,1,1,0,0,2019-10-03 16:19:07-07:00
0,0,0,0,0,0,2019-10-03 16:22:56-07:00
0,0,0,0,0,0,2019-10-03 16:27:12-07:00
0,0,0,0,0,0,2019-10-03 16:27:30-07:00
0,0,0,0,0,0,2019-10-03 16:33:53-07:00
0,0,0,0,0,0,2019-10-03 16:37:25-07:00
1,0,0,0,1,0,2019-10-03 16:43:35-07:00
0,0,0,0,0,0,2019-10-03 16:43:39-07:00
0,0,0,0,0,0,2019-10-03 16:44:15-07:00
1,0,0,0,1,0,2019-10-03 16:54:40-07:00
0,0,0,0,0,0,2019-10-03 17:05:19-07:00
0,0,0,0,0,0,2019-10-03 17:05:24-07:00
0,0,0,0,0,0,2019-10-03 17:23:08-07:00
0,0,0,0,0,0,2019-10-03 17:29:47-07:00
0,0,0,0,0,0,2019-10-03 17:34:12-07:00
0,0,0,0,0,0,2019-10-03 17:39:08-07:00
0,0,0,0,0,0,2019-10-03 17:42:06-07:00
0,0,0,0,0,0,2019-10-03 17:45:25-07:00
0,0,0,0,0,0,2019-10-03 17:55:34-07:00
0,0,0,0,0,0,2019-10-03 17:57:59-07:00
0,0,0,0,0,0,2019-10-03 18:08:31-07:00
0,0,0,0,0,0,2019-10-03 18:13:59-07:00
0,0,0,0,0,0,2019-10-03 18:14:03-07:00
0,0,0,0,0,0,2019-10-03 19:35:34-07:00
0,0,0,0,0,0,2019-10-03 19:36:54-07:00
0,0,0,0,0,0,2019-10-03 19:37:21-07:00
0,0,0,0,0,0,2019-10-03 20:26:44-07:00
1,0,0,0,0,0,2019-10-03 21:11:52-07:00
0,0,0,0,0,0,2019-10-03 21:14:08-07:00
0,0,0,0,0,0,2019-10-03 21:16:35-07:00
0,0,0,0,0,0,2019-10-03 21:17:40-07:00
0,0,0,0,0,0,2019-10-03 21:18:26-07:00
0,0,0,0,0,0,2019-10-03 21:19:55-07:00
0,0,0,0,0,0,2019-10-03 21:21:44-07:00
0,0,0,0,0,0,2019-10-03 21:23:55-07:00
2,0,0,0,0,0,2019-10-03 21:43:46-07:00
0,0,0,0,0,0,2019-10-03 21:45:47-07:00
0,0,0,0,0,0,2019-10-03 21:45:51-07:00
0,0,0,0,0,0,2019-10-03 21:49:32-07:00
0,0,0,0,0,0,2019-10-03 21:55:58-07:00
1,1,1,1,0,0,2019-10-03 21:57:11-07:00
0,0,0,0,0,0,2019-10-03 22:06:16-07:00
0,0,0,0,0,0,2019-10-03 22:11:38-07:00
1,0,0,0,0,0,2019-10-03 22:25:40-07:00
0,0,0,0,0,0,2019-10-03 22:26:04-07:00
1,1,1,1,0,0,2019-10-03 22:27:04-07:00
0,0,0,0,0,0,2019-10-03 22:30:03-07:00
0,0,0,0,0,0,2019-10-03 22:30:39-07:00
2,0,0,0,1,0,2019-10-03 22:50:17-07:00
0,0,0,0,0,0,2019-10-03 22:51:08-07:00
1,1,1,1,0,0,2019-10-03 22:52:15-07:00
0,0,0,0,0,0,2019-10-03 23:06:10-07:00
1,1,1,1,0,0,2019-10-03 23:07:00-07:00
0,0,0,0,0,0,2019-10-03 23:18:08-07:00
0,0,0,0,0,0,2019-10-03 23:18:33-07:00
1,1,1,0,0,0,2019-10-04 11:21:55-07:00
1,1,1,0,0,0,2019-10-04 13:02:10-07:00
0,0,0,0,0,0,2019-10-04 22:54:50-07:00
0,0,0,0,0,0,2019-10-04 22:55:59-07:00
0,0,0,0,0,0,2019-10-04 23:10:36-07:00
0,0,0,0,0,0,2019-10-04 23:10:54-07:00
0,0,0,0,0,0,2019-10-07 06:58:00-07:00
1,1,0,0,0,0,2019-10-07 13:36:42-04:00
0,0,0,0,0,0,2019-10-07 10:37:28-07:00
0,0,0,0,0,0,2019-10-07 10:41:04-07:00
0,0,0,0,0,0,2019-10-08 10:50:33-07:00
0,0,0,0,0,0,2019-10-08 10:51:03-07:00
0,0,0,0,0,0,2019-10-08 11:25:07-07:00
0,0,0,0,0,0,2019-10-08 15:05:44-04:00
0,0,0,0,0,0,2019-10-08 15:08:50-04:00
0,0,0,0,0,0,2019-10-08 15:18:51-04:00
0,0,0,0,0,0,2019-10-08 15:19:56-04:00
0,0,0,0,0,0,2019-10-08 15:28:51-04:00
0,0,0,0,0,0,2019-10-08 14:03:27-07:00
0,0,0,0,0,0,2019-10-08 14:04:54-07:00
0,0,0,0,0,0,2019-10-08 14:06:33-07:00
0,0,0,0,0,0,2019-10-08 14:48:49-07:00
0,0,0,0,0,0,2019-10-08 14:53:47-07:00
0,0,0,0,0,0,2019-10-08 14:53:52-07:00
0,0,0,0,0,0,2019-10-08 15:02:47-07:00
0,0,0,0,0,0,2019-10-08 15:09:30-07:00
0,0,0,0,0,0,2019-10-08 15:16:57-07:00
0,0,0,0,0,0,2019-10-08 15:17:41-07:00
0,0,0,0,0,0,2019-10-08 15:38:06-07:00
0,0,0,0,0,0,2019-10-08 16:25:54-07:00
0,0,0,0,0,0,2019-10-08 16:49:27-07:00
0,0,0,0,0,0,2019-10-08 16:53:47-07:00
0,0,0,0,0,0,2019-10-08 17:02:31-07:00
0,0,0,0,0,0,2019-10-08 17:03:17-07:00
0,0,0,0,0,0,2019-10-08 17:04:15-07:00
0,0,0,0,0,0,2019-10-08 17:10:33-07:00
0,0,0,0,0,0,2019-10-08 17:13:17-07:00
0,0,0,0,0,0,2019-10-08 17:13:35-07:00
0,0,0,0,0,0,2019-10-08 17:15:29-07:00
0,0,0,0,0,0,2019-10-08 17:19:35-07:00
0,0,0,0,0,0,2019-10-08 17:26:32-07:00
0,0,0,0,0,0,2019-10-08 20:43:58-07:00
1,1,1,1,0,0,2019-10-09 12:07:44-07:00
1,1,0,1,0,0,2019-10-09 12:19:33-07:00
3,3,2,3,0,0,2019-10-09 15:23:17-07:00
1,1,1,1,0,0,2019-10-09 16:12:37-07:00
0,0,0,0,0,0,2019-10-09 16:20:55-07:00
1,1,1,1,0,0,2019-10-09 16:44:41-07:00
0,0,0,0,0,0,2019-10-09 17:13:20-07:00
0,0,0,0,0,0,2019-10-09 17:14:33-07:00
1,1,1,1,0,0,2019-10-09 17:19:56-07:00
1,1,1,1,0,0,2019-10-09 17:26:27-07:00
0,0,0,0,0,0,2019-10-09 17:30:36-07:00
1,1,1,1,0,0,2019-10-09 17:31:49-07:00
1,1,0,1,0,0,2019-10-09 17:47:13-07:00
1,1,1,1,0,0,2019-10-09 17:49:06-07:00
0,0,0,0,0,0,2019-10-09 17:53:28-07:00
1,1,1,1,0,0,2019-10-09 17:54:33-07:00
0,0,0,0,0,0,2019-10-09 17:59:06-07:00
0,0,0,0,0,0,2019-10-09 18:00:06-07:00
1,0,0,0,0,0,2019-10-09 18:46:45-07:00
0,0,0,0,0,0,2019-10-09 19:24:57-07:00
1,1,0,0,0,1,2019-10-10 06:53:28-07:00
0,0,0,0,0,0,2019-10-10 15:26:42-07:00
0,0,0,0,0,0,2019-10-10 15:36:05-07:00
0,0,0,0,0,0,2019-10-10 15:42:07-07:00
0,0,0,0,0,0,2019-10-10 15:49:58-07:00
0,0,0,0,0,0,2019-10-11 06:13:47-07:00
0,0,0,0,0,0,2019-10-14 12:26:36-07:00
0,0,0,0,0,0,2019-11-08 10:39:33-08:00
0,0,0,0,0,0,2019-11-11 22:17:33-08:00
0,0,0,0,0,0,2019-11-20 17:55:52-08:00
0,0,0,0,0,0,2019-11-20 17:57:08-08:00
0,0,0,0,0,0,2019-11-22 12:20:07-08:00
0,0,0,0,0,0,2019-11-22 12:21:43-08:00
0,0,0,0,0,0,2019-11-22 12:44:08-08:00
0,0,0,0,0,0,2019-11-22 12:47:50-08:00
0,0,0,0,0,0,2019-11-22 12:50:15-08:00
0,0,0,0,0,0,2019-11-23 08:30:51-08:00
0,0,0,0,0,0,2019-11-23 08:31:05-08:00
0,0,0,0,0,0,2020-01-23 14:52:12-05:00
0,0,0,0,0,0,2020-01-23 14:58:41-05:00
0,0,0,0,0,0,2020-01-23 15:01:28-05:00
0,0,0,0,0,0,2020-01-24 07:41:54-05:00
0,0,0,0,0,0,2020-01-24 07:43:02-05:00
0,0,0,0,0,0,2020-01-24 07:46:27-05:00
0,0,0,0,0,0,2020-01-24 07:49:09-05:00
0,0,0,0,0,0,2020-01-24 08:31:43-05:00
0,0,0,0,0,0,2020-01-24 08:50:57-05:00
0,0,0,0,0,0,2020-01-24 09:00:04-05:00
0,0,0,0,0,0,2020-01-24 09:15:46-05:00
0,0,0,0,0,0,2020-01-24 09:35:47-05:00
0,0,0,0,0,0,2020-01-24 09:52:38-05:00
0,0,0,0,0,0,2020-01-24 10:05:37-05:00
0,0,0,0,0,0,2020-01-24 10:13:12-05:00
0,0,0,0,0,0,2020-01-24 10:17:17-05:00
0,0,0,0,0,0,2020-01-24 10:34:24-05:00
0,0,0,0,0,0,2020-01-24 10:35:09-05:00
0,0,0,0,0,0,2020-01-24 12:25:48-05:00
0,0,0,0,0,0,2020-01-24 12:42:23-05:00
0,0,0,0,0,0,2020-01-24 12:49:09-05:00
0,0,0,0,0,0,2020-01-24 12:52:46-05:00
0,0,0,0,0,0,2020-01-24 13:13:51-05:00
0,0,0,0,0,0,2020-01-24 13:20:06-05:00
0,0,0,0,0,0,2020-01-24 13:30:05-05:00
0,0,0,0,0,0,2020-01-24 13:36:50-05:00
0,0,0,0,0,0,2020-01-24 13:50:26-05:00
0,0,0,0,0,0,2020-01-24 14:14:15-05:00
0,0,0,0,0,0,2020-01-24 14:32:00-05:00
0,0,0,0,0,0,2020-01-24 14:35:09-05:00
0,0,0,0,0,0,2020-01-24 14:41:13-05:00
9,6,3,2,0,5,2020-01-24 14:47:49-05:00
1,0,1,0,0,0,2020-01-24 15:13:39-05:00
0,0,0,0,0,0,2020-01-27 07:50:55-05:00
0,0,0,0,0,0,2020-01-27 07:53:55-05:00
0,0,0,0,0,0,2020-01-27 08:04:33-05:00
0,0,0,0,0,0,2020-01-27 08:15:01-05:00
0,0,0,0,0,0,2020-01-27 08:21:21-05:00
1,0,1,0,0,0,2020-01-27 12:03:22-05:00
0,0,0,0,0,0,2020-01-27 12:27:00-05:00
1,0,1,0,0,0,2020-01-27 12:31:50-05:00
1,0,1,0,0,0,2020-01-27 12:40:48-05:00
1,0,1,0,0,0,2020-01-27 12:45:25-05:00
0,0,0,0,0,0,2020-01-27 12:59:37-05:00
0,0,0,0,0,0,2020-01-27 13:12:28-05:00
1,0,1,0,0,0,2020-01-27 13:52:15-05:00
1,0,1,0,0,0,2020-01-27 14:05:19-05:00
1,0,1,0,0,0,2020-01-27 14:07:22-05:00
0,0,0,0,0,0,2020-01-27 14:19:40-05:00
1,0,1,0,0,0,2020-01-27 14:29:05-05:00
1,0,1,0,0,0,2020-01-27 14:39:36-05:00
1,0,1,0,0,0,2020-01-27 14:50:02-05:00
1,0,1,0,0,0,2020-01-27 14:56:07-05:00
1,0,1,0,0,0,2020-01-27 15:05:22-05:00
1,0,1,0,0,0,2020-01-27 15:14:09-05:00
0,0,1,0,0,0,2020-01-27 15:38:23-05:00
0,0,0,0,0,0,2020-01-28 07:11:38-05:00
0,0,1,0,0,0,2020-01-28 07:51:57-05:00
0,0,0,0,0,0,2020-01-28 07:57:12-05:00
1,0,1,0,0,0,2020-01-28 08:04:10-05:00
0,0,0,0,0,0,2020-01-28 08:13:07-05:00
1,0,1,0,0,0,2020-01-28 08:30:48-05:00
0,0,0,0,0,0,2020-01-28 09:48:15-05:00
0,0,0,0,0,0,2020-01-28 09:50:57-05:00
0,0,0,0,0,0,2020-01-28 09:53:29-05:00
0,0,0,0,0,0,2020-01-28 09:55:06-05:00
0,0,0,0,0,0,2020-01-28 09:57:48-05:00
0,0,0,0,0,0,2020-01-28 10:04:24-05:00
0,0,0,0,0,0,2020-01-28 10:11:40-05:00
0,0,0,0,0,0,2020-01-28 10:18:43-05:00
0,0,0,0,0,0,2020-01-28 10:27:22-05:00
0,0,0,0,0,0,2020-01-28 10:28:57-05:00
0,0,0,0,0,0,2020-01-28 10:30:19-05:00
0,0,0,0,0,0,2020-01-28 10:32:03-05:00
0,0,0,0,0,0,2020-01-28 10:35:26-05:00
0,0,0,0,0,0,2020-01-28 10:38:51-05:00
0,0,0,0,0,0,2020-01-28 10:43:37-05:00
0,0,0,0,0,0,2020-01-28 10:47:01-05:00
0,0,0,0,0,0,2020-01-28 10:48:57-05:00
0,0,0,0,0,0,2020-01-28 10:53:37-05:00
0,0,0,0,0,0,2020-01-28 10:55:23-05:00
0,0,0,0,0,0,2020-01-28 10:56:30-05:00
0,0,0,0,0,0,2020-01-28 11:01:34-05:00
0,0,0,0,0,0,2020-01-28 11:10:02-05:00
0,0,0,0,0,0,2020-01-28 11:17:32-05:00
0,0,0,0,0,0,2020-01-28 11:25:55-05:00
0,0,0,0,0,0,2020-01-28 11:26:32-05:00
0,0,0,0,0,0,2020-01-28 11:30:43-05:00
0,0,0,0,0,0,2020-01-28 11:31:44-05:00
0,0,0,0,0,0,2020-01-28 11:32:46-05:00
0,0,0,0,0,0,2020-01-28 11:34:13-05:00
0,0,0,0,0,0,2020-01-28 11:36:19-05:00
0,0,0,0,0,0,2020-01-28 11:39:01-05:00
0,0,0,0,0,0,2020-01-28 11:48:13-05:00
0,0,0,0,0,0,2020-01-28 11:51:32-05:00
0,0,0,0,0,0,2020-01-28 11:56:10-05:00
0,0,0,0,0,0,2020-01-28 11:58:54-05:00
0,0,0,0,0,0,2020-01-28 12:04:48-05:00
0,0,0,0,0,0,2020-01-28 12:12:33-05:00
0,0,0,0,0,0,2020-01-28 12:21:50-05:00
0,0,0,0,0,0,2020-01-28 12:23:33-05:00
0,0,0,0,0,0,2020-01-28 12:28:15-05:00
0,0,0,0,0,0,2020-01-28 12:33:40-05:00
0,0,0,0,0,0,2020-01-28 12:38:02-05:00
0,0,0,0,0,0,2020-01-28 12:40:39-05:00
0,0,0,0,0,0,2020-01-28 12:45:39-05:00
0,0,0,0,0,0,2020-01-28 12:48:48-05:00
0,0,0,0,0,0,2020-01-28 12:50:40-05:00
0,0,0,0,0,0,2020-01-28 12:54:33-05:00
0,0,0,0,0,0,2020-01-28 13:04:54-05:00
0,0,0,0,0,0,2020-01-28 13:06:50-05:00
0,0,0,0,0,0,2020-01-28 13:11:59-05:00
0,0,0,0,0,0,2020-01-28 13:16:17-05:00
0,0,0,0,0,0,2020-01-28 13:16:57-05:00
0,0,0,0,0,0,2020-01-28 13:20:37-05:00
0,0,0,0,0,0,2020-01-28 13:24:12-05:00
1,1,1,0,0,1,2020-02-03 08:05:42-05:00
9,7,2,4,1,1,2020-02-03 08:22:07-05:00
0,0,0,0,0,0,2020-02-03 08:40:34-05:00
0,0,0,0,0,0,2020-02-03 08:54:31-05:00
0,0,0,0,0,0,2020-02-03 09:02:54-05:00
0,0,0,0,0,0,2020-02-03 09:32:25-05:00
0,0,0,0,0,0,2020-02-04 10:19:42-05:00
0,0,0,0,0,0,2020-02-06 14:10:39-05:00
0,0,0,0,0,0,2020-02-07 14:50:38+00:00
0,0,0,0,0,0,2020-02-11 13:42:14-05:00
0,0,0,0,0,0,2020-02-11 13:45:56-05:00
0,0,0,0,0,0,2021-12-23 08:39:28-05:00
