Acquisition,Preparation,Modeling,Training,Evaluation,Prediction,time
0,0,0,0,0,0,2021-11-01 21:17:42-04:00
0,0,0,0,0,0,2021-11-01 21:23:39-04:00
0,0,0,0,0,0,2021-11-01 20:24:22-05:00
0,0,0,0,0,0,2021-11-01 21:30:51-04:00
0,0,0,0,0,0,2021-11-01 21:49:44-04:00
0,0,0,0,0,0,2021-11-01 21:10:07-05:00
0,0,0,0,0,0,2021-11-02 14:33:16-04:00
0,0,0,0,0,0,2021-11-02 14:35:01-04:00
0,0,0,0,0,0,2021-11-02 14:51:38-05:00
0,0,0,0,0,0,2021-11-02 14:53:53-05:00
0,0,0,0,0,0,2021-11-02 14:58:56-05:00
0,0,0,0,0,0,2021-11-02 16:22:39-04:00
2,0,0,0,0,0,2021-11-02 16:21:59-05:00
0,0,0,0,0,0,2021-11-02 16:32:12-05:00
0,0,0,0,0,0,2021-11-02 16:34:09-05:00
2,0,0,0,0,0,2021-11-02 17:25:34-05:00
0,0,0,0,0,0,2021-11-02 17:26:51-05:00
0,0,0,0,0,0,2021-11-02 17:49:36-05:00
1,0,0,0,0,0,2021-11-02 17:50:27-05:00
0,0,0,0,0,0,2021-11-02 18:50:34-04:00
0,0,0,0,0,0,2021-11-02 18:51:52-04:00
0,0,0,0,0,0,2021-11-02 18:52:28-04:00
0,0,0,0,0,0,2021-11-02 18:55:23-04:00
0,0,0,0,0,0,2021-11-02 18:44:59-05:00
0,0,0,0,0,0,2021-11-02 18:46:36-05:00
0,0,0,0,0,0,2021-11-02 18:51:04-05:00
0,0,0,0,0,0,2021-11-02 18:51:22-05:00
0,0,0,0,0,0,2021-11-02 18:51:48-05:00
0,0,0,0,0,0,2021-11-02 20:09:20-04:00
0,0,0,0,0,0,2021-11-02 20:16:51-04:00
1,1,1,1,1,1,2021-11-02 20:28:44-04:00
0,0,0,0,0,0,2021-11-02 21:04:40-04:00
0,0,0,0,0,0,2021-11-02 21:04:47-04:00
0,0,0,0,0,0,2021-11-02 20:05:11-05:00
1,1,1,1,1,1,2021-11-02 21:06:30-04:00
2,0,0,0,0,0,2021-11-02 20:17:51-05:00
1,1,1,1,1,1,2021-11-02 21:56:09-04:00
1,1,1,1,1,1,2021-11-02 22:48:59-04:00
2,2,2,2,2,2,2021-11-02 22:51:01-04:00
2,2,2,2,2,2,2021-11-02 23:14:21-04:00
2,2,2,2,2,2,2021-11-02 23:31:37-04:00
1,1,1,1,1,1,2021-11-04 15:48:32-04:00
0,0,0,0,0,0,2021-11-04 21:15:49-04:00
0,0,0,0,0,0,2021-11-04 21:18:02-04:00
0,0,0,0,0,0,2021-11-04 21:20:32-04:00
2,2,2,2,2,2,2021-11-04 22:21:14-04:00
0,0,0,0,0,0,2021-11-05 09:36:39-05:00
0,0,0,0,0,0,2021-11-05 15:34:42-04:00
0,0,0,0,0,0,2021-11-05 16:50:25-04:00
1,1,1,1,1,1,2021-11-05 17:45:15-04:00
0,0,0,0,0,0,2021-11-05 17:49:19-04:00
0,0,0,0,0,1,2021-11-06 10:33:00-04:00
0,0,0,0,0,0,2021-11-06 12:29:57-04:00
0,0,0,0,0,0,2021-11-06 13:14:20-04:00
0,0,0,0,0,1,2021-11-06 13:42:52-04:00
0,0,0,0,0,1,2021-11-06 14:26:55-04:00
0,0,0,0,0,0,2021-11-07 16:19:26-05:00
1,1,1,1,1,1,2021-11-07 16:28:53-05:00
1,1,1,1,1,1,2021-11-07 17:02:41-05:00
1,1,1,1,1,2,2021-11-07 22:02:22-05:00
0,0,0,0,0,0,2021-11-08 00:37:28-05:00
0,0,0,0,0,0,2021-11-08 08:21:20-05:00
0,0,0,0,0,0,2021-11-08 08:24:51-05:00
0,0,0,0,0,0,2021-11-08 17:57:33-06:00
0,0,0,0,0,0,2021-11-08 18:59:17-05:00
0,0,0,0,0,0,2021-11-08 18:00:58-06:00
1,1,1,1,1,2,2021-11-09 00:28:38-05:00
0,0,0,0,0,0,2021-11-09 18:24:11-05:00
0,0,0,0,0,0,2021-11-09 18:09:19-06:00
0,0,0,0,0,0,2021-11-09 18:15:37-06:00
1,1,1,1,1,2,2021-11-09 18:18:56-06:00
0,0,0,0,0,0,2021-11-09 18:27:01-06:00
0,0,0,0,0,0,2021-11-09 19:44:59-05:00
0,0,0,0,0,0,2021-11-09 19:45:33-05:00
0,0,0,0,0,0,2021-11-09 18:46:11-06:00
0,0,0,0,0,0,2021-11-09 19:51:11-05:00
0,0,0,0,0,0,2021-11-09 20:01:19-05:00
0,0,0,0,0,0,2021-11-09 20:02:04-05:00
1,0,0,0,0,0,2021-11-09 20:02:45-05:00
0,0,0,0,0,0,2021-11-09 20:03:54-05:00
0,0,0,0,0,0,2021-11-09 20:04:06-05:00
0,0,0,0,0,0,2021-11-09 20:04:33-05:00
0,0,0,0,0,0,2021-11-09 20:36:32-05:00
0,0,0,0,0,0,2021-11-09 20:36:46-05:00
0,0,0,0,0,0,2021-11-09 20:38:32-05:00
0,0,0,0,0,0,2021-11-09 21:12:46-05:00
0,0,0,0,0,0,2021-11-09 21:20:30-05:00
0,0,0,0,0,0,2021-11-09 21:20:41-05:00
0,0,0,0,0,0,2021-11-09 21:34:00-05:00
0,0,0,0,0,0,2021-11-09 21:34:24-05:00
0,0,0,0,0,0,2021-11-09 21:45:48-05:00
0,0,0,0,0,0,2021-11-09 21:46:25-05:00
0,0,0,0,0,0,2021-11-09 22:00:51-05:00
0,0,0,0,0,0,2021-11-09 22:01:03-05:00
0,0,0,0,0,1,2021-11-09 22:01:40-05:00
0,0,0,0,0,0,2021-11-09 22:10:42-05:00
0,0,0,0,0,1,2021-11-09 22:11:10-05:00
0,0,0,0,0,0,2021-11-09 22:11:20-05:00
0,0,0,0,0,0,2021-11-09 22:11:31-05:00
0,0,0,0,0,0,2021-11-09 22:13:28-05:00
0,0,0,0,0,0,2021-11-09 22:58:43-05:00
0,0,0,0,0,0,2021-11-09 22:59:08-05:00
0,0,0,0,0,0,2021-11-09 23:00:01-05:00
0,0,0,0,0,0,2021-11-10 01:32:53-05:00
0,0,0,0,0,0,2021-11-10 01:34:38-05:00
0,0,0,0,0,0,2021-11-10 01:36:20-05:00
0,0,0,0,0,0,2021-11-10 09:24:10-06:00
0,0,0,0,0,0,2021-11-10 09:25:02-06:00
0,0,0,0,0,0,2021-11-10 15:48:48-05:00
0,0,0,0,0,0,2021-11-10 16:17:10-05:00
0,0,0,0,0,0,2021-11-10 16:20:11-05:00
0,0,0,0,0,0,2021-11-10 16:23:30-05:00
0,0,0,0,0,0,2021-11-10 17:15:23-06:00
0,0,0,0,0,0,2021-11-10 19:33:46-05:00
0,0,0,0,0,0,2021-11-10 19:34:34-05:00
0,0,0,0,0,0,2021-11-10 19:41:21-05:00
0,0,0,0,0,0,2021-11-10 19:45:26-05:00
0,0,0,0,0,0,2021-11-10 19:46:06-05:00
0,0,0,0,0,0,2021-11-10 23:31:50-05:00
0,0,0,0,0,0,2021-11-10 23:32:49-05:00
0,0,0,0,0,0,2021-11-10 23:33:43-05:00
0,0,0,0,0,0,2021-11-10 23:54:17-05:00
0,0,0,0,0,0,2021-11-11 00:00:32-05:00
0,0,0,0,0,0,2021-11-11 00:00:44-05:00
0,0,0,0,0,0,2021-11-11 00:14:59-05:00
0,0,0,0,0,0,2021-11-11 00:18:30-05:00
0,0,0,0,0,0,2021-11-11 00:22:18-05:00
0,0,0,0,0,0,2021-11-11 00:30:13-05:00
0,0,0,0,0,0,2021-11-11 00:47:11-05:00
0,0,0,0,0,0,2021-11-11 10:57:26-05:00
0,0,0,0,0,0,2021-11-11 10:58:15-05:00
0,0,0,0,0,0,2021-11-11 14:32:49-05:00
0,0,0,0,0,0,2021-11-11 14:42:50-05:00
0,0,0,0,0,0,2021-11-11 14:58:20-05:00
0,0,0,0,0,0,2021-11-11 15:17:10-05:00
0,0,0,0,0,0,2021-11-11 15:19:33-05:00
0,0,0,0,0,0,2021-11-11 15:21:19-05:00
0,0,0,0,0,0,2021-11-11 15:21:49-05:00
0,0,0,0,0,0,2021-11-11 14:27:41-06:00
0,0,0,0,0,0,2021-11-11 14:32:39-06:00
0,0,0,0,0,0,2021-11-11 14:33:43-06:00
0,0,0,0,0,0,2021-11-11 14:34:47-06:00
0,0,0,0,0,0,2021-11-11 15:34:59-05:00
0,0,0,0,0,0,2021-11-11 14:36:35-06:00
0,0,0,0,0,0,2021-11-11 14:38:10-06:00
0,0,0,0,0,0,2021-11-11 14:39:04-06:00
0,0,0,0,0,0,2021-11-11 15:40:40-05:00
0,0,0,0,0,0,2021-11-11 14:41:07-06:00
0,0,0,0,0,0,2021-11-11 14:41:55-06:00
0,0,0,0,0,0,2021-11-11 15:42:59-05:00
0,0,0,0,0,0,2021-11-11 14:43:13-06:00
0,0,0,0,0,0,2021-11-11 14:43:50-06:00
0,0,0,0,0,0,2021-11-11 14:44:47-06:00
0,0,0,0,0,0,2021-11-11 14:45:38-06:00
0,0,0,0,0,0,2021-11-11 15:46:39-05:00
0,0,0,0,0,0,2021-11-11 15:47:56-05:00
0,0,0,0,0,0,2021-11-11 16:07:06-05:00
0,0,0,0,0,0,2021-11-11 16:10:46-05:00
0,0,0,0,0,0,2021-11-11 16:12:11-05:00
0,0,0,0,0,0,2021-11-11 17:02:04-05:00
0,0,0,0,0,0,2021-11-11 17:10:15-05:00
0,0,0,0,0,0,2021-11-11 17:10:55-05:00
0,0,0,0,0,0,2021-11-11 17:11:37-05:00
0,0,0,0,0,0,2021-11-11 16:27:54-06:00
0,0,0,0,0,0,2021-11-11 16:29:45-06:00
0,0,0,0,0,0,2021-11-11 16:33:06-06:00
0,0,0,0,0,0,2021-11-11 17:40:33-05:00
0,0,0,0,0,0,2021-11-11 17:41:32-05:00
0,0,0,0,0,0,2021-11-11 17:42:35-05:00
0,0,0,0,0,0,2021-11-11 17:43:53-05:00
0,0,0,0,0,0,2021-11-11 17:44:22-05:00
0,0,0,0,0,0,2021-11-11 17:51:09-05:00
0,0,0,0,0,0,2021-11-11 17:56:19-05:00
0,0,0,0,0,0,2021-11-11 17:57:19-05:00
0,0,0,0,0,0,2021-11-11 18:04:04-05:00
0,0,0,0,0,0,2021-11-11 18:14:22-05:00
0,0,0,0,0,0,2021-11-11 18:20:29-05:00
0,0,0,0,0,0,2021-11-11 18:20:58-05:00
0,0,0,0,0,0,2021-11-11 18:32:49-05:00
0,0,0,0,0,0,2021-11-11 18:45:39-05:00
0,0,0,0,0,0,2021-11-11 18:52:28-05:00
0,0,0,0,0,0,2021-11-11 18:57:48-05:00
0,0,0,0,0,0,2021-11-11 19:10:50-05:00
0,0,0,0,0,0,2021-11-11 19:11:08-05:00
0,0,0,0,0,0,2021-11-11 19:18:29-05:00
0,0,0,0,0,0,2021-11-11 19:25:11-05:00
0,0,0,0,0,0,2021-11-11 19:40:55-05:00
0,0,0,0,0,0,2021-11-11 19:43:10-05:00
0,0,0,0,0,0,2021-11-11 19:49:21-05:00
0,0,0,0,0,0,2021-11-11 19:53:39-05:00
0,0,0,0,0,0,2021-11-11 19:56:15-05:00
0,0,0,0,0,0,2021-11-11 20:00:44-05:00
0,0,0,0,0,0,2021-11-11 20:05:43-05:00
0,0,0,0,0,0,2021-11-11 20:49:41-05:00
0,0,0,0,0,0,2021-11-11 21:00:49-05:00
0,0,0,0,0,0,2021-11-11 22:20:07-05:00
0,0,0,0,0,0,2021-11-11 22:21:09-05:00
0,0,0,0,0,0,2021-11-11 22:24:59-05:00
0,0,0,0,0,0,2021-11-11 22:27:10-05:00
0,0,0,0,0,0,2021-11-16 13:23:39-05:00
0,0,0,0,0,0,2021-12-15 12:08:49-05:00
0,0,0,0,0,1,2022-02-15 14:35:59-05:00
0,0,0,0,0,1,2022-02-15 18:01:22-05:00
0,0,0,0,0,0,2022-02-15 20:31:45-05:00
0,0,0,0,0,0,2022-02-19 22:29:14-05:00
0,0,0,0,0,0,2022-02-20 00:13:55-05:00
0,0,0,0,0,1,2022-02-20 21:43:13-05:00
0,0,0,0,0,0,2022-02-20 21:45:57-05:00
