Acquisition,Preparation,Modeling,Training,Evaluation,Prediction,time
4,4,0,2,0,1,2019-01-10 11:37:59-05:00
0,0,0,0,0,0,2019-01-10 17:34:55-05:00
0,0,0,0,0,0,2019-01-10 17:38:55-05:00
0,0,0,0,0,0,2019-01-10 17:40:00-05:00
0,0,0,0,0,0,2019-01-10 17:40:41-05:00
0,0,0,0,0,0,2019-01-10 17:49:30-05:00
0,0,0,0,0,0,2019-01-10 17:51:29-05:00
0,0,0,0,0,0,2019-01-10 17:52:48-05:00
0,0,0,0,0,0,2019-01-10 19:51:36-05:00
0,0,0,0,0,0,2019-01-10 19:56:44-05:00
0,0,0,0,0,0,2019-01-10 21:50:44-05:00
0,0,0,0,0,0,2019-01-10 21:51:30-05:00
0,0,0,0,0,0,2019-01-10 23:29:51-05:00
0,0,0,0,0,0,2019-01-10 23:49:33-05:00
0,0,0,0,0,0,2019-01-11 09:19:34-05:00
4,3,0,1,0,0,2019-01-12 09:31:01-05:00
3,2,0,2,0,1,2019-01-13 15:18:18-05:00
0,0,0,0,0,0,2019-01-13 15:41:25-05:00
0,0,0,0,0,0,2019-01-13 15:42:49-05:00
0,0,0,0,0,0,2019-01-13 15:44:03-05:00
0,0,0,0,0,0,2019-01-13 15:44:42-05:00
0,0,0,0,0,0,2019-01-13 15:45:32-05:00
0,0,0,0,0,0,2019-01-13 15:46:14-05:00
0,0,0,0,0,0,2019-01-14 10:15:36-05:00
5,6,2,2,0,2,2019-06-13 21:00:20-04:00
0,0,0,0,0,0,2019-06-13 21:03:46-04:00
0,0,0,0,0,0,2019-06-15 23:15:12-04:00
0,0,0,0,0,0,2019-06-15 23:23:36-04:00
0,0,0,0,0,0,2019-06-16 01:15:18-04:00
0,0,0,0,0,0,2019-06-16 01:15:21-04:00
1,1,0,1,0,1,2019-06-16 16:06:50-04:00
0,0,0,0,0,0,2019-06-16 16:10:44-04:00
0,0,0,0,0,0,2019-06-16 16:12:41-04:00
0,0,0,0,0,0,2019-06-16 16:20:51-04:00
0,1,0,1,0,1,2019-06-17 06:54:20-04:00
0,0,0,0,0,0,2019-06-17 06:56:48-04:00
0,0,0,0,0,0,2019-06-17 11:53:46-04:00
0,0,0,0,0,0,2019-06-17 12:01:01-04:00
1,2,0,1,0,1,2019-06-17 15:35:40-04:00
1,2,2,2,0,2,2019-06-17 21:04:50-04:00
0,2,0,2,0,2,2019-06-17 23:45:12-04:00
0,1,0,1,0,1,2019-06-17 23:56:23-04:00
0,0,0,0,0,0,2019-06-18 17:35:11-04:00
0,0,0,0,0,0,2019-06-18 17:41:18-04:00
1,0,0,0,0,0,2019-06-18 20:45:20-04:00
0,0,0,0,0,0,2019-06-18 20:46:12-04:00
1,0,0,0,0,0,2019-06-18 20:48:05-04:00
0,0,0,0,0,0,2019-06-18 20:49:53-04:00
0,0,0,0,0,0,2019-06-18 20:52:27-04:00
0,1,0,1,0,1,2019-06-22 09:07:31-04:00
0,2,0,2,0,2,2019-06-22 12:36:42-04:00
0,2,0,2,0,2,2019-06-25 09:02:54-04:00
0,0,0,0,0,0,2019-06-30 00:16:51-04:00
2,2,1,1,0,1,2019-07-04 23:35:36-04:00
0,0,0,0,0,0,2019-07-10 13:07:14-04:00
0,0,0,0,0,0,2019-09-08 14:53:47-04:00
0,0,0,0,0,0,2019-09-08 15:13:15-04:00
0,0,0,0,0,0,2019-09-08 15:25:30-04:00
0,0,0,0,0,0,2019-09-08 16:10:37-04:00
0,0,0,0,0,0,2019-09-08 16:11:28-04:00
0,0,0,0,0,0,2019-09-08 16:14:00-04:00
0,0,0,0,0,0,2019-09-09 00:27:12-04:00
0,0,0,0,0,0,2019-09-09 00:36:07-04:00
0,0,0,0,0,0,2019-09-09 00:49:41-04:00
0,0,0,0,0,0,2019-09-09 01:07:34-04:00
0,0,0,0,0,0,2019-09-09 22:49:50-04:00
0,0,0,0,0,0,2019-09-09 23:17:31-04:00
0,0,0,0,0,0,2019-09-09 23:41:03-04:00
0,0,0,0,0,0,2019-09-09 23:43:36-04:00
0,0,0,0,0,0,2019-09-09 23:50:12-04:00
0,0,0,0,0,0,2019-09-09 23:52:30-04:00
0,0,0,0,0,0,2019-09-10 00:14:21-04:00
0,0,1,0,0,0,2019-09-10 00:20:14-04:00
0,0,0,0,0,0,2019-09-10 00:25:48-04:00
0,1,0,1,0,1,2019-09-10 00:32:29-04:00
0,0,1,0,0,0,2019-09-10 14:53:22-04:00
0,0,1,0,0,0,2019-09-10 14:56:21-04:00
0,0,0,0,0,0,2019-09-10 15:13:08-04:00
0,0,1,0,0,0,2019-09-10 15:40:17-04:00
0,0,0,0,0,0,2019-09-10 15:43:32-04:00
0,0,1,0,0,0,2019-09-10 15:45:26-04:00
0,0,0,0,0,0,2019-09-10 20:32:41-04:00
0,0,0,0,0,0,2019-09-10 20:36:38-04:00
0,0,0,0,0,0,2019-09-10 20:40:46-04:00
0,1,0,1,0,1,2019-09-10 20:46:15-04:00
0,0,0,0,0,0,2020-02-17 22:09:49-05:00
1,0,0,0,0,0,2020-05-16 18:00:38-04:00
0,0,0,0,0,0,2020-05-16 18:01:00-04:00
1,0,0,0,0,0,2020-05-16 20:18:57-04:00
1,0,0,0,0,0,2020-05-16 20:20:34-04:00
0,0,0,0,0,0,2020-05-16 20:22:03-04:00
0,1,0,1,0,1,2020-05-16 20:50:18-04:00
0,1,0,1,0,1,2020-05-16 20:55:41-04:00
0,0,0,0,0,0,2020-05-16 20:57:43-04:00
4,2,0,1,0,1,2020-05-25 10:51:25-04:00
0,0,0,0,0,0,2020-05-25 10:51:45-04:00
4,4,3,3,0,3,2020-05-25 11:02:45-04:00
0,3,0,3,0,3,2020-05-29 08:42:41-04:00
0,0,0,0,0,0,2020-06-04 14:35:31-04:00
0,0,0,0,0,0,2020-06-22 23:38:18-04:00
0,0,0,0,0,0,2020-06-22 23:38:34-04:00
1,2,1,1,0,1,2020-06-27 15:11:52-04:00
3,4,2,2,0,2,2020-07-21 10:17:25-04:00
0,0,0,0,0,0,2020-07-21 10:20:28-04:00
0,0,0,0,0,0,2020-07-21 10:22:08-04:00
0,0,0,0,0,0,2021-02-11 07:47:31-05:00
0,1,1,1,0,1,2021-02-13 21:48:26-05:00
0,0,1,0,0,0,2021-02-13 22:09:14-05:00
0,1,0,1,0,1,2021-02-13 22:54:06-05:00
0,1,1,1,0,1,2021-02-13 23:07:19-05:00
0,0,0,0,0,0,2021-02-13 23:09:09-05:00
0,2,0,2,0,2,2021-02-14 12:47:16-05:00
0,0,0,0,0,0,2021-02-17 09:51:55-05:00
0,3,2,3,0,3,2021-02-19 20:39:53-05:00
0,1,0,1,0,1,2021-02-19 21:22:21-05:00
0,2,0,2,0,2,2021-02-19 21:30:51-05:00
0,1,0,1,0,1,2021-02-19 22:01:32-05:00
0,1,1,1,0,1,2021-02-19 22:03:10-05:00
