Acquisition,Preparation,Modeling,Training,Evaluation,Prediction,time
23,64,32,26,12,11,2020-10-25 17:06:51+09:00
4,4,2,2,2,0,2020-10-25 17:25:04+09:00
1,1,1,1,0,0,2020-10-25 17:46:57+09:00
3,3,1,1,1,0,2020-10-26 06:49:33+09:00
0,0,0,0,0,0,2020-10-26 11:15:04+09:00
0,4,8,4,3,1,2020-10-26 16:46:03+09:00
4,6,3,2,2,0,2020-10-27 13:14:02+09:00
0,0,0,0,0,0,2020-10-27 13:19:47+09:00
1,1,1,1,0,0,2020-10-27 13:35:38+09:00
0,0,0,0,0,0,2020-10-28 08:23:05+09:00
5,7,3,3,2,0,2020-10-28 08:24:45+09:00
3,5,3,3,2,0,2020-10-28 15:28:25+09:00
0,0,1,1,1,0,2020-10-28 21:49:47+09:00
0,1,1,1,0,0,2020-10-31 06:36:11+09:00
0,0,1,1,1,0,2020-11-06 15:17:52+09:00
0,0,0,0,0,0,2020-11-06 15:19:52+09:00
0,0,1,1,0,0,2020-11-06 15:21:51+09:00
0,0,0,0,0,0,2020-11-06 15:22:53+09:00
4,4,5,4,3,0,2020-11-07 06:55:46+09:00
0,0,0,0,0,0,2020-11-07 07:16:56+09:00
0,0,0,0,0,0,2020-11-07 07:18:21+09:00
0,0,0,0,0,0,2020-11-07 15:52:39+09:00
0,0,0,0,0,0,2020-11-08 15:10:34+09:00
0,0,0,0,0,0,2020-11-08 16:50:32+09:00
0,0,0,0,0,0,2020-11-08 16:55:04+09:00
4,9,11,6,4,4,2020-11-10 08:29:40+09:00
0,2,0,0,0,0,2020-11-13 16:13:30+09:00
0,0,2,2,1,0,2020-11-14 09:04:47+09:00
0,0,0,0,0,0,2020-11-14 09:14:34+09:00
0,0,0,0,0,0,2020-11-16 07:42:53+09:00
0,0,0,1,1,0,2020-11-17 13:20:05+09:00
0,0,0,0,0,0,2020-11-17 13:47:28+09:00
0,0,0,0,0,0,2020-11-17 14:40:11+09:00
1,4,3,3,2,2,2020-11-18 16:25:35+09:00
5,4,1,2,1,0,2020-11-20 06:40:48+09:00
7,3,3,4,3,0,2020-11-20 11:33:24+09:00
0,0,0,0,0,0,2020-11-21 06:04:30+09:00
0,0,0,0,0,0,2020-11-21 06:04:52+09:00
1,3,1,1,1,1,2020-11-21 06:07:57+09:00
0,0,0,0,0,0,2020-11-21 06:08:31+09:00
8,4,4,11,10,2,2020-11-22 14:29:40+09:00
0,0,1,1,1,0,2020-11-22 14:30:56+09:00
0,0,0,0,0,0,2020-11-22 14:31:11+09:00
5,5,2,2,3,0,2020-11-22 18:29:38+09:00
9,7,3,9,8,2,2020-11-22 18:31:17+09:00
0,0,0,0,0,0,2020-11-22 18:31:34+09:00
2,2,1,1,2,0,2020-11-22 19:00:46+09:00
0,0,1,1,1,0,2020-11-23 08:03:42+09:00
2,5,3,3,3,0,2020-11-23 13:10:46+09:00
3,3,2,2,2,0,2020-11-23 17:45:34+09:00
1,0,1,3,1,0,2020-11-24 13:03:56+09:00
2,4,3,3,3,2,2020-11-24 13:14:23+09:00
2,2,1,1,1,0,2020-11-24 13:52:13+09:00
2,5,5,6,1,2,2020-11-24 18:45:51+09:00
10,12,6,12,10,4,2020-11-25 09:49:59+09:00
1,3,3,3,1,1,2020-11-25 11:01:46+09:00
0,0,1,2,1,0,2020-11-26 12:45:30+09:00
0,1,1,2,0,1,2020-11-26 22:28:42+09:00
0,0,0,1,0,0,2020-11-26 22:28:57+09:00
0,0,0,1,0,0,2020-11-26 23:02:33+09:00
