Acquisition,Preparation,Modeling,Training,Evaluation,Prediction,time
0,0,0,0,0,0,2020-06-05 23:36:04+08:00
2,2,0,0,0,0,2020-06-05 11:36:53-04:00
0,0,0,0,0,0,2020-06-05 11:38:32-04:00
0,0,0,0,0,0,2020-06-05 23:56:20+08:00
3,5,1,1,0,0,2020-06-16 02:10:32-04:00
1,1,0,0,0,0,2020-06-16 14:11:14+08:00
0,0,0,0,0,0,2020-06-16 14:11:49+08:00
2,2,0,0,0,0,2020-06-16 02:24:56-04:00
0,1,0,0,0,0,2020-06-18 20:45:22+08:00
1,1,1,1,0,0,2020-06-18 20:45:33+08:00
1,1,0,0,0,0,2020-06-18 20:45:42+08:00
2,3,1,1,0,0,2020-06-18 08:46:17-04:00
1,1,0,0,0,0,2020-07-07 14:52:33+08:00
1,1,0,0,0,0,2020-07-28 13:26:47+08:00
0,1,0,0,0,0,2020-07-28 13:27:28+08:00
0,1,0,0,0,0,2020-07-28 13:27:47+08:00
1,1,0,0,0,0,2020-08-05 21:23:29+08:00
1,1,0,0,0,0,2020-08-06 17:01:31+08:00
0,1,0,0,0,0,2020-08-06 17:01:45+08:00
0,1,0,0,0,0,2020-08-06 17:01:58+08:00
1,1,0,0,0,0,2020-08-06 17:02:17+08:00
2,2,0,0,0,0,2020-08-14 04:44:49-04:00
1,1,0,0,0,0,2020-08-14 10:56:11-04:00
0,0,0,0,0,0,2021-01-14 16:10:00+08:00
1,1,0,0,0,0,2021-01-27 18:11:49+08:00
0,0,0,0,0,0,2021-03-23 17:30:02+08:00
0,0,0,0,0,0,2021-03-23 17:30:27+08:00
0,0,0,0,0,0,2021-04-06 08:32:42+08:00
0,0,0,0,0,0,2021-04-06 08:33:11+08:00
1,1,1,1,0,0,2021-04-09 14:21:38-04:00
0,0,0,0,0,0,2021-04-09 14:23:38-04:00
0,0,0,0,0,0,2021-04-09 14:26:49-04:00
0,0,0,0,0,0,2021-04-09 14:26:56-04:00
0,0,0,0,0,0,2021-04-11 14:04:20+08:00
2,4,0,0,0,0,2021-04-11 14:05:13+08:00
0,0,0,0,0,0,2021-04-12 10:24:20+08:00
0,0,0,0,0,0,2021-04-12 10:25:35+08:00
0,0,0,0,0,0,2021-04-12 10:26:39+08:00
0,0,0,0,0,0,2021-04-12 10:26:50+08:00
0,0,0,0,0,0,2021-04-12 10:27:13+08:00
0,0,0,0,0,0,2021-04-12 10:27:29+08:00
0,0,0,0,0,0,2021-04-12 10:28:37+08:00
1,1,1,1,0,0,2021-04-12 10:24:25-04:00
0,0,0,0,0,0,2021-04-12 10:24:51-04:00
0,0,0,0,0,0,2021-04-12 13:15:27-04:00
0,0,0,0,0,0,2021-04-16 22:46:59+08:00
0,0,0,0,0,0,2021-04-16 22:47:34+08:00
0,0,0,0,0,0,2021-09-14 16:06:59-04:00
1,1,0,0,0,0,2021-11-15 16:06:38-05:00
0,1,0,0,0,0,2021-11-15 16:06:53-05:00
1,1,0,0,0,0,2021-11-15 16:07:06-05:00
0,1,0,0,0,0,2021-11-15 16:07:16-05:00
0,0,0,0,0,0,2022-01-20 16:52:52-05:00
1,1,0,0,0,0,2022-01-20 18:01:45-05:00
1,1,0,0,0,0,2022-01-20 18:02:22-05:00
1,1,0,0,0,0,2022-01-20 19:15:28-05:00
2,2,1,1,0,0,2022-01-24 17:51:20-05:00
0,0,0,0,0,0,2022-01-24 17:53:49-05:00
2,2,0,0,0,0,2022-02-25 11:14:21-05:00
1,1,0,0,0,0,2022-02-25 11:15:47-05:00
1,1,0,0,0,0,2022-02-25 11:17:02-05:00
0,0,0,0,0,0,2022-02-25 11:17:35-05:00
0,0,0,0,0,0,2022-03-23 19:24:41-04:00
0,1,0,0,0,0,2022-03-23 19:28:05-04:00
0,0,0,0,0,0,2022-03-23 19:30:18-04:00
0,0,0,0,0,0,2022-03-23 19:30:49-04:00
0,0,0,0,0,0,2022-03-23 19:31:53-04:00
