Acquisition,Preparation,Modeling,Training,Evaluation,Prediction,time
21,18,4,3,2,0,2021-02-01 22:45:25+07:00
2,2,0,0,0,0,2021-02-02 12:38:58+07:00
0,0,0,0,0,0,2021-03-16 15:22:02+07:00
4,9,2,4,2,3,2021-03-16 15:31:37+07:00
0,0,0,0,0,0,2021-03-16 15:32:12+07:00
5,5,1,0,1,0,2021-03-16 15:39:21+07:00
0,0,0,0,0,0,2021-03-19 12:07:10+07:00
0,1,0,0,0,1,2021-03-19 12:16:55+07:00
0,0,0,0,0,0,2021-03-19 13:15:43+07:00
0,0,0,0,0,0,2021-03-22 12:05:57+07:00
0,0,0,0,0,0,2021-03-22 12:13:18+07:00
0,0,0,0,0,0,2021-03-22 12:45:02+07:00
21,18,4,3,2,0,2021-03-22 15:46:03+07:00
0,0,0,0,0,0,2021-03-22 15:48:41+07:00
0,0,0,0,0,0,2021-03-22 15:50:04+07:00
0,0,0,0,0,0,2021-03-22 15:58:29+07:00
0,0,0,0,0,0,2021-03-22 16:06:22+07:00
21,18,4,3,2,0,2021-03-22 16:21:48+07:00
0,0,0,0,0,0,2021-03-22 16:23:31+07:00
6,11,2,4,2,3,2021-03-23 10:14:17+07:00
0,0,0,0,0,0,2021-03-25 13:05:32+07:00
0,0,0,0,0,0,2021-03-25 13:05:45+07:00
4,7,3,3,1,1,2021-03-25 13:50:26+07:00
0,0,0,0,0,0,2021-03-25 14:13:17+07:00
0,1,0,1,0,1,2021-03-25 14:23:33+07:00
0,0,0,0,0,0,2021-03-25 15:03:18+07:00
1,1,1,0,0,0,2021-03-25 15:03:27+07:00
2,7,2,3,1,1,2021-03-29 12:42:10+07:00
2,4,2,3,0,1,2021-03-29 16:13:07+07:00
3,5,2,3,0,1,2021-03-29 16:40:21+07:00
1,0,0,0,0,0,2021-03-29 16:51:35+07:00
1,0,0,0,0,0,2021-03-29 17:15:58+07:00
0,0,0,0,0,0,2021-03-29 17:35:44+07:00
0,0,0,0,0,0,2021-03-29 17:37:17+07:00
1,0,0,0,0,0,2021-03-30 09:43:40+07:00
0,2,0,1,0,1,2021-03-30 13:32:30+07:00
0,0,0,0,0,0,2021-03-30 17:00:57+07:00
0,0,0,0,0,0,2021-03-30 17:06:48+07:00
0,0,0,0,0,0,2021-03-30 17:11:37+07:00
0,0,0,0,0,0,2021-03-30 17:17:38+07:00
1,0,0,0,0,0,2021-03-30 17:44:57+07:00
1,0,0,0,0,0,2021-03-30 18:17:43+07:00
0,0,0,0,0,0,2021-03-30 18:18:19+07:00
0,0,0,0,0,0,2021-03-30 18:18:38+07:00
3,8,2,3,1,1,2021-03-31 10:19:48+07:00
0,0,0,0,0,0,2021-03-31 10:24:19+07:00
0,1,0,0,1,0,2021-03-31 10:30:53+07:00
1,0,0,0,0,0,2021-03-31 12:50:45+07:00
1,0,0,0,0,0,2021-03-31 13:17:28+07:00
0,0,0,0,0,0,2021-03-31 13:24:00+07:00
0,0,0,0,0,0,2021-03-31 13:29:59+07:00
0,0,0,0,0,0,2021-03-31 13:30:58+07:00
0,0,0,0,0,0,2021-04-06 15:36:51+07:00
0,1,1,0,0,0,2021-04-06 16:10:54+07:00
0,0,0,0,0,0,2021-04-06 16:14:29+07:00
0,0,0,0,0,0,2021-04-06 16:20:00+07:00
0,0,0,0,0,0,2021-04-06 16:21:33+07:00
0,0,0,0,0,0,2021-04-06 16:23:42+07:00
0,0,0,0,0,0,2021-04-07 09:51:28+07:00
0,0,0,0,0,0,2021-04-07 09:51:43+07:00
0,0,0,0,0,0,2021-04-07 09:51:57+07:00
0,0,0,0,0,0,2021-04-07 09:55:26+07:00
0,0,0,0,0,0,2021-04-07 10:02:11+07:00
0,0,0,0,0,0,2021-04-07 10:09:33+07:00
0,0,0,0,0,0,2021-04-07 10:13:20+07:00
0,0,0,0,0,0,2021-04-07 10:16:47+07:00
0,0,0,0,0,0,2021-04-07 10:53:35+07:00
0,0,0,0,0,0,2021-04-07 11:06:56+07:00
1,0,0,0,0,0,2021-04-07 11:13:20+07:00
1,6,1,2,1,2,2021-04-07 11:24:00+07:00
0,0,0,0,0,0,2021-04-07 11:24:47+07:00
0,0,0,0,0,0,2021-04-07 11:29:11+07:00
1,0,0,0,0,0,2021-04-07 11:40:50+07:00
0,0,0,0,0,0,2021-04-07 11:49:43+07:00
0,0,0,0,0,0,2021-04-07 11:55:22+07:00
0,0,0,0,0,0,2021-04-07 13:39:12+07:00
0,0,0,0,0,0,2021-04-07 13:30:50+07:00
0,0,0,0,0,0,2021-04-07 13:41:35+07:00
0,2,0,0,0,0,2021-04-07 13:41:45+07:00
0,0,0,0,0,0,2021-04-08 11:46:39+07:00
0,1,0,0,0,0,2021-04-08 11:48:24+07:00
0,0,0,0,0,0,2021-04-08 11:48:40+07:00
0,1,0,0,0,0,2021-04-08 11:49:15+07:00
0,2,0,0,0,0,2021-04-09 11:42:17+07:00
0,0,0,0,0,0,2021-04-09 11:42:36+07:00
1,6,1,2,1,2,2021-04-07 11:24:00+07:00
1,0,0,0,0,0,2021-04-07 11:40:50+07:00
0,0,0,0,0,0,2021-04-07 11:49:43+07:00
0,0,0,0,0,0,2021-04-07 11:55:22+07:00
1,3,0,2,0,1,2021-04-15 09:20:18+07:00
0,0,0,0,0,0,2021-04-15 09:24:00+07:00
1,3,0,2,0,1,2021-04-07 11:24:00+07:00
1,3,0,2,0,1,2021-04-15 09:20:18+07:00
1,0,0,0,0,0,2021-04-15 12:58:19+07:00
0,0,0,0,0,0,2021-04-15 13:05:12+07:00
0,0,0,0,0,0,2021-04-15 13:06:22+07:00
1,0,0,0,0,0,2021-04-15 13:08:12+07:00
1,1,0,0,0,0,2021-04-15 13:12:36+07:00
0,0,0,0,0,0,2021-04-15 13:13:13+07:00
1,0,0,0,0,0,2021-04-15 13:14:07+07:00
0,2,0,1,0,1,2021-04-15 13:14:43+07:00
0,1,0,0,0,0,2021-04-15 13:15:10+07:00
1,0,0,0,0,0,2021-04-15 13:17:05+07:00
1,1,0,0,0,0,2021-04-15 13:12:36+07:00
0,0,0,0,0,0,2021-04-15 13:13:13+07:00
1,0,0,0,0,0,2021-04-15 13:14:07+07:00
0,2,0,1,0,1,2021-04-15 13:14:43+07:00
0,1,0,0,0,0,2021-04-15 13:15:10+07:00
0,0,0,0,0,0,2021-04-15 13:17:51+07:00
1,1,0,0,0,0,2021-04-19 10:46:54+07:00
0,0,0,0,0,0,2021-04-19 10:55:38+07:00
0,0,0,0,0,0,2021-04-20 11:01:59+07:00
0,0,0,0,0,0,2021-04-20 11:09:10+07:00
0,0,0,0,0,0,2021-04-22 11:32:07+07:00
0,1,0,0,0,0,2021-04-22 17:22:06+07:00
0,2,1,0,0,0,2021-04-23 11:41:22+07:00
1,2,0,1,0,1,2021-04-26 13:29:47+07:00
0,2,0,0,0,0,2021-04-26 13:49:47+07:00
2,1,0,0,0,0,2021-04-26 16:14:31+07:00
1,0,0,0,0,0,2021-04-26 16:16:55+07:00
1,0,0,0,0,0,2021-04-26 16:20:59+07:00
0,0,0,0,0,0,2021-04-27 10:21:46+07:00
1,0,0,0,0,0,2021-04-27 10:21:52+07:00
2,1,0,1,0,1,2021-04-27 10:31:03+07:00
0,0,0,0,0,0,2021-04-27 10:54:50+07:00
0,1,0,0,0,0,2021-04-27 10:55:50+07:00
0,0,0,0,0,0,2021-04-27 10:57:09+07:00
1,1,0,0,0,0,2021-04-27 10:58:06+07:00
1,1,0,0,0,0,2021-04-27 10:58:39+07:00
0,0,0,0,0,0,2021-04-27 10:58:50+07:00
1,1,0,0,0,0,2021-04-27 11:16:05+07:00
0,1,0,1,0,1,2021-04-27 12:04:41+07:00
0,0,0,0,0,0,2021-04-27 12:16:35+07:00
0,0,0,0,0,0,2021-04-27 12:22:50+07:00
0,0,0,0,0,0,2021-04-27 12:30:27+07:00
0,0,0,0,0,0,2021-04-27 10:21:46+07:00
1,0,0,0,0,0,2021-04-27 10:21:52+07:00
0,0,0,0,0,0,2021-04-27 10:54:50+07:00
0,1,0,0,0,0,2021-04-27 10:55:50+07:00
0,0,0,0,0,0,2021-04-27 10:57:09+07:00
1,1,0,0,0,0,2021-04-27 10:58:06+07:00
1,1,0,0,0,0,2021-04-27 10:58:39+07:00
0,0,0,0,0,0,2021-04-27 10:58:50+07:00
1,1,0,0,0,0,2021-04-27 11:16:05+07:00
0,0,0,0,0,0,2021-04-27 12:22:50+07:00
0,0,0,0,0,0,2021-04-27 12:41:57+07:00
1,0,0,0,0,0,2021-04-07 11:24:00+07:00
0,0,0,0,0,0,2021-04-27 13:49:54+07:00
0,1,0,0,0,0,2021-04-27 16:05:04+07:00
0,0,0,0,0,0,2021-04-27 17:23:02+07:00
0,1,0,0,0,0,2021-04-27 17:23:26+07:00
1,1,0,0,0,0,2021-04-27 17:23:47+07:00
0,0,0,0,0,0,2021-04-27 18:13:54+07:00
0,1,1,0,0,0,2021-04-27 18:24:12+07:00
0,1,1,0,0,0,2021-04-27 18:27:25+07:00
0,0,0,0,0,0,2021-04-27 18:31:58+07:00
0,0,0,0,0,0,2021-04-27 18:33:17+07:00
1,1,0,0,0,0,2021-04-27 18:45:06+07:00
0,2,1,0,0,0,2021-04-27 16:05:04+07:00
0,0,0,0,0,0,2021-04-28 10:03:01+07:00
0,1,1,0,0,0,2021-04-28 10:22:43+07:00
0,1,0,0,0,0,2021-04-27 16:05:04+07:00
0,2,1,0,0,0,2021-04-27 16:05:04+07:00
0,0,0,0,0,0,2021-04-28 10:22:43+07:00
0,0,0,0,0,0,2021-04-28 10:32:03+07:00
0,0,0,0,0,0,2021-04-28 10:36:21+07:00
0,3,0,0,1,0,2021-04-28 16:28:28+07:00
0,1,0,0,0,0,2021-04-28 17:02:51+07:00
0,0,0,0,0,0,2021-04-28 18:29:25+07:00
1,0,0,0,0,0,2021-04-28 18:29:51+07:00
0,1,0,0,0,0,2021-04-28 18:30:29+07:00
0,1,0,0,0,1,2021-05-04 16:22:52+07:00
0,1,0,1,0,1,2021-05-05 10:05:21+07:00
0,0,0,0,0,0,2021-05-05 13:01:45+07:00
1,0,0,0,0,0,2021-05-05 13:02:06+07:00
0,1,0,0,0,0,2021-05-05 13:02:33+07:00
1,1,0,0,0,0,2021-05-05 13:02:48+07:00
1,1,0,0,0,0,2021-05-05 14:06:40+07:00
0,0,0,0,0,0,2021-05-05 14:07:02+07:00
0,0,0,0,0,0,2021-05-05 14:07:35+07:00
0,0,0,0,0,0,2021-05-05 14:14:03+07:00
0,1,0,1,0,1,2021-05-05 10:05:21+07:00
0,0,0,0,0,0,2021-05-05 16:07:12+07:00
0,0,0,0,0,0,2021-05-05 16:33:40+07:00
0,1,0,0,0,1,2021-05-04 16:22:52+07:00
0,2,0,0,0,0,2021-05-05 18:18:02+01:00
0,0,0,0,0,0,2021-05-05 18:19:10+01:00
0,0,0,0,0,0,2021-05-05 18:19:33+01:00
0,1,0,0,0,1,2021-05-06 11:45:59+07:00
0,0,0,0,0,0,2021-05-06 11:52:24+07:00
0,1,0,0,0,1,2021-05-06 12:22:17+07:00
1,1,0,0,0,0,2021-05-06 17:42:51+07:00
1,0,0,0,0,0,2021-05-06 17:45:39+07:00
0,0,0,0,0,0,2021-05-06 19:42:54+07:00
0,0,0,0,0,0,2021-05-06 19:43:30+07:00
0,1,0,0,0,0,2021-05-06 19:43:58+07:00
0,3,0,0,1,0,2021-04-28 16:28:28+07:00
0,1,0,0,0,0,2021-04-28 17:02:51+07:00
1,3,0,0,0,0,2021-05-07 11:40:49+07:00
0,0,0,0,0,0,2021-05-07 11:57:00+07:00
0,0,0,0,0,0,2021-05-07 12:09:47+07:00
0,1,0,0,0,1,2021-05-07 13:34:58+07:00
0,0,0,0,0,0,2021-05-07 13:38:23+07:00
0,0,0,0,0,0,2021-05-06 19:42:54+07:00
0,0,0,0,0,0,2021-05-06 19:43:30+07:00
0,1,0,0,0,0,2021-05-06 19:43:58+07:00
1,1,0,0,0,0,2021-05-07 15:34:02+07:00
0,0,0,0,0,0,2021-05-07 15:36:31+07:00
0,0,0,0,0,0,2021-05-07 15:46:13+07:00
0,0,0,0,0,0,2021-05-07 15:53:42+07:00
0,0,0,0,0,0,2021-05-07 15:55:01+07:00
0,0,0,0,0,0,2021-05-07 15:58:57+07:00
0,0,0,0,0,0,2021-05-07 16:03:58+07:00
0,0,0,0,0,0,2021-05-07 17:26:38+07:00
0,0,0,0,0,0,2021-05-07 17:30:56+07:00
0,2,0,1,0,1,2021-05-07 18:35:48+01:00
0,1,0,1,0,1,2021-05-07 18:51:09+01:00
1,1,0,0,0,0,2021-05-10 10:16:57+07:00
0,0,0,0,0,0,2021-05-10 10:28:03+07:00
0,0,0,0,0,0,2021-05-10 13:53:25+07:00
1,0,0,0,0,0,2021-05-10 13:56:42+07:00
5,5,1,0,1,0,2021-05-11 15:05:50+07:00
0,0,0,0,0,0,2021-05-11 15:06:52+07:00
1,2,0,0,0,0,2021-05-11 15:10:51+07:00
0,0,0,0,0,0,2021-05-11 16:31:36+07:00
0,0,0,0,0,0,2021-05-11 16:32:05+07:00
1,1,0,0,0,0,2021-05-11 16:33:02+07:00
0,0,0,0,0,0,2021-05-11 16:33:11+07:00
0,0,0,0,0,0,2021-05-11 16:33:34+07:00
0,0,0,0,0,0,2021-05-11 16:38:27+07:00
0,0,0,0,0,0,2021-05-11 16:38:36+07:00
1,2,0,0,0,0,2021-05-11 17:12:08+07:00
1,2,0,0,0,0,2021-05-11 17:27:38+07:00
0,1,0,0,0,0,2021-05-11 17:41:17+07:00
0,1,0,1,0,1,2021-05-12 09:00:52+07:00
0,0,0,0,0,0,2021-05-12 09:03:36+07:00
1,1,0,0,0,0,2021-05-12 09:42:48+07:00
1,2,0,0,0,0,2021-05-12 11:22:58+07:00
2,2,0,0,0,0,2021-05-13 10:16:15+07:00
0,0,0,0,0,0,2021-05-13 17:07:45+07:00
0,0,0,0,0,0,2021-05-13 17:07:59+07:00
0,0,0,0,0,0,2021-05-13 17:08:17+07:00
2,2,0,0,0,0,2021-05-13 17:09:17+07:00
0,0,0,0,0,0,2021-05-13 18:20:57+07:00
1,1,0,0,0,0,2021-05-13 18:21:19+07:00
1,1,0,0,0,0,2021-05-13 18:21:30+07:00
0,0,0,0,0,0,2021-05-13 15:08:11+01:00
0,0,0,0,0,0,2021-05-14 10:43:56+07:00
0,0,0,0,0,0,2021-05-14 10:49:17+07:00
0,0,0,0,0,0,2021-05-14 13:39:05+07:00
0,0,0,0,0,0,2021-05-14 08:42:00+00:00
0,0,0,0,0,0,2021-05-14 18:24:56+01:00
0,0,0,0,0,0,2021-05-14 18:25:25+01:00
0,0,0,0,0,0,2021-05-14 18:27:14+01:00
0,0,0,0,0,0,2021-05-14 18:32:44+01:00
8,6,1,0,1,0,2021-05-17 09:19:41+07:00
0,0,0,0,0,0,2021-05-17 09:21:29+07:00
1,1,0,0,0,0,2021-05-17 10:55:10+07:00
1,1,0,0,0,0,2021-05-17 10:55:33+07:00
3,2,0,0,0,0,2021-05-17 11:35:44+07:00
1,1,0,0,0,0,2021-05-17 15:09:57+07:00
0,1,0,0,0,0,2021-05-17 15:10:12+07:00
0,0,0,0,0,0,2021-05-18 10:39:34+07:00
1,1,0,0,0,0,2021-05-18 16:30:57+07:00
0,2,0,0,0,0,2021-05-18 16:31:14+07:00
0,0,0,0,0,0,2021-05-18 16:31:28+07:00
0,0,0,0,0,0,2021-05-18 16:34:23+07:00
0,1,0,0,0,0,2021-05-18 16:49:17+07:00
0,1,0,0,0,0,2021-05-18 16:49:27+07:00
0,1,0,0,0,0,2021-05-18 16:50:16+07:00
1,0,0,0,0,0,2021-05-18 16:51:48+07:00
1,0,0,0,0,0,2021-05-18 16:52:48+07:00
0,0,0,0,0,0,2021-05-18 18:15:47+07:00
0,4,0,1,0,1,2021-05-18 23:40:14+01:00
0,0,0,0,0,0,2021-05-19 09:32:37+07:00
0,0,0,0,0,0,2021-05-19 09:32:39+07:00
2,1,0,0,0,0,2021-05-19 09:52:09+07:00
1,0,0,0,0,0,2021-05-10 13:56:42+07:00
0,0,0,0,0,0,2021-05-19 10:02:53+07:00
0,2,1,0,0,0,2021-05-19 10:56:23+07:00
0,0,0,0,0,0,2021-05-19 11:00:03+07:00
0,0,0,0,0,0,2021-05-19 11:08:44+07:00
0,0,0,0,0,0,2021-05-19 11:12:59+07:00
0,0,0,0,0,0,2021-05-19 13:24:04+07:00
0,1,0,1,0,1,2021-05-19 13:25:51+07:00
0,0,0,0,0,0,2021-05-19 13:32:22+07:00
0,0,0,0,0,0,2021-05-19 13:40:52+07:00
0,0,0,0,0,0,2021-05-19 13:55:03+07:00
0,0,0,0,0,0,2021-05-19 14:26:55+07:00
0,0,0,0,0,0,2021-05-19 17:19:18+07:00
3,2,0,0,0,0,2021-05-20 11:50:28+07:00
0,0,0,0,0,0,2021-05-20 12:56:47+07:00
0,0,0,0,0,0,2021-05-20 09:55:04+00:00
3,1,0,0,0,0,2021-05-20 17:31:31+07:00
0,3,0,0,0,0,2021-05-20 18:40:46+01:00
0,0,0,0,0,0,2021-05-20 18:51:30+01:00
0,1,0,0,0,0,2021-05-20 19:12:00+01:00
0,0,0,0,0,0,2021-05-20 19:18:58+01:00
0,0,0,0,0,0,2021-05-20 19:24:54+01:00
0,0,0,0,0,0,2021-05-20 19:28:26+01:00
0,4,0,1,0,1,2021-05-18 23:40:14+01:00
0,1,0,0,0,0,2021-05-21 09:54:06+07:00
1,1,0,0,0,0,2021-05-21 14:58:24+07:00
0,0,0,0,0,0,2021-05-21 14:59:04+07:00
2,2,0,0,0,0,2021-05-21 15:04:14+07:00
0,0,0,0,0,0,2021-05-21 15:05:56+07:00
0,1,0,1,0,1,2021-05-21 17:09:18+07:00
0,1,0,0,0,0,2021-05-21 17:09:29+07:00
0,0,0,0,0,0,2021-05-21 17:16:41+07:00
0,0,0,0,0,0,2021-05-21 17:19:01+07:00
0,0,0,0,0,0,2021-05-21 17:20:23+07:00
2,3,0,0,0,0,2021-05-21 17:29:50+07:00
1,3,1,0,0,0,2021-05-23 23:27:08+01:00
0,0,0,0,0,0,2021-05-23 23:27:59+01:00
0,1,0,1,0,1,2021-05-23 23:28:31+01:00
0,2,0,0,0,0,2021-05-23 23:30:53+01:00
0,0,0,0,0,0,2021-05-23 23:37:40+01:00
0,0,0,0,0,0,2021-05-23 23:47:01+01:00
0,0,0,0,0,0,2021-05-24 01:09:36+01:00
1,1,0,0,0,0,2021-05-24 10:02:58+07:00
0,1,0,0,0,0,2021-05-24 10:09:45+07:00
0,0,0,0,0,0,2021-05-24 10:38:15+07:00
1,1,0,0,0,0,2021-05-24 10:53:43+07:00
1,1,0,0,0,0,2021-05-24 11:40:09+01:00
1,1,0,0,0,0,2021-05-24 11:49:31+01:00
0,0,0,0,0,0,2021-05-25 09:43:29+07:00
0,1,0,0,0,0,2021-05-25 10:44:12+07:00
0,0,0,0,0,0,2021-05-25 10:45:29+07:00
0,0,0,0,0,0,2021-05-25 10:51:06+07:00
0,3,1,0,0,0,2021-05-25 11:31:45+07:00
0,0,0,0,0,0,2021-05-25 11:36:48+07:00
0,2,0,0,0,0,2021-05-25 13:42:49+07:00
0,1,0,0,0,0,2021-05-25 13:55:43+07:00
0,3,0,0,0,0,2021-05-25 14:35:26+07:00
0,1,0,0,0,0,2021-05-25 16:28:52+07:00
0,0,0,0,0,0,2021-05-27 10:10:23+07:00
2,3,0,1,0,1,2021-06-03 11:23:36+07:00
1,5,0,1,0,1,2021-06-10 16:51:45+01:00
0,0,0,0,0,0,2021-06-11 11:04:07+07:00
1,3,0,0,0,0,2021-06-16 00:23:56+01:00
0,1,0,0,0,0,2021-06-17 19:23:36+01:00
0,2,0,0,0,0,2021-06-22 10:53:54+01:00
0,0,0,0,0,0,2021-06-22 10:04:30+00:00
0,1,0,0,0,0,2021-06-24 11:02:31+07:00
0,0,0,0,0,0,2021-06-25 10:41:23+07:00
1,7,0,0,0,1,2021-11-04 18:01:09+07:00
0,2,0,0,0,0,2021-11-04 18:17:16+07:00
0,0,0,0,0,0,2021-11-04 18:22:07+07:00
0,0,0,0,0,0,2022-05-27 09:40:25+07:00
1,1,0,0,0,0,2022-05-27 10:12:59+07:00
0,0,0,0,0,0,2022-05-27 10:21:26+07:00
0,0,0,0,0,0,2022-05-27 10:27:55+07:00
0,0,0,0,0,0,2022-05-27 10:29:02+07:00
0,0,0,0,0,0,2022-05-27 10:29:10+07:00
1,1,0,0,0,0,2022-05-27 12:58:03+07:00
0,0,0,0,0,0,2022-05-27 13:10:18+07:00
0,0,0,0,0,0,2022-05-27 13:19:40+07:00
0,1,0,0,0,0,2021-05-27 10:26:26+07:00
0,1,0,0,0,0,2021-05-27 14:54:11+07:00
0,0,0,0,0,0,2021-06-23 10:15:47+07:00
0,0,0,0,0,0,2021-06-23 10:16:08+07:00
0,0,0,0,0,0,2021-06-23 10:16:38+07:00
0,0,0,0,0,0,2021-06-23 10:16:53+07:00
0,1,0,0,0,0,2021-06-23 10:17:15+07:00
0,1,1,0,0,0,2021-06-24 10:55:21+07:00
0,1,0,0,0,0,2021-08-10 14:18:42+07:00
1,1,0,0,0,0,2021-08-10 14:19:12+07:00
2,2,0,0,0,0,2022-05-27 13:00:28+07:00
1,1,0,0,0,0,2022-05-27 14:10:28+07:00
1,1,0,0,0,0,2022-05-27 14:12:24+07:00
1,1,0,0,0,0,2022-05-27 14:13:21+07:00
1,1,0,0,0,0,2022-05-27 16:16:03+07:00
0,0,0,0,0,0,2022-05-27 16:16:12+07:00
0,0,0,0,0,0,2022-05-27 16:17:08+07:00
0,0,0,0,0,0,2022-05-27 16:41:01+07:00
0,0,0,0,0,0,2022-05-27 16:42:01+07:00
0,0,0,0,0,0,2022-05-27 16:45:41+07:00
0,0,0,0,0,0,2022-05-27 17:15:12+07:00
0,0,0,0,0,0,2022-05-27 17:15:58+07:00
0,3,0,0,0,0,2022-05-30 09:12:55+07:00
0,0,0,0,0,0,2022-05-30 09:13:48+07:00
0,2,0,0,0,0,2022-05-30 09:21:54+07:00
1,1,0,0,0,0,2022-05-30 11:46:22+07:00
0,1,0,0,0,0,2022-05-30 11:46:56+07:00
0,0,0,0,0,0,2022-05-30 11:49:44+07:00
0,0,0,0,0,0,2022-05-30 11:59:08+07:00
0,1,0,0,0,0,2022-05-30 13:08:15+07:00
0,0,0,0,0,0,2022-05-30 13:09:16+07:00
0,13,0,0,0,0,2022-05-30 13:50:16+07:00
0,0,0,0,0,0,2022-05-30 13:58:28+07:00
1,0,0,0,0,0,2022-05-30 14:15:15+07:00
0,0,0,0,0,0,2022-05-30 14:52:08+07:00
0,0,0,0,0,0,2022-05-30 14:57:13+07:00
0,0,0,0,0,0,2022-05-30 15:15:01+07:00
0,0,0,0,0,0,2022-05-30 15:17:32+07:00
0,0,0,0,0,0,2022-05-30 15:24:03+07:00
0,0,0,0,0,0,2022-05-30 15:32:02+07:00
0,0,0,0,0,0,2022-05-31 11:06:09+07:00
0,2,0,0,0,1,2022-05-31 17:25:07+07:00
0,1,0,0,0,1,2022-06-01 12:03:18+07:00
1,8,1,0,1,2,2022-06-02 09:38:22+07:00
1,6,0,1,0,3,2022-06-02 10:12:20+07:00
0,5,1,1,0,2,2022-06-02 10:55:46+07:00
0,1,0,0,0,1,2022-06-02 14:24:38+07:00
0,1,0,0,0,1,2022-06-02 14:33:22+07:00
0,3,0,0,1,0,2022-06-02 16:06:38+07:00
0,0,0,0,0,0,2022-06-02 16:06:55+07:00
0,0,0,0,0,0,2022-06-02 16:08:15+07:00
0,5,1,1,1,2,2022-06-02 16:58:03+07:00
0,0,0,0,0,0,2022-06-02 17:05:40+07:00
0,1,0,0,0,1,2022-06-03 13:50:23+07:00
0,0,0,0,0,0,2022-06-03 16:05:33+07:00
1,3,1,0,0,1,2022-06-06 13:44:12+07:00
1,3,1,0,0,1,2022-06-06 17:30:10+07:00
0,0,0,0,0,0,2022-06-06 17:34:10+07:00
1,1,0,0,0,0,2022-06-07 11:18:34+07:00
0,0,0,0,0,0,2022-06-07 11:22:07+07:00
1,1,0,0,0,0,2022-06-07 11:34:00+07:00
0,1,0,0,0,1,2022-06-07 11:41:02+07:00
0,1,0,0,0,1,2022-06-07 11:51:39+07:00
0,1,0,0,0,1,2022-06-07 15:13:10+07:00
0,2,1,0,0,1,2022-06-08 09:33:32+07:00
1,2,0,0,0,0,2022-06-08 17:12:31+07:00
0,1,0,0,0,0,2022-06-08 14:59:36+01:00
0,0,0,0,0,0,2022-06-09 09:55:30+07:00
0,0,0,0,0,0,2022-06-09 10:31:52+07:00
1,2,0,0,0,0,2022-06-09 12:08:17+07:00
0,0,0,0,0,0,2022-06-09 13:19:15+07:00
1,2,0,0,0,0,2022-06-09 14:22:51+07:00
0,1,0,0,0,0,2022-06-09 14:30:48+07:00
0,0,0,0,0,0,2022-06-09 14:36:38+07:00
1,1,0,0,0,0,2022-06-07 11:18:34+07:00
0,0,0,0,0,0,2022-06-07 11:22:07+07:00
1,1,0,0,0,0,2022-06-07 11:34:00+07:00
0,1,0,0,0,1,2022-06-07 11:41:02+07:00
0,1,0,0,0,1,2022-06-07 11:51:39+07:00
0,1,0,0,0,1,2022-06-07 15:13:10+07:00
0,2,1,0,0,1,2022-06-08 09:33:32+07:00
0,1,1,0,0,0,2022-06-08 17:05:21+07:00
0,1,1,0,0,0,2022-06-09 09:53:57+07:00
0,1,1,0,0,0,2022-06-09 10:10:23+07:00
0,1,0,0,0,1,2022-06-09 10:35:56+07:00
0,1,0,0,1,0,2022-06-09 10:55:47+07:00
2,2,0,0,0,0,2022-06-09 17:39:15+07:00
0,1,0,0,0,0,2022-06-09 17:39:24+07:00
2,2,0,0,0,0,2022-06-10 15:22:02+07:00
0,0,0,0,0,0,2022-06-10 15:22:21+07:00
0,0,0,0,0,0,2022-06-10 15:22:40+07:00
0,0,0,0,0,0,2022-06-10 15:26:10+07:00
0,0,0,0,0,0,2022-06-10 15:36:48+07:00
1,1,0,0,0,0,2022-06-10 15:48:34+07:00
0,0,0,0,0,0,2022-06-10 15:52:16+07:00
2,3,1,0,0,0,2022-06-10 16:38:50+07:00
1,3,1,0,0,0,2022-06-13 16:01:38+07:00
0,2,0,1,0,2,2022-06-14 14:17:14+07:00
0,1,1,0,0,0,2022-06-14 15:12:30+07:00
0,0,0,0,0,0,2022-06-16 10:11:22+07:00
3,13,1,2,1,1,2022-06-16 10:23:49+07:00
1,2,0,0,0,0,2022-06-16 11:44:33+07:00
0,0,0,0,0,0,2022-06-16 11:55:15+07:00
0,6,0,0,0,0,2022-06-16 12:22:12+07:00
0,0,0,0,0,0,2022-06-16 13:08:16+07:00
1,2,1,0,0,0,2022-06-16 13:22:51+07:00
0,0,0,0,0,0,2022-06-16 13:26:24+07:00
0,0,0,0,0,0,2022-06-16 13:27:03+07:00
0,3,0,0,0,0,2022-06-17 09:22:43+07:00
0,0,0,0,0,0,2022-06-17 10:19:12+07:00
0,1,0,0,0,0,2022-06-17 16:54:26+07:00
1,1,1,0,0,0,2022-06-20 11:03:41+07:00
0,1,1,0,0,0,2022-06-20 16:46:36+07:00
0,0,0,0,0,0,2022-06-20 16:49:18+07:00
1,1,0,0,0,0,2022-06-20 16:49:39+07:00
0,1,0,0,0,0,2022-06-20 16:49:51+07:00
0,0,0,0,0,0,2022-06-20 17:17:53+07:00
0,0,0,0,0,0,2022-06-21 09:53:44+07:00
0,0,0,0,0,0,2022-06-21 11:54:19+07:00
4,8,1,0,0,1,2022-06-21 15:18:06+07:00
1,1,1,0,0,0,2022-06-21 15:26:28+07:00
0,0,0,0,0,0,2022-06-21 15:43:13+07:00
1,1,0,0,0,0,2022-06-21 15:58:18+07:00
1,2,1,0,0,0,2022-06-22 10:13:34+07:00
0,1,0,0,0,0,2022-06-22 10:15:59+07:00
0,0,0,0,0,0,2022-06-22 10:18:32+07:00
0,1,0,0,0,0,2022-06-22 10:35:17+07:00
1,1,0,0,0,0,2022-06-22 13:43:46+07:00
0,1,1,0,0,0,2022-06-22 13:44:22+07:00
0,0,0,0,0,0,2022-06-22 14:33:28+07:00
1,3,2,0,0,0,2022-06-22 15:33:24+07:00
2,2,1,0,0,0,2022-06-22 17:28:38+07:00
1,1,0,0,0,0,2022-06-22 17:31:10+07:00
1,1,0,0,0,0,2022-06-22 17:32:13+07:00
0,0,0,0,0,0,2022-06-22 17:33:30+07:00
0,0,0,0,0,0,2022-06-22 17:33:50+07:00
0,0,0,0,0,0,2022-06-22 17:37:23+07:00
4,6,1,0,1,0,2022-06-23 15:54:23+07:00
0,1,0,0,0,0,2022-06-23 17:09:09+07:00
0,0,0,0,0,0,2022-06-23 18:29:48+07:00
2,7,2,0,0,1,2022-06-27 09:18:55+07:00
2,3,1,1,0,1,2022-06-27 13:15:32+07:00
1,2,1,0,0,0,2022-06-27 17:15:25+07:00
0,0,0,0,0,0,2022-06-28 13:01:06+07:00
0,1,0,0,0,0,2022-06-28 14:47:19+07:00
0,1,0,0,0,0,2022-06-28 14:47:33+07:00
0,0,0,0,0,0,2022-06-28 15:49:02+07:00
0,0,0,0,0,0,2022-06-28 15:52:30+07:00
0,0,0,0,0,0,2022-06-28 16:21:09+07:00
0,0,0,0,0,0,2022-06-28 16:31:20+07:00
0,0,0,0,0,0,2022-06-29 16:52:11+07:00
2,6,1,0,2,0,2022-07-01 17:07:07+07:00
0,0,0,0,0,0,2022-07-05 11:05:31+07:00
0,0,0,0,0,0,2022-07-05 11:13:04+07:00
0,0,0,0,0,0,2022-07-05 11:40:59+07:00
