Acquisition,Preparation,Modeling,Training,Evaluation,Prediction,time
0,0,0,0,0,0,2021-03-31 16:55:26+02:00
0,0,0,0,0,0,2021-03-31 16:56:42+02:00
0,1,0,0,0,0,2021-04-07 18:08:42+02:00
0,0,0,0,0,0,2021-04-07 18:13:47+02:00
0,0,0,0,0,0,2021-04-08 08:11:22+00:00
0,1,0,0,0,0,2021-04-08 08:12:22+00:00
0,1,0,0,0,0,2021-04-08 22:43:44+02:00
0,1,0,0,1,0,2021-04-09 16:20:41+00:00
0,0,0,0,0,0,2021-04-09 18:06:16+00:00
0,1,0,0,1,0,2021-04-10 08:46:43+00:00
0,0,0,0,0,0,2021-04-10 08:52:02+00:00
0,1,0,0,1,0,2021-04-11 11:37:34+00:00
0,1,0,0,1,0,2021-04-11 12:41:06+00:00
0,1,0,0,1,0,2021-04-11 13:11:41+00:00
1,1,0,0,1,0,2021-04-12 16:00:26+00:00
1,1,0,0,1,0,2021-04-14 15:52:12+00:00
1,1,0,0,1,0,2021-04-14 16:29:56+00:00
1,1,0,0,1,0,2021-04-14 16:44:55+00:00
1,1,0,0,1,0,2021-04-14 18:12:51+00:00
1,1,0,0,1,0,2021-04-15 06:59:12+00:00
1,1,0,0,1,0,2021-04-15 14:56:33+00:00
0,0,0,0,0,0,2021-04-15 15:01:29+00:00
0,0,0,0,0,0,2021-04-15 15:24:59+00:00
1,1,0,0,1,0,2021-04-15 15:42:28+00:00
1,1,0,0,1,0,2021-04-15 19:53:12+00:00
1,1,0,0,1,0,2021-04-15 20:04:08+00:00
1,1,0,0,1,0,2021-04-15 20:38:51+00:00
1,1,0,0,1,0,2021-04-15 22:43:48+02:00
0,1,0,0,0,0,2021-04-16 17:59:34+02:00
0,1,0,0,0,0,2021-04-16 23:37:30+02:00
0,1,0,0,0,0,2021-04-17 14:42:17+02:00
0,1,0,0,0,0,2021-04-17 14:50:39+02:00
0,0,0,0,0,0,2021-04-18 10:22:26+00:00
0,0,0,0,0,0,2021-04-18 10:23:13+00:00
0,1,0,0,0,0,2021-04-19 13:31:00+00:00
0,1,0,0,0,0,2021-04-19 14:45:33+00:00
0,1,0,0,0,0,2021-04-20 23:39:38+02:00
0,1,0,0,0,0,2021-04-22 07:03:34+00:00
0,0,0,0,0,0,2021-04-22 07:05:54+00:00
0,1,0,0,0,0,2021-04-22 07:16:02+00:00
0,1,0,0,0,0,2021-04-23 16:07:51+02:00
0,0,0,0,0,0,2021-04-23 14:14:12+00:00
0,1,0,0,0,0,2021-04-23 14:47:15+00:00
0,1,0,0,0,0,2021-04-23 14:53:04+00:00
0,1,0,0,0,0,2021-05-03 08:48:40+02:00
0,0,0,0,0,0,2021-05-03 08:51:56+02:00
3,3,0,0,2,0,2021-07-06 09:46:43+00:00
2,3,0,0,2,0,2021-07-06 14:23:40+00:00
0,0,0,0,0,0,2021-07-06 14:26:59+00:00
1,1,0,0,1,0,2021-07-06 14:42:19+00:00
0,0,0,0,0,0,2021-07-06 14:50:02+00:00
0,1,0,0,0,0,2021-07-06 15:00:03+00:00
1,1,0,0,0,0,2021-07-07 15:26:08+00:00
1,1,0,1,0,1,2021-07-08 08:52:20+00:00
1,1,1,1,0,1,2021-07-08 09:36:12+00:00
1,1,1,1,0,1,2021-07-08 09:36:42+00:00
1,1,1,1,0,1,2021-07-08 09:59:58+00:00
1,1,1,1,0,1,2021-07-08 15:26:53+00:00
1,1,1,1,0,1,2021-07-08 16:00:29+00:00
1,2,0,0,1,0,2021-09-20 13:11:45+00:00
0,1,0,0,0,0,2021-09-20 13:12:12+00:00
0,1,0,0,0,0,2021-09-20 15:31:26+00:00
0,1,0,0,0,0,2021-09-20 15:59:19+00:00
2,3,0,0,1,0,2021-09-20 16:54:15+00:00
1,2,0,0,1,0,2021-09-21 07:09:03+00:00
0,1,0,0,0,0,2021-09-22 17:26:18+02:00
0,1,0,0,0,0,2021-09-23 16:21:53+00:00
2,2,0,0,1,0,2021-09-24 15:49:12+00:00
