Acquisition,Preparation,Modeling,Training,Evaluation,Prediction,time
0,0,0,0,0,0,2020-08-23 18:32:07-03:00
0,0,0,0,0,0,2020-08-23 18:38:42-03:00
0,0,0,0,0,0,2020-08-23 19:24:06-03:00
2,3,1,1,0,1,2020-08-23 19:25:42-03:00
0,0,0,0,0,0,2020-08-23 19:26:28-03:00
0,0,0,0,0,0,2020-08-23 19:58:25-03:00
0,0,0,0,0,0,2020-08-23 20:00:24-03:00
0,0,0,0,0,0,2020-08-30 11:50:33-03:00
0,0,0,0,0,0,2020-08-30 11:52:23-03:00
0,0,0,0,0,0,2020-08-30 12:14:24-03:00
0,0,0,0,0,0,2020-08-30 12:54:30-03:00
1,1,0,0,0,0,2020-08-30 13:03:24-03:00
1,1,0,0,0,0,2020-08-30 13:13:55-03:00
0,0,0,0,0,0,2020-08-30 16:33:08-03:00
0,0,0,0,0,0,2020-08-30 16:49:00-03:00
0,0,0,0,0,0,2020-08-30 18:31:03-03:00
0,0,0,0,0,0,2020-08-30 18:32:38-03:00
0,0,0,0,0,0,2020-08-30 18:33:02-03:00
0,0,0,0,0,0,2020-08-30 18:34:14-03:00
0,0,0,0,0,0,2020-08-30 18:38:05-03:00
0,0,0,0,0,0,2020-08-30 21:28:13-03:00
0,0,0,0,0,0,2020-08-30 21:28:29-03:00
0,0,0,0,0,0,2020-08-30 21:29:46-03:00
1,1,0,0,0,0,2020-08-30 21:32:18-03:00
0,1,1,1,0,1,2020-08-30 21:35:54-03:00
0,0,0,0,0,0,2020-08-30 21:54:51-03:00
1,1,1,1,0,1,2020-08-30 21:55:09-03:00
0,0,0,0,0,0,2020-08-30 22:13:26-03:00
0,0,0,0,0,0,2020-08-30 22:14:58-03:00
0,0,0,0,0,0,2020-08-31 00:02:05-03:00
0,0,0,0,0,0,2020-08-31 00:04:14-03:00
0,0,0,0,0,0,2020-08-31 00:16:54-03:00
0,1,0,0,0,1,2020-08-31 00:22:18-03:00
1,1,0,0,0,0,2020-08-31 00:29:56-03:00
1,1,1,1,0,1,2020-08-31 00:34:21-03:00
0,1,1,1,0,1,2020-08-31 00:35:41-03:00
0,0,0,0,0,0,2020-08-31 00:36:54-03:00
0,1,0,0,0,1,2020-09-01 23:28:52-03:00
0,0,0,0,0,0,2020-09-01 23:35:49-03:00
0,0,0,0,0,0,2020-09-01 23:36:42-03:00
0,0,0,0,0,0,2020-09-01 23:50:45-03:00
0,0,0,0,0,0,2020-09-01 23:53:51-03:00
1,1,1,1,0,1,2020-09-02 21:43:22-03:00
1,1,0,0,0,0,2020-09-02 21:51:32-03:00
0,0,0,0,0,0,2020-09-02 21:59:50-03:00
0,0,0,0,0,0,2020-09-02 22:00:17-03:00
0,0,0,0,0,0,2020-09-02 22:10:59-03:00
0,1,0,0,0,1,2020-09-03 21:22:17-03:00
0,0,0,0,0,0,2020-09-03 21:22:54-03:00
1,1,0,0,0,0,2020-09-03 21:23:29-03:00
1,1,0,0,0,0,2020-09-03 21:25:09-03:00
