Acquisition,Preparation,Modeling,Training,Evaluation,Prediction,time
0,0,0,0,0,0,2021-04-20 18:49:44+02:00
1,7,2,1,0,2,2021-04-22 15:23:32+02:00
0,0,0,0,0,0,2021-04-22 15:26:27+02:00
0,0,0,0,0,0,2021-04-22 15:31:12+02:00
3,6,2,0,0,2,2021-04-22 15:47:52+02:00
1,2,0,0,0,1,2021-04-22 15:52:20+02:00
0,2,1,0,0,0,2021-04-22 16:19:51+02:00
1,2,0,0,0,0,2021-04-22 16:28:32+02:00
0,2,0,0,0,0,2021-04-22 17:01:29+02:00
2,11,0,1,0,0,2021-04-22 17:13:57+02:00
0,1,0,0,0,0,2021-04-22 17:14:16+02:00
1,8,0,0,2,2,2021-04-22 17:24:20+02:00
0,7,0,0,0,1,2021-04-22 17:28:00+02:00
1,15,2,0,0,2,2021-04-22 17:59:27+02:00
0,5,8,0,2,0,2021-04-22 18:20:33+02:00
0,5,7,0,2,0,2021-04-22 22:15:57+02:00
4,6,0,0,1,0,2021-04-23 13:59:43+02:00
0,0,0,0,0,0,2021-04-23 14:08:45+02:00
0,7,1,0,0,3,2021-04-26 14:07:46+02:00
1,10,4,0,1,1,2021-04-26 15:43:46+02:00
0,1,0,0,0,0,2021-04-26 18:46:02+02:00
1,0,0,0,0,0,2021-04-26 23:48:32+02:00
0,0,0,0,0,0,2021-04-27 10:59:01+02:00
0,0,0,0,0,0,2021-04-27 11:08:29+02:00
0,0,0,0,0,0,2021-04-27 11:09:43+02:00
0,0,0,0,0,0,2021-04-27 11:10:44+02:00
0,1,1,0,0,0,2021-04-27 11:27:20+02:00
0,0,0,0,0,0,2021-04-27 11:27:42+02:00
0,0,0,0,0,0,2021-04-27 11:28:15+02:00
0,0,0,0,0,0,2021-04-27 11:35:28+02:00
0,0,0,0,0,0,2021-04-28 10:55:25+02:00
0,0,0,0,0,0,2021-04-28 20:16:41+02:00
0,0,0,0,0,0,2021-04-30 16:58:26+02:00
0,1,0,0,0,0,2021-04-30 21:17:11+02:00
1,1,0,0,0,0,2021-05-01 19:01:27+02:00
0,0,0,0,0,0,2021-05-01 19:01:44+02:00
0,0,0,0,0,0,2021-05-04 10:43:23+02:00
0,0,0,0,0,0,2021-05-04 11:15:49+02:00
0,0,0,0,0,0,2021-05-04 11:27:26+02:00
0,0,0,0,0,0,2021-05-05 20:04:40+02:00
0,0,0,0,0,0,2021-05-05 20:16:20+02:00
0,0,0,0,0,0,2021-05-05 20:26:43+02:00
0,5,1,0,0,0,2021-05-13 15:10:34+02:00
0,5,1,0,1,1,2021-05-13 21:00:12+02:00
1,1,1,0,0,0,2021-05-13 21:04:02+02:00
0,1,0,0,0,0,2021-05-15 12:24:24+02:00
0,0,1,0,1,0,2021-05-15 12:28:18+02:00
1,6,4,1,0,0,2021-05-15 13:33:21+02:00
0,2,0,0,0,0,2021-05-16 13:28:33+02:00
3,3,0,0,0,0,2021-05-16 18:19:14+02:00
0,1,0,0,0,0,2021-05-16 18:24:20+02:00
0,1,0,0,0,1,2021-05-16 19:18:43+02:00
1,1,0,0,0,0,2021-05-16 19:30:08+02:00
1,1,1,0,0,0,2021-05-16 21:39:11+02:00
1,2,3,0,0,0,2021-05-16 23:44:30+02:00
0,0,0,0,0,0,2021-05-17 12:00:26+02:00
2,3,2,0,0,0,2021-05-17 21:58:13+02:00
2,4,1,0,0,0,2021-05-17 23:09:55+02:00
0,0,0,0,0,0,2021-05-18 12:52:09+02:00
0,2,0,0,0,0,2021-05-18 13:16:42+02:00
0,0,0,0,0,0,2021-05-19 20:27:53+02:00
0,1,0,0,0,0,2021-05-21 14:11:07+02:00
0,0,0,0,0,0,2021-05-21 16:58:37+02:00
0,1,0,0,0,0,2021-05-21 19:05:13+02:00
0,0,0,0,0,0,2021-05-21 19:08:13+02:00
0,0,0,0,0,0,2021-05-24 22:57:37+02:00
0,0,0,0,0,0,2021-05-24 23:46:54+02:00
0,6,1,0,0,2,2021-05-27 13:37:44+02:00
0,1,0,0,0,0,2021-05-27 15:00:18+02:00
0,1,0,0,0,1,2021-05-27 15:22:11+02:00
0,1,2,0,0,0,2021-05-29 18:35:57+02:00
0,0,0,0,0,0,2021-05-30 13:12:38+02:00
0,2,1,0,1,0,2021-05-30 13:30:09+02:00
0,0,0,0,0,0,2021-05-31 13:00:39+02:00
1,2,1,0,0,1,2021-05-31 13:22:26+02:00
0,0,0,0,0,0,2021-05-31 13:33:12+02:00
0,0,0,0,0,0,2021-06-01 10:52:07+02:00
0,0,0,0,0,0,2021-06-01 13:08:01+02:00
0,3,0,0,0,0,2021-06-01 17:35:41+02:00
0,0,0,0,0,0,2021-06-01 17:42:58+02:00
0,0,0,0,0,0,2021-06-01 17:48:55+02:00
0,0,0,0,0,0,2021-06-03 16:27:44+02:00
0,0,0,0,0,0,2021-06-18 12:05:57+02:00
0,1,1,0,0,1,2021-06-21 14:04:32+02:00
0,1,1,0,0,1,2021-06-21 14:08:00+02:00
0,2,1,0,0,0,2021-06-22 16:07:01+02:00
0,1,0,0,0,0,2021-06-22 16:24:31+02:00
0,0,0,0,0,0,2021-06-28 10:27:25+02:00
0,0,0,0,0,0,2021-06-28 10:53:36+02:00
2,7,4,1,0,2,2021-06-28 13:13:11+02:00
1,1,0,0,0,0,2021-07-05 10:59:37+02:00
0,0,0,0,0,0,2021-07-05 11:27:35+02:00
1,1,0,0,0,0,2021-07-05 12:14:14+02:00
0,1,0,0,0,1,2021-07-19 13:37:21+02:00
0,1,0,0,0,1,2021-07-19 13:39:48+02:00
0,1,0,0,0,0,2021-07-19 18:07:03+02:00
0,1,0,0,0,1,2021-07-20 09:44:19+02:00
0,1,0,0,0,1,2021-07-20 10:12:57+02:00
0,0,1,1,0,0,2021-07-25 20:54:11+02:00
2,3,2,0,0,1,2021-07-25 20:54:50+02:00
0,1,0,0,0,0,2021-07-25 21:41:02+02:00
0,0,0,0,0,0,2021-07-25 21:43:52+02:00
0,0,0,0,0,0,2021-07-25 21:47:05+02:00
0,1,1,1,0,0,2021-08-15 17:22:51+02:00
0,0,0,0,0,0,2021-08-15 17:23:47+02:00
1,0,0,0,0,0,2021-08-16 12:24:10+02:00
0,2,0,0,0,0,2021-08-19 19:34:36+02:00
0,2,0,0,0,0,2021-08-19 19:34:48+02:00
0,1,0,0,0,0,2021-08-19 19:42:37+02:00
0,0,0,0,0,0,2021-08-19 20:05:02+02:00
0,2,1,0,0,1,2021-08-20 11:22:25+02:00
0,0,0,0,0,0,2021-08-20 11:26:33+02:00
0,0,0,0,0,0,2021-08-20 11:26:39+02:00
0,2,0,0,0,1,2021-08-20 11:38:45+02:00
0,0,0,0,0,0,2021-08-23 19:58:18+02:00
0,2,0,0,0,0,2021-08-25 16:30:57+02:00
0,5,1,1,0,3,2021-08-28 16:57:09+02:00
1,1,0,0,0,0,2021-08-28 17:03:05+02:00
1,2,0,0,0,0,2021-08-29 22:20:53+02:00
0,0,0,0,0,0,2021-08-29 22:21:20+02:00
0,0,0,0,0,0,2021-08-29 22:24:26+02:00
0,1,0,0,0,0,2021-08-29 22:27:23+02:00
0,0,0,0,0,0,2021-08-29 22:29:00+02:00
0,3,0,0,0,0,2021-08-30 15:01:09+02:00
0,1,0,0,0,0,2021-08-31 11:05:12+02:00
0,1,0,0,0,0,2021-08-31 11:33:47+02:00
2,2,0,0,0,0,2021-08-31 11:43:05+02:00
0,0,0,0,0,0,2021-09-02 12:09:06+02:00
0,0,0,0,0,0,2021-09-09 16:29:35+02:00
0,0,0,0,0,0,2021-10-13 09:50:27+02:00
0,0,0,0,0,0,2021-10-13 09:53:50+02:00
0,0,0,0,0,0,2021-11-29 14:16:55+01:00
0,1,0,0,0,0,2022-02-15 19:07:54+08:00
0,0,0,0,0,0,2022-02-15 13:58:15+01:00
0,0,0,0,0,0,2022-03-23 16:49:13+01:00
0,0,0,0,0,0,2022-03-23 19:33:49+01:00
0,0,0,0,0,0,2022-04-11 10:34:29+02:00
0,0,0,0,0,0,2022-04-14 10:48:44+02:00
0,1,0,0,0,0,2022-04-27 12:38:07+02:00
0,0,0,0,0,0,2022-04-27 15:54:14+02:00
1,0,0,0,0,0,2022-04-27 16:00:09+02:00
0,0,0,0,0,0,2022-05-02 16:10:51+02:00
0,0,0,0,0,0,2022-05-02 16:21:28+02:00
1,1,0,0,0,0,2022-05-02 16:39:08+02:00
0,0,0,0,0,0,2022-05-02 17:19:41+02:00
0,0,0,0,0,0,2022-05-02 17:26:52+02:00
0,0,0,0,0,0,2022-05-02 17:31:08+02:00
0,0,0,0,0,0,2022-05-02 20:39:18+02:00
0,1,0,0,0,0,2022-05-30 13:48:13+02:00
0,0,0,0,0,0,2022-05-31 16:39:52+02:00
1,1,0,0,0,0,2022-06-17 13:42:44+02:00
0,0,0,0,0,0,2022-06-17 14:03:49+02:00
0,0,0,0,0,0,2022-06-20 09:15:23+02:00
