Acquisition,Preparation,Modeling,Training,Evaluation,Prediction,time
0,0,0,0,0,0,2019-05-29 21:05:30-04:00
0,0,0,0,0,0,2019-05-29 21:06:40-04:00
0,0,0,0,0,0,2019-06-15 22:34:08-04:00
0,0,0,0,0,0,2019-06-16 14:48:19-04:00
0,0,0,0,0,0,2019-06-16 14:49:59-04:00
0,0,0,0,0,0,2019-06-16 14:52:25-04:00
0,0,0,0,0,0,2019-06-16 14:54:14-04:00
0,0,0,0,0,0,2019-06-16 14:56:32-04:00
0,0,0,0,0,0,2019-06-16 14:56:51-04:00
0,0,0,0,0,0,2019-06-16 14:57:33-04:00
0,0,0,0,0,0,2019-06-16 14:57:49-04:00
0,0,0,0,0,0,2019-06-16 14:59:43-04:00
0,0,0,0,0,0,2019-06-16 15:59:48-04:00
0,0,0,0,0,0,2019-06-16 16:01:20-04:00
0,0,0,0,0,0,2019-06-16 16:03:42-04:00
0,0,0,0,0,0,2019-06-16 16:05:48-04:00
0,0,0,0,0,0,2019-06-16 16:08:00-04:00
0,0,0,0,0,0,2019-06-16 16:16:01-04:00
0,0,0,0,0,0,2019-06-16 16:16:37-04:00
0,0,0,0,0,0,2019-06-16 16:18:28-04:00
0,0,0,0,0,0,2019-06-16 17:38:19-04:00
0,0,0,0,0,0,2019-06-16 17:38:19-04:00
0,0,0,0,0,0,2019-06-16 17:40:06-04:00
0,0,0,0,0,0,2019-06-16 17:40:06-04:00
0,0,0,0,0,0,2019-06-16 17:41:44-04:00
0,0,0,0,0,0,2019-06-16 17:41:44-04:00
0,0,0,0,0,0,2019-06-16 17:54:53-04:00
0,0,0,0,0,0,2019-06-16 17:54:53-04:00
0,0,0,0,0,0,2019-06-16 18:20:15-04:00
0,0,0,0,0,0,2019-06-16 18:20:15-04:00
0,0,0,0,0,0,2019-06-19 13:52:33-04:00
0,0,0,0,0,0,2019-06-19 13:52:51-04:00
0,0,0,0,0,0,2019-06-19 13:52:51-04:00
0,0,0,0,0,0,2019-06-19 13:56:48-04:00
0,0,0,0,0,0,2019-06-19 13:56:48-04:00
22,23,8,3,8,7,2019-07-22 21:43:26-04:00
22,23,8,3,8,7,2019-07-22 21:43:26-04:00
0,0,0,0,0,0,2019-07-22 21:43:50-04:00
0,0,0,0,0,0,2019-07-22 21:43:50-04:00
1,1,0,0,0,0,2019-07-22 22:05:52-04:00
1,1,0,0,0,0,2019-07-22 22:05:52-04:00
0,0,0,0,0,0,2019-07-22 22:10:40-04:00
0,0,0,0,0,0,2019-07-22 22:10:40-04:00
1,1,0,0,0,0,2019-07-22 22:11:41-04:00
1,1,0,0,0,0,2019-07-22 22:11:41-04:00
0,0,0,0,0,0,2019-07-22 22:13:03-04:00
0,0,0,0,0,0,2019-07-22 22:13:03-04:00
0,0,0,0,0,0,2019-07-22 22:14:04-04:00
0,0,0,0,0,0,2019-07-22 22:14:04-04:00
0,0,0,0,0,0,2019-07-22 22:14:59-04:00
0,0,0,0,0,0,2019-07-22 22:14:59-04:00
2,2,2,0,0,0,2019-07-22 22:18:53-04:00
2,2,2,0,0,0,2019-07-22 22:18:53-04:00
0,0,0,0,0,0,2019-07-22 22:29:58-04:00
0,0,0,0,0,0,2019-07-22 22:29:58-04:00
0,0,0,0,0,0,2019-07-22 22:30:29-04:00
0,0,0,0,0,0,2019-07-22 22:30:29-04:00
0,0,0,0,0,0,2019-07-22 22:30:56-04:00
0,0,0,0,0,0,2019-07-22 22:30:56-04:00
0,0,0,0,0,0,2019-07-22 22:31:17-04:00
0,0,0,0,0,0,2019-07-22 22:31:17-04:00
0,0,0,0,0,0,2019-07-22 22:37:33-04:00
0,0,0,0,0,0,2019-07-22 22:37:33-04:00
0,0,0,0,0,0,2019-07-23 17:35:17+03:00
0,0,0,0,0,0,2019-07-23 17:35:17+03:00
0,0,0,0,0,0,2019-07-23 17:39:30+03:00
0,0,0,0,0,0,2019-07-23 17:39:30+03:00
0,0,0,0,0,0,2019-07-23 17:41:41+03:00
0,0,0,0,0,0,2019-07-23 17:41:41+03:00
0,0,0,0,0,0,2019-07-23 17:43:36+03:00
0,0,0,0,0,0,2019-07-23 17:43:36+03:00
2,2,2,0,1,0,2019-08-15 19:20:36-04:00
2,2,2,0,1,0,2019-08-15 19:20:36-04:00
0,0,0,0,0,0,2019-08-15 19:29:16-04:00
0,0,0,0,0,0,2019-08-15 19:29:16-04:00
0,0,0,0,0,0,2019-08-15 19:37:58-04:00
0,0,0,0,0,0,2019-08-15 19:37:58-04:00
0,0,0,0,0,0,2019-08-15 19:38:33-04:00
0,0,0,0,0,0,2019-08-15 19:38:33-04:00
0,0,0,0,0,0,2019-08-15 19:58:25-04:00
0,0,0,0,0,0,2019-08-15 19:58:25-04:00
0,0,0,0,0,0,2019-08-15 19:59:33-04:00
0,0,0,0,0,0,2019-08-15 19:59:33-04:00
1,1,0,0,1,1,2019-08-16 18:22:07-04:00
0,0,0,0,0,0,2019-08-16 18:28:35-04:00
0,0,0,0,0,0,2019-08-16 18:30:27-04:00
0,0,0,0,0,0,2019-08-16 18:31:16-04:00
0,0,0,0,0,0,2019-08-16 18:32:02-04:00
0,0,0,0,0,0,2019-08-16 18:35:28-04:00
0,0,0,0,0,0,2019-08-16 18:37:48-04:00
0,0,0,0,0,0,2019-08-16 18:42:50-04:00
1,1,0,0,1,1,2019-08-16 18:45:11-04:00
1,1,1,0,1,0,2019-08-16 18:46:08-04:00
9,9,0,0,3,0,2019-08-16 19:20:46-04:00
5,4,0,0,0,0,2019-08-23 18:28:51-04:00
0,0,0,0,0,0,2019-08-23 22:30:29+00:00
0,0,0,0,0,0,2019-08-23 19:49:22-04:00
1,1,0,0,0,0,2019-08-23 20:21:13-04:00
0,0,0,0,0,0,2019-08-23 20:21:34-04:00
0,0,0,0,0,0,2019-08-26 15:18:35-04:00
0,0,0,0,0,0,2019-08-26 15:19:07-04:00
0,0,0,0,0,0,2019-08-26 15:20:02-04:00
0,0,0,0,0,0,2020-02-12 20:52:41-05:00
0,0,0,0,0,0,2021-02-17 18:58:51-05:00
0,0,0,0,0,0,2021-09-09 12:20:42-04:00
