Acquisition,Preparation,Modeling,Training,Evaluation,Prediction,time
0,0,0,0,0,0,2021-01-21 14:16:17+01:00
2,2,0,0,0,0,2021-01-21 15:03:37+01:00
0,0,0,0,0,0,2021-01-22 14:26:09+01:00
0,0,0,0,0,0,2021-01-22 14:32:09+01:00
1,1,0,0,0,0,2021-01-22 17:47:46+01:00
1,1,0,0,0,0,2021-01-22 17:55:41+01:00
0,0,0,0,0,0,2021-01-22 17:56:30+01:00
1,1,0,0,0,0,2021-01-25 20:01:08+01:00
2,2,0,0,0,0,2021-01-26 12:51:59+01:00
1,1,0,0,0,0,2021-01-26 13:05:04+01:00
1,1,0,0,0,0,2021-01-26 17:25:15+01:00
1,1,0,0,0,0,2021-01-28 18:20:57+01:00
1,1,0,0,0,0,2021-02-01 16:30:19+01:00
1,1,0,0,0,0,2021-02-05 13:47:37+01:00
1,1,0,0,0,0,2021-02-09 18:21:22+01:00
1,1,0,0,0,0,2021-02-09 18:21:55+01:00
0,0,0,0,0,0,2021-03-01 14:19:34+01:00
0,0,0,0,0,0,2021-04-01 13:11:49+02:00
1,1,0,0,0,0,2021-04-12 19:04:09+02:00
1,1,0,0,0,0,2021-04-26 22:10:14+02:00
1,1,0,0,0,0,2021-04-28 10:25:04+02:00
0,0,0,0,0,0,2021-04-28 18:44:07+02:00
0,0,0,0,0,0,2021-04-28 18:47:11+02:00
0,0,0,0,0,0,2021-04-28 19:08:06+02:00
0,0,0,0,0,0,2021-04-28 19:09:28+02:00
1,1,0,0,0,0,2021-07-06 19:24:55+02:00
1,1,0,0,0,0,2021-07-08 23:41:45+02:00
1,1,0,0,0,0,2021-07-13 18:33:07+02:00
0,0,0,0,0,0,2021-08-10 15:05:55+02:00
1,1,0,0,0,0,2021-08-10 18:24:52+02:00
0,0,0,0,0,0,2021-08-10 18:26:43+02:00
0,0,0,0,0,0,2021-08-10 18:26:56+02:00
0,0,0,0,0,0,2021-08-10 18:27:48+02:00
0,0,0,0,0,0,2021-08-11 09:50:26+02:00
0,0,0,0,0,0,2021-08-11 15:19:30+02:00
1,2,0,0,0,0,2021-08-11 15:20:12+02:00
1,1,0,0,0,0,2021-08-11 15:21:47+02:00
0,0,0,0,0,0,2021-08-11 15:22:17+02:00
0,0,0,0,0,0,2021-08-11 15:22:39+02:00
0,0,0,0,0,0,2021-08-11 15:28:37+02:00
0,0,0,0,0,0,2021-08-11 15:46:23+02:00
0,0,0,0,0,0,2021-08-30 13:47:05+02:00
1,1,0,0,0,0,2021-08-31 17:20:50+02:00
0,0,0,0,0,0,2021-09-01 17:11:18+02:00
0,0,0,0,0,0,2021-09-01 17:11:38+02:00
0,0,0,0,0,0,2021-09-01 17:11:55+02:00
0,0,0,0,0,0,2021-09-01 17:12:11+02:00
0,0,0,0,0,0,2021-09-01 17:12:29+02:00
0,2,0,0,0,0,2021-09-01 17:12:53+02:00
0,2,0,0,0,0,2021-09-01 18:16:18+02:00
1,1,0,0,0,0,2021-09-28 11:19:02+02:00
0,0,0,0,0,0,2021-09-28 11:19:24+02:00
0,1,0,0,0,0,2021-09-28 11:19:39+02:00
0,0,0,0,0,0,2021-09-28 11:19:56+02:00
0,1,0,0,0,0,2021-09-28 11:20:53+02:00
0,1,0,0,0,0,2021-09-28 11:21:14+02:00
1,2,0,0,0,0,2021-09-28 11:21:25+02:00
0,1,0,0,0,0,2021-10-18 13:54:13+02:00
0,0,0,0,0,0,2021-10-18 13:54:31+02:00
0,1,0,0,0,0,2021-10-18 13:55:33+02:00
0,1,0,0,0,0,2022-01-26 22:43:42+01:00
0,1,0,0,0,0,2022-01-26 22:43:56+01:00
0,1,0,0,0,0,2022-01-26 22:44:16+01:00
0,0,0,0,0,0,2022-01-26 22:44:31+01:00
0,0,0,0,0,0,2022-01-26 22:44:43+01:00
0,1,0,0,0,0,2022-01-26 22:45:19+01:00
0,1,0,0,0,0,2022-01-26 22:45:47+01:00
3,9,0,0,0,0,2022-01-27 09:42:54+01:00
4,9,0,0,0,0,2022-01-27 09:43:40+01:00
0,0,0,0,0,0,2022-01-27 16:19:09+01:00
0,1,0,0,0,0,2022-03-02 20:03:59+01:00
0,1,0,0,0,0,2022-03-09 13:35:17+01:00
0,0,0,0,0,0,2022-03-09 14:10:27+01:00
0,1,0,0,0,0,2022-03-15 13:30:25+01:00
0,1,0,0,0,0,2022-03-28 19:22:43+02:00
0,1,0,0,0,0,2022-03-28 19:23:00+02:00
0,1,0,0,0,0,2022-03-28 19:23:11+02:00
0,1,0,0,0,0,2022-03-28 19:23:26+02:00
0,1,0,0,0,0,2022-03-28 19:23:47+02:00
0,0,0,0,0,0,2022-03-28 19:23:58+02:00
0,0,0,0,0,0,2022-04-25 16:59:45+02:00
0,0,0,0,0,0,2022-04-25 17:00:10+02:00
0,1,0,0,0,0,2022-04-25 17:00:50+02:00
0,1,0,0,0,0,2022-04-25 17:01:17+02:00
0,1,0,0,0,0,2022-04-26 19:24:18+02:00
0,0,0,0,0,0,2022-04-26 19:24:38+02:00
0,0,0,0,0,0,2022-04-28 12:43:04+02:00
0,1,0,0,0,0,2022-04-28 12:43:24+02:00
1,1,0,0,0,0,2022-05-03 14:19:04+02:00
1,4,0,0,0,0,2022-05-03 14:23:24+02:00
1,4,0,0,0,0,2022-05-03 14:23:47+02:00
0,0,0,0,0,0,2022-05-03 14:24:08+02:00
0,1,0,0,0,0,2022-05-10 20:08:02+02:00
0,0,0,0,0,0,2022-05-10 20:16:11+02:00
0,1,1,1,0,1,2022-05-11 14:10:12+02:00
0,3,0,0,0,0,2022-05-23 16:08:19+02:00
0,1,0,0,0,0,2022-05-23 17:30:28+02:00
0,0,0,0,0,0,2022-05-23 17:30:56+02:00
0,0,0,0,0,0,2022-05-27 18:56:36+02:00
0,0,0,0,0,0,2022-05-27 18:56:57+02:00
0,0,0,0,0,0,2022-05-27 19:20:53+02:00
0,2,0,0,0,0,2022-06-22 17:04:01+02:00
