Acquisition,Preparation,Modeling,Training,Evaluation,Prediction,time
0,0,0,0,0,0,2019-02-21 09:30:04-08:00
0,0,0,0,0,0,2019-02-21 09:30:07-08:00
0,0,0,0,0,0,2019-02-21 09:30:10-08:00
6,21,4,2,0,1,2019-02-21 09:41:13-08:00
0,0,0,0,0,0,2019-02-21 09:53:56-08:00
0,1,0,0,0,0,2019-02-21 21:31:18-08:00
0,0,0,0,0,0,2019-02-21 21:33:15-08:00
0,1,0,0,0,0,2019-02-21 22:19:18-08:00
2,6,0,0,0,0,2019-02-24 21:03:52-08:00
1,0,0,0,0,0,2019-02-25 13:59:11-08:00
0,0,0,0,0,0,2019-02-25 14:00:05-08:00
1,0,0,0,0,0,2019-02-25 14:06:08-08:00
0,0,0,0,0,0,2019-02-27 13:38:40+00:00
3,4,0,0,0,0,2019-02-27 13:55:42+00:00
2,1,0,0,0,0,2019-02-27 14:45:22+00:00
1,4,0,0,0,0,2019-02-27 12:38:16-08:00
0,0,0,0,0,0,2019-02-27 12:39:08-08:00
0,0,0,0,0,0,2019-02-28 11:19:24+00:00
0,1,0,0,0,0,2019-03-02 15:20:34-08:00
0,1,0,0,0,0,2019-03-02 15:31:15-08:00
0,2,0,0,0,0,2019-03-02 20:01:51-08:00
0,3,0,0,0,0,2019-03-03 13:36:12-08:00
0,0,0,0,0,0,2019-03-03 15:39:38-08:00
6,12,4,1,0,0,2019-03-27 13:57:35-07:00
0,1,0,0,0,0,2019-03-28 14:23:06-07:00
6,19,4,1,0,0,2019-04-01 09:00:44-07:00
3,18,4,2,0,1,2019-04-12 08:38:42-07:00
0,0,0,0,0,0,2019-04-12 09:51:56-07:00
1,0,0,0,0,0,2019-04-15 16:15:27+01:00
0,0,0,0,0,0,2019-04-15 16:17:46+01:00
1,0,0,0,0,0,2019-04-15 16:32:09+01:00
0,0,0,0,0,0,2019-04-15 16:47:59+01:00
0,0,0,0,0,0,2019-05-16 13:41:52+03:00
0,1,0,0,0,0,2019-05-24 13:24:19-07:00
3,16,4,1,1,0,2019-05-29 15:45:13-07:00
0,0,0,0,0,0,2019-05-31 09:34:00-07:00
0,1,0,0,0,0,2019-06-05 11:28:28-07:00
0,0,0,0,0,0,2019-06-05 13:51:58-07:00
0,0,0,0,0,0,2019-06-24 13:23:49-06:00
0,0,0,0,0,0,2019-06-26 08:27:52-07:00
0,0,0,0,0,0,2019-07-25 21:31:37+01:00
13,30,5,2,1,1,2019-07-25 17:00:33-07:00
2,5,0,0,0,0,2019-07-31 21:17:04-07:00
2,1,0,0,0,0,2019-08-02 17:06:39-07:00
3,12,2,1,0,1,2019-08-02 17:57:23-07:00
1,1,1,0,0,0,2019-08-02 18:44:25-07:00
2,1,0,0,0,0,2019-08-06 19:03:16+01:00
7,18,3,0,1,0,2019-08-22 19:34:24-07:00
0,1,0,0,0,0,2019-09-04 11:27:03-07:00
0,0,0,0,0,0,2019-09-07 14:04:53-07:00
11,17,4,1,1,0,2019-09-17 16:25:39-07:00
4,5,1,0,0,0,2019-10-04 18:08:27-07:00
5,17,4,1,2,0,2019-10-07 17:12:59-07:00
1,1,0,0,0,0,2019-10-08 20:06:39-07:00
7,8,3,0,0,0,2019-10-29 18:02:16-07:00
4,11,3,0,0,0,2019-10-31 09:36:34-07:00
0,1,0,0,0,0,2019-11-22 11:36:28-05:00
0,1,0,0,0,0,2019-11-22 11:58:49-05:00
0,1,0,0,0,0,2019-11-22 12:10:14-05:00
0,2,0,0,0,0,2019-12-08 11:34:34-08:00
1,0,0,0,0,0,2019-12-09 11:39:34-08:00
0,0,0,0,0,0,2019-12-09 11:41:02-08:00
0,2,0,0,0,0,2019-12-10 12:02:50-08:00
0,1,0,0,0,0,2019-12-10 15:55:58-08:00
0,2,0,0,1,0,2019-12-10 22:07:26-08:00
1,1,0,0,0,0,2019-12-11 15:18:07-08:00
1,1,0,0,0,0,2019-12-12 18:05:35+00:00
0,2,0,0,1,0,2019-12-12 10:32:32-08:00
0,0,0,0,0,0,2019-12-12 17:20:04-03:00
0,0,0,0,0,0,2019-12-12 18:44:03-03:00
0,5,0,0,0,0,2019-12-12 15:34:20-08:00
3,7,2,0,0,0,2019-12-12 16:17:28-08:00
0,0,0,0,0,0,2019-12-12 16:21:08-08:00
0,1,0,0,0,0,2019-12-12 16:29:11-08:00
3,7,2,0,1,0,2019-12-12 18:51:41-08:00
0,1,0,0,1,0,2019-12-13 00:04:11-08:00
0,0,0,0,0,0,2019-12-13 00:07:47-08:00
0,0,0,0,0,0,2019-12-13 16:23:13+00:00
0,0,0,0,0,0,2019-12-13 10:27:54-08:00
0,1,0,0,0,0,2019-12-14 07:28:40+13:00
0,1,0,0,0,0,2019-12-13 14:46:21-08:00
0,0,0,0,0,0,2019-12-13 22:46:46+00:00
0,1,0,0,0,0,2019-12-13 14:49:42-08:00
0,0,0,0,0,0,2019-12-13 14:49:44-08:00
0,1,0,0,0,0,2019-12-13 15:13:36-08:00
0,3,0,0,1,0,2019-12-13 16:17:18-08:00
0,0,0,0,0,0,2019-12-13 16:17:44-08:00
0,0,0,0,0,0,2019-12-16 08:40:45-08:00
0,1,0,0,0,0,2019-12-16 09:57:49-08:00
0,0,0,0,0,0,2019-12-16 18:42:51+00:00
0,0,0,0,0,0,2019-12-16 18:43:06+00:00
0,0,0,0,0,0,2019-12-16 12:01:51-08:00
0,1,0,0,0,0,2019-12-16 16:01:21-08:00
0,3,0,0,1,0,2019-12-16 17:55:20-08:00
0,0,0,0,0,0,2019-12-16 17:55:35-08:00
0,0,0,0,0,0,2019-12-16 19:57:36-08:00
0,0,0,0,0,0,2019-12-17 11:36:46-08:00
0,2,0,0,0,0,2019-12-17 17:28:11-08:00
0,0,0,0,0,0,2019-12-18 09:10:14-08:00
0,0,0,0,0,0,2019-12-18 13:53:00-08:00
0,0,0,0,0,0,2019-12-18 14:06:00-08:00
0,8,1,0,1,0,2019-12-18 14:56:36-08:00
0,0,0,0,0,0,2019-12-18 14:57:14-08:00
0,1,0,0,0,0,2019-12-18 16:04:33-08:00
1,0,0,0,0,0,2019-12-18 16:40:05-08:00
0,0,0,0,0,0,2019-12-18 16:43:29-08:00
0,2,0,0,1,0,2019-12-18 18:24:36-08:00
0,0,0,0,0,0,2019-12-19 09:43:37-08:00
0,0,0,0,0,0,2019-12-19 17:06:11-08:00
0,0,0,0,0,0,2019-12-19 19:32:32-08:00
0,0,0,0,0,0,2019-12-19 23:36:21-05:00
0,0,0,0,0,0,2019-12-19 20:55:25-08:00
0,0,0,0,0,0,2019-12-20 16:36:34-08:00
4,11,1,0,1,0,2020-01-07 13:28:28-08:00
8,9,0,0,0,0,2020-01-13 15:57:04-08:00
1,0,1,0,0,0,2020-01-16 10:11:15-08:00
0,0,0,0,0,0,2020-01-16 16:04:27-08:00
0,0,0,0,0,0,2020-01-18 14:01:03-08:00
10,7,0,0,0,0,2020-01-24 11:22:12-08:00
18,21,3,0,2,0,2020-02-13 16:39:49-08:00
2,1,0,0,0,0,2020-02-18 18:38:22-08:00
0,0,0,0,0,0,2020-02-18 18:41:08-08:00
3,3,0,0,0,0,2020-02-20 12:57:00-08:00
0,1,0,0,0,0,2020-02-20 15:46:23-08:00
0,0,0,0,0,0,2020-02-21 14:31:44-08:00
5,8,1,0,0,0,2020-02-26 16:04:16-08:00
0,1,1,0,0,0,2020-03-05 18:01:51-08:00
0,0,0,0,0,0,2020-03-05 18:10:28-08:00
0,2,0,0,0,0,2020-03-06 19:32:37-08:00
0,5,0,0,0,0,2020-03-13 09:26:38-07:00
0,2,0,0,1,0,2020-03-13 13:50:34-07:00
0,2,0,0,1,0,2020-03-13 14:53:24-07:00
0,0,0,0,0,0,2020-03-18 09:32:58-07:00
2,1,0,0,0,0,2020-03-18 14:40:13-10:00
18,44,7,1,5,0,2020-03-26 17:22:44-07:00
1,2,1,0,0,0,2020-03-31 11:27:33-07:00
0,0,0,0,0,0,2020-03-31 14:14:09-07:00
0,3,1,0,0,0,2020-04-02 14:30:53-07:00
0,2,1,0,0,0,2020-04-02 16:09:43-07:00
0,3,1,0,0,0,2020-04-02 16:50:24-07:00
0,1,1,0,0,0,2020-04-03 14:01:39-07:00
0,0,0,0,0,0,2020-04-06 09:14:49-07:00
0,1,0,0,0,0,2020-04-06 11:38:39-07:00
0,0,0,0,0,0,2020-04-09 19:32:51-07:00
1,0,0,0,0,0,2020-04-10 18:53:52-07:00
0,1,0,0,0,0,2020-04-16 11:22:47-07:00
2,1,0,0,0,0,2020-04-17 19:57:04-07:00
1,0,0,0,0,0,2020-04-17 20:07:29-07:00
0,0,0,0,0,0,2020-05-01 15:20:07-07:00
0,0,0,0,0,0,2020-05-04 17:50:18+01:00
0,0,0,0,0,0,2020-05-06 09:01:14-07:00
0,0,0,0,0,0,2020-05-06 09:14:20-07:00
0,0,0,0,0,0,2020-05-06 09:14:30-07:00
0,0,0,0,0,0,2020-05-06 09:40:48-07:00
0,0,0,0,0,0,2020-05-06 11:09:15-07:00
0,0,0,0,0,0,2020-05-06 11:11:58-07:00
0,0,0,0,0,0,2020-05-06 11:43:27-07:00
0,0,0,0,0,0,2020-05-06 11:43:45-07:00
0,0,0,0,0,0,2020-05-06 12:41:23-07:00
1,1,0,0,0,0,2020-05-06 12:42:08-07:00
0,0,0,0,0,0,2020-05-06 12:42:13-07:00
0,0,0,0,0,0,2020-05-06 12:42:49-07:00
2,1,0,0,0,0,2020-05-06 13:00:56-07:00
1,1,0,0,0,0,2020-05-06 13:33:49-07:00
1,1,0,0,0,0,2020-05-06 13:34:17-07:00
0,0,0,0,0,0,2020-05-06 14:15:52-07:00
0,4,2,2,0,0,2020-05-07 17:53:58+01:00
8,15,2,0,2,0,2020-05-07 19:53:08-07:00
1,3,1,0,0,0,2020-05-11 18:39:30-07:00
6,21,0,0,2,0,2020-05-21 08:46:17-07:00
0,0,0,0,0,0,2020-05-29 10:47:54-07:00
0,3,0,0,0,0,2020-06-06 01:09:18+01:00
0,0,0,0,0,0,2020-06-05 17:36:48-07:00
2,1,0,0,0,0,2020-06-07 20:24:00-07:00
0,1,0,0,0,0,2020-06-12 10:15:15-07:00
4,10,0,0,0,0,2020-06-12 12:34:13-07:00
3,1,0,1,0,0,2020-06-12 12:35:48-07:00
0,0,0,0,0,0,2020-06-12 12:39:37-07:00
0,0,0,0,0,0,2020-06-12 12:49:36-07:00
1,4,0,1,0,0,2020-06-12 13:44:30-07:00
0,2,0,0,0,0,2020-06-12 21:09:07+00:00
0,1,0,0,0,0,2020-06-12 19:56:36-07:00
13,29,4,3,1,0,2020-06-17 19:52:51-07:00
0,0,0,0,0,0,2020-06-18 09:20:50-07:00
0,1,0,0,0,0,2020-06-18 13:12:14-07:00
0,0,0,0,0,0,2020-06-18 13:15:29-07:00
0,0,0,0,0,0,2020-06-18 16:14:17-07:00
0,1,0,0,0,0,2020-06-18 16:22:08-07:00
0,1,0,0,0,0,2020-06-18 17:29:23-07:00
0,1,0,0,0,0,2020-06-18 18:03:36-07:00
0,1,0,0,0,0,2020-06-18 20:17:46-07:00
0,0,0,0,0,0,2020-06-18 20:26:08-07:00
15,13,1,1,2,0,2020-06-19 14:24:07-07:00
0,0,0,0,0,0,2020-06-19 14:27:50-07:00
2,2,0,0,0,0,2020-06-19 17:56:45-07:00
0,1,0,0,0,0,2020-06-19 17:58:24-07:00
0,0,0,0,0,0,2020-06-19 18:00:00-07:00
1,0,0,0,0,0,2020-06-21 11:56:49-07:00
1,3,1,0,0,0,2020-06-21 17:52:41-07:00
0,0,0,0,0,0,2020-06-22 08:28:38-07:00
1,3,1,0,0,0,2020-06-22 11:29:47-07:00
4,13,0,1,0,0,2020-06-22 12:05:13-07:00
0,0,0,0,0,0,2020-06-22 12:10:33-07:00
1,2,0,0,0,0,2020-06-22 14:53:49-07:00
0,0,0,0,0,0,2020-06-22 17:19:28-07:00
0,0,0,0,0,0,2020-06-23 10:29:08-07:00
1,5,0,0,0,0,2020-06-24 10:19:24-07:00
0,2,1,1,2,0,2020-06-24 17:22:56-07:00
1,2,0,0,0,0,2020-06-24 18:06:56-07:00
1,0,0,0,0,0,2020-06-25 13:30:37-07:00
0,0,0,0,0,0,2020-06-25 14:01:47-07:00
0,0,0,0,0,0,2020-06-25 14:04:48-07:00
1,1,0,0,0,0,2020-06-25 14:14:55-07:00
1,5,0,0,0,0,2020-06-25 15:09:47-07:00
0,0,0,0,0,0,2020-06-25 15:11:52-07:00
0,0,0,0,0,0,2020-06-25 19:07:25-07:00
0,0,0,0,0,0,2020-06-26 14:06:32-07:00
0,0,0,0,0,0,2020-06-26 16:07:30-07:00
2,3,0,0,1,0,2020-06-26 17:06:54-07:00
0,1,0,0,0,0,2020-06-29 17:59:41-07:00
24,41,5,4,4,0,2020-06-29 19:16:25-07:00
1,2,0,0,0,0,2020-06-30 17:14:34-07:00
0,0,0,0,0,0,2020-06-30 18:08:25-07:00
0,1,0,0,0,0,2020-06-30 19:58:24-07:00
2,4,0,0,0,0,2020-07-01 13:29:19-07:00
0,0,0,0,0,0,2020-07-01 15:11:57-07:00
0,1,0,0,0,0,2020-07-01 15:13:20-07:00
2,4,0,0,0,0,2020-07-01 15:17:55-07:00
0,0,0,0,0,0,2020-07-02 12:24:21-07:00
0,0,0,0,0,0,2020-07-02 13:22:36-07:00
0,0,0,0,0,0,2020-07-03 10:46:25-07:00
1,9,0,0,0,0,2020-07-04 23:45:28-07:00
2,7,0,0,0,0,2020-07-05 21:06:28-07:00
0,5,0,0,1,0,2020-07-07 09:19:51-07:00
0,1,0,0,0,0,2020-07-07 11:48:22-07:00
0,0,0,0,0,0,2020-07-07 15:28:36-07:00
0,1,0,0,0,0,2020-07-07 16:35:32-07:00
0,1,0,0,0,0,2020-07-07 16:58:18-07:00
0,3,1,0,0,0,2020-07-08 15:27:19-07:00
0,1,0,0,0,0,2020-07-08 15:35:21-07:00
1,1,0,0,0,0,2020-07-08 20:04:56-07:00
0,0,0,0,0,0,2020-07-09 15:49:35-07:00
0,2,0,0,1,0,2020-07-09 15:51:49-07:00
0,0,0,0,0,0,2020-07-09 16:07:31-07:00
0,0,0,0,0,0,2020-07-09 16:07:58-07:00
0,0,0,0,0,0,2020-07-09 16:14:27-07:00
0,1,0,0,0,0,2020-07-09 17:30:15-07:00
0,0,0,0,0,0,2020-07-09 17:30:25-07:00
1,1,0,0,0,0,2020-07-09 17:31:01-07:00
1,8,0,0,1,0,2020-07-09 18:23:24-07:00
0,0,0,0,0,0,2020-07-09 18:24:09-07:00
0,2,0,0,0,0,2020-07-09 19:55:56-07:00
1,1,0,0,0,0,2020-07-10 12:29:39-07:00
0,3,0,0,0,0,2020-07-10 16:38:04-07:00
1,1,0,0,0,0,2020-07-10 18:35:56-07:00
1,1,0,0,0,0,2020-07-18 12:01:51-07:00
1,1,0,0,0,0,2020-07-20 11:45:13-07:00
1,1,0,0,0,0,2020-07-20 15:26:07-07:00
2,2,2,0,0,0,2020-07-20 18:43:55-07:00
1,1,1,0,0,0,2020-07-21 11:07:12-07:00
0,2,0,0,1,0,2020-07-21 18:13:28-07:00
0,0,0,0,0,0,2020-07-21 21:45:52-07:00
0,0,0,0,0,0,2020-07-23 14:38:40-07:00
5,4,4,0,0,0,2020-07-24 18:10:59-07:00
5,2,2,0,0,0,2020-07-29 17:49:24-07:00
2,1,1,0,0,0,2020-07-29 20:17:39-07:00
0,0,0,0,0,0,2020-07-30 07:44:37-07:00
1,4,1,1,2,0,2020-08-04 13:28:42-07:00
1,1,0,0,0,0,2020-08-04 13:46:51-07:00
1,2,0,0,0,0,2020-08-04 15:09:07-07:00
4,25,2,1,3,0,2020-08-05 09:56:20-07:00
0,0,0,0,0,0,2020-08-05 11:57:46-07:00
0,0,0,0,0,0,2020-08-05 12:00:27-07:00
0,1,0,0,1,0,2020-08-05 12:59:48-07:00
1,0,0,0,0,0,2020-08-05 13:09:52-07:00
1,1,1,0,0,0,2020-08-05 13:46:42-07:00
1,1,1,0,0,0,2020-08-05 14:12:52-07:00
2,3,2,0,0,0,2020-08-05 16:56:17-07:00
0,1,0,0,0,0,2020-08-05 18:12:07-07:00
0,0,0,0,0,0,2020-08-05 18:38:18-07:00
0,0,0,0,0,0,2020-08-06 07:56:25-07:00
0,0,0,0,0,0,2020-08-07 18:43:48+00:00
0,0,0,0,0,0,2020-08-07 18:45:22+00:00
0,0,0,0,0,0,2020-08-07 19:03:02+00:00
0,0,0,0,0,0,2020-08-07 19:12:03+00:00
0,0,0,0,0,0,2020-08-07 19:16:54+00:00
0,0,0,0,0,0,2020-08-07 20:11:22+00:00
0,0,0,0,0,0,2020-08-07 20:13:33+00:00
0,0,0,0,0,0,2020-08-07 13:47:03-07:00
0,0,0,0,0,0,2020-08-17 14:11:22-07:00
0,2,0,0,0,0,2020-08-26 11:11:56-07:00
1,0,0,0,0,0,2020-09-10 01:06:14+05:18
1,0,0,0,0,0,2020-09-09 14:18:45-07:00
2,8,0,0,0,0,2020-09-09 16:11:42-07:00
0,0,0,0,0,0,2020-09-09 16:49:07-07:00
1,4,1,1,1,0,2020-09-10 10:05:10-07:00
4,17,4,0,0,0,2020-09-11 14:47:55-07:00
1,2,0,0,0,0,2020-09-14 17:35:10-07:00
0,0,0,0,0,0,2020-09-14 18:11:07-07:00
0,0,0,0,0,0,2020-09-14 18:17:22-07:00
2,2,1,0,1,0,2020-09-18 15:43:54-07:00
0,0,0,0,0,0,2020-09-25 16:03:04-07:00
0,1,0,0,0,0,2020-09-25 17:51:36-07:00
0,1,0,0,0,0,2020-09-28 17:35:08+02:00
0,0,0,0,0,0,2020-09-28 17:35:45+02:00
0,1,0,0,0,0,2020-09-29 11:25:33+02:00
0,0,0,0,0,0,2020-09-30 14:10:40+02:00
0,1,0,0,0,0,2020-09-30 15:05:01+02:00
0,0,0,0,0,0,2020-09-30 15:07:53+02:00
0,0,0,0,0,0,2020-10-07 14:09:30-07:00
3,10,1,0,0,0,2020-10-13 12:19:40-07:00
4,11,1,0,1,0,2020-10-15 10:17:06-07:00
0,2,1,0,0,0,2020-10-15 14:56:28-07:00
1,3,0,0,0,0,2020-10-15 16:30:23-07:00
0,0,0,0,0,0,2020-10-16 12:22:58-07:00
0,0,0,0,0,0,2020-10-16 13:03:53-07:00
0,0,0,0,0,0,2020-10-20 04:43:19+02:00
1,2,0,0,0,0,2020-10-21 15:36:38-07:00
0,0,0,0,0,0,2020-10-21 15:58:55-07:00
0,0,0,0,0,0,2020-10-21 16:07:43-07:00
3,4,2,0,0,0,2020-10-28 09:41:14-07:00
0,0,0,0,0,0,2020-10-28 09:56:44-07:00
0,0,0,0,0,0,2020-10-28 09:57:20-07:00
0,1,0,0,0,0,2020-11-17 02:59:25+01:00
0,1,0,0,0,0,2020-11-17 03:00:38+01:00
0,1,0,0,0,0,2020-11-19 08:15:55-08:00
0,0,0,0,0,0,2020-11-30 14:44:32-08:00
5,5,0,0,2,0,2020-12-02 13:34:14-08:00
1,3,1,0,1,0,2020-12-04 15:48:36-08:00
1,6,1,0,0,0,2020-12-07 17:26:01+00:00
0,0,0,0,0,0,2020-12-08 10:52:55-08:00
0,0,0,0,0,0,2020-12-08 11:23:16-08:00
0,0,0,0,0,0,2020-12-08 11:55:49-08:00
0,0,0,0,0,0,2020-12-08 12:35:50-08:00
0,0,0,0,0,0,2020-12-08 12:46:39-08:00
0,0,0,0,0,0,2020-12-08 12:48:16-08:00
0,0,0,0,0,0,2020-12-08 12:55:28-08:00
0,0,0,0,0,0,2020-12-08 13:03:20-08:00
0,0,0,0,0,0,2020-12-08 15:48:41-08:00
0,0,0,0,0,0,2020-12-08 20:21:47-08:00
0,0,0,0,0,0,2021-01-13 09:46:55-08:00
2,4,1,0,0,0,2021-01-13 13:55:03-08:00
0,0,0,0,0,0,2021-01-13 15:05:38-08:00
17,52,6,0,1,0,2021-02-08 18:48:23-08:00
0,1,0,0,0,0,2021-02-09 17:04:23-08:00
1,1,0,0,0,0,2021-02-11 08:47:09-08:00
1,1,0,0,0,0,2021-02-22 12:14:58-08:00
17,31,3,4,4,1,2021-02-22 15:02:19-08:00
4,20,2,0,0,0,2021-02-22 16:42:43-08:00
5,5,1,0,0,0,2021-02-24 15:01:37-08:00
12,21,2,0,0,0,2021-03-10 15:49:06-08:00
0,0,0,0,0,0,2021-03-11 12:50:17-08:00
0,0,0,0,0,0,2021-03-11 14:57:00-08:00
10,8,0,0,0,0,2021-03-15 19:52:23-07:00
0,0,0,0,0,0,2021-03-24 00:16:58+08:00
0,2,0,0,0,0,2021-03-23 12:15:02-07:00
8,23,1,0,1,0,2021-04-02 17:28:58-07:00
1,0,0,0,0,0,2021-04-05 08:01:58-07:00
5,19,1,0,0,0,2021-04-14 17:43:12-07:00
0,0,0,0,0,0,2021-04-29 20:23:24-07:00
1,2,1,0,0,0,2021-04-30 19:04:40-07:00
0,2,0,0,1,0,2021-05-03 08:47:27-07:00
0,0,0,0,0,0,2021-05-03 12:21:24-07:00
6,34,5,2,3,0,2021-05-12 17:08:36-07:00
0,0,0,0,0,0,2021-06-07 09:35:52-07:00
0,0,0,0,0,0,2021-06-07 10:29:48-07:00
2,3,1,0,1,0,2021-06-08 11:19:39-07:00
7,17,5,0,1,0,2021-06-09 14:49:40-07:00
0,4,1,0,1,0,2021-06-09 15:47:41-07:00
1,1,0,0,0,0,2021-06-09 16:19:23-07:00
4,4,0,0,0,0,2021-06-09 16:57:31-07:00
2,8,1,0,1,0,2021-06-16 17:21:33-07:00
0,0,0,0,0,0,2021-06-17 15:54:29-07:00
1,3,1,0,1,0,2021-06-25 16:49:02-07:00
2,3,0,0,0,0,2021-06-29 08:52:27-07:00
1,1,0,0,0,0,2021-06-29 14:51:24-07:00
4,5,0,0,0,0,2021-06-29 17:16:47-07:00
0,1,0,0,0,0,2021-07-14 17:11:43-07:00
1,0,1,0,0,0,2021-07-15 14:33:11-07:00
2,4,1,0,0,0,2021-07-15 14:54:41-07:00
0,0,0,0,0,0,2021-07-15 17:15:42-07:00
0,0,0,0,0,0,2021-07-16 10:18:19-07:00
0,0,0,0,0,0,2021-07-16 10:18:34-07:00
0,0,0,0,0,0,2021-07-16 11:07:29-07:00
1,3,0,0,0,0,2021-07-30 15:28:42-07:00
0,2,0,0,0,0,2021-08-04 15:25:40-07:00
1,1,1,0,0,0,2021-08-04 15:31:44-07:00
1,2,1,0,0,0,2021-08-04 17:54:58-07:00
0,0,0,0,0,0,2021-08-04 19:02:43-07:00
0,0,0,0,0,0,2021-08-04 19:10:25-07:00
0,2,0,0,0,0,2021-08-06 14:53:58-07:00
0,3,0,0,0,0,2021-08-06 15:10:15-07:00
0,0,0,0,0,0,2021-08-06 17:44:46-07:00
0,0,0,0,0,0,2021-08-06 18:25:52-07:00
1,2,1,0,0,0,2021-08-06 18:32:13-07:00
0,0,0,0,0,0,2021-08-06 18:33:09-07:00
1,3,0,0,0,0,2021-08-06 19:50:36-07:00
0,0,0,0,0,0,2021-08-06 19:51:12-07:00
0,3,0,0,0,0,2021-08-09 15:14:00-07:00
0,0,0,0,0,0,2021-08-09 15:18:27-07:00
0,0,0,0,0,0,2021-08-09 17:13:39-07:00
1,3,0,0,0,0,2021-08-10 11:43:04-07:00
0,3,0,0,0,0,2021-08-16 15:18:02-07:00
0,1,0,0,0,0,2021-08-18 14:40:58-07:00
0,1,0,0,0,0,2021-08-18 14:41:43-07:00
0,1,0,0,0,0,2021-08-18 14:47:50-07:00
0,2,0,0,0,0,2021-08-18 15:22:18-07:00
0,1,0,0,0,0,2021-08-19 09:34:26-07:00
0,0,0,0,0,0,2021-08-19 09:40:09-07:00
0,0,0,0,0,0,2021-08-19 13:07:30-07:00
0,0,0,0,0,0,2021-08-23 18:50:14-07:00
0,4,0,0,0,0,2021-08-25 11:35:05-07:00
1,8,1,0,0,0,2021-08-30 20:26:37-07:00
0,1,0,0,0,0,2021-08-31 11:16:52-07:00
0,1,0,0,0,0,2021-08-31 13:10:34-07:00
0,0,0,0,0,0,2021-09-01 11:33:53-07:00
0,8,0,0,0,0,2021-09-08 15:40:54-07:00
4,12,1,0,0,0,2021-09-09 11:06:39-07:00
3,13,1,0,4,0,2021-09-09 12:43:02-07:00
0,1,0,0,0,0,2021-09-09 13:21:29-07:00
2,3,0,0,0,0,2021-09-09 15:14:06-07:00
21,17,2,0,2,0,2021-09-09 17:54:54-07:00
0,1,0,0,0,0,2021-09-10 15:10:50-07:00
0,1,0,0,0,0,2021-09-10 16:46:14-07:00
0,4,0,0,0,0,2021-09-10 16:46:34-07:00
0,4,0,0,2,0,2021-09-14 13:51:13-07:00
3,1,0,0,0,0,2021-09-14 19:22:55-07:00
0,0,0,0,0,0,2021-09-14 21:51:07-07:00
0,0,0,0,0,0,2021-09-15 18:52:03-07:00
3,1,0,0,0,0,2021-09-16 16:43:24-07:00
0,0,0,0,0,0,2021-09-22 10:01:11-07:00
0,0,0,0,0,0,2021-09-22 10:01:45-07:00
1,2,0,0,0,0,2021-09-22 15:06:07-07:00
0,9,0,0,0,0,2021-09-27 10:10:49-07:00
1,6,0,0,0,0,2021-09-29 19:11:54-07:00
0,1,0,0,0,0,2021-09-30 10:33:00-07:00
0,1,0,0,0,0,2021-09-30 11:05:14-07:00
0,2,0,0,0,0,2021-09-30 12:21:50-07:00
0,0,0,0,0,0,2021-09-30 12:39:39-07:00
0,5,0,0,0,0,2021-10-01 11:59:06-07:00
0,0,0,0,0,0,2021-10-04 11:28:56-07:00
0,0,0,0,0,0,2021-10-04 12:28:45-07:00
0,13,0,0,0,0,2021-10-05 10:56:55-07:00
0,1,0,0,0,0,2021-10-06 10:14:45-07:00
0,2,0,0,0,0,2021-10-06 12:01:19-07:00
0,0,0,0,0,0,2021-10-06 12:02:37-07:00
0,3,0,0,0,0,2021-10-06 13:13:08-07:00
0,0,0,0,0,0,2021-10-06 13:13:11-07:00
0,1,0,0,0,0,2021-10-06 14:10:40-07:00
0,2,0,0,0,0,2021-10-06 16:12:44-07:00
0,5,0,0,0,0,2021-10-07 08:19:29-07:00
0,9,0,0,0,0,2021-10-08 16:48:24-07:00
1,2,0,0,0,0,2021-10-15 16:35:44-07:00
0,5,0,0,0,0,2021-10-18 12:38:09-07:00
0,0,0,0,0,0,2021-10-18 12:59:33-07:00
0,0,0,0,0,0,2021-10-18 13:35:29-07:00
0,0,0,0,0,0,2021-10-18 18:52:17-07:00
1,1,0,0,0,0,2021-10-19 14:57:35-07:00
1,1,0,0,0,0,2021-10-19 15:16:39-07:00
1,1,0,0,0,0,2021-10-19 15:41:39-07:00
0,0,0,0,0,0,2021-10-21 11:31:41-07:00
0,6,0,0,1,0,2021-10-22 17:41:41-07:00
11,32,7,2,2,0,2021-10-25 16:01:15-07:00
2,4,0,0,1,0,2021-10-25 17:26:31-07:00
1,1,0,0,0,0,2021-10-25 17:53:58-07:00
0,0,0,0,0,0,2021-10-29 11:47:56-07:00
0,0,0,0,0,0,2021-11-01 13:59:52-07:00
0,0,0,0,0,0,2021-11-01 14:05:01-07:00
0,0,0,0,0,0,2021-11-01 14:08:03-07:00
0,0,0,0,0,0,2021-11-01 14:18:17-07:00
0,0,0,0,0,0,2021-11-01 15:14:31-07:00
2,1,0,0,0,0,2021-11-01 17:33:18-07:00
0,6,1,1,2,0,2021-11-04 16:07:46-07:00
0,0,0,0,0,0,2021-11-04 16:13:07-07:00
3,7,1,0,1,0,2021-11-05 09:38:16-07:00
1,8,1,0,2,0,2021-11-08 11:48:51-08:00
3,12,1,0,1,0,2021-11-12 16:36:42-08:00
1,3,0,0,0,0,2021-11-16 16:12:49-08:00
0,0,0,0,0,0,2021-11-16 19:27:14-08:00
0,1,0,0,0,0,2021-11-29 11:35:07-08:00
0,0,0,0,0,0,2021-11-29 11:37:03-08:00
6,26,1,0,4,0,2021-12-22 10:50:21-08:00
0,5,0,0,0,0,2021-12-23 16:21:35-08:00
0,1,0,0,0,0,2022-01-03 16:04:51-08:00
2,1,1,0,0,0,2022-01-03 19:24:58-08:00
1,5,0,0,4,0,2022-01-04 14:29:50-08:00
0,0,0,0,0,0,2022-01-04 15:36:00-08:00
0,0,0,0,0,0,2022-01-04 15:39:37-08:00
0,1,0,0,1,0,2022-01-04 17:48:50-08:00
0,0,0,0,0,0,2022-01-05 08:40:33+01:00
0,0,0,0,0,0,2022-01-05 09:19:00+01:00
0,1,0,0,1,0,2022-01-05 16:57:12-08:00
2,9,1,0,1,0,2022-01-05 19:00:38-08:00
3,4,0,0,0,0,2022-01-05 21:29:36-06:00
0,0,0,0,0,0,2022-01-05 19:45:32-08:00
0,0,0,0,0,0,2022-01-06 11:13:37-08:00
0,0,0,0,0,0,2022-01-06 22:00:44+01:00
0,0,0,0,0,0,2022-01-06 13:41:27-08:00
0,0,0,0,0,0,2022-01-06 16:28:35-08:00
0,0,0,0,0,0,2022-01-06 16:30:12-08:00
3,2,1,0,0,0,2022-01-06 19:15:56-08:00
0,0,0,0,0,0,2022-01-06 19:19:02-08:00
0,0,0,0,0,0,2022-01-06 19:24:28-08:00
0,0,0,0,0,0,2022-01-06 19:30:45-08:00
0,0,0,0,0,0,2022-01-06 19:38:27-08:00
0,0,0,0,0,0,2022-01-06 20:01:49-08:00
4,13,1,0,0,0,2022-01-06 20:28:34-08:00
0,0,0,0,0,0,2022-01-06 20:29:14-08:00
0,0,0,0,0,0,2022-01-06 20:31:00-08:00
0,1,0,0,0,0,2022-01-07 11:54:08+00:00
0,0,0,0,0,0,2022-01-07 10:09:54-08:00
0,1,0,0,1,0,2022-01-07 12:57:51-08:00
0,2,0,0,0,0,2022-01-07 13:52:04-08:00
0,0,0,0,0,0,2022-01-07 13:52:35-08:00
0,0,0,0,0,0,2022-01-07 13:58:17-08:00
3,2,1,0,0,0,2022-01-07 14:28:31-08:00
0,1,0,0,0,0,2022-01-07 14:55:24-08:00
0,0,0,0,0,0,2022-01-07 14:58:58-08:00
2,1,1,0,0,0,2022-01-07 17:40:54-08:00
0,0,0,0,0,0,2022-01-07 17:42:33-08:00
0,2,0,0,1,0,2022-01-07 17:50:01-08:00
0,0,0,0,0,0,2022-01-07 17:52:06-08:00
0,0,0,0,0,0,2022-01-08 13:47:00-08:00
0,0,0,0,0,0,2022-01-10 10:01:39-08:00
0,0,0,0,0,0,2022-01-10 10:04:06-08:00
0,0,0,0,0,0,2022-01-10 10:40:43-08:00
2,2,0,0,0,0,2022-01-10 13:52:12-08:00
0,1,0,0,1,0,2022-01-11 00:02:41+01:00
0,0,0,0,0,0,2022-01-11 00:55:46+00:00
1,0,0,0,0,0,2022-01-10 17:03:02-08:00
0,0,0,0,0,0,2022-01-10 17:06:25-08:00
0,5,0,0,2,0,2022-01-10 17:12:42-08:00
0,3,1,0,0,0,2022-01-10 17:28:12-08:00
0,1,1,0,0,0,2022-01-10 17:38:42-08:00
0,0,0,0,0,0,2022-01-10 18:16:36-08:00
1,1,0,0,0,0,2022-01-11 17:47:03+01:00
0,0,0,0,0,0,2022-01-11 10:24:05-08:00
0,0,0,0,0,0,2022-01-11 19:46:27+01:00
0,0,0,0,0,0,2022-01-11 11:32:56-08:00
0,0,0,0,0,0,2022-01-11 11:33:07-08:00
0,0,0,0,0,0,2022-01-11 11:33:16-08:00
0,0,0,0,0,0,2022-01-11 14:17:14-08:00
0,0,0,0,0,0,2022-01-11 14:17:30-08:00
0,0,0,0,0,0,2022-01-11 14:57:23-08:00
0,4,1,0,1,0,2022-01-11 15:10:41-08:00
0,3,5,0,1,0,2022-01-11 18:15:39-08:00
0,0,0,0,0,0,2022-01-12 09:47:02+01:00
0,0,0,0,0,0,2022-01-12 08:15:56-08:00
0,4,0,0,0,0,2022-01-07 16:53:54+00:00
0,2,0,0,0,0,2022-01-12 16:51:02+00:00
0,1,0,0,0,0,2022-01-12 17:13:03+00:00
0,1,0,0,1,0,2022-01-12 21:23:18+01:00
0,0,0,0,0,0,2022-01-12 21:24:09+01:00
0,0,0,0,0,0,2022-01-12 13:36:40-08:00
0,1,0,0,0,0,2022-01-12 13:54:32-08:00
0,0,0,0,0,0,2022-01-12 13:56:16-08:00
0,0,0,0,0,0,2022-01-12 14:16:22-08:00
0,0,0,0,0,0,2022-01-12 14:17:12-08:00
1,1,0,0,0,0,2022-01-12 19:10:30-08:00
0,0,0,0,0,0,2022-01-12 19:23:16-08:00
0,0,0,0,0,0,2022-01-13 11:56:00+01:00
0,0,0,0,0,0,2022-01-13 08:57:12-08:00
0,0,0,0,0,0,2022-01-13 09:15:39-08:00
1,5,1,0,1,0,2022-01-13 10:17:14-08:00
0,0,0,0,0,0,2022-01-13 10:21:04-08:00
0,0,0,0,0,0,2022-01-13 10:21:24-08:00
0,4,1,0,1,0,2022-01-13 11:58:19-08:00
0,0,0,0,0,0,2022-01-13 11:58:26-08:00
0,0,0,0,0,0,2022-01-13 12:21:45-08:00
0,0,0,0,0,0,2022-01-13 12:21:52-08:00
0,0,0,0,0,0,2022-01-13 13:09:51-08:00
4,8,1,1,1,0,2022-01-13 15:04:16-08:00
0,0,0,0,0,0,2022-01-13 16:24:36-08:00
0,0,0,0,0,0,2022-01-14 09:14:08-08:00
0,0,0,0,0,0,2022-01-14 16:08:31-08:00
0,0,0,0,0,0,2022-01-15 10:50:30+01:00
0,1,0,0,1,0,2022-01-15 10:51:17+01:00
0,0,0,0,0,0,2022-01-15 10:53:39+01:00
9,15,2,0,1,0,2022-01-17 20:48:32-05:00
0,1,0,0,1,0,2022-01-19 14:33:41+01:00
0,1,0,0,0,0,2022-01-19 09:53:01-08:00
0,0,0,0,0,0,2022-01-19 09:54:05-08:00
0,0,0,0,0,0,2022-01-19 17:11:26-08:00
0,1,0,0,0,0,2022-01-19 17:16:19-08:00
0,0,0,0,0,0,2022-01-20 09:04:53-08:00
0,3,0,0,0,0,2022-01-20 16:45:16-08:00
0,0,0,0,0,0,2022-01-21 15:01:07+01:00
0,1,0,0,0,0,2022-01-21 18:11:15+01:00
0,3,0,0,0,0,2022-01-21 15:12:57-08:00
0,0,0,0,0,0,2022-01-24 12:42:56-05:00
5,9,6,0,1,0,2022-01-24 13:38:11-05:00
0,0,0,0,0,0,2022-01-24 13:38:24-05:00
1,4,0,0,0,0,2022-01-24 13:16:35-08:00
0,0,0,0,0,0,2022-01-24 13:17:52-08:00
0,2,0,0,0,0,2022-01-24 14:46:43-08:00
1,3,0,0,0,0,2022-01-24 15:24:00-08:00
0,0,0,0,0,0,2022-01-25 09:08:48-06:00
0,2,0,0,0,0,2022-01-25 16:23:05+00:00
0,1,0,0,0,0,2022-01-25 17:12:36+00:00
0,0,0,0,0,0,2022-01-25 21:53:15+01:00
0,0,0,0,0,0,2022-01-25 21:58:57+01:00
4,4,0,0,0,0,2022-01-25 18:46:02-08:00
1,6,0,0,0,0,2022-01-25 18:48:45-08:00
0,0,0,0,0,0,2022-01-25 18:50:05-08:00
1,0,0,0,0,0,2022-01-25 20:44:44-08:00
0,1,0,0,0,0,2022-01-26 10:44:42-08:00
0,0,0,0,0,0,2022-01-26 11:03:44-08:00
0,0,0,0,0,0,2022-01-26 14:20:25-08:00
0,0,0,0,0,0,2022-01-26 14:20:38-08:00
0,0,0,0,0,0,2022-01-26 14:20:55-08:00
0,0,0,0,0,0,2022-01-26 14:21:02-08:00
0,0,0,0,0,0,2022-01-26 14:21:11-08:00
0,0,0,0,0,0,2022-01-26 14:22:21-08:00
0,0,0,0,0,0,2022-01-27 10:08:49+01:00
0,0,0,0,0,0,2022-01-27 12:44:41+01:00
0,0,0,0,0,0,2022-01-27 08:33:31-08:00
0,0,0,0,0,0,2022-01-27 08:33:49-08:00
0,0,0,0,0,0,2022-01-27 08:34:25-08:00
0,0,0,0,0,0,2022-01-27 08:36:01-08:00
0,0,0,0,0,0,2022-01-27 09:28:50-08:00
0,0,0,0,0,0,2022-01-27 09:29:03-08:00
0,0,0,0,0,0,2022-01-27 10:10:20-08:00
0,0,0,0,0,0,2022-01-27 10:10:31-08:00
0,0,0,0,0,0,2022-01-27 11:28:38-08:00
0,0,0,0,0,0,2022-01-27 12:22:47-08:00
1,1,0,0,0,0,2022-01-27 14:45:07-08:00
0,0,0,0,0,0,2022-01-27 21:20:10-08:00
1,5,2,1,1,0,2022-01-27 22:57:50-08:00
0,1,0,0,0,0,2022-01-28 10:46:51+01:00
0,1,0,0,0,0,2022-01-28 10:52:00+01:00
0,0,0,0,0,0,2022-01-28 11:15:06+01:00
0,0,1,0,0,0,2022-01-28 11:16:11+01:00
0,0,0,0,0,0,2022-01-28 16:48:15-05:00
8,4,0,0,0,0,2022-01-28 16:00:26-08:00
0,0,0,0,0,0,2022-01-28 17:05:57-08:00
0,0,0,0,0,0,2022-01-28 17:54:14-08:00
0,0,0,0,0,0,2022-01-28 18:03:10-08:00
0,0,0,0,0,0,2022-01-28 18:04:55-08:00
0,0,0,0,0,0,2022-01-28 18:05:08-08:00
0,0,0,0,0,0,2022-01-29 12:17:07-05:00
1,0,0,0,0,0,2022-01-29 14:26:20-05:00
0,0,0,0,0,0,2022-01-30 15:16:27-08:00
0,0,0,0,0,0,2022-01-30 15:16:47-08:00
0,0,0,0,0,0,2022-01-31 10:27:52+01:00
0,0,0,0,0,0,2022-01-31 10:32:23+01:00
0,0,0,0,0,0,2022-01-31 10:55:32-05:00
0,0,0,0,0,0,2022-01-31 10:20:40-08:00
0,1,0,0,0,0,2022-01-31 10:40:44-08:00
0,0,0,0,0,0,2022-01-31 10:40:49-08:00
1,2,0,0,0,0,2022-01-31 12:22:48-08:00
0,0,0,0,0,0,2022-01-31 12:44:06-08:00
0,0,0,0,0,0,2022-01-31 13:20:29-08:00
0,0,0,0,0,0,2022-01-31 15:15:50-08:00
0,0,0,0,0,0,2022-01-31 15:16:27-08:00
0,1,1,0,0,0,2022-01-31 15:22:41-08:00
0,1,0,0,0,0,2022-01-31 15:29:15-08:00
0,0,0,0,0,0,2022-01-31 16:19:30-08:00
0,0,0,0,0,0,2022-01-31 20:10:11-05:00
0,0,0,0,0,0,2022-02-01 09:10:14+00:00
0,0,0,0,0,0,2022-02-01 09:10:25+00:00
0,0,0,0,0,0,2022-02-01 07:57:06-08:00
0,0,0,0,0,0,2022-02-01 08:42:05-08:00
0,0,0,0,0,0,2022-02-01 08:42:26-08:00
0,0,0,0,0,0,2022-02-01 09:36:32-08:00
0,0,0,0,0,0,2022-02-01 09:48:58-08:00
0,0,0,0,0,0,2022-02-01 09:49:09-08:00
0,0,0,0,0,0,2022-02-01 10:06:40-08:00
0,1,0,0,0,0,2022-02-01 19:17:19+01:00
0,0,0,0,0,0,2022-02-01 12:10:32-08:00
0,0,0,0,0,0,2022-02-01 12:10:50-08:00
0,0,0,0,0,0,2022-02-01 12:57:46-08:00
0,0,0,0,0,0,2022-02-04 18:08:55+00:00
0,0,0,0,0,0,2022-02-04 18:10:13+00:00
0,0,0,0,0,0,2022-02-04 10:35:36-08:00
0,0,0,0,0,0,2022-02-04 12:35:49-08:00
1,2,0,0,0,0,2022-02-07 19:34:02+00:00
0,0,0,0,0,0,2022-02-07 14:31:54-08:00
1,1,0,0,0,0,2022-02-08 18:25:10-08:00
0,0,0,0,0,0,2022-02-15 13:53:03-08:00
0,0,0,0,0,0,2022-02-15 13:55:01-08:00
0,0,0,0,0,0,2022-02-15 13:55:57-08:00
0,0,0,0,0,0,2022-02-15 13:57:24-08:00
0,0,0,0,0,0,2022-02-15 13:59:09-08:00
4,7,0,0,1,0,2022-02-15 15:21:22-08:00
0,0,0,0,0,0,2022-02-15 17:46:20-08:00
32,107,17,1,16,0,2022-02-15 20:24:55-08:00
0,0,0,0,0,0,2022-02-15 20:27:57-08:00
0,5,1,0,0,0,2022-02-17 08:56:23-08:00
0,4,0,0,1,0,2022-02-22 11:54:50-08:00
0,0,0,0,0,0,2022-02-22 13:34:56-08:00
0,1,0,0,0,0,2022-02-22 14:53:09-08:00
4,12,1,0,1,0,2022-03-14 11:55:55-07:00
0,1,0,0,0,0,2022-03-15 10:55:22-07:00
0,5,0,0,0,0,2022-03-15 14:54:51-07:00
0,1,1,0,0,0,2022-03-15 16:49:06-07:00
6,16,2,0,0,0,2022-03-18 11:35:22-07:00
44,92,15,4,9,1,2022-03-18 18:13:13-07:00
1,9,1,0,0,0,2022-03-22 16:09:20-07:00
0,0,0,0,0,0,2022-03-22 16:10:04-07:00
2,2,0,0,0,0,2022-03-22 19:32:11-07:00
8,5,0,0,0,0,2022-03-23 17:11:04-07:00
9,27,6,0,4,0,2022-04-05 09:04:18-07:00
5,6,2,0,0,0,2022-04-05 18:10:02-07:00
0,6,0,0,0,0,2022-03-30 12:38:10-07:00
0,2,0,0,0,0,2022-04-06 13:10:36-07:00
1,6,1,0,0,0,2022-04-11 16:08:10-07:00
0,7,0,0,0,0,2022-04-14 17:03:53-07:00
0,0,0,0,0,0,2022-04-14 17:04:35-07:00
6,6,0,0,0,0,2022-04-14 17:05:26-07:00
6,5,0,0,0,0,2022-04-14 18:12:54-07:00
0,1,0,0,0,0,2022-04-14 19:30:08-07:00
0,3,0,0,0,0,2022-04-14 19:31:36-07:00
1,4,1,0,0,0,2022-04-21 19:34:35-07:00
0,1,0,0,0,0,2022-04-21 20:26:42-07:00
1,4,1,0,0,0,2022-04-21 19:34:35-07:00
0,0,0,0,0,0,2022-04-21 20:28:38-07:00
6,11,2,0,1,0,2022-04-27 12:10:27-07:00
0,0,0,0,0,0,2022-04-27 12:11:21-07:00
1,2,1,0,0,0,2022-04-27 12:12:50-07:00
0,0,0,0,0,0,2022-04-27 12:22:30-07:00
1,1,1,0,0,0,2022-04-27 13:14:03-07:00
0,0,0,0,0,0,2022-04-27 13:14:23-07:00
1,2,1,0,0,0,2022-04-27 13:14:57-07:00
2,3,1,0,0,0,2022-04-27 13:17:46-07:00
1,0,0,0,0,0,2022-04-27 13:19:04-07:00
49,99,13,0,11,0,2022-04-27 13:32:42-07:00
0,0,1,0,0,0,2022-04-27 13:40:39-07:00
0,0,0,0,0,0,2022-04-27 14:35:38-07:00
0,0,0,0,0,0,2022-04-27 14:35:57-07:00
2,3,1,0,0,0,2022-04-27 15:10:52-07:00
2,10,2,0,0,0,2022-04-28 15:05:46-07:00
2,3,0,1,1,0,2022-04-28 17:58:34-07:00
0,1,0,0,0,0,2022-04-28 18:05:05-07:00
3,10,3,0,1,0,2022-05-01 17:54:35-07:00
0,6,1,0,2,0,2022-05-01 17:58:01-07:00
1,1,0,0,0,0,2022-05-02 12:54:22-07:00
0,1,0,1,1,0,2022-05-02 12:59:13-07:00
0,0,0,0,0,0,2022-05-03 09:17:07-07:00
0,0,0,0,0,0,2022-05-03 18:18:43-07:00
4,17,2,0,4,0,2022-05-03 19:04:13-07:00
3,5,1,0,0,0,2022-05-04 10:40:07-07:00
0,0,0,0,0,0,2022-05-04 11:24:52-07:00
2,6,0,0,2,0,2022-05-04 13:06:26-07:00
2,17,2,0,1,0,2022-05-06 14:19:35-07:00
0,0,0,0,0,0,2022-05-06 14:25:09-07:00
0,1,0,0,0,0,2022-05-06 14:30:22-07:00
0,1,1,1,1,0,2022-05-06 14:41:48-07:00
0,2,2,1,1,0,2022-05-06 15:05:34-07:00
0,1,0,0,1,0,2022-05-06 15:19:26-07:00
0,1,0,0,1,0,2022-05-06 17:32:02-07:00
1,0,0,0,0,0,2022-05-09 23:27:56-07:00
1,0,0,0,0,0,2022-05-10 09:16:27-07:00
0,0,0,0,0,0,2022-05-10 09:20:54-07:00
2,0,0,0,0,0,2022-05-10 09:21:53-07:00
0,0,0,0,0,0,2022-05-12 10:32:59+02:00
0,0,0,0,0,0,2022-05-12 10:16:48-07:00
0,0,0,0,0,0,2022-05-12 18:01:21-07:00
0,0,0,0,0,0,2022-05-12 18:02:04-07:00
0,0,0,0,0,0,2022-05-12 18:03:40-07:00
0,0,0,0,0,0,2022-05-12 18:53:44-07:00
0,0,0,0,0,0,2022-05-13 09:53:47-07:00
0,0,0,0,0,0,2022-05-13 11:02:09-07:00
0,0,0,0,0,0,2022-05-13 12:34:29-07:00
0,0,0,0,0,0,2022-05-13 12:40:25-07:00
0,1,0,0,0,0,2022-05-13 12:52:20-07:00
0,0,0,0,0,0,2022-05-13 20:58:09-07:00
0,0,0,0,0,0,2022-05-13 20:59:01-07:00
0,0,0,0,0,0,2022-05-13 21:20:26-07:00
0,0,0,0,0,0,2022-05-16 09:25:46-07:00
0,0,0,0,0,0,2022-05-16 10:57:27-07:00
0,0,0,0,0,0,2022-05-16 11:38:58-07:00
0,0,0,0,0,0,2022-05-16 11:46:38-07:00
0,0,0,0,0,0,2022-05-16 12:33:16-07:00
0,1,0,0,0,0,2022-05-18 17:45:54-07:00
0,1,0,0,0,0,2022-05-18 17:55:11-07:00
0,1,0,0,0,0,2022-05-18 18:11:41-07:00
0,0,0,0,0,0,2022-05-18 18:17:39-07:00
0,0,0,0,0,0,2022-05-18 18:18:43-07:00
0,0,0,0,0,0,2022-05-18 19:14:32-07:00
0,0,0,0,0,0,2022-05-18 19:14:59-07:00
0,0,0,0,0,0,2022-05-18 19:15:21-07:00
0,2,0,0,0,0,2022-05-18 19:18:07-07:00
0,1,0,0,0,0,2022-05-18 19:27:46-07:00
0,1,0,0,0,0,2022-05-18 19:28:28-07:00
0,0,0,0,0,0,2022-05-19 10:43:32-07:00
0,0,0,0,0,0,2022-05-19 10:45:33-07:00
0,0,0,0,0,0,2022-05-19 11:10:33-07:00
0,0,0,0,0,0,2022-05-19 12:14:08-07:00
0,0,0,0,0,0,2022-05-19 12:14:18-07:00
0,0,0,0,0,0,2022-05-19 12:17:39-07:00
0,2,0,0,0,0,2022-05-19 14:24:11-06:00
1,1,0,0,0,0,2022-05-19 13:28:24-07:00
0,0,0,0,0,0,2022-05-19 13:28:42-07:00
0,1,0,0,0,0,2022-05-19 13:30:48-07:00
0,0,0,0,0,0,2022-05-19 13:44:37-07:00
0,1,0,0,0,0,2022-05-20 14:19:19-07:00
0,1,0,0,0,0,2022-05-20 14:19:59-07:00
1,2,0,0,0,0,2022-05-21 12:16:08-06:00
0,0,0,0,0,0,2022-05-25 14:14:27+02:00
2,9,1,0,1,0,2022-05-26 14:21:27-07:00
0,0,0,0,0,0,2022-05-26 14:22:15-07:00
0,0,0,0,0,0,2022-05-27 12:57:27-07:00
0,1,0,0,0,0,2022-05-27 15:16:58-07:00
4,3,0,0,0,0,2022-05-27 17:08:04-06:00
1,2,0,0,0,0,2022-05-28 18:54:16-06:00
1,0,0,0,0,0,2022-05-28 20:27:56-06:00
0,0,0,0,0,0,2022-05-28 19:32:26-07:00
0,0,0,0,0,0,2022-05-28 20:00:54-07:00
1,0,0,0,0,0,2022-05-29 14:22:44-06:00
0,0,0,0,0,0,2022-05-29 13:29:05-07:00
0,0,0,0,0,0,2022-05-30 16:27:44-07:00
0,0,0,0,0,0,2022-05-31 11:22:19-07:00
0,0,0,0,0,0,2022-05-31 12:44:15-07:00
0,0,0,0,0,0,2022-05-31 13:06:11-07:00
0,1,0,0,0,0,2022-06-01 11:03:53+02:00
0,0,0,0,0,0,2022-06-01 09:58:16-07:00
0,0,0,0,0,0,2022-06-01 19:33:07+02:00
3,8,1,1,1,0,2022-06-09 13:26:14-07:00
2,6,1,0,0,0,2022-06-09 13:26:33-07:00
0,0,0,0,0,0,2022-06-13 13:36:25-07:00
0,0,0,0,0,0,2022-06-13 16:55:05-07:00
0,0,0,0,0,0,2022-06-13 16:58:09-07:00
0,0,0,0,0,0,2022-06-13 17:05:34-07:00
0,0,0,0,0,0,2022-06-13 17:23:22-07:00
0,0,0,0,0,0,2022-06-14 18:08:37-07:00
0,2,0,0,0,0,2022-06-14 18:22:28-07:00
0,0,0,0,0,0,2022-06-14 18:36:54-07:00
0,1,0,0,0,0,2022-06-14 19:36:14-07:00
1,3,6,0,0,0,2022-06-15 14:22:33-07:00
0,0,0,0,0,0,2022-06-15 15:03:02-07:00
0,1,0,0,0,0,2022-06-15 16:22:08-07:00
0,0,0,0,0,0,2022-06-15 16:27:28-07:00
3,11,7,0,0,0,2022-06-15 17:23:45-07:00
0,2,1,0,0,0,2022-06-16 12:19:55-07:00
0,0,0,0,0,0,2022-06-16 12:27:03-07:00
0,0,0,0,0,0,2022-06-16 12:27:17-07:00
0,0,0,0,0,0,2022-06-16 12:39:11-07:00
0,0,0,0,0,0,2022-06-16 13:19:14-07:00
0,0,0,0,0,0,2022-06-16 13:47:17-07:00
1,0,0,0,0,0,2022-06-16 14:01:19-07:00
1,0,0,0,0,0,2022-06-16 14:40:40-07:00
1,0,0,0,0,0,2022-06-16 15:07:36-07:00
4,14,3,0,0,0,2022-06-16 18:11:22-07:00
0,1,1,0,0,0,2022-06-16 18:12:59-07:00
0,1,0,0,0,0,2022-06-16 18:42:14-07:00
1,5,1,0,0,0,2022-06-17 12:03:53-07:00
0,0,0,0,0,0,2022-06-17 12:14:55-07:00
0,0,0,0,0,0,2022-06-17 12:22:25-07:00
0,0,0,0,0,0,2022-06-17 12:29:36-07:00
0,0,0,0,0,0,2022-06-17 12:31:08-07:00
1,0,0,0,0,0,2022-06-17 12:35:47-07:00
0,0,0,0,0,0,2022-06-17 12:53:17-07:00
1,1,0,0,1,0,2022-06-17 13:00:25-07:00
1,1,0,0,1,0,2022-06-17 13:03:42-07:00
0,1,0,0,0,0,2022-06-17 13:35:14-07:00
0,0,0,0,0,0,2022-06-17 13:37:40-07:00
6,23,1,1,2,0,2022-06-17 14:34:22-07:00
1,2,0,0,0,0,2022-06-17 14:35:11-07:00
3,12,4,1,0,0,2022-06-17 14:37:11-07:00
0,0,0,0,0,0,2022-06-17 14:43:07-07:00
0,1,0,0,0,0,2022-06-17 14:47:35-07:00
0,0,0,0,0,0,2022-06-17 14:51:23-07:00
1,2,0,1,1,0,2022-06-17 17:43:16-07:00
80,195,29,5,21,1,2022-06-17 17:43:46-07:00
0,0,0,0,0,0,2022-06-17 18:30:07-07:00
1,0,0,0,0,0,2022-06-17 19:00:16-07:00
0,0,0,0,0,0,2022-06-17 19:06:55-07:00
0,0,0,0,0,0,2022-06-17 19:30:01-07:00
0,0,0,0,0,0,2022-06-17 19:43:57-07:00
0,0,0,0,0,0,2022-06-17 19:46:20-07:00
0,0,0,0,0,0,2022-06-17 19:48:33-07:00
0,0,0,0,0,0,2022-06-20 14:56:19-07:00
0,0,0,0,0,0,2022-06-20 14:56:32-07:00
0,0,0,0,0,0,2022-06-20 15:07:31-07:00
1,6,2,0,0,0,2022-06-20 18:16:12-07:00
1,1,0,0,0,0,2022-06-27 10:08:13-07:00
0,2,0,0,0,0,2022-06-28 13:36:06-07:00
0,2,0,0,0,0,2022-06-30 10:39:17-07:00
0,0,0,0,0,0,2022-06-30 13:51:47-07:00
0,0,0,0,0,0,2022-06-30 14:44:03-07:00
0,1,0,0,0,0,2022-06-30 17:13:47-07:00
1,3,0,0,0,0,2022-07-01 11:28:41-07:00
0,1,0,0,0,0,2022-07-01 12:42:32-07:00
0,1,0,0,0,0,2022-07-01 13:51:16-07:00
0,1,0,0,0,0,2022-07-01 14:17:22-07:00
0,1,0,0,0,0,2022-07-01 14:22:33-07:00
0,1,0,0,0,0,2022-07-01 14:51:51-07:00
0,0,0,0,0,0,2022-07-01 17:09:50-07:00
0,1,0,0,0,0,2022-07-01 17:21:09-07:00
0,0,0,0,0,0,2022-07-01 17:35:11-07:00
0,1,0,0,0,0,2022-07-01 17:42:34-07:00
0,0,0,0,0,0,2022-07-03 12:19:18-07:00
0,0,0,0,0,0,2022-07-05 10:24:40-05:00
0,2,0,0,0,0,2022-07-05 08:58:26-07:00
0,1,0,0,0,0,2022-07-05 09:19:49-07:00
0,0,0,0,0,0,2022-07-05 12:05:28-07:00
1,5,0,0,0,0,2022-07-06 16:43:45-05:00
0,0,0,0,0,0,2022-07-06 15:28:04-07:00
