Acquisition,Preparation,Modeling,Training,Evaluation,Prediction,time
1,1,0,0,0,0,2017-09-10 01:13:45+09:00
1,1,0,0,0,0,2017-09-10 15:31:51+09:00
1,2,0,0,0,0,2017-09-11 23:58:48+09:00
1,2,0,0,0,0,2017-09-16 22:59:49+09:00
0,0,0,0,0,0,2017-09-16 23:21:24+09:00
0,0,0,0,0,0,2017-09-16 23:23:53+09:00
1,2,0,0,0,0,2017-09-17 01:38:43+09:00
1,2,0,0,0,0,2017-09-18 01:29:57+09:00
1,3,0,0,0,0,2017-09-18 17:27:26+09:00
2,5,1,1,0,1,2017-09-23 13:55:49+09:00
3,7,2,2,2,2,2017-09-24 20:09:04+09:00
0,1,0,0,0,0,2017-09-25 13:32:48+09:00
0,1,0,0,0,0,2017-09-25 13:53:55+09:00
2,4,1,1,1,1,2017-09-25 22:00:10+09:00
0,0,0,0,0,0,2017-09-25 22:06:04+09:00
2,7,2,2,2,2,2017-09-27 02:40:53+09:00
0,4,1,1,1,2,2017-09-27 19:35:44+09:00
0,4,1,1,1,2,2017-09-28 01:52:46+09:00
0,3,1,1,1,1,2017-09-29 00:02:48+09:00
2,5,1,1,2,2,2017-10-04 02:45:58+09:00
4,4,3,3,4,1,2017-10-04 16:54:09+09:00
2,2,1,1,2,1,2017-10-05 00:59:16+09:00
0,0,0,0,0,0,2017-10-05 12:12:25+09:00
1,2,0,0,1,0,2017-10-05 21:47:05+09:00
1,2,1,1,1,1,2017-10-06 02:14:18+09:00
2,3,0,0,0,0,2017-10-08 14:54:58+09:00
2,2,1,1,1,1,2017-10-08 21:12:58+09:00
0,0,0,0,0,0,2017-10-08 23:14:07+09:00
3,3,1,2,2,1,2017-10-09 12:12:21+09:00
1,1,1,1,1,1,2017-10-09 18:05:55+09:00
5,6,2,3,3,2,2017-10-10 02:09:50+09:00
1,1,1,1,1,1,2017-10-12 02:39:00+09:00
1,1,1,1,1,1,2017-10-12 18:12:19+09:00
2,3,1,2,2,2,2017-10-13 02:26:13+09:00
4,4,2,3,3,2,2017-10-13 19:24:38+09:00
6,6,3,4,4,3,2017-10-14 02:48:15+09:00
3,5,2,3,3,3,2017-10-14 20:11:14+09:00
0,0,0,0,0,0,2017-10-14 20:49:44+09:00
3,3,2,3,3,2,2017-10-15 02:41:52+09:00
2,2,1,2,2,1,2017-10-15 16:16:23+09:00
3,3,2,3,3,2,2017-10-17 02:29:18+09:00
1,2,1,1,1,2,2017-10-19 00:18:06+09:00
2,2,1,2,1,1,2017-10-21 00:12:06+09:00
3,3,2,3,2,2,2017-10-21 02:47:54+09:00
4,4,2,3,3,2,2017-10-22 02:52:48+09:00
8,8,3,4,4,3,2017-10-23 01:31:43+09:00
3,4,1,2,2,1,2017-10-23 20:47:23+09:00
3,3,1,2,2,2,2017-10-24 01:30:37+09:00
1,1,0,1,1,0,2017-10-24 19:51:09+09:00
1,1,1,1,1,1,2017-10-24 19:54:36+09:00
2,2,1,2,2,1,2017-10-25 03:00:37+09:00
2,2,1,2,2,1,2017-10-26 03:14:42+09:00
2,2,1,2,2,1,2017-10-26 22:04:15+09:00
3,3,1,2,2,1,2017-10-27 01:55:56+09:00
3,3,1,2,2,2,2017-10-31 02:06:29+09:00
4,4,4,4,4,4,2017-11-08 23:38:23+09:00
7,8,5,6,6,6,2017-11-16 01:43:03+09:00
2,2,1,1,1,1,2017-11-18 00:07:17+09:00
5,5,3,3,3,3,2017-11-18 12:45:33+09:00
0,0,0,0,0,0,2017-11-20 20:47:03+09:00
5,5,4,5,5,4,2017-11-21 13:30:01+09:00
2,2,0,1,1,0,2017-11-22 21:52:17+09:00
5,5,3,4,4,3,2017-11-23 18:26:50+09:00
1,1,0,0,0,0,2017-11-23 19:19:03+09:00
2,3,1,2,2,2,2017-11-23 21:03:09+09:00
1,1,1,1,1,1,2017-11-23 21:22:32+09:00
2,2,0,0,0,0,2017-11-23 21:30:06+09:00
0,0,0,0,0,0,2017-11-23 21:35:39+09:00
5,5,4,5,5,4,2017-11-24 02:51:13+09:00
0,0,0,0,0,0,2017-11-25 15:24:09+09:00
6,6,3,4,4,3,2017-11-25 20:14:10+09:00
3,3,2,3,3,2,2017-11-25 22:19:26+09:00
4,5,3,4,4,4,2017-11-26 02:14:11+09:00
4,5,3,4,4,4,2017-11-26 23:04:54+09:00
2,2,2,2,2,2,2017-11-27 03:05:17+09:00
6,6,4,5,5,4,2017-11-28 03:00:03+09:00
4,5,4,4,4,5,2017-11-28 21:25:37+09:00
2,2,2,2,2,2,2017-11-29 02:43:50+09:00
6,6,5,5,5,5,2017-11-30 17:24:55+09:00
0,0,0,0,0,0,2017-11-30 17:25:17+09:00
2,2,1,1,1,1,2017-12-01 14:43:27+09:00
1,1,1,1,1,1,2017-12-01 15:06:42+09:00
2,2,1,2,2,1,2017-12-01 15:25:06+09:00
1,1,1,1,1,1,2017-12-01 15:56:18+09:00
1,1,1,1,1,1,2017-12-01 19:39:41+09:00
1,1,1,1,1,1,2017-12-01 22:05:28+09:00
1,1,1,1,1,1,2017-12-02 14:34:16+09:00
1,1,0,0,0,0,2017-12-02 15:15:48+09:00
2,3,1,1,1,1,2017-12-02 17:49:44+09:00
5,6,4,5,5,4,2017-12-14 18:59:52+09:00
10,11,7,8,8,8,2017-12-19 16:14:27+09:00
9,9,9,8,8,9,2018-01-01 15:39:31+09:00
4,4,4,4,1,4,2018-01-03 17:11:31+09:00
1,1,1,1,1,1,2018-01-03 17:24:12+09:00
4,4,4,4,2,4,2018-01-08 18:39:57+09:00
13,13,7,7,6,6,2018-01-15 00:54:36+09:00
8,9,4,5,5,4,2018-01-20 22:50:04+09:00
7,7,6,7,3,6,2018-01-22 02:41:20+09:00
10,10,5,6,5,5,2018-01-30 16:40:24+09:00
9,10,7,8,7,8,2018-02-05 19:21:27+09:00
7,8,7,7,7,6,2018-02-26 00:50:41+09:00
