Acquisition,Preparation,Modeling,Training,Evaluation,Prediction,time
0,0,0,0,0,0,2020-02-17 13:20:39-06:00
0,0,0,0,0,0,2020-02-17 13:45:04-06:00
0,0,0,0,0,0,2020-02-17 14:52:39-06:00
0,0,0,0,0,0,2020-02-17 14:53:20-06:00
0,0,0,0,0,0,2020-02-17 21:34:45-06:00
0,0,0,0,0,0,2020-02-17 21:38:10-06:00
0,0,0,0,0,0,2020-02-17 21:49:14-06:00
0,0,0,0,0,0,2020-02-17 21:52:53-06:00
0,0,0,0,0,0,2020-02-17 22:02:43-06:00
0,0,0,0,0,0,2020-02-17 22:03:39-06:00
0,0,0,0,0,0,2020-02-17 22:06:20-06:00
0,0,0,0,0,0,2020-02-25 18:42:29-06:00
0,0,0,0,0,0,2020-02-25 18:43:08-06:00
0,0,0,0,0,0,2020-02-25 18:45:19-06:00
0,0,0,0,0,0,2020-02-29 11:12:06-06:00
0,0,0,0,0,0,2020-02-29 12:16:14-06:00
0,0,0,0,0,0,2020-03-01 14:46:47-06:00
0,0,0,0,0,0,2020-03-01 16:56:57-06:00
0,0,0,0,0,0,2020-03-02 14:19:13-06:00
0,0,0,0,0,0,2020-03-02 15:03:39-06:00
0,0,0,0,0,0,2020-03-02 20:15:09-06:00
0,0,0,0,0,0,2020-03-02 21:22:37-06:00
0,0,0,0,0,0,2020-03-02 21:25:27-06:00
0,0,0,0,0,0,2020-03-02 21:40:36-06:00
0,0,0,0,0,0,2020-03-02 21:44:27-06:00
0,0,0,0,0,0,2020-03-02 21:46:15-06:00
0,0,0,0,0,0,2020-03-02 21:53:17-06:00
0,0,0,0,0,0,2020-03-02 22:22:29-06:00
0,0,0,0,0,0,2020-03-03 20:09:19-06:00
0,0,0,0,0,0,2020-03-03 20:10:12-06:00
0,0,0,0,0,0,2020-03-03 20:12:13-06:00
0,0,0,0,0,0,2020-03-03 20:12:49-06:00
0,0,0,0,0,0,2020-03-03 20:13:39-06:00
0,0,0,0,0,0,2020-03-03 21:05:26-06:00
0,0,0,0,0,0,2020-03-03 21:07:06-06:00
0,0,0,0,0,0,2020-03-04 00:21:44-06:00
0,0,0,0,0,0,2020-03-16 13:33:44-06:00
0,0,0,0,0,0,2020-03-16 13:51:39-06:00
0,0,0,0,0,0,2020-03-16 14:01:29-06:00
0,0,0,0,0,0,2020-03-16 14:05:28-06:00
0,0,0,0,0,0,2020-03-16 17:10:32-06:00
0,1,0,0,0,0,2020-03-16 17:12:09-06:00
0,0,0,0,0,0,2020-03-16 17:24:53-06:00
0,0,0,0,0,0,2020-03-16 17:25:58-06:00
0,0,0,0,0,0,2020-03-30 17:28:16-06:00
0,1,0,0,0,0,2020-03-30 19:56:44-06:00
0,0,0,0,0,0,2020-03-30 20:01:13-06:00
0,0,0,0,0,0,2020-03-30 20:04:49-06:00
0,0,0,0,0,0,2020-03-30 20:07:32-06:00
0,0,0,0,0,0,2020-03-30 20:08:35-06:00
0,0,0,0,0,0,2020-03-30 20:09:15-06:00
0,0,0,0,0,0,2020-03-30 20:09:46-06:00
0,0,0,0,0,0,2020-03-30 21:08:46-06:00
0,1,0,0,0,0,2020-03-31 04:34:45+00:00
0,1,0,0,0,0,2020-03-31 05:56:32+00:00
0,0,0,0,0,0,2020-03-31 06:14:19+00:00
0,1,0,0,0,0,2020-03-31 06:14:51+00:00
0,0,0,0,0,0,2020-03-31 01:02:26-06:00
0,0,0,0,0,0,2020-03-31 01:03:50-06:00
0,0,0,0,0,0,2020-03-31 01:04:01-06:00
0,0,0,0,0,0,2020-03-31 01:04:12-06:00
0,0,0,0,0,0,2020-03-31 01:04:25-06:00
0,0,0,0,0,0,2020-03-31 01:04:59-06:00
0,0,0,0,0,0,2020-03-31 01:53:14-06:00
0,0,0,0,0,0,2020-03-31 09:19:29-06:00
0,0,0,0,0,0,2020-03-31 09:41:33-06:00
0,0,0,0,0,0,2020-03-31 09:52:27-06:00
0,0,0,0,0,0,2020-03-31 09:52:53-06:00
0,0,0,0,0,0,2020-03-31 09:54:22-06:00
0,0,0,0,0,0,2020-03-31 10:06:35-06:00
0,0,0,0,0,0,2020-03-31 10:09:28-06:00
1,1,0,0,0,0,2020-03-31 10:13:12-06:00
1,1,0,0,0,0,2020-03-31 10:46:46-06:00
1,1,0,0,0,0,2020-03-31 10:52:49-06:00
0,0,0,0,0,0,2020-03-31 11:00:59-06:00
0,0,0,0,0,0,2020-03-31 11:04:42-06:00
0,0,0,0,0,0,2020-03-31 13:32:33-06:00
0,0,0,0,0,0,2020-03-31 20:25:10+00:00
0,0,0,0,0,0,2020-03-31 20:26:16+00:00
0,0,0,0,0,0,2020-03-31 20:26:59+00:00
0,0,0,0,0,0,2020-03-31 20:27:15+00:00
1,1,0,0,0,0,2020-03-31 20:27:32+00:00
0,1,0,0,0,0,2020-03-31 20:27:51+00:00
0,0,0,0,0,0,2020-03-31 20:28:32+00:00
0,0,0,0,0,0,2020-03-31 23:04:14+00:00
0,0,0,0,0,0,2020-03-31 23:04:47+00:00
0,0,0,0,0,0,2020-03-31 23:05:21+00:00
0,1,0,0,0,0,2020-03-31 23:05:59+00:00
1,1,0,0,0,0,2020-03-31 23:06:23+00:00
0,0,0,0,0,0,2020-03-31 23:07:18+00:00
0,0,0,0,0,0,2020-03-31 23:08:06+00:00
0,0,0,0,0,0,2020-04-01 00:21:36+00:00
0,1,0,0,0,0,2020-04-01 00:21:59+00:00
1,0,0,0,0,0,2020-04-01 00:22:24+00:00
0,0,0,0,0,0,2020-04-01 00:22:53+00:00
1,0,0,0,0,0,2020-04-01 00:50:47+00:00
0,1,0,0,0,0,2020-04-01 00:51:08+00:00
0,0,0,0,0,0,2020-03-31 18:53:38-06:00
0,0,0,0,0,0,2020-04-04 08:23:55+00:00
0,0,0,0,0,0,2020-04-04 08:24:28+00:00
0,1,0,0,0,0,2020-04-04 15:40:46+00:00
0,0,0,0,0,0,2020-04-04 15:42:04+00:00
1,0,0,0,0,0,2020-04-04 15:43:24+00:00
1,1,0,0,0,0,2020-04-04 15:44:31+00:00
0,0,0,0,0,0,2020-04-04 15:55:17+00:00
3,2,0,0,0,0,2020-04-04 16:01:50+00:00
1,0,0,0,0,0,2020-04-04 13:11:14-06:00
1,1,0,0,0,0,2020-04-04 13:15:19-06:00
1,0,0,0,0,0,2020-04-04 13:15:54-06:00
0,0,0,0,0,0,2020-04-04 14:23:38-06:00
1,0,0,0,0,0,2020-04-04 20:43:00+00:00
0,0,0,0,0,0,2020-04-04 20:43:42+00:00
1,0,0,0,0,0,2020-04-04 20:44:04+00:00
0,1,0,0,0,0,2020-04-04 20:44:29+00:00
0,1,0,0,0,0,2020-04-04 18:25:32-06:00
0,1,0,0,0,0,2020-04-04 18:25:50-06:00
1,0,0,0,0,0,2020-04-04 18:26:17-06:00
0,0,0,0,0,0,2020-04-04 18:30:25-06:00
0,1,0,0,0,0,2020-04-04 18:31:02-06:00
1,0,0,0,0,0,2020-04-05 01:35:18+00:00
0,0,0,0,0,0,2020-04-05 01:37:02+00:00
2,0,0,0,0,0,2020-04-06 23:15:59+00:00
0,0,0,0,0,0,2020-04-06 18:42:12-05:00
0,0,0,0,0,0,2020-04-06 18:43:07-05:00
0,0,0,0,0,0,2020-04-06 22:22:52-05:00
0,0,0,0,0,0,2020-04-07 11:53:50-05:00
1,0,0,0,0,0,2020-04-07 11:55:05-05:00
0,1,0,0,0,0,2020-04-07 11:55:58-05:00
1,0,0,0,0,0,2020-04-07 12:00:10-05:00
0,1,0,0,0,0,2020-04-07 12:01:59-05:00
1,0,0,0,0,0,2020-04-07 12:04:23-05:00
1,0,0,0,0,0,2020-04-07 12:13:52-05:00
0,0,0,0,0,0,2020-04-07 14:18:37-05:00
1,0,0,0,0,0,2020-04-08 13:11:51-05:00
1,0,0,0,0,0,2020-04-08 13:12:52-05:00
0,0,0,0,0,0,2020-04-08 13:13:42-05:00
0,0,0,0,0,0,2020-04-08 15:46:28-05:00
0,0,0,0,0,0,2020-04-08 15:47:32-05:00
0,0,0,0,0,0,2020-04-08 15:48:05-05:00
1,0,0,0,0,0,2020-04-08 15:49:11-05:00
1,0,0,0,0,0,2020-04-08 15:50:20-05:00
1,0,0,0,0,0,2020-04-08 16:10:42-05:00
1,0,0,0,0,0,2020-04-08 16:11:51-05:00
1,0,0,0,0,0,2020-04-08 16:15:16-05:00
0,0,0,0,0,0,2020-04-08 22:43:19-05:00
0,0,0,0,0,0,2020-04-08 22:43:48-05:00
0,0,0,0,0,0,2020-04-08 22:48:53-05:00
0,0,0,0,0,0,2020-04-08 22:49:53-05:00
0,0,0,0,0,0,2020-04-08 22:52:59-05:00
0,0,0,0,0,0,2020-04-08 22:54:12-05:00
0,0,0,0,0,0,2020-04-08 22:54:44-05:00
1,0,0,0,0,0,2020-04-09 06:29:34+00:00
0,0,0,0,0,0,2020-04-09 06:42:49+00:00
0,1,0,0,0,0,2020-04-09 06:43:46+00:00
1,0,0,0,0,0,2020-04-09 06:57:24+00:00
0,0,0,0,0,0,2020-04-09 06:59:29+00:00
0,0,0,0,0,0,2020-04-09 02:05:12-05:00
0,0,0,0,0,0,2020-04-09 09:59:18-05:00
0,0,0,0,0,0,2020-04-09 10:03:00-05:00
0,0,0,0,0,0,2020-04-09 10:04:51-05:00
0,0,0,0,0,0,2020-04-09 10:05:29-05:00
0,0,0,0,0,0,2020-04-09 11:42:12-05:00
1,0,0,0,0,0,2020-04-09 11:42:54-05:00
1,0,0,0,0,0,2020-04-09 11:44:05-05:00
0,1,0,0,0,0,2020-04-09 11:44:31-05:00
0,0,0,0,0,0,2020-04-09 12:40:22-05:00
0,0,0,0,0,0,2020-04-09 12:41:10-05:00
0,0,0,0,0,0,2020-04-09 12:41:46-05:00
0,0,0,0,0,0,2020-04-09 12:42:17-05:00
0,0,0,0,0,0,2020-04-09 12:42:54-05:00
2,1,0,0,0,0,2020-04-09 22:08:52+00:00
1,0,0,0,0,0,2020-04-10 08:45:21+00:00
0,0,0,0,0,0,2020-04-10 09:48:20-05:00
0,0,0,0,0,0,2020-04-10 09:50:16-05:00
0,0,0,0,0,0,2020-04-10 09:50:49-05:00
0,0,0,0,0,0,2020-04-10 09:51:24-05:00
0,0,0,0,0,0,2020-04-10 09:52:01-05:00
1,0,0,0,0,0,2020-04-10 14:19:31-05:00
0,1,0,0,0,0,2020-04-10 14:21:28-05:00
1,0,0,0,0,0,2020-04-10 14:23:15-05:00
0,0,0,0,0,0,2020-04-10 14:24:28-05:00
0,0,0,0,0,0,2020-04-10 14:43:08-05:00
0,0,0,0,0,0,2020-04-10 14:58:19-05:00
0,0,0,0,0,0,2020-04-10 14:58:51-05:00
0,0,0,0,0,0,2020-04-10 14:59:20-05:00
0,0,0,0,0,0,2020-04-10 15:00:02-05:00
1,0,0,0,0,0,2020-04-12 23:21:51-05:00
0,1,0,0,0,0,2020-04-12 23:26:04-05:00
0,0,0,0,0,0,2020-04-12 23:32:38-05:00
0,0,0,0,0,0,2020-04-13 11:58:45-05:00
0,0,0,0,0,0,2020-04-13 12:00:07-05:00
0,0,0,0,0,0,2020-04-13 12:03:44-05:00
0,0,0,0,0,0,2020-04-13 12:04:29-05:00
1,0,0,0,0,0,2020-04-14 05:06:57+00:00
0,0,0,0,0,0,2020-04-14 10:59:33-05:00
0,0,0,0,0,0,2020-04-14 11:00:45-05:00
0,0,0,0,0,0,2020-04-14 11:01:29-05:00
0,0,0,0,0,0,2020-04-14 11:02:04-05:00
0,0,0,0,0,0,2020-04-14 11:02:47-05:00
0,0,0,0,0,0,2020-04-22 14:17:35-05:00
1,2,0,0,0,0,2020-04-22 22:01:14+00:00
0,0,0,0,0,0,2020-04-22 18:56:40-05:00
0,0,0,0,0,0,2020-04-22 18:58:15-05:00
0,0,0,0,0,0,2020-04-22 19:04:26-05:00
0,0,0,0,0,0,2020-04-22 19:06:03-05:00
0,0,0,0,0,0,2020-04-22 19:06:35-05:00
0,0,0,0,0,0,2020-04-22 19:07:07-05:00
0,0,0,0,0,0,2020-04-22 19:07:37-05:00
1,0,0,0,0,0,2020-04-23 22:02:34-05:00
1,0,0,0,0,0,2020-04-23 22:02:36-05:00
1,0,0,0,0,0,2020-04-23 22:02:39-05:00
1,0,0,0,0,0,2020-04-23 22:02:51-05:00
1,0,0,0,0,0,2020-04-23 22:03:23-05:00
1,0,0,0,0,0,2020-04-23 22:28:51-05:00
0,0,0,0,0,0,2020-04-24 08:29:23-05:00
0,0,0,0,0,0,2020-04-24 08:29:47-05:00
1,0,0,0,0,0,2020-04-24 08:30:28-05:00
0,0,0,0,0,0,2020-04-24 08:33:50-05:00
0,0,0,0,0,0,2020-04-24 08:34:55-05:00
0,0,0,0,0,0,2020-04-24 08:36:54-05:00
0,0,0,0,0,0,2020-04-24 08:37:35-05:00
0,0,0,0,0,0,2020-04-24 08:38:22-05:00
0,0,0,0,0,0,2020-04-25 02:27:00-05:00
1,1,0,0,0,0,2020-04-25 02:29:53-05:00
1,0,0,0,0,0,2020-04-25 02:30:11-05:00
1,0,0,0,0,0,2020-04-25 02:30:40-05:00
0,1,0,0,0,0,2020-04-25 02:32:15-05:00
0,0,0,0,0,0,2020-04-25 02:33:57-05:00
0,0,0,0,0,0,2020-04-25 02:34:26-05:00
0,0,0,0,0,0,2020-04-25 09:41:10-05:00
1,1,0,0,0,0,2020-04-25 09:42:01-05:00
0,0,0,0,0,0,2020-04-25 09:42:45-05:00
0,1,0,0,0,0,2020-04-25 09:44:44-05:00
1,1,0,0,0,0,2020-04-25 09:51:05-05:00
0,0,0,0,0,0,2020-04-25 09:51:31-05:00
0,0,0,0,0,0,2020-04-25 09:59:31-05:00
0,0,0,0,0,0,2020-04-25 10:19:27-05:00
0,0,0,0,0,0,2020-04-25 10:25:05-05:00
0,0,0,0,0,0,2020-04-25 11:09:11-05:00
0,0,0,0,0,0,2020-04-25 11:52:03-05:00
0,0,0,0,0,0,2020-04-25 11:53:14-05:00
0,1,0,0,0,0,2020-04-25 18:01:11-05:00
0,0,0,0,0,0,2020-04-25 18:01:35-05:00
1,1,0,0,0,0,2020-04-25 18:02:28-05:00
1,1,0,0,0,0,2020-04-25 18:03:07-05:00
0,0,0,0,0,0,2020-04-25 18:03:36-05:00
0,0,0,0,0,0,2020-04-25 18:04:39-05:00
0,0,0,0,0,0,2020-04-25 18:05:05-05:00
1,1,0,0,0,0,2020-04-25 18:10:54-05:00
0,0,0,0,0,0,2020-04-25 18:14:19-05:00
0,0,0,0,0,0,2020-04-25 18:15:31-05:00
0,0,0,0,0,0,2020-04-25 18:16:06-05:00
0,0,0,0,0,0,2020-04-25 18:17:11-05:00
0,0,0,0,0,0,2020-04-25 18:44:20-05:00
0,0,0,0,0,0,2020-04-25 18:44:41-05:00
0,0,0,0,0,0,2020-04-25 21:08:37-05:00
0,0,0,0,0,0,2020-04-25 22:57:40-05:00
0,0,0,0,0,0,2020-04-25 23:04:45-05:00
0,0,0,0,0,0,2020-04-25 23:19:33-05:00
1,1,0,0,0,0,2020-04-25 23:32:47-05:00
1,1,0,0,0,0,2020-04-25 23:58:23-05:00
0,0,0,0,0,0,2020-04-26 00:08:10-05:00
1,1,0,0,0,0,2020-04-26 01:41:18-05:00
1,1,0,0,0,0,2020-04-26 01:51:22-05:00
0,0,0,0,0,0,2020-04-26 01:51:38-05:00
0,0,0,0,0,0,2020-04-26 01:52:09-05:00
0,0,0,0,0,0,2020-04-26 01:52:28-05:00
0,1,0,0,0,0,2020-04-26 01:52:46-05:00
1,1,1,1,0,1,2020-04-26 01:53:12-05:00
1,1,0,0,0,1,2020-04-26 01:55:07-05:00
1,1,0,0,0,0,2020-04-26 02:30:41-05:00
1,0,0,0,0,0,2020-04-26 15:24:02+00:00
1,1,0,0,0,0,2020-04-27 13:55:20-05:00
0,0,0,0,0,0,2020-04-27 13:57:22-05:00
0,0,0,0,0,0,2020-04-27 14:06:00-05:00
0,0,0,0,0,0,2020-04-27 14:08:27-05:00
0,0,0,0,0,0,2020-04-27 14:08:54-05:00
0,0,0,0,0,0,2020-04-27 14:29:38-05:00
0,0,0,0,0,0,2020-04-27 14:30:06-05:00
0,0,0,0,0,0,2020-04-27 14:34:07-05:00
0,0,0,0,0,0,2020-04-27 15:14:17-05:00
0,0,0,0,0,0,2020-04-27 15:17:38-05:00
1,1,0,0,0,0,2020-04-27 15:44:28-05:00
1,1,0,0,0,0,2020-04-27 20:24:44-05:00
1,1,0,0,0,0,2020-04-27 20:48:31-05:00
0,0,0,0,0,0,2020-04-27 21:13:27-05:00
0,0,0,0,0,0,2020-04-27 21:17:33-05:00
0,0,0,0,0,0,2020-04-27 21:27:26-05:00
0,1,0,0,0,1,2020-04-27 21:27:54-05:00
1,1,0,0,0,0,2020-04-27 21:28:15-05:00
0,1,0,0,0,0,2020-04-27 21:29:33-05:00
0,1,0,0,0,0,2020-04-27 21:31:57-05:00
0,0,0,0,0,0,2020-04-27 21:34:47-05:00
0,0,0,0,0,0,2020-04-27 21:35:16-05:00
1,0,0,0,0,0,2020-04-27 21:35:51-05:00
1,1,0,0,0,1,2020-04-27 21:36:12-05:00
0,1,0,0,0,0,2020-04-27 21:36:23-05:00
0,1,1,1,0,1,2020-04-27 21:36:47-05:00
1,1,0,0,0,0,2020-04-27 21:37:02-05:00
0,0,0,0,0,0,2020-04-27 21:48:35-05:00
0,0,0,0,0,0,2020-04-27 21:49:15-05:00
0,0,0,0,0,0,2020-04-27 21:50:35-05:00
0,0,0,0,0,0,2020-04-27 21:53:23-05:00
0,0,0,0,0,0,2020-04-27 22:08:25-05:00
0,0,0,0,0,0,2020-04-27 22:34:30-05:00
0,0,0,0,0,0,2020-04-27 23:14:34-05:00
1,1,1,1,0,1,2020-04-28 00:13:19-05:00
0,1,0,0,0,1,2020-04-28 00:13:40-05:00
1,0,0,0,0,0,2020-04-28 00:14:43-05:00
1,1,0,0,0,0,2020-04-28 00:15:02-05:00
0,0,0,0,0,0,2020-04-28 00:31:11-05:00
0,0,0,0,0,0,2020-04-28 00:35:00-05:00
1,0,0,0,0,0,2020-04-28 00:43:51-05:00
0,0,0,0,0,0,2020-04-28 00:47:26-05:00
0,0,0,0,0,0,2020-04-28 00:49:24-05:00
0,0,0,0,0,0,2020-04-28 01:00:41-05:00
0,0,0,0,0,0,2020-04-28 01:04:28-05:00
0,0,0,0,0,0,2020-04-28 01:06:05-05:00
0,0,0,0,0,0,2020-04-28 01:07:14-05:00
0,0,0,0,0,0,2020-04-28 01:10:39-05:00
0,0,0,0,0,0,2020-04-28 01:14:56-05:00
0,0,0,0,0,0,2020-04-28 01:15:35-05:00
1,1,0,0,0,0,2020-04-28 01:28:31-05:00
0,0,0,0,0,0,2020-04-28 01:31:42-05:00
0,0,0,0,0,0,2020-04-28 01:40:23-05:00
0,0,0,0,0,0,2020-04-28 01:41:28-05:00
0,0,0,0,0,0,2020-04-28 01:44:38-05:00
0,0,0,0,0,0,2020-04-28 01:44:47-05:00
0,0,0,0,0,0,2020-04-28 01:44:55-05:00
0,0,0,0,0,0,2020-04-28 01:46:42-05:00
0,1,1,1,0,1,2020-04-28 01:50:04-05:00
1,1,0,0,0,0,2020-04-28 01:55:05-05:00
0,1,0,0,0,1,2020-04-28 02:28:50-05:00
1,3,0,0,0,1,2020-04-28 02:41:21-05:00
1,1,0,0,0,0,2020-04-28 02:53:06-05:00
1,0,0,0,0,0,2020-04-28 02:56:53-05:00
0,0,0,0,0,0,2020-04-28 03:16:54-05:00
0,1,0,0,0,1,2020-04-28 10:14:21-05:00
1,1,0,0,0,0,2020-04-28 10:14:50-05:00
0,0,0,0,0,0,2020-04-28 10:19:51-05:00
1,0,0,0,0,0,2020-04-28 10:27:18-05:00
1,1,0,0,0,0,2020-04-28 11:26:06-05:00
0,0,0,0,0,0,2020-04-28 11:51:27-05:00
0,0,0,0,0,0,2020-04-28 11:51:47-05:00
0,0,0,0,0,0,2020-04-28 11:53:59-05:00
0,0,0,0,0,0,2020-04-28 11:57:46-05:00
0,0,0,0,0,0,2020-04-28 12:04:46-05:00
0,0,0,0,0,0,2020-04-28 12:08:51-05:00
0,0,0,0,0,0,2020-04-28 12:31:12-05:00
0,0,0,0,0,0,2020-04-28 12:47:47-05:00
0,0,0,0,0,0,2020-04-28 12:53:12-05:00
0,0,0,0,0,0,2020-04-28 12:54:34-05:00
0,0,0,0,0,0,2020-04-28 12:55:22-05:00
0,0,0,0,0,0,2020-04-28 12:56:00-05:00
1,1,0,0,0,0,2020-04-28 14:26:52-05:00
0,0,0,0,0,0,2020-04-28 14:34:54-05:00
1,0,0,0,0,0,2020-04-28 14:44:11-05:00
2,1,0,0,0,0,2020-04-28 14:58:48-05:00
0,0,0,0,0,0,2020-04-28 15:09:07-05:00
0,0,0,0,0,0,2020-04-28 15:12:11-05:00
0,0,0,0,0,0,2020-04-28 15:33:23-05:00
0,0,0,0,0,0,2020-04-28 15:34:43-05:00
0,0,0,0,0,0,2020-04-28 15:37:37-05:00
0,0,0,0,0,0,2020-04-28 15:38:34-05:00
0,0,0,0,0,0,2020-04-28 15:39:09-05:00
0,0,0,0,0,0,2020-04-28 15:39:55-05:00
0,0,0,0,0,0,2020-04-28 15:41:16-05:00
1,1,0,0,0,0,2020-05-05 12:42:01-05:00
0,1,0,0,0,0,2020-05-05 12:42:56-05:00
1,0,0,0,0,0,2020-05-05 12:48:26-05:00
1,1,0,0,0,0,2020-05-05 12:48:55-05:00
0,0,0,0,0,0,2020-05-05 12:49:49-05:00
0,0,0,0,0,0,2020-05-05 12:54:00-05:00
0,0,0,0,0,0,2020-05-05 12:55:16-05:00
0,0,0,0,0,0,2020-05-05 12:55:56-05:00
0,0,0,0,0,0,2020-05-05 12:56:59-05:00
0,0,0,0,0,0,2020-05-05 12:58:03-05:00
0,0,0,0,0,0,2020-05-08 02:54:04+00:00
3,3,0,0,0,0,2020-05-08 21:08:39-05:00
0,0,0,0,0,0,2020-05-08 21:10:02-05:00
0,0,0,0,0,0,2020-05-08 21:10:59-05:00
0,0,0,0,0,0,2020-05-08 21:11:33-05:00
0,0,0,0,0,0,2020-05-08 21:12:20-05:00
0,0,0,0,0,0,2020-05-08 21:12:48-05:00
0,1,0,0,0,0,2020-05-10 00:20:44-05:00
0,0,0,0,0,0,2020-05-10 00:22:07-05:00
0,0,0,0,0,0,2020-05-10 00:23:09-05:00
0,0,0,0,0,0,2020-05-10 00:23:51-05:00
0,0,0,0,0,0,2020-05-10 00:24:38-05:00
0,0,0,0,0,0,2020-05-10 00:25:16-05:00
0,0,0,0,0,0,2020-05-10 06:31:16+00:00
0,0,0,0,0,0,2020-05-10 11:59:27-05:00
0,0,0,0,0,0,2020-05-10 19:24:12-05:00
1,1,0,0,0,0,2020-05-11 01:29:51+00:00
0,0,0,0,0,0,2020-05-11 01:33:41+00:00
0,0,0,0,0,0,2020-05-10 20:54:19-05:00
0,0,0,0,0,0,2020-05-10 20:55:54-05:00
0,0,0,0,0,0,2020-05-11 17:47:04-05:00
1,1,0,0,0,0,2020-05-11 17:57:19-05:00
0,0,0,0,0,0,2020-05-11 18:03:14-05:00
0,1,0,0,0,1,2020-05-11 18:21:52-05:00
1,1,0,0,0,0,2020-05-11 23:25:44+00:00
0,0,0,0,0,0,2020-05-11 18:30:04-05:00
0,0,0,0,0,0,2020-05-11 19:13:27-05:00
0,0,0,0,0,0,2020-05-11 22:04:33-05:00
0,0,0,0,0,0,2020-05-11 22:05:08-05:00
1,0,0,0,0,0,2020-05-12 03:36:37+00:00
0,0,0,0,0,0,2020-05-12 03:37:24+00:00
1,0,0,0,0,0,2020-05-12 03:43:55+00:00
1,0,0,0,0,0,2020-05-12 03:48:00+00:00
0,0,0,0,0,0,2020-05-12 00:15:18-05:00
0,0,0,0,0,0,2020-05-12 00:29:09-05:00
0,0,0,0,0,0,2020-05-12 00:31:05-05:00
0,0,0,0,0,0,2020-05-12 09:17:25-05:00
1,0,0,0,0,0,2020-05-12 09:23:44-05:00
1,1,0,0,0,0,2020-05-12 09:24:07-05:00
1,1,0,0,0,0,2020-05-12 09:25:00-05:00
0,1,0,0,0,0,2020-05-12 09:25:13-05:00
1,0,0,0,0,0,2020-05-12 09:25:56-05:00
0,0,0,0,0,0,2020-05-12 09:39:11-05:00
1,0,0,0,0,0,2020-05-12 09:47:10-05:00
0,0,0,0,0,0,2020-05-12 09:53:21-05:00
0,0,0,0,0,0,2020-05-12 09:54:28-05:00
0,0,0,0,0,0,2020-05-12 09:56:47-05:00
0,0,0,0,0,0,2020-05-12 09:57:02-05:00
0,0,0,0,0,0,2020-05-12 09:57:49-05:00
0,0,0,0,0,0,2020-05-12 09:59:19-05:00
0,0,0,0,0,0,2020-05-12 10:00:22-05:00
0,0,0,0,0,0,2020-05-12 10:03:58-05:00
0,0,0,0,0,0,2020-05-12 10:06:42-05:00
0,0,0,0,0,0,2020-05-31 21:21:31-05:00
0,0,0,0,0,0,2020-06-01 00:18:30-05:00
0,0,0,0,0,0,2020-06-01 00:19:09-05:00
0,0,0,0,0,0,2020-06-01 00:19:56-05:00
1,1,0,0,0,0,2020-06-01 00:20:58-05:00
1,1,0,0,0,0,2020-06-01 16:33:19-05:00
1,2,0,0,0,1,2020-06-01 18:35:19-05:00
1,1,0,0,0,0,2020-06-01 23:57:52+00:00
1,0,0,0,0,0,2020-06-01 23:59:12+00:00
0,0,0,0,0,0,2020-06-01 19:24:48-05:00
1,1,0,0,0,0,2020-06-02 00:29:37+00:00
1,0,0,0,0,0,2020-06-02 00:30:21+00:00
0,0,0,0,0,0,2020-06-01 19:49:29-05:00
0,1,0,0,0,1,2020-06-01 19:58:13-05:00
1,1,0,0,0,0,2020-06-02 02:06:06+00:00
1,1,0,0,0,0,2020-06-01 22:11:49-05:00
1,1,0,0,0,0,2020-06-01 22:17:32-05:00
1,1,0,0,0,0,2020-06-01 22:39:47-05:00
0,0,0,0,0,0,2020-06-01 22:52:16-05:00
0,1,0,0,0,0,2020-06-01 22:53:21-05:00
0,0,0,0,0,0,2020-06-01 22:54:05-05:00
1,1,0,0,0,0,2020-06-01 22:58:07-05:00
1,1,0,0,0,0,2020-06-01 23:11:16-05:00
1,1,0,0,0,0,2020-06-01 23:15:52-05:00
1,0,0,0,0,0,2020-06-01 23:24:36-05:00
0,1,0,0,0,1,2020-06-01 23:28:13-05:00
1,1,0,0,0,0,2020-06-01 23:34:05-05:00
1,0,0,0,0,0,2020-06-02 01:10:38-05:00
0,1,0,0,0,1,2020-06-02 01:23:03-05:00
1,0,0,0,0,0,2020-06-02 01:29:53-05:00
1,1,0,1,0,1,2020-06-02 02:07:53-05:00
0,0,0,0,0,0,2020-06-02 02:09:14-05:00
1,1,0,1,0,1,2020-06-02 02:39:45-05:00
0,0,0,0,0,0,2020-06-02 02:40:20-05:00
0,0,0,0,0,0,2020-06-02 02:43:12-05:00
0,0,0,0,0,0,2020-06-02 02:43:49-05:00
1,0,0,0,0,0,2020-06-02 02:44:08-05:00
1,0,0,0,0,0,2020-06-02 02:45:02-05:00
0,0,0,0,0,0,2020-06-02 02:51:48-05:00
0,0,0,0,0,0,2020-06-02 02:55:17-05:00
0,0,0,0,0,0,2020-06-02 03:26:21-05:00
1,0,0,0,0,0,2020-06-02 03:40:27-05:00
0,0,0,0,0,0,2020-06-02 04:00:52-05:00
0,0,0,0,0,0,2020-06-02 04:06:35-05:00
3,2,0,0,1,0,2020-06-02 09:14:32+00:00
0,0,0,0,0,0,2020-06-02 09:17:59-05:00
3,3,1,1,0,3,2020-06-02 09:24:43-05:00
0,0,0,0,0,0,2020-06-02 09:26:39-05:00
0,0,0,0,0,0,2020-06-02 09:26:52-05:00
0,0,0,0,0,0,2020-06-02 09:33:45-05:00
0,0,0,0,0,0,2020-06-02 09:35:38-05:00
0,0,0,0,0,0,2020-06-02 09:38:10-05:00
0,0,0,0,0,0,2020-06-02 09:38:25-05:00
0,0,0,0,0,0,2020-06-02 09:46:52-05:00
0,0,0,0,0,0,2020-06-02 16:31:39-05:00
0,0,0,0,0,0,2020-06-02 16:37:47-05:00
0,0,0,0,0,0,2020-06-02 16:41:28-05:00
0,0,0,0,0,0,2020-06-02 16:48:05-05:00
0,0,0,0,0,0,2020-06-02 17:24:08-05:00
0,0,0,0,0,0,2020-06-02 17:26:34-05:00
0,0,0,0,0,0,2020-06-02 17:43:35-05:00
0,0,0,0,0,0,2020-06-02 18:03:04-05:00
0,0,0,0,0,0,2020-06-02 18:27:54-05:00
3,5,1,1,1,2,2020-06-02 18:33:01-05:00
0,0,0,0,0,0,2020-06-02 18:57:51-05:00
1,1,1,1,0,1,2020-06-02 19:00:30-05:00
0,0,0,0,0,0,2020-06-02 19:05:18-05:00
0,0,0,0,0,0,2020-06-02 19:07:50-05:00
0,0,0,0,0,0,2020-06-02 19:08:47-05:00
0,0,0,0,0,0,2020-06-03 00:09:13+00:00
0,0,0,0,0,0,2020-06-02 19:10:46-05:00
0,0,0,0,0,0,2020-06-02 19:13:08-05:00
0,0,0,0,0,0,2020-06-02 19:15:19-05:00
1,1,1,1,0,1,2020-06-02 19:30:30-05:00
1,1,1,1,0,1,2020-06-02 19:34:45-05:00
1,0,0,0,0,0,2020-06-02 19:46:11-05:00
1,1,1,1,0,1,2020-06-02 19:49:58-05:00
1,1,0,0,1,0,2020-06-02 19:57:10-05:00
1,1,0,0,1,0,2020-06-02 19:58:59-05:00
1,1,0,0,1,0,2020-06-02 20:04:21-05:00
1,1,0,0,1,0,2020-06-02 20:08:06-05:00
2,1,0,0,1,0,2020-06-02 20:22:34-05:00
0,1,0,0,0,0,2020-06-02 21:00:56-05:00
0,0,0,0,0,0,2020-06-02 22:43:21-05:00
0,0,0,0,0,0,2020-06-02 22:43:44-05:00
0,0,0,0,0,0,2020-06-02 23:09:48-05:00
0,0,0,0,0,0,2020-06-02 23:13:44-05:00
0,0,0,0,0,0,2020-06-02 23:20:20-05:00
0,0,0,0,0,0,2020-06-02 23:22:05-05:00
0,0,0,0,0,0,2020-06-02 23:31:14-05:00
1,1,1,1,0,1,2020-06-03 03:39:44-05:00
0,0,0,0,0,0,2020-06-03 03:40:43-05:00
