Acquisition,Preparation,Modeling,Training,Evaluation,Prediction,time
0,0,0,0,0,0,2019-07-28 09:15:12-07:00
0,0,0,0,0,0,2019-07-28 09:16:23-07:00
0,0,0,0,0,0,2019-07-28 09:16:34-07:00
0,0,0,0,0,0,2019-07-28 09:16:52-07:00
0,0,0,0,0,0,2019-08-04 19:37:11-07:00
0,0,0,0,0,0,2019-08-04 19:40:09-07:00
0,0,0,0,0,0,2019-08-04 19:43:16-07:00
0,0,0,0,0,0,2019-08-04 19:43:41-07:00
0,0,0,0,0,0,2019-08-04 19:43:49-07:00
1,1,0,0,0,1,2019-08-04 22:23:39-07:00
0,0,0,0,0,0,2019-08-04 22:26:29-07:00
1,1,0,0,0,1,2019-08-04 22:32:44-07:00
0,0,0,0,0,0,2019-08-04 22:40:46-07:00
0,0,0,0,0,0,2019-08-04 22:41:02-07:00
0,0,0,0,0,0,2019-08-04 23:45:25-07:00
0,0,0,0,0,0,2019-08-04 23:50:22-07:00
0,0,0,0,0,0,2019-08-04 23:55:34-07:00
0,0,0,0,0,0,2019-08-04 23:57:10-07:00
0,0,0,0,0,0,2019-08-04 23:57:30-07:00
0,0,0,0,0,0,2019-08-04 23:57:36-07:00
0,0,0,0,0,0,2019-08-04 23:59:03-07:00
0,0,0,0,0,0,2019-08-05 00:00:45-07:00
0,0,0,0,0,0,2019-08-05 00:01:32-07:00
0,0,0,0,0,0,2019-08-05 00:01:52-07:00
0,0,0,0,0,0,2019-08-05 00:03:50-07:00
0,0,0,0,0,0,2019-08-05 00:04:27-07:00
0,0,0,0,0,0,2019-08-05 00:04:47-07:00
0,0,0,0,0,0,2019-08-05 00:05:23-07:00
0,0,0,0,0,0,2019-08-05 00:05:34-07:00
0,0,0,0,0,0,2019-08-05 00:05:59-07:00
0,0,0,0,0,0,2019-08-05 00:06:27-07:00
0,0,0,0,0,0,2019-08-05 00:07:26-07:00
0,0,0,0,0,0,2019-08-05 00:07:53-07:00
1,1,1,1,0,1,2019-08-05 00:40:55-07:00
0,0,0,0,0,0,2019-08-05 00:42:46-07:00
0,0,0,0,0,0,2019-08-05 00:43:49-07:00
0,0,0,0,0,0,2019-08-05 00:44:43-07:00
0,0,0,0,0,0,2019-08-05 00:46:12-07:00
0,0,0,0,0,0,2019-08-05 00:46:21-07:00
0,0,0,0,0,0,2019-08-05 00:48:47-07:00
0,0,0,0,0,0,2019-08-05 00:51:05-07:00
0,0,0,0,0,0,2021-03-11 12:40:55-08:00
0,0,0,0,0,0,2021-03-11 12:41:17-08:00
1,0,0,0,0,0,2021-03-11 12:49:08-08:00
0,0,0,0,0,0,2021-03-11 12:49:20-08:00
0,0,0,0,0,0,2021-03-11 12:51:31-08:00
0,0,0,0,0,0,2021-03-11 12:52:32-08:00
1,0,0,0,0,0,2021-03-11 12:57:43-08:00
1,0,0,0,0,0,2021-03-12 05:51:53-08:00
1,1,0,0,0,0,2021-03-12 06:27:45-08:00
0,0,0,0,0,0,2021-03-12 06:43:37-08:00
1,1,0,0,0,0,2021-03-12 06:48:05-08:00
1,1,0,0,0,0,2021-03-12 07:34:40-08:00
0,0,0,0,0,0,2021-03-12 07:56:13-08:00
1,1,0,0,0,0,2021-03-12 07:56:23-08:00
1,1,0,0,0,0,2021-03-12 08:40:27-08:00
0,0,0,0,0,0,2021-03-12 11:04:27-08:00
1,1,0,0,0,1,2021-03-12 11:04:42-08:00
1,1,0,0,0,1,2021-03-12 11:07:12-08:00
1,1,0,0,0,1,2021-03-12 12:19:09-08:00
1,1,0,0,0,1,2021-03-12 14:42:45-08:00
0,0,0,0,0,0,2021-03-14 09:23:39-07:00
0,0,0,0,0,0,2021-03-14 09:24:12-07:00
1,1,0,0,0,1,2021-03-14 09:45:06-07:00
0,0,0,0,0,0,2021-03-14 09:46:44-07:00
0,0,0,0,0,0,2021-03-14 12:58:06-07:00
1,1,0,0,0,1,2021-03-14 13:08:49-07:00
0,0,0,0,0,0,2021-03-15 10:34:24-07:00
0,0,0,0,0,0,2021-03-16 13:03:33-07:00
1,1,0,0,0,1,2021-03-16 13:04:10-07:00
0,0,0,0,0,0,2021-03-16 13:46:09-07:00
0,0,0,0,0,0,2021-03-16 13:48:18-07:00
0,0,0,0,0,0,2021-03-16 13:55:56-07:00
0,0,0,0,0,0,2021-03-20 05:50:49+00:00
0,0,0,0,0,0,2021-03-26 13:40:50-07:00
0,0,0,0,0,0,2021-03-26 13:42:27-07:00
0,0,0,0,0,0,2022-06-22 02:51:59+00:00
0,0,0,0,0,0,2022-06-28 11:49:08-07:00
0,0,0,0,0,0,2022-06-28 11:49:25-07:00
