Acquisition,Preparation,Modeling,Training,Evaluation,Prediction,time
1,5,0,0,0,0,2017-01-10 07:30:59+00:00
0,0,0,0,0,0,2017-01-10 11:36:36+00:00
0,1,0,0,0,0,2017-01-10 11:49:57+00:00
0,3,0,1,0,0,2017-01-10 13:45:16+00:00
0,1,1,1,0,0,2017-01-10 13:50:25+00:00
0,1,1,1,0,0,2017-01-11 08:23:09+00:00
0,1,1,1,0,0,2017-01-11 08:33:44+00:00
0,1,1,1,0,0,2017-01-11 08:48:05+00:00
0,0,0,0,0,0,2017-01-11 10:08:10+00:00
0,0,0,0,0,0,2017-01-11 10:12:59+00:00
0,0,0,0,0,0,2017-01-11 13:16:33+00:00
0,1,1,1,0,0,2017-01-11 13:58:28+00:00
0,1,1,1,0,0,2017-01-11 19:00:56+00:00
1,5,1,1,0,0,2017-01-11 21:00:06+00:00
0,0,0,0,0,0,2017-01-12 10:52:29+00:00
0,3,1,1,0,0,2017-01-12 13:52:12+00:00
0,0,0,0,0,0,2017-01-12 13:52:20+00:00
0,1,1,1,0,0,2017-01-12 18:20:04+00:00
0,2,1,1,0,0,2017-01-12 21:05:21+00:00
0,1,1,1,0,0,2017-01-13 10:27:37+00:00
0,2,1,1,0,0,2017-01-13 10:55:58+00:00
0,1,1,1,0,0,2017-01-13 16:54:58+00:00
1,5,2,1,0,0,2017-01-26 20:10:41+00:00
1,5,2,1,0,0,2017-01-27 22:54:30+00:00
0,0,0,0,0,0,2017-01-27 22:56:46+00:00
1,5,2,1,0,0,2017-01-28 13:21:51+00:00
4,8,2,1,0,0,2017-02-16 13:27:02+00:00
0,0,0,0,0,0,2017-02-22 22:41:27+01:00
0,0,0,0,0,0,2017-02-22 22:41:41+01:00
1,3,1,0,1,0,2017-02-22 22:59:59+01:00
0,1,1,0,0,0,2017-02-16 13:45:29+00:00
2,4,2,1,1,0,2017-02-16 13:50:37+00:00
0,0,0,0,0,0,2017-03-13 10:41:57+00:00
1,1,1,1,0,0,2017-03-13 10:50:28+00:00
1,1,0,0,0,0,2017-03-20 10:58:29+00:00
0,0,0,0,0,0,2017-03-20 10:59:27+00:00
0,1,0,0,0,0,2017-03-23 13:41:56+00:00
0,0,0,0,0,0,2017-03-27 12:59:21+01:00
0,1,0,0,0,0,2017-03-28 09:07:00-04:00
0,0,0,0,0,0,2017-03-28 14:27:08+01:00
1,1,1,1,0,0,2017-03-28 23:26:52-04:00
0,0,0,0,0,0,2017-03-29 07:22:55+01:00
2,3,1,1,0,0,2017-03-20 10:58:29+00:00
0,0,0,0,0,0,2017-03-30 14:02:41+01:00
1,1,1,1,1,0,2017-04-05 21:42:40-03:00
0,0,0,0,0,0,2017-04-06 07:45:21+01:00
0,0,0,0,0,0,2017-04-10 14:17:52+01:00
1,1,1,1,1,0,2017-04-15 11:24:44+01:00
1,1,1,1,1,0,2017-04-15 12:23:25+01:00
1,1,1,1,1,0,2017-04-18 10:12:08+01:00
1,1,1,1,1,0,2017-04-18 10:44:11+01:00
1,1,1,1,1,0,2017-04-18 10:44:54+01:00
1,1,0,0,0,0,2017-04-20 14:58:23+02:00
1,1,0,0,0,0,2017-04-21 20:32:44+02:00
1,1,0,0,0,0,2017-04-22 16:02:08+02:00
3,3,0,0,0,0,2017-04-23 15:00:13+02:00
1,1,0,0,0,0,2017-04-24 10:02:13+02:00
1,1,0,0,0,0,2017-04-24 10:06:26+02:00
0,0,0,0,0,0,2017-04-24 10:08:01+02:00
1,1,1,1,1,0,2017-04-18 10:48:19+01:00
1,1,1,1,1,0,2017-04-18 10:51:36+01:00
0,0,0,0,0,0,2017-04-24 15:47:52+02:00
0,0,0,0,0,0,2017-04-24 15:52:14+02:00
1,1,1,1,1,0,2017-04-24 15:59:33+02:00
0,0,0,0,0,0,2017-04-24 16:00:38+02:00
1,2,2,1,1,0,2017-04-26 17:02:05+02:00
1,1,0,0,0,0,2017-04-26 18:49:25+02:00
1,2,2,1,1,0,2017-04-26 20:31:23+02:00
1,1,0,0,0,0,2017-04-26 21:43:27+02:00
1,2,2,1,1,0,2017-04-27 11:08:34+02:00
1,2,2,1,1,0,2017-04-27 11:33:02+02:00
0,0,0,0,0,0,2017-04-27 11:36:05+02:00
0,0,0,0,0,0,2017-04-27 11:41:02+02:00
1,1,1,1,1,0,2017-04-27 19:39:33+01:00
1,1,0,0,0,0,2017-04-28 08:45:55+02:00
0,0,0,0,0,0,2017-04-28 09:01:01+01:00
1,1,0,0,0,0,2017-04-28 10:03:49+02:00
1,1,0,0,0,0,2017-04-28 10:08:24+02:00
3,4,0,0,0,0,2017-04-28 14:23:16+01:00
0,0,0,0,0,0,2017-04-28 14:23:39+01:00
0,0,0,0,0,0,2017-04-28 17:14:16+01:00
0,0,0,0,0,0,2017-04-29 10:58:45+01:00
0,1,1,0,0,0,2017-04-29 13:43:34+01:00
0,0,0,0,0,0,2017-04-29 13:44:26+01:00
1,1,0,0,0,0,2017-04-29 14:34:45+01:00
0,0,0,0,0,0,2017-04-29 14:34:58+01:00
0,1,1,0,0,0,2017-05-02 17:43:11+01:00
0,1,1,0,0,0,2017-05-02 17:45:29+01:00
0,1,1,0,0,0,2017-05-02 17:45:41+01:00
0,1,1,0,0,0,2017-05-02 17:45:55+01:00
1,1,1,1,1,0,2017-05-05 16:54:51+01:00
3,4,2,1,3,0,2017-05-05 15:52:00-04:00
0,0,0,0,0,0,2017-05-06 11:05:47+01:00
4,5,1,1,1,0,2017-05-06 12:06:19+02:00
1,1,0,0,0,0,2017-05-06 12:25:28+02:00
1,1,1,1,1,0,2017-05-06 12:47:56+02:00
1,2,0,0,0,0,2017-05-06 13:34:49+02:00
2,4,2,1,2,0,2017-05-06 13:23:04+01:00
0,0,0,0,0,0,2017-05-06 13:24:53+01:00
0,0,0,0,0,0,2017-05-06 13:25:32+01:00
0,0,0,0,0,0,2017-05-06 14:06:59-04:00
0,0,0,0,0,0,2017-05-06 14:44:09-04:00
1,1,0,0,1,0,2017-05-06 14:44:45-04:00
0,0,0,0,0,0,2017-05-07 10:02:49+01:00
0,0,0,0,0,0,2017-05-07 10:03:01+01:00
4,4,2,1,3,0,2017-05-08 05:31:41-04:00
2,2,1,1,1,0,2017-05-08 10:32:54+01:00
1,1,1,1,1,0,2017-05-09 12:31:28-04:00
1,1,1,0,0,0,2017-05-09 14:35:32-04:00
1,1,0,0,0,0,2017-05-12 10:37:35+02:00
0,0,0,0,0,0,2017-05-12 10:29:58+01:00
0,0,0,0,0,0,2017-05-15 13:29:21+01:00
1,1,1,0,0,0,2017-05-16 14:45:03+01:00
1,1,1,1,1,0,2017-05-17 23:26:12-04:00
0,0,0,0,0,0,2017-05-18 08:23:07+01:00
0,0,0,0,0,0,2017-05-26 11:06:57+01:00
0,1,0,0,0,0,2017-05-27 11:18:19+01:00
1,1,0,0,0,0,2017-05-27 13:20:44+01:00
1,1,0,0,0,0,2017-06-01 08:34:45+01:00
0,0,0,0,0,0,2017-06-01 08:35:40+01:00
0,0,0,0,0,0,2017-06-02 07:29:36+01:00
1,1,1,1,1,0,2017-06-09 19:42:51-07:00
0,0,0,0,0,0,2017-06-09 19:53:39-07:00
4,4,2,1,3,0,2017-06-10 00:11:36-04:00
0,0,0,0,0,0,2017-06-10 11:21:44+01:00
0,0,0,0,0,0,2017-06-10 22:15:23-07:00
0,0,0,0,0,0,2017-06-11 07:53:52+01:00
1,2,1,1,1,0,2017-06-11 18:45:46+02:00
1,1,1,1,1,0,2017-06-11 13:29:55-04:00
0,0,0,0,0,0,2017-06-12 10:13:44+01:00
1,1,0,0,1,0,2017-06-12 17:18:36+01:00
1,1,1,0,0,0,2017-06-12 17:23:13+01:00
0,0,0,0,0,0,2017-06-12 17:57:45+01:00
1,1,1,0,0,0,2017-06-12 17:58:14+01:00
0,0,0,0,0,0,2017-06-12 17:58:55+01:00
3,3,3,1,1,0,2017-06-12 19:22:38+01:00
0,0,0,0,0,0,2017-06-12 19:38:22+01:00
2,3,1,1,1,0,2017-06-14 16:08:36+02:00
1,2,1,1,1,0,2017-06-14 15:21:17+01:00
0,0,0,0,0,0,2017-06-14 15:23:28+01:00
0,1,0,0,0,0,2017-06-14 16:45:34+02:00
0,0,0,0,0,0,2017-06-15 15:11:05+01:00
1,1,1,1,1,0,2017-06-16 16:15:41+02:00
0,0,0,0,0,0,2017-06-16 19:03:13+01:00
1,1,1,1,1,0,2017-06-13 13:40:38-07:00
1,1,1,1,1,0,2017-06-16 11:57:18-07:00
0,0,0,0,0,0,2017-06-16 20:49:00+01:00
1,1,0,0,0,0,2017-06-20 13:32:29+01:00
0,0,0,0,0,0,2017-06-20 13:33:26+01:00
0,1,0,0,0,0,2017-06-20 13:13:56-07:00
0,0,0,0,0,0,2017-06-20 21:39:15+01:00
2,2,1,1,1,0,2017-06-22 10:24:40+02:00
0,0,0,0,0,0,2017-06-24 10:17:49+01:00
1,1,0,0,0,0,2017-06-28 11:33:34+01:00
1,1,1,0,0,0,2017-06-19 13:31:53-04:00
0,1,0,0,0,0,2017-06-19 13:32:40-04:00
3,4,1,1,3,0,2017-06-19 15:45:52-04:00
1,2,1,1,1,0,2017-06-20 01:31:19-04:00
1,1,1,0,0,0,2017-06-20 22:30:31-04:00
0,1,0,0,0,0,2017-06-20 22:34:21-04:00
2,3,0,0,2,0,2017-06-24 23:19:06-04:00
0,1,0,0,0,0,2017-06-25 20:02:39-04:00
1,0,0,0,0,0,2017-06-26 11:42:24-04:00
0,0,0,0,0,0,2017-06-26 13:14:52-04:00
0,0,0,0,0,0,2017-06-29 10:56:21+01:00
0,0,0,0,0,0,2017-06-29 11:28:00+01:00
0,0,0,0,0,0,2017-06-29 11:28:31+01:00
3,3,2,1,1,0,2017-06-29 16:25:35+01:00
0,0,0,0,0,0,2017-07-06 14:15:13+01:00
1,1,1,1,1,0,2017-07-07 16:08:20+01:00
0,0,0,0,0,0,2017-07-31 15:11:57+03:00
1,1,1,0,0,0,2017-07-31 14:07:44-04:00
0,0,0,0,0,0,2017-08-01 08:42:16+01:00
1,1,0,0,0,0,2017-08-02 11:25:43-07:00
0,0,0,0,0,0,2017-08-07 17:13:54+01:00
1,1,1,1,1,0,2017-08-16 12:27:55-04:00
0,0,0,0,0,0,2017-08-16 18:30:36+01:00
1,1,1,1,1,0,2017-08-16 13:56:00-04:00
0,0,0,0,0,0,2017-08-16 20:34:53+01:00
2,3,0,0,2,0,2017-08-22 19:01:15+01:00
1,1,1,0,1,0,2017-08-24 09:50:52+01:00
0,0,0,0,0,0,2017-08-24 10:04:55+01:00
0,0,0,0,0,0,2017-08-25 07:30:10+01:00
1,1,1,0,0,0,2017-08-30 15:26:19+01:00
0,0,0,0,0,0,2017-09-04 13:15:17+01:00
0,0,0,0,0,0,2017-09-04 13:20:05+01:00
1,1,1,1,1,0,2017-09-04 13:20:31+01:00
3,3,2,1,3,0,2017-09-06 10:24:23+01:00
1,1,0,0,0,0,2017-09-13 08:40:52-05:00
1,1,0,0,0,0,2017-09-13 08:47:19-05:00
0,0,0,0,0,0,2017-09-13 16:17:37+01:00
1,1,1,1,1,0,2017-10-02 13:28:46+01:00
0,0,0,0,0,0,2017-10-04 14:51:23+01:00
4,5,4,0,0,0,2017-10-04 14:58:29+01:00
0,0,0,0,0,0,2017-10-04 15:06:10+01:00
1,1,1,1,1,0,2017-10-04 13:49:44+01:00
1,1,1,1,1,0,2017-10-04 15:13:21+01:00
0,0,0,0,0,0,2017-10-04 15:19:21+01:00
0,0,0,0,0,0,2017-10-04 15:19:32+01:00
1,1,0,0,0,0,2017-10-05 13:38:49+01:00
0,1,0,0,0,0,2017-10-17 11:10:14+01:00
2,0,0,0,0,0,2017-10-19 17:27:42+01:00
0,0,0,0,0,0,2017-10-19 17:27:48+01:00
1,0,0,0,0,0,2017-10-20 14:49:24+01:00
0,0,0,0,0,0,2017-10-20 17:47:40+01:00
3,4,2,1,1,0,2017-10-26 11:30:05+01:00
0,0,0,0,0,0,2017-10-27 09:43:11+01:00
3,4,2,1,3,0,2017-10-27 16:34:53+01:00
0,0,0,0,0,0,2017-10-27 16:44:49+01:00
0,0,0,0,0,0,2017-10-27 16:47:40+01:00
1,1,1,0,0,0,2017-10-27 15:13:22-04:00
0,0,0,0,0,0,2017-10-30 12:56:14+00:00
1,1,1,0,0,0,2017-10-30 13:11:34+00:00
0,0,0,0,0,0,2017-10-30 13:11:40+00:00
2,3,1,0,2,0,2017-10-30 15:38:08+00:00
1,1,1,1,1,0,2017-10-30 21:14:14+05:18
0,0,0,0,0,0,2017-10-30 16:01:21+00:00
2,2,2,1,1,0,2017-09-13 17:43:54+01:00
0,0,0,0,0,0,2017-11-06 16:46:16+00:00
2,2,0,0,1,0,2017-11-02 12:20:43-04:00
0,1,0,0,0,0,2017-11-02 12:29:52-04:00
3,4,2,0,2,0,2017-11-07 00:54:23-05:00
1,1,0,0,0,0,2017-11-07 01:05:26-05:00
0,0,0,0,0,0,2017-11-07 09:56:12+00:00
2,3,1,0,2,0,2017-11-07 10:26:09+00:00
1,1,1,0,1,0,2017-11-07 10:40:00+00:00
0,1,0,0,0,0,2017-11-07 10:52:58+00:00
2,3,1,0,2,0,2017-11-07 10:54:43+00:00
0,0,0,0,0,0,2017-11-07 11:05:45+00:00
1,1,1,1,1,0,2017-11-07 15:25:10+00:00
0,0,0,0,0,0,2017-11-08 09:26:41+00:00
2,2,2,1,1,0,2017-11-09 03:04:24+00:00
2,3,1,0,1,0,2017-11-09 00:45:29-05:00
2,2,2,0,2,0,2017-11-09 01:14:28-05:00
2,2,2,0,2,0,2017-11-09 02:52:21-05:00
1,1,0,0,1,0,2017-11-09 09:06:28-05:00
1,1,1,1,1,0,2017-11-09 15:07:56+00:00
2,2,2,1,1,0,2017-11-09 16:25:42+00:00
1,1,1,0,0,0,2017-11-09 20:52:38+00:00
0,0,0,0,0,0,2017-11-09 22:49:05+00:00
0,0,0,0,0,0,2017-11-09 23:02:27+00:00
0,0,0,0,0,0,2017-11-10 13:28:08+00:00
3,4,1,0,3,0,2017-11-10 13:30:37+00:00
0,0,0,0,0,0,2017-11-10 10:08:45-05:00
1,1,1,0,0,0,2017-11-10 16:03:40+00:00
5,6,3,1,4,0,2017-11-15 15:51:36+00:00
5,4,2,1,4,0,2017-11-20 10:22:19+00:00
1,1,1,0,1,0,2017-11-20 10:57:27+00:00
0,0,0,0,0,0,2017-11-20 11:21:55+00:00
0,1,0,0,0,0,2017-11-20 11:28:47+00:00
0,1,0,0,0,0,2017-11-20 11:31:17+00:00
1,2,1,1,1,0,2017-11-20 11:55:52+00:00
0,0,0,0,0,0,2017-11-20 10:40:52-05:00
1,1,1,0,0,0,2017-12-06 11:01:12+00:00
1,1,0,0,1,0,2017-12-06 14:51:29+00:00
0,0,0,0,0,0,2017-12-06 15:19:08+00:00
1,1,1,1,1,0,2017-12-21 09:35:26+00:00
0,0,0,0,0,0,2017-12-23 12:55:34+00:00
1,1,0,0,0,0,2017-12-23 17:45:55+00:00
5,6,4,0,0,0,2017-12-23 18:12:46+00:00
0,0,0,0,0,0,2017-12-24 12:30:12+00:00
1,1,1,0,0,0,2018-01-12 16:01:22+02:00
0,0,0,0,0,0,2018-01-12 15:42:58+00:00
1,1,1,1,1,0,2018-01-15 18:35:05+01:00
0,0,0,0,0,0,2018-01-15 18:52:43+00:00
1,1,0,0,0,0,2018-01-17 13:16:34+02:00
0,0,0,0,0,0,2018-01-17 14:05:41+00:00
1,1,0,0,1,0,2018-01-17 10:11:08-05:00
1,1,0,0,1,0,2018-01-17 10:50:47-05:00
0,0,0,0,0,0,2018-01-17 10:54:45-05:00
12,12,7,1,4,0,2018-01-17 20:47:58-05:00
0,0,0,0,0,0,2018-01-18 13:47:43+00:00
1,1,1,0,0,0,2018-01-23 20:14:42+00:00
0,0,0,0,0,0,2018-01-25 16:37:10+00:00
5,5,3,1,4,0,2018-01-29 18:41:56+00:00
0,0,0,0,0,0,2018-01-29 18:42:08+00:00
0,1,0,0,0,0,2018-01-31 00:45:08-05:00
2,3,2,1,2,0,2018-01-31 11:17:19+00:00
0,0,0,0,0,0,2018-01-31 11:17:48+00:00
1,1,0,0,1,0,2018-02-01 17:32:06+05:18
1,1,0,0,1,0,2018-02-01 19:07:54+05:18
0,0,0,0,0,0,2018-02-01 14:00:00+00:00
1,1,0,0,1,0,2018-02-05 19:45:39+05:18
1,1,1,1,1,0,2018-02-15 20:03:16+00:00
1,1,1,1,1,0,2018-02-17 10:48:38+00:00
3,3,2,1,1,0,2018-01-23 17:45:09+00:00
3,2,1,1,1,0,2018-02-03 14:07:47+00:00
0,0,0,0,0,0,2018-02-17 16:09:51+00:00
1,1,1,1,1,0,2018-02-21 13:10:45+00:00
0,0,0,0,0,0,2018-02-21 13:11:28+00:00
0,0,0,0,0,0,2018-02-22 16:46:00+00:00
1,1,0,0,0,0,2018-02-24 12:02:22+00:00
0,0,0,0,0,0,2018-02-24 12:02:30+00:00
1,1,1,1,1,0,2018-02-26 09:26:01+00:00
1,1,1,1,1,0,2018-03-01 12:01:27+00:00
1,1,1,0,0,0,2018-03-02 23:31:57+03:18
0,0,0,0,0,0,2018-03-05 10:33:39+00:00
0,0,0,0,0,0,2018-03-12 16:07:14+01:00
1,1,1,0,1,0,2018-03-19 12:32:10-04:00
0,0,0,0,0,0,2018-03-19 18:14:24+01:00
1,1,1,0,1,0,2018-03-24 21:30:06+00:00
0,0,0,0,0,0,2018-03-27 12:26:00+01:00
0,0,0,0,0,0,2018-03-27 12:27:12+01:00
0,0,0,0,0,0,2018-03-27 13:27:31+02:00
1,1,0,0,1,0,2018-04-20 09:36:33-04:00
1,1,0,0,1,0,2018-04-20 09:39:04-04:00
0,0,0,0,0,0,2018-05-04 12:23:06+02:00
1,1,1,0,0,0,2018-05-04 12:25:58+02:00
1,1,1,1,1,0,2018-05-04 12:27:26+02:00
0,0,0,0,0,0,2018-05-07 11:36:15+02:00
2,3,1,1,2,0,2018-05-07 11:38:25+02:00
0,1,0,0,0,0,2018-05-07 17:31:19+02:00
3,3,2,0,2,0,2018-05-08 13:46:13+01:00
0,0,0,0,0,0,2018-05-08 15:12:39+02:00
0,0,0,0,0,0,2018-05-20 10:22:02+01:00
0,0,0,0,0,0,2018-05-20 10:24:03+01:00
0,0,0,0,0,0,2018-06-27 18:37:19+02:00
0,0,0,0,0,0,2018-06-28 08:29:26+01:00
1,1,1,1,1,0,2018-07-06 11:24:58+05:18
0,0,0,0,0,0,2018-07-06 11:26:38+05:18
0,0,0,0,0,0,2018-07-06 07:27:34+01:00
5,5,3,1,3,0,2018-03-07 14:25:55+00:00
5,5,3,1,4,0,2018-07-12 12:40:07+02:00
1,1,1,0,0,0,2018-07-12 13:07:09+02:00
1,1,1,0,0,0,2018-07-12 13:08:50+02:00
1,1,1,1,1,0,2018-07-12 14:14:07+02:00
1,1,0,0,0,0,2017-12-27 12:16:50+01:00
0,0,0,0,0,0,2018-07-12 16:14:52+02:00
0,0,0,0,0,0,2018-07-12 16:15:48+02:00
2,3,2,1,1,0,2018-07-12 17:08:01+02:00
0,0,0,0,0,0,2018-07-12 17:14:23+02:00
0,0,0,0,0,0,2018-07-12 20:35:30+02:00
1,1,0,0,1,0,2017-11-13 15:42:37+01:00
6,6,2,1,6,0,2018-07-13 13:30:20+02:00
1,1,0,0,1,0,2018-07-14 11:58:39+02:00
0,0,0,0,0,0,2018-07-14 11:59:40+02:00
0,0,0,0,0,0,2018-07-14 15:19:47+02:00
1,1,1,0,0,0,2018-07-14 17:43:03+02:00
1,1,1,1,1,0,2018-07-23 22:49:47+08:00
0,0,0,0,0,0,2018-07-23 16:46:16+01:00
0,0,0,0,0,0,2018-09-29 20:44:02+02:00
0,0,0,0,0,0,2018-10-02 20:36:19-04:00
5,5,2,1,3,0,2019-01-07 17:54:35+00:00
0,0,0,0,0,0,2019-01-07 23:16:03+00:00
10,10,4,1,6,0,2019-01-28 17:43:48+00:00
0,0,0,0,0,0,2019-01-29 12:18:38+00:00
0,0,0,0,0,0,2019-01-31 09:20:54+00:00
1,1,1,1,1,0,2019-02-01 21:32:12+00:00
1,1,0,0,0,0,2019-02-03 18:15:31+00:00
1,1,1,1,1,0,2019-02-06 23:29:09-05:00
0,0,0,0,0,0,2019-02-06 23:46:18-05:00
0,0,0,0,0,0,2019-02-07 11:02:41+00:00
1,1,1,0,0,0,2019-02-20 14:03:42+09:00
1,1,0,0,0,0,2019-02-27 09:55:17-05:00
0,0,0,0,0,0,2019-03-06 14:26:57+00:00
1,1,0,0,0,0,2019-03-06 14:28:30+00:00
1,1,1,1,1,0,2019-05-10 18:45:35+09:00
0,0,0,0,0,0,2019-05-10 15:37:49+01:00
1,1,1,0,0,0,2019-05-17 10:19:16+01:00
0,0,0,0,0,0,2019-05-17 14:33:20+01:00
1,1,1,1,1,0,2019-05-20 11:42:07+09:00
0,0,0,0,0,0,2019-05-20 09:09:08+01:00
0,0,0,0,0,0,2019-07-02 13:54:41+01:00
0,0,0,0,0,0,2019-07-02 13:55:51+01:00
8,7,4,1,2,0,2019-06-14 11:39:29+01:00
1,1,1,0,0,0,2019-07-29 10:03:04+02:00
0,0,0,0,0,0,2019-07-29 09:37:57+01:00
2,1,1,0,0,0,2019-08-01 20:51:02+01:00
2,2,2,1,2,0,2019-08-01 21:01:35+01:00
0,0,0,0,0,0,2019-08-15 14:17:59+01:00
0,0,0,0,0,0,2019-08-15 14:45:47+01:00
1,1,1,0,1,0,2019-08-15 14:51:10+01:00
2,2,2,0,1,0,2019-08-26 09:07:21-05:00
0,0,0,0,0,0,2019-09-30 16:58:42+01:00
0,0,0,0,0,0,2019-10-01 08:58:01+01:00
0,0,0,0,0,0,2019-10-01 10:38:20+01:00
2,2,2,1,1,0,2020-01-16 12:25:46+01:00
0,0,0,0,0,0,2020-01-22 09:02:04+00:00
2,4,1,1,1,0,2020-02-04 21:25:07+05:18
0,0,0,0,0,0,2020-02-11 21:12:21+00:00
1,1,1,1,1,0,2020-02-20 16:45:31+00:00
2,1,1,1,2,0,2020-02-24 09:06:29+00:00
0,0,0,0,0,0,2020-02-27 12:05:17+00:00
0,0,0,0,0,0,2020-03-11 22:57:06+09:00
0,0,0,0,0,0,2020-03-21 14:36:28+09:00
0,0,0,0,0,0,2020-03-21 14:39:16+09:00
0,0,0,0,0,0,2020-03-21 10:43:38+00:00
1,0,0,0,1,0,2020-03-25 13:55:21+00:00
0,1,0,0,0,0,2020-04-03 17:00:47+04:18
0,0,0,0,0,0,2020-04-03 15:14:54+01:00
0,0,0,0,0,0,2020-04-06 19:32:42+01:00
1,1,1,0,1,0,2020-04-09 17:18:09+04:18
1,1,1,0,0,0,2020-04-09 17:19:25+04:18
0,0,0,0,0,0,2020-04-11 18:00:44+01:00
0,0,0,0,0,0,2020-04-11 17:39:11+01:00
0,0,0,0,0,0,2020-04-12 14:06:08+01:00
1,1,1,0,1,0,2020-04-13 13:39:46+08:00
0,0,0,0,0,0,2020-04-14 23:45:24+05:18
1,2,1,1,1,0,2020-04-17 11:12:51+01:00
0,0,0,0,0,0,2020-04-18 10:42:14+01:00
0,0,0,0,0,0,2020-04-23 15:56:46+08:00
1,1,0,0,0,0,2020-04-23 16:06:50+08:00
0,0,0,0,0,0,2020-04-23 13:33:29+01:00
0,1,0,0,0,0,2020-05-09 17:49:24+09:00
0,0,0,0,0,0,2020-05-09 16:27:32+02:00
0,0,0,0,0,0,2020-05-09 16:31:02+02:00
0,0,0,0,0,0,2020-05-09 23:27:30+01:00
0,0,0,0,0,0,2020-05-09 23:28:31+01:00
1,1,1,0,0,0,2020-05-13 09:49:20+08:00
0,0,0,0,0,0,2020-05-13 10:22:48+01:00
0,1,0,0,0,0,2020-05-12 11:52:03+00:00
0,0,0,0,0,0,2020-05-15 09:19:47+01:00
1,1,1,1,1,0,2020-05-22 18:49:05+01:00
0,0,0,0,0,0,2020-05-22 18:49:41+01:00
0,0,0,0,0,0,2020-05-24 12:51:07+01:00
7,8,5,1,3,0,2020-05-24 20:51:59+01:00
0,0,0,0,0,0,2020-05-25 11:40:14+01:00
2,2,2,1,1,0,2020-05-11 12:03:53+05:18
0,0,0,0,0,0,2020-05-25 11:58:21+01:00
0,0,0,0,0,0,2020-05-25 11:59:35+01:00
1,1,1,1,1,0,2020-06-04 21:52:22+01:00
0,0,0,0,0,0,2020-06-04 22:12:48+01:00
1,1,0,1,0,0,2020-06-06 11:57:10+01:00
0,0,0,0,0,0,2020-06-06 11:58:27+01:00
0,1,0,0,0,0,2020-06-07 23:57:45+02:00
0,0,0,0,0,0,2020-06-08 22:15:59+01:00
1,1,0,0,0,0,2020-03-10 09:04:13-04:00
1,1,0,0,0,0,2020-03-10 09:04:22-04:00
1,1,0,0,0,0,2020-06-08 22:51:27+01:00
0,0,0,0,0,0,2020-06-08 22:54:26+01:00
1,1,1,1,1,0,2020-06-20 18:53:36+01:00
0,0,0,0,0,0,2020-06-21 10:59:15+01:00
0,0,0,0,0,0,2020-06-23 18:46:03+01:00
9,11,6,2,5,0,2020-06-24 10:47:01+01:00
0,0,0,0,0,0,2020-06-25 17:39:43+01:00
0,0,0,0,0,0,2020-06-25 18:41:40+01:00
0,0,0,1,0,0,2020-06-25 23:29:50+01:00
2,2,1,2,1,0,2020-06-26 11:40:02+01:00
1,1,1,2,1,0,2020-06-26 21:50:01+01:00
2,3,2,1,1,0,2020-06-27 12:55:49+01:00
0,0,0,0,0,0,2020-06-27 13:06:12+01:00
1,1,0,0,0,0,2020-06-27 23:16:15+01:00
5,6,4,1,0,0,2020-06-29 16:24:38+01:00
0,0,0,0,0,0,2020-06-29 16:51:35+01:00
0,0,0,0,0,0,2020-07-02 23:27:52+01:00
0,0,0,0,0,0,2020-07-02 23:41:57+01:00
0,0,0,1,0,0,2020-07-03 10:27:42+01:00
1,1,1,2,1,0,2020-07-03 10:55:35+01:00
0,0,0,0,0,0,2020-07-03 15:32:38+01:00
0,0,0,0,0,0,2020-07-03 16:16:55+01:00
0,0,0,0,0,0,2020-07-03 16:17:08+01:00
1,1,1,1,1,0,2020-07-03 16:52:28+01:00
0,0,0,0,0,0,2020-07-03 17:00:14+01:00
0,0,0,0,0,0,2020-07-03 17:00:38+01:00
2,1,1,2,2,0,2020-07-04 14:24:49+01:00
0,0,0,0,0,0,2020-07-04 16:07:07+01:00
0,0,0,0,0,0,2020-06-29 15:29:42+01:00
0,0,0,0,0,0,2020-07-05 19:04:47+01:00
2,4,2,3,1,0,2020-07-12 21:02:44+03:00
0,0,0,0,0,0,2020-07-12 21:03:27+03:00
0,1,1,0,0,0,2020-07-12 21:40:06+03:00
1,0,0,1,0,0,2020-07-12 21:45:44+03:00
1,1,2,1,0,0,2020-07-12 23:02:16+03:00
0,1,1,0,0,0,2020-07-13 09:45:25+03:00
0,1,1,0,0,0,2020-07-13 11:34:37+03:00
1,0,1,1,0,0,2020-07-13 17:44:37+03:00
0,0,0,0,0,0,2020-07-13 17:45:36+03:00
0,0,0,0,0,0,2020-07-13 23:51:01+03:00
10,9,6,3,2,0,2020-08-15 13:44:41+03:00
0,0,0,0,0,0,2020-08-15 13:44:55+03:00
2,1,1,1,0,0,2020-08-15 14:02:40+03:00
2,4,3,2,1,0,2020-08-25 21:11:01+03:00
1,2,2,1,1,0,2020-08-25 22:09:29+03:00
4,3,3,2,3,0,2020-08-27 22:34:45+03:00
1,3,3,1,1,0,2020-08-27 23:10:26+03:00
0,0,0,0,0,0,2020-08-27 23:14:16+03:00
0,0,0,0,0,0,2020-08-27 23:14:59+03:00
1,2,2,1,1,0,2020-08-29 12:53:28+03:00
0,0,0,0,0,0,2020-08-29 13:13:51+03:00
2,1,0,0,2,0,2020-08-30 12:22:06+03:00
3,2,2,0,2,0,2020-10-11 14:17:52+03:00
2,5,4,1,2,0,2020-10-11 18:32:25+03:00
1,2,2,1,1,0,2020-10-11 19:21:33+03:00
0,0,0,0,0,0,2020-10-11 19:53:57+03:00
0,0,0,0,0,0,2020-10-11 19:55:31+03:00
0,1,1,0,1,0,2020-10-12 00:29:01+03:00
0,1,1,0,1,0,2020-10-12 00:32:48+03:00
7,7,4,1,3,0,2020-10-25 14:21:40+02:00
1,1,1,0,0,0,2020-10-27 23:17:32+02:00
1,1,1,1,0,0,2020-10-27 23:20:16+02:00
1,1,1,0,0,0,2020-11-04 20:56:32+02:00
1,1,1,0,0,0,2020-11-04 21:29:24+02:00
2,3,2,0,1,0,2020-11-05 21:12:55+02:00
2,3,3,1,1,0,2020-11-07 14:03:56+02:00
0,1,1,0,1,0,2020-11-07 14:32:45+02:00
4,5,5,2,1,0,2020-11-12 22:18:20+02:00
1,1,1,1,0,0,2020-11-12 22:21:10+02:00
0,1,1,0,0,0,2020-11-22 12:00:48+02:00
4,4,4,2,0,0,2021-04-11 23:36:23+03:00
