Acquisition,Preparation,Modeling,Training,Evaluation,Prediction,time
0,0,0,0,0,0,2020-05-10 05:50:09-04:00
0,0,0,0,0,0,2020-05-10 05:52:05-04:00
0,0,0,0,0,0,2020-05-10 06:58:34-04:00
0,0,0,0,0,0,2020-05-10 07:00:10-04:00
0,0,0,0,0,0,2020-05-10 07:22:34-04:00
0,0,0,0,0,0,2020-05-10 07:31:38-04:00
0,0,0,0,0,0,2020-05-10 07:31:48-04:00
0,0,0,0,0,0,2020-05-10 07:32:51-04:00
0,0,0,0,0,0,2020-05-10 08:13:20-04:00
0,0,0,0,0,0,2020-05-10 08:28:48-04:00
0,0,0,0,0,0,2020-05-10 08:54:33-04:00
0,0,0,0,0,0,2020-05-10 10:43:12-04:00
0,0,0,0,0,0,2020-05-10 10:46:35-04:00
0,0,0,0,0,0,2020-05-10 11:26:47-04:00
0,0,0,0,0,0,2020-05-10 11:31:02-04:00
0,3,2,2,0,2,2020-05-10 11:57:34-04:00
0,0,0,0,0,0,2020-05-10 14:48:29-04:00
0,0,0,0,0,0,2020-05-10 15:02:05-04:00
0,0,0,0,0,0,2020-05-11 06:21:58-04:00
0,0,0,0,0,0,2020-05-13 05:40:06-04:00
0,0,0,0,0,0,2020-05-13 07:08:14-04:00
0,0,0,0,0,0,2020-05-13 07:19:57-04:00
0,0,0,0,0,0,2020-05-13 07:47:33-04:00
0,1,1,2,0,1,2020-05-14 14:26:33-04:00
0,0,0,0,0,0,2020-05-18 13:44:13-04:00
0,0,0,0,0,0,2020-05-20 06:38:58-04:00
0,0,0,0,0,0,2020-05-21 14:49:29-04:00
0,0,0,0,0,0,2020-05-21 15:26:29-04:00
0,0,0,0,0,0,2020-05-21 15:26:43-04:00
0,0,0,0,0,0,2020-05-21 15:26:49-04:00
0,0,0,0,0,0,2020-05-21 15:26:55-04:00
0,0,0,0,0,0,2020-05-21 15:27:02-04:00
0,0,0,0,0,0,2020-05-21 15:27:09-04:00
0,0,0,0,0,0,2020-05-21 15:27:15-04:00
0,0,0,0,0,0,2020-05-21 15:27:22-04:00
0,0,0,0,0,0,2020-05-21 15:27:28-04:00
0,0,0,0,0,0,2020-05-21 15:27:34-04:00
0,0,0,0,0,0,2020-05-21 15:27:46-04:00
0,0,0,0,0,0,2020-05-21 15:27:56-04:00
0,0,0,0,0,0,2020-05-21 15:28:04-04:00
0,0,0,0,0,0,2020-05-21 15:28:10-04:00
0,0,0,0,0,0,2020-05-21 15:28:17-04:00
0,0,0,0,0,0,2020-05-21 15:28:33-04:00
0,0,0,0,0,0,2020-05-21 15:28:40-04:00
0,0,0,0,0,0,2020-05-21 15:28:47-04:00
0,0,0,0,0,0,2020-05-21 15:28:53-04:00
0,0,0,0,0,0,2020-05-21 15:29:00-04:00
0,0,0,0,0,0,2020-05-21 15:29:07-04:00
0,0,0,0,0,0,2020-05-21 15:29:15-04:00
0,0,0,0,0,0,2020-05-21 15:29:21-04:00
0,0,0,0,0,0,2020-05-21 15:29:29-04:00
0,0,0,0,0,0,2020-05-21 15:29:37-04:00
0,0,0,0,0,0,2020-05-21 15:29:44-04:00
0,0,0,0,0,0,2020-05-21 15:29:51-04:00
0,0,0,0,0,0,2020-05-21 15:29:59-04:00
0,0,0,0,0,0,2020-05-21 15:30:05-04:00
0,0,0,0,0,0,2020-05-21 15:30:12-04:00
0,0,0,0,0,0,2020-05-21 15:30:19-04:00
0,0,0,0,0,0,2020-05-21 15:30:26-04:00
0,0,0,0,0,0,2020-05-21 15:30:33-04:00
0,0,0,0,0,0,2020-05-21 15:30:40-04:00
0,0,0,0,0,0,2020-05-21 15:30:47-04:00
0,0,0,0,0,0,2020-05-21 15:31:03-04:00
0,0,0,0,0,0,2020-05-21 15:31:13-04:00
0,0,0,0,0,0,2020-05-21 15:33:44-04:00
0,0,0,0,0,0,2020-05-21 15:33:50-04:00
0,0,0,0,0,0,2020-05-21 15:33:56-04:00
0,0,0,0,0,0,2020-05-21 15:34:03-04:00
0,0,0,0,0,0,2020-05-21 15:34:08-04:00
0,0,0,0,0,0,2020-05-21 15:34:14-04:00
0,0,0,0,0,0,2020-05-21 15:34:20-04:00
0,0,0,0,0,0,2020-05-21 15:34:25-04:00
0,0,0,0,0,0,2020-05-21 15:34:31-04:00
0,0,0,0,0,0,2020-05-21 15:34:37-04:00
0,0,0,0,0,0,2020-05-21 15:34:43-04:00
0,0,0,0,0,0,2020-05-21 15:34:48-04:00
0,0,0,0,0,0,2020-05-21 15:34:54-04:00
0,0,0,0,0,0,2020-05-21 15:35:00-04:00
0,0,0,0,0,0,2020-05-21 15:35:06-04:00
0,0,0,0,0,0,2020-05-21 15:35:12-04:00
0,0,0,0,0,0,2020-05-21 15:35:17-04:00
0,0,0,0,0,0,2020-05-21 15:35:23-04:00
0,0,0,0,0,0,2020-05-21 15:35:28-04:00
0,0,0,0,0,0,2020-05-21 15:35:34-04:00
0,0,0,0,0,0,2020-05-21 15:35:40-04:00
0,0,0,0,0,0,2020-05-21 15:35:45-04:00
0,0,0,0,0,0,2020-05-21 15:36:03-04:00
0,0,0,0,0,0,2020-05-26 10:33:32-04:00
0,0,0,0,0,0,2020-05-30 15:03:05-04:00
0,0,0,0,0,0,2020-05-30 15:04:01-04:00
0,0,0,0,0,0,2020-05-30 15:26:21-04:00
0,0,0,0,0,0,2020-08-12 05:01:02-04:00
0,0,0,0,0,0,2020-08-12 05:09:12-04:00
0,0,0,0,0,0,2020-08-12 05:09:54-04:00
0,0,0,0,0,0,2020-08-12 06:28:31-04:00
0,0,0,0,0,0,2020-08-12 06:29:58-04:00
0,0,0,0,0,0,2020-08-12 08:35:53-04:00
0,0,0,0,0,0,2020-08-12 08:38:17-04:00
0,0,0,0,0,0,2020-08-12 08:38:38-04:00
0,0,0,0,0,0,2020-08-12 08:58:57-04:00
0,0,0,0,0,0,2020-08-12 08:59:19-04:00
0,8,7,8,0,8,2020-08-12 10:53:15-04:00
0,0,0,0,0,0,2020-08-12 10:55:14-04:00
0,0,0,0,0,0,2020-08-12 10:55:53-04:00
0,0,0,0,0,0,2020-08-12 10:56:22-04:00
0,0,0,0,0,0,2020-08-12 11:32:40-04:00
0,0,0,0,0,0,2020-08-12 11:34:39-04:00
0,0,0,0,0,0,2020-08-12 11:36:20-04:00
0,0,0,0,0,0,2020-08-12 11:39:06-04:00
0,11,13,15,0,15,2020-08-17 14:02:48-04:00
0,0,0,0,0,0,2020-08-17 14:03:12-04:00
0,0,0,0,0,0,2020-08-17 14:10:31-04:00
0,1,0,0,0,0,2020-08-17 14:11:36-04:00
0,0,0,0,0,0,2020-08-17 14:12:02-04:00
0,0,0,0,0,0,2020-08-17 14:14:34-04:00
0,0,0,0,0,0,2020-08-17 14:17:28-04:00
0,0,0,0,0,0,2020-08-17 14:21:42-04:00
0,1,0,1,0,0,2020-08-17 14:22:03-04:00
0,0,1,1,0,1,2020-08-17 14:23:24-04:00
0,0,0,0,0,0,2020-08-17 14:23:51-04:00
0,0,1,1,0,1,2020-08-17 14:24:13-04:00
0,0,0,0,0,0,2020-08-17 14:24:47-04:00
0,0,0,0,0,0,2020-08-17 14:25:10-04:00
0,0,0,0,0,0,2020-08-17 14:29:20-04:00
0,0,0,0,0,0,2020-08-17 14:30:15-04:00
0,0,0,0,0,0,2020-08-26 12:21:57-04:00
0,0,0,0,0,0,2020-08-26 12:27:00-04:00
0,0,0,0,0,0,2020-08-26 12:42:56-04:00
0,0,0,0,0,0,2020-08-26 12:43:23-04:00
0,0,0,0,0,0,2020-08-26 12:43:57-04:00
0,0,0,0,0,0,2020-08-26 12:44:24-04:00
0,1,1,1,0,1,2020-08-26 12:44:59-04:00
0,1,0,1,0,1,2020-08-26 12:45:45-04:00
0,0,0,0,0,0,2020-08-26 12:46:42-04:00
0,0,0,0,0,0,2020-08-26 12:47:11-04:00
0,1,1,1,0,1,2020-08-26 12:47:33-04:00
0,0,0,0,0,0,2020-08-26 12:47:57-04:00
0,1,0,0,0,0,2020-08-26 12:48:49-04:00
0,0,0,0,0,0,2020-08-26 12:49:29-04:00
0,1,1,1,0,1,2020-08-26 12:50:47-04:00
0,0,0,0,0,0,2020-08-26 12:51:55-04:00
0,0,0,0,0,0,2020-08-26 12:52:40-04:00
0,0,0,0,0,0,2020-08-26 12:53:22-04:00
0,1,1,1,0,1,2020-08-26 12:54:07-04:00
0,0,0,0,0,0,2020-08-26 12:54:46-04:00
0,1,1,1,0,1,2020-08-26 12:55:13-04:00
0,0,0,0,0,0,2020-08-26 12:55:35-04:00
0,0,0,0,0,0,2020-08-26 12:56:07-04:00
0,0,1,1,0,1,2020-08-26 12:56:26-04:00
0,0,1,1,0,1,2020-08-26 12:56:47-04:00
0,0,0,0,0,0,2020-08-26 12:57:42-04:00
0,0,0,0,0,0,2020-08-26 12:58:15-04:00
0,0,0,0,0,0,2020-08-26 12:58:48-04:00
0,0,0,0,0,0,2020-08-26 12:59:11-04:00
0,0,0,0,0,0,2020-08-26 12:59:32-04:00
0,0,0,0,0,0,2020-08-26 13:00:01-04:00
0,0,0,0,0,0,2020-08-26 13:00:26-04:00
0,0,0,0,0,0,2020-08-26 13:01:10-04:00
0,0,0,0,0,0,2020-08-26 13:01:34-04:00
0,0,0,0,0,0,2020-08-26 13:02:11-04:00
0,0,0,0,0,0,2020-08-26 13:02:33-04:00
0,0,0,0,0,0,2020-08-26 13:02:54-04:00
0,0,0,0,0,0,2020-08-26 13:03:23-04:00
0,0,0,0,0,0,2020-08-26 13:04:09-04:00
0,0,0,0,0,0,2020-08-26 13:04:26-04:00
0,0,0,0,0,0,2020-08-26 13:04:47-04:00
0,0,0,0,0,0,2020-08-26 13:05:01-04:00
0,0,0,0,0,0,2020-08-26 13:05:16-04:00
0,0,0,0,0,0,2020-08-26 13:07:08-04:00
0,0,0,0,0,0,2020-08-26 13:07:28-04:00
0,0,0,0,0,0,2020-08-26 13:07:53-04:00
0,0,0,0,0,0,2020-08-26 13:08:13-04:00
0,0,0,0,0,0,2020-08-26 13:08:38-04:00
0,0,0,0,0,0,2020-08-26 13:12:55-04:00
0,0,0,0,0,0,2020-08-26 13:17:56-04:00
0,0,0,0,0,0,2020-08-26 13:21:29-04:00
0,0,0,0,0,0,2020-08-26 14:25:35-04:00
0,0,0,0,0,0,2020-10-13 17:54:27-04:00
0,0,0,0,0,0,2020-10-14 17:00:44-04:00
0,0,0,0,0,0,2020-10-14 17:28:17-04:00
0,0,0,0,0,0,2020-10-14 17:52:46-04:00
0,0,0,0,0,0,2020-10-15 18:56:52-04:00
0,0,0,0,0,0,2020-10-15 18:57:31-04:00
0,0,0,0,0,0,2020-10-15 18:59:28-04:00
0,0,0,0,0,0,2020-10-15 19:05:27-04:00
0,0,0,0,0,0,2020-10-15 19:09:29-04:00
0,0,0,0,0,0,2020-10-15 19:10:49-04:00
0,0,0,0,0,0,2020-10-15 19:11:24-04:00
0,0,0,0,0,0,2020-10-15 19:13:32-04:00
0,0,0,0,0,0,2020-10-15 19:16:22-04:00
0,0,0,0,0,0,2020-10-15 19:16:54-04:00
0,0,0,0,0,0,2020-10-15 19:21:08-04:00
0,0,0,0,0,0,2020-10-15 19:26:30-04:00
0,0,0,0,0,0,2020-10-15 19:27:02-04:00
0,0,0,0,0,0,2020-10-15 19:27:25-04:00
0,0,0,0,0,0,2020-10-15 19:29:07-04:00
0,0,0,0,0,0,2020-10-15 19:31:58-04:00
0,0,0,0,0,0,2020-10-15 19:33:01-04:00
0,0,0,0,0,0,2020-10-15 21:45:18-04:00
0,0,0,0,0,0,2020-10-15 21:45:34-04:00
0,0,0,0,0,0,2020-10-15 21:54:44-04:00
0,0,0,0,0,0,2020-10-15 21:57:51-04:00
0,0,0,0,0,0,2020-10-15 21:59:42-04:00
0,0,0,0,0,0,2020-10-15 22:00:03-04:00
0,0,0,0,0,0,2020-10-15 22:00:38-04:00
0,0,0,0,0,0,2020-10-15 22:05:40-04:00
0,0,0,0,0,0,2020-10-15 22:06:17-04:00
0,0,0,0,0,0,2020-10-15 22:08:47-04:00
0,0,0,0,0,0,2020-10-15 22:10:07-04:00
0,0,0,0,0,0,2020-10-15 22:10:38-04:00
0,0,0,0,0,0,2020-10-15 22:11:05-04:00
0,0,0,0,0,0,2020-10-15 22:11:31-04:00
0,0,0,0,0,0,2020-10-15 22:13:24-04:00
0,0,0,0,0,0,2020-10-15 22:14:28-04:00
0,0,0,0,0,0,2020-10-15 22:20:33-04:00
0,0,0,0,0,0,2020-10-15 22:23:31-04:00
0,0,0,0,0,0,2020-10-15 22:23:59-04:00
0,0,0,0,0,0,2020-10-16 09:14:33-04:00
0,0,0,0,0,0,2020-10-16 16:26:05-04:00
0,0,0,0,0,0,2020-11-15 10:34:22-05:00
0,0,0,0,0,0,2020-11-15 10:41:22-05:00
0,0,0,0,0,0,2020-11-16 18:20:03-05:00
0,0,0,0,0,0,2020-12-06 17:22:35-05:00
0,1,1,1,0,1,2022-03-01 11:53:01-05:00
