Acquisition,Preparation,Modeling,Training,Evaluation,Prediction,time
0,0,0,0,0,0,2017-03-25 12:36:42-04:00
1,1,0,1,0,0,2017-03-25 12:37:04-04:00
1,1,0,1,0,0,2017-03-25 12:45:34-04:00
0,0,0,0,0,0,2017-03-25 12:52:04-04:00
0,1,0,1,0,0,2017-03-25 14:49:55-04:00
0,0,0,0,0,0,2017-03-25 15:35:25-04:00
1,1,0,1,0,0,2017-03-25 15:35:29-04:00
0,0,0,0,0,0,2017-03-25 15:35:55-04:00
0,0,0,0,0,0,2017-03-25 15:36:29-04:00
0,0,0,0,0,0,2017-03-25 16:48:19-04:00
1,1,0,1,0,0,2017-03-25 17:56:38-04:00
0,0,0,0,0,0,2017-03-25 17:59:47-04:00
1,1,0,1,0,0,2017-03-25 18:00:38-04:00
1,1,0,1,0,0,2017-03-25 18:19:27-04:00
1,0,0,0,0,0,2017-03-25 18:20:12-04:00
1,1,0,1,0,0,2017-03-25 18:58:02-04:00
2,1,0,1,0,0,2017-03-25 19:56:14-04:00
1,1,0,1,0,0,2017-03-25 23:59:35-04:00
0,0,0,0,0,0,2017-03-26 00:02:18-04:00
2,2,0,1,0,0,2017-03-26 01:48:07-04:00
1,1,0,1,0,0,2017-03-26 02:42:46-04:00
2,2,0,1,0,0,2017-03-26 03:38:16-04:00
0,0,0,0,0,0,2017-03-26 03:38:47-04:00
0,0,0,0,0,0,2017-03-26 03:49:41-04:00
0,0,0,0,0,0,2017-03-26 03:58:56-04:00
1,1,0,0,0,0,2017-03-26 04:02:11-04:00
1,1,0,0,0,0,2017-03-26 04:05:08-04:00
0,0,0,0,0,0,2017-03-26 04:23:24-04:00
1,1,0,1,0,0,2017-03-26 04:56:48-04:00
0,0,0,0,0,0,2017-03-26 05:42:46-04:00
0,0,0,0,0,0,2017-03-26 05:56:29-04:00
0,0,0,0,0,0,2017-03-26 06:08:05-04:00
0,0,0,0,0,0,2017-03-26 06:23:12-04:00
0,0,0,0,0,0,2017-03-26 11:26:25-04:00
1,1,0,0,0,0,2017-03-26 11:55:55-04:00
0,0,0,0,0,0,2017-03-26 12:01:19-04:00
0,0,0,0,0,0,2017-03-26 12:07:17-04:00
0,0,0,0,0,0,2017-03-26 12:20:16-04:00
0,0,0,0,0,0,2017-03-26 12:31:44-04:00
0,0,0,0,0,0,2017-03-26 12:40:44-04:00
0,0,0,0,0,0,2017-03-26 12:44:38-04:00
0,0,0,0,0,0,2017-03-26 12:49:44-04:00
0,0,0,0,0,0,2017-03-26 13:57:06-04:00
0,0,0,0,0,0,2017-03-26 13:57:17-04:00
0,0,0,0,0,0,2017-03-29 23:38:51-04:00
0,0,0,0,0,0,2017-03-30 13:21:01-04:00
1,1,0,0,0,0,2017-03-30 14:38:18-04:00
2,2,0,0,0,0,2017-03-30 19:52:07-04:00
0,0,0,0,0,0,2017-03-30 19:56:30-04:00
0,0,0,0,0,0,2017-03-30 19:56:49-04:00
0,0,0,0,0,0,2017-03-30 23:45:30-04:00
0,0,0,0,0,0,2017-03-30 23:45:50-04:00
0,0,0,0,0,0,2017-03-30 23:46:44-04:00
0,0,0,0,0,0,2017-03-30 23:46:52-04:00
0,0,0,0,0,0,2017-03-30 23:47:00-04:00
0,0,0,0,0,0,2017-03-30 23:47:14-04:00
0,1,0,0,0,0,2017-03-31 01:09:31-04:00
0,0,0,0,0,0,2017-03-31 01:25:13-04:00
1,1,0,0,0,0,2017-03-31 17:45:39-04:00
0,0,0,0,0,0,2017-03-31 17:57:48-04:00
0,0,0,0,0,0,2017-04-01 21:21:05-04:00
0,0,0,0,0,0,2017-04-01 21:21:23-04:00
3,4,0,1,0,0,2017-04-04 03:06:50-04:00
0,1,0,0,0,0,2017-04-04 03:09:03-04:00
0,1,0,0,0,0,2017-04-04 03:28:03-04:00
0,0,0,0,0,0,2017-04-04 04:33:33-04:00
0,0,0,0,0,0,2017-04-04 05:16:02-04:00
0,0,0,0,0,0,2017-04-04 05:16:42-04:00
0,0,0,0,0,0,2017-04-04 05:17:16-04:00
0,0,0,0,0,0,2017-04-04 06:10:17-04:00
0,0,0,0,0,0,2017-04-04 06:10:55-04:00
0,0,0,0,0,0,2017-04-05 15:33:11-04:00
