Acquisition,Preparation,Modeling,Training,Evaluation,Prediction,time
43,58,14,28,19,27,2020-12-18 15:10:39+05:18
15,17,5,7,6,7,2021-01-01 04:44:24+05:18
0,0,0,0,0,0,2021-01-01 05:53:21+05:18
0,0,0,0,0,0,2021-01-01 12:10:07+05:18
0,0,0,0,0,0,2021-01-01 12:16:58+05:18
0,0,0,0,0,0,2021-01-05 08:55:25+05:18
2,4,0,0,0,1,2021-01-06 07:27:08+05:18
3,9,0,0,0,3,2021-01-07 05:17:37+05:18
2,2,0,0,0,2,2021-01-07 05:19:32+05:18
2,2,0,0,0,2,2021-01-07 15:46:02+05:18
1,2,0,0,0,1,2021-01-07 19:17:47+05:18
1,2,0,0,0,1,2021-01-08 12:50:42+05:18
0,0,0,0,0,0,2021-01-08 14:30:01+05:18
0,0,0,0,0,0,2021-01-08 14:35:34+05:18
0,0,0,0,0,0,2021-01-08 14:40:23+05:18
0,0,0,0,0,0,2021-01-08 14:54:34+05:18
0,0,0,0,0,0,2021-01-08 14:55:03+05:18
0,0,0,0,0,0,2021-01-08 14:55:38+05:18
0,0,0,0,0,0,2021-01-08 14:59:00+05:18
0,0,0,0,0,0,2021-01-08 14:59:21+05:18
0,0,0,0,0,0,2021-01-08 15:08:10+05:18
0,0,0,0,0,0,2021-01-08 15:10:08+05:18
0,0,0,0,0,0,2021-01-08 15:12:27+05:18
0,0,0,0,0,0,2021-01-08 15:13:59+05:18
0,0,0,0,0,0,2021-01-08 15:15:04+05:18
0,0,0,0,0,0,2021-01-08 15:24:22+05:18
0,0,0,0,0,0,2021-01-08 15:29:03+05:18
0,0,0,0,0,0,2021-01-08 15:29:57+05:18
0,0,0,0,0,0,2021-01-08 15:30:29+05:18
0,0,0,0,0,0,2021-01-08 15:31:13+05:18
0,0,0,0,0,0,2021-01-08 15:32:05+05:18
0,0,0,0,0,0,2021-01-08 15:32:49+05:18
0,0,0,0,0,0,2021-01-08 15:33:35+05:18
0,0,0,0,0,0,2021-01-08 15:34:16+05:18
0,0,0,0,0,0,2021-01-08 15:34:37+05:18
0,0,0,0,0,0,2021-01-08 15:34:59+05:18
0,0,0,0,0,0,2021-01-08 15:35:24+05:18
0,0,0,0,0,0,2021-01-08 15:37:23+05:18
0,0,0,0,0,0,2021-01-08 15:38:46+05:18
0,0,0,0,0,0,2021-01-08 15:42:22+05:18
0,0,0,0,0,0,2021-01-08 15:43:46+05:18
0,0,0,0,0,0,2021-01-08 15:44:49+05:18
0,0,0,0,0,0,2021-01-08 15:45:28+05:18
0,0,0,0,0,0,2021-01-08 15:46:19+05:18
0,0,0,0,0,0,2021-01-08 15:53:45+05:18
0,0,0,0,0,0,2021-01-08 15:55:16+05:18
0,0,0,0,0,0,2021-01-08 15:56:16+05:18
0,0,0,0,0,0,2021-01-08 15:57:08+05:18
0,0,0,0,0,0,2021-01-08 15:57:31+05:18
0,0,0,0,0,0,2021-01-08 15:57:50+05:18
0,0,0,0,0,0,2021-01-08 15:58:22+05:18
0,0,0,0,0,0,2021-01-08 16:00:26+05:18
0,0,0,0,0,0,2021-01-08 16:01:44+05:18
0,0,0,0,0,0,2021-01-08 16:02:13+05:18
0,0,0,0,0,0,2021-01-08 16:02:48+05:18
0,0,0,0,0,0,2021-01-08 16:03:08+05:18
0,0,0,0,0,0,2021-01-08 16:03:48+05:18
0,0,0,0,0,0,2021-01-08 16:06:15+05:18
0,0,0,0,0,0,2021-01-08 16:07:58+05:18
0,0,0,0,0,0,2021-01-08 16:08:15+05:18
0,0,0,0,0,0,2021-01-08 16:09:17+05:18
0,0,0,0,0,0,2021-01-08 16:10:27+05:18
0,0,0,0,0,0,2021-01-08 16:11:15+05:18
0,0,0,0,0,0,2021-01-08 16:12:45+05:18
0,0,0,0,0,0,2021-01-08 16:13:01+05:18
0,0,0,0,0,0,2021-01-08 16:14:53+05:18
0,0,0,0,0,0,2021-01-08 16:17:33+05:18
0,0,0,0,0,0,2021-01-08 16:21:29+05:18
0,0,0,0,0,0,2021-01-08 16:22:27+05:18
0,0,0,0,0,0,2021-01-08 16:23:14+05:18
0,0,0,0,0,0,2021-01-08 16:23:49+05:18
0,0,0,0,0,0,2021-01-08 16:25:27+05:18
0,0,0,0,0,0,2021-01-08 16:27:03+05:18
0,0,0,0,0,0,2021-01-08 16:29:46+05:18
0,0,0,0,0,0,2021-01-08 16:30:14+05:18
0,0,0,0,0,0,2021-01-08 16:31:11+05:18
0,0,0,0,0,0,2021-01-24 10:51:29+05:18
0,0,0,0,0,0,2021-01-24 10:52:21+05:18
0,0,0,0,0,0,2021-01-24 10:54:45+05:18
1,1,1,1,1,1,2021-01-27 06:10:20+05:18
0,0,0,0,0,0,2021-01-27 06:10:46+05:18
0,0,0,0,0,0,2021-01-27 06:11:00+05:18
0,0,0,0,0,0,2021-01-27 06:11:29+05:18
0,0,0,0,0,0,2021-01-27 06:11:58+05:18
1,1,1,0,0,1,2021-01-27 06:12:21+05:18
0,0,0,0,0,0,2021-01-27 06:12:57+05:18
0,0,0,0,0,0,2021-01-27 06:13:26+05:18
0,0,0,0,0,0,2021-01-27 06:46:30+05:18
0,0,0,0,0,0,2021-01-27 08:47:35+05:18
0,0,0,0,0,0,2021-01-27 12:37:41+05:18
0,0,0,0,0,0,2021-01-27 12:40:47+05:18
0,0,0,0,0,0,2021-01-27 12:41:17+05:18
0,0,0,0,0,0,2021-01-27 12:43:20+05:18
0,0,0,0,0,0,2021-01-27 12:44:46+05:18
0,0,0,0,0,0,2021-01-27 12:45:11+05:18
0,0,0,0,0,0,2021-01-27 12:45:47+05:18
2,2,2,1,1,2,2021-01-27 14:58:24+05:18
0,0,0,0,0,0,2021-01-27 14:59:46+05:18
0,0,0,0,0,0,2021-01-27 15:10:55+05:18
0,0,0,0,0,0,2021-01-27 15:13:44+05:18
0,0,0,0,0,0,2021-01-27 15:17:38+05:18
1,1,1,1,1,1,2021-02-02 18:02:35+05:18
0,0,0,0,0,0,2021-02-15 07:25:54+05:18
0,0,0,0,0,0,2021-02-15 07:26:19+05:18
0,0,0,0,0,0,2021-02-19 21:22:36+05:18
0,0,0,0,1,0,2021-06-23 22:37:48+05:18
0,0,0,0,0,0,2021-06-23 22:44:33+05:18
0,0,0,0,0,0,2021-06-23 22:45:33+05:18
0,0,0,0,0,0,2021-06-23 23:02:50+05:18
0,0,0,0,0,0,2021-06-23 23:08:33+05:18
1,1,0,0,0,0,2021-06-25 10:34:33+05:18
0,0,0,0,0,0,2021-06-25 10:36:11+05:18
0,0,0,0,0,0,2021-06-25 10:36:51+05:18
0,2,0,2,0,2,2021-06-27 22:16:52+05:18
2,7,2,0,0,1,2021-07-06 16:08:52+05:18
0,0,0,0,0,0,2021-07-06 16:12:39+05:18
0,0,0,0,0,0,2021-07-06 16:41:03+05:18
0,0,0,0,0,0,2021-07-06 16:46:53+05:18
3,3,0,3,1,3,2021-07-08 15:20:37+05:18
0,0,0,0,0,0,2021-07-08 15:20:59+05:18
5,10,1,4,0,4,2021-07-08 15:29:26+05:18
0,0,0,0,0,0,2021-07-20 09:01:44+05:18
0,1,1,0,0,0,2021-07-26 03:11:04-07:00
0,1,1,0,0,0,2021-07-26 10:48:59-07:00
0,1,1,0,0,0,2021-07-26 20:09:43-07:00
0,1,1,0,0,0,2021-07-27 19:33:54-07:00
0,0,0,0,0,0,2021-07-27 21:22:54-07:00
2,5,1,0,0,0,2021-08-01 15:46:38+05:18
0,2,1,0,0,0,2021-08-02 15:42:38+05:18
