Acquisition,Preparation,Modeling,Training,Evaluation,Prediction,time
1,1,1,1,0,1,2020-09-22 11:10:21-06:00
1,0,0,0,0,0,2020-09-22 13:35:09-06:00
1,0,0,0,0,1,2020-09-22 20:29:19-06:00
0,0,0,0,0,0,2020-09-23 12:06:04-06:00
0,0,0,0,0,0,2020-09-23 13:53:11-06:00
1,1,1,1,0,1,2020-09-23 13:55:55-06:00
0,0,0,0,0,0,2020-09-23 14:00:04-06:00
0,0,0,0,0,0,2020-09-24 08:21:14-06:00
0,0,0,0,0,0,2020-09-24 09:31:54-06:00
0,0,0,0,0,0,2020-09-24 09:35:49-06:00
1,1,0,0,0,1,2020-09-24 10:59:14-06:00
1,1,0,0,0,1,2020-09-24 14:03:48-06:00
0,0,0,0,0,0,2020-09-24 14:04:43-06:00
0,0,0,0,0,0,2020-09-24 14:05:42-06:00
1,1,0,0,0,1,2020-09-24 14:57:11-06:00
1,1,0,0,0,1,2020-09-24 20:42:39-06:00
1,1,0,0,0,1,2020-09-24 21:15:07-06:00
0,0,0,0,0,0,2020-09-25 09:34:49-06:00
1,1,0,0,0,1,2020-09-25 22:24:32-06:00
0,0,0,0,0,0,2020-09-25 22:26:33-06:00
0,0,0,0,0,0,2020-09-25 22:27:58-06:00
0,0,0,0,0,0,2020-09-28 16:31:57-06:00
0,0,0,0,0,0,2020-09-28 16:32:11-06:00
1,1,0,0,0,1,2020-09-28 20:50:48-06:00
1,1,0,0,0,1,2020-09-29 18:29:57-06:00
0,0,0,0,0,0,2020-09-29 18:31:03-06:00
0,0,0,0,0,0,2020-09-29 18:37:59-06:00
2,2,0,0,0,1,2020-09-30 17:51:34-06:00
0,0,0,0,0,0,2020-10-01 14:35:12+05:18
0,0,0,0,0,0,2020-10-01 12:15:34-06:00
2,2,0,0,0,1,2020-10-01 14:59:58-06:00
0,0,0,0,0,0,2020-10-01 15:00:20-06:00
0,0,0,0,0,0,2020-10-01 15:08:20-06:00
0,0,0,0,0,0,2020-10-01 15:11:23-06:00
1,1,0,0,0,1,2020-10-02 19:35:16-06:00
0,0,0,0,0,0,2020-10-03 11:32:06-06:00
1,1,0,0,0,1,2020-10-09 12:45:43-06:00
1,1,0,0,0,1,2020-10-16 13:32:41-06:00
2,2,0,0,0,1,2020-10-17 12:55:51-06:00
0,0,0,0,0,0,2020-10-17 17:26:10-06:00
1,1,0,0,0,1,2020-10-17 18:41:06-06:00
0,0,0,0,0,0,2020-10-18 08:49:04-06:00
0,0,0,0,0,0,2020-10-18 11:24:08-06:00
0,0,0,0,0,0,2020-10-19 08:31:43-06:00
2,2,0,0,0,1,2020-10-19 09:04:11-06:00
2,2,0,0,0,1,2020-10-19 18:41:09-06:00
0,0,0,0,0,0,2020-10-21 10:01:51-06:00
0,0,0,0,0,0,2020-10-21 10:58:06-06:00
0,0,0,0,0,0,2020-10-21 17:24:37-06:00
0,0,0,0,0,0,2020-10-22 07:57:02-06:00
3,2,0,0,0,2,2020-10-22 17:37:34-06:00
0,0,0,0,0,0,2020-10-22 17:39:34-06:00
2,2,0,0,0,1,2020-10-22 22:10:09-06:00
2,2,0,0,0,1,2020-10-23 12:35:13-06:00
0,0,0,0,0,0,2020-10-24 12:22:25-06:00
0,0,0,0,0,0,2020-10-24 14:25:27-06:00
1,0,0,0,0,1,2020-10-25 17:35:05-06:00
0,0,0,0,0,0,2020-10-27 13:04:34-06:00
0,0,0,0,0,0,2020-10-28 08:33:00-06:00
1,0,0,0,0,1,2020-10-28 14:44:26-06:00
0,0,0,0,0,0,2020-10-28 15:43:00-06:00
0,0,0,0,0,0,2020-10-29 18:08:59-06:00
0,0,0,0,0,0,2020-10-30 10:19:12-06:00
0,0,0,0,0,0,2020-10-30 10:29:17-06:00
0,0,0,0,0,0,2020-10-30 10:50:53-06:00
0,0,0,0,0,0,2020-11-02 13:44:55-07:00
0,0,0,0,0,0,2020-11-02 18:04:17-07:00
0,0,0,0,0,0,2020-11-03 15:24:27-07:00
0,0,0,0,0,0,2020-11-03 17:41:18-07:00
0,0,0,0,0,0,2020-11-04 15:35:46-07:00
0,0,0,0,0,0,2020-11-05 10:26:43-07:00
0,0,0,0,0,0,2020-11-05 10:34:55-07:00
0,0,0,0,0,0,2020-11-05 10:37:18-07:00
0,0,0,0,0,0,2021-05-12 14:03:34-06:00
