Acquisition,Preparation,Modeling,Training,Evaluation,Prediction,time
0,0,0,0,0,0,2021-07-05 10:33:46+01:00
0,0,0,0,0,0,2021-07-10 11:19:29+01:00
2,2,0,2,2,0,2021-07-12 12:24:41+01:00
2,2,0,2,2,0,2021-07-12 18:00:31+01:00
0,0,0,0,0,0,2021-07-12 18:11:25+01:00
0,0,0,0,0,0,2021-07-12 18:13:30+01:00
0,0,0,0,0,0,2021-07-12 18:15:47+01:00
0,0,0,0,0,0,2021-07-12 18:17:10+01:00
0,0,0,0,0,0,2021-07-12 18:18:03+01:00
2,2,0,2,2,0,2021-07-16 15:52:25+01:00
0,0,0,0,0,0,2021-07-16 15:57:25+01:00
0,0,0,0,0,0,2021-07-16 15:59:31+01:00
1,1,0,1,1,0,2021-07-16 16:03:34+01:00
0,0,0,0,0,0,2021-07-16 16:07:02+01:00
1,1,0,1,1,0,2021-07-16 16:16:01+01:00
0,0,0,0,0,0,2021-07-16 16:23:37+01:00
1,1,1,1,1,0,2021-07-17 15:50:48+01:00
1,1,1,1,1,0,2021-07-19 15:52:30+01:00
1,1,1,1,1,0,2021-07-19 20:37:03+01:00
2,2,2,2,2,1,2021-07-23 20:25:33+01:00
1,1,1,1,1,1,2021-07-23 20:28:53+01:00
2,2,2,2,2,2,2021-07-26 13:39:37+01:00
2,2,2,2,2,2,2021-07-26 13:54:57+01:00
2,2,2,2,2,2,2021-07-26 16:48:30+01:00
0,0,0,0,0,0,2021-07-26 17:26:14+01:00
0,0,0,0,0,0,2021-07-26 17:27:09+01:00
0,0,0,0,0,0,2021-07-26 17:34:57+01:00
0,0,0,0,0,0,2021-07-26 17:36:20+01:00
0,0,0,0,0,0,2021-07-26 17:37:29+01:00
3,3,2,2,2,3,2021-08-05 19:37:24+01:00
0,0,0,0,0,0,2021-08-07 23:27:15+01:00
7,7,0,1,1,2,2021-08-17 15:55:12+01:00
0,0,0,0,0,0,2021-08-17 15:55:44+01:00
2,2,0,1,1,1,2021-08-18 17:21:55+01:00
1,0,0,0,0,0,2021-08-26 19:02:50+01:00
0,0,0,0,0,0,2021-08-26 19:03:28+01:00
0,0,0,0,0,0,2021-08-26 19:21:03+01:00
0,0,0,0,0,0,2021-08-26 19:21:54+01:00
0,0,0,0,0,0,2021-08-26 19:22:33+01:00
0,0,0,0,0,0,2021-08-26 19:25:45+01:00
0,0,0,0,0,0,2021-08-26 19:26:55+01:00
0,0,0,0,0,0,2021-08-26 19:27:58+01:00
0,0,0,0,0,0,2021-08-26 19:30:52+01:00
0,0,0,0,0,0,2021-08-26 19:31:06+01:00
0,0,0,0,0,0,2021-08-26 19:31:11+01:00
0,0,0,0,0,0,2021-08-26 19:31:22+01:00
0,0,0,0,0,0,2021-08-26 20:00:06+01:00
0,0,0,0,0,0,2021-08-26 20:01:33+01:00
0,0,0,0,0,0,2021-08-26 20:04:20+01:00
0,0,0,0,0,0,2021-08-26 20:05:05+01:00
0,0,0,0,0,0,2021-08-26 20:32:49+01:00
0,0,0,0,0,0,2021-08-27 10:08:18+01:00
0,0,0,0,0,0,2021-08-30 17:50:15+01:00
0,0,0,0,0,0,2021-08-30 17:51:01+01:00
0,0,0,0,0,0,2021-08-30 17:55:44+01:00
0,0,0,0,0,0,2021-08-30 17:56:20+01:00
0,0,0,0,0,0,2021-08-30 18:01:53+01:00
0,0,0,0,0,0,2021-08-31 11:19:44+01:00
