Acquisition,Preparation,Modeling,Training,Evaluation,Prediction,time
0,0,0,0,0,0,2020-03-23 18:46:08+02:00
4,4,4,4,0,4,2020-03-23 18:48:46+02:00
1,1,0,0,0,0,2020-03-28 14:41:21+03:00
1,1,0,0,0,0,2020-03-28 14:56:23+03:00
1,1,0,0,0,0,2020-03-28 15:47:22+03:00
1,1,0,0,0,0,2020-03-28 15:55:52+03:00
1,1,0,0,0,0,2020-03-28 16:02:30+03:00
1,1,0,0,0,0,2020-03-28 16:02:57+03:00
1,1,0,0,0,0,2020-03-28 21:37:57+03:00
1,1,0,0,0,0,2020-03-29 09:57:17+03:00
0,0,0,0,0,0,2020-03-29 21:44:43+03:00
0,0,0,0,0,0,2020-03-29 22:44:39+03:00
0,0,0,0,0,0,2020-03-30 09:37:39+03:00
1,1,0,0,0,0,2020-03-30 09:54:59+03:00
0,0,0,0,0,0,2020-03-30 10:29:15+03:00
1,1,0,0,0,0,2020-03-30 11:02:19+03:00
1,1,0,0,0,0,2020-03-30 11:13:13+03:00
1,1,0,0,0,0,2020-03-30 11:21:06+03:00
1,1,0,0,0,0,2020-03-30 11:21:47+03:00
0,0,0,0,0,0,2020-03-30 11:21:55+03:00
1,1,0,0,0,0,2020-04-01 10:27:06+03:00
1,1,0,0,0,0,2020-04-01 10:27:43+03:00
1,1,0,0,0,0,2020-04-01 10:28:35+03:00
1,1,0,0,0,0,2020-04-01 10:44:00+03:00
1,1,0,0,0,0,2020-04-01 10:54:09+03:00
1,1,0,1,0,0,2020-04-01 11:14:34+03:00
1,1,1,1,0,1,2020-04-01 11:29:34+03:00
1,1,1,1,0,1,2020-04-01 11:44:03+03:00
1,1,1,1,0,1,2020-04-01 11:44:28+03:00
1,1,1,1,0,1,2020-04-01 13:04:49+03:00
1,1,1,1,0,1,2020-04-01 14:07:41+03:00
0,0,0,0,0,0,2020-04-01 22:38:14+03:00
1,1,1,1,0,1,2020-04-03 09:23:57+03:00
1,1,1,1,0,1,2020-04-06 09:28:47+03:00
1,1,1,1,0,1,2020-04-06 09:34:55+03:00
1,1,1,1,0,1,2020-04-06 09:50:29+03:00
1,1,1,1,0,1,2020-04-06 09:52:00+03:00
0,0,0,0,0,0,2020-04-06 12:23:16+03:00
1,1,1,1,1,1,2020-04-22 23:11:35+03:00
1,1,1,1,1,1,2020-04-22 23:14:36+03:00
1,1,1,1,1,1,2020-04-25 22:27:22+03:00
1,1,1,1,1,1,2020-05-04 09:26:30+03:00
1,1,1,1,1,1,2020-05-04 10:22:33+03:00
1,1,1,1,1,1,2020-05-04 11:14:12+03:00
1,1,1,1,1,1,2020-05-04 11:30:29+03:00
1,1,1,1,1,1,2020-05-04 11:48:22+03:00
0,0,0,0,0,0,2020-05-04 12:35:30+03:00
2,2,1,1,1,1,2020-05-10 14:56:51+03:00
1,1,1,1,1,1,2020-05-11 08:50:42+03:00
0,0,0,0,0,0,2020-05-11 09:51:47+03:00
2,2,1,1,1,1,2020-05-14 13:56:54+03:00
0,0,0,0,0,0,2020-05-14 14:01:53+03:00
0,0,0,0,0,0,2020-05-18 09:47:34+03:00
1,1,1,1,1,1,2020-05-18 09:51:30+03:00
0,0,0,0,0,0,2020-05-19 10:40:41+03:00
0,0,0,0,0,0,2020-05-19 10:41:45+03:00
1,1,1,1,1,1,2020-05-21 09:59:25+03:00
1,1,1,1,1,1,2020-05-21 12:37:05+03:00
2,2,2,2,1,2,2020-05-31 20:01:14+03:00
1,3,3,3,0,3,2020-06-17 21:47:01+03:00
0,1,1,1,0,1,2020-06-20 22:15:10+03:00
1,2,2,2,1,2,2020-07-13 11:48:57+03:00
0,0,0,0,0,0,2020-07-14 11:08:03+03:00
0,0,0,0,0,0,2020-07-20 11:33:39+03:00
0,0,0,0,0,0,2020-11-13 18:48:34+00:00
0,1,1,1,0,1,2021-02-05 19:49:03+01:00
0,0,0,0,0,0,2021-02-08 20:44:56+00:00
0,0,0,0,0,0,2021-03-24 19:22:50+00:00
0,0,0,0,0,0,2021-03-25 23:43:56+00:00
0,0,0,0,0,0,2021-04-26 18:09:52+03:00
0,0,0,0,0,0,2021-04-26 18:10:16+03:00
0,0,0,0,0,0,2021-04-26 18:10:28+03:00
0,0,0,0,0,0,2021-04-26 18:10:40+03:00
0,0,0,0,0,0,2021-04-26 18:10:48+03:00
0,0,0,0,0,0,2021-04-26 15:10:59+00:00
0,0,0,0,0,0,2021-04-26 18:11:05+03:00
0,0,0,0,0,0,2021-04-30 21:09:59+00:00
0,0,0,0,0,0,2021-05-21 14:38:28+00:00
0,0,0,0,0,0,2021-06-02 01:41:22+00:00
0,0,0,0,0,0,2021-07-27 15:14:44+03:00
0,0,0,0,0,0,2021-07-27 15:14:55+03:00
0,0,0,0,0,0,2021-07-27 15:15:07+03:00
0,0,0,0,0,0,2021-11-10 19:48:42+00:00
0,0,0,0,0,0,2021-12-12 14:25:00+02:00
0,0,0,0,0,0,2022-04-01 10:45:09+03:00
0,0,0,0,0,0,2022-04-01 10:46:22+03:00
0,0,0,0,0,0,2022-04-01 07:46:53+00:00
0,0,0,0,0,0,2022-04-01 10:50:17+03:00
0,0,0,0,0,0,2022-04-01 07:50:45+00:00
0,0,0,0,0,0,2022-04-01 07:50:45+00:00
0,0,0,0,0,0,2022-04-01 11:06:07+03:00
0,0,0,0,0,0,2022-04-01 11:06:21+03:00
