Acquisition,Preparation,Modeling,Training,Evaluation,Prediction,time
0,0,0,0,0,0,2021-03-12 11:08:29+02:00
1,2,0,0,0,0,2021-03-14 11:22:00+02:00
0,1,0,0,0,0,2021-03-14 15:05:45+02:00
0,0,0,0,0,0,2021-03-14 15:08:17+02:00
0,1,0,0,0,0,2021-03-14 15:16:36+02:00
0,1,0,0,0,0,2021-03-14 15:39:08+02:00
0,1,0,0,0,0,2021-03-14 19:15:27+02:00
0,1,0,0,0,0,2021-03-14 20:30:54+02:00
0,1,0,0,0,0,2021-03-14 20:50:34+02:00
0,1,0,0,0,0,2021-03-14 20:51:57+02:00
0,1,0,0,0,0,2021-03-16 11:27:21+02:00
1,2,0,0,0,0,2021-03-18 00:18:26+02:00
1,2,0,0,0,0,2021-03-18 00:21:19+02:00
1,2,0,0,0,0,2021-03-18 00:40:25+02:00
0,0,0,0,0,0,2021-03-19 12:22:19+02:00
1,1,0,0,0,0,2021-03-20 00:36:03+02:00
1,2,0,0,0,0,2021-03-21 20:38:41+02:00
0,0,0,0,0,0,2021-04-07 21:20:58+03:00
0,0,0,0,0,0,2021-04-08 20:07:02+03:00
0,1,0,0,0,0,2021-04-15 19:10:02+03:00
0,0,0,0,0,0,2021-04-15 19:10:20+03:00
0,0,0,0,0,0,2021-04-25 23:04:22+03:00
0,1,0,0,0,0,2021-04-27 03:04:47+03:00
0,0,0,0,0,0,2021-04-27 03:08:33+03:00
0,1,0,0,0,0,2021-04-27 03:11:38+03:00
0,1,0,0,0,0,2021-04-27 23:11:08+03:00
0,1,0,0,0,0,2021-05-06 13:03:41+03:00
1,4,2,1,1,0,2021-05-11 17:22:11+03:00
1,3,2,1,1,0,2021-05-19 18:22:19+03:00
2,2,2,1,1,0,2021-05-19 19:04:07+03:00
1,2,0,0,0,0,2021-05-22 21:59:38+03:00
3,2,2,1,1,0,2021-05-23 11:43:33+03:00
2,4,1,0,1,0,2021-05-24 21:25:14+03:00
1,1,1,0,1,0,2021-05-25 12:28:10+03:00
1,1,1,0,1,0,2021-05-25 22:41:42+03:00
0,0,0,0,0,0,2021-05-25 22:46:15+03:00
1,1,1,0,1,0,2021-05-25 22:48:32+03:00
1,1,1,0,1,0,2021-05-25 23:19:08+03:00
2,3,1,0,1,0,2021-05-26 11:56:59+03:00
1,1,1,0,1,0,2021-05-26 11:58:47+03:00
2,2,1,0,1,0,2021-05-26 16:36:40+03:00
2,2,1,0,1,0,2021-05-26 18:44:33+03:00
1,1,1,0,1,0,2021-05-26 19:34:36+03:00
1,1,1,0,1,0,2021-05-26 19:36:48+03:00
0,1,0,0,1,0,2021-05-26 23:59:20+03:00
0,1,0,0,1,0,2021-05-27 09:44:46+03:00
1,2,0,0,1,0,2021-05-27 10:14:49+03:00
1,2,1,0,1,0,2021-05-27 22:06:50+03:00
1,2,0,0,0,0,2021-05-28 11:46:19+03:00
1,2,1,0,1,0,2021-05-28 19:18:51+03:00
0,1,0,0,0,0,2021-05-28 19:31:30+03:00
0,1,0,0,0,0,2021-05-28 19:48:32+03:00
3,4,1,0,2,0,2021-06-01 16:57:42+03:00
0,0,0,0,0,0,2021-06-01 16:58:01+03:00
1,1,0,0,0,0,2021-06-03 20:21:18+03:00
1,2,1,0,1,0,2021-06-03 20:35:00+03:00
1,2,0,0,0,0,2021-06-08 19:31:50+03:00
2,2,0,0,0,0,2021-06-08 21:15:39+03:00
3,2,2,1,1,0,2021-06-10 18:03:21+03:00
2,1,1,1,0,0,2021-06-18 20:56:46+03:00
