Acquisition,Preparation,Modeling,Training,Evaluation,Prediction,time
0,0,0,0,0,0,2021-05-25 11:57:34-04:00
11,9,1,0,0,0,2021-06-07 10:27:57-04:00
0,0,0,0,0,0,2021-06-08 11:10:35-04:00
0,0,0,0,0,0,2021-06-08 11:19:34-04:00
0,0,0,0,0,0,2021-06-08 11:21:47-04:00
0,0,0,0,0,0,2021-06-08 12:36:50-04:00
0,0,0,0,0,0,2021-06-08 12:41:47-04:00
0,0,0,0,0,0,2021-06-08 12:53:08-04:00
0,0,0,0,0,0,2021-06-08 13:34:31-04:00
0,0,0,0,0,0,2021-06-08 14:39:18-04:00
0,0,0,0,0,0,2021-06-08 14:52:00-04:00
0,0,0,0,0,0,2021-06-08 14:57:11-04:00
0,0,0,0,0,0,2021-06-08 15:02:31-04:00
0,0,0,0,0,0,2021-06-08 15:04:22-04:00
0,0,0,0,0,0,2021-06-08 16:19:55-04:00
0,0,0,0,0,0,2021-06-08 16:40:24-04:00
0,0,0,0,0,0,2021-06-08 16:41:06-04:00
0,0,0,0,0,0,2021-06-08 16:42:43-04:00
0,0,0,0,0,0,2021-06-08 16:43:55-04:00
0,0,0,0,0,0,2021-06-08 16:49:28-04:00
0,0,0,0,0,0,2021-06-08 16:51:16-04:00
0,0,0,0,0,0,2021-06-08 17:35:02-04:00
4,4,0,0,0,0,2021-06-08 18:28:37-04:00
1,0,0,0,0,0,2021-06-08 18:55:20-04:00
1,1,0,0,0,0,2021-06-08 18:56:06-04:00
1,0,0,0,0,0,2021-06-08 21:03:16-04:00
2,2,0,0,0,0,2021-06-08 23:58:17-04:00
1,1,0,0,0,0,2021-06-09 09:05:02-04:00
1,1,0,0,0,0,2021-06-09 09:14:08-04:00
1,1,0,0,0,0,2021-06-09 09:14:53-04:00
1,1,0,0,0,0,2021-06-09 09:17:12-04:00
4,4,2,0,0,0,2021-06-10 18:13:16-04:00
1,1,1,0,0,0,2021-06-10 18:19:52-04:00
0,0,0,0,0,0,2021-06-10 19:37:08-04:00
0,0,0,0,0,0,2021-06-10 19:40:25-04:00
2,2,0,0,0,0,2021-06-10 19:50:35-04:00
2,2,0,0,0,0,2021-06-10 20:23:46-04:00
0,0,0,0,0,0,2021-06-10 20:31:26-04:00
0,0,0,0,0,0,2021-06-10 20:33:26-04:00
1,1,0,0,0,0,2021-06-10 20:36:48-04:00
0,0,0,0,0,0,2021-06-10 21:20:40-04:00
0,0,0,0,0,0,2021-06-10 21:21:02-04:00
0,0,0,0,0,0,2021-06-10 21:21:38-04:00
0,0,0,0,0,0,2021-06-10 21:23:58-04:00
0,0,0,0,0,0,2021-06-10 21:50:33-04:00
0,0,0,0,0,0,2021-06-10 21:56:35-04:00
0,0,0,0,0,0,2021-06-10 22:21:35-04:00
0,0,0,0,0,0,2021-06-14 10:51:13-04:00
5,3,0,0,0,0,2021-06-14 14:54:30-04:00
0,0,0,0,0,0,2021-06-14 15:03:33-04:00
8,4,1,0,0,0,2021-06-14 18:39:42-04:00
5,6,1,0,0,0,2021-06-14 19:13:05-04:00
0,0,0,0,0,0,2021-06-14 19:14:40-04:00
7,9,1,0,0,0,2021-06-14 19:50:40-04:00
0,0,0,0,0,0,2021-06-14 19:51:08-04:00
0,0,0,0,0,0,2021-06-14 22:16:22-04:00
0,0,0,0,0,0,2021-06-14 22:19:08-04:00
3,1,0,0,0,0,2021-06-14 22:37:57-04:00
0,0,0,0,0,0,2021-06-14 22:39:00-04:00
0,0,0,0,0,0,2021-06-14 22:42:51-04:00
0,0,0,0,0,0,2021-06-14 23:02:07-04:00
0,0,0,0,0,0,2021-06-14 23:13:48-04:00
2,1,0,0,0,0,2021-06-14 23:19:28-04:00
0,0,0,0,0,0,2021-06-14 23:22:53-04:00
1,2,0,0,0,0,2021-06-14 23:45:26-04:00
2,2,0,0,0,0,2021-06-15 13:30:50-04:00
2,2,0,0,0,0,2021-06-15 15:00:40-04:00
1,1,0,0,0,0,2021-06-15 19:19:10-04:00
0,0,0,0,0,0,2021-06-15 19:20:08-04:00
0,0,0,0,0,0,2021-06-15 19:21:23-04:00
3,2,0,0,0,0,2021-06-15 19:44:01-04:00
2,1,0,0,0,0,2021-06-15 20:09:27-04:00
0,0,0,0,0,0,2021-06-15 20:14:57-04:00
3,3,1,0,0,0,2021-06-16 00:27:54-04:00
1,1,0,0,0,0,2021-06-16 00:35:07-04:00
2,3,0,0,0,0,2021-06-16 00:45:21-04:00
1,1,0,0,0,0,2021-06-16 00:47:38-04:00
0,0,0,0,0,0,2021-06-16 00:49:32-04:00
1,1,0,0,0,0,2021-06-16 01:01:13-04:00
0,0,0,0,0,0,2021-06-16 01:04:38-04:00
0,0,0,0,0,0,2021-06-16 21:34:53-04:00
0,0,0,0,0,0,2021-06-16 21:35:40-04:00
1,2,0,0,0,0,2021-06-16 21:53:48-04:00
0,0,0,0,0,0,2021-06-16 21:56:56-04:00
4,2,0,0,0,0,2021-06-16 21:59:46-04:00
0,0,0,0,0,0,2021-06-16 22:01:19-04:00
1,1,0,0,0,0,2021-06-16 22:03:35-04:00
0,0,0,0,0,0,2021-06-16 22:05:52-04:00
0,0,0,0,0,0,2021-06-17 14:56:48-04:00
0,0,0,0,0,0,2021-06-17 15:01:18-04:00
2,1,0,0,0,0,2021-06-17 15:16:41-04:00
0,0,0,0,0,0,2021-06-17 15:24:12-04:00
1,1,0,0,0,0,2021-06-20 23:49:16-04:00
1,1,0,0,0,0,2021-06-20 23:50:59-04:00
1,1,0,0,0,0,2021-06-20 23:51:29-04:00
1,1,0,0,0,0,2021-06-21 00:02:29-04:00
0,0,0,0,0,0,2021-06-21 13:16:07-04:00
0,0,0,0,0,0,2021-06-21 13:19:28-04:00
0,0,0,0,0,0,2021-06-21 13:28:05-04:00
3,2,0,0,0,0,2021-06-21 20:44:48-04:00
5,4,0,0,0,0,2021-06-21 21:05:16-04:00
3,3,0,0,0,0,2021-06-21 21:45:59-04:00
2,2,0,0,0,0,2021-06-21 21:49:41-04:00
1,1,0,0,0,0,2021-06-21 22:11:04-04:00
1,1,0,0,0,0,2021-06-22 09:30:50-04:00
0,0,0,0,0,0,2021-06-22 18:27:21-04:00
3,3,0,0,0,0,2021-06-22 19:34:54-04:00
1,1,0,0,0,0,2021-06-22 20:52:59-04:00
1,1,0,0,0,0,2021-06-22 21:10:04-04:00
1,1,0,0,0,0,2021-06-22 21:11:56-04:00
1,1,0,0,0,0,2021-06-22 21:13:42-04:00
1,1,0,0,0,0,2021-06-22 21:34:01-04:00
1,1,0,0,0,0,2021-06-22 21:35:23-04:00
1,1,0,0,0,0,2021-06-22 21:48:42-04:00
1,1,0,0,0,0,2021-06-22 21:56:45-04:00
1,1,0,0,0,0,2021-06-22 22:35:48-04:00
2,2,0,0,0,0,2021-06-23 15:22:51-04:00
0,0,0,0,0,0,2021-06-23 15:52:15-04:00
0,0,0,0,0,0,2021-06-24 10:36:32-04:00
1,1,1,0,0,0,2021-06-24 10:45:02-04:00
1,1,1,0,0,0,2021-06-24 10:48:12-04:00
1,1,0,0,0,0,2021-06-24 14:38:45-04:00
0,0,0,0,0,0,2021-06-24 14:44:51-04:00
1,1,0,0,0,0,2021-06-24 14:48:52-04:00
2,1,0,0,0,0,2021-06-24 15:35:26-04:00
0,0,0,0,0,0,2021-06-24 15:44:12-04:00
2,1,0,0,0,0,2021-06-24 16:19:02-04:00
1,1,0,0,0,0,2021-06-24 16:56:46-04:00
2,1,0,0,0,0,2021-06-24 17:20:48-04:00
0,0,0,0,0,0,2021-06-24 17:21:18-04:00
0,0,0,0,0,0,2021-06-24 17:32:49-04:00
0,0,0,0,0,0,2021-06-24 17:40:14-04:00
1,1,0,0,0,0,2021-06-24 17:43:45-04:00
1,1,1,0,0,0,2021-06-24 18:22:01-04:00
1,1,1,0,0,0,2021-06-24 21:56:27-04:00
1,0,0,0,0,0,2021-06-24 22:46:24-04:00
1,1,1,0,0,0,2021-06-24 23:00:49-04:00
1,1,0,0,0,0,2021-06-25 00:23:19-04:00
0,0,0,0,0,0,2021-06-25 00:23:52-04:00
1,1,0,0,0,0,2021-06-25 00:33:40-04:00
0,0,0,0,0,0,2021-06-25 00:59:08-04:00
0,0,0,0,0,0,2021-07-01 14:08:33-04:00
0,0,0,0,0,0,2021-07-01 14:11:16-04:00
0,0,0,0,0,0,2021-07-01 14:12:26-04:00
1,1,0,0,0,0,2021-07-01 14:31:01-04:00
0,0,0,0,0,0,2021-07-01 14:33:41-04:00
0,0,0,0,0,0,2021-07-01 14:35:45-04:00
0,0,0,0,0,0,2021-07-01 14:36:56-04:00
0,0,0,0,0,0,2021-07-01 14:40:05-04:00
0,0,0,0,0,0,2021-07-11 10:47:49-04:00
1,1,0,0,0,0,2021-07-16 13:09:27-04:00
0,0,0,0,0,0,2021-07-16 13:13:51-04:00
2,2,0,0,0,0,2021-07-18 21:48:00-04:00
0,0,0,0,0,0,2021-07-18 21:51:21-04:00
1,1,0,0,0,0,2021-07-18 23:54:00-04:00
1,1,0,0,0,0,2021-07-19 10:25:03-04:00
1,1,0,0,0,0,2021-07-19 10:43:59-04:00
1,1,0,0,0,0,2021-07-19 10:45:26-04:00
1,1,0,0,0,0,2021-07-19 10:52:17-04:00
1,1,0,0,0,0,2021-07-19 11:14:07-04:00
1,1,0,0,0,0,2021-07-19 11:14:53-04:00
1,1,0,0,0,0,2021-07-19 11:17:27-04:00
2,2,0,0,0,0,2021-07-19 11:54:44-04:00
1,1,0,0,0,0,2021-07-19 16:35:00-04:00
0,1,0,0,0,0,2021-07-19 16:41:10-04:00
1,1,1,0,0,0,2021-07-19 17:26:27-04:00
1,2,1,0,0,0,2021-07-19 20:30:21-04:00
2,3,0,0,0,0,2021-07-20 13:51:45-04:00
1,1,0,0,0,0,2021-07-20 14:19:48-04:00
1,1,0,0,0,0,2021-07-20 14:24:17-04:00
1,1,0,0,0,0,2021-07-20 14:27:53-04:00
1,1,0,0,0,0,2021-07-20 14:32:30-04:00
1,2,1,0,0,0,2021-07-20 15:08:30-04:00
1,2,0,0,0,0,2021-07-23 15:42:30-04:00
5,2,0,0,0,0,2021-07-29 19:12:15-04:00
2,2,0,0,0,0,2021-07-29 21:09:35-04:00
2,0,0,0,0,0,2021-07-30 01:45:37-04:00
1,1,0,0,0,0,2021-07-30 03:10:41-04:00
0,0,0,0,0,0,2021-07-30 03:11:11-04:00
0,0,0,0,0,0,2021-07-30 03:12:21-04:00
1,0,0,0,0,0,2021-07-30 03:13:59-04:00
0,0,0,0,0,0,2021-07-30 03:45:17-04:00
1,0,0,0,0,0,2021-07-30 03:47:38-04:00
5,2,1,0,0,0,2021-07-30 13:59:32-04:00
0,0,0,0,0,0,2021-07-30 14:00:44-04:00
3,1,1,0,0,0,2021-07-30 14:24:50-04:00
0,0,0,0,0,0,2021-07-30 14:28:04-04:00
2,1,0,0,0,0,2021-07-30 14:57:42-04:00
1,1,0,0,0,0,2021-08-02 08:18:11-04:00
2,1,0,0,0,0,2021-08-02 10:00:48-04:00
0,0,0,0,0,0,2021-08-02 10:03:08-04:00
0,0,0,0,0,0,2021-08-02 10:04:02-04:00
0,0,0,0,0,0,2021-08-02 10:06:25-04:00
1,0,0,0,0,0,2021-08-02 10:16:09-04:00
1,0,0,0,0,0,2021-08-02 10:20:03-04:00
1,1,0,0,0,0,2021-08-02 11:09:43-04:00
1,0,0,0,0,0,2021-08-02 11:25:43-04:00
0,0,0,0,0,0,2021-08-02 11:27:56-04:00
0,0,0,0,0,0,2021-08-02 11:29:17-04:00
0,0,0,0,0,0,2021-08-02 11:33:49-04:00
0,0,0,0,0,0,2021-08-02 11:36:28-04:00
0,0,0,0,0,0,2021-08-02 11:36:47-04:00
0,0,0,0,0,0,2021-08-02 11:52:55-04:00
2,0,0,0,0,0,2021-08-02 12:08:59-04:00
2,1,0,0,0,0,2021-08-02 12:13:27-04:00
1,0,0,0,0,0,2021-08-02 12:22:35-04:00
0,0,0,0,0,0,2021-08-02 12:25:55-04:00
0,0,0,0,0,0,2021-08-02 12:27:16-04:00
0,0,0,0,0,0,2021-08-02 12:30:33-04:00
0,0,0,0,0,0,2021-08-02 12:37:28-04:00
0,0,0,0,0,0,2021-08-02 12:44:31-04:00
1,0,0,0,0,0,2021-08-02 15:56:50-04:00
0,0,0,0,0,0,2021-08-02 16:03:20-04:00
1,0,0,0,0,0,2021-08-02 16:15:37-04:00
0,0,0,0,0,0,2021-08-02 16:28:48-04:00
0,0,0,0,0,0,2021-08-02 17:25:49-04:00
0,0,0,0,0,0,2021-08-02 17:28:24-04:00
0,0,0,0,0,0,2021-08-02 17:29:56-04:00
0,0,0,0,0,0,2021-08-02 17:30:19-04:00
0,0,0,0,0,0,2021-08-02 17:33:31-04:00
0,0,0,0,0,0,2021-08-02 17:35:15-04:00
0,0,0,0,0,0,2021-08-02 17:36:41-04:00
0,0,0,0,0,0,2021-08-02 17:39:11-04:00
0,0,0,0,0,0,2021-08-02 17:41:25-04:00
0,0,0,0,0,0,2021-08-02 17:44:57-04:00
0,0,0,0,0,0,2021-08-02 17:49:15-04:00
0,0,0,0,0,0,2021-08-02 17:50:10-04:00
0,0,0,0,0,0,2021-08-02 17:51:36-04:00
0,0,0,0,0,0,2021-08-02 17:56:39-04:00
0,0,0,0,0,0,2021-08-02 17:57:40-04:00
0,0,0,0,0,0,2021-08-02 18:01:15-04:00
0,1,0,0,0,0,2021-08-03 12:28:43-04:00
0,0,0,0,0,0,2021-08-03 13:00:54-04:00
0,0,0,0,0,0,2021-08-03 13:09:30-04:00
0,0,0,0,0,0,2021-08-03 13:11:03-04:00
0,0,0,0,0,0,2021-08-03 13:18:25-04:00
0,0,0,0,0,0,2021-08-03 13:23:21-04:00
0,0,0,0,0,0,2021-08-03 13:24:54-04:00
0,0,0,0,0,0,2021-08-03 13:30:25-04:00
0,0,0,0,0,0,2021-08-03 13:30:38-04:00
0,0,0,0,0,0,2021-08-03 13:32:15-04:00
0,0,0,0,0,0,2021-08-03 13:32:36-04:00
0,0,0,0,0,0,2021-08-03 13:37:23-04:00
0,0,0,0,0,0,2021-08-03 13:39:27-04:00
0,0,0,0,0,0,2021-08-03 13:39:39-04:00
0,0,0,0,0,0,2021-08-03 13:41:22-04:00
0,0,0,0,0,0,2021-08-03 13:41:35-04:00
0,0,0,0,0,0,2021-08-03 13:42:50-04:00
0,0,0,0,0,0,2021-08-03 13:43:01-04:00
0,0,0,0,0,0,2021-08-03 13:43:28-04:00
0,0,0,0,0,0,2021-08-03 13:43:38-04:00
0,0,0,0,0,0,2021-08-03 13:51:15-04:00
0,0,0,0,0,0,2021-08-03 13:51:27-04:00
0,0,0,0,0,0,2021-08-03 13:55:41-04:00
0,0,0,0,0,0,2021-08-03 13:55:50-04:00
0,0,0,0,0,0,2021-08-03 13:57:06-04:00
0,0,0,0,0,0,2021-08-03 13:57:17-04:00
0,0,0,0,0,0,2021-08-03 13:59:25-04:00
0,0,0,0,0,0,2021-08-03 13:59:35-04:00
0,0,0,0,0,0,2021-08-03 14:02:34-04:00
0,0,0,0,0,0,2021-08-03 14:03:52-04:00
0,0,0,0,0,0,2021-08-03 14:58:21-04:00
0,0,0,0,0,0,2021-08-03 14:59:47-04:00
0,0,0,0,0,0,2021-08-03 15:01:14-04:00
0,0,0,0,0,0,2021-08-03 16:29:58-04:00
0,1,0,0,0,0,2021-08-03 18:35:11-04:00
0,1,0,0,0,0,2021-08-03 20:24:39-04:00
0,1,0,0,0,0,2021-08-03 21:13:00-04:00
3,0,0,0,0,0,2021-08-03 21:13:46-04:00
1,0,0,0,0,0,2021-08-03 21:14:46-04:00
0,0,0,0,0,0,2021-08-03 21:17:21-04:00
2,1,0,0,0,0,2021-08-03 21:20:47-04:00
0,1,0,0,0,0,2021-08-03 21:46:15-04:00
0,0,0,0,0,0,2021-08-03 21:46:42-04:00
1,2,0,0,0,0,2021-08-03 22:10:29-04:00
0,0,0,0,0,0,2021-08-03 22:30:51-04:00
0,0,0,0,0,0,2021-08-03 22:48:27-04:00
1,1,0,0,0,0,2021-08-03 22:56:37-04:00
0,1,0,0,0,0,2021-08-04 00:51:01-04:00
1,1,0,0,0,0,2021-08-05 07:40:08-04:00
12,4,0,0,0,0,2021-08-05 11:11:59-04:00
0,1,0,0,0,0,2021-08-05 13:14:32-04:00
0,0,0,0,0,0,2021-08-05 13:17:02-04:00
0,0,0,0,0,0,2021-08-05 13:17:21-04:00
1,1,0,0,0,0,2021-08-05 13:36:39-04:00
1,1,0,0,0,0,2021-08-05 13:52:21-04:00
3,0,0,0,0,0,2021-08-05 14:11:20-04:00
1,1,0,0,0,0,2021-08-05 14:28:09-04:00
1,1,0,0,0,0,2021-08-05 14:39:15-04:00
0,1,0,0,0,0,2021-08-05 16:10:06-04:00
0,0,0,0,0,0,2021-08-05 16:25:29-04:00
0,0,0,0,0,0,2021-08-05 16:26:58-04:00
0,0,0,0,0,0,2021-08-05 16:27:33-04:00
0,1,0,0,0,0,2021-08-05 17:33:11-04:00
0,1,0,0,0,0,2021-08-05 17:39:41-04:00
0,1,0,0,0,0,2021-08-05 17:41:45-04:00
0,1,0,0,0,0,2021-08-06 00:27:51-04:00
0,1,0,0,0,0,2021-08-06 00:35:15-04:00
0,1,0,0,0,0,2021-08-06 00:42:50-04:00
0,1,0,0,0,0,2021-08-06 00:46:35-04:00
0,1,0,0,0,0,2021-08-06 00:49:09-04:00
0,1,0,0,0,0,2021-08-06 00:58:06-04:00
0,1,0,0,0,0,2021-08-06 00:59:19-04:00
0,1,0,0,0,0,2021-08-06 01:24:39-04:00
0,1,0,0,0,0,2021-08-06 01:25:15-04:00
0,1,0,0,0,0,2021-08-06 01:29:30-04:00
0,1,0,0,0,0,2021-08-06 01:35:19-04:00
0,1,0,0,0,0,2021-08-06 12:49:42-04:00
0,1,0,0,0,0,2021-08-06 12:53:52-04:00
2,2,0,0,0,0,2021-08-06 13:40:06-04:00
0,1,0,0,0,0,2021-08-06 16:13:54-04:00
0,1,0,0,0,0,2021-08-06 16:21:54-04:00
0,1,0,0,0,0,2021-08-06 17:13:43-04:00
0,1,0,0,0,0,2021-08-09 12:31:21-04:00
0,1,0,0,0,0,2021-08-09 13:05:29-04:00
0,2,0,0,0,0,2021-08-09 14:13:36-04:00
1,2,0,0,0,0,2021-08-09 15:52:00-04:00
4,4,0,0,0,0,2021-08-09 18:15:48-04:00
1,0,0,0,0,0,2021-08-09 18:19:42-04:00
1,0,0,0,0,0,2021-08-09 18:28:54-04:00
1,0,0,0,0,0,2021-08-09 18:34:53-04:00
0,0,0,0,0,0,2021-08-09 18:41:29-04:00
0,0,0,0,0,0,2021-08-09 19:10:12-04:00
0,0,0,0,0,0,2021-08-09 22:09:25-04:00
0,0,0,0,0,0,2021-08-09 22:09:44-04:00
0,0,0,0,0,0,2021-08-09 22:13:01-04:00
0,0,0,0,0,0,2021-08-09 22:19:27-04:00
0,0,0,0,0,0,2021-08-09 22:20:55-04:00
0,0,0,0,0,0,2021-08-09 22:29:33-04:00
1,0,0,0,0,0,2021-08-09 22:44:54-04:00
0,0,0,0,0,0,2021-08-09 22:45:13-04:00
0,0,0,0,0,0,2021-08-09 22:54:09-04:00
0,0,0,0,0,0,2021-08-09 23:05:20-04:00
0,0,0,0,0,0,2021-08-09 23:17:08-04:00
0,0,0,0,0,0,2021-08-09 23:27:40-04:00
0,0,0,0,0,0,2021-08-09 23:28:36-04:00
0,0,0,0,0,0,2021-08-09 23:37:18-04:00
6,6,0,0,0,0,2021-08-10 22:35:53-04:00
0,0,0,0,0,0,2021-08-10 22:38:03-04:00
4,3,0,0,0,0,2021-08-10 23:34:52-04:00
0,0,0,0,0,0,2021-08-10 23:37:20-04:00
0,0,0,0,0,0,2021-08-10 23:37:52-04:00
0,0,0,0,0,0,2021-08-10 23:40:24-04:00
0,0,0,0,0,0,2021-08-10 23:42:44-04:00
0,0,0,0,0,0,2021-08-10 23:44:53-04:00
2,2,0,0,0,0,2021-08-12 19:33:41-04:00
1,0,0,0,0,0,2021-08-12 19:43:45-04:00
0,0,0,0,0,0,2021-08-12 19:48:12-04:00
0,0,0,0,0,0,2021-08-12 19:50:21-04:00
1,1,0,0,0,0,2021-08-13 09:26:45-04:00
0,1,0,0,0,0,2021-08-13 15:58:13-04:00
0,0,0,0,0,0,2021-08-13 15:58:33-04:00
1,1,0,0,0,0,2021-08-16 22:24:41-04:00
3,3,1,0,0,0,2021-08-16 22:52:15-04:00
6,4,0,0,0,0,2021-08-16 23:04:57-04:00
0,0,0,0,0,0,2021-08-16 23:07:17-04:00
1,1,1,0,0,0,2021-08-16 23:14:10-04:00
0,0,0,0,0,0,2021-08-16 23:17:22-04:00
1,1,0,0,0,0,2021-08-16 23:33:17-04:00
0,0,0,0,0,0,2021-08-16 23:35:24-04:00
0,0,0,0,0,0,2021-08-16 23:36:08-04:00
0,0,0,0,0,0,2021-08-16 23:55:34-04:00
0,0,0,0,0,0,2021-08-17 00:00:16-04:00
0,0,0,0,0,0,2021-08-17 00:31:19-04:00
1,0,0,0,0,0,2021-08-17 10:33:11-04:00
6,5,1,0,0,0,2021-08-17 11:13:06-04:00
1,1,0,0,0,0,2021-08-17 11:17:55-04:00
3,3,0,0,0,0,2021-08-17 11:40:57-04:00
0,0,0,0,0,0,2021-08-17 12:03:03-04:00
0,0,0,0,0,0,2021-08-17 12:03:17-04:00
0,0,0,0,0,0,2021-08-17 12:16:06-04:00
0,0,0,0,0,0,2021-08-17 12:34:11-04:00
0,0,0,0,0,0,2021-08-17 12:36:25-04:00
0,0,0,0,0,0,2021-08-17 12:41:21-04:00
1,1,1,0,0,0,2021-08-17 13:08:35-04:00
0,0,0,0,0,0,2021-08-17 14:52:24-04:00
0,0,0,0,0,0,2021-08-17 14:57:27-04:00
0,0,0,0,0,0,2021-08-17 15:00:40-04:00
0,0,0,0,0,0,2021-08-17 15:01:37-04:00
0,0,0,0,0,0,2021-08-17 15:06:09-04:00
0,0,0,0,0,0,2021-08-17 15:09:18-04:00
0,0,0,0,0,0,2021-08-17 15:18:33-04:00
0,0,0,0,0,0,2021-08-17 15:19:13-04:00
0,0,0,0,0,0,2021-08-17 15:20:02-04:00
0,0,0,0,0,0,2021-08-17 15:21:57-04:00
0,0,0,0,0,0,2021-08-17 15:22:59-04:00
0,0,0,0,0,0,2021-08-17 15:24:09-04:00
0,0,0,0,0,0,2021-08-17 15:24:35-04:00
0,0,0,0,0,0,2021-08-17 15:25:41-04:00
0,0,0,0,0,0,2021-08-17 15:28:47-04:00
0,0,0,0,0,0,2021-08-17 15:32:07-04:00
0,0,0,0,0,0,2021-08-17 15:34:08-04:00
0,0,0,0,0,0,2021-08-17 15:40:25-04:00
0,0,0,0,0,0,2021-08-17 15:46:04-04:00
0,0,0,0,0,0,2021-08-17 15:49:55-04:00
0,0,0,0,0,0,2021-08-17 15:51:56-04:00
0,0,0,0,0,0,2021-08-17 15:53:01-04:00
0,0,0,0,0,0,2021-08-17 15:54:28-04:00
0,0,0,0,0,0,2021-08-17 15:54:52-04:00
0,0,0,0,0,0,2021-08-17 15:55:39-04:00
0,0,0,0,0,0,2021-08-17 15:57:17-04:00
0,0,0,0,0,0,2021-08-17 15:59:12-04:00
0,0,0,0,0,0,2021-08-17 16:01:59-04:00
0,0,0,0,0,0,2021-08-17 16:03:22-04:00
0,0,0,0,0,0,2021-08-17 16:04:26-04:00
0,0,0,0,0,0,2021-08-17 16:22:05-04:00
0,0,0,0,0,0,2021-08-17 16:32:41-04:00
0,0,0,0,0,0,2021-08-17 16:34:34-04:00
0,0,0,0,0,0,2021-08-17 16:37:07-04:00
0,0,0,0,0,0,2021-08-17 16:39:32-04:00
0,0,0,0,0,0,2021-08-17 16:44:25-04:00
0,0,0,0,0,0,2021-08-17 16:55:27-04:00
0,0,0,0,0,0,2021-08-17 17:03:35-04:00
0,0,0,0,0,0,2021-08-17 17:05:01-04:00
0,0,0,0,0,0,2021-08-17 17:08:33-04:00
0,0,0,0,0,0,2021-08-17 17:15:01-04:00
0,0,0,0,0,0,2021-08-17 17:24:52-04:00
0,0,0,0,0,0,2021-08-17 17:26:14-04:00
2,0,0,0,0,0,2021-08-18 02:15:13-04:00
0,0,0,0,0,0,2021-08-18 02:19:29-04:00
0,1,0,0,0,0,2021-08-18 17:51:22-04:00
0,1,0,0,0,0,2021-08-18 17:56:31-04:00
0,1,0,0,0,0,2021-08-18 18:02:36-04:00
1,0,0,0,0,0,2021-09-08 11:36:35-04:00
3,3,0,0,0,0,2021-09-15 02:06:33-04:00
0,0,0,0,0,0,2021-09-15 11:06:27-04:00
2,2,1,0,0,0,2021-09-15 11:42:57-04:00
0,0,0,0,0,0,2021-09-15 11:45:20-04:00
0,0,0,0,0,0,2021-09-15 18:06:27-04:00
0,0,0,0,0,0,2021-09-15 18:13:48-04:00
0,0,0,0,0,0,2021-09-16 02:04:34-04:00
0,0,0,0,0,0,2021-09-16 02:08:37-04:00
2,3,0,0,0,0,2021-09-16 14:46:44-04:00
0,0,0,0,0,0,2021-09-16 15:00:15-04:00
0,0,0,0,0,0,2021-09-17 11:44:57-04:00
0,0,0,0,0,0,2021-09-17 11:45:44-04:00
4,3,1,0,0,0,2021-09-17 13:50:16-04:00
1,0,0,0,0,0,2021-09-17 15:36:59-04:00
0,0,0,0,0,0,2021-09-17 15:39:42-04:00
0,0,0,0,0,0,2021-09-17 16:36:44-04:00
0,0,0,0,0,0,2021-09-17 16:38:57-04:00
0,0,0,0,0,0,2021-09-17 16:40:11-04:00
0,0,0,0,0,0,2021-09-17 16:45:56-04:00
0,0,0,0,0,0,2021-09-17 16:52:22-04:00
0,0,0,0,0,0,2021-09-17 16:54:51-04:00
0,0,0,0,0,0,2021-09-17 16:57:34-04:00
0,0,0,0,0,0,2021-09-17 16:58:25-04:00
0,0,0,0,0,0,2021-09-17 16:59:16-04:00
0,0,0,0,0,0,2021-09-17 17:05:48-04:00
0,0,0,0,0,0,2021-09-17 17:09:02-04:00
1,0,0,0,0,0,2021-09-17 17:11:46-04:00
0,0,0,0,0,0,2021-09-17 17:12:41-04:00
0,0,0,0,0,0,2021-09-17 17:18:04-04:00
0,0,0,0,0,0,2021-09-17 17:26:20-04:00
0,0,0,0,0,0,2021-09-17 17:27:18-04:00
0,0,0,0,0,0,2021-09-17 17:30:18-04:00
0,0,0,0,0,0,2021-09-17 17:32:03-04:00
0,0,0,0,0,0,2021-09-17 17:36:35-04:00
2,3,1,0,0,0,2021-09-21 17:54:19-04:00
1,1,0,0,0,0,2021-09-21 18:09:28-04:00
1,0,0,0,0,0,2021-09-21 18:14:48-04:00
1,1,0,0,0,0,2021-09-21 22:18:55-04:00
16,11,0,0,0,0,2021-09-21 23:58:00-04:00
0,0,0,0,0,0,2021-09-23 22:02:33-04:00
2,2,0,1,0,0,2021-09-23 23:29:04-04:00
0,1,0,1,0,0,2021-09-23 23:42:26-04:00
0,1,0,1,0,0,2021-09-23 23:59:23-04:00
1,1,0,0,0,0,2021-09-24 00:16:32-04:00
0,1,0,1,0,0,2021-09-24 12:44:25-04:00
0,0,0,0,0,0,2021-09-24 12:48:19-04:00
0,0,0,0,0,0,2021-09-24 12:49:17-04:00
0,0,0,0,0,0,2021-09-24 12:55:21-04:00
0,0,0,0,0,0,2021-09-24 12:55:44-04:00
1,0,0,0,0,0,2021-09-24 12:58:02-04:00
1,0,0,0,0,0,2021-09-24 12:59:41-04:00
0,0,0,0,0,0,2021-09-24 13:11:25-04:00
0,0,0,0,0,0,2021-09-24 13:17:00-04:00
2,0,0,0,0,0,2021-09-24 13:30:08-04:00
4,1,1,0,0,0,2021-09-24 15:04:34-04:00
0,0,0,0,0,0,2021-09-24 15:13:47-04:00
0,0,0,0,0,0,2021-09-24 16:44:33-04:00
3,2,1,0,0,0,2021-09-24 17:08:57-04:00
0,0,0,0,0,0,2021-09-24 17:10:58-04:00
2,2,1,0,0,0,2021-09-24 17:20:03-04:00
0,0,0,0,0,0,2021-09-26 21:00:13-04:00
0,0,0,0,0,0,2021-09-26 21:04:47-04:00
0,0,0,0,0,0,2021-09-26 21:07:50-04:00
0,0,0,0,0,0,2021-09-26 21:13:39-04:00
7,3,0,0,0,0,2021-09-26 21:39:31-04:00
1,0,0,0,0,0,2021-09-26 21:48:44-04:00
2,2,0,0,0,0,2021-09-26 23:13:50-04:00
1,1,0,0,0,0,2021-09-26 23:18:37-04:00
1,1,0,0,0,0,2021-09-26 23:24:37-04:00
5,4,3,0,0,0,2021-09-26 23:32:06-04:00
2,2,0,0,0,0,2021-09-26 23:44:25-04:00
1,1,0,0,0,0,2021-09-26 23:49:56-04:00
1,1,0,0,0,0,2021-09-27 00:11:29-04:00
1,1,0,0,0,0,2021-09-27 00:15:28-04:00
0,1,0,0,0,0,2021-09-27 12:36:43-04:00
0,1,0,0,0,0,2021-09-27 12:41:30-04:00
0,1,0,0,0,0,2021-09-27 12:45:30-04:00
2,1,0,0,0,0,2021-09-27 13:20:30-04:00
0,0,0,0,0,0,2021-09-27 13:30:25-04:00
1,0,0,0,0,0,2021-10-08 01:12:34-04:00
0,0,0,0,0,0,2021-10-08 01:19:28-04:00
0,0,0,0,0,0,2021-10-08 01:25:32-04:00
0,0,0,0,0,0,2021-10-08 01:35:52-04:00
0,0,0,0,0,0,2021-10-08 01:39:09-04:00
0,0,0,0,0,0,2021-10-08 01:39:41-04:00
0,0,0,0,0,0,2021-10-08 01:40:38-04:00
0,0,0,0,0,0,2021-10-08 01:45:45-04:00
0,0,0,0,0,0,2021-10-08 01:46:32-04:00
1,1,0,1,0,0,2021-10-13 09:00:00-04:00
1,1,0,0,0,0,2021-10-14 14:21:32-04:00
2,1,0,0,0,0,2021-10-14 14:46:43-04:00
2,1,0,0,0,0,2021-10-14 21:10:41-04:00
0,0,0,0,0,0,2021-10-15 00:20:48-04:00
1,1,0,0,0,0,2021-10-18 18:00:22-04:00
1,0,0,0,0,0,2021-10-18 18:03:18-04:00
2,0,0,0,0,0,2021-10-18 18:05:01-04:00
6,4,1,0,0,0,2021-10-19 00:37:38-04:00
4,4,0,0,0,0,2021-10-19 00:45:46-04:00
2,0,0,0,0,0,2021-10-19 00:52:57-04:00
10,6,0,0,0,0,2021-10-19 01:58:13-04:00
2,0,0,0,0,0,2021-10-19 02:09:43-04:00
1,0,0,0,0,0,2021-10-19 02:09:52-04:00
5,1,0,0,0,0,2021-10-19 02:30:29-04:00
1,4,0,0,0,0,2021-10-19 02:42:00-04:00
8,7,2,0,0,0,2021-10-19 03:04:52-04:00
0,0,0,0,0,0,2021-10-19 03:09:56-04:00
1,0,0,0,0,0,2021-10-19 03:16:10-04:00
0,0,0,0,0,0,2021-10-19 10:41:33-04:00
0,0,0,0,0,0,2021-10-19 10:47:44-04:00
4,3,0,0,0,0,2021-10-19 11:24:00-04:00
0,0,0,0,0,0,2021-10-19 11:24:36-04:00
1,0,0,0,0,0,2021-10-19 11:26:42-04:00
0,0,0,0,0,0,2021-10-19 11:30:12-04:00
2,0,0,0,0,0,2021-10-19 11:35:33-04:00
2,4,1,0,0,0,2021-10-19 19:32:26-04:00
3,0,0,0,0,0,2021-10-19 20:37:55-04:00
2,1,1,0,0,0,2021-10-19 20:53:00-04:00
0,0,0,0,0,0,2021-10-19 21:00:32-04:00
3,2,0,0,0,0,2021-10-20 11:07:06-04:00
4,1,0,0,0,0,2021-10-20 11:12:53-04:00
0,0,0,0,0,0,2021-10-20 19:25:27-04:00
1,0,0,0,0,0,2021-10-20 19:37:55-04:00
0,0,0,0,0,0,2021-10-21 20:35:17-04:00
0,1,1,0,0,0,2021-10-21 21:18:41-04:00
0,0,0,0,0,0,2021-10-21 21:56:18-04:00
0,0,0,0,0,0,2021-10-21 22:14:10-04:00
0,0,0,0,0,0,2021-10-21 22:23:54-04:00
2,1,0,0,0,0,2021-10-21 23:46:54-04:00
0,0,0,0,0,0,2021-10-21 23:58:39-04:00
5,1,0,0,0,0,2021-10-22 00:09:23-04:00
0,0,0,0,0,0,2021-10-22 00:24:16-04:00
5,1,0,0,0,0,2021-10-25 13:07:05-04:00
0,0,0,0,0,0,2021-10-25 13:25:36-04:00
11,7,0,0,0,0,2021-10-26 03:19:34-04:00
0,0,0,0,0,0,2021-10-26 03:19:47-04:00
1,1,0,0,0,0,2021-10-26 12:05:43-04:00
1,1,0,0,0,0,2021-10-26 12:07:44-04:00
6,11,2,0,0,0,2021-10-26 12:37:39-04:00
1,3,0,0,0,0,2021-10-26 12:42:09-04:00
7,7,3,0,0,0,2021-10-26 12:51:52-04:00
8,8,3,0,0,0,2021-10-26 12:59:41-04:00
0,2,0,0,0,0,2021-10-26 14:11:32-04:00
1,1,0,0,0,0,2021-10-26 14:19:31-04:00
1,1,0,0,0,0,2021-10-26 14:21:20-04:00
1,1,0,0,0,0,2021-10-26 14:32:10-04:00
0,0,0,0,0,0,2021-10-26 14:34:08-04:00
0,0,0,0,0,0,2021-10-26 14:48:39-04:00
0,0,0,0,0,0,2021-10-26 14:50:54-04:00
0,0,0,0,0,0,2021-10-26 14:52:56-04:00
0,0,0,0,0,0,2021-10-26 15:02:53-04:00
2,2,0,0,0,0,2021-10-26 15:20:42-04:00
1,1,0,0,0,0,2021-10-26 15:27:12-04:00
4,4,0,0,0,0,2021-10-27 00:58:41-04:00
0,0,0,0,0,0,2021-10-27 09:22:23-04:00
0,0,0,0,0,0,2021-10-27 09:47:20-04:00
3,2,0,0,0,0,2021-10-27 10:22:12-04:00
1,0,0,0,0,0,2021-10-27 11:19:02-04:00
0,0,0,0,0,0,2021-10-27 11:34:21-04:00
0,0,0,0,0,0,2021-10-27 11:46:04-04:00
0,0,0,0,0,0,2021-10-27 11:48:22-04:00
0,0,0,0,0,0,2021-10-27 11:50:18-04:00
0,0,0,0,0,0,2021-10-27 11:53:32-04:00
0,0,0,0,0,0,2021-10-27 15:54:40-04:00
0,0,0,0,0,0,2021-10-27 16:01:03-04:00
0,0,0,0,0,0,2021-10-27 16:03:39-04:00
0,0,0,0,0,0,2021-10-27 16:24:00-04:00
0,0,0,0,0,0,2021-10-27 22:10:15-04:00
0,0,0,0,0,0,2021-10-27 22:13:03-04:00
0,0,0,0,0,0,2021-10-27 22:16:22-04:00
0,0,0,0,0,0,2021-10-27 22:21:09-04:00
0,0,0,0,0,0,2021-10-27 22:25:36-04:00
0,0,0,0,0,0,2021-10-27 22:31:36-04:00
1,0,0,0,0,0,2021-10-27 22:45:34-04:00
0,0,0,0,0,0,2021-10-27 22:51:32-04:00
2,0,0,0,0,0,2021-11-14 17:30:51-05:00
1,0,0,0,0,0,2021-11-14 17:39:03-05:00
1,0,0,0,0,0,2021-11-14 17:41:02-05:00
0,0,0,0,0,0,2021-11-14 17:53:40-05:00
3,1,0,0,0,0,2021-11-14 20:03:49-05:00
0,0,0,0,0,0,2021-11-14 20:11:06-05:00
0,0,0,0,0,0,2021-11-14 20:35:33-05:00
0,0,0,0,0,0,2021-11-14 20:36:20-05:00
0,0,0,0,0,0,2021-11-14 20:50:45-05:00
0,0,0,0,0,0,2021-11-14 20:52:47-05:00
0,0,0,0,0,0,2021-11-14 20:58:54-05:00
0,0,0,0,0,0,2021-11-14 21:01:49-05:00
0,0,0,0,0,0,2021-11-14 21:13:09-05:00
0,0,0,0,0,0,2021-11-14 21:15:46-05:00
0,0,0,0,0,0,2021-11-14 21:17:32-05:00
0,0,0,0,0,0,2021-11-14 21:19:23-05:00
0,0,0,0,0,0,2021-11-14 21:21:10-05:00
0,0,0,0,0,0,2021-11-14 21:26:42-05:00
0,0,0,0,0,0,2021-11-14 21:29:21-05:00
0,0,0,0,0,0,2021-11-14 21:32:09-05:00
0,0,0,0,0,0,2021-11-14 21:33:25-05:00
0,0,0,0,0,0,2021-11-14 21:34:50-05:00
0,0,0,0,0,0,2021-11-14 21:36:50-05:00
0,0,0,0,0,0,2021-11-14 21:41:59-05:00
0,0,0,0,0,0,2021-11-15 00:46:00-05:00
1,0,0,0,0,0,2021-11-15 00:56:32-05:00
0,1,0,0,0,0,2021-11-15 01:53:55-05:00
2,1,1,0,0,0,2021-11-15 14:53:36-05:00
0,0,0,0,0,0,2021-11-15 14:54:57-05:00
0,0,0,0,0,0,2021-11-15 15:00:30-05:00
1,0,0,0,0,0,2021-11-15 15:28:48-05:00
0,0,0,0,0,0,2021-11-15 15:40:49-05:00
0,0,0,0,0,0,2021-11-15 15:47:39-05:00
4,3,2,0,0,0,2021-11-15 16:24:39-05:00
0,0,0,0,0,0,2021-11-15 16:33:13-05:00
0,1,1,0,0,0,2021-11-15 18:14:22-05:00
1,2,1,0,0,0,2021-11-15 18:54:41-05:00
0,0,0,0,0,0,2021-11-18 11:50:20-05:00
0,0,0,0,0,0,2021-11-18 11:51:18-05:00
0,0,0,0,0,0,2021-11-18 11:53:17-05:00
0,0,0,0,0,0,2021-11-18 11:58:52-05:00
0,0,0,0,0,0,2021-11-18 12:15:14-05:00
0,0,0,0,0,0,2021-11-18 12:19:08-05:00
0,1,0,0,0,0,2021-11-18 15:48:27-05:00
0,0,0,0,0,0,2021-11-18 16:37:34-05:00
0,4,1,0,0,0,2021-12-16 18:54:36-05:00
0,0,0,0,0,0,2021-12-16 19:13:09-05:00
0,0,0,0,0,0,2021-12-16 19:28:49-05:00
0,0,0,0,0,0,2021-12-16 19:29:28-05:00
0,0,0,0,0,0,2021-12-16 19:30:54-05:00
0,0,0,0,0,0,2021-12-16 19:37:52-05:00
0,2,0,0,0,0,2022-03-14 18:42:35-04:00
1,0,0,0,0,0,2022-03-15 11:16:16-04:00
0,0,0,0,0,0,2022-03-15 11:18:53-04:00
1,1,0,0,0,0,2022-03-15 11:37:57-04:00
0,0,0,0,0,0,2022-03-15 11:51:42-04:00
0,1,0,0,0,0,2022-03-15 11:53:59-04:00
0,1,0,0,0,0,2022-03-15 14:20:36-04:00
0,0,0,0,0,0,2022-03-18 09:52:40-04:00
0,0,0,0,0,0,2022-03-18 11:09:15-04:00
0,0,0,0,0,0,2022-03-18 11:10:54-04:00
0,0,0,0,0,0,2022-03-18 11:14:33-04:00
0,0,0,0,0,0,2022-03-18 11:17:21-04:00
0,0,0,0,0,0,2022-03-18 11:18:49-04:00
0,0,0,0,0,0,2022-03-18 11:34:12-04:00
2,0,0,0,0,0,2022-03-18 12:11:19-04:00
1,0,0,0,0,0,2022-03-18 12:21:26-04:00
1,0,0,0,0,0,2022-03-18 12:35:08-04:00
1,0,0,0,0,0,2022-03-18 12:38:27-04:00
0,0,0,0,0,0,2022-03-18 13:01:39-04:00
2,1,0,0,0,0,2022-03-18 14:04:46-04:00
1,0,0,0,0,0,2022-03-18 14:10:06-04:00
0,0,0,0,0,0,2022-03-18 14:17:27-04:00
0,0,0,0,0,0,2022-03-18 14:26:28-04:00
0,0,0,0,0,0,2022-03-18 14:27:57-04:00
0,0,0,0,0,0,2022-03-18 14:28:53-04:00
1,0,0,0,0,0,2022-03-18 14:34:50-04:00
0,0,0,0,0,0,2022-03-18 14:36:45-04:00
0,0,0,0,0,0,2022-03-21 20:46:32-04:00
1,0,0,0,0,0,2022-03-21 20:54:11-04:00
1,0,0,0,0,0,2022-03-21 20:54:58-04:00
1,0,0,0,0,0,2022-03-21 20:55:52-04:00
0,0,0,0,0,0,2022-03-21 22:08:15-04:00
0,0,0,0,0,0,2022-03-21 22:29:37-04:00
0,0,0,0,0,0,2022-03-21 22:30:07-04:00
2,1,0,0,0,0,2022-03-22 16:55:24-04:00
2,1,0,0,0,0,2022-03-23 16:28:43-04:00
2,1,0,0,0,0,2022-03-23 17:53:39-04:00
1,1,0,0,0,0,2022-03-23 18:38:25-04:00
1,0,0,0,0,0,2022-03-23 18:40:05-04:00
1,0,0,0,0,0,2022-03-23 18:40:36-04:00
0,0,0,0,0,0,2022-03-23 19:16:16-04:00
2,1,0,0,0,0,2022-03-24 01:52:51-04:00
0,0,0,0,0,0,2022-03-24 02:11:45-04:00
0,0,0,0,0,0,2022-03-24 13:00:53-04:00
2,1,0,0,0,0,2022-03-24 13:22:35-04:00
0,0,0,0,0,0,2022-03-24 13:31:56-04:00
0,0,0,0,0,0,2022-03-24 13:35:27-04:00
0,0,0,0,0,0,2022-03-24 13:47:21-04:00
0,0,0,0,0,0,2022-03-29 14:02:25-04:00
6,6,0,0,0,0,2022-03-29 14:55:56-04:00
7,5,0,0,0,0,2022-03-29 16:36:46-04:00
1,0,0,0,0,0,2022-03-29 16:46:23-04:00
3,1,0,0,0,0,2022-03-30 11:52:43-04:00
0,0,0,0,0,0,2022-03-31 13:07:27-04:00
0,0,0,0,0,0,2022-03-31 13:20:37-04:00
0,0,0,0,0,0,2022-03-31 13:37:18-04:00
1,1,0,0,0,0,2022-03-31 14:00:30-04:00
0,0,0,0,0,0,2022-03-31 14:08:30-04:00
1,1,0,0,0,0,2022-03-31 14:09:24-04:00
0,0,0,0,0,0,2022-03-31 16:02:22-04:00
0,0,0,0,0,0,2022-03-31 16:03:24-04:00
1,1,0,0,0,0,2022-03-31 16:51:04-04:00
0,0,0,0,0,0,2022-03-31 16:53:42-04:00
1,1,0,0,0,0,2022-03-31 17:02:34-04:00
0,0,0,0,0,0,2022-03-31 17:04:29-04:00
0,0,0,0,0,0,2022-03-31 17:07:17-04:00
1,1,0,0,0,0,2022-03-31 17:09:43-04:00
1,2,0,0,0,0,2022-04-01 16:08:57-04:00
0,0,0,0,0,0,2022-04-01 16:28:27-04:00
0,0,0,0,0,0,2022-04-01 16:41:20-04:00
1,0,0,0,0,0,2022-04-01 16:46:04-04:00
0,0,0,0,0,0,2022-04-01 16:53:17-04:00
1,1,0,0,0,0,2022-04-04 11:01:55-04:00
0,1,0,0,0,0,2022-04-04 11:25:05-04:00
0,0,0,0,0,0,2022-04-04 11:40:16-04:00
0,0,0,0,0,0,2022-04-04 12:07:25-04:00
0,0,0,0,0,0,2022-04-04 12:15:53-04:00
0,0,0,0,0,0,2022-04-04 16:19:59-04:00
1,0,0,0,0,0,2022-04-05 01:01:20-04:00
0,0,0,0,0,0,2022-04-05 01:04:50-04:00
0,0,0,0,0,0,2022-04-05 01:09:37-04:00
1,0,0,0,0,0,2022-04-05 17:56:46-04:00
1,0,0,0,0,0,2022-04-06 00:06:12-04:00
0,0,0,0,0,0,2022-04-06 00:22:43-04:00
0,0,0,0,0,0,2022-04-06 00:23:02-04:00
0,0,0,0,0,0,2022-04-06 00:27:04-04:00
0,0,0,0,0,0,2022-04-06 00:28:13-04:00
0,0,0,0,0,0,2022-04-06 00:41:58-04:00
0,0,0,0,0,0,2022-04-06 00:49:03-04:00
0,0,0,0,0,0,2022-04-06 00:50:37-04:00
0,0,0,0,0,0,2022-04-06 00:52:33-04:00
0,0,0,0,0,0,2022-04-06 00:53:07-04:00
0,0,0,0,0,0,2022-04-06 00:54:54-04:00
0,0,0,0,0,0,2022-04-06 00:58:19-04:00
0,0,0,0,0,0,2022-04-06 01:00:32-04:00
0,0,0,0,0,0,2022-04-06 01:02:45-04:00
0,0,0,0,0,0,2022-04-06 01:03:25-04:00
0,0,0,0,0,0,2022-04-06 01:04:51-04:00
0,0,0,0,0,0,2022-04-06 01:08:10-04:00
0,0,0,0,0,0,2022-04-06 01:15:47-04:00
0,0,0,0,0,0,2022-04-06 01:24:27-04:00
0,0,0,0,0,0,2022-04-06 01:30:47-04:00
0,0,0,0,0,0,2022-04-06 01:32:55-04:00
0,0,0,0,0,0,2022-04-06 02:09:25-04:00
0,0,0,0,0,0,2022-04-06 13:51:57-04:00
0,0,0,0,0,0,2022-04-06 14:06:41-04:00
0,0,0,0,0,0,2022-04-06 14:07:05-04:00
0,0,0,0,0,0,2022-04-06 14:16:31-04:00
0,0,0,0,0,0,2022-04-06 14:18:59-04:00
0,0,0,0,0,0,2022-04-06 14:21:57-04:00
0,0,0,0,0,0,2022-04-06 14:23:50-04:00
0,0,0,0,0,0,2022-04-06 14:25:13-04:00
0,0,0,0,0,0,2022-04-06 14:26:38-04:00
0,0,0,0,0,0,2022-04-06 14:38:07-04:00
0,0,0,0,0,0,2022-04-06 14:52:04-04:00
0,0,0,0,0,0,2022-04-06 15:42:39-04:00
0,0,0,0,0,0,2022-04-06 17:36:58-04:00
0,0,0,0,0,0,2022-04-06 17:42:39-04:00
0,0,0,0,0,0,2022-04-06 17:45:50-04:00
0,0,0,0,0,0,2022-04-06 17:52:30-04:00
0,0,0,0,0,0,2022-04-06 21:22:00-04:00
0,0,0,0,0,0,2022-04-06 21:29:19-04:00
0,0,0,0,0,0,2022-04-06 21:37:17-04:00
0,0,0,0,0,0,2022-04-06 21:49:36-04:00
0,0,0,0,0,0,2022-04-06 22:10:22-04:00
0,0,0,0,0,0,2022-04-06 22:24:02-04:00
0,0,0,0,0,0,2022-04-06 22:28:18-04:00
0,0,0,0,0,0,2022-04-06 22:45:45-04:00
0,0,0,0,0,0,2022-04-06 22:56:13-04:00
0,0,0,0,0,0,2022-04-06 23:10:19-04:00
0,0,0,0,0,0,2022-04-06 23:29:48-04:00
0,0,0,0,0,0,2022-04-06 23:34:37-04:00
0,0,0,0,0,0,2022-04-06 23:38:36-04:00
0,0,0,0,0,0,2022-04-06 23:40:39-04:00
0,0,0,0,0,0,2022-04-06 23:42:29-04:00
0,0,0,0,0,0,2022-04-07 13:49:18-04:00
0,0,0,0,0,0,2022-04-07 13:50:01-04:00
0,0,0,0,0,0,2022-04-07 14:29:51-04:00
0,0,0,0,0,0,2022-04-07 14:31:25-04:00
0,0,0,0,0,0,2022-04-07 15:13:02-04:00
0,0,0,0,0,0,2022-04-07 15:13:17-04:00
0,0,0,0,0,0,2022-04-07 15:30:56-04:00
0,0,0,0,0,0,2022-04-07 15:31:30-04:00
0,0,0,0,0,0,2022-04-07 15:34:35-04:00
0,0,0,0,0,0,2022-04-07 15:34:50-04:00
0,0,0,0,0,0,2022-04-07 15:43:02-04:00
0,0,0,0,0,0,2022-04-07 15:43:12-04:00
0,0,0,0,0,0,2022-04-07 16:10:45-04:00
0,0,0,0,0,0,2022-04-07 16:10:56-04:00
0,0,0,0,0,0,2022-04-07 16:11:18-04:00
0,0,0,0,0,0,2022-04-07 16:11:23-04:00
0,0,0,0,0,0,2022-04-07 16:13:22-04:00
0,0,0,0,0,0,2022-04-07 16:15:11-04:00
0,0,0,0,0,0,2022-04-07 16:15:24-04:00
0,0,0,0,0,0,2022-04-07 16:16:13-04:00
0,0,0,0,0,0,2022-04-07 16:16:23-04:00
0,0,0,0,0,0,2022-04-07 16:16:37-04:00
0,0,0,0,0,0,2022-04-07 16:19:14-04:00
0,0,0,0,0,0,2022-04-07 16:19:39-04:00
0,0,0,0,0,0,2022-04-07 16:19:54-04:00
0,0,0,0,0,0,2022-04-07 16:20:17-04:00
0,0,0,0,0,0,2022-04-07 16:20:49-04:00
0,0,0,0,0,0,2022-04-07 16:24:39-04:00
0,0,0,0,0,0,2022-04-07 16:24:55-04:00
0,0,0,0,0,0,2022-04-07 16:25:12-04:00
0,0,0,0,0,0,2022-04-07 17:11:20-04:00
0,0,0,0,0,0,2022-04-07 17:12:04-04:00
0,0,0,0,0,0,2022-04-07 17:23:06-04:00
0,0,0,0,0,0,2022-04-07 17:24:15-04:00
0,0,0,0,0,0,2022-04-07 17:24:32-04:00
0,0,0,0,0,0,2022-04-07 17:30:27-04:00
0,0,0,0,0,0,2022-04-07 17:34:29-04:00
0,0,0,0,0,0,2022-04-07 17:36:05-04:00
0,0,0,0,0,0,2022-04-07 17:36:59-04:00
0,0,0,0,0,0,2022-04-07 17:45:15-04:00
0,0,0,0,0,0,2022-04-07 17:46:26-04:00
0,0,0,0,0,0,2022-04-07 17:51:16-04:00
0,0,0,0,0,0,2022-04-07 17:57:33-04:00
0,0,0,0,0,0,2022-04-07 17:58:30-04:00
0,0,0,0,0,0,2022-04-07 17:59:42-04:00
0,0,0,0,0,0,2022-04-07 18:08:20-04:00
0,0,0,0,0,0,2022-04-07 18:11:07-04:00
0,0,0,0,0,0,2022-04-07 18:21:11-04:00
0,0,0,0,0,0,2022-04-07 18:23:33-04:00
0,0,0,0,0,0,2022-04-07 21:42:06-04:00
0,0,0,0,0,0,2022-04-07 21:45:45-04:00
0,0,0,0,0,0,2022-04-07 21:48:21-04:00
0,0,0,0,0,0,2022-04-07 21:52:39-04:00
0,1,0,0,0,0,2022-04-14 15:17:46-04:00
3,3,0,0,0,0,2022-04-14 15:26:08-04:00
0,0,0,0,0,0,2022-04-14 15:29:16-04:00
1,0,0,0,0,0,2022-04-14 16:17:10-04:00
0,1,1,0,0,0,2022-04-14 16:30:52-04:00
0,0,0,0,0,0,2022-04-14 17:45:20-04:00
1,0,0,0,0,0,2022-04-15 13:31:52-04:00
1,0,0,0,0,0,2022-04-15 14:30:57-04:00
2,0,0,0,0,0,2022-04-15 14:37:57-04:00
1,1,0,0,0,0,2022-04-15 14:46:23-04:00
1,0,0,0,0,0,2022-04-15 14:46:33-04:00
5,3,0,0,0,0,2022-04-15 15:53:16-04:00
0,0,0,0,0,0,2022-04-15 16:19:48-04:00
0,0,0,0,0,0,2022-04-15 16:33:41-04:00
0,0,0,0,0,0,2022-04-15 16:37:08-04:00
1,1,0,0,0,0,2022-04-15 16:47:53-04:00
0,0,0,0,0,0,2022-04-15 16:48:33-04:00
0,0,0,0,0,0,2022-04-15 16:51:43-04:00
0,0,0,0,0,0,2022-04-15 16:57:03-04:00
0,0,0,0,0,0,2022-04-15 17:03:29-04:00
0,0,0,0,0,0,2022-04-15 17:13:15-04:00
0,0,0,0,0,0,2022-04-15 17:19:36-04:00
0,0,0,0,0,0,2022-04-15 17:19:56-04:00
0,0,0,0,0,0,2022-04-15 17:26:04-04:00
2,4,3,0,0,0,2022-04-16 00:18:27-04:00
0,3,2,0,0,0,2022-04-16 00:27:50-04:00
0,0,0,0,0,0,2022-04-16 00:28:59-04:00
0,0,0,0,0,0,2022-04-16 00:29:32-04:00
0,0,0,0,0,0,2022-04-16 01:01:12-04:00
1,0,0,0,0,0,2022-04-19 13:09:49-04:00
3,2,0,0,0,0,2022-04-19 20:11:15-04:00
0,0,0,0,0,0,2022-04-20 01:17:08-04:00
0,0,0,0,0,0,2022-04-20 01:46:47-04:00
0,0,0,0,0,0,2022-04-20 11:48:54-04:00
0,0,0,0,0,0,2022-04-20 11:52:32-04:00
0,0,0,0,0,0,2022-04-20 11:54:31-04:00
0,0,0,0,0,0,2022-04-20 12:02:00-04:00
0,0,0,0,0,0,2022-04-20 12:02:47-04:00
0,0,0,0,0,0,2022-04-20 12:04:02-04:00
0,0,0,0,0,0,2022-04-20 12:06:13-04:00
0,0,0,0,0,0,2022-04-20 12:07:04-04:00
0,0,0,0,0,0,2022-04-20 12:10:27-04:00
0,0,0,0,0,0,2022-04-20 12:12:59-04:00
0,0,0,0,0,0,2022-04-20 12:20:13-04:00
0,0,0,0,0,0,2022-04-20 12:21:57-04:00
0,0,0,0,0,0,2022-04-20 12:25:24-04:00
0,0,0,0,0,0,2022-04-20 13:02:54-04:00
0,0,0,0,0,0,2022-04-20 13:04:14-04:00
0,0,0,0,0,0,2022-04-20 13:17:46-04:00
1,1,0,0,0,0,2022-04-20 13:18:57-04:00
0,0,0,0,0,0,2022-04-20 13:19:58-04:00
0,0,0,0,0,0,2022-04-20 13:20:53-04:00
0,0,0,0,0,0,2022-04-20 13:21:53-04:00
1,1,0,0,0,0,2022-04-20 13:31:13-04:00
0,0,0,0,0,0,2022-04-20 13:31:55-04:00
1,1,0,0,0,0,2022-04-20 13:33:53-04:00
0,0,0,0,0,0,2022-04-20 13:35:36-04:00
0,0,0,0,0,0,2022-04-20 13:36:00-04:00
0,0,0,0,0,0,2022-04-20 13:39:03-04:00
0,0,0,0,0,0,2022-04-20 13:39:52-04:00
0,0,0,0,0,0,2022-04-20 13:47:06-04:00
0,0,0,0,0,0,2022-04-20 13:47:47-04:00
0,0,0,0,0,0,2022-04-20 13:48:28-04:00
0,0,0,0,0,0,2022-04-20 14:13:25-04:00
0,0,0,0,0,0,2022-04-20 14:33:08-04:00
0,0,0,0,0,0,2022-04-20 14:33:45-04:00
0,0,0,0,0,0,2022-04-20 17:40:34-04:00
0,0,0,0,0,0,2022-04-20 17:41:07-04:00
0,0,0,0,0,0,2022-04-20 17:42:57-04:00
0,0,0,0,0,0,2022-04-20 17:46:48-04:00
0,0,0,0,0,0,2022-04-20 21:11:55-04:00
0,0,0,0,0,0,2022-04-20 21:13:06-04:00
0,0,0,0,0,0,2022-04-20 22:20:11-04:00
0,0,0,0,0,0,2022-04-25 13:26:41-04:00
0,0,0,0,0,0,2022-04-25 13:30:29-04:00
0,0,0,0,0,0,2022-04-25 17:55:16-04:00
1,0,0,0,0,0,2022-04-29 14:20:49-04:00
1,0,0,0,0,0,2022-04-29 14:29:05-04:00
0,0,0,0,0,0,2022-04-29 14:32:22-04:00
0,0,0,0,0,0,2022-04-29 14:36:27-04:00
0,0,0,0,0,0,2022-04-29 15:06:10-04:00
3,1,0,0,0,0,2022-05-02 15:09:30-04:00
1,0,0,0,0,0,2022-05-02 15:27:17-04:00
4,6,1,0,0,0,2022-05-02 15:53:26-04:00
1,1,0,0,0,0,2022-05-02 15:55:13-04:00
0,0,0,0,0,0,2022-05-02 16:12:50-04:00
0,0,0,0,0,0,2022-05-02 16:29:02-04:00
0,0,0,0,0,0,2022-05-02 16:36:46-04:00
0,0,0,0,0,0,2022-05-02 16:37:33-04:00
3,2,0,0,0,0,2022-05-02 16:41:24-04:00
0,0,0,0,0,0,2022-05-02 16:43:21-04:00
1,1,0,0,0,0,2022-05-02 16:49:46-04:00
1,0,0,0,0,0,2022-05-02 16:51:57-04:00
1,0,0,0,0,0,2022-05-02 16:54:17-04:00
0,0,0,0,0,0,2022-05-02 17:01:00-04:00
0,0,0,0,0,0,2022-05-02 17:03:02-04:00
1,0,0,0,0,0,2022-05-02 17:04:44-04:00
0,0,0,0,0,0,2022-05-02 17:06:24-04:00
15,14,2,0,0,0,2022-05-03 00:55:21-04:00
0,0,0,0,0,0,2022-05-03 00:58:40-04:00
1,0,0,0,0,0,2022-05-03 01:03:39-04:00
1,1,0,0,0,0,2022-05-03 01:11:16-04:00
1,1,0,0,0,0,2022-05-03 01:18:19-04:00
6,3,0,0,0,0,2022-05-03 14:13:20-04:00
1,1,0,0,0,0,2022-05-03 14:14:45-04:00
0,0,0,0,0,0,2022-05-03 14:20:58-04:00
3,2,0,0,0,0,2022-05-03 16:10:03-04:00
0,0,0,0,0,0,2022-05-03 17:06:13-04:00
7,4,1,0,0,0,2022-05-03 19:27:29-04:00
1,1,0,0,0,0,2022-05-03 19:28:28-04:00
4,6,0,0,0,0,2022-05-03 19:54:50-04:00
1,3,0,0,0,0,2022-05-03 20:16:13-04:00
0,0,0,0,0,0,2022-05-03 20:18:38-04:00
3,1,0,0,0,0,2022-05-04 12:28:19-04:00
2,2,0,0,0,0,2022-05-04 13:22:08-04:00
0,0,0,0,0,0,2022-05-04 13:26:15-04:00
1,0,0,0,0,0,2022-05-04 15:40:58-04:00
0,0,0,0,0,0,2022-05-04 16:46:19-04:00
4,5,1,0,0,0,2022-05-04 17:23:13-04:00
1,1,1,0,0,0,2022-05-04 22:30:23-04:00
10,9,0,0,0,0,2022-05-05 01:07:59-04:00
1,0,0,0,0,0,2022-05-05 01:19:59-04:00
0,0,0,0,0,0,2022-05-05 01:20:59-04:00
2,2,0,0,0,0,2022-05-05 14:47:43-04:00
0,0,0,0,0,0,2022-05-05 14:48:49-04:00
0,0,0,0,0,0,2022-05-05 14:52:47-04:00
0,0,0,0,0,0,2022-05-05 14:57:06-04:00
0,0,0,0,0,0,2022-05-05 15:33:32-04:00
0,0,0,0,0,0,2022-05-05 15:44:08-04:00
0,0,0,0,0,0,2022-05-05 15:47:53-04:00
0,0,0,0,0,0,2022-05-05 15:55:56-04:00
0,0,0,0,0,0,2022-05-05 16:22:35-04:00
0,0,0,0,0,0,2022-05-06 13:36:14-04:00
0,0,0,0,0,0,2022-05-08 14:42:48-04:00
0,0,0,0,0,0,2022-05-08 20:03:58-04:00
0,0,0,0,0,0,2022-05-08 20:06:03-04:00
0,0,0,0,0,0,2022-05-08 20:28:51-04:00
1,0,0,0,0,0,2022-05-08 20:29:16-04:00
0,0,0,0,0,0,2022-05-08 20:33:51-04:00
0,0,0,0,0,0,2022-05-08 20:37:12-04:00
0,0,0,0,0,0,2022-05-08 20:39:52-04:00
0,0,0,0,0,0,2022-05-08 20:42:27-04:00
0,0,0,0,0,0,2022-05-08 20:47:34-04:00
0,0,0,0,0,0,2022-05-08 21:07:21-04:00
1,1,0,0,0,0,2022-05-09 18:04:17-04:00
0,0,0,0,0,0,2022-05-09 18:19:03-04:00
2,2,0,0,0,0,2022-05-09 21:32:11-04:00
2,1,0,0,0,0,2022-05-09 21:47:48-04:00
2,1,0,0,0,0,2022-05-09 21:54:13-04:00
5,8,2,0,0,0,2022-05-09 22:07:46-04:00
0,0,0,0,0,0,2022-05-09 22:09:49-04:00
14,17,2,1,0,0,2022-05-09 22:22:52-04:00
0,0,0,0,0,0,2022-05-09 22:32:42-04:00
0,0,0,0,0,0,2022-05-09 22:33:11-04:00
0,0,0,0,0,0,2022-05-09 22:38:09-04:00
0,0,0,0,0,0,2022-05-09 22:40:03-04:00
0,0,0,0,0,0,2022-05-09 22:43:49-04:00
1,0,0,0,0,0,2022-05-09 22:46:05-04:00
1,0,0,0,0,0,2022-05-09 22:47:16-04:00
0,0,0,0,0,0,2022-05-09 23:00:20-04:00
0,0,0,0,0,0,2022-05-10 16:18:40-04:00
1,0,0,0,0,0,2022-05-11 14:16:46-04:00
1,0,0,0,0,0,2022-05-11 14:17:54-04:00
1,0,0,0,0,0,2022-05-11 14:18:39-04:00
1,1,1,0,0,0,2022-05-11 14:23:16-04:00
0,1,1,0,0,0,2022-05-11 14:25:46-04:00
0,1,1,0,0,0,2022-05-11 14:29:16-04:00
0,0,0,0,0,0,2022-05-11 14:30:35-04:00
0,1,0,0,0,0,2022-05-11 14:32:02-04:00
0,1,1,0,0,0,2022-05-11 14:33:48-04:00
1,1,0,0,0,0,2022-05-11 14:38:20-04:00
0,0,0,0,0,0,2022-05-11 14:39:34-04:00
0,1,1,0,0,0,2022-05-11 14:40:32-04:00
1,2,1,0,0,0,2022-05-11 14:42:15-04:00
0,1,0,0,0,0,2022-05-11 14:43:21-04:00
1,0,0,0,0,0,2022-05-11 14:45:44-04:00
0,1,1,0,0,0,2022-05-11 14:48:17-04:00
0,1,1,0,0,0,2022-05-11 14:53:53-04:00
1,3,1,0,0,0,2022-05-11 15:35:22-04:00
1,2,1,0,0,0,2022-05-11 15:45:10-04:00
0,0,0,0,0,0,2022-05-11 15:50:31-04:00
0,0,0,0,0,0,2022-05-11 16:39:32-04:00
3,3,0,0,0,0,2022-05-12 16:46:28-04:00
2,2,0,0,0,0,2022-05-12 16:53:18-04:00
1,0,0,0,0,0,2022-05-12 16:58:25-04:00
0,0,0,0,0,0,2022-05-12 17:04:14-04:00
0,0,0,0,0,0,2022-05-12 17:05:14-04:00
3,1,0,0,0,0,2022-05-13 17:03:32-04:00
5,5,0,0,0,0,2022-05-15 22:23:06-04:00
0,0,0,0,0,0,2022-05-15 22:43:45-04:00
0,0,0,0,0,0,2022-05-15 22:45:50-04:00
1,1,0,0,0,0,2022-05-15 23:00:48-04:00
0,0,0,0,0,0,2022-05-15 23:08:11-04:00
0,0,0,0,0,0,2022-05-15 23:10:27-04:00
2,0,0,0,0,0,2022-05-15 23:38:57-04:00
1,0,0,0,0,0,2022-05-15 23:40:08-04:00
1,0,0,0,0,0,2022-05-15 23:41:45-04:00
1,0,0,0,0,0,2022-05-15 23:44:12-04:00
1,1,0,0,0,0,2022-05-15 23:55:00-04:00
1,0,0,0,0,0,2022-05-16 00:08:02-04:00
0,0,0,0,0,0,2022-05-16 00:11:51-04:00
1,1,0,0,0,0,2022-05-16 01:23:29-04:00
3,1,0,0,0,0,2022-05-16 01:29:32-04:00
0,0,0,0,0,0,2022-05-16 01:31:16-04:00
1,1,0,0,0,0,2022-05-16 02:27:01-04:00
1,1,0,0,0,0,2022-05-16 02:28:45-04:00
1,1,0,0,0,0,2022-05-16 02:31:45-04:00
0,0,0,0,0,0,2022-05-16 16:54:00-04:00
0,0,0,0,0,0,2022-05-16 16:54:45-04:00
0,0,0,0,0,0,2022-05-16 16:55:16-04:00
0,0,0,0,0,0,2022-05-16 16:55:42-04:00
0,0,0,0,0,0,2022-05-16 17:26:12-04:00
1,0,0,0,0,0,2022-05-16 17:30:17-04:00
0,0,0,0,0,0,2022-05-16 17:31:15-04:00
0,0,0,0,0,0,2022-05-16 18:37:00-04:00
0,0,0,0,0,0,2022-05-16 19:18:25-04:00
0,0,0,0,0,0,2022-05-16 19:23:39-04:00
0,0,0,0,0,0,2022-05-16 20:21:32-04:00
0,0,0,0,0,0,2022-05-16 20:35:02-04:00
0,0,0,0,0,0,2022-05-17 03:04:40-04:00
0,0,0,0,0,0,2022-05-17 03:19:46-04:00
0,0,0,0,0,0,2022-05-17 03:26:25-04:00
0,0,0,0,0,0,2022-05-18 15:10:25-04:00
1,1,0,0,0,0,2022-05-18 15:10:57-04:00
0,0,0,0,0,0,2022-05-18 16:42:15-04:00
0,0,0,0,0,0,2022-05-19 15:51:11-04:00
1,1,0,0,0,0,2022-05-20 15:53:15-04:00
0,0,0,0,0,0,2022-05-23 14:11:49-04:00
0,0,0,0,0,0,2022-05-23 14:58:00-04:00
0,0,0,0,0,0,2022-05-26 15:27:43-04:00
2,1,0,0,0,0,2022-05-26 15:38:33-04:00
0,0,0,0,0,0,2022-05-26 17:10:03-04:00
0,0,0,0,0,0,2022-05-26 20:21:56-04:00
1,1,0,0,0,0,2022-05-26 23:54:27-04:00
0,0,0,0,0,0,2022-05-27 00:05:04-04:00
0,0,0,0,0,0,2022-05-27 00:06:25-04:00
0,0,0,0,0,0,2022-05-27 00:26:18-04:00
0,0,0,0,0,0,2022-05-27 01:28:17-04:00
0,0,0,0,0,0,2022-05-27 01:44:33-04:00
0,0,0,0,0,0,2022-05-27 01:52:40-04:00
2,1,0,0,0,0,2022-05-27 14:36:42-04:00
1,1,0,0,0,0,2022-05-27 14:40:44-04:00
0,0,0,0,0,0,2022-05-27 14:42:08-04:00
2,1,0,0,0,0,2022-05-27 15:20:43-04:00
2,2,0,0,0,0,2022-05-27 15:41:51-04:00
0,1,0,0,0,0,2022-05-27 15:46:01-04:00
1,2,0,0,0,0,2022-05-27 17:11:29-04:00
2,2,0,0,0,0,2022-05-30 21:54:28-04:00
1,1,0,0,0,0,2022-05-30 22:44:37-04:00
1,1,0,0,0,0,2022-05-30 22:54:40-04:00
1,1,0,0,0,0,2022-05-30 22:56:03-04:00
1,1,0,0,0,0,2022-05-30 22:58:21-04:00
1,1,0,0,0,0,2022-05-31 12:45:17-04:00
0,0,0,0,0,0,2022-05-31 12:48:19-04:00
0,0,0,0,0,0,2022-05-31 13:09:08-04:00
1,0,0,0,0,0,2022-05-31 13:18:30-04:00
1,2,0,0,0,0,2022-05-31 13:22:25-04:00
0,0,0,0,0,0,2022-05-31 13:31:52-04:00
0,1,0,0,0,0,2022-05-31 13:36:00-04:00
1,0,0,0,0,0,2022-05-31 14:00:41-04:00
1,0,0,0,0,0,2022-05-31 14:01:56-04:00
0,0,0,0,0,0,2022-05-31 14:14:52-04:00
1,1,0,0,0,0,2022-05-31 14:26:24-04:00
1,0,0,0,0,0,2022-05-31 14:55:27-04:00
0,0,0,0,0,0,2022-05-31 14:58:25-04:00
0,0,0,0,0,0,2022-06-01 12:23:51-04:00
0,0,0,0,0,0,2022-06-01 13:34:20-04:00
0,0,0,0,0,0,2022-06-01 14:02:49-04:00
0,0,0,0,0,0,2022-06-01 14:45:06-04:00
0,0,0,0,0,0,2022-06-01 14:57:00-04:00
0,0,0,0,0,0,2022-06-01 14:59:48-04:00
0,0,0,0,0,0,2022-06-01 15:02:47-04:00
0,0,0,0,0,0,2022-06-01 15:03:07-04:00
0,0,0,0,0,0,2022-06-01 15:05:49-04:00
0,0,0,0,0,0,2022-06-01 15:06:03-04:00
4,3,0,0,0,0,2022-06-01 15:46:41-04:00
0,0,0,0,0,0,2022-06-01 15:48:11-04:00
0,0,0,0,0,0,2022-06-01 15:49:02-04:00
0,0,0,0,0,0,2022-06-01 15:50:50-04:00
4,3,0,0,0,0,2022-06-01 18:25:56-04:00
2,1,0,0,0,0,2022-06-01 18:27:51-04:00
1,1,0,0,0,0,2022-06-01 18:28:52-04:00
1,1,0,0,0,0,2022-06-01 18:29:42-04:00
1,1,0,0,0,0,2022-06-01 18:52:10-04:00
2,2,0,0,0,0,2022-06-01 18:56:59-04:00
2,2,0,0,0,0,2022-06-01 18:58:25-04:00
1,1,0,0,0,0,2022-06-01 18:59:14-04:00
1,1,0,0,0,0,2022-06-01 19:00:39-04:00
1,1,0,0,0,0,2022-06-01 19:04:30-04:00
0,0,0,0,0,0,2022-06-01 21:50:24-04:00
1,1,0,0,0,0,2022-06-01 22:09:39-04:00
0,0,0,0,0,0,2022-06-01 22:14:38-04:00
0,0,0,0,0,0,2022-06-01 22:43:28-04:00
0,0,0,0,0,0,2022-06-01 23:40:05-04:00
0,0,0,0,0,0,2022-06-01 23:43:38-04:00
0,0,0,0,0,0,2022-06-02 13:39:30-04:00
0,0,0,0,0,0,2022-06-02 13:40:34-04:00
0,0,0,0,0,0,2022-06-02 13:40:44-04:00
2,2,0,0,0,0,2022-06-02 16:10:04-04:00
1,1,0,0,0,0,2022-06-02 16:11:22-04:00
1,0,0,0,0,0,2022-06-02 16:12:04-04:00
0,0,0,0,0,0,2022-06-02 16:15:44-04:00
0,0,0,0,0,0,2022-06-02 16:16:54-04:00
0,0,0,0,0,0,2022-06-02 16:19:46-04:00
0,0,0,0,0,0,2022-06-02 16:20:26-04:00
0,0,0,0,0,0,2022-06-02 16:21:28-04:00
0,0,0,0,0,0,2022-06-02 16:24:23-04:00
0,0,0,0,0,0,2022-06-02 16:26:47-04:00
0,0,0,0,0,0,2022-06-02 16:28:18-04:00
0,0,0,0,0,0,2022-06-02 16:35:59-04:00
0,0,0,0,0,0,2022-06-02 16:36:45-04:00
0,0,0,0,0,0,2022-06-02 16:37:46-04:00
0,0,0,0,0,0,2022-06-03 14:17:40-04:00
0,0,0,0,0,0,2022-06-03 14:21:44-04:00
0,0,0,0,0,0,2022-06-03 14:41:45-04:00
0,0,0,0,0,0,2022-06-03 14:45:06-04:00
0,0,0,0,0,0,2022-06-03 14:50:19-04:00
0,0,0,0,0,0,2022-06-03 17:25:02-04:00
0,0,0,0,0,0,2022-06-03 19:31:48-04:00
0,0,0,0,0,0,2022-06-03 19:36:18-04:00
1,1,0,0,0,0,2022-06-03 19:46:57-04:00
1,1,0,0,0,0,2022-06-03 19:47:34-04:00
0,0,0,0,0,0,2022-06-03 21:04:06-04:00
0,0,0,0,0,0,2022-06-03 22:55:12-04:00
0,0,0,0,0,0,2022-06-04 00:03:06-04:00
0,0,0,0,0,0,2022-06-04 01:44:05-04:00
0,0,0,0,0,0,2022-06-04 01:48:21-04:00
0,0,0,0,0,0,2022-06-04 23:17:45-04:00
0,0,0,0,0,0,2022-06-05 23:58:26-04:00
0,0,0,0,0,0,2022-06-05 23:59:20-04:00
0,0,0,0,0,0,2022-06-06 00:08:36-04:00
0,0,0,0,0,0,2022-06-06 01:07:59-04:00
1,0,0,0,0,0,2022-06-06 17:10:36-04:00
1,0,0,0,0,0,2022-06-06 17:11:10-04:00
0,0,0,0,0,0,2022-06-06 17:11:38-04:00
0,0,0,0,0,0,2022-06-06 18:00:53-04:00
0,0,0,0,0,0,2022-06-06 18:01:13-04:00
0,0,0,0,0,0,2022-06-06 18:04:22-04:00
0,0,0,0,0,0,2022-06-06 18:08:04-04:00
0,0,0,0,0,0,2022-06-06 18:12:33-04:00
0,0,0,0,0,0,2022-06-06 18:13:58-04:00
0,0,0,0,0,0,2022-06-06 18:19:38-04:00
0,0,0,0,0,0,2022-06-06 18:30:00-04:00
0,0,0,0,0,0,2022-06-06 18:42:18-04:00
0,0,0,0,0,0,2022-06-06 18:44:57-04:00
0,0,0,0,0,0,2022-06-06 18:45:50-04:00
0,0,0,0,0,0,2022-06-06 18:48:46-04:00
0,0,0,0,0,0,2022-06-06 18:51:25-04:00
0,0,0,0,0,0,2022-06-06 18:52:24-04:00
0,0,0,0,0,0,2022-06-06 19:31:01-04:00
0,0,0,0,0,0,2022-06-06 19:32:16-04:00
0,0,0,0,0,0,2022-06-06 19:33:26-04:00
0,0,0,0,0,0,2022-06-06 19:34:28-04:00
0,0,0,0,0,0,2022-06-06 19:37:46-04:00
0,0,0,0,0,0,2022-06-06 19:43:28-04:00
0,0,0,0,0,0,2022-06-06 19:48:45-04:00
0,0,0,0,0,0,2022-06-06 19:49:13-04:00
0,0,0,0,0,0,2022-06-06 19:50:52-04:00
0,0,0,0,0,0,2022-06-06 20:02:07-04:00
0,0,0,0,0,0,2022-06-06 20:04:10-04:00
0,0,0,0,0,0,2022-06-06 20:05:09-04:00
0,0,0,0,0,0,2022-06-06 20:10:12-04:00
0,0,0,0,0,0,2022-06-06 20:16:50-04:00
0,0,0,0,0,0,2022-06-06 20:18:34-04:00
0,0,0,0,0,0,2022-06-06 20:19:33-04:00
0,0,0,0,0,0,2022-06-06 21:13:16-04:00
0,0,0,0,0,0,2022-06-06 21:14:46-04:00
0,0,0,0,0,0,2022-06-06 21:17:27-04:00
0,0,0,0,0,0,2022-06-07 00:51:43-04:00
0,0,0,0,0,0,2022-06-07 00:52:05-04:00
1,1,0,0,0,0,2022-06-07 00:56:38-04:00
1,1,0,0,0,0,2022-06-07 00:58:21-04:00
0,0,0,0,0,0,2022-06-07 00:59:12-04:00
0,0,0,0,0,0,2022-06-07 01:21:09-04:00
0,0,0,0,0,0,2022-06-07 01:23:27-04:00
0,0,0,0,0,0,2022-06-07 01:25:31-04:00
0,0,0,0,0,0,2022-06-07 01:30:07-04:00
0,0,0,0,0,0,2022-06-07 01:30:19-04:00
1,1,0,0,0,0,2022-06-07 01:51:19-04:00
0,0,0,0,0,0,2022-06-07 16:07:33-04:00
0,0,0,0,0,0,2022-06-07 16:09:50-04:00
0,0,0,0,0,0,2022-06-07 16:18:47-04:00
0,0,0,0,0,0,2022-06-07 16:18:56-04:00
0,0,0,0,0,0,2022-06-07 16:25:03-04:00
0,0,0,0,0,0,2022-06-07 23:53:08-04:00
1,0,0,0,0,0,2022-06-08 00:02:56-04:00
0,0,0,0,0,0,2022-06-08 00:42:38-04:00
1,0,0,0,0,0,2022-06-08 01:26:52-04:00
0,0,0,0,0,0,2022-06-08 01:28:03-04:00
0,0,0,0,0,0,2022-06-08 01:33:08-04:00
0,0,0,0,0,0,2022-06-08 01:37:16-04:00
0,0,0,0,0,0,2022-06-08 01:38:40-04:00
0,0,0,0,0,0,2022-06-08 01:40:35-04:00
0,0,0,0,0,0,2022-06-08 01:43:33-04:00
0,0,0,0,0,0,2022-06-08 01:46:18-04:00
0,0,0,0,0,0,2022-06-08 01:47:48-04:00
0,0,0,0,0,0,2022-06-08 01:48:55-04:00
0,0,0,0,0,0,2022-06-08 01:49:57-04:00
0,0,0,0,0,0,2022-06-08 01:51:05-04:00
0,0,0,0,0,0,2022-06-08 01:52:46-04:00
0,0,0,0,0,0,2022-06-08 01:54:03-04:00
0,0,0,0,0,0,2022-06-08 01:55:53-04:00
0,0,0,0,0,0,2022-06-08 01:59:42-04:00
0,0,0,0,0,0,2022-06-08 02:01:57-04:00
0,0,0,0,0,0,2022-06-08 02:03:06-04:00
0,0,0,0,0,0,2022-06-08 02:03:44-04:00
0,0,0,0,0,0,2022-06-08 02:08:08-04:00
0,0,0,0,0,0,2022-06-08 02:15:34-04:00
0,0,0,0,0,0,2022-06-08 02:23:04-04:00
0,0,0,0,0,0,2022-06-08 02:27:10-04:00
0,0,0,0,0,0,2022-06-08 02:28:04-04:00
0,0,0,0,0,0,2022-06-08 02:31:11-04:00
0,0,0,0,0,0,2022-06-08 15:28:14-04:00
0,0,0,0,0,0,2022-06-08 15:43:34-04:00
0,0,0,0,0,0,2022-06-08 15:43:46-04:00
0,0,0,0,0,0,2022-06-08 15:51:19-04:00
0,0,0,0,0,0,2022-06-08 15:56:05-04:00
0,0,0,0,0,0,2022-06-08 16:03:47-04:00
0,0,0,0,0,0,2022-06-08 16:05:20-04:00
0,0,0,0,0,0,2022-06-08 16:06:54-04:00
0,0,0,0,0,0,2022-06-08 16:10:26-04:00
0,0,0,0,0,0,2022-06-08 16:14:01-04:00
0,0,0,0,0,0,2022-06-08 16:21:12-04:00
0,0,0,0,0,0,2022-06-08 16:22:07-04:00
0,0,0,0,0,0,2022-06-08 16:24:46-04:00
0,0,0,0,0,0,2022-06-08 16:27:21-04:00
0,0,0,0,0,0,2022-06-08 16:34:19-04:00
0,0,0,0,0,0,2022-06-08 16:44:53-04:00
0,0,0,0,0,0,2022-06-08 16:48:39-04:00
0,0,0,0,0,0,2022-06-08 16:49:42-04:00
1,0,0,0,0,0,2022-06-08 16:53:04-04:00
0,0,0,0,0,0,2022-06-08 17:52:32-04:00
0,0,0,0,0,0,2022-06-08 17:55:25-04:00
0,0,0,0,0,0,2022-06-08 17:56:29-04:00
0,0,0,0,0,0,2022-06-08 17:58:29-04:00
1,1,0,0,0,0,2022-06-08 18:55:39-04:00
1,1,0,0,0,0,2022-06-08 18:58:53-04:00
1,1,0,0,0,0,2022-06-08 20:13:17-04:00
0,0,0,0,0,0,2022-06-08 20:22:03-04:00
0,0,0,0,0,0,2022-06-08 20:25:40-04:00
0,0,0,0,0,0,2022-06-08 20:45:55-04:00
0,0,0,0,0,0,2022-06-08 20:47:11-04:00
0,0,0,0,0,0,2022-06-08 20:50:16-04:00
0,0,0,0,0,0,2022-06-08 20:53:10-04:00
0,0,0,0,0,0,2022-06-08 20:57:05-04:00
0,0,0,0,0,0,2022-06-08 21:23:25-04:00
0,0,0,0,0,0,2022-06-08 23:20:23-04:00
0,0,0,0,0,0,2022-06-08 23:24:32-04:00
0,0,0,0,0,0,2022-06-08 23:33:32-04:00
0,0,0,0,0,0,2022-06-08 23:36:29-04:00
0,0,0,0,0,0,2022-06-08 23:41:28-04:00
0,0,0,0,0,0,2022-06-08 23:47:04-04:00
0,0,0,0,0,0,2022-06-09 00:19:48-04:00
0,0,0,0,0,0,2022-06-09 00:22:11-04:00
0,0,0,0,0,0,2022-06-09 00:25:12-04:00
0,0,0,0,0,0,2022-06-09 00:33:17-04:00
0,0,0,0,0,0,2022-06-09 11:51:03-04:00
0,0,0,0,0,0,2022-06-09 11:52:03-04:00
0,0,0,0,0,0,2022-06-09 12:17:34-04:00
0,0,0,0,0,0,2022-06-09 12:19:06-04:00
0,0,0,0,0,0,2022-06-09 12:20:50-04:00
0,0,0,0,0,0,2022-06-09 12:22:30-04:00
0,0,0,0,0,0,2022-06-14 13:00:48-04:00
0,0,0,0,0,0,2022-06-14 14:16:05-04:00
0,0,0,0,0,0,2022-06-14 14:18:23-04:00
1,0,0,0,0,0,2022-06-14 14:19:46-04:00
0,0,0,0,0,0,2022-06-14 14:20:07-04:00
1,0,0,0,0,0,2022-06-14 14:30:16-04:00
1,0,0,0,0,0,2022-06-14 14:40:26-04:00
0,0,0,0,0,0,2022-06-14 15:13:14-04:00
0,0,0,0,0,0,2022-06-14 15:37:55-04:00
0,0,0,0,0,0,2022-06-14 17:21:27-04:00
0,0,0,0,0,0,2022-06-15 02:09:50-04:00
0,0,0,0,0,0,2022-06-15 02:21:57-04:00
0,0,0,0,0,0,2022-06-15 02:30:34-04:00
0,0,0,0,0,0,2022-06-15 02:32:41-04:00
0,0,0,0,0,0,2022-06-15 02:34:08-04:00
0,0,0,0,0,0,2022-06-15 02:36:39-04:00
0,0,0,0,0,0,2022-06-15 13:44:25-04:00
0,0,0,0,0,0,2022-06-15 13:48:15-04:00
0,0,0,0,0,0,2022-06-15 13:49:16-04:00
0,0,0,0,0,0,2022-06-15 13:52:10-04:00
0,0,0,0,0,0,2022-06-15 13:56:00-04:00
0,0,0,0,0,0,2022-06-15 13:59:37-04:00
0,0,0,0,0,0,2022-06-15 14:02:29-04:00
0,0,0,0,0,0,2022-06-15 14:03:13-04:00
0,0,0,0,0,0,2022-06-15 14:12:30-04:00
0,0,0,0,0,0,2022-06-16 14:50:15-04:00
0,0,0,0,0,0,2022-06-16 15:46:27-04:00
0,1,0,0,0,0,2022-06-16 15:59:13-04:00
0,1,0,0,0,0,2022-06-16 17:50:16-04:00
0,0,0,0,0,0,2022-06-16 17:58:20-04:00
0,0,0,0,0,0,2022-06-28 12:24:51-04:00
