Acquisition,Preparation,Modeling,Training,Evaluation,Prediction,time
0,0,0,0,0,0,2020-03-01 21:32:25+01:00
0,0,0,0,0,0,2020-03-01 21:37:07+01:00
0,0,0,0,0,0,2020-04-19 11:46:44+02:00
0,0,0,0,0,0,2020-04-19 16:14:37+02:00
0,0,0,0,0,0,2020-04-19 16:18:48+02:00
0,0,0,0,0,0,2020-04-19 16:19:25+02:00
0,1,0,0,0,0,2020-04-24 11:00:19+02:00
0,0,0,0,0,0,2020-04-24 11:11:23+02:00
1,1,0,0,0,0,2020-04-24 11:20:52+02:00
1,3,0,0,0,0,2020-04-24 13:40:26+02:00
1,1,0,0,0,0,2020-04-25 21:02:34+02:00
0,0,0,0,0,0,2020-04-26 11:53:42+02:00
0,0,0,0,0,0,2020-04-26 11:58:48+02:00
1,2,0,0,0,0,2020-04-26 12:24:46+02:00
1,1,0,0,0,0,2020-04-29 13:00:15+02:00
0,0,0,0,0,0,2020-04-29 13:02:01+02:00
0,0,0,0,0,0,2020-04-29 13:06:08+02:00
0,0,0,0,0,0,2020-04-29 13:07:04+02:00
0,0,0,0,0,0,2020-04-29 13:08:02+02:00
0,0,0,0,0,0,2020-04-29 13:08:34+02:00
0,0,0,0,0,0,2020-04-29 13:20:46+02:00
0,0,0,0,0,0,2020-04-29 13:26:17+02:00
0,0,0,0,0,0,2020-04-29 14:15:31+02:00
0,0,0,0,0,0,2020-04-29 14:50:00+02:00
0,0,0,0,0,0,2020-04-29 19:20:13+02:00
1,1,1,1,0,1,2020-04-29 19:33:52+02:00
1,0,1,1,0,1,2020-04-29 21:03:25+02:00
1,0,1,1,0,1,2020-04-29 21:37:08+02:00
1,0,1,1,0,1,2020-04-30 10:50:06+02:00
1,0,1,1,0,1,2020-04-30 12:03:42+02:00
1,0,1,1,0,1,2020-04-30 12:09:36+02:00
1,0,1,1,0,1,2020-04-30 12:23:17+02:00
1,0,1,1,0,1,2020-04-30 12:56:53+02:00
1,0,1,1,0,1,2020-04-30 13:30:36+02:00
1,0,1,1,0,1,2020-04-30 20:07:20+02:00
1,0,1,1,0,1,2020-04-30 20:14:28+02:00
1,0,1,1,0,1,2020-04-30 20:29:50+02:00
1,0,1,1,0,1,2020-06-26 21:44:16+02:00
0,0,0,0,0,0,2020-06-26 21:55:23+02:00
1,0,0,0,0,0,2020-06-27 09:48:01+02:00
1,0,0,0,0,0,2020-06-27 10:10:29+02:00
1,0,0,0,0,0,2020-06-27 14:29:31+02:00
0,0,0,0,0,0,2020-06-27 14:31:54+02:00
0,0,0,0,0,0,2020-06-28 10:04:23+02:00
1,1,0,1,0,1,2020-06-28 12:22:46+02:00
1,1,0,0,0,0,2020-06-28 14:40:13+02:00
1,2,0,1,0,1,2020-06-28 20:13:44+02:00
0,1,0,0,0,0,2020-06-28 20:33:34+02:00
1,1,0,0,0,0,2020-06-29 08:31:31+02:00
0,0,0,0,0,0,2020-06-29 08:34:11+02:00
1,4,1,1,0,2,2020-06-29 09:23:21+02:00
0,0,0,0,0,0,2020-06-29 09:26:01+02:00
0,0,0,0,0,0,2020-07-12 18:12:41+02:00
