Acquisition,Preparation,Modeling,Training,Evaluation,Prediction,time
0,0,0,0,0,0,2021-05-07 15:41:24+05:18
2,2,1,1,0,1,2021-05-17 12:32:48+05:18
0,0,0,0,0,0,2021-05-17 12:46:12+05:18
0,0,0,0,0,0,2021-05-17 12:48:24+05:18
0,0,0,0,0,0,2021-05-17 12:52:15+05:18
0,0,0,0,0,0,2021-05-18 11:36:09+05:18
0,0,0,0,0,0,2021-05-18 11:48:06+05:18
0,0,0,0,0,0,2021-05-18 11:52:58+05:18
0,0,0,0,0,0,2021-05-18 12:09:27+05:18
1,1,0,0,0,1,2021-05-19 10:18:32+05:18
1,1,0,0,0,1,2021-05-19 10:47:19+05:18
0,0,0,0,0,0,2021-05-19 10:48:08+05:18
0,0,0,0,0,0,2021-05-19 11:05:24+05:18
0,0,0,0,0,0,2021-05-19 11:58:15+05:18
0,0,0,0,0,0,2021-05-19 12:42:55+05:18
0,0,0,0,0,0,2021-05-21 10:41:14+05:18
0,0,0,0,0,0,2021-05-21 10:42:23+05:18
0,0,0,0,0,0,2021-05-21 10:43:37+05:18
0,0,0,0,0,0,2021-05-21 10:46:14+05:18
0,0,0,0,0,0,2021-05-21 10:50:14+05:18
0,0,0,0,0,0,2021-05-21 10:56:48+05:18
0,0,0,0,0,0,2021-05-21 10:57:21+05:18
0,0,0,0,0,0,2021-05-21 10:58:02+05:18
0,0,0,0,0,0,2021-05-21 10:58:27+05:18
0,0,0,0,0,0,2021-05-21 11:00:07+05:18
0,0,0,0,0,0,2021-05-21 11:02:37+05:18
0,0,0,0,0,0,2021-05-21 11:34:08+05:18
0,0,0,0,0,0,2021-05-21 11:40:18+05:18
0,0,0,0,0,0,2021-05-21 11:59:44+05:18
0,0,0,0,0,0,2021-05-21 12:11:39+05:18
0,0,0,0,0,0,2021-05-21 21:25:59+05:18
0,0,0,0,0,0,2021-05-21 21:29:54+05:18
0,0,0,0,0,0,2021-05-21 21:39:04+05:18
0,0,0,0,0,0,2021-05-21 21:46:38+05:18
0,0,0,0,0,0,2021-05-21 21:56:11+05:18
0,0,0,0,0,0,2021-05-21 21:57:28+05:18
0,0,0,0,0,0,2021-05-22 10:59:40+05:18
0,0,0,0,0,0,2021-05-22 14:21:55+05:18
0,0,0,0,0,0,2021-05-22 15:21:11+05:18
0,0,0,0,0,0,2021-05-22 15:22:23+05:18
0,0,0,0,0,0,2021-05-22 15:24:26+05:18
0,0,0,0,0,0,2021-05-22 15:29:43+05:18
1,1,0,0,0,1,2021-05-22 15:45:34+05:18
0,0,0,0,0,0,2021-05-22 15:46:48+05:18
0,0,0,0,0,0,2021-05-22 15:47:45+05:18
0,0,0,0,0,0,2021-05-22 15:49:34+05:18
1,1,0,0,0,1,2021-05-22 15:52:21+05:18
0,0,0,0,0,0,2021-05-23 15:37:23+05:18
0,0,0,0,0,0,2021-05-23 15:50:52+05:18
1,1,0,0,0,1,2021-05-23 15:55:37+05:18
1,1,0,0,0,1,2021-05-23 15:56:32+05:18
0,0,0,0,0,0,2021-05-23 16:04:26+05:18
1,1,0,0,0,1,2021-05-31 10:34:25+05:18
0,0,0,0,0,0,2021-05-31 10:38:51+05:18
0,0,0,0,0,0,2021-05-31 10:44:36+05:18
0,0,0,0,0,0,2021-05-31 10:46:00+05:18
1,1,0,0,0,1,2021-05-31 10:46:23+05:18
1,1,0,0,0,1,2021-05-31 10:46:36+05:18
1,1,0,0,0,1,2021-05-31 10:49:22+05:18
0,0,0,0,0,0,2021-05-31 10:50:11+05:18
1,1,0,0,0,1,2021-05-31 10:52:41+05:18
1,1,0,0,0,1,2021-06-21 10:20:51+05:18
0,0,0,0,0,0,2021-06-21 10:21:30+05:18
0,0,0,0,0,0,2021-06-21 10:29:29+05:18
1,1,1,1,0,0,2021-06-21 10:29:59+05:18
