Acquisition,Preparation,Modeling,Training,Evaluation,Prediction,time
0,0,0,0,0,0,2021-02-15 22:32:16-05:00
0,0,0,0,0,0,2021-02-15 22:44:26-05:00
0,0,0,0,0,0,2021-02-20 11:32:29-05:00
0,1,0,0,1,0,2021-02-21 22:34:34-05:00
0,2,0,0,2,0,2021-02-21 22:39:35-05:00
0,1,0,0,0,0,2021-08-28 22:39:45-04:00
0,0,0,0,0,0,2021-08-28 22:39:57-04:00
0,0,0,0,0,0,2021-09-10 14:30:23-04:00
0,0,0,0,0,0,2021-09-10 15:09:15-04:00
1,0,0,0,0,0,2021-09-12 14:49:05-04:00
1,1,0,0,1,0,2021-09-12 18:55:33-04:00
2,2,0,0,2,0,2021-09-12 18:58:32-04:00
2,2,0,0,2,0,2021-09-12 19:12:44-04:00
0,0,0,0,0,0,2021-09-13 16:58:55-04:00
2,3,0,0,1,0,2021-09-24 15:50:12-04:00
2,2,0,0,0,0,2021-09-25 14:08:10-04:00
4,4,2,2,2,2,2021-09-27 22:15:53-04:00
1,1,0,0,1,0,2021-09-28 12:39:57-04:00
1,1,0,0,1,0,2021-09-28 12:46:57-04:00
2,2,1,2,1,1,2021-09-29 13:34:01-04:00
1,1,0,1,1,0,2021-09-30 20:44:39-04:00
0,0,0,0,0,0,2021-10-16 11:45:07-04:00
1,1,0,0,1,0,2021-10-17 17:46:49-04:00
0,0,0,0,0,0,2021-10-17 17:52:13-04:00
1,1,0,1,1,1,2021-10-18 13:13:25-04:00
1,1,0,1,1,1,2021-10-18 13:15:34-04:00
2,2,0,2,2,2,2021-10-18 13:19:53-04:00
1,1,0,0,0,0,2021-10-21 11:29:31-04:00
1,1,1,1,1,1,2021-10-28 10:14:38-04:00
1,1,0,1,1,0,2021-10-30 11:16:09-04:00
1,0,0,0,0,0,2021-10-30 13:22:06-04:00
1,1,0,0,0,0,2021-10-30 22:37:40-04:00
2,2,2,2,2,2,2021-11-05 17:51:59-04:00
0,0,0,0,0,0,2021-11-05 21:31:55-04:00
2,2,1,2,1,1,2021-11-06 11:39:34-04:00
2,2,2,2,2,2,2021-11-06 12:17:54-04:00
4,4,1,4,1,1,2021-11-07 14:58:45-05:00
0,0,0,0,0,0,2021-11-08 21:49:06-05:00
2,2,2,2,0,2,2021-11-09 13:52:57-05:00
2,2,2,2,0,2,2021-11-09 14:35:44-05:00
2,2,0,0,0,0,2021-11-15 14:00:31-05:00
1,1,0,0,0,0,2021-11-16 22:05:26-05:00
2,2,0,2,0,2,2021-11-18 14:57:12-05:00
0,1,2,2,0,1,2021-12-02 17:57:33-05:00
1,1,1,1,0,1,2021-12-03 10:46:08-05:00
1,1,0,1,1,0,2021-12-06 12:27:06-05:00
1,1,0,1,1,0,2021-12-06 12:28:04-05:00
1,1,0,1,1,0,2021-12-06 12:44:22-05:00
1,1,0,1,0,0,2021-12-06 14:10:08-05:00
1,1,0,1,1,0,2021-12-06 16:13:36-05:00
1,1,0,1,1,0,2021-12-06 16:18:19-05:00
2,2,0,2,1,0,2021-12-06 16:20:34-05:00
1,1,1,1,0,1,2021-12-07 12:21:17-05:00
1,1,1,1,1,1,2021-12-09 22:01:16-05:00
0,0,0,0,0,0,2021-12-09 22:08:07-05:00
1,1,0,1,1,0,2021-12-10 15:08:08-05:00
1,1,0,1,1,0,2021-12-10 21:40:33-05:00
1,1,1,1,1,1,2021-12-19 16:59:25-05:00
1,1,1,1,1,1,2021-12-19 17:00:50-05:00
2,2,1,2,2,1,2021-12-20 13:37:24-05:00
1,1,1,1,1,1,2021-12-20 14:08:14-05:00
1,1,1,1,1,1,2021-12-20 14:08:27-05:00
1,1,1,1,1,1,2021-12-20 15:18:05-05:00
1,1,1,1,1,1,2021-12-20 15:21:21-05:00
1,1,1,1,1,1,2021-12-28 12:48:08-05:00
5,5,2,5,3,2,2021-12-29 22:14:05-05:00
1,1,0,0,0,0,2022-01-02 23:17:40-05:00
1,1,0,0,1,0,2022-01-02 23:18:35-05:00
0,0,0,0,0,0,2022-01-04 23:30:41-05:00
0,0,0,0,0,0,2022-01-07 16:09:30-05:00
1,1,1,1,1,1,2022-01-07 22:57:29-05:00
2,2,0,2,2,0,2022-01-07 23:33:15-05:00
0,0,0,0,0,0,2022-01-11 23:01:44-05:00
1,1,0,1,1,1,2022-01-14 14:18:05-05:00
0,0,0,0,0,0,2022-02-04 11:45:22-05:00
0,0,0,0,0,0,2022-02-05 17:14:21-05:00
0,0,0,0,0,0,2022-02-05 17:23:45-05:00
0,0,0,0,0,0,2022-02-05 17:24:54-05:00
0,0,0,0,0,0,2022-04-18 19:29:42-04:00
0,1,1,1,1,1,2022-04-23 23:47:25-04:00
0,0,0,0,0,0,2022-04-23 23:47:37-04:00
0,1,1,1,1,1,2022-04-24 13:30:47-04:00
0,1,1,1,1,1,2022-04-24 13:34:22-04:00
0,1,1,1,1,1,2022-04-24 13:35:25-04:00
1,1,1,1,0,1,2022-05-05 09:16:34-04:00
