Acquisition,Preparation,Modeling,Training,Evaluation,Prediction,time
0,0,0,0,0,0,2019-05-14 12:13:34+02:00
0,0,0,0,0,0,2019-05-14 15:06:50+02:00
0,0,0,0,0,0,2019-05-14 15:09:26+02:00
3,11,0,0,0,0,2019-05-14 17:06:32+02:00
0,0,0,0,0,0,2019-05-14 17:12:41+02:00
0,0,0,0,0,0,2019-05-17 17:30:17+02:00
0,0,0,0,0,0,2019-07-22 10:37:58+02:00
0,0,0,0,0,0,2019-07-22 10:38:34+02:00
2,2,0,0,0,0,2019-07-30 15:00:47+02:00
0,0,0,0,0,0,2019-07-30 15:48:40+02:00
0,0,0,0,0,0,2019-08-05 11:35:28+02:00
0,0,0,0,0,0,2019-08-12 17:56:51+02:00
1,1,0,0,0,0,2019-08-12 17:57:24+02:00
5,5,2,2,0,0,2019-08-14 11:43:56+02:00
3,5,0,0,0,1,2019-08-14 11:46:38+02:00
0,0,0,0,0,0,2019-08-14 11:48:05+02:00
0,0,0,0,0,0,2019-08-14 11:48:22+02:00
1,1,0,0,0,1,2019-08-14 14:12:38+02:00
0,0,0,0,0,0,2019-08-14 14:23:48+02:00
0,0,0,0,0,0,2019-08-14 15:08:49+02:00
0,0,0,0,0,0,2019-08-14 15:13:12+02:00
0,0,0,0,0,0,2019-08-16 14:11:42+02:00
1,1,0,0,0,1,2019-08-19 18:47:53+02:00
0,0,0,0,0,0,2019-08-19 18:48:38+02:00
1,1,0,0,0,1,2019-08-20 11:01:09+02:00
0,0,0,0,0,0,2019-08-20 11:01:15+02:00
0,0,0,0,0,0,2019-08-20 11:39:10+02:00
0,0,0,0,0,0,2019-08-20 11:39:16+02:00
0,0,0,0,0,0,2019-08-20 12:12:44+02:00
0,0,0,0,0,0,2019-08-20 14:22:51+02:00
2,2,2,2,0,0,2019-08-23 14:27:21+02:00
2,1,0,0,0,0,2019-08-23 14:58:23+02:00
1,1,0,0,0,0,2019-08-23 15:00:20+02:00
2,2,0,0,0,1,2019-08-23 15:04:59+02:00
3,5,0,0,0,1,2019-08-27 14:22:02+02:00
1,1,0,0,0,0,2019-08-27 14:29:04+02:00
4,3,0,0,0,1,2019-08-27 15:11:25+02:00
0,0,0,0,0,0,2019-08-27 15:26:24+02:00
0,0,0,0,0,0,2019-08-27 16:37:41+02:00
0,0,0,0,0,0,2019-08-27 16:49:27+02:00
0,0,0,0,0,0,2019-08-27 16:55:26+02:00
0,0,0,0,0,0,2019-08-27 17:07:35+02:00
0,0,0,0,0,0,2019-08-27 17:13:27+02:00
0,0,0,0,0,0,2019-08-27 17:21:55+02:00
0,0,0,0,0,0,2019-08-27 17:34:49+02:00
0,0,0,0,0,0,2019-08-28 09:22:23+02:00
0,0,0,0,0,0,2019-08-28 10:46:44+02:00
0,0,0,0,0,0,2019-08-28 11:02:23+02:00
0,0,0,0,0,0,2019-08-28 11:50:04+02:00
0,1,0,0,0,0,2019-08-28 14:47:12+02:00
0,1,0,0,0,0,2019-08-29 11:34:42+02:00
0,0,0,0,0,0,2019-09-01 19:00:59+02:00
1,1,0,0,0,1,2019-09-03 16:59:00+02:00
0,0,0,0,0,0,2019-09-03 17:00:03+02:00
2,1,0,0,0,1,2019-09-04 16:01:53+02:00
0,0,0,0,0,0,2019-09-06 11:38:29+02:00
0,0,0,0,0,0,2019-09-06 11:57:34+02:00
1,1,0,0,0,1,2019-09-19 08:29:33+02:00
0,0,0,0,0,0,2019-09-19 08:57:00+02:00
1,1,0,0,0,1,2019-09-19 09:59:56+02:00
1,1,0,0,0,1,2019-09-19 10:57:54+02:00
0,0,0,0,0,0,2019-09-23 11:35:39+02:00
1,1,0,0,0,1,2019-09-23 15:18:06+02:00
1,1,0,0,0,1,2019-09-23 17:53:19+02:00
1,1,0,0,0,1,2019-09-23 18:36:19+02:00
1,1,0,0,0,1,2019-09-24 10:40:17+02:00
1,1,0,0,0,1,2019-09-24 11:33:31+02:00
0,0,0,0,0,0,2019-09-24 11:34:08+02:00
