Acquisition,Preparation,Modeling,Training,Evaluation,Prediction,time
0,0,0,0,0,0,2018-11-21 18:34:27-05:00
1,0,0,0,0,0,2018-11-21 18:44:48-05:00
0,0,0,0,0,0,2018-11-21 18:50:15-05:00
0,0,0,0,0,0,2018-11-21 18:50:52-05:00
0,0,0,0,0,0,2018-11-21 20:12:40-05:00
0,0,0,0,0,0,2018-11-21 20:12:40-05:00
0,0,0,0,0,0,2018-11-21 20:14:08-05:00
1,0,0,0,0,0,2018-11-21 22:21:17-05:00
1,0,0,0,0,0,2018-11-21 22:28:27-05:00
1,1,0,0,0,0,2018-11-21 22:56:37-05:00
0,0,0,0,0,0,2018-11-21 22:57:38-05:00
0,0,0,0,0,0,2018-11-21 22:58:04-05:00
1,1,0,0,0,0,2018-11-21 23:19:02-05:00
1,1,0,0,0,0,2018-11-21 23:50:18-05:00
1,1,0,0,0,0,2018-11-22 00:10:29-05:00
1,1,0,0,0,0,2018-11-22 00:27:43-05:00
0,0,0,0,0,0,2018-11-22 00:27:53-05:00
1,1,0,0,0,0,2018-11-22 00:29:06-05:00
1,1,0,0,0,0,2018-11-22 00:34:26-05:00
4,5,3,1,0,3,2018-11-22 00:37:50-05:00
1,1,0,0,0,0,2018-11-22 00:39:11-05:00
0,0,0,0,0,0,2018-11-22 00:41:11-05:00
3,4,1,0,0,2,2018-11-22 01:19:25-05:00
2,2,0,0,0,1,2018-11-22 01:32:33-05:00
10,9,7,2,1,6,2018-11-22 02:19:04-05:00
1,0,1,0,0,1,2018-11-22 02:25:40-05:00
1,1,1,0,0,2,2018-11-22 02:30:37-05:00
0,0,0,0,0,0,2018-11-22 02:30:53-05:00
7,5,4,1,1,3,2018-11-22 13:37:04-05:00
1,1,0,0,0,1,2018-11-22 13:43:15-05:00
0,0,0,0,0,0,2018-11-22 13:47:18-05:00
0,0,0,0,0,0,2018-11-22 13:55:38-05:00
0,0,0,0,0,0,2018-11-22 14:00:37-05:00
0,0,0,0,0,0,2018-11-22 14:09:31-05:00
0,0,0,0,0,0,2018-11-22 14:11:05-05:00
3,1,1,0,0,2,2018-11-22 14:47:40-05:00
5,4,4,1,1,2,2018-11-22 14:52:44-05:00
1,0,1,0,0,1,2018-11-22 15:43:17-05:00
2,1,1,0,0,2,2018-11-22 15:47:38-05:00
2,1,1,0,0,1,2018-11-22 16:17:33-05:00
1,1,0,0,0,1,2018-11-22 17:15:51-05:00
1,1,0,0,0,1,2018-11-22 17:16:09-05:00
0,0,0,0,0,0,2018-11-22 17:49:37-05:00
0,0,0,0,0,0,2018-11-22 17:49:47-05:00
1,1,0,0,0,1,2018-11-22 17:52:37-05:00
0,0,0,0,0,0,2018-11-22 18:13:54-05:00
11,10,7,3,1,6,2018-11-22 18:49:20-05:00
0,0,0,0,0,0,2018-11-22 19:01:43-05:00
1,1,0,0,0,0,2018-11-22 19:15:49-05:00
1,1,0,0,0,0,2018-11-22 20:45:41-05:00
3,3,1,1,0,2,2018-11-22 20:47:53-05:00
0,0,0,0,0,0,2018-11-22 21:01:05-05:00
1,1,1,1,0,0,2018-11-22 21:03:55-05:00
0,0,0,0,0,0,2018-11-22 21:05:02-05:00
0,0,0,0,0,0,2018-11-22 21:05:12-05:00
1,1,0,0,0,0,2018-11-22 21:25:18-05:00
1,0,1,0,0,1,2018-11-22 21:48:21-05:00
1,0,1,0,0,1,2018-11-22 21:54:42-05:00
2,1,1,0,0,1,2018-11-22 22:31:54-05:00
0,0,0,0,0,0,2018-11-22 22:35:00-05:00
0,0,0,0,0,0,2018-11-22 22:35:57-05:00
1,1,0,0,0,1,2018-11-22 22:47:41-05:00
1,1,0,0,0,1,2018-11-22 22:56:28-05:00
1,1,0,0,0,1,2018-11-23 00:40:51-05:00
0,0,0,0,0,0,2018-11-23 00:41:34-05:00
1,1,0,0,0,0,2018-11-23 00:45:57-05:00
1,1,0,0,0,1,2018-11-23 01:05:08-05:00
0,0,0,0,0,0,2018-11-23 01:13:33-05:00
0,0,0,0,0,0,2018-11-23 01:14:55-05:00
1,1,0,0,0,1,2018-11-23 01:22:18-05:00
1,1,0,0,0,1,2018-11-23 01:24:04-05:00
0,0,0,0,0,0,2018-11-23 01:38:22-05:00
0,0,0,0,0,0,2018-11-23 01:43:57-05:00
1,1,0,0,0,1,2018-11-23 01:43:58-05:00
0,1,0,0,0,0,2018-11-23 01:48:14-05:00
0,0,0,0,0,0,2018-11-23 11:55:12-05:00
0,0,0,0,0,0,2018-11-23 12:08:49-05:00
3,2,1,0,0,2,2018-11-23 12:51:14-05:00
2,2,0,0,0,2,2018-11-23 13:07:53-05:00
0,0,0,0,0,0,2018-11-23 13:09:35-05:00
1,1,0,0,0,1,2018-11-23 13:16:00-05:00
1,1,0,0,0,1,2018-11-23 13:33:39-05:00
1,1,0,0,0,1,2018-11-25 07:55:43-05:00
3,3,1,1,0,2,2018-12-03 17:04:08-05:00
0,0,0,0,0,0,2019-01-03 21:29:55-05:00
