Acquisition,Preparation,Modeling,Training,Evaluation,Prediction,time
0,0,0,0,0,0,2017-08-08 11:57:17-07:00
0,0,0,0,0,0,2017-08-08 13:03:41-07:00
0,0,0,0,0,0,2017-08-08 13:13:21-07:00
0,0,0,0,0,0,2017-08-08 13:16:08-07:00
0,0,0,0,0,0,2017-08-08 13:28:18-07:00
0,0,0,0,0,0,2017-08-08 14:04:18-07:00
0,0,0,0,0,0,2017-08-08 14:07:14-07:00
1,1,0,0,0,0,2017-08-08 21:37:39-07:00
2,2,0,0,0,0,2017-08-09 18:06:27-07:00
2,2,0,0,0,0,2017-08-10 11:44:35-07:00
2,2,0,0,0,0,2017-08-10 16:01:05-07:00
2,2,0,0,0,0,2017-08-10 16:22:54-07:00
2,2,0,0,0,0,2017-08-10 16:49:37-07:00
2,2,0,0,0,0,2017-08-10 17:06:56-07:00
2,2,0,0,0,0,2017-08-11 13:19:08-07:00
2,2,0,0,2,2,2017-08-14 17:29:54-07:00
0,0,0,0,0,0,2017-08-15 22:09:59-07:00
2,2,0,0,2,2,2017-08-16 17:28:18-07:00
0,0,0,0,0,0,2017-08-16 19:47:13-07:00
2,2,0,0,2,2,2017-08-17 10:33:56-07:00
5,3,0,0,0,0,2017-08-17 22:41:48-07:00
1,1,0,0,0,0,2017-08-17 23:58:44-07:00
1,1,0,0,0,0,2017-08-18 00:16:20-07:00
1,2,0,0,0,0,2017-08-18 00:29:03-07:00
2,2,0,0,2,2,2017-08-18 14:54:38-07:00
1,1,0,0,0,0,2017-08-18 14:58:46-07:00
0,0,0,0,0,0,2017-08-18 15:25:30-07:00
1,1,0,0,0,0,2017-08-18 18:04:23-07:00
0,0,0,0,0,0,2017-08-18 23:05:43-07:00
1,1,0,0,0,0,2017-08-18 23:05:59-07:00
1,1,0,0,0,0,2017-08-19 15:35:35-07:00
1,1,0,0,0,0,2017-08-19 15:52:13-07:00
2,2,0,0,2,2,2017-08-20 01:02:21-07:00
2,2,0,0,2,2,2017-08-21 13:12:12-07:00
0,0,0,0,0,0,2017-08-21 13:13:11-07:00
1,1,0,0,0,0,2017-08-22 11:45:54-07:00
1,1,0,0,0,0,2017-08-22 12:00:45-07:00
1,1,0,0,0,0,2017-08-22 13:37:05-07:00
0,0,0,0,0,0,2017-08-23 10:39:15-07:00
1,1,0,0,0,0,2017-08-23 11:12:40-07:00
0,0,0,0,0,0,2017-08-23 14:08:15-07:00
1,1,0,0,0,0,2017-08-24 11:31:50-07:00
0,0,0,0,0,0,2017-08-25 13:00:43-07:00
0,0,0,0,0,0,2017-08-25 16:22:47-07:00
0,0,0,0,0,0,2017-08-25 16:36:51-07:00
0,0,0,0,0,0,2017-08-25 16:44:17-07:00
0,0,0,0,0,0,2017-08-25 18:03:50-07:00
1,2,0,0,0,0,2017-08-27 15:41:52-07:00
0,0,0,0,0,0,2017-08-27 21:55:05-07:00
0,0,0,0,0,0,2017-08-27 21:58:44-07:00
0,0,0,0,0,0,2017-08-27 22:00:57-07:00
1,2,0,0,0,0,2017-09-02 00:28:02-04:00
0,0,0,0,0,0,2017-09-02 00:28:42-04:00
1,1,0,0,0,0,2017-09-02 00:30:20-04:00
2,2,0,0,2,2,2017-09-14 15:53:42-07:00
3,3,0,0,3,3,2017-09-15 12:14:14-07:00
2,2,0,0,0,0,2017-09-15 17:31:03-07:00
2,3,0,0,0,0,2017-09-29 11:40:18-07:00
0,0,0,0,0,0,2017-09-29 11:56:45-07:00
2,2,0,0,0,0,2017-09-29 11:58:25-07:00
1,1,0,0,1,1,2017-10-04 16:43:59-07:00
2,4,2,2,4,2,2017-10-10 10:51:44-07:00
2,2,2,2,2,2,2017-10-13 12:33:09-07:00
2,2,2,2,2,2,2017-10-25 09:47:05-07:00
10,8,5,5,5,2,2017-11-06 10:52:55-08:00
0,0,0,0,0,0,2017-11-09 16:17:30-08:00
0,0,0,0,0,0,2017-11-09 16:19:43-08:00
0,0,0,0,0,0,2017-11-09 16:22:04-08:00
15,21,9,3,6,4,2017-11-09 19:00:28-08:00
0,0,0,0,0,0,2017-11-09 19:02:13-08:00
0,0,0,0,0,0,2017-11-09 19:05:22-08:00
0,0,0,0,0,0,2017-11-09 19:05:53-08:00
1,1,0,0,0,0,2017-11-09 19:29:53-08:00
7,5,3,1,0,2,2017-11-13 17:37:34-08:00
2,2,2,2,2,2,2017-11-14 11:32:20-08:00
0,0,0,0,0,0,2017-11-14 11:34:16-08:00
4,2,1,1,0,0,2017-11-14 15:27:15-08:00
2,1,1,1,0,0,2017-11-14 16:47:28-08:00
1,2,1,1,0,0,2017-11-14 16:58:58-08:00
1,2,1,1,0,0,2017-11-14 17:44:13-08:00
15,13,11,11,11,1,2017-11-15 21:26:02-08:00
0,0,0,0,0,0,2017-11-20 14:49:30-08:00
0,0,0,0,0,0,2017-11-20 14:50:52-08:00
2,2,2,2,2,0,2017-11-21 06:45:17-08:00
4,4,1,0,0,1,2017-11-22 11:33:10-08:00
6,6,4,4,4,0,2017-11-24 17:01:58-08:00
3,3,0,0,0,0,2017-11-29 10:07:21-08:00
0,0,0,0,0,0,2017-11-29 10:11:17-08:00
0,0,0,0,0,0,2017-11-29 10:18:47-08:00
7,6,2,1,0,3,2017-11-29 11:29:30-08:00
6,12,8,5,3,2,2017-12-01 10:08:19-08:00
1,2,2,2,2,0,2017-12-08 12:09:24-08:00
10,15,13,13,14,0,2017-12-22 16:51:40-08:00
2,2,2,2,2,0,2017-12-26 10:04:51-08:00
0,1,1,1,1,0,2017-12-26 12:54:46-08:00
17,16,10,4,3,8,2018-01-05 16:19:30-08:00
0,0,0,0,0,0,2018-01-05 16:22:31-08:00
3,3,3,3,3,0,2018-01-08 08:38:35-08:00
0,0,0,0,0,0,2018-01-08 08:42:26-08:00
0,1,1,1,0,0,2018-01-08 09:37:54-08:00
1,0,0,0,0,0,2018-01-08 09:44:07-08:00
0,1,1,1,0,0,2018-01-08 10:30:56-08:00
0,0,0,0,0,0,2018-01-08 10:47:20-08:00
1,1,1,1,1,0,2018-01-08 10:54:23-08:00
1,0,0,0,0,0,2018-01-08 12:04:17-08:00
0,0,0,0,0,0,2018-01-08 12:09:28-08:00
0,0,0,0,0,0,2018-01-08 13:09:49-08:00
0,0,0,0,0,0,2018-01-08 14:02:37-08:00
2,2,2,0,0,0,2018-01-08 14:20:24-08:00
0,0,0,0,0,0,2018-01-08 14:26:38-08:00
0,0,0,0,0,0,2018-01-08 14:27:47-08:00
0,0,0,0,0,0,2018-01-08 14:28:12-08:00
0,0,0,0,0,0,2018-01-08 14:39:33-08:00
4,3,2,2,1,1,2018-01-09 10:07:02-08:00
1,1,0,0,0,1,2018-01-09 10:07:55-08:00
0,0,0,0,0,0,2018-01-09 10:08:24-08:00
5,5,3,3,2,1,2018-01-09 11:27:34-08:00
0,0,0,0,0,0,2018-01-10 10:24:31-08:00
0,0,0,0,0,0,2018-01-10 10:24:31-08:00
0,0,0,0,0,0,2018-01-10 10:50:40-08:00
0,0,0,0,0,0,2018-01-10 10:50:40-08:00
3,1,0,0,0,1,2018-01-10 17:34:15-08:00
0,0,0,0,0,0,2018-01-10 17:34:53-08:00
0,0,0,0,0,0,2018-01-10 17:34:53-08:00
5,4,2,1,1,1,2018-01-16 14:38:59-08:00
5,5,3,1,1,1,2018-01-16 21:53:36-08:00
2,3,3,1,1,0,2018-01-19 09:30:21-08:00
3,1,1,1,1,0,2018-01-23 10:43:33-08:00
7,5,1,1,1,3,2018-01-25 12:39:36-08:00
0,0,0,0,0,0,2018-01-26 11:04:02-08:00
6,6,3,1,1,2,2018-01-26 13:40:09-08:00
6,5,5,1,2,1,2018-01-31 09:27:02-08:00
1,1,0,0,0,1,2018-01-31 10:20:43-08:00
0,0,0,0,0,0,2018-01-31 10:23:34-08:00
1,2,2,2,2,1,2018-02-01 11:11:29-08:00
2,2,1,1,1,1,2018-02-01 11:24:26-08:00
0,0,0,0,0,0,2018-02-01 11:24:42-08:00
3,3,1,1,1,2,2018-02-02 10:14:49-08:00
3,1,1,1,1,0,2018-02-02 13:42:50-08:00
0,0,0,0,0,0,2018-02-02 13:43:20-08:00
4,5,1,1,1,1,2018-02-02 15:40:19-08:00
3,3,2,0,0,1,2018-02-05 13:56:35-08:00
2,2,2,0,0,0,2018-02-07 09:25:04-08:00
1,1,0,0,0,1,2018-02-07 10:10:10-08:00
0,0,0,0,0,0,2018-02-07 10:10:14-08:00
6,8,4,1,0,1,2018-02-08 16:43:16-08:00
2,2,2,0,0,0,2018-02-08 16:45:10-08:00
0,0,0,0,0,0,2018-02-08 16:58:15-08:00
5,5,4,1,0,1,2018-02-09 15:21:28-08:00
4,4,4,4,2,0,2018-02-13 11:32:19-08:00
3,3,2,0,0,1,2018-02-13 17:23:19-08:00
0,0,0,0,0,0,2018-02-13 17:25:27-08:00
0,0,0,0,0,0,2018-02-13 17:29:02-08:00
2,2,2,0,0,0,2018-02-13 17:33:50-08:00
6,6,4,1,0,1,2018-02-14 21:34:41-08:00
9,8,7,2,1,1,2018-02-21 16:05:01-08:00
4,4,4,1,0,1,2018-02-21 16:23:20-08:00
0,0,0,0,0,0,2018-02-21 16:28:38-08:00
6,4,2,0,0,2,2018-02-22 17:03:34-08:00
5,5,4,1,0,1,2018-02-23 13:36:09-08:00
0,0,0,0,0,0,2018-02-23 13:39:26-08:00
9,8,4,1,0,1,2018-02-26 16:12:39-08:00
0,0,0,0,0,0,2018-02-26 16:17:24-08:00
0,0,0,0,0,0,2018-02-26 16:17:24-08:00
0,0,0,0,0,0,2018-02-26 16:18:07-08:00
3,3,4,1,0,0,2018-02-27 13:45:37-08:00
4,2,1,1,0,1,2018-02-27 14:04:57-08:00
0,0,0,0,0,0,2018-02-27 14:08:34-08:00
3,4,3,1,0,0,2018-02-27 16:09:31-08:00
6,4,4,1,0,0,2018-02-28 14:13:16-08:00
5,5,2,0,0,5,2018-03-01 12:08:22-08:00
5,5,3,3,0,4,2018-03-02 10:00:29-08:00
1,1,1,1,0,0,2018-03-02 10:06:23-08:00
0,0,0,0,0,0,2018-03-02 10:06:36-08:00
4,4,2,0,0,4,2018-03-06 16:02:20-08:00
0,0,0,0,0,0,2018-03-06 16:22:27-08:00
3,2,1,0,0,2,2018-03-06 17:59:43-08:00
0,0,0,0,0,0,2018-04-11 14:25:42-07:00
0,0,0,0,0,0,2018-04-11 14:25:42-07:00
0,0,0,0,0,0,2018-04-11 14:26:27-07:00
0,0,0,0,0,0,2018-04-11 14:26:53-07:00
9,7,5,2,0,2,2018-04-11 14:54:30-07:00
0,0,0,0,0,0,2018-04-11 15:05:07-07:00
3,3,2,2,2,1,2018-04-13 16:30:45-07:00
0,0,0,0,0,0,2018-04-13 16:30:51-07:00
2,2,0,0,0,0,2018-04-13 16:58:33-07:00
5,5,2,0,0,5,2018-04-16 11:26:03-07:00
0,0,0,0,0,0,2018-04-16 11:26:24-07:00
3,1,0,0,0,1,2018-04-24 18:54:40-07:00
0,0,0,0,0,0,2018-04-24 18:55:27-07:00
0,0,0,0,0,0,2018-04-24 18:57:07-07:00
4,4,0,0,0,1,2018-04-25 11:18:20-07:00
5,5,1,1,0,1,2018-04-25 16:04:25-07:00
6,6,2,1,0,2,2018-04-27 09:35:01-07:00
2,2,0,0,0,1,2018-04-27 10:44:26-07:00
2,2,0,0,0,0,2018-04-27 14:28:45-07:00
3,3,0,0,0,1,2018-04-27 16:13:47-07:00
5,5,1,1,0,1,2018-04-30 23:51:54-07:00
0,0,0,0,0,0,2018-05-03 10:44:18-07:00
3,3,0,0,0,1,2018-05-03 22:52:45-07:00
3,3,0,0,0,1,2018-05-08 10:20:56-07:00
2,2,0,0,0,0,2018-05-08 14:20:09-07:00
3,3,0,0,0,1,2018-05-08 15:01:14-07:00
2,2,0,0,0,0,2018-05-08 15:58:56-07:00
1,1,0,0,0,0,2018-05-09 10:28:38-07:00
3,3,2,2,0,1,2018-05-09 16:25:09-07:00
2,2,2,2,0,0,2018-05-10 15:29:17-07:00
3,3,1,1,0,1,2018-05-22 09:33:49-07:00
3,3,2,2,0,1,2018-05-22 15:29:26-07:00
6,6,3,3,0,1,2018-05-24 22:37:09-07:00
12,13,8,5,0,2,2018-06-22 13:30:36-07:00
13,11,4,1,0,5,2018-07-25 10:06:25-07:00
5,5,3,1,0,1,2018-07-27 11:14:55-07:00
1,0,0,0,0,0,2018-07-27 14:56:33-07:00
10,7,2,2,0,5,2018-08-06 23:14:14-07:00
0,0,0,0,0,0,2018-08-07 11:13:50-07:00
1,2,1,1,0,1,2018-08-07 11:15:31-07:00
0,0,0,0,0,0,2018-08-07 11:17:08-07:00
2,1,1,1,0,0,2018-08-07 11:23:53-07:00
0,0,0,0,0,0,2018-08-07 16:47:44-07:00
3,4,4,1,0,0,2018-08-09 11:57:25-07:00
4,4,4,2,0,0,2018-08-09 17:14:52-07:00
2,3,3,1,0,0,2018-08-09 23:37:03-07:00
3,2,4,0,0,0,2018-08-10 15:44:11-07:00
2,3,4,0,0,0,2018-08-15 17:41:44-07:00
0,0,1,0,0,0,2018-08-17 14:22:41-07:00
5,2,2,1,0,1,2018-08-30 16:44:32-07:00
1,2,2,1,0,0,2018-09-04 17:48:57-07:00
1,1,0,0,0,0,2018-09-07 15:02:16-07:00
5,3,2,2,0,1,2018-09-17 16:27:38-07:00
1,1,0,0,0,1,2018-09-17 16:32:45-07:00
8,5,2,1,0,3,2018-09-21 10:16:52-07:00
5,5,1,1,0,1,2018-10-26 10:48:15-07:00
3,3,0,0,0,3,2018-10-29 12:30:32-07:00
0,0,0,0,0,0,2018-10-29 13:08:00-07:00
0,0,0,0,0,0,2018-10-29 13:13:30-07:00
1,4,2,1,0,0,2018-10-29 14:01:06-07:00
2,2,1,1,0,1,2018-10-29 14:01:54-07:00
0,0,0,0,0,0,2018-10-29 14:02:05-07:00
7,6,3,2,0,3,2018-11-06 11:24:55-08:00
1,3,0,0,0,1,2018-11-06 11:26:59-08:00
0,0,0,0,0,0,2018-11-06 12:35:21-08:00
0,2,1,0,0,0,2018-11-06 16:50:30-08:00
1,1,1,0,0,1,2018-11-06 16:51:43-08:00
0,0,0,0,0,0,2018-11-06 16:51:57-08:00
1,3,2,1,0,0,2018-11-06 17:11:15-08:00
4,6,3,2,0,2,2018-11-09 14:56:33-08:00
2,2,3,0,0,0,2018-11-13 14:49:04-08:00
8,8,5,2,0,4,2018-11-20 14:54:03-08:00
6,5,2,2,0,2,2018-11-21 12:11:09-08:00
2,2,0,0,0,2,2018-11-26 15:48:22-08:00
6,6,2,0,0,6,2018-11-30 16:18:12-08:00
4,4,2,0,0,4,2018-12-03 15:33:46-08:00
7,7,0,0,0,5,2019-02-15 15:49:44-08:00
18,21,8,5,1,5,2019-04-01 15:53:17-07:00
7,5,3,2,0,1,2019-04-26 13:47:58-07:00
7,7,4,3,0,0,2019-05-03 15:37:00-07:00
16,14,7,3,0,9,2019-06-25 10:55:47-07:00
1,0,1,0,0,0,2019-06-25 11:01:08-07:00
7,9,5,3,0,2,2019-07-02 11:04:10-07:00
19,20,11,6,0,11,2019-08-27 10:07:48-07:00
9,9,5,4,0,5,2019-10-01 15:40:23-07:00
14,15,6,6,0,5,2019-10-21 16:59:06-07:00
0,0,0,0,0,0,2019-10-21 17:05:16-07:00
8,8,4,4,0,4,2019-11-19 13:07:36-08:00
8,8,6,5,0,2,2019-11-22 15:56:53-08:00
8,8,4,4,0,4,2019-12-13 10:00:26-08:00
4,4,4,4,0,4,2019-12-13 12:53:47-08:00
0,0,0,0,0,0,2020-03-31 11:12:56-07:00
17,21,15,6,1,8,2020-07-06 11:06:48-07:00
4,4,2,2,0,2,2020-10-05 20:16:36-07:00
12,14,3,2,1,8,2020-10-05 20:38:00-07:00
0,0,0,0,0,0,2020-10-05 21:04:29-07:00
7,10,1,1,0,1,2020-10-06 17:02:00-07:00
6,5,0,0,0,0,2020-10-06 17:02:48-07:00
9,11,2,2,1,0,2020-10-13 21:13:24-07:00
7,6,2,2,0,2,2020-10-15 00:11:50-07:00
7,7,2,0,0,1,2020-11-03 14:49:00-08:00
23,29,18,13,8,7,2020-12-14 22:18:51-08:00
88,95,61,56,32,28,2020-12-14 22:22:24-08:00
5,9,4,0,0,0,2020-12-21 16:30:35-08:00
0,0,0,0,0,0,2020-12-21 16:42:46-08:00
0,0,0,0,0,0,2020-12-21 21:38:39-08:00
0,0,0,0,0,0,2020-12-21 21:58:10-08:00
0,0,0,0,0,0,2020-12-21 21:59:39-08:00
0,0,0,0,0,0,2020-12-21 22:01:21-08:00
0,0,0,0,0,0,2021-01-04 14:15:40-08:00
0,0,0,0,0,0,2021-01-04 17:14:10-08:00
0,0,0,0,0,0,2021-01-04 17:16:11-08:00
0,0,0,0,0,0,2021-01-04 17:22:55-08:00
0,0,0,0,0,0,2021-01-04 17:23:51-08:00
0,0,0,0,0,0,2021-01-04 17:30:41-08:00
0,0,0,0,0,0,2021-01-05 00:34:09-08:00
1,2,0,0,0,0,2021-01-05 00:45:07-08:00
1,0,1,1,0,0,2021-01-05 00:48:04-08:00
0,0,0,0,0,0,2021-01-28 11:46:08-08:00
