Acquisition,Preparation,Modeling,Training,Evaluation,Prediction,time
0,0,0,0,0,0,2019-10-26 14:39:48-04:00
9,9,10,1,0,0,2019-10-26 14:51:26-04:00
0,1,0,0,0,0,2019-10-26 14:53:01-04:00
6,10,1,4,1,4,2019-10-26 12:05:02-07:00
1,1,0,0,0,0,2019-10-26 12:08:36-07:00
0,0,0,0,0,0,2019-10-26 15:13:39-04:00
0,0,0,0,0,0,2019-10-26 12:15:59-07:00
0,0,0,0,0,0,2019-10-26 12:31:15-07:00
1,2,0,1,0,1,2019-10-26 12:58:10-07:00
0,0,0,0,0,0,2019-10-26 12:59:44-07:00
0,0,0,0,0,0,2019-10-26 17:11:15-04:00
0,0,0,0,0,0,2019-10-26 18:09:31-04:00
0,0,0,0,0,0,2019-10-26 18:49:53-04:00
3,6,0,1,0,1,2019-10-26 21:30:27-07:00
0,0,0,0,0,0,2019-10-27 10:22:04-07:00
4,8,1,2,0,2,2019-10-27 15:27:56-07:00
0,0,0,0,0,0,2019-10-27 21:35:42-04:00
2,2,1,2,0,2,2019-10-27 19:21:16-07:00
0,1,0,1,1,1,2019-10-28 00:40:17-04:00
0,0,0,0,0,0,2019-10-28 01:12:15-04:00
0,1,0,1,1,1,2019-10-27 22:13:28-07:00
0,0,0,0,0,0,2019-10-27 22:13:35-07:00
1,1,0,0,0,0,2019-10-28 09:43:57-07:00
1,1,0,1,0,1,2019-11-03 13:52:02-08:00
1,1,0,1,0,1,2019-11-12 20:02:47-08:00
1,1,0,1,0,1,2019-11-18 14:16:56-08:00
0,0,0,0,0,0,2019-12-02 17:03:50-08:00
1,1,0,1,0,1,2019-12-29 20:23:00-08:00
0,1,0,0,0,0,2020-02-19 19:02:27-08:00
6,9,2,3,0,3,2020-06-24 21:31:08-07:00
0,0,0,0,0,0,2020-06-26 09:53:04-07:00
0,0,0,0,0,0,2020-06-26 09:53:39-07:00
0,1,0,0,0,0,2020-06-29 16:12:37-07:00
0,0,0,0,0,0,2020-07-26 01:50:53+09:00
0,0,0,0,0,0,2020-07-25 15:20:49-04:00
0,1,0,0,0,0,2020-07-27 08:37:31-07:00
0,0,0,0,0,0,2020-08-26 16:42:40-07:00
0,0,0,0,0,0,2020-08-26 16:53:48-07:00
0,0,0,0,0,0,2020-08-26 16:57:45-07:00
10,28,5,5,3,6,2020-11-02 17:44:57-08:00
0,0,0,0,0,0,2020-11-02 18:03:57-08:00
0,0,0,0,0,0,2020-11-02 19:44:11-08:00
0,0,0,0,0,0,2020-11-02 19:44:47-08:00
0,0,0,0,0,0,2020-11-02 19:58:23-08:00
0,0,0,0,0,0,2020-11-02 20:10:57-08:00
0,1,0,0,0,0,2020-11-09 18:35:19-08:00
1,4,0,0,0,0,2020-11-10 20:04:43-08:00
0,0,0,0,0,0,2020-11-10 20:10:33-08:00
4,7,0,1,0,2,2020-11-10 20:26:40-08:00
1,2,0,1,0,1,2020-11-11 12:20:26-08:00
2,2,0,1,0,1,2020-11-11 13:51:59-08:00
1,1,0,0,0,0,2020-11-12 18:22:25+00:00
2,4,1,1,0,1,2020-11-12 21:23:42+00:00
3,6,0,0,0,1,2020-11-12 21:44:35+00:00
1,4,0,1,0,2,2020-11-12 22:00:09+00:00
0,1,0,0,0,0,2020-11-12 22:40:58+00:00
2,2,0,0,0,0,2020-11-13 01:07:06+00:00
0,0,0,0,0,0,2020-11-12 17:28:29-08:00
0,0,0,0,0,0,2020-11-12 17:41:58-08:00
0,0,0,0,0,0,2020-11-12 17:43:06-08:00
0,0,0,0,0,0,2020-11-12 19:19:06-08:00
0,0,0,0,0,0,2020-11-12 19:35:16-08:00
1,1,0,0,0,0,2020-11-13 05:59:29+00:00
0,0,0,0,0,0,2020-11-12 22:03:18-08:00
0,0,0,0,0,0,2020-11-13 03:53:26-08:00
0,0,0,0,0,0,2020-11-13 08:51:28-08:00
0,0,0,0,0,0,2020-11-13 08:57:55-08:00
0,0,0,0,0,0,2020-11-13 09:00:00-08:00
0,0,0,0,0,0,2020-11-13 11:31:08-08:00
0,0,0,0,0,0,2020-11-13 14:31:57-08:00
2,2,0,0,0,0,2020-11-13 15:26:54-08:00
0,0,0,0,0,0,2020-11-14 08:59:09-08:00
2,4,3,2,2,3,2020-11-14 09:05:25-08:00
0,0,0,0,0,0,2020-11-15 11:22:57-08:00
6,9,4,3,1,1,2020-11-15 19:55:36+00:00
0,0,0,0,0,0,2020-11-15 20:38:37+00:00
0,0,0,0,0,0,2020-11-15 13:15:31-08:00
0,0,0,0,0,0,2020-11-15 22:53:47+00:00
0,0,0,0,0,0,2020-11-15 23:07:37+00:00
0,0,0,0,0,0,2020-11-15 20:44:41-08:00
0,0,0,0,0,0,2020-11-16 12:08:08-08:00
0,0,0,0,0,0,2020-11-16 18:14:36-08:00
0,0,0,0,0,0,2020-11-16 18:16:32-08:00
1,1,0,0,0,0,2020-11-16 18:36:31-08:00
1,3,0,0,0,0,2020-11-23 17:59:44+00:00
0,3,1,1,1,0,2020-11-23 19:21:28+00:00
0,0,0,0,0,0,2021-02-05 11:05:27-08:00
0,0,0,0,0,0,2021-06-03 10:16:17-07:00
0,0,0,0,0,0,2021-06-03 10:18:04-07:00
0,0,0,0,0,0,2021-06-09 22:59:16-07:00
0,1,0,0,0,1,2022-01-13 16:57:19-08:00
