Acquisition,Preparation,Modeling,Training,Evaluation,Prediction,time
0,0,0,0,0,0,2021-09-27 15:22:10+01:00
46,103,45,3,9,3,2021-09-27 17:58:28+01:00
1,1,1,1,1,1,2021-09-28 15:14:33+01:00
0,0,0,0,0,0,2021-09-28 15:31:14+01:00
0,0,0,0,0,0,2021-09-28 15:32:05+01:00
1,1,1,1,1,1,2021-09-28 15:33:35+01:00
0,0,0,0,0,0,2021-09-28 15:43:32+01:00
0,0,0,0,0,0,2021-09-28 15:47:35+01:00
0,0,0,0,0,0,2021-09-28 15:48:39+01:00
0,0,0,0,0,0,2021-09-28 15:54:45+01:00
0,0,0,0,0,0,2021-09-28 16:00:06+01:00
1,1,1,1,1,1,2021-09-28 16:03:11+01:00
0,0,0,0,0,0,2021-09-28 16:18:31+01:00
1,1,1,1,1,1,2021-09-28 16:51:51+01:00
1,1,1,1,1,1,2021-09-28 16:54:08+01:00
1,1,1,1,1,1,2021-09-28 16:55:57+01:00
1,1,1,1,1,1,2021-09-28 16:57:10+01:00
1,1,1,1,1,1,2021-09-28 16:59:28+01:00
2,2,2,2,2,2,2021-09-28 18:01:43+01:00
1,1,1,1,1,1,2021-09-28 18:02:39+01:00
0,0,0,0,0,0,2021-09-28 18:09:27+01:00
1,1,1,1,1,1,2021-09-28 18:17:25+01:00
1,1,1,1,1,1,2021-09-28 18:21:19+01:00
1,1,1,1,1,1,2021-09-28 18:23:49+01:00
1,1,1,1,1,1,2021-09-28 21:42:11+01:00
3,1,1,3,3,3,2021-09-28 21:51:43+01:00
1,1,1,1,1,1,2021-09-28 21:53:35+01:00
3,3,1,3,3,3,2021-09-29 12:07:23+01:00
2,2,0,0,0,0,2021-09-30 10:59:41+01:00
6,6,5,6,4,4,2021-11-20 02:06:05+00:00
1,1,1,1,1,1,2021-11-22 19:24:44+00:00
3,3,3,3,3,3,2021-11-24 18:37:14+00:00
4,4,3,4,3,3,2021-11-26 13:16:15+00:00
1,1,1,1,1,1,2021-11-26 17:59:12+00:00
1,1,1,1,1,1,2021-12-03 20:00:40+00:00
1,1,1,1,1,1,2021-12-03 20:02:05+00:00
0,0,0,0,0,0,2021-12-03 20:02:27+00:00
1,1,1,1,1,1,2021-12-03 22:00:07+00:00
1,1,1,1,1,1,2021-12-03 22:01:57+00:00
0,0,0,0,0,0,2021-12-03 22:02:15+00:00
0,1,1,1,0,0,2021-12-03 22:03:23+00:00
1,1,1,0,0,0,2021-12-03 22:03:47+00:00
1,1,0,1,0,0,2021-12-03 22:04:17+00:00
1,1,1,1,0,0,2021-12-03 22:04:52+00:00
1,1,1,1,0,0,2021-12-03 22:05:17+00:00
0,0,0,0,0,0,2021-12-03 22:05:28+00:00
1,1,1,1,1,1,2022-01-13 19:09:46+00:00
1,1,1,1,1,1,2022-01-13 19:10:26+00:00
0,0,0,0,0,0,2022-01-13 19:10:40+00:00
12,13,12,12,11,11,2022-01-29 19:26:19+00:00
0,0,0,0,0,0,2022-02-20 18:47:28+00:00
0,0,0,0,0,0,2022-02-20 18:47:53+00:00
1,1,0,0,0,0,2022-02-20 18:51:27+00:00
0,1,0,0,0,0,2022-02-20 19:13:07+00:00
0,1,0,0,0,0,2022-02-20 19:18:44+00:00
1,2,1,1,1,2,2022-02-21 23:42:39+00:00
0,1,0,0,0,1,2022-02-21 23:44:52+00:00
0,0,0,0,0,1,2022-02-22 00:14:59+00:00
0,0,0,0,0,1,2022-02-22 00:18:44+00:00
0,1,0,0,0,1,2022-02-22 16:00:16+00:00
0,1,0,0,0,1,2022-02-22 16:22:08+00:00
1,2,1,1,1,2,2022-02-23 22:33:24+00:00
53,56,52,53,43,43,2022-03-04 18:08:05+00:00
101,164,100,59,53,49,2022-03-10 11:30:59+00:00
0,1,0,0,0,1,2022-03-18 12:28:25+00:00
0,0,0,0,0,0,2022-03-18 12:30:20+00:00
0,1,0,0,0,0,2022-03-18 12:31:31+00:00
0,1,0,0,0,0,2022-03-18 12:35:09+00:00
0,1,0,0,0,0,2022-05-08 19:39:13+01:00
