Acquisition,Preparation,Modeling,Training,Evaluation,Prediction,time
0,0,0,0,0,0,2020-07-30 18:22:27-07:00
2,1,0,0,1,0,2020-07-30 23:15:43-07:00
0,0,0,0,0,0,2020-07-30 23:22:42-07:00
2,1,0,0,1,0,2020-07-31 22:15:38-07:00
0,0,0,0,0,0,2020-07-31 22:17:10-07:00
0,0,0,0,0,0,2020-07-31 22:17:20-07:00
2,2,2,2,2,1,2020-08-01 23:24:47-07:00
3,3,0,0,1,1,2020-08-03 23:19:59-07:00
2,3,0,0,2,2,2020-08-04 21:43:17-07:00
4,5,0,0,2,1,2020-08-08 23:07:17-07:00
5,5,3,3,0,3,2020-08-11 22:08:09-07:00
1,2,1,2,0,2,2020-08-12 20:38:12-07:00
0,1,0,0,0,1,2020-08-12 20:52:25-07:00
0,2,0,1,0,2,2020-08-12 21:36:28-07:00
2,2,1,2,0,3,2020-08-12 23:04:39-07:00
1,3,1,2,0,3,2020-08-12 23:10:52-07:00
10,11,6,6,3,7,2020-08-13 14:12:07-07:00
0,1,0,0,0,1,2020-08-13 17:00:47-07:00
2,1,0,0,0,0,2020-08-13 23:33:46-07:00
0,0,0,0,0,0,2020-08-14 21:26:20-07:00
0,0,0,0,0,0,2020-08-14 21:29:55-07:00
0,0,0,0,0,0,2020-08-14 21:33:44-07:00
0,0,0,0,0,0,2020-08-15 10:46:25-07:00
0,0,0,0,0,0,2020-08-15 10:49:30-07:00
2,3,0,1,0,1,2020-08-15 20:46:10-07:00
0,0,0,0,0,0,2020-08-15 20:50:03-07:00
1,2,0,0,0,0,2020-08-15 20:59:50-07:00
0,1,0,0,0,0,2020-08-15 21:05:08-07:00
0,1,0,0,0,0,2020-08-15 21:22:48-07:00
1,1,0,0,0,0,2020-08-15 21:30:07-07:00
2,3,0,1,0,3,2020-08-15 23:11:52-07:00
1,3,0,1,0,3,2020-08-16 16:36:30-07:00
1,1,0,0,0,0,2020-08-16 16:40:30-07:00
5,7,0,1,0,4,2020-08-16 16:48:41-07:00
1,1,0,0,0,0,2020-08-16 17:21:05-07:00
1,1,0,0,0,0,2020-08-16 21:23:34-07:00
1,1,0,0,0,0,2020-08-16 21:29:09-07:00
2,2,0,0,0,0,2020-08-16 22:58:36-07:00
1,1,0,0,0,0,2020-08-16 23:06:39-07:00
1,1,0,0,0,0,2020-08-19 13:39:42-07:00
3,2,0,0,0,1,2020-08-19 23:28:41-07:00
1,1,0,0,0,0,2020-08-20 15:00:11-07:00
1,0,0,0,0,0,2020-08-20 15:12:54-07:00
0,0,0,0,0,0,2020-08-20 15:18:58-07:00
1,0,0,0,0,0,2020-08-20 15:28:46-07:00
2,1,0,0,0,0,2020-08-20 19:44:13-07:00
2,2,0,0,0,0,2020-08-20 21:45:21-07:00
1,1,0,0,0,0,2020-08-22 12:52:59-07:00
2,2,0,0,0,0,2020-08-22 13:10:45-07:00
2,2,0,0,0,0,2020-08-22 21:52:03-07:00
0,0,0,0,0,0,2020-08-22 21:52:55-07:00
1,1,0,0,0,0,2020-08-23 21:38:51-07:00
1,2,0,0,0,0,2020-08-25 13:51:08-07:00
