Acquisition,Preparation,Modeling,Training,Evaluation,Prediction,time
0,0,0,0,0,0,2018-10-12 14:30:42+01:00
1,4,1,0,0,1,2018-10-15 10:18:44+01:00
0,0,0,0,0,0,2020-06-12 14:35:46+01:00
0,0,0,0,0,0,2020-06-12 14:36:37+01:00
0,0,0,0,0,0,2020-06-12 14:36:53+01:00
0,0,0,0,0,0,2020-06-12 14:38:44+01:00
0,0,0,0,0,0,2020-06-12 14:38:53+01:00
0,1,0,0,0,0,2020-06-12 14:39:18+01:00
0,1,0,0,0,0,2020-06-12 18:42:59+01:00
0,1,0,0,0,0,2020-06-12 18:43:20+01:00
0,2,0,0,0,0,2020-06-12 18:43:56+01:00
0,1,0,0,0,0,2020-06-12 18:44:31+01:00
0,1,0,0,0,0,2020-06-12 18:44:40+01:00
0,0,0,0,0,0,2020-06-12 18:44:52+01:00
0,1,1,0,0,0,2020-07-06 14:30:22+01:00
0,1,0,0,0,0,2020-07-07 15:01:42+01:00
0,1,1,0,0,0,2020-07-07 15:18:15+01:00
0,1,1,0,0,0,2020-07-07 15:21:09+01:00
0,1,1,0,0,0,2020-07-07 17:33:23+01:00
0,1,1,0,0,0,2020-07-07 17:35:06+01:00
0,0,0,0,0,0,2020-07-07 17:35:19+01:00
0,1,1,0,1,0,2020-07-09 21:16:51+01:00
0,0,0,0,0,0,2020-07-10 08:16:47+01:00
1,6,2,0,1,1,2020-07-11 14:28:58+01:00
0,0,0,0,0,0,2020-07-11 14:35:02+01:00
1,0,0,0,0,0,2020-07-11 14:35:18+01:00
0,1,0,0,0,0,2020-07-11 14:35:54+01:00
1,0,0,0,0,0,2020-07-11 14:41:00+01:00
0,4,1,0,1,0,2020-07-11 14:41:17+01:00
0,0,0,0,0,0,2020-07-11 15:06:46+01:00
0,1,1,0,1,0,2020-07-11 15:14:45+01:00
0,1,1,0,1,0,2020-07-13 11:03:10+01:00
0,3,1,0,1,0,2020-07-13 11:04:10+01:00
0,0,0,0,0,0,2020-07-13 11:04:25+01:00
0,1,1,0,1,0,2020-07-13 11:35:35+01:00
0,0,0,0,0,0,2020-07-13 11:47:34+01:00
0,2,0,0,1,0,2020-07-13 17:40:14+01:00
0,1,1,0,1,0,2020-07-13 17:40:31+01:00
0,1,1,0,0,0,2020-07-16 12:08:18+01:00
0,0,0,0,0,0,2020-07-16 12:26:18+01:00
0,1,0,0,1,0,2020-07-16 12:28:13+01:00
0,1,0,0,1,0,2020-07-16 12:28:38+01:00
0,1,0,0,1,0,2020-07-16 12:28:46+01:00
0,1,1,0,1,0,2020-07-16 12:29:06+01:00
0,0,0,0,0,0,2020-07-16 12:29:37+01:00
1,0,0,0,0,0,2020-07-16 12:31:12+01:00
0,0,0,0,0,0,2020-07-16 12:41:57+01:00
0,1,0,0,0,0,2020-07-18 12:41:08+01:00
0,1,0,0,1,0,2020-07-18 12:46:32+01:00
0,1,1,0,1,0,2020-07-18 23:27:26+01:00
0,1,1,0,1,0,2020-07-21 17:59:53+01:00
0,1,1,0,1,0,2020-07-21 18:00:33+01:00
0,1,1,0,1,0,2020-07-21 18:01:10+01:00
0,1,0,0,0,0,2020-07-21 18:01:46+01:00
0,2,1,0,2,0,2020-07-21 18:03:53+01:00
0,0,0,0,0,0,2020-07-22 10:33:47+01:00
0,3,1,0,2,0,2020-07-25 12:10:20+01:00
0,1,1,0,0,0,2020-07-25 12:12:31+01:00
1,1,0,0,1,0,2020-08-28 13:06:54+01:00
0,0,0,0,0,0,2020-08-28 13:08:36+01:00
0,0,0,0,0,0,2020-08-28 13:09:29+01:00
1,0,0,0,0,0,2020-09-11 12:03:24+01:00
0,1,1,0,1,0,2020-09-11 12:04:16+01:00
1,1,0,0,1,0,2020-09-11 12:04:45+01:00
1,1,0,0,1,0,2020-09-11 12:05:00+01:00
0,1,1,0,0,0,2020-09-11 12:05:53+01:00
0,0,0,0,0,0,2020-09-11 12:06:16+01:00
0,1,1,0,0,0,2020-10-01 20:09:55+01:00
0,1,0,0,1,0,2020-10-01 20:11:54+01:00
0,1,0,0,1,0,2020-10-01 20:12:22+01:00
0,0,0,0,0,0,2020-10-01 21:13:49+01:00
0,1,0,0,1,0,2020-10-01 21:14:08+01:00
0,0,0,0,0,0,2020-10-01 21:14:26+01:00
0,1,0,0,1,0,2020-10-02 12:53:24+01:00
0,0,0,0,0,0,2020-10-02 12:53:33+01:00
0,2,1,0,0,0,2020-10-08 11:26:17+01:00
0,1,1,0,0,0,2020-10-08 11:26:36+01:00
0,0,0,0,0,0,2020-10-08 11:26:49+01:00
0,0,0,0,0,0,2020-10-08 11:27:27+01:00
0,0,0,0,0,0,2020-10-08 11:27:37+01:00
0,0,0,0,0,0,2020-10-08 11:37:46+01:00
0,1,1,0,0,0,2020-10-08 19:54:20+01:00
0,0,0,0,0,0,2020-10-08 19:54:30+01:00
1,1,0,0,1,0,2020-10-11 19:11:05+01:00
0,1,1,0,1,0,2020-10-11 19:12:19+01:00
0,2,0,0,2,0,2020-10-11 19:13:11+01:00
0,0,0,0,0,0,2020-10-11 19:13:27+01:00
0,1,0,0,1,0,2020-10-11 19:15:46+01:00
0,1,1,0,1,0,2020-10-12 19:27:15+01:00
0,0,0,0,0,0,2020-10-12 19:27:43+01:00
0,1,1,0,1,0,2020-10-13 10:36:31+01:00
0,0,0,0,0,0,2020-10-13 10:36:49+01:00
0,1,1,0,0,0,2020-10-16 15:49:17+01:00
0,3,1,0,3,0,2020-10-16 15:49:51+01:00
0,1,1,0,1,0,2020-10-16 15:50:24+01:00
0,0,0,0,0,0,2020-10-16 15:50:47+01:00
1,1,0,0,1,0,2020-10-18 19:19:28+02:00
0,0,0,0,0,0,2020-10-19 08:38:58+01:00
0,0,0,0,0,0,2020-11-09 15:42:42+00:00
1,0,0,0,0,0,2020-11-09 16:58:21+00:00
0,0,0,0,0,0,2020-11-09 17:01:14+00:00
0,1,1,0,1,0,2020-11-09 17:01:49+00:00
0,0,0,0,0,0,2020-11-09 17:05:23+00:00
0,0,0,0,0,0,2020-11-09 17:05:47+00:00
1,13,5,0,7,0,2021-03-31 17:10:43+01:00
0,0,0,0,0,0,2021-04-01 13:21:04+01:00
1,0,0,0,0,0,2021-04-01 13:21:30+01:00
0,0,0,0,0,0,2021-04-01 13:22:12+01:00
0,0,0,0,0,0,2021-04-01 14:48:56+01:00
0,1,1,0,0,0,2021-04-01 15:23:03+01:00
0,1,0,0,1,0,2021-04-01 15:23:31+01:00
0,7,3,0,5,0,2021-04-01 15:24:37+01:00
0,0,0,0,0,0,2021-04-01 15:24:45+01:00
0,0,0,0,0,0,2021-04-01 15:25:01+01:00
0,1,1,0,0,0,2021-04-02 14:50:51+01:00
0,0,0,0,0,0,2021-04-02 14:51:16+01:00
0,1,1,0,0,0,2021-04-02 20:55:56+01:00
0,5,4,0,2,1,2021-04-03 09:59:17+01:00
0,1,0,0,1,0,2021-04-03 10:01:49+01:00
0,0,0,0,0,0,2021-04-05 11:08:30+01:00
0,1,0,0,1,0,2021-04-05 11:16:32+01:00
0,2,1,0,1,1,2021-04-05 11:17:13+01:00
0,0,0,0,0,0,2021-04-05 11:19:28+01:00
0,1,1,0,0,0,2021-04-05 15:43:36+01:00
1,4,0,0,3,0,2021-04-05 22:28:20+01:00
0,0,0,0,0,0,2021-04-05 23:12:21+01:00
0,0,0,0,0,0,2021-04-05 23:17:43+01:00
0,0,0,0,0,0,2021-04-05 23:20:17+01:00
0,0,0,0,0,0,2021-04-05 23:21:59+01:00
0,0,0,0,0,0,2021-04-05 22:22:41+00:00
1,0,0,0,0,0,2021-04-06 15:43:06+01:00
0,0,0,0,0,0,2021-04-07 07:57:08+01:00
1,2,1,0,2,0,2021-04-07 07:57:26+01:00
0,0,0,0,0,0,2021-04-07 07:57:35+01:00
0,0,0,0,0,0,2021-04-07 06:58:15+00:00
0,4,2,0,3,2,2021-04-07 14:35:30+01:00
0,1,1,0,0,0,2021-04-07 14:35:50+01:00
0,0,0,0,0,0,2021-04-07 13:36:29+00:00
0,1,0,0,1,1,2021-04-07 14:58:15+01:00
0,1,1,0,0,1,2021-04-07 14:58:25+01:00
0,1,1,0,1,0,2021-04-07 15:00:35+01:00
0,0,0,0,1,0,2021-04-07 15:01:14+01:00
0,0,0,0,0,0,2021-04-07 15:01:29+01:00
0,0,0,0,0,0,2021-04-07 14:02:11+00:00
0,5,4,0,3,2,2021-04-08 09:54:27+01:00
0,1,0,0,0,0,2021-04-08 09:56:35+01:00
0,0,0,0,0,0,2021-04-08 09:57:05+01:00
0,0,0,0,0,0,2021-04-08 08:57:52+00:00
0,1,0,0,0,0,2021-04-08 10:15:05+01:00
0,0,0,0,0,0,2021-04-08 09:15:50+00:00
0,0,0,0,0,0,2021-04-08 17:54:30+01:00
1,0,0,0,0,0,2021-04-09 09:11:43+01:00
0,1,0,0,1,0,2021-04-09 16:07:09+01:00
0,1,0,0,1,0,2021-04-09 16:08:35+01:00
0,1,0,0,1,0,2021-04-09 16:10:30+01:00
1,0,0,0,0,0,2021-04-11 08:20:59+01:00
1,1,0,0,1,0,2021-04-13 10:07:10+01:00
0,0,0,0,0,0,2021-04-13 10:07:42+01:00
0,0,0,0,0,0,2021-04-13 09:08:28+00:00
0,3,0,0,3,1,2021-04-20 09:07:36+01:00
0,0,0,0,0,0,2021-04-20 09:07:45+01:00
1,0,0,0,0,0,2021-04-20 09:08:32+01:00
0,0,0,0,0,0,2021-04-20 09:09:15+01:00
0,0,0,0,0,0,2021-04-20 09:36:31+01:00
0,0,0,0,0,0,2021-04-20 09:42:12+01:00
0,1,0,0,1,0,2021-04-20 11:23:22+01:00
1,0,0,0,0,0,2021-04-23 09:33:22+01:00
0,1,0,0,1,0,2021-04-23 09:33:34+01:00
0,0,0,0,0,0,2021-04-23 08:34:32+00:00
0,0,0,0,0,0,2021-04-30 16:06:37+01:00
0,1,1,0,0,1,2021-04-30 16:07:00+01:00
0,1,1,0,0,0,2021-04-30 16:07:38+01:00
0,1,0,0,1,0,2021-04-30 16:13:13+01:00
1,1,0,0,1,0,2021-07-26 22:40:22+01:00
0,0,0,0,0,0,2021-07-26 22:40:33+01:00
0,0,0,0,0,0,2021-07-26 21:41:21+00:00
0,0,0,0,0,0,2021-07-26 22:54:40+01:00
0,1,0,0,1,0,2021-08-01 11:54:09+01:00
0,1,0,0,1,0,2021-08-01 22:35:09+01:00
0,1,1,0,1,0,2021-08-01 22:36:27+01:00
0,0,0,0,0,0,2021-08-01 21:37:18+00:00
0,1,1,0,1,0,2021-08-02 10:26:36+01:00
0,2,1,0,1,1,2021-08-19 11:05:58+01:00
0,0,0,0,0,0,2021-08-19 11:07:36+01:00
0,1,1,0,1,0,2021-08-19 11:09:39+01:00
0,0,0,0,0,0,2021-08-19 10:10:28+00:00
0,1,0,0,1,0,2021-08-19 12:19:12+01:00
0,1,1,0,1,0,2021-08-19 12:19:47+01:00
0,1,1,0,1,0,2021-08-19 12:44:16+01:00
0,1,1,0,1,0,2021-09-06 13:10:35+01:00
3,12,5,0,9,2,2021-09-07 17:41:38+01:00
0,0,0,0,0,0,2021-09-07 16:42:28+00:00
1,1,0,0,2,0,2021-12-09 22:05:25+00:00
0,1,1,0,1,0,2021-12-09 22:05:39+00:00
0,0,0,0,0,0,2021-12-09 22:05:50+00:00
0,0,0,0,0,0,2021-12-09 22:06:39+00:00
0,0,0,0,0,0,2022-02-18 17:27:21+00:00
0,0,0,0,0,0,2022-02-18 17:28:05+00:00
1,1,0,0,1,0,2022-04-03 20:13:31+01:00
0,0,0,0,0,0,2022-04-03 19:18:50+00:00
1,1,0,0,1,0,2022-04-03 21:24:12+01:00
0,1,0,0,1,0,2022-04-03 21:24:22+01:00
0,0,0,0,0,0,2022-04-03 21:24:30+01:00
0,0,0,0,0,0,2022-04-03 20:25:14+00:00
0,0,0,0,0,0,2022-04-03 21:27:30+01:00
0,0,0,0,0,0,2022-04-03 20:28:13+00:00
0,0,0,0,0,0,2022-04-03 21:51:42+01:00
0,0,0,0,0,0,2022-04-03 20:52:36+00:00
1,1,0,0,1,0,2022-06-09 10:54:10+01:00
1,1,0,0,1,0,2022-06-09 10:54:42+01:00
0,0,0,0,0,0,2022-06-09 10:54:51+01:00
0,0,0,0,0,0,2022-06-09 09:55:36+00:00
1,1,0,0,1,0,2022-06-11 12:22:18-04:00
0,0,0,0,0,0,2022-06-12 14:41:21+01:00
0,0,0,0,0,0,2022-06-12 13:42:03+00:00
