Acquisition,Preparation,Modeling,Training,Evaluation,Prediction,time
0,0,0,0,0,0,2017-11-09 11:47:54-06:00
1,2,0,0,0,0,2017-11-09 12:46:20-06:00
0,0,0,0,0,0,2017-11-09 18:49:14+00:00
0,0,0,0,0,0,2017-11-09 12:57:12-06:00
0,0,0,0,0,0,2017-11-09 12:59:39-06:00
0,0,0,0,0,0,2017-11-09 14:15:50-06:00
0,0,0,0,0,0,2017-11-09 14:57:56-06:00
0,0,0,0,0,0,2017-11-16 21:39:17+00:00
1,1,0,0,0,0,2017-11-16 15:44:08-06:00
1,1,0,0,0,0,2017-11-16 15:59:45-06:00
2,26,0,0,2,1,2017-11-16 22:08:47+00:00
2,2,0,0,0,0,2017-11-17 17:47:03+00:00
1,1,0,0,0,0,2017-11-17 21:50:27+00:00
1,1,0,0,0,0,2017-11-17 15:55:19-06:00
5,30,0,0,2,1,2018-01-02 20:41:29+00:00
122,450,66,60,64,57,2018-01-02 20:46:03+00:00
0,0,0,0,0,0,2018-01-02 21:01:41+00:00
0,0,0,0,0,0,2018-01-02 15:18:09-06:00
0,0,0,0,0,0,2018-01-02 15:52:13-06:00
0,0,0,0,0,0,2018-01-02 16:01:23-06:00
0,0,0,0,0,0,2018-01-02 16:09:26-06:00
0,0,0,0,0,0,2018-01-02 16:11:09-06:00
0,1,0,0,0,0,2018-01-02 19:32:41-06:00
0,1,0,0,0,0,2018-01-02 19:40:09-06:00
0,1,0,0,0,0,2018-01-02 19:42:08-06:00
0,1,0,0,0,0,2018-01-02 19:43:04-06:00
0,1,0,0,0,0,2018-01-02 20:27:59-06:00
0,1,0,0,0,0,2018-01-02 20:28:33-06:00
0,1,0,0,0,0,2018-01-02 20:40:31-06:00
0,1,0,0,0,0,2018-01-02 20:41:59-06:00
0,1,0,0,0,0,2018-01-02 20:51:02-06:00
0,1,0,0,0,0,2018-01-02 21:04:58-06:00
0,0,0,0,0,0,2018-01-03 12:31:27-06:00
0,0,0,0,0,0,2018-01-03 18:32:11+00:00
0,0,0,0,0,0,2018-01-03 18:32:21+00:00
0,0,0,0,0,0,2018-01-03 12:34:54-06:00
0,0,0,0,0,0,2018-01-03 18:35:06+00:00
0,0,0,0,0,0,2018-01-03 12:37:49-06:00
0,0,0,0,0,0,2018-01-03 18:37:56+00:00
0,0,0,0,0,0,2018-01-03 15:48:50-06:00
0,0,0,0,0,0,2018-01-03 21:50:33+00:00
0,0,0,0,0,0,2018-01-03 16:49:35-06:00
0,0,0,0,0,0,2018-01-03 22:49:55+00:00
0,0,0,0,0,0,2018-01-03 22:50:54+00:00
0,0,0,0,0,0,2018-01-03 17:01:52-06:00
0,0,0,0,0,0,2018-01-03 17:02:38-06:00
0,0,0,0,0,0,2018-01-03 17:19:46-06:00
0,0,0,0,0,0,2018-01-03 17:45:10-06:00
0,0,0,0,0,0,2018-01-03 17:45:24-06:00
0,0,0,0,0,0,2018-01-03 17:50:15-06:00
0,0,0,0,0,0,2018-01-03 18:03:09-06:00
0,0,0,0,0,0,2018-01-03 18:06:10-06:00
0,0,0,0,0,0,2018-01-04 00:07:29+00:00
0,0,0,0,0,0,2018-01-03 18:08:59-06:00
0,0,0,0,0,0,2018-01-03 18:09:55-06:00
0,0,0,0,0,0,2018-01-04 00:10:33+00:00
0,0,0,0,0,0,2018-01-03 18:11:22-06:00
0,0,0,0,0,0,2018-01-03 18:11:55-06:00
0,0,0,0,0,0,2018-01-03 18:13:33-06:00
0,0,0,0,0,0,2018-01-03 18:29:48-06:00
0,0,0,0,0,0,2018-01-03 18:44:42-06:00
1,1,0,0,0,0,2018-01-04 15:33:42-06:00
1,1,0,0,0,0,2018-01-04 16:04:15-06:00
1,1,0,0,0,0,2018-01-04 16:06:41-06:00
0,0,0,0,0,0,2018-01-04 16:14:10-06:00
0,0,0,0,0,0,2018-01-04 16:24:42-06:00
0,0,0,0,0,0,2018-01-04 16:26:22-06:00
0,0,0,0,0,0,2018-01-04 16:48:27-06:00
0,0,0,0,0,0,2018-01-04 16:52:24-06:00
0,1,0,0,0,0,2018-01-04 16:59:59-06:00
0,1,0,0,0,0,2018-01-04 17:07:45-06:00
1,2,1,1,0,1,2018-01-04 17:08:11-06:00
9,46,2,3,11,10,2018-01-04 23:25:26+00:00
0,1,1,1,0,1,2018-01-04 17:27:15-06:00
0,0,0,0,0,0,2018-01-04 23:27:25+00:00
10,41,2,3,11,10,2018-01-04 17:29:57-06:00
0,1,1,1,0,1,2018-01-04 17:30:50-06:00
0,1,0,0,0,0,2018-01-04 17:34:17-06:00
0,1,0,0,0,0,2018-01-04 17:36:10-06:00
0,2,0,0,0,0,2018-01-04 17:37:27-06:00
0,2,0,0,0,0,2018-01-04 17:39:37-06:00
0,6,1,1,0,1,2018-01-05 15:03:23-06:00
1,1,0,1,0,0,2018-01-05 15:10:23-06:00
1,1,0,1,0,0,2018-01-05 15:24:08-06:00
0,0,0,0,0,0,2018-01-05 15:30:49-06:00
0,1,1,1,0,1,2018-01-05 15:37:32-06:00
0,0,0,0,0,0,2018-01-05 15:52:48-06:00
1,0,0,0,1,0,2018-01-05 15:56:59-06:00
1,0,0,0,1,0,2018-01-05 15:57:33-06:00
0,0,0,0,0,0,2018-01-05 16:00:03-06:00
0,0,0,0,0,0,2018-01-05 16:00:42-06:00
2,2,0,1,0,0,2018-01-05 16:20:50-06:00
0,0,0,0,0,0,2018-01-05 22:22:42+00:00
0,0,0,0,0,0,2018-01-05 16:54:50-06:00
0,0,0,0,0,0,2018-01-05 17:01:34-06:00
0,0,0,0,0,0,2018-01-05 17:05:53-06:00
0,0,0,0,0,0,2018-01-05 23:07:44+00:00
0,0,0,0,0,0,2018-01-05 17:08:46-06:00
0,0,0,0,0,0,2018-01-05 17:11:57-06:00
0,0,0,0,0,0,2018-01-05 17:12:33-06:00
0,0,0,0,0,0,2018-01-05 23:13:23+00:00
0,0,0,0,0,0,2018-01-05 23:13:26+00:00
0,0,0,0,0,0,2018-01-09 22:05:36+00:00
0,0,0,0,0,0,2018-01-09 22:06:31+00:00
0,0,0,0,0,0,2018-01-09 17:08:52-06:00
0,0,0,0,0,0,2018-01-10 00:09:20+00:00
0,0,0,0,0,0,2018-01-10 00:09:27+00:00
1,0,0,0,0,0,2018-01-19 13:34:34-06:00
0,0,0,0,0,0,2018-01-19 13:51:12-06:00
1,0,0,0,0,0,2018-01-19 13:59:02-06:00
1,0,0,0,0,0,2018-01-19 15:18:29-06:00
1,0,0,0,0,0,2018-01-19 15:19:56-06:00
1,0,0,0,0,0,2018-01-19 15:24:15-06:00
1,0,0,0,0,0,2018-01-19 15:25:05-06:00
1,0,0,0,0,0,2018-01-19 15:29:35-06:00
0,1,0,0,0,0,2018-01-19 15:41:46-06:00
0,0,0,0,0,0,2018-01-19 15:44:13-06:00
0,0,0,0,0,0,2018-01-19 15:47:07-06:00
0,0,0,0,0,0,2018-01-19 15:49:51-06:00
86,274,54,43,34,29,2018-01-19 15:58:55-06:00
0,0,0,0,0,0,2018-01-19 16:21:58-06:00
0,0,0,0,0,0,2018-01-19 16:30:18-06:00
0,0,0,0,0,0,2018-01-19 16:30:30-06:00
0,0,0,0,0,0,2018-01-19 16:42:42-06:00
0,0,0,0,0,0,2018-01-20 15:05:46-06:00
0,0,0,0,0,0,2018-01-20 15:15:17-06:00
0,0,0,0,0,0,2018-01-20 22:19:40+00:00
1,1,0,0,0,0,2018-01-21 18:05:11-06:00
0,0,0,0,0,0,2018-01-21 18:05:17-06:00
2,2,0,0,0,0,2018-01-21 18:22:24-06:00
1,1,0,0,0,0,2018-01-22 12:44:43-06:00
1,1,0,0,0,0,2018-01-22 12:47:38-06:00
1,1,0,0,0,0,2018-01-22 12:49:52-06:00
0,0,0,0,0,0,2018-01-22 12:55:01-06:00
0,0,0,0,0,0,2018-01-22 18:55:24+00:00
1,1,0,0,0,0,2018-01-22 12:56:18-06:00
0,0,0,0,0,0,2018-01-22 12:56:26-06:00
0,0,0,0,0,0,2018-01-22 13:24:10-06:00
0,0,0,0,0,0,2018-01-25 11:32:07-06:00
0,0,0,0,0,0,2018-01-25 11:35:23-06:00
0,0,0,0,0,0,2018-01-25 11:40:36-06:00
1,0,0,0,0,0,2018-01-25 14:05:14-06:00
1,0,0,0,0,0,2018-01-25 14:06:12-06:00
1,0,0,0,0,0,2018-01-25 14:07:52-06:00
1,0,0,0,0,0,2018-01-25 14:09:36-06:00
1,0,0,0,0,0,2018-01-25 14:10:19-06:00
0,0,0,0,0,0,2018-02-07 17:19:44-06:00
0,0,0,0,0,0,2018-02-07 17:21:27-06:00
1,1,0,0,0,0,2018-02-07 17:25:05-06:00
1,1,0,0,0,0,2018-02-07 17:41:40-06:00
1,1,0,0,0,0,2018-02-07 17:52:56-06:00
2,3,1,1,0,1,2018-02-09 14:47:19-06:00
0,0,0,0,0,0,2018-02-09 18:28:26-06:00
1,1,0,0,0,0,2018-02-12 16:46:33-06:00
1,1,0,0,0,0,2018-02-12 16:49:20-06:00
0,0,0,0,0,0,2018-02-13 00:27:02+00:00
0,0,0,0,0,0,2018-02-13 00:27:10+00:00
0,0,0,0,0,0,2018-02-13 00:31:25+00:00
0,0,0,0,0,0,2018-02-13 00:35:59+00:00
0,0,0,0,0,0,2018-02-13 00:43:39+00:00
1,1,0,0,0,0,2018-02-14 11:09:21-06:00
0,0,0,0,0,0,2018-02-14 11:09:38-06:00
1,1,0,0,0,0,2018-02-14 11:19:39-06:00
1,1,0,0,0,0,2018-02-14 11:42:04-06:00
1,1,0,0,0,0,2018-02-14 13:13:23-06:00
1,1,0,0,0,0,2018-02-14 14:02:23-06:00
1,1,0,0,0,0,2018-02-14 14:03:34-06:00
1,1,0,0,0,0,2018-02-14 14:07:16-06:00
1,1,0,0,0,0,2018-02-14 14:33:24-06:00
0,0,0,0,0,0,2018-02-14 21:33:02+00:00
2,2,0,0,0,0,2018-02-14 15:48:03-06:00
0,0,0,0,0,0,2018-02-14 21:49:27+00:00
0,0,0,0,0,0,2018-02-14 21:51:30+00:00
0,0,0,0,0,0,2018-02-14 15:52:57-06:00
0,0,0,0,0,0,2018-02-14 15:54:54-06:00
0,0,0,0,0,0,2020-12-02 10:48:42-06:00
