Acquisition,Preparation,Modeling,Training,Evaluation,Prediction,time
0,0,0,0,0,0,2021-08-13 00:40:17+09:00
0,0,0,0,0,0,2021-08-22 16:57:33+09:00
0,0,0,0,0,0,2021-08-22 17:46:27+09:00
0,0,0,0,0,0,2021-08-22 17:47:28+09:00
0,0,0,0,0,0,2021-08-22 17:52:01+09:00
0,0,0,0,0,0,2021-08-22 17:54:31+09:00
0,0,0,0,0,0,2021-08-22 18:02:01+09:00
0,0,0,0,0,0,2021-08-22 18:10:56+09:00
0,0,0,0,0,0,2021-08-22 21:45:16+09:00
0,0,0,0,0,0,2021-08-25 11:59:49+09:00
0,0,0,0,0,0,2021-08-25 16:21:08+09:00
0,0,0,0,0,0,2021-08-25 16:22:40+09:00
0,0,0,0,0,0,2021-08-25 16:23:06+09:00
0,0,0,0,0,0,2021-08-25 17:16:01+09:00
0,0,0,0,0,0,2021-08-25 17:47:41+09:00
0,0,0,0,0,0,2021-08-25 17:48:44+09:00
0,0,0,0,0,0,2021-08-27 22:50:52+09:00
0,0,0,0,0,0,2021-08-28 13:13:40+09:00
0,0,0,0,0,0,2021-08-28 13:14:07+09:00
0,0,0,0,0,0,2021-08-28 13:15:43+09:00
0,0,0,0,0,0,2021-08-28 13:16:05+09:00
0,0,0,0,0,0,2021-08-30 23:58:35+09:00
0,0,0,0,0,0,2021-08-30 23:59:12+09:00
0,1,1,1,1,0,2021-08-31 23:32:55+09:00
0,0,0,0,0,0,2021-08-31 23:34:03+09:00
0,0,0,0,0,0,2021-09-01 14:59:28+09:00
0,0,0,0,0,0,2021-09-01 14:59:42+09:00
0,0,0,0,0,0,2021-09-01 15:02:56+09:00
0,1,1,1,1,0,2021-09-01 15:08:32+09:00
0,0,0,0,0,0,2021-09-01 15:35:34+09:00
0,0,0,0,0,0,2021-09-01 15:55:10+09:00
0,0,0,0,0,0,2021-09-01 16:00:32+09:00
0,0,0,0,0,0,2021-09-01 22:07:28+09:00
0,1,1,1,1,0,2021-09-01 22:16:11+09:00
0,0,0,0,0,0,2021-09-01 22:17:55+09:00
0,1,1,1,0,0,2021-09-02 21:49:15+09:00
0,0,0,0,0,0,2021-09-02 22:05:19+09:00
0,0,0,0,0,0,2021-09-02 22:23:45+09:00
0,0,0,0,0,0,2021-09-02 23:33:31+09:00
0,0,0,0,0,0,2021-09-03 19:11:02+09:00
0,0,0,0,0,0,2021-09-03 19:13:24+09:00
0,0,0,0,0,0,2021-09-03 19:31:42+09:00
0,0,0,0,0,0,2021-09-03 22:24:10+09:00
0,0,0,0,0,0,2021-09-03 22:34:41+09:00
0,0,0,0,0,0,2021-09-03 23:48:02+09:00
0,0,0,0,0,0,2021-09-03 23:50:15+09:00
0,0,0,0,0,0,2021-09-11 23:56:56+09:00
0,0,0,0,0,0,2021-09-11 23:58:16+09:00
0,0,0,0,0,0,2021-09-12 00:04:45+09:00
0,0,0,0,0,0,2021-09-12 00:06:20+09:00
0,0,0,0,0,0,2021-09-12 00:07:15+09:00
0,0,0,0,0,0,2021-09-12 00:07:45+09:00
0,0,0,0,0,0,2021-09-12 00:10:17+09:00
0,0,0,0,0,0,2021-09-12 00:10:27+09:00
0,0,0,0,0,0,2021-09-12 00:23:08+09:00
0,1,1,1,0,0,2021-09-12 00:24:23+09:00
0,0,0,0,0,0,2021-09-12 00:25:31+09:00
0,0,0,0,0,0,2021-09-12 00:26:43+09:00
0,0,0,0,0,0,2021-09-12 00:27:15+09:00
0,0,0,0,0,0,2021-09-12 22:52:58+09:00
0,0,0,0,0,0,2021-09-12 22:54:07+09:00
0,0,0,0,0,0,2021-09-13 21:41:45+09:00
0,1,1,1,0,0,2021-09-14 00:44:31+09:00
0,1,1,1,0,0,2021-09-15 12:37:16+09:00
0,1,1,1,0,0,2021-09-15 13:07:02+09:00
0,0,0,0,0,0,2021-09-17 17:46:35+09:00
0,2,1,2,0,0,2021-09-17 22:31:16+09:00
0,0,0,0,0,0,2021-09-17 22:31:32+09:00
0,0,0,0,0,0,2021-09-18 22:32:48+09:00
0,1,1,1,0,0,2021-09-19 15:00:32+09:00
0,2,2,2,0,0,2021-09-20 12:14:53+09:00
0,0,0,0,0,0,2021-09-20 22:05:02+09:00
0,0,0,0,0,0,2021-09-20 22:30:44+09:00
0,1,1,1,1,0,2021-09-20 22:33:30+09:00
0,1,1,0,1,0,2021-09-20 22:35:57+09:00
0,0,0,0,0,0,2021-09-20 22:37:03+09:00
0,0,0,0,0,0,2021-09-20 22:40:49+09:00
0,0,0,0,0,0,2021-09-20 23:40:45+09:00
0,1,1,1,0,0,2021-09-22 00:36:33+09:00
0,0,0,0,0,0,2021-09-22 00:37:46+09:00
0,1,1,1,0,0,2021-09-22 22:08:58+09:00
0,1,1,1,0,0,2021-09-23 11:06:33+09:00
0,0,0,0,0,0,2021-09-24 23:04:00+09:00
0,1,1,1,0,0,2021-09-24 23:42:30+09:00
0,0,0,0,0,0,2021-09-25 16:27:47+09:00
0,1,1,1,0,0,2021-09-25 16:28:22+09:00
0,0,0,0,0,0,2021-09-25 16:50:01+09:00
0,1,1,1,0,0,2021-09-25 16:53:22+09:00
0,1,1,1,0,0,2021-09-25 17:00:18+09:00
0,1,1,1,0,0,2021-09-25 17:56:12+09:00
0,0,0,0,0,0,2022-02-28 17:34:06+09:00
0,2,2,1,2,0,2022-02-28 17:34:21+09:00
