Acquisition,Preparation,Modeling,Training,Evaluation,Prediction,time
0,0,0,0,0,0,2018-11-21 14:21:26+01:00
0,0,0,0,0,0,2018-11-21 14:52:48+01:00
0,0,0,0,0,0,2018-11-22 12:22:09+01:00
0,0,0,0,0,0,2018-11-22 12:44:25+01:00
0,0,0,0,0,0,2018-11-23 11:55:36+01:00
0,1,1,1,1,0,2018-11-25 20:15:58+01:00
0,2,2,2,2,0,2018-12-05 17:54:07+01:00
0,0,0,0,0,0,2018-12-06 15:35:19+01:00
0,1,1,0,0,0,2018-12-06 15:44:17+01:00
0,1,1,0,0,0,2018-12-06 15:53:18+01:00
0,1,1,0,0,0,2018-12-06 16:02:50+01:00
0,1,1,0,0,0,2018-12-06 16:15:57+01:00
0,0,1,0,0,0,2018-12-06 16:24:03+01:00
0,0,1,0,0,0,2018-12-06 16:34:19+01:00
0,0,1,0,0,0,2018-12-06 16:45:09+01:00
0,1,0,0,0,0,2018-12-06 17:17:02+01:00
0,2,2,2,2,0,2018-12-07 15:39:25+01:00
0,2,2,2,2,0,2018-12-07 23:08:29+01:00
0,0,0,0,0,0,2018-12-08 15:33:24+01:00
0,2,0,0,0,0,2018-12-09 21:19:22+01:00
0,1,0,0,0,0,2018-12-10 00:41:02+01:00
0,1,0,0,0,0,2018-12-10 13:11:37+01:00
0,2,0,0,0,0,2018-12-10 15:19:37+01:00
0,0,0,0,0,0,2018-12-10 15:20:43+01:00
0,1,2,1,1,0,2018-12-11 11:18:39+01:00
0,0,0,0,0,0,2018-12-11 11:34:37+01:00
0,0,0,0,0,0,2018-12-11 11:35:44+01:00
0,1,1,2,1,0,2018-12-11 12:13:26+01:00
0,1,1,1,1,0,2018-12-11 12:27:21+01:00
0,1,1,1,1,0,2018-12-11 12:37:59+01:00
0,1,1,1,1,0,2018-12-11 12:57:17+01:00
0,0,0,0,0,0,2018-12-11 12:58:57+01:00
0,0,0,0,0,0,2018-12-11 13:00:06+01:00
0,1,1,1,1,0,2018-12-11 13:00:35+01:00
0,0,0,0,0,0,2018-12-11 13:01:54+01:00
0,3,2,2,2,0,2018-12-11 13:35:29+01:00
0,1,0,0,0,0,2018-12-11 13:38:55+01:00
0,1,0,0,0,0,2018-12-11 13:45:02+01:00
0,2,1,1,1,0,2018-12-11 13:59:52+01:00
0,2,2,1,2,0,2018-12-11 14:22:39+01:00
0,2,1,2,1,0,2018-12-11 14:39:28+01:00
0,0,0,0,0,0,2018-12-11 14:51:50+01:00
0,1,0,1,0,0,2018-12-11 17:21:13+01:00
0,0,0,1,0,0,2018-12-11 17:32:11+01:00
0,1,1,1,1,0,2018-12-11 17:50:57+01:00
0,1,1,1,1,0,2018-12-14 12:13:08+01:00
0,1,1,1,1,0,2018-12-14 12:16:54+01:00
0,1,1,1,1,0,2018-12-14 19:34:04+01:00
0,1,1,1,1,0,2018-12-14 19:36:47+01:00
0,1,1,1,1,0,2018-12-14 19:39:28+01:00
0,1,1,1,1,0,2018-12-14 22:59:11+01:00
0,1,1,1,1,0,2018-12-14 23:03:18+01:00
0,1,1,1,1,0,2018-12-14 23:15:59+01:00
0,1,1,1,1,0,2018-12-14 23:16:39+01:00
0,1,1,1,1,0,2018-12-15 14:02:20+01:00
0,1,0,0,0,0,2018-12-15 14:31:08+01:00
0,0,0,0,0,0,2018-12-15 14:32:04+01:00
0,1,0,0,0,0,2018-12-15 14:44:47+01:00
0,1,1,2,1,0,2018-12-16 12:08:49+01:00
0,2,0,0,0,0,2018-12-16 14:55:06+01:00
0,1,1,1,1,0,2018-12-17 11:24:43+01:00
0,0,0,1,0,0,2018-12-17 11:26:47+01:00
0,1,0,0,0,0,2018-12-17 20:02:10+01:00
0,1,0,0,0,0,2018-12-17 20:11:54+01:00
0,0,0,1,0,0,2018-12-18 12:30:50+01:00
0,1,1,2,1,0,2018-12-18 15:40:37+01:00
0,0,1,1,0,0,2018-12-18 15:49:37+01:00
0,0,0,0,0,0,2018-12-28 16:35:53+01:00
0,0,0,0,0,0,2019-01-01 18:43:45+01:00
0,1,0,0,0,0,2019-01-01 22:41:58+01:00
0,0,0,0,0,0,2019-01-02 01:05:05+01:00
0,1,1,0,0,0,2019-01-02 01:35:30+01:00
0,0,0,0,0,0,2019-01-02 11:49:19+01:00
0,1,1,0,0,0,2019-01-02 13:59:09+01:00
0,0,0,0,0,0,2019-01-02 14:04:39+01:00
0,0,0,0,0,0,2019-01-02 14:11:16+01:00
0,1,1,0,0,0,2019-01-02 17:29:56+01:00
0,0,0,0,0,0,2019-01-02 18:04:27+01:00
0,0,0,0,0,0,2019-01-02 23:54:48+01:00
0,0,0,0,0,0,2019-01-03 11:10:05+01:00
0,0,0,0,0,0,2019-01-03 13:50:16+01:00
0,1,1,0,0,0,2019-01-03 13:50:57+01:00
0,2,2,0,0,0,2019-01-03 14:49:52+01:00
0,1,1,1,1,0,2019-01-03 15:37:49+01:00
0,0,0,0,0,0,2019-01-03 18:27:06+01:00
0,0,0,0,0,0,2019-01-03 21:17:19+01:00
0,0,0,0,0,0,2019-01-03 22:05:13+01:00
0,2,2,2,1,0,2019-01-06 14:44:38+01:00
0,0,0,0,0,0,2019-01-06 14:45:27+01:00
0,3,2,2,1,0,2019-01-06 16:48:34+01:00
0,2,1,1,1,0,2019-01-06 16:58:47+01:00
0,1,1,1,1,0,2019-01-06 17:04:58+01:00
0,1,0,0,0,0,2019-01-06 17:11:27+01:00
0,1,0,0,0,0,2019-01-06 17:13:57+01:00
0,1,1,1,1,0,2019-01-06 17:16:02+01:00
0,1,1,1,1,0,2019-01-06 17:19:37+01:00
0,0,0,0,0,0,2019-01-06 17:44:05+01:00
1,1,0,0,1,0,2019-01-07 13:36:37+01:00
0,1,1,1,2,0,2019-01-07 19:11:28+01:00
0,1,1,1,1,0,2019-01-07 22:56:28+01:00
0,3,0,0,0,0,2019-01-08 00:38:05+01:00
0,1,1,1,1,0,2019-01-08 11:28:16+01:00
0,1,0,0,0,0,2019-01-08 13:18:29+01:00
0,1,0,0,0,0,2019-01-08 14:04:55+01:00
0,2,1,1,2,0,2019-01-08 14:49:48+01:00
0,2,2,2,2,2,2019-01-08 16:10:18+01:00
0,1,1,1,1,1,2019-01-08 16:42:36+01:00
0,1,1,1,1,1,2019-01-08 16:47:47+01:00
0,1,1,1,1,1,2019-01-08 16:51:11+01:00
0,2,2,2,2,2,2019-01-08 17:21:13+01:00
0,1,0,0,0,0,2019-01-08 18:33:17+01:00
0,1,0,0,0,0,2019-01-09 12:47:22+01:00
0,1,0,0,0,0,2019-01-09 13:44:31+01:00
0,0,0,0,0,0,2019-01-09 13:45:47+01:00
0,0,0,0,0,0,2019-01-09 13:46:31+01:00
0,1,0,0,0,0,2019-01-09 13:53:26+01:00
0,1,1,1,1,1,2019-01-09 15:34:38+01:00
0,1,1,1,1,1,2019-01-09 15:47:18+01:00
0,3,3,3,2,1,2019-01-09 17:37:45+01:00
0,1,0,0,0,0,2019-01-09 17:42:59+01:00
0,1,1,1,1,1,2019-01-09 17:54:52+01:00
0,1,1,1,1,1,2019-01-10 11:08:43+01:00
0,1,1,1,1,1,2019-01-10 11:22:36+01:00
0,1,1,1,1,1,2019-01-10 11:30:58+01:00
0,1,1,1,1,1,2019-01-10 11:40:55+01:00
0,1,1,1,1,1,2019-01-10 13:17:26+01:00
0,0,0,0,0,0,2019-01-11 15:39:21+01:00
0,0,0,0,0,0,2019-01-11 16:24:22+01:00
0,3,2,2,3,2,2019-01-11 19:34:08+01:00
0,1,1,1,1,1,2019-01-12 16:34:31+01:00
0,1,1,1,1,1,2019-01-12 17:00:33+01:00
0,1,1,1,1,1,2019-01-12 18:03:55+01:00
0,1,1,1,1,1,2019-01-12 18:14:04+01:00
0,1,0,0,1,0,2019-01-12 18:25:53+01:00
0,1,1,1,1,1,2019-01-12 18:28:43+01:00
0,1,1,1,1,1,2019-01-12 18:41:35+01:00
0,1,1,1,1,1,2019-01-12 18:47:59+01:00
0,1,1,1,1,1,2019-01-12 18:58:58+01:00
0,1,1,1,1,1,2019-01-12 19:00:08+01:00
0,1,1,1,1,1,2019-01-12 19:03:01+01:00
0,1,1,1,1,1,2019-01-12 19:06:14+01:00
0,0,0,0,0,0,2019-01-12 19:12:01+01:00
0,1,1,1,1,1,2019-01-12 19:14:24+01:00
0,1,1,1,1,1,2019-01-12 19:15:17+01:00
0,1,1,1,1,1,2019-01-12 19:16:22+01:00
0,1,1,1,1,1,2019-01-12 19:19:40+01:00
0,1,1,1,1,1,2019-01-12 19:21:51+01:00
0,1,1,1,1,1,2019-01-12 19:43:14+01:00
0,1,1,1,1,1,2019-01-12 19:44:35+01:00
0,1,1,1,1,1,2019-01-12 19:45:53+01:00
0,2,1,1,2,1,2019-01-12 19:50:26+01:00
0,1,1,1,1,1,2019-01-12 19:52:01+01:00
0,1,1,1,1,1,2019-01-12 19:54:49+01:00
0,1,1,1,1,1,2019-01-12 20:03:37+01:00
0,1,1,1,1,1,2019-01-12 20:04:28+01:00
0,1,1,1,1,1,2019-01-12 20:06:57+01:00
0,2,1,1,2,1,2019-01-12 20:08:01+01:00
0,1,1,1,1,1,2019-01-12 20:23:20+01:00
0,1,1,1,1,1,2019-01-12 20:37:26+01:00
0,1,1,1,1,1,2019-01-12 20:48:47+01:00
0,1,1,1,1,1,2019-01-12 20:54:12+01:00
0,1,1,1,1,1,2019-01-12 21:01:21+01:00
0,1,1,1,1,1,2019-01-12 21:02:54+01:00
0,1,1,1,1,1,2019-01-12 23:26:50+01:00
0,1,1,1,1,1,2019-01-12 23:43:24+01:00
0,1,1,1,1,1,2019-01-13 00:12:24+01:00
0,1,1,1,1,1,2019-01-13 00:19:51+01:00
0,1,1,1,1,1,2019-01-13 11:07:20+01:00
0,0,0,0,0,0,2019-01-13 16:45:18+01:00
0,0,0,0,0,0,2019-01-13 16:57:35+01:00
0,3,2,2,3,1,2019-01-13 17:06:55+01:00
0,0,0,0,0,0,2019-01-13 17:38:56+01:00
0,0,0,0,0,0,2019-01-13 17:42:21+01:00
0,0,0,0,0,0,2019-01-13 17:44:56+01:00
0,1,1,1,1,1,2019-01-13 18:13:48+01:00
0,2,1,1,2,0,2019-01-14 11:14:36+01:00
0,2,2,2,2,1,2019-01-14 11:19:25+01:00
0,2,1,1,2,1,2019-01-14 11:37:39+01:00
0,1,1,1,1,1,2019-01-14 11:41:35+01:00
0,1,1,1,1,1,2019-01-14 11:42:54+01:00
0,0,0,0,0,0,2019-01-14 13:00:21+01:00
0,0,0,0,0,0,2019-01-14 14:23:13+01:00
0,0,0,0,0,0,2019-01-14 14:24:39+01:00
0,1,0,0,1,0,2019-01-14 14:55:40+01:00
0,0,0,0,0,0,2019-01-14 15:10:49+01:00
0,0,0,0,0,0,2019-01-14 15:11:07+01:00
0,0,0,0,0,0,2019-01-14 15:23:19+01:00
0,0,0,0,0,0,2019-01-14 15:43:56+01:00
0,0,0,0,0,0,2019-01-14 21:52:48+01:00
0,0,0,0,0,0,2019-01-14 23:44:31+01:00
0,0,0,0,0,0,2019-01-15 14:34:43+01:00
0,0,0,0,0,0,2019-01-15 15:00:50+01:00
0,4,1,1,2,0,2019-01-15 16:53:16+01:00
0,0,0,0,0,0,2019-01-15 18:05:02+01:00
0,0,0,0,0,0,2019-01-15 18:25:22+01:00
0,0,0,0,0,0,2019-01-15 18:45:11+01:00
0,0,0,0,0,0,2019-01-15 18:47:14+01:00
0,0,0,0,0,0,2019-01-16 00:50:26+01:00
0,1,1,1,1,1,2019-01-16 10:54:35+01:00
0,0,0,0,0,0,2019-01-17 15:57:38+01:00
0,0,0,0,0,0,2019-01-17 15:57:51+01:00
0,0,0,0,0,0,2019-01-17 16:11:01+01:00
0,0,0,0,0,0,2019-01-17 16:13:40+01:00
0,0,0,0,0,0,2019-01-17 17:40:27+01:00
1,2,0,0,0,0,2019-01-18 11:36:37+01:00
1,1,0,0,0,0,2019-01-18 14:53:27+01:00
0,1,0,0,0,0,2019-01-18 15:27:23+01:00
0,7,6,5,5,2,2019-01-18 15:31:12+01:00
0,1,0,0,0,0,2019-01-18 15:50:27+01:00
0,0,0,0,0,0,2019-01-18 15:56:46+01:00
0,0,0,0,0,0,2019-01-18 16:06:22+01:00
0,0,0,0,0,0,2019-01-18 16:15:36+01:00
0,2,1,1,2,1,2019-01-18 17:35:59+01:00
0,1,0,0,0,0,2019-01-18 21:14:17+01:00
0,0,0,0,0,0,2019-01-19 13:30:41+01:00
0,0,0,0,0,0,2019-01-19 13:30:45+01:00
0,0,0,0,0,0,2019-01-19 13:46:03+01:00
0,0,0,0,0,0,2019-01-19 14:09:46+01:00
0,0,0,0,0,0,2019-01-19 14:33:18+01:00
0,0,0,0,0,0,2019-01-19 14:47:58+01:00
0,3,0,0,0,0,2019-01-19 15:05:07+01:00
0,0,0,0,0,0,2019-01-19 15:10:33+01:00
0,0,0,0,0,0,2019-01-19 16:08:26+01:00
0,0,0,0,0,0,2019-01-19 18:05:59+01:00
0,0,0,0,0,0,2019-01-19 18:06:10+01:00
0,0,0,0,0,0,2019-01-19 18:12:13+01:00
0,1,0,0,0,0,2019-01-20 17:08:08+01:00
0,0,0,0,0,0,2019-01-20 17:19:04+01:00
0,13,7,6,9,1,2019-01-20 19:29:29+01:00
0,0,0,0,0,0,2019-01-20 19:30:58+01:00
0,0,0,0,0,0,2019-01-20 19:39:55+01:00
0,1,0,0,0,0,2019-01-20 19:50:00+01:00
0,0,0,0,0,0,2019-01-20 19:53:16+01:00
0,2,0,0,0,0,2019-01-20 19:54:58+01:00
0,0,0,0,0,0,2019-01-20 19:55:10+01:00
1,1,0,0,0,0,2019-01-20 20:00:29+01:00
0,1,0,0,0,0,2019-01-20 20:03:08+01:00
0,0,0,0,0,0,2019-01-20 20:21:48+01:00
0,0,0,0,0,0,2019-01-20 20:37:18+01:00
0,0,0,0,0,0,2019-01-20 21:18:10+01:00
0,0,0,0,0,0,2019-01-20 21:18:43+01:00
0,0,0,0,0,0,2019-01-20 23:45:14+01:00
0,0,0,0,0,0,2019-01-21 13:42:36+01:00
0,1,0,0,0,0,2019-01-21 13:43:58+01:00
0,0,0,0,0,0,2019-01-21 13:46:10+01:00
0,1,0,0,0,0,2019-01-21 14:47:48+01:00
0,0,0,0,0,0,2019-01-21 16:10:25+01:00
0,0,0,0,0,0,2019-01-21 16:42:57+01:00
