Acquisition,Preparation,Modeling,Training,Evaluation,Prediction,time
0,0,0,0,0,0,2018-06-01 22:45:03-07:00
0,0,0,0,0,0,2018-06-02 23:03:55-07:00
0,0,0,0,0,0,2018-06-22 22:53:10-07:00
0,0,0,0,0,0,2018-06-22 23:22:09-07:00
1,1,0,1,0,0,2018-06-23 21:36:53-07:00
1,1,0,1,0,0,2018-06-23 23:41:31-07:00
1,1,0,1,0,0,2018-06-24 19:19:55-07:00
1,1,0,1,0,0,2018-06-25 23:29:57-07:00
0,0,1,0,0,0,2018-07-31 23:13:45-07:00
0,0,0,0,0,0,2018-08-11 23:55:20-07:00
0,0,0,0,0,0,2018-08-11 23:58:06-07:00
0,0,0,0,0,0,2018-08-12 00:06:46-07:00
0,0,0,0,0,0,2018-10-10 21:33:27-04:00
0,0,0,0,0,0,2018-10-10 21:37:05-04:00
1,1,0,1,0,0,2018-10-10 21:38:06-04:00
0,0,0,0,0,0,2018-10-10 21:38:21-04:00
0,1,0,1,0,0,2018-10-10 21:40:00-04:00
0,0,1,1,0,0,2018-10-10 21:44:02-04:00
0,0,1,1,0,0,2018-10-10 21:44:22-04:00
0,0,0,0,0,0,2018-10-10 22:10:37-04:00
0,0,0,0,0,0,2018-10-10 22:20:54-04:00
0,0,0,0,0,0,2018-10-10 22:22:29-04:00
0,0,0,0,0,0,2018-10-10 22:26:49-04:00
0,0,0,0,0,0,2018-10-10 22:52:32-04:00
0,0,0,0,0,0,2018-10-11 23:35:14-04:00
0,0,0,0,0,0,2018-10-14 22:56:54-04:00
0,0,0,0,0,0,2018-10-15 15:17:09-04:00
0,0,0,0,0,0,2018-10-15 15:27:43-04:00
0,0,0,0,0,0,2018-10-16 14:08:35-04:00
0,0,0,0,0,0,2018-10-16 14:28:33-04:00
0,0,0,0,0,0,2018-10-16 14:34:00-04:00
0,0,0,0,0,0,2018-10-16 14:34:11-04:00
0,0,0,0,0,0,2018-10-16 14:34:18-04:00
0,0,0,0,0,0,2018-10-16 14:34:24-04:00
0,0,0,0,0,0,2018-10-16 14:34:55-04:00
0,0,0,0,0,0,2018-10-16 14:39:33-04:00
0,0,0,0,0,0,2018-10-16 14:48:57-04:00
0,0,0,0,0,0,2018-10-16 14:49:52-04:00
0,0,0,0,0,0,2018-10-16 14:51:34-04:00
0,0,0,0,0,0,2018-10-16 15:01:46-04:00
0,0,0,0,0,0,2018-10-16 15:03:34-04:00
0,0,0,0,0,0,2018-10-16 15:03:41-04:00
0,0,0,0,0,0,2018-10-16 15:03:58-04:00
0,0,0,0,0,0,2018-10-16 16:03:39-04:00
0,0,0,0,0,0,2018-10-16 16:12:33-04:00
0,0,0,0,0,0,2018-10-16 16:15:04-04:00
2,3,5,5,1,1,2018-10-16 20:12:41-04:00
0,0,0,0,0,0,2018-10-16 21:04:21-04:00
0,0,0,0,0,0,2018-10-17 13:59:41-04:00
0,0,0,0,0,0,2018-10-17 21:20:02-04:00
0,0,0,0,0,0,2019-02-18 21:42:07-05:00
0,0,0,0,0,0,2019-03-26 01:06:13-04:00
0,0,0,0,0,0,2020-04-05 20:13:59-04:00
