Acquisition,Preparation,Modeling,Training,Evaluation,Prediction,time
1,3,1,0,0,0,2019-01-03 13:01:20+09:00
0,0,0,0,0,0,2019-01-11 00:12:53+09:00
0,3,0,0,0,0,2019-01-11 22:01:26+09:00
1,6,1,0,0,0,2019-01-12 00:22:28+09:00
0,4,0,0,0,0,2019-01-13 13:12:24+09:00
0,1,0,0,0,0,2019-01-14 01:33:47+09:00
0,4,0,0,0,0,2019-01-16 19:36:48+09:00
0,2,0,0,0,0,2019-01-17 01:46:33+09:00
0,1,0,0,0,0,2019-01-17 22:52:02+09:00
0,0,0,0,0,0,2019-01-17 23:28:33+09:00
0,0,0,0,0,0,2019-01-18 00:22:05+09:00
0,1,0,0,0,0,2019-01-19 00:07:13+09:00
0,1,0,0,0,0,2019-01-19 18:04:42+09:00
0,1,0,0,0,0,2019-01-19 20:29:19+09:00
0,2,0,0,0,0,2019-01-19 23:59:32+09:00
0,1,0,0,0,0,2019-01-21 00:56:16+09:00
0,3,0,1,0,0,2019-01-21 00:56:58+09:00
0,3,0,2,0,0,2019-01-22 21:07:55+09:00
0,0,0,0,0,0,2019-01-22 21:17:58+09:00
0,1,0,0,0,0,2019-01-24 21:19:05+09:00
0,1,0,0,0,0,2019-01-24 21:31:38+09:00
0,0,0,0,0,0,2019-01-25 21:26:10+09:00
1,1,1,0,0,0,2019-01-27 00:30:02+09:00
0,6,0,0,0,0,2019-01-27 23:40:36+09:00
0,4,0,0,0,0,2019-02-10 11:04:24+09:00
0,4,0,0,0,0,2019-02-10 11:54:56+09:00
0,0,0,0,0,0,2019-02-10 12:03:01+09:00
0,2,0,1,0,0,2019-02-12 23:31:36+09:00
0,1,0,2,0,0,2019-02-12 23:40:27+09:00
0,1,0,0,0,0,2019-02-13 00:11:25+09:00
0,2,0,0,0,0,2019-02-13 01:33:31+09:00
0,1,0,0,0,0,2019-02-13 17:53:25+09:00
0,3,0,0,0,0,2019-02-13 18:35:15+09:00
0,3,0,0,0,0,2019-02-13 20:13:50+09:00
0,3,0,0,0,0,2019-02-14 04:21:40+09:00
0,0,0,0,0,0,2019-02-14 04:31:59+09:00
0,0,0,0,0,0,2019-02-14 04:50:11+09:00
0,5,0,0,0,0,2019-02-14 20:59:33+09:00
0,5,0,0,0,0,2019-02-15 00:07:21+09:00
0,0,0,0,0,0,2019-02-15 00:24:21+09:00
0,3,0,0,0,0,2019-02-15 00:59:21+09:00
0,3,0,0,0,0,2019-02-15 20:15:32+09:00
0,3,0,0,0,0,2019-02-15 22:13:44+09:00
0,3,0,0,0,0,2019-02-15 22:42:29+09:00
0,3,0,0,0,0,2019-02-15 23:22:33+09:00
0,0,0,0,0,0,2019-02-15 23:36:51+09:00
0,0,0,0,0,0,2019-02-15 23:45:21+09:00
0,4,0,0,0,0,2019-02-16 11:45:48+09:00
1,1,1,0,0,0,2019-02-16 22:03:06+09:00
0,2,0,0,0,0,2019-02-16 22:09:13+09:00
0,1,0,0,0,0,2019-02-18 02:30:25+09:00
0,4,0,0,0,0,2019-02-18 19:30:29+09:00
0,1,0,0,0,0,2019-02-18 19:34:14+09:00
0,0,0,0,0,0,2019-02-18 19:38:23+09:00
0,1,0,0,0,0,2019-02-18 23:22:16+09:00
0,1,0,0,0,0,2019-02-18 23:29:25+09:00
0,0,0,0,0,0,2019-02-19 07:41:12+09:00
0,1,0,0,0,0,2019-02-19 23:45:44+09:00
0,3,0,1,0,0,2019-02-20 20:48:34+09:00
0,2,0,0,0,0,2019-02-20 21:01:21+09:00
0,1,0,0,0,0,2019-02-20 21:25:42+09:00
0,1,0,0,0,0,2019-02-20 21:44:31+09:00
0,1,0,0,0,0,2019-02-20 23:32:57+09:00
0,0,0,0,0,0,2019-02-21 00:26:23+09:00
0,1,0,0,0,0,2019-02-21 20:09:53+09:00
0,1,0,0,0,0,2019-02-21 20:55:53+09:00
0,2,0,1,0,0,2019-02-21 23:21:37+09:00
0,0,0,0,0,0,2019-02-21 23:37:03+09:00
1,1,1,0,0,0,2019-02-21 23:48:55+09:00
0,1,0,1,0,0,2019-02-22 22:17:46+09:00
0,3,0,0,0,0,2019-02-23 23:11:24+09:00
0,2,0,0,0,0,2019-02-25 22:48:19+09:00
0,0,0,0,0,0,2019-03-01 01:26:16+09:00
1,3,1,0,0,0,2019-02-20 11:48:11+09:00
0,0,0,0,0,0,2019-03-02 01:38:58+09:00
0,0,0,0,0,0,2019-03-02 01:57:49+09:00
0,0,0,0,0,0,2019-03-02 10:38:24+09:00
0,2,0,0,0,0,2019-03-02 11:08:57+09:00
0,1,0,0,0,0,2019-03-02 13:28:59+09:00
0,1,0,0,0,0,2019-03-02 23:20:58+09:00
0,3,0,1,0,0,2019-03-03 00:55:59+09:00
0,0,0,0,0,0,2019-03-03 01:44:18+09:00
0,0,0,0,0,0,2019-03-03 01:54:49+09:00
0,2,0,0,0,0,2019-03-03 02:37:36+09:00
0,0,0,0,0,0,2019-03-03 11:06:38+09:00
0,2,0,0,0,0,2019-03-03 14:00:16+09:00
0,1,0,0,0,0,2019-03-03 15:19:57+09:00
1,1,1,0,0,0,2019-03-03 16:06:47+09:00
0,0,0,0,0,0,2019-03-03 16:09:53+09:00
0,0,0,0,0,0,2019-03-03 17:18:19+09:00
0,2,0,0,0,0,2019-03-03 21:36:04+09:00
0,2,0,1,0,0,2019-03-04 19:41:52+09:00
0,0,0,0,0,0,2019-03-04 20:55:24+09:00
0,0,0,0,0,0,2019-03-04 21:14:33+09:00
0,0,0,0,0,0,2019-03-05 01:45:48+09:00
0,3,0,1,0,0,2019-03-06 02:28:59+09:00
0,4,0,0,0,0,2019-03-06 23:06:36+09:00
1,1,1,0,0,0,2019-03-06 23:31:25+09:00
0,0,0,0,0,0,2019-03-12 20:06:09+09:00
0,2,0,0,0,0,2019-03-12 20:10:39+09:00
0,0,0,0,0,0,2019-03-12 23:12:25+09:00
0,0,0,0,0,0,2019-03-13 00:56:00+09:00
0,0,0,0,0,0,2019-03-13 01:13:51+09:00
0,3,0,0,0,0,2019-03-15 22:58:52+09:00
1,1,1,0,0,0,2019-03-17 23:01:52+09:00
0,3,0,0,0,0,2019-03-22 20:12:24+09:00
1,2,1,0,0,0,2019-03-25 00:14:06+09:00
0,0,0,0,0,0,2019-04-02 20:13:54+09:00
0,0,0,0,0,0,2019-04-02 20:30:45+09:00
0,4,0,0,0,0,2019-04-06 18:31:54+09:00
0,2,0,0,0,0,2019-04-06 22:48:00+09:00
1,3,1,0,0,0,2019-05-11 17:53:31+09:00
0,0,0,0,0,0,2019-05-11 21:04:50+09:00
1,3,1,0,0,0,2019-05-11 23:01:35+09:00
0,0,0,0,0,0,2019-05-11 23:19:03+09:00
0,2,0,0,0,0,2019-05-12 01:14:20+09:00
0,2,0,0,0,0,2019-05-12 10:18:28+09:00
0,2,0,0,0,0,2019-05-12 21:52:31+09:00
0,0,0,0,0,0,2019-05-14 21:44:20+09:00
0,3,0,0,0,0,2019-05-14 23:14:39+09:00
0,0,0,0,0,0,2019-05-15 23:51:51+09:00
0,0,0,0,0,0,2019-05-19 12:59:01+09:00
0,2,0,0,0,0,2019-05-19 17:33:22+09:00
0,1,0,0,0,0,2019-05-19 17:40:16+09:00
1,2,1,0,0,0,2019-05-20 22:50:24+09:00
1,1,1,0,0,0,2019-05-23 23:46:37+09:00
1,1,1,0,0,0,2019-05-24 23:14:28+09:00
0,0,0,0,0,0,2019-05-26 11:53:56+09:00
0,1,0,0,0,0,2019-06-05 22:45:01+09:00
0,0,0,0,0,0,2019-06-05 23:59:06+09:00
0,6,0,0,0,0,2019-06-08 20:43:04+09:00
0,0,0,0,0,0,2019-06-15 10:51:38+09:00
1,4,1,0,0,0,2019-07-07 01:30:31+09:00
0,1,0,0,0,0,2019-07-13 21:41:24+09:00
0,0,0,0,0,0,2019-07-13 22:36:05+09:00
1,6,1,0,0,0,2019-07-13 21:47:25+09:00
1,1,1,0,0,0,2019-07-14 02:39:58+09:00
0,0,0,0,0,0,2019-07-14 10:11:29+09:00
0,1,0,0,0,0,2019-07-14 10:45:49+09:00
0,1,0,0,0,0,2019-07-14 11:37:51+09:00
0,4,0,0,0,0,2019-07-14 12:01:34+09:00
0,0,0,0,0,0,2019-07-21 15:12:14+09:00
0,0,0,0,0,0,2019-07-27 01:06:41+09:00
0,1,0,0,0,0,2019-07-28 18:32:21+09:00
0,2,0,0,0,0,2019-07-28 19:40:58+09:00
0,0,0,0,0,0,2019-08-03 18:02:17+09:00
0,1,0,0,0,0,2019-08-06 21:39:47+09:00
0,3,0,0,0,0,2019-08-20 00:07:30+09:00
0,4,0,1,0,0,2019-09-18 00:07:04+09:00
0,0,0,0,0,0,2019-09-18 00:18:45+09:00
0,0,0,0,0,0,2019-09-18 00:27:22+09:00
1,1,1,0,0,0,2019-09-18 00:33:11+09:00
0,2,0,1,0,0,2019-09-18 07:59:43+09:00
1,1,1,0,0,0,2019-09-18 08:09:16+09:00
0,1,0,0,0,0,2019-09-18 18:07:11+09:00
0,2,0,0,0,0,2019-09-20 22:30:18+09:00
1,1,1,0,0,0,2019-09-21 00:51:24+09:00
0,1,0,0,0,0,2019-09-23 01:07:21+09:00
0,1,0,0,0,0,2019-09-26 20:22:21+09:00
0,2,0,0,0,0,2019-09-29 20:15:34+09:00
0,1,0,0,0,0,2019-09-29 20:23:59+09:00
1,1,1,0,0,0,2019-09-29 20:26:26+09:00
0,1,0,0,0,0,2019-09-29 21:14:08+09:00
0,0,0,0,0,0,2019-10-12 10:55:52+09:00
0,0,0,0,0,0,2019-10-19 00:29:00+09:00
0,1,0,0,0,0,2019-11-01 00:13:14+09:00
1,2,1,0,0,0,2019-11-01 00:31:13+09:00
0,5,0,1,0,0,2019-11-11 11:30:38-06:00
0,0,0,0,0,0,2019-11-12 10:22:47+09:00
1,1,1,1,0,0,2019-11-12 10:36:54+09:00
0,2,0,0,0,0,2019-11-12 10:47:07+09:00
1,6,1,1,0,0,2020-01-06 22:42:30+09:00
0,0,0,0,0,0,2020-01-06 23:49:07+09:00
0,0,0,0,0,0,2020-01-11 18:18:54+09:00
0,5,0,0,0,0,2020-02-29 16:22:12+09:00
0,0,0,0,0,0,2020-03-08 17:48:06+09:00
0,5,0,1,0,0,2020-03-08 13:22:10+09:00
0,3,0,0,0,0,2020-03-31 19:01:40+09:00
0,4,0,0,0,0,2020-04-02 20:48:12+09:00
0,1,0,0,0,0,2020-04-09 10:02:31+02:00
0,3,0,0,0,0,2020-03-23 02:01:03+09:00
0,3,0,0,0,0,2020-05-12 21:38:35+09:00
0,3,0,0,0,0,2020-05-12 22:43:31+09:00
0,5,0,0,0,0,2020-05-14 13:42:38+09:00
0,1,0,0,0,0,2020-05-14 23:32:27+09:00
0,1,0,0,0,0,2020-05-16 00:39:43+09:00
0,2,0,0,0,0,2020-05-11 20:44:24+09:00
0,0,0,0,0,0,2020-05-23 00:25:24+09:00
0,0,0,0,0,0,2020-05-26 10:46:17+09:00
0,1,0,0,0,0,2020-06-28 19:52:28+09:00
0,1,0,0,0,0,2020-07-04 13:23:24+09:00
0,2,0,0,0,0,2020-07-18 11:30:28+09:00
0,1,1,0,0,0,2020-08-17 00:08:02+09:00
0,0,0,0,0,0,2020-08-17 00:09:54+09:00
0,0,0,0,0,0,2020-08-26 21:03:21+09:00
0,1,0,0,0,0,2020-08-27 00:49:13+09:00
0,1,0,0,0,0,2020-08-27 21:12:39+09:00
1,2,1,0,0,0,2020-08-28 19:37:45+09:00
0,3,0,0,0,0,2020-08-29 21:17:25+09:00
0,2,0,0,0,0,2020-08-29 21:44:12+09:00
0,1,0,0,0,0,2020-08-30 00:22:16+09:00
0,0,0,0,0,0,2020-08-31 11:44:24+09:00
1,2,1,0,0,0,2020-08-31 12:44:32+09:00
0,1,0,0,0,0,2020-08-31 17:42:24+09:00
0,5,1,0,0,0,2020-09-09 18:54:25+09:00
0,1,0,0,0,0,2020-09-10 21:02:24+09:00
0,0,0,0,0,0,2020-09-12 00:23:19+09:00
0,1,0,0,0,0,2020-09-28 01:04:21+09:00
0,1,0,0,0,0,2020-09-28 19:36:28+09:00
0,1,0,0,0,0,2020-09-29 14:28:28+02:00
0,0,0,0,0,0,2020-09-29 22:45:26+09:00
0,0,0,0,0,0,2020-09-29 22:48:32+09:00
0,1,1,0,0,0,2020-10-06 19:28:15+09:00
0,0,0,0,0,0,2020-11-08 23:27:02+09:00
0,1,0,0,0,0,2020-11-09 23:08:49+09:00
0,1,0,0,0,0,2020-12-14 21:32:10+01:00
0,1,0,0,0,0,2020-12-14 21:50:19+01:00
0,0,0,0,0,0,2020-12-15 07:38:38+09:00
0,0,0,0,0,0,2020-12-15 07:40:25+09:00
0,0,0,0,0,0,2021-01-28 13:33:16+09:00
0,0,0,0,0,0,2021-02-12 19:48:30+09:00
0,0,0,0,0,0,2021-02-17 22:56:34+09:00
0,0,0,0,0,0,2021-03-07 18:50:28+09:00
1,11,1,0,0,0,2021-03-27 19:14:50+09:00
0,0,0,0,0,0,2021-03-28 20:52:30+09:00
0,1,0,1,0,0,2021-03-29 14:06:50+09:00
0,0,0,0,0,0,2021-04-05 14:54:22+09:00
0,1,1,0,0,0,2021-06-19 16:35:29+09:00
0,1,0,0,0,0,2021-07-01 00:45:28+03:00
0,0,0,0,0,0,2021-07-01 07:47:27+09:00
0,1,0,0,0,0,2021-10-04 08:17:12+09:00
0,0,0,0,0,0,2021-10-04 08:30:01+09:00
0,0,0,0,0,0,2021-10-18 08:21:15+09:00
0,0,0,0,0,0,2021-10-18 08:29:40+09:00
0,10,0,1,0,0,2021-10-18 15:22:41+09:00
0,11,0,1,0,0,2021-10-18 16:02:13+09:00
0,0,0,0,0,0,2022-01-08 15:42:36+09:00
1,6,1,0,0,0,2022-01-08 16:13:02+09:00
0,0,0,0,0,0,2022-01-08 17:04:43+09:00
0,0,0,0,0,0,2022-01-24 19:35:02+01:00
0,1,0,0,0,0,2022-01-24 19:38:43+01:00
0,1,0,0,0,0,2022-01-24 19:47:14+01:00
0,0,0,0,0,0,2022-01-25 07:53:48+09:00
0,0,0,0,0,0,2022-02-04 00:30:23+09:00
0,0,0,0,0,0,2022-02-20 11:29:03+09:00
0,1,0,0,0,0,2022-03-13 11:28:38+09:00
0,0,0,0,0,0,2022-03-15 22:28:03+09:00
0,0,0,0,0,0,2022-03-25 22:18:03+03:00
0,0,0,0,0,0,2022-03-26 15:14:59+09:00
0,0,0,0,0,0,2022-03-26 15:16:50+09:00
0,1,0,0,0,0,2022-06-20 08:24:53+09:00
