Acquisition,Preparation,Modeling,Training,Evaluation,Prediction,time
0,0,0,0,0,0,2017-05-06 12:02:56-07:00
10,12,2,7,9,0,2017-05-06 12:43:18-07:00
0,0,0,0,0,0,2017-05-06 13:03:37-07:00
0,0,0,0,0,0,2017-05-06 13:07:02-07:00
0,0,0,0,0,0,2017-05-06 13:08:22-07:00
2,2,0,2,2,0,2017-05-07 00:01:30-07:00
0,0,0,0,0,0,2017-05-07 16:59:53-07:00
0,0,0,0,0,0,2017-05-10 15:08:22-07:00
6,8,3,6,4,2,2017-05-17 22:06:31-07:00
0,0,0,0,0,0,2017-05-18 00:22:12-07:00
0,1,1,1,0,1,2017-05-18 23:01:43-07:00
0,0,0,0,0,0,2017-05-18 23:02:43-07:00
2,2,1,2,0,1,2017-05-21 16:48:24-07:00
1,0,0,0,0,0,2017-05-22 00:18:10-07:00
1,1,0,0,0,1,2017-05-23 00:44:54-07:00
0,0,0,0,0,0,2017-05-24 21:40:25-07:00
1,1,1,1,0,1,2017-05-25 04:47:10+00:00
8,8,2,6,2,6,2017-05-25 04:53:02+00:00
0,0,0,0,0,0,2017-05-25 04:57:13+00:00
0,1,1,1,0,1,2017-05-25 04:59:08+00:00
0,0,0,0,0,0,2017-05-25 05:15:06+00:00
1,1,0,0,0,1,2017-05-24 23:27:00-07:00
0,0,0,0,0,0,2017-05-25 06:30:42+00:00
0,0,0,0,0,0,2017-05-25 06:44:33+00:00
0,0,0,0,0,0,2017-05-24 23:49:07-07:00
0,0,0,0,0,0,2017-05-24 23:49:47-07:00
0,0,0,0,0,0,2017-05-24 23:57:44-07:00
0,0,0,0,0,0,2017-05-25 00:14:28-07:00
0,0,0,0,0,0,2017-05-25 00:20:55-07:00
1,1,0,0,0,1,2017-05-25 00:22:56-07:00
0,0,0,0,0,0,2017-05-25 00:25:54-07:00
0,0,0,0,0,0,2017-05-25 00:28:01-07:00
0,0,0,0,0,0,2017-05-25 11:21:52-07:00
1,1,0,0,0,1,2017-05-28 12:22:07-07:00
2,2,0,0,0,2,2017-05-28 12:36:23-07:00
0,0,0,0,0,0,2017-05-28 12:36:32-07:00
2,2,0,0,0,2,2017-05-28 16:28:17-07:00
0,0,0,0,0,0,2017-05-28 17:27:08-07:00
1,1,0,0,0,1,2017-05-28 23:44:34-07:00
1,1,0,0,0,1,2017-05-29 00:27:30-07:00
0,0,0,0,0,0,2017-05-29 00:42:00-07:00
0,0,0,0,0,0,2017-05-29 01:05:18-07:00
0,0,0,0,0,0,2017-05-29 02:22:36-07:00
0,0,0,0,0,0,2017-05-29 03:14:09-07:00
0,0,0,0,0,0,2017-05-29 03:34:57-07:00
0,0,0,0,0,0,2017-05-29 03:46:01-07:00
0,0,0,0,0,0,2017-05-29 03:52:39-07:00
1,1,0,0,0,1,2017-05-29 20:52:27-07:00
1,1,0,0,0,1,2017-05-29 21:28:48-07:00
1,1,0,0,0,1,2017-05-29 22:32:22-07:00
0,0,0,0,0,0,2017-05-29 22:36:18-07:00
0,0,0,0,0,0,2017-05-29 23:26:43-07:00
0,0,0,0,0,0,2017-05-29 23:26:52-07:00
2,2,1,2,0,2,2017-05-30 08:21:38+00:00
0,0,0,0,0,0,2017-05-30 08:22:14+00:00
0,0,0,0,0,0,2017-05-30 01:25:24-07:00
0,0,0,0,0,0,2017-05-30 01:25:40-07:00
1,1,0,0,0,1,2017-05-30 12:02:13-07:00
1,1,0,0,0,1,2017-05-30 12:49:46-07:00
0,0,0,0,0,0,2017-06-01 10:34:28-07:00
0,0,0,0,0,0,2017-06-02 01:52:27-07:00
0,0,0,0,0,0,2017-06-28 15:48:37-07:00
0,0,0,0,0,0,2017-06-28 15:48:47-07:00
0,0,0,0,0,0,2017-06-28 16:00:42-07:00
0,0,0,0,0,0,2017-06-28 16:01:21-07:00
0,0,0,0,0,0,2017-06-28 16:01:39-07:00
0,0,0,0,0,0,2017-06-28 16:05:09-07:00
0,0,0,0,0,0,2017-06-28 16:06:07-07:00
0,0,0,0,0,0,2017-06-28 16:06:34-07:00
0,0,0,0,0,0,2017-06-28 16:06:56-07:00
1,1,0,0,0,1,2021-03-08 18:02:14-08:00
1,1,0,0,0,1,2021-03-08 18:07:01-08:00
1,1,0,0,0,1,2021-03-08 18:14:59-08:00
1,1,0,0,0,0,2021-03-08 18:28:58-08:00
0,0,0,0,0,0,2021-03-09 11:28:17-08:00
0,0,0,0,0,0,2021-03-09 11:32:12-08:00
4,3,2,0,0,0,2021-03-09 11:54:25-08:00
0,0,0,0,0,0,2021-03-09 12:08:33-08:00
0,0,0,0,0,0,2021-03-09 12:58:07-08:00
0,0,0,0,0,0,2021-03-09 13:02:28-08:00
0,0,0,0,0,0,2021-03-09 13:03:36-08:00
1,1,0,0,0,1,2021-03-26 23:47:25-07:00
0,0,0,0,0,0,2021-03-26 23:59:52-07:00
1,1,1,0,0,0,2021-03-27 01:42:43-07:00
0,0,0,0,0,0,2021-04-23 11:52:26-07:00
1,1,0,0,0,1,2021-04-27 15:47:57-07:00
298,1320,249,178,69,140,2021-04-27 21:39:07-07:00
0,0,0,0,0,0,2021-04-27 21:52:39-07:00
1,1,0,0,0,1,2021-04-28 18:39:37-07:00
0,0,0,0,0,0,2021-04-29 16:06:32-07:00
297,1319,249,178,69,139,2021-04-29 18:23:23-07:00
0,0,0,0,0,0,2021-04-29 18:24:31-07:00
0,0,0,0,0,0,2021-04-30 01:24:59+00:00
1,1,0,0,0,1,2021-04-29 22:24:24-07:00
0,0,0,0,0,0,2021-04-29 22:35:51-07:00
0,0,0,0,0,0,2021-04-29 22:36:38-07:00
6,6,3,5,0,6,2021-05-02 18:57:28-07:00
0,0,0,0,0,0,2021-05-02 19:01:44-07:00
0,0,0,0,0,0,2021-05-02 19:08:44-07:00
0,0,0,0,0,0,2021-05-02 19:09:20-07:00
0,0,0,0,0,0,2021-05-02 19:10:01-07:00
0,0,0,0,0,0,2021-05-02 19:10:35-07:00
0,0,0,0,0,0,2021-05-02 19:40:15-07:00
1,1,0,0,0,1,2021-05-03 15:05:37-07:00
0,0,0,0,0,0,2021-05-03 15:06:12-07:00
0,0,0,0,0,0,2021-06-21 16:41:22-07:00
0,0,0,0,0,0,2021-06-21 16:49:16-07:00
1,1,0,0,0,1,2021-06-21 18:22:45-07:00
0,0,0,0,0,0,2021-06-21 18:48:48-07:00
1,1,0,0,0,1,2021-06-21 19:21:00-07:00
0,0,0,0,0,0,2021-06-22 10:00:51-07:00
1,1,0,0,0,1,2021-06-22 10:08:44-07:00
0,0,0,0,0,0,2021-06-22 10:09:00-07:00
0,0,0,0,0,0,2021-06-22 10:21:28-07:00
1,1,0,0,0,0,2021-10-02 13:53:09-07:00
0,0,0,0,0,0,2021-10-02 13:53:43-07:00
