Acquisition,Preparation,Modeling,Training,Evaluation,Prediction,time
0,0,0,0,0,0,2017-03-17 21:04:47-07:00
0,0,0,0,0,0,2017-03-17 23:44:46-07:00
0,0,0,0,0,0,2017-03-17 23:45:36-07:00
0,0,0,0,0,0,2017-03-18 15:08:45-07:00
0,0,0,0,0,0,2017-03-18 15:09:54-07:00
0,0,0,0,0,0,2017-03-18 15:10:42-07:00
0,0,0,0,0,0,2017-03-18 15:11:18-07:00
0,1,0,0,0,0,2017-03-18 15:12:36-07:00
0,0,0,0,0,0,2017-03-18 15:13:25-07:00
1,1,1,0,0,0,2017-03-18 15:13:58-07:00
1,0,0,0,0,0,2017-03-18 15:14:33-07:00
0,0,1,0,0,0,2017-03-18 15:15:00-07:00
0,1,0,0,0,0,2017-03-18 15:21:51-07:00
0,0,0,0,0,0,2017-03-18 15:23:03-07:00
0,1,0,0,0,0,2017-03-18 17:27:09-07:00
0,0,0,0,0,0,2017-03-18 17:54:38-07:00
1,2,1,0,0,0,2017-03-18 18:41:45-07:00
0,0,0,0,0,0,2017-03-18 18:57:42-07:00
0,1,1,0,0,0,2017-03-20 22:56:58-07:00
1,2,1,0,0,0,2017-03-20 23:18:04-07:00
0,2,0,0,0,0,2017-03-21 22:16:54-07:00
1,2,1,0,0,0,2017-03-21 23:22:47-07:00
1,2,1,0,0,0,2017-03-21 23:46:19-07:00
0,1,1,0,0,0,2017-04-05 23:27:32-07:00
1,1,1,0,0,0,2017-04-05 23:58:25-07:00
1,2,1,0,0,0,2017-04-06 00:31:29-07:00
1,4,1,0,0,0,2017-04-10 17:55:59-07:00
3,3,2,0,0,0,2017-04-11 15:41:51-07:00
1,1,1,0,0,0,2017-04-13 14:23:28-07:00
0,0,0,0,0,0,2017-04-13 20:21:24-07:00
2,2,0,0,0,0,2017-04-17 13:12:09-07:00
1,5,1,0,0,0,2017-04-17 13:20:06-07:00
0,2,0,0,0,0,2017-04-17 13:41:35-07:00
0,0,0,0,0,0,2017-04-19 12:44:57-07:00
0,2,0,0,0,0,2017-04-20 16:52:46-07:00
0,2,0,0,0,0,2017-04-21 20:57:42-07:00
1,3,1,0,3,0,2017-04-22 12:37:58-07:00
1,2,1,2,1,3,2017-04-26 18:34:40-07:00
2,8,2,0,0,0,2017-04-27 13:20:45-07:00
0,0,0,0,0,0,2017-04-28 00:34:25-07:00
0,0,0,0,0,0,2017-04-28 18:10:39-07:00
1,2,1,2,1,3,2017-04-28 20:32:32-07:00
0,0,0,0,0,0,2017-04-28 20:33:56-07:00
0,3,3,2,3,4,2017-04-28 22:56:54-07:00
0,3,3,0,2,2,2017-04-29 10:44:08-07:00
0,1,1,0,1,0,2017-04-29 10:45:08-07:00
2,2,0,2,0,2,2017-04-29 10:46:25-07:00
0,1,1,0,1,0,2017-04-29 11:18:17-07:00
0,1,1,0,1,0,2017-04-29 11:19:15-07:00
2,2,0,2,0,2,2017-04-29 20:56:07-07:00
0,1,1,0,1,0,2017-04-30 19:01:23-07:00
1,1,1,0,0,0,2017-05-07 01:37:57-07:00
0,1,1,0,1,0,2017-05-07 01:52:28-07:00
1,1,1,0,0,0,2017-05-07 12:45:15-07:00
0,1,1,0,1,0,2017-05-07 21:37:24-07:00
0,0,0,0,0,0,2017-05-07 22:04:58-07:00
2,5,1,4,1,4,2017-05-09 16:36:25-07:00
0,0,0,0,0,0,2017-05-10 17:53:27-07:00
1,4,2,2,2,3,2017-05-11 00:26:29-07:00
1,3,1,0,0,0,2017-05-12 19:32:03-07:00
0,1,1,0,1,1,2017-05-13 23:54:19-07:00
0,1,1,0,1,0,2017-05-15 21:26:38-07:00
0,0,0,0,0,0,2017-05-15 22:10:12-07:00
0,2,1,0,1,0,2017-05-19 20:33:05-07:00
3,3,0,3,0,3,2017-05-19 21:09:54-07:00
0,0,0,0,0,0,2017-05-19 22:42:47-07:00
3,6,1,3,1,4,2017-05-19 22:57:09-07:00
0,0,0,0,0,0,2017-05-19 23:06:28-07:00
0,0,0,0,0,0,2017-05-19 23:08:54-07:00
0,0,0,0,0,0,2017-05-19 23:15:55-07:00
0,0,0,0,0,0,2017-05-19 23:29:13-07:00
0,0,0,0,0,0,2017-05-20 10:42:05-07:00
3,3,0,3,0,3,2017-05-21 11:56:57-07:00
0,0,0,0,0,0,2017-05-22 02:13:19+02:00
0,0,0,0,0,0,2017-05-22 11:28:54-07:00
0,0,0,0,0,0,2017-05-23 09:05:45-07:00
0,0,0,0,0,0,2018-06-23 15:11:24-04:00
