Acquisition,Preparation,Modeling,Training,Evaluation,Prediction,time
0,0,0,0,0,0,2020-02-25 14:08:18+01:00
0,0,0,0,0,0,2020-02-26 10:32:20+01:00
0,0,0,0,0,0,2020-02-26 10:46:00+01:00
0,0,0,0,0,0,2020-02-26 11:21:04+01:00
0,0,0,0,0,0,2020-03-02 11:04:14+01:00
0,0,0,0,0,0,2020-03-02 11:25:27+01:00
0,1,0,0,0,0,2020-03-16 17:08:46+01:00
0,0,0,0,0,0,2020-03-17 14:48:06+01:00
0,1,0,0,0,0,2020-03-18 11:16:14+01:00
0,1,0,0,0,0,2020-03-18 17:09:42+01:00
0,0,0,0,0,0,2020-03-18 18:32:36+01:00
0,1,0,0,0,0,2020-03-19 09:59:21+01:00
0,1,0,0,0,0,2020-03-20 08:36:21+01:00
0,0,0,0,0,0,2020-03-20 10:30:56+01:00
0,1,0,0,0,0,2020-03-20 12:46:06+01:00
0,0,0,0,0,0,2020-03-20 12:48:32+01:00
0,1,0,0,0,0,2020-03-20 12:51:12+01:00
0,1,0,0,0,0,2020-03-20 13:10:20+01:00
0,1,0,0,0,0,2020-03-20 13:13:43+01:00
0,1,0,0,0,0,2020-03-20 14:29:45+01:00
0,1,0,0,0,0,2020-03-25 17:23:09+01:00
0,1,0,0,0,0,2020-03-25 18:16:36+01:00
0,1,0,0,0,0,2020-03-26 15:08:42+01:00
0,1,0,0,0,0,2020-03-26 15:10:28+01:00
0,1,0,0,0,0,2020-03-26 18:13:17+01:00
0,1,0,0,0,0,2020-04-03 16:24:33+02:00
0,1,0,0,0,0,2020-04-03 17:20:58+02:00
0,1,0,0,0,0,2020-04-03 17:35:49+02:00
0,0,0,0,0,0,2020-04-03 17:49:26+02:00
0,1,0,0,0,0,2020-04-03 19:32:31+02:00
0,1,0,0,0,0,2020-04-03 23:44:55+02:00
0,1,0,0,0,0,2020-04-03 23:44:55+02:00
0,0,0,0,0,0,2020-04-03 23:53:00+02:00
0,0,0,0,0,0,2020-04-04 00:11:56+02:00
0,1,0,0,0,0,2020-04-06 22:14:03+02:00
0,1,0,0,0,0,2020-04-06 22:14:03+02:00
0,0,0,0,0,0,2020-04-06 22:17:53+02:00
0,0,0,0,0,0,2020-04-06 22:18:23+02:00
0,1,0,0,0,0,2020-04-06 22:31:13+02:00
0,1,0,0,0,0,2020-04-07 15:12:12+02:00
0,1,0,0,0,0,2020-04-07 15:32:19+02:00
0,0,0,0,0,0,2020-04-07 15:35:03+02:00
0,1,0,0,0,0,2020-04-07 15:50:21+02:00
0,0,0,0,0,0,2020-04-07 15:50:44+02:00
0,1,0,0,0,0,2020-04-07 15:56:35+02:00
0,1,0,0,0,0,2020-04-07 18:33:18+02:00
0,0,0,0,0,0,2020-04-07 18:33:38+02:00
0,1,0,0,0,0,2020-04-09 19:03:27+02:00
0,1,0,0,0,0,2020-04-09 20:19:27+02:00
0,1,0,0,0,0,2020-04-09 20:39:22+02:00
0,1,0,0,0,0,2020-04-09 22:01:48+02:00
0,1,0,0,0,0,2020-04-10 00:12:26+02:00
0,1,0,0,0,0,2020-04-10 00:33:33+02:00
0,1,0,0,0,0,2020-04-14 16:07:29+02:00
0,1,0,0,0,0,2020-04-15 00:54:00+02:00
0,1,0,0,0,0,2020-04-15 18:25:46+02:00
0,1,0,0,0,0,2020-04-15 19:16:56+02:00
0,1,0,0,0,0,2020-04-15 19:16:56+02:00
0,0,0,0,0,0,2020-04-15 19:21:15+02:00
0,1,0,0,0,0,2020-04-16 22:16:19+02:00
0,1,0,0,0,0,2020-04-20 23:22:40+02:00
0,1,0,0,0,0,2020-04-24 16:03:09+02:00
0,1,0,0,0,0,2020-04-24 16:12:45+02:00
0,1,0,0,0,0,2020-04-24 19:03:09+02:00
0,0,0,0,0,0,2020-04-27 15:30:13+02:00
0,0,0,0,0,0,2020-04-27 16:11:47+02:00
0,0,0,0,0,0,2020-04-27 16:16:00+02:00
0,2,0,0,0,0,2020-04-29 11:05:01+02:00
0,1,0,0,0,0,2020-05-04 11:34:51+02:00
0,1,0,0,0,0,2020-05-04 13:44:14+02:00
0,1,0,0,0,0,2020-05-04 14:25:33+02:00
0,1,0,0,0,0,2020-05-04 14:46:57+02:00
0,1,0,0,0,0,2020-05-04 15:18:31+02:00
0,0,0,0,0,0,2020-05-04 15:23:58+02:00
0,0,0,0,0,0,2020-05-04 16:35:28+02:00
0,0,0,0,0,0,2020-05-04 18:32:39+02:00
0,0,0,0,0,0,2020-05-04 18:35:34+02:00
0,0,0,0,0,0,2020-05-04 18:36:53+02:00
0,1,0,0,0,0,2020-05-04 18:42:06+02:00
0,0,0,0,0,0,2020-05-05 15:59:40+02:00
0,0,0,0,0,0,2020-05-11 22:29:23+02:00
0,0,0,0,0,0,2020-05-12 10:48:33+02:00
0,0,0,0,0,0,2020-05-12 11:17:47+02:00
0,0,0,0,0,0,2020-05-12 11:26:03+02:00
0,0,0,0,0,0,2020-05-12 15:28:48+02:00
0,0,0,0,0,0,2020-05-27 19:54:00+02:00
0,0,0,0,0,0,2020-05-27 19:54:39+02:00
0,0,0,0,0,0,2020-05-29 12:52:36+02:00
1,1,0,0,0,0,2020-06-01 11:56:28+02:00
1,1,0,0,0,0,2020-06-01 12:04:01+02:00
0,0,0,0,0,0,2020-06-02 15:33:18+02:00
0,0,0,0,0,0,2020-06-02 16:08:58+02:00
0,0,0,0,0,0,2020-06-02 16:25:59+02:00
0,0,0,0,0,0,2020-06-03 10:08:17+02:00
0,0,0,0,0,0,2020-06-03 10:48:21+02:00
0,0,0,0,0,0,2020-06-03 11:08:06+02:00
0,0,0,0,0,0,2020-06-03 11:08:52+02:00
0,1,0,0,0,0,2020-06-05 19:03:46+02:00
0,0,0,0,0,0,2020-06-05 19:24:56+02:00
0,0,0,0,0,0,2020-06-05 19:37:01+02:00
0,0,0,0,0,0,2020-06-05 19:41:48+02:00
0,0,0,0,0,0,2020-06-05 19:53:10+02:00
0,0,0,0,0,0,2020-06-05 21:37:55+02:00
1,1,0,0,0,0,2020-06-05 22:14:05+02:00
0,0,0,0,0,0,2020-06-10 12:02:48+02:00
0,0,0,0,0,0,2020-06-10 12:03:50+02:00
0,0,0,0,0,0,2020-06-10 12:06:14+02:00
0,0,0,0,0,0,2020-06-11 11:20:08+02:00
0,0,0,0,0,0,2020-06-11 11:27:08+02:00
0,0,0,0,0,0,2020-06-11 11:34:26+02:00
0,0,0,0,0,0,2020-06-11 12:09:18+02:00
0,0,0,0,0,0,2020-06-11 15:51:16+02:00
0,0,0,0,0,0,2020-06-12 10:59:07+02:00
0,0,0,0,0,0,2020-06-12 11:03:32+02:00
0,0,0,0,0,0,2020-06-12 14:57:08+02:00
0,0,0,0,0,0,2020-06-12 14:58:02+02:00
0,0,0,0,0,0,2020-06-12 15:01:17+02:00
0,0,0,0,0,0,2020-06-12 15:04:50+02:00
0,0,0,0,0,0,2020-06-12 17:51:15+02:00
0,0,0,0,0,0,2020-06-18 17:57:19+02:00
1,1,0,0,0,0,2020-06-18 18:00:38+02:00
1,1,0,0,0,0,2020-06-18 18:02:45+02:00
0,0,0,0,0,0,2020-06-18 18:06:35+02:00
1,1,0,0,0,0,2020-06-18 18:13:51+02:00
1,1,0,0,0,0,2020-06-18 18:13:51+02:00
0,0,0,0,0,0,2020-06-18 18:18:13+02:00
0,0,0,0,0,0,2020-06-18 18:21:12+02:00
0,0,0,0,0,0,2020-06-19 09:25:19+02:00
0,0,0,0,0,0,2020-06-19 11:52:39+02:00
0,0,0,0,0,0,2020-06-19 11:55:06+02:00
1,1,0,0,0,0,2020-06-20 20:36:36+02:00
0,0,0,0,0,0,2020-06-22 09:44:58+02:00
0,0,0,0,0,0,2020-06-22 09:46:43+02:00
1,1,0,0,0,0,2020-06-22 09:55:26+02:00
0,0,0,0,0,0,2020-06-22 16:59:53+02:00
0,0,0,0,0,0,2020-06-22 17:13:37+02:00
0,0,0,0,0,0,2020-06-23 09:22:21+02:00
0,0,0,0,0,0,2020-06-23 09:37:03+02:00
0,0,0,0,0,0,2020-06-25 16:37:57+02:00
0,0,0,0,0,0,2020-06-25 16:40:30+02:00
0,0,0,0,0,0,2020-06-25 16:42:13+02:00
0,0,0,0,0,0,2020-06-25 18:08:46+02:00
1,1,0,0,0,0,2020-06-25 18:37:51+02:00
0,0,0,0,0,0,2020-06-29 10:51:26+02:00
0,0,0,0,0,0,2020-06-29 11:02:14+02:00
1,1,0,0,0,0,2020-06-29 11:02:33+02:00
1,1,0,0,0,0,2020-06-29 11:07:58+02:00
0,0,0,0,0,0,2020-06-29 12:03:54+02:00
1,1,0,0,0,0,2020-06-29 12:04:44+02:00
0,0,0,0,0,0,2020-06-30 10:58:44+02:00
0,0,0,0,0,0,2020-07-01 15:28:45+02:00
0,0,0,0,0,0,2020-07-01 17:16:32+02:00
0,0,0,0,0,0,2020-07-02 15:11:24+02:00
0,0,0,0,0,0,2020-07-02 15:12:10+02:00
0,0,0,0,0,0,2020-07-02 15:12:49+02:00
0,0,0,0,0,0,2020-07-03 11:25:50+02:00
0,0,0,0,0,0,2020-07-03 11:27:57+02:00
0,0,0,0,0,0,2020-07-03 11:30:32+02:00
0,0,0,0,0,0,2020-07-03 11:46:42+02:00
0,0,0,0,0,0,2020-07-06 16:31:20+02:00
0,0,0,0,0,0,2020-07-06 16:31:46+02:00
0,0,0,0,0,0,2020-07-06 17:09:46+02:00
0,0,0,0,0,0,2020-07-07 10:58:58+02:00
0,0,0,0,0,0,2020-07-07 11:15:00+02:00
0,0,0,0,0,0,2020-07-07 13:03:26+02:00
0,0,0,0,0,0,2020-07-08 10:26:56+02:00
0,0,0,0,0,0,2020-07-08 13:08:07+02:00
0,0,0,0,0,0,2020-07-08 13:09:04+02:00
0,0,0,0,0,0,2020-07-08 13:16:39+02:00
0,0,0,0,0,0,2020-07-08 15:31:06+02:00
0,0,0,0,0,0,2020-07-08 15:57:04+02:00
0,1,0,0,0,0,2020-07-10 11:00:16+02:00
0,1,0,0,0,0,2020-07-10 11:23:16+02:00
0,1,0,0,0,0,2020-07-10 11:24:35+02:00
0,1,0,0,0,0,2020-07-10 12:13:20+02:00
0,1,0,0,0,0,2020-07-10 15:05:09+02:00
0,1,0,0,0,0,2020-07-10 15:09:37+02:00
0,0,0,0,0,0,2020-07-10 15:11:10+02:00
0,1,0,0,0,0,2020-07-10 15:15:39+02:00
0,0,0,0,0,0,2020-07-15 11:36:14+02:00
0,1,0,0,0,0,2020-07-15 11:38:52+02:00
0,1,0,0,0,0,2020-07-15 17:41:17+02:00
0,1,0,0,0,0,2020-07-16 14:13:10+02:00
0,1,0,0,0,0,2020-07-17 11:56:34+02:00
0,1,0,0,0,0,2020-07-17 14:31:43+02:00
0,1,0,0,0,0,2020-07-17 15:54:27+02:00
0,0,0,0,0,0,2020-07-17 16:28:29+02:00
0,0,0,0,0,0,2020-07-17 17:32:28+02:00
0,0,0,0,0,0,2020-07-21 11:07:18+02:00
0,1,0,0,0,0,2020-07-21 12:05:07+02:00
0,0,0,0,0,0,2020-07-21 12:05:26+02:00
0,0,0,0,0,0,2020-07-21 12:22:49+02:00
0,0,0,0,0,0,2020-07-21 16:44:42+02:00
0,1,0,0,0,0,2020-07-21 16:52:18+02:00
0,0,0,0,0,0,2020-07-21 16:54:10+02:00
0,0,0,0,0,0,2020-07-21 17:35:17+02:00
0,0,0,0,0,0,2020-07-22 10:56:36+02:00
0,0,0,0,0,0,2020-07-22 11:22:34+02:00
0,0,0,0,0,0,2020-07-23 15:37:27+02:00
0,1,0,0,0,0,2020-07-23 15:38:00+02:00
1,1,0,0,0,0,2020-09-28 12:48:17+02:00
1,1,0,0,0,0,2020-09-28 13:45:59+02:00
1,1,0,0,0,0,2020-10-06 11:08:40+02:00
1,1,0,0,0,0,2020-10-06 13:15:53+02:00
0,0,0,0,0,0,2020-10-06 14:02:43+02:00
0,0,0,0,0,0,2020-10-06 14:57:40+02:00
0,0,0,0,0,0,2020-10-06 14:59:54+02:00
0,0,0,0,0,0,2020-10-06 15:01:41+02:00
0,0,0,0,0,0,2020-10-06 15:10:27+02:00
0,0,0,0,0,0,2020-10-06 15:24:26+02:00
0,0,0,0,0,0,2020-10-06 15:26:41+02:00
0,0,0,0,0,0,2020-10-06 16:22:12+02:00
0,0,0,0,0,0,2020-10-07 11:54:33+02:00
0,0,0,0,0,0,2020-10-07 11:58:06+02:00
0,0,0,0,0,0,2020-10-07 12:45:05+02:00
0,0,0,0,0,0,2020-10-07 14:44:52+02:00
0,0,0,0,0,0,2020-10-07 14:45:42+02:00
0,0,0,0,0,0,2020-10-07 15:24:57+02:00
0,0,0,0,0,0,2020-10-07 15:25:55+02:00
0,0,0,0,0,0,2020-10-07 15:37:41+02:00
0,0,0,0,0,0,2020-10-07 18:07:20+02:00
0,0,0,0,0,0,2020-10-08 16:03:23+02:00
0,1,0,0,0,0,2020-10-08 16:03:55+02:00
0,0,0,0,0,0,2020-10-08 16:04:46+02:00
0,0,0,0,0,0,2020-10-08 16:06:13+02:00
0,1,0,0,0,0,2020-10-08 17:09:05+02:00
0,1,0,0,0,0,2020-10-08 17:21:59+02:00
0,1,0,0,0,0,2020-10-08 17:48:57+02:00
0,1,0,0,0,0,2020-10-09 09:21:07+02:00
0,1,0,0,0,0,2020-10-09 11:04:12+02:00
0,0,0,0,0,0,2020-10-09 11:05:23+02:00
0,0,0,0,0,0,2020-10-09 11:28:19+02:00
0,1,0,0,0,0,2020-10-09 11:28:53+02:00
0,1,0,0,0,0,2020-10-09 14:44:21+02:00
0,1,0,0,0,0,2020-10-09 14:59:11+02:00
0,1,0,0,0,0,2020-10-09 15:00:13+02:00
0,1,0,0,0,0,2020-10-09 15:20:13+02:00
0,1,0,0,0,0,2020-10-09 15:50:29+02:00
0,1,0,0,0,0,2020-10-09 17:34:27+02:00
0,0,0,0,0,0,2020-10-09 17:38:29+02:00
0,1,0,0,0,0,2020-10-12 10:13:56+02:00
0,1,0,0,0,0,2020-10-12 14:08:33+02:00
0,1,0,0,0,0,2020-10-12 14:14:45+02:00
0,1,0,0,0,0,2020-10-12 15:13:39+02:00
0,0,0,0,0,0,2020-10-12 15:15:31+02:00
0,1,0,0,0,0,2020-10-13 10:28:52+02:00
0,1,0,0,0,0,2020-10-13 11:41:07+02:00
0,1,0,0,0,0,2020-10-13 11:55:38+02:00
0,1,0,0,0,0,2020-10-13 16:25:11+02:00
0,1,0,0,0,0,2020-10-13 16:48:16+02:00
0,0,0,0,0,0,2020-10-13 16:49:33+02:00
0,1,0,0,0,0,2020-10-13 17:20:16+02:00
0,1,0,0,0,0,2020-10-13 17:31:59+02:00
0,0,0,0,0,0,2020-10-13 17:32:43+02:00
0,1,0,0,0,0,2020-10-14 13:00:38+02:00
0,0,0,0,0,0,2020-10-14 15:37:21+02:00
0,1,0,0,0,0,2020-10-14 15:38:47+02:00
0,0,0,0,0,0,2020-10-14 15:39:22+02:00
0,1,0,0,0,0,2020-10-14 16:25:53+02:00
0,0,0,0,0,0,2020-10-14 16:58:55+02:00
0,0,0,0,0,0,2020-10-14 17:20:10+02:00
0,0,0,0,0,0,2020-10-14 17:23:15+02:00
0,0,0,0,0,0,2020-10-15 12:22:05+02:00
0,0,0,0,0,0,2020-10-15 12:22:27+02:00
0,0,0,0,0,0,2020-10-15 15:06:22+02:00
0,0,0,0,0,0,2020-10-15 15:07:03+02:00
0,0,0,0,0,0,2020-10-15 15:37:42+02:00
0,0,0,0,0,0,2020-10-15 15:45:28+02:00
0,0,0,0,0,0,2020-10-15 15:51:33+02:00
0,0,0,0,0,0,2020-10-15 15:54:15+02:00
0,0,0,0,0,0,2020-10-15 16:05:17+02:00
0,0,0,0,0,0,2020-10-15 16:16:57+02:00
0,0,0,0,0,0,2020-10-15 16:17:42+02:00
0,0,0,0,0,0,2020-10-15 16:22:07+02:00
0,0,0,0,0,0,2020-10-15 16:25:56+02:00
0,0,0,0,0,0,2020-10-15 16:55:49+02:00
0,1,0,0,0,0,2020-10-20 10:57:13+02:00
0,0,0,0,0,0,2020-10-23 12:35:14+02:00
0,1,0,0,0,0,2020-10-23 15:03:45+02:00
0,0,0,0,0,0,2020-10-23 15:05:49+02:00
0,0,0,0,0,0,2020-10-23 15:06:39+02:00
0,0,0,0,0,0,2020-10-23 15:17:26+02:00
0,0,0,0,0,0,2020-10-23 15:55:05+02:00
0,0,0,0,0,0,2020-10-23 15:59:45+02:00
0,0,0,0,0,0,2020-10-26 11:10:32+01:00
0,0,0,0,0,0,2020-11-05 15:22:12+01:00
0,0,0,0,0,0,2020-11-05 15:22:37+01:00
0,0,0,0,0,0,2020-11-05 15:23:28+01:00
0,0,0,0,0,0,2020-11-05 15:30:44+01:00
0,0,0,0,0,0,2020-11-05 15:33:27+01:00
0,0,0,0,0,0,2020-11-05 15:38:11+01:00
0,0,0,0,0,0,2020-11-05 16:38:28+01:00
0,0,0,0,0,0,2020-11-05 16:51:22+01:00
0,0,0,0,0,0,2020-11-05 17:15:33+01:00
0,0,0,0,0,0,2020-11-06 09:33:23+01:00
0,0,0,0,0,0,2020-11-06 09:41:07+01:00
0,0,0,0,0,0,2020-11-06 09:41:26+01:00
0,0,0,0,0,0,2020-11-06 09:46:26+01:00
0,0,0,0,0,0,2020-11-06 09:58:07+01:00
0,0,0,0,0,0,2020-11-06 09:58:33+01:00
0,0,0,0,0,0,2020-11-06 10:04:02+01:00
0,0,0,0,0,0,2020-11-06 10:15:28+01:00
0,0,0,0,0,0,2020-11-09 17:51:26+01:00
0,0,0,0,0,0,2020-11-10 09:23:51+01:00
0,0,0,0,0,0,2020-11-12 10:41:38+01:00
0,1,0,0,0,0,2020-11-18 12:07:08+01:00
0,1,0,0,0,0,2020-11-18 15:51:04+01:00
0,0,0,0,0,0,2020-11-18 15:54:01+01:00
1,1,0,0,0,0,2020-11-18 17:34:38+01:00
1,1,0,0,0,0,2020-11-19 09:56:43+01:00
0,0,0,0,0,0,2020-11-19 10:02:05+01:00
1,1,0,0,0,0,2020-11-19 11:59:24+01:00
1,1,0,0,0,0,2020-11-19 12:21:57+01:00
1,1,0,0,0,0,2020-11-19 12:22:09+01:00
1,1,0,0,0,0,2020-11-19 14:27:48+01:00
3,6,0,0,0,0,2020-12-01 08:41:31+01:00
1,1,0,0,0,0,2020-12-01 14:39:40+01:00
0,0,0,0,0,0,2020-12-01 14:44:53+01:00
0,0,0,0,0,0,2020-12-01 14:46:02+01:00
1,1,0,0,0,0,2020-12-01 15:00:43+01:00
0,0,0,0,0,0,2020-12-01 16:07:36+01:00
1,1,0,0,0,0,2020-12-01 21:48:12+01:00
0,0,0,0,0,0,2020-12-01 21:49:07+01:00
1,1,0,0,0,0,2020-12-02 10:06:41+01:00
0,0,0,0,0,0,2020-12-02 10:34:27+01:00
0,0,0,0,0,0,2020-12-02 13:06:43+01:00
0,0,0,0,0,0,2020-12-02 17:56:47+01:00
0,0,0,0,0,0,2020-12-03 15:43:17+01:00
0,0,0,0,0,0,2020-12-03 15:44:43+01:00
0,0,0,0,0,0,2021-02-17 12:13:50+01:00
0,0,0,0,0,0,2021-05-05 14:09:53+02:00
2,2,0,0,1,0,2021-05-05 14:11:00+02:00
1,2,0,0,1,0,2021-05-05 16:46:18+02:00
0,0,0,0,0,0,2021-05-06 10:52:12+02:00
4,5,0,0,0,0,2021-05-06 12:14:31+02:00
0,0,0,0,0,0,2021-05-06 12:18:48+02:00
0,0,0,0,0,0,2021-05-06 14:34:27+02:00
0,0,0,0,0,0,2021-05-06 14:45:05+02:00
0,0,0,0,0,0,2021-05-07 17:02:17+02:00
1,1,0,0,1,0,2021-05-11 10:12:53+02:00
0,0,0,0,0,0,2021-05-11 10:19:42+02:00
2,3,0,0,1,0,2021-05-11 11:55:54+02:00
3,4,0,0,1,0,2021-05-20 10:11:06+02:00
0,1,0,0,1,0,2021-05-20 11:02:15+02:00
1,3,0,0,3,0,2021-05-20 12:19:28+02:00
4,7,0,0,4,0,2021-05-20 14:17:02+02:00
0,1,0,0,0,0,2021-05-20 15:06:25+02:00
0,1,0,0,1,0,2021-05-20 16:36:01+02:00
2,4,0,0,3,0,2021-05-21 11:14:50+02:00
1,1,0,0,1,0,2021-05-21 16:41:48+02:00
0,1,0,0,0,0,2021-05-21 16:43:12+02:00
0,0,0,0,0,0,2021-05-21 16:43:31+02:00
0,1,0,0,0,0,2021-05-25 16:28:44+02:00
2,3,0,0,1,0,2021-05-26 14:23:05+02:00
1,2,0,0,1,0,2021-05-26 16:00:44+02:00
0,1,0,0,0,0,2021-05-26 17:11:56+02:00
0,1,0,0,0,0,2021-05-26 17:45:35+02:00
0,0,0,0,0,0,2021-05-26 17:46:53+02:00
0,1,0,0,0,0,2021-05-27 12:23:52+02:00
0,1,0,0,0,0,2021-05-27 14:53:08+02:00
0,1,0,0,0,0,2021-05-27 15:12:18+02:00
0,0,0,0,0,0,2021-05-27 15:36:24+02:00
0,0,0,0,0,0,2021-05-27 15:49:51+02:00
0,1,0,0,1,0,2021-05-28 11:24:02+02:00
1,2,0,0,2,0,2021-06-01 16:24:18+02:00
0,1,0,0,1,0,2021-06-01 16:47:21+02:00
0,5,0,0,5,0,2021-06-02 10:50:56+02:00
0,2,0,0,2,0,2021-06-02 11:03:38+02:00
1,1,0,0,1,0,2021-06-02 14:23:51+02:00
1,2,0,0,1,0,2021-06-02 15:14:42+02:00
4,10,0,0,6,0,2021-06-02 15:35:56+02:00
0,0,0,0,0,0,2021-06-02 15:44:22+02:00
0,0,0,0,0,0,2021-06-02 15:54:51+02:00
0,0,0,0,0,0,2021-06-02 16:00:23+02:00
1,2,0,0,1,0,2021-06-03 11:47:56+02:00
1,2,0,0,1,0,2021-06-03 15:04:26+02:00
4,10,0,0,5,0,2021-06-03 15:26:31+02:00
2,8,0,0,5,0,2021-06-03 15:46:00+02:00
0,1,0,0,0,0,2021-06-07 15:22:40+02:00
0,2,0,0,0,0,2021-06-07 16:45:08+02:00
0,0,0,0,0,0,2021-06-08 16:15:28+02:00
1,1,0,0,0,0,2021-06-08 18:05:21+02:00
0,4,0,0,4,0,2021-06-09 10:33:57+02:00
1,1,0,0,0,0,2021-06-09 13:53:35+02:00
1,1,0,0,0,0,2021-06-10 10:13:57+02:00
1,3,0,0,2,0,2021-06-10 10:14:27+02:00
0,0,0,0,0,0,2021-06-10 10:20:03+02:00
0,0,0,0,0,0,2021-06-10 10:20:39+02:00
0,0,0,0,0,0,2021-06-10 10:23:17+02:00
1,2,0,0,0,0,2021-06-10 14:03:27+02:00
1,4,0,0,3,0,2021-06-16 14:26:41+02:00
1,2,0,0,0,0,2021-06-16 14:30:35+02:00
0,2,0,0,0,0,2021-06-16 14:32:27+02:00
0,1,0,0,0,0,2021-06-16 15:00:08+02:00
0,1,0,0,1,0,2021-06-16 17:32:53+02:00
0,1,0,0,1,0,2021-06-17 09:48:38+02:00
0,0,0,0,0,0,2021-06-17 10:41:58+02:00
1,3,0,0,2,0,2021-08-02 16:36:53+02:00
1,7,0,0,5,0,2021-08-04 09:29:44+02:00
0,1,0,0,1,0,2021-08-04 09:32:45+02:00
0,2,0,0,1,0,2021-08-04 09:38:59+02:00
