Acquisition,Preparation,Modeling,Training,Evaluation,Prediction,time
0,0,0,0,0,0,2020-12-07 14:40:25+00:00
0,0,0,0,0,0,2020-12-07 14:41:54+00:00
0,0,0,0,0,0,2020-12-07 14:42:41+00:00
0,0,0,0,0,0,2020-12-07 16:03:32+00:00
0,0,0,0,0,0,2020-12-14 16:16:51+00:00
0,0,0,0,0,0,2020-12-14 16:23:53+00:00
0,0,0,0,0,0,2020-12-14 16:25:50+00:00
0,0,0,0,0,0,2020-12-14 16:33:42+00:00
0,0,0,0,0,0,2020-12-14 16:54:02+00:00
0,0,0,0,0,0,2020-12-14 16:54:10+00:00
0,0,0,0,0,0,2020-12-14 16:58:02+00:00
0,0,0,0,0,0,2020-12-14 16:59:56+00:00
0,0,0,0,0,0,2020-12-14 17:00:45+00:00
0,0,0,0,0,0,2021-01-20 15:15:27+00:00
0,0,0,0,0,0,2021-01-20 15:18:41+00:00
0,0,0,0,0,0,2021-01-20 15:20:07+00:00
0,0,0,0,0,0,2021-01-20 15:24:27+00:00
0,0,0,0,0,0,2021-01-20 15:26:19+00:00
0,0,0,0,0,0,2021-01-20 15:27:29+00:00
1,1,0,0,0,0,2021-01-30 17:51:09+00:00
0,0,0,0,0,0,2021-01-30 18:00:26+00:00
0,0,0,0,0,0,2021-01-30 18:02:53+00:00
0,0,0,0,0,0,2021-01-30 18:07:52+00:00
0,0,0,0,0,0,2021-01-30 18:11:15+00:00
0,0,0,0,0,0,2021-01-30 18:11:54+00:00
0,0,0,0,0,0,2021-01-30 19:22:02+00:00
0,0,0,0,0,0,2021-01-30 19:27:50+00:00
0,0,0,0,0,0,2021-01-30 19:50:46+00:00
0,0,0,0,0,0,2021-01-30 19:59:46+00:00
0,0,0,0,0,0,2021-01-30 20:00:59+00:00
0,0,0,0,0,0,2021-01-30 20:01:29+00:00
1,1,0,0,0,0,2021-01-30 20:34:40+00:00
0,0,0,0,0,0,2021-01-30 20:36:47+00:00
0,0,0,0,0,0,2021-01-30 20:47:41+00:00
0,0,0,0,0,0,2021-01-30 20:49:09+00:00
0,0,0,0,0,0,2021-01-31 08:20:44+00:00
0,0,0,0,0,0,2021-01-31 08:27:35+00:00
0,0,0,0,0,0,2021-01-31 08:30:08+00:00
0,0,0,0,0,0,2021-01-31 08:33:17+00:00
1,1,0,0,0,0,2021-01-31 08:46:38+00:00
0,0,0,0,0,0,2021-01-31 08:56:56+00:00
0,0,0,0,0,0,2021-01-31 08:58:35+00:00
0,0,0,0,0,0,2021-01-31 17:01:59+00:00
0,0,0,0,0,0,2021-01-31 17:03:20+00:00
0,0,0,0,0,0,2021-01-31 17:06:15+00:00
0,0,0,0,0,0,2021-01-31 17:49:39+00:00
1,1,0,0,0,0,2021-02-15 16:45:47+00:00
0,0,0,0,0,0,2021-02-15 16:50:11+00:00
0,0,0,0,0,0,2021-02-15 16:51:32+00:00
0,0,0,0,0,0,2021-02-15 16:51:51+00:00
0,0,0,0,0,0,2021-02-15 16:52:21+00:00
0,0,0,0,0,0,2021-02-16 09:31:37+00:00
1,1,0,0,0,0,2021-02-22 12:14:23+00:00
0,0,0,0,0,0,2021-02-22 12:14:59+00:00
0,0,0,0,0,0,2021-02-22 13:40:45+00:00
0,0,0,0,0,0,2021-02-22 13:40:58+00:00
0,0,0,0,0,0,2021-02-22 13:41:22+00:00
0,0,0,0,0,0,2021-02-22 14:52:35+00:00
0,0,0,0,0,0,2021-02-22 14:53:19+00:00
0,0,0,0,0,0,2021-02-22 14:55:55+00:00
0,0,0,0,0,0,2021-03-03 08:38:04+00:00
0,0,0,0,0,0,2021-03-03 08:38:45+00:00
0,0,0,0,0,0,2021-03-03 10:39:49+00:00
0,0,0,0,0,0,2021-03-03 10:41:40+00:00
0,0,0,0,0,0,2021-03-03 10:44:10+00:00
0,0,0,0,0,0,2021-03-03 10:45:53+00:00
0,0,0,0,0,0,2021-03-03 10:55:22+00:00
0,0,0,0,0,0,2021-03-03 10:57:25+00:00
0,0,0,0,0,0,2021-03-09 12:30:06+00:00
1,0,0,0,0,0,2021-03-31 15:06:01+01:00
1,0,0,0,0,0,2021-04-06 09:19:31+01:00
1,0,0,0,0,0,2021-04-06 09:22:41+01:00
0,0,0,0,0,0,2021-04-06 10:35:55+01:00
0,0,0,0,0,0,2021-05-13 14:37:10-04:00
1,0,0,0,0,0,2021-05-13 14:39:08-04:00
0,0,0,0,0,0,2021-05-16 08:06:29+01:00
0,0,0,0,0,0,2021-05-16 08:18:56+01:00
1,1,0,0,0,0,2021-05-17 08:59:11+01:00
0,0,0,0,0,0,2021-05-17 09:00:28+01:00
0,0,0,0,0,0,2021-05-17 10:09:10+01:00
1,0,0,0,0,0,2021-05-29 10:15:48+01:00
0,0,0,0,0,0,2021-05-29 10:16:16+01:00
0,0,0,0,0,0,2021-05-29 13:14:18+01:00
1,0,0,0,0,0,2021-05-30 10:20:25+01:00
1,0,0,0,0,0,2021-05-30 13:38:10+01:00
1,0,0,0,0,0,2021-06-01 08:32:43+01:00
0,0,0,0,0,0,2021-06-01 12:07:21+01:00
0,0,0,0,0,0,2021-06-01 12:23:34+01:00
0,0,0,0,0,0,2021-06-01 12:26:37+01:00
1,0,0,0,0,0,2021-06-02 08:48:08+01:00
0,0,0,0,0,0,2021-06-04 14:31:15+01:00
9,10,7,5,2,5,2021-06-07 09:45:21-04:00
0,0,0,0,0,0,2021-06-07 09:48:36-04:00
4,6,2,1,1,2,2021-06-14 15:13:06-04:00
2,2,1,0,0,1,2021-06-25 14:10:04-04:00
