Acquisition,Preparation,Modeling,Training,Evaluation,Prediction,time
0,0,0,0,0,0,2020-04-15 15:03:30+08:00
0,0,0,0,0,0,2020-04-15 15:04:55+08:00
0,0,0,0,0,0,2020-04-15 15:10:27+08:00
0,0,0,0,0,0,2020-04-15 15:12:53+08:00
0,0,0,0,0,0,2020-04-15 15:24:30+08:00
0,0,0,0,0,0,2020-04-15 15:39:05+08:00
0,0,0,0,0,0,2020-04-15 15:41:10+08:00
0,0,0,0,0,0,2020-04-15 15:50:38+08:00
0,1,0,0,0,0,2020-04-15 16:01:45+08:00
0,0,0,0,0,0,2020-04-15 16:04:57+08:00
0,1,0,0,0,0,2020-04-15 16:08:41+08:00
0,0,0,0,0,0,2020-04-15 16:10:10+08:00
0,0,0,0,0,0,2020-04-15 16:21:08+08:00
0,1,0,0,0,0,2020-04-15 16:31:14+08:00
0,1,0,0,0,0,2020-04-15 16:33:59+08:00
0,1,0,0,0,0,2020-04-15 16:35:42+08:00
0,1,0,0,0,0,2020-04-15 16:38:56+08:00
0,1,0,0,0,0,2020-04-15 16:43:39+08:00
0,0,0,0,0,0,2020-04-15 16:45:44+08:00
0,2,0,0,0,0,2020-04-15 17:10:30+08:00
0,3,0,0,0,0,2020-04-15 17:27:46+08:00
0,1,0,0,0,0,2020-04-15 17:59:15+08:00
0,1,0,0,0,0,2020-04-15 18:23:04+08:00
0,1,0,0,0,0,2020-04-15 18:56:04+08:00
0,1,0,0,0,0,2020-04-15 19:29:56+08:00
0,1,0,0,0,0,2020-04-15 21:34:33+08:00
0,1,0,0,0,0,2020-04-15 21:43:15+08:00
0,0,0,0,0,0,2020-04-15 21:46:51+08:00
0,0,0,0,0,0,2020-04-15 21:49:26+08:00
0,0,1,0,0,0,2020-04-15 21:55:45+08:00
0,0,1,0,0,0,2020-04-15 22:05:57+08:00
0,0,1,0,0,0,2020-04-15 23:00:44+08:00
0,0,1,0,0,0,2020-04-15 23:09:29+08:00
0,0,1,0,0,0,2020-04-15 23:29:25+08:00
0,1,2,0,0,1,2020-04-16 11:18:39+08:00
0,0,1,0,0,1,2020-04-16 13:09:10+08:00
0,1,1,0,0,1,2020-04-16 15:55:27+08:00
0,2,1,0,0,1,2020-04-16 16:38:43+08:00
0,1,1,2,0,1,2020-04-16 20:23:08+08:00
0,0,0,1,0,0,2020-04-16 20:37:31+08:00
0,1,0,1,0,0,2020-04-16 20:51:24+08:00
0,0,0,1,0,0,2020-04-16 21:50:19+08:00
0,1,1,2,0,1,2020-04-16 22:06:08+08:00
0,0,1,2,0,1,2020-04-16 22:31:20+08:00
0,1,1,1,0,1,2020-04-17 01:10:53+08:00
0,3,1,2,0,1,2020-04-17 05:26:57+08:00
0,1,1,2,0,1,2020-04-17 15:48:13+08:00
0,1,1,2,0,1,2020-04-17 22:50:47+08:00
0,1,1,2,0,1,2020-04-18 12:40:52+08:00
0,1,0,1,0,0,2020-04-18 16:39:52+08:00
0,1,0,1,0,0,2020-04-18 17:05:54+08:00
0,2,1,2,0,1,2020-04-18 18:25:02+08:00
0,1,0,1,0,0,2020-04-18 18:30:46+08:00
0,1,0,1,0,0,2020-04-18 18:36:25+08:00
0,1,0,1,0,0,2020-04-18 19:29:20+08:00
0,2,0,1,0,0,2020-04-18 20:36:29+08:00
0,1,0,0,0,0,2020-04-18 21:22:02+08:00
0,1,0,1,0,0,2020-04-19 00:07:50+08:00
0,1,0,1,0,0,2020-04-19 13:25:16+08:00
3,2,1,2,0,1,2020-04-21 22:40:20+08:00
1,1,0,1,0,0,2020-04-21 22:41:08+08:00
1,0,1,1,0,1,2020-04-22 02:46:56+08:00
1,1,0,1,0,0,2020-04-22 02:51:34+08:00
2,1,1,1,0,2,2020-04-22 03:02:54+08:00
1,0,1,1,0,1,2020-04-22 03:28:13+08:00
1,0,1,1,0,1,2020-04-22 04:03:28+08:00
2,1,2,2,0,1,2020-04-22 04:34:54+08:00
1,1,0,1,0,0,2020-04-22 05:46:52+08:00
2,1,1,2,0,1,2020-04-22 16:19:00+08:00
2,1,1,2,0,1,2020-04-22 17:18:59+08:00
2,1,1,2,0,1,2020-04-22 17:27:22+08:00
1,0,1,1,0,1,2020-04-22 17:54:04+08:00
2,1,1,2,0,1,2020-04-22 23:00:52+08:00
0,0,0,0,0,0,2020-04-23 22:28:22+08:00
0,0,0,0,0,0,2020-04-23 22:35:42+08:00
0,0,0,0,0,0,2020-04-23 22:36:18+08:00
1,1,0,1,0,0,2020-04-23 23:35:45+08:00
0,0,0,0,0,0,2020-04-23 23:37:43+08:00
0,0,0,0,0,0,2020-04-24 01:36:56+08:00
2,1,1,2,0,1,2020-04-24 02:07:15+08:00
3,2,3,2,0,2,2020-04-24 04:43:00+08:00
1,1,0,1,0,0,2020-04-24 05:37:03+08:00
1,1,0,1,0,0,2020-04-24 14:04:57+08:00
3,2,1,2,0,2,2020-04-24 14:26:13+08:00
1,1,1,1,0,1,2020-04-24 17:25:28+08:00
2,2,1,2,0,1,2020-04-24 17:27:19+08:00
1,1,0,0,0,1,2020-04-24 17:28:15+08:00
1,1,0,0,0,1,2020-04-24 17:42:20+08:00
1,1,0,1,0,0,2020-04-24 20:46:50+08:00
1,1,0,0,0,1,2020-04-24 20:55:40+08:00
1,1,1,1,0,1,2020-04-24 21:20:31+08:00
1,1,0,1,0,0,2020-04-24 22:10:23+08:00
1,1,1,1,0,1,2020-04-25 02:14:17+08:00
1,1,0,0,0,1,2020-04-25 02:17:33+08:00
1,1,0,1,0,0,2020-04-25 17:15:38+08:00
1,1,1,1,0,1,2020-04-25 18:10:50+08:00
1,1,0,1,0,0,2020-04-25 20:19:13+08:00
1,1,1,1,0,1,2020-04-25 20:45:52+08:00
3,3,1,2,0,2,2020-04-25 20:56:32+08:00
2,2,1,3,0,1,2020-04-25 22:50:56+08:00
0,0,0,1,0,0,2020-04-26 14:25:40+08:00
1,1,0,0,1,0,2020-04-26 14:35:23+08:00
2,2,0,0,1,0,2020-04-26 14:50:17+08:00
0,0,0,0,0,0,2020-04-26 14:55:16+08:00
1,1,0,0,1,0,2020-04-26 14:57:07+08:00
1,1,0,0,0,1,2020-04-26 18:37:50+08:00
2,2,0,2,1,0,2020-04-27 01:05:38+08:00
2,2,2,1,0,2,2020-04-27 01:22:52+08:00
2,2,2,1,0,2,2020-04-27 01:22:52+08:00
0,0,0,0,0,0,2020-04-27 01:36:02+08:00
1,1,2,1,0,1,2020-04-27 15:55:47+08:00
2,2,0,0,1,1,2020-04-27 17:38:17+08:00
0,0,0,0,0,0,2020-04-27 17:52:52+08:00
0,0,0,0,0,0,2020-04-27 18:11:50+08:00
0,0,0,0,0,0,2020-04-27 18:12:05+08:00
1,1,0,0,1,0,2020-04-27 18:21:06+08:00
0,0,0,0,0,0,2020-04-27 18:22:15+08:00
2,3,1,1,0,2,2020-04-27 21:33:40+08:00
1,1,0,0,1,0,2020-04-27 23:30:50+08:00
2,2,0,1,1,1,2020-04-27 23:56:41+08:00
2,2,0,1,1,1,2020-04-28 03:10:48+08:00
0,0,1,0,0,0,2020-04-28 03:11:32+08:00
1,1,1,1,0,1,2020-04-28 14:17:52+08:00
1,1,1,0,1,0,2020-04-28 14:20:44+08:00
2,2,1,1,0,2,2020-04-28 17:02:44+08:00
2,2,0,1,1,1,2020-04-28 21:03:44+08:00
3,3,1,1,1,2,2020-04-28 21:50:29+08:00
2,2,2,1,0,2,2020-04-29 03:14:25+08:00
3,2,1,2,1,1,2020-04-29 03:30:55+08:00
2,2,0,1,2,0,2020-04-29 17:21:28+08:00
1,1,0,0,0,1,2020-04-29 23:28:05+08:00
1,0,0,0,0,0,2020-04-30 00:32:56+08:00
0,0,0,0,0,0,2020-04-30 06:50:07+08:00
2,1,0,1,1,0,2020-04-30 18:22:48+08:00
3,3,2,2,1,2,2020-04-30 18:31:13+08:00
2,2,1,2,1,1,2020-04-30 19:43:56+08:00
0,1,0,0,0,0,2020-05-01 00:24:26+08:00
1,1,0,1,1,0,2020-05-01 00:28:35+08:00
0,0,0,0,0,0,2020-05-01 00:30:59+08:00
1,1,0,1,1,0,2020-05-01 00:32:25+08:00
1,1,0,1,1,0,2020-05-01 00:35:20+08:00
1,1,0,0,0,1,2020-05-01 21:08:40+08:00
0,0,1,0,0,0,2020-05-02 00:08:24+08:00
2,2,0,1,1,1,2020-05-02 00:16:04+08:00
0,0,1,0,0,0,2020-05-02 15:30:15+08:00
0,0,1,0,0,0,2020-05-02 15:30:15+08:00
0,0,0,0,0,0,2020-05-02 15:41:39+08:00
0,0,0,0,0,0,2020-05-02 16:55:00+08:00
1,1,0,1,1,0,2020-05-02 17:12:51+08:00
1,1,0,1,1,0,2020-05-02 17:28:23+08:00
0,0,1,0,0,0,2020-05-02 19:09:44+08:00
3,3,1,2,1,2,2020-05-02 19:45:01+08:00
1,1,0,1,1,0,2020-05-02 19:45:51+08:00
0,0,1,0,0,0,2020-05-02 21:32:10+08:00
0,0,1,0,0,0,2020-05-02 22:05:34+08:00
0,0,0,0,0,0,2020-05-02 23:19:49+08:00
0,0,0,0,0,0,2020-05-05 20:23:27+08:00
2,2,5,1,0,2,2020-05-07 20:34:56+08:00
0,0,2,0,0,0,2020-05-07 21:57:12+08:00
0,0,0,0,0,0,2020-05-07 22:06:55+08:00
1,1,0,1,1,0,2020-05-07 23:55:39+08:00
0,0,1,0,0,0,2020-05-07 23:59:06+08:00
0,0,0,0,0,0,2020-05-08 02:07:32+08:00
2,2,3,1,0,2,2020-05-08 02:43:09+08:00
0,0,0,0,0,0,2020-05-08 04:13:59+08:00
0,0,0,0,0,0,2020-05-08 15:36:35+08:00
0,0,0,0,0,0,2020-05-08 18:20:37+08:00
0,0,0,0,0,0,2020-05-08 20:16:47+08:00
0,0,0,0,0,0,2020-05-08 21:49:12+08:00
1,1,1,1,0,1,2020-05-08 22:01:50+08:00
1,1,0,0,0,1,2020-05-08 23:14:58+08:00
0,0,0,0,1,0,2020-05-09 03:27:21+08:00
1,1,0,0,0,1,2020-05-09 03:34:03+08:00
0,0,0,0,1,0,2020-05-09 05:23:11+08:00
0,0,0,0,1,0,2020-05-09 15:03:44+08:00
0,0,0,0,1,0,2020-05-09 21:10:55+08:00
0,0,0,0,0,0,2020-05-09 21:12:49+08:00
0,0,0,0,1,0,2020-05-09 21:14:18+08:00
0,0,0,0,1,0,2020-05-10 19:09:58+08:00
0,0,0,0,0,0,2020-05-10 19:19:35+08:00
0,0,0,0,0,0,2020-05-11 09:44:00+08:00
0,0,0,0,0,0,2020-05-11 09:45:28+08:00
0,0,0,0,0,0,2020-05-11 09:58:31+08:00
1,1,1,1,0,1,2020-05-11 10:03:22+08:00
1,1,0,0,0,1,2020-05-11 10:04:28+08:00
1,1,0,1,1,0,2020-05-11 10:06:15+08:00
0,0,0,0,0,0,2020-05-11 10:19:50+08:00
0,0,0,0,0,0,2020-05-11 10:20:12+08:00
0,0,0,0,1,0,2020-05-14 23:32:54+08:00
0,0,0,0,0,0,2021-11-13 14:13:39+08:00
