Acquisition,Preparation,Modeling,Training,Evaluation,Prediction,time
1,0,0,0,0,0,2021-03-24 11:55:13+01:00
0,0,0,0,0,0,2021-03-24 12:10:45+01:00
0,0,0,0,0,0,2021-03-24 12:10:59+01:00
0,0,0,0,0,0,2021-03-24 12:11:42+01:00
0,1,0,0,0,0,2021-03-26 10:17:02+01:00
1,0,0,0,0,0,2021-03-26 10:17:18+01:00
1,0,0,0,0,0,2021-03-26 10:20:57+01:00
0,1,0,0,0,0,2021-03-26 10:31:18+01:00
0,1,0,0,0,0,2021-03-26 10:34:18+01:00
0,0,0,0,0,0,2021-03-26 10:39:40+01:00
0,1,0,0,0,0,2021-03-26 10:56:01+01:00
0,1,0,0,0,0,2021-03-26 10:56:06+01:00
2,2,0,0,0,0,2021-04-07 13:01:03+02:00
0,1,0,0,0,0,2021-04-07 13:11:53+02:00
1,1,0,0,0,0,2021-04-07 13:17:04+02:00
3,3,0,0,0,0,2021-04-08 10:19:22+02:00
1,2,0,0,0,0,2021-04-08 10:22:00+02:00
0,0,0,0,0,0,2021-04-08 10:23:25+02:00
0,1,0,0,0,0,2021-04-08 10:28:35+02:00
0,0,0,0,0,0,2021-04-08 10:31:12+02:00
1,2,0,0,0,0,2021-04-08 12:28:18+02:00
0,1,0,0,0,0,2021-04-08 13:18:28+02:00
1,0,0,0,0,0,2021-04-12 16:36:08+02:00
1,1,0,0,0,0,2021-04-12 16:51:46+02:00
0,0,0,0,0,0,2021-04-12 16:51:54+02:00
0,0,0,0,0,0,2021-04-12 17:21:00+02:00
0,0,0,0,0,0,2021-04-12 17:22:51+02:00
0,0,0,0,0,0,2021-04-12 17:25:43+02:00
0,0,0,0,0,0,2021-04-12 17:37:04+02:00
1,4,0,0,0,0,2021-04-13 11:18:38+02:00
1,0,0,0,0,0,2021-04-13 11:21:31+02:00
0,0,0,0,0,0,2021-04-13 11:24:27+02:00
1,0,0,0,0,0,2021-04-13 11:50:32+02:00
0,0,0,0,0,0,2021-04-13 11:56:16+02:00
0,0,0,0,0,0,2021-04-13 12:22:52+02:00
0,0,0,0,0,0,2021-04-13 17:15:07+02:00
0,0,0,0,0,0,2021-04-13 17:18:00+02:00
0,1,0,0,0,0,2021-04-14 07:37:28+02:00
1,2,0,0,0,0,2021-04-14 09:19:07+02:00
0,1,0,0,0,0,2021-04-14 09:23:13+02:00
0,0,0,0,0,0,2021-04-14 09:50:09+02:00
1,1,0,0,0,0,2021-04-14 13:07:45+02:00
1,1,0,0,0,0,2021-04-14 13:09:43+02:00
0,1,0,0,0,0,2021-04-14 13:16:46+02:00
0,1,0,0,0,0,2021-04-14 13:25:54+02:00
0,2,0,0,0,0,2021-04-14 14:45:14+02:00
1,0,0,0,0,1,2021-04-14 18:29:09+02:00
0,1,0,0,0,1,2021-04-14 19:31:03+02:00
0,0,0,0,0,1,2021-04-14 19:31:28+02:00
0,2,0,0,0,1,2021-04-14 20:01:11+02:00
0,1,0,0,0,0,2021-04-14 21:05:06+02:00
0,0,0,0,0,1,2021-04-14 21:06:03+02:00
0,0,0,0,0,0,2021-04-14 21:09:53+02:00
0,0,0,0,0,0,2021-04-14 21:13:35+02:00
0,1,0,0,0,0,2021-04-14 21:30:01+02:00
0,0,0,0,0,0,2021-04-15 07:38:39+02:00
0,0,0,0,0,0,2021-04-15 07:53:01+02:00
0,2,0,0,0,0,2021-04-15 08:08:33+02:00
0,2,1,0,0,1,2021-04-15 08:22:38+02:00
0,1,0,0,0,0,2021-04-15 08:25:34+02:00
0,2,1,0,0,1,2021-04-15 09:32:25+02:00
0,1,1,0,0,2,2021-04-15 10:55:49+02:00
0,1,0,0,0,0,2021-04-15 10:59:12+02:00
0,0,0,0,0,0,2021-04-15 11:08:14+02:00
0,2,2,0,0,2,2021-04-15 11:13:22+02:00
0,1,1,0,0,1,2021-04-15 11:16:13+02:00
0,2,0,0,0,0,2021-04-15 12:33:20+02:00
0,1,0,0,0,0,2021-04-15 12:59:49+02:00
1,2,0,0,0,0,2021-04-15 13:31:52+02:00
1,1,0,0,0,0,2021-04-16 09:06:24+02:00
1,2,0,0,0,0,2021-04-16 09:17:58+02:00
0,0,0,0,0,0,2021-04-16 09:26:13+02:00
1,4,5,1,0,1,2021-04-16 12:11:38+02:00
0,1,1,0,0,0,2021-04-16 12:17:15+02:00
1,3,3,1,0,2,2021-04-16 12:27:21+02:00
1,1,1,1,0,0,2021-04-16 12:33:39+02:00
1,1,1,1,0,0,2021-04-16 12:34:18+02:00
1,3,3,1,0,1,2021-04-16 13:01:53+02:00
1,0,0,1,0,0,2021-04-16 13:46:30+02:00
0,0,0,0,0,0,2021-04-16 13:46:42+02:00
1,2,3,3,0,0,2021-04-16 15:06:13+02:00
0,0,1,2,0,1,2021-04-16 15:13:28+02:00
1,2,2,1,0,1,2021-04-16 15:17:39+02:00
1,1,2,3,0,0,2021-04-19 08:27:21+02:00
1,1,1,0,0,0,2021-04-19 08:37:54+02:00
0,0,1,1,0,0,2021-04-19 09:56:26+02:00
0,1,1,0,1,0,2021-04-19 10:03:16+02:00
1,3,3,1,1,3,2021-04-20 10:27:20+02:00
1,1,0,0,0,1,2021-04-20 10:34:04+02:00
1,1,0,0,0,0,2021-04-21 10:31:10+02:00
1,2,0,0,0,0,2021-04-21 10:35:53+02:00
0,1,0,0,0,0,2021-04-21 10:54:26+02:00
1,1,0,0,0,0,2021-04-21 10:55:25+02:00
0,1,0,0,0,0,2021-04-21 11:02:15+02:00
1,1,0,0,0,0,2021-04-21 11:09:25+02:00
1,2,0,0,0,2,2021-04-21 12:57:24+02:00
0,1,0,0,0,0,2021-04-21 13:55:47+02:00
0,1,0,0,0,0,2021-04-21 14:02:37+02:00
0,1,0,0,0,0,2021-04-21 14:17:19+02:00
0,0,0,0,0,0,2021-04-22 09:48:31+02:00
0,1,0,0,0,1,2021-04-22 09:50:25+02:00
1,2,1,0,0,0,2021-04-22 11:17:52+02:00
0,0,0,0,0,0,2021-04-22 12:41:44+02:00
0,0,0,0,0,1,2021-04-22 12:52:29+02:00
1,0,0,0,0,0,2021-04-22 13:23:59+02:00
0,0,0,0,0,0,2021-04-22 14:00:24+02:00
0,0,0,0,0,0,2021-04-22 14:01:53+02:00
0,0,0,0,0,0,2021-04-22 15:36:05+02:00
2,2,3,2,1,2,2021-04-22 17:21:18+02:00
0,0,0,0,0,0,2021-04-22 17:21:49+02:00
3,1,3,1,1,1,2021-04-23 07:59:01+02:00
1,2,2,2,1,2,2021-04-23 08:14:32+02:00
0,0,0,0,0,0,2021-04-23 08:47:55+02:00
1,1,2,2,2,1,2021-04-23 11:19:44+02:00
0,0,0,0,0,0,2021-04-23 11:21:44+02:00
0,0,0,0,0,0,2021-04-23 11:23:25+02:00
0,0,0,1,1,0,2021-04-23 11:25:31+02:00
3,2,1,1,0,0,2021-04-23 12:37:06+02:00
1,1,0,0,0,0,2021-04-23 12:39:52+02:00
1,1,0,0,0,0,2021-04-23 12:41:29+02:00
0,0,0,0,0,0,2021-04-23 12:57:07+02:00
1,1,0,0,0,0,2021-04-23 14:34:31+02:00
2,1,1,1,1,0,2021-04-23 15:20:12+02:00
1,1,1,1,1,0,2021-04-26 08:44:43+02:00
1,1,1,1,1,1,2021-04-26 09:10:42+02:00
0,0,0,0,0,0,2021-04-26 09:11:01+02:00
0,1,0,1,1,0,2021-04-26 11:36:11+02:00
0,1,0,0,0,0,2021-04-26 12:42:27+02:00
0,1,0,0,0,0,2021-04-26 12:43:54+02:00
0,1,0,1,0,0,2021-04-26 14:40:33+02:00
1,3,0,1,0,0,2021-04-26 16:24:05+02:00
0,2,1,3,1,2,2021-04-26 18:12:21+02:00
0,0,0,0,0,0,2021-04-26 18:15:02+02:00
1,0,1,0,0,0,2021-04-26 18:36:06+02:00
1,0,1,0,0,0,2021-04-26 18:40:14+02:00
1,0,1,0,0,0,2021-04-26 18:42:57+02:00
0,0,0,1,1,0,2021-04-27 07:25:28+02:00
0,1,0,1,0,0,2021-04-27 07:52:35+02:00
0,1,1,1,1,0,2021-04-27 09:37:10+02:00
1,1,2,2,1,0,2021-04-27 12:23:01+02:00
0,0,0,1,1,0,2021-04-27 13:34:34+02:00
0,0,0,1,1,0,2021-04-27 13:41:36+02:00
3,1,1,1,1,0,2021-04-28 07:48:01+02:00
3,4,2,2,1,2,2021-04-29 10:45:03+02:00
0,1,1,1,1,0,2021-04-29 11:25:46+02:00
3,1,0,0,0,0,2021-04-29 14:55:08+02:00
0,3,1,2,1,1,2021-04-29 15:27:27+02:00
0,1,1,2,1,1,2021-04-29 15:37:39+02:00
0,0,0,1,1,0,2021-04-29 15:50:45+02:00
3,2,2,2,1,1,2021-04-30 09:50:21+02:00
1,2,2,2,1,1,2021-04-30 10:55:58+02:00
0,0,0,0,0,0,2021-04-30 11:55:45+02:00
3,1,1,0,0,0,2021-04-30 22:02:25+02:00
0,0,1,0,0,0,2021-05-01 09:21:24+02:00
1,1,0,0,0,0,2021-05-01 09:30:44+02:00
2,2,0,0,0,0,2021-05-01 09:49:08+02:00
2,2,1,1,1,0,2021-05-01 10:31:21+02:00
0,1,0,1,1,0,2021-05-02 09:35:59+02:00
0,1,1,1,0,1,2021-05-02 09:36:29+02:00
1,0,0,0,0,0,2021-05-02 17:17:44+02:00
1,0,0,0,0,0,2021-05-02 17:20:07+02:00
1,0,0,0,0,0,2021-05-03 09:32:32+02:00
1,1,0,1,1,0,2021-05-03 13:01:15+02:00
2,3,1,0,0,0,2021-05-03 16:31:01+02:00
2,2,0,1,1,0,2021-05-03 17:52:55+02:00
1,3,1,1,0,0,2021-05-03 18:29:07+02:00
2,2,0,2,1,0,2021-05-04 07:12:04+02:00
0,1,0,1,1,0,2021-05-04 07:19:57+02:00
0,0,1,0,0,0,2021-05-04 10:32:07+02:00
2,4,0,3,0,0,2021-05-05 12:11:55+02:00
0,1,0,0,0,0,2021-05-05 13:02:21+02:00
1,1,0,0,0,0,2021-05-05 13:22:36+02:00
1,1,0,0,0,0,2021-05-05 13:38:23+02:00
1,1,0,0,0,0,2021-05-05 13:48:45+02:00
1,1,0,0,0,0,2021-05-05 13:51:38+02:00
2,1,0,1,0,0,2021-05-05 14:30:23+02:00
1,1,1,0,0,0,2021-05-05 14:31:24+02:00
0,0,0,0,0,0,2021-05-05 14:32:00+02:00
2,3,2,2,1,0,2021-05-06 08:16:52+02:00
0,1,0,1,0,0,2021-05-07 09:17:48+02:00
0,1,0,1,0,0,2021-05-07 09:55:02+02:00
0,1,0,1,0,0,2021-05-07 10:02:21+02:00
1,1,0,1,0,0,2021-05-07 10:57:03+02:00
0,1,0,1,0,0,2021-05-07 11:33:18+02:00
0,1,0,0,0,1,2021-05-07 11:33:33+02:00
0,1,0,1,0,0,2021-05-07 11:59:07+02:00
2,2,3,0,0,2,2021-05-08 12:10:20+02:00
0,1,1,0,0,1,2021-05-08 12:40:03+02:00
0,2,1,0,1,2,2021-05-08 13:31:51+02:00
4,7,5,2,1,2,2021-05-08 16:31:02+02:00
1,1,1,1,1,0,2021-05-08 17:25:00+02:00
0,0,0,0,0,0,2021-05-10 09:14:03+02:00
0,1,0,1,1,0,2021-05-10 09:25:05+02:00
1,0,1,0,0,0,2021-05-10 10:59:19+02:00
1,1,1,0,0,0,2021-05-10 10:59:42+02:00
0,1,0,0,0,1,2021-05-10 11:47:48+02:00
0,1,0,0,0,1,2021-05-10 11:55:23+02:00
0,1,0,0,0,1,2021-05-10 11:55:46+02:00
0,0,1,0,0,1,2021-05-10 15:33:15+02:00
0,1,0,1,1,0,2021-05-11 11:50:27+02:00
0,1,0,0,0,1,2021-05-11 11:51:18+02:00
1,2,2,0,0,1,2021-05-11 15:43:17+02:00
1,0,2,0,0,1,2021-05-11 20:14:40+02:00
1,1,2,0,0,1,2021-05-13 09:02:50+02:00
1,2,1,1,0,0,2021-05-13 09:45:10+02:00
1,1,1,0,0,0,2021-05-13 18:38:41+02:00
1,2,1,1,0,0,2021-05-14 08:11:07+02:00
0,1,1,0,0,0,2021-05-18 11:05:26+02:00
4,5,4,1,1,1,2021-05-18 11:05:50+02:00
2,4,3,1,0,1,2021-05-26 16:14:49+02:00
2,2,2,0,0,1,2021-06-30 09:32:46+02:00
0,0,0,0,0,0,2021-06-30 10:46:21+02:00
0,0,0,0,0,0,2021-06-30 10:48:08+02:00
0,0,0,0,0,0,2021-06-30 10:48:50+02:00
0,0,0,0,0,0,2021-06-30 10:57:40+02:00
0,0,0,0,0,0,2021-06-30 10:58:26+02:00
0,0,0,0,0,0,2021-06-30 11:06:04+02:00
0,0,0,0,0,0,2021-06-30 11:06:31+02:00
0,0,0,0,0,0,2021-06-30 11:06:52+02:00
0,0,0,0,0,0,2021-06-30 11:08:50+02:00
0,0,0,0,0,0,2021-06-30 11:09:32+02:00
0,0,0,0,0,0,2021-06-30 11:11:45+02:00
0,0,0,0,0,0,2021-06-30 11:12:04+02:00
0,0,0,0,0,0,2021-06-30 11:13:18+02:00
0,0,0,0,0,0,2021-06-30 11:15:20+02:00
0,0,0,0,0,0,2021-06-30 11:15:25+02:00
0,0,0,0,0,0,2021-06-30 11:23:44+02:00
0,0,0,0,0,0,2021-06-30 11:35:52+02:00
0,0,0,0,0,0,2021-06-30 11:36:57+02:00
0,0,0,0,0,0,2021-06-30 11:37:40+02:00
0,0,0,0,0,0,2021-06-30 11:38:10+02:00
0,0,0,0,0,0,2021-06-30 11:39:36+02:00
0,0,0,0,0,0,2021-06-30 11:40:02+02:00
0,0,0,0,0,0,2021-06-30 11:40:20+02:00
0,0,0,0,0,0,2021-06-30 11:41:24+02:00
0,0,0,0,0,0,2021-06-30 11:45:37+02:00
0,0,0,0,0,0,2021-06-30 11:45:42+02:00
