Acquisition,Preparation,Modeling,Training,Evaluation,Prediction,time
5,8,7,4,0,3,2021-02-03 13:33:53+01:00
0,0,0,0,0,0,2021-02-03 13:39:07+01:00
0,0,0,0,0,0,2021-02-03 13:39:50+01:00
4,5,4,4,0,3,2021-02-03 14:09:45+01:00
4,5,4,4,0,3,2021-02-03 14:43:02+01:00
1,1,0,0,0,0,2021-04-21 11:03:00+02:00
1,2,1,1,0,1,2021-04-21 12:14:59+02:00
1,1,0,0,0,0,2021-04-21 15:06:05+02:00
1,1,1,1,0,0,2021-04-22 09:29:30+02:00
1,1,1,1,0,0,2021-04-22 09:33:41+02:00
0,1,1,1,0,0,2021-04-22 11:10:57+02:00
0,1,1,1,0,0,2021-04-22 12:36:40+02:00
0,1,1,1,0,0,2021-04-22 17:36:36+02:00
0,1,1,1,0,0,2021-04-23 15:08:12+02:00
0,1,1,1,0,0,2021-04-23 16:29:44+02:00
0,1,1,1,0,0,2021-04-23 16:29:44+02:00
0,0,0,0,0,0,2021-04-23 16:37:56+02:00
0,1,1,1,0,0,2021-09-27 12:17:27+02:00
0,1,1,1,0,0,2021-09-27 12:26:05+02:00
0,1,1,1,0,0,2021-09-27 12:48:37+02:00
0,1,1,1,0,0,2021-09-27 15:31:23+02:00
0,0,0,0,0,0,2021-09-27 16:45:47+02:00
0,2,2,2,0,1,2021-09-27 16:47:35+02:00
0,0,0,0,0,0,2021-09-27 18:07:46+02:00
0,1,1,1,0,1,2021-09-28 13:19:00+02:00
0,0,0,0,0,0,2021-09-28 13:20:18+02:00
1,0,0,0,0,0,2021-09-28 14:54:49+02:00
0,1,1,1,0,0,2021-09-28 16:05:51+02:00
0,0,0,0,0,0,2021-09-28 20:25:49+02:00
0,0,0,0,0,0,2021-09-28 20:55:04+02:00
0,0,0,0,0,0,2021-09-28 21:15:34+02:00
0,0,0,0,0,0,2021-09-29 10:33:13+02:00
0,0,0,0,0,0,2021-09-29 11:47:26+02:00
0,0,0,0,0,0,2021-09-29 11:52:28+02:00
0,0,0,0,0,0,2021-09-29 12:10:33+02:00
0,0,0,0,0,0,2021-09-29 14:47:24+02:00
0,0,0,0,0,0,2021-09-29 14:47:36+02:00
0,0,0,0,0,0,2021-09-29 14:48:28+02:00
1,0,0,0,0,0,2021-09-29 14:51:47+02:00
0,0,0,0,0,0,2021-09-29 14:52:11+02:00
0,0,0,0,0,0,2021-09-29 15:25:29+02:00
0,0,0,0,0,0,2021-09-30 10:50:45+02:00
1,1,1,1,0,0,2021-09-30 12:19:10+02:00
0,0,0,0,0,0,2021-09-30 13:04:32+02:00
0,0,0,0,0,0,2021-09-30 13:19:23+02:00
0,0,0,0,0,0,2021-09-30 13:20:09+02:00
0,0,0,0,0,0,2021-09-30 13:45:34+02:00
0,0,0,0,0,0,2021-09-30 13:52:08+02:00
1,0,0,0,0,0,2021-09-30 14:34:57+02:00
0,0,0,0,0,0,2021-09-30 14:40:02+02:00
0,0,0,0,0,0,2021-09-30 14:41:37+02:00
0,0,0,0,0,0,2021-09-30 14:53:35+02:00
0,0,0,0,0,0,2021-09-30 15:04:10+02:00
0,0,0,0,0,0,2021-09-30 15:11:42+02:00
1,0,0,0,0,0,2021-09-30 15:49:53+02:00
0,0,0,0,0,0,2021-09-30 16:14:06+02:00
0,0,0,0,0,0,2021-09-30 16:24:37+02:00
0,0,0,0,0,0,2021-09-30 16:35:32+02:00
0,1,1,1,0,0,2021-09-30 16:47:15+02:00
0,0,0,0,0,0,2021-09-30 16:48:48+02:00
0,1,1,1,0,0,2021-09-30 16:58:08+02:00
1,0,0,0,0,0,2021-09-30 17:16:09+02:00
0,0,0,0,0,0,2021-10-02 09:39:59+02:00
0,0,0,0,0,0,2021-10-02 09:52:30+02:00
1,0,0,0,0,0,2021-10-17 21:57:16+02:00
0,0,0,0,0,0,2021-10-17 22:03:38+02:00
0,0,0,0,0,0,2022-05-21 10:07:57+02:00
0,0,0,0,0,0,2022-05-21 10:07:57+02:00
1,0,0,0,0,0,2022-05-22 21:47:15+02:00
0,0,0,0,0,0,2022-05-22 21:59:25+02:00
0,0,0,0,0,0,2022-06-11 14:50:53+02:00
