Acquisition,Preparation,Modeling,Training,Evaluation,Prediction,time
0,0,0,0,0,0,2016-10-29 09:06:51-07:00
0,5,0,2,0,2,2016-10-31 10:28:45-07:00
0,0,0,0,0,0,2016-10-31 10:30:03-07:00
0,0,0,0,0,0,2016-10-31 17:35:26-07:00
0,0,0,0,0,0,2016-10-31 20:29:35-07:00
0,0,0,0,0,0,2016-10-31 21:19:57-07:00
0,0,0,0,0,0,2016-10-31 21:22:35-07:00
0,0,0,0,0,0,2016-11-01 14:20:45-07:00
0,0,0,0,0,0,2016-11-02 14:42:06-07:00
0,0,0,0,0,0,2016-11-02 14:57:25-07:00
0,0,0,0,0,0,2016-11-02 15:16:45-07:00
0,0,0,0,0,0,2016-11-02 15:31:31-07:00
0,0,0,0,0,0,2016-11-02 15:35:24-07:00
0,0,0,0,0,0,2016-11-02 16:24:10-07:00
0,0,0,0,0,0,2016-11-03 08:07:26-07:00
0,0,0,0,0,0,2016-11-03 08:08:19-07:00
0,0,0,0,0,0,2016-11-03 08:13:38-07:00
0,0,0,0,0,0,2016-11-03 08:14:40-07:00
0,0,0,0,0,0,2016-11-03 08:14:46-07:00
0,0,0,0,0,0,2016-11-04 10:35:06-07:00
0,0,0,0,0,0,2016-11-04 10:41:07-07:00
0,0,0,0,0,0,2016-11-04 11:15:10-07:00
0,0,0,0,0,0,2016-11-04 11:17:29-07:00
0,0,0,0,0,0,2016-11-04 11:20:33-07:00
0,0,0,0,0,0,2016-11-04 11:58:25-07:00
0,0,0,0,0,0,2016-11-04 12:23:31-07:00
0,0,0,0,0,0,2016-11-04 12:23:48-07:00
0,0,0,0,0,0,2016-11-04 12:25:52-07:00
0,0,0,0,0,0,2016-11-04 12:26:49-07:00
0,0,0,0,0,0,2016-11-04 17:20:57-07:00
0,0,0,0,0,0,2016-11-08 13:01:49-08:00
0,0,0,0,0,0,2016-11-08 13:02:41-08:00
0,0,0,0,0,0,2016-11-08 16:40:39-08:00
0,0,0,0,0,0,2016-11-09 10:36:01-08:00
0,0,0,0,0,0,2016-11-11 15:55:19-08:00
0,0,0,0,0,0,2016-11-21 12:32:59-08:00
0,0,0,0,0,0,2016-11-21 12:34:21-08:00
0,0,0,0,0,0,2016-12-03 14:59:18-08:00
0,0,0,0,0,0,2016-12-03 15:00:16-08:00
0,0,0,0,0,0,2016-12-03 15:00:42-08:00
0,0,0,0,0,0,2017-01-17 16:36:58-08:00
0,0,0,0,0,0,2017-02-07 09:12:42-08:00
0,0,0,0,0,0,2017-07-07 12:40:06-07:00
0,0,0,0,0,0,2017-07-11 08:07:43-07:00
0,0,0,0,0,0,2017-07-11 08:34:38-07:00
0,0,0,0,0,0,2017-07-11 08:56:17-07:00
1,1,0,1,0,0,2017-07-12 23:45:36-07:00
0,0,0,0,0,0,2017-07-12 23:47:28-07:00
0,0,0,0,0,0,2017-07-12 23:48:49-07:00
2,2,0,2,0,0,2017-07-14 13:03:34-07:00
0,0,0,0,0,0,2017-07-14 13:05:24-07:00
1,0,0,1,0,0,2017-07-15 17:30:26-07:00
0,0,0,0,0,0,2017-07-15 17:31:08-07:00
1,1,1,1,0,0,2017-07-17 08:12:13-07:00
1,1,1,1,0,0,2017-07-25 08:32:21-07:00
0,0,0,0,0,0,2017-07-25 08:32:37-07:00
1,1,1,1,0,0,2017-07-25 15:33:31-07:00
0,0,0,0,0,0,2017-07-25 15:34:20-07:00
1,1,1,1,0,0,2017-07-26 12:12:55-07:00
0,0,0,0,0,0,2017-07-26 12:13:16-07:00
0,0,0,0,0,0,2017-07-26 12:37:16-07:00
0,0,0,0,0,0,2017-07-26 14:12:23-07:00
0,0,0,0,0,0,2017-07-26 22:01:18-07:00
0,0,0,0,0,0,2017-07-26 22:21:28-07:00
0,0,0,0,0,0,2017-07-26 22:49:45-07:00
0,0,0,0,0,0,2017-07-26 22:50:10-07:00
0,0,0,0,0,0,2017-07-26 22:50:38-07:00
0,6,0,2,0,2,2017-07-27 08:25:44-07:00
0,0,0,0,0,0,2017-07-27 08:26:38-07:00
2,2,2,2,0,0,2017-07-28 18:19:48-07:00
0,0,0,0,0,0,2017-07-28 18:20:33-07:00
0,0,0,0,0,0,2017-08-01 10:01:23-07:00
0,0,0,0,0,0,2017-08-01 10:22:48-07:00
1,1,1,1,0,1,2017-08-04 15:36:06-07:00
0,1,1,1,0,1,2017-08-17 08:38:32-07:00
0,0,0,0,0,0,2017-08-17 08:39:07-07:00
0,1,1,1,0,1,2017-08-21 09:12:19-07:00
0,1,1,1,0,1,2017-08-21 16:04:42-07:00
0,0,0,0,0,0,2017-08-21 16:05:14-07:00
0,0,0,0,0,0,2017-08-21 21:38:37-07:00
0,1,1,1,0,1,2017-08-22 22:29:02-07:00
0,1,1,1,0,1,2017-08-30 21:00:55-07:00
0,1,1,1,0,1,2017-09-26 10:16:42-07:00
0,1,1,1,0,1,2017-09-26 15:38:03-07:00
1,0,0,0,0,0,2017-09-28 21:10:31-07:00
0,0,0,0,0,0,2017-09-28 21:11:45-07:00
0,0,0,0,0,0,2017-10-03 12:22:37-07:00
0,5,4,1,0,0,2017-10-03 12:31:48-07:00
0,0,0,0,0,0,2017-10-03 17:26:51-07:00
0,0,0,0,0,0,2017-10-03 17:27:17-07:00
0,0,0,0,0,0,2017-10-17 13:44:54-07:00
0,0,0,0,0,0,2017-10-17 14:21:01-07:00
0,0,0,0,0,0,2017-11-09 12:14:51-08:00
1,1,1,1,0,1,2018-01-17 11:14:10-08:00
0,0,0,0,0,0,2018-01-17 11:15:20-08:00
0,0,0,0,0,0,2018-01-24 17:46:41-08:00
0,0,0,0,0,0,2018-01-24 17:47:18-08:00
1,0,0,0,0,0,2018-01-31 12:40:13-08:00
0,0,0,0,0,0,2018-01-31 12:55:39-08:00
0,0,0,0,0,0,2018-02-07 15:30:58-08:00
0,1,1,1,0,1,2018-02-25 08:46:32-08:00
0,1,1,1,0,1,2018-03-08 08:58:50-08:00
0,0,0,0,0,0,2018-03-08 08:59:14-08:00
0,2,1,1,0,1,2018-03-08 10:15:44-08:00
0,2,1,1,0,1,2018-03-08 14:36:59-08:00
0,0,0,0,0,0,2018-03-08 14:40:40-08:00
0,1,0,0,0,0,2018-03-12 15:58:24-07:00
0,2,1,1,0,1,2018-04-09 15:25:46-07:00
0,1,0,0,0,0,2018-04-13 13:30:47-07:00
0,1,0,0,0,0,2018-04-17 10:27:34-07:00
0,3,1,1,0,1,2018-04-19 13:57:44-07:00
0,2,0,0,0,0,2018-04-23 14:30:43-07:00
0,1,1,1,0,1,2018-04-24 15:58:20-07:00
0,1,1,1,0,1,2018-05-17 10:50:50-07:00
0,2,1,1,0,1,2018-08-01 06:44:58-07:00
0,0,0,0,0,0,2018-08-01 06:59:18-07:00
0,1,1,1,0,1,2018-08-03 08:00:48-07:00
0,0,0,0,0,0,2018-08-03 08:01:49-07:00
0,2,1,1,0,1,2018-08-03 08:36:46-07:00
0,1,1,1,0,1,2018-08-03 08:37:05-07:00
0,0,0,0,0,0,2018-08-03 08:38:32-07:00
0,1,1,1,0,1,2018-08-03 08:50:20-07:00
0,1,1,1,0,1,2018-08-03 09:56:39-07:00
0,1,1,1,0,1,2018-08-03 10:00:57-07:00
1,1,0,0,0,0,2018-08-10 17:18:15-07:00
1,2,0,0,0,0,2018-08-16 07:19:44-07:00
0,1,0,0,0,0,2018-08-16 08:54:28-07:00
1,1,0,0,1,1,2018-08-16 12:24:53-07:00
1,1,1,0,1,1,2018-08-17 13:39:42-07:00
1,1,1,0,1,1,2018-08-17 20:44:38-07:00
1,1,1,0,1,1,2018-08-20 17:11:47-07:00
1,1,1,0,1,1,2018-08-21 14:51:40-07:00
1,1,0,0,0,0,2018-09-14 11:06:07-07:00
1,1,0,0,0,0,2018-09-27 10:25:35-07:00
0,1,0,0,0,0,2018-10-02 16:27:57-07:00
0,1,0,0,0,0,2018-10-08 22:36:23-07:00
0,1,0,0,0,0,2018-10-08 22:55:48-07:00
0,1,0,0,0,0,2018-10-09 09:18:26-07:00
0,1,0,0,0,0,2018-10-09 15:31:47-07:00
0,2,0,0,0,0,2018-10-10 10:15:18-07:00
0,0,0,0,0,0,2018-10-19 13:15:37-07:00
0,0,0,0,0,0,2019-08-08 21:02:32-07:00
0,0,0,0,0,0,2019-08-09 17:13:50-07:00
0,0,0,0,0,0,2019-08-09 17:21:11-07:00
0,0,0,0,0,0,2019-08-10 19:57:32-07:00
0,0,0,0,0,0,2019-08-10 19:58:15-07:00
0,0,0,0,0,0,2019-08-20 19:13:00-07:00
0,1,0,0,0,0,2019-09-04 22:37:48-07:00
0,2,1,1,0,1,2019-11-21 18:32:50-08:00
0,1,0,0,0,0,2019-11-22 07:43:24-08:00
0,1,0,0,0,0,2019-11-22 09:14:56-08:00
