Acquisition,Preparation,Modeling,Training,Evaluation,Prediction,time
2,3,1,1,2,2,2020-02-10 13:39:08-05:00
0,0,0,0,0,0,2020-02-10 13:49:50-05:00
0,0,0,0,0,0,2020-02-10 13:53:49-05:00
7,6,2,4,2,2,2020-03-02 14:11:44-05:00
0,0,0,0,0,0,2020-03-02 14:13:08-05:00
4,4,2,3,2,2,2020-03-04 15:43:29-05:00
3,3,0,1,0,0,2020-03-09 12:43:48-04:00
9,8,4,5,2,4,2020-04-05 11:05:42-04:00
0,0,0,0,0,0,2020-04-05 12:11:30-04:00
4,3,2,2,0,2,2020-05-15 13:25:09-04:00
0,0,0,0,0,0,2020-05-15 13:26:08-04:00
4,5,2,2,1,3,2020-06-11 15:17:06-04:00
0,0,0,0,0,0,2020-06-16 13:41:02-04:00
0,0,0,0,0,0,2020-06-16 14:22:02-04:00
0,0,0,0,0,0,2020-06-16 14:22:20-04:00
0,0,0,0,0,0,2020-06-16 14:22:28-04:00
0,0,0,0,0,0,2020-06-16 14:22:37-04:00
0,0,0,0,0,0,2020-06-16 14:22:49-04:00
0,0,0,0,0,0,2020-06-16 14:22:58-04:00
0,0,0,0,0,0,2020-06-16 14:23:06-04:00
0,0,0,0,0,0,2020-06-16 14:23:18-04:00
0,0,0,0,0,0,2020-06-16 14:23:33-04:00
0,0,0,0,0,0,2020-06-16 14:23:41-04:00
0,0,0,0,0,0,2020-06-16 14:23:48-04:00
0,0,0,0,0,0,2020-06-16 14:23:55-04:00
0,0,0,0,0,0,2020-06-16 14:24:09-04:00
0,0,0,0,0,0,2020-06-16 14:24:22-04:00
0,0,0,0,0,0,2020-06-16 14:24:44-04:00
0,0,0,0,0,0,2020-06-16 14:25:00-04:00
0,0,0,0,0,0,2020-06-16 14:25:09-04:00
5,5,4,5,1,4,2020-06-16 14:29:13-04:00
0,0,0,0,0,0,2020-06-19 11:21:36-04:00
0,0,0,0,0,0,2020-06-19 11:27:11-04:00
4,3,2,2,1,2,2020-08-04 15:56:53-04:00
0,0,0,0,0,0,2020-08-04 15:58:49-04:00
0,0,0,0,0,0,2020-08-04 15:59:01-04:00
3,3,1,2,1,1,2020-08-06 14:48:36-04:00
0,0,0,0,0,0,2020-08-06 14:51:24-04:00
0,0,0,0,0,0,2020-08-06 14:55:44-04:00
0,0,0,0,0,0,2020-08-06 14:55:55-04:00
0,0,0,0,0,0,2020-08-07 08:58:20-04:00
0,0,0,0,0,0,2020-08-07 09:02:20-04:00
1,1,0,0,0,0,2020-08-07 09:16:47-04:00
1,1,0,1,0,0,2020-08-07 09:17:51-04:00
6,7,1,2,2,2,2020-08-07 12:26:26-04:00
1,1,0,0,0,0,2020-08-07 12:28:17-04:00
1,1,1,1,0,1,2020-08-07 12:29:11-04:00
0,0,0,0,0,0,2020-08-12 10:42:32-04:00
0,0,0,0,0,0,2020-08-12 10:47:43-04:00
4,4,1,2,1,1,2020-08-12 11:45:00-04:00
0,0,0,0,0,0,2020-08-12 11:45:53-04:00
0,0,0,0,0,0,2020-08-12 13:00:12-04:00
0,0,0,0,0,0,2020-08-12 13:00:53-04:00
0,0,0,0,0,0,2020-08-12 13:07:47-04:00
0,0,0,0,0,0,2020-08-12 13:17:04-04:00
0,0,0,0,0,0,2020-08-12 13:17:19-04:00
0,0,0,0,0,0,2020-08-12 13:17:35-04:00
0,0,0,0,0,0,2020-08-12 13:17:49-04:00
0,0,0,0,0,0,2020-08-12 13:18:43-04:00
0,0,0,0,0,0,2020-08-12 13:18:51-04:00
1,1,1,1,1,1,2020-08-12 13:19:04-04:00
1,1,0,0,0,0,2020-08-12 13:19:11-04:00
1,1,0,1,0,0,2020-08-12 13:19:18-04:00
1,1,0,0,0,0,2020-08-12 13:19:25-04:00
0,0,0,0,0,0,2020-08-12 13:19:31-04:00
5,7,2,2,1,1,2020-08-12 13:20:16-04:00
0,0,0,0,0,0,2020-08-12 13:20:51-04:00
0,0,0,0,0,0,2020-08-12 14:52:32-04:00
0,0,0,0,0,0,2020-08-12 14:56:05-04:00
0,0,0,0,0,0,2020-08-12 15:03:14-04:00
0,0,0,0,0,0,2020-08-12 15:06:42-04:00
0,1,0,0,0,0,2020-08-12 15:57:27-04:00
0,1,0,0,0,0,2020-08-12 15:57:34-04:00
1,1,0,0,0,0,2020-08-12 15:57:41-04:00
1,0,0,0,0,0,2020-08-12 15:57:47-04:00
0,0,0,0,0,0,2020-08-12 16:03:12-04:00
0,0,0,0,0,0,2020-08-12 16:03:21-04:00
0,0,0,0,0,0,2020-08-12 16:05:44-04:00
0,0,0,0,0,0,2020-08-12 16:06:46-04:00
0,0,0,0,0,0,2020-08-12 20:19:41-04:00
1,1,0,0,0,0,2020-08-13 09:54:28-04:00
6,6,2,2,1,1,2020-08-14 12:54:09-04:00
2,2,2,2,1,1,2020-08-14 17:40:15-04:00
1,4,2,1,1,1,2020-08-19 11:30:07-04:00
2,2,2,2,1,1,2020-08-19 16:34:53-04:00
0,0,0,0,0,0,2020-08-19 16:35:25-04:00
1,1,1,1,1,1,2020-08-20 10:19:28-04:00
4,5,2,2,1,1,2020-08-24 11:38:11-04:00
1,1,1,0,0,0,2020-08-24 11:47:41-04:00
1,1,2,1,1,1,2020-08-24 12:07:15-04:00
1,1,1,0,0,0,2020-08-24 12:11:39-04:00
1,1,0,0,0,0,2020-08-24 12:18:03-04:00
0,0,0,0,0,0,2020-08-24 13:07:03-04:00
0,0,0,0,0,0,2020-08-24 13:28:25-04:00
0,0,0,0,0,0,2020-08-24 14:23:32-04:00
0,0,0,0,0,0,2020-08-24 14:23:42-04:00
0,0,0,0,0,0,2020-08-24 14:33:06-04:00
0,0,0,0,0,0,2020-08-24 14:39:28-04:00
2,3,1,2,1,1,2020-08-24 14:46:11-04:00
1,1,0,0,0,0,2020-08-24 14:55:38-04:00
0,0,1,0,0,0,2020-08-24 15:08:23-04:00
1,1,0,0,0,0,2020-11-08 14:49:28-06:00
0,0,0,0,0,0,2021-06-28 12:15:34-04:00
0,0,0,0,0,0,2021-06-28 12:16:31-04:00
0,0,0,0,0,0,2021-06-28 12:16:58-04:00
0,0,0,0,0,0,2021-06-28 12:17:15-04:00
