Acquisition,Preparation,Modeling,Training,Evaluation,Prediction,time
1,1,0,0,0,0,2021-09-07 10:58:00-04:00
1,1,0,0,0,1,2021-09-07 10:59:15-04:00
1,1,1,1,0,1,2021-09-14 10:28:07-04:00
1,1,1,1,0,1,2021-09-17 01:32:12-04:00
1,1,1,1,0,1,2021-09-19 21:46:20-04:00
1,1,1,1,0,1,2021-09-22 22:18:44-04:00
2,2,2,2,0,2,2021-09-22 22:48:26-04:00
1,1,1,1,0,1,2021-09-22 22:51:23-04:00
1,1,1,1,0,1,2021-09-22 22:55:37-04:00
2,1,0,1,1,0,2021-09-23 15:55:49-04:00
1,1,1,1,0,1,2021-09-23 23:59:26-04:00
0,0,0,0,0,0,2021-09-24 10:42:28-04:00
1,1,1,1,0,1,2021-09-27 13:55:55-04:00
2,1,0,1,1,0,2021-09-27 13:56:16-04:00
1,1,0,1,1,0,2021-09-27 22:56:24-04:00
1,1,1,1,0,1,2021-09-27 23:00:44-04:00
1,1,0,1,1,0,2021-09-28 21:25:40-04:00
1,1,0,1,1,0,2021-09-28 21:37:47-04:00
0,0,0,0,0,0,2021-09-29 10:19:57-04:00
1,1,0,1,1,1,2021-10-02 17:09:40-04:00
1,1,0,1,1,1,2021-10-02 18:03:03-04:00
1,2,0,2,1,0,2021-10-04 01:13:28-04:00
1,2,0,2,1,0,2021-10-04 01:25:40-04:00
0,1,0,1,0,0,2021-10-04 01:47:19-04:00
0,0,0,0,0,0,2021-10-04 09:38:58-04:00
1,1,1,1,0,1,2021-09-23 23:59:26-04:00
1,1,0,1,1,1,2021-09-27 22:56:24-04:00
1,1,1,1,0,1,2021-09-27 23:00:44-04:00
1,1,0,1,1,1,2021-09-28 21:25:40-04:00
1,1,0,1,1,1,2021-09-28 21:37:47-04:00
1,2,0,2,1,1,2021-10-04 01:13:28-04:00
1,2,0,2,1,1,2021-10-04 01:25:40-04:00
0,1,0,1,0,0,2021-10-04 01:47:19-04:00
1,2,0,2,1,1,2021-10-04 20:46:39-04:00
1,2,0,2,1,0,2021-10-04 21:44:10-04:00
0,1,0,1,0,0,2021-10-04 21:45:53-04:00
0,0,0,0,0,0,2021-10-04 21:50:00-04:00
1,2,0,2,1,0,2021-10-04 21:57:48-04:00
0,0,0,0,0,0,2021-10-05 15:30:04-04:00
1,1,0,1,1,1,2021-10-05 16:10:40-04:00
1,1,0,1,1,1,2021-10-05 16:18:00-04:00
1,2,0,2,1,1,2021-10-06 14:41:28-04:00
0,0,0,0,0,0,2021-10-06 14:44:26-04:00
1,1,0,1,1,1,2021-10-06 14:56:47-04:00
0,0,0,0,0,0,2021-10-06 15:31:40-04:00
1,2,0,2,1,1,2021-10-06 18:07:51-04:00
1,1,0,1,1,1,2021-10-06 18:13:11-04:00
0,0,0,0,0,0,2021-10-06 18:23:37-04:00
0,0,0,0,0,0,2021-10-06 21:34:48-04:00
0,0,0,0,0,0,2021-10-06 21:35:43-04:00
1,1,0,1,1,1,2021-10-07 20:46:56-04:00
1,1,0,0,1,0,2021-10-11 23:09:42-04:00
1,1,0,1,1,1,2021-10-11 23:10:02-04:00
1,1,0,2,1,1,2021-10-11 23:55:46-04:00
1,1,0,1,1,1,2021-10-12 08:37:03-04:00
1,1,0,1,1,1,2021-10-12 21:50:50-04:00
0,0,0,0,0,0,2021-10-12 21:51:00-04:00
1,2,1,1,1,1,2021-11-01 23:50:30-04:00
3,3,1,3,3,1,2021-11-02 16:07:13-04:00
1,1,0,1,1,1,2021-11-02 21:36:49-04:00
1,1,1,1,1,0,2021-11-03 20:42:02-04:00
