Acquisition,Preparation,Modeling,Training,Evaluation,Prediction,time
5,11,7,3,1,1,2020-12-27 01:02:53-05:00
1,1,1,0,0,0,2020-12-27 01:26:59-05:00
3,3,3,1,0,1,2021-01-03 19:50:56-05:00
0,0,0,0,0,0,2021-01-03 19:52:05-05:00
0,0,0,0,0,0,2021-01-03 19:54:01-05:00
1,5,2,0,0,0,2021-02-14 23:32:01-05:00
0,0,0,0,0,0,2021-02-14 23:33:40-05:00
0,0,0,0,0,0,2021-02-15 23:03:25-05:00
0,0,0,0,0,0,2021-02-17 12:15:41-05:00
0,0,0,0,0,0,2021-02-17 12:23:20-05:00
0,0,0,0,0,0,2021-02-18 16:59:09-05:00
0,0,0,0,0,0,2021-02-18 17:43:49-05:00
0,0,0,0,0,0,2021-02-18 17:55:19-05:00
0,1,0,0,0,0,2021-02-18 18:08:42-05:00
0,1,0,0,0,0,2021-02-18 18:19:24-05:00
0,0,0,0,0,0,2021-02-18 18:20:05-05:00
0,0,0,0,0,0,2021-02-18 18:20:46-05:00
0,0,0,0,0,0,2021-02-18 18:23:13-05:00
1,1,1,1,0,0,2021-02-18 18:26:47-05:00
1,1,1,1,0,0,2021-02-18 18:57:12-05:00
2,2,2,2,0,0,2021-02-18 18:58:01-05:00
0,1,1,0,0,0,2021-02-23 13:42:18-05:00
0,1,0,0,0,0,2021-02-23 13:43:47-05:00
0,0,0,0,0,0,2021-02-23 13:44:50-05:00
0,0,0,0,0,0,2021-02-23 13:46:21-05:00
0,0,0,0,0,0,2021-02-23 14:02:32-05:00
0,0,0,0,0,0,2021-02-27 23:18:08-05:00
0,1,0,0,0,0,2021-02-27 23:24:12-05:00
0,1,0,0,0,0,2021-02-27 23:24:38-05:00
0,1,0,0,0,0,2021-02-27 23:40:51-05:00
0,1,0,0,0,0,2021-02-27 23:57:33-05:00
0,0,0,0,0,0,2021-03-07 22:19:25-05:00
0,1,0,0,1,0,2021-03-08 21:20:08-05:00
2,3,2,1,0,1,2021-03-08 21:27:55-05:00
0,0,0,0,0,0,2021-03-08 21:28:47-05:00
1,1,1,0,0,0,2021-03-09 19:51:27-05:00
2,3,2,2,0,0,2021-03-14 01:27:44-05:00
0,0,0,0,0,0,2021-03-15 19:22:10-04:00
0,0,0,0,0,0,2021-03-15 19:22:57-04:00
1,1,1,0,0,0,2021-03-15 19:24:54-04:00
1,1,1,0,0,0,2021-03-15 20:14:10-04:00
0,0,0,0,0,0,2021-03-15 23:31:36-04:00
1,1,1,0,0,0,2021-03-21 01:17:53-04:00
0,0,0,0,0,0,2021-03-21 02:05:36-04:00
0,0,0,0,0,0,2021-03-21 02:07:25-04:00
0,0,0,0,0,0,2021-03-21 02:09:52-04:00
0,0,0,0,0,0,2021-03-21 20:22:24-04:00
0,0,0,0,0,0,2021-03-21 20:33:39-04:00
0,0,0,0,0,0,2021-03-25 00:27:59-04:00
0,0,0,0,0,0,2021-04-24 18:45:14-04:00
0,0,0,0,0,0,2021-04-25 03:14:11+00:00
0,0,0,0,0,0,2021-04-24 23:46:44-04:00
0,0,0,0,0,0,2021-08-09 21:49:21-04:00
0,0,0,0,0,0,2021-08-09 21:49:31-04:00
0,0,0,0,0,0,2021-08-09 21:50:52-04:00
0,0,0,0,0,0,2021-08-09 21:56:39-04:00
0,0,0,0,0,0,2021-08-09 22:41:14-04:00
0,0,0,0,0,0,2021-09-20 10:07:43-04:00
0,0,0,0,0,0,2021-09-20 10:22:42-04:00
0,0,0,0,0,0,2021-12-13 13:23:19-05:00
1,1,1,0,0,0,2022-04-17 14:07:30-04:00
1,1,1,0,0,0,2022-04-17 14:33:34-04:00
0,0,0,0,0,0,2022-04-17 14:40:40-04:00
0,0,0,0,0,0,2022-04-17 14:45:52-04:00
0,0,0,0,0,0,2022-04-17 15:57:28-04:00
0,0,0,0,0,0,2022-04-17 18:55:07-04:00
1,1,1,0,0,0,2022-04-17 20:43:05-04:00
1,1,1,0,0,0,2022-04-17 20:49:23-04:00
2,2,2,0,0,0,2022-04-17 22:58:38-04:00
1,1,1,0,0,0,2022-04-18 17:34:37-04:00
0,0,0,0,0,0,2022-04-18 17:41:54-04:00
1,1,1,0,0,0,2022-04-18 18:01:23-04:00
1,1,1,1,0,0,2022-04-19 21:00:53-04:00
1,1,1,1,0,0,2022-04-19 21:09:58-04:00
1,1,1,1,0,0,2022-04-20 09:14:25-04:00
1,1,1,1,0,1,2022-04-20 09:14:50-04:00
1,1,1,1,0,1,2022-04-20 09:36:07-04:00
1,1,1,1,0,1,2022-04-20 10:08:15-04:00
1,1,1,1,0,1,2022-04-20 10:14:31-04:00
2,2,2,2,0,1,2022-04-20 11:45:53-04:00
1,1,1,1,0,1,2022-04-20 11:53:35-04:00
1,1,1,1,0,1,2022-04-20 12:24:09-04:00
1,1,1,0,0,0,2022-04-20 13:04:28-04:00
2,2,2,2,0,1,2022-04-20 13:12:41-04:00
1,1,1,1,0,0,2022-04-20 13:19:43-04:00
0,0,0,0,0,0,2022-04-21 14:18:28-04:00
1,1,1,1,0,0,2022-04-21 14:19:49-04:00
0,0,0,0,0,0,2022-04-21 14:26:09-04:00
0,0,0,0,0,0,2022-04-21 15:21:51-04:00
0,0,0,0,0,0,2022-05-02 12:28:07-04:00
1,1,1,0,0,0,2022-05-03 08:58:08-04:00
0,0,0,0,0,0,2022-05-03 08:58:57-04:00
0,0,0,0,0,0,2022-05-04 10:45:50-04:00
0,0,0,0,0,0,2022-05-04 10:46:51-04:00
0,0,0,0,0,0,2022-05-04 14:29:19-04:00
0,0,0,0,0,0,2022-05-04 14:35:34-04:00
0,0,0,0,0,0,2022-05-05 09:56:01-04:00
0,0,0,0,0,0,2022-05-05 09:56:43-04:00
