Acquisition,Preparation,Modeling,Training,Evaluation,Prediction,time
0,0,0,0,0,0,2020-08-29 09:43:13+03:00
0,0,0,0,0,0,2020-08-29 09:57:05+03:00
0,0,0,0,0,0,2020-08-29 09:58:29+03:00
0,0,0,0,0,0,2020-08-29 09:58:42+03:00
0,0,0,0,0,0,2020-08-29 09:59:39+03:00
8,7,5,6,0,2,2020-08-29 15:07:55+03:00
0,0,0,0,0,0,2020-08-29 15:09:23+03:00
0,0,0,0,0,0,2020-08-29 18:07:49+03:00
0,0,0,0,0,0,2020-08-29 18:09:30+03:00
0,0,0,0,0,0,2020-08-29 18:12:32+03:00
0,0,0,0,0,0,2020-08-29 18:45:45+03:00
0,0,0,0,0,0,2020-08-29 18:47:31+03:00
0,0,0,0,0,0,2020-08-29 19:42:17+03:00
0,0,0,0,0,0,2020-08-29 22:03:35+03:00
0,0,0,0,0,0,2020-08-29 22:04:59+03:00
0,0,0,0,0,0,2020-08-29 22:06:34+03:00
0,0,0,0,0,0,2020-08-30 08:35:13+03:00
0,0,0,0,0,0,2020-08-30 08:36:57+03:00
0,0,0,0,0,0,2020-08-30 10:45:19+03:00
0,0,0,0,0,0,2020-08-30 10:59:31+03:00
0,0,0,0,0,0,2020-08-30 11:05:00+03:00
0,0,0,0,0,0,2020-08-30 11:09:41+03:00
3,2,3,4,0,1,2020-08-30 13:33:23+03:00
0,0,0,0,0,0,2020-08-30 13:35:01+03:00
2,2,0,1,0,1,2020-08-30 14:16:31+03:00
0,0,0,0,0,0,2020-08-30 14:18:57+03:00
3,2,1,2,0,1,2020-08-30 14:43:04+03:00
1,1,0,1,0,0,2020-08-30 14:59:45+03:00
0,0,0,0,0,0,2020-08-30 15:00:28+03:00
2,2,1,2,0,0,2020-08-30 15:53:11+03:00
0,0,0,0,0,0,2020-08-30 15:55:35+03:00
0,0,0,0,0,0,2020-08-30 17:22:13+03:00
0,0,0,0,0,0,2020-08-30 17:23:49+03:00
0,0,0,0,0,0,2020-08-30 17:24:26+03:00
0,0,0,0,0,0,2020-08-30 17:37:28+03:00
0,0,0,0,0,0,2020-08-30 17:37:56+03:00
0,0,0,0,0,0,2020-08-30 21:39:46+03:00
0,0,0,0,0,0,2020-08-31 08:20:27+03:00
0,0,0,0,0,0,2020-08-31 08:34:23+03:00
0,0,0,1,0,0,2020-09-01 09:04:01+03:00
0,0,0,0,0,0,2020-09-01 09:05:07+03:00
0,0,0,0,0,0,2020-09-01 09:05:56+03:00
4,3,2,2,0,1,2020-09-03 11:07:14+03:00
1,1,1,2,0,0,2020-09-03 11:09:30+03:00
0,0,0,0,0,0,2020-09-03 11:10:03+03:00
2,2,0,0,0,1,2020-09-03 13:26:35+03:00
2,2,1,2,0,0,2020-09-06 13:58:35+03:00
0,0,0,0,0,0,2020-09-06 14:01:20+03:00
0,0,0,0,0,0,2020-09-07 10:50:39+03:00
0,0,0,0,0,0,2020-09-07 10:55:30+03:00
2,2,1,2,0,0,2020-09-07 11:05:15+03:00
0,0,0,0,0,0,2020-09-07 11:06:33+03:00
1,1,0,0,0,0,2020-09-07 11:56:49+03:00
0,0,0,0,0,0,2020-09-07 11:57:29+03:00
1,1,1,1,0,0,2020-09-07 12:02:31+03:00
0,0,0,0,0,0,2020-09-07 12:06:40+03:00
0,0,0,0,0,0,2020-09-07 12:08:07+03:00
0,1,0,0,0,0,2020-09-07 12:09:30+03:00
0,0,0,0,0,0,2020-09-07 12:11:19+03:00
1,1,1,1,0,0,2020-09-08 10:52:30+03:00
1,1,1,1,0,0,2020-09-08 10:54:54+03:00
0,0,0,0,0,0,2020-09-08 10:55:00+03:00
2,1,2,2,0,0,2020-09-08 11:44:34+03:00
1,1,1,1,0,0,2020-09-08 11:57:02+03:00
2,2,1,2,0,0,2020-09-08 12:32:55+03:00
2,2,2,3,0,1,2020-09-08 12:50:53+03:00
3,3,1,1,0,2,2020-09-08 13:38:05+03:00
2,2,1,0,0,1,2020-09-08 14:16:21+03:00
3,3,1,1,0,2,2020-09-08 16:49:39+03:00
0,0,0,0,0,0,2020-09-08 17:28:19+03:00
2,2,2,2,0,1,2020-09-09 11:25:49+03:00
1,1,1,0,0,1,2020-09-09 11:58:43+03:00
1,1,1,0,0,1,2020-09-09 12:53:16+03:00
2,2,1,1,0,2,2020-09-09 13:49:32+03:00
0,0,0,0,0,0,2020-09-09 13:50:47+03:00
1,0,0,0,0,0,2020-09-09 14:17:53+03:00
2,1,1,2,0,0,2020-09-09 15:22:11+03:00
3,3,1,2,0,2,2020-09-09 16:23:20+03:00
1,1,0,0,0,1,2020-09-09 16:25:31+03:00
0,0,0,0,0,0,2020-09-09 16:28:25+03:00
1,1,1,2,0,1,2020-09-09 17:45:13+03:00
0,0,0,0,0,0,2020-09-09 17:45:42+03:00
0,0,0,0,0,0,2020-09-10 13:20:43+03:00
0,0,0,0,0,0,2020-09-10 13:21:24+03:00
1,1,0,0,0,1,2020-09-10 15:35:18+03:00
1,1,0,0,0,1,2020-09-10 16:07:04+03:00
1,1,0,0,0,1,2020-09-10 16:17:08+03:00
1,1,0,0,0,1,2020-09-10 16:40:02+03:00
1,1,0,0,0,1,2020-09-10 16:43:13+03:00
1,1,0,0,0,1,2020-09-10 16:43:47+03:00
0,0,0,0,0,0,2020-09-10 16:49:28+03:00
0,0,0,0,0,0,2020-09-10 17:01:15+03:00
0,0,0,0,0,0,2020-09-10 17:02:08+03:00
0,0,0,0,0,0,2020-09-10 17:02:29+03:00
0,0,0,0,0,0,2020-09-10 17:03:15+03:00
0,0,0,0,0,0,2020-09-10 17:03:48+03:00
3,3,1,2,0,1,2020-09-10 20:04:08+03:00
1,1,0,0,0,1,2020-09-10 21:33:22+03:00
0,0,0,0,0,0,2020-09-10 21:33:48+03:00
0,0,0,0,0,0,2020-09-11 06:46:14+03:00
0,0,0,0,0,0,2020-09-11 06:47:01+03:00
0,0,0,0,0,0,2020-09-11 08:34:21+03:00
0,0,0,0,0,0,2020-09-11 08:40:36+03:00
0,0,0,0,0,0,2020-09-11 08:42:14+03:00
0,0,0,0,0,0,2020-09-11 08:43:38+03:00
0,0,0,0,0,0,2020-09-11 08:51:52+03:00
0,0,0,0,0,0,2020-09-11 08:52:30+03:00
0,0,0,0,0,0,2020-09-11 08:57:12+03:00
0,0,0,0,0,0,2020-09-11 08:58:20+03:00
0,0,0,0,0,0,2020-09-11 09:09:17+03:00
0,0,0,0,0,0,2020-09-11 16:36:47+03:00
2,1,0,0,0,0,2020-09-13 10:38:39+03:00
1,0,1,1,0,0,2020-09-13 10:42:32+03:00
1,1,1,1,0,0,2020-09-13 14:19:27+03:00
0,0,0,0,0,0,2020-09-13 14:20:05+03:00
1,1,1,1,0,1,2020-09-13 14:35:56+03:00
2,1,0,0,0,0,2020-09-14 10:26:14+03:00
1,0,0,0,0,0,2020-09-14 12:57:44+03:00
0,0,0,0,0,0,2020-09-14 12:58:52+03:00
0,0,0,0,0,0,2020-09-14 14:56:12+03:00
0,0,0,0,0,0,2020-09-14 14:57:09+03:00
1,1,0,0,0,1,2020-09-15 09:34:20+03:00
0,0,0,0,0,0,2020-09-15 09:36:08+03:00
1,1,0,0,0,1,2020-09-15 10:11:19+03:00
0,0,0,0,0,0,2020-09-15 10:13:15+03:00
3,3,0,0,0,2,2020-09-15 12:01:31+03:00
0,0,0,0,0,0,2020-09-15 12:29:23+03:00
1,0,0,1,0,0,2020-09-16 15:35:08+03:00
2,3,0,1,0,1,2020-09-16 17:08:11+03:00
0,0,0,0,0,0,2020-09-16 17:11:34+03:00
0,0,0,0,0,0,2020-09-16 17:25:12+03:00
0,0,0,0,0,0,2020-09-16 20:45:05+03:00
0,0,0,0,0,0,2020-09-17 09:39:02+03:00
0,1,0,1,0,0,2020-09-18 09:50:16+03:00
0,0,0,0,0,0,2020-09-18 09:50:56+03:00
0,0,0,0,0,0,2020-09-21 09:37:14+03:00
0,0,0,0,0,0,2020-09-21 09:38:52+03:00
0,0,0,0,0,0,2020-09-21 09:46:24+03:00
0,0,0,0,0,0,2020-09-21 09:48:00+03:00
0,0,0,0,0,0,2020-09-21 09:51:22+03:00
0,0,0,0,0,0,2020-09-21 10:15:59+03:00
0,0,0,0,0,0,2020-09-21 10:22:59+03:00
0,0,0,0,0,0,2020-09-21 10:31:46+03:00
0,0,0,0,0,0,2020-09-21 10:43:25+03:00
0,0,0,0,0,0,2020-09-21 11:00:00+03:00
4,4,4,5,0,1,2020-09-21 12:21:20+03:00
0,0,0,0,0,0,2020-09-21 12:22:23+03:00
2,1,0,0,0,1,2020-09-21 13:25:42+03:00
0,0,0,0,0,0,2020-09-21 13:27:12+03:00
0,1,0,0,0,0,2020-09-21 13:29:00+03:00
0,0,0,0,0,0,2020-09-21 13:29:26+03:00
0,1,0,0,0,0,2020-09-21 13:37:13+03:00
0,1,0,0,0,0,2020-09-21 13:38:21+03:00
0,1,0,0,0,0,2020-09-21 13:39:09+03:00
0,0,0,0,0,0,2020-09-21 14:42:46+03:00
0,0,0,0,0,0,2020-09-22 12:07:11+03:00
0,0,0,0,0,0,2020-09-22 12:07:47+03:00
0,0,0,0,0,0,2020-09-23 09:40:16+03:00
3,2,0,0,0,1,2020-09-23 09:59:43+03:00
0,0,0,0,0,0,2020-09-23 10:12:13+03:00
0,0,0,0,0,0,2020-09-23 10:12:33+03:00
0,0,0,0,0,0,2020-09-23 10:13:43+03:00
2,2,2,2,0,0,2020-09-23 12:33:32+03:00
0,1,0,0,0,0,2020-09-23 12:51:52+03:00
0,0,0,0,0,0,2020-09-23 12:52:47+03:00
0,0,0,0,0,0,2020-09-23 12:54:38+03:00
1,1,1,1,0,0,2020-09-23 14:16:12+03:00
2,1,1,1,0,1,2020-09-23 14:34:10+03:00
0,0,0,0,0,0,2020-09-23 14:34:49+03:00
1,1,0,1,0,0,2020-09-23 17:00:29+03:00
0,0,0,0,0,0,2020-09-23 17:05:49+03:00
1,0,0,0,0,0,2020-09-23 17:29:36+03:00
0,0,0,0,0,0,2020-09-23 17:31:02+03:00
2,3,0,1,0,1,2020-09-24 08:45:01+03:00
0,0,0,0,0,0,2020-09-24 08:48:08+03:00
1,1,0,0,0,1,2020-09-25 10:22:55+03:00
0,0,0,0,0,0,2020-09-25 10:23:39+03:00
0,0,0,0,0,0,2020-09-26 09:22:45+03:00
1,1,1,2,0,0,2020-09-26 19:51:33+03:00
0,0,0,0,0,0,2020-09-26 19:52:20+03:00
2,3,0,1,0,0,2020-10-01 10:37:02+03:00
0,0,0,0,0,0,2020-10-01 10:37:43+03:00
1,1,0,0,0,1,2020-10-01 10:53:53+03:00
0,0,0,0,0,0,2020-10-01 10:54:46+03:00
0,0,0,0,0,0,2020-10-01 13:47:04+03:00
0,0,0,0,0,0,2020-10-01 13:49:02+03:00
0,0,0,0,0,0,2020-10-01 13:51:37+03:00
1,1,0,0,0,1,2020-10-01 14:01:53+03:00
0,0,0,0,0,0,2020-10-01 14:02:40+03:00
0,0,0,0,0,0,2020-10-01 14:06:32+03:00
0,0,0,0,0,0,2020-10-01 14:09:17+03:00
0,0,0,0,0,0,2020-10-01 14:09:33+03:00
0,0,0,0,0,0,2020-10-01 14:10:33+03:00
0,0,0,0,0,0,2020-10-01 15:06:33+03:00
0,0,0,0,0,0,2020-10-01 15:07:19+03:00
0,0,0,0,0,0,2020-10-01 15:08:06+03:00
0,0,0,0,0,0,2020-10-01 15:09:35+03:00
0,0,0,0,0,0,2020-10-01 15:11:10+03:00
0,0,0,0,0,0,2020-10-01 15:12:19+03:00
0,0,0,0,0,0,2020-10-01 15:15:02+03:00
0,0,0,0,0,0,2020-10-01 15:17:59+03:00
0,0,0,0,0,0,2020-10-01 15:22:55+03:00
0,0,0,0,0,0,2020-10-01 15:24:59+03:00
0,0,0,0,0,0,2020-10-01 15:25:32+03:00
0,0,0,0,0,0,2020-10-01 15:27:05+03:00
0,0,0,0,0,0,2020-10-01 15:27:15+03:00
0,0,0,0,0,0,2020-10-01 15:27:23+03:00
0,0,0,0,0,0,2020-10-01 15:27:42+03:00
0,0,0,0,0,0,2020-10-01 15:27:51+03:00
0,0,0,0,0,0,2020-10-01 15:28:01+03:00
0,0,0,0,0,0,2020-10-01 15:28:21+03:00
0,0,0,0,0,0,2020-10-01 15:28:29+03:00
0,0,0,0,0,0,2020-10-01 15:28:37+03:00
0,0,0,0,0,0,2020-10-01 15:28:44+03:00
0,0,0,0,0,0,2020-10-01 15:28:52+03:00
0,0,0,0,0,0,2020-10-01 15:29:00+03:00
0,0,0,0,0,0,2020-10-01 15:29:14+03:00
0,0,0,0,0,0,2020-10-01 15:29:23+03:00
0,0,0,0,0,0,2020-10-01 15:29:33+03:00
0,0,0,0,0,0,2020-10-01 15:29:41+03:00
0,0,0,0,0,0,2020-10-01 15:29:48+03:00
0,0,0,0,0,0,2020-10-01 15:29:58+03:00
