Acquisition,Preparation,Modeling,Training,Evaluation,Prediction,time
0,0,0,0,0,0,2020-02-18 01:56:07+07:00
0,0,0,0,0,0,2020-02-18 16:05:22+07:00
0,0,0,0,0,0,2020-04-02 17:15:06+07:00
0,0,0,0,0,0,2020-04-02 17:15:34+07:00
0,0,0,0,0,0,2020-04-02 17:16:29+07:00
0,0,0,0,0,0,2020-04-02 17:17:23+07:00
0,0,0,0,0,0,2020-04-02 21:37:46+07:00
1,0,0,0,0,0,2020-04-04 10:47:36+07:00
1,0,0,0,0,0,2020-04-05 02:55:30+07:00
0,0,0,0,0,0,2020-04-05 02:55:37+07:00
1,0,0,0,0,0,2020-04-05 15:10:40+07:00
1,1,0,0,0,0,2020-04-07 13:37:13+07:00
1,1,0,0,0,0,2020-04-07 14:10:23+07:00
1,1,0,0,0,0,2020-04-14 16:50:19+07:00
1,1,0,0,0,0,2020-04-14 17:47:46+07:00
2,1,0,0,0,0,2020-04-24 17:39:21+07:00
1,1,0,0,0,0,2020-05-09 21:10:38+07:00
1,1,0,0,0,0,2020-05-11 16:00:33+07:00
1,1,0,0,0,0,2020-09-22 02:05:01+07:00
1,0,0,0,0,0,2020-10-02 14:29:34+07:00
1,0,0,0,0,0,2020-10-03 02:36:58+07:00
1,0,0,0,0,0,2020-10-28 01:38:54+07:00
1,0,0,0,0,0,2020-11-03 13:17:15+07:00
1,0,0,0,0,0,2020-11-05 01:51:20+07:00
1,1,0,0,0,1,2020-11-05 01:53:23+07:00
1,0,0,0,0,0,2020-11-05 13:52:57+07:00
2,1,0,0,0,1,2020-11-05 16:20:31+07:00
0,0,0,0,0,0,2020-11-05 16:21:29+07:00
1,0,0,0,0,0,2020-11-06 00:22:36+07:00
1,0,0,0,0,0,2020-11-06 02:23:34+07:00
2,1,0,0,0,1,2020-11-06 03:11:33+07:00
4,1,0,0,0,1,2020-11-06 06:02:48+07:00
2,1,0,0,0,1,2020-11-06 06:25:13+07:00
1,0,0,0,0,0,2020-11-10 13:44:36+07:00
1,1,0,0,0,1,2020-11-10 13:44:51+07:00
0,0,0,0,0,0,2020-11-10 16:02:55+07:00
3,4,2,0,0,1,2020-11-10 16:04:34+07:00
0,0,0,0,0,0,2020-11-10 16:04:36+07:00
3,1,0,0,0,0,2020-11-12 15:50:05+07:00
1,0,0,0,0,0,2020-11-16 00:09:42+07:00
2,1,0,0,0,1,2020-11-16 17:39:36+07:00
0,0,0,0,0,0,2020-11-16 17:42:26+07:00
2,0,0,0,0,0,2020-11-25 00:39:31+07:00
2,1,0,0,0,1,2020-11-25 21:54:43+07:00
1,1,0,0,0,1,2020-11-26 03:48:59+07:00
1,0,0,0,0,0,2020-11-27 03:41:04+07:00
0,0,0,0,0,0,2020-11-27 03:42:12+07:00
1,0,0,0,0,0,2020-11-30 01:15:27+07:00
1,0,0,0,0,0,2020-12-01 03:42:17+07:00
0,0,0,0,0,0,2020-12-01 03:42:37+07:00
1,0,0,0,0,0,2020-12-01 03:43:57+07:00
5,5,2,0,0,1,2020-12-02 18:16:34+07:00
1,0,0,0,0,0,2020-12-05 16:56:43+07:00
1,0,0,0,0,0,2020-12-06 16:05:16+07:00
1,0,0,0,0,0,2020-12-15 18:56:12+07:00
0,0,0,0,0,0,2020-12-15 18:57:03+07:00
21,24,7,0,1,4,2020-12-19 14:59:55+07:00
0,0,0,0,0,0,2021-07-31 23:16:14+07:00
