Acquisition,Preparation,Modeling,Training,Evaluation,Prediction,time
0,0,0,0,0,0,2020-05-28 00:38:12+02:00
3,6,1,1,0,1,2020-05-27 23:04:16+00:00
0,0,0,0,0,0,2020-05-27 23:22:36+00:00
0,0,0,0,0,0,2020-05-27 23:23:34+00:00
3,6,1,1,0,1,2020-05-27 23:28:45+00:00
0,0,0,0,0,0,2020-05-28 01:32:48+02:00
0,0,0,0,0,0,2020-05-27 23:37:46+00:00
0,0,0,0,0,0,2020-05-27 23:42:41+00:00
0,0,0,0,0,0,2020-05-27 23:43:17+00:00
0,0,0,0,0,0,2020-05-27 23:46:02+00:00
0,0,0,0,0,0,2020-05-27 23:48:40+00:00
0,0,0,0,0,0,2020-05-27 23:56:09+00:00
0,0,0,0,0,0,2020-05-28 02:04:41+02:00
0,0,0,0,0,0,2020-05-28 00:17:55+00:00
0,0,0,0,0,0,2020-05-28 10:57:37+00:00
0,0,0,0,0,0,2020-06-03 20:17:26+02:00
0,0,0,0,0,0,2020-06-03 20:21:15+02:00
0,0,0,0,0,0,2020-06-03 20:26:37+02:00
0,0,0,0,0,0,2020-06-03 20:28:37+02:00
0,0,0,0,0,0,2020-06-03 20:30:57+02:00
0,0,0,0,0,0,2020-06-03 20:31:33+02:00
0,0,0,0,0,0,2020-06-03 20:32:45+02:00
0,0,0,0,0,0,2020-06-03 20:53:05+02:00
0,0,0,0,0,0,2020-06-03 20:55:42+02:00
0,0,0,0,0,0,2020-06-03 21:10:26+02:00
0,0,0,0,0,0,2020-06-03 21:12:59+02:00
0,0,0,0,0,0,2020-06-03 21:15:05+02:00
0,1,1,1,0,1,2020-06-03 21:45:26+02:00
0,0,0,0,0,0,2020-06-03 21:46:50+02:00
0,0,0,0,0,0,2020-06-03 21:48:31+02:00
0,0,0,0,0,0,2020-06-03 21:51:07+02:00
0,0,0,0,0,0,2020-06-03 21:53:24+02:00
0,0,0,0,0,0,2020-06-03 21:55:04+02:00
0,0,0,0,0,0,2020-06-03 21:57:54+02:00
0,0,0,0,0,0,2020-06-03 22:03:21+02:00
0,0,0,0,0,0,2020-06-03 22:10:30+02:00
0,0,0,0,0,0,2020-06-03 22:11:44+02:00
0,0,0,0,0,0,2020-06-03 22:34:51+02:00
0,0,0,0,0,0,2020-06-03 22:41:05+02:00
0,0,0,0,0,0,2020-06-03 22:44:17+02:00
0,1,1,1,0,1,2020-06-03 22:48:52+02:00
0,1,1,1,0,1,2020-06-03 22:56:49+02:00
0,1,1,1,0,1,2020-06-03 23:03:48+02:00
0,1,1,1,0,1,2020-06-03 23:27:55+02:00
0,1,1,1,0,1,2020-06-03 23:31:36+02:00
0,0,0,0,0,0,2020-06-04 12:35:15+02:00
0,0,0,0,0,0,2020-06-06 23:30:34+02:00
0,0,0,0,0,0,2020-06-06 23:34:19+02:00
3,6,1,1,0,1,2020-06-06 21:51:58+00:00
0,0,0,0,0,0,2020-06-07 10:46:57+00:00
