Acquisition,Preparation,Modeling,Training,Evaluation,Prediction,time
0,0,0,0,0,0,2021-03-07 14:49:42+08:00
0,0,0,0,0,0,2021-03-07 14:58:22+08:00
0,0,0,0,0,0,2021-03-07 14:58:48+08:00
0,0,0,0,0,0,2021-03-07 14:59:07+08:00
0,0,0,0,0,0,2021-03-07 15:00:45+08:00
0,0,0,0,0,0,2021-03-07 15:06:45+08:00
0,0,0,0,0,0,2021-03-07 15:26:32+08:00
0,0,0,0,0,0,2021-03-07 15:26:59+08:00
0,0,0,0,0,0,2021-03-07 15:27:22+08:00
0,0,0,0,0,0,2021-03-07 15:39:21+08:00
0,1,0,0,0,0,2021-03-07 16:04:33+08:00
0,1,0,0,0,0,2021-03-07 16:07:45+08:00
0,1,0,0,0,0,2021-03-07 16:12:04+08:00
0,0,0,0,0,0,2021-03-07 18:32:39+08:00
0,0,0,0,0,0,2021-03-07 18:33:47+08:00
0,1,0,0,0,0,2021-03-07 18:36:31+08:00
0,0,0,0,0,0,2021-03-07 23:44:55+08:00
0,0,0,0,0,0,2021-03-07 23:45:17+08:00
0,0,0,0,0,0,2021-03-07 23:45:41+08:00
0,0,0,0,0,0,2021-03-07 23:46:24+08:00
0,0,0,0,0,0,2021-03-07 23:46:44+08:00
0,0,0,0,0,0,2021-03-07 23:47:30+08:00
0,0,0,0,0,0,2021-03-07 23:47:57+08:00
0,0,0,0,0,0,2021-03-07 23:50:43+08:00
0,0,0,0,0,0,2021-03-07 23:52:38+08:00
0,0,0,0,0,0,2021-03-08 00:01:29+08:00
0,0,0,0,0,0,2021-03-08 00:07:30+08:00
0,0,0,0,0,0,2021-03-08 10:39:48+08:00
0,0,0,0,0,0,2021-03-08 10:40:33+08:00
0,0,0,0,0,0,2021-03-08 10:43:51+08:00
0,0,0,0,0,0,2021-03-08 11:22:55+08:00
0,1,0,0,0,0,2021-03-08 11:58:51+08:00
0,0,0,0,0,0,2021-03-08 12:00:20+08:00
0,0,0,0,0,0,2021-03-08 12:00:38+08:00
0,0,0,0,0,0,2021-03-08 12:01:08+08:00
0,0,0,0,0,0,2021-03-08 15:15:37+08:00
0,0,0,0,0,0,2021-03-08 15:16:57+08:00
0,0,0,0,0,0,2021-03-08 15:17:24+08:00
0,1,0,0,0,0,2021-03-08 15:49:07+08:00
0,1,0,0,0,0,2021-03-08 23:32:26+08:00
0,0,0,0,0,0,2021-03-09 15:13:01+08:00
0,0,0,0,0,0,2021-03-09 15:13:30+08:00
1,1,0,0,0,0,2021-03-09 15:13:57+08:00
0,0,0,0,0,0,2021-03-09 15:33:24+08:00
0,0,0,0,0,0,2021-03-09 16:54:54+08:00
0,0,0,0,0,0,2021-03-09 16:55:12+08:00
0,0,0,0,0,0,2021-03-09 16:55:34+08:00
0,0,0,0,0,0,2021-03-09 20:24:42+08:00
0,0,0,0,0,0,2021-03-09 20:25:02+08:00
0,1,0,0,0,0,2021-03-09 20:25:21+08:00
0,0,0,0,0,0,2021-03-09 23:40:04+08:00
1,1,0,0,0,0,2021-03-09 23:40:49+08:00
0,0,0,0,0,0,2021-03-10 14:38:54+08:00
0,1,0,0,0,0,2021-03-10 14:39:16+08:00
0,1,0,0,0,0,2021-03-11 16:58:40+08:00
0,0,0,0,0,0,2021-03-11 16:59:17+08:00
0,0,0,0,0,0,2021-03-11 16:59:57+08:00
0,0,0,0,0,0,2021-03-11 17:01:08+08:00
0,1,0,0,0,0,2021-03-11 17:01:40+08:00
0,0,0,0,0,0,2021-03-11 17:02:46+08:00
0,0,0,0,0,0,2021-03-12 00:37:56+08:00
0,0,0,0,0,0,2021-03-12 10:13:15+08:00
0,0,0,0,0,0,2021-03-12 10:24:42+08:00
0,0,0,0,0,0,2021-03-12 14:15:45+08:00
0,0,0,0,0,0,2021-03-12 14:15:57+08:00
1,1,0,0,0,0,2021-03-12 14:16:15+08:00
0,0,0,0,0,0,2021-03-12 14:16:46+08:00
0,0,0,0,0,0,2021-03-12 14:17:36+08:00
1,0,0,0,0,0,2021-03-12 14:18:03+08:00
0,0,0,0,0,0,2021-03-12 18:11:33+08:00
0,0,0,0,0,0,2021-03-12 18:15:02+08:00
0,0,0,0,0,0,2021-03-15 16:17:39+08:00
0,0,0,0,0,0,2021-03-15 16:18:06+08:00
1,1,0,0,0,0,2021-03-15 16:18:31+08:00
1,1,0,0,0,0,2021-03-15 16:19:05+08:00
0,1,0,0,0,0,2021-03-15 16:19:38+08:00
0,0,0,0,0,0,2021-03-15 16:20:14+08:00
0,1,0,0,0,0,2021-03-15 16:20:53+08:00
0,0,0,0,0,0,2021-03-15 16:25:15+08:00
0,0,0,0,0,0,2021-03-15 16:26:16+08:00
1,1,0,0,0,0,2021-03-15 16:28:21+08:00
1,1,0,0,0,0,2021-03-15 19:31:18+08:00
1,1,0,0,0,0,2021-03-15 19:34:48+08:00
1,1,0,0,0,0,2021-03-15 19:43:09+08:00
0,0,0,0,0,0,2021-03-15 20:00:27+08:00
1,1,0,0,0,0,2021-03-16 10:32:31+08:00
1,1,0,0,0,0,2021-03-16 19:41:12+08:00
1,1,0,0,0,0,2021-03-16 23:03:32+08:00
0,0,0,0,0,0,2021-03-16 23:03:48+08:00
0,1,0,0,0,0,2021-03-16 23:04:11+08:00
0,1,0,0,0,0,2021-03-16 23:05:06+08:00
0,0,0,0,0,0,2021-03-17 12:37:53+08:00
0,0,0,0,0,0,2021-03-17 12:38:07+08:00
0,1,0,0,0,0,2021-03-17 12:38:45+08:00
0,1,0,0,0,0,2021-03-17 12:39:26+08:00
0,1,0,0,0,0,2021-03-17 12:40:30+08:00
1,1,0,0,0,0,2021-03-17 12:41:57+08:00
0,1,0,0,0,0,2021-03-17 23:06:09+08:00
0,1,0,0,0,0,2021-03-17 23:07:02+08:00
0,1,0,0,0,0,2021-03-17 23:09:56+08:00
0,0,0,0,0,0,2021-03-17 23:10:21+08:00
0,0,0,0,0,0,2021-03-17 23:11:03+08:00
0,0,0,0,0,0,2021-03-17 23:21:02+08:00
0,0,0,0,0,0,2021-03-17 23:21:44+08:00
0,0,0,0,0,0,2021-03-17 23:22:05+08:00
0,0,0,0,0,0,2021-03-17 23:28:49+08:00
0,0,0,0,0,0,2021-03-17 23:32:12+08:00
0,1,0,0,0,0,2021-03-18 00:42:55+08:00
0,1,0,0,0,0,2021-03-18 12:35:16+08:00
0,0,0,0,0,0,2021-03-18 12:35:40+08:00
0,0,0,0,0,0,2021-03-18 17:30:02+08:00
0,0,0,0,0,0,2021-03-18 17:30:22+08:00
0,0,0,0,0,0,2021-03-18 17:44:44+08:00
0,0,0,0,0,0,2021-03-18 17:45:09+08:00
0,0,0,0,0,0,2021-03-18 18:12:08+08:00
0,0,0,0,0,0,2021-03-18 18:12:24+08:00
0,0,0,0,0,0,2021-03-19 10:37:06+08:00
0,0,0,0,0,0,2021-03-19 10:37:18+08:00
0,1,0,0,0,0,2021-03-19 11:06:06+08:00
1,1,0,0,0,0,2021-03-19 11:46:00+08:00
2,2,0,0,0,0,2021-03-19 11:56:01+08:00
0,1,0,0,0,0,2021-03-19 14:28:45+08:00
0,1,0,0,0,0,2021-03-19 14:29:05+08:00
0,1,0,0,0,0,2021-03-19 15:16:40+08:00
0,1,0,0,0,0,2021-03-19 15:46:20+08:00
0,1,0,0,0,0,2021-03-19 17:28:45+08:00
0,1,0,0,0,0,2021-03-19 17:29:11+08:00
0,1,0,0,0,0,2021-03-19 23:00:41+08:00
1,1,0,0,0,1,2021-03-19 23:02:19+08:00
0,0,0,0,0,0,2021-03-19 23:11:53+08:00
1,1,0,0,0,1,2021-03-19 23:12:56+08:00
1,1,0,0,0,0,2021-03-19 23:39:08+08:00
1,1,0,0,0,0,2021-03-19 23:47:11+08:00
1,1,0,0,0,0,2021-03-19 23:48:06+08:00
0,0,0,0,0,0,2021-03-19 23:54:10+08:00
0,0,0,0,0,0,2021-03-19 23:54:33+08:00
0,0,0,0,0,0,2021-03-19 23:56:53+08:00
0,2,0,0,0,0,2021-03-20 00:06:19+08:00
0,1,0,0,0,0,2021-03-20 00:08:06+08:00
0,0,0,0,0,0,2021-03-22 01:04:31+08:00
0,0,0,0,0,0,2021-03-22 01:05:22+08:00
0,1,0,0,0,0,2021-03-22 11:14:29+08:00
0,0,0,0,0,0,2021-03-22 14:09:25+08:00
0,0,0,0,0,0,2021-03-22 14:09:46+08:00
0,0,0,0,0,0,2021-03-22 14:10:04+08:00
1,1,0,0,0,0,2021-03-22 14:33:07+08:00
0,1,0,0,0,0,2021-03-22 14:36:31+08:00
0,0,0,0,0,0,2021-03-22 14:36:50+08:00
0,0,0,0,0,0,2021-03-22 14:37:16+08:00
0,0,0,0,0,0,2021-03-22 14:43:53+08:00
1,1,0,0,0,0,2021-03-22 23:15:42+08:00
0,1,0,0,0,0,2021-03-22 23:16:04+08:00
1,1,0,0,0,0,2021-03-22 23:40:01+08:00
0,0,0,0,0,0,2021-03-22 23:40:18+08:00
0,0,0,0,0,0,2021-03-22 23:41:20+08:00
5,6,0,0,0,1,2021-03-23 10:45:42+08:00
0,0,0,0,0,0,2021-03-23 10:54:56+08:00
0,0,0,0,0,0,2021-03-23 10:55:30+08:00
2,2,0,0,0,0,2021-03-23 10:59:41+08:00
0,0,0,0,0,0,2021-03-23 11:22:55+08:00
0,0,0,0,0,0,2021-03-23 11:51:28+08:00
1,1,0,0,0,0,2021-03-24 10:31:09+08:00
0,1,0,0,0,0,2021-03-24 10:46:59+08:00
0,1,0,0,0,0,2021-03-24 10:48:57+08:00
0,1,0,0,0,0,2021-03-24 10:49:41+08:00
1,1,0,0,0,0,2021-03-24 22:30:19+08:00
0,0,0,0,0,0,2021-03-24 22:34:49+08:00
1,1,0,0,0,0,2021-03-24 22:35:19+08:00
0,1,0,0,0,0,2021-03-24 22:36:20+08:00
0,1,0,0,0,0,2021-03-24 22:38:03+08:00
0,0,0,0,0,0,2021-03-24 23:09:44+08:00
1,1,0,0,0,0,2021-03-25 15:49:03+08:00
1,1,0,0,0,0,2021-03-25 15:52:39+08:00
1,1,0,0,0,1,2021-03-25 18:03:21+08:00
0,0,0,0,0,0,2021-03-25 18:06:00+08:00
0,0,0,0,0,0,2021-03-25 22:40:40+08:00
0,0,0,0,0,0,2021-03-25 22:41:22+08:00
0,1,0,0,0,0,2021-03-25 22:42:04+08:00
0,1,0,0,0,0,2021-03-26 10:55:29+08:00
0,0,0,0,0,0,2021-03-26 10:55:44+08:00
0,0,0,0,0,0,2021-03-26 15:41:11+08:00
1,0,0,0,0,0,2021-03-26 15:42:46+08:00
1,1,0,0,0,0,2021-03-26 15:43:33+08:00
0,0,0,0,0,0,2021-03-26 15:43:47+08:00
0,0,0,0,0,0,2021-03-26 16:34:25+08:00
0,0,0,0,0,0,2021-03-26 18:04:31+08:00
1,0,0,0,0,0,2021-03-26 18:04:51+08:00
0,0,0,0,0,0,2021-03-26 23:12:27+08:00
0,0,0,0,0,0,2021-03-26 23:15:28+08:00
0,0,0,0,0,0,2021-03-26 23:15:53+08:00
0,0,0,0,0,0,2021-03-26 23:16:12+08:00
0,1,0,0,0,0,2021-03-27 23:01:23+08:00
0,0,0,0,0,0,2021-03-28 22:17:29+08:00
0,0,0,0,0,0,2021-03-28 22:18:13+08:00
1,1,0,0,0,0,2021-03-28 22:19:20+08:00
0,0,0,0,0,0,2021-03-28 22:22:11+08:00
1,1,0,0,0,0,2021-03-28 22:25:16+08:00
0,0,0,0,0,0,2021-03-28 22:32:36+08:00
0,0,0,0,0,0,2021-03-29 14:58:53+08:00
0,0,0,0,0,0,2021-03-29 14:59:25+08:00
1,1,0,0,0,0,2021-03-29 15:18:09+08:00
0,0,0,0,0,0,2021-03-29 15:18:33+08:00
0,0,0,0,0,0,2021-03-29 15:18:49+08:00
0,0,0,0,0,0,2021-03-29 15:20:07+08:00
0,0,0,0,0,0,2021-03-30 11:13:14+08:00
0,1,0,0,0,0,2021-03-30 11:14:06+08:00
0,1,0,0,0,0,2021-04-01 15:13:17+08:00
1,1,0,0,0,0,2021-04-01 15:56:07+08:00
1,0,0,0,0,0,2021-04-01 15:56:37+08:00
1,0,0,0,0,0,2021-04-01 15:58:17+08:00
1,1,0,0,0,0,2021-04-01 16:09:18+08:00
1,1,0,0,0,0,2021-04-01 16:09:41+08:00
1,0,0,0,0,0,2021-04-01 16:10:12+08:00
0,0,0,0,0,0,2021-04-01 16:11:47+08:00
0,0,0,0,0,0,2021-04-01 16:13:02+08:00
1,0,0,0,0,0,2021-04-01 17:05:55+08:00
1,0,0,0,0,0,2021-04-01 17:06:18+08:00
0,0,0,0,0,0,2021-04-01 17:06:44+08:00
1,1,0,0,0,0,2021-04-01 18:02:23+08:00
1,0,0,0,0,0,2021-04-01 18:02:43+08:00
0,0,0,0,0,0,2021-04-01 18:03:20+08:00
0,0,0,0,0,0,2021-04-01 18:08:14+08:00
1,1,0,0,0,0,2021-04-01 18:08:34+08:00
0,0,0,0,0,0,2021-04-01 18:31:17+08:00
0,0,0,0,0,0,2021-04-01 18:31:39+08:00
1,0,0,0,0,0,2021-04-06 09:57:11+08:00
1,1,0,0,0,0,2021-04-06 10:36:21+08:00
1,0,0,0,0,0,2021-04-06 10:37:01+08:00
0,0,0,0,0,0,2021-04-06 11:09:03+08:00
1,0,0,0,0,0,2021-04-06 11:10:02+08:00
1,0,0,0,0,0,2021-04-06 11:23:57+08:00
0,0,0,0,0,0,2021-04-06 11:24:39+08:00
1,0,0,0,0,0,2021-04-06 14:45:40+08:00
1,0,0,0,0,0,2021-04-06 15:53:16+08:00
0,1,0,0,0,0,2021-04-06 18:02:08+08:00
1,0,0,0,0,0,2021-04-06 20:09:30+08:00
1,0,0,0,0,0,2021-04-06 20:11:30+08:00
0,0,0,0,0,0,2021-04-06 23:18:23+08:00
0,0,0,0,0,0,2021-04-07 16:55:23+08:00
0,0,0,0,0,0,2021-04-07 18:05:00+08:00
1,0,0,0,0,0,2021-04-07 18:05:24+08:00
0,1,0,0,0,0,2021-04-07 18:08:25+08:00
1,0,0,0,0,0,2021-04-07 18:08:48+08:00
0,0,0,0,0,0,2021-04-07 18:09:17+08:00
0,0,0,0,0,0,2021-04-08 10:49:22+08:00
0,0,0,0,0,0,2021-04-08 10:53:04+08:00
0,0,0,0,0,0,2021-04-08 10:53:15+08:00
0,0,0,0,0,0,2021-04-08 11:35:27+08:00
0,0,0,0,0,0,2021-04-08 11:35:54+08:00
0,0,0,0,0,0,2021-04-08 11:37:04+08:00
0,0,0,0,0,0,2021-04-08 11:41:09+08:00
0,2,0,0,0,0,2021-04-08 11:41:26+08:00
0,0,0,0,0,0,2021-04-08 15:15:31+08:00
0,0,0,0,0,0,2021-04-08 15:48:08+08:00
0,0,0,0,0,0,2021-04-08 16:35:27+08:00
1,0,0,0,0,0,2021-04-08 16:55:31+08:00
1,0,0,0,0,0,2021-04-08 16:56:03+08:00
0,0,0,0,0,0,2021-04-08 17:11:23+08:00
0,0,0,0,0,0,2021-04-08 17:19:14+08:00
0,0,0,0,0,0,2021-04-08 20:45:01+08:00
0,0,0,0,0,0,2021-04-08 22:48:40+08:00
0,0,0,0,0,0,2021-04-09 10:39:48+08:00
0,0,0,0,0,0,2021-04-09 18:07:45+08:00
1,1,0,0,0,1,2021-04-09 18:08:11+08:00
0,0,0,0,0,0,2021-04-09 18:08:31+08:00
0,0,0,0,0,0,2021-04-09 18:15:07+08:00
0,0,0,0,0,0,2021-04-11 22:16:26+08:00
0,0,0,0,0,0,2021-04-11 22:17:26+08:00
0,0,0,0,0,0,2021-04-11 23:15:54+08:00
5,5,0,0,0,2,2021-04-11 23:29:29+08:00
1,1,0,0,0,1,2021-04-11 23:53:33+08:00
0,0,0,0,0,0,2021-04-11 23:54:56+08:00
1,1,0,0,0,1,2021-04-12 09:42:24+08:00
0,0,0,0,0,0,2021-04-12 11:07:42+08:00
1,1,0,0,0,1,2021-04-12 18:16:04+08:00
1,1,0,0,0,1,2021-04-12 22:31:14+08:00
1,1,0,0,0,1,2021-04-13 11:45:08+08:00
0,0,0,0,0,0,2021-04-13 11:45:28+08:00
0,0,0,0,0,0,2021-04-13 11:46:19+08:00
0,0,0,0,0,0,2021-04-13 11:53:39+08:00
0,0,0,0,0,0,2021-04-13 11:54:04+08:00
0,1,0,0,0,0,2021-04-13 16:35:32+08:00
0,1,0,0,0,0,2021-04-13 16:38:22+08:00
1,1,0,0,0,0,2021-04-13 16:39:03+08:00
1,1,0,0,0,0,2021-04-13 16:57:49+08:00
0,0,0,0,0,0,2021-04-13 16:58:04+08:00
0,0,0,0,0,0,2021-04-13 17:05:55+08:00
1,1,0,0,0,0,2021-04-13 17:08:26+08:00
0,0,0,0,0,0,2021-04-13 17:12:09+08:00
0,0,0,0,0,0,2021-04-13 17:12:34+08:00
0,0,0,0,0,0,2021-04-13 18:12:07+08:00
0,0,0,0,0,0,2021-04-13 18:13:35+08:00
0,0,0,0,0,0,2021-04-13 18:14:28+08:00
0,0,0,0,0,0,2021-04-13 21:25:21+08:00
0,0,0,0,0,0,2021-04-13 23:27:47+08:00
1,1,0,0,0,0,2021-04-13 23:28:18+08:00
0,0,0,0,0,0,2021-04-13 23:29:05+08:00
0,0,0,0,0,0,2021-04-13 23:29:24+08:00
0,0,0,0,0,0,2021-04-13 23:33:17+08:00
1,1,0,0,0,0,2021-04-14 09:41:35+08:00
1,1,0,0,0,0,2021-04-14 11:06:14+08:00
0,1,0,0,0,0,2021-04-14 11:06:28+08:00
0,0,0,0,0,0,2021-04-14 11:09:10+08:00
0,1,0,0,0,0,2021-04-14 15:12:30+08:00
0,0,0,0,0,0,2021-04-14 17:42:00+08:00
0,0,0,0,0,0,2021-04-14 17:43:30+08:00
0,0,0,0,0,0,2021-04-14 17:44:05+08:00
0,1,0,0,0,0,2021-04-15 10:30:33+08:00
0,1,0,0,0,0,2021-04-15 16:19:47+08:00
0,1,0,0,0,0,2021-04-15 17:08:35+08:00
1,1,0,0,0,0,2021-04-16 17:04:01+08:00
0,1,0,0,0,0,2021-04-16 17:04:18+08:00
0,0,0,0,0,0,2021-04-16 17:22:29+08:00
0,0,0,0,0,0,2021-04-17 22:01:35+08:00
0,0,0,0,0,0,2021-04-17 22:02:35+08:00
0,0,0,0,0,0,2021-04-17 22:36:49+08:00
0,0,0,0,0,0,2021-04-17 23:00:46+08:00
0,0,0,0,0,0,2021-04-19 16:03:19+08:00
0,0,0,0,0,0,2021-04-20 10:23:27+08:00
0,0,0,0,0,0,2021-04-20 10:50:57+08:00
0,0,0,0,0,0,2021-04-20 11:06:27+08:00
1,1,0,0,0,1,2021-04-20 15:32:23+08:00
0,0,0,0,0,0,2021-04-20 15:42:46+08:00
0,0,0,0,0,0,2021-04-20 15:59:55+08:00
0,0,0,0,0,0,2021-04-20 16:25:59+08:00
0,0,0,0,0,0,2021-04-20 18:27:47+08:00
0,0,0,0,0,0,2021-04-20 18:28:05+08:00
0,0,0,0,0,0,2021-04-20 18:28:24+08:00
0,1,0,0,0,0,2021-04-20 18:28:40+08:00
0,0,0,0,0,0,2021-04-20 18:28:54+08:00
0,0,0,0,0,0,2021-04-21 14:12:05+08:00
0,0,0,0,0,0,2021-04-21 14:20:57+08:00
0,0,0,0,0,0,2021-04-21 16:21:30+08:00
0,1,0,0,0,0,2021-04-21 18:00:08+08:00
0,1,0,0,0,0,2021-04-21 22:37:15+08:00
0,1,0,0,0,0,2021-04-21 22:40:13+08:00
0,1,0,0,0,0,2021-04-21 23:06:52+08:00
1,1,0,0,0,0,2021-04-21 23:07:09+08:00
1,1,0,0,0,0,2021-04-23 11:53:03+08:00
0,1,0,0,0,0,2021-04-23 21:01:42+08:00
0,0,0,0,0,0,2021-04-23 21:02:23+08:00
0,0,0,0,0,0,2021-04-23 21:02:58+08:00
0,0,0,0,0,0,2021-04-23 21:03:43+08:00
1,0,0,0,0,0,2021-04-23 21:04:00+08:00
0,0,0,0,0,0,2021-04-23 21:04:44+08:00
0,1,0,0,0,0,2021-04-25 11:23:58+08:00
0,1,0,0,0,0,2021-04-25 11:24:49+08:00
0,0,0,0,0,0,2021-04-25 15:39:07+08:00
0,1,0,0,0,0,2021-04-25 21:35:19+08:00
0,1,0,0,0,0,2021-04-26 10:37:39+08:00
1,1,0,0,0,0,2021-04-26 11:33:56+08:00
1,1,0,0,0,0,2021-04-26 11:39:22+08:00
0,0,0,0,0,0,2021-04-26 17:28:47+08:00
0,0,0,0,0,0,2021-04-26 17:29:10+08:00
1,1,0,0,0,0,2021-04-26 17:30:24+08:00
1,1,0,0,0,0,2021-04-27 14:22:47+08:00
0,0,0,0,0,0,2021-04-27 14:43:45+08:00
0,0,0,0,0,0,2021-04-27 14:44:02+08:00
0,0,0,0,0,0,2021-04-27 14:44:25+08:00
0,0,0,0,0,0,2021-04-27 14:44:44+08:00
0,0,0,0,0,0,2021-04-28 16:52:11+08:00
0,0,0,0,0,0,2021-04-28 16:54:23+08:00
0,0,0,0,0,0,2021-04-28 16:54:59+08:00
0,0,0,0,0,0,2021-04-28 16:55:19+08:00
0,0,0,0,0,0,2021-04-28 16:55:54+08:00
0,0,0,0,0,0,2021-04-28 16:56:42+08:00
0,0,0,0,0,0,2021-04-29 10:46:28+08:00
0,0,0,0,0,0,2021-05-05 23:25:55+08:00
1,1,0,0,0,0,2021-05-06 14:59:11+08:00
0,1,0,0,0,0,2021-05-06 14:59:39+08:00
0,0,0,0,0,0,2021-05-06 15:00:01+08:00
0,1,0,0,0,0,2021-05-06 15:01:38+08:00
0,1,0,0,0,0,2021-05-06 15:01:58+08:00
0,0,0,0,0,0,2021-05-06 15:04:05+08:00
0,0,0,0,0,0,2021-05-06 15:08:47+08:00
1,1,0,0,0,0,2021-05-07 18:38:12+08:00
1,1,0,0,0,0,2021-05-07 18:54:26+08:00
0,0,0,0,0,0,2021-05-07 22:24:45+08:00
0,1,0,0,0,0,2021-05-10 21:38:13+08:00
1,0,0,0,0,0,2021-05-10 21:39:26+08:00
0,0,0,0,0,0,2021-05-10 21:40:12+08:00
0,0,0,0,0,0,2021-05-12 15:00:30+08:00
0,0,0,0,0,0,2021-05-12 15:06:53+08:00
0,0,0,0,0,0,2021-05-12 15:26:07+08:00
0,0,0,0,0,0,2021-05-12 15:48:31+08:00
0,0,0,0,0,0,2021-05-23 21:59:28+08:00
1,1,0,0,0,1,2021-05-23 22:04:09+08:00
0,0,0,0,0,0,2021-05-23 22:04:29+08:00
0,1,0,0,0,0,2021-05-23 22:05:11+08:00
0,1,0,0,0,0,2021-05-23 22:05:34+08:00
0,0,0,0,0,0,2021-05-23 22:12:48+08:00
1,1,0,0,0,1,2021-05-23 22:31:23+08:00
1,0,0,0,0,0,2021-05-24 12:37:52+08:00
0,0,0,0,0,0,2021-05-24 12:38:54+08:00
1,0,0,0,0,0,2021-05-24 12:39:30+08:00
0,0,0,0,0,0,2021-05-24 12:39:46+08:00
0,0,0,0,0,0,2021-05-24 12:40:35+08:00
0,0,0,0,0,0,2021-05-24 12:42:25+08:00
1,1,0,0,0,1,2021-05-25 14:55:33+08:00
0,0,0,0,0,0,2021-05-25 14:58:27+08:00
0,0,0,0,0,0,2021-05-25 14:58:40+08:00
0,0,0,0,0,0,2021-05-26 10:30:13+08:00
0,1,0,0,0,0,2021-05-28 15:40:38+08:00
0,0,0,0,0,0,2021-05-28 16:09:08+08:00
0,1,0,0,0,0,2021-05-28 16:13:18+08:00
0,0,0,0,0,0,2021-05-28 16:19:18+08:00
1,1,0,0,0,0,2021-07-20 20:56:15+08:00
1,0,0,0,0,0,2021-07-20 20:56:59+08:00
