Acquisition,Preparation,Modeling,Training,Evaluation,Prediction,time
0,0,0,0,0,0,2020-01-14 17:03:00-05:00
0,0,0,0,0,0,2020-01-14 17:04:38-05:00
0,0,0,0,0,0,2020-01-17 22:30:10-05:00
0,0,0,0,0,0,2020-01-19 21:33:11-05:00
0,0,0,0,0,0,2020-01-22 17:29:39-05:00
0,1,1,0,0,0,2020-01-22 18:01:51-05:00
0,1,1,0,0,0,2020-01-22 22:58:10-05:00
0,1,1,0,0,0,2020-01-23 22:20:15-05:00
0,2,2,0,0,0,2020-01-24 17:09:17-05:00
0,1,1,0,0,0,2020-02-04 09:39:49-05:00
0,0,0,0,0,0,2020-02-06 08:36:43-05:00
0,0,0,0,0,0,2020-02-18 16:01:47-05:00
0,1,0,0,0,1,2020-02-18 22:24:02+00:00
0,1,0,0,0,1,2020-02-19 14:42:40+00:00
0,1,1,0,0,1,2020-02-19 15:22:38+00:00
0,2,2,1,0,2,2020-02-25 21:08:16+00:00
1,3,3,2,0,3,2020-02-26 16:46:42+00:00
2,3,3,3,0,3,2020-02-26 22:39:25+00:00
4,1,1,1,0,1,2020-03-02 18:41:51+00:00
2,1,1,1,0,1,2020-03-02 19:42:33+00:00
1,0,0,0,0,0,2020-03-02 14:50:42-05:00
2,1,1,1,0,1,2020-03-07 19:54:23+00:00
2,2,2,0,0,0,2020-03-08 18:10:27-04:00
2,0,0,0,0,0,2020-03-08 22:17:10+00:00
1,0,0,0,0,0,2020-03-08 22:05:09-04:00
1,0,0,0,0,0,2020-03-09 04:35:47+00:00
1,0,0,0,0,0,2020-03-09 04:39:46+00:00
0,0,0,0,0,0,2020-03-09 00:47:01-04:00
0,0,0,0,0,0,2020-03-11 14:46:01-04:00
2,0,0,0,0,0,2020-03-13 14:07:28-04:00
2,0,0,0,0,0,2020-03-13 18:15:52+00:00
0,0,0,0,0,0,2020-03-13 18:17:03+00:00
0,0,0,0,0,0,2020-03-14 18:09:37-04:00
0,0,0,0,0,0,2020-03-14 18:14:10-04:00
0,0,0,0,0,0,2020-03-22 11:00:59-04:00
0,1,0,0,0,0,2020-03-22 16:07:14+00:00
1,1,0,0,0,0,2020-03-27 22:14:20-04:00
1,6,1,0,0,2,2020-03-29 16:31:51+00:00
1,10,4,0,0,3,2020-04-04 15:36:23+00:00
0,4,0,0,0,0,2020-04-05 10:58:34-04:00
0,0,0,0,0,0,2020-04-06 09:16:49-04:00
0,4,2,0,0,0,2020-04-11 13:59:15+00:00
0,2,1,0,0,0,2020-04-11 14:10:21+00:00
0,3,0,0,0,1,2020-04-11 16:31:23+00:00
0,0,0,0,0,0,2020-04-11 12:31:45-04:00
0,2,0,0,0,0,2020-04-11 19:14:57+00:00
0,0,0,0,0,0,2020-04-11 19:15:15+00:00
0,0,0,0,0,0,2020-04-11 15:37:13-04:00
1,1,1,0,0,1,2020-04-16 16:07:00-04:00
0,0,0,0,0,0,2020-05-03 23:42:44-04:00
0,0,0,0,0,0,2020-05-03 23:45:02-04:00
0,0,0,0,0,0,2020-05-03 23:49:27-04:00
0,0,0,0,0,0,2020-05-03 23:51:17-04:00
0,0,0,0,0,0,2020-05-04 00:04:45-04:00
