Acquisition,Preparation,Modeling,Training,Evaluation,Prediction,time
0,1,0,0,0,0,2019-04-22 15:30:27-04:00
7,8,0,0,0,0,2019-04-27 12:25:32-04:00
3,3,1,0,0,0,2019-04-28 20:37:56-04:00
4,2,1,0,0,0,2019-04-29 15:57:36-04:00
4,4,1,0,0,0,2019-04-30 18:04:55-04:00
0,0,0,0,0,0,2019-05-02 09:01:08-04:00
3,4,0,0,0,0,2019-05-02 09:01:58-04:00
5,6,2,1,0,1,2019-06-05 18:34:27-04:00
3,3,2,0,0,0,2019-06-06 15:30:34-04:00
1,2,0,0,0,0,2019-06-09 11:00:00-04:00
2,2,1,0,0,0,2019-06-10 10:24:17-04:00
5,5,1,1,0,1,2019-06-11 15:05:14-04:00
1,1,1,1,0,1,2019-06-11 15:12:32-04:00
0,0,0,0,0,0,2019-06-11 15:21:23-04:00
1,1,0,0,0,0,2019-06-11 15:55:30-04:00
0,0,0,0,0,0,2019-06-11 16:00:39-04:00
2,2,1,1,0,1,2019-06-14 11:14:29-04:00
1,1,1,1,0,1,2019-06-14 11:53:53-04:00
0,0,0,0,0,0,2019-06-18 00:17:25-04:00
1,2,1,1,0,1,2019-06-18 00:17:47-04:00
3,3,1,1,0,1,2019-06-18 12:23:08-04:00
7,10,4,3,1,2,2019-06-26 14:30:39-04:00
4,5,1,1,1,1,2019-06-28 15:49:52-04:00
2,4,2,2,0,1,2019-06-29 15:54:26-04:00
6,7,3,2,1,1,2019-07-02 13:05:59-04:00
0,0,0,0,0,0,2019-07-02 13:09:37-04:00
8,9,7,3,4,2,2019-07-17 11:13:11-04:00
6,8,3,2,2,1,2019-07-30 12:00:15-04:00
4,5,2,2,1,2,2019-08-06 09:24:57-04:00
3,3,1,1,0,1,2019-08-16 10:17:26-04:00
2,2,1,1,0,1,2019-08-20 15:55:29-04:00
5,6,3,2,2,1,2019-08-22 16:15:50-04:00
6,6,3,2,2,1,2019-09-06 11:22:29-04:00
2,4,1,1,1,1,2019-09-14 10:43:35-04:00
3,7,1,1,0,2,2019-09-19 14:02:38-04:00
3,1,0,0,0,0,2019-09-19 14:19:24-04:00
6,7,3,2,2,1,2019-09-20 09:46:49-04:00
4,4,2,0,1,0,2019-09-20 10:18:42-04:00
5,6,2,0,1,0,2019-09-20 16:01:54-04:00
3,4,2,1,1,1,2019-09-20 16:04:08-04:00
12,16,7,4,2,3,2019-09-26 01:08:41-04:00
6,5,3,1,1,1,2019-09-30 11:23:57-04:00
0,0,0,0,0,0,2019-09-30 11:25:27-04:00
3,4,2,1,1,0,2019-09-30 13:40:40-04:00
1,1,1,1,1,0,2019-09-30 20:40:26-04:00
8,11,4,2,1,2,2019-10-05 12:15:52-04:00
2,2,0,0,0,0,2019-10-05 14:24:14-04:00
1,1,0,0,0,0,2019-10-05 14:24:57-04:00
0,0,0,0,0,0,2019-10-05 14:31:36-04:00
1,1,0,0,0,0,2019-10-05 14:35:31-04:00
5,2,1,0,0,0,2019-10-05 20:32:02-04:00
0,0,0,0,0,0,2019-10-05 20:37:24-04:00
0,0,0,0,0,0,2019-10-05 20:40:56-04:00
1,0,0,0,0,0,2019-10-05 20:45:22-04:00
1,0,0,0,0,0,2019-10-05 20:46:19-04:00
1,0,0,0,0,0,2019-10-05 20:57:03-04:00
20,22,7,5,2,4,2019-10-05 21:05:19-04:00
26,26,7,6,3,4,2019-10-05 23:12:14-04:00
0,0,0,0,0,0,2019-10-05 23:13:22-04:00
0,0,0,0,0,0,2019-10-06 13:33:17-04:00
5,4,3,0,1,0,2019-10-06 13:34:03-04:00
3,2,2,0,1,0,2019-10-07 13:32:01-04:00
0,0,0,0,0,0,2019-10-07 13:59:47-04:00
1,1,1,0,1,0,2019-10-07 18:54:59-04:00
1,1,1,0,1,0,2019-10-07 21:30:49-04:00
1,0,0,0,0,0,2019-10-08 09:30:19-04:00
5,5,2,2,1,1,2019-10-09 11:51:47-04:00
0,0,0,0,0,0,2019-10-09 11:53:43-04:00
0,0,0,0,0,0,2019-10-09 11:55:57-04:00
0,0,0,0,0,0,2019-10-09 11:58:36-04:00
0,0,0,0,0,0,2019-10-09 11:58:58-04:00
0,0,0,0,0,0,2019-10-09 12:00:30-04:00
0,0,0,0,0,0,2019-10-09 12:03:23-04:00
3,4,2,2,0,2,2019-10-09 17:46:37-04:00
0,0,0,0,0,0,2019-10-09 17:50:37-04:00
1,1,1,1,0,1,2019-10-10 10:20:10-04:00
1,1,0,0,0,0,2019-10-28 09:31:18-04:00
1,2,2,2,0,2,2019-10-30 13:34:38-04:00
2,2,2,0,1,0,2019-11-01 10:44:39-04:00
1,0,0,0,0,0,2019-11-04 14:58:48-05:00
1,1,1,1,0,1,2019-11-13 12:29:12-05:00
5,4,4,2,1,1,2019-11-18 15:16:11-05:00
5,5,4,2,1,3,2019-11-21 11:18:07-05:00
0,0,0,0,0,0,2019-11-21 11:26:31-05:00
3,2,1,0,0,1,2019-11-24 11:42:15-05:00
0,1,1,1,0,1,2019-11-25 15:47:55-05:00
3,5,4,2,1,2,2019-12-03 10:56:38-05:00
1,3,2,2,0,2,2019-12-09 14:31:17-05:00
1,1,1,1,0,1,2019-12-09 14:54:56-05:00
0,0,0,0,0,0,2019-12-09 14:56:24-05:00
0,0,0,0,0,0,2019-12-09 14:58:06-05:00
2,5,2,1,1,1,2019-12-18 11:00:15-05:00
2,3,2,0,0,0,2019-12-19 14:06:44-05:00
2,2,2,0,1,0,2019-12-21 10:08:16-05:00
4,5,3,2,0,2,2019-12-24 18:00:47-05:00
1,2,1,0,0,0,2019-12-30 10:56:38-06:00
5,8,4,2,1,2,2020-01-07 21:48:22-05:00
1,3,0,1,0,1,2020-01-07 22:23:00-05:00
4,9,4,2,1,2,2020-01-08 13:57:54-05:00
2,2,2,0,0,0,2020-01-08 14:16:22-05:00
1,1,1,0,0,0,2020-01-10 11:36:35-05:00
2,2,2,1,0,0,2020-01-15 16:50:18-05:00
1,1,1,0,1,0,2020-01-15 16:51:25-05:00
2,4,2,2,0,2,2020-01-15 16:53:50-05:00
6,7,5,3,0,4,2020-01-15 17:42:38-05:00
1,0,0,0,0,0,2020-01-15 18:00:03-05:00
2,2,1,1,0,0,2020-01-15 18:21:13-05:00
1,0,0,0,0,0,2020-01-15 18:22:52-05:00
2,1,1,0,0,0,2020-01-16 09:56:46-05:00
2,1,1,0,0,0,2020-01-16 10:12:12-05:00
1,1,0,0,0,0,2020-01-16 10:25:33-05:00
1,1,1,0,1,0,2020-01-16 10:29:20-05:00
0,0,0,0,0,0,2020-01-16 10:39:21-05:00
1,3,2,2,0,2,2020-01-16 12:48:18-05:00
1,2,2,2,0,2,2020-01-16 13:38:27-05:00
0,0,0,0,0,0,2020-01-16 13:39:19-05:00
1,1,1,1,0,1,2020-01-16 14:22:15-05:00
2,3,2,0,0,0,2020-01-16 14:54:06-05:00
4,4,3,1,0,1,2020-01-17 11:09:38-05:00
0,0,0,0,0,0,2020-01-17 11:14:03-05:00
0,1,0,0,0,0,2020-01-17 11:25:11-05:00
2,2,2,0,0,0,2020-01-17 16:05:42-05:00
2,3,2,1,1,1,2020-01-17 16:06:35-05:00
1,0,0,0,0,0,2020-01-17 16:07:53-05:00
1,2,1,1,0,1,2020-01-17 16:31:38-05:00
1,1,1,0,0,0,2020-01-21 12:57:55-05:00
2,3,2,1,0,1,2020-01-21 12:58:13-05:00
2,1,1,1,0,1,2020-01-21 13:11:31-05:00
2,1,1,1,0,1,2020-01-21 14:24:05-05:00
1,3,2,1,0,1,2020-01-22 20:33:50-05:00
1,3,2,2,0,2,2020-01-23 14:13:24-05:00
1,0,0,0,0,0,2020-01-23 14:15:05-05:00
1,2,1,1,0,1,2020-01-23 22:49:36-05:00
1,1,1,1,0,0,2020-01-24 15:57:08-05:00
0,0,0,0,0,0,2020-01-24 15:58:16-05:00
5,8,4,2,1,2,2020-01-28 14:16:05-05:00
3,8,4,3,0,2,2020-01-31 14:56:54-05:00
0,0,0,0,0,0,2020-01-31 14:58:04-05:00
1,1,1,1,0,0,2020-01-31 14:59:11-05:00
1,0,0,0,0,0,2020-01-31 15:00:04-05:00
1,0,0,0,0,0,2020-01-31 15:00:50-05:00
1,1,1,1,0,0,2020-02-03 16:37:18-05:00
1,1,1,1,0,0,2020-02-03 16:38:33-05:00
1,0,0,0,0,0,2020-02-03 16:39:37-05:00
1,0,0,0,0,0,2020-02-03 16:41:26-05:00
1,0,0,0,0,0,2020-02-03 16:47:11-05:00
0,1,0,0,0,0,2020-02-03 16:49:40-05:00
0,0,0,0,0,0,2020-02-03 16:50:08-05:00
1,0,0,0,0,0,2020-02-03 16:50:54-05:00
0,1,0,0,0,0,2020-02-03 17:02:57-05:00
1,0,0,0,0,0,2020-02-03 17:03:40-05:00
0,1,0,0,0,0,2020-02-04 11:23:46-05:00
1,1,0,0,0,0,2020-02-04 13:32:39-05:00
0,1,1,1,0,1,2020-02-04 13:33:59-05:00
0,1,0,0,0,0,2020-02-04 14:24:25-05:00
2,5,3,3,0,2,2020-02-05 16:05:04-05:00
1,4,2,2,0,2,2020-02-06 13:22:49-05:00
0,0,0,0,0,0,2020-02-06 13:23:43-05:00
1,2,2,2,0,2,2020-02-06 16:12:12-05:00
1,1,1,0,0,0,2020-02-13 11:42:13-05:00
0,1,0,0,0,1,2020-02-13 11:42:45-05:00
0,0,0,0,0,0,2020-02-13 11:45:27-05:00
0,1,0,0,0,1,2020-02-13 14:37:18-05:00
0,1,0,0,0,1,2020-02-13 15:42:20-05:00
0,1,0,0,0,1,2020-02-14 11:16:44-05:00
1,1,1,0,1,0,2020-02-18 15:40:27-05:00
0,1,0,0,0,1,2020-02-18 15:41:05-05:00
0,0,0,0,0,0,2020-02-18 15:41:57-05:00
0,1,0,0,0,1,2020-02-20 12:58:21-05:00
0,1,0,1,0,1,2020-02-26 16:48:58-05:00
0,1,0,0,0,0,2020-02-27 11:14:23-05:00
0,0,0,0,0,0,2020-02-27 11:15:04-05:00
2,3,2,1,1,1,2020-02-27 11:45:26-05:00
0,0,0,0,0,0,2020-02-27 11:45:49-05:00
1,1,1,0,1,0,2020-02-27 12:18:28-05:00
0,0,0,0,0,0,2020-02-27 12:47:55-05:00
1,1,1,0,0,0,2020-02-28 12:20:12-05:00
0,0,0,0,0,0,2020-02-28 14:58:57-05:00
1,1,1,1,0,1,2020-02-28 17:25:30-05:00
1,0,0,0,0,0,2020-02-28 17:26:43-05:00
0,1,0,1,0,1,2020-03-01 21:19:27-05:00
2,4,2,2,1,2,2020-03-02 15:36:26-05:00
0,0,0,0,0,0,2020-03-02 15:38:42-05:00
1,0,0,0,0,0,2020-03-02 15:40:01-05:00
1,1,0,0,0,0,2020-03-02 17:16:57-05:00
1,0,0,0,0,0,2020-03-02 17:18:40-05:00
0,0,0,0,0,0,2020-03-03 10:20:43-05:00
0,1,0,1,0,1,2020-03-05 14:32:37-05:00
0,0,0,0,0,0,2020-03-05 14:34:38-05:00
0,0,0,0,0,0,2020-03-06 11:56:23-05:00
0,0,0,0,0,0,2020-03-06 12:13:25-05:00
0,1,0,1,0,1,2020-03-09 10:19:52-04:00
1,2,1,2,0,2,2020-03-10 17:51:35-04:00
1,1,0,1,0,1,2020-03-11 10:17:33-04:00
1,0,0,0,0,0,2020-03-11 10:19:16-04:00
2,5,0,2,1,2,2020-03-17 16:42:27-04:00
1,2,0,1,1,1,2020-03-21 11:53:06-04:00
15,24,9,7,2,7,2020-03-21 11:55:44-04:00
1,0,0,0,0,0,2020-03-21 11:57:24-04:00
0,0,0,0,0,0,2020-03-21 11:57:28-04:00
1,1,1,0,0,0,2020-03-21 12:34:36-04:00
1,0,0,0,0,0,2020-03-21 12:38:04-04:00
1,1,1,1,0,1,2020-03-26 19:17:48-04:00
2,1,1,1,0,1,2020-03-29 11:50:27-04:00
1,2,0,1,0,1,2020-04-02 22:04:09-04:00
1,0,0,0,0,0,2020-04-02 22:05:45-04:00
0,0,0,0,0,0,2020-04-06 21:39:36-04:00
3,3,2,1,1,1,2020-04-08 15:08:49-04:00
1,1,0,3,0,1,2020-04-09 20:59:35-04:00
1,0,0,0,0,0,2020-04-09 21:01:44-04:00
0,0,0,0,0,0,2020-04-29 14:16:31-04:00
2,1,1,0,1,0,2020-05-12 11:50:51-04:00
2,1,1,0,1,0,2020-05-12 12:27:27-04:00
2,1,1,0,1,0,2020-05-12 13:25:41-04:00
1,2,0,1,0,1,2020-05-25 19:05:37-04:00
1,0,0,0,0,0,2020-05-26 15:17:10-04:00
1,1,0,1,0,1,2020-05-26 21:32:21-04:00
0,0,0,0,0,0,2020-05-26 21:36:36-04:00
1,1,0,1,0,1,2020-05-27 15:47:05-04:00
0,0,0,0,0,0,2020-05-27 15:49:42-04:00
1,1,0,1,0,1,2020-05-27 17:42:44-04:00
1,1,0,1,0,1,2020-05-28 13:26:40-04:00
1,0,0,0,0,0,2020-05-29 14:07:41-04:00
2,2,1,1,1,1,2020-05-29 15:20:27-04:00
0,0,0,0,0,0,2020-05-29 21:14:18-04:00
1,1,1,0,1,0,2020-05-29 21:14:27-04:00
0,0,0,0,0,0,2020-05-29 21:14:47-04:00
0,0,0,0,0,0,2020-05-30 13:40:31-04:00
2,2,1,0,1,0,2020-06-04 20:22:19-04:00
1,2,0,1,0,1,2020-06-05 13:28:57-04:00
1,0,0,0,0,0,2020-06-05 13:29:42-04:00
2,2,0,1,0,1,2020-06-07 11:29:45-04:00
3,3,1,1,2,1,2020-06-10 09:28:51-04:00
1,1,0,1,0,1,2020-07-07 20:52:53-04:00
0,0,0,0,0,0,2020-07-07 20:53:33-04:00
0,0,0,0,0,0,2020-07-07 21:53:20-04:00
1,1,0,1,0,1,2020-07-07 21:53:35-04:00
0,0,0,0,0,0,2020-07-07 21:53:49-04:00
1,3,0,1,1,1,2020-07-22 14:07:43-04:00
1,0,0,0,0,0,2020-07-22 14:08:35-04:00
2,2,0,1,0,1,2020-07-23 12:41:49-04:00
2,1,0,1,0,1,2020-07-24 13:08:14-04:00
2,1,0,1,0,1,2020-07-24 13:11:10-04:00
2,1,0,1,0,1,2020-07-24 13:15:22-04:00
2,1,0,1,0,1,2020-07-24 17:50:02-04:00
2,1,0,1,0,1,2020-07-24 19:18:41-04:00
2,2,0,1,0,1,2020-07-24 20:58:06-04:00
2,2,0,1,0,1,2020-07-24 21:37:38-04:00
2,1,0,1,0,1,2020-07-25 13:43:43-04:00
2,1,0,1,0,1,2020-07-26 12:56:17-04:00
2,1,0,1,0,1,2020-07-26 18:16:08-04:00
2,2,0,1,0,1,2020-07-26 18:50:53-04:00
1,2,0,1,0,1,2020-08-03 12:54:40-04:00
1,0,0,0,0,0,2020-08-03 13:01:30-04:00
1,3,0,1,1,1,2020-08-12 14:05:16-04:00
1,0,0,0,0,0,2020-08-12 14:05:26-04:00
1,3,0,1,1,1,2020-08-24 23:52:19-04:00
2,4,1,1,2,1,2020-08-27 14:04:03-04:00
1,0,0,0,0,0,2020-08-27 14:07:03-04:00
1,1,0,1,0,1,2020-08-27 14:42:35-04:00
1,2,0,1,0,1,2020-09-10 18:05:18-04:00
1,0,0,0,0,0,2020-09-10 18:06:05-04:00
0,1,0,0,0,0,2020-09-11 01:02:08-04:00
1,0,0,0,0,0,2020-09-11 01:03:06-04:00
2,1,0,1,0,1,2020-09-14 13:42:39-04:00
1,2,0,1,0,1,2020-10-09 13:26:14-04:00
1,0,0,0,0,0,2020-11-10 21:44:50-05:00
2,1,0,2,0,1,2020-11-11 15:18:19-05:00
0,1,0,2,1,0,2020-11-12 20:01:18-05:00
2,1,0,1,0,1,2020-12-14 13:51:52-05:00
2,4,2,2,0,2,2020-12-19 15:13:44-05:00
1,1,0,0,0,0,2020-12-19 20:22:11-05:00
2,1,1,1,0,1,2020-12-19 20:27:30-05:00
1,1,0,0,0,0,2020-12-19 20:31:31-05:00
2,2,1,1,0,1,2020-12-19 22:17:32-05:00
0,0,0,0,0,0,2020-12-30 22:58:43-05:00
0,0,0,0,0,0,2020-12-30 23:04:02-05:00
0,0,0,0,0,0,2020-12-31 00:43:11-05:00
0,0,0,0,0,0,2021-01-11 01:09:36-05:00
0,0,0,0,0,0,2021-01-11 01:10:22-05:00
2,1,0,1,0,1,2021-01-21 13:48:13-05:00
1,1,0,1,0,1,2021-01-21 14:38:40-05:00
1,0,0,0,0,0,2021-02-02 00:09:33-05:00
2,1,0,1,0,1,2021-03-06 14:47:46-05:00
2,1,0,1,0,1,2021-03-06 15:10:56-05:00
2,1,0,1,0,1,2021-03-06 15:28:42-05:00
2,1,0,1,0,1,2021-03-19 16:05:16-04:00
2,2,0,1,0,1,2021-04-07 17:16:50-04:00
2,2,2,2,1,0,2021-08-02 21:43:05-04:00
1,0,0,0,0,0,2021-08-02 21:46:10-04:00
0,0,0,0,0,0,2021-08-03 10:52:31-04:00
2,1,1,0,0,0,2021-08-05 13:37:41-04:00
0,0,0,0,0,0,2021-08-05 13:43:35-04:00
1,1,1,0,0,0,2021-08-05 15:30:09-04:00
1,0,0,0,0,0,2021-08-05 15:31:01-04:00
0,0,0,0,0,0,2021-08-06 09:06:48-04:00
1,1,1,0,0,0,2021-08-06 09:55:48-04:00
3,3,2,1,1,1,2021-08-08 12:05:53-04:00
1,0,0,0,0,0,2021-08-08 12:08:06-04:00
0,0,0,2,0,0,2021-08-09 11:21:58-05:00
1,1,1,0,1,0,2021-08-09 22:50:01-04:00
1,0,0,0,0,0,2021-08-09 22:50:49-04:00
2,1,1,0,0,0,2021-08-10 16:30:53-04:00
5,3,3,0,1,0,2021-08-11 23:51:54-04:00
2,1,1,0,0,0,2021-08-12 00:01:44-04:00
2,1,1,0,0,0,2021-08-13 14:55:45-04:00
0,0,0,0,0,0,2021-08-19 13:16:28-04:00
1,1,0,1,0,1,2021-08-19 14:22:21-04:00
1,0,0,0,0,0,2021-08-19 14:23:07-04:00
2,1,0,1,0,1,2021-08-19 14:39:09-04:00
2,1,0,1,0,1,2021-08-19 14:52:19-04:00
1,0,0,0,0,0,2021-08-19 15:37:30-04:00
2,2,0,3,0,1,2021-08-26 01:24:25-04:00
2,1,0,1,0,1,2021-08-26 17:08:05-04:00
2,1,0,1,0,1,2021-08-26 17:11:59-04:00
2,1,1,0,0,0,2021-08-30 11:12:01-04:00
2,1,0,1,0,1,2021-08-31 12:42:53-04:00
2,1,1,0,1,0,2021-09-02 17:03:30-04:00
2,1,1,0,1,0,2021-09-04 10:41:19-04:00
2,1,1,0,1,0,2021-09-06 10:39:00-04:00
2,1,0,0,0,0,2021-10-07 11:12:21-04:00
2,0,0,0,0,0,2021-10-07 11:15:55-04:00
1,1,0,0,0,0,2021-10-07 11:23:54-04:00
0,0,0,0,0,0,2021-10-07 12:09:47-04:00
1,0,0,0,0,0,2021-10-07 12:10:26-04:00
0,0,0,0,0,0,2021-10-21 12:27:34-04:00
3,2,2,1,0,1,2021-10-28 17:23:48-04:00
0,0,0,0,0,0,2021-11-12 10:37:52-05:00
0,0,0,0,0,0,2021-11-12 11:53:54-05:00
0,0,0,0,0,0,2021-11-12 16:54:18+00:00
0,0,0,0,0,0,2021-11-12 11:54:26-05:00
1,0,0,0,0,0,2021-11-12 11:57:25-05:00
1,1,1,1,0,1,2021-11-18 14:01:34-05:00
0,0,0,0,0,0,2021-11-18 14:17:32-05:00
0,0,0,0,0,0,2021-11-18 14:17:47-05:00
1,0,0,0,0,0,2021-11-18 14:18:46-05:00
0,0,0,0,0,0,2022-02-10 14:26:01-05:00
0,0,0,0,0,0,2022-02-10 15:04:24-05:00
2,3,2,0,0,0,2022-03-02 16:32:47-05:00
2,2,2,0,0,0,2022-03-02 16:57:30-05:00
1,1,1,0,0,0,2022-03-02 17:05:42-05:00
0,1,0,0,0,0,2022-03-02 17:07:33-05:00
0,0,0,0,0,0,2022-03-02 17:09:14-05:00
0,1,0,0,0,0,2022-03-03 09:59:57-05:00
0,0,0,0,0,0,2022-03-03 10:04:09-05:00
3,3,2,0,1,0,2022-05-03 11:15:04-04:00
0,0,0,0,0,0,2022-05-03 11:31:16-04:00
