Acquisition,Preparation,Modeling,Training,Evaluation,Prediction,time
0,0,0,0,0,0,2016-11-18 23:13:58+01:00
0,0,0,0,0,0,2016-11-18 23:14:24+01:00
1,2,2,0,0,0,2016-11-19 20:13:25+01:00
0,2,0,0,0,0,2016-11-22 11:34:01+01:00
0,0,1,0,0,0,2016-11-22 11:34:08+01:00
1,3,1,0,0,0,2016-11-23 09:45:18+01:00
0,2,1,0,0,0,2016-11-23 14:16:28+01:00
0,1,0,0,0,0,2016-11-23 14:24:38+01:00
0,0,0,0,0,0,2016-11-23 15:45:19+01:00
0,0,0,0,0,0,2016-11-24 11:29:31+01:00
2,0,2,0,0,0,2016-11-24 17:30:34+01:00
1,0,1,0,0,0,2016-11-24 17:50:19+01:00
0,1,1,0,0,0,2016-11-24 17:51:13+01:00
0,0,1,0,0,0,2016-11-24 18:00:26+01:00
2,0,2,0,0,0,2016-11-25 12:55:28+01:00
0,0,0,0,0,0,2016-11-25 13:16:44+01:00
0,0,0,0,0,0,2016-11-25 14:55:54+01:00
1,1,1,0,0,0,2016-11-25 14:55:59+01:00
2,1,2,0,0,0,2016-11-25 15:54:33+01:00
0,2,1,0,0,0,2016-11-25 16:27:49+01:00
0,1,0,0,0,0,2016-11-25 16:35:34+01:00
0,1,1,0,0,0,2016-11-29 17:09:22+01:00
0,1,1,0,0,0,2016-12-01 08:12:02+01:00
1,1,1,0,0,0,2016-12-02 12:19:02+01:00
0,1,1,0,0,0,2016-12-02 19:20:33+01:00
0,1,1,0,0,0,2016-12-02 23:25:36+01:00
0,1,1,0,0,0,2016-12-02 23:51:09+01:00
1,1,1,0,0,0,2016-12-06 16:05:45+01:00
1,1,1,0,0,0,2016-12-06 16:54:07+01:00
0,0,0,0,0,0,2016-12-06 17:21:44+01:00
0,0,0,0,0,0,2016-12-06 17:25:36+01:00
1,0,1,0,0,0,2016-12-07 13:47:40+01:00
0,1,0,0,0,0,2016-12-07 16:04:17+01:00
1,0,1,0,0,0,2016-12-07 16:05:08+01:00
1,2,1,0,0,0,2016-12-07 17:45:57+01:00
1,1,1,0,0,0,2016-12-07 17:59:49+01:00
0,1,0,0,0,0,2016-12-08 08:05:46+01:00
1,1,1,0,0,0,2016-12-08 08:06:17+01:00
0,0,0,0,0,0,2016-12-08 08:06:34+01:00
1,2,1,0,0,0,2016-12-08 15:17:56+01:00
1,5,1,0,0,0,2016-12-08 17:11:28+01:00
0,0,0,0,0,0,2016-12-08 17:37:37+01:00
0,0,0,0,0,0,2016-12-08 17:37:57+01:00
0,1,0,0,0,0,2016-12-09 10:41:55+01:00
0,1,0,0,0,0,2016-12-09 14:11:13+01:00
1,0,1,0,0,0,2016-12-09 19:18:43+01:00
0,1,0,0,0,0,2016-12-09 19:18:58+01:00
0,1,0,0,0,0,2016-12-12 12:00:46+01:00
0,0,0,0,0,0,2016-12-12 15:40:39+01:00
2,6,3,0,0,0,2016-12-14 16:14:19+01:00
1,0,0,0,0,0,2016-12-14 17:39:25+01:00
1,0,0,0,0,0,2016-12-14 18:23:42+01:00
0,0,0,0,0,0,2016-12-14 18:27:04+01:00
1,0,0,0,0,0,2016-12-14 18:29:57+01:00
0,0,0,0,0,0,2016-12-14 18:40:37+01:00
0,0,0,0,0,0,2016-12-14 18:41:56+01:00
0,0,0,0,0,0,2016-12-15 08:15:08+01:00
0,0,0,0,0,0,2016-12-15 15:42:53+01:00
0,0,0,0,0,0,2016-12-15 15:44:14+01:00
0,0,0,0,0,0,2016-12-16 16:51:18+01:00
1,4,1,0,0,0,2016-12-17 17:48:29+01:00
0,2,0,0,0,0,2016-12-18 22:07:36+01:00
0,1,0,0,0,0,2016-12-19 11:48:38+01:00
0,1,0,0,0,0,2016-12-19 15:15:28+01:00
0,1,0,0,0,0,2016-12-19 15:15:51+01:00
0,1,1,0,0,0,2016-12-19 15:40:12+01:00
0,2,1,0,0,0,2016-12-21 01:00:46+01:00
0,0,0,0,0,0,2016-12-23 09:25:16+01:00
1,1,1,0,0,0,2016-12-23 09:25:35+01:00
0,1,0,0,0,0,2016-12-23 09:25:46+01:00
0,0,0,0,0,0,2016-12-23 09:27:11+01:00
0,0,0,0,0,0,2016-12-23 09:28:13+01:00
0,1,0,0,0,0,2016-12-23 10:47:03+01:00
0,1,1,0,0,0,2016-12-23 10:47:24+01:00
0,1,1,0,0,0,2016-12-25 11:55:50+01:00
0,1,0,0,0,0,2016-12-25 11:56:06+01:00
0,0,0,0,0,0,2016-12-25 12:01:16+01:00
2,7,3,0,0,0,2016-12-25 14:25:37+01:00
1,0,1,0,0,0,2016-12-25 15:35:40+01:00
1,3,1,0,0,0,2016-12-25 15:59:40+01:00
0,1,0,0,0,0,2016-12-25 21:53:20+01:00
0,1,0,0,0,0,2016-12-25 21:53:39+01:00
1,0,1,0,0,0,2016-12-25 22:02:34+01:00
0,1,0,0,0,0,2016-12-25 22:02:46+01:00
1,2,1,0,0,0,2016-12-25 22:09:09+01:00
0,1,0,0,0,0,2016-12-25 22:13:47+01:00
0,1,0,0,0,0,2016-12-25 22:24:49+01:00
0,1,0,0,0,0,2016-12-25 22:26:17+01:00
1,1,1,0,0,0,2016-12-27 11:33:59+01:00
0,1,0,0,0,0,2016-12-27 11:35:51+01:00
0,2,0,0,0,0,2016-12-27 11:36:13+01:00
1,1,1,0,0,0,2016-12-27 12:40:58+01:00
0,0,0,0,0,0,2016-12-27 12:41:08+01:00
1,1,1,0,0,0,2016-12-27 16:47:42+01:00
0,1,0,0,0,0,2016-12-27 16:48:36+01:00
1,1,1,0,0,0,2016-12-30 10:57:21+01:00
1,3,1,0,0,0,2016-12-30 10:57:33+01:00
1,1,1,0,0,0,2016-12-30 12:27:59+01:00
1,1,1,0,0,0,2017-01-16 17:27:59+01:00
1,1,0,0,0,0,2017-01-16 17:28:14+01:00
0,1,0,0,0,0,2017-01-16 18:10:16+01:00
0,1,0,0,0,0,2017-01-16 18:10:42+01:00
1,4,1,0,0,0,2017-01-16 18:18:21+01:00
0,1,0,0,0,0,2017-01-16 18:19:26+01:00
0,0,0,0,0,0,2017-01-16 18:19:52+01:00
1,1,0,0,0,0,2017-01-16 18:30:00+01:00
0,0,0,0,0,0,2017-01-16 18:30:43+01:00
1,2,0,0,0,0,2017-01-16 19:32:30+01:00
0,0,0,0,0,0,2017-01-16 19:33:43+01:00
1,1,0,0,0,0,2017-01-16 23:36:02+01:00
0,0,0,0,0,0,2017-01-16 23:36:36+01:00
1,1,0,0,0,0,2017-01-17 12:26:19+01:00
0,0,1,0,0,0,2017-01-18 12:45:25+01:00
0,0,0,0,0,0,2017-01-18 12:46:29+01:00
0,0,0,0,0,0,2017-01-18 12:46:47+01:00
0,1,0,0,0,0,2017-01-22 12:40:17+01:00
0,1,0,0,0,0,2017-01-23 13:43:25+01:00
1,1,2,0,0,0,2017-01-23 13:51:10+01:00
4,5,3,0,0,0,2017-01-23 14:56:22+01:00
4,5,2,0,0,0,2017-01-23 15:01:40+01:00
0,0,0,0,0,0,2017-01-26 12:25:34+01:00
0,0,0,0,0,0,2017-01-26 12:27:41+01:00
0,0,0,0,0,0,2017-01-26 12:28:40+01:00
0,0,0,0,0,0,2017-01-26 12:33:27+01:00
1,1,1,0,0,0,2017-02-07 17:07:19+01:00
1,1,1,0,0,0,2017-02-08 13:30:17+01:00
1,3,1,0,0,0,2017-02-08 16:19:34+01:00
0,2,0,0,0,0,2017-02-08 18:35:30+01:00
1,1,1,0,0,0,2017-02-08 18:45:32+01:00
0,2,0,0,0,0,2017-02-17 11:20:07+01:00
0,0,0,0,0,0,2017-02-17 11:34:52+01:00
0,0,0,0,0,0,2017-02-17 11:35:41+01:00
1,1,0,0,0,0,2017-02-17 12:08:35+01:00
0,1,0,0,0,0,2017-02-17 12:08:49+01:00
0,1,0,0,0,0,2017-02-17 12:26:10+01:00
0,1,0,0,0,0,2017-02-17 12:44:28+01:00
1,1,0,0,1,0,2017-02-17 15:37:04+01:00
1,1,0,0,1,0,2017-02-17 15:39:51+01:00
1,1,1,0,0,0,2017-02-21 16:58:35+01:00
0,0,0,0,0,0,2017-02-21 17:20:23+01:00
1,1,0,0,0,0,2017-02-22 14:45:27+01:00
0,3,1,0,0,0,2017-02-22 17:14:28+01:00
0,1,0,0,0,0,2017-02-22 17:25:43+01:00
0,1,0,0,0,0,2017-02-22 17:26:41+01:00
0,2,1,0,0,0,2017-02-22 17:35:46+01:00
0,0,0,0,0,0,2017-02-22 17:36:56+01:00
0,1,0,0,0,0,2017-02-22 17:40:42+01:00
0,1,0,0,0,0,2017-02-22 18:00:32+01:00
0,1,0,0,0,0,2017-02-22 18:02:46+01:00
0,0,0,0,0,0,2017-02-22 18:16:27+01:00
0,0,0,0,0,0,2017-02-22 18:17:21+01:00
0,1,0,0,0,0,2017-02-22 18:18:13+01:00
0,1,0,0,0,0,2017-02-23 11:34:56+01:00
0,1,1,0,0,0,2017-02-23 16:15:09+01:00
0,1,0,0,0,0,2017-02-23 17:15:08+01:00
1,1,0,0,1,0,2017-02-24 14:48:53+01:00
0,2,0,0,1,0,2017-02-24 15:08:01+01:00
0,2,0,0,1,0,2017-02-24 15:28:05+01:00
0,1,1,0,0,0,2017-02-24 15:58:41+01:00
0,1,0,0,1,0,2017-02-24 15:58:49+01:00
0,1,0,0,0,0,2017-02-24 16:10:34+01:00
0,1,0,0,0,0,2017-02-25 11:05:51+01:00
0,1,0,0,0,0,2017-02-25 17:48:34+01:00
1,0,0,0,0,0,2017-02-27 11:38:29+01:00
0,1,0,0,0,0,2017-02-27 11:51:56+01:00
0,0,0,0,0,0,2017-02-27 11:53:32+01:00
0,1,1,0,0,0,2017-02-28 08:42:30+01:00
0,1,0,0,0,0,2017-02-28 12:26:56+01:00
0,0,0,0,0,0,2017-02-28 12:27:44+01:00
0,0,0,0,0,0,2017-02-28 14:44:16+01:00
1,7,2,0,0,0,2017-02-28 17:00:50+01:00
0,2,2,0,0,0,2017-03-01 10:39:54+01:00
0,1,0,0,0,0,2017-03-01 10:56:17+01:00
0,1,0,0,0,0,2017-03-01 10:57:25+01:00
0,2,0,0,0,0,2017-03-02 07:23:05+01:00
0,3,1,0,0,0,2017-03-02 13:22:51+01:00
0,0,0,0,0,0,2017-03-02 13:25:09+01:00
0,3,1,0,0,0,2017-03-03 14:10:19+01:00
0,0,0,0,0,0,2017-03-03 17:31:10+01:00
0,0,0,0,0,0,2017-03-03 17:42:54+01:00
0,0,0,0,0,0,2017-03-03 17:43:19+01:00
0,1,0,0,0,0,2017-03-03 18:25:21+01:00
0,0,0,0,0,0,2017-03-06 09:26:53+01:00
2,2,1,0,0,0,2017-03-06 17:07:02+01:00
0,0,0,0,0,0,2017-03-06 17:07:17+01:00
0,1,0,0,0,0,2017-03-06 17:07:35+01:00
0,0,0,0,0,0,2017-03-06 17:08:01+01:00
0,0,0,0,0,0,2017-03-06 17:46:18+01:00
0,2,0,0,0,0,2017-03-06 17:46:25+01:00
0,0,0,0,0,0,2017-03-07 09:52:44+01:00
0,0,0,0,0,0,2017-03-07 09:55:40+01:00
0,2,0,0,0,0,2017-03-07 09:55:48+01:00
0,0,0,0,0,0,2017-03-07 18:09:16+01:00
0,2,0,0,0,0,2017-03-07 18:10:06+01:00
1,8,2,0,0,0,2017-03-07 18:34:09+01:00
1,5,1,0,0,0,2017-03-07 18:40:57+01:00
1,1,1,0,0,0,2017-03-08 11:37:47+01:00
0,0,0,0,0,0,2017-03-08 11:38:52+01:00
1,1,1,0,0,0,2017-03-08 12:32:42+01:00
1,0,0,0,0,0,2017-03-08 15:11:53+01:00
1,1,1,0,0,0,2017-03-08 16:55:38+01:00
1,1,1,0,0,0,2017-03-08 17:00:31+01:00
0,0,0,0,0,0,2017-03-08 17:15:06+01:00
0,0,0,0,0,0,2017-03-09 15:24:50+01:00
1,1,1,0,0,0,2017-03-09 15:24:58+01:00
0,1,0,0,0,0,2017-03-13 13:50:41+01:00
0,1,1,0,0,0,2017-03-14 15:21:17+01:00
1,2,1,0,0,0,2017-03-14 15:21:22+01:00
0,0,0,0,0,0,2017-03-14 15:22:26+01:00
0,2,0,0,0,0,2017-03-20 17:30:04+01:00
0,0,0,0,0,0,2017-03-20 17:30:57+01:00
0,1,0,0,0,0,2017-03-21 12:09:16+01:00
0,1,0,0,0,0,2017-03-21 12:48:34+01:00
0,1,0,0,0,0,2017-03-22 08:07:14+01:00
2,2,0,0,0,0,2017-03-22 12:15:46+01:00
1,1,0,0,0,0,2017-03-22 12:25:58+01:00
0,0,0,0,0,0,2017-03-22 12:28:39+01:00
0,1,0,0,0,0,2017-03-29 11:54:36+02:00
0,0,0,0,0,0,2017-03-29 12:36:21+02:00
0,1,0,0,0,0,2017-03-29 13:48:48+02:00
0,1,0,0,0,0,2017-03-29 16:48:01+02:00
0,1,0,0,0,0,2017-03-29 18:50:01+02:00
0,0,0,0,0,0,2017-03-29 18:51:26+02:00
0,1,0,0,0,0,2017-04-11 17:09:21+02:00
0,0,0,0,0,0,2017-04-11 17:15:37+02:00
0,1,0,0,0,0,2017-04-27 14:46:03+02:00
0,1,0,0,0,0,2017-04-27 15:04:12+02:00
1,0,0,0,0,0,2017-05-02 12:36:54+02:00
0,0,0,0,0,0,2017-05-02 13:27:22+02:00
1,0,0,0,0,0,2017-05-02 16:28:18+02:00
0,0,0,0,0,0,2017-05-02 16:35:50+02:00
0,1,0,0,0,0,2017-05-05 15:02:35+02:00
0,0,0,0,0,0,2017-05-05 15:05:48+02:00
1,0,0,0,0,0,2017-05-05 15:06:19+02:00
0,0,0,0,0,0,2017-05-05 15:06:57+02:00
1,0,0,0,0,0,2017-05-09 16:14:02+02:00
0,0,0,0,0,0,2017-05-09 16:15:10+02:00
1,2,1,0,0,0,2017-06-19 13:25:16+02:00
1,0,0,0,0,0,2017-06-19 15:48:12+02:00
1,1,1,0,0,0,2017-06-19 15:56:14+02:00
0,0,0,0,0,0,2017-06-19 15:57:12+02:00
0,1,0,0,0,0,2017-06-19 16:04:26+02:00
1,1,1,0,0,0,2017-06-19 16:31:30+02:00
1,2,1,0,0,0,2017-06-19 17:10:48+02:00
1,1,1,0,0,0,2017-06-19 17:15:40+02:00
1,1,1,0,0,0,2017-06-19 17:17:43+02:00
1,2,1,0,0,0,2017-06-19 17:30:58+02:00
1,1,1,0,0,0,2017-06-19 17:33:25+02:00
1,1,1,0,0,0,2017-06-19 18:00:15+02:00
1,1,1,0,0,0,2017-06-20 09:57:48+02:00
1,1,1,0,0,0,2017-06-20 10:13:29+02:00
1,1,1,0,0,0,2017-06-20 14:11:19+02:00
1,1,1,0,0,0,2017-06-20 14:55:35+02:00
1,1,1,0,0,0,2017-06-20 14:56:08+02:00
1,1,1,0,0,0,2017-06-20 14:59:11+02:00
0,1,0,0,0,0,2017-06-20 16:06:49+02:00
1,2,1,0,0,0,2017-06-20 16:14:59+02:00
1,1,1,0,0,0,2017-06-20 16:22:48+02:00
1,1,1,0,0,0,2017-06-20 16:42:39+02:00
1,0,0,0,0,0,2017-06-20 16:45:21+02:00
0,0,0,0,0,0,2017-06-20 16:48:57+02:00
0,0,0,0,0,0,2017-06-20 16:51:31+02:00
0,1,0,0,0,0,2017-09-13 16:47:07+02:00
0,1,0,0,0,0,2017-09-13 16:47:21+02:00
0,1,0,0,0,0,2017-09-13 16:57:48+02:00
0,2,0,0,0,0,2017-09-13 17:12:02+02:00
0,1,0,0,0,0,2017-09-13 17:45:40+02:00
1,1,1,0,0,0,2017-09-13 17:45:55+02:00
1,1,1,0,0,0,2017-09-13 23:52:18+02:00
1,1,1,0,0,0,2017-09-14 00:14:13+02:00
1,3,1,0,0,0,2017-09-27 12:25:50+02:00
1,0,1,0,0,0,2017-11-07 10:25:48+01:00
0,0,0,0,0,0,2017-11-07 10:32:29+01:00
2,2,1,0,0,0,2017-11-15 09:56:51+01:00
1,0,0,0,0,0,2017-11-15 09:58:04+01:00
0,0,0,0,0,0,2017-11-15 09:58:37+01:00
1,0,0,0,0,0,2017-11-15 11:02:59+01:00
0,0,0,0,0,0,2017-11-15 11:03:31+01:00
1,1,0,0,0,0,2018-03-10 16:34:33+01:00
2,2,1,0,0,0,2018-03-10 17:00:05+01:00
0,2,0,0,0,0,2018-03-10 17:15:20+01:00
0,1,0,0,0,0,2018-03-12 09:11:41+01:00
0,2,0,0,0,0,2018-03-12 10:17:12+01:00
0,1,0,0,0,0,2018-03-12 22:57:36+01:00
0,1,0,0,0,0,2018-03-12 23:21:27+01:00
1,2,1,0,0,0,2018-03-12 23:25:18+01:00
0,1,0,0,0,0,2018-03-12 23:28:33+01:00
1,0,0,0,0,0,2018-03-12 23:30:31+01:00
0,1,0,0,0,0,2018-03-12 23:33:54+01:00
0,1,0,0,0,0,2018-03-12 23:41:19+01:00
0,1,0,0,0,0,2018-03-12 23:46:06+01:00
1,1,1,0,0,0,2018-03-12 23:56:28+01:00
0,0,0,0,0,0,2018-03-13 00:02:45+01:00
0,1,0,0,0,0,2018-03-13 00:03:34+01:00
0,1,0,0,0,0,2018-03-13 00:05:28+01:00
1,3,1,0,0,0,2018-03-13 00:38:08+01:00
0,1,0,0,0,0,2018-03-13 00:42:20+01:00
0,1,0,0,0,0,2018-03-13 00:43:32+01:00
0,1,0,0,0,0,2018-03-13 01:08:45+01:00
0,1,0,0,0,0,2018-03-13 01:10:29+01:00
0,1,0,0,0,0,2018-03-13 01:39:50+01:00
0,1,0,0,0,0,2018-03-13 07:37:25+01:00
0,1,0,0,0,0,2018-03-14 12:36:25+01:00
0,0,0,0,0,0,2018-03-14 12:40:31+01:00
