Acquisition,Preparation,Modeling,Training,Evaluation,Prediction,time
0,0,0,0,0,0,2018-11-27 16:20:06-05:00
0,0,0,0,0,0,2018-11-27 16:22:51-05:00
0,0,0,0,0,0,2018-11-27 16:27:58-05:00
0,0,0,0,0,0,2018-12-02 14:15:50-05:00
0,0,0,0,0,0,2018-12-02 15:26:36-05:00
0,0,0,0,0,0,2018-12-02 15:30:24-05:00
0,0,0,0,0,0,2018-12-02 16:53:38-05:00
0,0,0,0,0,0,2018-12-02 18:35:48-05:00
0,0,0,0,0,0,2018-12-02 20:50:04-05:00
0,0,0,0,0,0,2018-12-02 21:37:08-05:00
0,0,0,0,0,0,2018-12-06 16:21:10-05:00
0,0,0,0,0,0,2018-12-06 20:08:53-05:00
0,0,0,0,0,0,2018-12-08 13:40:37-05:00
0,0,0,0,0,0,2018-12-08 13:58:12-05:00
0,0,0,0,0,0,2018-12-08 14:05:44-05:00
0,0,0,0,0,0,2018-12-08 14:06:19-05:00
0,0,0,0,0,0,2018-12-08 14:21:17-05:00
0,0,0,0,0,0,2018-12-08 14:47:33-05:00
0,0,0,0,0,0,2018-12-08 15:31:44-05:00
0,0,0,0,0,0,2018-12-08 16:59:30-05:00
0,0,0,0,0,0,2018-12-08 23:26:30-05:00
0,0,0,0,0,0,2018-12-09 00:39:39-05:00
0,0,0,0,0,0,2018-12-09 00:47:14-05:00
0,0,0,0,0,0,2018-12-09 00:54:04-05:00
0,0,0,0,0,0,2018-12-09 00:55:04-05:00
0,0,0,0,0,0,2018-12-09 00:55:19-05:00
0,0,0,0,0,0,2018-12-09 10:28:27-05:00
0,0,0,0,0,0,2018-12-09 11:08:14-05:00
0,0,0,0,0,0,2018-12-09 11:08:54-05:00
0,0,0,0,0,0,2018-12-09 11:12:35-05:00
0,0,0,0,0,0,2018-12-09 11:20:17-05:00
0,0,0,0,0,0,2018-12-09 12:55:36-05:00
1,1,0,0,0,0,2018-12-09 15:46:32-05:00
1,1,0,0,0,0,2018-12-09 16:00:06-05:00
1,1,0,0,0,0,2018-12-09 16:09:08-05:00
1,2,0,0,0,0,2018-12-09 16:13:20-05:00
1,1,0,0,0,0,2018-12-09 16:43:20-05:00
0,0,0,0,0,0,2018-12-09 16:45:01-05:00
1,0,0,0,0,0,2018-12-09 16:51:44-05:00
0,0,0,0,0,0,2018-12-09 16:55:35-05:00
0,1,0,0,0,0,2018-12-09 17:00:22-05:00
1,0,0,0,0,0,2018-12-09 17:09:17-05:00
1,0,0,0,0,0,2018-12-09 17:18:36-05:00
1,0,0,0,0,0,2018-12-09 17:48:53-05:00
0,0,0,0,0,0,2018-12-09 18:03:39-05:00
0,0,0,0,0,0,2018-12-09 18:33:58-05:00
1,1,0,0,0,0,2018-12-09 18:34:26-05:00
1,0,0,0,0,0,2018-12-09 18:41:12-05:00
1,0,0,0,0,0,2018-12-09 19:08:02-05:00
0,0,0,0,0,0,2018-12-09 20:37:32-05:00
0,0,0,0,0,0,2018-12-09 20:37:39-05:00
1,0,0,0,0,0,2018-12-09 20:39:09-05:00
0,0,0,0,0,0,2018-12-09 20:51:19-05:00
1,0,0,0,0,0,2018-12-09 21:45:29-05:00
0,0,0,0,0,0,2018-12-09 21:45:42-05:00
0,0,0,0,0,0,2018-12-09 21:52:37-05:00
1,0,0,0,0,0,2018-12-09 22:02:11-05:00
1,0,0,0,0,0,2018-12-09 22:32:27-05:00
0,0,0,0,0,0,2018-12-09 22:38:55-05:00
0,0,0,0,0,0,2018-12-09 23:39:18-05:00
0,0,0,0,0,0,2018-12-09 23:41:30-05:00
0,0,0,0,0,0,2018-12-09 23:43:21-05:00
2,0,0,0,0,0,2018-12-10 14:00:43-05:00
1,0,0,0,0,0,2018-12-10 15:07:43-05:00
2,0,0,0,0,0,2018-12-10 17:30:26-05:00
0,0,0,0,0,0,2018-12-11 17:17:41-05:00
1,0,0,0,0,0,2018-12-11 20:07:45-05:00
0,0,0,0,0,0,2018-12-11 20:41:01-05:00
0,1,0,0,0,0,2018-12-11 20:50:41-05:00
1,0,0,0,0,0,2018-12-11 20:51:25-05:00
0,0,0,0,0,0,2018-12-11 21:16:06-05:00
1,0,0,0,0,0,2018-12-11 21:51:35-05:00
0,0,0,0,0,0,2018-12-12 09:35:24-05:00
1,0,0,0,0,0,2018-12-12 14:50:02-05:00
1,0,0,0,0,0,2018-12-12 15:17:48-05:00
1,0,0,0,0,0,2018-12-12 15:42:13-05:00
2,2,1,0,0,0,2018-12-12 15:59:06-05:00
1,0,0,0,0,0,2018-12-12 17:17:57-05:00
1,0,0,0,0,0,2018-12-12 17:46:34-05:00
1,0,0,0,0,0,2018-12-12 18:23:14-05:00
0,0,0,0,0,0,2018-12-12 18:43:20-05:00
1,0,0,0,0,0,2018-12-12 18:45:59-05:00
0,0,0,0,0,0,2018-12-12 19:56:50-05:00
2,0,0,0,0,0,2018-12-12 19:57:15-05:00
0,0,0,0,0,0,2018-12-12 19:57:42-05:00
0,0,0,0,0,0,2018-12-12 21:00:22-05:00
0,0,0,0,0,0,2018-12-12 21:04:55-05:00
1,0,0,0,0,0,2018-12-12 21:24:07-05:00
1,0,0,0,0,0,2018-12-12 21:24:47-05:00
0,0,0,0,0,0,2018-12-12 21:24:58-05:00
0,0,0,0,0,0,2018-12-12 21:44:53-05:00
0,0,0,0,0,0,2018-12-12 21:50:14-05:00
0,0,0,0,0,0,2018-12-12 21:53:04-05:00
1,0,0,0,0,0,2018-12-12 22:01:25-05:00
0,0,0,0,0,0,2018-12-12 22:10:58-05:00
1,0,0,0,0,0,2018-12-12 22:24:22-05:00
1,0,0,0,0,0,2018-12-12 22:39:17-05:00
0,0,0,0,0,0,2018-12-12 23:57:49-05:00
1,0,0,0,0,0,2018-12-13 00:27:47-05:00
1,0,0,0,0,0,2018-12-13 01:14:48-05:00
0,0,0,0,0,0,2018-12-13 02:12:29-05:00
1,1,0,0,0,0,2018-12-13 02:31:09-05:00
1,0,0,0,0,0,2018-12-13 02:36:14-05:00
1,1,0,0,0,0,2018-12-13 03:12:06-05:00
0,0,0,0,0,0,2018-12-13 03:26:49-05:00
0,1,0,0,0,0,2018-12-13 03:42:20-05:00
0,1,0,0,0,0,2018-12-13 04:08:26-05:00
0,0,0,0,0,0,2018-12-13 11:08:31-05:00
0,0,0,0,0,0,2018-12-13 13:44:06-05:00
0,0,0,0,0,0,2018-12-13 13:45:14-05:00
1,0,0,0,0,0,2018-12-13 13:58:28-05:00
1,0,0,0,0,0,2018-12-13 14:08:32-05:00
0,0,0,0,0,0,2018-12-13 14:33:52-05:00
1,0,0,0,0,0,2018-12-13 15:33:36-05:00
1,0,0,0,0,0,2018-12-13 15:45:20-05:00
0,0,0,0,0,0,2018-12-13 15:45:51-05:00
1,0,0,0,0,0,2018-12-13 16:05:00-05:00
1,0,0,0,0,0,2018-12-13 16:24:49-05:00
0,0,0,0,0,0,2018-12-13 16:59:52-05:00
0,0,0,0,0,0,2018-12-13 17:13:16-05:00
0,0,0,0,0,0,2018-12-13 17:14:11-05:00
0,0,0,0,0,0,2018-12-13 18:15:27-05:00
0,0,0,0,0,0,2018-12-13 21:25:31-05:00
0,0,0,0,0,0,2018-12-13 21:28:51-05:00
0,0,0,0,0,0,2018-12-13 21:33:52-05:00
0,0,0,0,0,0,2018-12-13 22:36:01-05:00
0,0,0,0,0,0,2018-12-13 23:36:47-05:00
0,0,0,0,0,0,2018-12-13 23:38:19-05:00
0,0,0,0,0,0,2018-12-13 23:41:23-05:00
0,0,0,0,0,0,2018-12-13 23:42:11-05:00
0,1,0,0,0,0,2018-12-14 14:43:00-06:00
0,0,0,0,0,0,2018-12-14 15:17:26-06:00
0,0,0,0,0,0,2018-12-14 15:17:37-06:00
1,0,0,0,0,0,2018-12-14 18:48:51-05:00
0,0,0,0,0,0,2018-12-14 18:49:09-05:00
1,0,0,0,0,0,2018-12-14 19:16:21-05:00
2,1,0,0,0,0,2018-12-14 19:25:02-05:00
0,1,1,0,0,0,2018-12-14 19:26:03-05:00
0,1,0,0,0,0,2018-12-14 19:39:50-05:00
0,0,0,0,0,0,2018-12-14 19:55:02-05:00
0,0,0,0,0,0,2018-12-14 19:55:28-05:00
0,0,0,0,0,0,2018-12-14 20:07:01-05:00
0,0,0,0,0,0,2018-12-14 20:08:28-05:00
0,0,0,0,0,0,2018-12-14 20:27:42-05:00
0,0,0,0,0,0,2018-12-14 20:30:39-05:00
0,0,0,0,0,0,2018-12-14 20:34:16-05:00
0,0,0,0,0,0,2018-12-14 20:40:54-05:00
0,0,0,0,0,0,2018-12-14 20:41:04-05:00
0,0,0,0,0,0,2018-12-14 20:53:53-05:00
0,0,0,0,0,0,2018-12-14 20:56:58-05:00
0,0,0,0,0,0,2018-12-14 21:13:28-05:00
0,0,0,0,0,0,2018-12-14 21:23:21-05:00
0,0,0,0,0,0,2018-12-14 21:28:56-05:00
0,0,0,0,0,0,2018-12-14 21:37:40-05:00
0,0,0,0,0,0,2018-12-14 21:41:23-05:00
0,0,0,0,0,0,2018-12-14 21:43:10-05:00
0,0,0,0,0,0,2018-12-14 21:44:19-05:00
0,0,0,0,0,0,2018-12-14 22:26:50-05:00
0,0,0,0,0,0,2018-12-14 22:29:15-05:00
0,0,0,0,0,0,2018-12-14 22:44:05-05:00
0,0,0,0,0,0,2018-12-14 22:45:57-05:00
0,0,0,0,0,0,2018-12-14 22:58:32-05:00
0,0,0,0,0,0,2018-12-14 23:00:02-05:00
0,0,0,0,0,0,2018-12-14 23:13:47-05:00
0,0,0,0,0,0,2018-12-14 23:26:22-05:00
0,0,0,0,0,0,2018-12-14 23:42:21-05:00
0,0,0,0,0,0,2018-12-14 23:47:15-05:00
0,0,0,0,0,0,2018-12-14 23:47:41-05:00
0,0,0,0,0,0,2019-09-10 08:30:51+01:00
