Acquisition,Preparation,Modeling,Training,Evaluation,Prediction,time
0,0,0,0,0,0,2017-07-06 21:21:55+00:00
0,1,0,0,0,0,2018-01-11 12:27:29-05:00
0,1,0,0,0,0,2018-01-11 14:29:33-05:00
4,5,0,0,0,0,2018-01-11 14:37:39-05:00
2,3,0,0,0,0,2018-01-11 14:45:11-05:00
1,2,0,0,0,0,2018-01-11 14:53:14-05:00
0,0,0,0,0,0,2018-01-12 04:45:58+00:00
0,0,0,0,0,0,2018-01-12 04:46:15+00:00
0,0,0,0,0,0,2018-01-12 04:46:48+00:00
0,0,0,0,0,0,2018-01-12 04:47:11+00:00
4,2,0,0,0,0,2018-02-11 17:51:13-05:00
3,3,0,0,0,0,2018-02-11 21:09:32-05:00
0,0,0,0,0,0,2018-02-12 07:20:56-08:00
0,0,0,0,0,0,2018-02-12 18:19:35-05:00
0,0,0,0,0,0,2018-02-12 07:39:25-08:00
0,0,0,0,0,0,2018-02-13 00:25:32+00:00
0,0,0,0,0,0,2018-02-14 17:43:52-05:00
0,0,0,0,0,0,2018-02-17 19:41:22+00:00
0,0,0,0,0,0,2018-02-17 19:55:55+00:00
0,0,0,0,0,0,2018-02-18 00:19:55+00:00
0,0,0,0,0,0,2018-02-18 00:35:42+00:00
0,0,0,0,0,0,2018-02-18 15:47:46+00:00
0,0,0,0,0,0,2018-02-18 15:52:27+00:00
6,0,0,0,0,0,2018-02-19 01:29:26-05:00
0,0,0,0,0,0,2018-02-26 14:53:55+08:00
0,0,0,0,0,0,2018-02-27 14:52:49-08:00
0,0,0,0,0,0,2018-03-02 00:10:29-05:00
0,0,0,0,0,0,2018-03-07 09:42:55-08:00
0,1,0,0,0,0,2018-03-07 20:24:38-05:00
0,1,0,0,0,0,2018-03-07 22:00:20-05:00
0,0,0,0,0,0,2018-03-10 23:12:23-03:00
0,0,0,0,0,0,2018-03-11 22:33:39-03:00
0,0,0,0,0,0,2018-03-14 14:38:30-07:00
0,0,0,0,0,0,2018-03-15 05:30:52+00:00
9,7,0,0,0,0,2018-03-17 02:40:15-04:00
1,1,0,0,0,0,2018-03-22 00:58:14-04:00
0,0,0,0,0,0,2018-03-22 02:03:23-04:00
0,0,0,0,0,0,2018-03-22 20:29:13+00:00
0,0,0,0,0,0,2018-03-24 02:16:50-04:00
0,0,0,0,0,0,2018-03-24 21:28:06-03:00
0,0,0,0,0,0,2018-03-24 22:12:55-03:00
0,1,0,0,0,0,2018-03-25 00:00:07-03:00
1,2,0,0,0,0,2018-03-25 19:27:39-04:00
0,1,0,0,0,0,2018-03-26 03:47:18-07:00
0,0,0,0,0,0,2018-03-26 12:34:28-04:00
0,0,0,0,0,0,2018-03-26 18:06:23+00:00
0,0,0,0,0,0,2018-03-26 15:03:48-04:00
0,1,0,0,0,0,2018-03-26 15:57:20-04:00
4,0,0,0,0,0,2018-03-27 11:54:53-04:00
0,0,0,0,0,0,2018-03-27 17:23:40+00:00
3,3,0,0,0,0,2018-03-27 15:02:46-04:00
1,1,0,0,0,0,2018-03-27 17:19:26-04:00
0,0,0,0,0,0,2018-03-28 02:41:01-04:00
2,3,0,0,0,0,2018-03-28 14:27:53-04:00
3,2,0,0,0,0,2018-03-28 22:21:30-04:00
3,0,0,0,0,0,2018-03-28 23:39:50-04:00
0,0,0,0,0,0,2018-03-29 09:56:50-04:00
1,1,0,0,0,0,2018-03-29 17:32:51-04:00
1,1,0,0,0,0,2018-04-04 21:39:12-04:00
0,2,0,0,0,0,2018-04-04 22:24:18-04:00
1,1,0,0,0,0,2018-04-18 21:59:52-04:00
0,0,0,0,0,0,2018-04-22 16:55:22-04:00
0,0,0,0,0,0,2018-04-23 17:59:08+00:00
0,0,0,0,0,0,2018-04-24 23:42:08-04:00
0,0,0,0,0,0,2018-04-25 12:05:04-07:00
0,0,0,0,0,0,2018-04-28 01:39:42+00:00
0,0,0,0,0,0,2018-05-01 10:56:16-06:00
0,0,0,0,0,0,2018-05-01 12:29:40-06:00
1,3,0,0,0,0,2018-05-04 11:47:45-04:00
0,0,0,0,0,0,2018-05-07 10:08:32-04:00
0,0,0,0,0,0,2018-05-07 18:02:43-04:00
0,0,0,0,0,0,2018-05-09 13:57:25-07:00
0,0,0,0,0,0,2018-05-16 12:08:33-04:00
0,0,0,0,0,0,2018-05-16 17:33:31-04:00
1,0,0,0,0,0,2018-05-16 19:01:37-04:00
2,1,0,0,0,0,2018-05-19 12:47:27-04:00
1,0,0,0,0,0,2018-05-22 14:19:36-04:00
2,1,0,0,0,0,2018-05-22 22:57:54-04:00
0,0,0,0,0,0,2018-05-26 18:44:43-06:00
0,0,0,0,0,0,2018-05-27 15:51:25+00:00
3,2,0,0,0,0,2018-05-29 11:31:55-04:00
1,0,0,0,0,0,2018-05-29 12:34:06-04:00
1,0,0,0,0,0,2018-05-29 13:46:11-04:00
1,1,0,0,0,0,2018-05-29 20:45:21-04:00
0,1,0,0,0,0,2018-05-30 16:56:02-04:00
0,0,0,0,0,0,2018-05-30 16:07:07-07:00
0,0,0,0,0,0,2018-06-01 14:38:50-04:00
0,0,0,0,0,0,2018-06-04 11:46:06-04:00
0,0,0,0,0,0,2018-06-04 16:29:00+00:00
0,0,0,0,0,0,2018-06-04 12:53:45-04:00
0,0,0,0,0,0,2018-06-12 17:28:36-07:00
0,0,0,0,0,0,2018-06-25 17:07:52-07:00
0,0,0,0,0,0,2018-07-17 15:30:58-04:00
0,0,0,0,0,0,2018-07-17 09:24:03-07:00
0,0,0,0,0,0,2018-07-19 15:34:33+00:00
0,0,0,0,0,0,2018-07-19 07:19:02-07:00
0,0,0,0,0,0,2018-07-19 09:26:56-07:00
0,0,0,0,0,0,2018-07-30 03:33:50-07:00
0,0,0,0,0,0,2018-07-30 15:52:05-07:00
0,0,0,0,0,0,2018-07-31 11:36:42-04:00
0,0,0,0,0,0,2018-08-08 06:08:08-07:00
0,1,0,0,0,0,2018-08-09 15:50:04+08:00
0,0,0,0,0,0,2018-08-13 14:10:16+00:00
0,0,0,0,0,0,2018-08-20 21:19:45+08:00
0,0,0,0,0,0,2018-08-20 16:09:55+00:00
0,0,0,0,0,0,2018-08-20 22:26:35+00:00
0,0,0,0,0,0,2018-08-21 06:34:49+08:00
0,0,0,0,0,0,2018-08-21 20:23:50-04:00
0,1,0,0,0,0,2018-08-20 21:32:51+08:00
0,0,0,0,0,0,2018-08-23 15:14:46-04:00
0,0,0,0,0,0,2018-08-24 15:26:48-07:00
0,0,0,0,0,0,2018-08-27 15:58:57-04:00
0,0,0,0,0,0,2018-08-27 21:20:14+00:00
0,0,0,0,0,0,2018-08-28 15:16:33+00:00
0,0,0,0,0,0,2018-08-29 08:02:54-07:00
0,0,0,0,0,0,2018-08-30 13:51:23-07:00
0,1,0,0,0,0,2018-08-31 20:51:05+08:00
0,0,0,0,0,0,2018-08-31 17:39:04+00:00
0,1,0,0,0,0,2018-09-01 14:05:04+08:00
0,2,0,0,0,0,2018-09-01 21:51:44+08:00
0,0,0,0,0,0,2018-09-04 10:22:47-07:00
0,0,0,0,0,0,2018-09-06 15:48:37-06:00
0,0,0,0,0,0,2018-09-07 22:00:19-04:00
0,0,0,0,0,0,2018-09-08 15:28:15+00:00
0,0,0,0,0,0,2018-09-08 15:33:27+00:00
0,2,0,0,0,0,2018-09-10 23:02:05-04:00
0,0,0,0,0,0,2018-09-13 19:16:03+08:00
0,0,0,0,0,0,2018-09-14 14:40:08+00:00
0,1,0,0,0,0,2018-09-14 11:29:39-07:00
0,1,0,0,0,0,2018-09-14 17:56:41-04:00
0,0,0,0,0,0,2018-09-17 15:17:36+00:00
0,4,0,0,0,0,2018-09-19 00:39:03-04:00
0,1,0,0,0,0,2018-09-18 18:09:00-04:00
0,1,0,0,0,0,2018-09-19 00:42:44-04:00
2,4,0,0,0,0,2018-09-19 00:35:17+00:00
1,0,0,0,0,0,2018-09-19 20:48:25+00:00
0,0,0,0,0,0,2018-09-19 23:14:04+00:00
0,0,0,0,0,0,2018-09-19 23:14:36+00:00
1,0,0,0,0,0,2018-09-19 09:08:21-07:00
0,0,0,0,0,0,2018-09-20 01:22:31+00:00
1,1,0,0,0,0,2018-09-20 18:30:15+08:00
0,2,0,0,0,0,2018-09-19 18:38:26-04:00
0,2,0,0,0,0,2018-09-06 21:39:43+08:00
0,0,0,0,0,0,2018-09-26 16:54:02+00:00
0,1,0,0,0,0,2018-09-27 10:55:36+05:18
0,0,0,0,0,0,2018-09-28 16:27:57+00:00
0,0,0,0,0,0,2018-09-28 16:28:31+00:00
0,1,0,0,0,0,2018-09-25 11:28:01-04:00
0,0,0,0,0,0,2018-10-02 17:50:20+00:00
0,3,0,0,0,0,2018-09-27 08:06:26-07:00
0,0,0,0,0,0,2018-10-08 03:28:55-07:00
0,0,0,0,0,0,2018-10-09 12:47:38+05:18
0,0,0,0,0,0,2018-10-09 19:16:04+00:00
0,0,0,0,0,0,2018-10-12 03:36:22+00:00
1,0,0,0,0,0,2018-10-13 00:03:13+00:00
0,0,0,0,0,0,2018-10-12 23:50:28+00:00
0,3,0,0,0,0,2018-10-12 02:29:49-07:00
0,0,0,0,0,0,2018-10-19 17:53:45-04:00
0,0,0,0,0,0,2018-10-23 17:28:04-07:00
1,0,0,0,0,0,2018-11-01 03:47:26+00:00
0,0,0,0,0,0,2018-11-01 07:06:38+00:00
0,4,0,0,0,0,2018-11-01 10:46:18-04:00
0,0,0,0,0,0,2018-11-01 16:35:35+00:00
0,0,0,0,0,0,2018-11-01 18:06:15+00:00
0,0,0,0,0,0,2018-11-02 05:32:35+00:00
1,0,0,0,0,0,2018-11-02 19:17:35+00:00
0,2,0,0,0,0,2018-11-27 11:18:48-05:00
0,0,0,0,0,0,2018-11-29 13:24:32-05:00
0,0,0,0,0,0,2018-11-29 20:24:22-05:00
0,0,0,0,0,0,2019-02-06 13:57:26-05:00
1,0,0,0,0,0,2019-02-12 18:37:26+00:00
0,0,0,0,0,0,2019-02-21 11:45:53-05:00
0,0,0,0,0,0,2019-03-14 18:35:17-07:00
0,0,0,0,0,0,2019-03-27 09:03:54-04:00
0,2,0,0,0,0,2019-04-03 14:15:29-04:00
1,2,0,0,0,0,2019-04-05 01:55:44+08:00
0,1,0,0,0,0,2019-04-09 09:31:42-04:00
0,0,0,0,0,0,2019-04-09 13:51:04+00:00
0,0,0,0,0,0,2019-04-09 13:57:47+00:00
0,1,0,0,0,0,2019-04-10 15:13:38-04:00
0,2,0,0,0,0,2019-04-12 00:46:37-04:00
6,2,0,0,0,0,2019-04-08 15:05:22+02:00
0,0,0,0,0,0,2019-04-20 17:03:04+00:00
1,1,0,0,0,0,2019-04-16 18:09:51+08:00
0,0,0,0,0,0,2019-04-22 12:51:59+00:00
1,0,0,0,0,0,2019-04-23 16:27:02+02:00
0,0,0,0,0,0,2019-04-30 11:45:40-04:00
0,0,0,0,0,0,2019-04-30 14:55:48-04:00
0,0,0,0,0,0,2019-05-01 19:21:07-07:00
0,0,0,0,0,0,2019-05-07 13:35:03+00:00
0,0,0,0,0,0,2019-05-09 12:05:11+02:00
0,0,0,0,0,0,2019-05-09 18:07:00+08:00
0,0,0,0,0,0,2019-05-13 13:59:15+00:00
0,0,0,0,0,0,2019-05-13 21:41:01+00:00
0,0,0,0,0,0,2019-05-17 14:39:31-04:00
0,0,0,0,0,0,2019-05-21 12:32:20-04:00
0,0,0,0,0,0,2019-05-21 22:21:24+00:00
0,0,0,0,0,0,2019-05-22 14:59:00+00:00
0,0,0,0,0,0,2019-05-23 10:32:06-04:00
0,2,0,0,0,0,2019-05-24 16:36:10-04:00
0,1,0,0,0,0,2019-05-29 10:07:01-04:00
0,0,0,0,0,0,2019-06-04 14:14:13-04:00
0,0,0,0,0,0,2019-06-05 23:59:38+02:00
0,0,0,0,0,0,2019-06-06 00:00:46+02:00
1,0,0,0,0,0,2019-07-29 12:18:51+02:00
0,0,0,0,0,0,2019-07-31 19:43:38+08:00
0,0,0,0,0,0,2019-08-05 23:26:03+08:00
0,0,0,0,0,0,2019-08-06 21:48:00-04:00
0,0,0,0,0,0,2019-08-07 11:45:52-04:00
0,0,0,0,0,0,2019-08-14 11:39:47-04:00
1,0,0,0,0,0,2019-10-20 21:36:37+02:00
0,0,0,0,0,0,2019-10-02 12:11:51-04:00
1,1,0,0,0,0,2019-10-30 23:25:55+08:00
3,6,0,0,0,0,2019-11-05 20:35:54-05:00
0,0,0,0,0,0,2019-11-07 17:46:53+00:00
0,0,0,0,0,0,2019-11-19 15:04:35+00:00
9,6,0,0,0,0,2019-12-13 10:24:55-05:00
0,0,0,0,0,0,2020-01-20 19:49:01+05:18
0,0,0,0,0,0,2020-01-23 10:19:38+05:18
2,0,0,0,0,0,2020-01-22 14:05:33-05:00
0,0,0,0,0,0,2020-01-24 14:52:46+00:00
0,0,0,0,0,0,2020-01-24 10:22:07-05:00
0,0,0,0,0,0,2020-02-03 07:21:55-05:00
0,0,0,0,0,0,2020-02-06 15:15:45-08:00
0,0,0,0,0,0,2020-02-12 15:21:59+00:00
0,1,0,0,0,0,2020-02-14 09:41:35-05:00
0,0,0,0,0,0,2020-02-19 19:53:50-05:00
0,1,0,0,0,0,2020-02-25 12:27:46-05:00
0,3,0,0,0,0,2020-02-25 14:51:20+05:18
0,0,0,0,0,0,2020-02-27 13:05:53+00:00
0,0,0,0,0,0,2020-01-23 09:43:46-05:00
0,0,0,0,0,0,2020-02-28 15:58:50+00:00
0,0,0,0,0,0,2020-03-03 23:05:37-05:00
4,8,0,0,0,0,2020-03-03 22:22:28-05:00
1,0,0,0,0,0,2020-03-05 18:44:32+05:18
0,1,0,1,0,0,2020-03-05 11:09:48+05:18
0,0,0,0,0,0,2020-03-05 17:50:24+00:00
0,0,0,0,0,0,2020-03-05 20:35:20+00:00
6,1,0,0,0,0,2019-12-04 00:48:46+08:00
0,0,0,0,0,0,2020-03-09 15:08:56+00:00
0,0,0,0,0,0,2020-03-11 12:23:18-04:00
0,0,0,0,0,0,2020-03-16 12:13:51+00:00
0,0,0,0,0,0,2020-03-16 12:40:03+00:00
0,0,0,0,0,0,2020-03-16 12:49:01-04:00
0,0,0,0,0,0,2020-03-16 13:28:51-04:00
2,0,0,0,0,0,2020-03-19 03:13:27-04:00
0,2,0,0,0,0,2020-03-19 20:02:54-04:00
3,0,0,0,0,0,2020-03-20 00:32:42-04:00
0,0,0,0,0,0,2020-03-20 14:49:44+00:00
7,3,0,0,0,0,2020-03-10 10:43:13+05:18
0,0,0,0,0,0,2020-03-20 13:04:54-04:00
4,4,0,0,0,0,2020-03-23 12:59:07+05:18
0,0,0,0,0,0,2020-03-23 12:31:24-04:00
0,0,0,0,0,0,2020-03-25 13:49:53+00:00
0,0,0,0,0,0,2020-03-25 17:49:43-04:00
0,0,0,0,0,0,2020-03-26 03:28:10+00:00
0,0,0,0,0,0,2020-03-26 00:57:15-04:00
0,0,0,0,0,0,2020-03-27 12:28:58-04:00
0,0,0,0,0,0,2020-03-27 19:39:12-04:00
0,0,0,0,0,0,2020-04-01 19:30:58-04:00
0,0,0,0,0,0,2020-04-07 17:43:02+00:00
0,0,0,0,0,0,2020-04-08 19:39:59+00:00
0,0,0,0,0,0,2020-04-08 20:22:18+00:00
1,1,0,0,0,0,2020-04-10 05:55:25+08:00
1,1,0,0,0,0,2020-04-09 20:41:23+05:18
0,0,0,0,0,0,2020-04-09 19:35:04+00:00
0,1,0,0,0,0,2020-04-14 18:51:40-04:00
0,0,0,0,0,0,2020-04-16 16:31:44-04:00
0,0,0,0,0,0,2020-04-16 17:04:04-04:00
3,1,0,0,0,0,2020-04-10 06:38:11-07:00
0,1,0,1,0,0,2020-04-20 21:27:33+05:18
0,0,0,0,0,0,2020-04-22 01:33:52+00:00
0,1,0,0,0,0,2020-04-28 12:37:39+05:18
1,0,0,0,0,0,2020-04-29 10:59:46+05:18
0,2,0,0,0,0,2020-04-30 16:00:32+05:18
0,1,0,0,0,0,2020-05-01 13:22:50+05:18
0,0,0,0,0,0,2020-05-05 14:08:34+00:00
2,1,0,0,0,0,2020-05-11 17:38:06+02:00
0,2,0,0,0,0,2020-05-13 01:21:52+05:18
0,1,0,0,0,0,2020-05-14 18:10:46+05:18
0,1,0,0,0,0,2020-05-19 18:21:05+05:18
0,0,0,0,0,0,2020-05-20 19:49:36+05:18
0,0,0,0,0,0,2020-05-21 21:03:39+05:18
0,0,0,0,0,0,2020-05-21 12:43:38-04:00
0,0,0,0,0,0,2020-05-21 15:02:35-04:00
0,0,0,0,0,0,2020-05-21 16:19:38-04:00
0,0,0,0,0,0,2020-05-23 09:07:02+05:18
0,0,0,0,0,0,2020-05-26 21:17:13+05:18
0,0,0,0,0,0,2020-05-26 22:01:22+05:18
0,0,0,0,0,0,2020-05-28 10:16:38-04:00
0,0,0,0,0,0,2020-05-28 14:26:44-07:00
0,0,0,0,0,0,2020-05-28 22:11:02+00:00
0,0,0,0,0,0,2020-07-01 15:50:55+05:18
0,0,0,0,0,0,2020-07-08 13:51:57+05:18
0,0,0,0,0,0,2020-07-29 23:32:48-04:00
0,0,0,0,0,0,2020-08-04 09:51:02+00:00
0,0,0,0,0,0,2020-08-05 19:18:15+05:18
1,0,0,0,0,0,2020-08-14 11:33:20+05:18
0,1,0,1,0,0,2020-06-30 16:49:05+00:00
0,0,0,0,0,0,2020-08-14 16:48:37-04:00
1,0,0,0,0,0,2020-08-17 10:18:43+05:18
0,0,0,0,0,0,2020-08-17 10:58:38+05:18
0,0,0,0,0,0,2020-08-27 04:58:10+00:00
0,0,0,0,0,0,2020-08-27 04:59:46+00:00
1,2,0,0,0,0,2020-08-26 09:30:29+05:18
0,0,0,0,0,0,2020-09-01 19:02:40+05:18
0,0,0,0,0,0,2020-09-07 14:00:04+00:00
0,0,0,0,0,0,2020-09-10 16:32:40+05:18
0,0,0,0,0,0,2020-09-13 21:59:50-04:00
0,0,0,0,0,0,2020-09-14 10:40:45+00:00
2,7,0,0,0,0,2020-09-17 02:24:00-04:00
0,3,0,0,0,0,2020-09-14 19:03:25+05:18
0,0,0,0,0,0,2020-09-18 12:40:08-04:00
0,0,0,0,0,0,2020-09-18 19:33:06+00:00
4,4,0,0,0,0,2020-09-05 20:04:48+05:18
0,0,0,0,0,0,2020-09-19 10:18:58+00:00
0,0,0,0,0,0,2020-09-21 10:46:01+05:18
0,0,0,0,0,0,2020-09-21 16:46:25+05:18
0,0,0,0,0,0,2020-09-21 17:03:02+05:18
0,0,0,0,0,0,2020-09-27 10:25:27-04:00
1,1,0,0,0,0,2020-09-29 20:49:51+05:18
0,1,0,0,0,0,2020-10-06 10:46:52+05:18
0,1,0,0,0,0,2020-10-07 16:49:58+05:18
0,0,0,0,0,0,2020-10-07 21:20:41+05:18
0,0,0,0,0,0,2020-10-08 18:04:11+05:18
0,0,0,0,0,0,2020-10-08 20:05:50+05:18
0,1,0,0,0,0,2020-11-09 19:44:19+05:18
0,1,0,0,0,0,2020-11-12 15:16:42+05:18
0,0,0,0,0,0,2020-11-15 22:29:54+00:00
0,1,0,0,0,0,2020-11-16 17:07:01+05:18
0,0,0,0,0,0,2020-11-17 06:43:35+05:18
0,0,0,0,0,0,2020-11-17 13:46:33+05:18
0,0,0,0,0,0,2020-11-18 09:31:45+05:18
0,1,0,0,0,0,2020-12-03 13:21:11+05:18
0,1,0,0,0,0,2021-01-04 12:45:38+05:18
1,3,0,0,0,0,2021-01-05 10:53:17+05:18
0,0,0,0,0,0,2021-02-21 11:49:36+05:18
0,0,0,0,0,0,2021-02-21 12:11:36+05:18
2,1,0,0,0,0,2021-02-18 18:19:25+05:18
0,1,0,0,0,0,2021-02-19 14:10:38+05:18
0,0,0,0,0,0,2021-02-16 05:33:07+00:00
0,0,0,0,0,0,2021-02-23 12:18:38+05:18
0,0,0,0,0,0,2021-02-23 14:15:05+05:18
0,1,0,0,0,0,2021-03-09 13:37:47+05:18
0,0,0,0,0,0,2021-03-09 17:29:27+05:18
0,0,0,0,0,0,2021-03-10 11:34:06+05:18
0,0,0,0,0,0,2021-03-18 11:28:51+05:18
0,0,0,0,0,0,2021-03-24 17:40:29+05:18
1,1,0,0,0,0,2021-04-07 12:17:26+05:18
0,3,0,0,0,0,2021-04-08 14:02:48+05:18
0,1,0,0,0,0,2021-04-15 10:53:27+05:18
1,3,0,0,0,0,2021-05-17 11:28:15+05:18
0,0,0,0,0,0,2021-06-14 15:22:10+05:18
0,0,0,0,0,0,2021-06-24 16:00:32+05:18
0,0,0,0,0,0,2021-07-06 18:37:32+00:00
0,2,0,0,0,0,2021-07-14 12:11:17+05:18
0,5,0,0,0,0,2021-07-20 11:32:26+05:18
0,0,0,0,0,0,2021-07-20 17:01:48+00:00
0,0,0,0,0,0,2021-07-28 03:15:23+00:00
0,0,0,0,0,0,2021-07-29 12:50:51+00:00
0,0,0,0,0,0,2021-07-29 09:18:32+00:00
0,0,0,0,0,0,2021-07-30 07:25:21+00:00
0,1,0,0,0,0,2021-09-02 14:31:43-04:00
0,0,0,0,0,0,2021-09-30 16:29:28+02:00
0,3,0,0,0,0,2021-09-09 16:11:17+05:18
0,0,0,0,0,0,2021-10-06 05:43:24+00:00
1,1,0,0,0,0,2021-10-07 10:30:18+00:00
0,0,0,0,0,0,2021-10-07 12:43:37+00:00
0,0,0,0,0,0,2021-10-13 21:09:50+05:18
0,0,0,0,0,0,2022-04-28 15:06:20+00:00
0,0,0,0,0,0,2022-05-11 12:15:04+00:00
