Acquisition,Preparation,Modeling,Training,Evaluation,Prediction,time
4,3,1,0,3,0,2021-06-11 15:09:54+02:00
1,5,3,0,4,0,2021-06-17 09:47:25+02:00
8,9,5,0,9,0,2021-06-17 16:15:24+02:00
1,3,1,0,1,0,2021-06-18 13:13:00+02:00
2,7,2,0,1,0,2021-06-23 09:30:52+02:00
2,0,0,0,0,0,2021-06-23 10:48:12+02:00
7,6,2,0,8,0,2021-06-23 10:49:23+02:00
2,1,1,0,0,0,2021-06-23 11:48:15+02:00
0,0,0,0,0,0,2021-06-23 11:54:17+02:00
1,1,0,0,0,0,2021-06-23 14:20:00+02:00
1,0,0,0,0,0,2021-07-05 11:01:19+02:00
1,0,0,0,0,0,2021-07-05 17:02:30+02:00
0,1,1,0,1,0,2021-07-05 17:27:00+02:00
1,0,0,0,0,0,2021-07-08 11:59:45+02:00
0,0,0,0,0,0,2021-07-08 10:00:55+00:00
1,1,0,0,0,0,2021-07-08 12:51:48+02:00
0,0,0,0,0,0,2021-07-08 10:59:34+00:00
1,6,2,0,1,0,2021-07-08 17:28:34+02:00
0,0,0,0,0,0,2021-07-08 15:30:04+00:00
1,1,0,0,0,0,2021-07-09 10:35:53+02:00
0,0,0,0,0,0,2021-07-09 08:36:34+00:00
0,0,0,0,0,0,2021-07-09 08:41:22+00:00
0,0,0,0,0,0,2021-07-09 11:01:44+02:00
0,0,0,0,0,0,2021-07-09 09:02:29+00:00
0,0,0,0,0,0,2021-07-09 09:05:51+00:00
0,4,2,0,1,0,2021-07-09 12:33:32+02:00
0,0,0,0,0,0,2021-07-09 10:34:09+00:00
1,1,0,0,0,0,2021-07-09 12:48:26+02:00
1,4,2,0,1,0,2021-07-09 15:16:47+02:00
0,0,0,0,0,0,2021-07-09 13:18:21+00:00
0,0,0,0,0,0,2021-07-09 13:19:22+00:00
1,1,0,0,0,0,2021-07-13 10:47:22+02:00
0,0,0,0,0,0,2021-07-13 08:48:02+00:00
1,3,2,0,1,0,2021-07-13 12:15:56+02:00
0,0,0,0,0,0,2021-07-13 10:16:42+00:00
0,0,0,0,0,0,2021-07-15 09:39:30+00:00
2,10,1,2,1,2,2021-07-15 10:40:16+00:00
0,0,0,0,0,0,2021-07-15 10:40:16+00:00
3,1,0,2,0,2,2021-07-15 12:44:38+02:00
0,0,0,0,0,0,2021-07-15 11:22:54+00:00
2,3,0,3,0,2,2021-07-15 13:53:13+02:00
0,0,0,0,0,0,2021-07-15 11:53:58+00:00
4,5,0,3,0,2,2021-07-15 15:37:24+02:00
0,0,0,0,0,0,2021-07-15 13:38:07+00:00
3,3,0,3,0,2,2021-07-15 16:02:33+02:00
0,0,0,0,0,0,2021-07-15 14:40:17+00:00
0,0,0,0,0,0,2021-07-15 16:42:54+02:00
0,0,0,0,0,0,2021-07-15 16:43:28+02:00
3,4,1,3,1,2,2021-07-16 10:12:34+02:00
0,0,0,0,0,0,2021-07-16 08:18:00+00:00
4,8,2,3,2,4,2021-07-19 08:11:21+00:00
0,0,0,0,0,0,2021-07-19 08:11:22+00:00
2,7,2,3,2,4,2021-07-20 11:27:31+02:00
2,1,0,1,0,1,2021-07-23 08:39:18+00:00
0,0,0,0,0,0,2021-07-23 08:39:19+00:00
1,0,0,1,0,1,2021-07-23 10:43:16+02:00
0,0,0,0,0,0,2021-07-23 08:43:53+00:00
2,3,3,2,2,4,2021-07-26 10:30:06+02:00
0,0,0,0,0,0,2021-07-26 08:31:17+00:00
0,0,0,0,0,0,2021-07-26 13:04:17+00:00
0,0,0,0,0,0,2021-07-26 13:09:14+00:00
0,0,0,0,0,0,2021-07-26 13:21:30+00:00
0,0,0,0,0,0,2021-07-28 13:19:19+00:00
0,0,0,0,0,0,2021-07-28 13:23:58+00:00
1,3,3,2,1,3,2021-07-28 16:13:45+02:00
1,0,0,0,0,0,2021-08-05 11:23:25+02:00
4,1,0,2,1,2,2021-08-05 13:53:21+02:00
0,0,0,0,0,0,2021-08-05 11:56:25+00:00
1,0,0,0,0,0,2021-08-05 13:59:14+02:00
0,0,0,0,0,0,2021-08-05 13:59:40+02:00
2,1,0,2,0,2,2021-08-06 17:28:32+02:00
0,0,0,0,0,0,2021-08-06 15:29:20+00:00
0,0,0,0,0,0,2021-08-06 15:32:02+00:00
1,6,0,1,0,1,2021-08-09 16:53:42+00:00
0,0,0,0,0,0,2021-08-09 16:53:42+00:00
2,3,0,2,1,2,2021-08-20 10:34:39+02:00
0,0,0,0,0,0,2021-08-20 11:17:55+02:00
0,0,0,0,0,0,2021-08-26 11:42:54+02:00
0,1,0,0,0,0,2021-08-26 11:47:10+02:00
0,5,0,0,0,0,2021-09-01 16:25:59+02:00
0,0,0,0,0,0,2021-09-03 09:57:09+02:00
0,1,0,0,0,0,2021-09-06 10:52:31+02:00
0,0,0,0,0,0,2021-09-15 14:21:42+02:00
0,1,1,0,0,1,2021-10-11 11:34:11+02:00
1,1,0,0,0,0,2021-11-04 13:59:12+01:00
2,11,2,1,1,4,2021-11-22 13:28:03+01:00
0,2,1,0,0,1,2021-11-29 16:08:21+01:00
0,1,0,0,0,0,2021-12-02 13:54:56+01:00
0,1,0,0,0,1,2021-12-02 15:22:50+01:00
0,0,0,0,0,0,2021-12-13 15:40:29+01:00
