Acquisition,Preparation,Modeling,Training,Evaluation,Prediction,time
11,51,5,7,7,6,2021-02-10 18:07:26+01:00
0,0,0,0,0,0,2021-02-10 18:23:47+01:00
1,1,0,0,0,0,2021-02-11 14:53:52+01:00
1,4,0,0,1,0,2021-02-11 17:54:54+01:00
1,2,0,0,0,0,2021-02-12 09:36:32+01:00
0,0,0,0,0,0,2021-02-12 09:37:26+01:00
0,0,0,0,0,0,2021-02-12 12:26:55+01:00
0,0,0,0,0,0,2021-02-12 12:27:52+01:00
0,0,0,0,0,0,2021-02-12 13:38:27+01:00
0,0,0,0,0,0,2021-02-12 13:50:47+01:00
0,1,0,2,0,0,2021-02-12 13:54:29+01:00
0,0,0,0,0,0,2021-02-12 13:54:55+01:00
0,0,0,0,0,0,2021-02-12 14:42:21+01:00
1,4,1,3,0,1,2021-02-12 17:32:15+01:00
0,0,0,0,0,0,2021-02-12 17:46:28+01:00
1,4,0,1,1,0,2021-02-15 13:52:25+01:00
0,0,0,0,0,0,2021-02-15 13:58:33+01:00
0,1,0,0,0,0,2021-02-15 14:22:47+01:00
0,2,1,1,0,1,2021-02-15 14:24:24+01:00
0,4,1,0,0,1,2021-02-15 14:25:18+01:00
0,4,1,0,0,1,2021-02-15 14:28:39+01:00
0,3,0,0,0,0,2021-02-15 14:30:02+01:00
1,10,1,1,2,1,2021-02-15 14:42:47+01:00
1,2,0,0,1,0,2021-02-15 15:39:22+01:00
0,2,0,0,0,0,2021-02-15 16:31:18+01:00
0,0,0,0,0,0,2021-02-15 16:31:39+01:00
0,0,0,0,0,0,2021-02-15 16:33:41+01:00
0,0,0,1,0,0,2021-02-15 16:41:19+01:00
0,0,0,0,0,0,2021-02-15 16:44:56+01:00
0,0,0,0,0,0,2021-02-15 16:47:40+01:00
0,0,0,0,0,0,2021-02-15 16:50:12+01:00
11,50,5,5,7,6,2021-02-15 17:20:26+01:00
0,0,0,0,0,0,2021-02-15 17:24:42+01:00
2,1,0,0,2,0,2021-02-16 10:52:55+01:00
0,2,0,0,0,0,2021-02-16 11:28:00+01:00
3,2,0,0,2,0,2021-02-16 11:28:37+01:00
0,0,0,0,0,0,2021-02-16 12:40:37+01:00
0,0,0,0,0,0,2021-02-16 12:45:01+01:00
0,3,0,0,0,0,2021-02-16 14:23:20+01:00
0,0,0,0,0,0,2021-02-16 14:24:49+01:00
0,0,0,0,0,0,2021-02-16 14:39:31+01:00
0,0,0,0,0,0,2021-02-16 14:42:05+01:00
0,0,0,0,0,0,2021-02-16 14:44:02+01:00
0,0,0,0,0,0,2021-02-16 16:00:44+01:00
1,1,0,0,0,0,2021-02-16 16:08:01+01:00
3,3,0,0,2,0,2021-02-16 16:20:07+01:00
0,0,0,0,0,0,2021-02-16 16:21:27+01:00
0,0,0,0,0,0,2021-02-16 17:02:16+01:00
1,1,0,0,0,0,2021-02-16 17:05:27+01:00
1,1,0,0,0,0,2021-02-17 09:34:58+01:00
0,0,0,0,0,0,2021-02-17 09:45:22+01:00
0,0,0,0,0,0,2021-02-17 14:07:50+01:00
1,0,0,0,0,0,2021-02-17 14:29:52+01:00
0,0,0,0,0,0,2021-02-17 15:10:39+01:00
0,0,0,0,0,0,2021-02-17 15:14:14+01:00
0,0,0,0,0,0,2021-02-17 15:15:07+01:00
0,0,0,0,0,0,2021-02-17 15:15:46+01:00
0,0,0,0,0,0,2021-02-17 15:17:13+01:00
0,0,0,0,0,0,2021-02-17 15:18:54+01:00
0,0,0,0,0,0,2021-02-17 15:19:46+01:00
0,0,0,0,0,0,2021-02-17 15:21:45+01:00
1,1,0,0,1,0,2021-02-17 15:25:13+01:00
0,0,0,0,0,0,2021-02-17 15:26:41+01:00
0,0,0,0,0,0,2021-02-17 15:28:50+01:00
0,0,0,0,0,0,2021-02-17 15:31:48+01:00
0,0,0,0,0,0,2021-02-17 15:32:43+01:00
0,0,0,0,0,0,2021-02-17 15:37:20+01:00
0,0,0,0,0,0,2021-02-17 15:46:49+01:00
0,0,0,0,0,0,2021-02-17 15:48:00+01:00
0,0,0,0,0,0,2021-02-17 15:50:19+01:00
0,0,0,0,0,0,2021-02-17 15:53:12+01:00
0,0,0,0,0,0,2021-02-17 15:56:13+01:00
0,0,0,0,0,0,2021-02-17 15:56:22+01:00
0,0,0,0,0,0,2021-02-17 15:56:46+01:00
0,0,0,0,0,0,2021-02-17 15:56:54+01:00
0,0,0,0,0,0,2021-02-17 15:57:40+01:00
0,0,0,0,0,0,2021-02-17 15:58:05+01:00
0,0,0,0,0,0,2021-02-17 15:58:49+01:00
0,0,0,0,0,0,2021-02-17 16:00:58+01:00
0,0,0,0,0,0,2021-02-17 16:02:43+01:00
0,0,0,0,0,0,2021-02-17 16:29:07+01:00
0,0,0,0,0,0,2021-02-17 16:29:39+01:00
0,0,0,0,0,0,2021-02-17 16:38:57+01:00
0,0,0,0,0,0,2021-02-17 16:43:14+01:00
0,0,0,0,0,0,2021-02-17 16:46:33+01:00
0,0,0,0,0,0,2021-02-17 16:51:19+01:00
0,0,0,0,0,0,2021-02-17 16:58:20+01:00
0,0,0,0,0,0,2021-02-17 16:58:28+01:00
0,0,0,0,0,0,2021-02-17 17:03:04+01:00
0,0,0,0,0,0,2021-02-17 17:07:28+01:00
0,0,0,0,0,0,2021-02-17 17:14:26+01:00
0,0,0,0,0,0,2021-02-17 17:17:57+01:00
0,2,0,1,1,1,2021-02-17 17:18:20+01:00
0,1,0,0,0,0,2021-02-17 17:18:33+01:00
0,0,0,0,0,0,2021-02-17 17:21:17+01:00
0,0,0,0,0,0,2021-02-17 17:24:44+01:00
0,0,0,0,0,0,2021-02-17 17:25:06+01:00
1,5,1,3,3,2,2021-02-17 17:47:12+01:00
0,2,0,0,0,0,2021-02-17 18:03:15+01:00
0,4,0,0,0,0,2021-02-17 18:04:14+01:00
0,1,0,0,0,0,2021-02-17 18:06:30+01:00
0,1,0,0,0,0,2021-02-17 18:16:58+01:00
0,0,0,0,0,0,2021-02-17 18:17:39+01:00
0,0,0,0,0,0,2021-02-17 20:31:09+01:00
0,0,0,0,0,0,2021-02-18 09:00:43+01:00
0,1,0,0,1,0,2021-02-18 09:10:08+01:00
1,1,0,0,1,0,2021-02-18 10:36:17+01:00
0,0,0,0,0,0,2021-02-18 10:37:51+01:00
0,0,0,0,0,0,2021-02-18 10:39:39+01:00
0,0,0,0,0,0,2021-02-18 10:41:10+01:00
0,0,0,0,0,0,2021-02-18 10:41:44+01:00
1,1,0,0,1,0,2021-02-18 10:49:04+01:00
1,1,0,0,1,0,2021-02-18 10:53:29+01:00
0,0,0,0,0,0,2021-02-18 11:04:04+01:00
1,1,0,0,1,0,2021-02-18 11:17:07+01:00
1,1,0,0,1,0,2021-02-18 11:34:29+01:00
1,2,0,0,1,0,2021-02-18 13:42:49+01:00
0,0,0,0,0,0,2021-02-18 13:44:47+01:00
0,0,0,0,0,0,2021-02-18 15:11:24+01:00
0,0,0,0,0,0,2021-02-18 15:13:24+01:00
0,0,0,0,0,0,2021-02-18 15:27:11+01:00
0,0,0,0,0,0,2021-02-18 15:47:33+01:00
5,14,4,6,2,6,2021-02-18 15:50:23+01:00
0,0,0,0,0,0,2021-02-18 15:50:24+01:00
0,0,0,0,0,0,2021-02-18 15:53:45+01:00
0,0,0,0,0,0,2021-02-18 15:55:05+01:00
0,0,0,0,0,0,2021-02-18 16:01:34+01:00
0,0,0,0,0,0,2021-02-18 16:04:23+01:00
0,0,0,0,0,0,2021-02-18 16:05:17+01:00
0,0,0,0,0,0,2021-02-18 16:09:25+01:00
1,2,0,1,0,0,2021-02-18 16:22:55+01:00
0,0,0,0,0,0,2021-02-18 16:23:11+01:00
0,0,0,0,0,0,2021-02-18 16:23:54+01:00
0,0,0,0,0,0,2021-02-18 17:22:23+01:00
0,0,0,0,0,0,2021-02-18 17:33:56+01:00
0,0,0,0,0,0,2021-02-18 17:44:09+01:00
0,0,0,0,0,0,2021-02-18 17:45:31+01:00
0,0,0,0,0,0,2021-02-18 17:47:26+01:00
0,0,0,0,0,0,2021-02-18 17:48:01+01:00
0,0,0,0,0,0,2021-02-19 12:25:37+01:00
0,0,0,0,0,0,2021-02-19 12:25:56+01:00
7,40,4,4,4,5,2021-02-19 11:26:28+00:00
0,0,0,0,0,0,2021-02-19 12:28:25+01:00
0,0,0,0,0,0,2021-02-19 13:04:42+01:00
0,0,0,0,0,0,2021-02-19 13:07:07+01:00
0,0,0,0,0,0,2021-02-19 13:20:38+01:00
0,0,0,0,0,0,2021-02-19 13:27:04+01:00
0,0,0,0,0,0,2021-02-19 13:38:14+01:00
1,1,0,0,1,0,2021-02-19 17:02:24+01:00
0,0,0,0,0,0,2021-02-19 17:20:12+01:00
0,0,0,0,0,0,2021-02-19 17:31:10+01:00
0,0,0,0,0,0,2021-02-19 17:33:48+01:00
2,6,1,3,1,4,2021-02-19 16:34:21+00:00
0,0,0,0,0,0,2021-02-19 17:38:21+01:00
0,0,0,0,0,0,2021-02-22 12:18:57+01:00
0,0,0,0,0,0,2021-02-23 09:51:07+01:00
0,0,0,0,0,0,2021-02-23 09:51:35+01:00
0,0,0,0,0,0,2021-02-23 10:06:55+01:00
0,0,0,0,0,0,2021-02-23 10:07:20+01:00
0,0,0,0,0,0,2021-02-23 10:07:37+01:00
0,0,0,0,0,0,2021-02-23 10:23:17+01:00
0,0,0,0,0,0,2021-02-23 10:44:44+01:00
0,0,0,0,0,0,2021-02-23 10:47:41+01:00
0,0,0,0,0,0,2021-02-23 10:51:35+01:00
0,0,0,0,0,0,2021-02-23 11:01:42+01:00
0,0,0,0,0,0,2021-02-23 11:03:58+01:00
0,0,0,0,0,0,2021-02-23 11:05:28+01:00
0,0,0,0,0,0,2021-02-23 11:21:35+01:00
0,0,0,0,0,0,2021-02-23 11:22:15+01:00
0,0,0,0,0,0,2021-02-23 11:26:38+01:00
0,0,0,0,0,0,2021-02-23 11:28:15+01:00
0,0,0,0,0,0,2021-02-23 11:29:53+01:00
0,0,0,0,0,0,2021-02-23 11:36:37+01:00
0,0,0,0,0,0,2021-02-23 11:52:11+01:00
0,3,0,1,1,1,2021-02-23 10:52:55+00:00
0,0,0,0,0,0,2021-02-23 11:53:01+01:00
0,0,0,0,0,0,2021-02-23 11:53:54+01:00
0,0,0,0,0,0,2021-02-23 11:54:31+01:00
0,0,0,0,0,0,2021-02-23 11:54:43+01:00
0,0,0,0,0,0,2021-02-23 12:03:16+01:00
0,0,0,0,0,0,2021-02-23 12:04:06+01:00
0,0,0,0,0,0,2021-02-23 12:07:44+01:00
0,0,0,0,0,0,2021-02-23 12:10:43+01:00
0,0,0,0,0,0,2021-02-23 12:11:13+01:00
0,0,0,0,0,0,2021-02-23 12:11:32+01:00
0,0,0,0,0,0,2021-02-23 12:22:19+01:00
0,0,0,0,0,0,2021-02-23 12:26:30+01:00
0,0,0,0,0,0,2021-02-23 12:30:25+01:00
0,0,0,0,0,0,2021-02-23 12:34:50+01:00
0,0,0,0,0,0,2021-02-23 12:49:25+01:00
0,0,0,0,0,0,2021-02-23 13:22:39+01:00
0,0,0,0,0,0,2021-02-23 14:45:53+01:00
0,0,0,0,0,0,2021-02-23 14:47:50+01:00
0,0,0,0,0,0,2021-02-23 14:48:32+01:00
0,0,0,0,0,0,2021-02-23 14:54:14+01:00
0,0,0,0,0,0,2021-02-23 14:57:35+01:00
0,0,0,0,0,0,2021-02-23 15:05:40+01:00
0,3,0,1,1,1,2021-02-23 15:22:27+01:00
0,0,0,0,0,0,2021-02-23 15:36:39+01:00
0,0,0,0,0,0,2021-02-23 15:37:38+01:00
0,0,0,0,0,0,2021-02-23 15:40:09+01:00
0,0,0,0,0,0,2021-02-23 15:57:23+01:00
0,0,0,0,0,0,2021-02-23 16:39:06+01:00
0,0,0,0,0,0,2021-02-23 16:42:46+01:00
0,0,0,0,0,0,2021-02-23 17:08:01+01:00
0,0,0,0,0,0,2021-02-23 16:08:59+00:00
0,0,0,0,0,0,2021-02-23 17:10:44+01:00
0,0,0,0,0,0,2021-02-23 17:12:01+01:00
5,12,4,5,2,5,2021-02-23 17:19:35+01:00
0,0,0,0,0,0,2021-02-23 17:24:20+01:00
5,43,4,7,5,6,2021-02-24 13:52:12+01:00
0,2,0,1,1,1,2021-02-24 12:54:26+00:00
0,0,0,0,0,0,2021-02-24 13:58:18+01:00
0,0,0,0,0,0,2021-02-24 14:15:36+01:00
0,0,0,0,0,0,2021-02-24 14:16:36+01:00
1,1,0,0,0,0,2021-02-24 14:57:37+01:00
0,0,0,0,0,0,2021-02-24 15:01:40+01:00
0,0,0,0,0,0,2021-02-24 15:01:54+01:00
0,0,0,0,0,0,2021-02-24 15:22:23+01:00
0,0,0,0,0,0,2021-02-24 15:27:22+01:00
0,1,0,0,0,0,2021-02-25 11:33:42+01:00
0,0,0,0,0,0,2021-02-25 12:08:23+01:00
0,0,0,0,0,0,2021-02-25 12:09:17+01:00
0,0,0,0,0,0,2021-02-25 12:10:40+01:00
0,0,0,0,0,0,2021-02-25 12:10:57+01:00
0,0,0,0,0,0,2021-02-25 12:11:13+01:00
0,0,0,0,0,0,2021-02-25 12:13:02+01:00
0,0,0,0,0,0,2021-02-25 13:32:55+01:00
0,0,0,0,0,0,2021-02-25 13:33:09+01:00
0,0,0,0,0,0,2021-02-25 13:34:36+01:00
0,0,0,0,0,0,2021-02-25 13:34:54+01:00
0,0,0,0,0,0,2021-02-25 13:35:15+01:00
0,0,0,0,0,0,2021-02-25 13:35:40+01:00
0,0,0,0,0,0,2021-02-25 13:49:25+01:00
0,0,0,0,0,0,2021-02-25 14:14:06+01:00
0,0,0,0,0,0,2021-02-25 14:31:40+01:00
1,1,0,0,0,0,2021-02-26 15:10:21+01:00
0,1,0,0,0,0,2021-02-26 15:10:32+01:00
0,1,0,0,0,0,2021-03-01 11:31:31+01:00
0,2,0,0,0,0,2021-03-01 13:16:30+01:00
1,1,0,0,0,0,2021-03-01 13:32:45+01:00
1,1,0,0,0,0,2021-03-01 13:38:46+01:00
0,1,0,0,0,0,2021-03-01 15:58:32+01:00
0,1,0,0,0,0,2021-03-01 16:07:23+01:00
0,0,0,0,0,0,2021-03-01 18:09:15+01:00
0,0,0,0,0,0,2021-03-02 13:21:13+01:00
0,0,0,0,0,0,2021-03-02 13:21:43+01:00
0,0,0,0,0,0,2021-03-02 16:02:55+01:00
0,0,0,0,0,0,2021-03-02 16:03:16+01:00
0,0,0,0,0,0,2021-03-02 16:04:12+01:00
0,0,0,0,0,0,2021-03-02 16:04:31+01:00
0,0,0,0,0,0,2021-03-02 16:05:13+01:00
1,3,0,0,1,0,2021-03-02 16:25:38+01:00
1,2,0,0,1,0,2021-03-03 08:58:16+01:00
0,0,0,0,0,0,2021-03-03 09:30:40+01:00
0,0,0,0,0,0,2021-03-05 09:37:50+01:00
0,0,0,0,0,0,2021-03-05 10:03:16+01:00
1,1,0,0,0,0,2021-03-05 10:03:32+01:00
0,0,0,0,0,0,2021-03-05 10:05:11+01:00
0,0,0,0,0,0,2021-03-05 10:06:15+01:00
0,0,0,0,0,0,2021-03-05 10:13:45+01:00
0,0,0,0,0,0,2021-03-05 10:20:49+01:00
0,0,0,0,0,0,2021-03-05 10:29:26+01:00
1,2,1,1,2,1,2021-03-08 10:40:15+01:00
1,1,1,1,1,1,2021-03-08 09:41:50+00:00
1,1,0,0,0,0,2021-03-08 11:00:44+01:00
0,0,0,0,0,0,2021-03-08 11:01:23+01:00
0,0,0,0,0,0,2021-03-08 11:05:04+01:00
1,1,0,0,1,0,2021-03-08 16:13:09+01:00
0,0,0,0,0,0,2021-03-09 10:29:35+01:00
0,0,0,0,0,0,2021-03-09 10:29:52+01:00
0,0,0,0,0,0,2021-03-09 10:38:10+01:00
0,0,0,0,0,0,2021-03-09 10:38:21+01:00
0,0,0,0,0,0,2021-03-09 10:59:33+01:00
1,1,0,0,0,0,2021-03-09 11:04:36+01:00
1,2,1,1,1,1,2021-03-09 14:04:50+01:00
1,1,0,0,0,0,2021-03-09 14:06:09+01:00
1,1,1,1,1,1,2021-03-09 13:07:15+00:00
1,1,1,1,1,1,2021-03-09 14:24:12+01:00
0,0,0,0,0,0,2021-03-09 14:24:56+01:00
1,1,0,0,0,0,2021-03-09 14:40:25+01:00
0,0,0,0,0,0,2021-03-09 15:19:04+01:00
1,1,0,0,0,0,2021-03-09 15:28:00+01:00
1,1,0,0,0,0,2021-03-09 15:29:33+01:00
1,2,0,1,1,0,2021-03-12 09:05:42+01:00
0,1,0,1,0,0,2021-03-12 10:38:16+01:00
0,1,0,1,0,0,2021-03-12 11:40:24+01:00
0,2,0,2,0,0,2021-03-15 13:53:17+01:00
1,3,0,0,1,0,2021-03-15 14:57:26+01:00
1,1,0,0,0,0,2021-03-15 14:31:59+00:00
0,1,0,0,0,0,2021-03-15 15:32:02+01:00
0,0,0,0,0,0,2021-03-15 15:32:36+01:00
0,0,0,0,0,0,2021-03-15 16:07:38+01:00
0,1,0,1,0,0,2021-03-15 17:39:30+01:00
0,1,0,1,0,0,2021-03-16 10:04:28+01:00
0,0,0,0,0,0,2021-03-16 10:23:18+01:00
1,1,0,0,1,0,2021-03-16 12:15:26+01:00
1,1,0,0,1,0,2021-03-16 13:01:39+01:00
0,0,0,0,0,0,2021-03-16 13:12:24+01:00
0,0,0,0,0,0,2021-03-17 09:31:28+01:00
1,1,0,0,0,0,2021-03-17 09:53:11+01:00
1,1,0,0,1,0,2021-03-17 08:56:42+00:00
0,0,0,0,0,0,2021-03-17 10:12:07+01:00
1,1,0,0,1,0,2021-03-17 10:12:23+01:00
0,0,0,0,0,0,2021-03-17 10:38:26+01:00
1,1,0,0,1,0,2021-03-17 09:39:16+00:00
1,1,0,0,1,0,2021-03-17 11:12:40+01:00
0,0,0,0,0,0,2021-03-17 11:13:36+01:00
1,1,0,0,1,0,2021-03-17 10:14:25+00:00
1,1,0,0,1,0,2021-03-17 11:28:22+01:00
1,1,0,0,1,0,2021-03-17 12:25:57+01:00
0,0,0,0,0,0,2021-03-17 12:26:39+01:00
1,1,0,0,1,0,2021-03-17 11:27:13+00:00
0,0,0,0,0,0,2021-03-17 12:40:41+01:00
0,0,0,0,0,0,2021-03-17 12:41:37+01:00
0,2,0,2,0,0,2021-03-17 16:48:29+01:00
0,0,0,0,0,0,2021-03-17 16:59:48+01:00
0,1,0,1,0,0,2021-03-17 17:03:06+01:00
0,1,0,0,0,0,2021-03-22 12:18:56+01:00
1,1,0,0,0,0,2021-03-22 12:19:46+01:00
0,1,0,0,0,0,2021-03-22 12:47:47+01:00
0,1,1,1,0,1,2021-03-22 13:42:35+01:00
0,0,0,1,0,0,2021-03-22 13:42:58+01:00
0,1,1,2,0,1,2021-03-22 12:52:46+00:00
0,0,0,0,0,0,2021-03-22 14:28:22+01:00
0,0,0,0,0,0,2021-03-22 15:35:58+01:00
0,1,0,0,0,0,2021-03-22 16:13:11+01:00
0,0,0,0,0,0,2021-03-22 16:22:43+01:00
0,1,0,1,0,0,2021-03-23 09:25:24+01:00
0,0,0,0,0,0,2021-03-23 09:25:45+01:00
0,1,0,1,0,0,2021-03-23 08:26:28+00:00
0,1,0,1,0,0,2021-03-23 10:26:09+01:00
0,0,0,0,0,0,2021-03-23 11:37:26+01:00
1,1,0,0,0,0,2021-03-23 14:29:27+01:00
0,0,0,0,0,0,2021-03-23 14:30:41+01:00
0,1,1,1,0,1,2021-03-23 14:37:48+01:00
0,0,0,0,0,0,2021-03-23 14:50:14+01:00
0,0,0,0,0,0,2021-03-23 15:08:57+01:00
0,0,0,0,0,0,2021-03-24 09:23:49+01:00
1,1,0,0,0,0,2021-03-24 09:31:03+01:00
0,1,0,1,0,0,2021-03-24 17:13:45+01:00
1,1,0,0,0,0,2021-03-24 17:15:16+01:00
0,0,0,0,0,0,2021-03-24 17:19:31+01:00
0,2,0,0,0,0,2021-03-25 11:41:22+01:00
1,1,0,0,0,0,2021-03-29 15:53:32+02:00
0,0,0,0,0,0,2021-03-29 15:54:54+02:00
1,1,0,0,0,0,2021-03-29 13:54:58+00:00
0,0,0,0,0,0,2021-03-29 15:55:18+02:00
0,0,0,0,0,0,2021-03-29 16:13:21+02:00
1,1,0,0,0,0,2021-03-29 16:15:26+02:00
1,1,0,0,0,0,2021-04-07 08:53:37+02:00
0,0,0,0,0,0,2021-04-07 08:54:51+02:00
0,0,0,0,0,0,2021-04-07 08:55:49+02:00
0,8,2,4,0,2,2021-04-07 15:34:13+02:00
1,2,0,0,2,0,2021-04-07 16:33:03+02:00
0,1,0,0,0,0,2021-04-07 16:46:16+02:00
0,2,1,2,0,2,2021-04-07 16:51:14+02:00
0,1,0,1,0,1,2021-04-07 14:57:57+00:00
0,2,0,0,0,0,2021-04-07 17:06:17+02:00
0,7,0,0,0,0,2021-04-07 17:39:26+02:00
0,1,1,2,0,1,2021-04-08 10:51:32+02:00
0,0,0,1,0,0,2021-04-08 08:52:19+00:00
0,0,0,0,0,0,2021-04-08 10:55:31+02:00
0,0,0,0,0,0,2021-04-08 11:55:20+02:00
0,0,0,0,0,0,2021-04-08 12:02:10+02:00
0,0,0,0,0,0,2021-04-08 12:09:57+02:00
0,0,0,0,0,0,2021-04-08 12:16:56+02:00
0,0,0,0,0,0,2021-04-08 12:17:48+02:00
0,0,0,0,0,0,2021-04-08 12:22:20+02:00
0,0,0,0,0,0,2021-04-08 12:25:23+02:00
0,0,0,0,0,0,2021-04-08 13:02:16+02:00
0,0,0,1,0,0,2021-04-08 13:38:13+02:00
0,0,0,1,0,0,2021-04-08 14:25:18+02:00
0,1,0,0,0,0,2021-04-08 16:49:35+02:00
0,0,0,0,0,0,2021-04-08 17:05:50+02:00
0,0,0,0,0,0,2021-04-09 10:19:57+02:00
0,0,0,0,0,0,2021-04-09 11:49:51+02:00
0,0,0,0,0,0,2021-04-09 11:50:15+02:00
0,0,0,0,0,0,2021-04-09 11:55:57+02:00
0,5,0,0,0,0,2021-04-13 14:01:40+02:00
0,3,0,0,0,0,2021-04-13 14:03:05+02:00
1,11,0,3,1,0,2021-04-13 17:11:08+02:00
0,16,1,2,2,2,2021-04-13 18:12:40+02:00
0,0,0,0,0,0,2021-04-15 09:17:20+02:00
0,0,0,0,0,0,2021-04-15 09:57:07+02:00
0,0,0,0,0,0,2021-04-15 10:08:25+02:00
0,0,0,0,0,0,2021-04-15 10:14:56+02:00
0,0,0,0,0,0,2021-04-15 10:22:11+02:00
0,0,0,0,0,0,2021-04-15 10:39:52+02:00
0,0,0,0,0,0,2021-04-15 10:46:46+02:00
0,0,0,0,0,0,2021-04-15 10:54:10+02:00
0,0,0,0,0,0,2021-04-15 12:11:37+02:00
0,0,0,0,0,0,2021-04-15 13:00:49+02:00
0,0,0,0,0,0,2021-04-15 13:10:41+02:00
0,0,0,0,0,0,2021-04-15 13:33:11+02:00
0,0,0,0,0,0,2021-04-15 14:08:25+02:00
0,0,0,0,0,0,2021-04-15 14:12:05+02:00
0,0,0,0,0,0,2021-04-15 14:16:17+02:00
0,0,0,0,0,0,2021-04-15 14:19:31+02:00
0,0,0,0,0,0,2021-04-15 14:23:49+02:00
0,0,0,0,0,0,2021-04-15 14:34:22+02:00
0,0,0,0,0,0,2021-04-15 14:39:05+02:00
0,0,0,0,0,0,2021-04-15 14:57:35+02:00
0,0,0,0,0,0,2021-04-15 14:57:58+02:00
0,0,0,0,0,0,2021-04-15 15:07:36+02:00
0,0,0,0,0,0,2021-04-15 16:08:49+02:00
0,0,0,0,0,0,2021-04-16 11:30:36+02:00
0,0,0,0,0,0,2021-04-16 11:47:33+02:00
0,0,0,0,0,0,2021-04-16 13:29:50+02:00
0,1,0,0,1,0,2021-04-16 13:31:17+02:00
0,0,0,0,0,0,2021-04-16 13:32:07+02:00
0,0,0,0,0,0,2021-04-16 13:34:22+02:00
0,0,0,0,0,0,2021-04-16 15:54:06+02:00
1,8,1,6,3,2,2021-04-16 16:12:00+02:00
2,11,0,3,0,0,2021-04-16 16:18:18+02:00
0,1,0,1,1,0,2021-04-16 17:01:47+02:00
2,5,1,3,0,2,2021-04-16 17:26:39+02:00
1,1,0,0,0,0,2021-04-16 17:35:01+02:00
1,8,0,0,2,0,2021-04-19 13:05:09+02:00
0,0,0,0,0,0,2021-04-19 13:06:31+02:00
0,6,0,0,1,0,2021-04-19 13:28:14+02:00
1,3,0,0,1,0,2021-04-19 14:21:40+02:00
1,3,0,0,1,0,2021-04-19 15:28:57+02:00
0,6,0,1,0,0,2021-04-19 16:37:41+02:00
0,4,1,1,0,1,2021-04-19 16:56:56+02:00
1,4,0,0,0,0,2021-04-20 10:26:11+02:00
0,6,1,3,0,2,2021-04-20 10:58:54+02:00
0,2,0,0,0,0,2021-04-20 11:04:38+02:00
0,2,0,0,0,0,2021-04-20 11:13:51+02:00
1,4,1,0,0,1,2021-04-20 11:36:46+02:00
2,13,1,3,3,1,2021-04-20 09:37:19+00:00
0,2,1,2,0,1,2021-04-20 12:05:56+02:00
0,0,0,0,0,0,2021-04-20 12:21:49+02:00
0,2,1,1,0,1,2021-04-20 10:25:02+00:00
0,3,1,3,0,1,2021-04-20 12:49:59+02:00
1,6,0,0,1,0,2021-04-20 13:58:29+02:00
0,1,1,1,0,1,2021-04-20 17:30:44+02:00
0,0,0,0,0,0,2021-04-21 09:04:59+02:00
0,1,1,1,0,1,2021-04-21 07:06:33+00:00
1,4,0,0,1,0,2021-04-23 12:25:17+02:00
0,1,0,1,0,1,2021-04-23 12:30:33+02:00
1,4,1,1,1,1,2021-04-23 12:41:09+02:00
0,0,0,0,0,0,2021-04-23 12:57:47+02:00
1,4,0,0,1,0,2021-04-23 11:00:06+00:00
0,1,0,1,0,1,2021-04-23 13:02:23+02:00
0,0,0,0,0,0,2021-04-23 13:03:15+02:00
0,0,0,0,0,0,2021-04-23 16:14:24+02:00
2,7,0,1,1,0,2021-04-23 17:01:31+02:00
1,5,1,2,0,0,2021-04-23 17:55:25+02:00
0,2,0,0,0,0,2021-04-23 18:18:01+02:00
0,0,0,0,0,0,2021-04-28 09:14:03+02:00
1,1,1,1,1,1,2021-04-28 07:14:36+00:00
0,0,0,0,0,1,2021-04-28 15:05:36+02:00
1,4,0,0,1,0,2021-04-28 15:58:00+02:00
0,2,0,0,0,0,2021-04-28 13:58:36+00:00
0,1,0,1,0,3,2021-04-28 16:54:55+02:00
0,0,0,1,0,1,2021-04-28 17:01:50+02:00
1,6,0,0,1,0,2021-04-28 18:00:30+02:00
0,0,0,1,0,1,2021-04-29 09:03:22+02:00
0,3,0,0,0,0,2021-04-29 10:15:47+02:00
0,2,0,0,0,0,2021-04-29 08:16:33+00:00
0,1,0,0,0,0,2021-04-29 10:17:36+02:00
0,0,0,0,0,0,2021-04-29 10:22:27+02:00
0,1,0,0,0,0,2021-04-29 10:22:36+02:00
0,1,0,0,0,0,2021-04-29 08:23:14+00:00
0,1,0,0,0,0,2021-04-29 10:23:35+02:00
0,0,0,0,0,0,2021-04-29 10:29:08+02:00
0,0,0,0,0,0,2021-04-29 10:30:38+02:00
1,1,0,0,0,0,2021-04-29 13:27:24+02:00
0,1,0,0,0,0,2021-04-29 13:47:27+02:00
0,1,0,1,0,0,2021-04-29 13:59:51+02:00
0,0,0,0,0,0,2021-04-29 13:59:56+02:00
0,0,0,0,0,0,2021-04-29 14:02:45+02:00
0,1,0,0,0,0,2021-04-29 14:04:20+02:00
0,2,0,0,0,0,2021-04-29 14:36:23+02:00
2,6,0,0,1,0,2021-04-29 15:10:17+02:00
0,0,0,0,0,0,2021-04-29 15:10:31+02:00
0,0,0,0,0,0,2021-04-29 15:16:12+02:00
0,0,0,0,0,0,2021-04-29 15:19:48+02:00
0,1,0,0,0,0,2021-04-29 15:26:00+02:00
0,1,0,0,0,0,2021-04-29 13:26:53+00:00
0,1,0,0,0,0,2021-04-30 09:23:02+02:00
0,1,0,0,0,0,2021-04-30 07:23:36+00:00
0,0,0,0,0,0,2021-04-30 09:33:44+02:00
0,0,0,0,0,0,2021-04-30 09:35:18+02:00
0,0,0,0,0,0,2021-04-30 09:51:02+02:00
0,6,0,1,0,5,2021-04-30 10:16:12+02:00
2,17,4,4,4,7,2021-04-30 10:18:42+02:00
0,0,0,0,0,0,2021-04-30 10:18:51+02:00
0,0,0,0,0,0,2021-04-30 10:23:21+02:00
0,0,0,0,0,0,2021-04-30 10:27:53+02:00
1,1,0,0,0,0,2021-04-30 16:47:42+02:00
1,1,0,0,0,0,2021-04-30 14:50:00+00:00
1,1,0,0,0,0,2021-05-03 09:19:09+02:00
0,0,0,0,0,0,2021-05-03 09:22:25+02:00
1,1,0,0,1,0,2021-05-03 13:07:06+02:00
1,1,0,0,1,0,2021-05-03 11:07:53+00:00
1,1,0,0,1,0,2021-05-03 16:08:15+02:00
0,0,0,0,0,0,2021-05-03 16:42:38+02:00
3,10,4,3,0,6,2021-05-03 17:08:25+02:00
0,3,0,1,0,0,2021-05-04 13:56:37+02:00
1,1,0,0,0,0,2021-05-04 16:39:37+02:00
0,0,0,0,0,0,2021-05-04 16:49:08+02:00
0,0,0,0,0,0,2021-05-04 16:50:17+02:00
0,0,0,0,0,0,2021-05-07 11:29:44+02:00
0,1,0,1,0,1,2021-05-07 16:05:58+02:00
0,1,0,0,0,1,2021-05-07 16:09:02+02:00
0,0,0,0,0,0,2021-05-07 16:11:24+02:00
0,0,0,0,0,0,2021-05-07 16:12:13+02:00
1,2,1,0,0,1,2021-05-07 16:28:23+02:00
1,2,1,0,0,1,2021-05-07 14:46:56+00:00
0,0,0,0,0,0,2021-05-07 17:08:50+02:00
1,2,0,1,0,1,2021-05-10 16:14:39+02:00
1,2,0,1,0,2,2021-05-10 16:22:10+02:00
0,5,0,0,0,3,2021-05-10 14:23:30+00:00
1,6,0,1,0,4,2021-05-10 16:26:18+02:00
0,0,0,0,0,0,2021-05-10 16:29:08+02:00
1,1,0,0,0,1,2021-05-11 11:53:31+02:00
1,1,0,0,0,1,2021-05-11 09:54:03+00:00
0,1,0,0,0,0,2021-05-12 11:39:58+02:00
0,1,0,0,0,0,2021-05-12 09:40:28+00:00
1,1,0,1,0,1,2021-05-12 12:52:07+02:00
0,0,0,0,0,0,2021-05-12 13:18:23+02:00
0,1,0,0,0,0,2021-05-12 13:56:25+02:00
0,0,0,0,0,0,2021-05-12 13:59:27+02:00
0,0,0,0,0,0,2021-05-12 15:35:25+02:00
0,1,0,0,0,1,2021-05-12 15:52:59+02:00
0,1,0,0,0,1,2021-05-12 16:01:16+02:00
0,2,0,1,0,2,2021-05-12 16:28:23+02:00
0,0,0,0,0,0,2021-05-12 18:08:57+02:00
0,2,0,1,0,2,2021-05-12 16:09:25+00:00
0,11,0,4,1,2,2021-05-12 18:56:59+02:00
0,5,0,0,0,1,2021-05-12 17:01:07+00:00
1,1,0,0,0,1,2021-05-12 19:03:08+02:00
0,2,0,0,0,0,2021-05-12 19:06:51+02:00
1,1,0,1,0,1,2021-05-12 19:11:54+02:00
1,1,0,1,0,1,2021-05-12 19:20:50+02:00
1,1,0,1,0,1,2021-05-12 17:21:28+00:00
0,1,0,0,0,0,2021-05-17 10:51:16+02:00
0,1,0,0,0,0,2021-05-17 08:51:47+00:00
0,0,0,0,0,0,2021-05-17 13:33:59+02:00
0,1,0,0,0,1,2021-05-17 16:23:22+02:00
0,0,0,0,0,0,2021-05-17 17:20:09+02:00
0,0,0,0,0,0,2021-05-17 17:20:36+02:00
0,0,0,0,0,0,2021-05-17 17:21:34+02:00
0,0,0,0,0,0,2021-05-17 17:21:49+02:00
0,0,0,0,0,0,2021-05-17 17:23:34+02:00
0,0,0,0,0,0,2021-05-17 17:24:01+02:00
0,1,0,0,0,0,2021-05-18 10:55:43+02:00
0,1,0,0,0,0,2021-05-18 09:39:52+00:00
1,1,0,0,0,0,2021-05-19 15:18:57+02:00
0,0,0,0,0,0,2021-05-19 15:20:15+02:00
0,1,0,0,0,0,2021-05-20 11:31:32+02:00
1,1,0,1,0,1,2021-05-20 13:44:42+02:00
1,2,0,1,0,2,2021-05-20 13:50:18+02:00
1,2,0,1,0,2,2021-05-20 14:12:17+02:00
1,2,0,0,0,1,2021-05-20 14:35:43+02:00
1,2,0,0,0,1,2021-05-20 14:42:51+02:00
0,0,0,0,0,0,2021-05-20 15:00:25+02:00
1,1,0,1,0,1,2021-05-20 15:06:32+02:00
0,1,0,1,0,1,2021-05-20 15:15:26+02:00
0,0,0,0,0,0,2021-05-20 15:16:36+02:00
0,2,0,1,0,1,2021-05-20 15:36:39+02:00
0,0,0,0,0,0,2021-05-20 17:39:43+02:00
0,1,0,1,0,1,2021-05-21 09:34:54+02:00
1,6,0,1,0,2,2021-05-21 11:02:13+02:00
0,2,0,1,0,2,2021-05-21 12:08:43+02:00
0,4,0,1,0,1,2021-05-21 12:30:19+02:00
1,2,0,0,0,1,2021-05-21 13:55:36+02:00
1,2,0,0,0,1,2021-05-21 11:58:27+00:00
0,1,0,0,0,0,2021-05-25 09:17:08+02:00
0,1,0,0,0,0,2021-05-25 09:21:50+02:00
1,2,0,0,0,1,2021-05-25 07:22:25+00:00
0,1,0,0,0,0,2021-05-25 09:30:13+02:00
0,0,0,0,0,0,2021-05-25 09:31:31+02:00
0,0,0,0,0,0,2021-05-25 09:55:15+02:00
1,5,0,2,1,3,2021-05-25 17:56:51+02:00
0,0,0,0,0,0,2021-05-25 17:58:12+02:00
1,2,0,0,0,1,2021-05-25 18:10:41+02:00
1,6,0,1,0,3,2021-05-25 16:11:12+00:00
0,0,0,0,0,0,2021-05-25 18:11:29+02:00
0,0,0,0,0,0,2021-05-25 18:12:26+02:00
0,1,0,0,0,0,2021-05-26 09:17:54+02:00
0,2,0,0,0,1,2021-05-26 12:06:22+02:00
0,1,0,0,0,0,2021-05-26 13:48:36+02:00
1,1,0,1,0,1,2021-05-26 13:58:10+02:00
1,2,0,1,0,1,2021-05-26 14:12:31+02:00
0,0,0,0,0,0,2021-05-26 14:31:22+02:00
0,2,0,1,0,1,2021-05-26 12:31:57+00:00
0,3,0,1,0,2,2021-05-26 15:07:38+02:00
1,2,0,0,0,1,2021-05-26 15:40:03+02:00
0,0,0,0,0,0,2021-05-26 15:41:04+02:00
1,4,0,0,0,2,2021-05-26 13:42:14+00:00
0,0,0,0,0,0,2021-05-26 15:54:55+02:00
1,3,0,0,0,1,2021-05-26 17:32:26+02:00
0,0,0,0,0,0,2021-05-26 17:36:45+02:00
0,0,0,0,0,0,2021-05-27 09:02:31+02:00
0,0,0,0,0,0,2021-05-27 09:19:45+02:00
0,0,0,0,0,0,2021-05-27 09:34:28+02:00
0,1,0,0,0,0,2021-05-28 10:30:07+02:00
0,1,0,0,0,0,2021-05-28 08:30:41+00:00
0,0,0,0,0,0,2021-05-28 10:47:41+02:00
0,0,0,0,0,0,2021-05-28 11:23:18+02:00
1,1,0,0,0,0,2021-05-29 17:06:19+02:00
0,1,0,0,0,0,2021-05-31 14:10:00+02:00
0,3,0,0,0,0,2021-05-31 14:36:14+02:00
0,1,0,0,0,0,2021-05-31 14:42:58+02:00
1,1,0,0,0,1,2021-05-31 15:08:00+02:00
1,0,0,0,0,0,2021-05-31 15:11:20+02:00
1,1,0,0,0,0,2021-05-31 15:11:54+02:00
1,1,0,0,0,0,2021-05-31 15:19:30+02:00
0,3,0,0,0,0,2021-05-31 13:31:20+00:00
0,0,0,0,0,0,2021-05-31 16:14:58+02:00
3,4,0,1,0,2,2021-06-01 14:21:59+02:00
4,3,0,1,0,2,2021-06-01 14:46:03+02:00
1,0,0,0,0,0,2021-06-01 14:47:05+02:00
3,3,0,1,0,2,2021-06-02 10:51:53+02:00
0,0,0,0,0,0,2021-06-03 10:35:33+02:00
0,1,0,0,0,1,2021-06-03 10:40:49+02:00
0,6,0,0,1,2,2021-06-03 14:01:15+02:00
1,8,0,1,1,3,2021-06-03 14:03:36+02:00
1,8,0,0,1,2,2021-06-04 11:25:47+02:00
1,5,0,0,0,2,2021-06-04 12:22:42+02:00
1,2,0,0,0,1,2021-06-04 12:23:19+02:00
0,2,0,0,0,1,2021-06-04 10:24:37+00:00
0,6,0,0,0,3,2021-06-04 14:29:07+02:00
0,0,0,0,0,0,2021-06-04 14:29:22+02:00
0,2,0,0,0,1,2021-06-04 12:29:55+00:00
0,3,0,0,0,1,2021-06-04 14:30:01+02:00
0,0,0,0,0,0,2021-06-04 14:30:20+02:00
1,0,0,0,0,0,2021-06-04 14:45:19+02:00
0,1,0,0,0,1,2021-06-04 14:58:59+02:00
0,1,0,0,0,1,2021-06-04 12:59:34+00:00
1,2,0,0,0,0,2021-06-04 16:53:58+02:00
1,1,0,0,0,0,2021-06-04 14:55:00+00:00
0,2,1,0,0,2,2021-06-07 11:08:13+02:00
0,1,0,0,0,0,2021-06-07 11:21:05+02:00
0,3,0,0,0,0,2021-06-07 12:21:46+02:00
1,1,0,0,0,0,2021-06-07 12:22:45+02:00
0,5,1,0,0,2,2021-06-07 10:27:19+00:00
0,0,0,0,0,0,2021-06-07 12:31:06+02:00
0,0,0,0,0,0,2021-06-07 12:31:13+02:00
0,1,0,0,0,0,2021-06-07 13:35:02+02:00
0,2,0,1,0,0,2021-06-07 13:37:30+02:00
0,1,0,0,0,0,2021-06-07 11:38:04+00:00
0,2,0,0,0,0,2021-06-07 13:53:20+02:00
0,0,0,0,0,0,2021-06-07 13:53:28+02:00
0,2,0,0,0,0,2021-06-07 11:54:03+00:00
0,5,0,0,0,1,2021-06-07 16:13:02+02:00
0,3,0,0,0,1,2021-06-07 14:13:40+00:00
0,2,0,0,0,0,2021-06-08 09:42:48+02:00
1,1,0,1,0,1,2021-06-08 11:35:37+02:00
2,4,0,1,2,1,2021-06-08 12:07:46+02:00
0,1,0,0,0,0,2021-06-08 13:33:36+02:00
0,2,0,0,0,0,2021-06-08 11:34:03+00:00
0,0,0,0,0,0,2021-06-08 13:35:17+02:00
0,0,0,0,0,0,2021-06-08 13:39:22+02:00
0,0,0,0,0,0,2021-06-08 13:40:24+02:00
0,1,0,0,0,0,2021-06-08 11:40:57+00:00
0,0,0,0,0,0,2021-06-08 13:47:13+02:00
0,0,0,0,0,0,2021-06-08 13:47:25+02:00
0,0,0,0,0,0,2021-06-08 13:53:22+02:00
0,0,0,0,0,0,2021-06-08 14:01:59+02:00
0,0,0,0,0,0,2021-06-08 14:02:12+02:00
0,0,0,0,0,0,2021-06-08 14:02:41+02:00
0,0,0,0,0,0,2021-06-08 14:02:48+02:00
0,0,0,0,0,0,2021-06-08 14:03:58+02:00
0,0,0,0,0,0,2021-06-08 14:08:01+02:00
2,5,0,1,0,2,2021-06-08 14:37:07+02:00
1,3,0,0,0,1,2021-06-08 14:37:32+02:00
1,2,0,0,0,1,2021-06-08 14:42:32+02:00
0,1,0,0,0,0,2021-06-08 14:42:56+02:00
0,2,0,0,0,1,2021-06-08 15:30:37+02:00
1,2,0,1,0,1,2021-06-08 15:42:45+02:00
0,1,0,0,0,0,2021-06-08 13:43:16+00:00
1,2,0,1,0,1,2021-06-08 15:48:54+02:00
0,0,0,0,0,0,2021-06-08 15:49:40+02:00
0,1,0,0,0,0,2021-06-08 13:53:45+00:00
3,3,0,1,0,2,2021-06-08 16:52:51+02:00
1,1,0,0,0,0,2021-06-08 14:53:28+00:00
0,2,0,0,0,0,2021-06-10 12:07:35+02:00
0,2,0,0,0,0,2021-06-10 10:15:48+00:00
0,0,0,0,0,0,2021-06-10 15:13:26+02:00
0,0,0,0,0,0,2021-06-10 15:13:31+02:00
0,0,0,0,0,0,2021-06-10 15:29:02+02:00
0,0,0,0,0,0,2021-06-10 13:29:37+00:00
0,2,0,0,0,0,2021-06-10 16:16:45+02:00
0,1,0,0,0,0,2021-06-10 14:17:22+00:00
0,1,0,0,0,0,2021-06-10 16:53:58+02:00
0,0,0,0,0,0,2021-06-10 16:54:06+02:00
0,1,0,0,0,0,2021-06-10 16:54:26+02:00
0,3,0,0,0,0,2021-06-10 17:01:19+02:00
0,1,0,0,0,0,2021-06-10 17:01:32+02:00
0,1,0,0,0,0,2021-06-10 17:07:54+02:00
1,1,0,1,0,1,2021-06-10 17:11:53+02:00
1,1,0,1,0,1,2021-06-10 15:12:29+00:00
3,13,0,1,0,3,2021-06-11 11:45:40+02:00
0,0,0,0,0,0,2021-06-11 11:46:27+02:00
0,0,0,0,0,0,2021-06-11 12:06:42+02:00
0,1,0,0,1,0,2021-06-11 12:11:24+02:00
0,0,0,0,0,0,2021-06-11 12:16:06+02:00
0,1,0,0,0,0,2021-06-12 12:47:56+02:00
0,0,0,0,1,0,2021-06-12 12:48:30+02:00
1,1,0,0,0,0,2021-06-12 12:48:45+02:00
0,0,0,0,0,0,2021-06-12 12:50:42+02:00
0,0,0,0,0,0,2021-06-12 12:52:44+02:00
0,1,0,0,0,0,2021-06-12 13:13:24+02:00
0,1,1,1,0,1,2021-06-14 14:34:17+02:00
1,2,1,2,0,2,2021-06-14 15:20:59+02:00
1,1,0,1,0,1,2021-06-14 15:22:09+02:00
1,2,0,0,0,2,2021-06-14 15:59:14+02:00
0,2,0,0,0,1,2021-06-14 16:07:51+02:00
0,1,1,1,0,1,2021-06-14 16:46:18+02:00
0,1,1,1,0,2,2021-06-14 16:58:57+02:00
0,0,0,0,0,0,2021-06-14 17:03:03+02:00
0,1,0,0,0,1,2021-06-14 17:28:18+02:00
0,2,0,0,0,2,2021-06-14 17:34:57+02:00
0,0,0,0,0,0,2021-06-14 17:38:28+02:00
0,0,0,0,0,0,2021-06-15 09:34:23+02:00
0,0,0,1,0,1,2021-06-15 09:35:43+02:00
0,0,0,0,0,0,2021-06-15 09:40:13+02:00
3,13,1,2,0,8,2021-06-15 16:59:19+02:00
1,1,0,2,0,2,2021-06-15 17:22:09+02:00
0,1,0,0,0,1,2021-06-16 11:24:50+02:00
1,4,0,0,0,2,2021-06-16 11:41:29+02:00
0,0,0,0,0,0,2021-06-16 11:45:01+02:00
1,1,0,0,0,0,2021-06-16 12:06:55+02:00
0,0,0,0,0,0,2021-06-16 12:10:39+02:00
0,0,0,0,0,0,2021-06-16 12:13:03+02:00
0,0,0,1,1,1,2021-06-16 15:08:27+02:00
1,1,0,3,2,3,2021-06-16 17:25:47+02:00
0,0,0,0,0,0,2021-06-17 10:37:17+02:00
0,0,0,0,0,0,2021-06-17 10:38:46+02:00
0,0,0,0,0,0,2021-06-17 11:14:11+02:00
0,0,0,1,1,1,2021-06-17 11:14:43+02:00
0,0,0,1,0,1,2021-06-17 11:25:30+02:00
0,0,0,0,0,0,2021-06-17 11:45:11+02:00
0,0,0,0,0,0,2021-06-17 11:45:26+02:00
0,1,0,0,0,1,2021-06-17 12:06:35+02:00
0,0,0,1,0,1,2021-06-17 12:07:24+02:00
0,0,0,0,0,0,2021-06-17 12:17:36+02:00
0,0,0,0,0,0,2021-06-17 12:23:41+02:00
0,0,0,0,0,0,2021-06-17 12:25:13+02:00
0,0,0,0,0,0,2021-06-17 12:26:56+02:00
0,0,0,0,0,0,2021-06-17 12:29:41+02:00
0,0,0,1,0,1,2021-06-17 12:30:02+02:00
0,0,0,0,0,0,2021-06-17 12:35:45+02:00
0,0,0,0,0,0,2021-06-17 12:39:33+02:00
0,1,0,1,0,2,2021-06-17 10:40:05+00:00
0,0,0,1,0,1,2021-06-17 14:23:29+02:00
0,0,0,0,0,0,2021-06-17 14:27:16+02:00
0,0,0,0,0,0,2021-06-17 14:30:16+02:00
0,0,0,0,0,0,2021-06-17 12:30:45+00:00
0,0,0,0,0,0,2021-06-17 15:15:38+02:00
0,0,0,0,0,0,2021-06-17 15:16:10+02:00
0,0,0,0,0,0,2021-06-17 15:40:53+02:00
0,0,0,0,0,0,2021-06-17 15:42:03+02:00
0,0,0,0,0,0,2021-06-17 15:50:28+02:00
0,0,0,0,0,0,2021-06-17 15:50:41+02:00
0,0,0,0,0,0,2021-06-17 16:19:10+02:00
0,0,0,0,0,0,2021-06-17 16:53:46+02:00
0,0,0,0,0,0,2021-06-17 16:54:11+02:00
0,0,0,0,0,0,2021-06-17 16:55:00+02:00
0,0,0,0,0,0,2021-06-18 11:38:19+02:00
1,5,0,1,0,2,2021-06-18 11:38:42+02:00
0,1,0,0,0,0,2021-06-18 11:39:09+02:00
1,2,0,0,0,0,2021-06-18 11:46:55+02:00
0,0,0,0,0,0,2021-06-18 11:52:35+02:00
1,5,0,1,0,2,2021-06-18 09:53:03+00:00
0,0,0,0,0,0,2021-06-18 12:02:46+02:00
0,0,0,0,0,0,2021-06-18 12:03:09+02:00
0,0,0,0,0,0,2021-06-18 12:03:15+02:00
0,0,0,0,0,0,2021-06-18 12:05:59+02:00
0,0,0,0,0,0,2021-06-18 12:15:25+02:00
0,0,0,0,0,0,2021-06-18 12:21:46+02:00
1,1,0,1,0,1,2021-06-18 13:56:42+02:00
1,1,0,1,0,1,2021-06-18 11:57:16+00:00
0,0,0,0,0,0,2021-06-18 14:04:13+02:00
2,7,0,2,0,5,2021-06-21 16:59:23+02:00
0,0,0,0,0,0,2021-06-22 08:46:55+02:00
0,0,0,0,0,0,2021-06-22 08:47:11+02:00
0,0,0,0,0,0,2021-06-22 10:11:08+02:00
0,0,0,0,0,0,2021-06-22 10:49:32+02:00
0,0,0,0,0,0,2021-06-22 11:01:42+02:00
0,0,0,0,0,0,2021-06-22 11:03:49+02:00
1,0,0,0,0,0,2021-06-22 09:04:34+00:00
0,0,0,0,0,0,2021-06-22 11:07:07+02:00
0,0,0,0,0,0,2021-06-22 11:07:25+02:00
0,0,0,0,0,0,2021-06-22 11:10:15+02:00
1,1,0,1,0,1,2021-06-22 13:20:04+02:00
1,1,0,1,0,1,2021-06-22 14:05:02+02:00
1,2,0,0,0,0,2021-06-22 14:07:45+02:00
1,1,0,0,0,0,2021-06-22 12:08:17+00:00
1,1,0,1,0,1,2021-06-22 14:09:49+02:00
0,0,0,0,0,0,2021-06-22 14:10:03+02:00
0,0,0,0,0,0,2021-06-22 14:18:06+02:00
2,2,0,1,0,1,2021-06-22 14:30:07+02:00
0,1,0,0,0,0,2021-06-22 14:33:18+02:00
0,1,0,0,0,0,2021-06-22 12:33:51+00:00
0,0,0,0,0,0,2021-06-22 15:34:24+02:00
0,0,0,0,0,0,2021-06-22 15:36:54+02:00
0,0,0,0,0,0,2021-06-22 17:07:47+02:00
0,0,0,0,0,0,2021-06-22 17:12:59+02:00
0,2,0,0,1,0,2021-06-23 15:25:51+02:00
0,1,0,0,0,0,2021-06-23 13:31:13+00:00
0,0,0,0,0,0,2021-06-23 16:01:30+02:00
1,1,0,0,0,0,2021-06-23 16:03:18+02:00
0,0,0,0,0,0,2021-06-23 16:05:13+02:00
0,0,0,0,0,0,2021-06-24 09:28:12+02:00
1,1,0,0,0,0,2021-06-24 10:31:04+02:00
1,1,0,0,0,0,2021-06-24 14:17:49+02:00
0,1,0,0,0,0,2021-06-25 09:53:46+02:00
0,1,0,0,0,0,2021-06-25 07:54:12+00:00
4,13,0,3,1,7,2021-06-25 18:10:06+02:00
1,2,0,1,0,2,2021-06-25 18:10:23+02:00
0,0,0,0,0,0,2021-06-25 18:14:40+02:00
1,1,0,0,0,0,2021-06-25 18:16:01+02:00
0,1,0,0,0,1,2021-06-28 14:18:12+02:00
0,2,1,1,0,2,2021-06-28 17:15:32+02:00
1,1,0,0,0,0,2021-06-28 17:20:41+02:00
2,3,0,1,0,2,2021-06-28 17:29:20+02:00
0,2,1,1,0,2,2021-06-28 21:47:53+02:00
1,1,0,0,0,0,2021-06-28 21:48:29+02:00
0,1,1,1,0,1,2021-06-28 23:00:52+02:00
1,1,0,0,0,0,2021-06-28 23:01:56+02:00
0,1,1,1,0,1,2021-06-30 08:37:25+02:00
0,1,1,1,0,1,2021-06-30 06:38:17+00:00
1,1,0,0,0,0,2021-06-30 08:42:22+02:00
0,0,0,0,0,0,2021-06-30 10:15:08+02:00
1,1,0,0,0,0,2021-06-30 11:33:59+02:00
0,0,0,0,0,0,2021-06-30 11:35:41+02:00
0,1,0,0,0,1,2021-06-30 11:36:40+02:00
0,1,0,0,0,1,2021-06-30 11:37:37+02:00
0,1,0,0,0,1,2021-06-30 11:38:49+02:00
0,1,0,0,0,0,2021-06-30 11:40:46+02:00
0,0,0,0,0,0,2021-06-30 11:41:13+02:00
0,1,0,0,0,1,2021-06-30 09:41:47+00:00
0,0,0,0,0,0,2021-06-30 11:55:41+02:00
0,0,0,0,0,0,2021-06-30 12:00:53+02:00
0,0,0,0,0,0,2021-06-30 12:01:03+02:00
0,0,0,0,0,0,2021-07-01 15:22:17+02:00
2,7,0,1,2,2,2021-07-02 16:20:56+02:00
0,0,0,0,0,0,2021-07-02 16:25:44+02:00
1,1,0,0,0,0,2021-07-02 16:26:04+02:00
1,6,0,0,0,3,2021-07-05 13:14:37+02:00
1,1,0,0,0,0,2021-07-05 13:15:48+02:00
1,4,0,1,1,2,2021-07-07 13:52:11+02:00
0,0,0,0,0,0,2021-07-07 13:52:36+02:00
1,1,0,0,0,0,2021-07-07 13:53:01+02:00
0,0,0,0,0,0,2021-07-07 14:24:41+02:00
1,2,1,2,0,2,2021-07-08 15:23:08+02:00
0,0,0,0,0,0,2021-07-08 15:23:34+02:00
1,1,0,0,0,0,2021-07-08 15:25:10+02:00
0,0,0,0,0,0,2021-07-08 13:26:13+00:00
0,1,1,1,0,1,2021-07-08 15:27:33+02:00
0,0,0,0,0,0,2021-07-08 15:30:03+02:00
0,0,0,0,0,0,2021-07-08 15:39:49+02:00
0,0,0,0,0,0,2021-07-08 13:41:20+00:00
0,0,0,0,0,0,2021-07-08 15:48:12+02:00
0,0,0,0,0,0,2021-07-08 15:48:20+02:00
0,0,0,0,0,0,2021-07-08 15:52:49+02:00
1,3,1,2,0,2,2021-07-08 16:23:42+02:00
0,1,0,0,0,1,2021-07-08 17:21:30+02:00
0,2,0,0,0,2,2021-07-08 17:53:29+02:00
0,1,0,0,0,0,2021-07-09 13:20:15+02:00
1,1,0,0,0,0,2021-07-09 15:03:16+02:00
2,2,0,1,0,2,2021-07-09 15:08:04+02:00
0,0,0,0,0,0,2021-07-09 15:13:33+02:00
0,0,0,0,0,0,2021-07-09 15:41:37+02:00
0,0,0,0,0,0,2021-07-09 15:42:01+02:00
0,1,0,0,0,1,2021-07-13 17:32:05+02:00
0,0,0,0,0,0,2021-07-13 17:33:02+02:00
1,1,0,0,0,0,2021-07-13 17:34:38+02:00
0,1,0,0,0,1,2021-07-13 15:35:53+00:00
0,1,0,0,0,0,2021-07-13 17:42:13+02:00
1,1,0,0,0,0,2021-07-13 17:42:38+02:00
0,0,0,0,0,0,2021-07-13 17:42:44+02:00
0,0,0,0,0,0,2021-07-14 11:24:38+02:00
0,1,0,0,0,0,2021-07-14 13:36:28+02:00
1,2,0,1,0,1,2021-07-14 13:36:56+02:00
0,0,0,0,0,0,2021-07-14 13:37:31+02:00
0,0,0,0,0,0,2021-07-14 13:45:55+02:00
1,1,0,1,0,1,2021-07-14 11:46:39+00:00
1,1,0,1,0,1,2021-07-16 09:32:09+02:00
0,1,0,0,0,0,2021-07-16 07:32:39+00:00
0,1,0,0,0,0,2021-07-16 09:51:29+02:00
0,0,0,0,0,0,2021-07-16 09:53:26+02:00
0,1,0,0,0,0,2021-07-16 10:07:10+02:00
0,0,0,0,0,0,2021-07-16 10:19:31+02:00
1,1,0,0,0,0,2021-07-17 20:10:05+02:00
0,0,0,0,0,0,2021-07-17 20:12:12+02:00
0,0,0,0,0,0,2021-07-19 14:19:22+02:00
0,0,0,0,0,0,2021-07-19 15:12:06+02:00
1,1,0,0,0,0,2021-07-19 15:26:05+02:00
0,1,0,0,0,0,2021-07-26 08:48:24+02:00
0,6,0,0,1,2,2021-07-26 11:40:42+02:00
0,1,0,0,0,1,2021-07-26 13:32:01+02:00
0,3,0,0,0,1,2021-07-26 14:25:51+02:00
0,3,0,0,1,1,2021-07-26 12:34:00+00:00
1,0,0,1,0,1,2021-07-26 15:11:09+02:00
0,0,0,0,0,0,2021-07-26 15:15:59+02:00
0,1,0,0,0,1,2021-07-26 15:17:02+02:00
0,1,0,0,0,1,2021-07-26 13:17:40+00:00
0,0,0,0,0,0,2021-07-26 15:20:07+02:00
0,1,0,0,0,1,2021-07-26 15:21:25+02:00
0,1,0,0,0,1,2021-07-26 13:21:57+00:00
0,0,0,0,0,0,2021-07-26 15:23:30+02:00
0,0,0,0,0,0,2021-07-26 15:24:12+02:00
0,1,0,0,0,1,2021-07-26 15:24:32+02:00
0,1,0,0,0,1,2021-07-26 13:25:00+00:00
0,0,0,0,0,0,2021-07-26 15:51:28+02:00
0,0,0,0,0,0,2021-07-26 16:00:57+02:00
0,0,0,0,0,0,2021-07-26 16:02:35+02:00
0,0,0,0,0,0,2021-07-27 08:51:54+02:00
0,1,0,0,0,1,2021-07-27 11:01:22+02:00
0,1,0,0,0,1,2021-07-27 09:02:15+00:00
0,0,0,0,0,0,2021-07-27 11:29:16+02:00
0,0,0,0,0,0,2021-07-27 11:29:33+02:00
0,0,0,0,0,0,2021-07-27 11:33:46+02:00
1,1,0,0,0,0,2021-07-27 11:36:14+02:00
0,0,0,0,0,0,2021-07-27 12:04:49+02:00
0,0,0,0,0,0,2021-07-27 12:09:15+02:00
0,0,0,0,0,0,2021-07-27 12:14:56+02:00
0,0,0,0,0,0,2021-07-27 13:32:54+02:00
0,0,0,0,0,0,2021-07-27 14:00:45+02:00
0,0,0,0,0,0,2021-07-27 14:41:52+02:00
1,1,0,0,0,0,2021-07-27 14:42:36+02:00
1,2,0,1,0,2,2021-07-28 13:59:51+02:00
0,1,0,0,0,0,2021-07-28 14:04:09+02:00
0,1,0,0,0,0,2021-07-28 14:04:47+02:00
0,1,0,0,0,0,2021-07-28 16:20:19+02:00
0,2,0,0,0,1,2021-07-28 16:31:19+02:00
0,0,0,0,0,0,2021-07-28 16:34:33+02:00
0,1,0,0,0,1,2021-07-30 10:53:56+02:00
0,1,0,0,0,1,2021-07-30 10:54:33+02:00
1,1,0,0,0,0,2021-07-30 10:57:28+02:00
0,0,0,0,0,0,2021-07-30 11:12:03+02:00
1,5,0,0,0,0,2021-08-03 09:35:26+02:00
0,3,0,0,0,0,2021-08-03 09:45:54+02:00
0,0,0,0,0,0,2021-08-03 10:07:44+02:00
0,0,0,0,0,0,2021-08-03 10:47:58+02:00
0,0,0,0,0,0,2021-08-03 10:49:46+02:00
0,0,0,0,0,0,2021-08-03 10:50:09+02:00
0,0,0,0,0,0,2021-08-03 10:52:30+02:00
0,1,0,0,0,0,2021-08-03 11:32:32+02:00
0,0,0,0,0,0,2021-08-03 11:41:50+02:00
0,0,0,0,0,0,2021-08-03 14:22:13+02:00
0,0,0,0,0,0,2021-08-03 14:24:46+02:00
0,1,0,0,0,0,2021-08-03 16:39:09+02:00
0,1,0,0,0,0,2021-08-03 17:03:01+02:00
0,0,0,0,0,0,2021-08-03 17:06:41+02:00
0,0,0,0,0,0,2021-08-04 11:16:59+02:00
1,1,0,0,0,0,2021-08-04 11:17:28+02:00
0,0,0,0,0,0,2021-08-05 11:24:13+02:00
0,0,0,0,0,0,2021-08-05 11:39:49+02:00
0,0,0,0,0,0,2021-08-05 12:44:52+02:00
0,0,0,0,0,0,2021-08-05 12:49:53+02:00
0,0,0,0,0,0,2021-08-05 12:54:52+02:00
0,0,0,0,0,0,2021-08-05 12:56:13+02:00
0,0,0,0,0,0,2021-08-05 12:56:31+02:00
0,0,0,0,0,0,2021-08-05 13:06:57+02:00
0,0,0,0,0,0,2021-08-05 13:09:43+02:00
0,0,0,0,0,0,2021-08-05 13:11:39+02:00
0,0,0,0,0,0,2021-08-05 13:12:54+02:00
0,0,0,0,0,0,2021-08-05 13:19:20+02:00
0,0,0,0,0,0,2021-08-05 13:55:08+02:00
0,0,0,0,0,0,2021-08-05 14:00:11+02:00
0,0,0,0,0,0,2021-08-05 14:05:39+02:00
0,0,0,0,0,0,2021-08-05 14:36:14+02:00
0,0,0,0,0,0,2021-08-05 15:25:06+02:00
0,0,0,0,0,0,2021-08-05 15:29:49+02:00
0,0,0,0,0,0,2021-08-05 15:31:12+02:00
0,0,0,0,0,0,2021-08-05 15:31:21+02:00
1,1,0,0,0,0,2021-08-05 15:40:33+02:00
0,0,0,0,0,0,2021-08-05 16:41:00+02:00
0,0,0,0,0,0,2021-08-06 08:45:22+02:00
0,0,0,0,0,0,2021-08-06 08:46:40+02:00
0,0,0,0,0,0,2021-08-06 08:57:27+02:00
0,0,0,0,0,0,2021-08-06 09:55:47+02:00
0,0,0,0,0,0,2021-08-06 09:57:50+02:00
0,0,0,0,0,0,2021-08-06 09:58:16+02:00
0,0,0,0,0,0,2021-08-06 09:59:13+02:00
0,0,0,0,0,0,2021-08-06 10:12:35+02:00
0,0,0,0,0,0,2021-08-06 12:59:11+02:00
0,0,0,0,0,0,2021-08-06 13:00:14+02:00
0,0,0,0,0,0,2021-08-06 13:00:40+02:00
0,0,0,0,0,0,2021-08-06 13:01:05+02:00
0,0,0,0,0,0,2021-08-06 13:05:55+02:00
0,0,0,0,0,0,2021-08-06 13:09:42+02:00
0,0,0,0,0,0,2021-08-06 15:50:33+02:00
0,0,0,0,0,0,2021-08-06 15:53:14+02:00
0,0,0,0,0,0,2021-08-06 16:02:47+02:00
0,0,0,0,0,0,2021-08-06 16:03:40+02:00
0,0,0,0,0,0,2021-08-06 16:04:27+02:00
0,0,0,0,0,0,2021-08-06 16:07:02+02:00
0,0,0,0,0,0,2021-08-06 16:12:46+02:00
0,0,0,0,0,0,2021-08-06 16:15:33+02:00
0,0,0,0,0,0,2021-08-06 16:21:43+02:00
0,0,0,0,0,0,2021-08-06 14:24:06+00:00
0,0,0,0,0,0,2021-08-06 16:28:08+02:00
0,0,0,0,0,0,2021-08-06 16:47:41+02:00
0,0,0,0,0,0,2021-08-06 14:50:51+00:00
0,0,0,0,0,0,2021-08-06 17:27:55+02:00
0,0,0,0,0,0,2021-08-06 17:40:40+02:00
0,0,0,0,0,0,2021-08-09 14:53:48+02:00
0,0,0,0,0,0,2021-08-09 14:56:50+02:00
0,0,0,0,0,0,2021-08-09 14:57:37+02:00
1,1,0,0,0,0,2021-08-09 14:57:47+02:00
0,0,0,0,0,0,2021-08-09 16:56:05+02:00
0,0,0,0,0,0,2021-08-09 16:57:21+02:00
1,1,0,0,0,0,2021-08-09 16:57:58+02:00
0,0,0,0,0,0,2021-08-12 16:46:50+02:00
1,1,0,0,0,0,2021-08-12 16:48:07+02:00
0,1,0,0,0,0,2021-08-12 17:20:27+02:00
1,1,0,0,0,0,2021-08-12 17:25:24+02:00
0,0,0,0,0,0,2021-08-12 17:30:30+02:00
1,1,0,0,0,0,2021-08-12 17:30:50+02:00
0,0,0,0,0,0,2021-08-17 15:42:52+02:00
0,0,0,0,0,0,2021-08-17 15:47:43+02:00
0,1,0,0,0,0,2021-08-18 09:30:25+02:00
0,0,0,0,0,0,2021-08-18 11:05:38+02:00
0,0,0,0,0,0,2021-08-18 11:35:46+02:00
0,0,0,0,0,0,2021-08-18 11:35:57+02:00
0,0,0,0,0,0,2021-08-18 11:44:42+02:00
0,1,0,0,0,0,2021-08-18 14:46:31+02:00
0,0,0,0,0,0,2021-08-18 14:47:01+02:00
1,0,0,1,0,1,2021-08-18 14:47:22+02:00
0,0,0,0,0,0,2021-08-18 14:47:39+02:00
1,1,0,0,0,0,2021-08-18 14:57:31+02:00
1,2,0,1,0,1,2021-08-18 15:07:06+02:00
0,0,0,0,0,0,2021-08-18 16:12:33+02:00
0,0,0,0,0,0,2021-08-19 10:38:58+02:00
0,0,0,0,0,0,2021-08-19 10:43:05+02:00
0,0,0,0,0,0,2021-08-19 10:45:47+02:00
0,0,0,0,0,0,2021-08-19 10:49:01+02:00
0,0,0,0,0,0,2021-08-19 10:57:02+02:00
0,0,0,0,0,0,2021-08-19 11:01:55+02:00
0,0,0,0,0,1,2021-08-20 16:32:35+02:00
0,1,0,0,0,1,2021-08-20 16:41:04+02:00
0,1,0,0,0,0,2021-08-20 16:41:23+02:00
0,1,0,0,0,0,2021-08-20 16:41:40+02:00
0,0,0,0,0,1,2021-08-20 16:49:38+02:00
1,2,0,1,0,1,2021-08-20 17:04:32+02:00
0,0,0,0,0,0,2021-08-20 17:09:39+02:00
0,1,0,0,0,0,2021-08-20 17:11:52+02:00
0,0,0,0,0,0,2021-08-20 17:15:10+02:00
0,0,0,0,0,1,2021-08-23 08:40:08+02:00
0,0,0,0,0,0,2021-08-23 16:38:56+02:00
0,0,0,0,0,0,2021-08-23 16:49:56+02:00
0,0,0,0,0,0,2021-08-25 13:06:17+02:00
0,0,0,0,0,0,2021-08-26 13:10:01+02:00
1,2,1,2,0,4,2021-08-26 15:56:12+02:00
0,0,0,0,0,0,2021-08-26 15:58:42+02:00
0,2,1,2,0,2,2021-08-26 16:51:50+02:00
0,0,0,0,0,0,2021-08-27 08:57:41+02:00
0,2,1,2,0,2,2021-08-27 10:33:28+02:00
0,1,1,1,0,1,2021-08-27 10:43:10+02:00
0,0,0,0,0,0,2021-08-27 16:20:01+02:00
0,0,0,0,0,0,2021-08-27 16:25:55+02:00
0,0,0,0,0,0,2021-09-01 09:46:03+02:00
0,0,0,0,0,0,2021-09-01 10:49:48+02:00
0,0,0,0,0,0,2021-09-01 09:06:58+00:00
0,0,0,0,0,0,2021-09-01 11:22:20+02:00
0,0,0,0,0,0,2021-09-01 12:34:06+02:00
0,0,0,0,0,0,2021-09-01 12:34:57+02:00
0,0,0,0,0,0,2021-09-01 10:35:22+00:00
0,0,0,0,0,0,2021-09-01 12:38:27+02:00
0,0,0,0,0,0,2021-09-01 12:41:22+02:00
0,0,0,0,0,0,2021-09-01 14:26:07+02:00
0,1,0,0,0,0,2021-09-01 16:15:31+02:00
0,0,0,0,0,0,2021-09-02 11:27:20+02:00
0,1,0,0,0,0,2021-09-02 11:45:18+02:00
0,1,0,0,0,0,2021-09-02 09:52:51+00:00
0,0,0,0,0,0,2021-09-02 14:20:31+02:00
0,0,0,0,0,0,2021-09-02 14:21:11+02:00
0,0,0,0,0,0,2021-09-03 15:45:03+02:00
0,0,0,0,0,0,2021-09-03 15:48:01+02:00
0,0,0,0,0,0,2021-09-03 15:53:36+02:00
0,0,0,0,0,0,2021-09-03 15:57:37+02:00
0,0,0,0,0,0,2021-09-06 13:05:56+02:00
0,0,0,0,0,0,2021-09-06 16:06:41+02:00
0,0,0,0,0,0,2021-09-06 16:07:38+02:00
0,0,0,0,0,0,2021-09-06 16:09:11+02:00
0,0,0,0,0,0,2021-09-07 14:03:51+02:00
0,0,0,0,0,0,2021-09-07 14:29:40+02:00
0,1,0,1,1,1,2021-09-09 16:35:29+02:00
0,1,0,1,1,1,2021-09-10 10:15:54+02:00
0,1,0,1,1,1,2021-09-10 12:22:04+02:00
0,1,0,1,1,1,2021-09-10 13:53:06+02:00
0,1,0,1,1,1,2021-09-10 13:58:24+02:00
0,0,0,0,0,0,2021-09-10 14:03:53+02:00
0,1,0,0,0,0,2021-09-10 14:14:36+02:00
0,2,0,1,1,1,2021-09-10 12:16:57+00:00
0,1,0,1,1,1,2021-09-10 15:03:19+02:00
0,0,0,0,0,0,2021-09-10 15:05:48+02:00
0,1,0,1,1,1,2021-09-10 13:06:28+00:00
1,1,0,0,0,0,2021-09-13 14:21:48+02:00
0,3,0,1,1,1,2021-09-13 15:58:46+02:00
0,1,0,1,0,1,2021-09-13 13:59:18+00:00
1,0,0,2,0,2,2021-09-13 16:13:11+02:00
0,2,0,0,0,0,2021-09-13 17:16:17+02:00
0,0,0,1,0,1,2021-09-14 10:48:57+02:00
0,0,0,1,0,1,2021-09-14 08:49:35+00:00
1,3,1,2,0,2,2021-09-14 10:59:48+02:00
0,0,0,1,0,1,2021-09-14 11:01:58+02:00
0,0,0,0,0,0,2021-09-14 11:02:17+02:00
0,0,0,0,0,0,2021-09-14 11:20:46+02:00
0,0,0,0,0,0,2021-09-14 09:21:22+00:00
0,0,0,0,0,0,2021-09-14 11:24:32+02:00
0,0,0,0,0,0,2021-09-14 11:24:45+02:00
0,0,0,1,0,1,2021-09-14 11:48:08+02:00
0,0,0,1,0,1,2021-09-14 09:48:40+00:00
0,0,0,0,0,0,2021-09-14 11:52:16+02:00
0,0,0,0,0,0,2021-09-14 13:07:46+02:00
1,5,1,2,0,3,2021-09-14 14:19:17+02:00
0,3,1,1,0,1,2021-09-14 12:20:38+00:00
0,1,0,0,0,0,2021-09-14 14:35:47+02:00
0,4,1,1,0,1,2021-09-14 15:34:46+02:00
0,2,1,1,0,1,2021-09-14 13:35:24+00:00
0,2,1,1,0,1,2021-09-14 15:47:01+02:00
0,3,1,2,0,2,2021-09-14 16:45:40+02:00
0,0,0,0,0,0,2021-09-14 16:48:00+02:00
0,3,1,1,0,1,2021-09-14 14:48:30+00:00
0,1,0,0,0,0,2021-09-14 16:53:41+02:00
0,0,0,0,0,0,2021-09-14 16:53:50+02:00
0,3,1,2,0,3,2021-09-15 12:32:50+02:00
0,2,0,1,0,2,2021-09-15 10:36:45+00:00
0,1,0,0,0,0,2021-09-15 13:10:01+02:00
0,0,0,0,0,0,2021-09-15 13:10:12+02:00
0,1,0,0,0,0,2021-09-15 11:10:47+00:00
0,1,0,0,0,0,2021-09-15 13:28:28+02:00
0,0,0,0,0,0,2021-09-15 13:28:37+02:00
2,3,0,1,1,3,2021-09-15 16:24:15+02:00
0,1,0,0,1,0,2021-09-15 14:26:11+00:00
1,3,0,2,1,2,2021-09-16 09:16:13+02:00
1,3,0,1,0,2,2021-09-16 09:45:07+02:00
0,0,0,0,0,0,2021-09-16 09:55:24+02:00
0,2,0,0,0,0,2021-09-16 11:14:30+02:00
0,1,0,0,1,0,2021-09-16 11:33:25+02:00
0,1,0,0,1,0,2021-09-16 09:34:05+00:00
0,0,0,0,0,0,2021-09-16 11:46:02+02:00
0,1,0,0,0,0,2021-09-16 11:59:00+02:00
0,1,0,0,0,0,2021-09-16 10:00:09+00:00
0,1,0,0,1,0,2021-09-16 12:38:20+02:00
1,3,0,1,1,1,2021-09-16 12:52:39+02:00
0,1,0,0,1,0,2021-09-16 13:10:53+02:00
4,19,1,2,2,6,2021-09-16 13:37:05+02:00
0,1,0,0,1,0,2021-09-16 13:39:10+02:00
0,1,0,0,0,0,2021-09-16 13:41:04+02:00
0,0,0,0,0,0,2021-09-16 13:43:16+02:00
0,3,0,0,1,0,2021-09-16 13:45:45+02:00
0,1,0,0,1,0,2021-09-16 13:48:20+02:00
1,1,0,0,0,0,2021-09-16 13:51:26+02:00
0,0,0,0,0,0,2021-09-16 13:51:48+02:00
0,0,0,0,0,0,2021-09-16 13:52:03+02:00
0,0,0,1,0,1,2021-09-16 14:12:54+02:00
0,1,0,0,1,0,2021-09-16 14:21:14+02:00
0,0,0,0,0,0,2021-09-16 15:07:43+02:00
0,0,0,0,0,0,2021-09-16 15:25:46+02:00
0,1,0,0,1,0,2021-09-16 15:35:41+02:00
0,1,0,0,1,0,2021-09-16 15:49:43+02:00
0,1,0,0,1,0,2021-09-16 16:12:05+02:00
4,19,1,2,2,6,2021-09-17 11:02:28+02:00
0,1,0,0,1,0,2021-09-17 11:10:37+02:00
0,1,0,0,1,0,2021-09-17 11:24:04+02:00
0,1,0,0,1,0,2021-09-17 12:21:25+02:00
1,3,0,2,1,2,2021-09-21 17:34:14+02:00
0,1,0,0,1,0,2021-09-21 17:36:37+02:00
0,0,0,0,0,0,2021-09-21 17:40:12+02:00
1,0,0,1,0,1,2021-09-21 18:50:15+02:00
0,1,0,0,1,0,2021-09-21 19:19:41+02:00
0,1,0,0,1,0,2021-09-21 19:25:30+02:00
0,1,0,0,1,0,2021-09-22 15:20:16+02:00
0,0,0,0,0,0,2021-09-22 14:55:47+00:00
1,1,0,0,0,0,2021-09-22 16:59:19+02:00
1,1,0,0,0,0,2021-09-22 18:08:36+02:00
0,0,0,0,0,0,2021-09-22 18:08:56+02:00
0,0,0,0,0,0,2021-09-22 18:39:25+02:00
1,1,0,0,0,0,2021-09-22 18:39:45+02:00
0,0,0,0,0,0,2021-09-23 10:20:07+02:00
1,1,0,0,0,0,2021-09-23 10:21:43+02:00
0,0,0,0,0,0,2021-09-23 10:41:52+02:00
3,7,0,0,0,0,2021-09-23 13:32:00+02:00
0,0,0,1,0,1,2021-09-23 14:13:57+02:00
0,0,0,0,0,0,2021-09-23 14:38:25+02:00
1,4,0,2,1,2,2021-09-23 14:59:33+02:00
0,1,0,0,0,0,2021-09-23 15:02:35+02:00
0,0,0,0,0,0,2021-09-23 15:09:44+02:00
0,1,0,0,1,0,2021-09-23 16:03:52+02:00
0,0,0,0,0,0,2021-09-23 16:18:21+02:00
0,1,0,0,0,0,2021-09-23 16:38:59+02:00
1,1,0,0,0,0,2021-09-23 17:05:45+02:00
0,0,0,0,0,0,2021-09-23 17:06:06+02:00
1,3,0,0,0,0,2021-09-23 15:18:14+00:00
0,0,0,0,0,0,2021-09-23 17:19:08+02:00
0,0,0,0,0,0,2021-09-23 17:19:17+02:00
0,0,0,0,0,0,2021-09-24 11:35:41+02:00
0,1,0,0,0,0,2021-09-24 13:54:10+02:00
0,1,0,0,0,0,2021-09-24 11:55:30+00:00
0,1,0,0,0,0,2021-09-24 14:32:13+02:00
0,0,0,0,0,0,2021-09-24 14:32:16+02:00
0,0,0,0,0,0,2021-09-27 09:14:02+02:00
0,0,0,0,0,0,2021-09-27 09:48:01+02:00
0,0,0,0,0,0,2021-09-27 09:48:19+02:00
1,1,0,1,0,1,2021-09-27 14:19:32+02:00
1,1,0,1,0,1,2021-09-27 12:27:07+00:00
1,0,0,1,0,1,2021-09-27 14:28:09+02:00
0,0,0,0,0,0,2021-09-27 14:29:42+02:00
0,0,0,0,0,0,2021-09-27 14:36:59+02:00
0,1,0,0,0,0,2021-09-27 17:00:52+02:00
0,1,0,0,0,0,2021-09-28 09:43:19+02:00
1,1,0,1,0,1,2021-09-28 12:00:26+02:00
0,1,0,0,0,0,2021-09-28 12:58:53+02:00
0,1,0,0,0,0,2021-09-28 13:06:07+02:00
0,0,0,0,0,0,2021-09-28 13:11:12+02:00
0,2,0,0,0,0,2021-09-28 11:11:40+00:00
1,1,0,0,0,0,2021-09-28 13:15:56+02:00
0,1,0,0,0,0,2021-09-28 13:31:23+02:00
0,1,0,0,0,0,2021-09-28 11:31:50+00:00
0,1,0,0,0,0,2021-09-28 13:37:40+02:00
0,0,0,0,0,0,2021-09-28 13:37:50+02:00
0,0,0,0,0,0,2021-09-28 13:42:55+02:00
0,1,0,0,0,0,2021-09-28 15:26:54+02:00
0,1,0,0,0,0,2021-09-28 13:27:29+00:00
1,1,0,0,0,0,2021-09-28 15:44:10+02:00
6,44,1,4,4,9,2021-09-28 16:36:17+02:00
0,1,0,0,0,0,2021-09-28 16:57:23+02:00
0,2,0,0,0,1,2021-09-28 16:57:52+02:00
0,1,0,0,0,0,2021-09-29 12:00:04+02:00
0,0,0,0,0,0,2021-09-29 14:42:43+02:00
0,0,0,0,0,0,2021-09-29 14:49:20+02:00
0,0,0,0,0,0,2021-10-04 09:54:38+02:00
0,0,0,0,0,0,2021-10-04 10:14:06+02:00
0,0,0,0,0,0,2021-10-04 08:14:46+00:00
0,0,0,0,0,0,2021-10-04 10:53:53+02:00
1,1,0,0,0,0,2021-10-04 10:57:39+02:00
1,1,0,0,0,0,2021-10-04 11:20:29+02:00
2,3,0,1,1,2,2021-10-06 13:08:06+02:00
0,0,0,0,0,0,2021-10-06 13:35:22+02:00
1,0,0,1,0,1,2021-10-06 13:45:27+02:00
4,9,0,1,1,4,2021-10-06 15:27:15+02:00
0,3,0,0,0,2,2021-10-07 09:20:02+02:00
1,1,0,0,0,0,2021-10-07 10:08:23+02:00
1,1,0,0,0,0,2021-10-07 10:22:25+02:00
1,1,0,0,0,0,2021-10-07 10:30:11+02:00
2,5,0,1,2,2,2021-10-07 15:21:12+02:00
2,2,0,1,1,2,2021-10-07 16:00:53+02:00
1,2,0,0,0,0,2021-10-07 17:25:27+02:00
2,6,0,1,1,2,2021-10-08 11:44:12+02:00
4,9,0,1,2,3,2021-10-08 09:48:05+00:00
1,0,0,1,0,1,2021-10-08 11:50:25+02:00
0,0,0,0,0,0,2021-10-08 11:50:39+02:00
0,0,0,0,0,0,2021-10-08 11:58:27+02:00
0,1,0,0,0,0,2021-10-08 12:02:43+02:00
0,1,0,0,0,0,2021-10-08 10:03:14+00:00
0,1,0,0,0,0,2021-10-08 12:08:20+02:00
0,1,0,1,0,1,2021-10-08 17:56:09+02:00
0,2,0,1,0,1,2021-10-08 17:56:57+02:00
0,0,0,0,0,0,2021-10-08 18:01:30+02:00
2,2,0,1,1,2,2021-10-11 16:00:09+02:00
1,1,0,0,0,0,2021-10-11 16:08:08+02:00
1,1,0,0,0,0,2021-10-11 16:08:36+02:00
1,2,0,0,1,1,2021-10-11 14:09:13+00:00
1,1,0,0,0,0,2021-10-11 16:22:38+02:00
0,0,0,0,0,0,2021-10-11 16:23:12+02:00
1,2,0,1,0,1,2021-10-11 16:44:51+02:00
1,2,0,0,0,0,2021-10-12 09:29:40+02:00
1,1,0,0,0,0,2021-10-12 10:52:07+02:00
1,1,0,0,0,0,2021-10-12 08:52:38+00:00
1,1,0,0,0,0,2021-10-12 11:11:11+02:00
0,0,0,0,0,0,2021-10-12 11:11:20+02:00
0,1,0,1,0,1,2021-10-12 13:47:01+02:00
0,0,0,1,0,1,2021-10-12 13:47:50+02:00
0,1,0,0,0,0,2021-10-12 13:49:19+02:00
1,1,0,1,0,2,2021-10-12 14:11:43+02:00
0,0,0,0,0,0,2021-10-12 14:42:13+02:00
0,1,0,0,0,0,2021-10-12 15:31:41+02:00
0,0,0,0,0,0,2021-10-12 15:36:26+02:00
1,2,0,1,0,1,2021-10-12 16:11:52+02:00
1,2,0,1,0,1,2021-10-12 14:13:29+00:00
0,0,0,0,0,0,2021-10-12 16:19:48+02:00
0,0,0,1,0,1,2021-10-12 16:27:48+02:00
0,0,0,0,0,0,2021-10-12 16:57:21+02:00
0,0,0,0,0,0,2021-10-12 17:17:06+00:00
2,3,0,2,0,2,2021-10-13 14:20:11+02:00
1,2,1,1,0,2,2021-10-13 15:24:58+02:00
1,1,0,0,0,0,2021-10-13 15:42:44+02:00
0,1,1,1,0,1,2021-10-13 13:43:09+00:00
0,0,0,0,0,0,2021-10-13 15:50:26+02:00
0,0,0,0,0,0,2021-10-13 15:50:37+02:00
0,1,0,1,0,1,2021-10-13 16:10:52+02:00
0,1,0,1,0,1,2021-10-13 14:11:43+00:00
0,1,0,1,0,1,2021-10-13 16:14:28+02:00
0,0,0,0,0,0,2021-10-13 16:14:41+02:00
0,0,0,0,0,0,2021-10-13 16:16:43+02:00
0,1,0,1,0,1,2021-10-13 16:24:55+02:00
1,3,0,1,0,1,2021-10-13 14:55:03+00:00
0,1,0,0,0,1,2021-10-13 17:16:17+02:00
1,1,0,1,0,1,2021-10-14 09:14:03+02:00
0,0,0,0,0,0,2021-10-14 09:14:21+02:00
1,2,0,0,0,0,2021-10-14 09:22:08+02:00
0,1,0,0,0,0,2021-10-14 09:39:03+02:00
0,1,0,0,0,0,2021-10-14 07:39:35+00:00
0,0,0,0,0,0,2021-10-14 09:41:17+02:00
0,2,0,2,0,2,2021-10-14 10:15:21+02:00
2,2,0,2,1,3,2021-10-15 10:28:07+02:00
1,1,0,2,1,3,2021-10-15 08:28:39+00:00
0,1,0,0,0,0,2021-10-15 10:38:00+02:00
0,1,0,0,0,0,2021-10-15 08:38:28+00:00
0,1,0,0,0,0,2021-10-15 10:39:51+02:00
0,1,0,0,0,0,2021-10-15 12:12:24+02:00
0,1,0,0,0,0,2021-10-15 10:14:11+00:00
0,0,0,0,0,0,2021-10-15 13:15:38+02:00
0,2,0,2,0,2,2021-10-15 14:13:59+02:00
0,1,0,1,0,1,2021-10-15 15:25:03+02:00
0,0,0,0,0,0,2021-10-15 16:34:20+02:00
0,0,0,0,0,0,2021-10-18 09:56:21+02:00
0,3,1,1,0,2,2021-10-18 10:58:41+02:00
0,3,1,1,0,2,2021-10-18 08:59:45+00:00
1,3,0,1,0,2,2021-10-18 11:11:57+02:00
0,1,0,1,0,1,2021-10-18 11:27:26+02:00
0,0,0,0,0,0,2021-10-18 09:27:57+00:00
0,1,0,0,0,1,2021-10-18 11:31:26+02:00
0,0,0,0,0,0,2021-10-18 12:04:43+02:00
0,0,0,0,0,0,2021-10-18 12:05:42+02:00
1,1,0,0,0,1,2021-10-18 13:38:52+02:00
1,1,0,0,0,1,2021-10-18 11:41:29+00:00
1,1,0,0,0,1,2021-10-18 13:42:34+02:00
0,0,0,0,0,0,2021-10-18 13:42:48+02:00
2,1,0,1,0,2,2021-10-18 15:29:25+02:00
1,1,0,1,0,2,2021-10-18 13:30:27+00:00
0,1,0,0,0,1,2021-10-18 15:49:39+02:00
0,1,0,0,0,1,2021-10-18 13:50:16+00:00
0,1,0,0,0,1,2021-10-18 16:04:35+02:00
0,0,0,0,0,0,2021-10-18 16:04:44+02:00
0,1,0,0,0,0,2021-10-18 16:56:59+02:00
0,1,0,0,0,1,2021-10-18 15:03:46+00:00
1,2,1,2,0,2,2021-10-18 17:31:54+02:00
0,2,0,3,0,3,2021-10-19 11:57:52+02:00
1,1,0,1,0,1,2021-10-19 15:07:21+02:00
0,1,0,0,0,0,2021-10-19 13:11:10+00:00
1,2,0,0,1,1,2021-10-19 15:15:00+02:00
0,1,0,0,1,1,2021-10-19 15:42:00+02:00
1,0,0,1,0,1,2021-10-19 15:43:36+02:00
1,1,0,1,1,2,2021-10-19 15:49:39+02:00
0,0,0,0,0,0,2021-10-19 15:55:51+02:00
0,1,0,0,1,1,2021-10-19 13:56:22+00:00
0,0,0,0,0,0,2021-10-19 16:04:16+02:00
0,0,0,1,0,1,2021-10-19 16:10:16+02:00
1,0,0,1,0,1,2021-10-19 14:10:54+00:00
1,1,0,0,0,0,2021-10-19 16:19:10+02:00
1,1,0,0,0,0,2021-10-19 14:19:39+00:00
0,0,0,0,0,0,2021-10-19 16:52:42+02:00
1,1,0,0,0,0,2021-10-19 16:56:41+02:00
1,0,0,1,0,1,2021-10-20 14:56:38+02:00
1,0,0,1,0,1,2021-10-20 12:57:15+00:00
3,6,0,1,1,2,2021-10-20 16:43:32+02:00
0,3,0,0,0,0,2021-10-20 14:49:48+00:00
1,1,0,0,0,0,2021-10-20 16:55:15+02:00
2,1,0,1,0,1,2021-10-20 17:47:02+02:00
0,0,0,0,0,0,2021-10-20 17:55:21+02:00
1,1,0,0,0,0,2021-10-20 18:17:38+02:00
0,1,0,0,0,0,2021-10-21 10:24:07+02:00
0,0,0,0,0,0,2021-10-21 08:24:42+00:00
0,0,0,0,0,0,2021-10-21 13:16:56+02:00
0,0,0,0,0,0,2021-10-21 13:24:32+02:00
0,0,0,0,0,0,2021-10-21 13:24:58+02:00
0,3,1,1,0,1,2021-10-21 13:46:44+02:00
0,0,0,0,0,0,2021-10-21 13:55:46+02:00
0,1,0,0,0,1,2021-10-21 13:57:46+02:00
0,3,0,0,0,1,2021-10-21 11:58:26+00:00
0,0,0,0,0,0,2021-10-21 13:59:22+02:00
1,2,0,0,0,0,2021-10-21 15:04:05+02:00
0,1,0,0,1,1,2021-10-21 16:14:40+02:00
1,1,0,0,0,0,2021-10-21 16:16:36+02:00
0,1,0,0,0,0,2021-10-21 16:24:57+02:00
0,0,0,0,0,0,2021-10-21 16:45:01+02:00
0,0,0,0,0,0,2021-10-21 17:21:46+02:00
0,0,0,0,0,0,2021-10-21 17:26:03+02:00
0,0,0,0,0,0,2021-10-21 17:31:08+02:00
0,0,0,0,0,0,2021-10-21 17:46:26+02:00
0,0,0,0,0,0,2021-10-21 17:46:45+02:00
0,0,0,0,0,0,2021-10-21 17:47:07+02:00
0,0,0,0,0,0,2021-10-21 17:47:39+02:00
0,0,0,0,0,0,2021-10-21 17:54:47+02:00
0,1,0,0,0,0,2021-10-21 18:08:50+02:00
1,0,0,1,0,1,2021-10-21 18:10:09+02:00
0,1,0,0,0,0,2021-10-21 18:16:25+02:00
0,1,0,0,0,0,2021-10-21 18:26:19+02:00
1,1,0,0,0,0,2021-10-22 09:21:57+02:00
1,1,0,0,0,0,2021-10-22 07:22:33+00:00
1,1,0,0,0,0,2021-10-22 09:29:29+02:00
0,0,0,0,0,0,2021-10-22 09:36:16+02:00
1,1,0,0,0,0,2021-10-22 09:44:11+02:00
0,1,0,0,0,0,2021-10-22 09:59:18+02:00
0,1,0,0,0,0,2021-10-22 11:44:30+02:00
2,2,0,0,0,0,2021-10-22 14:21:34+02:00
0,1,0,0,0,0,2021-10-22 14:47:31+02:00
0,0,0,0,0,0,2021-10-22 16:44:16+02:00
1,2,0,0,0,0,2021-10-22 16:55:58+02:00
0,0,0,0,0,0,2021-10-22 17:00:27+02:00
4,13,0,3,2,8,2021-10-22 17:02:04+02:00
0,1,0,0,0,0,2021-10-22 17:17:46+02:00
0,0,0,0,0,0,2021-10-22 15:18:34+00:00
1,1,0,0,0,0,2021-10-22 17:34:44+02:00
0,0,0,0,0,0,2021-10-26 09:54:51+02:00
0,0,0,0,0,0,2021-10-26 10:02:52+02:00
0,0,0,0,0,0,2021-10-26 10:03:48+02:00
0,0,0,0,0,0,2021-10-27 09:33:21+02:00
1,1,0,0,0,0,2021-10-27 09:38:20+02:00
0,2,0,0,0,0,2021-10-27 14:08:52+02:00
0,1,0,0,0,0,2021-10-27 12:10:00+00:00
0,0,0,0,0,0,2021-10-27 14:25:18+02:00
0,0,0,0,0,0,2021-10-27 12:25:51+00:00
2,4,0,0,0,2,2021-10-27 15:06:00+02:00
0,0,0,0,0,0,2021-10-27 15:21:27+02:00
0,1,0,0,0,1,2021-10-27 16:22:23+02:00
0,0,0,0,0,0,2021-10-28 10:12:32+02:00
0,0,0,0,0,0,2021-10-28 11:09:43+02:00
0,4,0,0,0,1,2021-10-28 12:51:45+02:00
0,0,0,0,0,0,2021-10-28 16:12:17+02:00
0,0,0,0,0,0,2021-10-28 16:52:29+02:00
0,1,0,1,0,1,2021-10-28 14:52:54+00:00
0,1,0,0,0,1,2021-10-28 17:12:51+02:00
0,0,0,0,0,0,2021-10-28 17:12:58+02:00
1,1,0,2,0,2,2021-10-28 17:22:23+02:00
0,1,0,0,0,1,2021-10-28 17:48:56+02:00
1,5,0,0,1,0,2021-10-28 17:59:18+02:00
0,0,0,0,0,0,2021-10-28 15:59:47+00:00
0,0,0,0,0,0,2021-10-28 18:03:23+02:00
0,0,0,0,0,0,2021-10-29 00:02:45+02:00
0,0,0,0,0,0,2021-10-28 22:03:13+00:00
0,1,0,0,0,0,2021-10-29 09:10:16+02:00
1,0,0,0,0,0,2021-10-29 12:26:11+02:00
0,0,0,0,0,0,2021-10-29 12:26:18+02:00
1,0,0,0,0,0,2021-10-29 12:32:48+02:00
0,0,0,0,0,0,2021-10-29 16:42:24+02:00
0,0,0,0,0,0,2021-11-01 11:45:52+01:00
0,1,0,0,0,0,2021-11-01 15:28:44+01:00
0,0,0,0,0,0,2021-11-01 14:29:17+00:00
0,1,0,0,0,0,2021-11-01 15:39:33+01:00
0,0,0,0,0,0,2021-11-01 17:15:51+01:00
0,1,0,0,0,0,2021-11-01 17:16:30+01:00
0,1,0,0,0,0,2021-11-01 17:35:29+01:00
0,0,0,0,0,0,2021-11-01 17:45:07+01:00
0,0,0,0,0,0,2021-11-01 17:50:07+01:00
0,0,0,0,0,0,2021-11-02 09:34:54+01:00
0,0,0,0,0,0,2021-11-02 09:19:22+00:00
0,0,0,0,0,0,2021-11-02 10:43:38+01:00
0,0,0,0,0,0,2021-11-02 10:51:37+01:00
0,0,0,0,0,0,2021-11-02 10:55:59+01:00
0,0,0,0,0,0,2021-11-02 11:03:04+01:00
0,0,0,0,0,0,2021-11-02 11:06:15+01:00
0,0,0,0,0,0,2021-11-02 11:11:24+01:00
1,1,0,0,0,0,2021-11-02 11:18:07+01:00
0,3,0,0,0,0,2021-11-02 13:35:14+01:00
0,1,0,0,0,0,2021-11-02 14:13:48+01:00
0,0,0,0,0,0,2021-11-02 14:14:34+01:00
0,0,0,0,0,0,2021-11-03 10:50:23+01:00
5,15,0,1,0,4,2021-11-03 15:31:11+01:00
0,0,0,0,0,0,2021-11-03 16:18:08+01:00
0,0,0,0,0,0,2021-11-03 16:39:43+01:00
1,1,0,1,0,1,2021-11-04 10:05:53+01:00
2,5,0,1,0,2,2021-11-04 11:44:14+01:00
0,0,0,0,0,0,2021-11-04 13:09:28+01:00
0,1,0,1,0,1,2021-11-04 14:00:23+01:00
0,1,0,1,0,1,2021-11-04 15:17:27+01:00
0,1,0,0,0,0,2021-11-04 15:18:06+01:00
0,2,0,0,0,0,2021-11-04 15:20:11+01:00
1,0,0,1,0,1,2021-11-04 16:08:01+01:00
0,1,0,0,0,0,2021-11-04 16:09:43+01:00
1,3,0,1,0,1,2021-11-04 17:05:03+01:00
4,5,0,1,0,2,2021-11-04 17:08:31+01:00
0,0,0,0,0,0,2021-11-04 18:55:15+01:00
0,0,0,0,0,0,2021-11-05 09:41:28+01:00
0,1,0,2,0,1,2021-11-05 14:26:23+01:00
2,2,0,1,0,1,2021-11-05 15:22:30+01:00
0,1,0,0,0,0,2021-11-05 16:37:56+01:00
5,12,0,1,1,5,2021-11-05 16:52:41+01:00
0,0,0,0,0,0,2021-11-05 16:53:43+01:00
0,0,0,0,0,0,2021-11-05 17:00:23+01:00
0,0,0,0,0,0,2021-11-05 17:05:15+01:00
1,1,0,0,0,0,2021-11-05 17:09:43+01:00
0,0,0,0,0,0,2021-11-08 09:51:05+01:00
2,2,0,1,0,1,2021-11-08 12:12:33+01:00
1,1,0,0,0,0,2021-11-08 13:12:41+01:00
0,0,0,0,0,0,2021-11-08 13:45:07+01:00
0,1,0,0,0,0,2021-11-08 13:51:14+01:00
0,0,0,0,0,0,2021-11-08 14:17:47+01:00
1,1,0,0,0,0,2021-11-08 14:19:35+01:00
0,0,0,0,0,0,2021-11-08 15:15:50+01:00
0,0,0,0,0,0,2021-11-09 09:24:22+01:00
1,1,0,0,0,0,2021-11-09 09:29:17+01:00
5,5,0,1,1,1,2021-11-09 08:34:02+00:00
1,1,0,0,0,0,2021-11-09 09:36:35+01:00
1,1,0,0,0,0,2021-11-09 09:50:03+01:00
0,0,0,0,0,0,2021-11-09 09:55:32+01:00
6,11,0,1,0,2,2021-11-09 14:35:59+01:00
5,3,0,1,0,1,2021-11-09 13:36:34+00:00
1,1,0,0,0,0,2021-11-09 14:46:25+01:00
1,1,0,0,0,0,2021-11-09 13:47:05+00:00
1,1,0,0,0,0,2021-11-09 14:51:22+01:00
1,1,0,0,0,0,2021-11-09 14:57:06+01:00
1,1,0,0,0,0,2021-11-09 13:57:37+00:00
1,1,0,0,0,0,2021-11-10 09:40:42+01:00
1,1,0,0,0,0,2021-11-10 08:41:37+00:00
0,0,0,0,0,0,2021-11-10 11:42:12+01:00
0,0,0,0,0,0,2021-11-10 11:51:54+01:00
1,1,0,0,0,0,2021-11-10 12:08:28+01:00
0,0,0,0,0,0,2021-11-10 12:12:59+01:00
1,1,0,0,0,0,2021-11-10 12:15:45+01:00
0,0,0,0,0,0,2021-11-10 12:26:46+01:00
3,3,0,1,0,3,2021-11-10 13:14:29+01:00
0,0,0,0,0,0,2021-11-10 12:17:00+00:00
4,4,0,1,0,2,2021-11-10 13:25:25+01:00
0,0,0,0,0,0,2021-11-10 13:27:14+01:00
1,1,0,0,0,0,2021-11-10 13:28:12+01:00
1,1,0,0,0,1,2021-11-10 13:35:37+01:00
0,0,0,0,0,0,2021-11-10 13:52:51+01:00
0,0,0,0,0,0,2021-11-10 12:53:20+00:00
0,0,0,0,0,0,2021-11-10 13:59:27+01:00
1,0,0,0,0,0,2021-11-11 11:14:19+01:00
2,1,0,0,0,0,2021-11-11 11:24:38+01:00
2,2,0,0,0,0,2021-11-11 14:05:14+01:00
2,2,0,0,0,0,2021-11-11 13:05:51+00:00
1,0,0,0,0,0,2021-11-11 14:29:20+01:00
1,0,0,0,0,0,2021-11-11 13:29:53+00:00
1,1,0,0,0,0,2021-11-11 14:30:20+01:00
6,4,0,1,0,2,2021-11-12 11:11:14+01:00
2,2,0,0,0,0,2021-11-12 11:16:24+01:00
0,0,0,0,0,0,2021-11-12 11:28:33+01:00
1,1,0,0,0,0,2021-11-12 11:53:05+01:00
2,2,0,0,0,0,2021-11-12 12:29:48+01:00
0,0,0,0,0,0,2021-11-12 12:38:58+01:00
1,0,0,0,0,0,2021-11-12 13:12:41+01:00
0,0,0,0,0,0,2021-11-12 13:13:02+01:00
1,0,0,0,0,0,2021-11-12 13:16:53+01:00
0,0,0,0,0,0,2021-11-12 13:33:18+01:00
0,0,0,0,0,0,2021-11-12 13:54:53+01:00
3,3,0,1,0,1,2021-11-12 14:57:30+01:00
0,0,0,0,0,0,2021-11-12 15:07:09+01:00
2,0,0,0,0,0,2021-11-12 15:16:33+01:00
4,2,0,0,0,0,2021-11-12 14:24:36+00:00
1,1,0,1,0,2,2021-11-12 15:57:06+01:00
0,1,0,0,0,1,2021-11-15 11:33:53+01:00
1,1,0,0,0,0,2021-11-15 11:56:31+01:00
1,1,0,0,0,0,2021-11-15 12:59:47+01:00
0,0,0,0,0,0,2021-11-15 14:55:21+01:00
2,2,0,0,0,0,2021-11-15 15:04:41+01:00
0,1,0,2,0,1,2021-11-15 15:13:51+01:00
0,1,0,1,0,1,2021-11-15 15:27:22+01:00
0,1,0,2,0,1,2021-11-15 15:30:21+01:00
2,2,0,0,0,0,2021-11-15 15:43:05+01:00
1,1,0,0,0,0,2021-11-15 15:47:37+01:00
1,1,0,0,0,0,2021-11-15 16:42:43+01:00
0,2,0,2,0,1,2021-11-15 16:57:23+01:00
0,1,0,1,0,1,2021-11-15 16:58:16+01:00
1,1,0,0,0,0,2021-11-15 17:00:21+01:00
0,2,0,2,0,1,2021-11-15 17:37:26+01:00
0,1,0,1,0,0,2021-11-15 17:43:24+01:00
0,0,0,0,0,0,2021-11-15 17:48:32+01:00
0,1,0,1,0,0,2021-11-15 18:09:54+01:00
0,0,0,0,0,0,2021-11-16 09:24:40+01:00
0,0,0,0,0,0,2021-11-16 10:44:52+01:00
0,0,0,0,0,0,2021-11-16 10:50:23+01:00
0,0,0,0,0,0,2021-11-16 11:07:43+01:00
1,2,0,1,0,1,2021-11-16 10:08:11+00:00
1,2,0,1,0,1,2021-11-16 11:10:11+01:00
1,0,0,1,0,1,2021-11-16 11:20:14+01:00
0,0,0,0,0,0,2021-11-16 11:22:27+01:00
0,0,0,0,0,0,2021-11-16 12:11:57+01:00
0,1,0,0,0,0,2021-11-16 12:12:25+01:00
1,1,0,0,0,0,2021-11-16 15:45:11+01:00
1,1,0,0,0,0,2021-11-17 08:56:03+01:00
1,1,0,0,0,0,2021-11-17 08:57:16+01:00
0,0,0,0,0,0,2021-11-17 15:57:47+01:00
1,1,0,0,0,0,2021-11-17 16:10:41+01:00
0,0,0,1,0,1,2021-11-17 17:08:18+01:00
0,0,0,0,0,0,2021-11-17 17:16:01+01:00
0,0,0,0,0,0,2021-11-17 16:16:56+00:00
1,1,0,0,0,0,2021-11-17 17:24:33+01:00
0,0,0,0,0,0,2021-11-17 17:24:49+01:00
1,1,0,0,0,0,2021-11-17 17:29:28+01:00
0,0,0,0,0,0,2021-11-17 17:44:14+01:00
0,0,0,0,0,0,2021-11-17 16:44:43+00:00
0,0,0,0,0,0,2021-11-18 09:45:00+01:00
0,0,0,0,0,0,2021-11-18 10:41:03+01:00
0,0,0,0,0,0,2021-11-18 12:11:02+01:00
0,1,0,0,1,1,2021-11-19 11:12:47+01:00
0,0,0,0,0,0,2021-11-19 10:19:54+00:00
0,1,0,0,1,1,2021-11-19 11:21:47+01:00
0,0,0,0,0,0,2021-11-19 11:23:36+01:00
1,4,0,1,3,2,2021-11-22 13:12:28+01:00
1,4,0,1,2,2,2021-11-22 13:16:41+01:00
1,3,0,1,2,2,2021-11-22 13:56:26+01:00
1,5,1,2,3,2,2021-11-22 14:19:17+01:00
3,3,0,0,0,0,2021-11-22 14:31:41+01:00
1,1,0,0,0,0,2021-11-22 14:34:39+01:00
0,1,0,0,0,0,2021-11-22 14:59:06+01:00
0,1,0,0,1,0,2021-11-22 14:59:30+01:00
0,0,0,0,0,0,2021-11-22 15:11:05+01:00
1,1,0,0,0,0,2021-11-22 15:13:08+01:00
0,0,0,0,0,0,2021-11-22 15:28:47+01:00
0,0,0,0,0,0,2021-11-22 15:29:19+01:00
0,1,0,0,0,0,2021-11-22 16:25:12+01:00
0,2,0,0,1,0,2021-11-22 16:28:47+01:00
0,1,0,0,1,0,2021-11-22 16:33:10+01:00
0,3,0,0,1,0,2021-11-22 17:10:25+01:00
0,1,0,0,0,0,2021-11-22 17:32:27+01:00
0,1,0,0,0,1,2021-11-23 10:06:04+01:00
0,0,0,0,0,0,2021-11-23 10:13:57+01:00
0,0,0,0,0,0,2021-11-23 11:14:37+01:00
1,1,0,0,0,0,2021-11-23 11:15:38+01:00
0,0,0,0,0,0,2021-11-23 17:16:46+01:00
0,0,0,0,0,0,2021-11-23 17:17:42+01:00
0,1,0,0,0,0,2021-11-24 16:09:43+01:00
0,1,0,0,0,0,2021-11-24 18:16:17+01:00
1,1,0,0,0,0,2021-11-25 00:53:04+01:00
1,1,0,0,0,0,2021-11-25 09:35:38+01:00
1,2,0,0,0,0,2021-11-25 09:38:30+01:00
1,1,0,0,0,0,2021-11-25 08:39:26+00:00
0,1,0,0,0,0,2021-11-25 09:40:38+01:00
13,58,2,6,7,13,2021-11-25 09:43:52+01:00
0,0,0,0,0,0,2021-11-25 09:50:38+01:00
0,0,0,0,0,0,2021-11-25 10:12:14+01:00
0,0,0,0,0,0,2021-11-25 10:17:57+01:00
1,1,0,0,0,0,2021-11-25 10:30:58+01:00
3,3,0,0,0,0,2021-11-25 10:46:14+01:00
0,0,0,0,0,0,2021-11-25 10:53:02+01:00
0,0,0,0,0,0,2021-11-25 12:09:20+01:00
0,2,0,1,0,2,2021-11-25 12:22:28+01:00
0,1,0,0,0,1,2021-11-25 12:27:13+01:00
2,4,0,0,0,1,2021-11-25 13:05:04+01:00
0,1,0,0,0,1,2021-11-25 13:23:44+01:00
1,1,0,0,0,0,2021-11-25 13:57:15+01:00
0,0,0,0,0,0,2021-11-25 14:07:03+01:00
0,0,0,0,0,0,2021-11-25 14:13:14+01:00
0,0,0,1,0,1,2021-11-25 14:15:08+01:00
0,1,0,0,0,1,2021-11-25 14:27:57+01:00
0,0,0,0,0,0,2021-11-25 14:39:37+01:00
0,1,0,0,0,1,2021-11-24 17:03:05+01:00
0,1,0,0,0,1,2021-11-25 15:15:47+01:00
1,3,0,1,1,1,2021-11-25 15:25:52+01:00
1,3,0,1,1,3,2021-11-26 09:48:15+01:00
1,3,0,2,1,3,2021-11-26 09:50:05+01:00
0,0,0,1,0,1,2021-11-26 10:46:58+01:00
0,0,0,1,0,1,2021-11-26 10:53:25+01:00
1,3,0,1,1,2,2021-11-26 11:15:12+01:00
1,1,0,1,1,1,2021-11-26 10:15:52+00:00
1,5,0,1,1,2,2021-11-26 12:35:30+01:00
0,2,0,0,0,0,2021-11-26 11:36:25+00:00
0,2,0,0,0,0,2021-11-26 12:36:36+01:00
0,0,0,0,0,0,2021-11-26 12:37:00+01:00
0,0,0,0,0,0,2021-11-26 13:44:31+01:00
0,2,0,1,0,2,2021-11-26 14:25:16+01:00
0,0,0,1,0,1,2021-11-26 14:26:02+01:00
0,0,0,0,0,0,2021-11-26 14:34:09+01:00
0,0,0,1,0,1,2021-11-26 14:41:30+01:00
0,1,0,0,0,0,2021-11-26 15:02:59+01:00
0,0,0,0,0,0,2021-11-26 16:38:02+01:00
4,23,0,1,0,2,2021-11-27 13:20:08+01:00
0,1,0,0,0,1,2021-11-27 13:31:14+01:00
3,14,1,3,4,7,2021-11-27 13:47:27+01:00
0,0,0,0,0,0,2021-11-29 09:15:56+01:00
0,0,0,0,0,0,2021-11-29 09:24:17+01:00
0,0,0,0,0,0,2021-11-29 09:26:05+01:00
0,0,0,0,0,0,2021-11-29 09:36:20+01:00
0,1,0,0,0,1,2021-11-29 09:39:58+01:00
0,0,0,0,0,0,2021-11-29 09:43:53+01:00
0,0,0,0,0,0,2021-11-29 09:44:26+01:00
0,1,0,0,0,0,2021-11-29 09:45:38+01:00
0,0,0,0,0,0,2021-11-29 10:05:29+01:00
0,0,0,1,0,1,2021-11-29 09:06:14+00:00
0,0,0,0,0,0,2021-11-29 10:14:24+01:00
0,0,0,0,0,0,2021-11-29 10:25:44+01:00
0,0,0,0,0,0,2021-11-29 11:31:43+01:00
0,0,0,0,0,0,2021-11-29 11:37:33+01:00
0,1,0,1,0,1,2021-11-29 12:08:22+01:00
0,0,0,0,0,0,2021-11-29 12:55:02+01:00
0,0,0,0,0,0,2021-11-29 12:58:44+01:00
1,1,0,0,0,0,2021-11-29 12:59:02+01:00
0,0,0,0,0,0,2021-11-29 13:06:58+01:00
1,1,0,0,0,0,2021-11-29 14:35:13+01:00
1,1,0,0,0,0,2021-11-29 13:38:06+00:00
0,2,0,2,0,2,2021-11-29 15:44:30+01:00
0,2,0,0,0,2,2021-11-29 15:51:22+01:00
0,0,0,0,0,0,2021-11-29 14:51:57+00:00
0,0,0,0,0,0,2021-11-29 15:56:34+01:00
1,1,0,0,0,0,2021-11-29 15:56:47+01:00
0,1,0,1,0,1,2021-11-29 15:57:17+01:00
0,1,0,0,0,1,2021-11-29 15:58:15+01:00
0,2,0,2,0,2,2021-11-29 16:12:57+01:00
0,0,0,0,0,0,2021-11-29 16:13:07+01:00
0,0,0,0,0,0,2021-11-29 16:18:53+01:00
0,1,0,0,0,0,2021-11-29 16:58:59+01:00
0,1,0,0,0,0,2021-11-29 16:59:14+01:00
0,0,0,0,0,0,2021-11-29 17:01:18+01:00
0,0,0,0,0,0,2021-11-30 09:28:14+01:00
0,0,0,0,0,0,2021-12-01 10:29:26+01:00
0,0,0,0,0,0,2021-12-01 10:57:07+01:00
11,51,1,6,4,12,2021-12-01 11:25:03+01:00
0,0,0,0,0,0,2021-12-01 13:14:41+01:00
0,0,0,0,0,0,2021-12-01 13:18:01+01:00
0,0,0,0,0,0,2021-12-01 13:20:29+01:00
0,1,0,0,1,0,2021-12-01 13:23:26+01:00
0,0,0,0,0,0,2021-12-01 13:54:28+01:00
2,0,0,0,0,0,2021-12-01 13:55:20+01:00
0,0,0,0,0,0,2021-12-01 14:01:22+01:00
0,1,0,0,0,0,2021-12-01 13:04:22+01:00
0,0,0,0,0,0,2021-12-01 14:06:38+01:00
0,0,0,0,0,0,2021-12-01 14:12:21+01:00
3,3,0,1,0,2,2021-12-01 14:14:43+01:00
1,0,0,0,0,0,2021-12-01 14:21:35+01:00
1,1,0,0,0,0,2021-12-01 14:33:12+01:00
0,0,0,0,0,0,2021-12-01 14:42:12+01:00
0,0,0,0,0,0,2021-12-01 14:45:59+01:00
0,0,0,0,0,0,2021-12-01 14:53:15+01:00
0,0,0,0,0,0,2021-12-01 14:55:05+01:00
1,0,0,0,0,0,2021-12-01 14:57:57+01:00
0,1,0,0,0,0,2021-12-01 15:59:20+01:00
0,1,0,0,0,0,2021-12-01 16:16:28+01:00
1,1,0,0,0,0,2021-12-01 17:14:40+01:00
0,0,0,0,0,0,2021-12-02 09:58:35+01:00
0,0,0,0,0,0,2021-12-02 10:04:19+01:00
1,2,0,1,1,1,2021-12-02 10:30:22+01:00
0,1,0,0,0,0,2021-12-02 11:03:04+01:00
1,1,0,0,1,0,2021-12-07 10:07:53+01:00
1,1,0,0,1,0,2021-12-07 09:09:26+00:00
1,1,0,0,1,0,2021-12-07 10:12:37+01:00
1,1,0,0,0,0,2021-12-07 10:14:39+01:00
0,0,0,0,0,0,2021-12-07 10:20:24+01:00
1,2,0,0,0,1,2021-12-07 10:44:59+01:00
1,1,0,0,0,0,2021-12-07 10:46:16+01:00
1,1,0,0,0,0,2021-12-07 10:50:29+01:00
0,0,0,0,0,0,2021-12-07 11:06:00+01:00
1,1,0,0,0,1,2021-12-08 11:51:45+01:00
1,1,0,0,0,1,2021-12-08 10:54:26+00:00
1,1,0,0,0,0,2021-12-08 11:58:43+01:00
0,1,0,0,0,0,2021-12-08 13:48:07+01:00
3,1,0,0,0,0,2021-12-08 17:34:53+01:00
1,0,0,0,0,0,2021-12-09 09:50:55+01:00
1,1,0,0,0,0,2021-12-09 10:49:11+01:00
1,1,0,0,0,0,2021-12-09 10:50:10+01:00
1,1,0,0,0,0,2021-12-09 11:00:48+01:00
1,1,0,0,0,0,2021-12-09 11:07:55+01:00
0,0,0,0,0,0,2021-12-09 11:13:40+01:00
1,1,0,0,0,0,2021-12-09 11:14:36+01:00
0,1,0,0,1,0,2021-12-09 11:17:31+01:00
0,1,0,0,1,0,2021-12-09 11:17:40+01:00
0,0,0,0,0,0,2021-12-09 11:29:19+01:00
0,1,0,0,0,0,2021-12-09 11:39:54+01:00
1,1,0,1,1,1,2021-12-09 12:25:59+01:00
0,1,0,0,1,0,2021-12-09 12:29:00+01:00
0,0,0,0,0,0,2021-12-10 11:35:43+01:00
1,1,0,0,0,0,2021-12-10 12:36:46+01:00
1,1,0,1,1,1,2021-12-14 17:14:14+01:00
1,2,0,1,1,1,2021-12-14 17:43:08+01:00
1,1,0,1,1,1,2021-12-14 17:44:48+01:00
0,1,0,0,0,0,2021-12-14 17:45:10+01:00
0,0,0,0,0,0,2021-12-14 17:22:52+00:00
0,1,0,0,0,0,2021-12-15 11:13:31+01:00
0,0,0,0,0,0,2021-12-15 11:18:17+01:00
0,0,0,0,0,0,2021-12-15 11:38:12+01:00
0,0,0,0,0,0,2021-12-17 09:50:12+01:00
0,0,0,0,0,0,2021-12-20 17:34:00+01:00
0,0,0,0,0,0,2021-12-20 17:38:15+01:00
0,0,0,0,0,0,2021-12-21 11:20:03+01:00
0,0,0,0,0,0,2021-12-21 11:27:30+01:00
0,0,0,0,0,0,2021-12-21 11:30:34+01:00
0,0,0,0,0,0,2021-12-21 11:34:27+01:00
0,0,0,0,0,0,2021-12-21 11:42:25+01:00
0,0,0,0,0,0,2021-12-21 11:57:46+01:00
0,0,0,0,0,0,2021-12-21 12:01:43+01:00
0,0,0,0,0,0,2021-12-21 12:06:33+01:00
0,0,0,0,0,0,2021-12-21 12:11:15+01:00
0,0,0,0,0,0,2021-12-21 12:30:19+01:00
0,0,0,0,0,0,2021-12-21 12:31:39+01:00
0,0,0,0,0,0,2021-12-21 13:00:24+01:00
0,0,0,0,0,0,2021-12-21 13:01:56+01:00
0,0,0,0,0,0,2021-12-21 13:06:39+01:00
0,0,0,0,0,0,2021-12-21 13:11:56+01:00
0,0,0,0,0,0,2021-12-21 13:15:55+01:00
0,0,0,0,0,0,2021-12-21 13:17:07+01:00
0,0,0,0,0,0,2021-12-21 13:17:56+01:00
0,0,0,0,0,0,2021-12-21 13:25:45+01:00
0,0,0,0,0,0,2021-12-22 14:10:18+01:00
0,0,0,0,0,0,2021-12-22 14:11:11+01:00
0,0,0,0,0,0,2021-12-23 09:44:14+01:00
0,0,0,0,0,0,2021-12-23 09:47:30+01:00
0,0,0,0,0,0,2021-12-23 10:25:09+01:00
0,0,0,0,0,0,2021-12-23 12:10:11+01:00
0,0,0,0,0,0,2021-12-23 12:11:05+01:00
0,0,0,0,0,0,2021-12-23 12:18:07+01:00
0,0,0,0,0,0,2021-12-23 12:39:15+01:00
0,0,0,0,0,0,2021-12-23 13:06:45+01:00
0,0,0,0,0,0,2021-12-23 13:26:33+01:00
0,0,0,0,0,0,2021-12-29 15:31:55+01:00
0,0,0,0,0,0,2021-12-29 15:33:29+01:00
0,0,0,0,0,0,2021-12-29 15:34:01+01:00
0,0,0,0,0,0,2021-12-29 15:41:40+01:00
0,0,0,0,0,0,2021-12-30 12:16:52+01:00
0,0,0,0,0,0,2021-12-30 12:22:22+01:00
0,0,0,0,0,0,2021-12-30 14:25:57+01:00
0,0,0,0,0,0,2021-12-30 14:52:55+01:00
0,0,0,0,0,0,2022-01-05 14:00:09+01:00
0,0,0,0,0,0,2022-01-05 14:15:40+01:00
0,0,0,0,0,0,2022-01-05 14:17:14+01:00
1,1,0,0,0,0,2022-01-05 16:41:52+01:00
0,1,0,0,0,0,2022-01-06 12:11:48+01:00
0,1,0,0,0,0,2022-01-06 13:13:01+01:00
0,0,0,0,0,0,2022-01-06 13:15:55+01:00
0,1,0,0,0,0,2022-01-06 13:44:27+01:00
0,0,0,0,0,0,2022-01-06 13:52:12+01:00
0,0,0,0,0,0,2022-01-06 14:51:42+01:00
0,0,0,0,0,0,2022-01-06 15:23:40+01:00
1,1,0,0,0,0,2022-01-10 13:36:27+01:00
1,1,0,0,0,0,2022-01-11 10:25:57+01:00
0,0,0,0,0,0,2022-01-11 10:29:52+01:00
1,1,0,0,0,0,2022-01-11 13:08:48+01:00
2,2,0,0,0,0,2022-01-12 13:44:32+01:00
1,1,0,0,0,0,2022-01-12 22:23:41+01:00
1,1,0,0,0,0,2022-01-12 22:47:42+01:00
1,1,0,0,0,0,2022-01-16 21:25:07+01:00
0,0,0,0,0,0,2022-01-16 21:25:19+01:00
1,1,0,0,0,0,2022-01-16 21:29:35+01:00
1,1,0,0,0,1,2022-01-19 16:05:53+01:00
1,1,0,0,0,0,2022-01-19 16:08:30+01:00
0,0,0,0,0,0,2022-01-19 16:19:29+01:00
0,0,0,0,0,0,2022-01-24 15:44:50+01:00
0,0,0,0,0,0,2022-01-24 16:38:38+01:00
0,2,0,0,1,0,2022-01-24 16:39:53+01:00
1,5,0,2,2,2,2022-01-24 16:44:02+01:00
0,0,0,0,0,0,2022-01-24 16:54:04+01:00
0,0,0,0,0,0,2022-01-24 17:03:24+01:00
0,2,0,0,1,0,2022-01-24 17:08:56+01:00
0,2,0,0,1,0,2022-01-25 09:52:17+01:00
0,1,0,0,1,0,2022-01-25 10:09:36+01:00
0,1,0,0,1,0,2022-01-25 10:21:02+01:00
0,1,0,0,0,0,2022-01-25 10:41:14+01:00
0,2,0,0,0,0,2022-01-25 10:51:22+01:00
0,0,0,0,0,0,2022-01-25 11:12:19+01:00
0,0,0,0,0,0,2022-01-25 13:15:58+01:00
0,0,0,0,0,0,2022-01-25 13:25:05+01:00
0,0,0,0,0,0,2022-01-25 16:04:14+01:00
0,1,0,0,0,0,2022-01-28 10:37:34+01:00
0,0,0,0,0,0,2022-01-28 10:38:15+01:00
0,1,0,0,0,0,2022-01-28 10:57:52+01:00
0,1,0,0,0,0,2022-01-28 12:17:41+01:00
0,0,0,0,0,0,2022-01-28 13:57:45+01:00
0,1,0,0,0,0,2022-01-28 10:37:34+01:00
0,0,0,0,0,0,2022-01-25 13:15:58+01:00
0,0,0,0,0,0,2022-01-25 13:25:05+01:00
0,1,0,0,0,0,2022-01-28 10:57:52+01:00
0,1,0,0,0,0,2022-01-28 12:17:41+01:00
0,0,0,0,0,0,2022-02-07 13:18:24+01:00
12,61,1,7,5,14,2022-02-02 18:45:26+01:00
1,1,0,0,0,0,2022-02-04 09:28:28+01:00
0,0,0,0,0,0,2022-02-07 13:31:59+01:00
0,0,0,0,0,0,2022-02-07 13:59:08+01:00
0,0,0,0,0,0,2022-02-07 16:37:15+01:00
0,0,0,0,0,0,2022-02-07 16:39:10+01:00
0,1,0,1,0,1,2021-12-14 16:53:33+01:00
0,0,0,0,0,0,2022-02-08 09:23:45+01:00
0,1,0,1,0,1,2022-02-08 10:05:42+01:00
0,0,0,0,0,0,2022-02-08 10:19:15+01:00
0,0,0,0,0,0,2022-02-08 11:08:06+01:00
0,0,0,0,0,0,2022-02-08 11:08:39+01:00
0,0,0,0,0,0,2022-02-08 13:50:15+01:00
0,0,0,0,0,0,2022-02-14 10:20:22+01:00
0,1,0,0,0,1,2022-02-14 17:12:47+01:00
0,0,0,0,0,0,2022-02-15 08:42:44+01:00
0,2,0,0,1,1,2022-02-15 08:45:32+01:00
0,1,0,0,1,0,2022-02-15 10:32:36+01:00
6,16,0,1,2,5,2022-02-15 11:43:55+01:00
0,0,0,0,0,0,2022-02-15 11:47:06+01:00
0,0,0,0,0,0,2022-02-15 12:17:16+01:00
0,2,0,0,0,0,2022-02-15 14:09:22+01:00
2,3,0,0,0,0,2022-02-15 15:15:28+01:00
0,0,0,0,0,0,2022-02-15 15:17:43+01:00
0,0,0,0,0,0,2022-02-15 15:20:33+01:00
1,1,0,0,0,0,2022-02-15 15:22:30+01:00
0,0,0,0,0,0,2022-02-15 15:28:18+01:00
0,0,0,0,0,0,2022-02-15 15:35:21+01:00
2,3,0,0,0,0,2022-02-15 17:52:44+01:00
1,1,0,0,0,0,2022-02-16 13:53:04+01:00
0,2,0,0,0,0,2022-02-17 10:44:59+01:00
0,2,1,2,0,2,2022-02-17 10:35:22+01:00
0,1,0,0,0,0,2022-02-18 10:16:03+01:00
1,1,0,0,0,0,2022-02-18 10:18:15+01:00
0,0,0,0,0,0,2022-02-18 10:20:25+01:00
0,0,0,0,0,0,2022-02-18 10:27:54+01:00
0,0,0,0,0,0,2022-02-18 13:16:46+01:00
0,0,0,0,0,0,2022-02-18 13:23:47+01:00
0,0,0,0,0,0,2022-02-20 22:31:39+01:00
0,0,0,0,0,0,2022-02-20 22:35:30+01:00
0,0,0,0,0,0,2022-02-21 08:58:53+01:00
0,8,1,2,0,3,2022-02-22 11:11:05+01:00
0,2,1,2,0,2,2022-02-22 19:25:41+01:00
0,0,0,0,0,0,2022-02-24 16:13:15+01:00
0,0,0,0,0,0,2022-02-25 08:47:37+01:00
0,0,0,0,0,0,2022-03-02 14:24:00+01:00
1,1,0,0,0,0,2022-03-02 14:27:46+01:00
1,1,0,0,0,0,2022-03-02 14:48:26+01:00
0,0,0,0,0,0,2022-03-02 14:54:06+01:00
0,0,0,0,0,0,2022-03-02 15:07:07+01:00
0,0,0,0,0,0,2022-03-02 15:17:49+01:00
0,0,0,0,0,0,2022-03-02 15:40:06+01:00
0,0,0,0,0,0,2022-03-08 10:49:17+01:00
0,0,0,0,0,0,2022-03-08 13:16:30+01:00
0,1,2,2,0,2,2022-03-08 14:00:32+01:00
0,0,0,0,0,0,2022-03-08 14:33:47+01:00
0,1,1,2,0,2,2022-03-11 16:38:40+01:00
0,0,0,0,0,0,2022-03-13 19:58:08+01:00
1,2,0,0,0,0,2022-03-14 15:55:34+01:00
0,0,0,0,0,0,2022-03-14 16:21:38+01:00
0,0,0,0,0,0,2022-03-14 16:23:19+01:00
0,0,0,0,0,0,2022-03-15 13:33:00+01:00
1,1,0,0,0,0,2022-03-15 13:42:10+01:00
0,1,1,1,0,1,2022-03-17 14:24:49+01:00
1,1,0,0,0,0,2022-03-17 14:28:06+01:00
0,1,1,1,0,1,2022-03-17 16:09:14+01:00
1,1,0,1,1,1,2022-03-18 11:59:37+01:00
1,1,0,1,1,1,2022-03-18 12:17:55+01:00
0,0,0,0,0,0,2022-03-18 12:32:40+01:00
1,1,0,1,1,1,2022-03-18 12:43:55+01:00
0,0,0,0,0,0,2022-03-18 14:24:01+01:00
0,0,0,0,0,0,2022-03-18 16:36:08+01:00
0,0,0,0,0,0,2022-03-18 16:36:23+01:00
0,0,0,0,0,0,2022-03-18 16:36:46+01:00
0,0,0,0,0,0,2022-03-18 16:43:07+01:00
1,1,0,0,0,0,2022-03-18 16:43:30+01:00
0,0,0,0,0,0,2022-03-18 16:46:29+01:00
0,2,0,0,0,0,2022-03-18 18:16:12+01:00
0,0,0,0,0,0,2022-03-21 08:58:11+01:00
0,0,0,0,0,0,2022-03-21 09:33:34+01:00
0,0,0,0,0,0,2022-03-21 09:41:31+01:00
0,0,0,0,0,0,2022-03-21 09:49:11+01:00
0,0,0,0,0,0,2022-03-21 09:53:02+01:00
1,1,0,0,0,0,2022-03-21 12:51:43+01:00
0,0,0,0,0,0,2022-03-21 15:26:37+01:00
0,0,0,0,0,0,2022-03-22 16:04:39+01:00
0,1,0,0,0,0,2022-03-22 16:41:38+01:00
0,1,0,0,0,0,2022-03-28 15:51:55+02:00
0,0,0,0,0,0,2022-03-28 16:30:33+02:00
0,1,0,0,0,0,2022-03-28 16:33:34+02:00
0,0,0,0,0,0,2022-03-28 16:41:29+02:00
1,1,0,0,0,0,2022-03-28 16:43:00+02:00
0,1,0,0,0,0,2022-03-29 15:11:16+02:00
0,0,0,0,0,0,2022-03-29 15:14:05+02:00
1,1,0,0,0,0,2022-03-29 15:14:33+02:00
1,1,0,0,0,0,2022-03-29 15:14:52+02:00
0,0,0,0,0,0,2022-03-29 15:21:13+02:00
0,1,0,0,0,0,2022-03-29 15:28:25+02:00
0,1,0,0,0,0,2022-03-29 15:43:22+02:00
0,0,0,0,0,0,2022-03-29 16:57:08+02:00
0,1,0,1,0,1,2022-03-29 20:01:41+02:00
1,1,0,0,0,0,2022-03-30 13:32:02+02:00
0,0,0,0,0,0,2022-03-30 13:36:47+02:00
0,1,0,0,0,0,2022-03-30 13:38:57+02:00
0,0,0,0,0,0,2022-03-30 13:40:00+02:00
0,1,0,0,0,0,2022-03-30 13:41:53+02:00
0,1,0,0,0,0,2022-03-30 13:36:47+02:00
0,0,0,0,0,0,2022-03-30 16:44:14+02:00
0,0,0,0,0,0,2022-03-31 09:49:39+02:00
1,1,0,0,0,0,2022-03-31 09:53:07+02:00
0,1,0,0,0,0,2022-03-31 10:30:22+02:00
0,1,0,0,0,0,2022-03-31 10:35:17+02:00
0,1,0,0,0,0,2022-03-31 10:41:37+02:00
1,3,0,1,1,1,2022-03-31 14:40:45+02:00
1,1,0,1,1,1,2022-03-31 17:12:16+02:00
0,1,0,0,0,0,2022-03-31 17:14:26+02:00
0,0,0,0,0,0,2022-04-01 08:52:52+02:00
0,0,0,0,0,0,2022-04-01 14:04:17+02:00
1,1,0,1,1,1,2022-04-01 14:05:33+02:00
0,1,0,0,0,0,2022-04-01 14:18:07+02:00
0,1,0,0,0,0,2022-04-01 14:26:31+02:00
0,1,0,0,0,0,2022-04-01 15:02:16+02:00
1,2,0,1,1,2,2022-04-01 15:03:53+02:00
0,0,0,0,0,0,2022-04-01 15:11:17+02:00
0,0,0,0,0,0,2022-04-01 15:11:47+02:00
1,2,0,1,1,1,2022-04-01 15:12:07+02:00
0,0,0,0,0,0,2022-04-01 15:13:14+02:00
1,1,0,1,1,1,2022-04-01 15:20:28+02:00
0,0,0,0,0,0,2022-04-01 15:26:41+02:00
0,0,0,0,0,0,2022-04-01 15:32:05+02:00
0,1,0,0,0,0,2022-04-04 13:38:30+02:00
0,1,0,0,0,1,2022-04-04 16:15:00+02:00
0,1,0,0,0,0,2022-04-04 16:15:51+02:00
1,1,0,1,1,1,2022-04-04 16:17:01+02:00
0,2,0,0,0,0,2022-04-04 16:44:38+02:00
0,0,0,0,0,0,2022-04-06 12:07:10+02:00
0,0,0,0,0,0,2022-04-07 08:54:14+02:00
4,15,0,1,3,1,2022-04-07 08:58:55+02:00
4,15,0,1,3,1,2022-04-07 09:58:34+02:00
0,1,0,0,0,0,2022-04-07 14:38:54+02:00
0,0,0,0,0,0,2022-04-07 15:18:36+02:00
0,2,0,0,0,0,2022-04-07 17:05:11+02:00
0,1,0,0,0,0,2022-04-07 17:19:29+02:00
0,1,0,0,0,0,2022-04-07 17:23:41+02:00
0,1,0,1,0,1,2022-04-08 11:25:21+02:00
0,0,0,0,0,0,2022-04-08 16:44:06+02:00
0,0,0,0,0,0,2022-04-08 17:19:05+02:00
1,1,0,1,1,1,2022-04-08 17:34:29+02:00
0,0,0,0,0,0,2022-04-11 09:24:40+02:00
0,1,0,0,0,1,2022-04-11 10:09:49+02:00
0,0,0,0,0,0,2022-04-11 13:47:25+02:00
2,5,0,1,2,2,2022-04-11 14:40:22+02:00
0,1,0,0,0,0,2022-04-11 14:51:25+02:00
1,4,0,1,2,1,2022-04-11 14:56:04+02:00
0,1,0,0,0,0,2022-04-12 10:06:52+02:00
0,1,0,0,0,0,2022-04-12 10:14:01+02:00
0,1,0,0,0,0,2022-04-12 11:51:49+02:00
0,1,0,0,0,0,2022-04-12 11:56:37+02:00
0,1,0,0,0,0,2022-04-12 15:34:05+02:00
0,2,0,0,0,0,2022-04-12 15:42:20+02:00
1,2,0,0,0,0,2022-04-12 16:59:38+02:00
0,2,0,0,0,0,2022-04-12 17:03:54+02:00
0,1,0,0,0,0,2022-04-12 17:05:50+02:00
0,1,0,0,0,0,2022-04-12 17:07:22+02:00
0,0,0,0,0,0,2022-04-12 17:07:57+02:00
0,0,0,0,0,0,2022-04-12 17:57:07+02:00
0,1,0,0,0,1,2022-04-12 18:05:49+02:00
0,0,0,0,0,0,2022-04-13 09:46:26+02:00
0,0,0,0,0,0,2022-04-13 09:46:38+02:00
0,1,0,0,0,0,2022-04-13 09:55:26+02:00
0,0,0,0,0,0,2022-04-13 09:56:02+02:00
0,0,0,0,0,0,2022-04-13 13:24:42+02:00
0,1,0,0,0,0,2022-04-13 13:34:15+02:00
0,1,0,0,0,0,2022-04-13 14:03:07+02:00
0,0,0,0,0,0,2022-04-13 14:15:51+02:00
1,4,0,1,2,2,2022-04-13 17:13:41+02:00
0,1,0,0,0,0,2022-04-13 17:21:18+02:00
0,1,0,0,0,0,2022-04-13 17:24:38+02:00
0,1,0,0,0,0,2022-04-13 17:28:05+02:00
0,1,0,0,1,0,2022-04-14 09:36:58+02:00
0,1,0,0,0,0,2022-04-14 09:37:53+02:00
0,1,0,0,0,0,2022-04-14 10:10:46+02:00
0,0,0,0,0,0,2022-04-14 10:11:25+02:00
0,0,0,0,0,0,2022-04-14 10:13:53+02:00
0,0,0,0,0,0,2022-04-14 10:21:47+02:00
0,0,0,0,0,0,2022-04-14 10:34:17+02:00
0,1,0,0,1,0,2022-04-14 14:12:23+02:00
1,2,0,1,1,1,2022-04-14 14:14:30+02:00
1,2,0,1,1,1,2022-04-14 14:28:43+02:00
0,0,0,0,0,0,2022-04-14 16:26:49+02:00
0,0,0,0,0,0,2022-04-14 16:48:24+02:00
0,0,0,0,0,0,2022-04-14 17:04:03+02:00
2,3,0,1,1,2,2022-04-19 09:49:39+02:00
0,0,0,0,0,0,2022-04-19 09:53:28+02:00
6,28,1,6,3,10,2022-04-19 09:59:07+02:00
2,2,0,1,1,2,2022-04-19 14:24:54+02:00
3,3,0,1,1,1,2022-04-20 10:45:36+02:00
2,4,0,1,1,1,2022-04-20 12:57:50+02:00
4,5,0,0,0,2,2022-04-20 13:33:55+02:00
0,1,0,0,0,0,2022-04-20 15:21:12+02:00
1,2,0,0,0,0,2022-04-20 16:15:46+02:00
1,1,0,0,0,0,2022-04-20 16:18:20+02:00
1,1,0,0,0,0,2022-04-20 16:19:03+02:00
0,0,0,0,0,0,2022-04-20 16:24:54+02:00
1,1,0,0,0,0,2022-04-21 10:55:15+02:00
1,1,0,0,0,0,2022-04-21 11:05:04+02:00
0,0,0,0,0,0,2022-04-21 11:07:34+02:00
4,2,0,0,0,0,2022-04-22 10:08:36+02:00
0,3,0,0,1,1,2022-04-22 10:52:42+02:00
6,7,0,1,1,3,2022-04-22 11:25:40+02:00
1,1,0,1,1,1,2022-04-22 11:32:20+02:00
0,0,0,0,0,0,2022-04-22 11:37:37+02:00
0,0,0,0,0,0,2022-04-22 13:18:55+02:00
1,1,0,0,0,0,2022-04-22 13:22:39+02:00
0,0,0,0,0,0,2022-04-22 13:46:17+02:00
2,2,0,0,0,0,2022-04-22 17:17:48+02:00
0,0,0,0,0,0,2022-04-22 17:28:56+02:00
0,1,0,0,0,1,2022-04-25 15:24:26+02:00
0,0,0,0,0,0,2022-04-25 15:40:58+02:00
0,0,0,0,0,0,2022-04-26 09:13:28+02:00
0,0,0,0,0,0,2022-04-26 11:07:34+02:00
1,2,0,1,1,1,2022-04-26 11:36:15+02:00
0,1,0,0,0,0,2022-04-26 11:46:10+02:00
1,1,0,0,0,0,2022-04-26 14:34:35+02:00
0,1,0,0,0,0,2022-04-26 14:39:51+02:00
0,0,0,0,0,0,2022-04-26 15:35:00+02:00
1,1,0,0,0,0,2022-04-26 17:53:45+02:00
0,0,0,0,0,0,2022-04-27 08:57:11+02:00
1,1,0,0,0,0,2022-04-27 16:31:14+02:00
0,0,0,0,0,0,2022-04-28 09:45:49+02:00
0,0,0,0,0,0,2022-04-28 09:47:41+02:00
0,0,0,0,0,0,2022-04-28 11:40:42+02:00
0,1,0,0,0,0,2022-04-28 11:51:47+02:00
0,0,0,0,0,0,2022-04-28 12:39:25+02:00
2,2,0,0,0,0,2022-04-28 14:30:03+02:00
3,3,0,1,1,1,2022-04-28 15:20:28+02:00
0,0,0,0,0,0,2022-04-28 15:24:21+02:00
0,0,0,0,0,0,2022-04-28 16:43:36+02:00
0,0,0,0,0,0,2022-04-28 17:10:39+02:00
1,1,0,0,0,0,2022-04-29 10:16:50+02:00
0,0,0,0,0,0,2022-04-29 10:24:43+02:00
0,0,0,0,0,0,2022-05-03 10:37:57+02:00
2,5,0,1,2,1,2022-05-03 10:51:07+02:00
0,0,0,0,0,0,2022-05-03 10:59:21+02:00
0,0,0,0,0,0,2022-05-03 11:04:49+02:00
0,1,0,0,0,0,2022-05-03 09:05:27+00:00
0,0,0,0,0,0,2022-05-03 11:09:48+02:00
0,0,0,0,0,0,2022-05-03 11:12:32+02:00
0,0,0,0,0,0,2022-05-03 09:13:19+00:00
0,0,0,0,0,0,2022-05-03 11:19:31+02:00
0,0,0,0,0,0,2022-05-03 09:20:13+00:00
0,0,0,0,0,0,2022-05-04 11:30:29+02:00
0,0,0,0,0,0,2022-05-04 11:41:21+02:00
0,1,0,0,0,0,2022-05-04 12:51:47+02:00
0,0,0,0,0,0,2022-05-04 14:08:18+02:00
1,1,0,0,0,0,2022-05-04 14:09:57+02:00
0,0,0,0,0,0,2022-05-05 11:08:42+02:00
0,0,0,0,0,0,2022-05-05 11:17:43+02:00
0,0,0,1,0,1,2022-05-05 11:21:08+02:00
0,0,0,1,0,1,2022-05-05 11:22:54+02:00
0,0,0,1,0,1,2022-05-05 11:24:07+02:00
1,1,0,0,0,0,2022-05-05 11:29:37+02:00
0,0,0,0,0,0,2022-05-05 11:34:18+02:00
2,1,0,0,0,0,2022-05-08 19:37:16+02:00
0,0,0,0,0,0,2022-05-08 19:37:56+02:00
1,1,0,0,0,0,2022-05-08 17:38:25+00:00
1,0,0,0,0,0,2022-05-08 17:38:33+00:00
0,0,0,0,0,0,2022-05-08 19:41:05+02:00
1,1,0,0,0,0,2022-05-09 08:53:36+02:00
1,1,0,0,0,0,2022-05-09 06:58:50+00:00
1,1,0,0,0,0,2022-05-09 06:59:13+00:00
0,0,0,0,0,0,2022-05-09 10:25:15+02:00
0,0,0,0,0,0,2022-05-09 10:25:59+02:00
1,1,0,0,0,0,2022-05-09 08:26:37+00:00
0,0,0,0,0,0,2022-05-09 08:26:46+00:00
0,0,0,0,0,0,2022-05-09 10:31:41+02:00
0,0,0,0,0,0,2022-05-09 10:32:24+02:00
0,0,0,0,0,0,2022-05-09 08:33:17+00:00
0,0,0,0,0,0,2022-05-09 10:35:24+02:00
1,1,0,0,0,0,2022-05-09 08:35:55+00:00
0,1,0,0,1,0,2022-05-09 10:36:25+02:00
1,1,0,0,0,0,2022-05-09 11:09:13+02:00
0,0,0,0,0,0,2022-05-09 11:10:21+02:00
0,0,0,0,0,0,2022-05-09 11:33:44+02:00
0,0,0,0,0,0,2022-05-09 11:37:47+02:00
0,2,0,0,1,0,2022-05-09 12:46:02+02:00
0,2,0,0,1,0,2022-05-09 10:46:45+00:00
1,1,0,0,0,0,2022-05-09 12:52:11+02:00
1,1,0,0,0,0,2022-05-09 12:57:34+02:00
0,0,0,0,0,0,2022-05-12 09:19:08+02:00
0,1,0,0,0,0,2022-05-12 09:30:18+02:00
0,0,0,0,0,0,2022-05-12 09:43:49+02:00
0,0,0,0,0,0,2022-05-12 09:49:10+02:00
1,3,0,0,0,0,2022-05-12 09:51:43+02:00
0,1,0,0,0,0,2022-05-12 07:53:20+00:00
0,0,0,0,0,0,2022-05-12 09:54:18+02:00
0,1,0,0,0,0,2022-05-12 10:55:31+02:00
0,0,0,0,0,0,2022-05-12 11:06:23+02:00
0,0,0,0,0,0,2022-05-12 11:54:24+02:00
0,1,0,0,0,0,2022-05-12 12:00:15+02:00
0,0,0,0,0,0,2022-05-12 13:01:52+02:00
0,0,0,0,0,0,2022-05-12 13:05:22+02:00
0,1,0,0,0,0,2022-05-12 13:15:06+02:00
0,1,0,0,0,0,2022-05-12 13:21:59+02:00
0,0,0,0,0,0,2022-05-12 13:30:47+02:00
0,0,0,0,0,0,2022-05-12 13:34:51+02:00
0,2,0,0,0,0,2022-05-12 15:13:29+02:00
0,0,0,0,0,0,2022-05-12 15:13:42+02:00
1,1,0,0,0,0,2022-05-13 10:41:00+02:00
0,0,0,0,0,0,2022-05-13 10:59:19+02:00
0,0,0,0,0,0,2022-05-13 11:13:51+02:00
0,0,0,0,0,0,2022-05-13 11:16:45+02:00
1,1,0,0,0,0,2022-05-13 09:31:13+00:00
0,1,0,0,0,0,2022-05-13 13:14:10+02:00
0,0,0,0,0,0,2022-05-13 13:29:40+02:00
1,1,0,0,0,0,2022-05-13 11:31:03+00:00
0,0,0,0,0,0,2022-05-13 15:20:46+02:00
0,0,0,0,0,0,2022-05-13 15:34:13+02:00
0,0,0,0,0,0,2022-05-16 16:51:00+02:00
0,0,0,0,0,0,2022-05-16 17:00:38+02:00
0,0,0,0,0,0,2022-05-17 08:22:48+02:00
0,0,0,0,0,0,2022-05-17 09:44:37+02:00
0,0,0,0,0,0,2022-05-31 09:50:19+02:00
0,0,0,0,0,0,2022-05-31 09:58:02+02:00
0,0,0,0,0,0,2022-05-31 10:06:38+02:00
0,0,0,0,0,0,2022-05-31 10:13:27+02:00
0,0,0,0,0,0,2022-05-31 10:22:40+02:00
1,1,0,0,0,0,2022-05-31 10:35:56+02:00
0,0,0,0,0,0,2022-05-31 10:48:39+02:00
0,0,0,0,0,0,2022-05-31 10:55:06+00:00
0,0,0,0,0,0,2022-05-31 11:01:30+00:00
0,0,0,0,0,0,2022-05-31 11:03:17+00:00
0,0,0,0,0,0,2022-05-31 11:06:19+00:00
0,0,0,0,0,0,2022-05-31 13:08:07+02:00
0,0,0,0,0,0,2022-05-31 10:13:27+02:00
1,1,0,0,0,0,2022-05-31 10:35:56+02:00
0,0,0,0,0,0,2022-05-31 10:55:06+00:00
0,0,0,0,0,0,2022-05-31 11:01:30+00:00
0,0,0,0,0,0,2022-05-31 11:03:17+00:00
0,0,0,0,0,0,2022-05-31 11:06:19+00:00
0,0,0,0,0,0,2022-05-31 13:08:07+02:00
0,0,0,0,0,0,2022-05-31 13:19:17+02:00
0,0,0,0,0,0,2022-05-31 13:29:58+02:00
0,0,0,0,0,0,2022-05-31 10:13:27+02:00
1,1,0,0,0,0,2022-05-31 10:35:56+02:00
0,0,0,0,0,0,2022-05-31 10:55:06+00:00
0,0,0,0,0,0,2022-05-31 11:01:30+00:00
0,0,0,0,0,0,2022-05-31 11:03:17+00:00
0,0,0,0,0,0,2022-05-31 11:06:19+00:00
0,0,0,0,0,0,2022-05-31 13:08:07+02:00
0,0,0,0,0,0,2022-05-31 10:55:06+00:00
0,0,0,0,0,0,2022-05-31 11:01:30+00:00
0,0,0,0,0,0,2022-05-31 11:03:17+00:00
0,0,0,0,0,0,2022-05-31 11:06:19+00:00
0,0,0,0,0,0,2022-05-31 13:19:17+02:00
0,0,0,0,0,0,2022-05-31 13:40:05+02:00
0,0,0,0,0,0,2022-05-31 13:45:17+02:00
0,0,0,0,0,0,2022-05-31 15:21:49+02:00
1,1,0,0,0,0,2022-05-31 13:22:08+00:00
