Acquisition,Preparation,Modeling,Training,Evaluation,Prediction,time
0,0,0,0,0,0,2018-06-21 14:35:56+01:00
0,0,0,0,0,0,2018-06-21 15:13:48+01:00
0,0,0,0,0,0,2018-06-21 15:14:28+01:00
0,1,0,0,0,0,2018-06-21 22:01:23+01:00
0,0,0,0,0,0,2018-06-22 01:50:47-04:00
0,0,0,0,0,0,2018-06-24 17:10:28+01:00
0,0,0,0,0,0,2018-06-24 15:23:05-04:00
1,1,0,0,0,0,2018-06-26 10:33:29+01:00
0,0,0,0,0,0,2018-06-26 05:50:30-04:00
0,0,0,0,0,0,2018-06-26 09:05:33-04:00
0,0,0,0,0,0,2018-06-27 13:08:02-04:00
0,0,0,0,0,0,2018-06-27 13:14:41-04:00
1,0,0,0,0,0,2018-07-02 23:23:26-04:00
0,0,0,0,0,0,2018-07-02 23:38:08-04:00
0,0,0,0,0,0,2018-07-02 23:42:15-04:00
0,0,0,0,0,0,2018-07-02 23:45:21-04:00
0,0,0,0,0,0,2018-07-18 18:32:51-04:00
0,0,0,0,0,0,2018-07-18 18:34:10-04:00
0,0,0,0,0,0,2018-07-18 18:42:51-04:00
1,0,0,0,0,0,2018-08-02 09:34:09-04:00
0,0,0,0,0,0,2018-09-03 13:04:58-04:00
0,0,0,0,0,0,2018-09-10 21:57:37-04:00
2,1,0,0,0,0,2018-09-20 23:00:14-04:00
2,2,0,0,0,0,2018-09-25 18:09:24-04:00
2,2,0,0,0,0,2018-10-04 14:05:03-04:00
2,2,0,0,0,0,2018-10-14 19:07:27-04:00
2,2,0,0,0,0,2018-10-14 20:30:57-04:00
1,1,0,0,0,0,2018-10-15 09:04:42-04:00
1,1,0,0,0,0,2018-10-15 11:27:05-04:00
1,1,0,0,0,0,2018-10-15 11:32:44-04:00
0,0,0,0,0,0,2018-10-23 18:27:46-04:00
1,1,0,0,0,0,2018-10-28 19:09:52-04:00
1,1,0,0,0,0,2018-10-28 19:40:11-04:00
0,0,0,0,0,0,2018-11-07 10:41:52-05:00
0,0,0,0,0,0,2018-11-12 12:12:04-05:00
4,5,0,0,0,0,2018-12-05 14:39:27-05:00
6,5,0,0,0,0,2018-12-05 15:15:19-05:00
0,0,0,0,0,0,2018-12-05 16:18:08-05:00
0,0,0,0,0,0,2018-12-05 16:32:36-05:00
0,0,0,0,0,0,2018-12-05 17:09:20-05:00
0,0,0,0,0,0,2018-12-05 17:10:18-05:00
4,4,0,0,0,0,2018-12-05 18:20:33-05:00
4,4,0,0,0,0,2018-12-05 19:29:24-05:00
0,0,0,0,0,0,2018-12-05 19:53:17-05:00
0,0,0,0,0,0,2018-12-05 20:04:06-05:00
0,0,0,0,0,0,2018-12-05 20:21:14-05:00
0,0,0,0,0,0,2018-12-05 20:28:55-05:00
0,0,0,0,0,0,2018-12-05 20:52:36-05:00
0,0,0,0,0,0,2018-12-09 12:18:52-05:00
1,0,0,0,0,0,2018-12-09 12:40:10-05:00
0,0,0,0,0,0,2018-12-10 13:39:45-05:00
1,0,0,0,0,0,2018-12-16 17:04:55-05:00
1,1,0,0,0,0,2019-01-13 18:39:23-05:00
0,0,0,0,0,0,2019-01-14 12:16:29-05:00
4,4,0,0,0,0,2019-01-18 10:38:43-05:00
2,2,0,0,0,0,2019-01-19 19:22:11-05:00
1,1,0,0,0,0,2019-01-19 19:56:38-05:00
1,1,0,0,0,0,2019-01-20 17:22:37-05:00
0,0,0,0,0,0,2019-01-23 13:53:00-05:00
1,1,0,0,0,0,2019-01-23 14:17:57-05:00
1,1,0,0,0,0,2019-01-23 15:37:44-05:00
2,2,0,0,0,0,2019-02-11 11:42:04-05:00
1,1,0,0,0,0,2019-02-11 11:55:27-05:00
0,0,0,0,0,0,2019-02-11 12:20:43-05:00
0,0,0,0,0,0,2019-02-13 13:51:12-05:00
0,0,0,0,0,0,2019-02-13 14:10:54-05:00
0,0,0,0,0,0,2019-02-13 14:15:10-05:00
1,1,0,0,0,0,2019-02-13 14:18:05-05:00
0,0,0,0,0,0,2019-02-13 17:38:49-05:00
4,3,0,0,0,0,2019-03-05 20:10:14-05:00
0,0,0,0,0,0,2019-03-10 18:37:29-04:00
1,3,0,0,0,0,2019-03-10 19:20:27-04:00
0,1,0,0,0,0,2019-03-10 19:25:26-04:00
1,0,0,0,0,0,2019-03-10 19:33:28-04:00
1,0,0,0,0,0,2019-03-10 20:01:52-04:00
0,0,0,0,0,0,2019-03-21 11:52:23-04:00
2,2,0,0,0,0,2019-03-21 13:54:33-04:00
2,2,0,0,0,0,2019-03-21 15:21:55-04:00
1,1,0,0,0,0,2019-03-21 15:36:07-04:00
1,1,0,0,0,0,2019-03-21 15:37:34-04:00
1,1,0,0,0,0,2019-03-21 16:20:23-04:00
1,1,0,0,0,0,2019-03-21 16:45:15-04:00
2,2,0,0,0,0,2019-03-23 17:00:44-04:00
0,0,0,0,0,0,2019-03-23 18:46:09-04:00
0,0,0,0,0,0,2019-03-23 18:46:43-04:00
1,1,0,0,0,0,2019-03-27 16:01:18-04:00
2,2,0,0,0,0,2019-03-29 15:56:36-04:00
1,1,0,0,0,0,2019-03-29 19:43:40-04:00
1,1,0,0,0,0,2019-03-31 21:35:03-04:00
1,1,0,0,0,0,2019-05-25 14:04:53-04:00
1,1,0,0,0,0,2019-05-25 14:07:38-04:00
5,4,0,0,0,0,2019-07-16 11:12:59-04:00
0,0,0,0,0,0,2019-07-16 11:18:16-04:00
0,0,0,0,0,0,2019-08-03 19:43:20-04:00
1,0,0,0,0,0,2019-08-03 19:59:20-04:00
1,1,0,0,0,0,2019-08-03 20:46:44-04:00
0,0,0,0,0,0,2019-08-03 20:56:37-04:00
