Acquisition,Preparation,Modeling,Training,Evaluation,Prediction,time
0,0,0,0,0,0,2021-03-04 20:39:41+05:18
0,1,0,0,0,0,2021-03-04 20:43:23+05:18
0,0,0,0,0,0,2021-03-04 20:53:43+05:18
0,0,0,0,0,0,2021-03-10 17:11:04+05:18
0,1,0,0,0,0,2021-03-22 15:48:58+05:18
0,0,0,0,0,0,2021-03-23 10:47:26+05:18
0,0,0,0,0,0,2021-03-24 12:51:18+05:18
0,0,0,0,0,0,2021-03-24 20:20:50+05:18
0,0,0,0,0,0,2021-03-28 18:53:23+05:18
0,0,0,0,0,0,2021-03-28 18:56:51+05:18
0,0,0,0,0,0,2021-04-02 13:17:06+05:18
2,2,0,0,0,2,2021-04-02 15:51:04+05:18
0,0,0,0,0,0,2021-04-02 15:58:29+05:18
0,1,0,0,0,0,2021-04-03 19:19:04+05:18
0,0,0,0,0,0,2021-04-03 19:22:55+05:18
1,2,0,0,0,1,2021-04-03 20:38:28+05:18
0,0,0,0,0,0,2021-04-03 20:51:26+05:18
0,0,0,0,0,0,2021-04-03 20:53:58+05:18
0,0,0,0,0,0,2021-04-03 20:59:52+05:18
0,0,0,0,0,0,2021-04-03 21:33:28+05:18
0,0,0,0,0,0,2021-04-04 12:07:35+05:18
0,0,0,0,0,0,2021-04-04 12:08:38+05:18
0,0,0,0,0,0,2021-04-04 16:39:24+05:18
0,0,0,0,0,0,2021-04-04 16:43:18+05:18
0,1,0,0,0,0,2021-04-05 00:15:17+05:18
1,0,0,0,0,0,2021-04-05 00:20:10+05:18
0,0,0,0,0,0,2021-04-05 00:21:12+05:18
0,0,0,0,0,0,2021-04-05 00:46:08+05:18
0,0,0,0,0,0,2021-04-05 00:49:18+05:18
0,0,0,0,0,0,2021-04-05 00:49:39+05:18
0,0,0,0,0,0,2021-04-05 00:51:51+05:18
0,0,0,0,0,0,2021-04-05 00:58:35+05:18
0,0,0,0,0,0,2021-04-09 19:37:58+05:18
0,0,0,0,0,0,2021-04-09 19:39:42+05:18
0,0,0,0,0,0,2021-04-09 19:42:49+05:18
0,0,0,0,0,0,2021-04-09 19:47:37+05:18
3,3,3,2,1,3,2021-04-11 01:55:16+05:18
95,215,72,0,7,0,2021-04-11 10:37:56+05:18
0,0,0,0,0,0,2021-04-11 10:43:28+05:18
3,4,0,0,0,2,2021-04-11 11:57:06+05:18
0,0,0,0,0,0,2021-04-11 12:27:32+05:18
95,215,72,0,7,0,2021-04-11 12:42:36+05:18
0,0,0,0,0,0,2021-04-11 12:43:50+05:18
0,0,0,0,0,0,2021-04-11 13:34:04+05:18
0,0,0,0,0,0,2021-04-11 13:57:17+05:18
0,0,0,0,0,0,2021-04-11 13:58:37+05:18
0,1,0,0,0,0,2021-04-11 14:41:55+05:18
0,0,0,0,0,0,2021-04-11 14:58:01+05:18
1,1,1,0,0,1,2021-04-11 15:08:01+05:18
0,0,0,0,0,0,2021-04-11 15:10:27+05:18
0,0,0,0,0,0,2021-04-11 15:11:14+05:18
0,0,0,0,0,0,2021-04-11 15:15:31+05:18
1,1,1,0,0,1,2021-04-12 20:52:31+05:18
0,0,0,0,0,0,2021-04-12 20:52:53+05:18
0,0,0,0,0,0,2021-04-12 20:53:13+05:18
1,1,1,0,0,1,2021-04-12 20:56:34+05:18
0,0,0,0,0,0,2021-04-12 20:57:08+05:18
0,1,0,0,0,0,2021-04-13 09:32:30+05:18
0,0,0,0,0,0,2021-04-13 11:15:30+05:18
0,0,0,0,0,0,2021-04-15 00:57:32+05:18
1,2,1,0,0,1,2021-04-15 00:57:47+05:18
0,0,0,0,0,0,2021-04-15 00:58:07+05:18
2,3,1,0,0,1,2021-04-16 00:59:26+05:18
0,0,0,0,0,0,2021-04-16 01:07:24+05:18
0,0,0,0,0,0,2021-04-16 01:10:18+05:18
0,0,0,0,0,0,2021-04-16 01:22:36+05:18
0,0,0,0,0,0,2021-04-16 01:26:02+05:18
0,0,0,0,0,0,2021-04-16 01:35:46+05:18
0,1,0,0,0,0,2021-04-17 11:10:31+05:18
0,1,0,0,0,0,2021-04-17 13:20:28+05:18
0,0,0,0,0,0,2021-04-17 13:22:13+05:18
0,1,0,0,0,0,2021-04-17 13:27:33+05:18
0,0,0,0,0,0,2021-04-17 13:28:14+05:18
0,0,0,0,0,0,2021-04-18 10:00:42+05:18
0,0,0,0,0,0,2021-04-18 10:17:08+05:18
0,0,0,0,0,0,2021-04-18 10:24:50+05:18
0,1,0,0,0,0,2021-04-19 08:53:39+05:18
0,1,0,0,0,0,2021-04-19 08:58:28+05:18
0,1,0,0,0,0,2021-04-19 09:50:13+05:18
0,0,0,0,0,0,2021-04-19 09:51:37+05:18
0,1,0,0,0,0,2021-04-19 20:59:01+05:18
0,0,0,0,0,0,2021-04-19 21:30:49+05:18
0,0,0,0,0,0,2021-04-20 12:23:59+05:18
0,0,0,0,0,0,2021-04-20 12:26:09+05:18
1,2,1,0,0,1,2021-04-23 19:15:24+05:18
1,2,1,0,0,1,2021-04-23 19:20:42+05:18
0,0,0,0,0,0,2021-04-23 19:21:42+05:18
0,0,0,0,0,0,2021-04-23 19:28:34+05:18
0,0,0,0,0,0,2021-04-23 19:32:02+05:18
0,0,0,0,0,0,2021-04-24 08:37:23+05:18
0,0,0,0,0,0,2021-04-24 09:20:36+05:18
0,1,0,0,0,0,2021-04-24 09:41:52+05:18
0,0,0,0,0,0,2021-04-24 09:42:42+05:18
0,1,0,0,0,0,2021-04-24 11:38:43+05:18
0,0,0,0,0,0,2021-04-24 11:42:21+05:18
0,0,0,0,0,0,2021-04-24 11:51:58+05:18
1,2,0,0,0,0,2021-04-24 13:34:27+05:18
0,0,0,0,0,0,2021-04-24 13:35:34+05:18
1,1,1,0,0,1,2021-04-25 11:47:42+05:18
0,0,0,0,0,0,2021-04-25 12:14:30+05:18
0,0,0,0,0,0,2021-04-25 15:38:10+05:18
0,0,0,0,0,0,2021-04-25 15:39:16+05:18
0,1,0,0,0,0,2021-04-25 21:28:06+05:18
1,2,1,0,0,1,2021-04-26 00:12:38+05:18
0,0,0,0,0,0,2021-04-26 00:15:31+05:18
0,1,0,0,0,0,2021-04-26 00:40:56+05:18
0,0,0,0,0,0,2021-04-26 00:42:09+05:18
0,1,0,0,0,0,2021-05-02 23:29:09+05:18
0,0,0,0,0,0,2021-05-02 23:30:05+05:18
0,0,0,0,0,0,2021-05-06 19:27:43+05:18
1,2,0,0,0,0,2021-07-02 19:02:10+05:18
0,0,0,0,0,0,2021-07-02 19:12:24+05:18
0,0,0,0,0,0,2021-07-02 19:12:38+05:18
0,1,0,0,0,0,2021-07-02 20:48:05+05:18
0,0,0,0,0,0,2021-07-02 20:49:02+05:18
0,0,0,0,0,0,2021-07-03 00:16:15+05:18
0,0,0,0,0,0,2021-07-03 08:53:26+05:18
0,0,0,0,0,0,2021-07-03 08:54:05+05:18
0,0,0,0,0,0,2021-07-03 12:01:11+05:18
0,1,0,0,0,0,2021-07-14 13:40:59+05:18
0,0,0,0,0,0,2021-07-14 13:45:46+05:18
0,0,0,0,0,0,2021-07-18 17:51:29+05:18
1,3,1,0,0,1,2021-07-18 17:54:37+05:18
0,0,0,0,0,0,2021-07-18 17:55:16+05:18
0,0,0,0,0,0,2021-07-18 17:55:23+05:18
0,0,0,0,0,0,2021-08-05 13:41:21+05:18
0,1,0,0,0,0,2021-08-05 13:42:23+05:18
0,0,0,0,0,0,2021-08-05 13:43:20+05:18
0,0,0,0,0,0,2021-08-05 13:44:29+05:18
0,0,0,0,0,0,2021-08-05 13:54:26+05:18
