Acquisition,Preparation,Modeling,Training,Evaluation,Prediction,time
0,0,0,0,0,0,2017-11-26 10:17:33+01:00
0,0,0,0,0,0,2017-11-26 11:51:27+01:00
1,1,0,0,0,0,2017-11-26 17:13:36+01:00
0,0,0,0,0,0,2017-11-30 17:08:10+01:00
1,1,0,0,0,0,2017-12-02 12:04:44+01:00
0,0,0,0,0,0,2017-12-02 16:05:38+01:00
0,0,0,0,0,0,2017-12-02 16:48:33+01:00
0,1,0,0,0,0,2017-12-03 13:12:54+01:00
1,0,0,0,0,0,2017-12-07 18:59:10+01:00
2,1,0,0,0,0,2017-12-08 11:26:42+01:00
0,0,0,0,0,0,2017-12-09 17:57:58+01:00
1,2,0,0,0,0,2017-12-10 11:56:00+01:00
1,2,0,0,0,0,2017-12-10 15:13:05+01:00
1,1,0,0,0,0,2017-12-10 15:58:03+01:00
1,1,0,0,0,0,2017-12-14 11:46:44+01:00
2,2,0,0,0,0,2017-12-14 15:15:26+01:00
1,3,0,0,1,0,2017-12-15 16:29:22+01:00
1,1,0,0,0,0,2017-12-16 17:02:17+01:00
2,1,0,0,0,0,2017-12-17 16:16:45+01:00
1,1,0,0,0,0,2017-12-17 17:55:47+01:00
1,1,0,0,0,0,2017-12-17 21:46:48+01:00
0,3,0,0,1,0,2017-12-18 18:57:05+01:00
0,0,0,0,0,0,2017-12-18 19:39:51+01:00
2,2,0,0,1,0,2017-12-18 22:59:02+01:00
0,0,0,0,0,0,2017-12-19 14:04:34+01:00
0,3,0,0,1,0,2017-12-19 23:48:29+01:00
0,0,0,0,0,0,2017-12-21 12:44:58+01:00
1,2,0,0,1,0,2017-12-21 15:27:42+01:00
0,3,0,0,1,0,2017-12-22 13:43:41+01:00
1,3,1,1,0,0,2017-12-22 21:22:31+01:00
0,3,0,0,1,0,2017-12-24 15:16:06+01:00
0,1,0,0,0,0,2017-12-28 13:51:22+01:00
0,0,0,0,0,0,2017-12-29 15:41:48+01:00
0,2,0,0,0,0,2017-12-30 15:04:28+01:00
0,0,0,0,0,0,2018-01-01 17:16:50+01:00
0,0,0,0,0,0,2018-01-01 17:57:24+01:00
0,1,0,0,0,0,2018-01-02 18:29:01+01:00
1,2,0,0,0,0,2018-01-02 19:07:42+01:00
0,0,0,0,0,0,2018-01-04 14:40:13+01:00
0,2,0,0,0,0,2018-01-06 22:33:31+01:00
0,2,1,1,0,0,2018-01-07 12:43:24+01:00
1,4,1,1,1,0,2018-01-07 14:43:21+01:00
0,0,0,0,0,0,2018-01-07 14:48:14+01:00
0,2,1,1,1,0,2018-01-07 15:44:07+01:00
0,0,0,0,0,0,2018-01-08 12:46:18+01:00
1,0,0,0,0,0,2018-01-08 14:51:05+01:00
1,4,0,2,1,0,2018-01-08 22:57:36+01:00
1,5,1,3,1,0,2018-01-08 23:54:27+01:00
1,3,0,2,1,0,2018-01-10 00:00:46+01:00
1,2,0,1,1,0,2018-01-10 11:24:13+01:00
1,1,0,0,0,0,2018-01-10 11:42:31+01:00
0,1,0,0,0,0,2018-01-10 15:44:33+01:00
1,1,0,0,0,0,2018-01-10 21:35:31+01:00
0,1,0,0,0,0,2018-01-10 22:42:21+01:00
1,2,1,2,0,0,2018-01-12 22:50:49+01:00
0,1,0,0,0,0,2018-01-13 13:25:31+01:00
1,1,1,1,0,0,2018-01-13 17:57:37+01:00
1,1,0,0,0,0,2018-01-14 14:15:03+01:00
2,2,1,1,0,0,2018-01-14 17:14:27+01:00
1,1,0,0,0,0,2018-01-14 18:42:48+01:00
0,1,0,1,0,0,2018-01-15 10:56:24+01:00
1,1,1,1,0,0,2018-01-16 16:27:14+01:00
1,1,1,1,0,0,2018-01-17 11:15:44+01:00
1,1,1,1,0,0,2018-01-17 11:22:13+01:00
0,0,0,0,0,0,2018-01-17 11:33:45+01:00
1,1,1,1,0,0,2018-01-17 14:19:51+01:00
1,1,1,1,0,0,2018-01-17 23:12:05+01:00
1,1,1,1,0,0,2018-01-18 11:40:22+01:00
1,1,1,1,0,0,2018-01-18 17:07:27+01:00
1,1,1,1,0,0,2018-01-18 17:43:54+01:00
0,0,0,0,0,0,2018-01-18 22:34:51+01:00
1,1,1,1,0,0,2018-01-19 11:45:57+01:00
0,0,0,0,0,0,2018-01-21 21:49:59+01:00
0,0,0,0,0,0,2018-01-22 23:25:11+01:00
0,0,0,0,0,0,2018-01-23 18:06:10+01:00
0,0,0,0,0,0,2018-01-24 23:13:55+01:00
0,0,0,0,0,0,2018-01-25 17:48:58+01:00
0,0,0,0,0,0,2018-01-26 22:12:15+01:00
0,0,0,0,0,0,2018-01-27 18:05:54+01:00
0,0,0,0,0,0,2018-01-28 21:57:10+01:00
0,0,0,0,0,0,2018-01-29 20:40:21+01:00
1,1,1,1,0,0,2018-01-30 17:56:28+01:00
1,1,1,1,0,0,2018-01-31 23:12:03+01:00
0,1,0,1,0,0,2018-02-01 14:36:41+01:00
0,0,0,0,0,0,2018-02-02 16:27:20+01:00
1,2,1,2,0,0,2018-02-02 22:39:10+01:00
0,1,0,0,0,0,2018-02-05 14:06:38+01:00
0,0,0,0,1,0,2018-02-06 15:23:21+01:00
1,2,1,2,0,0,2018-02-07 22:42:58+01:00
2,2,2,2,0,0,2018-02-08 23:28:42+01:00
1,1,1,1,0,0,2018-02-10 15:57:15+01:00
1,1,1,1,0,0,2018-02-11 11:58:45+01:00
0,0,0,0,0,0,2018-02-11 15:26:58+01:00
0,0,0,0,1,0,2018-02-12 18:26:37+01:00
1,1,1,1,0,0,2018-02-13 19:04:58+01:00
3,3,3,3,0,0,2018-02-14 17:51:51+01:00
1,1,1,1,0,0,2018-02-14 18:59:31+01:00
2,3,2,3,0,0,2018-02-14 19:16:42+01:00
0,0,0,0,0,0,2018-02-15 11:08:31+01:00
1,1,1,1,0,0,2018-02-15 11:48:03+01:00
1,1,1,1,0,0,2018-02-16 16:37:03+01:00
0,0,0,0,0,0,2018-02-17 19:08:07+01:00
0,0,0,0,0,0,2018-02-18 18:19:16+01:00
1,2,1,1,0,0,2018-02-19 11:56:32+01:00
0,0,0,0,0,0,2018-02-20 22:46:51+01:00
0,0,0,0,0,0,2018-02-21 18:06:09+01:00
0,0,0,0,0,0,2018-02-22 18:30:33+01:00
0,1,0,0,0,0,2018-02-24 11:12:29+01:00
0,1,0,0,0,0,2018-02-24 11:21:46+01:00
1,1,1,1,0,0,2018-02-25 21:06:54+01:00
0,0,0,0,0,0,2018-02-26 22:35:45+01:00
0,0,0,0,0,0,2018-02-27 12:26:13+01:00
0,0,0,0,0,0,2018-02-28 17:35:07+01:00
0,0,0,0,0,0,2018-03-01 16:53:42+01:00
0,0,0,0,0,0,2018-03-02 13:39:13+01:00
0,0,0,0,0,0,2018-03-03 21:40:43+01:00
0,0,0,0,0,0,2018-03-04 13:39:14+01:00
0,0,0,0,0,0,2018-03-04 16:48:25+01:00
0,0,0,0,0,0,2018-03-05 12:38:09+01:00
0,0,0,0,0,0,2018-03-05 13:16:03+01:00
1,1,1,1,0,0,2018-03-06 12:25:46+01:00
0,0,0,0,0,0,2018-03-06 12:28:59+01:00
0,0,0,0,0,0,2018-03-07 18:02:20+01:00
0,0,0,0,0,0,2018-03-09 18:47:36+01:00
0,1,0,0,0,0,2018-03-11 20:22:10+01:00
0,0,0,0,0,0,2018-03-12 11:36:01+01:00
0,0,0,0,0,0,2018-03-13 13:08:08+01:00
0,0,0,0,0,0,2018-03-15 13:48:35+01:00
0,0,0,0,0,0,2018-03-17 16:58:40+01:00
0,0,0,0,0,0,2018-03-18 17:12:31+01:00
0,0,0,0,0,0,2018-03-28 11:26:29+02:00
0,0,0,0,0,0,2018-03-28 12:42:58+02:00
0,0,0,0,0,0,2018-04-01 21:51:20+02:00
0,1,0,0,0,0,2018-04-16 13:50:00+02:00
0,0,0,0,0,0,2018-04-17 21:53:55+02:00
1,1,0,0,0,0,2018-04-18 12:53:49+02:00
1,1,0,0,0,0,2018-04-19 16:39:49+02:00
0,0,0,0,0,0,2018-04-21 11:37:52+02:00
1,1,0,0,0,0,2018-04-23 22:18:28+02:00
0,0,0,0,0,0,2018-04-27 11:04:48+02:00
