Acquisition,Preparation,Modeling,Training,Evaluation,Prediction,time
0,0,0,0,0,0,2018-10-24 17:21:15+08:00
0,1,0,0,0,0,2018-10-24 17:31:10+08:00
0,0,0,0,0,0,2018-10-24 17:37:49+08:00
0,0,0,0,0,0,2018-10-24 17:57:19+08:00
0,0,0,0,0,0,2018-10-24 18:03:13+08:00
0,0,0,0,0,0,2018-10-24 18:10:33+08:00
0,0,0,0,0,0,2018-10-24 18:28:19+08:00
0,0,0,0,0,0,2018-10-24 18:35:40+08:00
0,0,0,0,0,0,2018-10-24 18:39:32+08:00
0,0,0,0,0,0,2018-10-24 18:48:33+08:00
0,0,0,0,0,0,2018-10-24 18:50:53+08:00
0,0,0,0,0,0,2018-10-24 18:53:52+08:00
0,0,0,0,0,0,2018-10-24 19:00:04+08:00
0,0,0,0,0,0,2018-10-24 19:37:45+08:00
0,0,0,0,0,0,2018-10-24 19:40:50+08:00
0,0,0,0,0,0,2018-10-24 19:49:15+08:00
0,0,0,0,0,0,2018-10-24 19:52:00+08:00
0,0,0,0,0,0,2018-10-25 09:42:41+08:00
0,0,0,0,0,0,2018-10-25 09:45:27+08:00
0,0,0,0,0,0,2018-10-25 09:48:56+08:00
0,0,0,0,0,0,2018-10-25 09:51:09+08:00
0,0,0,0,0,0,2018-10-25 09:53:12+08:00
0,0,0,0,0,0,2018-10-25 09:54:40+08:00
0,0,0,0,0,0,2018-10-25 12:54:39+08:00
0,0,0,0,0,0,2018-10-25 13:03:50+08:00
0,0,0,0,0,0,2018-10-25 13:10:23+08:00
0,0,0,0,0,0,2018-10-25 13:11:25+08:00
0,0,0,0,0,0,2018-10-25 13:33:04+08:00
0,0,0,0,0,0,2018-10-25 13:38:00+08:00
0,0,0,0,0,0,2018-10-25 13:39:25+08:00
0,0,0,0,0,0,2018-10-25 13:41:13+08:00
0,0,0,0,0,0,2018-10-25 13:42:45+08:00
0,0,0,0,0,0,2018-10-25 13:57:57+08:00
0,0,0,0,0,0,2018-10-25 13:58:49+08:00
0,0,0,0,0,0,2018-10-25 14:02:46+08:00
0,0,0,0,0,0,2018-10-25 14:07:07+08:00
0,0,0,0,0,0,2018-10-25 14:08:57+08:00
0,0,0,0,0,0,2018-10-25 14:15:40+08:00
0,0,0,0,0,0,2018-10-25 14:18:27+08:00
0,0,0,0,0,0,2018-10-25 14:21:04+08:00
0,0,0,0,0,0,2018-10-25 14:24:14+08:00
0,0,0,0,0,0,2018-10-25 14:30:07+08:00
0,0,0,0,0,0,2018-10-25 14:52:22+08:00
0,0,0,0,0,0,2018-10-25 15:01:30+08:00
0,0,0,0,0,0,2018-10-25 15:05:00+08:00
0,0,0,0,0,0,2018-10-25 15:08:16+08:00
0,0,0,0,0,0,2018-10-25 15:12:00+08:00
0,0,0,0,0,0,2018-10-25 15:15:44+08:00
0,0,0,0,0,0,2018-10-25 15:24:27+08:00
0,0,0,0,0,0,2018-10-25 15:31:50+08:00
0,1,0,0,0,0,2018-10-25 15:32:36+08:00
0,0,0,0,0,0,2018-10-25 15:42:04+08:00
0,0,0,0,0,0,2018-10-25 15:45:09+08:00
0,0,0,0,0,0,2018-10-25 15:53:11+08:00
0,0,0,0,0,0,2018-10-25 15:57:25+08:00
0,0,0,0,0,0,2018-10-25 16:00:57+08:00
0,0,0,0,0,0,2018-10-25 16:02:53+08:00
0,0,0,0,0,0,2018-10-25 16:10:29+08:00
0,0,0,0,0,0,2018-10-29 13:35:17+08:00
0,0,0,0,0,0,2018-10-29 13:35:30+08:00
0,0,0,0,0,0,2018-10-29 13:35:42+08:00
0,0,0,0,0,0,2018-10-29 13:35:54+08:00
0,0,0,0,0,0,2018-10-29 13:36:08+08:00
0,0,0,0,0,0,2018-10-29 13:36:21+08:00
0,0,0,0,0,0,2018-10-29 13:39:57+08:00
0,0,0,0,0,0,2018-10-29 13:40:46+08:00
0,0,0,0,0,0,2018-10-29 13:51:54+08:00
0,0,0,0,0,0,2018-10-29 13:54:31+08:00
0,0,0,0,0,0,2018-10-29 14:01:44+08:00
0,0,0,0,0,0,2018-10-29 14:05:21+08:00
0,0,0,0,0,0,2018-10-29 14:05:55+08:00
0,0,0,0,0,0,2018-10-29 14:06:51+08:00
0,0,0,0,0,0,2018-10-29 14:07:29+08:00
0,0,0,0,0,0,2018-10-29 14:10:10+08:00
0,0,0,0,0,0,2018-10-29 14:11:35+08:00
0,0,0,0,0,0,2018-10-29 14:36:45+08:00
0,0,0,0,0,0,2018-10-29 14:56:55+08:00
0,0,0,0,0,0,2018-10-29 15:01:07+08:00
0,0,0,0,0,0,2018-10-29 15:48:13+08:00
0,0,0,0,0,0,2018-10-29 16:02:56+08:00
0,0,0,0,0,0,2018-10-29 16:12:13+08:00
0,0,0,0,0,0,2018-10-29 16:13:29+08:00
0,0,0,0,0,0,2018-10-29 16:15:13+08:00
0,0,0,0,0,0,2018-10-29 16:27:02+08:00
0,0,0,0,0,0,2018-10-29 16:33:54+08:00
0,0,0,0,0,0,2018-10-29 16:34:46+08:00
0,0,0,0,0,0,2018-10-29 16:35:27+08:00
0,0,0,0,0,0,2018-10-29 16:36:30+08:00
0,0,0,0,0,0,2018-10-29 16:47:00+08:00
0,0,0,0,0,0,2018-10-29 16:55:35+08:00
0,0,0,0,0,0,2018-10-29 17:05:28+08:00
0,0,0,0,0,0,2018-10-30 16:37:30+08:00
0,0,0,0,0,0,2018-10-30 16:43:12+08:00
0,0,0,0,0,0,2018-10-30 16:47:04+08:00
0,0,0,0,0,0,2018-10-30 16:48:00+08:00
0,0,0,0,0,0,2018-10-30 16:50:46+08:00
