Acquisition,Preparation,Modeling,Training,Evaluation,Prediction,time
1,0,0,0,0,0,2020-10-20 23:46:25+02:00
2,2,0,0,0,0,2020-10-21 03:05:12+02:00
1,1,1,0,0,0,2020-10-21 03:12:20+02:00
5,4,2,0,0,0,2020-10-24 22:44:10+02:00
2,3,4,1,0,0,2020-11-02 15:55:53+01:00
1,1,0,0,0,0,2020-11-02 15:57:00+01:00
1,2,2,1,0,0,2020-11-02 22:17:08+01:00
1,1,0,0,0,0,2020-11-03 21:18:39+01:00
0,1,2,1,0,1,2020-11-03 21:20:20+01:00
1,1,1,1,0,1,2020-11-03 23:16:03+01:00
1,1,1,1,0,1,2020-11-04 00:50:49+01:00
1,2,2,1,0,1,2020-11-04 02:18:55+01:00
1,1,1,1,0,1,2020-11-09 22:35:39+01:00
2,2,1,1,0,2,2020-11-10 00:10:36+01:00
1,3,2,1,0,2,2020-11-10 20:54:26+01:00
1,1,1,1,0,1,2020-11-11 01:11:19+01:00
2,3,2,1,0,2,2020-11-11 03:58:06+01:00
2,1,2,1,0,0,2020-11-11 04:05:07+01:00
0,0,0,0,0,0,2020-11-11 04:08:17+01:00
1,1,0,0,0,1,2020-11-11 04:37:23+01:00
1,1,1,0,0,0,2020-11-11 11:19:55+01:00
0,0,0,0,0,0,2020-11-11 11:24:51+01:00
4,4,1,1,0,2,2020-11-23 02:51:25+01:00
0,0,0,0,0,0,2020-11-23 02:51:37+01:00
4,4,2,1,0,2,2020-11-23 17:13:17+01:00
4,4,2,1,0,3,2020-12-26 22:33:38+01:00
3,2,2,1,0,1,2020-12-28 01:36:21+01:00
4,3,0,0,0,1,2021-01-03 00:07:29+01:00
4,4,2,1,0,1,2021-01-20 10:11:40+01:00
2,2,1,1,0,2,2021-01-21 20:17:22+01:00
7,7,2,1,0,4,2021-01-24 18:47:03+01:00
3,3,2,1,0,1,2021-01-25 11:54:39+01:00
2,3,1,1,0,1,2021-01-26 13:32:30+01:00
4,4,2,1,0,1,2021-01-27 02:12:13+01:00
0,0,0,0,0,0,2021-01-27 13:48:32+01:00
0,0,0,0,0,0,2021-01-27 13:49:01+01:00
0,0,0,0,0,0,2021-01-27 13:49:44+01:00
0,0,0,0,0,0,2021-01-27 13:54:51+01:00
3,5,1,1,0,2,2021-01-30 22:39:44+01:00
2,3,2,1,0,0,2021-02-04 21:03:37+01:00
1,3,2,1,0,0,2021-02-09 01:07:09+01:00
4,5,2,1,0,1,2021-02-15 16:03:44+01:00
3,3,2,1,0,1,2021-02-17 02:28:52+01:00
1,2,2,1,0,0,2021-02-17 04:20:50+01:00
2,3,2,1,0,1,2021-02-20 01:38:30+01:00
2,3,1,0,0,1,2021-02-24 02:53:14+01:00
0,0,0,0,0,0,2021-02-25 10:52:41+00:00
6,7,2,1,0,2,2021-02-25 23:17:44+01:00
0,0,0,0,0,0,2021-02-25 23:18:15+01:00
4,4,3,1,0,1,2021-03-01 02:02:44+01:00
3,4,3,1,0,1,2021-03-02 23:57:12+01:00
4,3,3,1,0,1,2021-03-04 21:56:27+01:00
4,3,3,2,0,1,2021-03-05 17:50:33+01:00
3,2,2,1,0,1,2021-03-06 00:35:41+01:00
2,1,2,2,0,0,2021-03-07 01:01:58+01:00
7,7,3,1,0,3,2021-03-08 13:49:52+01:00
4,4,3,1,0,1,2021-03-08 22:56:13+01:00
4,4,4,1,0,2,2021-03-12 23:56:53+01:00
5,3,4,2,0,2,2021-03-15 00:56:13+01:00
4,3,4,2,0,2,2021-03-16 01:42:38+01:00
3,2,3,2,0,1,2021-03-18 00:46:02+01:00
1,1,0,0,0,0,2021-03-18 00:46:23+01:00
1,1,0,0,0,0,2021-03-18 00:58:46+01:00
9,7,4,2,0,3,2021-03-21 00:24:33+01:00
1,1,0,0,0,0,2021-03-21 01:22:28+01:00
1,1,1,1,0,1,2021-03-21 17:40:20+01:00
7,5,4,2,0,2,2021-03-21 18:17:18+01:00
0,0,0,0,0,0,2021-03-21 18:17:48+01:00
2,3,0,0,0,1,2021-03-21 22:36:14+01:00
10,8,4,2,0,3,2021-03-27 19:23:32+01:00
10,9,5,2,1,3,2021-04-01 01:01:11+02:00
2,2,0,0,1,0,2021-04-05 02:02:31+02:00
9,9,6,3,2,6,2021-04-12 15:08:02+02:00
6,5,3,2,3,1,2021-04-14 13:23:43+02:00
4,5,1,1,2,1,2021-04-14 23:06:59+02:00
3,4,1,0,0,2,2021-04-15 00:47:12+02:00
6,7,3,1,1,2,2021-04-16 00:25:29+02:00
12,14,5,2,3,5,2021-04-19 02:44:55+02:00
2,3,0,0,1,2,2021-04-19 03:43:33+02:00
12,14,4,2,3,4,2021-04-21 15:37:09+02:00
2,2,2,1,1,0,2021-04-22 02:12:47+02:00
0,0,0,0,0,0,2021-04-22 02:18:45+02:00
7,11,4,2,3,2,2021-04-22 19:11:02+02:00
5,8,3,1,2,3,2021-04-29 09:28:10+02:00
6,8,2,2,3,3,2021-05-02 21:25:37+02:00
1,1,0,0,1,1,2021-05-02 22:28:51+02:00
6,8,2,2,3,5,2021-05-03 15:02:02+02:00
1,2,0,0,1,2,2021-05-05 12:30:25+02:00
3,5,0,0,2,2,2021-05-06 00:46:31+02:00
9,10,3,2,3,4,2021-05-07 22:53:01+02:00
4,5,1,1,3,2,2021-05-08 01:42:01+02:00
4,4,2,2,1,2,2021-05-09 15:00:51+02:00
7,9,5,2,3,5,2021-05-12 01:39:26+02:00
6,7,2,1,3,4,2021-05-16 23:26:48+02:00
11,15,5,2,3,5,2021-05-18 21:04:20+02:00
2,1,0,0,1,0,2021-05-19 01:43:01+02:00
1,0,0,0,0,0,2021-05-19 13:18:35+02:00
