Acquisition,Preparation,Modeling,Training,Evaluation,Prediction,time
0,0,0,0,0,0,2020-02-27 13:06:26+02:00
1,1,0,0,0,0,2020-02-27 14:54:49+02:00
0,0,0,0,0,0,2020-02-27 15:03:51+02:00
1,1,0,0,0,0,2020-02-27 16:18:22+02:00
1,1,0,0,0,0,2020-02-28 10:01:00+02:00
1,1,0,0,0,0,2020-02-28 11:02:33+02:00
1,1,0,0,0,0,2020-02-28 13:30:55+02:00
1,1,1,1,1,1,2020-02-28 22:41:44+02:00
1,1,1,1,1,1,2020-02-29 14:49:09+02:00
1,0,0,0,0,0,2020-02-29 16:05:58+02:00
1,0,0,0,0,0,2020-02-29 16:13:27+02:00
1,0,0,0,0,0,2020-02-29 16:17:56+02:00
1,1,1,1,1,1,2020-03-01 10:46:54+02:00
1,1,0,0,0,1,2020-03-01 12:33:16+02:00
1,1,0,0,0,0,2020-03-01 13:11:45+02:00
0,0,0,0,0,0,2020-03-01 13:40:00+02:00
1,2,1,1,0,1,2020-03-01 21:35:50+02:00
1,1,1,1,1,1,2020-03-02 20:56:04+02:00
1,1,0,0,0,0,2020-03-03 19:50:29+02:00
1,1,1,1,1,1,2020-03-03 20:50:51+02:00
1,1,1,1,1,1,2020-03-04 12:30:07+02:00
1,2,1,1,0,0,2020-03-04 18:27:43+02:00
1,1,1,1,1,1,2020-03-04 18:43:43+02:00
1,1,0,0,0,0,2020-03-06 19:51:04+02:00
1,0,0,0,0,0,2020-03-06 19:52:39+02:00
1,1,0,0,0,0,2020-03-06 20:13:58+02:00
1,1,1,1,0,0,2020-03-06 20:19:52+02:00
0,0,0,0,0,0,2020-03-06 21:03:06+02:00
2,2,1,1,0,0,2020-03-12 20:22:01+02:00
1,1,1,1,0,0,2020-03-13 11:04:42+02:00
0,1,1,1,0,0,2020-03-13 14:04:19+02:00
3,4,2,2,0,3,2020-03-13 22:53:36+02:00
1,1,1,1,0,1,2020-03-14 10:37:55+02:00
1,1,1,1,0,1,2020-03-14 11:34:52+02:00
1,1,1,1,0,1,2020-03-14 11:43:04+02:00
1,1,1,1,0,1,2020-03-14 12:20:37+02:00
1,1,1,1,0,1,2020-03-14 14:22:04+02:00
1,1,1,1,0,1,2020-03-14 19:52:40+02:00
1,1,1,1,0,1,2020-03-14 19:57:23+02:00
1,1,1,1,0,1,2020-03-14 21:05:04+02:00
1,1,1,1,0,1,2020-03-15 11:09:29+02:00
1,1,1,1,0,1,2020-03-15 11:32:15+02:00
1,1,1,1,0,1,2020-03-15 11:34:09+02:00
1,1,1,1,0,1,2020-03-15 21:09:54+02:00
2,1,0,0,0,0,2020-03-15 22:03:31+02:00
1,1,0,0,0,0,2020-03-15 22:42:19+02:00
1,1,0,0,0,0,2020-03-16 08:48:27+02:00
1,1,0,0,0,0,2020-03-16 08:59:49+02:00
0,0,0,0,0,0,2020-03-16 09:27:46+02:00
1,1,1,1,0,1,2020-03-16 10:39:00+02:00
1,1,1,1,0,1,2020-03-16 11:07:48+02:00
0,0,0,0,0,0,2020-03-16 15:34:33+02:00
3,3,3,3,2,3,2020-03-16 15:48:58+02:00
0,0,0,0,0,0,2020-03-16 15:54:51+02:00
1,1,1,1,0,1,2020-03-16 18:56:34+02:00
1,2,1,1,0,1,2020-03-17 09:38:54+02:00
0,0,0,0,0,0,2020-03-17 09:40:07+02:00
0,1,0,0,0,0,2020-03-17 10:10:08+02:00
1,2,1,1,0,1,2020-03-17 11:14:15+02:00
0,0,0,0,0,0,2020-03-17 11:17:40+02:00
1,2,1,1,0,1,2020-03-17 19:10:29+02:00
1,1,1,1,0,1,2020-03-17 20:07:22+02:00
1,2,1,1,0,1,2020-03-17 21:43:11+02:00
1,1,1,1,0,1,2020-03-17 22:57:22+02:00
1,1,1,1,0,1,2020-03-18 08:17:37+02:00
1,1,1,1,0,1,2020-03-18 09:02:59+02:00
0,1,0,0,0,0,2020-03-18 09:15:15+02:00
0,1,0,0,0,0,2020-03-18 09:16:12+02:00
0,1,0,0,0,0,2020-03-18 11:05:51+02:00
2,2,1,1,0,1,2020-03-18 14:49:35+02:00
1,1,1,1,0,1,2020-03-18 19:17:36+02:00
1,1,1,1,0,1,2020-03-18 22:37:43+02:00
2,2,2,2,1,2,2020-03-19 15:44:34+02:00
1,1,1,1,0,1,2020-03-19 17:38:50+02:00
1,1,1,1,0,1,2020-03-19 21:24:06+02:00
1,1,0,0,0,1,2020-03-19 22:34:36+02:00
2,2,1,1,0,1,2020-03-20 17:33:19+02:00
2,2,1,1,0,1,2020-03-21 18:40:10+02:00
1,0,0,0,0,0,2020-03-22 07:32:22+02:00
1,1,1,1,0,1,2020-03-22 07:59:51+02:00
2,2,1,1,0,1,2020-03-22 09:18:19+02:00
1,1,1,1,0,1,2020-03-22 09:46:00+02:00
1,2,1,1,0,1,2020-03-22 10:22:05+02:00
1,1,1,1,0,1,2020-03-23 22:15:02+02:00
1,1,1,1,0,1,2020-03-24 17:05:33+02:00
2,2,1,1,0,0,2020-03-27 11:26:14+02:00
0,0,0,0,0,0,2020-03-27 11:39:21+02:00
1,1,1,1,0,0,2020-03-27 19:17:10+02:00
2,2,0,0,0,1,2020-03-28 19:59:17+02:00
1,1,0,0,0,0,2020-03-29 15:40:12+03:00
0,0,0,0,0,0,2020-03-29 16:19:04+03:00
0,0,0,0,0,0,2020-03-29 16:20:19+03:00
