Acquisition,Preparation,Modeling,Training,Evaluation,Prediction,time
0,0,0,0,0,0,2016-11-16 16:40:25+01:00
0,0,0,0,0,0,2016-11-25 14:29:43+01:00
0,0,0,0,0,0,2016-11-25 19:15:10+01:00
0,0,0,0,0,0,2016-11-25 22:37:34+01:00
0,0,0,0,0,0,2016-11-25 23:52:20+01:00
0,0,0,0,0,0,2016-11-30 15:19:18+01:00
0,0,0,0,0,0,2016-12-14 14:10:05+01:00
0,0,0,0,0,0,2016-12-14 14:48:23+01:00
0,0,0,0,0,0,2016-12-28 19:20:09+01:00
0,0,0,0,0,0,2016-12-28 19:20:40+01:00
0,0,0,0,0,0,2017-01-02 23:04:05+01:00
0,1,1,0,0,0,2017-01-03 13:24:18+00:00
0,1,1,0,0,0,2017-01-03 15:30:03+01:00
1,1,1,0,0,0,2017-01-03 15:45:24+01:00
1,1,1,0,0,0,2017-01-04 16:25:39+01:00
1,1,0,0,0,0,2017-01-04 16:39:52+01:00
0,0,0,0,0,0,2017-01-13 13:26:22+01:00
2,2,2,0,0,0,2017-01-18 02:42:36+01:00
2,2,2,0,0,0,2017-01-18 02:43:09+01:00
3,3,3,0,0,0,2017-01-20 01:21:38+01:00
0,0,0,0,0,0,2017-01-20 01:25:55+01:00
0,0,0,0,0,0,2017-01-20 17:04:44+01:00
1,2,0,0,0,0,2017-01-20 17:17:46+01:00
2,3,0,0,0,0,2017-01-20 17:22:03+01:00
1,1,0,0,0,0,2017-01-20 18:22:19+01:00
0,1,0,0,0,0,2017-01-20 19:16:40+01:00
0,1,0,0,0,0,2017-01-21 13:59:37+01:00
0,0,0,0,0,0,2017-01-24 01:39:54+01:00
1,1,1,0,0,0,2017-01-26 12:06:17+01:00
1,1,1,0,0,0,2017-01-26 17:13:59+01:00
4,4,3,0,0,0,2017-01-27 03:45:22+01:00
0,0,0,0,0,0,2017-01-27 22:43:57+01:00
0,0,0,0,0,0,2017-01-28 20:42:27+01:00
1,1,0,0,0,0,2017-01-29 01:10:02+01:00
1,1,0,0,0,0,2017-01-29 21:16:51+01:00
0,0,0,0,0,0,2017-01-29 23:02:20+01:00
0,0,0,0,0,0,2017-01-29 23:25:48+01:00
0,0,0,0,0,0,2017-01-29 23:29:50+01:00
0,1,0,0,0,0,2017-01-30 08:22:27+01:00
1,0,0,0,0,0,2017-01-30 09:32:11+01:00
0,1,0,1,0,0,2017-01-30 10:37:48+01:00
0,0,0,0,0,0,2017-01-30 19:01:34+01:00
0,0,0,0,0,0,2017-01-31 16:46:41+01:00
1,2,0,2,0,0,2017-02-01 01:33:10+01:00
0,1,0,0,0,0,2017-02-01 01:34:50+01:00
0,0,0,0,0,0,2017-02-01 01:36:33+01:00
4,6,2,6,4,2,2017-02-05 23:51:26+01:00
1,2,1,1,0,0,2017-02-07 23:57:04+01:00
0,0,0,0,0,0,2017-02-07 23:58:45+01:00
3,3,2,3,0,0,2017-02-09 22:34:19+01:00
0,1,1,1,0,1,2017-02-10 21:51:22+01:00
0,1,1,1,0,1,2017-02-11 23:59:59+01:00
0,0,0,0,0,0,2017-02-12 16:11:02+01:00
0,0,0,0,0,0,2017-02-17 10:54:36+01:00
1,0,0,0,0,0,2017-03-08 23:54:04+01:00
2,1,0,0,0,0,2017-03-09 16:26:10+01:00
0,0,0,0,0,0,2017-03-09 21:43:24+01:00
1,1,0,0,0,0,2017-03-17 19:26:00+01:00
0,0,0,0,0,0,2017-03-21 23:29:58+01:00
2,2,1,2,0,2,2017-03-24 18:59:13+01:00
1,1,1,1,0,1,2017-03-24 22:32:12+01:00
1,1,1,1,0,1,2017-03-25 10:44:32+01:00
2,2,2,2,0,2,2017-03-29 16:53:15+02:00
1,1,1,1,0,1,2017-04-09 19:07:43+02:00
1,0,0,0,0,0,2017-04-13 02:22:21+02:00
0,0,0,0,0,0,2017-04-13 02:22:44+02:00
0,0,0,0,0,0,2017-05-11 00:17:01+02:00
0,0,0,0,0,0,2017-06-16 23:21:52+02:00
0,0,0,0,0,0,2017-07-17 18:24:21+02:00
0,0,0,0,0,0,2017-10-09 01:42:09+02:00
0,0,0,0,0,0,2017-10-22 16:10:42+02:00
0,0,0,0,0,0,2017-10-26 19:01:53+02:00
0,0,0,0,0,0,2017-10-28 11:07:38+02:00
0,0,0,0,0,0,2017-10-28 16:08:36+02:00
0,0,0,0,0,0,2017-11-05 21:15:13+01:00
0,0,0,0,0,0,2017-11-09 09:55:55+01:00
0,0,0,0,0,0,2017-11-10 01:13:25+01:00
0,0,0,0,0,0,2017-11-16 12:45:36+01:00
0,0,0,0,0,0,2017-11-16 18:06:36+01:00
0,0,0,0,0,0,2017-11-19 23:11:43+01:00
0,0,0,0,0,0,2017-11-19 23:11:54+01:00
0,0,0,0,0,0,2017-11-20 02:14:57+01:00
0,0,0,0,0,0,2017-12-04 00:39:31+01:00
0,0,0,0,0,0,2017-12-04 22:25:55+01:00
0,0,0,0,0,0,2017-12-07 00:59:14+01:00
0,0,0,0,0,0,2017-12-10 17:50:37+01:00
0,0,0,0,0,0,2017-12-12 01:05:17+01:00
0,0,0,0,0,0,2017-12-21 23:28:16+01:00
0,1,0,0,0,0,2017-12-31 18:48:33+01:00
0,0,0,0,0,0,2018-01-01 23:41:32+01:00
0,0,0,0,0,0,2018-01-01 23:42:07+01:00
0,0,0,0,0,0,2018-01-07 01:12:26+01:00
0,0,0,0,0,0,2018-01-08 06:17:28+01:00
0,0,0,0,0,0,2018-01-10 18:06:11+01:00
0,0,0,0,0,0,2018-01-20 23:28:18+01:00
2,2,0,0,0,0,2018-01-25 23:21:38+01:00
0,0,0,0,0,0,2018-01-29 23:01:02+01:00
0,0,0,0,0,0,2018-01-30 07:21:54+01:00
0,0,0,0,0,0,2018-02-20 17:19:41+01:00
3,3,0,0,0,0,2018-02-24 16:01:01+01:00
0,0,0,0,0,0,2018-02-24 16:01:19+01:00
3,3,0,2,2,2,2018-03-05 01:55:07+01:00
1,1,0,1,1,1,2018-03-05 19:27:53+01:00
1,1,0,1,1,1,2018-03-12 18:10:29+01:00
4,3,0,2,3,3,2018-03-13 18:31:45+01:00
3,3,0,1,1,1,2018-03-21 17:02:59+01:00
3,2,0,2,2,2,2018-03-26 17:29:34+02:00
1,1,0,1,1,1,2018-03-26 18:28:33+02:00
1,1,0,1,1,1,2018-03-26 18:54:05+02:00
2,2,0,1,1,1,2018-03-29 22:34:00+02:00
2,1,0,1,1,1,2018-03-30 20:01:23+02:00
1,0,0,0,0,0,2018-03-30 22:14:52+02:00
4,4,2,1,1,2,2018-04-05 13:52:44+02:00
1,2,2,1,1,2,2018-04-06 02:37:31+02:00
1,1,0,1,1,1,2018-04-07 15:27:19+02:00
2,2,2,1,1,2,2018-04-07 15:31:28+02:00
3,1,1,1,1,1,2018-04-08 22:07:46+02:00
3,2,1,0,1,1,2018-04-13 02:15:31+02:00
0,0,0,0,0,0,2018-04-13 02:16:02+02:00
1,1,1,0,1,1,2018-04-13 23:32:42+02:00
2,1,1,0,1,1,2018-04-15 01:56:31+02:00
1,0,0,0,1,0,2018-04-15 22:18:08+02:00
0,0,0,0,0,0,2018-04-15 22:19:01+02:00
1,0,0,0,1,0,2018-04-16 00:27:34+02:00
1,1,1,1,1,1,2018-04-16 22:47:38+02:00
0,1,1,1,1,0,2018-04-16 22:47:58+02:00
4,3,1,0,1,2,2018-04-18 23:41:53+02:00
0,2,0,0,0,0,2018-04-20 23:18:28+02:00
2,1,1,0,1,1,2018-04-20 23:23:17+02:00
2,1,1,0,1,1,2018-04-20 23:24:12+02:00
2,2,1,0,1,1,2018-04-21 16:54:38+02:00
0,0,0,0,0,0,2018-04-21 16:55:00+02:00
3,1,1,0,1,1,2018-04-22 23:37:18+02:00
1,2,0,0,1,1,2018-04-25 15:47:08+02:00
1,2,1,0,1,1,2018-04-25 16:21:55+02:00
0,1,0,0,1,1,2018-04-25 17:42:15+02:00
4,4,2,0,1,2,2018-04-25 23:13:29+02:00
1,2,2,0,1,2,2018-04-27 22:40:02+02:00
2,2,2,0,1,2,2018-04-27 22:52:42+02:00
1,1,1,0,0,1,2018-04-30 00:02:10+02:00
2,1,1,0,1,1,2018-04-30 00:02:33+02:00
0,0,0,0,0,0,2018-04-30 00:04:51+02:00
0,1,1,0,1,1,2018-05-03 22:13:51+02:00
0,1,1,0,1,1,2018-05-03 23:09:25+02:00
4,4,1,0,1,1,2018-05-04 01:39:40+02:00
2,1,1,0,1,1,2018-05-07 13:29:28+02:00
0,0,0,0,0,0,2018-05-07 13:42:30+02:00
1,1,0,1,0,0,2018-05-12 03:47:03+02:00
1,1,0,1,0,0,2018-05-12 16:51:55+02:00
1,1,0,1,0,0,2018-05-12 18:14:08+02:00
7,6,0,1,1,2,2018-05-14 01:46:21+02:00
