Acquisition,Preparation,Modeling,Training,Evaluation,Prediction,time
0,0,0,0,0,0,2020-09-18 13:38:23+02:00
0,0,0,0,0,0,2020-09-18 13:44:30+02:00
1,1,0,0,0,0,2020-09-21 14:32:36+02:00
1,0,1,1,1,0,2020-09-23 19:38:50+02:00
2,1,1,1,1,0,2020-09-27 22:21:31+02:00
2,1,2,2,1,1,2020-10-06 14:47:39+02:00
2,2,2,2,1,1,2020-10-09 10:55:21+02:00
0,0,0,0,0,0,2020-10-15 13:15:46+02:00
0,0,0,0,0,0,2020-10-16 11:46:03+02:00
0,0,0,0,0,0,2020-10-16 12:03:33+02:00
3,3,2,2,0,2,2020-10-23 20:33:56+02:00
3,3,3,3,0,3,2020-10-23 21:26:56+02:00
1,1,1,1,0,1,2020-10-24 09:53:52+02:00
1,1,1,1,0,1,2020-10-26 18:23:37+01:00
1,1,1,1,0,1,2020-12-17 11:42:52+01:00
0,0,0,0,0,0,2020-12-17 12:49:44+01:00
0,0,0,0,0,0,2020-12-17 12:50:40+01:00
0,0,0,0,0,0,2020-12-17 12:58:14+01:00
0,0,0,0,0,0,2020-12-17 16:31:30+01:00
0,0,0,0,0,0,2020-12-17 16:45:25+01:00
0,0,0,0,0,0,2020-12-17 16:53:08+01:00
0,0,0,0,0,0,2020-12-17 17:01:36+01:00
3,2,3,3,1,2,2021-01-07 12:11:35+01:00
3,2,3,3,1,2,2021-01-07 12:12:35+01:00
3,3,3,3,0,3,2021-01-07 11:36:00+00:00
1,1,1,1,0,1,2021-01-07 14:22:15+00:00
0,0,0,0,0,0,2021-01-07 15:28:33+01:00
1,1,1,1,0,1,2021-01-07 15:19:30+00:00
1,1,1,1,0,1,2021-01-07 16:17:09+00:00
1,1,1,1,0,1,2021-01-07 16:39:45+00:00
0,0,0,0,0,0,2021-01-07 17:43:14+01:00
0,0,0,0,0,0,2021-01-07 17:54:28+01:00
1,1,1,1,0,1,2021-01-15 15:47:00+00:00
1,1,1,1,0,1,2021-01-15 16:50:46+01:00
0,0,0,0,0,0,2021-01-15 15:57:32+00:00
0,0,0,0,0,0,2021-01-23 15:41:06+01:00
1,1,1,1,0,1,2021-02-05 13:19:18+01:00
0,0,0,0,0,0,2021-02-05 14:56:03+01:00
1,1,1,1,0,1,2021-02-05 17:20:36+01:00
1,1,1,1,0,1,2021-03-05 14:36:23+01:00
0,0,0,0,0,0,2021-03-05 16:05:10+01:00
0,0,0,0,0,0,2021-03-05 16:11:55+01:00
0,0,0,0,0,0,2021-03-05 16:15:37+01:00
0,0,0,0,0,0,2021-03-05 16:17:50+01:00
0,0,0,0,0,0,2021-03-05 16:24:03+01:00
0,0,0,0,0,0,2021-03-05 16:39:21+01:00
0,0,0,0,0,0,2021-03-05 17:35:15+01:00
1,0,0,0,0,0,2021-03-15 15:38:21+01:00
0,0,0,0,0,0,2021-03-15 15:45:48+01:00
0,0,0,0,0,0,2021-03-15 16:11:32+01:00
1,0,0,0,0,0,2021-03-15 16:12:43+01:00
1,0,0,0,0,0,2021-03-15 16:14:44+01:00
1,0,0,0,0,0,2021-03-15 16:15:43+01:00
1,0,0,0,0,0,2021-03-15 16:16:27+01:00
1,0,0,0,0,0,2021-03-15 16:45:52+01:00
1,0,0,0,0,0,2021-03-15 16:47:14+01:00
1,1,1,1,0,1,2021-03-17 09:45:52+00:00
1,0,0,0,0,0,2021-03-17 10:47:22+01:00
3,3,2,2,0,2,2021-03-17 15:53:14+00:00
2,2,1,0,0,1,2021-03-17 19:40:45+00:00
1,1,1,0,0,1,2021-03-18 10:13:55+00:00
2,2,2,2,0,2,2021-03-18 20:38:25+00:00
1,1,1,1,0,1,2021-03-18 22:11:05+00:00
1,1,1,0,0,1,2021-03-19 13:10:26+00:00
1,1,1,1,0,1,2021-03-19 13:20:08+00:00
1,1,1,1,0,1,2021-03-19 15:05:37+00:00
1,0,0,0,0,0,2021-03-22 16:08:39+01:00
1,0,0,0,0,0,2021-03-22 16:10:29+01:00
1,0,0,0,0,0,2021-03-22 16:19:52+01:00
1,1,1,1,0,1,2021-03-22 20:59:12+00:00
1,1,1,1,0,1,2021-03-23 08:19:57+00:00
1,1,1,1,0,1,2021-03-23 08:36:43+00:00
2,2,2,1,0,2,2021-03-24 15:12:38+00:00
3,3,3,3,0,3,2021-03-25 17:29:56+00:00
1,1,1,1,0,1,2021-03-25 22:07:53+00:00
1,1,1,1,0,1,2021-03-25 22:11:37+00:00
0,0,0,0,0,0,2021-03-26 09:42:31+01:00
1,1,1,1,0,1,2021-03-26 13:39:17+00:00
1,1,1,1,0,1,2021-03-28 09:03:29+00:00
2,2,2,2,0,2,2021-03-30 16:53:22+00:00
2,2,2,2,0,2,2021-03-30 20:57:10+00:00
1,1,1,1,0,1,2021-03-31 17:01:13+00:00
1,1,1,1,0,1,2021-04-05 08:59:00+00:00
1,1,1,1,0,1,2021-04-05 09:52:34+00:00
2,2,2,1,0,2,2021-04-05 14:13:27+00:00
1,1,1,0,0,1,2021-04-05 15:31:29+00:00
1,1,1,1,0,1,2021-04-06 17:12:39+02:00
1,1,1,1,0,1,2021-04-06 17:19:15+02:00
1,1,1,1,0,1,2021-04-06 15:36:19+00:00
1,1,1,1,0,1,2021-04-07 08:13:02+00:00
1,1,1,1,0,1,2021-04-07 10:24:39+02:00
1,1,1,1,0,1,2021-04-07 11:22:46+02:00
0,0,0,0,0,0,2021-04-07 09:26:08+00:00
2,2,2,2,0,2,2021-04-09 09:44:15+00:00
0,0,0,0,0,0,2021-04-09 11:50:23+02:00
2,2,2,2,0,2,2021-04-09 13:11:15+00:00
2,2,2,2,0,2,2021-04-12 08:45:56+00:00
2,2,2,1,0,1,2021-04-13 16:17:18+00:00
2,2,1,1,0,1,2021-04-14 08:28:01+00:00
1,1,0,0,0,0,2021-04-14 08:29:50+00:00
1,1,0,0,0,0,2021-04-14 08:31:24+00:00
2,2,0,0,0,0,2021-04-14 11:08:06+00:00
1,0,0,0,0,0,2021-04-14 14:28:09+02:00
1,0,0,0,0,0,2021-04-14 14:32:36+02:00
0,0,0,0,0,0,2021-04-14 14:50:02+02:00
0,0,0,0,0,0,2021-04-14 18:02:32+02:00
2,2,2,2,0,2,2021-04-17 09:22:26+00:00
1,1,1,1,0,1,2021-04-17 15:23:31+00:00
2,2,2,2,0,2,2021-04-17 15:37:37+00:00
2,2,2,2,0,2,2021-04-17 16:55:16+00:00
2,2,2,1,0,1,2021-04-18 12:14:20+00:00
2,2,2,1,0,1,2021-04-18 15:46:03+00:00
3,3,3,2,0,2,2021-04-20 10:16:28+00:00
2,2,2,1,0,1,2021-04-21 11:50:26+00:00
2,2,2,1,0,1,2021-04-21 13:29:35+00:00
2,2,2,1,0,1,2021-04-22 15:16:27+00:00
1,1,1,1,0,1,2021-04-23 07:38:22+00:00
1,1,1,1,0,1,2021-04-23 08:28:09+00:00
2,2,2,2,0,2,2021-04-23 15:31:01+00:00
1,1,1,1,0,1,2021-04-24 09:25:54+00:00
1,0,0,0,0,0,2021-04-24 16:39:28+02:00
1,0,0,0,0,0,2021-04-25 16:27:39+02:00
1,1,1,1,0,1,2021-04-26 09:08:19+00:00
1,1,1,1,0,1,2021-04-27 09:02:29+00:00
1,0,0,0,0,0,2021-04-28 11:58:46+02:00
1,1,1,1,0,1,2021-05-01 10:04:04+00:00
3,3,2,1,0,3,2021-05-08 11:40:14+00:00
2,2,2,1,0,2,2021-05-08 13:42:50+00:00
2,2,2,1,0,2,2021-05-09 21:36:08+00:00
1,1,1,1,0,1,2021-05-10 08:05:14+00:00
0,0,0,0,0,0,2021-05-12 20:58:05+02:00
0,0,0,0,0,0,2021-05-12 21:23:19+02:00
0,0,0,0,0,0,2021-05-12 21:26:32+02:00
0,0,0,0,0,0,2021-05-12 21:27:47+02:00
0,0,0,0,0,0,2021-05-12 21:29:48+02:00
0,0,0,0,0,0,2021-05-12 21:46:23+02:00
0,0,0,0,0,0,2021-05-12 22:14:53+02:00
0,0,0,0,0,0,2021-05-12 22:21:22+02:00
0,0,0,0,0,0,2021-05-13 10:50:12+02:00
0,0,0,0,0,0,2021-05-13 10:51:08+02:00
3,3,3,1,0,3,2021-05-13 08:53:28+00:00
0,0,0,0,0,0,2021-05-13 11:40:49+02:00
2,2,2,1,0,2,2021-05-13 09:42:02+00:00
1,1,1,1,0,1,2021-05-14 14:50:55+00:00
1,1,1,1,0,1,2021-05-16 09:01:30+00:00
2,0,0,0,0,0,2021-05-16 11:41:55+02:00
0,0,0,0,0,0,2021-05-16 11:46:48+02:00
1,0,0,0,0,0,2021-05-16 11:53:35+02:00
1,0,0,0,0,0,2021-05-16 13:14:09+02:00
1,0,0,0,0,0,2021-05-16 13:20:35+02:00
1,0,0,0,0,0,2021-05-16 13:25:32+02:00
1,0,0,0,0,0,2021-05-16 13:31:15+02:00
2,2,2,1,0,2,2021-05-16 14:13:14+00:00
1,0,0,0,0,0,2021-05-16 16:14:03+02:00
0,0,0,0,0,0,2021-05-16 14:14:24+00:00
2,2,2,1,0,2,2021-05-16 14:25:21+00:00
1,0,0,0,0,0,2021-05-16 21:36:29+02:00
1,0,0,0,0,0,2021-05-16 21:41:52+02:00
1,0,0,0,0,0,2021-05-16 21:46:46+02:00
1,0,0,0,0,0,2021-05-16 21:50:24+02:00
1,0,0,0,0,0,2021-05-16 21:58:07+02:00
1,0,0,0,0,0,2021-05-16 22:00:35+02:00
2,2,2,1,0,2,2021-05-16 20:53:25+00:00
0,0,0,0,0,0,2021-05-16 23:11:17+02:00
4,4,4,1,0,4,2021-05-17 20:53:15+00:00
0,0,0,0,0,0,2021-05-17 22:54:44+02:00
1,1,1,1,0,1,2021-05-17 20:58:26+00:00
1,0,0,0,0,0,2021-05-24 12:05:49+02:00
2,2,2,1,0,2,2021-05-24 10:20:54+00:00
0,0,0,0,0,0,2021-05-24 10:21:05+00:00
1,1,1,0,0,1,2021-05-24 10:44:24+00:00
11,11,11,11,0,11,2021-05-24 11:21:06+00:00
0,0,0,0,0,0,2021-05-24 13:24:55+02:00
1,1,1,0,0,1,2021-05-24 11:53:12+00:00
0,0,0,0,0,0,2021-05-24 14:00:19+02:00
0,0,0,0,0,0,2021-05-29 09:48:38+02:00
0,0,0,0,0,0,2021-05-29 10:31:12+02:00
0,0,0,0,0,0,2021-05-29 10:39:06+02:00
9,9,9,9,0,9,2021-06-01 19:23:33+02:00
