Acquisition,Preparation,Modeling,Training,Evaluation,Prediction,time
0,0,0,0,0,0,2019-12-13 14:22:32+01:00
0,0,0,0,0,0,2019-12-15 16:15:41+01:00
1,2,0,1,1,1,2019-12-23 14:08:26+01:00
0,2,0,1,0,0,2019-12-23 23:42:05+01:00
0,1,0,0,0,0,2019-12-27 17:31:46+01:00
0,1,0,1,0,0,2019-12-27 17:32:22+01:00
0,1,0,0,0,0,2019-12-27 17:34:12+01:00
0,3,0,1,0,0,2019-12-27 22:12:15+01:00
0,1,0,0,0,0,2019-12-28 12:41:47+01:00
0,1,0,0,0,0,2019-12-28 12:42:29+01:00
0,0,0,0,0,0,2019-12-28 12:46:32+01:00
0,1,0,1,0,0,2019-12-28 12:57:29+01:00
0,0,0,0,0,0,2019-12-30 17:36:18+01:00
1,1,0,1,1,1,2019-12-30 17:37:00+01:00
1,1,0,1,1,1,2019-12-31 16:22:12+01:00
0,1,0,1,1,0,2019-12-31 16:36:02+01:00
0,1,1,0,1,0,2020-01-02 21:50:04+01:00
1,1,0,1,1,1,2020-01-03 14:57:38+01:00
0,1,1,0,1,0,2020-01-03 16:10:44+01:00
0,1,1,0,1,0,2020-01-03 17:06:19+01:00
0,0,0,1,0,0,2020-01-03 17:21:30+01:00
0,1,1,0,1,0,2020-01-03 17:23:58+01:00
0,1,1,0,1,0,2020-01-03 17:32:16+01:00
1,1,1,0,1,1,2020-01-03 19:17:10+01:00
0,1,1,0,1,0,2020-01-03 21:15:33+01:00
0,1,1,0,1,0,2020-01-03 21:19:36+01:00
0,0,0,1,0,0,2020-01-03 23:35:04+01:00
1,2,1,1,1,0,2020-01-04 12:48:15+01:00
2,3,1,1,1,1,2020-01-04 16:18:42+01:00
1,2,1,0,1,1,2020-01-04 17:52:29+01:00
0,1,1,0,1,0,2020-01-04 19:43:07+01:00
0,1,1,0,1,0,2020-01-04 19:45:17+01:00
0,1,1,1,1,0,2020-01-05 13:49:32+01:00
0,0,0,0,0,0,2020-01-05 14:03:31+01:00
0,0,0,0,0,0,2020-01-05 14:03:40+01:00
1,1,0,0,0,0,2020-01-05 14:10:40+01:00
0,0,0,0,0,0,2020-01-06 16:41:34+01:00
0,1,1,1,1,1,2020-01-06 16:41:58+01:00
0,2,0,1,0,0,2020-01-09 18:50:34+01:00
0,0,0,0,0,0,2020-01-09 20:16:37+01:00
0,2,0,1,0,0,2020-01-09 20:50:59+01:00
0,0,0,0,0,0,2020-01-09 20:57:25+01:00
0,0,0,0,0,0,2020-01-09 20:58:46+01:00
0,0,0,0,0,0,2020-01-09 21:03:37+01:00
0,1,0,1,0,0,2020-01-10 15:19:21+01:00
0,1,0,0,0,0,2020-01-10 23:17:39+01:00
0,1,0,1,0,0,2020-01-11 14:08:48+01:00
0,1,0,1,0,0,2020-01-11 16:51:06+01:00
0,1,0,1,0,0,2020-01-11 17:28:45+01:00
0,1,0,1,0,0,2020-01-11 18:13:09+01:00
0,1,0,1,0,0,2020-01-11 18:33:17+01:00
0,0,0,0,0,0,2020-01-11 19:23:31+01:00
0,1,0,1,0,0,2020-01-11 23:21:25+01:00
0,0,0,0,0,0,2020-01-11 23:26:49+01:00
0,0,0,0,0,0,2020-01-11 23:47:39+01:00
0,0,0,0,0,0,2020-01-12 00:08:14+01:00
0,0,0,0,0,0,2020-01-12 00:34:11+01:00
1,1,1,0,1,1,2020-01-12 16:35:04+01:00
1,1,0,0,0,0,2020-01-12 22:19:14+01:00
0,1,0,0,0,0,2020-01-13 00:33:04+01:00
0,2,0,1,0,0,2020-01-14 09:59:47+01:00
0,1,0,0,0,0,2020-01-17 15:10:56+01:00
0,2,0,1,0,0,2020-01-18 16:23:26+01:00
3,3,1,1,2,1,2020-01-19 11:45:55+01:00
4,5,2,2,4,4,2020-01-19 12:39:31+01:00
2,4,1,2,1,1,2020-01-19 13:14:43+01:00
2,5,0,1,0,0,2020-01-19 13:49:32+01:00
0,1,1,1,1,1,2020-01-19 14:41:29+01:00
2,2,1,2,2,1,2020-01-19 16:06:33+01:00
2,1,0,1,1,0,2020-01-19 16:37:58+01:00
2,1,0,1,1,0,2020-01-19 20:06:42+01:00
3,4,1,3,2,2,2020-01-19 20:47:20+01:00
2,2,1,2,2,2,2020-01-19 21:59:25+01:00
0,0,0,0,0,0,2020-01-19 23:13:53+01:00
2,2,2,2,3,2,2020-01-22 01:32:06+01:00
0,0,0,0,0,0,2020-01-22 01:42:07+01:00
1,1,1,2,2,2,2020-01-22 01:52:41+01:00
2,2,1,2,2,2,2020-01-22 02:22:16+01:00
0,0,0,0,0,0,2020-01-22 16:20:43+01:00
0,0,0,0,0,0,2020-01-22 16:21:26+01:00
1,1,0,0,0,0,2020-01-22 21:12:24+01:00
0,0,0,0,0,0,2020-01-22 22:34:31+01:00
2,1,0,1,1,1,2020-01-22 22:47:24+01:00
1,1,0,0,0,0,2020-01-22 23:08:52+01:00
0,0,0,0,0,0,2020-01-22 23:32:58+01:00
0,0,0,0,0,0,2020-01-24 10:22:48+01:00
0,1,0,1,0,0,2020-01-24 11:48:12+01:00
0,1,0,0,0,0,2020-01-24 11:48:34+01:00
0,1,0,0,0,0,2020-01-24 11:49:43+01:00
0,0,0,0,0,0,2020-01-24 11:51:30+01:00
0,0,0,0,0,0,2020-01-24 11:57:14+01:00
0,0,0,0,0,0,2020-01-24 13:31:16+01:00
0,0,0,0,0,0,2020-01-24 14:23:51+01:00
0,0,0,0,0,0,2020-01-27 10:52:38+01:00
0,2,0,0,0,0,2020-01-31 14:48:44+01:00
0,0,0,0,0,0,2020-02-22 15:51:53+01:00
