Acquisition,Preparation,Modeling,Training,Evaluation,Prediction,time
0,1,0,0,0,0,2013-12-27 18:13:39+00:00
0,2,0,0,0,0,2013-12-27 18:38:43+00:00
0,1,0,0,0,0,2013-12-29 01:03:21+00:00
0,1,0,0,0,0,2014-01-02 10:49:56+00:00
0,1,0,0,0,0,2014-01-02 12:31:15+00:00
0,1,0,0,0,0,2014-01-03 14:52:31+00:00
0,1,0,0,0,0,2014-01-07 18:44:08+00:00
0,1,0,0,0,0,2014-01-15 12:05:30+00:00
0,2,0,0,0,0,2014-01-21 18:39:53+00:00
0,2,0,0,0,0,2014-01-22 18:50:47+00:00
0,0,0,0,0,0,2014-03-03 14:31:12+00:00
0,2,0,0,0,0,2014-03-03 14:32:59+00:00
0,0,0,0,0,0,2014-03-03 14:43:33+00:00
0,0,0,0,0,0,2014-03-03 14:43:58+00:00
0,0,0,0,0,0,2014-03-03 14:44:13+00:00
0,0,0,0,0,0,2014-03-03 14:45:17+00:00
0,0,0,0,0,0,2014-03-03 14:56:34+00:00
0,0,0,0,0,0,2014-03-03 14:56:53+00:00
0,0,0,0,0,0,2014-03-03 15:05:06+00:00
0,0,0,0,0,0,2014-03-03 15:05:42+00:00
0,0,0,0,0,0,2014-03-03 15:05:59+00:00
0,0,0,0,0,0,2014-03-03 15:17:57+00:00
0,0,0,0,0,0,2014-03-03 15:19:34+00:00
0,0,0,0,0,0,2014-03-03 15:38:58+00:00
0,1,0,0,0,0,2014-03-03 15:48:09+00:00
0,0,0,0,0,0,2014-03-03 15:48:34+00:00
0,0,0,0,0,0,2014-03-03 15:55:13+00:00
0,0,0,0,0,0,2014-03-03 17:10:43+00:00
0,1,0,0,0,0,2014-03-06 16:52:53+00:00
0,2,0,0,0,0,2014-03-07 15:38:56+00:00
0,1,0,0,0,0,2014-03-14 14:04:13+00:00
0,1,0,0,0,0,2014-04-01 14:08:33+01:00
0,1,0,0,0,0,2014-04-07 16:46:19+01:00
0,1,0,0,0,0,2014-04-07 17:01:02+01:00
0,0,0,0,0,0,2014-03-14 14:06:26+00:00
0,1,0,0,0,0,2014-04-07 17:53:39+01:00
0,0,0,0,0,0,2014-04-08 11:49:23+01:00
0,0,0,0,0,0,2014-04-08 15:10:03+01:00
15,93,2,0,7,4,2014-04-10 16:32:08+01:00
0,4,0,0,0,0,2014-04-23 16:39:28+01:00
0,3,0,0,0,0,2014-04-30 13:48:36+01:00
0,1,0,0,0,0,2014-04-30 13:59:56+01:00
0,3,0,0,0,0,2014-05-04 22:43:33+02:00
0,2,0,0,0,0,2014-05-23 13:47:21+01:00
0,5,0,0,0,0,2014-05-29 18:55:41+01:00
0,1,0,0,0,0,2014-06-08 20:18:12+01:00
0,1,0,0,0,0,2014-06-09 15:08:32+01:00
0,2,0,0,0,0,2014-06-11 16:52:23+01:00
0,0,0,0,0,0,2014-06-12 14:16:01+01:00
0,0,0,0,0,0,2014-06-24 13:21:06+01:00
0,1,0,0,0,0,2014-06-24 16:48:27+01:00
0,2,0,0,0,0,2014-07-01 18:50:31+01:00
0,4,0,0,0,0,2014-07-02 16:40:34+01:00
0,1,0,0,0,0,2014-07-03 17:21:59+01:00
0,2,0,0,0,0,2014-07-10 17:27:13+01:00
0,1,0,0,0,0,2014-07-11 11:48:54+01:00
0,1,0,0,0,0,2014-07-11 15:05:35+01:00
0,3,0,0,0,0,2014-07-13 22:01:00+01:00
0,1,0,0,0,0,2014-07-14 13:08:30+01:00
0,3,0,0,0,0,2014-07-14 16:29:37+01:00
0,0,0,0,0,0,2014-07-14 17:27:02+01:00
0,0,0,0,0,0,2014-07-14 17:29:31+01:00
0,2,0,0,0,0,2014-07-23 14:46:00+01:00
0,0,0,0,0,0,2014-07-24 12:24:33+01:00
0,0,0,0,0,0,2014-09-05 15:07:02+01:00
1,2,0,0,0,0,2014-09-09 18:59:36+01:00
1,6,1,1,0,0,2014-10-10 14:31:51+01:00
0,1,0,0,0,0,2014-10-10 14:33:47+01:00
0,1,0,0,0,0,2014-10-10 14:53:31+01:00
0,4,0,0,0,0,2014-10-15 17:26:29+01:00
0,0,0,0,0,0,2014-10-15 17:28:32+01:00
0,1,0,0,0,0,2014-10-15 17:44:13+01:00
0,1,0,0,0,0,2014-10-17 13:06:22+01:00
0,1,0,0,0,0,2014-10-17 13:36:58+01:00
0,0,0,0,0,0,2014-10-17 13:53:22+01:00
0,1,0,0,0,0,2014-10-17 14:31:14+01:00
0,0,0,0,0,0,2014-10-17 15:03:20+01:00
0,0,0,0,0,0,2014-10-20 11:29:54+01:00
0,1,0,0,0,0,2014-10-21 15:15:49+01:00
1,2,0,0,0,0,2014-10-21 16:23:26+01:00
1,1,0,0,0,0,2014-10-21 18:00:07+01:00
0,0,0,0,0,0,2014-10-21 18:05:58+01:00
1,2,0,0,0,0,2014-10-22 14:49:36+01:00
0,1,0,0,0,0,2014-10-27 17:14:11+00:00
16,101,3,1,7,4,2014-10-28 11:02:38+00:00
0,0,0,0,0,0,2014-10-28 17:54:58+00:00
0,0,0,0,0,0,2014-10-28 18:27:30+00:00
0,0,0,0,0,0,2014-10-28 20:37:52+00:00
0,0,0,0,0,0,2014-10-29 11:45:09+00:00
0,0,0,0,0,0,2014-10-29 12:24:13+00:00
0,0,0,0,0,0,2014-10-29 15:22:17+00:00
0,0,0,0,0,0,2014-10-29 15:23:02+00:00
0,0,0,0,0,0,2014-10-29 16:02:25+00:00
1,10,2,2,0,1,2014-10-29 16:44:18+00:00
0,1,0,0,0,0,2014-10-30 13:31:41+00:00
0,1,0,0,0,0,2014-10-30 14:27:14+00:00
0,1,0,0,0,0,2014-10-30 16:10:31+00:00
0,1,0,0,0,0,2014-10-30 16:13:24+00:00
0,0,0,0,0,0,2014-11-03 18:24:13+00:00
0,0,0,0,0,0,2014-11-13 11:44:31+00:00
0,0,0,0,0,0,2014-11-13 13:45:33+00:00
0,0,0,0,0,0,2014-11-13 14:31:13+00:00
0,0,0,0,0,0,2014-12-16 17:51:00+00:00
0,1,0,0,0,0,2015-01-23 13:33:14+00:00
1,2,0,0,0,0,2015-01-23 18:43:39+00:00
1,1,0,0,0,0,2015-01-27 11:09:28+00:00
0,0,0,0,0,0,2015-01-27 11:40:30+00:00
0,1,0,0,0,0,2015-01-27 16:09:09+00:00
0,0,0,0,0,0,2015-01-27 19:19:32+00:00
0,0,0,0,0,0,2015-01-27 19:46:14+00:00
1,1,0,0,0,0,2015-02-06 11:38:49+00:00
0,0,0,0,0,0,2015-02-08 21:20:40+00:00
1,3,0,0,0,0,2015-02-10 17:00:38+00:00
0,1,0,0,0,0,2015-02-10 17:04:24+00:00
0,1,0,0,0,0,2015-02-13 14:30:43+00:00
0,1,0,0,0,0,2015-02-13 16:27:02+00:00
0,0,0,0,0,0,2015-02-16 13:19:12+00:00
0,0,0,0,0,0,2015-02-16 13:20:47+00:00
0,0,0,0,0,0,2015-02-16 13:35:07+00:00
0,1,0,0,0,0,2015-02-17 17:50:04+00:00
1,2,0,0,0,0,2015-02-17 19:02:08+00:00
0,0,0,0,0,0,2015-02-18 11:07:02+00:00
0,0,0,0,0,0,2015-02-18 11:19:08+00:00
0,0,0,0,0,0,2015-03-03 14:42:50+00:00
1,9,2,2,0,1,2015-05-06 11:49:38+01:00
0,0,0,0,0,0,2015-05-06 11:53:14+01:00
0,0,0,0,0,0,2015-05-06 11:54:24+01:00
0,0,0,0,0,0,2015-05-06 12:03:50+01:00
0,0,0,0,0,0,2015-05-06 12:07:58+01:00
0,0,0,0,0,0,2015-05-06 12:09:53+01:00
0,0,0,0,0,0,2015-05-06 12:13:21+01:00
0,0,0,0,0,0,2015-05-06 12:14:14+01:00
0,1,0,0,0,0,2015-05-26 13:33:33+01:00
0,0,0,0,0,0,2015-06-01 16:25:09+01:00
0,0,0,0,0,0,2015-06-01 18:45:25+01:00
0,0,0,0,0,0,2015-06-02 10:03:58+01:00
0,0,0,0,0,0,2015-06-02 12:00:18+01:00
0,0,0,0,0,0,2015-06-02 14:33:35+01:00
0,0,0,0,0,0,2015-06-02 14:34:13+01:00
0,0,0,0,0,0,2015-06-02 16:32:42+01:00
0,0,0,0,0,0,2015-06-04 12:47:46+01:00
0,1,0,0,0,0,2015-06-04 15:46:51+01:00
0,1,0,0,0,0,2015-06-04 16:45:39+01:00
0,1,0,0,0,0,2015-06-05 10:41:29+01:00
0,0,0,0,0,0,2015-06-05 11:33:54+01:00
0,0,0,0,0,0,2015-06-05 13:32:49+01:00
0,0,0,0,0,0,2015-06-05 13:34:19+01:00
0,1,0,0,0,0,2015-06-08 17:59:04+01:00
1,2,0,0,0,0,2015-06-17 15:20:08+01:00
0,1,0,0,0,0,2015-07-10 11:11:32+01:00
0,0,0,0,0,0,2015-07-10 13:38:24+01:00
0,0,0,0,0,0,2015-07-10 15:41:02+01:00
0,0,0,0,0,0,2015-07-10 15:47:59+01:00
0,1,0,0,0,0,2015-07-10 16:37:05+01:00
0,0,0,0,0,0,2015-07-10 18:21:50+01:00
0,0,0,0,0,0,2015-07-10 19:35:51+01:00
0,1,0,0,0,0,2015-07-10 19:43:20+01:00
0,0,0,0,0,0,2015-07-10 22:48:26+01:00
0,1,0,0,0,0,2015-07-21 11:07:41+01:00
0,0,0,0,0,0,2015-07-21 18:10:17+01:00
0,0,0,0,0,0,2015-07-21 18:29:27+01:00
0,3,0,0,0,0,2015-08-25 17:36:02+01:00
0,1,0,0,0,0,2015-08-25 17:43:45+01:00
0,1,0,0,0,0,2015-08-25 17:48:30+01:00
0,0,0,0,0,0,2015-08-25 17:52:01+01:00
0,1,0,0,0,0,2015-08-25 17:56:59+01:00
0,0,0,0,0,0,2015-08-25 19:02:15+01:00
0,0,0,0,0,0,2015-08-25 19:05:24+01:00
0,0,0,0,0,0,2015-08-26 11:45:26+01:00
0,0,0,0,0,0,2015-08-26 11:46:09+01:00
0,0,0,0,0,0,2015-08-26 11:51:16+01:00
0,1,0,0,0,0,2015-08-26 11:59:40+01:00
1,0,0,0,0,0,2015-08-26 14:54:29+01:00
1,1,0,0,0,0,2015-08-26 15:39:46+01:00
0,1,0,0,0,0,2015-08-26 15:50:28+01:00
0,0,0,0,0,0,2015-08-26 20:54:12+01:00
0,0,0,0,0,0,2015-08-26 20:54:24+01:00
1,0,0,0,0,0,2015-08-26 21:04:16+01:00
0,1,0,0,0,0,2015-08-27 11:30:15+01:00
1,1,0,0,0,0,2015-08-27 12:11:57+01:00
1,2,0,0,0,0,2015-08-27 14:20:13+01:00
0,0,0,0,0,0,2015-08-27 14:28:06+01:00
0,0,0,0,0,0,2015-08-27 14:29:11+01:00
1,0,0,0,0,0,2015-08-27 14:30:46+01:00
0,1,0,0,0,0,2015-08-27 14:35:04+01:00
1,0,0,0,0,0,2015-08-27 14:37:49+01:00
0,1,0,0,0,0,2015-08-27 14:51:14+01:00
1,0,0,0,0,0,2015-09-24 19:10:07+01:00
0,0,0,0,0,0,2015-09-30 13:35:23+01:00
0,0,0,0,0,0,2015-09-30 13:44:11+01:00
0,0,0,0,0,0,2015-10-06 15:40:22+01:00
0,1,0,0,0,0,2015-10-06 15:49:04+01:00
1,0,0,0,0,0,2015-10-21 11:58:21+01:00
1,0,0,0,0,0,2015-10-21 13:07:31+01:00
1,4,0,0,0,0,2015-11-20 16:32:49+00:00
1,2,0,0,0,0,2015-11-20 18:59:38+00:00
0,0,0,0,0,0,2015-11-20 20:11:52+00:00
0,0,0,0,0,0,2015-11-20 20:12:12+00:00
1,0,0,0,0,0,2015-11-26 17:57:15+00:00
1,0,0,0,0,0,2015-11-27 16:23:08+00:00
0,1,0,0,0,0,2015-11-27 16:28:42+00:00
1,0,0,0,0,0,2015-11-27 16:41:30+00:00
1,0,0,0,0,0,2015-11-27 17:46:45+00:00
0,0,0,0,0,0,2015-11-27 18:12:49+00:00
0,0,0,0,0,0,2015-12-02 13:38:04+00:00
0,0,0,0,0,0,2015-12-02 13:58:17+00:00
1,2,0,0,0,0,2015-12-02 16:01:49+00:00
0,0,0,0,0,0,2015-12-02 16:03:06+00:00
0,1,0,0,0,0,2015-12-02 16:43:21+00:00
0,2,0,0,0,0,2015-12-02 18:20:52+00:00
1,1,0,0,0,0,2015-12-02 18:22:25+00:00
1,2,0,0,0,0,2015-12-02 18:41:38+00:00
1,1,0,0,0,0,2015-12-02 18:42:34+00:00
0,1,0,0,0,0,2015-12-03 17:02:46+00:00
0,1,0,0,0,0,2015-12-03 17:06:37+00:00
0,1,0,0,0,0,2015-12-03 17:16:54+00:00
0,1,0,0,0,0,2015-12-03 17:19:40+00:00
0,3,0,0,0,0,2015-12-04 11:32:19+00:00
0,2,0,0,0,0,2015-12-04 13:20:54+00:00
0,1,0,0,0,0,2015-12-04 13:36:30+00:00
0,2,0,0,0,0,2015-12-04 13:49:29+00:00
0,2,1,1,0,0,2015-12-04 15:06:01+00:00
0,1,0,0,0,0,2015-12-04 15:07:11+00:00
0,0,0,0,0,0,2015-12-07 14:19:28+00:00
1,0,0,0,0,0,2015-12-07 15:24:25+00:00
1,0,0,0,0,0,2015-12-10 17:18:43+00:00
1,0,0,0,0,0,2015-12-10 17:50:36+00:00
1,0,0,0,0,0,2015-12-10 17:58:28+00:00
1,1,0,0,0,0,2015-12-10 18:13:44+00:00
0,1,0,0,0,0,2015-12-10 18:17:48+00:00
0,0,0,0,0,0,2016-01-10 14:07:06+00:00
1,0,0,0,0,0,2016-01-10 17:52:51+00:00
1,0,0,0,0,0,2016-01-10 20:41:40+00:00
2,3,0,0,0,0,2016-01-11 13:43:40+00:00
0,0,0,0,0,0,2016-01-11 13:47:29+00:00
1,1,0,0,0,0,2016-01-26 18:51:18+00:00
0,1,0,0,0,0,2016-01-26 19:07:01+00:00
1,0,0,0,0,0,2016-01-26 19:22:01+00:00
1,3,1,1,0,0,2016-01-27 12:47:20+00:00
0,0,0,0,0,0,2016-01-27 12:55:33+00:00
0,1,0,0,0,0,2016-01-27 13:33:41+00:00
0,0,0,0,0,0,2016-01-27 13:53:08+00:00
0,0,0,0,0,0,2016-01-31 12:06:31+00:00
0,0,0,0,0,0,2016-02-02 15:14:25+00:00
0,0,0,0,0,0,2016-02-02 15:14:41+00:00
0,0,0,0,0,0,2016-02-02 15:16:18+00:00
0,0,0,0,0,0,2016-02-02 15:19:09+00:00
0,0,0,0,0,0,2016-02-02 15:19:40+00:00
0,0,0,0,0,0,2016-02-02 15:20:13+00:00
0,4,0,0,0,0,2016-02-02 15:24:30+00:00
0,0,0,0,0,0,2016-02-02 15:26:44+00:00
0,0,0,0,0,0,2016-02-02 15:32:28+00:00
0,0,0,0,0,0,2016-02-02 15:54:39+00:00
0,0,0,0,0,0,2016-02-02 16:04:24+00:00
0,0,0,0,0,0,2016-02-02 16:04:53+00:00
0,0,0,0,0,0,2016-02-02 16:06:01+00:00
0,0,0,0,0,0,2016-02-02 16:06:32+00:00
1,0,0,0,0,0,2016-02-02 16:15:58+00:00
0,0,0,0,0,0,2016-02-02 16:19:30+00:00
0,0,0,0,0,0,2016-02-02 16:21:06+00:00
0,0,0,0,0,0,2016-02-02 16:22:48+00:00
0,0,0,0,0,0,2016-02-02 16:23:25+00:00
0,0,0,0,0,0,2016-02-02 16:24:27+00:00
0,0,0,0,0,0,2016-02-02 16:28:26+00:00
1,2,0,0,0,0,2016-02-10 16:36:31+00:00
1,2,0,0,0,0,2016-02-10 17:29:41+00:00
0,0,0,0,0,0,2016-02-10 17:33:15+00:00
0,0,0,0,0,0,2016-02-10 17:33:48+00:00
0,0,0,0,0,0,2016-02-10 17:35:04+00:00
0,0,0,0,0,0,2016-02-10 17:55:12+00:00
1,1,0,0,0,0,2016-02-11 13:22:31+00:00
0,0,0,0,0,0,2016-02-11 13:28:38+00:00
1,1,0,0,0,0,2016-02-11 13:30:06+00:00
0,0,0,0,0,0,2016-02-11 13:35:22+00:00
0,0,0,0,0,0,2016-02-11 13:36:32+00:00
0,0,0,0,0,0,2016-02-11 13:37:51+00:00
0,0,0,0,0,0,2016-02-11 13:39:48+00:00
0,0,0,0,0,0,2016-02-11 13:41:53+00:00
0,0,0,0,0,0,2016-02-11 13:53:45+00:00
0,0,0,0,0,0,2016-02-11 13:54:41+00:00
0,0,0,0,0,0,2016-02-11 13:55:49+00:00
0,0,0,0,0,0,2016-02-11 16:38:27+00:00
2,1,0,0,0,0,2016-02-12 11:26:21+00:00
0,0,0,0,0,0,2016-02-12 11:43:35+00:00
0,0,0,0,0,0,2016-02-12 11:44:26+00:00
0,1,0,0,0,0,2016-02-12 12:11:39+00:00
0,0,0,0,0,0,2016-02-12 13:35:12+00:00
0,0,0,0,0,0,2016-03-02 10:57:27+00:00
0,0,0,0,0,0,2016-03-02 10:58:24+00:00
0,0,0,0,0,0,2016-03-02 10:58:40+00:00
0,0,0,0,0,0,2016-03-02 11:04:43+00:00
0,0,0,0,0,0,2016-03-02 11:05:03+00:00
0,0,0,0,0,0,2016-03-02 11:07:21+00:00
0,0,0,0,0,0,2016-03-02 11:26:19+00:00
0,0,0,0,0,0,2016-03-02 11:26:27+00:00
0,0,0,0,0,0,2016-03-02 14:18:41+00:00
0,0,0,0,0,0,2016-03-02 14:18:53+00:00
0,0,0,0,0,0,2016-03-02 14:55:20+00:00
0,0,0,0,0,0,2016-03-02 14:55:28+00:00
0,0,0,0,0,0,2016-03-02 15:59:44+00:00
0,0,0,0,0,0,2016-03-02 17:05:25+00:00
0,0,0,0,0,0,2016-03-02 17:49:03+00:00
0,0,0,0,0,0,2016-03-04 11:51:39+00:00
0,0,0,0,0,0,2016-03-04 11:54:15+00:00
0,0,0,0,0,0,2016-03-04 15:07:14+00:00
0,0,0,0,0,0,2016-03-04 15:31:31+00:00
0,0,0,0,0,0,2016-03-04 15:41:47+00:00
0,0,0,0,0,0,2016-03-14 13:35:17+00:00
0,0,0,0,0,0,2016-03-14 15:01:31+00:00
1,2,0,0,0,0,2016-03-16 11:54:17+00:00
0,1,0,0,0,0,2016-03-16 11:59:02+00:00
0,0,0,0,0,0,2016-03-16 11:59:58+00:00
1,0,0,0,0,0,2016-03-16 12:00:59+00:00
1,0,0,0,0,0,2016-03-16 12:48:25+00:00
0,0,0,0,0,0,2016-03-16 12:55:10+00:00
0,2,1,1,0,0,2016-03-17 17:38:19+00:00
0,2,0,0,0,0,2016-03-17 18:15:42+00:00
0,0,0,0,0,0,2016-03-18 13:50:22+00:00
0,0,0,0,0,0,2016-03-18 14:10:40+00:00
0,0,0,0,0,0,2016-03-18 14:16:41+00:00
0,0,0,0,0,0,2016-03-18 19:58:34+00:00
0,1,0,0,0,0,2016-03-21 11:50:50+00:00
0,0,0,0,0,0,2016-03-21 11:51:27+00:00
1,0,0,0,0,0,2016-03-21 16:18:15+00:00
1,0,0,0,0,0,2016-03-21 16:27:21+00:00
0,0,0,0,0,0,2016-04-01 16:16:09+01:00
0,0,0,0,0,0,2016-04-01 16:36:21+01:00
0,1,0,0,0,0,2016-04-13 13:42:50+01:00
0,1,0,0,0,0,2016-04-13 16:27:49+01:00
0,0,0,0,0,0,2016-04-13 17:41:35+01:00
0,2,0,0,0,0,2016-09-13 14:59:50+01:00
1,1,0,0,0,0,2016-09-14 13:49:13+01:00
0,0,0,0,0,0,2016-09-14 14:00:13+01:00
0,0,0,0,0,0,2016-09-14 14:01:07+01:00
0,0,0,0,0,0,2016-09-14 14:25:34+01:00
0,0,0,0,0,0,2016-12-15 11:53:13+00:00
0,0,0,0,0,0,2016-12-15 14:10:05+00:00
0,0,0,0,0,0,2016-12-15 15:32:31+00:00
0,0,0,0,0,0,2016-12-15 15:32:48+00:00
2,2,0,0,0,0,2016-12-15 15:34:23+00:00
0,0,0,0,0,0,2016-12-16 11:08:02+00:00
0,0,0,0,0,0,2016-12-19 11:35:50+00:00
0,0,0,0,0,0,2016-12-19 12:02:12+00:00
0,0,0,0,0,0,2016-12-19 12:07:35+00:00
0,0,0,0,0,0,2016-12-19 12:26:14+00:00
2,2,0,0,0,0,2016-12-20 16:04:42+00:00
0,2,0,0,0,0,2016-12-21 08:19:17+00:00
0,1,0,0,0,0,2016-12-21 15:34:33+00:00
1,5,0,0,0,0,2016-12-21 15:38:33+00:00
0,0,0,0,0,0,2016-12-21 15:39:33+00:00
0,0,0,0,0,0,2017-01-04 13:19:25+00:00
0,2,0,0,0,0,2017-01-04 13:21:52+00:00
1,2,0,0,0,0,2017-01-04 13:25:57+00:00
0,1,0,0,0,0,2017-01-04 14:57:05+00:00
1,0,0,0,0,0,2017-01-04 15:00:03+00:00
0,0,0,0,0,0,2017-01-04 15:05:15+00:00
0,0,0,0,0,0,2017-01-04 15:06:37+00:00
0,0,0,0,0,0,2017-01-04 15:07:10+00:00
1,5,1,1,0,0,2017-01-06 04:25:54-08:00
0,1,0,0,0,0,2017-01-06 04:35:52-08:00
1,0,0,0,0,0,2017-01-06 04:37:45-08:00
1,0,0,0,0,0,2017-01-06 04:42:13-08:00
0,0,0,0,0,0,2017-01-06 12:47:51+00:00
1,1,0,0,0,0,2017-01-06 14:25:03+00:00
1,1,0,0,0,0,2017-01-06 16:23:32+00:00
0,1,0,0,0,0,2017-01-09 09:55:40+00:00
1,1,0,0,0,0,2017-01-09 13:04:02+00:00
0,0,0,0,0,0,2017-01-10 09:23:36+00:00
1,2,0,0,0,0,2017-01-10 11:33:56+00:00
1,0,0,0,0,0,2017-01-10 16:01:41+00:00
0,0,0,0,0,0,2017-01-10 16:02:03+00:00
0,1,0,0,0,0,2017-01-11 14:19:34+00:00
0,1,0,0,0,0,2017-01-11 15:40:07+00:00
2,3,0,0,0,0,2017-01-12 11:48:09+00:00
0,1,0,0,0,0,2017-01-12 12:42:45+00:00
0,1,0,0,0,0,2017-01-12 12:45:37+00:00
0,1,0,0,0,0,2017-01-12 13:05:40+00:00
1,0,0,0,0,0,2017-01-13 09:27:21+00:00
0,1,0,0,0,0,2017-01-13 09:27:46+00:00
1,1,0,0,0,0,2017-01-13 13:49:34+00:00
1,0,0,0,0,0,2017-01-16 11:16:27+00:00
2,2,0,0,0,0,2017-01-17 12:53:14+00:00
0,0,0,0,0,0,2017-01-17 12:54:23+00:00
0,0,0,0,0,0,2017-01-17 13:55:02+00:00
0,0,0,0,0,0,2017-01-17 13:57:48+00:00
2,4,0,0,0,0,2017-01-17 14:27:41+00:00
0,1,0,0,0,0,2017-01-18 09:21:30+00:00
1,2,0,0,0,0,2017-01-18 09:32:58+00:00
0,1,0,0,0,0,2017-01-18 09:54:53+00:00
1,2,0,0,0,0,2017-01-18 10:11:37+00:00
0,1,0,0,0,0,2017-01-18 14:02:26+00:00
2,4,0,0,0,0,2017-01-18 14:17:46+00:00
1,8,0,0,0,0,2017-01-18 16:26:23+00:00
0,1,0,0,0,0,2017-01-18 16:39:59+00:00
0,1,0,0,0,0,2017-01-18 16:46:29+00:00
2,9,0,0,0,0,2017-01-19 12:56:41+00:00
1,3,0,0,0,0,2017-01-19 14:59:39+00:00
0,0,0,0,0,0,2017-01-19 15:00:09+00:00
0,1,0,0,0,0,2017-01-19 15:27:46+00:00
0,1,0,0,0,0,2017-01-19 16:07:26+00:00
2,2,0,0,0,0,2017-01-20 09:42:24+00:00
0,0,0,0,0,0,2017-01-20 16:49:42+00:00
1,0,0,0,0,0,2017-01-23 11:06:26+00:00
0,0,0,0,0,0,2017-01-23 13:41:25+00:00
1,2,0,0,0,0,2017-01-23 16:13:08+00:00
1,3,0,0,0,0,2017-01-24 13:01:39+00:00
0,0,0,0,0,0,2017-01-24 13:52:31+00:00
0,1,0,0,0,0,2017-01-24 13:53:23+00:00
0,0,0,0,0,0,2017-01-24 14:17:42+00:00
1,1,0,0,0,0,2017-01-24 15:07:07+00:00
2,2,0,0,0,0,2017-01-24 16:39:47+00:00
0,1,0,0,0,0,2017-01-24 16:53:47+00:00
0,1,0,0,0,0,2017-01-25 13:57:58+00:00
0,0,0,0,0,0,2017-01-25 15:04:36+00:00
0,1,0,0,0,0,2017-01-25 15:10:51+00:00
2,3,3,0,1,0,2017-01-18 15:54:28+00:00
0,1,0,0,0,0,2017-01-26 08:49:09+00:00
0,0,0,0,0,0,2017-01-26 08:54:30+00:00
1,2,0,0,0,0,2017-01-26 09:57:56+00:00
1,1,0,0,0,0,2017-01-26 10:45:10+00:00
0,0,0,0,0,0,2017-01-26 11:56:47+00:00
0,0,0,0,0,0,2016-09-14 14:00:13+01:00
0,0,0,0,0,0,2016-09-14 14:01:07+01:00
0,0,0,0,0,0,2016-12-15 11:53:13+00:00
0,0,0,0,0,0,2016-12-19 11:35:50+00:00
0,0,0,0,0,0,2016-12-19 12:02:12+00:00
0,0,0,0,0,0,2016-12-19 12:07:35+00:00
0,0,0,0,0,0,2016-12-19 12:26:14+00:00
0,0,0,0,0,0,2017-01-17 17:38:02+00:00
0,0,0,0,0,0,2017-01-26 15:28:47+00:00
1,2,0,0,0,0,2017-01-27 09:51:07+00:00
1,1,0,0,0,0,2017-01-27 12:42:05+00:00
0,0,0,0,0,0,2017-01-27 15:04:37+00:00
0,0,0,0,0,0,2017-01-27 15:04:56+00:00
0,0,0,0,0,0,2017-01-27 15:06:10+00:00
1,1,0,0,0,0,2017-01-30 11:04:54+00:00
0,0,0,0,0,0,2017-01-30 14:03:35+00:00
0,1,0,0,0,0,2017-01-30 14:35:02+00:00
0,2,0,0,0,0,2017-01-30 14:53:09+00:00
2,3,0,0,0,0,2017-01-30 15:49:56+00:00
0,0,0,0,0,0,2017-01-30 15:55:34+00:00
2,4,0,0,0,0,2017-01-30 16:12:51+00:00
0,0,0,0,0,0,2017-01-30 16:14:00+00:00
1,1,0,0,0,0,2017-01-30 16:23:18+00:00
0,0,0,0,0,0,2017-01-30 16:23:48+00:00
1,2,0,0,0,0,2017-01-31 08:46:08+00:00
0,0,0,0,0,0,2017-01-31 08:46:47+00:00
0,0,0,0,0,0,2017-01-31 09:08:40+00:00
1,2,0,0,0,0,2017-01-31 10:51:39+00:00
1,1,0,0,0,0,2017-01-31 13:10:35+00:00
0,0,0,0,0,0,2017-01-31 13:11:44+00:00
0,1,0,0,0,0,2017-01-31 13:12:12+00:00
1,4,0,0,0,0,2017-02-02 13:24:29+00:00
0,1,0,0,0,0,2017-02-02 13:28:05+00:00
1,1,0,0,0,0,2017-02-02 14:33:11+00:00
0,0,0,0,0,0,2017-02-02 14:59:20+00:00
0,0,0,0,0,0,2017-02-02 15:24:55+00:00
0,0,0,0,0,0,2017-02-02 15:26:58+00:00
1,1,0,0,0,0,2017-02-03 09:19:34+00:00
1,1,0,0,0,0,2017-02-03 10:16:30+00:00
0,0,0,0,0,0,2017-02-03 11:36:46+00:00
1,2,0,0,0,0,2017-02-03 12:30:16+00:00
0,0,0,0,0,0,2017-02-03 15:18:46+00:00
0,1,0,0,0,0,2017-02-03 16:12:50+00:00
1,1,0,0,0,0,2017-02-03 16:15:06+00:00
0,1,1,1,0,0,2017-02-06 10:46:32+00:00
0,1,1,1,0,0,2017-02-06 10:51:31+00:00
1,1,0,0,0,0,2017-02-06 10:51:51+00:00
0,0,0,0,0,0,2017-02-06 10:52:20+00:00
1,2,0,0,0,0,2017-02-06 11:21:01+00:00
1,1,0,0,0,0,2017-02-06 12:43:23+00:00
0,0,0,0,0,0,2017-02-06 12:51:36+00:00
0,0,0,0,0,0,2017-02-06 14:57:03+00:00
0,0,0,0,0,0,2017-02-06 15:06:54+00:00
0,0,0,0,0,0,2017-02-06 15:20:38+00:00
0,0,0,0,0,0,2017-02-07 14:42:28+00:00
0,1,0,0,0,0,2017-02-09 18:13:14+00:00
0,0,0,0,0,0,2017-02-10 10:28:23+00:00
0,0,0,0,0,0,2017-02-10 10:57:56+00:00
0,0,0,0,0,0,2017-02-10 10:58:19+00:00
1,1,0,0,0,0,2017-02-10 11:01:22+00:00
0,0,0,0,0,0,2017-02-10 12:40:12+00:00
0,0,0,0,0,0,2017-02-10 14:26:14+00:00
0,0,0,0,0,0,2017-02-10 14:26:34+00:00
0,0,0,0,0,0,2017-02-10 15:20:17+00:00
0,0,0,0,0,0,2017-02-21 15:43:17+00:00
0,0,0,0,0,0,2017-02-22 13:28:50+00:00
0,0,0,0,0,0,2017-02-23 10:37:11+00:00
1,1,0,0,0,0,2017-02-23 15:00:41+00:00
1,1,0,0,0,0,2017-02-23 15:01:40+00:00
0,0,0,0,0,0,2017-02-23 16:04:30+00:00
0,0,0,0,0,0,2017-03-01 12:37:04+00:00
1,1,0,0,0,0,2017-03-01 13:45:51+00:00
0,0,0,0,0,0,2017-03-01 13:58:40+00:00
0,1,0,0,0,0,2017-03-01 15:17:12+00:00
0,0,0,0,0,0,2017-03-01 16:05:33+00:00
0,0,0,0,0,0,2017-03-01 16:55:42+00:00
0,1,0,0,0,0,2017-03-03 12:06:31+00:00
1,1,0,0,0,0,2017-03-03 12:07:40+00:00
0,0,0,0,0,0,2017-03-03 12:08:18+00:00
0,1,0,0,0,0,2017-03-03 12:31:22+00:00
1,2,0,0,0,0,2017-03-03 14:49:35+00:00
0,1,0,0,0,0,2017-03-06 10:47:12+00:00
1,3,0,0,0,0,2017-03-06 10:50:35+00:00
2,2,0,0,0,0,2017-03-07 10:20:58+00:00
0,2,0,0,0,0,2017-03-07 10:22:14+00:00
0,0,0,0,0,0,2017-03-07 14:23:05+00:00
0,0,0,0,0,0,2017-03-07 14:23:28+00:00
1,1,0,0,0,0,2017-03-07 14:55:42+00:00
0,0,0,0,0,0,2017-03-07 14:56:27+00:00
0,0,0,0,0,0,2017-03-07 14:57:16+00:00
0,0,0,0,0,0,2017-03-07 15:03:03+00:00
1,9,0,0,0,0,2017-03-08 11:58:09+00:00
0,3,0,0,0,0,2017-03-08 12:44:03+00:00
0,1,0,0,0,0,2017-03-09 12:35:27+00:00
0,0,0,0,0,0,2017-03-09 12:36:13+00:00
1,1,0,0,0,0,2017-03-09 12:36:44+00:00
0,0,0,0,0,0,2017-03-09 12:37:16+00:00
0,0,0,0,0,0,2017-03-09 12:38:02+00:00
0,0,0,0,0,0,2017-03-09 12:44:15+00:00
0,0,0,0,0,0,2017-03-10 12:00:03+00:00
0,0,0,0,0,0,2017-03-13 15:46:34+00:00
0,0,0,0,0,0,2017-03-13 15:46:46+00:00
0,1,0,0,0,0,2017-03-13 15:47:18+00:00
0,0,0,0,0,0,2017-03-13 15:47:53+00:00
0,1,0,0,0,0,2017-03-13 15:48:16+00:00
1,1,0,0,0,0,2017-03-13 15:49:03+00:00
0,0,0,0,0,0,2017-03-13 15:49:20+00:00
0,0,0,0,0,0,2017-03-14 13:40:54+00:00
0,2,0,0,0,0,2017-03-14 14:51:38+00:00
0,0,0,0,0,0,2017-03-14 14:52:09+00:00
0,0,0,0,0,0,2017-03-14 14:52:34+00:00
0,2,0,0,0,0,2017-03-14 15:21:47+00:00
0,1,0,0,0,0,2017-03-15 14:44:18+00:00
1,2,0,0,0,0,2017-03-15 14:47:37+00:00
0,2,0,0,0,0,2017-03-15 14:48:51+00:00
0,0,0,0,0,0,2017-03-15 14:49:19+00:00
1,1,0,0,0,0,2017-03-15 15:21:15+00:00
0,0,0,0,0,0,2017-03-22 10:04:18+00:00
0,0,0,0,0,0,2017-03-22 10:06:33+00:00
0,0,0,0,0,0,2017-03-22 10:31:37+00:00
0,0,0,0,0,0,2017-03-22 10:32:22+00:00
0,0,0,0,0,0,2017-03-22 11:03:02+00:00
0,0,0,0,0,0,2017-03-22 11:03:33+00:00
1,1,0,0,0,1,2017-03-22 11:04:29+00:00
0,0,0,0,0,0,2017-03-22 11:06:08+00:00
0,0,0,0,0,0,2017-03-22 11:06:49+00:00
0,1,0,0,0,0,2017-03-22 11:08:44+00:00
0,0,0,0,0,0,2017-03-22 11:33:18+00:00
0,1,0,0,0,0,2017-03-22 14:49:36+00:00
1,1,0,0,0,1,2017-03-22 14:50:28+00:00
0,0,0,0,0,0,2017-03-22 14:51:12+00:00
0,3,0,0,0,0,2017-03-22 15:17:03+00:00
0,1,0,0,0,0,2017-03-22 15:21:17+00:00
0,1,0,0,0,0,2017-03-22 15:24:48+00:00
0,1,0,0,0,0,2017-03-22 15:59:26+00:00
0,0,0,0,0,0,2017-03-22 16:29:22+00:00
1,1,0,0,0,0,2017-03-23 09:05:50+00:00
0,1,0,0,0,0,2017-03-23 10:52:42+00:00
1,1,0,0,0,1,2017-03-24 12:55:11+00:00
0,0,0,0,0,0,2017-03-24 12:55:58+00:00
0,1,0,0,0,0,2017-03-24 12:57:10+00:00
0,0,0,0,0,0,2017-03-24 12:57:47+00:00
0,0,0,0,0,0,2017-03-24 14:49:46+00:00
1,1,0,0,0,1,2017-03-24 14:50:55+00:00
0,1,0,0,0,0,2017-03-24 14:52:15+00:00
0,1,0,0,0,0,2017-03-24 15:27:15+00:00
1,4,0,0,0,1,2017-03-28 13:25:31+01:00
0,1,0,0,0,0,2017-03-28 13:26:13+01:00
0,1,0,0,0,0,2017-04-04 09:56:20+01:00
1,1,0,0,0,1,2017-04-04 09:56:47+01:00
1,1,0,0,0,0,2017-04-19 13:09:06+01:00
1,2,0,0,0,1,2017-04-20 12:06:27+01:00
2,2,0,0,0,1,2017-04-20 15:07:22+01:00
0,1,0,0,0,0,2017-04-20 15:08:12+01:00
0,0,0,0,0,0,2017-04-20 15:08:55+01:00
0,0,0,0,0,0,2017-04-20 15:09:24+01:00
0,0,0,0,0,0,2017-04-20 15:09:49+01:00
0,0,0,0,0,0,2017-04-20 15:10:22+01:00
0,1,0,0,0,0,2017-04-20 15:47:23+01:00
0,4,0,0,0,0,2017-04-21 15:12:05+01:00
0,0,0,0,0,0,2017-04-21 15:39:59+01:00
0,0,0,0,0,0,2017-04-21 15:44:16+01:00
0,1,0,0,0,0,2017-04-24 08:26:31+01:00
4,7,0,0,0,1,2017-04-24 13:56:29+01:00
2,3,0,0,0,0,2017-04-24 14:21:52+01:00
0,1,0,0,0,0,2017-04-24 15:17:27+01:00
2,0,0,0,0,0,2017-04-24 15:17:54+01:00
0,0,0,0,0,0,2017-04-24 15:18:25+01:00
0,1,0,0,0,0,2017-04-24 15:18:36+01:00
0,0,0,0,0,0,2017-04-24 16:13:42+01:00
0,0,0,0,0,0,2017-04-24 16:14:10+01:00
0,1,0,0,0,0,2017-04-24 16:14:47+01:00
0,0,0,0,0,0,2017-04-25 09:05:28+01:00
0,0,0,0,0,0,2017-04-25 12:43:27+01:00
1,1,0,0,0,0,2017-04-25 12:45:50+01:00
1,0,0,0,0,0,2017-04-25 12:46:30+01:00
0,0,0,0,0,0,2017-04-26 13:20:52+01:00
0,0,0,0,0,0,2017-04-26 13:21:53+01:00
0,0,0,0,0,0,2017-04-26 13:22:25+01:00
0,0,0,0,0,0,2017-04-27 09:59:12+01:00
0,0,0,0,0,0,2017-04-27 10:00:06+01:00
0,0,0,0,0,0,2017-04-27 10:08:13+01:00
0,0,0,0,0,0,2017-04-28 16:33:37+01:00
0,0,0,0,0,0,2017-04-28 16:34:31+01:00
0,0,0,0,0,0,2017-04-28 16:35:03+01:00
2,6,0,0,0,0,2017-04-28 16:36:42+01:00
0,2,0,0,0,0,2017-04-28 16:38:01+01:00
0,0,0,0,0,0,2017-04-28 16:38:24+01:00
0,0,0,0,0,0,2017-04-28 16:39:08+01:00
2,2,0,0,0,1,2017-04-28 17:00:44+01:00
2,9,0,0,0,1,2017-05-03 10:55:51+01:00
1,1,0,0,0,0,2017-05-03 10:56:27+01:00
1,2,0,0,0,0,2017-05-03 12:25:28+01:00
0,0,0,0,0,0,2017-05-03 12:30:49+01:00
0,0,0,0,0,0,2017-05-03 12:31:26+01:00
0,0,0,0,0,0,2017-05-03 12:31:47+01:00
0,0,0,0,0,0,2017-05-03 12:32:43+01:00
2,1,0,0,0,1,2017-05-03 16:28:56+01:00
0,1,0,0,0,0,2017-05-03 16:29:53+01:00
0,3,0,0,0,0,2017-05-03 16:30:22+01:00
0,0,0,0,0,0,2017-05-03 16:30:42+01:00
0,1,0,0,0,0,2017-05-03 16:30:58+01:00
1,1,0,0,0,0,2017-05-04 09:32:20+01:00
0,0,0,0,0,0,2017-05-04 09:33:43+01:00
0,0,0,0,0,0,2017-05-04 09:34:00+01:00
0,4,0,0,0,0,2017-05-04 13:00:44+01:00
0,1,0,0,0,0,2017-05-04 13:01:44+01:00
3,3,0,0,0,1,2017-05-04 13:02:15+01:00
2,2,0,0,0,0,2017-05-04 15:23:01+01:00
0,1,0,0,0,0,2017-05-05 09:40:30+01:00
0,0,0,0,0,0,2017-05-05 09:41:01+01:00
1,1,0,0,0,0,2017-05-05 09:41:19+01:00
2,2,0,0,0,2,2017-05-05 09:41:37+01:00
0,0,0,0,0,0,2017-05-05 09:41:57+01:00
0,0,0,0,0,0,2017-05-05 09:42:26+01:00
0,0,0,0,0,0,2017-05-05 09:43:47+01:00
0,0,0,0,0,0,2017-05-05 09:46:49+01:00
0,0,0,0,0,0,2017-05-05 09:48:44+01:00
0,0,0,0,0,0,2017-05-05 10:08:45+01:00
1,1,0,0,0,0,2017-05-05 16:34:56+01:00
1,1,0,0,0,0,2017-05-05 16:35:43+01:00
0,0,0,0,0,0,2017-05-05 16:35:57+01:00
5,16,0,0,0,2,2017-05-16 15:02:54+01:00
0,0,0,0,0,0,2017-05-16 15:16:00+01:00
1,1,0,0,0,1,2017-05-16 15:16:15+01:00
3,10,1,1,0,1,2017-05-17 14:59:43+01:00
0,0,0,0,1,0,2017-05-17 15:00:11+01:00
0,1,0,0,0,0,2017-05-17 16:38:34+01:00
0,1,0,0,0,0,2017-05-17 16:38:55+01:00
1,1,0,0,0,0,2017-05-17 16:39:16+01:00
0,1,0,0,0,0,2017-05-17 16:39:40+01:00
0,1,0,0,0,0,2017-05-17 16:39:59+01:00
0,0,0,0,0,0,2017-05-17 16:40:35+01:00
0,0,0,0,0,0,2017-05-17 16:40:59+01:00
0,3,1,1,0,0,2017-05-18 10:15:06+01:00
2,5,0,0,0,0,2017-05-18 11:11:38+01:00
0,1,1,1,0,0,2017-05-18 11:17:47+01:00
0,0,0,0,0,0,2017-05-19 13:38:58+01:00
0,0,0,0,0,0,2017-05-19 13:52:19+01:00
0,0,0,0,0,0,2017-05-19 16:35:04+01:00
1,2,0,0,0,0,2017-05-22 12:33:17+01:00
0,0,0,0,0,0,2017-05-22 12:33:37+01:00
1,4,0,0,0,0,2017-05-23 11:58:03+01:00
1,2,0,0,0,0,2017-05-23 14:00:55+01:00
0,1,0,0,0,0,2017-05-23 14:30:37+01:00
1,1,0,0,0,0,2017-05-23 14:31:04+01:00
0,1,0,0,0,0,2017-05-23 16:11:59+01:00
1,1,0,0,0,0,2017-05-23 16:48:38+01:00
3,16,2,2,1,0,2017-05-23 17:02:53+01:00
0,0,0,0,0,0,2017-05-24 09:03:21+01:00
0,0,0,0,0,0,2017-05-24 09:07:01+01:00
0,0,0,0,0,0,2017-05-24 09:08:42+01:00
0,1,1,1,0,0,2017-05-24 09:55:09+01:00
0,0,0,0,0,0,2017-05-24 11:30:29+01:00
1,2,0,0,1,0,2017-05-25 13:25:23+01:00
0,0,0,0,0,0,2017-05-25 13:45:02+01:00
0,1,0,0,0,0,2017-05-25 15:07:43+01:00
0,0,0,0,0,0,2017-05-25 15:08:05+01:00
1,1,0,0,0,0,2017-05-26 08:30:45+01:00
0,0,0,0,0,0,2017-05-26 09:30:16+01:00
0,1,0,0,0,0,2017-05-26 09:35:05+01:00
0,0,0,0,0,0,2017-05-26 09:35:31+01:00
1,3,0,0,0,0,2017-05-26 10:30:39+01:00
0,0,0,0,0,0,2017-05-26 10:30:58+01:00
0,0,0,0,0,0,2017-05-26 13:09:48+01:00
0,0,0,0,0,0,2017-05-26 13:11:23+01:00
0,0,0,0,0,0,2017-05-26 13:12:51+01:00
0,0,0,0,0,0,2017-05-26 13:58:22+01:00
0,1,0,0,0,0,2017-05-26 14:05:19+01:00
0,1,0,0,0,0,2017-05-26 14:05:48+01:00
0,1,0,0,0,1,2017-05-26 14:06:15+01:00
1,1,0,0,0,0,2017-05-26 14:06:49+01:00
1,0,0,0,0,0,2017-05-26 14:07:30+01:00
1,0,0,0,0,0,2017-05-26 15:28:37+01:00
0,1,0,0,0,0,2017-05-26 15:29:11+01:00
1,2,0,0,0,0,2017-05-30 10:11:57+01:00
0,1,0,0,0,0,2017-05-30 10:12:18+01:00
0,1,0,0,0,0,2017-05-30 10:12:44+01:00
0,0,0,0,0,0,2017-05-30 10:13:16+01:00
1,1,0,0,0,0,2017-05-30 14:47:35+01:00
0,0,0,0,0,0,2017-05-30 14:55:53+01:00
0,0,0,0,0,0,2017-05-30 15:09:28+01:00
0,0,0,0,0,0,2017-05-30 15:09:46+01:00
0,1,0,0,0,0,2017-05-30 15:36:30+01:00
0,0,0,0,0,0,2017-05-30 15:45:06+01:00
0,1,0,0,0,0,2017-05-30 16:04:12+01:00
0,0,0,0,0,0,2017-06-07 13:49:52+01:00
0,1,0,0,0,0,2017-06-07 13:50:25+01:00
0,0,0,0,0,0,2017-06-12 10:16:31+01:00
0,0,0,0,0,0,2017-06-12 10:16:54+01:00
0,0,0,0,0,0,2017-06-12 10:21:38+01:00
0,1,1,1,0,0,2017-06-12 10:45:44+01:00
0,1,0,0,0,0,2017-06-12 10:46:15+01:00
1,0,0,0,0,0,2017-06-12 10:46:40+01:00
1,0,0,0,0,0,2017-06-12 10:48:00+01:00
0,1,0,0,0,0,2017-06-12 10:48:34+01:00
0,1,0,0,0,0,2017-06-12 10:49:32+01:00
1,1,0,0,0,0,2017-06-12 12:15:55+01:00
0,1,0,0,0,1,2017-06-14 13:55:58+01:00
0,1,0,0,0,0,2017-06-14 13:57:13+01:00
1,1,0,0,1,0,2017-06-14 13:58:18+01:00
0,0,0,0,0,0,2017-06-14 13:58:57+01:00
0,2,0,0,0,0,2017-06-14 14:00:35+01:00
0,1,0,0,0,0,2017-06-14 14:01:25+01:00
0,1,0,0,0,0,2017-06-14 14:01:48+01:00
0,0,0,0,0,0,2017-06-14 14:02:25+01:00
0,0,0,0,0,0,2017-06-14 14:02:46+01:00
0,0,0,0,0,0,2017-06-14 14:03:15+01:00
0,1,0,0,0,0,2017-06-15 09:56:18+01:00
0,1,0,0,0,1,2017-06-15 09:56:43+01:00
0,0,0,0,0,0,2017-06-15 09:58:05+01:00
0,1,0,0,0,0,2017-06-15 10:06:54+01:00
0,0,0,0,0,0,2017-06-15 12:04:52+01:00
0,1,0,0,0,0,2017-06-16 12:26:14+01:00
0,0,0,0,0,0,2017-06-16 12:27:05+01:00
0,0,0,0,0,0,2017-06-19 14:11:26+01:00
0,0,0,0,0,0,2017-06-22 09:40:09+01:00
0,0,0,0,0,0,2017-06-22 10:17:09+01:00
0,2,0,0,0,1,2017-06-22 11:52:51+01:00
0,0,0,0,0,0,2017-06-22 11:53:06+01:00
0,0,0,0,0,0,2017-06-22 11:56:11+01:00
1,1,0,0,0,0,2017-07-03 16:05:20+01:00
0,0,0,0,0,0,2017-07-03 16:06:09+01:00
0,0,0,0,0,0,2017-07-04 09:31:58+01:00
2,2,0,0,0,0,2017-07-04 09:33:15+01:00
0,0,0,0,0,0,2017-07-04 09:33:38+01:00
0,1,0,0,0,0,2017-07-11 11:24:06+01:00
1,1,0,0,0,0,2017-07-11 11:24:46+01:00
0,1,0,0,0,1,2017-07-11 11:27:14+01:00
0,1,0,0,0,0,2017-07-11 11:27:53+01:00
0,0,0,0,0,0,2017-07-11 11:28:25+01:00
0,1,0,0,0,1,2017-07-11 12:41:59+01:00
0,1,0,0,0,0,2017-07-11 13:09:42+01:00
0,1,0,0,0,0,2017-07-12 14:54:30+01:00
0,1,0,0,0,0,2017-07-12 15:06:26+01:00
0,1,0,0,0,0,2017-07-13 09:22:40+01:00
0,1,0,0,0,0,2017-07-13 09:23:31+01:00
0,1,0,0,0,0,2017-07-13 09:24:08+01:00
0,1,0,0,0,0,2017-07-13 09:24:33+01:00
0,0,0,0,0,0,2017-07-13 11:33:50+01:00
0,1,0,0,0,0,2017-07-13 11:34:27+01:00
0,0,0,0,0,0,2017-07-13 11:34:40+01:00
0,1,0,0,0,0,2017-07-13 15:35:30+01:00
1,1,0,0,0,0,2017-07-13 15:37:07+01:00
0,1,0,0,0,0,2017-07-13 15:38:58+01:00
0,1,0,0,0,0,2017-07-13 15:49:34+01:00
1,1,0,0,0,0,2017-07-13 15:50:03+01:00
1,1,0,0,0,0,2017-07-13 15:50:40+01:00
0,0,0,0,0,0,2017-07-13 15:51:12+01:00
0,0,0,0,0,0,2017-07-13 15:52:42+01:00
0,1,0,0,0,0,2017-07-13 16:25:50+01:00
0,1,0,0,0,0,2017-07-13 16:26:15+01:00
0,1,0,0,0,0,2017-07-13 16:26:41+01:00
0,1,0,0,0,0,2017-07-14 10:07:25+01:00
0,1,0,0,0,0,2017-07-14 10:07:54+01:00
0,1,0,0,0,0,2017-07-14 10:09:22+01:00
1,1,0,0,0,0,2017-07-14 10:25:13+01:00
1,1,0,0,0,0,2017-07-14 14:08:20+01:00
1,2,0,0,0,0,2017-07-14 14:42:58+01:00
0,1,0,0,0,0,2017-07-14 14:45:23+01:00
0,1,0,0,0,0,2017-07-14 14:47:36+01:00
1,3,0,0,0,0,2017-07-14 14:56:56+01:00
1,1,0,0,0,0,2017-07-14 15:05:11+01:00
0,0,0,0,0,0,2017-07-14 15:08:20+01:00
1,7,0,0,0,0,2017-07-14 15:12:16+01:00
1,2,0,0,0,0,2017-07-14 16:37:25+01:00
0,0,0,0,0,0,2017-07-17 15:09:47+01:00
1,1,0,0,0,1,2017-07-17 15:34:45+01:00
1,2,0,0,0,1,2017-07-19 11:37:40+01:00
0,1,0,0,0,0,2017-07-19 11:38:08+01:00
0,1,0,0,0,0,2017-07-25 10:44:51+01:00
0,1,0,0,0,0,2017-07-25 10:52:25+01:00
0,0,0,0,0,0,2017-07-25 10:52:58+01:00
1,1,0,0,0,0,2017-07-25 11:11:13+01:00
0,0,0,0,0,0,2017-07-25 13:13:45+01:00
0,0,0,0,0,0,2017-07-25 13:14:04+01:00
0,0,0,0,0,0,2017-07-27 08:42:53+01:00
3,3,0,0,0,0,2017-07-27 08:45:49+01:00
0,2,0,0,0,1,2017-07-27 08:46:54+01:00
0,1,1,1,0,0,2017-07-27 08:47:31+01:00
2,7,0,0,0,2,2017-07-27 10:31:51+01:00
1,3,0,0,0,1,2017-07-27 13:18:56+01:00
0,1,0,0,0,0,2017-08-07 09:59:31+01:00
1,0,0,0,0,0,2017-08-07 10:31:11+01:00
0,1,0,0,0,1,2017-08-07 12:39:10+01:00
1,1,0,0,0,0,2017-08-07 12:39:35+01:00
0,1,0,0,0,0,2017-08-07 12:39:59+01:00
1,1,0,0,0,0,2017-08-07 12:40:25+01:00
0,1,0,0,0,0,2017-08-07 12:40:41+01:00
0,1,0,0,0,0,2017-08-07 12:41:06+01:00
0,3,0,0,0,1,2017-08-09 14:37:33+01:00
2,12,1,1,1,0,2017-08-09 14:38:14+01:00
2,7,1,1,1,0,2017-08-10 09:51:56+01:00
1,3,0,0,0,1,2017-08-10 09:52:20+01:00
1,5,0,0,0,0,2017-08-10 10:31:01+01:00
1,1,0,0,0,0,2017-08-30 14:46:50+01:00
1,1,0,0,0,0,2017-09-05 12:37:08+01:00
1,1,0,0,0,0,2017-09-05 15:48:50+01:00
0,0,0,0,0,0,2017-09-05 15:49:27+01:00
0,0,0,0,0,0,2017-09-06 09:11:52+01:00
1,1,0,0,0,0,2017-09-06 09:16:22+01:00
0,0,0,0,0,0,2017-09-06 09:29:33+01:00
0,0,0,0,0,0,2017-09-06 09:29:50+01:00
1,2,0,0,0,0,2017-09-06 10:13:59+01:00
0,0,0,0,0,0,2017-09-06 10:14:16+01:00
1,1,0,0,0,0,2017-09-06 10:14:44+01:00
1,1,0,0,0,0,2017-09-06 10:38:11+01:00
1,1,0,0,0,0,2017-09-06 14:05:44+01:00
0,1,0,0,0,0,2017-09-06 14:11:16+01:00
0,1,0,0,0,0,2017-09-06 15:26:11+01:00
1,1,0,0,0,0,2017-09-06 15:27:15+01:00
0,1,0,0,0,0,2017-09-06 15:27:52+01:00
0,1,0,0,0,0,2017-09-06 15:30:50+01:00
0,0,0,0,0,0,2017-09-06 15:31:46+01:00
0,0,0,0,0,0,2017-09-06 15:53:39+01:00
0,1,0,0,0,0,2017-09-07 09:21:57+01:00
0,1,0,0,0,0,2017-09-07 11:57:29+01:00
1,1,0,0,0,0,2017-09-08 15:02:17+01:00
1,1,0,0,0,0,2017-09-08 15:31:36+01:00
0,1,0,0,0,0,2017-09-11 15:38:02+01:00
0,1,0,0,0,0,2017-09-11 15:38:56+01:00
0,1,0,0,0,0,2017-09-11 15:39:53+01:00
1,1,0,0,0,0,2017-09-11 15:40:38+01:00
0,1,0,0,0,1,2017-09-12 11:27:48+01:00
0,1,0,0,0,0,2017-09-12 11:28:19+01:00
0,0,0,0,0,0,2017-09-12 11:29:04+01:00
0,1,0,0,0,0,2017-09-13 10:45:11+01:00
0,1,0,0,0,0,2017-09-13 10:45:52+01:00
0,1,0,0,0,0,2017-09-13 16:05:44+01:00
1,1,0,0,0,0,2017-09-13 16:06:28+01:00
0,0,0,0,0,0,2017-09-13 16:06:59+01:00
1,0,0,0,0,0,2017-09-13 16:07:41+01:00
0,1,0,0,0,0,2017-09-14 11:30:49+01:00
0,1,0,0,0,0,2017-09-14 11:35:31+01:00
0,0,0,0,0,0,2017-09-14 11:37:08+01:00
1,1,0,0,0,0,2017-09-14 11:52:29+01:00
0,0,0,0,0,0,2017-09-14 11:52:47+01:00
0,2,0,0,0,0,2017-09-14 16:09:50+01:00
0,0,0,0,0,0,2017-09-14 16:10:59+01:00
0,1,0,0,0,0,2017-09-14 16:11:59+01:00
1,1,0,0,0,0,2017-09-14 16:12:53+01:00
0,1,0,0,0,0,2017-09-14 16:13:17+01:00
0,1,0,0,0,1,2017-09-14 16:13:42+01:00
2,13,0,0,1,1,2017-09-18 15:43:12+01:00
0,1,0,0,0,0,2017-09-19 12:47:52+01:00
0,5,1,1,0,0,2017-09-19 13:39:07+01:00
0,1,0,0,0,0,2017-09-20 10:55:01+01:00
0,3,0,0,1,0,2017-09-20 10:56:18+01:00
1,2,0,0,0,1,2017-09-20 11:03:08+01:00
1,1,0,0,0,0,2017-09-20 12:47:03+01:00
0,1,0,0,0,0,2017-09-20 14:50:05+01:00
0,1,0,0,0,0,2017-09-25 15:18:58+01:00
0,1,0,0,1,0,2017-09-25 15:19:30+01:00
0,1,0,0,0,0,2017-09-25 15:19:54+01:00
0,1,0,0,0,0,2017-09-25 15:20:20+01:00
1,0,0,0,0,0,2017-09-25 15:20:41+01:00
2,2,0,0,0,0,2017-09-25 15:21:30+01:00
0,1,0,0,0,0,2017-09-25 15:22:10+01:00
2,4,0,0,0,0,2017-09-29 15:59:44+01:00
0,1,0,0,0,0,2017-09-29 16:00:16+01:00
1,1,0,0,1,0,2017-09-29 16:00:50+01:00
0,0,0,0,0,0,2017-09-29 16:01:10+01:00
0,1,0,0,0,0,2017-09-29 16:01:32+01:00
0,1,0,0,0,1,2017-09-29 16:02:05+01:00
1,1,0,0,0,0,2017-09-29 16:02:51+01:00
0,1,0,0,0,0,2017-09-29 16:03:11+01:00
0,1,0,0,0,0,2017-09-29 16:03:39+01:00
0,3,0,0,0,0,2017-09-29 16:04:46+01:00
1,1,0,0,0,0,2017-09-29 16:05:38+01:00
0,1,0,0,0,0,2017-09-29 16:14:45+01:00
1,2,1,1,0,0,2017-10-02 15:56:43+01:00
0,1,0,0,0,0,2017-10-02 15:57:03+01:00
0,1,0,0,0,0,2017-10-02 15:57:23+01:00
0,1,0,0,0,0,2017-10-02 15:57:45+01:00
0,1,0,0,0,0,2017-10-03 09:30:04+01:00
0,1,0,0,0,0,2017-10-03 09:30:34+01:00
0,1,1,1,0,0,2017-10-03 10:15:41+01:00
1,1,0,0,0,0,2017-10-03 10:36:42+01:00
0,4,0,0,1,0,2017-10-03 11:13:26+01:00
1,1,0,0,0,0,2017-10-03 11:33:31+01:00
0,0,0,0,0,0,2017-10-03 11:33:54+01:00
0,1,0,0,0,0,2017-10-03 11:34:18+01:00
4,11,0,0,0,0,2017-10-04 13:14:19+01:00
0,1,0,0,0,0,2017-10-04 16:04:23+01:00
0,1,0,0,0,0,2017-10-04 16:05:41+01:00
1,2,0,0,0,1,2017-10-04 16:11:54+01:00
1,1,0,0,0,0,2017-10-04 16:12:42+01:00
2,3,0,0,1,0,2017-10-04 16:45:00+01:00
0,1,0,0,1,0,2017-10-04 16:45:27+01:00
0,1,0,0,0,0,2017-10-04 16:45:48+01:00
0,1,0,0,0,0,2017-10-05 09:55:01+01:00
0,0,0,0,0,0,2017-10-05 10:56:25+01:00
0,1,0,0,0,0,2017-10-05 10:57:26+01:00
0,0,0,0,0,0,2017-10-05 11:06:10+01:00
1,1,0,0,0,0,2017-10-05 11:49:40+01:00
0,0,0,0,0,0,2017-10-05 13:06:02+01:00
0,0,0,0,0,0,2017-10-05 14:02:26+01:00
1,3,1,1,0,1,2017-10-05 14:04:39+01:00
1,1,0,0,0,0,2017-10-05 14:04:56+01:00
0,1,0,0,0,0,2017-10-05 14:05:13+01:00
0,0,0,0,0,0,2017-10-05 14:05:40+01:00
0,1,0,0,0,0,2017-10-05 14:06:29+01:00
2,9,0,0,0,0,2017-10-06 09:36:27+01:00
0,0,0,0,0,0,2017-10-06 09:37:42+01:00
0,0,0,0,0,0,2017-10-06 10:15:52+01:00
2,3,0,0,0,0,2017-10-06 11:05:22+01:00
3,5,1,0,0,0,2017-10-06 11:51:19+01:00
0,0,0,0,0,0,2017-10-06 11:52:38+01:00
1,1,1,0,0,0,2017-10-06 11:55:57+01:00
0,0,0,0,0,0,2017-10-06 12:02:27+01:00
0,1,0,0,0,1,2017-10-06 15:02:03+01:00
1,1,1,0,0,0,2017-10-06 15:40:57+01:00
0,0,0,0,0,0,2017-10-09 09:32:56+01:00
0,1,1,1,0,0,2017-10-09 11:59:41+01:00
1,3,0,0,0,0,2017-10-09 12:00:26+01:00
1,1,0,0,0,0,2017-10-09 12:52:29+01:00
0,1,0,0,0,0,2017-10-09 12:52:52+01:00
0,1,0,0,0,0,2017-10-09 12:53:12+01:00
0,0,0,0,0,0,2017-10-09 12:53:29+01:00
0,2,0,0,0,0,2017-10-13 11:03:10+01:00
0,2,0,0,0,0,2017-10-13 11:06:57+01:00
0,1,0,0,0,0,2017-10-13 11:07:25+01:00
0,1,0,0,0,0,2017-10-13 11:41:24+01:00
0,1,0,0,0,0,2017-10-13 13:24:08+01:00
0,1,0,0,0,0,2017-10-13 13:24:51+01:00
4,9,1,1,1,1,2017-10-13 13:41:10+01:00
1,1,1,0,0,0,2017-10-13 13:42:37+01:00
0,0,0,0,0,0,2017-10-13 13:43:04+01:00
0,1,0,0,0,0,2017-10-13 13:43:24+01:00
0,0,0,0,0,0,2017-10-13 13:48:42+01:00
0,0,0,0,0,0,2017-10-13 13:49:46+01:00
0,0,0,0,0,0,2017-10-13 14:07:52+01:00
0,0,0,0,0,0,2017-10-13 14:08:06+01:00
0,0,0,0,0,0,2017-10-13 15:05:02+01:00
0,0,0,0,0,0,2017-10-16 09:35:58+01:00
2,9,0,0,0,0,2017-10-16 10:53:37+01:00
0,0,0,0,0,0,2017-10-16 10:57:25+01:00
1,1,0,0,0,0,2017-10-16 10:58:46+01:00
0,1,0,0,0,0,2017-10-16 11:05:23+01:00
1,1,0,0,0,0,2017-10-16 11:21:40+01:00
0,0,0,0,0,0,2017-10-16 11:32:10+01:00
4,10,0,0,0,0,2017-10-17 09:56:04+01:00
0,2,1,1,0,0,2017-10-17 09:56:31+01:00
2,6,0,0,0,0,2017-10-17 10:16:03+01:00
0,0,0,0,0,0,2017-10-17 10:24:08+01:00
0,0,0,0,0,0,2017-10-17 11:22:27+01:00
0,1,0,0,0,0,2017-10-17 11:22:45+01:00
1,1,0,0,0,0,2017-10-17 11:45:21+01:00
0,1,0,0,0,0,2017-10-17 11:45:46+01:00
2,2,0,0,0,0,2017-10-17 11:56:50+01:00
0,0,0,0,0,0,2017-10-17 12:54:32+01:00
0,1,0,0,0,0,2017-10-17 12:55:03+01:00
0,1,0,0,0,0,2017-10-17 15:39:46+01:00
1,0,0,0,0,0,2017-10-17 15:40:01+01:00
0,0,0,0,0,0,2017-10-17 15:40:45+01:00
0,0,0,0,0,0,2017-10-17 15:40:55+01:00
0,0,0,0,0,0,2017-10-17 15:41:35+01:00
0,0,0,0,0,0,2017-10-17 15:43:11+01:00
0,0,0,0,0,0,2017-10-17 16:02:38+01:00
0,0,0,0,0,0,2017-10-17 16:12:23+01:00
2,17,2,2,2,2,2017-10-19 09:56:42+01:00
0,2,0,0,0,1,2017-10-20 16:14:20+01:00
0,0,0,0,0,0,2017-11-02 11:24:21+00:00
0,0,0,0,0,0,2017-11-02 11:26:56+00:00
1,1,0,0,0,0,2017-11-02 11:46:01+00:00
1,1,0,0,0,0,2017-11-02 11:46:50+00:00
0,0,0,0,0,0,2017-11-02 12:06:23+00:00
0,0,0,0,0,0,2017-11-02 12:05:38+00:00
0,0,0,0,0,0,2017-11-02 12:06:34+00:00
1,1,0,0,0,0,2017-11-02 12:07:02+00:00
1,1,0,0,0,0,2017-11-02 12:07:25+00:00
1,1,0,0,0,0,2017-11-02 14:17:46+00:00
0,1,0,0,0,0,2017-11-02 14:18:13+00:00
0,0,0,0,0,0,2017-11-02 14:45:26+00:00
0,0,0,0,0,0,2017-11-03 16:42:45+00:00
1,1,0,0,0,0,2017-11-03 16:43:21+00:00
1,1,0,0,0,0,2017-11-03 16:43:57+00:00
0,2,0,0,0,0,2017-11-03 16:45:49+00:00
0,1,0,0,0,0,2017-11-06 13:40:29+00:00
1,1,0,0,0,0,2017-11-06 13:41:58+00:00
0,2,0,0,0,0,2017-11-06 13:42:52+00:00
1,1,0,0,0,0,2017-11-06 15:21:13+00:00
0,2,0,0,0,0,2017-11-06 15:28:19+00:00
0,1,0,0,0,0,2017-11-06 15:38:03+00:00
0,1,0,0,0,0,2017-11-07 10:05:51+00:00
0,1,0,0,0,0,2017-11-07 10:06:19+00:00
0,1,0,0,0,0,2017-11-07 10:33:59+00:00
0,0,0,0,0,0,2017-11-09 14:08:39+00:00
0,0,0,0,0,0,2017-11-09 14:10:17+00:00
0,0,0,0,0,0,2017-11-09 14:15:09+00:00
0,1,0,0,0,0,2017-11-09 14:17:22+00:00
0,0,0,0,0,0,2017-11-09 14:18:27+00:00
2,2,0,0,0,0,2017-11-09 14:19:34+00:00
1,1,0,0,0,0,2017-11-09 14:20:07+00:00
0,1,0,0,0,0,2017-11-09 14:20:48+00:00
2,1,0,0,0,0,2017-11-09 14:21:21+00:00
0,2,0,0,0,0,2017-11-09 14:22:29+00:00
0,0,0,0,0,0,2017-11-09 14:22:56+00:00
0,1,0,0,0,0,2017-11-09 14:24:35+00:00
1,0,0,0,0,0,2017-11-09 14:25:57+00:00
0,0,0,0,0,0,2017-11-09 14:31:44+00:00
0,2,0,0,0,0,2017-11-09 14:32:49+00:00
0,0,0,0,0,0,2017-11-10 15:07:59+00:00
1,0,0,0,0,0,2017-11-10 15:08:18+00:00
0,0,0,0,0,0,2017-11-10 15:08:53+00:00
0,1,0,0,0,0,2017-11-14 10:28:05+00:00
0,0,0,0,0,0,2017-11-14 10:28:22+00:00
0,0,0,0,0,0,2017-11-14 14:13:00+00:00
1,0,0,0,0,0,2017-11-14 15:26:42+00:00
1,2,0,0,0,0,2017-11-14 15:28:12+00:00
1,0,0,0,0,0,2017-11-15 10:36:53+00:00
1,0,0,0,0,0,2017-11-15 10:37:32+00:00
0,0,0,0,0,0,2017-11-20 14:04:46+00:00
1,1,0,0,0,0,2017-11-20 14:05:30+00:00
0,1,0,0,0,0,2017-11-20 14:07:06+00:00
1,2,0,0,0,0,2017-11-20 14:10:23+00:00
0,1,0,0,0,0,2017-11-20 14:12:42+00:00
1,1,0,0,0,0,2017-11-20 14:14:17+00:00
1,1,0,0,0,0,2017-11-20 14:14:47+00:00
1,1,0,0,0,0,2017-11-20 14:28:06+00:00
1,0,0,0,0,0,2017-11-20 14:53:17+00:00
0,1,0,0,0,0,2017-11-20 14:53:46+00:00
0,1,0,0,0,0,2017-11-21 13:50:06+00:00
0,0,0,0,0,0,2017-11-21 13:51:37+00:00
0,1,0,0,0,0,2017-11-21 13:53:21+00:00
0,2,0,0,0,0,2017-11-21 13:54:30+00:00
0,0,0,0,0,0,2017-11-21 13:55:52+00:00
0,0,0,0,0,0,2017-11-21 13:56:21+00:00
1,1,0,0,0,0,2017-11-21 14:56:07+00:00
0,1,0,0,0,0,2017-11-21 14:56:45+00:00
0,0,0,0,0,0,2017-11-21 15:02:52+00:00
0,0,0,0,0,0,2017-11-21 15:03:51+00:00
0,0,0,0,0,0,2017-11-21 15:05:28+00:00
0,0,0,0,0,0,2017-11-21 15:06:09+00:00
2,1,0,0,0,0,2017-11-22 15:32:07+00:00
0,4,0,0,1,0,2017-11-22 15:35:05+00:00
0,1,0,0,0,0,2017-11-22 15:35:45+00:00
0,0,0,0,0,0,2017-11-22 15:36:17+00:00
0,1,0,0,0,0,2017-11-22 15:37:09+00:00
1,0,0,0,0,0,2017-11-22 15:37:53+00:00
0,0,0,0,0,0,2017-11-22 15:38:59+00:00
0,0,0,0,0,0,2017-11-22 15:39:46+00:00
0,1,0,0,0,0,2017-11-22 15:41:12+00:00
0,1,0,0,0,0,2017-11-22 15:41:52+00:00
0,0,0,0,0,0,2017-11-22 15:54:47+00:00
1,1,0,0,0,0,2017-11-22 16:07:50+00:00
1,3,0,0,0,0,2017-11-22 16:24:54+00:00
1,1,0,0,0,0,2017-11-22 16:44:34+00:00
0,1,0,0,0,0,2017-11-23 11:38:58+00:00
0,0,0,0,0,0,2017-11-23 11:39:42+00:00
1,1,0,0,0,0,2017-11-23 11:40:30+00:00
0,1,0,0,0,0,2017-11-23 11:41:03+00:00
0,1,0,0,0,0,2017-11-23 14:35:41+00:00
0,1,0,0,0,0,2017-11-23 14:37:42+00:00
0,1,0,0,0,0,2017-11-24 10:21:02+00:00
1,0,0,0,0,0,2017-11-24 10:21:27+00:00
0,0,0,0,0,0,2017-11-24 10:32:18+00:00
0,0,0,0,0,0,2017-11-24 10:37:14+00:00
0,1,0,0,0,0,2017-11-24 10:48:47+00:00
0,0,0,0,0,0,2017-11-24 10:49:09+00:00
0,0,0,0,0,0,2017-11-24 10:49:45+00:00
0,0,0,0,0,0,2017-11-24 11:20:15+00:00
0,0,0,0,0,0,2017-11-24 13:52:17+00:00
0,1,0,0,0,0,2017-11-27 14:49:20+00:00
0,3,1,1,0,0,2017-11-28 11:08:20+00:00
0,0,0,0,0,0,2017-11-28 11:09:18+00:00
0,0,0,0,0,0,2017-11-28 12:03:39+00:00
0,0,0,0,0,0,2017-11-28 12:23:37+00:00
0,0,0,0,0,0,2017-11-28 13:08:44+00:00
1,0,0,0,0,0,2017-11-28 14:45:50+00:00
1,0,0,0,0,0,2017-11-28 14:48:23+00:00
0,0,0,0,0,0,2017-11-28 14:54:05+00:00
1,0,0,0,0,0,2017-11-28 15:19:04+00:00
0,0,0,0,0,0,2017-11-28 15:21:34+00:00
1,0,0,0,0,0,2017-11-29 11:10:09+00:00
0,0,0,0,0,0,2017-11-29 11:36:03+00:00
2,2,2,0,0,0,2017-11-29 12:03:10+00:00
0,0,0,0,0,0,2017-11-29 12:03:43+00:00
0,0,0,0,0,0,2017-11-29 14:21:17+00:00
0,0,0,0,0,0,2017-11-29 15:25:06+00:00
0,0,0,0,0,0,2017-11-29 15:25:43+00:00
1,0,0,0,0,0,2017-11-29 15:58:04+00:00
0,0,0,0,0,0,2017-11-29 15:58:19+00:00
0,0,0,0,0,0,2017-11-29 15:59:41+00:00
0,1,0,0,0,0,2017-11-30 09:36:13+00:00
0,2,0,0,0,0,2017-11-30 09:36:55+00:00
1,0,0,0,0,0,2017-11-30 11:33:06+00:00
0,1,0,0,0,0,2017-11-30 11:34:05+00:00
2,3,3,0,1,0,2017-11-30 15:12:53+00:00
1,2,0,0,0,0,2017-12-01 12:17:15+00:00
0,0,0,0,0,0,2017-12-01 13:55:44+00:00
0,0,0,0,0,0,2017-12-01 13:55:54+00:00
0,0,0,0,0,0,2017-12-01 14:56:38+00:00
1,2,0,0,0,1,2017-12-01 14:57:26+00:00
1,1,0,0,0,0,2017-12-01 14:59:42+00:00
1,0,0,0,0,0,2017-12-01 15:00:20+00:00
1,1,0,0,0,0,2017-12-01 15:02:45+00:00
0,1,0,0,0,0,2017-12-01 15:03:11+00:00
0,1,0,0,0,0,2017-12-01 15:34:15+00:00
0,1,0,0,0,0,2017-12-01 15:45:59+00:00
0,1,0,0,0,0,2017-12-01 15:46:27+00:00
1,0,0,0,0,0,2017-12-04 09:04:55+00:00
1,2,1,0,0,0,2017-12-04 09:06:01+00:00
0,0,0,0,0,0,2017-12-04 09:06:55+00:00
0,0,0,0,0,0,2017-12-04 09:08:10+00:00
0,1,0,0,0,0,2017-12-04 09:08:57+00:00
0,0,0,0,0,0,2017-12-04 09:32:33+00:00
0,0,0,0,0,0,2017-12-04 12:19:42+00:00
0,0,0,0,0,0,2017-12-04 12:33:54+00:00
1,1,0,0,0,0,2017-12-04 12:34:08+00:00
0,1,0,0,0,0,2017-12-04 13:04:10+00:00
0,0,0,0,0,0,2017-12-04 13:08:04+00:00
0,0,0,0,0,0,2017-12-04 13:08:26+00:00
1,1,0,0,0,0,2017-12-05 15:00:49+00:00
0,1,0,0,0,1,2017-12-06 09:08:36+00:00
1,2,0,0,0,1,2017-12-06 13:09:16+00:00
0,1,0,0,0,0,2017-12-06 13:10:09+00:00
1,0,0,0,0,0,2017-12-06 13:10:54+00:00
0,1,0,0,0,0,2017-12-06 13:12:12+00:00
0,1,0,0,0,0,2017-12-06 13:12:43+00:00
1,1,0,0,0,0,2017-12-06 13:21:31+00:00
0,1,0,0,0,1,2017-12-06 13:46:56+00:00
2,2,0,0,0,0,2017-12-07 14:03:27+00:00
1,0,0,0,0,0,2017-12-07 14:04:37+00:00
1,1,0,0,0,0,2017-12-07 14:05:10+00:00
0,1,0,0,0,0,2017-12-07 14:06:00+00:00
0,1,0,0,0,0,2017-12-07 14:06:29+00:00
0,2,0,0,0,0,2017-12-07 14:07:47+00:00
0,0,0,0,0,0,2017-12-07 14:12:44+00:00
0,0,0,0,0,0,2017-12-08 11:22:54+00:00
0,1,0,0,0,0,2017-12-08 11:23:19+00:00
1,0,0,0,0,0,2017-12-08 11:23:39+00:00
0,0,0,0,0,0,2017-12-08 11:24:30+00:00
0,0,0,0,0,0,2017-12-08 12:50:56+00:00
0,0,0,0,0,0,2017-12-08 12:51:49+00:00
0,0,0,0,0,0,2017-12-08 12:52:37+00:00
0,0,0,0,0,0,2017-12-08 12:52:55+00:00
0,0,0,0,0,0,2017-12-08 12:54:15+00:00
0,0,0,0,0,0,2017-12-08 13:04:54+00:00
0,0,0,0,0,0,2017-12-08 13:50:26+00:00
1,0,0,0,0,0,2017-12-08 13:50:44+00:00
0,0,0,0,0,0,2017-12-11 08:38:53+00:00
0,1,0,0,0,0,2017-12-11 10:55:32+00:00
0,0,0,0,0,0,2017-12-11 10:55:54+00:00
1,1,0,0,0,0,2017-12-11 10:56:19+00:00
1,1,0,0,0,0,2017-12-11 10:56:46+00:00
0,0,0,0,0,0,2017-12-11 12:03:02+00:00
2,4,0,0,0,0,2017-12-11 12:04:36+00:00
0,1,0,0,0,0,2017-12-11 13:38:23+00:00
1,11,1,1,1,1,2017-12-11 13:53:03+00:00
0,2,0,0,0,0,2017-12-11 14:18:49+00:00
0,0,0,0,0,0,2017-12-11 14:19:16+00:00
0,2,0,0,1,0,2017-12-11 14:19:46+00:00
0,1,0,0,0,0,2017-12-13 10:48:09+00:00
1,1,0,0,0,0,2017-12-13 10:49:24+00:00
0,0,0,0,0,0,2017-12-13 10:52:00+00:00
0,0,0,0,0,0,2017-12-13 10:54:34+00:00
1,0,0,0,0,0,2017-12-13 12:36:26+00:00
0,1,0,0,0,0,2017-12-13 13:12:01+00:00
1,1,0,0,0,0,2017-12-13 13:13:54+00:00
0,0,0,0,0,0,2017-12-13 13:14:16+00:00
0,1,0,0,0,0,2017-12-13 14:01:12+00:00
0,0,0,0,0,0,2017-12-14 10:27:58+00:00
0,0,0,0,0,0,2017-12-14 11:50:04+00:00
0,0,0,0,0,0,2017-12-14 13:33:47+00:00
0,0,0,0,0,0,2017-12-14 13:34:02+00:00
0,1,0,0,0,0,2017-12-14 15:23:32+00:00
0,1,0,0,0,0,2017-12-14 15:50:34+00:00
0,1,0,0,0,0,2017-12-18 10:24:07+00:00
0,0,0,0,0,0,2017-12-18 11:11:43+00:00
0,0,0,0,0,0,2017-12-18 14:16:23+00:00
0,2,0,0,0,0,2017-12-19 10:39:48+00:00
0,0,0,0,0,0,2017-12-19 10:47:32+00:00
0,1,0,0,0,0,2017-12-19 11:23:55+00:00
0,1,0,0,0,0,2017-12-19 11:24:16+00:00
0,0,0,0,0,0,2017-12-20 09:23:50+00:00
0,1,0,0,0,0,2017-12-20 09:24:16+00:00
0,0,0,0,0,0,2017-12-20 10:27:32+00:00
0,1,0,0,0,0,2017-12-20 10:28:09+00:00
0,1,0,0,0,0,2017-12-20 11:45:25+00:00
0,1,0,0,0,0,2017-12-20 13:10:34+00:00
0,1,0,0,1,0,2017-12-20 13:24:55+00:00
0,1,0,0,0,0,2017-12-20 13:47:19+00:00
0,0,0,0,0,0,2017-12-20 14:24:56+00:00
1,4,0,0,1,1,2017-12-20 14:58:30+00:00
0,0,0,0,0,0,2017-12-20 15:21:53+00:00
0,1,0,0,0,0,2017-12-20 15:23:11+00:00
0,1,0,0,0,0,2017-12-20 15:34:15+00:00
0,0,0,0,0,0,2017-12-20 16:15:18+00:00
0,1,0,0,0,0,2017-12-21 10:26:08+00:00
0,1,0,0,0,0,2017-12-21 10:28:01+00:00
0,2,0,0,0,0,2017-12-21 10:30:51+00:00
0,0,0,0,0,0,2017-12-21 11:44:56+00:00
0,0,0,0,0,0,2017-12-21 11:46:28+00:00
0,1,0,0,0,0,2017-12-21 15:12:00+00:00
0,1,0,0,0,0,2017-12-21 15:12:25+00:00
0,1,0,0,0,0,2017-12-21 15:13:13+00:00
0,1,0,0,0,0,2017-12-21 15:13:33+00:00
1,0,0,0,0,0,2017-12-21 15:13:51+00:00
0,1,0,0,0,0,2017-12-21 15:50:17+00:00
0,1,0,0,0,0,2017-12-21 15:50:54+00:00
1,0,0,0,0,0,2017-12-21 15:51:10+00:00
1,0,0,0,0,0,2017-12-21 15:51:27+00:00
0,1,0,0,0,0,2017-12-21 15:56:52+00:00
0,0,0,0,0,0,2018-01-03 10:09:26+00:00
0,0,0,0,0,0,2018-01-09 14:53:53+00:00
0,1,0,0,0,0,2018-01-10 11:35:34+00:00
0,1,0,0,0,0,2018-01-11 10:38:21+00:00
1,2,0,0,0,0,2018-01-29 15:01:42+00:00
1,1,0,0,0,0,2018-01-29 15:02:16+00:00
1,1,0,0,0,0,2018-01-29 15:04:59+00:00
0,2,0,0,1,0,2018-01-29 15:06:37+00:00
1,0,0,0,0,0,2018-01-29 15:06:55+00:00
0,1,0,0,0,0,2018-01-29 15:07:43+00:00
0,0,0,0,0,0,2018-01-29 15:08:36+00:00
0,2,0,0,0,0,2018-01-29 15:11:19+00:00
1,1,0,0,0,0,2018-01-30 09:13:39+00:00
6,31,2,2,1,2,2018-01-30 09:14:39+00:00
0,1,0,0,0,0,2018-01-31 14:33:07+00:00
1,5,0,0,1,1,2018-01-31 16:18:38+00:00
0,1,0,0,0,1,2018-02-01 10:52:33+00:00
5,10,0,0,1,1,2018-02-02 16:33:51+00:00
0,1,0,0,0,1,2018-02-05 14:50:16+00:00
0,0,0,0,0,0,2018-02-05 15:09:14+00:00
1,1,0,0,0,0,2018-02-05 15:16:58+00:00
1,1,0,0,0,0,2018-02-05 15:29:27+00:00
0,2,0,0,0,1,2018-02-09 14:23:42+00:00
0,1,0,0,0,0,2018-02-09 14:24:20+00:00
1,0,0,0,0,0,2018-02-09 14:26:23+00:00
0,0,0,0,0,0,2018-02-09 14:28:10+00:00
1,1,0,0,0,0,2018-02-26 09:28:06+00:00
1,1,0,0,0,0,2018-02-26 09:34:41+00:00
0,0,0,0,0,0,2018-03-01 12:11:37+00:00
1,1,0,0,0,0,2018-03-01 12:12:04+00:00
1,1,0,0,0,0,2018-03-01 12:12:23+00:00
0,0,0,0,0,0,2018-03-01 12:12:43+00:00
1,1,0,0,0,0,2018-03-06 13:11:41+00:00
0,0,0,0,0,0,2018-03-06 13:45:39+00:00
0,1,0,0,0,0,2018-03-07 11:50:43+00:00
0,0,0,0,0,0,2018-03-09 09:22:42+00:00
0,1,0,0,0,1,2018-03-09 13:48:10+00:00
0,0,0,0,0,0,2018-03-09 14:03:13+00:00
0,1,0,0,0,0,2018-03-09 14:11:05+00:00
0,1,0,0,0,0,2018-03-09 14:47:04+00:00
0,0,0,0,0,0,2018-03-09 14:47:44+00:00
0,2,0,0,0,0,2018-03-09 16:26:23+00:00
0,0,0,0,0,0,2018-03-12 12:15:24+00:00
0,0,0,0,0,0,2018-03-12 12:15:41+00:00
1,1,0,0,0,0,2018-03-13 09:50:49+00:00
0,0,0,0,0,0,2018-03-13 09:51:30+00:00
1,1,0,0,0,0,2018-03-13 10:36:26+00:00
2,3,0,0,0,0,2018-03-13 10:37:23+00:00
4,4,0,0,0,0,2018-03-13 10:57:43+00:00
0,0,0,0,0,0,2018-03-13 10:57:59+00:00
0,0,0,0,0,0,2018-03-19 11:39:14+00:00
1,3,0,0,0,0,2018-03-20 11:21:21+00:00
0,0,0,0,0,0,2018-03-20 11:22:01+00:00
0,0,0,0,0,0,2018-03-20 11:25:52+00:00
0,0,0,0,0,0,2018-03-20 11:52:57+00:00
1,1,0,0,0,0,2018-03-20 14:07:29+00:00
1,1,0,0,0,0,2018-03-20 14:14:04+00:00
0,0,0,0,0,0,2018-03-20 14:48:35+00:00
0,0,0,0,0,0,2018-03-20 15:08:21+00:00
0,1,0,0,0,0,2018-03-23 09:52:18+00:00
0,1,0,0,0,0,2018-03-23 09:56:13+00:00
1,1,0,0,0,0,2018-03-23 09:56:33+00:00
1,1,0,0,0,0,2018-03-23 10:12:59+00:00
0,1,0,0,0,0,2018-03-23 12:02:09+00:00
0,1,0,0,0,0,2018-03-23 14:05:05+00:00
0,1,0,0,0,0,2018-03-23 14:06:15+00:00
0,7,0,0,0,0,2018-03-23 14:25:59+00:00
0,0,0,0,0,0,2018-03-23 15:41:36+00:00
0,0,0,0,0,0,2018-03-23 16:39:54+00:00
0,5,0,0,0,0,2018-03-23 16:49:10+00:00
0,1,0,0,0,0,2018-03-26 10:05:16+01:00
0,2,0,0,0,0,2018-03-26 10:12:37+01:00
0,1,0,0,1,0,2018-03-26 10:14:11+01:00
0,1,0,0,0,0,2018-03-26 10:14:41+01:00
0,0,0,0,0,0,2018-03-26 10:16:28+01:00
0,1,0,0,0,0,2018-03-26 10:16:47+01:00
0,1,0,0,1,0,2018-03-26 10:14:11+01:00
0,2,0,0,0,0,2018-03-26 10:12:37+01:00
0,1,0,0,0,0,2018-03-26 11:17:04+01:00
0,1,0,0,0,0,2018-03-26 11:17:21+01:00
0,0,0,0,0,0,2018-03-26 12:16:04+01:00
0,1,0,0,0,0,2018-03-26 12:16:40+01:00
0,0,0,0,0,0,2018-03-26 12:16:54+01:00
0,0,0,0,0,0,2018-03-26 13:19:25+01:00
0,0,0,0,0,0,2018-03-26 13:19:42+01:00
0,0,0,0,0,0,2018-03-27 09:31:42+01:00
0,0,0,0,0,0,2018-03-27 09:32:27+01:00
0,2,0,0,0,1,2018-03-27 13:15:30+01:00
0,0,0,0,0,0,2018-03-27 13:19:20+01:00
4,10,0,0,1,1,2018-03-28 10:30:26+01:00
2,4,0,0,0,1,2018-03-28 15:26:34+01:00
0,1,0,0,0,1,2018-04-03 16:09:52+01:00
0,2,0,0,0,0,2018-04-03 16:10:32+01:00
2,2,0,0,0,0,2018-04-03 16:11:17+01:00
0,1,0,0,0,0,2018-04-03 16:12:01+01:00
0,1,0,0,0,0,2018-04-03 16:12:29+01:00
0,1,0,0,1,0,2018-04-03 16:13:00+01:00
0,1,0,0,0,1,2018-04-04 11:50:43+01:00
0,1,0,0,0,0,2018-04-04 11:51:17+01:00
0,1,0,0,0,0,2018-04-04 11:51:50+01:00
0,2,0,0,0,0,2018-04-04 11:53:11+01:00
1,11,1,1,1,0,2018-04-04 11:53:39+01:00
0,3,0,0,0,0,2018-04-04 22:58:18+01:00
0,1,0,0,0,1,2018-04-05 10:12:25+01:00
0,1,0,0,0,0,2018-04-05 10:13:16+01:00
0,1,0,0,1,0,2018-04-05 10:13:58+01:00
0,1,0,0,0,0,2018-04-05 10:14:10+01:00
0,1,0,0,0,0,2018-04-05 11:24:24+01:00
0,1,0,0,0,1,2018-04-05 11:24:49+01:00
0,3,1,1,0,0,2018-04-05 11:52:45+01:00
0,1,0,0,0,0,2018-04-05 11:53:10+01:00
0,1,0,0,0,0,2018-04-05 13:13:03+01:00
0,1,0,0,0,0,2018-04-05 13:13:38+01:00
0,2,0,0,1,0,2018-04-05 13:37:00+01:00
0,2,0,0,0,0,2018-04-05 14:13:33+01:00
1,1,0,0,0,0,2018-04-05 14:34:18+01:00
1,1,0,0,0,0,2018-04-05 14:34:18+01:00
0,2,0,0,0,1,2018-04-05 16:05:48+01:00
0,7,0,0,0,1,2018-04-06 10:47:53+01:00
0,4,0,0,0,0,2018-04-09 10:41:36+01:00
0,1,0,0,0,0,2018-04-09 10:42:10+01:00
0,0,0,0,0,0,2018-04-09 10:43:08+01:00
0,1,0,0,0,1,2018-04-09 10:44:01+01:00
0,2,0,0,0,0,2018-04-09 10:45:11+01:00
0,3,0,0,0,0,2018-04-09 10:45:31+01:00
0,1,0,0,0,0,2018-04-09 10:46:06+01:00
0,1,0,0,0,0,2018-04-09 10:46:28+01:00
0,1,0,0,0,0,2018-04-09 10:46:55+01:00
0,0,0,0,0,0,2018-04-09 11:33:30+01:00
0,1,0,0,0,0,2018-04-09 11:34:25+01:00
0,1,0,0,0,0,2018-04-09 11:35:03+01:00
0,0,0,0,0,0,2018-04-09 11:35:20+01:00
0,0,0,0,0,0,2018-04-09 11:53:06+01:00
0,1,0,0,0,0,2018-04-09 11:53:48+01:00
0,1,0,0,0,1,2018-04-09 11:54:21+01:00
0,0,0,0,0,0,2018-04-09 12:43:18+01:00
0,0,0,0,0,0,2018-04-09 13:13:57+01:00
1,1,0,0,0,0,2018-04-09 14:51:54+01:00
1,5,0,0,1,1,2018-04-09 15:10:42+01:00
0,1,0,0,0,0,2018-04-09 15:36:29+01:00
0,3,0,0,0,0,2018-04-09 16:08:20+01:00
1,3,0,0,0,1,2018-04-09 22:13:58+01:00
0,0,0,0,0,0,2018-04-10 09:27:28+01:00
0,1,0,0,0,1,2018-04-10 09:27:51+01:00
0,1,0,0,0,1,2018-04-10 09:37:25+01:00
7,25,2,2,1,2,2018-04-10 10:14:19+01:00
0,0,0,0,0,0,2018-04-10 10:48:31+01:00
0,1,0,0,0,1,2018-04-10 14:20:32+01:00
0,1,0,0,0,0,2018-04-10 14:30:01+01:00
1,2,1,1,0,0,2018-04-10 14:30:57+01:00
0,0,0,0,0,0,2018-04-11 09:51:21+01:00
0,0,0,0,0,0,2018-04-11 09:51:48+01:00
0,0,0,0,0,0,2018-04-11 09:52:08+01:00
3,3,0,0,0,0,2018-04-11 10:30:00+01:00
1,2,0,0,0,0,2018-04-11 11:39:41+01:00
1,2,0,0,0,0,2018-04-11 11:39:41+01:00
4,4,0,0,0,0,2018-04-11 12:56:32+01:00
0,4,1,1,0,0,2018-04-11 14:10:09+01:00
0,1,1,1,0,0,2018-04-12 08:58:04+01:00
0,1,0,0,0,0,2018-04-12 09:00:12+01:00
1,1,0,0,0,0,2018-04-12 15:57:25+01:00
0,3,1,1,0,1,2018-04-12 15:58:28+01:00
0,1,0,0,0,0,2018-04-12 15:58:51+01:00
0,1,1,1,0,0,2018-04-12 15:59:48+01:00
0,1,0,0,0,0,2018-04-12 16:00:34+01:00
0,1,0,0,0,0,2018-04-12 16:00:58+01:00
0,1,0,0,0,1,2018-04-13 15:35:11+01:00
0,0,0,0,0,0,2018-04-13 15:35:43+01:00
0,1,1,0,0,0,2018-04-16 09:27:57+01:00
0,1,1,0,0,0,2018-04-16 09:28:44+01:00
0,2,0,0,0,1,2018-04-16 09:29:18+01:00
0,1,0,0,0,0,2018-04-16 09:45:55+01:00
0,1,0,0,0,0,2018-04-16 11:20:12+01:00
0,3,0,0,0,1,2018-04-16 12:59:19+01:00
0,1,0,0,0,0,2018-04-17 11:32:07+01:00
0,1,0,0,0,0,2018-04-17 12:06:20+01:00
0,1,0,0,0,0,2018-04-18 11:52:35+01:00
0,1,0,0,0,0,2018-04-18 11:54:14+01:00
0,1,0,0,0,0,2018-04-18 11:54:45+01:00
5,5,0,0,0,0,2018-04-19 10:47:48+01:00
0,0,0,0,0,0,2018-04-19 10:48:20+01:00
0,1,0,0,0,0,2018-04-19 10:51:21+01:00
0,0,0,0,0,0,2018-04-19 11:02:17+01:00
0,5,0,0,0,0,2018-04-19 11:18:35+01:00
0,5,0,0,0,0,2018-04-19 11:18:35+01:00
0,2,0,0,0,0,2018-04-19 11:31:27+01:00
1,1,0,0,0,0,2018-04-20 09:26:39+01:00
1,1,0,0,0,0,2018-04-20 16:29:37+01:00
0,2,0,0,0,0,2018-04-20 16:30:06+01:00
0,0,0,0,0,0,2018-04-20 16:30:28+01:00
0,1,0,0,0,0,2018-04-20 16:31:03+01:00
1,1,0,0,0,0,2018-04-23 11:41:09+01:00
0,0,0,0,0,0,2018-04-23 11:41:54+01:00
0,0,0,0,0,0,2018-04-23 11:42:22+01:00
0,1,1,1,0,0,2018-04-23 11:42:57+01:00
0,0,0,0,0,0,2018-04-23 11:43:40+01:00
0,1,0,0,0,0,2018-04-23 11:44:12+01:00
1,6,0,0,1,1,2018-04-23 14:39:13+01:00
0,1,0,0,0,0,2018-04-23 14:43:48+01:00
0,1,0,0,0,1,2018-04-23 15:19:30+01:00
0,1,0,0,1,0,2018-04-23 15:31:04+01:00
0,1,0,0,0,0,2018-04-24 09:52:41+01:00
0,2,0,0,1,0,2018-04-24 10:00:05+01:00
0,0,0,0,0,0,2018-04-24 10:00:39+01:00
1,2,0,0,0,0,2018-04-24 15:53:05+01:00
1,1,0,0,0,0,2018-04-24 15:55:38+01:00
0,1,0,0,0,0,2018-04-24 15:55:58+01:00
0,1,0,0,0,1,2018-04-24 16:08:42+01:00
2,2,0,0,0,0,2018-04-25 11:55:09+01:00
0,1,0,0,0,0,2018-04-25 11:59:02+01:00
0,1,0,0,0,0,2018-04-25 12:02:20+01:00
0,4,2,2,0,1,2018-04-25 12:08:22+01:00
0,0,0,0,0,0,2018-04-25 12:08:56+01:00
2,2,0,0,0,0,2018-04-25 11:55:09+01:00
1,1,0,0,0,0,2018-04-25 14:01:55+01:00
0,1,0,0,0,0,2018-04-25 14:02:24+01:00
0,1,0,0,0,1,2018-04-25 14:02:51+01:00
2,2,0,0,0,0,2018-04-25 14:13:38+01:00
2,2,0,0,0,0,2018-04-25 14:13:38+01:00
1,1,0,0,0,0,2018-04-25 14:34:06+01:00
0,0,0,0,0,0,2018-04-25 14:50:41+01:00
0,1,0,0,0,0,2018-04-25 15:32:03+01:00
0,0,0,0,0,0,2018-04-26 09:09:22+01:00
0,0,0,0,0,0,2018-04-26 09:17:01+01:00
0,1,0,0,0,0,2018-04-26 11:52:09+01:00
3,11,1,1,1,0,2018-04-27 14:19:58+01:00
0,1,0,0,0,0,2018-04-27 15:15:15+01:00
0,0,0,0,0,0,2018-04-27 15:15:26+01:00
0,0,0,0,0,0,2018-04-27 16:25:17+01:00
1,1,0,0,0,0,2018-04-30 15:17:04+01:00
1,1,0,0,0,0,2018-05-01 16:18:26+01:00
0,0,0,0,0,0,2018-05-01 16:19:04+01:00
0,0,0,0,0,0,2018-05-01 16:19:36+01:00
1,1,0,0,0,0,2018-05-01 16:19:49+01:00
0,2,0,0,0,0,2018-05-01 16:25:39+01:00
0,0,0,0,0,0,2018-05-02 14:17:16+01:00
0,1,0,0,0,1,2018-05-02 14:58:39+01:00
0,0,0,0,0,0,2018-05-03 14:09:56+01:00
1,1,0,0,0,0,2018-05-03 14:10:37+01:00
0,1,0,0,0,0,2018-05-03 14:11:54+01:00
0,1,0,0,0,1,2018-05-03 15:02:13+01:00
0,1,0,0,0,0,2018-05-03 15:16:08+01:00
0,1,0,0,0,0,2018-05-11 16:31:37+01:00
1,1,0,0,0,0,2018-05-11 16:31:52+01:00
0,1,0,0,0,1,2018-05-11 16:32:27+01:00
1,1,0,0,0,0,2018-05-11 16:33:56+01:00
0,0,0,0,0,0,2018-05-14 11:39:15+01:00
2,3,0,0,0,0,2018-05-14 14:42:57+01:00
0,0,0,0,0,0,2018-05-15 13:51:54+01:00
3,3,0,0,0,0,2018-05-15 14:20:12+01:00
0,0,0,0,0,0,2018-05-15 14:22:08+01:00
0,0,0,0,0,0,2018-05-15 14:23:03+01:00
3,3,0,0,0,0,2018-05-15 14:20:12+01:00
0,2,0,0,0,1,2018-05-15 14:49:26+01:00
0,1,0,0,0,0,2018-05-15 15:06:07+01:00
0,0,0,0,0,0,2018-05-15 15:14:36+01:00
0,0,0,0,0,0,2018-05-15 15:14:50+01:00
0,0,0,0,0,0,2018-05-15 15:17:20+01:00
0,0,0,0,0,0,2018-05-15 15:56:13+01:00
0,0,0,0,0,0,2018-05-15 16:03:04+01:00
1,1,0,0,0,0,2018-05-15 16:03:33+01:00
2,2,0,0,0,0,2018-05-17 14:39:42+01:00
1,1,0,0,0,0,2018-05-17 14:40:22+01:00
0,1,0,0,0,0,2018-05-17 14:40:46+01:00
1,1,0,0,0,0,2018-05-17 14:41:22+01:00
0,0,0,0,0,0,2018-05-17 14:41:57+01:00
2,2,0,0,0,0,2018-05-17 15:32:15+01:00
0,0,0,0,0,0,2018-05-18 11:27:55+01:00
0,1,0,0,1,0,2018-05-18 11:28:58+01:00
0,2,0,0,0,0,2018-05-18 11:29:47+01:00
1,1,0,0,0,0,2018-05-18 11:30:22+01:00
0,0,0,0,0,0,2018-05-18 11:30:49+01:00
0,0,0,0,0,0,2018-05-18 11:31:07+01:00
1,1,0,0,0,0,2018-05-18 11:31:46+01:00
1,1,0,0,0,0,2018-05-18 11:34:13+01:00
0,0,0,0,0,0,2018-05-18 11:46:25+01:00
0,0,0,0,0,0,2018-05-18 11:46:42+01:00
0,0,0,0,0,0,2018-05-18 11:46:59+01:00
0,0,0,0,0,0,2018-05-21 08:44:51+01:00
0,0,0,0,0,0,2018-05-21 15:30:19+01:00
0,0,0,0,0,0,2018-05-21 15:30:44+01:00
2,2,0,0,0,0,2018-05-22 10:27:22+01:00
0,0,0,0,0,0,2018-05-22 11:37:33+01:00
0,1,0,0,0,0,2018-05-22 15:28:57+01:00
0,0,0,0,0,0,2018-05-22 15:29:16+01:00
0,2,0,0,0,0,2018-05-22 15:29:53+01:00
0,0,0,0,0,0,2018-05-23 13:37:31+01:00
1,2,0,0,0,0,2018-05-23 13:38:26+01:00
0,2,0,0,0,0,2018-05-23 13:39:18+01:00
1,1,0,0,0,0,2018-05-24 14:06:55+01:00
0,1,0,0,0,0,2018-05-24 14:07:15+01:00
0,0,0,0,0,0,2018-05-24 14:46:09+01:00
0,0,0,0,0,0,2018-05-24 14:47:34+01:00
0,0,0,0,0,0,2018-05-24 14:48:37+01:00
0,1,0,0,0,0,2018-05-25 13:43:11+01:00
1,1,0,0,0,0,2018-05-25 13:44:51+01:00
0,0,0,0,0,0,2018-05-25 13:45:28+01:00
0,0,0,0,0,0,2018-05-25 13:45:53+01:00
2,2,0,0,0,0,2018-05-25 14:14:19+01:00
0,0,0,0,0,0,2018-05-25 14:15:11+01:00
1,1,0,0,0,0,2018-06-04 11:19:24+01:00
0,0,0,0,0,0,2018-06-04 12:33:27+01:00
0,0,0,0,0,0,2018-06-04 12:34:57+01:00
0,0,0,0,0,0,2018-06-04 13:01:43+01:00
2,2,0,0,0,0,2018-06-04 15:34:32+01:00
0,0,0,0,0,0,2018-06-06 11:41:48+01:00
0,0,0,0,0,0,2018-06-06 11:42:45+01:00
0,0,0,0,0,0,2018-06-07 13:22:26+01:00
1,1,0,0,0,0,2018-06-07 13:22:52+01:00
1,1,0,0,0,0,2018-06-07 13:23:26+01:00
1,1,0,0,0,0,2018-06-07 13:24:03+01:00
0,1,0,0,0,0,2018-06-07 13:24:40+01:00
0,1,0,0,0,0,2018-06-07 13:26:07+01:00
0,0,0,0,0,0,2018-06-07 13:36:01+01:00
0,0,0,0,0,0,2018-06-07 13:40:31+01:00
0,0,0,0,0,0,2018-06-08 09:56:47+01:00
0,0,0,0,0,0,2018-06-08 09:57:40+01:00
0,0,0,0,0,0,2018-06-11 15:40:29+01:00
0,1,0,0,0,0,2018-06-14 12:00:03+01:00
0,1,0,0,0,0,2018-06-14 13:05:41+01:00
0,0,0,0,0,0,2018-06-14 13:20:29+01:00
0,1,0,0,0,0,2018-06-14 13:32:22+01:00
0,1,0,0,0,0,2018-06-15 13:00:35+01:00
0,1,0,0,0,0,2018-06-15 15:04:23+01:00
0,1,0,0,0,0,2018-06-19 13:24:29+01:00
0,1,0,0,1,0,2018-06-19 13:28:35+01:00
0,1,0,0,0,0,2018-06-19 14:16:09+01:00
0,1,0,0,0,0,2018-06-19 14:19:32+01:00
0,1,0,0,0,0,2018-06-19 14:26:06+01:00
0,1,0,0,1,0,2018-06-19 13:28:35+01:00
0,1,0,0,0,0,2018-06-19 13:24:29+01:00
0,0,0,0,0,0,2018-06-19 14:29:49+01:00
0,0,0,0,0,0,2018-06-19 14:54:52+01:00
0,0,0,0,0,0,2018-06-19 15:01:48+01:00
0,1,0,0,0,0,2018-06-20 10:24:12+01:00
0,1,0,0,0,0,2018-06-20 10:33:24+01:00
0,0,0,0,0,0,2018-06-20 10:39:21+01:00
1,1,1,0,0,0,2018-06-20 11:00:24+01:00
0,0,0,0,0,0,2018-06-21 13:52:30+01:00
0,1,0,0,0,0,2018-06-22 14:54:12+01:00
0,1,0,0,0,1,2018-06-22 15:08:10+01:00
0,1,0,0,0,0,2018-06-22 15:19:41+01:00
2,2,0,0,0,0,2018-06-22 16:20:56+01:00
1,1,0,0,0,0,2018-06-25 12:57:26+01:00
1,1,0,0,0,0,2018-06-25 13:21:17+01:00
1,1,0,0,0,0,2018-06-25 13:21:34+01:00
1,1,0,0,0,0,2018-06-25 14:01:08+01:00
5,21,1,1,1,2,2018-06-26 11:26:16+01:00
0,1,0,0,0,0,2018-06-26 11:31:02+01:00
0,2,1,1,0,1,2018-06-26 15:27:17+01:00
4,15,1,1,0,1,2018-06-26 15:27:39+01:00
0,1,0,0,0,1,2018-06-26 15:57:52+01:00
0,0,0,0,0,0,2018-06-26 15:58:20+01:00
1,2,0,0,0,0,2018-06-26 15:58:35+01:00
2,11,0,0,1,0,2018-06-26 16:20:37+01:00
0,0,0,0,0,0,2018-06-29 16:15:03+01:00
0,1,0,0,0,0,2018-06-29 16:15:33+01:00
0,1,0,0,0,0,2018-07-12 11:38:20+01:00
0,1,0,0,0,0,2018-07-13 10:40:57+01:00
1,1,0,0,0,0,2018-07-13 11:59:45+01:00
0,0,0,0,0,0,2018-07-13 12:57:49+01:00
0,1,0,0,0,0,2018-07-17 09:56:32+01:00
1,1,0,0,0,0,2018-07-17 11:36:43+01:00
0,1,0,0,0,0,2018-07-17 13:40:06+01:00
0,1,0,0,0,0,2018-07-18 12:28:01+01:00
0,1,0,0,0,0,2018-07-18 12:39:23+01:00
0,1,0,0,0,1,2018-07-18 12:39:38+01:00
0,1,0,0,0,0,2018-07-18 12:40:30+01:00
1,1,0,0,0,0,2018-07-18 12:41:19+01:00
0,1,0,0,0,0,2018-07-19 10:16:32+01:00
1,2,0,0,0,1,2018-07-19 10:17:45+01:00
0,1,0,0,0,0,2018-07-19 10:18:21+01:00
0,1,0,0,0,0,2018-07-19 14:18:39+01:00
0,1,0,0,0,0,2018-07-19 14:19:01+01:00
0,0,0,0,0,0,2018-07-19 14:37:35+01:00
0,1,0,0,0,0,2018-07-19 15:53:33+01:00
0,0,0,0,0,0,2018-07-19 15:54:08+01:00
0,2,0,0,0,0,2018-07-20 15:40:58+01:00
1,5,0,0,1,0,2018-07-20 15:42:49+01:00
0,0,0,0,0,0,2018-07-20 15:43:17+01:00
0,0,0,0,0,0,2018-07-23 14:08:03+01:00
0,1,0,0,0,0,2018-07-23 14:08:51+01:00
0,1,0,0,0,0,2018-07-23 14:09:20+01:00
0,0,0,0,0,0,2018-07-23 14:10:09+01:00
1,1,0,0,0,0,2018-07-23 14:11:08+01:00
0,1,0,0,0,1,2018-07-31 13:41:22+01:00
0,1,0,0,0,0,2018-08-15 15:08:12+01:00
0,1,0,0,0,0,2018-08-15 15:08:46+01:00
0,1,0,0,0,0,2018-08-15 15:09:05+01:00
0,0,0,0,0,0,2018-08-20 08:45:22+01:00
0,0,0,0,0,0,2018-08-20 08:51:27+01:00
0,2,0,0,0,0,2018-08-20 12:28:41+01:00
0,0,0,0,0,0,2018-08-20 13:22:07+01:00
0,0,0,0,0,0,2018-09-05 11:54:49+01:00
0,0,0,0,0,0,2018-09-05 11:57:05+01:00
0,2,0,0,0,0,2018-09-07 14:55:57+01:00
1,2,0,0,0,0,2018-09-11 10:09:52+01:00
5,17,1,1,0,1,2018-09-11 10:52:57+01:00
2,18,1,1,1,0,2018-09-11 11:22:54+01:00
2,11,0,0,1,0,2018-09-11 11:57:19+01:00
0,3,0,0,0,0,2018-09-11 14:16:04+01:00
1,1,0,0,0,0,2018-09-11 14:16:27+01:00
0,1,0,0,0,1,2018-09-11 14:16:55+01:00
0,4,0,0,1,0,2018-09-11 14:17:41+01:00
0,3,0,0,0,0,2018-09-11 15:02:50+01:00
0,1,0,0,0,1,2018-09-28 15:54:55+01:00
1,1,0,0,0,0,2018-09-28 15:55:30+01:00
0,1,0,0,1,0,2018-09-28 16:03:30+01:00
1,1,0,0,0,0,2018-09-28 16:04:27+01:00
0,0,0,0,0,0,2018-09-28 16:05:20+01:00
0,1,0,0,0,0,2018-09-28 16:05:49+01:00
0,1,0,0,0,0,2018-09-28 16:06:05+01:00
1,1,0,0,0,0,2018-09-28 16:06:39+01:00
0,1,0,0,0,0,2018-09-28 16:07:51+01:00
0,3,0,0,0,1,2018-10-09 13:46:31+01:00
0,0,0,0,0,0,2018-10-15 14:12:50+01:00
0,1,0,0,0,0,2018-10-15 16:10:21+01:00
0,1,0,0,0,0,2018-10-15 22:43:35+01:00
1,1,0,0,0,0,2018-10-16 16:07:48+01:00
0,0,0,0,0,0,2018-10-16 19:38:18+01:00
1,0,0,0,0,0,2018-10-19 15:43:22+01:00
0,0,0,0,0,0,2018-10-31 13:28:26+00:00
0,1,0,0,0,0,2018-11-01 15:29:18+00:00
1,1,0,0,0,0,2018-11-01 15:29:36+00:00
1,1,0,0,0,0,2018-11-01 15:30:07+00:00
0,1,0,0,0,0,2018-11-02 11:30:23+00:00
0,1,0,0,0,0,2018-11-06 15:35:14+00:00
1,1,0,0,0,0,2018-11-06 15:35:38+00:00
0,1,0,0,0,0,2018-11-06 15:35:56+00:00
1,2,0,0,0,0,2018-11-07 08:16:03+00:00
0,0,0,0,0,0,2018-11-07 08:16:25+00:00
0,0,0,0,0,0,2018-11-07 09:25:02+00:00
0,1,0,0,0,0,2018-11-07 20:03:45+00:00
0,2,0,0,0,0,2018-11-08 14:42:27+00:00
0,1,0,0,0,0,2018-11-08 14:43:55+00:00
0,1,0,0,0,0,2018-11-08 14:44:41+00:00
1,1,0,0,0,0,2018-11-08 14:45:19+00:00
0,0,0,0,0,0,2018-11-08 14:49:16+00:00
0,1,0,0,0,0,2018-11-09 12:58:52+00:00
1,1,0,0,0,0,2018-11-09 13:00:19+00:00
2,6,1,1,0,0,2018-11-09 15:02:53+00:00
0,1,0,0,0,1,2018-11-14 14:21:59+00:00
0,2,0,0,1,0,2018-11-15 11:56:17+00:00
1,1,0,0,0,0,2018-11-16 11:01:36+00:00
0,1,0,0,0,1,2018-11-16 11:02:07+00:00
0,1,0,0,0,0,2018-11-16 11:02:31+00:00
1,1,0,0,0,0,2018-11-16 11:03:23+00:00
0,1,0,0,0,0,2018-11-16 11:03:43+00:00
0,1,0,0,0,0,2018-11-16 11:04:40+00:00
0,4,0,0,1,0,2018-11-16 11:18:53+00:00
1,1,0,0,0,0,2018-11-16 11:32:30+00:00
1,1,0,0,0,0,2018-11-16 15:16:48+00:00
0,3,0,0,0,0,2018-11-16 15:18:11+00:00
0,5,0,0,1,0,2018-11-16 15:18:35+00:00
0,3,0,0,0,1,2018-11-19 11:23:16+00:00
0,3,0,0,0,0,2018-11-19 15:49:24+00:00
0,0,0,0,0,0,2018-11-19 15:52:39+00:00
3,5,0,0,0,1,2018-11-19 20:45:34+00:00
0,0,0,0,0,0,2018-11-20 08:21:07+00:00
0,2,0,0,0,0,2018-11-20 15:37:08+00:00
1,1,0,0,0,0,2018-11-20 15:37:25+00:00
0,1,0,0,0,0,2018-11-20 15:37:51+00:00
0,2,0,0,1,0,2018-11-20 15:38:33+00:00
0,0,0,0,0,0,2018-11-20 15:38:48+00:00
0,2,0,0,0,1,2018-11-22 09:59:15+00:00
0,1,0,0,0,0,2018-11-22 15:28:23+00:00
1,1,0,0,0,0,2018-11-22 15:28:40+00:00
0,3,0,0,0,0,2018-11-22 15:29:01+00:00
0,0,0,0,0,0,2018-11-22 15:29:24+00:00
0,1,0,0,0,0,2018-11-22 20:18:39+00:00
0,1,0,0,0,0,2018-11-23 07:46:43+00:00
0,1,0,0,0,0,2018-11-23 07:47:35+00:00
1,1,0,0,0,0,2018-11-23 07:48:43+00:00
0,1,0,0,0,0,2018-11-25 19:36:27+00:00
0,2,0,0,1,0,2018-11-25 19:36:46+00:00
0,1,0,0,0,0,2018-11-26 15:18:00+00:00
0,0,0,0,0,0,2018-11-26 15:18:36+00:00
0,2,0,0,0,0,2018-11-26 15:19:10+00:00
0,2,0,0,0,0,2018-11-26 15:19:38+00:00
0,1,0,0,0,0,2018-11-27 15:57:24+00:00
0,2,0,0,0,0,2018-11-27 15:58:15+00:00
0,0,0,0,0,0,2018-11-27 15:58:43+00:00
1,1,0,0,0,0,2018-11-27 15:58:55+00:00
0,1,0,0,0,0,2018-11-27 15:59:11+00:00
0,1,0,0,0,0,2018-11-28 16:22:50+00:00
0,1,0,0,0,1,2018-11-28 16:23:05+00:00
0,3,0,0,0,0,2018-11-28 16:23:27+00:00
1,1,0,0,0,0,2018-11-29 14:34:23+00:00
0,1,0,0,0,1,2018-11-29 14:34:42+00:00
0,2,0,0,0,0,2018-11-29 14:35:49+00:00
1,1,0,0,0,0,2018-11-30 10:15:15+00:00
1,1,0,0,0,0,2018-11-30 10:15:39+00:00
0,2,0,0,1,0,2018-11-30 14:30:34+00:00
0,0,0,0,0,0,2018-11-30 14:32:18+00:00
0,1,0,0,0,0,2018-11-30 14:33:01+00:00
0,1,0,0,0,0,2018-11-30 14:34:15+00:00
0,1,0,0,0,0,2018-11-30 14:34:34+00:00
0,1,0,0,0,0,2018-11-30 15:14:39+00:00
0,1,0,0,0,1,2018-12-03 15:33:53+00:00
0,0,0,0,0,0,2018-12-03 15:34:24+00:00
0,0,0,0,0,0,2018-12-03 15:34:50+00:00
1,9,1,1,1,0,2018-12-03 15:38:27+00:00
0,1,0,0,0,0,2018-12-03 15:39:36+00:00
0,0,0,0,0,0,2018-12-03 15:40:06+00:00
0,0,0,0,0,0,2018-12-03 15:40:28+00:00
0,0,0,0,0,0,2018-12-07 13:32:33+00:00
0,1,0,0,0,1,2018-12-07 13:57:30+00:00
2,2,0,0,0,0,2018-12-07 13:57:58+00:00
0,0,0,0,0,0,2018-12-07 13:58:21+00:00
0,1,0,0,0,0,2018-12-11 12:52:14+00:00
0,0,0,0,0,0,2018-12-11 12:52:48+00:00
0,1,0,0,0,0,2018-12-11 12:53:28+00:00
0,1,0,0,0,1,2018-12-21 15:04:11+00:00
0,0,0,0,0,0,2018-12-21 15:08:58+00:00
0,3,0,0,1,0,2018-12-21 15:09:31+00:00
0,2,0,0,0,0,2018-12-21 15:10:33+00:00
0,2,0,0,0,0,2018-12-21 15:11:23+00:00
0,1,0,0,0,0,2018-12-21 15:12:03+00:00
1,1,0,0,0,0,2018-12-21 15:12:41+00:00
0,2,0,0,0,0,2018-12-21 15:13:16+00:00
0,1,0,0,0,0,2018-12-21 15:13:52+00:00
0,1,0,0,0,1,2018-12-21 15:43:31+00:00
1,1,0,0,0,0,2019-01-04 10:47:07+00:00
1,1,0,0,0,0,2019-01-09 13:59:00+00:00
0,2,0,0,0,1,2019-01-10 15:00:18+00:00
0,1,0,0,0,1,2019-01-10 22:03:26+00:00
0,1,0,0,0,1,2019-01-11 14:55:09+00:00
0,0,0,0,0,0,2019-01-11 15:24:36+00:00
0,1,0,0,0,0,2019-01-11 15:25:05+00:00
0,1,0,0,0,0,2019-01-11 15:25:34+00:00
0,0,0,0,0,0,2019-01-11 15:25:56+00:00
1,1,0,0,0,0,2019-01-11 15:26:19+00:00
0,2,0,0,0,0,2019-01-16 16:14:49+00:00
1,1,0,0,0,0,2019-01-16 16:23:15+00:00
0,0,0,0,0,0,2019-01-17 11:32:55+00:00
0,0,0,0,0,0,2019-01-17 11:33:35+00:00
0,0,0,0,0,0,2019-01-17 11:34:12+00:00
0,2,0,0,0,0,2019-01-17 11:42:04+00:00
1,1,0,0,0,0,2019-01-17 12:54:10+00:00
0,1,0,0,0,0,2019-01-21 09:37:55+00:00
0,0,0,0,0,0,2019-01-21 09:38:35+00:00
1,1,0,0,0,0,2019-01-21 10:42:42+00:00
2,2,0,0,0,0,2019-01-21 10:43:51+00:00
0,1,0,0,0,0,2019-01-21 10:54:56+00:00
0,0,0,0,0,0,2019-01-22 11:02:49+00:00
0,0,0,0,0,0,2019-01-22 11:04:41+00:00
0,1,0,0,0,0,2019-01-23 11:13:16+00:00
1,1,0,0,0,0,2019-01-23 13:38:05+00:00
0,1,0,0,0,0,2019-01-24 12:52:39+00:00
0,0,0,0,0,0,2019-01-28 09:32:44+00:00
0,0,0,0,0,0,2019-01-28 09:37:00+00:00
1,1,1,0,0,0,2019-01-28 09:37:19+00:00
0,0,0,0,0,0,2019-01-28 09:37:43+00:00
0,0,0,0,0,0,2019-01-28 09:37:53+00:00
0,0,0,0,0,0,2019-01-28 09:38:23+00:00
1,2,0,0,0,0,2019-01-28 15:50:44+00:00
1,1,1,0,0,0,2019-01-28 15:51:47+00:00
0,0,0,0,0,0,2019-01-28 15:53:21+00:00
1,1,0,0,0,0,2019-01-30 09:58:29+00:00
0,1,0,0,0,0,2019-01-30 11:14:35+00:00
1,1,0,0,0,0,2019-01-30 11:15:13+00:00
0,1,0,0,0,0,2019-01-30 11:49:32+00:00
0,1,0,0,0,0,2019-01-30 11:53:15+00:00
0,0,0,0,0,0,2019-01-30 12:09:49+00:00
0,1,0,0,0,0,2019-01-30 15:46:22+00:00
1,1,0,0,0,0,2019-01-30 15:47:08+00:00
0,1,0,0,0,0,2019-01-31 10:21:44+00:00
0,3,0,0,0,0,2019-01-31 10:22:27+00:00
1,1,0,0,0,0,2019-01-31 10:34:38+00:00
4,4,0,0,0,0,2019-01-31 12:12:03+00:00
0,0,0,0,0,0,2019-01-31 13:07:10+00:00
0,0,0,0,0,0,2019-01-31 13:13:23+00:00
1,0,0,0,0,0,2019-01-25 09:20:25+00:00
0,0,0,0,0,0,2019-01-25 09:21:08+00:00
1,0,0,0,0,0,2019-01-31 14:11:38+00:00
0,0,0,0,0,0,2019-01-31 14:12:25+00:00
0,0,0,0,0,0,2019-01-31 14:17:37+00:00
0,0,0,0,0,0,2019-01-31 14:32:24+00:00
0,0,0,0,0,0,2019-01-31 14:34:43+00:00
0,0,0,0,0,0,2019-01-31 14:42:54+00:00
0,0,0,0,0,0,2019-01-31 14:45:21+00:00
0,0,0,0,0,0,2019-01-31 14:46:33+00:00
0,0,0,0,0,0,2019-01-31 14:47:43+00:00
0,0,0,0,0,0,2019-01-31 14:48:11+00:00
0,0,0,0,0,0,2019-01-31 14:49:40+00:00
0,0,0,0,0,0,2019-01-31 14:50:34+00:00
0,1,0,0,0,0,2019-01-31 14:54:40+00:00
0,0,0,0,0,0,2019-01-31 14:55:19+00:00
3,1,1,0,0,0,2019-01-31 15:54:46+00:00
0,1,0,0,0,0,2019-02-01 14:39:31+00:00
0,1,0,0,0,0,2019-02-01 14:41:00+00:00
0,0,0,0,0,0,2019-02-01 15:19:14+00:00
0,0,0,0,0,0,2019-02-01 15:19:51+00:00
0,1,0,0,0,0,2019-02-01 16:06:19+00:00
1,3,0,0,1,0,2019-02-04 13:33:11+00:00
0,0,0,0,0,0,2019-02-04 13:38:43+00:00
1,1,0,0,0,0,2019-02-04 15:07:14+00:00
0,0,0,0,0,0,2019-02-04 15:26:22+00:00
0,0,0,0,0,0,2019-02-04 15:26:50+00:00
0,0,0,0,0,0,2019-02-04 15:48:04+00:00
1,1,1,0,0,0,2019-02-04 15:48:26+00:00
0,1,0,0,0,0,2019-02-05 09:52:39+00:00
0,0,0,0,0,0,2019-02-05 09:52:50+00:00
0,0,0,0,0,0,2019-02-05 10:14:35+00:00
0,0,0,0,0,0,2019-02-05 10:29:32+00:00
0,0,0,0,0,0,2019-02-05 10:32:58+00:00
0,0,0,0,0,0,2019-02-05 13:30:09+00:00
1,1,0,0,0,0,2019-02-05 13:47:36+00:00
1,1,1,0,0,0,2019-02-05 13:50:48+00:00
0,0,0,0,0,0,2019-02-05 13:51:10+00:00
0,0,0,0,0,0,2019-02-05 14:21:07+00:00
0,0,0,0,0,0,2019-02-05 14:22:54+00:00
0,0,0,0,0,0,2019-02-05 14:26:34+00:00
0,0,0,0,0,0,2019-02-05 15:09:59+00:00
0,0,0,0,0,0,2019-02-05 15:10:17+00:00
0,0,0,0,0,0,2019-02-05 15:10:32+00:00
0,0,0,0,0,0,2019-02-06 09:51:33+00:00
0,0,0,0,0,0,2019-02-06 09:52:47+00:00
0,0,0,0,0,0,2019-02-06 10:54:40+00:00
1,1,1,0,0,0,2019-02-06 14:54:34+00:00
0,0,0,0,0,0,2019-02-06 14:55:02+00:00
0,0,0,0,0,0,2019-02-06 15:37:53+00:00
0,0,0,0,0,0,2019-02-06 15:52:38+00:00
0,0,0,0,0,0,2019-02-07 11:23:17+00:00
0,0,0,0,0,0,2019-02-07 12:44:44+00:00
3,5,0,0,1,0,2019-02-07 13:55:30+00:00
0,0,0,0,0,0,2019-02-11 16:09:07+00:00
0,1,0,0,0,0,2019-02-12 09:52:26+00:00
0,0,0,0,0,0,2019-02-12 09:54:43+00:00
0,0,0,0,0,0,2019-02-12 09:55:16+00:00
0,1,0,0,0,0,2019-02-12 09:56:14+00:00
0,0,0,0,0,0,2019-02-12 10:52:19+00:00
0,0,0,0,0,0,2019-02-12 12:40:58+00:00
0,0,0,0,0,0,2019-02-15 13:49:07+00:00
0,0,0,0,0,0,2019-02-15 13:51:46+00:00
0,0,0,0,0,0,2019-02-15 14:00:24+00:00
0,0,0,0,0,0,2019-02-15 14:03:13+00:00
0,0,0,0,0,0,2019-02-15 15:54:02+00:00
0,0,0,0,0,0,2019-02-15 15:58:40+00:00
0,0,0,0,0,0,2019-02-25 12:14:40+00:00
1,1,0,0,0,0,2019-02-25 14:10:21+00:00
0,0,0,0,0,0,2019-02-25 14:10:55+00:00
0,0,0,0,0,0,2019-02-25 15:08:58+00:00
0,0,0,0,0,0,2019-02-25 15:13:58+00:00
0,0,0,0,0,0,2019-02-25 15:17:11+00:00
0,1,0,0,0,0,2019-02-26 13:14:23+00:00
2,2,0,0,0,0,2019-02-26 13:16:21+00:00
0,0,0,0,0,0,2019-02-26 13:16:50+00:00
0,1,0,0,0,0,2019-02-26 13:44:51+00:00
0,1,0,0,0,0,2019-02-26 15:31:38+00:00
0,0,0,0,0,0,2019-02-26 15:34:45+00:00
0,0,0,0,0,0,2019-02-26 15:36:41+00:00
1,1,0,0,0,0,2019-02-26 15:58:48+00:00
0,0,0,0,0,0,2019-02-27 11:49:00+00:00
0,0,0,0,0,0,2019-02-27 11:56:11+00:00
0,0,0,0,0,0,2019-02-27 11:58:36+00:00
0,0,0,0,0,0,2019-02-28 11:13:43+00:00
0,0,0,0,0,0,2019-02-28 11:15:12+00:00
0,0,0,0,0,0,2019-02-28 13:05:35+00:00
1,1,0,0,0,0,2019-02-28 13:30:52+00:00
0,0,0,0,0,0,2019-02-28 13:31:14+00:00
1,1,0,0,0,0,2019-02-28 13:34:00+00:00
7,28,0,0,1,1,2019-02-28 14:41:43+00:00
1,3,1,0,0,0,2019-02-28 20:14:53+00:00
0,1,0,0,0,0,2019-03-01 15:44:38+00:00
1,4,1,0,0,0,2019-03-01 15:49:44+00:00
0,1,0,0,0,0,2019-03-01 15:59:04+00:00
1,2,0,0,1,0,2019-03-04 10:43:46+00:00
0,3,1,0,0,0,2019-03-04 13:30:08+00:00
0,0,0,0,0,0,2019-03-04 13:46:51+00:00
0,0,0,0,0,0,2019-03-04 15:45:58+00:00
0,0,0,0,0,0,2019-03-05 09:44:22+00:00
0,0,0,0,0,0,2019-03-05 09:46:21+00:00
0,0,0,0,0,0,2019-03-05 10:24:05+00:00
0,0,0,0,0,0,2019-03-05 10:33:21+00:00
0,0,0,0,0,0,2019-03-05 10:45:59+00:00
1,1,0,0,0,0,2019-03-05 13:38:59+00:00
1,5,0,0,0,0,2019-03-05 13:39:24+00:00
0,1,0,0,0,0,2019-03-05 13:40:15+00:00
0,0,0,0,0,0,2019-03-06 13:39:17+00:00
0,0,0,0,0,0,2019-03-06 13:39:40+00:00
0,0,0,0,0,0,2019-03-06 13:40:02+00:00
0,0,0,0,0,0,2019-03-06 13:41:24+00:00
0,0,0,0,0,0,2019-03-06 13:41:51+00:00
2,4,0,0,0,0,2019-04-05 05:02:02-07:00
0,2,1,1,0,0,2019-04-05 15:41:31+01:00
0,0,0,0,0,0,2019-04-05 15:42:22+01:00
0,2,0,0,0,0,2019-04-08 09:56:25+01:00
1,1,0,0,0,0,2019-04-08 09:57:13+01:00
0,0,0,0,0,0,2019-04-08 11:02:05+01:00
0,1,0,0,0,0,2019-04-09 16:14:50+01:00
0,0,0,0,0,0,2019-04-23 10:19:25+01:00
0,0,0,0,0,0,2019-04-23 10:21:12+01:00
0,0,0,0,0,0,2019-04-23 10:39:10+01:00
0,0,0,0,0,0,2019-04-23 11:02:51+01:00
0,0,0,0,0,0,2019-04-23 11:15:09+01:00
0,0,0,0,0,0,2019-04-23 11:47:54+01:00
1,1,0,0,0,0,2019-04-23 14:03:23+01:00
0,0,0,0,0,0,2019-04-23 14:03:46+01:00
0,0,0,0,0,0,2019-04-23 15:11:10+01:00
0,0,0,0,0,0,2019-04-23 15:51:25+01:00
0,0,0,0,0,0,2019-04-23 15:52:40+01:00
0,0,0,0,0,0,2019-04-24 10:44:29+01:00
0,0,0,0,0,0,2019-04-25 14:55:05+01:00
0,0,0,0,0,0,2019-04-25 14:55:26+01:00
0,0,0,0,0,0,2019-04-25 14:56:31+01:00
0,0,0,0,0,0,2019-04-26 09:39:39+01:00
0,0,0,0,0,0,2019-04-30 13:33:27+01:00
0,0,0,0,0,0,2019-04-30 15:17:15+01:00
0,0,0,0,0,0,2019-04-30 15:17:45+01:00
0,0,0,0,0,0,2019-05-01 10:40:19+01:00
0,0,0,0,0,0,2019-05-01 10:46:15+01:00
1,5,0,0,0,0,2019-05-01 11:52:05+01:00
0,0,0,0,0,0,2019-05-01 11:52:37+01:00
0,0,0,0,0,0,2019-05-01 12:41:22+01:00
0,0,0,0,0,0,2019-05-01 12:50:26+01:00
0,0,0,0,0,0,2019-05-01 12:59:53+01:00
0,0,0,0,0,0,2019-05-01 13:05:33+01:00
0,0,0,0,0,0,2019-05-01 13:19:00+01:00
0,0,0,0,0,0,2019-05-01 15:40:00+01:00
0,0,0,0,0,0,2019-05-01 15:42:12+01:00
0,0,0,0,0,0,2019-05-01 15:50:06+01:00
0,0,0,0,0,0,2019-05-01 16:00:59+01:00
0,0,0,0,0,0,2019-05-01 16:33:20+01:00
0,0,0,0,0,0,2019-05-01 16:34:08+01:00
0,0,0,0,0,0,2019-05-01 16:36:02+01:00
0,0,0,0,0,0,2019-05-01 16:41:54+01:00
0,1,0,0,0,1,2019-05-07 10:58:30+01:00
0,0,0,0,0,0,2019-05-08 09:55:07+01:00
0,0,0,0,0,0,2019-05-08 11:05:56+01:00
0,1,0,0,0,0,2019-05-08 11:06:27+01:00
0,0,0,0,0,0,2019-05-08 11:53:25+01:00
0,0,0,0,0,0,2019-05-08 12:06:42+01:00
0,0,0,0,0,0,2019-05-08 13:06:41+01:00
1,1,0,0,0,0,2019-05-08 13:07:04+01:00
0,0,0,0,0,0,2019-05-08 13:07:30+01:00
0,0,0,0,0,0,2019-05-08 13:15:38+01:00
0,0,0,0,0,0,2019-05-08 13:16:20+01:00
0,0,0,0,0,0,2019-05-08 13:21:52+01:00
0,0,0,0,0,0,2019-05-08 13:24:17+01:00
0,0,0,0,0,0,2019-05-08 13:25:30+01:00
0,0,0,0,0,0,2019-05-08 13:30:12+01:00
0,0,0,0,0,0,2019-05-08 13:40:42+01:00
0,0,0,0,0,0,2019-05-08 13:43:20+01:00
0,0,0,0,0,0,2019-05-08 13:45:49+01:00
0,0,0,0,0,0,2019-05-08 14:00:02+01:00
0,0,0,0,0,0,2019-05-08 14:02:49+01:00
0,0,0,0,0,0,2019-05-08 14:10:07+01:00
0,0,0,0,0,0,2019-05-08 14:25:43+01:00
0,0,0,0,0,0,2019-05-08 14:30:53+01:00
0,0,0,0,0,0,2019-05-08 14:36:46+01:00
0,0,0,0,0,0,2019-05-09 13:11:29+01:00
1,1,0,0,0,0,2019-05-09 15:09:57+01:00
1,1,0,0,0,0,2019-05-09 15:12:07+01:00
0,0,0,0,0,0,2019-05-09 15:13:52+01:00
0,0,0,0,0,0,2019-05-10 10:27:40+01:00
0,0,0,0,0,0,2019-05-10 10:32:03+01:00
0,0,0,0,0,0,2019-05-10 10:32:52+01:00
0,0,0,0,0,0,2019-05-10 11:12:24+01:00
0,1,0,0,0,0,2019-05-10 15:10:38+01:00
0,1,0,0,0,0,2019-05-10 15:23:20+01:00
0,1,0,0,0,0,2019-05-10 15:32:42+01:00
0,2,0,0,0,0,2019-05-10 15:42:14+01:00
0,1,0,0,0,0,2019-05-13 09:12:36+01:00
0,0,0,0,0,0,2019-05-13 09:32:46+01:00
0,1,0,0,0,0,2019-05-13 10:01:05+01:00
0,1,0,0,0,0,2019-05-13 10:26:18+01:00
0,1,0,0,0,0,2019-05-13 12:45:09+01:00
0,1,0,0,0,0,2019-05-13 14:13:46+01:00
0,1,0,0,0,0,2019-05-13 14:14:24+01:00
1,1,0,0,0,0,2019-05-13 15:30:42+01:00
0,1,0,0,0,0,2019-05-13 15:32:10+01:00
0,0,0,0,0,0,2019-05-14 11:31:34+01:00
0,0,0,0,0,0,2019-05-14 15:17:43+01:00
0,0,0,0,0,0,2019-05-14 15:18:03+01:00
0,1,0,0,0,0,2019-05-15 09:26:53+01:00
0,0,0,0,0,0,2019-05-15 09:31:33+01:00
0,0,0,0,0,0,2019-05-15 11:15:49+01:00
0,0,0,0,0,0,2019-05-15 11:19:50+01:00
0,1,0,0,0,0,2019-05-15 11:54:47+01:00
0,0,0,0,0,0,2019-05-15 11:59:29+01:00
1,1,1,0,0,0,2019-05-15 12:23:57+01:00
0,0,0,0,0,0,2019-05-15 12:24:11+01:00
0,0,0,0,0,0,2019-05-15 15:18:27+01:00
0,0,0,0,0,0,2019-05-15 15:19:27+01:00
0,0,0,0,0,0,2019-05-15 15:21:39+01:00
0,0,0,0,0,0,2019-06-05 15:44:26+01:00
0,0,0,0,0,0,2019-06-07 14:04:46+01:00
1,1,0,0,0,0,2019-06-24 15:08:19+01:00
1,1,0,0,0,0,2019-06-24 15:08:19+01:00
0,0,0,0,0,0,2019-06-24 15:46:50+01:00
0,1,0,0,0,0,2019-07-11 15:43:29+01:00
0,1,0,0,0,0,2019-07-11 15:44:23+01:00
0,0,0,0,0,0,2019-07-16 11:22:55+01:00
0,0,0,0,0,0,2019-07-16 11:23:45+01:00
0,0,0,0,0,0,2019-07-17 13:58:47+01:00
1,1,0,0,0,0,2019-07-17 14:49:00+01:00
1,1,0,0,0,0,2019-07-18 12:31:27+01:00
1,3,0,0,0,0,2019-07-23 10:57:49+01:00
0,1,0,0,0,1,2019-07-23 10:58:11+01:00
1,1,0,0,0,0,2019-07-23 10:58:28+01:00
0,0,0,0,0,0,2019-07-23 10:58:53+01:00
0,0,0,0,0,0,2019-07-23 11:10:31+01:00
0,0,0,0,0,0,2019-07-23 11:10:57+01:00
0,0,0,0,0,0,2019-07-23 11:14:23+01:00
0,0,0,0,0,0,2019-07-23 11:14:59+01:00
0,1,0,0,0,0,2019-07-23 13:38:27+01:00
0,0,0,0,0,0,2019-07-23 13:39:10+01:00
0,1,0,0,0,1,2019-07-23 14:46:01+01:00
1,2,0,0,0,0,2019-07-23 14:47:38+01:00
0,0,0,0,0,0,2019-07-23 14:47:56+01:00
0,1,0,0,0,1,2019-07-25 10:20:09+01:00
2,7,0,0,0,0,2019-07-25 10:20:52+01:00
0,1,0,0,0,0,2019-08-09 15:30:41+01:00
0,1,0,0,0,0,2019-08-12 09:27:24+01:00
0,0,0,0,0,0,2019-08-12 09:46:03+01:00
0,0,0,0,0,0,2019-08-12 11:51:23+01:00
0,1,0,0,0,0,2019-08-13 10:44:23+01:00
0,0,0,0,0,0,2019-08-13 13:25:24+01:00
0,0,0,0,0,0,2019-08-13 13:27:17+01:00
3,3,0,0,0,0,2019-08-13 13:55:19+01:00
0,2,0,0,1,0,2019-08-14 11:48:38+01:00
1,1,0,0,0,0,2019-08-14 14:01:21+01:00
1,1,1,0,0,0,2019-08-28 11:15:34+01:00
0,0,0,0,0,0,2019-08-29 11:55:14+01:00
0,0,0,0,0,0,2019-08-29 13:32:54+01:00
0,0,0,0,0,0,2019-08-30 11:50:08+01:00
0,0,0,0,0,0,2019-08-30 14:06:36+01:00
0,0,0,0,0,0,2019-08-30 14:06:51+01:00
0,1,0,0,1,0,2019-09-02 01:22:51-07:00
0,1,0,0,0,0,2019-09-02 01:23:20-07:00
0,0,0,0,0,0,2019-09-02 01:25:04-07:00
0,1,0,0,0,0,2019-09-02 13:21:44+01:00
0,0,0,0,0,0,2019-09-02 06:56:29-07:00
1,1,0,0,0,0,2019-09-03 01:23:17-07:00
0,0,0,0,0,0,2019-09-03 01:30:10-07:00
0,0,0,0,0,0,2019-09-03 02:11:12-07:00
0,0,0,0,0,0,2019-09-03 02:20:06-07:00
0,0,0,0,0,0,2019-09-12 11:52:41+01:00
0,0,0,0,0,0,2019-09-13 10:33:57+01:00
0,0,0,0,0,0,2019-09-13 11:25:37+01:00
0,0,0,0,0,0,2019-09-13 11:49:46+01:00
0,0,0,0,0,0,2019-09-13 14:12:03+01:00
0,0,0,0,0,0,2019-09-13 14:45:47+01:00
1,1,0,0,0,0,2019-09-17 15:56:20+01:00
0,0,0,0,0,0,2019-09-18 10:19:07+01:00
0,0,0,0,0,0,2019-09-18 10:25:23+01:00
1,1,0,0,0,0,2019-09-18 10:33:15+01:00
0,0,0,0,0,0,2019-09-18 14:58:32+01:00
0,0,0,0,0,0,2019-09-18 14:58:53+01:00
0,0,0,0,0,0,2019-09-18 14:59:15+01:00
0,0,0,0,0,0,2019-09-18 15:03:32+01:00
0,0,0,0,0,0,2019-09-18 15:23:38+01:00
1,1,0,0,0,0,2019-09-19 11:28:47+01:00
0,0,0,0,0,0,2019-09-19 11:29:58+01:00
1,1,0,0,0,0,2019-10-16 13:33:47+01:00
0,1,0,0,0,0,2019-10-16 13:34:13+01:00
0,0,0,0,0,0,2019-10-16 13:34:40+01:00
0,0,0,0,0,0,2019-11-21 12:52:40+00:00
1,1,0,0,0,0,2019-11-21 12:53:20+00:00
0,1,0,0,0,0,2019-11-21 14:38:42+00:00
0,2,0,0,1,0,2019-11-21 14:40:13+00:00
0,1,0,0,0,0,2019-11-22 10:49:00+00:00
0,0,0,0,0,0,2019-11-22 10:49:28+00:00
0,2,0,0,0,0,2019-11-28 14:06:53+00:00
0,0,0,0,0,0,2019-11-28 14:07:12+00:00
0,0,0,0,0,0,2019-11-28 14:26:06+00:00
3,10,0,0,0,1,2019-11-29 15:37:05+00:00
0,1,0,0,0,0,2019-12-05 10:46:54+00:00
0,0,0,0,0,0,2019-12-05 10:47:45+00:00
0,0,0,0,0,0,2019-12-05 10:48:17+00:00
0,1,0,0,0,1,2019-12-10 10:42:38+00:00
0,0,0,0,0,0,2019-12-10 10:43:08+00:00
0,1,0,0,0,0,2019-12-10 10:44:13+00:00
0,1,0,0,0,0,2019-12-10 10:44:57+00:00
0,1,0,0,0,0,2019-12-10 10:45:35+00:00
0,0,0,0,0,0,2019-12-10 10:46:08+00:00
0,0,0,0,0,0,2019-12-10 10:46:48+00:00
1,1,0,0,0,0,2019-12-10 10:47:30+00:00
0,0,0,0,0,0,2019-12-10 10:47:58+00:00
0,0,0,0,0,0,2019-12-10 10:48:21+00:00
1,1,0,0,0,0,2019-12-11 10:56:17+00:00
1,1,0,0,0,0,2019-12-11 10:57:15+00:00
0,1,0,0,0,0,2019-12-11 10:57:39+00:00
0,0,0,0,0,0,2019-12-13 15:03:57+00:00
0,0,0,0,0,0,2019-12-13 15:04:17+00:00
0,1,0,0,0,0,2019-12-13 15:04:41+00:00
0,1,0,0,0,0,2019-12-13 15:05:10+00:00
0,1,0,0,0,0,2019-12-13 15:05:59+00:00
0,1,0,0,0,0,2019-12-10 10:44:13+00:00
0,0,0,0,0,0,2019-12-13 15:31:09+00:00
3,8,0,0,0,1,2019-12-20 15:30:20+00:00
0,2,0,0,1,0,2019-12-20 15:31:37+00:00
0,0,0,0,0,0,2019-12-20 15:34:03+00:00
0,0,0,0,0,0,2020-01-02 11:24:30+00:00
0,1,0,0,0,0,2020-01-02 11:25:18+00:00
0,1,0,0,0,1,2020-01-03 15:12:43+00:00
0,1,0,0,0,0,2020-01-03 15:13:59+00:00
0,1,0,0,0,0,2020-01-08 15:01:59+00:00
0,0,0,0,0,0,2020-01-09 15:56:32+00:00
0,0,0,0,0,0,2020-01-09 15:57:14+00:00
0,1,0,0,0,0,2020-01-10 11:33:24+00:00
0,1,0,0,0,1,2020-01-10 14:21:31+00:00
1,1,0,0,0,0,2020-01-10 14:22:03+00:00
0,3,0,0,0,0,2020-01-13 11:27:52+00:00
0,1,0,0,0,1,2020-01-13 14:06:35+00:00
0,1,0,0,0,0,2020-01-13 14:07:24+00:00
0,1,0,0,0,0,2020-01-13 14:09:26+00:00
1,1,0,0,0,0,2020-01-10 14:22:03+00:00
0,1,0,0,0,0,2020-01-13 14:07:24+00:00
0,1,0,0,0,1,2020-01-21 10:48:06+00:00
1,1,0,0,0,0,2020-01-21 10:49:10+00:00
1,1,0,0,0,0,2020-01-21 10:49:49+00:00
0,1,0,0,0,0,2020-01-21 10:50:25+00:00
0,1,0,0,0,0,2020-01-21 10:51:36+00:00
1,1,0,0,0,0,2020-01-21 10:52:07+00:00
1,1,0,0,0,0,2020-01-21 13:56:44+00:00
0,0,0,0,0,0,2020-01-24 09:38:05+00:00
0,1,0,0,0,0,2020-01-21 10:50:25+00:00
0,1,0,0,0,0,2020-01-29 15:59:55+00:00
0,1,0,0,0,0,2020-02-07 15:05:08+00:00
1,1,0,0,0,0,2020-02-07 15:05:44+00:00
0,1,0,0,0,0,2020-02-07 15:06:04+00:00
0,0,0,0,0,0,2020-02-10 15:26:20+00:00
0,1,0,0,0,0,2020-02-10 15:27:11+00:00
0,0,0,0,0,0,2020-02-10 15:26:20+00:00
0,0,0,0,0,0,2020-02-10 15:49:07+00:00
1,1,0,0,0,0,2020-02-11 11:27:02+00:00
1,1,0,0,0,0,2020-02-11 11:29:09+00:00
0,1,0,0,0,0,2020-02-11 11:29:34+00:00
0,0,0,0,0,0,2020-02-11 13:06:57+00:00
0,0,0,0,0,0,2020-02-11 13:34:10+00:00
0,1,0,0,0,0,2020-02-11 14:16:49+00:00
0,0,0,0,0,0,2020-02-11 14:17:09+00:00
0,0,0,0,0,0,2020-02-11 14:35:17+00:00
0,1,0,0,0,0,2020-02-11 14:45:19+00:00
1,1,0,0,0,0,2020-02-11 15:30:04+00:00
1,1,0,0,0,0,2020-02-12 12:03:50+00:00
1,1,0,0,0,0,2020-02-12 12:05:45+00:00
0,0,0,0,0,0,2020-02-12 12:38:13+00:00
0,0,0,0,0,0,2020-02-12 13:09:31+00:00
0,0,0,0,0,0,2020-02-12 13:12:58+00:00
1,1,0,0,0,0,2020-02-12 13:14:55+00:00
0,0,0,0,0,0,2020-02-12 13:54:47+00:00
0,0,0,0,0,0,2020-02-12 13:55:06+00:00
0,0,0,0,0,0,2020-02-12 14:41:04+00:00
0,0,0,0,0,0,2020-02-12 15:14:07+00:00
0,0,0,0,0,0,2020-02-12 15:34:34+00:00
0,0,0,0,0,0,2020-02-12 15:41:12+00:00
1,1,0,0,0,0,2020-02-13 10:11:46+00:00
9,42,2,2,1,1,2020-03-02 10:11:37+00:00
0,0,0,0,0,0,2020-03-03 14:00:23+00:00
0,0,0,0,0,0,2020-03-03 14:07:39+00:00
1,1,0,0,0,0,2020-03-03 15:27:49+00:00
0,0,0,0,0,0,2020-03-05 10:31:12+00:00
0,0,0,0,0,0,2020-03-05 10:31:30+00:00
0,0,0,0,0,0,2020-03-05 10:38:49+00:00
0,0,0,0,0,0,2020-03-05 10:41:25+00:00
1,1,0,0,0,0,2020-03-31 12:05:12+01:00
0,0,0,0,0,0,2020-03-31 12:05:49+01:00
0,0,0,0,0,0,2020-03-31 12:06:10+01:00
0,0,0,0,0,0,2020-04-02 13:02:16+01:00
0,2,0,0,0,0,2020-04-02 15:20:45+01:00
0,1,0,0,1,0,2020-04-02 15:21:38+01:00
0,1,0,0,0,0,2020-04-03 14:29:57+01:00
0,0,0,0,0,0,2020-04-17 12:11:22+01:00
0,1,0,0,0,0,2020-04-17 12:11:52+01:00
0,0,0,0,0,0,2020-04-17 12:12:31+01:00
0,1,0,0,0,0,2020-04-21 14:10:52+01:00
1,2,0,0,0,0,2020-04-21 19:26:48+01:00
0,1,0,0,0,0,2020-06-12 15:00:59+01:00
1,1,0,0,0,0,2020-06-12 15:01:16+01:00
0,0,0,0,0,0,2020-06-12 15:01:53+01:00
0,1,0,0,0,0,2020-06-18 17:12:24+01:00
1,1,0,0,0,0,2020-07-14 08:43:58+01:00
0,0,0,0,0,0,2020-07-14 09:28:21+01:00
0,0,0,0,0,0,2020-07-15 12:10:20+01:00
0,0,0,0,0,0,2020-07-15 12:10:52+01:00
1,1,0,0,0,0,2020-10-13 12:05:14+01:00
0,0,0,0,0,0,2020-11-27 13:51:51+00:00
0,0,0,0,0,0,2020-11-27 14:04:27+00:00
0,0,0,0,0,0,2020-11-27 16:48:43+00:00
0,1,0,0,0,0,2021-01-04 13:51:08+00:00
0,1,0,0,0,0,2021-01-05 15:04:35+00:00
0,1,0,0,0,0,2021-01-06 10:55:03+00:00
0,0,0,0,0,0,2021-01-18 08:30:49+00:00
0,0,0,0,0,0,2021-01-18 08:50:06+00:00
0,0,0,0,0,0,2021-01-20 09:02:43+00:00
0,0,0,0,0,0,2021-01-22 14:54:13+00:00
0,1,0,0,0,0,2021-02-12 12:33:06+00:00
0,0,0,0,0,0,2021-02-12 14:54:00+00:00
0,0,0,0,0,0,2021-03-02 20:32:45+00:00
0,2,0,0,0,1,2021-03-05 15:29:59+00:00
1,2,0,0,0,0,2021-03-05 16:04:46+00:00
1,3,0,0,0,0,2021-03-05 16:14:07+00:00
0,3,0,0,0,1,2021-03-05 16:54:04+00:00
0,0,0,0,0,0,2021-03-05 18:01:55+00:00
0,0,0,0,0,0,2021-03-05 18:02:25+00:00
0,0,0,0,0,0,2021-03-05 18:04:43+00:00
0,0,0,0,0,0,2021-03-08 17:20:54+00:00
1,1,0,0,0,0,2021-03-09 11:00:57+00:00
0,1,0,0,0,0,2021-03-15 11:19:14+00:00
0,1,0,0,0,0,2021-03-23 15:47:58+00:00
0,0,0,0,0,0,2021-03-30 17:37:21+01:00
0,0,0,0,0,0,2021-04-01 11:45:19+01:00
0,0,0,0,0,0,2021-04-01 14:34:38+01:00
0,0,0,0,0,0,2021-04-23 10:59:45+01:00
1,1,0,0,0,0,2021-04-26 09:59:39+01:00
0,1,0,0,0,0,2021-04-26 10:21:04+01:00
0,1,0,0,0,0,2021-04-28 12:16:08+01:00
0,1,0,0,0,1,2021-04-29 15:13:38+01:00
0,1,0,0,0,0,2021-04-29 15:14:43+01:00
0,1,0,0,0,0,2021-04-29 15:18:54+01:00
0,0,0,0,0,0,2021-04-30 17:03:59+01:00
0,2,0,0,0,1,2021-05-04 10:44:26+01:00
0,1,0,0,0,0,2021-05-04 11:11:34+01:00
0,0,0,0,0,0,2021-05-04 13:44:24+01:00
0,0,0,0,0,0,2021-05-04 17:00:09+01:00
0,0,0,0,0,0,2021-05-04 17:03:05+01:00
0,0,0,0,0,0,2021-05-05 09:36:59+01:00
0,0,0,0,0,0,2021-05-05 09:42:52+01:00
0,0,0,0,0,0,2021-05-05 10:50:43+01:00
0,1,0,0,0,0,2021-05-05 12:39:31+01:00
1,1,0,0,0,0,2021-05-05 14:14:24+01:00
0,0,0,0,0,0,2021-05-06 11:06:40+01:00
0,1,0,0,0,0,2021-05-06 11:07:05+01:00
0,0,0,0,0,0,2021-05-06 12:53:01+01:00
0,0,0,0,0,0,2021-05-06 13:21:40+01:00
0,1,0,0,0,0,2021-05-06 15:46:38+01:00
1,1,0,0,0,0,2021-05-06 15:47:22+01:00
0,0,0,0,0,0,2021-05-06 16:09:20+01:00
0,0,0,0,0,0,2021-05-06 16:09:34+01:00
0,0,0,0,0,0,2021-05-06 17:05:48+01:00
0,0,0,0,0,0,2021-05-10 15:38:19+01:00
0,0,0,0,0,0,2021-05-10 16:49:05+01:00
0,0,0,0,0,0,2021-05-10 16:58:56+01:00
0,0,0,0,0,0,2021-05-10 17:00:50+01:00
0,0,0,0,0,0,2021-05-11 08:34:12+01:00
0,0,0,0,0,0,2021-05-11 09:26:58+01:00
0,0,0,0,0,0,2021-05-11 11:47:10+01:00
0,0,0,0,0,0,2021-05-11 12:11:23+01:00
0,0,0,0,0,0,2021-05-11 12:11:45+01:00
0,0,0,0,0,0,2021-05-11 12:57:29+01:00
0,0,0,0,0,0,2021-05-11 12:58:20+01:00
0,0,0,0,0,0,2021-05-11 13:04:01+01:00
0,0,0,0,0,0,2021-05-11 19:40:19+01:00
0,0,0,0,0,0,2021-05-12 16:42:41+01:00
0,0,0,0,0,0,2021-05-13 10:35:35+01:00
0,0,0,0,0,0,2021-05-13 10:36:06+01:00
0,0,0,0,0,0,2021-05-16 10:04:40+01:00
0,0,0,0,0,0,2021-05-16 10:22:36+01:00
0,0,0,0,0,0,2021-05-17 12:23:00+01:00
0,0,0,0,0,0,2021-05-17 12:23:24+01:00
0,0,0,0,0,0,2021-05-17 14:13:38+01:00
0,0,0,0,0,0,2021-05-17 14:30:00+01:00
0,0,0,0,0,0,2021-05-17 15:49:50+01:00
0,0,0,0,0,0,2021-05-25 08:24:59+01:00
0,1,0,0,0,0,2021-06-02 10:57:08+01:00
0,2,0,0,0,0,2021-06-03 14:49:35+01:00
0,1,0,0,0,0,2021-06-04 10:04:49+01:00
0,1,0,0,0,1,2021-06-10 11:12:03+01:00
0,1,0,0,0,0,2021-06-15 15:55:20+01:00
0,1,0,0,0,0,2021-06-17 15:37:50+01:00
1,1,1,0,0,0,2021-06-23 14:24:51+01:00
0,1,0,0,1,0,2021-07-08 09:52:17+01:00
3,22,1,0,0,0,2021-09-09 11:35:48+01:00
5,27,1,0,1,1,2021-09-09 12:14:35+01:00
0,0,0,0,0,0,2021-09-09 12:16:29+01:00
0,0,0,0,0,0,2021-09-09 14:37:30+01:00
0,1,1,0,0,0,2021-10-12 11:38:52+01:00
0,0,0,0,0,0,2021-10-12 14:11:21+01:00
1,1,0,0,0,0,2021-11-01 17:23:44+00:00
2,3,0,0,0,0,2022-01-13 11:11:43+00:00
0,0,0,0,0,0,2022-02-14 11:51:28+00:00
0,0,0,0,0,0,2022-02-14 13:54:53+00:00
0,0,0,0,0,0,2022-05-18 11:51:49+01:00
0,0,0,0,0,0,2022-05-18 11:52:09+01:00
0,1,0,0,0,0,2022-06-13 10:23:15+01:00
0,1,1,1,0,0,2022-06-13 10:23:56+01:00
0,1,1,1,0,0,2022-06-13 10:24:13+01:00
0,0,0,0,0,0,2022-06-29 19:05:50+01:00
0,0,0,0,0,0,2022-06-29 19:09:01+01:00
