Acquisition,Preparation,Modeling,Training,Evaluation,Prediction,time
0,0,0,0,0,0,2020-10-30 12:03:56-04:00
1,0,0,0,0,0,2020-10-30 12:05:01-04:00
1,1,0,0,0,1,2020-10-30 12:39:20-04:00
0,0,0,0,0,0,2020-10-30 09:52:40-07:00
1,1,0,0,0,1,2020-11-07 10:12:25-05:00
1,1,0,0,0,1,2020-11-07 10:22:02-05:00
0,0,0,0,0,0,2020-11-07 10:25:07-05:00
0,0,0,0,0,0,2020-11-14 14:57:43-05:00
0,0,0,0,0,0,2020-11-14 14:58:20-05:00
1,1,0,0,0,1,2020-11-14 15:00:23-05:00
1,1,0,0,0,1,2020-11-14 15:01:51-05:00
0,0,0,0,0,0,2020-11-14 15:02:25-05:00
0,0,0,0,0,0,2020-11-16 09:55:26-05:00
0,0,0,0,0,0,2020-11-16 10:06:47-05:00
0,0,0,0,0,0,2020-11-16 10:11:29-05:00
0,0,0,0,0,0,2020-11-16 10:14:10-05:00
0,0,0,0,0,0,2020-11-16 10:14:58-05:00
0,0,0,0,0,0,2020-11-16 10:44:38-05:00
0,0,0,0,0,0,2020-11-16 19:01:36-05:00
0,0,0,0,0,0,2020-11-16 22:30:39-05:00
1,1,0,0,0,1,2020-11-17 15:04:31-07:00
1,1,0,0,0,1,2021-01-24 14:19:12-05:00
1,1,0,0,0,1,2021-01-24 14:59:41-05:00
1,1,0,0,0,1,2021-01-24 15:49:54-05:00
1,1,0,0,0,1,2021-01-25 18:54:35-05:00
1,1,0,0,0,1,2021-02-13 18:51:26-05:00
1,1,0,0,0,0,2021-02-15 10:33:33-05:00
0,0,0,0,0,0,2021-02-15 12:20:15-05:00
1,1,0,1,0,0,2021-02-15 14:42:44-07:00
1,1,0,1,0,0,2021-02-22 22:03:41-05:00
1,1,0,1,0,0,2021-02-23 14:29:57-05:00
1,1,0,1,0,0,2021-03-18 10:27:02-04:00
1,1,0,1,0,0,2021-03-18 10:27:12-04:00
0,0,0,0,0,0,2021-03-18 10:30:09-04:00
1,1,0,0,0,1,2021-03-18 10:32:30-04:00
1,1,0,0,0,1,2021-03-18 10:50:23-04:00
1,1,0,0,0,1,2021-03-18 11:10:34-04:00
3,3,0,0,0,3,2021-03-26 13:56:06-04:00
2,2,0,0,0,1,2021-03-28 00:15:31-04:00
0,0,0,0,0,0,2021-04-05 17:04:30-04:00
0,0,0,0,0,0,2021-04-23 15:25:15-04:00
0,0,0,0,0,0,2021-04-23 15:26:26-04:00
0,0,0,0,0,0,2021-04-23 17:18:39-04:00
1,1,0,0,0,1,2021-04-23 21:09:47-04:00
0,0,0,0,0,0,2021-04-23 21:10:17-04:00
0,0,0,0,0,0,2021-05-23 14:05:33-07:00
1,1,0,0,0,1,2021-05-23 14:09:28-07:00
1,1,0,0,0,1,2021-05-25 12:20:17-07:00
0,0,0,0,0,0,2021-06-01 11:52:39-07:00
1,1,0,0,0,1,2021-06-01 13:57:37-07:00
1,1,0,0,0,1,2021-06-01 15:46:12-07:00
0,0,0,0,0,0,2021-06-01 16:48:24-07:00
1,1,0,0,0,1,2021-06-01 17:03:19-07:00
1,1,0,0,0,1,2021-06-01 18:26:12-07:00
1,1,0,0,0,1,2021-06-01 19:20:46-07:00
1,1,0,0,0,1,2021-06-01 19:41:09-07:00
1,1,0,0,0,1,2021-06-01 21:32:26-06:00
1,1,0,0,0,1,2021-06-04 16:15:35-06:00
1,2,0,0,0,1,2021-06-05 12:23:02-06:00
0,0,0,0,0,0,2021-06-05 12:24:03-06:00
0,1,0,0,0,0,2021-06-05 17:29:50-06:00
0,1,0,0,0,0,2021-06-06 11:30:28-06:00
0,1,0,0,0,0,2021-06-06 12:00:52-06:00
0,0,0,0,0,0,2021-06-06 17:56:18-06:00
3,3,0,0,0,3,2021-07-23 09:50:57-06:00
0,0,0,0,0,0,2021-07-23 08:57:22-07:00
0,0,0,0,0,0,2021-08-27 19:43:40-04:00
0,0,0,0,0,0,2021-08-27 19:44:32-04:00
