Acquisition,Preparation,Modeling,Training,Evaluation,Prediction,time
0,0,0,0,0,0,2020-12-19 14:19:29+01:00
4,5,1,1,0,4,2020-12-19 14:23:16+01:00
0,0,0,0,0,0,2020-12-19 14:29:39+01:00
0,0,0,0,0,0,2020-12-19 14:30:37+01:00
0,0,0,0,0,0,2020-12-19 14:38:11+01:00
0,0,0,0,0,0,2020-12-19 14:40:58+01:00
0,0,0,0,0,0,2020-12-19 14:45:33+01:00
0,0,0,0,0,0,2020-12-19 14:46:20+01:00
0,0,0,0,0,0,2020-12-19 14:50:57+01:00
0,0,0,0,0,0,2020-12-19 14:58:08+01:00
0,0,0,0,0,0,2020-12-19 15:00:36+01:00
0,0,0,0,0,0,2020-12-19 15:06:41+01:00
2,2,1,1,0,2,2020-12-21 11:23:20+01:00
7,7,1,1,0,7,2020-12-21 23:43:31+01:00
0,0,0,0,0,0,2020-12-21 23:46:45+01:00
1,1,1,1,0,1,2020-12-21 23:55:59+01:00
1,1,1,1,0,1,2020-12-21 23:57:54+01:00
1,1,1,1,0,1,2020-12-22 00:02:11+01:00
2,2,1,1,0,2,2020-12-22 10:06:10+01:00
1,1,0,0,0,1,2020-12-22 10:17:33+01:00
1,1,0,0,0,1,2020-12-22 10:30:14+01:00
2,2,1,1,0,2,2020-12-22 11:03:07+01:00
1,1,0,0,0,1,2020-12-22 11:07:37+01:00
1,1,0,0,0,1,2020-12-22 13:18:04+01:00
1,2,1,1,0,2,2021-01-12 01:58:07+01:00
2,4,1,1,0,3,2021-01-12 04:30:40+01:00
1,2,1,1,0,2,2021-01-12 04:55:57+01:00
1,1,0,0,0,1,2021-01-12 05:16:31+01:00
1,1,0,0,0,1,2021-01-12 05:23:24+01:00
1,1,0,0,0,1,2021-01-12 09:01:11+01:00
0,0,0,0,0,0,2021-01-12 09:01:55+01:00
1,2,1,1,0,2,2021-01-12 13:49:54+01:00
3,5,2,2,0,4,2021-01-14 16:32:04+01:00
0,0,0,0,0,0,2021-01-14 16:38:14+01:00
1,1,0,0,0,1,2021-01-14 16:54:44+01:00
2,2,1,1,0,2,2021-01-14 18:28:01+01:00
2,2,1,1,0,1,2021-01-14 20:19:32+01:00
2,1,0,0,0,1,2021-01-14 20:57:07+01:00
2,2,1,1,0,2,2021-01-15 09:51:31+01:00
2,1,0,0,0,1,2021-01-15 11:10:20+01:00
1,0,0,0,0,0,2021-01-15 11:11:34+01:00
1,0,0,0,0,0,2021-01-15 11:12:39+01:00
1,0,0,0,0,0,2021-01-15 11:13:53+01:00
2,2,1,1,0,2,2021-01-15 18:19:18+01:00
1,1,0,0,0,1,2021-01-15 18:38:32+01:00
1,1,0,0,0,1,2021-01-15 19:02:49+01:00
2,1,0,0,0,1,2021-01-15 22:13:03+01:00
1,0,0,0,0,0,2021-01-15 22:14:41+01:00
1,0,0,0,0,0,2021-01-15 22:29:16+01:00
1,0,0,0,0,0,2021-01-15 22:51:17+01:00
1,0,0,0,0,0,2021-01-15 22:59:02+01:00
0,0,0,0,0,0,2021-01-16 00:06:14+01:00
0,0,0,0,0,0,2021-01-16 00:09:39+01:00
0,0,0,0,0,0,2021-01-16 00:10:39+01:00
0,0,0,0,0,0,2021-01-16 00:13:00+01:00
0,0,0,0,0,0,2021-01-16 00:13:55+01:00
0,0,0,0,0,0,2021-01-16 00:15:01+01:00
0,0,0,0,0,0,2021-01-16 00:15:36+01:00
2,1,0,0,0,1,2021-01-16 14:28:16+01:00
0,1,1,1,0,1,2021-01-16 14:29:23+01:00
0,0,0,0,0,0,2021-01-16 14:31:28+01:00
0,0,0,0,0,0,2021-01-16 14:33:55+01:00
0,0,0,0,0,0,2021-01-16 14:37:32+01:00
1,1,0,0,0,1,2021-01-16 14:41:22+01:00
1,0,0,0,0,0,2021-01-16 14:59:41+01:00
1,0,0,0,0,0,2021-01-16 16:17:28+01:00
1,1,1,1,0,1,2021-01-16 21:29:38+01:00
2,1,0,0,0,1,2021-01-16 21:49:53+01:00
2,1,0,0,0,1,2021-01-16 22:45:55+01:00
1,0,0,0,0,0,2021-01-17 00:58:20+01:00
0,1,1,1,0,1,2021-01-17 10:05:47+01:00
2,1,0,0,0,1,2021-01-17 10:31:25+01:00
1,0,0,0,0,0,2021-01-17 15:16:10+01:00
1,0,0,0,0,0,2021-01-17 16:05:17+01:00
0,0,0,0,0,0,2021-01-21 21:58:16+01:00
2,1,0,0,0,1,2021-01-21 22:10:19+01:00
2,1,0,0,0,1,2021-01-21 22:57:55+01:00
1,1,0,0,0,1,2021-01-23 13:29:06+01:00
1,1,0,0,0,1,2021-01-23 13:29:13+01:00
1,1,0,0,0,1,2021-01-23 14:13:25+01:00
1,1,0,0,0,1,2021-01-24 10:36:41+01:00
2,1,0,0,0,1,2021-01-26 17:10:26+01:00
0,0,0,0,0,0,2021-01-26 17:15:00+01:00
