Acquisition,Preparation,Modeling,Training,Evaluation,Prediction,time
0,0,0,0,0,0,2018-05-12 16:11:57-04:00
4,4,0,0,0,0,2018-05-12 16:12:29-04:00
2,3,1,1,1,0,2018-05-12 16:12:45-04:00
0,1,0,0,0,0,2018-05-14 02:06:12-04:00
1,1,0,1,0,0,2018-05-14 02:06:58-04:00
0,0,0,0,0,0,2018-05-14 03:26:36-04:00
2,3,1,2,0,0,2018-05-14 13:15:07-04:00
3,4,2,3,1,0,2018-05-16 01:42:44-04:00
2,2,1,2,1,0,2018-05-16 13:39:29-04:00
2,2,1,2,1,0,2018-05-16 14:04:28-04:00
2,2,1,2,1,0,2018-05-16 21:45:59-04:00
1,1,0,1,1,0,2018-05-16 22:47:28-04:00
1,1,0,1,1,0,2018-05-16 23:31:45-04:00
1,1,0,1,1,0,2018-05-16 23:54:55-04:00
2,2,1,2,1,0,2018-05-17 02:07:36-04:00
0,0,0,0,0,0,2018-05-17 02:07:48-04:00
1,1,0,1,1,0,2018-05-18 09:40:09-04:00
0,0,0,0,0,0,2018-05-23 19:28:03-04:00
0,0,0,0,0,0,2018-05-23 19:50:47-04:00
0,0,0,0,0,0,2018-05-23 20:00:19-04:00
0,0,0,0,0,0,2018-05-23 20:12:00-04:00
5,5,2,3,2,0,2018-07-06 20:40:15-04:00
0,0,0,0,0,0,2018-07-06 20:40:25-04:00
0,0,0,0,0,0,2018-07-06 20:47:41-04:00
1,1,1,1,1,0,2018-07-06 20:57:49-04:00
0,0,0,0,0,0,2018-07-06 21:15:09-04:00
0,0,0,0,0,0,2018-07-06 21:24:09-04:00
0,0,0,0,0,0,2018-07-06 21:24:20-04:00
0,0,0,0,0,0,2018-07-06 21:51:53-04:00
0,0,0,0,0,0,2018-07-06 21:52:55-04:00
0,0,0,0,0,0,2018-07-06 21:53:05-04:00
0,0,0,0,0,0,2018-07-06 21:56:19-04:00
0,0,0,0,0,0,2018-07-06 21:57:47-04:00
0,0,0,0,0,0,2018-07-09 20:35:04-04:00
0,0,0,0,0,0,2018-07-09 20:35:18-04:00
4,4,1,2,1,0,2018-07-09 11:14:45-04:00
1,1,1,1,0,0,2018-07-24 13:02:34-04:00
0,0,0,0,0,0,2018-07-24 14:08:33-04:00
0,0,0,0,0,0,2018-07-24 18:33:47-04:00
1,1,0,1,1,0,2018-07-24 21:36:20-04:00
0,1,0,0,0,0,2018-07-24 21:36:57-04:00
1,1,1,1,0,0,2018-07-24 21:38:41-04:00
2,2,1,2,1,0,2018-07-24 23:24:37-04:00
1,1,0,1,1,0,2018-07-25 01:39:09-04:00
1,2,0,1,1,0,2018-07-25 01:44:03-04:00
3,3,1,2,1,0,2018-08-29 19:27:28-04:00
0,1,0,0,0,0,2018-08-29 22:31:47-04:00
2,2,0,0,0,0,2018-08-29 22:52:47-04:00
8,8,1,6,5,0,2020-01-30 01:20:21-05:00
8,9,0,1,2,0,2020-01-30 02:23:02-05:00
3,2,0,1,2,0,2020-01-30 03:02:31-05:00
1,1,0,0,0,0,2020-01-30 22:01:25-05:00
2,1,0,1,1,0,2020-01-30 22:01:47-05:00
1,1,0,0,1,0,2020-01-31 10:48:00-05:00
1,1,0,0,1,0,2020-02-03 01:57:05-05:00
4,2,0,1,2,0,2020-02-03 02:58:18-05:00
0,1,0,1,1,0,2020-02-03 03:36:17-05:00
3,4,1,3,1,0,2020-02-03 11:23:47-05:00
5,7,1,6,5,0,2020-02-03 11:46:32-05:00
0,0,0,1,0,0,2020-02-03 11:47:14-05:00
2,4,1,4,1,0,2020-02-03 11:55:58-05:00
2,2,0,2,0,0,2020-02-03 11:58:38-05:00
1,3,1,2,1,0,2020-02-14 15:47:54-05:00
0,0,0,1,0,0,2020-02-19 06:40:45-05:00
13,13,1,3,2,0,2020-02-19 06:42:52-05:00
0,0,0,0,0,0,2020-02-19 06:59:29-05:00
0,0,0,0,0,0,2020-02-19 07:01:29-05:00
0,0,0,0,0,0,2020-03-18 01:27:09-07:00
1,4,1,3,1,0,2020-12-06 22:18:23-05:00
