Acquisition,Preparation,Modeling,Training,Evaluation,Prediction,time
0,0,0,0,0,0,2021-04-03 15:59:08-07:00
0,0,0,0,0,0,2021-04-03 16:00:24-07:00
0,0,0,0,0,0,2021-04-03 16:00:44-07:00
2,1,0,0,1,0,2021-04-03 16:02:45-07:00
0,0,0,0,0,0,2021-04-03 16:05:47-07:00
0,0,0,0,0,0,2021-04-03 16:06:31-07:00
1,1,1,1,1,1,2021-04-03 22:30:36-07:00
0,0,0,0,0,0,2021-04-05 19:18:15-07:00
0,0,0,0,0,0,2021-04-05 19:18:18-07:00
1,1,0,0,1,0,2021-04-06 16:19:50-07:00
1,1,1,1,1,1,2021-04-06 20:50:11-07:00
1,1,0,0,1,0,2021-04-13 21:50:28-07:00
1,1,0,0,1,0,2021-04-13 21:51:50-07:00
0,0,0,0,0,0,2021-04-22 16:16:09-07:00
0,0,0,0,0,0,2021-04-22 16:21:16-07:00
1,1,1,1,1,1,2021-05-04 22:40:23-07:00
1,1,1,1,1,1,2021-05-05 10:22:36-07:00
1,1,1,1,1,1,2021-05-05 22:28:44-07:00
1,1,1,1,1,1,2021-05-06 14:35:55-07:00
1,1,1,1,1,1,2021-05-06 14:36:59-07:00
1,1,1,1,1,1,2021-05-07 20:46:40-07:00
1,1,1,1,1,1,2021-05-07 20:48:19-07:00
1,1,1,1,1,1,2021-05-07 20:57:58-07:00
1,1,1,1,1,1,2021-05-07 20:58:46-07:00
1,1,1,1,1,1,2021-05-08 11:06:53-07:00
1,1,1,1,1,1,2021-05-08 15:07:58-07:00
1,1,1,1,1,1,2021-05-08 15:29:27-07:00
1,1,1,1,1,1,2021-05-08 16:20:41-07:00
0,0,0,0,0,0,2021-05-09 21:37:43-07:00
1,1,1,1,1,1,2021-05-12 19:43:23-07:00
1,1,1,1,1,1,2021-05-12 19:44:39-07:00
0,0,0,0,0,0,2021-05-17 19:27:04-07:00
1,1,1,1,1,1,2021-05-17 20:39:32-07:00
1,1,1,1,1,1,2021-05-17 20:40:13-07:00
0,0,0,0,0,0,2021-06-02 09:33:59-07:00
0,0,0,0,0,0,2021-06-02 09:38:41-07:00
0,0,0,0,0,0,2021-06-02 10:03:52-07:00
0,0,0,0,0,0,2021-06-02 13:06:22-07:00
0,0,0,0,0,0,2021-06-02 13:08:55-07:00
0,0,0,0,0,0,2021-06-02 13:09:48-07:00
0,0,0,0,0,0,2021-06-02 16:00:00-07:00
0,0,0,0,0,0,2021-06-02 20:20:22-07:00
0,0,0,0,0,0,2021-06-02 20:25:59-07:00
0,0,0,0,0,0,2021-06-02 20:30:50-07:00
0,0,0,0,0,0,2021-06-02 20:38:26-07:00
0,0,0,0,0,0,2021-06-02 20:38:39-07:00
0,0,0,0,0,0,2021-06-03 12:29:30-07:00
0,0,0,0,0,0,2021-06-03 12:29:45-07:00
0,0,0,0,0,0,2021-06-03 12:46:56-07:00
0,0,0,0,0,0,2021-06-04 12:50:41-07:00
0,0,0,0,0,0,2021-06-04 12:52:53-07:00
0,0,0,0,0,0,2021-06-04 12:53:06-07:00
0,0,0,0,0,0,2021-06-04 12:53:54-07:00
0,0,0,0,0,0,2021-06-04 12:54:45-07:00
0,0,0,0,0,0,2021-06-04 13:06:42-07:00
0,0,0,0,0,0,2021-06-04 13:06:48-07:00
0,0,0,0,0,0,2021-06-04 13:13:15-07:00
0,0,0,0,0,0,2021-06-04 13:16:34-07:00
0,0,0,0,0,0,2021-06-04 13:21:04-07:00
0,0,0,0,0,0,2021-06-04 13:22:49-07:00
0,0,0,0,0,0,2021-06-04 13:23:16-07:00
0,0,0,0,0,0,2021-06-04 13:23:24-07:00
0,0,0,0,0,0,2021-06-04 13:24:15-07:00
0,0,0,0,0,0,2021-06-04 18:58:22-07:00
0,0,0,0,0,0,2021-06-04 19:08:04-07:00
