Acquisition,Preparation,Modeling,Training,Evaluation,Prediction,time
0,0,0,0,0,0,2021-11-30 08:50:36-08:00
0,11,2,7,0,10,2021-12-01 04:24:27+00:00
1,1,0,0,1,0,2021-12-01 04:28:02+00:00
0,0,0,0,0,0,2021-12-01 04:48:13+00:00
0,4,0,4,0,0,2021-12-01 04:57:02+00:00
0,0,0,0,0,0,2021-12-01 05:09:16+00:00
0,0,0,0,0,0,2021-12-01 05:09:58+00:00
0,0,0,0,0,0,2021-12-01 05:17:55+00:00
0,0,0,0,0,0,2021-12-01 05:18:45+00:00
3,5,0,1,0,0,2021-12-01 06:04:33+00:00
3,19,2,11,3,7,2021-12-01 12:42:11+00:00
0,0,0,0,0,0,2021-12-01 12:42:51+00:00
1,1,0,0,1,0,2021-12-01 14:07:50+00:00
2,3,0,2,0,0,2021-12-02 05:29:23+00:00
0,0,0,0,0,0,2021-12-02 05:30:18+00:00
1,1,0,0,1,0,2021-12-02 05:31:39+00:00
0,0,0,0,0,0,2021-12-02 08:05:38+00:00
0,0,0,0,0,0,2021-12-02 08:06:30+00:00
1,1,0,0,1,0,2021-12-02 08:15:37+00:00
0,0,0,0,0,0,2021-12-02 08:37:33+00:00
0,0,0,0,0,0,2021-12-02 16:12:56+00:00
0,0,0,0,0,0,2021-12-02 16:17:55+00:00
0,0,0,0,0,0,2021-12-02 16:41:51+00:00
0,0,0,0,0,0,2021-12-03 07:58:34+00:00
0,0,0,0,0,0,2021-12-03 08:02:37+00:00
1,1,0,0,1,0,2021-12-03 11:18:49+00:00
1,1,0,0,1,0,2021-12-03 11:36:38+00:00
1,1,0,0,1,0,2021-12-03 11:41:42+00:00
1,1,0,0,1,0,2021-12-03 11:44:11+00:00
0,0,0,0,0,0,2021-12-03 11:50:42+00:00
0,0,0,0,0,0,2021-12-03 13:48:10+00:00
1,1,0,0,1,0,2021-12-06 11:06:20-08:00
1,1,0,0,1,0,2021-12-06 11:18:37-08:00
0,1,0,0,0,0,2021-12-08 11:52:41+00:00
1,1,0,0,1,0,2021-12-08 13:14:28+00:00
0,0,0,0,0,0,2021-12-08 13:29:50+00:00
0,0,0,0,0,0,2021-12-08 13:41:31+00:00
0,0,0,0,0,0,2021-12-08 13:42:26+00:00
0,0,0,0,0,0,2021-12-08 13:45:07+00:00
0,0,0,0,0,0,2021-12-08 13:48:26+00:00
0,0,0,0,0,0,2021-12-08 13:52:22+00:00
0,0,0,0,0,0,2021-12-08 16:40:04+00:00
1,1,0,0,1,0,2021-12-08 16:40:49+00:00
1,1,0,0,1,0,2021-12-08 16:54:47+00:00
0,0,0,0,0,0,2021-12-08 16:59:30+00:00
0,0,0,0,0,0,2021-12-08 17:00:26+00:00
1,1,0,0,1,0,2021-12-08 10:20:46-08:00
1,1,0,0,1,0,2021-12-09 11:34:52+00:00
0,0,0,0,0,0,2021-12-09 11:54:19+00:00
0,1,0,1,0,0,2021-12-09 11:55:10+00:00
0,0,0,0,0,0,2021-12-09 11:55:53+00:00
0,0,0,0,0,0,2021-12-09 11:58:16+00:00
0,0,0,0,0,0,2021-12-09 12:04:22+00:00
1,1,0,0,1,0,2021-12-09 12:08:38+00:00
0,1,1,0,0,0,2021-12-09 14:26:33+00:00
0,0,0,1,0,0,2021-12-09 14:27:02+00:00
0,0,0,0,0,0,2021-12-09 14:33:10+00:00
1,1,0,0,1,0,2021-12-09 14:37:06+00:00
2,9,1,8,1,6,2021-12-09 15:07:55+00:00
0,0,0,0,0,0,2021-12-09 15:07:59+00:00
0,1,0,1,0,0,2021-12-09 15:11:49+00:00
0,0,0,0,0,0,2021-12-09 08:25:50-08:00
1,1,0,0,1,0,2021-12-09 08:32:06-08:00
0,0,0,0,0,0,2021-12-09 16:59:35+00:00
0,0,0,0,0,0,2021-12-09 17:01:28+00:00
0,0,0,0,0,0,2021-12-09 17:55:42+00:00
0,0,0,0,0,0,2021-12-09 17:56:02+00:00
0,2,0,0,0,0,2021-12-29 23:04:20+00:00
0,0,0,0,0,0,2021-12-30 01:10:22+00:00
0,5,1,3,0,4,2021-12-30 01:12:04+00:00
0,0,0,0,0,0,2021-12-30 01:12:49+00:00
0,0,0,0,0,0,2021-12-30 08:48:35-08:00
0,0,0,0,0,0,2021-12-30 08:49:15-08:00
0,0,0,0,0,0,2021-12-30 08:50:53-08:00
0,0,0,0,0,0,2022-01-18 16:41:11-08:00
0,0,0,0,0,0,2022-03-01 17:22:12+00:00
0,0,0,0,0,0,2022-03-01 09:39:45-08:00
0,0,0,0,0,0,2022-03-01 18:32:08+00:00
0,1,0,0,0,1,2022-03-01 19:04:21+00:00
0,0,0,0,0,0,2022-03-10 12:03:14+00:00
