Acquisition,Preparation,Modeling,Training,Evaluation,Prediction,time
0,0,0,0,0,0,2018-05-17 13:32:23-07:00
0,0,0,0,0,0,2018-05-17 15:51:03-05:00
0,0,0,0,0,0,2018-05-17 17:10:34-05:00
0,0,0,0,0,0,2018-05-18 18:31:24-05:00
0,0,0,0,0,0,2018-10-11 20:29:48-07:00
0,0,0,0,0,0,2018-10-13 15:37:44-07:00
0,0,0,0,0,0,2018-10-14 11:14:50-07:00
0,0,0,0,0,0,2018-10-14 19:39:09-07:00
2,0,0,0,1,0,2018-10-26 17:21:21-05:00
0,0,0,0,0,0,2018-10-28 18:58:35-07:00
0,0,0,0,0,0,2018-10-29 11:06:16-05:00
1,0,0,0,1,0,2018-11-02 22:59:16-07:00
1,1,0,1,1,0,2018-11-04 11:37:17-08:00
1,1,0,1,1,0,2018-11-10 13:39:54-08:00
1,1,0,0,0,0,2019-01-11 16:51:45-06:00
1,0,0,0,0,0,2019-03-15 11:55:31-05:00
1,3,1,2,0,1,2019-03-15 16:35:25-05:00
0,1,1,1,1,1,2019-04-05 17:18:22-05:00
1,3,0,1,1,0,2019-04-14 17:31:23-07:00
3,3,0,0,0,0,2019-04-15 17:43:53-05:00
0,0,0,0,0,0,2019-04-15 18:21:14-05:00
0,0,0,0,0,0,2019-04-15 18:36:19-07:00
0,0,0,0,0,0,2019-04-15 21:54:54-07:00
0,0,0,0,0,0,2019-04-16 18:50:59-05:00
0,0,0,0,0,0,2019-04-16 18:52:12-05:00
0,0,0,0,0,0,2019-04-16 18:52:28-05:00
0,0,0,0,0,0,2019-04-16 21:00:51-07:00
0,0,0,0,0,0,2019-04-16 21:01:22-07:00
0,0,0,0,0,0,2019-04-16 21:22:00-07:00
0,0,0,0,0,0,2019-04-17 18:56:18-05:00
0,0,0,0,0,0,2019-04-17 18:46:30-07:00
0,0,0,0,0,0,2019-04-18 18:53:35-05:00
0,0,0,0,0,0,2019-04-20 13:25:32-07:00
0,0,0,0,0,0,2019-04-22 15:58:48-05:00
0,0,0,0,0,0,2019-04-22 15:59:19-05:00
0,0,0,0,0,0,2019-04-22 17:27:55-05:00
0,0,0,0,0,0,2019-04-22 19:38:30-07:00
0,0,0,0,0,0,2019-04-23 17:30:56-05:00
0,0,0,0,0,0,2019-04-23 21:54:27-07:00
0,0,0,0,0,0,2019-04-24 16:20:24-05:00
0,0,0,0,0,0,2019-04-24 16:36:28-05:00
0,0,0,0,0,0,2019-04-24 20:32:02-07:00
0,0,0,0,0,0,2019-04-24 22:06:31-07:00
0,0,0,0,0,0,2019-04-26 17:18:42-05:00
0,0,0,0,0,0,2019-05-01 21:45:48-07:00
0,0,0,0,0,0,2019-05-02 17:14:56-05:00
0,0,0,0,0,0,2019-05-05 17:09:56-07:00
0,0,0,0,0,0,2019-05-06 21:15:31-07:00
0,0,0,0,0,0,2019-05-09 16:58:39-05:00
0,0,0,0,0,0,2019-08-13 14:18:24-05:00
0,0,0,0,0,0,2019-09-08 19:24:46-07:00
0,0,0,0,0,0,2019-09-08 19:25:02-07:00
0,1,0,0,0,0,2019-09-29 11:46:54-07:00
0,7,0,0,0,0,2019-09-29 14:21:40-07:00
0,0,0,0,0,0,2019-09-29 14:23:39-07:00
0,0,0,0,0,0,2019-09-29 14:25:05-07:00
0,0,0,0,0,0,2019-10-03 21:51:55-07:00
0,1,0,0,0,0,2019-10-04 17:43:46-05:00
0,0,0,0,0,0,2019-10-04 22:02:20-07:00
0,1,0,0,0,0,2019-10-05 12:41:01-07:00
0,4,0,0,0,0,2019-10-06 16:16:34-07:00
0,3,0,0,0,0,2019-10-06 20:08:03-07:00
0,2,0,0,0,0,2019-11-11 21:55:54-08:00
0,0,0,0,0,0,2019-11-13 21:56:09-08:00
0,0,0,0,0,0,2019-11-21 15:57:06-08:00
0,0,0,0,0,0,2020-04-24 11:53:48-07:00
0,3,1,1,1,1,2020-04-24 11:55:11-07:00
0,0,0,0,0,0,2020-04-24 12:05:54-07:00
2,2,1,1,1,1,2020-05-03 19:08:08-07:00
0,0,0,0,0,0,2020-05-04 13:36:17-07:00
