Acquisition,Preparation,Modeling,Training,Evaluation,Prediction,time
1,2,0,0,0,0,2019-06-12 21:25:47+02:00
0,0,0,0,0,0,2019-06-14 10:54:23+02:00
0,2,0,0,0,0,2019-06-14 22:54:41+02:00
0,0,0,0,0,0,2019-06-14 22:54:50+02:00
0,0,0,0,0,0,2019-06-15 15:01:23+02:00
0,0,0,0,0,0,2019-06-27 19:52:36+02:00
0,0,0,0,0,0,2019-06-27 19:52:44+02:00
0,0,0,0,0,0,2019-06-27 20:24:02+02:00
1,7,1,1,1,1,2020-01-06 16:36:15+01:00
0,0,0,0,0,0,2020-01-06 16:36:18+01:00
0,1,0,0,0,0,2020-01-06 16:42:27+01:00
14,40,34,30,8,20,2020-01-09 20:41:40+01:00
4,8,3,3,1,3,2020-01-11 15:10:53+01:00
2,7,2,2,2,2,2020-01-11 15:12:53+01:00
0,0,0,0,0,0,2020-01-11 15:14:14+01:00
0,0,0,0,0,0,2020-01-11 15:18:27+01:00
12,36,31,27,7,17,2020-01-11 15:19:55+01:00
0,0,0,0,0,0,2020-01-11 15:20:36+01:00
0,0,0,0,0,0,2020-01-11 15:21:11+01:00
0,0,0,0,0,0,2020-01-11 15:22:00+01:00
0,0,0,0,0,0,2020-01-11 15:22:15+01:00
0,0,0,0,0,0,2020-01-11 15:23:06+01:00
1,1,1,1,1,1,2020-01-11 17:56:48+01:00
3,2,1,1,1,1,2020-01-12 11:32:12+01:00
0,2,0,0,0,0,2020-01-12 11:33:11+01:00
0,1,0,0,0,0,2020-01-12 11:34:46+01:00
0,3,0,0,0,0,2020-01-12 19:25:45+01:00
1,0,0,0,0,0,2020-01-12 19:26:07+01:00
0,0,0,0,0,0,2020-01-12 19:34:31+01:00
1,5,0,0,0,0,2020-01-18 17:54:55+01:00
3,5,1,1,1,1,2020-01-18 17:56:56+01:00
1,2,1,1,1,1,2020-01-18 18:08:42+01:00
1,3,0,0,0,0,2020-01-19 19:47:37+01:00
0,1,0,0,0,0,2020-01-19 19:48:12+01:00
2,5,1,1,1,3,2020-01-19 19:48:48+01:00
0,1,0,0,0,0,2020-01-21 22:41:34+01:00
1,4,0,0,0,1,2020-01-21 22:42:46+01:00
1,3,1,1,1,2,2020-01-21 22:45:18+01:00
1,1,1,1,1,2,2020-01-21 22:51:53+01:00
1,1,0,1,0,1,2020-01-24 13:26:22+01:00
1,3,1,1,1,2,2020-01-24 13:26:54+01:00
1,5,1,1,0,2,2020-02-02 21:59:58+01:00
0,0,0,0,0,0,2020-02-03 09:47:17+01:00
1,3,0,1,0,2,2020-02-03 22:33:18+01:00
0,2,0,0,0,1,2020-02-04 22:38:55+01:00
0,1,0,0,0,0,2020-02-04 22:39:09+01:00
0,1,0,0,0,1,2020-02-05 22:02:39+01:00
0,1,1,1,0,0,2020-02-05 22:03:06+01:00
2,4,1,2,0,2,2020-02-05 22:03:41+01:00
2,3,1,2,0,1,2020-02-05 22:34:12+01:00
0,0,0,0,0,1,2020-02-09 17:30:59+00:00
5,8,3,5,0,3,2020-02-09 17:31:19+00:00
1,6,0,0,0,0,2020-02-09 17:31:50+00:00
2,9,1,2,1,2,2020-02-09 17:33:11+00:00
0,0,0,0,0,0,2020-02-09 17:33:25+00:00
0,3,1,2,0,1,2020-02-09 19:15:06+00:00
0,0,0,0,0,0,2020-02-12 22:28:58+01:00
0,0,0,0,0,0,2020-02-12 22:24:28+01:00
2,3,0,0,0,2,2020-02-13 11:11:13+01:00
0,0,0,0,0,0,2020-02-13 11:11:40+01:00
2,5,0,3,0,4,2020-02-23 17:45:17+01:00
0,4,0,3,0,2,2020-02-25 15:55:18+01:00
0,0,0,0,0,0,2020-02-25 15:56:56+01:00
0,1,1,1,0,0,2020-03-05 21:07:16+01:00
2,4,0,2,0,4,2020-03-05 21:07:45+01:00
0,0,0,0,0,0,2020-03-05 21:07:55+01:00
0,1,0,0,0,0,2020-03-14 12:11:07+01:00
1,2,1,1,0,1,2020-03-14 12:11:25+01:00
0,1,0,0,0,1,2020-03-14 12:11:57+01:00
0,2,0,1,0,1,2020-03-14 12:12:25+01:00
0,0,0,0,0,0,2020-03-14 12:13:16+01:00
1,7,1,3,0,2,2020-03-14 13:57:37+01:00
1,3,1,3,0,2,2020-03-14 16:12:22+01:00
0,0,0,0,0,0,2020-03-19 23:07:07+01:00
0,0,0,0,0,0,2020-03-19 23:07:21+01:00
0,1,0,0,0,0,2020-03-19 23:07:33+01:00
3,4,0,2,0,3,2020-03-19 23:08:00+01:00
0,0,0,0,0,0,2020-03-19 23:27:25+01:00
4,4,0,1,0,2,2020-03-19 23:27:48+01:00
1,1,0,0,0,1,2020-03-19 23:40:36+01:00
0,2,1,1,0,1,2020-03-19 23:45:56+01:00
0,1,0,1,0,1,2020-03-21 11:40:49+01:00
2,12,1,3,0,3,2020-03-21 11:40:59+01:00
1,1,0,0,0,1,2020-03-21 11:55:26+01:00
1,4,1,3,0,2,2020-03-21 12:59:31+01:00
1,1,0,0,0,0,2020-03-21 13:02:39+01:00
1,2,0,0,0,1,2020-03-21 23:38:02+01:00
0,0,0,0,0,0,2020-03-21 23:38:14+01:00
1,1,0,0,0,1,2020-03-21 23:41:48+01:00
8,28,3,6,1,6,2020-03-25 21:45:53+01:00
7,23,1,5,0,5,2020-03-28 19:40:28+01:00
0,0,0,0,0,0,2020-03-28 19:46:27+01:00
0,0,0,0,0,0,2020-03-28 19:49:13+01:00
0,0,0,0,0,0,2020-03-28 19:50:43+01:00
10,29,2,4,0,6,2020-03-29 15:47:45+02:00
0,0,0,0,0,0,2020-04-02 23:35:09+02:00
1,2,0,0,0,1,2020-04-05 16:13:28+01:00
0,0,0,0,0,0,2020-04-05 16:13:31+01:00
1,1,0,0,0,0,2020-04-05 18:25:51+01:00
0,0,0,0,0,0,2020-04-05 18:26:03+01:00
1,2,0,0,0,1,2020-04-05 19:13:20+01:00
0,1,0,0,0,1,2020-04-05 19:13:40+01:00
6,6,1,0,0,0,2020-04-06 12:55:01+01:00
4,10,1,4,0,4,2020-04-23 10:26:20+01:00
0,0,0,0,0,0,2020-04-23 10:33:10+01:00
0,0,0,0,0,0,2020-04-23 10:43:51+01:00
0,0,0,0,0,0,2020-04-23 10:54:09+01:00
0,0,0,0,0,0,2020-04-23 11:01:03+01:00
0,0,0,0,0,0,2020-04-23 11:12:25+01:00
0,0,0,0,0,0,2020-04-23 11:19:46+01:00
0,0,0,0,0,0,2020-04-23 11:25:46+01:00
0,0,0,0,0,0,2020-04-23 11:31:32+01:00
0,0,0,0,0,0,2020-04-23 11:39:56+01:00
0,0,0,0,0,0,2020-04-23 11:49:04+01:00
0,0,0,0,0,0,2020-04-23 11:54:17+01:00
0,0,0,0,0,0,2020-04-23 11:59:36+01:00
0,0,0,0,0,0,2020-04-23 12:03:33+01:00
0,0,0,0,0,0,2020-04-23 12:17:18+01:00
0,0,0,0,0,0,2020-04-23 12:21:36+01:00
1,4,0,2,0,2,2020-04-27 15:46:23+01:00
0,0,0,0,0,0,2020-04-27 15:46:37+01:00
0,0,0,0,0,0,2020-04-27 15:47:14+01:00
0,0,0,0,0,0,2020-04-27 15:50:25+01:00
0,0,0,0,0,0,2020-04-27 15:51:10+01:00
0,0,0,0,0,0,2020-04-27 15:55:19+01:00
0,0,0,0,0,0,2020-04-27 16:05:01+01:00
0,0,0,0,0,0,2020-04-27 17:44:00+01:00
1,2,0,1,0,1,2020-04-27 17:51:41+01:00
1,1,0,0,0,0,2020-04-27 18:01:16+01:00
0,0,0,0,0,0,2020-04-27 18:10:52+01:00
0,0,0,0,0,0,2020-04-27 18:19:07+01:00
0,0,0,0,0,0,2020-04-27 18:31:44+01:00
0,0,0,0,0,0,2020-04-27 18:35:08+01:00
0,0,0,0,0,0,2020-04-27 18:38:28+01:00
0,0,0,0,0,0,2020-04-27 18:42:02+01:00
0,0,0,0,0,0,2020-04-27 18:54:11+01:00
0,0,0,0,0,0,2020-04-27 19:01:49+01:00
0,0,0,0,0,0,2020-04-27 20:44:23+01:00
0,0,0,0,0,0,2020-04-27 20:52:51+01:00
0,0,0,0,0,0,2020-04-27 21:02:15+01:00
0,0,0,0,0,0,2020-04-27 21:06:09+01:00
0,0,0,0,0,0,2020-04-27 21:16:02+01:00
0,0,0,0,0,0,2020-04-27 21:19:48+01:00
0,0,0,0,0,0,2020-04-27 21:30:27+01:00
0,0,0,0,0,0,2020-04-27 22:39:34+01:00
0,0,0,0,0,0,2020-04-27 22:56:34+01:00
0,0,0,0,0,0,2020-04-27 22:56:48+01:00
1,4,0,2,0,2,2020-04-28 00:16:12+01:00
0,1,0,1,0,1,2020-04-28 13:56:52+01:00
0,0,0,0,0,0,2020-04-28 13:56:57+01:00
0,0,0,0,0,0,2020-04-28 14:04:11+01:00
0,0,0,0,0,0,2020-04-28 14:09:26+01:00
0,0,0,0,0,0,2020-04-28 14:41:24+01:00
6,12,1,4,0,6,2020-05-05 12:57:07+01:00
0,0,0,0,0,0,2020-05-05 13:26:16+01:00
0,0,0,0,0,0,2020-05-05 13:56:23+01:00
0,0,0,0,0,0,2020-05-05 14:00:35+01:00
0,0,0,0,0,0,2020-05-05 14:03:12+01:00
0,0,0,0,0,0,2020-05-05 16:47:51+01:00
0,0,0,0,0,0,2020-05-05 16:55:33+01:00
0,0,0,0,0,0,2020-05-05 17:07:59+01:00
0,0,0,0,0,0,2020-05-05 17:15:07+01:00
0,0,0,0,0,0,2020-05-05 17:17:33+01:00
0,0,0,0,0,0,2020-05-05 17:25:41+01:00
1,0,0,0,0,0,2020-05-05 17:37:38+01:00
0,0,0,0,0,0,2020-05-05 17:54:05+01:00
0,0,0,0,0,0,2020-05-05 17:58:03+01:00
0,0,0,0,0,0,2020-05-05 18:03:51+01:00
0,0,0,0,0,0,2020-05-05 18:07:54+01:00
0,0,0,0,0,0,2020-05-05 18:08:05+01:00
0,0,0,0,0,0,2020-05-05 18:14:46+01:00
0,0,0,0,0,0,2020-05-05 18:31:21+01:00
0,0,0,0,0,0,2020-05-05 18:33:26+01:00
1,1,1,1,0,1,2020-05-05 20:27:55+01:00
0,0,0,0,0,0,2020-05-06 12:36:22+01:00
0,0,0,0,0,0,2020-05-06 14:00:39+01:00
0,0,0,0,0,0,2020-05-06 14:43:01+01:00
6,8,1,4,0,5,2020-05-06 18:10:56+01:00
3,4,1,2,0,2,2020-05-06 19:16:54+01:00
1,1,0,0,0,1,2020-05-06 19:26:51+01:00
4,4,1,2,0,2,2020-05-06 21:27:11+01:00
0,0,0,0,0,0,2020-05-06 21:41:19+01:00
1,1,0,0,0,1,2020-05-06 21:44:33+01:00
4,4,0,0,0,0,2020-05-07 10:07:38+01:00
1,1,0,0,0,1,2020-05-07 10:10:13+01:00
8,20,3,5,0,5,2020-05-07 10:40:51+01:00
2,1,1,0,0,0,2020-05-07 10:51:32+01:00
2,1,1,0,0,0,2020-05-07 10:56:02+01:00
8,20,3,5,0,5,2020-05-07 10:58:59+01:00
0,0,0,0,0,0,2020-05-07 11:03:09+01:00
3,2,1,0,0,0,2020-05-07 11:10:45+01:00
0,0,0,0,0,0,2020-05-07 11:14:22+01:00
0,0,0,0,0,0,2020-05-07 11:38:08+01:00
0,0,0,0,0,0,2020-05-07 11:46:45+01:00
0,0,0,0,0,0,2020-05-07 11:59:13+01:00
0,0,0,0,0,0,2020-05-07 12:55:27+01:00
0,0,0,0,0,0,2020-05-11 12:07:20+01:00
0,2,2,2,0,1,2020-05-13 15:09:07+01:00
0,0,0,0,0,0,2020-05-13 15:09:12+01:00
1,2,0,0,0,1,2020-05-13 18:45:02+01:00
1,1,0,0,0,0,2020-05-13 19:18:44+01:00
1,2,0,0,0,1,2020-05-13 19:28:21+01:00
0,0,0,0,0,0,2020-05-13 19:28:45+01:00
2,3,0,0,0,1,2020-05-13 19:46:36+01:00
0,0,0,0,0,0,2020-05-13 19:53:42+01:00
0,0,0,0,0,0,2020-05-13 19:54:58+01:00
0,0,0,0,0,0,2020-05-13 19:55:13+01:00
0,1,0,0,0,0,2020-05-16 13:07:15+01:00
0,0,0,0,0,0,2020-05-16 13:38:09+01:00
0,0,0,0,0,0,2020-05-16 13:41:58+01:00
0,0,0,0,0,0,2020-05-16 13:50:51+01:00
0,0,0,0,0,0,2020-05-16 13:51:12+01:00
0,0,0,0,0,0,2020-05-16 13:59:41+01:00
1,1,0,1,0,1,2020-05-16 15:13:09+01:00
1,1,0,0,0,0,2020-05-16 15:13:24+01:00
0,0,0,0,0,0,2020-05-16 15:13:45+01:00
0,0,0,0,0,0,2020-05-16 15:40:05+01:00
2,2,0,1,0,1,2020-05-16 16:16:16+01:00
0,0,0,0,0,0,2020-05-16 16:29:58+01:00
1,1,0,0,0,0,2020-05-16 16:47:06+01:00
0,0,0,0,0,0,2020-05-16 16:59:23+01:00
0,0,0,0,0,0,2020-05-16 16:59:44+01:00
0,0,0,0,0,0,2020-05-16 17:25:22+01:00
1,1,0,0,0,0,2020-05-16 18:41:40+01:00
1,1,0,0,0,0,2020-05-16 18:48:27+01:00
0,0,0,0,0,0,2020-05-16 18:54:59+01:00
1,1,0,0,0,0,2020-05-16 19:13:09+01:00
0,0,0,0,0,0,2020-05-16 19:29:02+01:00
1,1,0,0,0,0,2020-05-16 19:34:18+01:00
1,1,0,0,0,0,2020-05-16 19:41:05+01:00
0,0,0,0,0,0,2020-05-17 10:55:54+01:00
0,0,0,0,0,0,2020-05-17 11:00:55+01:00
0,0,0,0,0,0,2020-05-17 11:03:39+01:00
0,0,0,0,0,0,2020-05-17 11:08:36+01:00
0,0,0,0,0,0,2020-05-17 11:12:24+01:00
0,0,0,0,0,0,2020-05-17 11:38:06+01:00
0,0,0,0,0,0,2020-05-17 11:49:15+01:00
1,2,0,0,0,0,2020-05-17 12:49:47+01:00
0,0,0,0,0,0,2020-05-17 12:51:07+01:00
0,0,0,0,0,0,2020-05-17 12:55:08+01:00
0,1,0,0,0,0,2020-05-17 12:59:10+01:00
0,0,0,0,0,0,2020-05-17 13:10:44+01:00
0,0,0,0,0,0,2020-05-17 13:22:56+01:00
0,0,0,0,0,0,2020-05-17 13:40:44+01:00
0,0,0,0,0,0,2020-05-17 13:54:45+01:00
0,0,0,0,0,0,2020-05-17 14:03:50+01:00
0,0,0,0,0,0,2020-05-18 10:40:30+01:00
0,0,0,0,0,0,2020-05-18 10:51:07+01:00
