Acquisition,Preparation,Modeling,Training,Evaluation,Prediction,time
8,11,5,2,1,2,2021-05-08 10:41:54+02:00
2,2,0,0,0,1,2021-05-08 10:43:55+02:00
2,1,0,0,0,0,2021-05-08 12:04:37+02:00
1,2,0,0,0,0,2021-05-08 14:19:25+02:00
2,3,2,2,0,0,2021-05-09 09:14:21+02:00
1,2,1,1,0,0,2021-05-09 10:27:55+02:00
1,1,1,1,0,0,2021-05-09 21:37:32+02:00
2,2,2,2,0,0,2021-05-10 00:09:40+02:00
1,1,1,1,0,0,2021-05-10 00:15:10+02:00
1,1,1,1,0,0,2021-05-10 00:15:37+02:00
3,4,2,1,1,1,2021-05-10 18:28:32+02:00
0,0,0,0,0,0,2021-05-10 19:01:31+02:00
2,2,1,1,1,1,2021-05-10 20:08:33+02:00
1,1,1,1,0,0,2021-05-10 20:14:35+02:00
1,1,1,1,0,0,2021-05-10 20:22:23+02:00
0,0,0,0,0,0,2021-05-10 20:31:47+02:00
0,2,0,0,0,1,2021-05-11 12:31:27+02:00
2,3,1,1,0,0,2021-05-11 15:10:31+02:00
0,0,0,0,0,0,2021-05-11 15:17:12+02:00
0,0,0,0,0,0,2021-05-11 15:29:07+02:00
0,0,0,0,0,0,2021-05-11 16:03:16+02:00
1,1,1,1,0,0,2021-05-11 16:12:37+02:00
1,1,1,1,0,0,2021-05-11 16:17:39+02:00
3,3,2,1,1,1,2021-05-12 10:00:30+02:00
0,0,0,0,0,0,2021-05-12 10:10:45+02:00
0,0,0,0,0,0,2021-05-12 10:51:20+02:00
0,0,0,0,0,0,2021-05-12 11:04:11+02:00
1,2,0,0,0,2,2021-05-12 13:26:32+02:00
3,3,1,1,0,2,2021-05-12 15:25:34+02:00
1,1,0,0,0,0,2021-05-12 15:44:15+02:00
0,0,0,0,0,0,2021-05-12 15:49:55+02:00
0,0,0,0,0,0,2021-05-12 16:38:16+02:00
2,2,2,1,0,0,2021-05-12 16:38:52+02:00
0,0,0,0,0,0,2021-05-12 16:50:28+02:00
0,0,0,0,0,0,2021-05-12 16:59:06+02:00
1,1,1,0,0,0,2021-05-12 22:00:59+02:00
0,0,0,0,0,0,2021-05-12 22:54:10+02:00
0,0,0,0,0,0,2021-05-12 23:07:18+02:00
0,0,0,0,0,0,2021-05-12 23:21:28+02:00
2,3,3,1,0,0,2021-05-13 10:43:15+02:00
1,1,1,0,0,0,2021-05-13 12:57:45+02:00
1,2,2,0,0,0,2021-05-13 12:59:20+02:00
0,0,0,0,0,0,2021-05-13 13:01:20+02:00
0,0,0,0,0,0,2021-05-13 13:06:26+02:00
0,0,0,0,0,0,2021-05-13 13:20:46+02:00
0,0,0,0,0,0,2021-05-13 16:29:57+02:00
1,1,1,0,0,0,2021-05-13 16:30:55+02:00
1,1,1,1,0,0,2021-05-13 16:31:03+02:00
0,0,0,0,0,0,2021-05-13 17:31:03+02:00
0,0,0,0,0,0,2021-05-13 17:38:03+02:00
0,0,0,0,0,0,2021-05-14 08:44:53+02:00
2,3,0,0,1,3,2021-05-14 10:38:50+02:00
0,0,0,0,0,0,2021-05-14 11:45:53+02:00
1,1,0,0,1,1,2021-05-14 11:58:45+02:00
1,1,1,1,0,0,2021-05-14 12:03:52+02:00
0,0,0,0,0,0,2021-05-14 14:06:26+02:00
0,0,0,0,0,0,2021-05-15 09:52:56+02:00
0,0,0,0,0,0,2021-05-16 09:20:01+02:00
1,1,1,1,0,0,2021-05-16 09:22:39+02:00
1,1,1,1,0,0,2021-05-16 19:47:53+02:00
1,1,1,1,0,0,2021-05-17 08:55:12+02:00
0,0,0,0,0,0,2021-05-17 09:00:25+02:00
1,1,1,1,0,0,2021-05-17 10:09:24+02:00
0,0,0,0,0,0,2021-05-17 10:41:23+02:00
0,0,0,0,0,0,2021-05-17 11:02:38+02:00
0,0,0,0,0,0,2021-05-17 11:06:25+02:00
1,1,1,1,0,0,2021-05-17 12:00:49+02:00
0,0,0,0,0,0,2021-05-17 13:17:53+02:00
1,1,1,1,0,0,2021-05-17 13:34:45+02:00
0,0,0,0,0,0,2021-05-17 14:04:05+02:00
1,1,1,1,0,0,2021-05-17 14:11:19+02:00
1,1,1,1,0,0,2021-05-17 14:19:54+02:00
1,1,1,1,0,0,2021-05-17 14:34:33+02:00
1,1,1,1,0,0,2021-05-17 14:41:08+02:00
0,0,0,0,0,0,2021-05-17 18:24:04+02:00
0,0,0,0,0,0,2021-05-17 22:26:09+02:00
0,0,0,0,0,0,2021-05-18 09:44:06+02:00
0,0,0,0,0,0,2021-05-18 09:53:02+02:00
0,0,0,0,0,0,2021-05-18 10:09:08+02:00
0,0,0,0,0,0,2021-05-18 10:15:54+02:00
0,0,0,0,0,0,2021-05-18 10:50:12+02:00
1,2,0,0,0,2,2021-05-18 11:22:24+02:00
1,2,0,0,0,2,2021-05-18 11:50:10+02:00
1,2,1,1,0,1,2021-05-18 11:59:45+02:00
0,1,0,0,0,1,2021-05-18 12:08:47+02:00
0,1,0,0,0,1,2021-05-18 12:32:17+02:00
0,1,0,0,0,1,2021-05-18 12:41:50+02:00
1,1,1,1,0,0,2021-05-18 12:57:05+02:00
0,0,0,0,0,0,2021-05-18 12:58:34+02:00
0,0,0,0,0,0,2021-05-18 13:41:26+02:00
0,0,0,0,0,0,2021-05-18 13:45:31+02:00
0,0,0,0,0,0,2021-05-18 13:57:27+02:00
0,0,0,0,0,0,2021-05-18 14:01:33+02:00
0,0,0,0,0,0,2021-05-18 14:03:26+02:00
0,0,0,0,0,0,2021-05-18 15:23:51+02:00
0,0,0,0,0,0,2021-05-18 17:36:19+02:00
0,0,0,0,0,0,2021-05-18 22:48:33+02:00
0,0,0,0,0,0,2021-05-18 23:48:27+02:00
2,3,0,0,0,3,2021-05-19 09:28:37+02:00
1,2,1,1,0,1,2021-05-19 11:55:31+02:00
1,1,1,1,0,0,2021-05-19 20:13:51+02:00
2,2,1,1,0,1,2021-05-19 20:26:29+02:00
1,1,0,0,0,1,2021-05-20 15:23:59+02:00
0,0,0,0,0,0,2021-05-21 08:37:58+02:00
0,0,0,0,0,0,2021-05-21 11:03:35+02:00
1,1,0,0,0,1,2021-05-21 11:26:17+02:00
0,0,0,0,0,0,2021-05-21 11:29:27+02:00
0,0,0,0,0,0,2021-05-21 13:16:01+02:00
0,0,0,0,0,0,2021-05-21 13:19:54+02:00
0,0,0,0,0,0,2021-05-21 13:26:21+02:00
0,0,0,0,0,0,2021-05-21 14:09:28+02:00
1,1,1,1,0,0,2021-05-21 21:49:08+02:00
1,1,1,1,0,0,2021-05-21 21:51:35+02:00
0,0,0,0,0,0,2021-05-21 22:26:27+02:00
0,0,0,0,0,0,2021-05-21 22:28:32+02:00
0,0,0,0,0,0,2021-05-21 22:44:41+02:00
0,0,0,0,0,0,2021-05-21 22:48:31+02:00
0,0,0,0,0,0,2021-05-21 23:07:37+02:00
0,0,0,0,0,0,2021-05-22 10:08:13+02:00
0,0,0,0,0,0,2021-05-22 10:11:43+02:00
0,0,0,0,0,0,2021-05-22 10:21:39+02:00
0,0,0,0,0,0,2021-05-22 10:26:26+02:00
0,0,0,0,0,0,2021-06-15 18:26:56+02:00
0,0,0,0,0,0,2021-06-15 18:31:13+02:00
