Acquisition,Preparation,Modeling,Training,Evaluation,Prediction,time
3,13,2,6,0,6,2018-05-01 19:40:43+09:00
0,0,0,0,0,0,2018-05-01 19:44:06+09:00
1,1,0,1,0,1,2018-05-07 14:06:17+09:00
0,1,0,1,0,0,2018-05-07 14:32:52+09:00
0,1,0,1,0,0,2018-05-07 14:35:15+09:00
0,1,0,1,0,0,2018-05-07 15:15:11+09:00
0,0,0,0,0,0,2018-05-20 09:17:27+09:00
0,0,0,0,0,0,2018-05-20 09:18:11+09:00
0,1,0,1,0,0,2018-05-30 01:05:40+09:00
0,0,0,0,0,0,2018-05-30 01:06:26+09:00
1,1,0,1,0,0,2018-05-30 01:55:44+09:00
0,0,0,0,0,0,2018-05-30 09:34:15+09:00
1,1,0,1,0,0,2018-05-30 12:45:07+09:00
0,1,0,1,0,0,2018-05-30 12:52:41+09:00
1,1,0,1,0,0,2018-05-30 15:53:16+09:00
0,0,0,0,0,0,2018-05-30 22:59:52+09:00
1,1,0,1,0,0,2018-05-31 09:08:35+09:00
0,0,0,0,0,2,2018-06-01 22:42:11+09:00
1,1,0,1,0,0,2018-06-02 07:13:07+09:00
0,0,0,0,0,2,2018-06-07 12:42:23+09:00
1,1,0,0,0,0,2018-11-04 17:14:16+09:00
0,0,0,0,0,0,2018-11-04 17:14:24+09:00
0,0,0,0,0,0,2019-04-16 17:26:35+09:00
1,2,0,2,0,0,2019-08-12 19:32:41+09:00
0,0,0,0,0,0,2019-08-13 17:10:01+09:00
0,0,0,0,0,0,2019-08-13 17:12:57+09:00
6,13,3,7,0,8,2020-03-05 16:45:01+09:00
3,3,1,2,0,3,2020-03-07 10:25:03+09:00
4,5,1,2,0,4,2020-03-07 11:18:54+09:00
1,1,0,1,0,1,2020-03-07 13:48:56+09:00
2,2,1,2,0,3,2020-03-07 14:45:15+09:00
1,1,0,1,0,1,2020-03-07 16:40:38+09:00
1,1,0,1,0,1,2020-03-08 13:17:23+09:00
1,1,0,1,0,1,2020-03-08 13:18:12+09:00
3,4,1,2,0,4,2020-03-11 09:27:02+09:00
0,1,0,0,0,1,2020-03-11 09:57:25+09:00
3,3,1,2,0,2,2020-03-12 15:06:55+09:00
1,1,0,1,0,1,2020-03-12 15:29:36+09:00
1,1,0,1,0,1,2020-03-12 15:30:04+09:00
1,1,1,1,0,1,2020-03-12 17:29:21+09:00
2,2,1,2,0,2,2020-03-12 18:19:36+09:00
1,1,0,1,0,1,2020-03-13 08:19:44+09:00
1,1,0,1,0,1,2020-03-13 17:52:46+09:00
2,2,1,1,0,1,2020-03-14 11:05:44+09:00
2,3,0,0,0,2,2020-04-01 12:17:12+09:00
0,0,0,0,0,0,2020-04-01 03:18:42+00:00
0,0,0,0,0,0,2020-04-01 03:18:42+00:00
0,0,0,0,0,0,2020-04-01 12:20:36+09:00
0,0,0,0,0,0,2020-04-01 12:20:48+09:00
0,0,0,0,0,0,2020-04-01 12:35:56+09:00
0,0,0,0,0,0,2020-05-31 10:06:22+00:00
1,1,0,0,0,0,2020-07-22 01:06:16+00:00
1,1,0,0,0,0,2020-10-21 05:58:55+00:00
1,1,0,0,0,0,2020-10-21 08:50:29+00:00
3,3,1,2,0,3,2021-01-26 12:43:28+00:00
6,6,3,3,0,5,2021-07-29 21:54:13+09:00
0,0,0,0,0,0,2021-09-20 10:40:44+09:00
1,1,1,1,0,0,2021-10-25 22:44:11+09:00
0,0,0,0,0,0,2021-10-25 22:44:39+09:00
3,4,1,1,0,4,2021-10-25 23:14:52+09:00
0,1,0,0,0,2,2021-11-10 11:26:22+09:00
0,0,0,0,0,0,2021-11-12 04:25:55+00:00
4,5,3,3,0,4,2021-12-10 18:23:38+09:00
0,0,0,0,0,0,2021-12-10 18:43:19+09:00
1,1,1,1,0,0,2021-12-10 18:53:45+09:00
5,6,4,4,1,5,2021-12-17 15:26:13+09:00
0,0,0,0,0,0,2021-12-17 15:27:36+09:00
1,1,0,0,0,1,2021-12-17 15:48:19+09:00
4,5,3,3,1,6,2021-12-26 19:12:46+09:00
3,3,3,3,1,5,2021-12-30 13:00:43+09:00
4,5,4,4,1,6,2022-01-05 13:38:08+09:00
0,1,0,0,0,0,2022-01-06 13:48:46+09:00
0,0,0,0,0,0,2022-01-06 13:49:29+09:00
0,1,0,0,0,0,2022-01-06 15:02:40+09:00
0,0,0,0,0,0,2022-01-06 15:17:55+09:00
1,0,0,0,0,2,2022-01-07 18:54:14+09:00
1,1,1,1,0,0,2022-01-08 13:48:02+09:00
3,6,2,2,1,6,2022-01-09 16:14:11+09:00
3,3,1,1,0,4,2022-01-10 11:53:34+09:00
2,1,1,1,0,1,2022-01-10 18:42:14+09:00
1,1,0,0,0,1,2022-01-17 10:26:38+09:00
3,3,2,2,0,4,2022-02-17 11:38:53+09:00
0,0,0,0,0,0,2022-02-17 11:45:35+09:00
2,1,0,0,0,1,2022-02-17 12:15:05+09:00
0,0,0,0,0,0,2022-02-17 12:52:56+09:00
0,0,0,0,0,0,2022-03-19 11:42:10+09:00
0,0,0,0,0,0,2022-03-19 11:44:23+09:00
0,0,0,0,0,0,2022-03-19 11:45:40+09:00
