Acquisition,Preparation,Modeling,Training,Evaluation,Prediction,time
0,0,0,0,0,0,2019-12-25 13:54:10+09:00
0,5,0,0,0,2,2019-12-26 05:10:12+09:00
0,1,0,0,0,1,2019-12-26 11:58:28+09:00
0,1,0,0,0,1,2019-12-28 12:12:55+09:00
0,1,0,0,0,1,2019-12-28 12:21:15+09:00
0,2,0,0,0,2,2019-12-28 15:27:55+09:00
0,1,0,0,0,1,2019-12-28 15:30:58+09:00
0,1,0,0,0,1,2019-12-28 16:05:43+09:00
0,1,0,0,0,1,2019-12-30 00:05:03+09:00
0,1,0,0,0,1,2019-12-30 17:44:09+09:00
0,1,0,0,0,1,2019-12-30 20:01:44+09:00
0,2,0,0,0,2,2019-12-30 20:23:01+09:00
0,1,0,0,0,1,2019-12-30 20:24:06+09:00
0,1,0,0,0,1,2019-12-30 20:31:42+09:00
0,1,0,0,0,1,2019-12-30 20:43:43+09:00
0,1,0,0,0,1,2019-12-30 20:45:35+09:00
0,1,0,0,0,1,2019-12-30 21:11:54+09:00
0,1,0,0,0,1,2020-01-01 11:36:22+09:00
0,1,0,0,0,1,2020-01-01 11:38:26+09:00
0,1,0,0,0,1,2020-01-01 18:05:37+09:00
1,1,0,0,0,0,2020-01-01 20:02:30+09:00
1,1,0,0,0,0,2020-01-01 20:11:28+09:00
0,0,0,0,0,0,2020-01-01 21:48:22+09:00
0,1,0,0,0,1,2020-01-04 04:39:38+09:00
0,2,0,0,0,2,2020-01-11 02:41:34+09:00
0,1,0,0,0,1,2020-01-11 02:49:59+09:00
0,1,0,0,0,1,2020-01-11 03:07:26+09:00
0,0,0,0,0,0,2020-01-11 03:13:22+09:00
0,0,0,0,0,0,2020-01-11 03:36:42+09:00
0,0,0,0,0,0,2020-01-11 03:47:32+09:00
0,0,0,0,0,0,2020-01-11 04:03:32+09:00
0,0,0,0,0,0,2020-01-11 04:04:03+09:00
0,1,0,0,0,1,2020-01-11 16:46:40+09:00
0,1,0,0,0,1,2020-01-11 16:47:32+09:00
0,2,0,0,0,2,2020-01-11 17:13:52+09:00
0,1,0,0,0,1,2020-01-11 20:20:12+09:00
0,1,0,0,0,1,2020-01-11 20:21:22+09:00
0,1,0,0,0,1,2020-01-11 20:37:27+09:00
0,1,0,0,0,1,2020-01-12 11:55:49+09:00
0,2,0,0,0,2,2020-01-12 14:00:49+09:00
0,2,0,0,0,2,2020-01-13 15:42:19+09:00
1,1,0,0,0,0,2020-01-13 17:23:55+09:00
0,1,0,0,0,1,2020-01-14 02:44:30+09:00
0,1,0,0,0,1,2020-01-14 02:45:15+09:00
0,0,0,0,0,0,2020-01-14 02:52:26+09:00
1,5,0,0,0,4,2020-01-14 03:07:08+09:00
0,1,0,0,0,1,2020-01-14 11:44:18+09:00
0,1,0,0,0,1,2020-01-15 00:46:09+09:00
0,3,0,0,0,3,2020-01-16 10:19:16+09:00
0,0,0,0,0,0,2020-01-16 10:22:37+09:00
0,3,1,0,0,1,2020-01-16 22:43:53+09:00
0,2,1,0,0,1,2020-01-17 00:00:12+09:00
0,1,1,0,0,0,2020-01-17 00:02:04+09:00
0,1,0,0,0,0,2020-01-17 13:06:53+09:00
0,1,1,0,0,0,2020-01-17 14:15:34+09:00
0,1,0,0,0,0,2020-01-18 13:01:02+09:00
0,1,1,0,0,0,2020-01-19 08:25:26+09:00
0,1,1,0,0,0,2020-01-19 09:29:38+09:00
0,1,1,0,0,0,2020-01-19 10:31:03+09:00
0,1,1,0,0,0,2020-01-19 14:30:16+09:00
0,1,1,0,0,0,2020-01-19 19:32:48+09:00
0,1,1,0,0,0,2020-01-20 12:02:27+09:00
0,1,1,0,0,0,2020-01-21 09:02:59+09:00
0,2,1,0,0,1,2020-01-21 13:31:32+09:00
0,1,0,0,0,1,2020-02-01 18:18:35+09:00
0,1,0,0,0,1,2020-02-02 12:25:52+09:00
0,1,0,0,0,1,2020-02-02 16:45:25+09:00
0,0,0,0,0,0,2020-02-02 16:46:52+09:00
0,0,0,0,0,0,2020-02-02 16:49:32+09:00
0,0,0,0,0,0,2020-02-03 11:37:37+09:00
0,0,0,0,0,0,2020-02-03 15:09:51+09:00
1,2,0,1,0,1,2020-02-07 12:53:50+09:00
0,0,0,0,0,0,2020-02-07 12:57:43+09:00
0,1,0,1,0,1,2020-02-07 17:34:56+09:00
0,0,0,0,0,0,2020-02-07 17:37:56+09:00
0,0,0,0,0,0,2020-02-07 17:46:03+09:00
0,0,0,0,0,0,2020-02-07 17:58:16+09:00
0,1,0,0,0,1,2020-02-08 05:27:55+09:00
0,5,0,0,0,1,2020-02-08 14:09:00+09:00
0,0,0,0,0,0,2020-02-08 14:37:37+09:00
0,0,0,0,0,0,2020-02-08 14:44:39+09:00
1,2,0,0,0,1,2020-02-08 17:29:00+09:00
0,0,0,0,0,0,2020-02-08 18:03:21+09:00
1,2,0,1,0,1,2020-02-09 11:23:47+09:00
0,1,0,1,0,1,2020-02-09 11:25:53+09:00
0,1,0,1,0,1,2020-02-09 11:26:29+09:00
0,1,0,1,0,1,2020-02-09 11:32:28+09:00
0,0,0,0,0,0,2020-02-09 13:45:01+09:00
0,0,0,0,0,0,2020-02-09 15:48:15+09:00
0,1,0,0,0,1,2020-02-13 23:53:04+09:00
0,0,0,0,0,0,2020-02-13 23:53:14+09:00
0,1,0,0,0,1,2020-02-14 11:14:50+09:00
0,1,0,0,0,1,2020-02-14 11:34:33+09:00
0,1,0,0,0,1,2020-02-14 17:25:22+09:00
0,1,0,0,0,1,2020-02-15 09:20:34+09:00
0,1,0,0,0,1,2020-02-19 18:07:22+09:00
0,0,0,0,0,0,2020-02-23 11:55:11+09:00
0,1,0,0,0,1,2020-02-29 17:34:22+09:00
0,2,0,0,0,1,2020-05-19 13:44:21+09:00
0,1,0,0,0,0,2020-05-19 13:47:14+09:00
0,0,0,0,0,0,2020-05-19 17:01:37+09:00
0,1,0,0,0,1,2020-05-19 18:41:14+09:00
0,1,0,0,0,1,2020-05-28 00:36:12+09:00
0,1,0,0,0,1,2020-05-29 05:40:47+09:00
0,1,0,0,0,1,2020-06-02 03:19:59+09:00
0,0,0,0,0,0,2020-06-02 03:22:08+09:00
0,3,0,0,0,1,2020-07-22 11:04:58+09:00
0,2,0,0,0,1,2020-08-21 18:31:24+09:00
0,1,0,0,0,0,2020-08-21 18:36:50+09:00
0,1,0,0,0,0,2020-08-21 18:37:49+09:00
0,5,0,0,0,2,2020-08-22 03:36:26+09:00
0,2,0,0,0,2,2020-08-22 03:47:36+09:00
0,2,0,0,0,2,2020-08-22 14:40:42+09:00
0,1,0,0,0,1,2020-08-22 14:42:38+09:00
0,1,0,0,0,1,2020-08-23 05:03:58+09:00
0,1,0,0,0,1,2020-08-23 14:45:42+09:00
0,1,0,0,0,1,2020-08-23 16:31:11+09:00
0,1,0,0,0,1,2020-08-23 17:53:57+09:00
0,1,0,0,0,1,2020-08-23 17:56:43+09:00
0,1,0,0,0,1,2020-08-23 20:41:01+09:00
0,1,0,0,0,1,2020-08-24 08:21:41+09:00
0,2,0,0,0,2,2020-08-24 08:31:59+09:00
0,2,0,0,0,2,2020-09-10 08:28:46+09:00
0,2,0,0,0,1,2020-11-08 17:44:30+09:00
0,1,0,0,0,1,2020-11-08 21:33:31+09:00
0,0,0,0,0,0,2020-11-08 21:36:06+09:00
0,0,0,0,0,0,2020-11-08 21:37:31+09:00
0,1,0,0,0,1,2020-11-08 22:33:00+09:00
0,1,0,0,0,1,2020-11-08 22:59:07+09:00
0,1,0,0,0,1,2020-11-08 23:00:05+09:00
0,1,0,0,0,1,2020-11-08 23:10:24+09:00
0,1,0,0,0,1,2020-11-08 23:24:25+09:00
0,1,0,0,0,1,2020-11-08 23:25:31+09:00
0,1,0,0,0,1,2020-11-09 09:32:56+09:00
0,1,0,0,0,1,2020-11-09 09:34:22+09:00
0,0,0,0,0,0,2020-11-09 10:55:02+09:00
0,0,0,0,0,0,2020-11-09 15:31:09+09:00
1,2,1,1,0,1,2020-11-16 12:30:27+09:00
0,0,0,0,0,0,2021-09-08 02:44:54+00:00
0,0,0,0,0,0,2021-09-08 15:13:03+09:00
0,0,0,0,0,0,2021-09-08 06:19:15+00:00
0,0,0,0,0,0,2021-11-17 10:35:19+09:00
