Acquisition,Preparation,Modeling,Training,Evaluation,Prediction,time
0,1,0,0,0,0,2019-03-03 23:20:36+05:18
0,1,0,0,0,0,2019-03-03 23:38:58+05:18
1,0,0,0,0,0,2019-03-09 02:08:31+05:18
1,1,0,0,0,0,2019-03-09 22:19:16+05:18
0,0,0,0,0,0,2019-03-11 02:11:20+05:18
0,1,0,0,0,0,2019-03-11 17:50:35+05:18
0,1,0,0,0,0,2019-03-11 19:50:07+05:18
1,1,0,0,0,0,2019-03-12 02:38:43+05:18
0,0,0,0,0,0,2019-03-13 19:02:52+05:18
0,1,0,0,0,0,2019-03-14 10:25:42+05:18
0,1,0,0,0,0,2019-03-17 01:22:22+05:18
0,1,0,0,0,0,2019-03-17 19:55:05+05:18
0,0,0,0,0,0,2019-03-18 00:32:15+05:18
0,0,0,0,0,0,2019-03-18 22:26:09+05:18
0,0,0,0,0,0,2019-03-18 22:29:16+05:18
0,0,0,0,0,0,2019-03-18 22:31:59+05:18
0,0,0,0,0,0,2019-03-18 22:37:32+05:18
0,0,0,0,0,0,2019-03-18 22:38:58+05:18
0,0,0,0,0,0,2019-03-19 19:52:56+05:18
0,1,0,0,0,0,2019-03-21 09:21:31+05:18
0,0,0,0,0,0,2019-03-21 09:23:49+05:18
0,0,0,0,0,0,2019-03-21 18:52:50+05:18
0,0,0,0,0,0,2019-03-21 18:54:00+05:18
0,1,0,0,0,0,2019-03-26 14:57:27+05:18
0,1,0,0,0,0,2019-03-26 21:47:29+05:18
1,1,0,0,0,0,2019-03-26 22:24:28+05:18
0,1,0,0,0,0,2019-03-28 09:23:49+05:18
0,0,0,0,0,0,2019-03-28 09:33:13+05:18
0,0,0,0,0,0,2019-03-30 15:41:03+05:18
0,1,0,0,0,0,2019-03-30 15:44:44+05:18
0,0,0,0,0,0,2019-03-30 15:47:28+05:18
1,0,0,0,0,0,2019-03-30 15:50:39+05:18
0,1,0,0,0,0,2019-03-30 21:03:45+05:18
0,0,0,0,0,0,2019-03-30 21:05:00+05:18
0,0,0,0,0,0,2019-03-31 00:25:12+05:18
0,0,0,0,0,0,2019-03-31 00:26:47+05:18
0,0,0,0,0,0,2019-03-31 01:11:09+05:18
0,0,0,0,0,0,2019-03-31 01:26:57+05:18
0,1,0,0,0,0,2019-03-31 11:02:12+05:18
0,0,0,0,0,0,2019-03-31 11:06:02+05:18
0,1,0,0,0,0,2019-03-31 20:46:23+05:18
0,0,0,0,0,0,2019-03-31 20:54:35+05:18
0,0,0,0,0,0,2019-03-31 20:55:36+05:18
142,426,164,0,14,0,2019-04-04 17:28:39+05:18
0,1,0,0,0,0,2019-04-04 23:47:24+05:18
0,1,0,0,0,0,2019-04-05 09:37:33+05:18
0,0,0,0,0,0,2019-04-12 22:47:54+05:18
0,0,0,0,0,0,2019-04-16 09:22:44+05:18
0,0,0,0,0,0,2019-04-16 23:57:40+05:18
1,1,0,0,0,0,2019-04-17 23:11:55+05:18
0,0,0,0,0,0,2019-04-19 16:33:08+05:18
1,1,0,0,0,0,2019-04-20 21:34:23+05:18
0,1,0,0,0,0,2019-04-21 01:27:42+05:18
0,0,0,0,0,0,2019-04-21 01:29:47+05:18
0,0,0,0,0,0,2019-04-21 01:46:30+05:18
0,0,0,0,0,0,2019-04-21 01:49:10+05:18
0,0,0,0,0,0,2019-04-21 23:28:33+05:18
0,0,0,0,0,0,2019-04-22 01:11:41+05:18
0,0,0,0,0,0,2019-04-22 11:31:36+05:18
0,0,0,0,0,0,2019-04-24 12:54:21+05:18
0,0,0,0,0,0,2019-04-24 12:56:21+05:18
142,426,164,0,14,0,2019-04-24 20:54:32+05:18
1,0,0,0,0,0,2019-04-24 23:10:41+05:18
0,1,0,0,0,0,2019-04-28 10:18:21+05:18
0,0,0,0,0,0,2019-04-28 10:19:44+05:18
0,0,0,0,0,0,2019-04-28 10:24:20+05:18
0,0,0,0,0,0,2019-04-28 11:09:14+05:18
0,0,0,0,0,0,2019-04-28 11:14:26+05:18
0,0,0,0,0,0,2019-04-28 11:17:38+05:18
0,0,0,0,0,0,2019-04-28 12:00:40+05:18
0,1,0,0,0,0,2019-04-28 20:23:04+05:18
1,0,0,0,0,0,2019-04-28 20:36:22+05:18
0,0,0,0,0,0,2019-04-28 21:26:39+05:18
0,1,0,0,0,0,2019-04-29 00:08:43+05:18
0,0,0,0,0,0,2019-04-29 00:19:00+05:18
0,0,0,0,0,0,2019-04-29 00:45:57+05:18
0,0,0,0,0,0,2019-04-29 00:46:49+05:18
0,0,0,0,0,0,2019-04-29 07:39:36+05:18
0,1,0,0,0,0,2019-04-29 11:01:15+05:18
0,0,0,0,0,0,2019-04-29 11:06:34+05:18
0,0,0,0,0,0,2019-04-29 11:23:14+05:18
0,1,0,0,0,0,2019-04-29 13:00:08+05:18
1,1,0,0,0,0,2019-04-29 13:53:02+05:18
1,1,0,0,0,0,2019-04-29 21:00:30+05:18
0,1,0,0,0,0,2019-04-29 23:29:46+05:18
0,0,0,0,0,0,2019-04-29 23:31:40+05:18
0,1,0,0,0,0,2019-04-30 02:55:11+05:18
0,0,0,0,0,0,2019-04-30 03:20:12+05:18
0,1,0,0,0,0,2019-04-30 03:28:56+05:18
0,0,0,0,0,0,2019-04-30 06:24:59+05:18
0,0,0,0,0,0,2019-04-30 06:58:52+05:18
0,0,0,0,0,0,2019-04-30 07:01:34+05:18
0,0,0,0,0,0,2019-04-30 07:13:01+05:18
0,1,0,0,0,0,2019-04-30 09:48:23+05:18
0,1,0,0,0,0,2019-04-30 09:56:24+05:18
0,0,0,0,0,0,2019-04-30 09:57:51+05:18
0,1,0,0,0,0,2019-04-30 10:34:07+05:18
0,0,0,0,0,0,2019-04-30 10:42:58+05:18
0,0,0,0,0,0,2019-04-30 10:44:29+05:18
0,0,0,0,0,0,2019-04-30 10:50:10+05:18
0,0,0,0,0,0,2019-04-30 11:48:29+05:18
0,1,0,0,0,0,2019-05-11 12:49:52+05:18
0,0,0,0,0,0,2019-05-11 12:53:08+05:18
0,0,0,0,0,0,2019-05-16 19:37:15+05:18
0,1,0,0,0,0,2019-05-18 01:10:20+05:18
0,0,0,0,0,0,2019-08-12 15:31:00+05:18
