Acquisition,Preparation,Modeling,Training,Evaluation,Prediction,time
0,0,0,0,0,0,2021-06-06 14:35:23-05:00
0,0,0,0,0,0,2021-06-06 14:38:43-05:00
0,0,0,0,0,0,2021-06-06 14:45:14-05:00
0,0,0,0,0,0,2021-06-06 14:48:20-05:00
0,0,0,0,0,0,2021-06-06 14:52:38-05:00
0,0,0,0,0,0,2021-06-07 13:51:52-05:00
0,0,0,0,0,0,2021-06-07 13:53:14-05:00
0,0,0,0,0,0,2021-06-09 06:57:13+06:00
0,0,0,0,0,0,2021-06-08 19:58:04-05:00
1,0,0,0,0,0,2021-06-08 20:07:24-05:00
0,0,0,0,0,0,2021-06-08 20:09:26-05:00
1,1,0,1,0,0,2021-06-08 20:47:36-05:00
1,0,0,0,0,0,2021-06-08 20:49:09-05:00
0,0,0,0,0,0,2021-06-08 20:49:14-05:00
1,0,0,0,0,0,2021-06-08 20:50:23-05:00
0,0,0,0,0,0,2021-06-08 20:52:53-05:00
0,0,0,0,0,0,2021-06-09 08:07:18+06:00
0,0,0,0,0,0,2021-06-08 21:07:58-05:00
0,0,0,0,0,0,2021-06-08 21:14:46-05:00
0,0,0,0,0,0,2021-06-09 08:17:58+06:00
0,0,0,0,0,0,2021-06-08 21:19:37-05:00
0,0,0,0,0,0,2021-06-08 21:19:58-05:00
0,0,0,0,0,0,2021-06-08 21:21:46-05:00
0,0,0,0,0,0,2021-06-09 08:24:02+06:00
0,0,0,0,0,0,2021-06-08 21:25:21-05:00
2,2,2,2,2,0,2021-06-08 21:28:15-05:00
0,0,0,0,0,0,2021-06-08 21:28:55-05:00
0,0,0,0,0,0,2021-06-08 21:55:44-05:00
0,0,0,0,0,0,2021-06-08 21:58:16-05:00
2,2,2,2,2,0,2021-06-09 14:14:22-05:00
0,0,0,0,0,0,2021-06-09 14:15:06-05:00
1,1,1,1,1,0,2021-06-09 15:00:15-05:00
0,0,0,0,0,0,2021-06-09 15:01:31-05:00
2,2,2,2,1,1,2021-06-10 19:39:00-05:00
0,0,0,0,0,0,2021-06-10 19:39:51-05:00
0,0,0,0,0,0,2021-06-11 06:44:50+06:00
0,0,0,0,0,0,2021-06-11 06:45:27+06:00
0,0,0,0,0,0,2021-06-11 06:55:41+06:00
0,0,0,0,0,0,2021-06-11 06:56:32+06:00
1,1,1,1,1,0,2021-06-10 20:02:52-05:00
0,0,0,0,0,0,2021-06-10 20:05:48-05:00
0,0,0,0,0,0,2021-06-10 20:05:58-05:00
0,0,0,0,0,0,2021-06-11 07:22:04+06:00
0,0,0,0,0,0,2021-06-11 07:22:53+06:00
0,0,0,0,0,0,2021-06-10 20:36:16-05:00
0,0,0,0,0,0,2021-06-10 20:37:15-05:00
0,0,0,0,0,0,2021-06-10 20:44:21-05:00
0,0,0,0,0,0,2021-06-10 20:45:00-05:00
0,0,0,0,0,0,2021-06-10 20:49:25-05:00
0,0,0,0,0,0,2021-06-10 20:50:07-05:00
1,1,1,1,1,0,2021-06-10 20:59:43-05:00
0,0,0,0,0,0,2021-06-10 21:00:38-05:00
0,0,0,0,0,0,2021-06-11 08:41:23+06:00
0,0,0,0,0,0,2021-06-11 08:52:19+06:00
1,1,0,0,0,1,2021-06-10 22:01:04-05:00
0,0,0,0,0,0,2021-06-11 15:19:13+06:00
0,0,0,0,0,0,2021-06-12 20:53:45+06:00
1,1,1,1,1,0,2021-06-12 10:39:22-05:00
0,0,0,0,0,0,2021-06-12 10:40:48-05:00
0,0,0,0,0,0,2021-06-12 10:41:08-05:00
0,0,0,0,0,0,2021-06-12 22:00:08+06:00
0,0,0,0,0,0,2021-06-12 22:00:51+06:00
1,1,0,0,0,1,2021-06-12 12:41:11-05:00
0,0,0,0,0,0,2021-06-12 12:41:35-05:00
3,3,1,1,1,2,2021-06-14 19:44:49-05:00
0,0,0,0,0,0,2021-06-14 19:45:24-05:00
0,0,0,0,0,0,2021-06-14 20:05:19-05:00
0,0,0,0,0,0,2021-06-14 20:05:58-05:00
1,1,0,0,0,1,2021-06-14 20:14:05-05:00
0,0,0,0,0,0,2021-06-14 20:15:21-05:00
0,0,0,0,0,0,2021-06-14 21:33:57-05:00
0,0,0,0,0,0,2021-06-14 21:35:23-05:00
2,2,0,0,0,1,2021-06-15 12:57:39-05:00
0,0,0,0,0,0,2021-06-15 12:58:23-05:00
1,1,0,0,0,1,2021-06-15 15:03:25-05:00
0,0,0,0,0,0,2021-06-15 15:04:10-05:00
1,1,0,0,0,1,2021-06-15 19:54:21-05:00
0,0,0,0,0,0,2021-06-15 19:55:53-05:00
0,0,0,0,0,0,2021-06-16 07:00:17+06:00
2,2,2,2,1,1,2021-06-15 20:00:35-05:00
0,0,0,0,0,0,2021-06-15 20:01:01-05:00
0,0,0,0,0,0,2021-06-16 07:01:35+06:00
0,0,0,0,0,0,2021-06-16 07:01:44+06:00
2,2,1,1,1,2,2021-06-15 21:24:14-05:00
0,0,0,0,0,0,2021-06-15 21:24:47-05:00
0,0,0,0,0,0,2021-06-16 15:29:25-05:00
0,0,0,0,0,0,2021-06-16 15:30:21-05:00
0,0,0,0,0,0,2021-06-16 15:42:37-05:00
0,0,0,0,0,0,2021-06-16 15:43:08-05:00
0,0,0,0,0,0,2021-06-17 19:17:13-05:00
0,0,0,0,0,0,2021-06-17 19:17:46-05:00
0,0,0,0,0,0,2021-06-18 06:51:35+06:00
0,0,0,0,0,0,2021-06-17 19:52:01-05:00
0,0,0,0,0,0,2021-06-18 06:52:20+06:00
0,0,0,0,0,0,2021-06-17 19:52:53-05:00
0,0,0,0,0,0,2021-06-17 20:24:43-05:00
0,0,0,0,0,0,2021-06-17 20:25:27-05:00
1,1,0,0,0,1,2021-06-18 18:40:10-05:00
0,0,0,0,0,0,2021-06-18 18:40:52-05:00
