Acquisition,Preparation,Modeling,Training,Evaluation,Prediction,time
0,0,0,0,0,0,2017-03-30 17:40:31+05:18
0,0,0,0,0,0,2017-03-31 18:37:42+05:18
0,0,0,0,0,0,2017-03-31 18:37:51+05:18
0,0,0,0,0,0,2017-03-31 18:39:19+05:18
0,0,0,0,0,0,2017-03-31 20:50:51+05:18
0,0,0,0,0,0,2017-04-11 13:50:14+05:18
0,0,0,0,0,0,2017-04-14 01:02:18+05:18
0,0,0,0,0,0,2017-04-14 01:02:54+05:18
0,0,0,0,0,0,2017-04-14 18:17:39+05:18
0,0,0,0,0,0,2017-04-14 19:00:43+05:18
0,0,0,0,0,0,2017-04-15 00:21:59+05:18
0,0,0,0,0,0,2017-04-15 01:16:20+05:18
0,0,0,0,0,0,2017-04-17 23:46:14+05:18
0,0,0,0,0,0,2017-04-19 23:00:16+05:18
0,1,1,1,0,1,2017-04-24 17:17:00+05:18
0,1,1,1,0,1,2017-04-25 17:14:07+05:18
0,1,0,0,0,0,2017-04-25 18:25:32+05:18
0,1,1,0,0,0,2017-04-26 01:22:28+05:18
0,1,1,0,0,0,2017-04-26 01:34:05+05:18
1,0,0,0,0,0,2017-04-26 10:16:30+05:18
1,1,1,1,0,1,2017-04-26 16:50:17+05:18
0,0,0,0,0,0,2017-04-29 21:58:44+05:18
0,0,0,0,0,0,2017-04-29 22:04:10+05:18
0,0,0,0,0,0,2017-04-29 22:07:34+05:18
0,0,0,0,0,0,2017-04-29 22:22:17+05:18
1,1,1,1,0,1,2017-05-07 01:37:41+05:18
1,0,0,0,0,0,2017-05-07 01:38:23+05:18
0,0,0,0,0,0,2017-05-08 23:23:29+05:18
0,1,1,0,0,0,2017-05-10 00:46:02+05:18
0,0,0,1,0,0,2017-05-10 01:17:39+05:18
0,1,1,0,0,0,2017-05-13 23:36:41+05:18
0,0,0,0,0,0,2017-05-14 18:05:32+05:18
0,0,0,0,0,0,2017-05-14 20:09:16+05:18
0,1,1,0,0,0,2017-05-14 20:09:45+05:18
1,1,0,0,0,0,2017-05-14 20:10:40+05:18
0,0,0,0,0,0,2017-05-14 20:13:00+05:18
0,0,0,0,0,0,2017-05-14 20:20:47+05:18
1,0,0,0,0,0,2017-05-14 20:30:03+05:18
1,1,1,1,0,1,2017-05-20 01:08:13+05:18
0,0,0,0,0,0,2017-05-20 01:09:25+05:18
0,0,0,0,0,0,2017-05-20 01:11:28+05:18
0,0,0,1,0,0,2017-05-20 01:27:06+05:18
0,0,0,0,0,0,2017-05-20 09:13:03+05:18
0,0,0,0,0,0,2017-05-31 23:42:05+05:18
1,3,2,1,0,1,2017-06-02 16:35:21+05:18
2,2,1,2,0,1,2017-06-02 21:06:19+05:18
0,1,1,0,0,0,2017-06-04 17:30:29+05:18
1,1,0,0,0,0,2017-06-04 17:44:27+05:18
1,2,1,1,0,0,2017-06-05 00:32:28+05:18
0,0,0,0,0,0,2017-12-16 23:04:43+05:18
