Acquisition,Preparation,Modeling,Training,Evaluation,Prediction,time
0,0,0,0,0,0,2020-06-06 14:15:22+06:00
1,1,0,0,0,0,2020-06-06 14:46:22+06:00
1,0,0,0,0,0,2020-06-06 18:40:55+06:00
1,0,0,0,0,0,2020-06-06 18:49:34+06:00
1,0,0,0,0,0,2020-06-06 18:52:33+06:00
0,0,0,0,0,0,2020-06-06 19:13:46+06:00
0,0,0,0,0,0,2020-06-06 19:21:07+06:00
0,0,0,0,0,0,2020-06-06 19:42:13+06:00
0,0,0,0,0,0,2020-06-06 19:46:43+06:00
0,0,0,0,0,0,2020-06-06 20:07:07+06:00
0,0,0,0,0,0,2020-06-06 20:07:57+06:00
0,0,0,0,0,0,2020-06-06 20:15:09+06:00
0,0,0,0,0,0,2020-06-06 20:23:58+06:00
0,0,0,0,0,0,2020-06-06 20:40:25+06:00
0,0,0,0,0,0,2020-06-06 22:13:51+07:00
0,0,0,0,0,0,2020-06-06 22:14:03+07:00
1,1,0,0,0,0,2020-06-06 22:17:37+07:00
1,0,0,0,0,0,2020-06-06 21:41:24+06:00
0,0,0,0,0,0,2020-06-06 22:02:01+06:00
2,1,0,0,0,0,2020-06-06 23:07:50+07:00
0,0,0,0,0,0,2020-06-06 23:09:21+07:00
1,0,0,0,0,0,2020-06-06 23:09:43+07:00
1,1,0,0,0,0,2020-06-07 01:24:43+07:00
1,1,0,0,0,0,2020-06-07 00:30:40+06:00
0,0,0,0,0,0,2020-06-07 00:31:16+06:00
1,1,0,0,0,0,2020-06-07 01:34:05+07:00
0,0,0,0,0,0,2020-06-07 01:34:18+07:00
0,0,0,0,0,0,2020-06-07 00:56:33+06:00
1,1,0,0,0,0,2020-06-07 01:00:11+06:00
0,0,0,0,0,0,2020-06-07 01:04:53+06:00
1,1,0,0,0,0,2020-06-07 03:22:59+06:00
0,0,0,0,0,0,2020-06-07 04:20:08+06:00
0,0,0,0,0,0,2020-06-07 04:22:06+06:00
1,1,0,0,0,0,2020-06-07 05:09:11+06:00
0,0,0,0,0,0,2020-06-07 05:18:30+06:00
0,0,0,0,0,0,2020-06-07 11:03:02+06:00
0,0,0,0,0,0,2020-06-07 11:42:47+06:00
1,1,0,0,0,0,2020-06-07 11:46:01+06:00
1,1,0,0,0,0,2020-06-07 12:03:46+06:00
1,1,0,0,0,0,2020-06-07 13:55:38+07:00
0,0,0,0,0,0,2020-06-07 13:56:58+07:00
1,1,0,0,0,0,2020-06-07 13:48:25+06:00
2,2,1,1,0,0,2020-06-07 14:54:38+07:00
1,1,0,0,0,0,2020-06-07 14:57:27+07:00
0,0,0,0,0,0,2020-06-07 23:57:58+06:00
0,0,0,0,0,0,2020-06-08 18:43:08+06:00
1,1,0,0,0,0,2020-06-08 19:12:40+06:00
0,0,0,0,0,0,2020-06-08 19:43:51+06:00
1,1,0,0,0,0,2020-06-16 11:15:28+06:00
1,1,0,0,0,0,2020-06-16 12:26:45+06:00
1,1,0,0,0,0,2020-06-16 12:29:31+06:00
1,1,0,0,0,0,2020-06-16 12:34:47+06:00
1,1,0,0,0,0,2020-06-17 14:24:46+06:00
1,1,0,0,0,0,2020-06-17 14:29:39+06:00
1,1,0,0,0,0,2020-06-17 15:04:15+06:00
1,1,0,0,0,0,2020-06-17 15:18:41+06:00
1,1,0,0,0,0,2020-06-17 15:26:54+06:00
1,1,0,0,0,0,2020-06-17 15:28:16+06:00
1,1,0,0,0,0,2020-06-17 15:31:32+06:00
1,1,0,0,0,0,2020-06-17 16:34:21+06:00
1,1,0,0,0,0,2020-06-17 22:22:34+06:00
1,1,0,0,0,0,2020-06-17 22:32:48+06:00
1,1,0,0,0,0,2020-06-18 09:48:57+06:00
1,1,0,0,0,0,2020-06-18 12:25:20+06:00
1,1,0,0,0,0,2020-06-18 19:37:18+06:00
1,1,0,0,0,0,2020-06-18 20:10:09+06:00
1,1,0,0,0,0,2020-06-18 20:20:05+06:00
0,0,0,0,0,0,2020-06-18 20:39:35+06:00
1,1,0,0,0,0,2020-07-02 22:29:26+06:00
1,1,0,0,0,0,2020-07-04 00:45:09+06:00
1,1,0,0,0,0,2020-07-25 23:09:08+06:00
1,1,0,0,0,0,2020-07-25 23:58:00+06:00
1,1,0,0,0,0,2020-07-26 12:17:18+06:00
1,1,0,0,0,0,2020-07-26 12:29:54+06:00
1,1,0,0,0,0,2020-07-26 14:14:30+06:00
0,0,0,0,0,0,2020-07-26 14:36:49+06:00
0,0,0,0,0,0,2020-11-14 13:13:41+06:00
1,1,0,0,0,0,2020-11-14 18:19:44+06:00
0,0,0,0,0,0,2020-11-18 00:20:03+06:00
0,0,0,0,0,0,2020-11-18 00:26:32+06:00
0,0,0,0,0,0,2020-11-22 14:11:15+06:00
1,1,0,0,0,0,2020-11-23 00:43:14+06:00
1,1,0,0,0,0,2020-11-23 04:25:23+06:00
0,0,0,0,0,0,2020-11-26 01:16:08+06:00
0,0,0,0,0,0,2020-11-27 00:26:41+06:00
0,0,0,0,0,0,2020-11-27 02:02:24+06:00
0,0,0,0,0,0,2020-11-27 02:26:18+06:00
0,0,0,0,0,0,2020-11-27 02:28:30+06:00
0,0,0,0,0,0,2020-11-27 03:45:46+06:00
0,0,0,0,0,0,2020-11-28 01:06:07+06:00
0,0,0,0,0,0,2020-11-28 01:11:52+06:00
0,0,0,0,0,0,2020-11-28 01:32:03+06:00
0,0,0,0,0,0,2020-11-28 01:56:18+06:00
0,0,0,0,0,0,2020-11-28 02:05:02+06:00
0,0,0,0,0,0,2020-11-28 02:09:35+06:00
0,0,0,0,0,0,2020-11-28 12:08:17+06:00
0,0,0,0,0,0,2020-11-28 12:14:22+06:00
0,0,0,0,0,0,2020-11-28 23:42:20+06:00
0,0,0,0,0,0,2020-12-09 00:06:23+06:00
0,0,0,0,0,0,2020-12-22 11:17:03+06:00
0,0,0,0,0,0,2020-12-22 11:20:48+06:00
1,0,0,0,0,0,2021-02-06 14:27:51+06:00
1,1,0,0,0,0,2021-02-06 15:58:58+06:00
0,0,0,0,0,0,2021-02-19 21:03:57+06:00
0,0,0,0,0,0,2021-02-19 21:37:38+06:00
0,0,0,0,0,0,2021-02-19 21:39:16+06:00
0,0,0,0,0,0,2021-02-23 21:06:04+06:00
0,0,0,0,0,0,2021-02-23 23:12:24+06:00
0,0,0,0,0,0,2021-02-23 23:14:24+06:00
0,0,0,0,0,0,2021-02-23 23:26:07+06:00
0,0,0,0,0,0,2021-02-23 23:43:47+06:00
0,0,0,0,0,0,2021-02-27 23:42:15+06:00
0,0,0,0,0,0,2021-02-28 21:47:58+06:00
1,1,0,0,0,0,2021-02-28 22:45:03+06:00
0,0,0,0,0,0,2021-03-01 02:10:29+06:00
0,0,0,0,0,0,2021-03-01 02:18:47+06:00
0,0,0,0,0,0,2021-03-01 02:37:21+06:00
1,1,0,0,0,0,2021-03-01 07:43:31+06:00
0,0,0,0,0,0,2021-03-02 00:16:10+06:00
0,0,0,0,0,0,2021-03-02 00:48:44+06:00
0,0,0,0,0,0,2021-03-02 01:08:52+06:00
1,1,0,0,0,0,2021-03-02 13:38:16+06:00
1,1,0,0,0,0,2021-03-06 13:43:18+06:00
1,0,0,0,0,0,2021-03-06 13:46:32+06:00
1,0,0,0,0,0,2021-03-07 02:39:11+06:00
1,1,0,0,0,0,2021-03-07 20:21:02+06:00
1,1,0,0,0,0,2021-03-07 20:38:18+06:00
1,1,0,0,0,0,2021-03-09 00:37:35+06:00
1,1,0,0,0,0,2021-03-09 00:48:17+06:00
0,0,0,0,0,0,2021-03-26 00:50:07+00:00
0,0,0,0,0,0,2021-03-27 11:52:40+06:00
0,0,0,0,0,0,2021-03-09 22:07:18+06:00
0,0,0,0,0,0,2021-03-20 12:49:20+06:00
0,0,0,0,0,0,2021-03-28 04:04:37+06:00
0,0,0,0,0,0,2021-03-28 04:21:33+06:00
1,1,0,0,0,0,2021-03-28 04:24:59+06:00
0,0,0,0,0,0,2021-03-28 04:49:39+06:00
0,0,0,0,0,0,2021-03-28 04:56:21+06:00
0,0,0,0,0,0,2021-03-28 05:14:56+06:00
3,2,0,0,0,0,2021-03-28 05:32:41+06:00
0,0,0,0,0,0,2022-05-29 16:02:03+06:00
0,0,0,0,0,0,2022-05-29 20:33:39+06:00
