Acquisition,Preparation,Modeling,Training,Evaluation,Prediction,time
0,0,0,0,0,0,2020-01-03 11:48:04+01:00
0,0,0,0,0,0,2020-06-26 15:28:41+02:00
0,0,0,0,0,0,2020-10-16 16:50:41+02:00
0,0,0,0,0,0,2021-03-16 12:28:07+01:00
2,1,0,0,0,0,2021-03-16 18:39:52+01:00
1,2,0,0,0,0,2021-03-17 18:43:11+01:00
0,0,0,0,0,0,2021-03-18 15:20:59+01:00
0,0,0,0,0,0,2021-03-18 16:27:26+01:00
1,0,0,0,0,0,2021-03-18 16:29:04+01:00
1,0,0,0,0,0,2021-03-18 16:50:30+01:00
1,0,0,0,0,0,2021-03-18 17:38:09+01:00
1,1,0,0,0,0,2021-03-18 17:54:24+01:00
1,1,0,0,1,0,2021-03-18 23:40:13+01:00
1,1,0,0,1,0,2021-03-19 02:08:47+01:00
1,1,0,0,1,0,2021-03-19 02:15:53+01:00
0,1,0,0,0,0,2021-03-19 16:45:10+01:00
0,1,0,0,0,0,2021-03-19 17:09:52+01:00
0,1,0,0,0,0,2021-03-19 17:15:24+01:00
0,1,0,0,0,0,2021-03-19 17:17:17+01:00
0,1,0,0,0,0,2021-03-19 17:32:09+01:00
0,1,0,0,0,0,2021-03-19 22:58:22+01:00
0,0,0,0,0,0,2021-03-22 12:05:33+01:00
1,0,0,0,0,0,2021-03-22 12:27:42+01:00
1,1,0,0,0,0,2021-03-22 19:35:06+01:00
1,1,0,0,0,0,2021-03-22 20:13:29+01:00
0,0,0,0,0,0,2021-03-22 20:22:31+01:00
1,1,0,0,0,0,2021-03-22 20:23:48+01:00
1,1,0,0,0,0,2021-03-22 20:42:25+01:00
1,1,0,0,0,0,2021-03-22 20:48:34+01:00
1,1,0,0,0,0,2021-03-22 20:49:49+01:00
1,1,1,1,0,0,2021-03-23 17:12:18+01:00
1,1,1,1,0,0,2021-03-23 20:18:58+01:00
1,1,1,1,0,0,2021-03-23 20:21:20+01:00
1,1,0,0,0,0,2021-03-23 22:28:05+01:00
1,1,1,1,1,1,2021-03-23 23:00:29+01:00
1,1,1,1,1,1,2021-03-23 23:09:05+01:00
1,1,1,1,1,1,2021-03-23 23:12:11+01:00
1,1,1,1,1,1,2021-03-23 23:13:53+01:00
1,1,1,1,1,1,2021-03-23 23:40:26+01:00
1,1,1,1,1,1,2021-03-23 23:44:07+01:00
1,1,1,1,1,1,2021-03-24 00:41:07+01:00
1,1,1,1,1,1,2021-03-24 01:07:18+01:00
1,1,1,1,0,1,2021-03-26 00:19:49+01:00
0,1,0,0,0,0,2021-03-26 00:29:47+01:00
0,1,0,0,0,0,2021-03-26 17:10:41+01:00
0,0,0,0,0,0,2021-03-29 11:49:04+02:00
0,0,0,0,0,0,2021-03-29 11:53:57+02:00
0,0,0,0,0,0,2021-03-29 11:54:50+02:00
1,1,0,0,0,0,2021-03-29 12:40:12+02:00
1,1,0,1,0,0,2021-03-29 17:10:38+02:00
1,1,0,1,0,0,2021-03-29 17:27:50+02:00
1,1,0,1,0,0,2021-03-29 23:59:22+02:00
1,1,0,1,0,0,2021-03-31 21:27:19+02:00
1,1,1,1,1,1,2021-04-01 01:06:13+02:00
1,1,1,1,1,1,2021-04-01 01:29:35+02:00
1,1,1,1,1,1,2021-04-01 01:31:00+02:00
1,1,1,1,1,1,2021-04-01 02:06:48+02:00
1,1,1,1,1,1,2021-04-01 02:11:42+02:00
0,1,0,0,0,0,2021-04-01 13:13:02+02:00
0,1,0,0,0,0,2021-04-01 15:05:02+02:00
0,1,0,0,0,0,2021-04-01 18:08:47+02:00
0,1,0,0,0,0,2021-04-01 18:47:23+02:00
0,1,0,0,0,0,2021-04-01 18:58:56+02:00
0,1,0,0,0,0,2021-04-01 19:02:15+02:00
0,1,0,0,0,0,2021-04-01 19:23:17+02:00
0,0,0,0,0,0,2021-04-01 19:37:43+02:00
0,1,0,0,0,0,2021-04-01 19:52:31+02:00
0,1,0,0,0,0,2021-04-02 12:49:17+02:00
1,1,1,1,1,1,2021-04-02 22:32:40+02:00
1,1,1,1,1,1,2021-04-03 00:07:32+02:00
1,1,1,1,1,1,2021-04-03 00:21:38+02:00
1,1,1,1,1,1,2021-04-03 01:40:58+02:00
1,1,1,1,1,1,2021-04-03 02:37:26+02:00
1,1,1,1,1,1,2021-04-03 02:39:35+02:00
1,1,1,1,1,1,2021-04-03 02:43:40+02:00
1,1,1,1,1,1,2021-04-03 21:15:22+02:00
1,1,1,1,1,1,2021-04-03 21:25:36+02:00
0,0,0,0,0,0,2021-04-06 18:33:05+02:00
0,1,0,0,0,0,2021-04-06 21:45:23+02:00
0,1,0,0,0,0,2021-04-07 11:38:39+02:00
0,0,0,0,0,0,2021-04-07 11:40:25+02:00
0,0,0,0,0,0,2021-04-07 11:43:30+02:00
0,1,0,0,0,0,2021-04-07 12:31:39+02:00
0,3,0,0,0,0,2021-04-07 21:17:07+02:00
0,0,0,0,0,0,2021-04-07 21:19:54+02:00
0,1,0,0,0,0,2021-04-07 21:29:22+02:00
0,1,0,0,0,0,2021-04-07 21:51:08+02:00
0,0,0,0,0,0,2021-04-07 22:30:43+02:00
0,0,0,0,0,0,2021-04-07 22:37:54+02:00
0,0,0,0,0,0,2021-04-07 22:52:35+02:00
1,1,0,1,0,0,2021-04-07 23:49:54+02:00
1,1,1,1,0,1,2021-04-08 11:56:32+02:00
0,0,0,0,0,0,2021-04-09 16:44:34+02:00
0,0,0,0,0,0,2021-04-09 17:15:08+02:00
1,1,1,1,0,1,2021-04-09 18:26:03+02:00
0,1,0,0,0,0,2021-04-12 01:05:15+02:00
0,0,0,0,0,0,2021-04-15 18:42:31+02:00
1,1,0,1,0,0,2021-04-15 20:15:02+02:00
0,0,0,0,0,0,2021-04-15 22:49:54+02:00
1,1,0,1,0,0,2021-04-16 14:40:48+02:00
1,1,0,1,0,0,2021-04-16 14:41:22+02:00
0,0,0,0,0,0,2021-04-21 14:37:17+02:00
0,0,0,0,0,0,2021-04-21 17:22:53+02:00
0,0,0,0,0,0,2021-04-21 17:25:05+02:00
0,0,0,0,0,0,2021-04-21 17:26:08+02:00
0,0,0,0,0,0,2021-04-21 17:33:27+02:00
0,0,0,0,0,0,2021-04-21 17:39:13+02:00
0,0,0,0,0,0,2021-04-21 17:40:33+02:00
0,0,0,0,0,0,2021-04-21 18:06:36+02:00
0,0,0,0,0,0,2021-04-21 18:55:53+02:00
0,0,0,0,0,0,2021-04-21 18:56:35+02:00
0,0,0,0,0,0,2021-04-21 18:57:16+02:00
1,0,0,0,0,0,2021-04-22 16:21:33+02:00
1,0,0,0,0,0,2021-04-22 18:54:11+02:00
0,0,0,0,0,0,2021-04-22 20:24:17+02:00
0,0,0,0,0,0,2021-04-22 20:29:59+02:00
0,0,0,0,0,0,2021-04-22 21:03:47+02:00
0,1,0,0,0,0,2021-04-23 02:06:38+02:00
0,1,0,0,0,0,2021-04-23 12:49:46+02:00
1,0,0,0,0,0,2021-04-26 12:23:33+02:00
1,0,0,0,0,0,2021-04-26 14:14:45+02:00
1,0,0,0,0,0,2021-04-26 14:17:58+02:00
1,1,0,0,0,0,2021-04-26 17:11:05+02:00
1,1,0,0,0,0,2021-04-26 17:26:03+02:00
1,1,0,0,0,0,2021-04-26 17:31:17+02:00
1,1,0,0,0,0,2021-04-26 17:37:45+02:00
1,1,0,0,0,0,2021-04-27 00:50:50+02:00
1,1,0,0,0,0,2021-04-27 01:17:09+02:00
1,1,0,0,0,0,2021-04-28 22:12:46+02:00
1,1,0,0,0,0,2021-04-28 22:44:18+02:00
1,1,0,0,0,0,2021-04-28 23:53:52+02:00
1,1,0,0,0,0,2021-04-30 16:44:52+02:00
0,0,0,0,0,0,2021-04-30 16:46:23+02:00
0,0,0,0,0,0,2021-04-30 17:11:44+02:00
1,1,0,1,0,1,2021-04-30 19:44:48+02:00
1,1,0,1,0,1,2021-04-30 20:05:33+02:00
1,1,0,1,0,1,2021-04-30 20:12:26+02:00
0,0,0,0,0,0,2021-05-03 12:14:03+02:00
1,1,0,0,1,0,2021-05-03 18:01:06+02:00
1,1,0,0,0,0,2021-05-04 10:10:12+02:00
1,1,0,0,1,0,2021-05-04 15:52:56+02:00
0,0,0,0,0,0,2021-05-04 16:14:36+02:00
1,1,0,0,1,0,2021-05-04 20:14:37+02:00
1,1,0,0,1,0,2021-05-04 20:30:52+02:00
1,1,0,0,0,0,2021-05-04 20:38:33+02:00
1,1,0,0,0,0,2021-05-05 17:01:26+02:00
1,1,0,0,0,0,2021-05-05 17:16:21+02:00
1,1,0,0,0,0,2021-05-05 18:41:59+02:00
1,1,0,0,0,0,2021-05-05 18:46:43+02:00
1,1,0,0,0,0,2021-05-05 19:04:58+02:00
1,1,0,0,0,0,2021-05-05 23:40:52+02:00
1,1,0,0,0,0,2021-05-06 00:23:05+02:00
1,1,0,0,0,0,2021-05-06 00:46:44+02:00
1,1,0,0,0,0,2021-05-06 02:04:39+02:00
1,1,0,0,0,0,2021-05-06 15:34:21+02:00
1,1,0,0,0,0,2021-05-06 16:12:07+02:00
1,1,0,0,0,0,2021-05-06 16:33:49+02:00
1,1,0,0,0,0,2021-05-06 20:26:05+02:00
1,1,0,0,0,0,2021-05-06 20:55:10+02:00
1,1,0,0,0,0,2021-05-06 23:07:59+02:00
1,1,0,0,0,0,2021-05-06 23:15:33+02:00
1,1,0,0,1,0,2021-05-06 23:54:35+02:00
1,0,0,0,0,0,2021-05-07 00:36:25+02:00
1,0,0,0,0,0,2021-05-07 00:39:45+02:00
2,1,0,0,0,0,2021-05-07 00:52:05+02:00
2,1,0,0,1,0,2021-05-07 01:24:08+02:00
2,1,0,0,0,0,2021-05-07 15:39:19+02:00
0,0,0,0,0,0,2021-05-07 15:54:26+02:00
0,0,0,0,0,0,2021-05-07 15:55:37+02:00
1,0,0,0,0,0,2021-05-07 15:59:55+02:00
2,1,0,0,0,0,2021-05-07 16:52:54+02:00
1,1,0,0,0,0,2021-05-07 17:59:48+02:00
1,1,0,0,0,0,2021-05-07 18:03:44+02:00
2,1,0,0,0,0,2021-05-07 18:27:11+02:00
1,1,0,0,0,0,2021-05-07 19:13:33+02:00
0,0,0,0,0,0,2021-05-10 14:07:38+02:00
0,1,0,0,0,0,2021-05-11 16:28:07+02:00
1,1,0,0,0,0,2021-05-16 20:31:32+02:00
0,0,0,0,0,0,2021-05-16 20:31:54+02:00
0,0,0,0,0,0,2021-05-17 17:23:33+02:00
0,0,0,0,0,0,2021-05-17 17:54:03+02:00
1,1,0,0,0,0,2021-05-19 18:26:33+02:00
1,1,1,1,0,0,2021-05-20 00:20:31+02:00
1,2,1,1,1,0,2021-05-20 17:21:35+02:00
1,1,1,1,0,0,2021-05-20 20:07:27+02:00
0,0,0,0,0,0,2021-05-20 20:10:07+02:00
0,0,0,0,0,0,2021-05-20 20:10:28+02:00
1,1,1,1,0,0,2021-05-20 20:33:57+02:00
0,0,0,0,0,0,2021-05-25 10:43:07+02:00
1,1,0,1,0,0,2021-05-25 20:14:13+02:00
1,1,0,1,0,0,2021-05-25 20:54:23+02:00
1,1,0,1,0,0,2021-05-25 20:57:03+02:00
1,1,0,1,0,0,2021-05-26 20:33:07+02:00
1,1,1,1,0,0,2021-05-26 20:39:45+02:00
1,1,0,1,0,0,2021-05-26 20:48:37+02:00
1,1,1,1,0,1,2021-05-26 21:43:30+02:00
1,1,1,1,0,1,2021-05-26 22:21:28+02:00
1,1,1,1,0,1,2021-05-26 22:31:33+02:00
1,1,1,1,0,1,2021-05-26 23:15:53+02:00
1,1,1,1,0,1,2021-05-26 23:25:07+02:00
0,1,0,0,0,1,2021-05-27 16:21:03+02:00
0,1,0,0,0,1,2021-05-27 18:55:52+02:00
0,0,0,0,0,0,2021-05-27 18:59:21+02:00
0,0,0,0,0,0,2021-05-27 19:04:12+02:00
0,0,0,0,0,0,2021-05-27 19:09:55+02:00
0,0,0,0,0,0,2021-05-27 19:15:55+02:00
0,0,0,0,0,0,2021-05-27 19:45:00+02:00
0,0,0,0,0,0,2021-05-27 19:51:13+02:00
0,0,0,0,0,0,2021-05-27 20:30:57+02:00
0,0,0,0,0,0,2021-05-27 20:34:45+02:00
0,0,0,0,0,0,2021-06-18 15:31:39+02:00
0,0,0,0,0,0,2021-06-23 15:37:58+02:00
0,0,0,0,0,0,2021-06-23 15:56:46+02:00
0,0,0,0,0,0,2021-06-23 17:33:25+02:00
0,0,0,0,0,0,2021-06-23 17:33:46+02:00
0,0,0,0,0,0,2021-06-23 17:56:13+02:00
0,0,0,0,0,0,2021-06-23 17:59:23+02:00
0,0,0,0,0,0,2021-06-23 18:02:03+02:00
0,0,0,0,0,0,2021-06-23 18:09:18+02:00
0,0,0,0,0,0,2021-06-23 18:27:02+02:00
0,0,0,0,0,0,2021-06-23 18:29:08+02:00
0,0,0,0,0,0,2021-06-23 18:50:59+02:00
0,0,0,0,0,0,2021-06-23 18:51:25+02:00
0,0,0,0,0,0,2021-06-23 23:24:27+02:00
0,0,0,0,0,0,2021-07-02 13:08:33+02:00
0,0,0,0,0,0,2021-07-05 18:05:15+02:00
0,0,0,0,0,0,2021-07-22 16:58:09+02:00
0,0,0,0,0,0,2021-07-22 17:12:21+02:00
0,0,0,0,0,0,2021-07-22 17:12:54+02:00
0,0,0,0,0,0,2021-07-22 17:24:27+02:00
0,0,0,0,0,0,2021-07-22 17:25:57+02:00
0,0,0,0,0,0,2021-07-22 17:27:32+02:00
0,0,0,0,0,0,2021-07-22 17:40:18+02:00
0,0,0,0,0,0,2021-07-22 17:41:08+02:00
0,0,0,0,0,0,2021-07-22 18:24:22+02:00
0,0,0,0,0,0,2021-07-22 18:39:13+02:00
0,0,0,0,0,0,2021-07-22 18:41:56+02:00
0,0,0,0,0,0,2021-07-22 18:45:45+02:00
0,0,0,0,0,0,2022-01-28 17:28:46+01:00
