Acquisition,Preparation,Modeling,Training,Evaluation,Prediction,time
3,3,1,0,2,0,2018-03-28 09:54:39+08:00
0,0,0,0,0,0,2018-03-28 10:23:52+08:00
3,3,1,0,0,0,2018-03-29 12:27:23+08:00
2,2,1,1,0,1,2018-03-29 12:29:48+08:00
1,1,1,1,0,1,2018-03-29 12:37:29+08:00
1,1,1,1,0,1,2018-03-29 12:42:32+08:00
0,6,1,0,0,0,2018-03-29 12:57:56+08:00
0,1,0,0,0,0,2018-03-29 13:01:12+08:00
0,4,1,0,0,0,2018-03-29 13:36:42+08:00
1,1,0,0,0,0,2018-03-29 14:23:04+08:00
0,0,0,0,0,0,2018-03-29 14:43:13+08:00
1,1,1,0,0,0,2018-03-29 14:43:58+08:00
1,1,1,0,0,0,2018-03-29 17:50:30+08:00
0,1,0,0,0,0,2018-03-30 00:28:23+08:00
0,0,0,0,0,0,2018-03-30 00:32:05+08:00
2,2,2,2,0,2,2018-03-30 00:35:26+08:00
1,1,1,0,0,0,2018-03-30 00:37:08+08:00
1,2,1,0,0,1,2018-03-30 00:38:42+08:00
0,0,0,0,0,0,2018-03-30 00:39:26+08:00
1,1,1,0,0,0,2018-03-30 10:34:26+08:00
1,1,0,0,0,0,2018-03-30 10:35:29+08:00
1,0,0,0,0,0,2018-03-30 14:07:41+08:00
1,1,0,0,0,0,2018-03-30 16:54:16+08:00
1,1,1,0,0,0,2018-03-30 17:57:39+08:00
1,1,1,0,0,0,2018-03-30 20:28:10+08:00
1,0,0,0,0,0,2018-03-30 20:42:23+08:00
0,0,0,0,0,0,2018-03-30 20:43:00+08:00
1,1,1,0,1,0,2018-03-30 21:30:20+08:00
1,1,1,0,1,0,2018-03-30 21:33:53+08:00
1,1,1,0,1,0,2018-03-31 09:30:38+08:00
1,1,1,0,1,0,2018-03-31 09:49:49+08:00
1,1,0,0,1,0,2018-03-31 12:20:25+08:00
1,1,0,0,1,0,2018-03-31 13:44:51+08:00
1,1,0,0,1,0,2018-03-31 16:49:36+08:00
0,0,0,0,0,0,2018-03-31 16:50:19+08:00
1,1,0,0,1,0,2018-03-31 19:26:04+08:00
1,1,0,0,1,0,2018-04-01 01:43:03+08:00
1,1,0,0,0,0,2018-04-01 01:43:37+08:00
2,2,0,0,1,0,2018-04-01 03:12:49+08:00
2,3,0,0,1,0,2018-04-01 07:24:15+08:00
1,1,0,0,0,0,2018-04-01 07:57:44+08:00
1,1,0,0,0,0,2018-04-01 08:01:54+08:00
1,1,0,0,0,0,2018-04-01 10:49:54+08:00
0,1,0,0,0,0,2018-04-01 10:50:18+08:00
1,1,0,0,0,0,2018-04-01 10:51:01+08:00
0,0,0,0,0,0,2018-04-01 10:51:54+08:00
0,0,0,0,0,0,2018-04-01 10:53:10+08:00
1,0,0,0,0,0,2018-04-01 11:06:51+08:00
0,0,0,0,0,0,2018-04-02 11:16:07+08:00
1,1,1,0,1,0,2018-04-02 11:27:07+08:00
1,1,0,0,0,0,2018-04-02 11:52:59+08:00
1,1,0,0,0,0,2018-04-04 12:02:44+08:00
0,0,0,0,0,0,2018-04-04 12:03:21+08:00
1,1,0,0,0,0,2018-04-04 12:32:54+08:00
0,0,0,0,0,0,2018-04-04 12:37:14+08:00
0,0,0,0,0,0,2018-04-04 12:45:18+08:00
0,0,0,0,0,0,2018-04-04 12:51:33+08:00
0,0,0,0,0,0,2018-04-04 12:59:27+08:00
0,0,0,0,0,0,2018-04-04 13:04:29+08:00
0,0,0,0,0,0,2018-04-11 22:57:57+08:00
3,3,0,0,1,0,2018-04-11 23:16:34+08:00
0,0,0,0,0,0,2018-04-11 23:17:51+08:00
0,0,0,0,0,0,2018-04-11 23:19:51+08:00
0,0,0,0,0,0,2018-04-11 23:21:17+08:00
0,0,0,0,0,0,2018-06-20 14:20:52+08:00
0,0,0,0,0,0,2018-06-20 14:36:19+08:00
0,0,0,0,0,0,2018-06-20 14:40:23+08:00
0,0,0,0,0,0,2018-06-20 14:41:58+08:00
1,1,0,0,1,0,2018-06-20 19:52:59+08:00
0,0,0,0,0,0,2018-06-20 20:13:52+08:00
0,0,0,0,0,0,2018-07-25 15:43:46+08:00
0,0,0,0,0,0,2018-07-25 15:48:11+08:00
0,0,0,0,0,0,2020-04-30 17:12:58-07:00
0,0,0,0,0,0,2021-02-02 21:44:12+00:00
