Acquisition,Preparation,Modeling,Training,Evaluation,Prediction,time
0,0,0,0,0,0,2021-06-14 12:01:34+05:18
1,1,1,1,1,1,2021-06-14 12:03:03+05:18
0,0,0,0,0,0,2021-06-14 12:06:10+05:18
1,1,1,0,0,1,2021-06-14 12:11:24+05:18
1,1,1,0,0,1,2021-06-14 12:13:07+05:18
0,0,0,0,0,0,2021-06-14 12:13:53+05:18
0,0,0,0,0,0,2021-06-14 12:14:48+05:18
0,0,0,0,0,0,2021-06-14 12:16:47+05:18
0,0,0,0,0,0,2021-06-14 12:21:10+05:18
0,0,0,0,0,0,2021-06-14 12:32:32+05:18
0,0,0,0,0,0,2021-06-14 12:33:15+05:18
0,0,0,0,0,0,2021-06-14 12:40:20+05:18
0,0,0,0,0,0,2021-06-14 13:19:07+05:18
0,0,0,0,0,0,2021-06-14 13:20:14+05:18
0,0,0,0,0,0,2021-06-14 13:37:41+05:18
0,0,0,0,0,0,2021-06-14 13:37:58+05:18
0,0,0,0,0,0,2021-06-14 13:40:34+05:18
0,0,0,0,0,0,2021-06-14 13:43:14+05:18
0,0,0,0,0,0,2021-06-14 13:43:32+05:18
0,0,0,0,0,0,2021-06-14 13:48:38+05:18
0,0,0,0,0,0,2021-06-14 13:48:57+05:18
0,0,0,0,0,0,2021-06-14 13:52:08+05:18
0,0,0,0,0,0,2021-06-14 13:55:16+05:18
0,0,0,0,0,0,2021-06-14 13:59:09+05:18
0,0,0,0,0,0,2021-06-14 13:59:24+05:18
0,0,0,0,0,0,2021-06-14 14:17:18+05:18
0,0,0,0,0,0,2021-06-14 14:17:40+05:18
0,0,0,0,0,0,2021-06-14 14:26:24+05:18
0,0,0,0,0,0,2021-06-14 14:26:38+05:18
0,0,0,0,0,0,2021-06-14 15:15:27+05:18
0,0,0,0,0,0,2021-06-14 15:34:34+05:18
0,0,0,0,0,0,2021-06-14 15:36:52+05:18
0,0,0,0,0,0,2021-06-14 15:37:06+05:18
0,0,0,0,0,0,2021-06-14 15:46:08+05:18
0,0,0,0,0,0,2021-06-14 15:46:26+05:18
0,0,0,0,0,0,2021-06-14 16:19:47+05:18
0,0,0,0,0,0,2021-06-14 16:24:00+05:18
0,0,0,0,0,0,2021-06-14 16:24:23+05:18
0,0,0,0,0,0,2021-06-15 14:14:12+05:18
0,0,0,0,0,0,2021-06-15 16:50:04+05:18
0,0,0,0,0,0,2021-06-15 16:57:42+05:18
0,0,0,0,0,0,2021-06-15 17:06:05+05:18
0,0,0,0,0,0,2021-06-15 17:13:24+05:18
0,0,0,0,0,0,2021-06-15 17:19:50+05:18
0,0,0,0,0,0,2021-06-15 18:06:07+05:18
0,0,0,0,0,0,2021-06-15 19:16:38+05:18
0,0,0,0,0,0,2021-06-15 21:04:12+05:18
0,0,0,0,0,0,2021-06-15 21:04:47+05:18
0,0,0,0,0,0,2021-06-15 21:39:04+05:18
1,1,1,0,0,1,2021-06-15 21:40:25+05:18
1,1,1,0,0,1,2021-06-15 21:41:29+05:18
0,0,0,0,0,0,2021-06-15 21:44:40+05:18
0,0,0,0,0,0,2021-06-15 21:55:54+05:18
0,0,0,0,0,0,2021-06-15 22:14:25+05:18
0,0,0,0,0,0,2021-06-15 22:19:09+05:18
0,0,0,0,0,0,2021-06-15 22:21:35+05:18
0,0,0,0,0,0,2021-06-15 22:28:43+05:18
0,0,0,0,0,0,2021-06-15 22:30:10+05:18
0,0,0,0,0,0,2021-06-15 22:58:26+05:18
0,0,0,0,0,0,2021-06-15 23:00:18+05:18
0,0,0,0,0,0,2021-06-15 23:41:00+05:18
0,0,0,0,0,0,2021-06-15 23:44:24+05:18
0,0,0,0,0,0,2021-06-16 02:24:37+05:18
0,0,0,0,0,0,2021-06-16 05:13:33+05:18
0,0,0,0,0,0,2021-06-16 05:13:53+05:18
0,0,0,0,0,0,2021-06-16 05:14:18+05:18
0,0,0,0,0,0,2021-06-16 05:14:46+05:18
1,1,1,0,0,1,2021-06-16 05:15:50+05:18
1,1,1,0,0,1,2021-06-16 05:16:11+05:18
0,0,0,0,0,0,2021-06-16 05:19:05+05:18
0,0,0,0,0,0,2021-06-16 05:21:43+05:18
0,0,0,0,0,0,2021-06-16 06:01:38+05:18
0,0,0,0,0,0,2021-06-16 06:08:39+05:18
0,0,0,0,0,0,2021-06-16 06:10:56+05:18
0,0,0,0,0,0,2021-06-16 06:16:05+05:18
0,0,0,0,0,0,2021-06-16 06:48:33+05:18
0,0,0,0,0,0,2021-06-16 06:49:47+05:18
0,0,0,0,0,0,2021-06-16 06:53:04+05:18
0,0,0,0,0,0,2021-06-16 06:55:18+05:18
0,0,0,0,0,0,2021-07-16 17:21:59+05:18
