Acquisition,Preparation,Modeling,Training,Evaluation,Prediction,time
6,13,4,2,2,2,2019-04-04 14:42:16+07:00
1,0,0,0,0,0,2019-04-05 11:06:31+07:00
0,0,0,0,0,0,2019-06-13 15:16:50+07:00
0,0,0,0,0,0,2019-06-17 14:05:11+07:00
0,2,0,0,0,0,2019-06-21 15:26:29+07:00
0,0,0,0,0,0,2019-06-21 15:27:21+07:00
0,0,0,0,0,0,2019-06-21 19:29:17+07:00
0,0,0,0,0,0,2019-06-25 20:21:40+07:00
2,5,2,1,1,1,2019-06-26 17:12:43+07:00
0,0,0,0,0,0,2019-06-26 17:32:38+07:00
0,0,0,0,0,0,2019-06-26 17:38:08+07:00
0,1,0,0,0,0,2019-06-26 18:12:57+07:00
0,0,0,0,0,0,2019-06-27 10:14:18+07:00
0,0,0,0,0,0,2019-06-28 17:28:10+07:00
0,0,0,0,0,0,2019-06-28 17:30:08+07:00
1,2,1,1,1,1,2019-06-29 20:20:18+07:00
0,0,0,0,0,0,2019-06-29 20:27:51+07:00
0,0,0,0,0,0,2019-07-01 14:46:43+07:00
0,1,0,0,0,0,2019-07-02 15:56:14+07:00
0,0,0,0,0,0,2019-07-03 13:16:22+07:00
0,0,0,0,0,0,2019-07-08 09:32:52+00:00
0,0,0,0,0,0,2019-07-08 11:04:48+00:00
0,0,0,0,0,0,2019-07-08 11:06:17+00:00
0,0,0,0,0,0,2019-07-09 11:20:58+07:00
0,0,0,0,0,0,2019-07-09 15:35:32+07:00
1,0,0,0,0,0,2019-07-09 15:36:14+07:00
0,1,0,0,0,0,2019-07-09 16:51:39+07:00
0,0,0,0,0,0,2019-07-09 17:00:27+07:00
1,2,1,1,1,1,2019-07-10 11:15:34+07:00
0,0,0,0,0,0,2019-07-10 17:44:31+07:00
0,0,0,0,0,0,2019-07-11 11:05:15+07:00
0,0,0,0,0,0,2019-07-11 04:17:03+00:00
0,0,0,0,0,0,2019-07-11 04:36:30+00:00
0,2,0,0,0,0,2019-07-13 14:00:29+07:00
0,1,0,0,0,0,2019-07-14 02:14:07+07:00
0,0,0,0,0,0,2019-07-22 18:00:19+07:00
0,0,0,0,0,0,2019-07-23 09:57:37+07:00
0,0,0,0,0,0,2019-07-23 10:00:28+07:00
2,7,2,1,1,1,2019-07-25 15:33:56+07:00
0,0,0,0,0,0,2019-07-29 10:17:06+07:00
0,0,0,0,0,0,2019-07-29 10:17:55+07:00
28,99,28,14,14,14,2019-08-01 02:59:32+00:00
0,0,0,0,0,0,2019-08-01 10:42:08+00:00
8,28,8,4,4,4,2019-08-04 15:45:18+07:00
0,0,0,0,0,0,2019-08-08 10:49:09+07:00
0,0,0,0,0,0,2019-08-08 10:53:45+07:00
0,0,0,0,0,0,2019-08-08 11:44:58+07:00
0,0,0,0,0,0,2019-08-08 11:46:10+07:00
0,0,0,0,0,0,2019-08-08 08:15:50+00:00
1,12,1,0,0,0,2019-08-13 16:02:35+07:00
0,1,0,0,0,0,2019-08-13 17:36:23+07:00
0,0,0,0,0,0,2019-08-14 14:04:03+07:00
2,13,2,1,1,1,2019-08-14 15:52:58+07:00
0,0,0,0,0,0,2019-08-14 17:12:09+07:00
0,0,0,0,0,0,2019-08-15 13:37:14+07:00
0,0,0,0,0,0,2019-08-15 13:41:51+07:00
0,2,0,0,0,0,2019-08-16 11:20:20+07:00
0,1,0,0,0,0,2019-08-16 14:11:35+07:00
2,2,2,2,2,2,2019-08-16 16:33:39+07:00
3,2,3,3,3,3,2019-08-17 01:43:11+07:00
0,0,0,0,0,0,2019-08-30 14:30:42+07:00
0,0,0,0,0,0,2019-08-30 14:36:43+07:00
0,0,0,0,0,0,2019-08-30 14:44:25+07:00
0,0,0,0,0,0,2019-08-30 14:47:29+07:00
0,0,0,0,0,0,2019-08-30 14:49:33+07:00
0,0,0,0,0,0,2019-08-30 14:51:10+07:00
0,1,0,0,0,0,2019-08-30 16:10:11+07:00
0,1,0,0,0,0,2019-08-30 16:14:29+07:00
0,1,0,0,0,0,2019-08-30 16:36:53+07:00
0,0,0,0,0,0,2019-08-30 21:23:03+07:00
0,36,0,0,0,0,2019-09-03 22:44:17+07:00
0,0,0,0,0,0,2019-09-05 11:31:16+07:00
0,0,0,0,0,0,2019-09-05 11:32:58+07:00
0,0,0,0,0,0,2019-09-05 11:53:11+07:00
0,18,0,0,0,0,2019-09-09 15:45:43+07:00
2,1,2,1,1,1,2019-09-13 14:37:50+07:00
0,0,0,0,0,0,2019-09-13 14:50:08+07:00
0,0,0,0,0,0,2019-09-13 14:57:09+07:00
0,1,0,0,0,0,2019-09-30 17:03:41+07:00
0,0,0,0,0,0,2019-11-01 09:43:37+07:00
0,2,0,0,0,0,2019-11-11 16:14:33+07:00
0,1,0,0,0,0,2020-04-11 16:10:06+07:00
0,1,0,0,0,0,2020-04-15 15:34:47+07:00
0,1,0,0,0,0,2020-04-15 15:44:32+07:00
0,1,0,0,0,0,2020-04-15 15:57:53+07:00
0,1,0,0,0,0,2020-04-15 16:04:19+07:00
0,1,0,0,0,0,2020-04-15 16:16:31+07:00
0,1,0,0,0,0,2020-04-15 16:24:03+07:00
0,1,0,0,0,0,2020-04-15 16:36:10+07:00
0,1,0,0,0,0,2020-04-15 16:53:17+07:00
0,1,0,0,0,0,2020-04-15 17:26:41+07:00
0,1,0,0,0,0,2020-04-16 14:13:05+07:00
0,1,0,0,0,0,2020-04-16 14:47:15+07:00
0,1,0,0,0,0,2020-04-16 14:58:29+07:00
0,0,0,0,0,0,2020-04-16 15:05:07+07:00
0,1,0,0,0,0,2020-04-16 15:12:20+07:00
0,1,0,0,0,0,2020-04-16 15:19:20+07:00
0,1,0,0,0,0,2020-04-20 17:54:24+07:00
0,1,0,0,0,0,2020-04-20 18:21:29+07:00
0,1,0,0,0,0,2020-04-20 18:25:05+07:00
0,1,0,0,0,0,2020-04-20 18:32:03+07:00
0,1,0,0,0,0,2020-04-20 18:53:50+07:00
0,17,0,0,0,0,2020-04-20 19:14:47+07:00
2,9,2,0,0,0,2020-04-23 13:51:24+07:00
1,1,1,0,0,0,2020-04-23 14:07:28+07:00
0,0,0,0,0,0,2020-04-23 15:37:46+07:00
1,1,1,0,0,0,2020-04-23 15:59:12+07:00
0,1,0,0,0,0,2020-04-23 17:59:54+07:00
0,1,0,0,0,0,2020-04-23 18:20:00+07:00
0,1,0,0,0,0,2020-04-23 18:30:16+07:00
0,0,0,0,0,0,2020-04-23 18:45:14+07:00
0,1,0,0,0,0,2020-04-23 18:55:38+07:00
0,1,0,0,0,0,2020-04-23 20:57:34+07:00
2,4,2,1,1,1,2020-04-23 22:15:21+07:00
0,1,0,0,0,0,2020-04-23 23:04:54+07:00
3,7,3,2,2,2,2020-04-24 09:56:07+07:00
0,0,0,0,0,0,2020-04-24 09:57:13+07:00
0,1,0,0,0,0,2020-04-26 23:00:10+07:00
0,1,0,0,0,0,2020-05-25 21:46:15+07:00
0,1,0,0,0,0,2020-05-25 22:13:07+07:00
0,0,0,0,0,0,2020-05-26 10:02:01+07:00
0,0,0,0,0,0,2020-06-17 18:07:29+07:00
