Acquisition,Preparation,Modeling,Training,Evaluation,Prediction,time
0,0,0,0,0,0,2017-06-04 15:02:48+05:18
0,0,0,0,0,0,2017-06-04 15:29:42+05:18
0,1,1,1,0,1,2017-06-04 16:27:33+05:18
0,2,1,1,0,1,2017-06-05 00:43:20+05:18
0,1,0,0,0,0,2017-06-11 23:52:39+05:18
0,1,0,0,0,0,2017-06-12 01:08:03+05:18
1,0,1,1,0,1,2017-06-14 00:22:42+05:18
1,1,1,1,0,1,2017-06-14 00:32:59+05:18
1,1,0,0,0,0,2017-06-18 00:04:51+05:18
1,1,0,0,0,0,2017-06-18 00:11:46+05:18
1,1,0,0,0,0,2017-06-18 00:11:46+05:18
2,1,0,0,0,0,2017-06-18 01:45:38+05:18
0,0,0,0,0,0,2017-06-18 01:47:26+05:18
0,0,0,0,0,0,2017-06-18 01:48:16+05:18
1,2,2,2,0,2,2017-06-18 22:22:47+05:18
1,1,1,1,0,1,2017-06-18 23:50:45+05:18
1,1,1,1,0,1,2017-06-20 00:28:22+05:18
2,3,2,4,0,3,2017-07-08 14:39:07+05:18
1,1,0,1,0,1,2017-07-08 21:03:08+05:18
0,0,0,0,0,0,2017-07-08 21:13:58+05:18
0,0,1,1,0,1,2017-07-08 22:08:23+05:18
1,0,0,0,0,0,2017-07-16 21:57:34+05:18
1,1,0,0,0,0,2017-07-23 18:49:27+05:18
1,1,0,1,0,1,2017-07-24 17:34:23+05:18
0,0,0,0,0,0,2017-12-18 03:19:24+05:18
0,0,0,0,0,0,2017-12-18 05:31:18+05:18
0,0,0,0,0,0,2017-12-18 05:41:47+05:18
0,0,0,0,0,0,2017-12-20 05:17:39+05:18
0,0,0,0,0,0,2017-12-23 23:42:38+05:18
0,2,2,2,0,2,2017-12-24 06:02:40+05:18
2,4,2,2,0,4,2017-12-25 03:46:03+05:18
1,1,1,1,0,1,2018-03-18 06:37:35+05:18
2,2,2,2,2,2,2018-04-01 06:57:39+05:18
2,2,2,2,2,2,2018-04-02 05:23:01+05:18
2,2,2,2,2,2,2018-04-05 04:12:54+05:18
2,2,2,2,2,2,2018-04-08 19:15:44+05:18
3,3,1,1,3,1,2018-04-09 02:33:28+05:18
2,2,2,2,2,2,2019-08-19 22:26:22+01:00
2,2,2,2,2,0,2019-08-20 21:29:19+01:00
0,1,0,0,0,0,2019-12-09 21:40:13+00:00
0,1,0,0,0,0,2019-12-09 22:27:13+00:00
18,19,5,9,7,10,2020-05-21 21:21:25+01:00
0,0,0,0,0,0,2020-05-23 13:36:56+01:00
0,1,0,0,0,0,2020-05-23 13:44:42+01:00
0,1,0,0,0,0,2020-05-23 14:04:17+01:00
0,1,1,1,1,0,2020-05-23 18:07:45+01:00
0,0,1,0,0,0,2020-05-24 15:09:44+01:00
0,1,1,1,0,0,2020-05-24 22:59:33+01:00
0,1,0,0,0,0,2020-05-26 20:33:19+01:00
0,1,0,1,0,1,2020-05-27 01:13:06+01:00
3,2,0,0,0,0,2020-05-28 00:23:52+01:00
0,0,0,0,0,0,2020-05-28 00:23:57+01:00
6,6,2,3,3,3,2020-05-29 00:38:37+01:00
2,3,0,2,2,3,2020-05-31 01:14:40+01:00
0,0,0,1,0,0,2020-06-01 00:29:28+01:00
0,1,0,1,0,1,2020-06-01 01:01:12+01:00
0,1,0,1,0,1,2020-06-02 00:00:31+01:00
1,2,0,2,0,2,2020-06-02 21:49:36+01:00
0,1,0,1,0,1,2020-06-02 21:51:56+01:00
1,1,0,0,0,0,2020-06-08 21:38:35+01:00
0,1,0,1,0,0,2020-06-09 01:16:38+01:00
0,1,0,1,0,1,2020-06-09 01:44:34+01:00
0,1,0,1,0,1,2020-06-09 01:54:27+01:00
0,1,0,1,0,1,2020-06-09 23:31:33+01:00
12,33,15,5,16,6,2020-09-26 00:53:22+01:00
0,4,1,0,0,0,2020-09-27 16:54:30+01:00
0,1,1,0,0,0,2020-10-05 00:47:43+01:00
2,2,2,2,2,2,2020-10-05 23:10:38+01:00
2,2,1,0,2,0,2020-10-07 00:29:08+01:00
3,2,2,1,2,0,2020-10-08 00:54:54+01:00
1,1,1,1,1,1,2020-10-11 00:43:26+01:00
0,3,3,0,3,1,2020-10-12 00:35:53+01:00
2,6,4,0,5,2,2020-10-17 22:11:07+01:00
2,4,4,2,1,0,2020-10-18 01:21:47+01:00
0,2,1,1,1,1,2020-10-19 00:06:45+01:00
0,1,0,0,0,0,2020-10-20 00:04:18+01:00
2,3,3,1,3,3,2020-10-23 01:42:23+01:00
3,6,3,2,4,2,2020-10-31 23:51:29+00:00
1,2,1,0,0,1,2020-11-04 23:55:24+00:00
1,1,0,0,0,1,2020-11-09 00:20:40+00:00
1,1,0,0,0,0,2020-11-10 23:11:52+00:00
0,1,0,0,0,0,2020-11-11 00:23:29+00:00
1,2,1,0,0,0,2020-11-16 01:15:42+00:00
0,1,1,0,0,0,2020-11-19 23:46:54+00:00
0,1,0,1,0,0,2020-11-22 00:52:52+00:00
0,1,1,1,0,0,2020-11-22 16:46:51+00:00
2,2,1,1,0,0,2021-02-22 20:13:58+00:00
0,0,1,1,0,1,2021-02-27 00:43:17+00:00
0,0,0,0,0,0,2021-03-19 16:13:14+00:00
0,0,0,0,0,0,2021-04-06 18:34:13+00:00
0,0,0,0,0,0,2021-04-20 23:09:08+01:00
0,0,0,0,0,0,2021-04-20 23:09:18+01:00
0,0,0,0,0,0,2021-06-02 04:06:53+00:00
0,0,0,0,0,0,2021-06-03 00:14:52+01:00
0,0,0,0,0,0,2021-06-08 23:09:02+00:00
0,0,0,0,0,0,2021-06-10 10:23:34+01:00
2,2,1,1,1,2,2021-06-11 01:30:02+01:00
0,0,0,0,0,0,2021-06-11 01:30:05+01:00
3,3,3,3,3,3,2021-07-20 20:39:39+01:00
0,0,0,0,0,0,2021-07-21 00:05:01+01:00
4,6,3,3,3,4,2021-07-24 22:52:24+01:00
2,2,2,0,0,0,2021-08-08 16:47:30+01:00
0,0,0,0,0,0,2021-08-23 20:55:08+00:00
0,0,0,0,0,0,2021-08-29 01:46:43+01:00
0,0,0,0,0,0,2021-09-08 03:01:37+00:00
0,0,0,0,0,0,2021-11-06 23:04:17+00:00
0,0,0,0,0,0,2022-01-21 19:45:51+00:00
0,0,0,0,0,0,2022-03-12 00:55:17+00:00
0,0,0,0,0,0,2022-03-12 23:12:19+00:00
0,0,0,0,0,0,2022-03-12 23:12:57+00:00
0,0,0,0,0,0,2022-03-12 23:13:12+00:00
0,0,0,0,0,0,2022-03-12 23:14:14+00:00
0,0,0,0,0,0,2022-04-06 19:20:50+00:00
0,0,0,0,0,0,2022-05-11 23:55:47+01:00
