Acquisition,Preparation,Modeling,Training,Evaluation,Prediction,time
0,0,0,0,0,0,2017-11-10 20:52:36+01:00
0,0,0,0,0,0,2017-11-11 09:29:27+01:00
0,0,0,0,0,0,2017-11-11 09:48:02+01:00
0,0,0,0,0,0,2017-11-14 11:14:38+01:00
0,0,0,0,0,0,2018-06-15 11:24:11+02:00
0,0,0,0,0,0,2018-06-15 11:25:33+02:00
0,0,0,0,0,0,2018-06-15 11:33:59+02:00
0,0,0,0,0,0,2018-07-15 14:01:33+02:00
2,2,1,1,2,1,2018-07-15 14:03:41+02:00
0,0,0,0,0,0,2018-07-15 14:03:59+02:00
0,0,0,0,0,0,2018-07-15 17:37:24+02:00
0,0,0,0,0,0,2018-07-15 17:40:11+02:00
0,0,0,0,0,0,2018-07-15 17:42:21+02:00
0,0,0,0,0,0,2018-07-15 17:52:29+02:00
0,0,0,0,0,0,2018-07-15 17:52:46+02:00
0,0,0,0,0,0,2018-07-15 17:52:56+02:00
0,0,0,0,0,0,2018-07-15 17:53:06+02:00
0,0,0,0,0,0,2018-07-15 17:53:14+02:00
0,0,0,0,0,0,2018-07-15 17:53:25+02:00
0,0,0,0,0,0,2018-07-15 17:53:33+02:00
0,0,0,0,0,0,2018-07-15 17:54:18+02:00
0,0,0,0,0,0,2018-07-15 17:56:51+02:00
0,0,0,0,0,0,2018-07-15 18:00:02+02:00
0,0,0,0,0,0,2018-07-15 18:02:08+02:00
0,0,0,0,0,0,2018-07-15 18:03:04+02:00
0,0,0,0,0,0,2018-07-15 18:11:26+02:00
0,0,0,0,0,0,2018-07-15 18:20:09+02:00
0,0,0,0,0,0,2018-07-15 18:20:55+02:00
0,0,0,0,0,0,2018-07-15 18:29:30+02:00
0,0,0,0,0,0,2018-07-15 18:32:19+02:00
1,1,0,0,0,0,2018-07-15 18:32:50+02:00
0,0,0,0,0,0,2018-07-15 18:45:34+02:00
0,0,0,0,0,0,2018-07-15 19:35:08+02:00
1,1,0,0,0,0,2018-07-15 19:36:29+02:00
1,1,0,0,0,0,2018-07-15 19:51:16+02:00
0,0,0,0,0,0,2018-07-15 20:17:11+02:00
1,1,0,0,0,0,2018-07-15 20:28:30+02:00
1,1,0,0,1,0,2018-07-15 21:39:09+02:00
1,1,1,1,1,1,2018-07-15 22:18:36+02:00
1,1,0,0,1,0,2018-07-16 20:01:18+02:00
1,1,0,0,1,0,2018-07-16 20:04:14+02:00
1,1,0,0,1,0,2018-07-16 20:05:41+02:00
1,1,1,1,1,1,2018-07-16 20:08:24+02:00
1,1,1,1,1,1,2018-07-16 20:09:35+02:00
0,0,0,0,0,0,2018-07-16 21:30:36+02:00
0,0,0,0,0,0,2018-07-17 09:33:42+02:00
1,1,1,1,1,1,2018-07-18 22:10:28+02:00
1,1,1,1,1,1,2018-07-18 22:11:19+02:00
1,1,1,1,1,1,2018-07-18 22:13:26+02:00
1,1,0,0,1,0,2018-07-18 23:48:50+02:00
1,1,0,0,1,0,2018-07-19 00:47:28+02:00
0,0,0,0,0,0,2018-07-19 07:10:14+02:00
0,0,0,0,0,0,2018-07-19 07:18:44+02:00
0,0,0,0,0,0,2018-07-19 07:19:20+02:00
