Acquisition,Preparation,Modeling,Training,Evaluation,Prediction,time
0,0,0,0,0,0,2021-03-04 14:37:33-05:00
0,0,0,0,0,0,2021-03-04 14:38:26-05:00
0,0,0,0,0,0,2021-03-07 22:06:14+00:00
0,0,0,0,0,0,2021-03-19 08:55:17-04:00
0,0,0,0,0,0,2021-03-19 09:34:39-04:00
0,0,0,0,0,0,2021-03-19 10:27:49-04:00
0,0,0,0,0,0,2021-03-19 10:32:17-04:00
0,0,0,0,0,0,2021-03-19 10:35:19-04:00
0,0,0,0,0,0,2021-03-21 14:40:50-04:00
0,0,0,0,0,0,2021-03-22 20:49:11-04:00
0,0,0,0,0,0,2021-03-22 20:49:45-04:00
1,1,0,0,0,0,2021-03-31 15:59:08-04:00
0,1,0,0,0,0,2021-04-03 21:52:52-04:00
0,0,0,0,0,0,2021-04-03 21:54:24-04:00
0,1,0,0,0,0,2021-04-04 12:48:37-04:00
0,4,1,1,0,0,2021-04-04 16:51:28+00:00
0,4,1,1,0,0,2021-04-04 12:52:23-04:00
0,1,1,1,0,0,2021-04-21 15:54:12-04:00
0,0,0,0,0,0,2021-04-21 20:12:37-04:00
0,1,0,0,0,0,2021-04-22 13:22:40+00:00
0,0,0,0,0,0,2021-04-22 13:23:51+00:00
0,0,0,0,0,0,2021-04-22 11:17:02-04:00
0,1,0,0,0,0,2021-04-22 18:25:04+00:00
0,0,0,0,0,0,2021-04-22 18:25:12+00:00
0,0,0,0,0,0,2021-04-22 18:29:50-04:00
0,0,0,0,0,0,2021-04-23 16:00:39-04:00
0,1,0,0,0,0,2021-04-23 20:10:38+00:00
0,0,0,0,0,0,2021-04-23 20:10:43+00:00
0,0,0,0,0,0,2021-04-23 22:23:54-04:00
1,1,1,1,0,0,2021-04-24 11:05:00-04:00
1,1,1,1,0,0,2021-04-24 11:47:38-04:00
0,0,0,0,0,0,2021-04-24 11:48:22-04:00
0,0,0,0,0,0,2021-04-24 12:37:55-04:00
1,1,1,1,0,0,2021-04-24 14:54:35-04:00
0,1,1,1,0,0,2021-04-24 16:00:40-04:00
0,1,1,1,0,0,2021-04-24 16:01:13-04:00
0,0,0,0,0,0,2021-04-24 16:13:14-04:00
2,2,0,2,0,0,2021-04-24 16:30:51-04:00
0,0,0,0,0,0,2021-04-24 16:32:21-04:00
0,1,0,0,0,0,2021-04-24 20:39:11+00:00
0,0,0,0,0,0,2021-04-24 20:39:16+00:00
0,0,0,0,0,0,2021-04-24 17:17:53-04:00
0,0,0,0,0,0,2021-04-24 17:21:37-04:00
0,0,0,0,0,0,2021-04-24 17:22:22-04:00
0,0,0,0,0,0,2021-04-24 21:34:11+00:00
0,0,0,0,0,0,2021-04-24 17:35:35-04:00
1,0,0,0,0,0,2021-04-24 17:35:50-04:00
0,3,1,1,0,0,2021-04-24 22:49:27+00:00
0,0,0,0,0,0,2021-04-24 20:16:00-04:00
0,0,0,0,0,0,2021-04-24 20:19:08-04:00
1,1,0,0,0,0,2021-04-25 00:31:05+00:00
0,0,0,0,0,0,2021-04-25 00:31:10+00:00
0,0,0,0,0,0,2021-04-25 00:34:20+00:00
0,2,1,1,0,0,2021-04-25 00:56:56+00:00
0,1,0,0,0,0,2021-04-25 01:03:53+00:00
0,0,0,0,0,0,2021-04-25 01:04:44+00:00
0,0,0,0,0,0,2021-04-24 21:06:57-04:00
0,1,0,0,0,0,2021-04-25 01:34:25+00:00
0,0,0,0,0,0,2021-04-25 01:34:30+00:00
0,0,0,0,0,0,2021-04-25 12:18:12+00:00
0,0,0,0,0,0,2021-04-25 08:20:59-04:00
0,0,0,0,0,0,2021-04-25 12:28:06+00:00
0,0,0,0,0,0,2021-04-25 12:28:11+00:00
0,0,0,0,0,0,2021-04-25 12:29:49+00:00
0,1,0,0,0,0,2021-04-25 12:51:29+00:00
0,3,1,1,0,0,2021-04-25 13:05:05+00:00
0,2,1,1,0,0,2021-04-25 13:05:50+00:00
0,1,0,0,0,0,2021-04-25 13:09:25+00:00
0,0,0,0,0,0,2021-04-25 17:11:11-04:00
0,0,0,0,0,0,2021-04-25 17:11:48-04:00
1,2,0,1,0,0,2021-04-25 17:13:25-04:00
0,0,0,0,0,0,2021-04-25 17:14:01-04:00
0,1,0,0,0,0,2021-04-25 21:45:12+00:00
0,0,0,0,0,0,2021-04-25 22:47:48+00:00
0,0,0,0,0,0,2021-04-25 18:56:24-04:00
0,0,0,0,0,0,2021-04-25 18:57:41-04:00
0,0,0,0,0,0,2021-04-26 00:38:56+00:00
0,0,0,0,0,0,2021-04-26 02:14:44+00:00
0,0,0,0,0,0,2021-04-25 22:16:22-04:00
0,0,0,0,0,0,2021-04-25 22:16:42-04:00
0,0,0,0,0,0,2021-04-25 22:18:59-04:00
0,1,0,0,0,0,2021-04-26 02:20:40+00:00
0,0,0,0,0,0,2021-04-26 09:58:21-04:00
0,0,0,0,0,0,2021-04-26 10:01:53-04:00
0,0,0,0,0,0,2021-04-26 10:28:54-04:00
0,1,0,0,0,0,2021-04-26 15:03:24+00:00
0,3,2,2,0,0,2021-04-26 15:32:29+00:00
0,1,0,0,0,0,2021-04-26 16:07:45+00:00
0,1,0,0,0,0,2021-04-26 12:55:11-04:00
0,1,0,0,0,0,2021-04-26 13:50:16-04:00
0,2,0,0,0,0,2021-04-26 13:57:02-04:00
0,0,0,0,0,0,2021-04-26 14:03:39-04:00
0,0,0,0,0,0,2021-04-26 14:07:12-04:00
0,0,0,0,0,0,2021-04-26 14:27:11-04:00
0,0,0,0,0,0,2021-04-26 16:41:26-04:00
0,0,0,0,0,0,2021-04-26 21:06:31+00:00
0,0,0,0,0,0,2021-04-26 21:07:09+00:00
0,0,0,0,0,0,2021-04-26 17:17:28-04:00
0,1,0,0,0,0,2021-04-26 17:33:17-04:00
0,1,0,0,0,0,2021-04-26 21:40:57+00:00
0,0,0,0,0,0,2021-04-26 21:41:03+00:00
0,0,0,0,0,0,2021-04-26 20:42:47-04:00
0,1,0,0,0,0,2021-04-27 09:56:05-04:00
0,1,0,0,0,0,2021-04-27 11:15:45-04:00
0,0,0,0,0,0,2021-05-03 15:02:00+00:00
1,5,0,0,0,0,2021-05-03 15:22:51+00:00
0,0,0,0,0,0,2021-05-03 11:23:28-04:00
0,0,0,0,0,0,2021-05-03 11:25:19-04:00
0,0,0,0,0,0,2021-05-03 11:25:37-04:00
0,0,0,0,0,0,2021-05-03 11:27:05-04:00
0,0,0,0,0,0,2021-05-03 11:27:19-04:00
0,0,0,0,0,0,2021-05-03 11:27:59-04:00
0,0,0,0,0,0,2021-05-03 11:28:35-04:00
0,0,0,0,0,0,2021-05-03 11:28:48-04:00
0,0,0,0,0,0,2021-05-03 11:29:02-04:00
0,0,0,0,0,0,2021-05-03 11:30:23-04:00
0,0,0,0,0,0,2021-05-03 11:42:27-04:00
0,0,0,0,0,0,2021-05-03 11:42:57-04:00
0,0,0,0,0,0,2021-05-03 11:44:10-04:00
0,0,0,0,0,0,2021-05-03 11:57:40-04:00
0,0,0,0,0,0,2021-05-03 11:57:46-04:00
0,0,0,0,0,0,2021-05-03 15:59:16+00:00
0,0,0,0,0,0,2021-05-03 15:59:24+00:00
0,0,0,0,0,0,2021-05-03 12:19:54-04:00
0,0,0,0,0,0,2021-05-03 12:21:04-04:00
0,0,0,0,0,0,2021-05-03 12:21:26-04:00
0,0,0,0,0,0,2021-05-03 12:21:31-04:00
0,0,0,0,0,0,2021-05-03 12:21:43-04:00
0,0,0,0,0,0,2021-05-03 12:22:12-04:00
0,0,0,0,0,0,2021-05-03 12:22:17-04:00
0,0,0,0,0,0,2021-05-03 12:22:24-04:00
0,0,0,0,0,0,2021-05-03 12:22:35-04:00
