Acquisition,Preparation,Modeling,Training,Evaluation,Prediction,time
0,0,0,0,0,0,2018-06-27 18:23:27+02:00
0,0,0,0,0,0,2018-06-27 18:24:54+02:00
0,0,0,0,0,0,2018-06-27 18:28:03+02:00
0,0,0,0,0,0,2018-09-27 18:01:20+02:00
0,0,0,0,0,0,2018-09-27 18:05:50+02:00
0,0,0,0,0,0,2018-10-29 19:10:43-05:00
0,0,0,0,0,0,2018-10-30 19:36:30-05:00
0,0,0,0,0,0,2019-04-20 10:09:53+02:00
0,0,0,0,0,0,2020-12-02 11:14:07-05:00
0,0,0,0,0,0,2020-12-05 18:03:44-05:00
0,0,0,0,0,0,2020-12-05 18:09:27-05:00
0,0,0,0,0,0,2020-12-09 16:09:47-05:00
0,0,0,0,0,0,2020-12-10 15:45:36-05:00
0,0,0,0,0,0,2020-12-10 15:47:45-05:00
0,0,0,0,0,0,2020-12-12 17:33:38-05:00
1,9,6,6,0,3,2020-12-17 16:21:05-05:00
0,0,0,0,0,0,2020-12-18 18:08:59-05:00
0,1,1,0,0,0,2021-01-06 11:19:43-05:00
0,0,0,0,0,0,2021-01-06 11:41:20-05:00
0,0,0,0,0,0,2021-01-06 11:43:19-05:00
0,0,0,0,0,0,2021-01-06 11:46:48-05:00
0,0,0,0,0,0,2021-01-06 11:49:20-05:00
0,0,0,0,0,0,2021-01-06 11:58:51-05:00
0,10,8,0,0,6,2021-01-18 09:35:02-05:00
0,0,0,0,0,0,2021-01-18 09:41:44-05:00
0,0,0,0,0,0,2021-01-18 09:46:01-05:00
0,6,4,0,0,4,2021-01-18 11:16:46-05:00
0,0,0,0,0,0,2021-01-18 11:23:27-05:00
0,0,0,0,0,0,2021-01-18 11:26:17-05:00
0,0,0,0,0,0,2021-01-18 11:27:08-05:00
0,4,0,0,0,0,2021-01-21 17:12:32-05:00
0,2,0,0,0,0,2021-01-23 11:48:30-05:00
0,8,0,0,0,0,2021-01-23 11:51:59-05:00
1,19,13,6,0,9,2021-02-01 10:23:55-05:00
0,12,4,0,0,1,2021-02-01 11:46:27-05:00
0,14,9,2,0,5,2021-02-22 11:17:05-05:00
0,2,0,0,0,0,2021-02-22 12:23:57-05:00
0,0,0,0,0,0,2021-02-22 12:28:25-05:00
0,0,0,0,0,0,2021-02-22 12:31:36-05:00
0,0,0,0,0,0,2021-02-22 12:35:22-05:00
0,0,0,0,0,0,2021-02-22 12:44:13-05:00
0,2,0,0,0,0,2021-02-23 13:10:47-05:00
0,2,0,0,0,0,2021-02-24 09:56:10-05:00
0,5,0,0,0,1,2021-02-24 12:56:05-05:00
0,10,10,0,0,7,2021-02-26 10:04:29-05:00
0,1,0,0,0,1,2021-02-26 11:37:39-05:00
0,0,0,0,0,0,2021-02-26 11:40:43-05:00
0,0,0,0,0,0,2021-03-06 10:26:09-05:00
0,0,0,0,0,0,2021-03-06 10:28:21-05:00
0,0,0,0,0,0,2021-03-15 08:46:31-05:00
0,0,0,0,0,0,2021-04-16 10:25:06-05:00
1,3,0,0,0,2,2021-04-17 10:38:34-05:00
0,2,0,0,0,2,2021-04-29 16:23:01-05:00
0,2,0,0,0,1,2021-05-03 10:53:15-05:00
0,0,0,0,0,0,2021-05-03 15:53:51+00:00
0,0,0,0,0,0,2021-05-03 15:53:52+00:00
0,0,0,0,0,0,2021-05-03 19:51:22+02:00
0,0,0,0,0,0,2021-05-03 19:51:41+02:00
4,11,4,0,0,12,2021-05-12 09:18:28-05:00
0,0,0,0,0,0,2021-05-12 09:18:33-05:00
3,6,5,2,0,6,2021-05-17 09:00:32-05:00
2,3,2,0,0,3,2021-05-17 11:30:36-05:00
0,0,0,0,0,0,2021-05-21 14:57:45+00:00
0,0,0,0,0,0,2021-05-21 21:54:44+02:00
2,6,7,5,0,7,2021-05-29 10:12:53-05:00
0,0,0,0,0,0,2021-05-29 10:12:58-05:00
0,0,0,0,0,0,2021-06-02 04:40:04+00:00
0,0,0,0,0,0,2021-06-02 07:07:56+02:00
0,0,0,0,0,0,2021-06-08 23:28:25+00:00
0,0,0,0,0,0,2021-06-09 06:18:08+02:00
0,0,0,0,0,0,2021-06-11 10:20:29-05:00
0,0,0,0,0,0,2021-06-11 11:20:09-05:00
0,0,0,0,0,0,2021-06-21 08:59:04-05:00
0,0,0,0,0,0,2021-08-23 20:56:47+00:00
0,0,0,0,0,0,2021-08-23 23:49:13+02:00
0,0,0,0,0,0,2021-08-25 15:11:36+00:00
0,0,0,0,0,0,2021-08-27 19:37:29+02:00
0,0,0,0,0,0,2021-09-08 03:16:39+00:00
0,0,0,0,0,0,2021-09-08 08:49:00+02:00
0,0,0,0,0,0,2021-09-28 16:50:23-05:00
0,0,0,0,0,0,2021-09-28 16:50:40-05:00
0,0,0,0,0,0,2021-09-28 16:52:37-05:00
0,0,0,0,0,0,2021-10-08 11:21:00-05:00
0,0,0,0,0,0,2021-10-12 16:03:53-05:00
0,0,0,0,0,0,2021-10-12 16:11:26-05:00
0,0,0,0,0,0,2021-10-12 16:13:34-05:00
0,0,0,0,0,0,2021-10-26 16:23:10-05:00
0,0,0,0,0,0,2021-11-09 11:27:58-05:00
0,0,0,0,0,0,2021-11-10 20:10:34+00:00
0,0,0,0,0,0,2021-11-11 08:46:13+01:00
0,0,0,0,0,0,2021-12-13 20:53:32+00:00
0,0,0,0,0,0,2021-12-13 22:12:08+01:00
0,0,0,0,0,0,2021-12-21 09:20:59-05:00
0,0,0,0,0,0,2021-12-21 09:21:04-05:00
0,0,0,0,0,0,2022-01-10 10:32:44-05:00
0,0,0,0,0,0,2022-01-13 03:46:17+00:00
0,0,0,0,0,0,2022-01-21 19:57:27+00:00
0,0,0,0,0,0,2022-01-22 18:52:57+01:00
0,0,0,0,0,0,2022-01-22 17:53:31+00:00
0,0,0,0,0,0,2022-01-22 18:58:33+01:00
0,0,0,0,0,0,2022-01-28 08:11:33-05:00
0,0,0,0,0,0,2022-02-02 08:37:50-05:00
0,0,0,0,0,0,2022-02-02 08:37:56-05:00
9,24,5,8,0,5,2022-02-18 09:22:20-05:00
1,2,1,2,0,1,2022-02-22 17:14:02-05:00
0,0,0,0,0,0,2022-02-25 08:37:16-05:00
0,0,0,0,0,0,2022-02-25 08:41:34-05:00
0,0,0,0,0,0,2022-03-12 01:07:00+00:00
0,0,0,0,0,0,2022-03-12 14:00:58+01:00
0,0,0,0,0,0,2022-04-06 19:22:24+00:00
0,0,0,0,0,0,2022-04-06 21:23:13+02:00
0,0,0,0,0,0,2022-05-24 17:23:43+00:00
0,0,0,0,0,0,2022-05-24 22:47:17+02:00
0,0,0,0,0,0,2022-05-26 21:05:56+00:00
0,0,0,0,0,0,2022-05-27 04:27:47+02:00
0,0,0,0,0,0,2022-06-17 00:08:07+00:00
0,0,0,0,0,0,2022-06-17 04:59:39+02:00
0,0,0,0,0,0,2022-07-12 16:14:28-05:00
0,0,0,0,0,0,2022-07-12 16:14:40-05:00
