Acquisition,Preparation,Modeling,Training,Evaluation,Prediction,time
0,0,0,0,0,0,2015-12-04 16:18:26-05:00
1,1,0,1,0,0,2015-12-04 16:28:05-05:00
0,0,0,0,0,0,2015-12-04 16:30:14-05:00
0,1,0,1,0,1,2015-12-04 18:26:13-05:00
0,0,0,0,0,0,2015-12-06 15:17:53-05:00
1,1,0,1,0,1,2015-12-07 18:09:54-05:00
0,1,0,1,0,1,2015-12-08 17:31:21-05:00
1,1,0,1,0,1,2015-12-09 08:38:39-05:00
0,1,0,1,0,1,2015-12-09 09:02:26-05:00
0,1,0,1,0,1,2015-12-09 13:19:08-05:00
0,1,0,1,0,1,2015-12-09 17:09:54-05:00
0,0,0,0,0,0,2015-12-09 18:09:40-05:00
0,0,0,0,0,0,2015-12-09 22:05:55-05:00
0,0,0,0,0,0,2015-12-09 22:06:55-05:00
0,0,0,0,0,0,2015-12-10 08:37:23-05:00
0,1,0,0,0,0,2015-12-10 09:50:07-05:00
0,1,0,0,0,0,2015-12-10 17:08:33-05:00
0,1,0,1,0,1,2015-12-11 19:33:57-05:00
1,0,0,0,0,0,2015-12-29 14:57:31-05:00
0,0,0,0,0,0,2015-12-29 18:31:54-05:00
0,2,0,1,0,1,2015-12-30 19:27:59-05:00
1,1,0,0,0,0,2016-01-03 17:52:48-05:00
0,0,0,0,0,0,2016-01-04 19:23:56-05:00
0,0,0,0,0,0,2016-01-05 18:21:29-05:00
0,0,0,0,0,0,2016-01-12 17:40:07-05:00
1,1,0,1,0,1,2016-01-13 19:04:40-05:00
0,0,0,0,0,0,2016-01-15 12:26:20-05:00
1,1,0,1,0,1,2016-01-15 17:20:50-05:00
0,0,0,0,0,0,2016-01-15 18:45:31-05:00
0,0,0,0,0,0,2016-01-15 18:58:25-05:00
1,1,0,1,0,1,2016-01-15 19:58:23-05:00
0,0,0,0,0,0,2016-01-15 20:02:01-05:00
2,0,0,0,0,0,2016-01-15 20:13:05-05:00
1,2,0,1,0,1,2016-01-19 13:46:41-05:00
0,0,0,0,0,0,2016-02-02 19:30:55-05:00
1,0,0,0,0,0,2016-02-04 15:22:21-05:00
1,1,0,0,0,0,2016-02-10 10:36:47-05:00
0,0,0,0,0,0,2016-02-10 18:01:04-05:00
0,0,0,0,0,0,2016-02-11 10:24:57-05:00
0,0,0,0,0,0,2016-02-11 13:00:48-05:00
0,0,0,0,0,0,2016-02-25 15:10:24-05:00
0,0,0,0,0,0,2016-02-25 15:10:38-05:00
0,0,0,0,0,0,2016-02-25 15:11:23-05:00
0,1,0,0,0,0,2016-02-26 15:03:52-05:00
0,1,0,0,0,0,2016-02-26 15:26:52-05:00
0,1,0,0,0,0,2016-02-26 16:43:06-05:00
0,1,0,0,0,0,2016-02-26 17:13:51-05:00
0,1,0,0,0,0,2016-02-28 19:30:42-05:00
0,0,0,0,0,0,2016-02-29 17:11:56-05:00
0,0,0,0,0,0,2016-02-29 18:17:51-05:00
0,0,0,0,0,0,2016-03-04 11:51:59-05:00
0,0,0,0,0,0,2016-03-04 20:19:21-05:00
0,1,0,0,1,0,2016-03-05 18:59:45-05:00
0,1,0,0,1,0,2016-03-05 20:50:39-05:00
0,2,0,1,0,1,2016-03-06 18:31:44-05:00
0,3,0,1,1,1,2016-03-07 18:09:13-05:00
0,0,0,0,0,0,2016-03-08 14:22:34-05:00
0,1,0,0,0,0,2016-03-08 20:31:30-05:00
0,0,0,0,0,0,2016-03-09 18:01:15-05:00
0,1,0,0,0,0,2016-03-09 18:37:26-05:00
1,3,0,1,1,1,2016-03-11 18:50:08-05:00
0,1,0,1,0,0,2016-03-13 17:25:29-04:00
0,0,0,0,0,0,2016-03-13 17:25:45-04:00
0,12,1,1,0,0,2016-03-13 18:01:53-04:00
0,1,0,1,0,0,2016-03-14 16:10:16-04:00
0,1,0,1,0,1,2016-03-14 16:45:32-04:00
0,1,0,0,1,0,2016-03-14 17:34:35-04:00
0,3,0,2,0,1,2016-03-15 18:12:07-04:00
0,2,0,1,0,0,2016-03-16 11:20:59-04:00
0,0,0,0,0,0,2016-03-24 13:30:08-04:00
0,0,0,0,0,0,2016-03-24 13:31:13-04:00
0,2,0,0,1,0,2016-03-27 21:09:38+04:00
0,0,0,0,0,0,2016-03-27 13:11:15-04:00
0,0,0,0,0,0,2016-03-29 15:12:06-04:00
1,0,0,0,0,0,2016-03-29 15:12:52-04:00
0,1,0,0,1,0,2016-03-30 14:57:46-04:00
0,0,0,0,0,0,2016-03-30 18:11:15-04:00
0,0,0,0,0,0,2016-03-30 18:13:31-04:00
0,1,0,0,0,0,2016-03-30 18:56:01-04:00
0,0,0,0,0,0,2016-03-31 17:49:14-04:00
0,0,0,0,0,0,2016-03-31 17:49:29-04:00
0,1,0,0,1,0,2016-04-04 17:09:28-04:00
0,0,0,0,0,0,2016-04-04 18:44:23-04:00
0,2,0,0,1,0,2016-04-05 09:46:09-04:00
0,1,0,0,0,0,2016-04-05 15:48:08-04:00
0,0,0,0,0,0,2016-04-07 09:19:32-04:00
0,0,0,0,0,0,2016-04-07 13:22:14-04:00
0,0,0,0,0,0,2016-04-12 17:23:51-04:00
0,1,0,0,0,0,2016-04-13 07:58:58-04:00
0,1,0,0,0,0,2016-04-13 08:15:55-04:00
0,0,0,0,0,0,2016-04-15 09:49:44-04:00
0,0,0,0,0,0,2016-04-20 10:15:31-04:00
1,1,0,0,0,0,2016-04-21 08:00:37-04:00
0,0,0,0,0,0,2016-04-21 08:12:46-04:00
0,1,0,0,1,0,2016-04-21 10:33:50-04:00
0,0,0,0,0,0,2016-04-21 10:33:55-04:00
0,0,0,0,0,0,2016-04-21 11:18:47-04:00
0,0,0,0,0,0,2016-04-21 11:18:50-04:00
0,0,0,0,0,0,2016-04-22 10:00:57-04:00
0,0,0,0,0,0,2016-05-06 23:37:08+08:00
0,0,0,0,0,0,2016-05-06 23:42:49+08:00
0,0,0,0,0,0,2016-05-06 23:49:23+08:00
0,0,0,0,0,0,2016-05-06 23:49:43+08:00
0,0,0,0,0,0,2016-05-06 23:51:42+08:00
0,0,0,0,0,0,2016-05-06 23:52:20+08:00
0,0,0,0,0,0,2016-05-06 23:52:44+08:00
0,0,0,0,0,0,2016-05-06 23:53:11+08:00
0,0,0,0,0,0,2016-05-06 23:55:18+08:00
0,0,0,0,0,0,2016-05-06 23:57:15+08:00
0,0,0,0,0,0,2016-05-06 23:57:48+08:00
0,0,0,0,0,0,2016-05-06 23:57:58+08:00
0,0,0,0,0,0,2016-05-06 23:58:07+08:00
0,0,0,0,0,0,2016-05-06 23:58:28+08:00
0,0,0,0,0,0,2016-05-06 23:58:46+08:00
0,0,0,0,0,0,2016-05-06 23:59:02+08:00
0,0,0,0,0,0,2016-05-06 23:59:12+08:00
0,0,0,0,0,0,2016-05-06 23:59:21+08:00
0,0,0,0,0,0,2016-05-06 23:59:28+08:00
0,0,0,0,0,0,2016-05-06 23:59:39+08:00
0,0,0,0,0,0,2016-05-06 23:59:46+08:00
0,0,0,0,0,0,2016-05-06 23:59:56+08:00
0,0,0,0,0,0,2016-05-07 00:00:03+08:00
0,0,0,0,0,0,2016-05-07 00:00:11+08:00
0,0,0,0,0,0,2016-05-07 00:00:19+08:00
0,0,0,0,0,0,2016-05-07 00:00:25+08:00
0,0,0,0,0,0,2016-05-09 17:59:17+08:00
0,0,0,0,0,0,2016-05-09 18:00:53+08:00
0,0,0,0,0,0,2016-05-09 18:28:01+08:00
0,0,0,0,0,0,2016-05-09 18:31:38+08:00
0,0,0,0,0,0,2016-05-09 15:34:46-04:00
0,0,0,0,0,0,2016-05-09 15:47:27-04:00
0,0,0,0,0,0,2016-05-09 15:47:42-04:00
0,0,0,0,0,0,2016-05-09 15:52:47-04:00
0,0,0,0,0,0,2016-05-09 16:28:06-04:00
0,0,0,0,0,0,2016-05-09 16:28:33-04:00
0,0,0,0,0,0,2016-05-09 17:01:17-04:00
0,0,0,0,0,0,2016-05-09 17:51:22-04:00
0,0,0,0,0,0,2016-05-09 17:51:44-04:00
0,0,0,0,0,0,2016-05-10 16:46:30-04:00
0,0,0,0,0,0,2016-05-10 17:21:51-04:00
0,0,0,0,0,0,2016-05-10 17:37:47-04:00
0,0,0,0,0,0,2016-05-10 17:45:52-04:00
0,0,0,0,0,0,2016-05-11 15:06:39-04:00
0,0,0,0,0,0,2016-05-11 15:23:14-04:00
0,0,0,0,0,0,2016-05-11 17:45:13-04:00
0,0,0,0,0,0,2016-05-11 18:05:30-04:00
0,0,0,0,0,0,2016-05-16 15:26:49-04:00
0,0,0,0,0,0,2016-05-17 09:22:12-04:00
0,0,0,0,0,0,2016-05-17 09:59:09-04:00
0,0,0,0,0,0,2016-05-17 11:08:02-04:00
0,0,0,0,0,0,2016-05-17 11:34:53-04:00
0,0,0,0,0,0,2016-05-17 15:05:33-04:00
0,0,0,0,0,0,2016-05-17 17:21:01-04:00
0,0,0,0,0,0,2016-05-17 18:49:16-04:00
0,0,0,0,0,0,2016-05-18 17:24:38-04:00
0,0,0,0,0,0,2016-05-18 17:46:29-04:00
0,0,0,0,0,0,2016-05-19 10:20:13-04:00
0,0,0,0,0,0,2016-05-19 10:53:41-04:00
0,0,0,0,0,0,2016-05-19 11:41:16-04:00
0,0,0,0,0,0,2016-05-19 18:52:44-04:00
0,0,0,0,0,0,2016-05-20 10:34:48-04:00
0,0,0,0,0,0,2016-05-22 10:17:44+03:00
0,0,0,0,0,0,2016-05-23 11:46:45+03:00
0,0,0,0,0,0,2016-05-23 17:00:36+08:00
0,0,0,0,0,0,2016-05-23 17:26:13-04:00
0,0,0,0,0,0,2016-05-24 16:06:26+08:00
0,0,0,0,0,0,2016-05-26 04:31:12+08:00
0,0,0,0,0,0,2016-05-25 18:31:31-04:00
0,0,0,0,0,0,2016-05-26 11:05:13+03:00
0,0,0,0,0,0,2016-05-26 11:33:33-04:00
0,1,0,0,1,0,2016-05-26 17:32:17-04:00
0,0,0,0,0,0,2016-05-27 11:58:46-04:00
0,0,0,0,0,0,2016-05-27 13:14:49-04:00
0,0,0,0,0,0,2016-05-27 14:32:51-04:00
0,0,0,0,0,0,2016-05-27 16:05:51-04:00
0,0,0,0,0,0,2016-05-27 16:37:32-04:00
0,0,0,0,0,0,2016-05-28 16:25:32+08:00
0,0,0,0,0,0,2016-05-28 16:28:00+08:00
0,0,0,0,0,0,2016-05-28 16:38:48+08:00
0,0,0,0,0,0,2016-05-29 01:52:35+08:00
0,0,0,0,0,0,2016-05-31 03:56:23+08:00
0,0,0,0,0,0,2016-05-31 11:58:59-04:00
0,0,0,0,0,0,2016-05-31 11:59:11-04:00
0,3,0,0,1,0,2016-05-31 12:00:07-04:00
0,2,0,0,0,0,2016-05-31 17:34:44-04:00
0,0,0,0,0,0,2016-05-31 17:35:29-04:00
0,0,0,0,0,0,2016-05-31 17:35:39-04:00
0,1,0,0,0,0,2016-06-01 08:26:24-04:00
0,1,0,0,0,0,2016-06-01 09:31:04-04:00
0,0,0,0,0,0,2016-06-01 12:02:22-04:00
0,0,1,1,0,0,2016-06-01 12:02:35-04:00
0,1,1,1,0,0,2016-06-01 12:03:15-04:00
0,0,0,0,0,0,2016-06-01 17:38:03-04:00
0,1,1,1,0,0,2016-06-02 12:04:10-04:00
0,2,1,1,0,0,2016-06-02 14:01:04-04:00
0,2,1,1,0,0,2016-06-02 15:05:11-04:00
0,1,0,0,0,0,2016-06-03 16:58:42-04:00
0,2,0,0,0,0,2016-06-03 17:36:10-04:00
0,0,0,0,0,0,2016-06-03 18:34:29-04:00
0,0,0,0,0,0,2016-06-05 23:02:05+08:00
0,0,0,0,0,0,2016-06-06 01:25:16+08:00
0,0,0,0,0,0,2016-06-06 20:15:23+08:00
0,0,0,0,0,0,2016-06-06 20:32:04+08:00
0,2,1,1,0,0,2016-06-06 16:47:07-04:00
0,0,0,0,0,0,2016-06-06 16:51:09-04:00
0,0,0,0,0,0,2016-06-06 16:54:31-04:00
0,0,0,0,0,0,2016-06-06 16:55:46-04:00
0,0,0,0,0,0,2016-06-06 17:00:06-04:00
0,0,0,0,0,0,2016-06-06 17:01:30-04:00
0,0,0,0,0,0,2016-06-06 17:02:34-04:00
0,0,0,0,0,0,2016-06-07 07:01:06+03:00
0,0,0,0,0,0,2016-06-07 07:02:21+03:00
0,0,0,0,0,0,2016-06-07 08:37:38-04:00
0,0,0,0,0,0,2016-06-07 09:45:26-04:00
0,0,0,0,0,0,2016-06-07 11:19:39-04:00
0,0,0,0,0,0,2016-06-07 11:20:29-04:00
0,0,0,0,0,0,2016-06-07 11:44:52-04:00
0,1,0,0,0,0,2016-06-07 17:58:12-04:00
0,0,0,0,0,0,2016-06-08 09:49:34-04:00
0,0,0,0,0,0,2016-06-08 10:14:47-04:00
0,0,0,0,0,0,2016-06-08 10:29:47-04:00
0,0,0,0,0,0,2016-06-08 10:35:48-04:00
0,0,0,0,0,0,2016-06-08 10:36:57-04:00
0,0,0,0,0,0,2016-06-08 10:38:20-04:00
0,0,0,0,0,0,2016-06-08 10:39:08-04:00
0,4,1,1,0,0,2016-06-08 14:42:44-04:00
0,1,0,0,0,0,2016-06-08 15:04:19-04:00
0,0,0,0,0,0,2016-06-09 17:41:19-04:00
0,3,0,0,0,0,2016-06-14 12:01:52-04:00
0,2,0,0,0,0,2016-06-14 14:14:49-04:00
0,2,0,0,0,0,2016-06-15 10:18:24-04:00
0,2,0,0,0,0,2016-06-15 16:54:07-04:00
0,1,0,0,0,0,2016-06-15 18:15:46-04:00
0,1,0,0,0,0,2016-06-16 10:09:33-04:00
0,1,0,0,0,0,2016-06-16 10:13:49-04:00
0,3,0,0,1,0,2016-06-16 11:40:52-04:00
0,1,0,0,0,0,2016-06-16 14:58:17-04:00
0,1,0,0,0,0,2016-06-16 15:55:29-04:00
0,3,0,0,1,0,2016-06-16 17:36:24-04:00
0,2,0,0,0,0,2016-06-17 15:04:20-04:00
0,0,0,0,0,0,2016-06-17 17:09:05-04:00
0,0,0,0,0,0,2016-06-20 19:28:09+08:00
0,0,0,0,0,0,2016-06-20 19:35:48+08:00
0,0,0,0,0,0,2016-06-20 08:43:37-04:00
0,0,0,0,0,0,2016-06-20 09:14:40-04:00
0,0,0,0,0,0,2016-06-20 10:15:50-04:00
0,0,0,0,0,0,2016-06-20 10:41:22-04:00
0,0,0,0,0,0,2016-06-20 13:43:46-04:00
0,0,0,0,0,0,2016-06-20 17:11:40-04:00
0,2,0,1,0,1,2016-06-21 10:07:11-04:00
0,2,1,1,0,0,2016-06-21 12:32:25-04:00
0,0,0,0,0,0,2016-06-21 14:56:57-04:00
0,2,1,1,0,0,2016-06-21 14:57:23-04:00
0,0,0,0,0,0,2016-06-22 13:06:48+03:00
0,0,0,0,0,0,2016-06-24 09:58:45-04:00
0,3,1,1,0,0,2016-06-24 16:12:31-04:00
0,3,1,1,0,0,2016-06-24 17:14:35-04:00
0,2,0,0,0,0,2016-06-24 17:18:20-04:00
0,0,0,0,0,0,2016-07-06 10:31:05-04:00
0,4,1,1,0,0,2016-07-06 17:45:30-04:00
0,0,0,0,0,0,2016-07-06 17:46:01-04:00
0,0,0,0,0,0,2016-07-07 15:36:09-04:00
0,0,0,0,0,0,2016-07-07 15:41:34-04:00
0,0,0,0,0,0,2016-07-07 15:42:17-04:00
0,0,0,0,0,0,2016-07-07 17:13:23-04:00
0,0,0,0,0,0,2016-07-07 21:20:41+00:00
0,0,0,0,0,0,2016-07-07 17:27:37-04:00
0,0,0,0,0,0,2016-07-08 14:54:54-04:00
0,0,0,0,0,0,2016-07-08 15:13:05-04:00
0,0,0,0,0,0,2016-07-08 16:18:03-04:00
0,0,0,0,0,0,2016-07-08 16:36:32-04:00
0,0,0,0,0,0,2016-07-08 16:48:32-04:00
0,0,0,0,0,0,2016-07-09 11:40:57-04:00
0,0,0,0,0,0,2016-07-09 11:56:15-04:00
0,0,0,0,0,0,2016-07-09 11:59:25-04:00
0,0,0,0,0,0,2016-07-09 16:00:03+00:00
0,0,0,0,0,0,2016-07-09 12:23:37-04:00
0,0,0,0,0,0,2016-07-09 16:24:03+00:00
0,0,0,0,0,0,2016-07-09 12:33:41-04:00
0,0,0,0,0,0,2016-07-09 16:33:50+00:00
0,0,0,0,0,0,2016-07-09 18:09:14+00:00
0,0,0,0,0,0,2016-07-09 18:11:27+00:00
0,2,0,0,0,0,2016-07-09 14:16:32-04:00
0,0,0,0,0,0,2016-07-11 10:24:48-04:00
0,0,0,0,0,0,2016-07-11 11:10:08-04:00
0,2,1,1,0,0,2016-07-11 16:00:22+00:00
0,0,0,0,0,0,2016-07-11 16:57:30-04:00
0,2,0,0,0,0,2016-07-12 09:42:10-04:00
0,3,0,0,0,0,2016-07-12 17:12:34-04:00
0,1,0,0,0,0,2016-07-12 19:01:03-04:00
0,0,0,0,0,0,2016-07-12 19:01:31-04:00
0,1,0,0,0,0,2016-07-15 18:30:38-04:00
0,0,0,0,0,0,2016-07-19 04:00:34+08:00
0,0,0,0,0,0,2016-07-19 17:16:02-04:00
0,0,0,0,0,0,2016-07-19 18:27:11-04:00
0,0,0,0,0,0,2016-07-19 18:32:25-04:00
0,0,0,0,0,0,2016-07-20 08:52:11-04:00
0,0,0,0,0,0,2016-07-20 08:52:26-04:00
0,0,0,0,0,0,2016-07-20 08:54:16-04:00
0,0,0,0,0,0,2016-07-20 16:08:27-04:00
0,1,1,1,0,0,2016-08-04 08:09:22-04:00
0,0,0,0,0,0,2016-08-04 08:09:38-04:00
0,0,0,0,0,0,2016-08-04 08:09:53-04:00
0,0,0,0,0,0,2016-08-04 08:11:04-04:00
0,0,0,0,0,0,2016-08-04 09:12:47-04:00
0,1,0,0,0,0,2016-08-04 10:13:54-04:00
0,1,0,0,0,0,2016-08-04 11:20:51-04:00
0,1,0,0,0,0,2016-08-04 11:53:55-04:00
0,2,0,0,0,0,2016-08-04 15:43:02-04:00
0,2,0,0,0,0,2016-08-04 17:13:23-04:00
0,2,0,0,0,0,2016-08-05 09:58:11-04:00
0,0,0,0,0,0,2016-08-10 18:38:41-04:00
0,1,0,0,0,0,2016-08-12 17:29:35-04:00
0,0,0,0,0,0,2016-08-12 17:29:50-04:00
0,2,1,1,0,0,2016-08-16 08:40:42-04:00
0,1,0,0,0,0,2016-08-16 11:00:27-04:00
0,2,0,0,0,0,2016-08-16 18:27:00-04:00
0,1,0,0,0,0,2016-08-17 11:06:03-04:00
0,2,0,0,0,0,2016-08-17 15:57:02-04:00
0,1,0,0,0,0,2016-08-17 18:06:10-04:00
0,2,0,0,0,0,2016-08-18 10:03:38-04:00
0,0,0,0,0,0,2016-08-18 10:39:35-04:00
0,0,0,0,0,0,2016-08-18 18:55:42-04:00
0,1,0,0,0,0,2016-08-19 09:57:46-04:00
0,1,0,0,0,0,2016-08-19 11:27:01-04:00
0,2,0,0,0,0,2016-08-19 15:49:32-04:00
0,2,0,0,0,0,2016-08-19 17:06:46-04:00
0,5,1,2,0,1,2016-08-20 18:31:59-04:00
0,1,0,0,0,0,2016-08-21 16:53:06-04:00
0,0,0,0,0,0,2016-08-22 15:48:59-04:00
0,0,0,0,0,0,2016-08-22 16:17:14-04:00
0,0,0,0,0,0,2016-08-23 09:08:12-04:00
0,0,0,0,0,0,2016-08-23 16:22:24-04:00
0,0,0,0,0,0,2016-08-23 16:25:30-04:00
0,0,0,0,0,0,2016-08-23 16:32:51-04:00
0,0,0,0,0,0,2016-08-23 16:49:14-04:00
0,1,0,1,0,0,2016-08-23 17:43:04-04:00
0,0,0,0,0,0,2016-08-23 18:08:04-04:00
0,1,0,0,0,0,2016-08-23 18:39:50-04:00
0,0,0,0,0,0,2016-08-23 18:40:05-04:00
0,2,0,0,0,0,2016-08-24 16:06:21-04:00
0,0,0,0,0,0,2016-08-24 16:06:45-04:00
0,0,0,0,0,0,2016-08-24 17:13:12-04:00
0,0,0,0,0,0,2016-08-24 17:50:20-04:00
0,1,0,0,0,0,2016-08-24 18:24:58-04:00
3,22,2,2,1,1,2016-08-25 08:00:49-07:00
0,0,0,0,0,0,2016-08-25 08:38:39-07:00
0,2,1,1,0,0,2016-08-25 14:32:37-04:00
0,0,0,0,0,0,2016-08-26 15:33:59-04:00
0,0,0,0,0,0,2016-08-26 15:35:10-04:00
0,1,0,0,0,0,2016-08-26 15:36:16-04:00
0,0,0,0,0,0,2016-08-26 20:23:21-04:00
0,1,0,0,0,0,2016-08-26 20:24:29-04:00
0,1,0,0,0,0,2016-08-27 12:06:38-04:00
0,0,0,0,0,0,2016-08-27 13:20:50-04:00
0,0,0,0,0,0,2016-08-28 17:53:31-04:00
0,0,0,0,0,0,2016-08-28 21:25:55-04:00
0,1,0,0,0,0,2016-08-29 16:05:19-04:00
0,0,0,0,0,0,2016-08-31 13:04:53+00:00
0,2,1,1,0,0,2016-08-31 10:05:26-04:00
0,1,0,0,0,0,2016-08-31 14:06:19+00:00
0,0,0,0,0,0,2016-08-31 14:08:32+00:00
0,0,0,0,0,0,2016-09-01 19:17:27-04:00
0,0,0,0,0,0,2016-09-01 19:19:31-04:00
0,0,0,0,0,0,2016-09-02 19:20:51-04:00
0,0,0,0,0,0,2016-09-02 19:33:20-04:00
0,0,0,0,0,0,2016-09-03 19:19:46-04:00
0,1,0,0,0,0,2016-09-03 19:20:44-04:00
0,0,0,0,0,0,2016-09-04 11:30:14-04:00
0,1,0,0,0,0,2016-09-04 17:36:31-04:00
0,0,0,0,0,0,2016-09-05 16:46:12-04:00
0,1,0,0,0,0,2016-09-06 08:39:26-04:00
0,1,1,1,0,0,2016-09-06 09:38:19-04:00
0,0,0,0,0,0,2016-09-07 13:57:18-04:00
0,3,1,1,0,0,2016-09-07 14:00:26-04:00
0,0,0,0,0,0,2016-09-07 19:15:55-04:00
0,0,0,0,0,0,2016-09-08 09:15:12-04:00
0,0,0,0,0,0,2016-09-08 09:31:27-04:00
0,0,0,0,0,0,2016-09-08 09:43:50-04:00
0,0,0,0,0,0,2016-09-08 09:58:03-04:00
0,3,1,1,0,0,2016-09-08 11:57:00-04:00
0,0,0,0,0,0,2016-09-08 11:57:20-04:00
0,3,1,1,0,0,2016-09-08 13:29:11-04:00
0,2,0,0,0,0,2016-09-08 14:57:44-04:00
0,3,0,0,0,0,2016-09-08 17:33:06-04:00
0,4,1,1,0,0,2016-09-08 18:56:33-04:00
0,0,0,0,0,0,2016-09-09 11:44:32-04:00
0,1,0,0,0,0,2016-09-10 11:30:45-04:00
0,0,0,0,0,0,2016-09-10 12:03:04-04:00
0,0,0,0,0,0,2016-09-10 13:54:04-04:00
0,3,0,0,0,0,2016-09-10 13:55:31-04:00
0,1,0,0,0,0,2016-09-10 17:21:20-04:00
0,1,0,0,0,0,2016-09-10 17:49:59-04:00
0,1,1,1,0,0,2016-09-10 17:58:37-04:00
0,1,0,0,0,0,2016-09-10 19:04:45-04:00
0,0,0,0,0,0,2016-09-11 10:45:09-04:00
0,0,0,0,0,0,2016-09-11 10:46:35-04:00
0,0,0,0,0,0,2016-09-11 11:22:24-04:00
0,1,0,0,0,0,2016-09-11 14:00:32-04:00
0,2,1,1,0,0,2016-09-11 16:42:48-04:00
0,1,0,0,0,0,2016-09-12 08:16:18-04:00
0,1,0,0,0,0,2016-09-12 13:31:58-04:00
0,1,0,0,0,0,2016-09-12 18:44:25-04:00
0,0,0,0,0,0,2016-09-14 18:00:03-04:00
0,0,0,0,0,0,2016-09-14 18:00:28-04:00
0,0,0,0,0,0,2016-09-16 16:12:26-04:00
0,3,1,1,0,0,2016-09-16 16:13:20-04:00
0,0,0,0,0,0,2016-09-16 17:12:17-04:00
0,3,1,1,0,0,2016-09-16 18:43:35-04:00
0,1,0,0,0,0,2016-09-18 17:08:51-04:00
0,0,0,0,0,0,2016-09-18 17:33:51-04:00
0,2,1,1,0,0,2016-09-20 09:39:25-04:00
0,0,0,0,0,0,2016-09-20 09:39:42-04:00
0,3,1,1,0,0,2016-09-20 17:16:07-04:00
0,2,1,1,0,0,2016-09-20 21:43:23-04:00
0,2,1,1,0,0,2016-09-21 13:39:00-04:00
0,0,0,0,0,0,2016-09-21 16:58:04-04:00
0,0,0,0,0,0,2016-09-23 14:20:17-04:00
0,1,1,1,0,0,2016-09-23 16:46:42-04:00
0,2,0,0,0,0,2016-09-27 13:58:55-04:00
0,2,0,0,0,0,2016-09-28 10:04:27-04:00
0,0,0,0,0,0,2016-09-28 10:08:05-04:00
0,0,0,0,0,0,2016-09-28 10:08:32-04:00
0,1,1,1,0,0,2016-09-28 10:10:32-04:00
0,0,0,0,0,0,2016-09-28 10:14:24-04:00
1,1,0,0,0,0,2016-09-29 09:54:03-04:00
1,2,0,0,0,0,2016-09-30 17:48:03-04:00
0,1,0,0,0,0,2016-10-04 16:38:57-04:00
0,0,0,0,0,0,2016-10-04 16:39:40-04:00
0,0,0,0,0,0,2016-10-04 16:40:21-04:00
0,0,0,0,0,0,2016-10-04 16:41:41-04:00
0,1,0,0,0,0,2016-10-05 18:36:48-04:00
0,2,0,0,0,0,2016-10-08 13:34:31-04:00
0,2,0,0,0,0,2016-10-10 10:12:01-04:00
0,2,0,0,0,0,2016-10-10 10:57:42-04:00
0,0,0,0,0,0,2016-10-10 14:44:45-04:00
0,0,0,0,0,0,2016-10-10 14:47:10-04:00
0,0,0,0,0,0,2016-10-11 16:14:14-04:00
0,1,1,1,0,0,2016-10-13 19:04:21-04:00
0,0,0,0,0,0,2016-10-15 17:39:53-04:00
0,0,0,0,0,0,2016-10-16 11:14:36-04:00
0,2,1,1,0,0,2016-10-16 11:15:55-04:00
0,0,0,0,0,0,2016-10-16 11:16:27-04:00
0,0,0,0,0,0,2016-10-17 18:36:26-04:00
0,0,0,0,0,0,2016-10-17 18:58:21-04:00
0,1,0,0,0,0,2016-10-18 15:40:11-04:00
0,0,0,0,0,0,2016-10-19 13:18:57-04:00
0,0,0,0,0,0,2016-09-19 14:45:48-04:00
0,1,0,0,0,0,2016-09-19 14:50:16-04:00
0,0,0,0,0,0,2016-09-21 13:33:17-04:00
0,0,0,0,0,0,2016-09-21 17:38:51-04:00
0,0,0,0,0,0,2016-09-21 17:40:38-04:00
0,0,0,0,0,0,2016-09-29 16:38:04-04:00
0,0,0,0,0,0,2016-10-05 14:55:29-04:00
0,1,0,0,0,0,2016-10-05 15:29:54-04:00
0,1,0,0,0,0,2016-10-05 16:04:41-04:00
0,0,0,0,0,0,2016-10-05 17:08:45-04:00
0,0,0,0,0,0,2016-10-05 17:15:52-04:00
0,0,0,0,0,0,2016-10-06 15:26:45-04:00
0,0,0,0,0,0,2016-10-06 15:50:44-04:00
0,0,0,0,0,0,2016-10-06 16:26:08-04:00
0,0,0,0,0,0,2016-10-06 17:38:09-04:00
0,0,0,0,0,0,2016-10-07 13:58:39-04:00
0,0,0,0,0,0,2016-10-07 15:58:12-04:00
0,0,0,0,0,0,2016-10-07 16:29:10-04:00
0,0,0,0,0,0,2016-10-07 16:37:52-04:00
0,0,0,0,0,0,2016-10-07 16:38:49-04:00
0,0,0,0,0,0,2016-10-11 14:05:12-04:00
0,0,0,0,0,0,2016-10-11 14:11:57-04:00
0,0,0,0,0,0,2016-10-11 15:06:34-04:00
0,0,0,0,0,0,2016-10-11 16:51:31-04:00
0,0,0,0,0,0,2016-10-11 17:02:16-04:00
0,0,0,0,1,0,2016-10-12 13:00:05-04:00
0,0,0,0,0,0,2016-10-13 16:22:02-04:00
0,0,0,0,0,0,2016-10-13 16:36:02-04:00
0,0,0,0,0,0,2016-10-14 11:42:49-04:00
0,0,0,0,1,0,2016-10-14 11:48:10-04:00
0,0,0,0,0,0,2016-10-18 15:53:08-04:00
0,0,0,0,1,0,2016-10-19 13:34:23-04:00
0,0,0,0,0,0,2016-10-19 14:09:54-04:00
0,0,0,0,1,0,2016-10-19 16:02:42-04:00
0,0,0,0,0,0,2016-10-19 16:03:17-04:00
0,1,0,0,0,0,2016-10-19 16:03:27-04:00
0,0,0,0,0,0,2016-10-19 16:30:24-04:00
0,0,0,0,0,0,2016-10-19 18:38:26-04:00
0,0,0,0,0,0,2016-10-20 08:47:42-04:00
0,0,0,0,0,0,2016-10-20 09:31:18-04:00
0,1,1,1,0,0,2016-10-20 18:39:16-04:00
0,1,0,0,0,0,2016-10-25 15:55:52-04:00
0,1,0,0,0,0,2016-10-26 15:19:20-04:00
0,1,0,0,0,0,2016-10-29 17:26:09-04:00
0,1,0,0,0,0,2016-11-02 11:12:30-04:00
0,0,0,0,0,0,2016-11-02 12:05:56-04:00
1,1,0,0,0,0,2016-11-02 16:03:44-04:00
0,1,0,0,0,0,2016-11-02 16:07:00-04:00
0,1,0,0,0,0,2016-11-03 12:31:32-04:00
0,1,0,0,0,0,2016-11-03 15:46:50-04:00
0,0,0,0,0,0,2016-11-04 15:10:32-04:00
0,3,1,1,0,0,2016-11-04 15:27:17-04:00
0,0,0,0,0,0,2016-11-04 15:47:10-04:00
0,1,1,1,0,0,2016-11-05 15:00:45-04:00
0,0,0,0,0,0,2016-11-07 15:06:39-05:00
0,0,0,0,0,0,2016-11-14 14:33:20-05:00
1,2,1,1,0,0,2016-11-14 18:11:42-05:00
0,0,0,0,0,0,2016-11-14 18:12:39-05:00
3,6,0,0,1,0,2016-11-16 11:37:28-05:00
0,0,0,0,0,0,2016-11-17 16:29:48-05:00
0,0,0,0,0,0,2016-11-17 16:57:53-05:00
0,0,0,0,0,0,2016-11-17 17:20:33-05:00
0,0,0,0,0,0,2016-11-17 17:24:12-05:00
0,0,0,0,0,0,2016-11-18 16:37:00-05:00
0,1,0,0,0,0,2016-10-26 16:40:02-04:00
0,2,0,0,0,0,2016-10-28 12:27:10-04:00
0,2,0,0,0,0,2016-10-31 17:01:05-04:00
0,1,0,0,0,0,2016-11-02 16:04:06-04:00
0,0,0,0,0,0,2016-11-02 16:39:28-04:00
0,2,0,0,0,0,2016-11-04 15:00:40-04:00
0,3,0,0,0,0,2016-11-07 15:51:24-05:00
0,2,0,0,0,0,2016-11-14 17:40:53-05:00
0,2,0,0,0,0,2016-11-16 16:15:59-05:00
0,2,0,0,0,0,2016-11-16 16:57:20-05:00
0,1,0,0,0,0,2016-11-16 17:21:12-05:00
0,1,0,0,0,0,2016-11-16 17:26:04-05:00
0,2,0,0,0,0,2016-11-18 14:58:31-05:00
0,2,0,0,0,0,2016-11-18 15:33:49-05:00
0,3,0,0,0,0,2016-11-18 16:46:06-05:00
0,2,0,0,0,0,2016-11-21 16:04:36-05:00
0,0,0,0,0,0,2016-11-21 16:10:55-05:00
0,0,0,0,0,0,2016-11-21 17:49:26-05:00
0,0,0,0,0,0,2016-11-21 17:55:17-05:00
0,0,0,0,0,0,2016-11-29 14:13:59-05:00
0,0,0,0,0,0,2016-11-30 17:26:32-05:00
0,0,0,0,1,0,2016-12-01 15:13:19-05:00
0,0,0,0,1,0,2016-12-01 17:40:26-05:00
0,0,0,0,0,0,2016-12-02 16:36:41-05:00
0,0,0,0,0,0,2016-12-02 16:58:55-05:00
0,1,0,0,1,0,2016-12-02 18:15:10-05:00
0,0,0,0,0,0,2016-12-02 18:21:42-05:00
0,1,0,0,1,0,2016-12-05 15:10:00-05:00
0,0,0,0,0,0,2016-12-05 16:46:29-05:00
0,0,0,0,0,0,2016-12-06 15:14:09-05:00
0,0,0,0,0,0,2016-12-07 15:03:10-05:00
0,0,0,0,1,0,2016-12-07 15:27:30-05:00
0,0,0,0,0,0,2016-12-08 13:04:58-05:00
0,0,0,0,0,0,2016-12-08 17:00:35-05:00
0,2,0,0,0,0,2016-12-08 18:10:07-05:00
0,0,0,0,0,0,2016-12-09 16:54:33-05:00
0,0,0,0,0,0,2016-12-13 14:24:04-05:00
0,0,0,0,0,0,2016-12-13 16:01:21-05:00
0,0,0,0,0,0,2017-01-16 09:36:59-05:00
0,1,1,1,0,0,2017-01-25 15:14:41-05:00
0,0,0,0,0,0,2017-01-25 15:15:45-05:00
2,2,0,0,0,0,2017-01-25 20:52:53-05:00
2,2,0,0,0,0,2017-01-31 14:40:25-05:00
1,1,0,0,0,0,2017-01-31 15:21:57-05:00
0,0,0,0,0,0,2017-02-02 15:20:02-05:00
1,2,1,1,0,0,2017-02-03 13:18:11-05:00
0,0,0,0,0,0,2017-02-03 13:20:15-05:00
0,0,0,0,0,0,2017-02-03 13:21:55-05:00
0,0,0,0,0,0,2017-02-03 14:48:01-05:00
0,0,0,0,0,0,2017-02-03 16:44:15-05:00
0,0,0,0,0,0,2017-02-03 17:46:29-05:00
3,2,0,0,0,0,2017-02-04 16:06:42-05:00
0,0,0,0,0,0,2017-02-04 16:39:37-05:00
0,0,0,0,0,0,2017-02-04 16:44:40-05:00
0,0,0,0,0,0,2017-02-04 17:17:38-05:00
0,0,0,0,0,0,2017-02-05 12:44:28-05:00
0,0,0,0,0,0,2017-02-05 13:21:12-05:00
1,1,0,0,0,0,2017-02-06 09:59:42-05:00
0,0,0,0,0,0,2017-02-06 11:18:30-05:00
0,0,0,0,0,0,2017-02-06 13:14:36-05:00
0,0,0,0,0,0,2017-02-06 16:35:29-05:00
0,0,0,0,0,0,2017-02-06 17:19:08-05:00
1,1,0,0,0,0,2017-02-06 19:01:02-05:00
3,2,0,0,0,0,2017-02-07 16:33:56-05:00
0,0,0,0,0,0,2017-02-07 16:35:21-05:00
0,0,0,0,0,0,2017-02-07 16:40:35-05:00
0,0,0,0,0,0,2017-02-07 16:44:07-05:00
2,0,0,0,0,0,2017-02-07 18:31:06-05:00
0,0,0,0,0,0,2017-02-08 13:17:35-05:00
1,0,0,0,0,0,2017-02-08 15:36:26-05:00
0,0,0,0,0,0,2017-02-08 15:38:20-05:00
1,0,0,0,0,0,2017-02-08 17:40:56-05:00
1,0,0,0,0,0,2017-02-08 18:18:42-05:00
1,0,0,0,0,0,2017-02-08 22:11:48-05:00
1,0,0,0,0,0,2017-02-08 22:17:26-05:00
1,0,0,0,0,0,2017-02-09 11:55:12-05:00
1,1,0,0,0,0,2017-02-09 12:26:14-05:00
0,0,0,0,0,0,2017-02-09 12:30:25-05:00
0,0,0,0,0,0,2017-02-09 12:30:34-05:00
0,0,0,0,0,0,2017-02-09 12:30:52-05:00
0,0,0,0,0,0,2017-02-09 12:37:20-05:00
2,0,0,0,0,0,2017-02-09 13:21:57-05:00
1,1,0,0,0,0,2017-02-09 15:57:26-05:00
3,2,0,0,0,0,2017-02-09 19:00:01-05:00
0,0,0,0,0,0,2017-02-10 15:33:44-05:00
0,0,0,0,0,0,2017-02-10 18:33:57-05:00
3,3,1,1,0,0,2017-02-11 18:03:21-05:00
3,2,0,0,0,0,2017-02-12 10:15:24-05:00
1,1,0,0,0,0,2017-02-12 11:46:17-05:00
2,2,0,0,0,0,2017-02-13 08:38:48-05:00
0,0,0,0,0,0,2017-02-13 15:21:15-05:00
3,2,0,0,0,0,2017-02-13 16:30:33-05:00
2,2,0,0,0,0,2017-02-14 09:42:30-05:00
2,3,0,0,0,0,2017-02-14 15:38:21-05:00
3,2,0,0,0,0,2017-02-15 14:20:51-05:00
0,0,0,0,0,0,2017-02-15 16:31:54-05:00
0,0,0,0,0,0,2017-02-15 17:00:38-05:00
0,0,0,0,0,0,2017-02-15 17:19:51-05:00
2,2,0,0,0,0,2017-02-15 18:37:59-05:00
0,0,0,0,0,0,2017-02-16 10:14:32-05:00
1,1,0,0,0,0,2017-02-16 11:04:05-05:00
0,0,0,0,0,0,2017-02-16 11:15:05-05:00
0,0,0,0,0,0,2017-02-16 12:20:01-05:00
0,0,0,0,0,0,2017-02-16 13:23:41-05:00
0,0,0,0,0,0,2017-02-16 13:29:45-05:00
0,0,0,0,0,0,2017-02-16 16:42:08-05:00
2,1,0,0,0,0,2017-02-17 10:08:13-05:00
2,1,0,0,0,0,2017-02-17 11:13:15-05:00
0,0,0,0,0,0,2017-02-17 11:21:11-05:00
0,0,0,0,0,0,2017-02-17 12:14:33-05:00
2,1,0,0,0,0,2017-02-17 12:37:08-05:00
1,1,0,0,0,0,2017-02-17 13:35:47-05:00
0,0,0,0,0,0,2017-02-17 13:37:21-05:00
0,0,0,0,0,0,2017-02-17 17:34:13-05:00
2,1,0,0,0,0,2017-02-19 13:16:04-05:00
1,2,0,0,0,0,2017-02-19 13:47:02-05:00
1,2,0,0,0,0,2017-02-20 10:28:05-05:00
1,2,0,0,0,0,2017-02-20 15:45:30-05:00
1,2,0,0,0,0,2017-02-20 16:02:01-05:00
1,2,0,0,0,0,2017-02-20 20:30:37-05:00
0,0,0,0,0,0,2017-02-21 13:40:52-05:00
0,0,0,0,0,0,2017-02-21 15:12:44-05:00
0,0,0,0,0,0,2017-02-21 17:21:43-05:00
0,0,0,0,0,0,2017-02-22 10:04:49-05:00
1,1,0,0,0,0,2017-02-22 10:30:46-05:00
3,3,0,0,0,0,2017-02-22 17:41:52-05:00
2,1,0,0,0,0,2017-02-22 18:07:39-05:00
2,1,0,0,0,0,2017-02-22 18:25:37-05:00
2,1,0,0,0,0,2017-02-22 19:09:28-05:00
2,1,0,0,0,0,2017-02-22 21:50:59-05:00
0,0,0,0,0,0,2017-02-23 12:17:34+01:00
0,0,0,0,0,0,2017-02-23 10:47:38-05:00
1,2,0,0,0,0,2017-02-23 10:51:36-05:00
0,0,0,0,0,0,2017-02-23 10:59:49-05:00
0,0,0,0,0,0,2017-02-23 11:18:09-05:00
0,0,0,0,0,0,2017-02-23 12:12:54-05:00
0,0,0,0,0,0,2017-02-23 14:26:56-05:00
2,1,0,0,0,0,2017-02-23 14:27:44-05:00
0,0,0,0,0,0,2017-02-23 14:27:54-05:00
2,1,0,0,0,0,2017-02-23 15:07:24-05:00
0,0,0,0,0,0,2017-02-23 15:17:20-05:00
0,0,0,0,0,0,2017-02-24 08:44:37-05:00
2,2,0,0,0,0,2017-02-24 08:45:26-05:00
0,0,0,0,0,0,2017-02-24 08:46:33-05:00
0,0,0,0,0,0,2017-02-24 11:09:11-05:00
0,0,0,0,0,0,2017-02-24 12:24:06-05:00
0,0,0,0,0,0,2017-02-24 12:44:31-05:00
0,0,0,0,0,0,2017-02-24 15:03:15-05:00
0,0,0,0,0,0,2017-02-24 15:55:36-05:00
0,0,0,0,0,0,2017-02-24 16:49:42-05:00
0,0,0,0,0,0,2017-02-24 17:07:12-05:00
3,3,0,0,0,0,2017-02-25 14:59:21-05:00
0,0,0,0,0,0,2017-02-25 14:59:46-05:00
0,0,0,0,0,0,2017-02-27 11:26:18-05:00
0,0,0,0,0,0,2017-02-27 12:11:47-05:00
0,0,0,0,0,0,2017-02-27 14:46:35-05:00
0,0,0,0,0,0,2017-02-27 15:48:56-05:00
0,0,0,0,0,0,2017-02-27 16:09:15-05:00
0,0,0,0,0,0,2017-02-27 18:25:29-05:00
0,0,0,0,0,0,2017-02-28 13:43:16-05:00
0,0,0,0,0,0,2017-02-28 13:54:14-05:00
0,0,0,0,0,0,2017-02-28 13:59:19-05:00
0,0,0,0,0,0,2017-02-28 17:01:03-05:00
0,0,0,0,0,0,2017-02-28 17:20:42-05:00
0,0,0,0,0,0,2017-02-28 17:22:00-05:00
0,0,0,0,0,0,2017-02-28 18:06:56-05:00
0,0,0,0,0,0,2017-03-01 15:06:44-05:00
0,0,0,0,0,0,2017-03-01 15:39:20-05:00
0,0,0,0,0,0,2017-03-01 16:01:35-05:00
0,0,0,0,0,0,2017-03-01 17:13:48-05:00
0,0,0,0,0,0,2017-03-02 14:50:42-05:00
0,0,0,0,0,0,2017-03-02 15:43:35-05:00
0,0,0,0,0,0,2017-03-02 16:08:54-05:00
0,0,0,0,0,0,2017-03-03 16:25:35-05:00
0,0,0,0,0,0,2017-03-06 11:32:27-05:00
0,0,0,0,0,0,2017-03-06 16:46:01-05:00
0,0,0,0,0,0,2017-03-07 11:08:42-05:00
0,0,0,0,0,0,2017-03-07 11:33:35-05:00
0,0,0,0,0,0,2017-03-07 14:53:11-05:00
0,0,0,0,0,0,2017-03-07 15:20:27-05:00
0,0,0,0,0,0,2017-03-07 15:28:45-05:00
0,0,0,0,0,0,2017-03-07 15:40:09-05:00
0,0,0,0,0,0,2017-03-07 15:42:25-05:00
0,0,0,0,0,0,2017-03-07 15:48:09-05:00
0,0,0,0,0,0,2017-03-07 16:12:38-05:00
0,0,0,0,0,0,2017-03-07 16:23:12-05:00
0,0,0,0,0,0,2017-03-08 16:12:13-05:00
0,0,0,0,0,0,2017-03-08 16:31:11-05:00
0,0,0,0,0,0,2017-03-08 18:08:44-05:00
0,0,0,0,0,0,2017-03-08 18:14:01-05:00
0,0,0,0,0,0,2017-03-08 18:26:48-05:00
0,0,0,0,0,0,2017-03-09 15:43:13-05:00
0,0,0,0,0,0,2017-03-09 16:03:03-05:00
0,0,0,0,0,0,2017-03-09 17:28:54-05:00
0,0,0,0,0,0,2017-03-10 17:46:14+01:00
0,0,0,0,0,0,2017-03-10 11:47:45-05:00
0,0,0,0,0,0,2017-03-10 12:06:19-05:00
0,0,0,0,0,0,2017-03-10 12:29:10-05:00
0,0,0,0,0,0,2017-03-10 14:08:50-05:00
1,0,0,0,1,0,2017-03-10 15:24:49-05:00
0,0,0,0,0,0,2017-03-10 17:47:27-05:00
0,0,0,0,0,0,2017-03-10 23:29:14-05:00
