Acquisition,Preparation,Modeling,Training,Evaluation,Prediction,time
0,0,0,0,0,0,2020-05-09 15:32:06+03:00
2,2,0,0,0,0,2020-05-09 16:52:48+03:00
0,0,0,0,0,0,2020-05-09 16:54:13+03:00
1,1,0,0,0,0,2020-05-09 17:12:56+03:00
1,1,0,0,0,0,2020-05-09 17:29:58+03:00
0,0,0,0,0,0,2020-05-11 21:39:39+03:00
2,2,0,0,0,0,2020-05-12 20:01:09+03:00
2,2,0,0,0,0,2020-05-12 21:53:58+03:00
1,1,0,0,0,0,2020-05-12 21:56:48+03:00
2,2,0,1,0,1,2020-05-13 14:31:26+03:00
1,1,0,1,0,1,2020-05-13 14:35:37+03:00
2,2,0,1,0,1,2020-05-13 19:00:33+03:00
0,0,0,0,0,0,2020-05-13 20:12:28+03:00
2,2,2,2,2,2,2020-05-13 20:53:26+03:00
1,1,1,1,1,1,2020-05-14 10:30:16+03:00
1,1,1,1,1,1,2020-05-23 19:28:10+03:00
1,1,1,1,1,1,2020-05-23 19:42:00+03:00
2,2,2,2,2,2,2020-05-26 18:14:05+03:00
2,2,1,1,1,1,2020-05-26 21:35:36+03:00
1,1,0,0,0,0,2020-05-26 21:53:40+03:00
1,1,0,0,0,0,2020-05-27 10:04:30+03:00
1,1,0,0,0,0,2020-05-27 20:20:15+03:00
1,1,0,0,0,0,2020-05-28 16:43:29+03:00
2,2,2,2,2,2,2020-05-29 17:23:45+03:00
1,1,1,1,1,1,2020-05-31 11:36:46+03:00
0,0,0,0,0,0,2020-06-06 22:12:43+03:00
0,0,0,0,0,0,2020-06-06 22:14:11+03:00
2,2,1,2,2,1,2020-06-08 00:13:26+03:00
1,1,0,0,1,0,2020-06-09 23:54:05+03:00
0,0,0,0,0,0,2020-06-12 21:24:07+03:00
0,0,0,0,0,0,2020-06-13 14:15:27+03:00
0,0,0,0,0,0,2020-06-24 19:40:10+03:00
0,0,0,0,0,0,2020-06-25 17:59:39+03:00
1,1,1,1,1,1,2020-06-25 21:14:46+03:00
1,1,1,1,1,1,2020-06-26 18:13:54+03:00
1,1,1,1,1,1,2020-06-26 20:34:34+03:00
1,1,1,1,1,1,2020-06-27 12:23:04+03:00
1,1,1,1,1,1,2020-06-27 17:38:25+03:00
1,1,1,1,1,1,2020-06-28 02:06:23+03:00
1,1,1,1,1,1,2020-06-28 15:58:39+03:00
1,1,1,1,1,1,2020-06-28 16:56:07+03:00
1,1,1,1,1,1,2020-07-02 21:43:32+03:00
1,1,1,1,1,1,2020-07-05 17:50:22+03:00
1,1,1,1,1,1,2020-07-07 19:29:49+03:00
1,1,1,1,1,1,2020-07-08 09:14:11+03:00
1,1,1,1,1,1,2020-07-08 22:57:12+03:00
1,1,1,1,1,1,2020-07-09 09:13:46+03:00
1,1,1,1,1,1,2020-07-09 18:10:38+03:00
1,1,1,1,1,1,2020-07-09 19:11:25+03:00
1,1,1,1,1,1,2020-07-26 19:18:14+03:00
0,0,0,0,0,0,2020-07-26 19:19:30+03:00
