Acquisition,Preparation,Modeling,Training,Evaluation,Prediction,time
0,0,0,0,0,0,2017-04-10 01:53:46+09:00
4,4,3,1,0,0,2017-04-10 01:56:46+09:00
0,0,0,0,0,0,2017-04-10 02:06:18+09:00
1,1,1,0,0,0,2017-04-10 23:41:49+09:00
1,1,1,0,0,1,2017-04-11 01:51:22+09:00
0,0,0,0,0,0,2017-04-11 01:52:01+09:00
1,1,1,0,0,1,2017-04-11 01:56:06+09:00
0,0,0,0,0,0,2017-04-11 02:17:02+09:00
0,0,0,0,0,0,2017-04-11 02:19:29+09:00
0,0,0,0,0,0,2017-04-14 01:28:33+09:00
0,0,0,0,0,0,2017-04-14 01:28:53+09:00
0,0,0,0,0,0,2017-04-15 01:50:40+09:00
0,0,0,0,0,0,2017-04-15 03:00:01+09:00
1,1,1,0,0,1,2017-04-15 03:22:07+09:00
0,0,0,0,0,0,2017-04-15 05:00:00+09:00
0,0,0,0,0,0,2017-04-15 14:59:25+09:00
1,1,1,0,0,1,2017-04-15 15:00:01+09:00
0,0,0,0,0,0,2017-04-15 15:01:16+09:00
0,0,0,0,0,0,2017-04-15 15:08:46+09:00
0,0,0,0,0,0,2017-04-18 01:03:38+09:00
0,0,0,0,0,0,2017-05-21 15:11:08+09:00
0,0,0,0,0,0,2017-05-21 15:16:37+09:00
1,1,1,0,0,0,2017-06-01 15:47:12-07:00
0,0,0,0,0,0,2017-06-14 02:48:26+09:00
0,0,0,0,0,0,2017-06-14 02:51:20+09:00
1,1,1,1,0,0,2017-06-14 02:53:32+09:00
0,0,0,0,0,0,2017-06-15 02:30:29+09:00
1,1,1,0,0,1,2017-06-20 00:16:36+09:00
1,1,1,0,0,1,2017-06-20 00:31:05+09:00
1,1,1,0,0,1,2017-07-14 01:43:19+09:00
0,0,0,0,0,0,2017-07-18 23:44:41+09:00
0,0,0,0,0,0,2017-07-20 03:04:33+09:00
1,1,1,0,0,1,2017-07-22 02:52:28+09:00
3,3,3,1,0,1,2017-07-22 03:32:01+09:00
0,0,0,0,0,0,2017-07-22 03:42:18+09:00
2,2,2,0,0,1,2017-08-08 11:00:12+09:00
0,0,0,0,0,0,2017-08-08 11:01:13+09:00
1,3,1,1,0,0,2017-11-06 03:07:00+09:00
1,1,1,1,0,0,2017-11-07 03:31:30+09:00
0,0,0,0,0,0,2017-11-10 00:11:43+09:00
0,0,0,0,0,0,2017-11-10 00:17:50+09:00
1,1,1,0,0,1,2018-02-27 20:32:58-06:00
1,1,1,0,0,1,2018-02-28 18:47:13+09:00
0,0,0,0,0,0,2018-02-28 18:47:37+09:00
1,1,1,0,0,1,2018-03-01 19:30:26+09:00
0,0,0,0,0,0,2018-03-12 03:26:43+09:00
1,1,1,0,0,1,2018-03-14 14:59:39+02:00
0,0,0,0,0,0,2018-03-15 01:05:11+09:00
0,0,0,0,0,0,2018-03-24 23:51:12+09:00
0,0,0,0,0,0,2018-03-24 23:51:23+09:00
0,0,0,0,0,0,2018-03-24 23:56:50+09:00
1,0,1,0,0,0,2018-04-04 04:07:30+09:00
0,1,0,0,0,0,2018-04-07 12:46:34+09:00
0,1,0,0,0,0,2018-04-07 12:52:21+09:00
0,1,0,0,0,0,2018-04-07 13:22:30+09:00
0,1,0,0,0,0,2018-04-07 13:33:15+09:00
1,1,0,0,0,0,2018-04-07 16:42:32+09:00
1,1,0,0,0,0,2018-04-08 01:01:15+09:00
0,0,0,0,0,0,2018-04-09 03:05:19+09:00
1,1,0,0,0,0,2018-04-09 04:03:46+09:00
0,0,0,0,0,0,2018-04-09 04:06:49+09:00
0,0,0,0,0,0,2018-04-10 00:55:02+09:00
1,1,1,0,0,1,2018-04-10 22:14:21+09:00
1,1,1,0,0,1,2018-04-10 22:48:26+09:00
0,0,0,0,0,0,2018-04-10 23:18:53+09:00
1,1,1,0,0,1,2018-04-10 23:19:11+09:00
0,0,0,0,0,0,2018-04-10 23:27:36+09:00
0,0,0,0,0,0,2018-04-10 23:28:27+09:00
0,0,0,0,0,0,2018-04-20 02:48:36+09:00
0,0,0,0,0,0,2018-04-20 02:48:45+09:00
1,0,1,0,0,0,2018-04-28 02:36:33+09:00
1,1,1,0,0,0,2018-07-05 03:36:33+09:00
0,0,0,0,0,0,2018-07-05 04:51:02+09:00
0,0,0,0,0,0,2018-07-05 04:54:16+09:00
1,1,1,0,0,1,2018-07-05 05:04:02+09:00
0,0,0,0,0,0,2018-07-05 05:07:53+09:00
0,0,0,0,0,0,2018-07-05 05:08:51+09:00
1,1,0,0,0,0,2018-07-05 23:53:39+09:00
1,1,1,0,0,0,2018-07-05 23:58:36+09:00
0,0,0,0,0,0,2018-07-25 03:14:37+09:00
0,0,0,0,0,0,2018-07-25 03:16:51+09:00
1,0,0,0,0,0,2018-08-02 02:09:02+09:00
0,1,0,0,0,0,2018-08-02 02:38:46+09:00
1,1,1,0,0,1,2018-08-04 03:17:36+09:00
0,0,0,0,0,0,2018-08-05 15:31:11+09:00
0,0,0,0,0,0,2018-08-05 15:32:10+09:00
1,0,1,0,0,0,2018-08-05 22:20:38+09:00
1,0,1,0,0,0,2018-08-05 22:25:38+09:00
1,0,1,0,0,0,2018-08-05 22:30:35+09:00
1,1,0,0,0,0,2018-08-06 00:37:44+09:00
1,1,2,1,0,0,2018-08-06 01:35:48+09:00
0,0,1,0,0,0,2018-08-06 01:39:59+09:00
1,1,0,0,0,0,2018-08-06 01:50:16+09:00
0,1,2,1,0,0,2018-08-06 02:29:11+09:00
0,0,1,1,0,0,2018-08-06 02:31:27+09:00
0,1,1,0,0,0,2018-08-06 02:38:15+09:00
0,1,1,0,0,0,2018-08-06 02:38:51+09:00
0,0,1,1,0,0,2018-08-06 02:49:25+09:00
1,1,0,0,0,0,2018-08-07 22:57:08+09:00
1,1,0,0,0,0,2018-08-07 23:04:53+09:00
1,1,0,0,0,0,2018-08-08 00:37:22+09:00
1,1,0,0,0,0,2018-08-10 00:33:10+09:00
1,1,0,0,0,0,2018-08-11 14:47:49+09:00
0,0,0,0,0,0,2018-08-11 15:22:55+09:00
0,0,0,0,0,0,2018-08-11 15:23:50+09:00
0,0,0,0,0,0,2018-08-11 15:26:17+09:00
0,0,0,0,0,0,2018-08-11 15:26:58+09:00
1,1,1,0,0,1,2018-09-23 01:27:05+09:00
1,1,1,0,0,1,2018-09-23 02:07:53+09:00
1,1,1,0,0,1,2018-10-17 01:13:21+09:00
1,1,1,0,0,1,2018-10-17 01:14:39+09:00
0,1,1,0,0,0,2018-10-23 23:19:17+09:00
1,1,1,0,0,1,2018-10-29 23:28:44+09:00
1,1,1,1,0,0,2018-10-30 00:37:50+09:00
0,0,0,0,0,0,2018-10-30 03:02:28+09:00
0,0,0,0,0,0,2018-10-30 03:03:36+09:00
1,1,1,1,0,0,2018-11-12 00:12:16+09:00
1,1,1,1,0,0,2018-11-12 00:14:23+09:00
0,0,0,0,0,0,2018-11-12 01:21:43+09:00
0,0,0,0,0,0,2018-11-12 01:22:30+09:00
0,0,1,1,0,0,2018-11-12 02:19:03+09:00
1,1,0,0,0,0,2018-11-13 00:49:27+09:00
1,1,1,0,0,1,2018-11-13 01:14:46+09:00
1,1,1,0,0,1,2018-12-07 04:30:48+09:00
1,1,1,0,0,1,2018-12-25 03:07:32+09:00
0,0,0,0,0,0,2019-02-11 13:28:06+02:00
1,1,1,0,0,1,2019-02-11 13:29:34+02:00
0,0,0,0,0,0,2019-02-11 13:37:42+02:00
0,0,0,0,0,0,2019-02-12 00:07:25+09:00
2,2,2,0,0,2,2019-05-28 10:21:33-04:00
