Acquisition,Preparation,Modeling,Training,Evaluation,Prediction,time
0,0,0,0,0,0,2020-02-05 11:45:18+01:00
1,0,0,0,0,0,2020-02-05 14:16:40+01:00
11,8,1,0,0,0,2020-02-10 17:05:40+01:00
6,5,1,0,0,0,2020-02-12 11:53:21+01:00
1,0,0,0,0,0,2020-02-12 11:53:35+01:00
0,0,0,0,0,0,2020-02-12 12:12:07+01:00
2,2,0,0,0,0,2020-02-17 09:09:16+01:00
0,0,0,0,0,0,2020-02-17 11:32:23+01:00
0,0,0,0,0,0,2020-02-17 11:37:06+01:00
0,0,0,0,0,0,2020-02-17 11:37:34+01:00
0,1,0,0,0,0,2020-02-17 11:38:01+01:00
0,0,0,0,0,0,2020-02-17 11:44:38+01:00
0,0,0,0,0,0,2020-02-17 11:57:48+01:00
0,1,0,0,0,0,2020-02-17 12:00:40+01:00
1,0,0,0,0,0,2020-02-17 14:24:58+01:00
0,0,0,0,0,0,2020-02-17 14:25:23+01:00
1,1,1,0,0,0,2020-02-17 14:25:46+01:00
0,0,0,0,0,0,2020-02-17 14:26:05+01:00
1,1,1,0,0,0,2020-02-17 14:30:50+01:00
0,0,0,0,0,0,2020-02-17 14:31:29+01:00
0,0,0,0,0,0,2020-02-17 14:32:14+01:00
0,0,0,0,0,0,2020-02-17 14:36:02+01:00
0,0,0,0,0,0,2020-02-18 12:12:11+01:00
0,1,0,0,0,0,2020-02-18 12:17:09+01:00
0,1,0,0,0,0,2020-02-18 12:26:16+01:00
0,1,0,0,0,0,2020-02-18 13:31:11+01:00
0,3,1,0,0,0,2020-02-18 16:05:16+01:00
1,1,0,0,0,0,2020-02-18 17:44:35+01:00
8,10,2,0,0,0,2020-02-19 13:09:52+01:00
8,10,1,3,0,1,2020-03-01 21:59:47+01:00
53,62,15,6,3,3,2020-04-20 11:11:35+02:00
5,5,1,0,0,0,2020-05-02 11:12:37+02:00
63,63,16,5,4,3,2020-05-07 13:42:13+02:00
5,4,0,0,0,0,2020-05-08 14:03:33+02:00
41,46,8,2,5,1,2020-05-26 11:08:47+02:00
0,0,0,0,0,0,2020-05-26 11:11:40+02:00
0,0,0,0,0,0,2020-05-26 11:26:00+02:00
0,0,0,0,0,0,2020-05-26 11:33:12+02:00
0,0,0,0,0,0,2020-05-26 11:52:05+02:00
0,0,0,0,0,0,2020-05-26 12:10:29+02:00
3,4,2,0,0,0,2020-05-26 13:27:19+02:00
0,0,0,0,0,0,2020-05-26 13:27:44+02:00
0,0,0,0,0,0,2020-05-26 17:21:25+02:00
0,0,0,0,0,0,2020-05-27 10:28:04+02:00
0,0,0,0,0,0,2020-05-27 13:24:00+02:00
0,0,0,0,0,0,2020-05-27 14:11:49+02:00
0,0,0,0,0,0,2020-05-27 14:14:12+02:00
1,1,0,0,1,0,2020-05-28 13:29:48+02:00
0,0,0,0,0,0,2020-05-28 13:29:50+02:00
1,1,0,0,1,0,2020-05-28 16:14:35+02:00
3,3,2,0,2,0,2020-05-29 11:30:06+02:00
0,0,0,0,0,0,2020-05-29 13:04:59+02:00
0,0,0,0,0,0,2020-05-29 13:40:36+02:00
0,0,0,0,0,0,2020-05-29 13:41:14+02:00
0,0,0,0,0,0,2020-06-03 12:28:48+02:00
0,0,0,0,0,0,2020-06-03 12:30:06+02:00
0,0,0,0,0,0,2020-06-03 12:30:25+02:00
0,0,0,0,0,0,2020-06-03 12:30:50+02:00
0,0,0,0,0,0,2020-06-03 12:31:28+02:00
0,0,0,0,0,0,2020-06-03 12:32:51+02:00
0,0,0,0,0,0,2020-06-03 12:33:15+02:00
4,5,1,0,0,0,2020-06-03 12:49:04+02:00
0,0,0,0,0,0,2020-06-03 12:49:09+02:00
0,0,0,0,0,0,2020-06-03 12:50:56+02:00
0,0,0,0,0,0,2020-06-05 11:54:53+02:00
0,0,0,0,0,0,2020-06-05 11:58:00+02:00
0,0,0,0,0,0,2020-06-09 12:17:31+02:00
3,4,2,0,1,0,2020-06-11 15:29:14+02:00
0,0,0,0,0,0,2020-06-11 15:29:17+02:00
9,13,4,0,1,0,2020-06-12 12:26:11+02:00
0,1,0,0,0,0,2020-06-12 13:49:43+02:00
0,0,0,0,0,0,2020-06-17 10:52:43+02:00
0,0,0,0,0,0,2020-06-17 10:55:19+02:00
0,1,0,0,0,0,2020-06-18 10:38:57+02:00
0,0,0,0,0,0,2020-06-18 10:38:59+02:00
1,1,0,0,1,0,2020-06-18 10:39:58+02:00
1,2,0,0,1,0,2020-06-18 10:42:15+02:00
0,0,0,0,0,0,2020-06-18 11:19:49+02:00
1,1,1,0,0,0,2020-06-18 11:25:42+02:00
