Acquisition,Preparation,Modeling,Training,Evaluation,Prediction,time
0,0,0,0,0,0,2018-09-17 12:54:33+10:00
0,1,0,0,0,0,2018-09-17 12:59:04+10:00
0,1,0,0,0,0,2018-09-17 13:16:52+10:00
0,1,0,0,0,0,2018-09-17 13:19:46+10:00
0,1,0,0,0,0,2018-09-17 13:22:21+10:00
0,2,0,0,0,0,2018-09-17 15:38:10+10:00
0,0,0,0,0,0,2018-09-17 15:40:13+10:00
1,2,0,0,0,1,2018-09-18 22:42:43+10:00
0,0,0,0,0,0,2018-09-18 22:43:14+10:00
0,0,0,0,0,0,2018-09-18 23:09:32+10:00
1,1,0,0,0,1,2018-09-18 23:18:43+10:00
1,1,0,0,0,1,2018-10-05 17:41:47+10:00
0,0,0,0,0,0,2018-10-05 19:06:24+10:00
1,1,0,0,0,1,2018-10-05 19:10:00+10:00
0,0,0,0,0,0,2018-10-05 19:13:41+10:00
0,0,0,0,0,0,2018-10-05 19:46:28+10:00
1,1,0,0,0,1,2018-10-06 12:07:56+10:00
1,1,0,0,0,1,2018-10-07 21:01:27+11:00
1,1,0,0,0,1,2018-10-09 01:23:49+11:00
0,0,0,0,0,0,2018-10-09 13:53:36+11:00
1,2,0,0,0,1,2018-10-18 22:28:57+11:00
0,0,0,0,0,0,2018-10-18 22:32:26+11:00
0,0,0,0,0,0,2018-10-18 22:36:58+11:00
0,0,0,0,0,0,2018-10-19 09:43:59+11:00
1,1,0,0,0,1,2018-10-19 10:07:10+11:00
1,1,0,0,0,1,2018-10-21 15:48:23+11:00
0,0,0,0,0,0,2018-10-21 15:52:03+11:00
1,1,0,0,0,1,2018-10-22 16:11:06+11:00
0,0,0,0,0,0,2018-10-22 16:13:32+11:00
1,1,0,0,0,1,2018-10-22 18:21:10+11:00
0,0,0,0,0,0,2018-10-22 18:32:51+11:00
1,1,0,0,0,1,2018-10-22 19:53:36+11:00
0,0,0,0,0,0,2018-10-22 20:03:00+11:00
1,1,0,0,0,1,2018-10-23 14:44:16+11:00
1,2,0,0,0,1,2018-10-24 11:03:16+11:00
0,0,0,0,0,0,2018-10-24 11:04:57+11:00
0,0,0,0,0,0,2018-10-24 11:07:17+11:00
1,1,0,0,0,1,2018-10-24 11:50:20+11:00
0,0,0,0,0,0,2018-10-24 11:52:12+11:00
0,0,0,0,0,0,2018-10-24 12:00:26+11:00
0,0,0,0,0,0,2018-10-24 12:03:06+11:00
0,0,0,0,0,0,2018-10-24 19:22:21+11:00
1,1,0,0,0,1,2018-10-24 22:06:55+11:00
0,0,0,0,0,0,2018-10-25 15:34:27+11:00
0,0,0,0,0,0,2018-10-25 15:39:02+11:00
1,1,0,0,0,1,2018-10-25 21:33:58+11:00
1,1,0,0,0,1,2018-10-26 20:10:24+11:00
1,1,0,0,0,1,2018-10-31 16:26:13+11:00
1,1,0,0,0,1,2018-10-31 16:53:08+11:00
1,1,0,0,0,1,2018-10-31 17:17:28+11:00
0,0,0,0,0,0,2018-10-31 17:22:20+11:00
0,0,0,0,0,0,2018-11-01 15:06:34+11:00
0,0,0,0,0,0,2018-11-01 15:25:14+11:00
0,0,0,0,0,0,2018-11-01 15:35:56+11:00
0,0,0,0,0,0,2018-11-01 15:59:56+11:00
0,0,0,0,0,0,2018-11-01 16:00:54+11:00
0,0,0,0,0,0,2018-11-01 16:30:22+11:00
0,0,0,0,0,0,2018-11-01 16:35:23+11:00
1,1,0,0,0,1,2018-11-01 16:43:31+11:00
0,0,0,0,0,0,2018-11-01 17:57:39+11:00
1,1,0,0,0,1,2018-11-01 18:00:26+11:00
0,0,0,0,0,0,2018-11-01 18:03:03+11:00
0,0,0,0,0,0,2018-11-01 18:05:45+11:00
0,0,0,0,0,0,2018-11-04 14:37:53+11:00
0,0,0,0,0,0,2018-11-04 14:56:28+11:00
0,0,0,0,0,0,2018-11-04 19:27:44+11:00
0,0,0,0,0,0,2018-11-04 19:29:19+11:00
0,0,0,0,0,0,2018-11-06 19:14:09+11:00
