Acquisition,Preparation,Modeling,Training,Evaluation,Prediction,time
0,0,0,0,0,0,2021-04-23 16:03:50+02:00
0,0,0,0,0,0,2021-04-26 21:51:27+02:00
0,0,0,0,0,0,2021-04-27 10:07:19+02:00
1,7,1,2,1,3,2021-04-27 12:36:26+02:00
0,0,0,0,0,0,2021-04-27 12:47:09+02:00
0,0,0,0,0,0,2021-04-27 13:34:15+02:00
0,0,0,0,0,0,2021-04-27 14:16:29+02:00
0,0,0,0,0,0,2021-04-27 15:20:36+02:00
0,0,0,0,0,0,2021-04-27 15:28:41+02:00
0,0,0,0,0,0,2021-04-27 15:29:51+02:00
0,1,0,0,0,0,2021-04-28 11:53:30+02:00
0,0,0,0,0,0,2021-04-28 13:42:12+02:00
0,0,0,0,0,0,2021-04-29 11:48:47+02:00
1,1,0,0,0,1,2021-04-29 11:48:47+02:00
0,0,0,0,0,0,2021-04-29 20:59:19+02:00
1,1,0,0,0,1,2021-04-29 22:43:31+02:00
1,2,0,0,0,1,2021-04-30 09:32:54+02:00
0,1,0,0,0,0,2021-04-30 09:38:05+02:00
1,2,0,0,0,1,2021-04-30 09:43:30+02:00
0,0,0,0,0,0,2021-05-01 08:15:34+02:00
0,5,1,2,1,2,2021-05-01 13:47:20+02:00
0,0,0,0,0,0,2021-05-01 13:49:48+02:00
0,0,0,0,0,0,2021-05-01 14:18:51+02:00
1,7,1,2,1,3,2021-05-01 14:25:02+02:00
0,6,1,2,1,2,2021-05-01 14:29:52+02:00
0,4,1,2,1,1,2021-05-01 14:32:52+02:00
0,5,1,2,1,2,2021-05-01 14:41:33+02:00
0,1,0,0,0,0,2021-05-01 14:43:17+02:00
0,2,0,0,0,1,2021-05-01 14:45:29+02:00
1,1,0,0,0,1,2021-05-01 14:46:56+02:00
0,1,1,1,1,0,2021-05-01 14:48:10+02:00
0,4,1,1,1,1,2021-05-01 14:51:11+02:00
0,1,0,0,0,0,2021-05-01 14:53:36+02:00
0,1,0,0,0,1,2021-05-01 14:55:48+02:00
0,5,1,2,1,2,2021-05-01 15:13:26+02:00
0,0,0,0,0,0,2021-05-01 15:49:03+02:00
0,0,0,0,0,0,2021-05-01 16:39:38+02:00
0,0,0,0,0,0,2021-05-01 16:41:45+02:00
0,0,0,0,0,0,2021-05-04 21:56:07+02:00
0,0,0,0,0,0,2021-05-04 22:15:40+02:00
0,0,0,0,0,0,2021-05-04 22:48:25+02:00
0,0,0,0,0,0,2021-05-06 21:30:25+02:00
1,6,1,2,1,3,2021-05-06 22:28:25+02:00
0,1,0,0,0,0,2021-05-06 22:34:59+02:00
0,0,0,0,0,0,2021-05-06 22:57:32+02:00
0,0,0,0,0,0,2021-05-07 21:32:07+02:00
1,6,1,2,1,3,2021-05-07 20:34:58+02:00
0,0,0,0,0,0,2021-05-10 19:43:46+02:00
1,1,0,0,0,1,2021-05-09 20:58:39+02:00
0,0,0,0,0,0,2021-05-16 07:31:23+02:00
0,0,0,0,0,0,2021-05-16 12:41:42+02:00
19,30,0,5,2,7,2021-06-16 09:55:21+02:00
1,1,0,0,0,0,2021-06-16 10:13:39+02:00
0,0,0,0,0,0,2021-06-25 17:15:19+02:00
18,24,0,5,2,7,2021-06-26 07:55:57+02:00
8,12,0,3,0,5,2021-06-26 07:57:46+02:00
10,19,0,3,1,5,2021-06-26 07:59:36+02:00
14,19,0,4,1,5,2021-06-26 08:01:56+02:00
9,11,0,2,1,3,2021-06-26 08:06:58+02:00
17,20,0,5,1,5,2021-06-26 14:02:33+02:00
6,9,0,2,1,4,2021-06-26 14:05:53+02:00
4,4,0,0,0,0,2021-06-26 14:09:17+02:00
2,4,0,1,0,2,2021-06-26 14:10:48+02:00
2,2,0,1,1,1,2021-06-26 14:14:29+02:00
2,3,0,1,0,1,2021-06-26 21:07:36+02:00
11,11,0,1,0,0,2021-06-26 21:09:22+02:00
3,3,0,0,0,0,2021-06-26 21:58:25+02:00
3,3,0,0,0,0,2021-06-26 22:01:06+02:00
14,17,0,4,0,5,2021-06-27 14:19:25+02:00
8,9,0,0,0,1,2021-06-27 14:21:01+02:00
0,1,0,0,0,0,2021-06-27 14:22:37+02:00
4,4,0,0,0,0,2021-06-27 20:55:08+02:00
4,4,0,0,0,0,2021-06-27 20:59:34+02:00
3,3,0,0,0,0,2021-06-27 21:02:29+02:00
2,2,0,0,0,0,2021-06-27 21:06:45+02:00
6,10,0,3,1,5,2021-06-27 21:14:29+02:00
6,10,0,3,1,6,2021-06-27 21:16:41+02:00
0,2,0,1,0,1,2021-06-27 21:22:06+02:00
1,2,0,1,0,0,2021-06-27 21:30:37+02:00
3,3,0,0,0,0,2021-06-27 21:34:42+02:00
0,3,0,0,0,1,2021-06-27 21:36:20+02:00
1,3,0,1,1,2,2021-06-27 21:37:26+02:00
0,1,0,0,0,1,2021-06-27 21:38:44+02:00
1,2,0,1,0,0,2021-06-28 12:26:01+02:00
0,1,0,0,1,0,2021-06-28 12:36:33+02:00
4,3,0,0,0,1,2021-06-28 12:47:22+02:00
2,5,0,2,1,3,2021-06-28 15:34:16+02:00
1,1,0,1,1,1,2021-06-28 15:43:23+02:00
4,3,0,0,0,1,2021-06-28 11:50:20+02:00
7,12,0,3,1,4,2021-06-28 13:32:54+02:00
0,1,0,1,0,1,2021-06-28 13:44:55+02:00
2,2,0,1,0,0,2021-06-28 14:24:33+02:00
2,2,0,0,0,0,2021-06-28 16:11:02+02:00
0,0,0,0,0,0,2021-06-28 16:23:42+02:00
1,1,0,1,0,0,2021-06-28 16:13:02+02:00
0,0,0,0,0,0,2021-06-28 16:21:02+02:00
0,0,0,0,0,0,2021-06-29 17:40:46+02:00
0,0,0,0,0,0,2021-06-29 17:42:12+02:00
0,0,0,0,0,0,2021-06-29 17:42:50+02:00
1,3,0,1,0,0,2021-06-29 18:33:40+02:00
0,0,0,0,0,0,2021-07-04 21:25:16+02:00
0,0,0,0,0,0,2021-07-04 21:28:13+02:00
0,0,0,0,0,0,2021-07-04 21:33:32+02:00
0,0,0,0,0,0,2021-07-04 21:36:26+02:00
0,0,0,0,0,0,2021-07-04 21:48:38+02:00
0,0,0,0,0,0,2021-07-04 21:55:42+02:00
0,0,0,0,0,0,2021-07-05 12:26:17+02:00
0,0,0,0,0,0,2021-07-05 14:31:41+02:00
0,0,0,0,0,0,2021-07-05 14:33:16+02:00
0,0,0,0,0,0,2021-07-05 14:36:39+02:00
0,0,0,0,0,0,2021-07-05 14:56:40+02:00
1,1,0,0,0,0,2021-07-05 15:20:22+02:00
0,0,0,0,0,0,2021-07-05 22:21:50+02:00
2,2,0,1,0,0,2021-07-06 16:28:06+02:00
0,0,0,0,0,0,2021-07-06 21:24:48+02:00
0,0,0,0,0,0,2021-07-14 14:09:22+02:00
0,0,0,0,0,0,2021-07-14 14:40:30+02:00
0,0,0,0,0,0,2021-07-26 23:29:56+02:00
