Acquisition,Preparation,Modeling,Training,Evaluation,Prediction,time
0,0,0,0,0,0,2020-06-12 10:08:08+05:18
0,0,0,0,0,0,2020-06-12 10:26:13+05:18
0,0,0,0,0,0,2020-06-12 10:27:08+05:18
0,0,0,0,0,0,2020-06-12 12:06:30+05:18
0,0,0,0,0,0,2020-06-12 12:59:04+05:18
0,0,0,0,0,0,2020-06-12 13:00:34+05:18
0,0,0,0,0,0,2020-06-12 13:03:11+05:18
0,0,0,0,0,0,2020-06-12 13:06:38+05:18
0,0,0,0,0,0,2020-06-12 22:21:07+05:18
0,0,0,0,0,0,2020-06-13 01:07:10+05:18
0,0,0,0,0,0,2020-06-13 02:11:39+05:18
0,0,0,0,0,0,2020-06-13 02:12:55+05:18
0,0,0,0,0,0,2020-06-13 02:42:24+05:18
0,0,0,0,0,0,2020-06-13 05:12:17+05:18
0,0,0,0,0,0,2020-06-15 06:56:00+05:18
0,0,0,0,0,0,2020-06-15 06:56:59+05:18
0,0,0,0,0,0,2020-06-15 13:19:47+05:18
0,0,0,0,0,0,2020-06-15 13:25:40+05:18
0,0,0,0,0,0,2020-06-15 18:20:29+05:18
0,0,0,0,0,0,2020-06-15 23:44:23+05:18
0,0,0,0,0,0,2020-06-15 23:47:41+05:18
0,0,0,0,0,0,2020-06-16 02:21:49+05:18
0,0,0,0,0,0,2020-06-17 01:43:17+05:18
0,0,0,0,0,0,2020-06-17 12:40:00+05:18
0,0,0,0,0,0,2020-06-18 02:44:13+05:18
0,0,0,0,0,0,2020-06-18 03:28:06+05:18
0,0,0,0,0,0,2020-06-18 03:32:32+05:18
0,0,0,0,0,0,2020-06-18 03:34:12+05:18
0,0,0,0,0,0,2020-06-18 03:36:22+05:18
0,0,0,0,0,0,2020-06-18 03:37:23+05:18
0,0,0,0,0,0,2020-06-18 23:45:51+05:18
5,10,2,2,0,2,2020-06-19 22:52:07+05:18
0,1,1,1,0,1,2020-06-23 15:31:37+05:18
0,1,1,1,0,1,2020-06-23 18:35:41+05:18
0,0,0,0,0,0,2020-06-23 18:39:04+05:18
0,0,0,0,0,0,2020-06-23 18:42:45+05:18
0,0,0,0,0,0,2020-06-23 18:43:10+05:18
0,0,0,0,0,0,2020-06-23 18:46:50+05:18
0,0,0,0,0,0,2020-06-23 18:48:45+05:18
0,1,1,1,0,1,2020-06-23 20:32:51+05:18
0,0,0,0,0,0,2020-06-23 23:06:19+05:18
0,0,0,0,0,0,2020-06-23 23:09:10+05:18
0,0,0,0,0,0,2020-06-23 23:11:48+05:18
0,0,0,0,0,0,2020-06-23 23:12:39+05:18
0,0,0,0,0,0,2020-06-23 23:13:19+05:18
0,0,0,0,0,0,2020-06-23 23:16:25+05:18
0,0,0,0,0,0,2020-06-23 23:50:59+05:18
0,0,0,0,0,0,2020-06-24 00:08:46+05:18
0,0,0,0,0,0,2020-06-24 11:29:41+05:18
0,0,0,0,0,0,2020-06-28 10:10:00+05:18
0,0,0,0,0,0,2020-06-28 10:11:36+05:18
0,0,0,0,0,0,2020-06-28 19:17:44+05:18
