Acquisition,Preparation,Modeling,Training,Evaluation,Prediction,time
2,2,0,0,0,1,2022-01-17 14:13:42+05:18
0,0,0,0,0,0,2022-01-17 15:01:05+05:18
0,0,0,0,0,0,2022-01-17 15:33:53+05:18
0,0,0,0,0,0,2022-01-17 16:14:53+05:18
1,0,0,0,0,0,2022-01-19 22:45:03+05:18
0,0,0,0,0,0,2022-01-19 23:09:14+05:18
0,0,0,0,0,0,2022-01-27 13:00:59+05:18
0,0,0,0,0,0,2022-01-27 14:30:16+05:18
0,0,0,0,0,0,2022-01-27 14:37:44+05:18
0,0,0,0,0,0,2022-01-27 14:46:36+05:18
0,0,0,0,0,0,2022-01-27 14:53:35+05:18
0,0,0,0,0,0,2022-01-27 15:00:33+05:18
0,0,0,0,0,0,2022-01-27 15:10:56+05:18
0,0,0,0,0,0,2022-01-27 15:17:45+05:18
0,0,0,0,0,0,2022-02-01 18:47:49+05:18
0,0,0,0,0,0,2022-02-01 19:19:56+05:18
0,0,0,0,0,0,2022-02-01 19:27:21+05:18
0,0,0,0,0,0,2022-02-01 19:32:17+05:18
0,0,0,0,0,0,2022-02-01 19:34:39+05:18
0,0,0,0,0,0,2022-02-01 19:36:48+05:18
0,0,0,0,0,0,2022-02-01 19:37:49+05:18
0,0,0,0,0,0,2022-02-01 20:12:13+05:18
0,0,0,0,0,0,2022-02-01 20:45:24+05:18
0,0,0,0,0,0,2022-02-01 21:02:36+05:18
0,0,0,0,0,0,2022-02-01 21:08:48+05:18
0,0,0,0,0,0,2022-02-01 21:14:11+05:18
1,1,0,0,0,0,2022-02-01 21:51:02+05:18
1,1,0,0,0,0,2022-02-01 21:54:51+05:18
1,1,0,0,0,0,2022-02-01 21:59:45+05:18
0,0,0,0,0,0,2022-02-02 00:08:30+05:18
0,0,0,0,0,0,2022-02-02 16:46:36+05:18
0,0,0,0,0,0,2022-02-03 11:22:08+05:18
0,0,0,0,0,0,2022-02-03 13:16:31+05:18
1,1,0,0,0,0,2022-02-03 13:59:59+05:18
1,1,0,0,0,0,2022-02-04 11:04:50+05:18
0,0,0,0,0,0,2022-02-07 15:18:21+05:18
0,0,0,0,0,0,2022-02-07 15:20:38+05:18
0,0,0,0,0,0,2022-02-07 15:31:50+05:18
0,0,0,0,0,0,2022-02-07 15:45:23+05:18
0,0,0,0,0,0,2022-02-07 15:48:23+05:18
0,0,0,0,0,0,2022-02-07 15:52:15+05:18
0,0,0,0,0,0,2022-02-07 15:54:03+05:18
0,0,0,0,0,0,2022-02-07 16:00:18+05:18
0,0,0,0,0,0,2022-02-07 16:00:53+05:18
0,0,0,0,0,0,2022-02-07 16:09:19+05:18
0,0,0,0,0,0,2022-02-08 00:14:06+05:18
0,0,0,0,0,0,2022-02-09 08:49:09+05:18
0,0,0,0,0,0,2022-02-09 08:51:46+05:18
0,0,0,0,0,0,2022-02-09 08:53:24+05:18
0,0,0,0,0,0,2022-02-09 08:57:46+05:18
0,0,0,0,0,0,2022-02-09 09:00:01+05:18
0,0,0,0,0,0,2022-02-09 09:02:27+05:18
0,0,0,0,0,0,2022-02-09 09:04:01+05:18
0,0,0,0,0,0,2022-02-09 09:05:42+05:18
0,0,0,0,0,0,2022-02-09 09:09:42+05:18
0,0,0,0,0,0,2022-02-09 09:11:55+05:18
0,0,0,0,0,0,2022-02-09 09:15:25+05:18
0,0,0,0,0,0,2022-02-09 09:18:56+05:18
0,0,0,0,0,0,2022-02-09 09:24:07+05:18
1,1,0,0,0,0,2022-02-09 09:52:51+05:18
0,0,0,0,0,0,2022-02-09 09:53:50+05:18
0,0,0,0,0,0,2022-02-09 09:59:11+05:18
1,1,0,0,0,0,2022-02-09 10:21:52+05:18
0,0,0,0,0,0,2022-03-08 13:35:33+05:18
