Acquisition,Preparation,Modeling,Training,Evaluation,Prediction,time
0,0,0,0,0,0,2020-11-02 21:51:41+05:18
0,0,0,0,0,0,2020-11-17 14:57:38+05:18
0,0,0,0,0,0,2020-11-21 12:48:55+05:18
0,0,0,0,0,0,2020-11-21 13:01:24+05:18
0,0,0,0,0,0,2021-01-02 14:15:33+05:18
0,0,0,0,0,0,2021-01-02 14:22:19+05:18
0,0,0,0,0,0,2021-01-02 14:22:51+05:18
0,0,0,0,0,0,2021-01-02 14:23:01+05:18
0,0,0,0,0,0,2021-01-02 14:25:09+05:18
0,0,0,0,0,0,2021-01-02 14:25:52+05:18
0,0,0,0,0,0,2021-01-02 14:26:17+05:18
0,0,0,0,0,0,2021-01-09 00:08:19+05:18
0,0,0,0,0,0,2021-01-09 00:08:38+05:18
0,0,0,0,0,0,2021-01-09 00:13:06+05:18
0,0,0,0,0,0,2021-01-09 00:16:32+05:18
1,2,0,0,0,0,2021-01-09 00:16:57+05:18
2,0,0,0,0,0,2021-01-12 22:27:10+05:18
1,0,0,0,0,0,2021-01-12 22:28:05+05:18
0,0,0,0,0,0,2021-01-12 22:28:16+05:18
1,0,0,0,0,0,2021-01-12 22:28:28+05:18
0,0,0,0,0,0,2021-01-12 22:29:07+05:18
1,0,0,0,0,0,2021-01-12 22:32:39+05:18
1,1,0,1,0,1,2021-01-12 22:34:16+05:18
0,0,0,0,0,0,2021-01-12 22:35:54+05:18
0,0,0,0,0,0,2021-01-12 23:31:51+05:18
1,1,1,1,1,1,2021-01-12 23:33:03+05:18
0,0,0,0,0,0,2021-01-16 18:01:16+05:18
1,2,0,2,2,2,2021-01-16 18:01:51+05:18
0,1,0,1,1,1,2021-01-16 18:06:39+05:18
0,1,0,1,1,1,2021-01-16 23:47:33+05:18
1,1,0,0,1,0,2021-01-18 14:39:41+05:18
1,1,0,0,1,0,2021-01-19 03:49:50+05:18
1,1,0,0,1,0,2021-01-19 03:50:14+05:18
1,1,0,0,1,0,2021-01-19 04:00:14+05:18
1,1,0,0,1,0,2021-01-19 04:00:49+05:18
1,1,0,0,1,0,2021-01-19 05:07:49+05:18
1,1,0,0,1,0,2021-01-19 05:08:08+05:18
1,1,0,0,1,0,2021-01-19 12:56:26+05:18
1,1,0,0,1,0,2021-01-19 12:56:49+05:18
1,1,0,0,1,0,2021-01-19 17:46:21+05:18
1,1,0,0,1,0,2021-01-19 18:30:27+05:18
1,1,0,0,1,0,2021-01-19 18:58:18+05:18
1,1,0,0,1,0,2021-01-19 18:59:41+05:18
1,1,0,0,1,0,2021-01-19 19:00:10+05:18
0,0,0,0,0,0,2021-01-19 19:00:30+05:18
0,0,0,0,0,0,2021-01-19 19:04:16+05:18
0,0,0,0,0,0,2021-01-19 19:07:34+05:18
0,0,0,0,0,0,2021-01-19 19:07:43+05:18
0,0,0,0,0,0,2021-01-19 19:16:48+05:18
0,0,0,0,0,0,2021-01-19 19:18:50+05:18
0,0,0,0,0,0,2021-01-19 19:19:53+05:18
0,0,0,0,0,0,2021-01-19 19:20:18+05:18
0,0,0,0,0,0,2021-01-19 19:20:27+05:18
0,0,0,0,0,0,2021-01-19 19:20:44+05:18
4,5,0,2,5,2,2021-01-19 19:21:54+05:18
1,1,0,0,1,0,2021-01-19 19:22:56+05:18
1,1,0,0,1,0,2021-01-19 19:23:54+05:18
1,1,0,0,1,0,2021-02-02 13:58:58+05:18
0,1,0,0,0,0,2021-02-09 10:07:37+05:18
5,18,4,2,2,0,2021-03-28 14:11:58+05:18
0,0,0,0,0,0,2021-03-28 15:00:29+05:18
0,0,0,0,0,0,2021-03-28 18:03:49+05:18
0,1,0,0,1,0,2021-03-30 10:22:15+05:18
0,2,0,0,2,0,2021-03-30 10:31:33+05:18
0,2,0,0,2,0,2021-03-30 10:37:48+05:18
0,2,0,0,2,0,2021-03-30 10:40:34+05:18
0,2,0,0,2,0,2021-03-30 10:54:59+05:18
0,2,0,0,2,0,2021-03-30 10:59:29+05:18
0,2,0,0,2,0,2021-03-30 11:10:57+05:18
2,3,1,0,1,0,2021-04-04 23:35:45+05:18
1,1,1,1,1,1,2021-04-05 15:49:39+05:18
4,4,4,4,4,4,2021-04-05 22:30:13+05:18
0,0,0,0,0,0,2021-04-05 22:36:27+05:18
1,1,1,1,1,1,2021-04-07 23:21:33+05:18
17,20,3,7,11,6,2021-06-01 02:18:28+05:18
1,1,0,1,1,1,2021-06-03 12:48:14+05:18
4,4,3,4,1,4,2021-06-07 23:46:06+05:18
5,5,3,4,1,5,2021-06-09 17:24:29+05:18
4,4,2,3,1,4,2021-06-10 14:46:40+05:18
