Acquisition,Preparation,Modeling,Training,Evaluation,Prediction,time
0,0,0,0,0,0,2017-04-26 06:40:29+02:00
0,0,0,0,0,0,2017-04-26 06:45:56+02:00
0,0,0,0,0,0,2017-04-26 06:46:14+02:00
0,0,0,0,0,0,2017-04-26 06:49:28+02:00
0,0,0,0,0,0,2017-05-18 07:07:24+02:00
0,0,0,0,0,0,2017-05-21 22:02:11+02:00
0,0,0,0,0,0,2017-05-22 06:57:37+02:00
0,0,0,0,0,0,2017-05-22 22:27:45+02:00
0,0,0,0,0,0,2017-05-23 06:52:30+02:00
0,0,0,0,0,0,2017-05-23 07:00:56+02:00
0,0,0,0,0,0,2017-05-23 11:26:55+02:00
0,1,1,1,0,1,2017-05-24 06:25:09+02:00
0,0,0,0,0,0,2017-05-24 06:54:05+02:00
0,0,0,0,0,0,2017-05-24 06:58:03+02:00
0,0,0,0,0,0,2017-05-25 18:26:32+02:00
0,0,0,0,0,0,2017-05-25 18:28:37+02:00
0,0,0,0,0,0,2017-05-25 18:34:40+02:00
0,0,0,0,0,0,2017-05-26 18:57:31+02:00
0,0,0,0,0,0,2017-05-26 19:10:52+02:00
0,0,0,0,0,0,2017-05-27 13:51:28+02:00
0,0,0,0,0,0,2017-05-27 13:56:26+02:00
0,0,0,0,0,0,2017-05-28 17:21:42+02:00
0,0,0,0,0,0,2017-05-29 21:14:50+02:00
0,0,0,0,0,0,2017-05-30 06:27:19+02:00
0,0,0,0,0,0,2017-05-30 10:31:00+02:00
0,0,0,0,0,0,2017-05-31 06:24:31+02:00
0,0,0,0,0,0,2017-05-31 06:13:50+02:00
0,0,0,0,0,0,2017-05-31 06:35:53+02:00
0,0,0,0,0,0,2017-06-01 09:33:54+02:00
0,0,0,0,0,0,2017-06-02 19:38:07+02:00
0,0,0,0,0,0,2017-06-02 20:57:43+02:00
0,1,0,0,0,0,2017-06-03 18:21:36+02:00
0,1,0,0,0,0,2017-06-04 15:38:41+02:00
0,0,0,0,0,0,2017-06-05 21:16:14+02:00
0,2,0,0,0,0,2017-06-06 20:24:11+02:00
0,0,0,0,0,0,2017-06-07 21:52:56+02:00
0,1,0,0,0,0,2017-06-08 20:45:00+02:00
0,0,0,0,0,0,2017-06-10 19:28:15+02:00
1,1,0,1,0,0,2017-06-11 19:01:29+02:00
0,0,0,0,0,0,2017-06-12 21:27:15+02:00
0,1,0,0,0,0,2017-06-13 07:26:27+02:00
0,1,0,0,0,0,2017-06-14 19:02:04+02:00
0,0,0,0,0,0,2017-06-15 06:10:51+02:00
0,0,0,0,0,0,2017-06-16 18:27:30+02:00
0,0,0,0,0,0,2017-06-17 08:16:56+02:00
0,0,0,0,0,0,2017-06-18 01:37:36+02:00
0,0,0,0,0,0,2017-06-19 21:50:26+02:00
0,0,0,0,0,0,2017-06-20 23:21:55+02:00
0,1,1,1,0,1,2017-06-21 19:24:16+02:00
1,1,0,0,1,0,2017-06-22 19:15:28+02:00
2,2,0,0,1,0,2017-06-23 21:06:36+02:00
0,1,0,0,0,0,2017-06-24 23:23:51+02:00
0,1,0,0,0,0,2017-06-25 21:16:55+02:00
1,1,0,0,1,0,2017-06-26 06:49:25+02:00
0,0,0,0,0,0,2017-06-27 19:35:12+02:00
1,1,0,0,0,0,2017-06-27 22:29:21+02:00
1,1,0,0,0,0,2017-06-27 22:54:46+02:00
1,1,0,0,0,0,2017-06-28 06:43:55+02:00
1,1,0,0,0,0,2017-06-28 07:10:33+02:00
1,1,0,0,0,0,2017-06-28 07:15:41+02:00
1,1,0,0,0,0,2017-06-28 07:27:43+02:00
1,1,0,1,0,0,2017-06-28 21:10:56+02:00
1,1,1,1,1,1,2017-06-29 06:12:31+02:00
1,1,1,1,1,1,2017-06-29 06:46:20+02:00
1,1,1,1,1,1,2017-06-29 06:54:03+02:00
1,1,1,1,1,1,2017-06-29 07:36:56+02:00
1,1,1,1,1,1,2017-06-30 17:52:23+02:00
1,1,1,1,1,1,2017-06-30 18:08:29+02:00
1,1,1,1,1,1,2017-06-30 18:11:23+02:00
1,1,1,1,1,1,2017-06-30 18:51:46+02:00
1,1,1,1,1,1,2017-07-02 22:20:34+02:00
1,1,1,1,1,1,2017-07-03 22:50:04+02:00
1,1,1,1,1,1,2017-07-03 22:55:03+02:00
0,0,0,0,0,0,2017-07-04 19:33:55+02:00
1,1,1,1,1,1,2017-07-04 22:01:52+02:00
1,1,1,1,1,1,2017-07-04 22:41:42+02:00
1,1,1,1,1,1,2017-07-04 22:44:13+02:00
1,1,1,1,1,1,2017-07-05 06:33:05+02:00
1,1,1,1,1,1,2017-07-05 06:46:18+02:00
1,1,1,1,1,1,2017-07-05 07:11:18+02:00
1,1,1,1,1,1,2017-07-05 07:14:51+02:00
1,1,1,1,1,1,2017-07-06 06:24:05+02:00
1,1,1,1,1,1,2017-07-06 06:38:26+02:00
1,1,1,1,1,1,2017-07-07 20:46:31+02:00
1,1,1,1,1,1,2017-07-08 17:54:58+02:00
1,1,1,1,1,1,2017-07-08 19:10:32+02:00
1,1,1,1,1,1,2017-07-08 19:14:11+02:00
1,1,1,1,1,1,2017-07-08 20:35:27+02:00
1,1,1,1,1,1,2017-07-08 21:14:35+02:00
1,1,1,1,1,1,2017-07-09 11:49:34+02:00
0,0,0,0,0,0,2017-07-10 20:07:09+02:00
0,0,0,0,0,0,2017-07-11 19:54:14+02:00
0,0,0,0,0,0,2017-07-12 21:00:39+02:00
0,0,0,0,0,0,2017-07-12 21:01:34+02:00
0,0,0,0,0,0,2017-07-14 19:02:29+02:00
0,0,0,0,0,0,2017-07-21 20:49:11+02:00
0,0,0,0,0,0,2017-07-25 21:00:18+02:00
1,1,0,0,1,0,2017-07-27 20:21:55+02:00
1,1,0,0,1,0,2017-07-27 20:39:19+02:00
1,1,0,0,1,0,2017-07-27 20:54:53+02:00
1,1,0,0,1,0,2017-07-29 20:56:26+02:00
1,1,0,1,1,0,2017-07-30 16:29:27+02:00
1,1,0,1,1,0,2017-07-30 16:46:16+02:00
1,1,0,1,1,0,2017-07-30 17:24:06+02:00
1,1,0,1,1,1,2017-07-30 17:49:38+02:00
1,1,0,1,1,1,2017-07-30 17:58:47+02:00
1,1,0,1,1,1,2017-07-30 18:21:14+02:00
1,1,0,1,1,1,2017-07-31 22:17:51+02:00
1,1,0,1,1,1,2017-08-01 06:49:49+02:00
1,1,0,1,1,1,2017-08-01 06:50:51+02:00
1,1,0,1,1,1,2017-08-02 21:39:29+02:00
1,1,0,1,1,1,2017-08-02 21:42:39+02:00
1,1,0,1,1,1,2017-08-03 20:31:12+02:00
1,1,0,1,1,1,2017-08-04 19:58:45+02:00
1,1,0,1,1,1,2017-08-05 20:16:53+02:00
1,1,0,1,1,1,2017-08-06 18:08:01+02:00
1,1,0,1,1,1,2017-08-06 18:44:32+02:00
1,1,0,1,1,1,2017-08-06 19:08:49+02:00
1,1,0,1,1,1,2017-08-06 20:50:00+02:00
1,1,1,1,1,1,2017-08-07 21:56:58+02:00
1,1,1,1,1,1,2017-08-08 06:52:30+02:00
1,1,1,1,1,1,2017-08-09 06:45:42+02:00
0,0,0,0,0,0,2017-08-10 18:49:41+02:00
1,1,1,1,1,1,2017-08-11 21:17:06+02:00
0,0,0,0,0,0,2017-08-16 21:49:02+02:00
1,1,1,1,1,1,2017-08-17 20:14:58+02:00
0,0,0,0,0,0,2017-08-18 20:27:28+02:00
2,2,2,2,2,2,2017-08-19 21:53:14+02:00
0,0,0,0,0,0,2017-08-21 23:06:40+02:00
0,0,0,0,0,0,2017-08-24 18:29:08+02:00
0,1,0,0,0,0,2017-09-04 16:37:21+02:00
0,1,1,1,0,1,2017-09-05 22:37:21+02:00
0,1,0,1,0,0,2017-09-06 23:50:21+02:00
0,1,0,1,0,1,2017-09-07 19:46:05+02:00
0,3,1,3,0,2,2017-09-08 10:11:28+02:00
0,1,0,1,1,1,2017-09-18 06:58:00+02:00
0,1,0,1,1,1,2017-09-19 06:31:20+02:00
0,0,0,0,0,0,2017-10-11 20:11:28+02:00
1,1,1,1,0,0,2017-11-25 09:11:28+02:00
0,0,0,0,0,0,2018-01-11 17:48:17+02:00
0,0,0,0,0,0,2018-01-12 20:31:16+02:00
0,0,0,0,0,0,2018-01-13 11:02:54+02:00
0,0,0,0,0,0,2018-01-14 09:49:13+02:00
0,0,0,0,0,0,2018-01-15 19:53:48+02:00
0,0,0,0,0,0,2018-01-16 19:21:35+01:00
0,0,0,0,0,0,2018-01-16 19:22:45+01:00
0,0,0,0,0,0,2018-01-16 19:25:38+01:00
0,0,0,0,0,0,2018-01-17 21:00:34+02:00
0,0,0,0,0,0,2018-01-18 19:12:51+02:00
0,1,0,1,0,1,2018-01-19 17:33:26+02:00
0,1,0,1,0,1,2018-01-20 13:32:33+01:00
0,0,0,0,0,0,2018-01-20 13:36:21+01:00
0,1,0,1,0,1,2018-01-20 18:10:29+01:00
0,1,0,0,0,0,2018-03-10 20:20:53+01:00
0,1,0,0,0,0,2018-03-10 20:50:55+01:00
0,1,0,0,0,0,2018-03-10 20:54:31+01:00
0,1,0,0,0,0,2018-03-11 12:54:42+01:00
0,1,0,0,0,0,2018-03-11 12:58:54+01:00
0,1,0,0,0,0,2018-03-11 13:04:53+01:00
0,1,1,0,0,0,2018-03-11 13:15:20+01:00
0,1,1,0,0,1,2018-03-11 13:29:06+01:00
0,1,1,1,0,1,2018-03-11 14:02:40+01:00
0,1,1,1,0,1,2018-03-12 06:55:05+01:00
0,1,1,1,0,1,2018-03-12 07:02:59+01:00
0,1,1,1,0,1,2018-03-13 06:41:22+01:00
0,1,1,1,0,1,2018-03-13 07:17:31+01:00
0,1,1,1,0,1,2018-03-14 06:49:41+01:00
0,1,1,1,0,1,2018-03-14 06:54:20+01:00
0,1,1,1,0,1,2018-03-14 07:02:29+01:00
0,1,1,1,0,1,2018-03-14 07:21:38+01:00
0,1,1,1,0,1,2018-03-14 07:30:25+01:00
0,1,1,1,0,1,2018-03-15 06:39:58+01:00
0,1,1,1,0,1,2018-03-16 06:47:29+01:00
0,1,0,0,0,0,2018-03-16 06:48:17+01:00
0,1,0,0,0,0,2018-03-16 07:00:10+01:00
0,0,0,0,0,0,2018-03-16 07:19:28+01:00
0,1,0,0,0,0,2018-03-17 12:38:01+01:00
0,1,0,0,0,0,2018-03-17 13:08:36+01:00
0,1,0,0,0,1,2018-03-17 13:13:14+01:00
0,1,0,0,0,1,2018-03-17 13:24:13+01:00
0,2,0,0,0,1,2018-03-18 11:46:03+01:00
0,1,0,0,0,0,2018-03-18 11:52:18+01:00
0,1,0,0,0,0,2018-03-18 11:58:01+01:00
0,1,0,0,0,0,2018-03-18 12:01:41+01:00
0,1,0,0,0,0,2018-03-18 12:08:52+01:00
0,1,0,0,0,0,2018-03-18 12:15:59+01:00
0,1,0,0,0,0,2018-03-18 12:34:03+01:00
0,1,0,0,0,1,2018-03-18 12:37:46+01:00
0,1,0,0,0,1,2018-03-18 13:07:25+01:00
0,1,0,0,0,1,2018-03-18 13:09:05+01:00
0,1,0,0,0,1,2018-03-18 13:12:14+01:00
0,1,0,0,0,1,2018-03-19 06:50:38+01:00
0,1,1,1,0,1,2018-03-19 06:52:32+01:00
0,1,1,1,0,1,2018-03-19 06:53:21+01:00
1,1,0,0,0,0,2018-05-21 21:13:26+02:00
1,1,0,0,0,0,2018-05-22 19:30:51+02:00
1,1,0,0,0,0,2018-05-22 20:11:37+02:00
1,1,0,0,0,1,2018-05-23 20:43:17+02:00
1,1,0,0,0,1,2018-05-24 18:13:39+02:00
1,1,0,0,0,1,2018-05-25 16:58:20+02:00
1,1,0,0,0,1,2018-05-26 11:08:35+02:00
1,1,1,1,0,1,2018-05-27 18:53:56+02:00
1,1,1,1,0,1,2018-05-27 18:55:44+02:00
1,1,1,1,0,1,2018-05-27 19:13:10+02:00
1,1,1,1,0,1,2018-05-28 21:08:35+02:00
1,1,1,1,0,1,2018-05-29 07:13:29+02:00
1,1,1,1,0,1,2018-05-30 20:31:45+02:00
1,1,1,1,0,1,2018-05-31 20:31:37+02:00
1,1,1,1,0,1,2018-06-20 21:06:05+02:00
1,1,1,1,0,1,2018-07-22 17:40:25+02:00
1,1,1,1,0,1,2018-07-22 17:53:16+02:00
1,1,1,1,0,1,2018-08-25 10:53:37+02:00
1,2,2,1,0,2,2018-08-25 20:07:26+02:00
0,0,0,0,0,0,2018-08-25 20:23:30+02:00
0,0,0,0,0,0,2018-08-25 20:23:59+02:00
0,0,0,0,0,0,2018-08-25 20:26:03+02:00
0,0,0,0,0,0,2018-08-26 11:10:51+02:00
0,0,0,0,0,0,2018-08-26 11:22:23+02:00
0,1,1,0,0,1,2018-08-26 11:24:42+02:00
0,0,0,0,0,0,2018-08-26 11:26:02+02:00
0,0,0,0,0,0,2018-08-26 11:33:57+02:00
0,0,0,0,0,0,2018-08-26 11:38:51+02:00
0,0,0,0,0,0,2018-08-26 11:41:53+02:00
0,1,1,0,0,1,2018-08-26 11:55:33+02:00
0,0,0,0,0,0,2018-08-26 12:02:47+02:00
0,0,0,0,0,0,2018-08-26 12:12:43+02:00
0,0,0,0,0,0,2018-08-26 12:19:52+02:00
0,0,0,0,0,0,2018-08-26 14:50:14+02:00
0,0,0,0,0,0,2019-01-12 19:18:16+01:00
0,0,0,0,0,0,2019-01-13 21:34:27+01:00
0,0,0,0,0,0,2019-01-13 21:42:31+01:00
0,0,0,0,0,0,2019-01-13 21:48:03+01:00
0,1,0,0,0,0,2019-01-16 07:04:27+01:00
0,1,1,1,0,1,2019-01-19 17:21:33+01:00
0,1,1,1,0,1,2019-01-19 17:45:58+01:00
0,2,1,1,0,1,2019-01-19 17:49:36+01:00
0,0,0,0,0,0,2019-01-19 18:03:39+01:00
0,1,1,1,0,1,2019-01-20 11:59:38+01:00
0,0,0,0,0,0,2019-01-20 11:59:56+01:00
0,2,1,1,0,1,2019-01-23 20:26:45+01:00
0,0,0,0,0,0,2019-01-23 20:27:36+01:00
0,1,0,0,0,0,2019-01-23 20:30:01+01:00
0,1,1,1,0,1,2019-01-23 20:31:27+01:00
0,0,0,0,0,0,2019-01-26 21:11:25+01:00
0,1,1,1,0,1,2019-01-27 18:42:41+01:00
0,1,1,1,0,1,2019-01-27 18:53:34+01:00
0,1,1,1,0,1,2019-01-30 18:55:26+01:00
0,1,1,1,0,1,2019-01-30 20:30:56+01:00
0,0,0,0,0,0,2019-01-30 20:36:44+01:00
0,1,1,1,0,1,2019-01-30 21:14:37+01:00
0,3,3,2,0,2,2019-02-05 19:20:06+01:00
0,2,2,1,0,1,2019-02-05 19:50:14+01:00
0,1,1,1,0,1,2019-02-05 19:52:06+01:00
0,2,2,1,0,1,2019-02-05 20:16:23+01:00
0,1,1,1,0,1,2019-02-05 20:18:43+01:00
0,1,1,1,0,1,2019-02-06 18:30:28+01:00
0,0,0,0,0,0,2019-02-13 20:08:13+01:00
0,1,1,1,0,1,2019-02-10 19:29:34+01:00
0,1,1,1,0,1,2019-02-13 20:53:31+01:00
0,1,1,1,0,1,2019-02-16 01:10:18+01:00
0,0,0,0,0,0,2019-02-16 01:12:48+01:00
0,1,1,1,0,1,2019-02-16 01:22:22+01:00
0,1,1,0,0,0,2019-02-16 01:23:14+01:00
0,0,0,0,0,0,2019-02-17 20:59:17+01:00
0,1,1,1,0,1,2019-02-20 07:22:20+01:00
0,0,0,0,0,0,2019-02-23 22:11:22+01:00
0,1,1,1,0,1,2019-02-24 16:54:11+01:00
0,0,0,0,0,0,2019-02-24 16:59:43+01:00
0,2,2,1,0,1,2019-02-24 17:05:49+01:00
0,1,1,0,0,0,2019-02-24 17:07:32+01:00
0,0,0,0,0,0,2019-02-25 00:25:44+01:00
1,3,3,1,0,1,2019-02-27 06:56:12+01:00
1,1,1,1,0,1,2019-03-02 00:27:31+01:00
0,0,0,0,0,0,2019-03-02 00:29:39+01:00
0,1,1,1,0,1,2019-03-02 00:33:47+01:00
0,1,1,0,0,0,2019-03-02 00:34:03+01:00
0,2,2,1,0,1,2019-03-03 12:25:29+01:00
0,1,1,1,0,1,2019-03-06 19:59:45+01:00
1,2,0,1,0,1,2019-05-18 18:24:08+02:00
0,1,0,0,0,0,2020-06-15 21:51:45+02:00
0,1,0,0,0,0,2020-06-17 12:26:48+02:00
1,1,0,0,0,0,2020-06-24 21:16:03+02:00
1,1,0,0,0,0,2020-06-24 21:36:23+02:00
1,1,0,0,0,0,2020-06-25 12:13:49+02:00
1,1,0,0,0,0,2020-06-25 15:37:11+02:00
1,1,0,0,0,0,2020-06-25 16:28:25+02:00
1,1,0,0,0,0,2020-06-28 14:02:36+02:00
1,1,1,1,0,0,2020-06-28 18:45:56+02:00
1,1,1,1,0,0,2020-06-29 23:27:38+02:00
1,1,1,1,0,0,2020-07-01 22:25:36+02:00
0,0,0,0,0,0,2020-07-02 15:17:07+02:00
1,1,1,1,0,0,2020-07-06 17:43:29+02:00
0,0,0,0,0,0,2020-07-06 19:24:59+02:00
