Acquisition,Preparation,Modeling,Training,Evaluation,Prediction,time
0,0,0,0,0,0,2020-10-14 13:45:16+05:18
1,1,0,0,0,0,2020-10-14 13:46:19+05:18
0,0,0,0,0,0,2020-10-14 13:47:36+05:18
0,0,0,0,0,0,2020-10-14 13:48:12+05:18
0,0,0,0,0,0,2020-10-14 13:48:45+05:18
0,0,0,0,0,0,2020-10-18 20:14:23+05:18
0,0,0,0,0,0,2020-10-20 13:25:15+05:18
1,1,0,0,0,0,2020-11-07 18:29:17+05:18
0,0,0,0,0,0,2020-11-07 18:29:30+05:18
2,2,1,1,0,1,2020-11-07 18:31:02+05:18
0,0,0,0,0,0,2020-11-09 15:13:35+05:18
0,0,0,0,0,0,2020-11-09 15:14:44+05:18
0,0,0,0,0,0,2020-11-09 16:34:50+05:18
1,1,0,0,0,0,2020-11-09 17:54:59+05:18
1,1,0,0,0,0,2020-11-09 17:56:11+05:18
0,0,0,0,0,0,2020-11-09 19:42:33+05:18
0,0,0,0,0,0,2020-11-13 13:24:07+05:18
1,1,1,1,0,1,2020-11-13 13:25:25+05:18
0,0,0,0,0,0,2020-11-13 13:25:54+05:18
0,0,0,0,0,0,2020-11-13 13:27:32+05:18
0,0,0,0,0,0,2020-11-17 19:38:58+05:18
0,0,0,0,0,0,2020-11-17 19:41:32+05:18
0,0,0,0,0,0,2020-11-17 21:38:35+05:18
0,0,0,0,0,0,2020-11-17 21:39:21+05:18
0,0,0,0,0,0,2020-11-17 21:40:00+05:18
0,0,0,0,0,0,2020-11-17 21:40:26+05:18
0,0,0,0,0,0,2020-11-18 17:32:59+05:18
0,0,0,0,0,0,2020-11-18 20:33:55+05:18
0,0,0,0,0,0,2020-11-18 20:43:05+05:18
0,0,0,0,0,0,2020-11-18 22:15:51+05:18
0,0,0,0,0,0,2020-11-18 22:19:14+05:18
0,0,0,0,0,0,2020-11-18 22:20:47+05:18
0,0,0,0,0,0,2020-11-18 23:11:43+05:18
0,0,0,0,0,0,2020-11-19 12:56:59+05:18
0,0,0,0,0,0,2020-11-19 12:57:30+05:18
0,0,0,0,0,0,2020-11-19 14:22:20+05:18
0,0,0,0,0,0,2020-11-19 18:35:27+05:18
0,0,0,0,0,0,2020-11-19 19:46:57+05:18
0,0,0,0,0,0,2020-11-19 19:49:51+05:18
1,1,1,1,0,1,2020-11-19 21:25:20+05:18
0,0,0,0,0,0,2020-11-21 19:51:38+05:18
0,0,0,0,0,0,2020-11-25 13:34:35+05:18
0,0,0,0,0,0,2020-11-25 17:32:14+05:18
0,0,0,0,0,0,2020-11-27 22:48:11-05:00
1,1,1,1,0,1,2020-11-27 22:48:46-05:00
0,0,0,0,0,0,2020-11-27 22:49:14-05:00
1,1,1,1,0,1,2020-11-30 12:42:13+05:18
0,0,0,0,0,0,2020-11-30 13:18:33+05:18
0,0,0,0,0,0,2020-12-02 18:02:24+05:18
1,1,1,1,0,1,2020-12-02 18:02:57+05:18
1,1,1,1,0,1,2020-12-02 18:03:46+05:18
1,1,1,1,0,1,2020-12-02 18:04:21+05:18
1,1,1,1,0,1,2020-12-02 18:05:18+05:18
1,1,1,1,0,1,2020-12-02 18:06:09+05:18
0,0,0,0,0,0,2020-12-02 18:06:22+05:18
1,1,1,1,0,1,2020-12-02 18:08:41+05:18
0,0,0,0,0,0,2020-12-02 22:46:32+05:18
1,1,1,1,0,1,2020-12-02 13:46:48-05:00
0,0,0,0,0,0,2020-12-02 13:48:54-05:00
0,0,0,0,0,0,2020-12-02 13:55:46-05:00
1,1,1,1,0,1,2020-12-02 14:00:53-05:00
0,0,0,0,0,0,2020-12-03 09:32:17+05:18
0,0,0,0,0,0,2020-12-03 10:16:31+05:18
0,0,0,0,0,0,2020-12-03 10:27:00+05:18
0,0,0,0,0,0,2020-12-03 13:02:00+05:18
0,0,0,0,0,0,2020-12-03 13:04:12+05:18
0,0,0,0,0,0,2020-12-03 10:43:24-05:00
1,1,1,1,0,1,2020-12-05 21:49:12+05:18
0,0,0,0,0,0,2020-12-06 12:20:40+05:18
0,0,0,0,0,0,2020-12-06 12:26:54+05:18
0,0,0,0,0,0,2020-12-06 14:51:48+05:18
1,1,1,1,0,1,2020-12-06 16:11:58+05:18
0,0,0,0,0,0,2020-12-06 16:31:41+05:18
0,0,0,0,0,0,2020-12-06 17:18:16+05:18
0,0,0,0,0,0,2020-12-06 21:06:02+05:18
0,0,0,0,0,0,2020-12-06 21:09:03+05:18
1,1,1,1,0,1,2020-12-06 21:24:10+05:18
0,0,0,0,0,0,2020-12-06 21:25:49+05:18
1,1,1,1,0,1,2020-12-06 21:32:33+05:18
0,0,0,0,0,0,2020-12-07 06:39:17+05:18
0,0,0,0,0,0,2020-12-08 13:56:41+05:18
0,0,0,0,0,0,2020-12-08 13:57:09+05:18
1,1,0,0,0,0,2020-12-08 16:23:15+05:18
0,0,0,0,0,0,2020-12-08 18:55:17+05:18
1,1,1,1,0,1,2020-12-08 19:22:54+05:18
0,0,0,0,0,0,2020-12-08 19:36:36+05:18
0,0,0,0,0,0,2020-12-08 20:09:07+05:18
0,0,0,0,0,0,2020-12-08 20:11:21+05:18
0,0,0,0,0,0,2020-12-08 21:08:15+05:18
0,1,0,0,0,0,2020-12-09 19:42:51+05:18
0,0,0,0,0,0,2020-12-09 19:43:19+05:18
0,0,0,0,0,0,2020-12-09 20:09:21+05:18
0,1,0,1,0,0,2020-12-09 22:28:40+05:18
0,0,0,0,0,0,2020-12-10 20:25:30+05:18
0,0,0,0,0,0,2020-12-10 20:25:51+05:18
0,0,0,0,0,0,2020-12-10 20:26:12+05:18
0,0,0,0,0,0,2020-12-16 21:01:19+05:18
2,2,1,1,2,1,2020-12-17 09:50:49+05:18
0,0,0,0,0,0,2020-12-17 09:54:53+05:18
0,0,0,0,0,0,2020-12-17 10:06:48+05:18
0,0,0,0,0,0,2020-12-17 13:08:22+05:18
4,4,2,2,0,2,2020-12-20 12:04:21+05:18
0,0,0,0,0,0,2020-12-20 22:45:54+05:18
1,2,1,1,2,1,2020-12-22 17:03:58+05:18
0,0,0,0,0,0,2020-12-22 17:10:56+05:18
0,0,0,0,0,0,2020-12-22 17:11:29+05:18
0,0,0,0,0,0,2020-12-24 20:05:41+05:18
0,0,0,0,0,0,2020-12-27 11:30:08+05:18
0,0,0,0,0,0,2020-12-27 11:49:23+05:18
392,1772,248,31,140,39,2020-12-27 11:50:31+05:18
0,0,0,0,0,0,2020-12-27 11:50:50+05:18
0,0,0,0,0,0,2020-12-27 11:51:04+05:18
0,0,0,0,0,0,2020-12-27 11:51:17+05:18
0,0,0,0,0,0,2020-12-27 11:52:02+05:18
0,0,0,0,0,0,2020-12-27 11:53:08+05:18
1,2,1,1,0,1,2020-12-27 11:55:59+05:18
0,0,0,0,0,0,2020-12-27 11:57:06+05:18
394,1775,250,33,140,40,2020-12-27 12:03:28+05:18
2,3,1,1,0,1,2020-12-27 12:05:20+05:18
1,0,1,1,1,1,2020-12-30 15:02:48+05:18
0,0,0,0,0,0,2020-12-30 15:10:42+05:18
0,0,0,0,0,0,2020-12-30 15:12:00+05:18
0,0,0,0,0,0,2020-12-30 15:12:18+05:18
0,0,0,0,0,0,2020-12-31 15:28:31+05:18
0,0,0,0,0,0,2020-12-31 16:49:15+05:18
3,4,2,2,1,2,2021-01-03 18:39:11+05:18
4,4,2,2,1,2,2021-01-03 18:48:41+05:18
1,1,0,0,0,0,2021-01-05 19:35:36+05:18
0,0,0,0,0,0,2021-01-06 13:52:58+05:18
0,0,0,0,0,0,2021-01-07 13:03:11+05:18
0,0,0,0,0,0,2021-01-07 13:03:16+05:18
249,629,192,29,29,12,2021-01-08 14:26:07+05:18
0,0,0,0,0,0,2021-01-08 20:35:12+05:18
1,1,0,0,0,1,2021-01-08 23:27:42+05:18
0,0,0,0,0,0,2021-01-09 21:05:48+05:18
0,0,0,0,0,0,2021-01-09 21:14:26+05:18
0,0,0,0,0,0,2021-01-10 20:43:00+05:18
0,0,0,0,0,0,2021-01-11 00:07:14+05:18
0,0,0,0,0,0,2021-01-11 16:49:23+05:18
0,0,0,0,0,0,2021-01-13 12:08:44+05:18
0,0,0,0,0,0,2021-01-13 12:09:56+05:18
0,0,0,0,0,0,2021-01-13 12:55:49+05:18
0,0,0,0,0,0,2021-01-13 12:56:32+05:18
0,0,0,0,0,0,2021-01-13 14:29:19+05:18
0,0,0,0,0,0,2021-01-13 16:30:32+05:18
0,0,0,0,0,0,2021-01-13 18:25:56+05:18
0,0,0,0,0,0,2021-01-13 18:48:32+05:18
0,0,0,0,0,0,2021-01-13 18:51:29+05:18
0,0,0,0,0,0,2021-01-13 18:59:51+05:18
0,0,0,0,0,0,2021-01-13 23:24:24+05:18
2,2,2,2,2,2,2021-01-14 18:22:13+05:18
0,0,0,0,0,0,2021-01-14 18:24:14+05:18
2,2,2,2,2,2,2021-01-14 18:25:04+05:18
0,0,0,0,0,0,2021-01-14 18:30:16+05:18
0,0,0,0,0,0,2021-01-14 18:30:46+05:18
4,4,4,4,4,4,2021-01-15 12:35:26+05:18
2,2,2,2,2,2,2021-01-15 12:40:57+05:18
1,1,1,1,1,1,2021-01-15 12:42:04+05:18
0,0,0,0,0,0,2021-01-15 12:43:07+05:18
9,8,2,2,1,9,2021-01-15 13:39:28+05:18
1,1,1,1,1,1,2021-01-17 08:40:38+05:18
1,1,1,1,1,1,2021-01-17 08:41:22+05:18
1,1,1,1,1,1,2021-01-17 08:48:06+05:18
1,0,0,0,0,1,2021-01-17 08:52:07+05:18
6,5,1,1,0,3,2021-01-17 11:59:09+05:18
0,0,0,0,0,0,2021-01-17 11:59:21+05:18
8,8,3,3,1,4,2021-01-17 12:04:16+05:18
0,0,0,0,0,0,2021-01-17 12:10:31+05:18
1,1,1,1,0,1,2021-01-17 12:15:31+05:18
0,0,0,0,0,0,2021-01-17 20:04:27+05:18
0,2,0,0,0,0,2021-01-21 15:19:06+05:18
0,0,0,0,0,0,2021-01-21 15:19:36+05:18
13,14,3,5,2,6,2021-01-25 20:13:41+05:18
0,0,0,0,0,0,2021-01-25 20:50:58+05:18
7,7,0,0,0,2,2021-01-26 14:12:34+05:18
1,0,0,0,0,0,2021-01-26 14:38:47+05:18
