Acquisition,Preparation,Modeling,Training,Evaluation,Prediction,time
1,0,0,0,0,0,2020-04-09 11:27:28-05:00
1,1,0,0,0,0,2020-04-09 11:29:11-05:00
1,1,1,1,1,0,2020-04-09 11:33:23-05:00
0,0,0,0,0,0,2020-04-09 09:38:30-07:00
0,0,0,0,0,0,2020-04-09 09:39:22-07:00
1,1,0,0,0,0,2020-04-09 11:47:02-05:00
0,4,2,2,2,0,2020-04-09 10:06:12-07:00
0,0,0,0,0,0,2020-04-09 10:06:50-07:00
0,2,0,0,0,0,2020-04-09 10:08:10-07:00
2,3,1,1,1,0,2020-04-09 12:26:55-05:00
0,0,0,0,0,0,2020-04-09 12:31:33-05:00
0,0,0,0,0,0,2020-04-09 12:32:12-05:00
0,1,1,1,1,0,2020-04-10 12:36:03-05:00
0,2,0,0,0,0,2020-04-10 14:22:10-07:00
0,2,0,0,0,0,2020-04-10 14:36:13-07:00
0,0,0,0,0,0,2020-04-10 14:37:00-07:00
0,1,1,0,0,0,2020-04-13 16:33:28-05:00
0,1,1,0,0,0,2020-04-13 17:19:53-05:00
0,0,0,0,0,0,2020-04-13 21:10:24-05:00
0,2,1,1,0,0,2020-04-14 10:07:48-07:00
0,0,1,1,0,0,2020-04-14 15:57:52-07:00
0,2,0,0,0,0,2020-04-14 21:20:19-07:00
0,2,2,2,1,1,2020-04-15 16:15:36-05:00
0,4,2,3,1,2,2020-04-15 14:37:24-07:00
0,0,0,0,0,0,2020-04-15 14:38:37-07:00
0,2,0,2,0,2,2020-04-15 16:23:39-07:00
3,3,0,2,0,2,2020-04-16 16:08:09-07:00
0,1,1,1,1,0,2020-04-16 17:04:58-07:00
0,2,2,0,0,0,2020-04-17 08:33:55-05:00
0,0,0,0,0,0,2020-04-17 08:34:09-05:00
0,0,0,0,0,0,2020-04-17 12:42:05-05:00
0,1,1,1,1,0,2020-04-17 14:04:02-05:00
97,216,72,2,7,2,2020-04-17 12:29:15-07:00
0,0,0,0,0,0,2020-04-17 13:00:57-07:00
0,0,0,0,0,0,2020-04-17 15:41:41-05:00
1,1,0,0,0,0,2020-04-17 15:49:55-05:00
0,0,0,0,0,0,2020-04-17 14:16:11-07:00
1,1,0,0,0,0,2020-04-17 16:27:29-05:00
0,0,0,0,0,0,2020-04-17 16:27:47-05:00
0,1,1,0,0,0,2020-04-17 15:14:35-07:00
0,0,0,0,0,0,2020-04-17 17:37:01-05:00
0,0,0,0,0,0,2020-04-17 17:37:09-05:00
0,1,1,1,1,0,2020-04-17 22:08:57-05:00
0,1,1,1,0,1,2020-04-17 22:16:26-05:00
0,2,2,0,0,0,2020-04-18 09:40:40-05:00
0,0,0,0,0,0,2020-04-18 09:40:48-05:00
1,1,0,0,0,0,2020-04-18 09:44:47-05:00
1,0,0,0,0,0,2020-04-18 11:18:52-07:00
0,0,0,0,0,0,2020-04-18 14:05:32-05:00
0,0,0,0,0,0,2020-04-18 17:29:43-05:00
2,1,0,0,0,0,2020-04-18 15:47:38-07:00
2,2,0,0,0,1,2020-04-18 16:12:23-07:00
0,0,0,0,0,0,2020-04-18 18:19:05-05:00
0,0,0,0,0,0,2020-04-18 23:19:27+00:00
0,0,0,0,0,0,2020-04-18 18:34:39-05:00
0,0,0,0,0,0,2020-04-18 22:29:03-05:00
2,2,0,0,0,1,2020-04-18 22:26:33-07:00
0,0,0,0,0,0,2020-04-19 10:45:14-05:00
1,1,0,0,0,1,2020-04-19 09:15:48-07:00
0,0,0,0,0,0,2020-04-19 11:37:02-05:00
0,0,0,0,0,0,2020-04-19 11:37:12-05:00
0,0,0,0,0,0,2020-04-19 11:39:07-05:00
1,1,0,0,0,1,2020-04-19 11:39:46-05:00
0,0,0,0,0,0,2020-04-19 11:39:51-05:00
0,0,0,0,0,0,2020-04-19 12:16:46-05:00
0,0,0,0,0,0,2020-04-19 12:17:04-05:00
0,0,0,0,0,0,2020-04-19 12:21:09-05:00
0,0,0,0,0,0,2020-04-19 12:27:25-05:00
0,0,0,0,0,0,2020-04-19 13:43:36-05:00
0,0,0,0,0,0,2020-04-19 14:44:18-05:00
0,0,0,0,0,0,2020-04-19 15:34:04-05:00
