Acquisition,Preparation,Modeling,Training,Evaluation,Prediction,time
0,0,0,0,0,0,2020-04-16 13:56:47+02:00
1,4,2,0,0,0,2020-04-19 22:02:35+02:00
1,1,0,0,0,0,2020-04-19 22:37:28+02:00
0,1,1,0,0,0,2020-04-19 22:51:22+02:00
0,1,1,0,0,0,2020-04-19 23:24:32+02:00
0,0,0,0,0,0,2020-04-19 23:25:46+02:00
0,0,0,0,0,0,2020-04-19 23:32:14+02:00
1,1,0,0,0,0,2020-04-20 09:47:01+02:00
0,1,1,0,0,0,2020-04-20 09:47:25+02:00
1,1,0,0,0,0,2020-04-20 09:55:45+02:00
1,1,1,0,0,0,2020-04-20 13:24:11+02:00
0,1,2,0,0,0,2020-04-20 16:38:04+02:00
0,0,0,0,0,0,2020-04-21 19:40:44+05:18
0,0,0,0,0,0,2020-04-21 19:41:03+05:18
1,1,1,0,0,1,2020-04-21 17:29:53+02:00
1,2,1,0,0,1,2020-04-21 18:00:52+02:00
0,0,0,0,0,0,2020-04-21 20:30:18+02:00
0,0,0,0,0,0,2020-04-21 20:39:42+02:00
0,0,0,0,0,0,2020-04-21 20:41:16+02:00
1,2,1,0,0,1,2020-04-21 20:45:25+02:00
1,1,0,0,0,1,2020-04-21 21:07:09+02:00
0,1,1,0,0,0,2020-04-22 11:49:17+02:00
0,0,0,0,0,0,2020-04-22 12:22:45+02:00
0,1,1,0,0,0,2020-04-22 13:13:32+02:00
0,1,0,0,0,1,2020-04-22 16:54:42+02:00
0,1,1,1,1,0,2020-04-22 21:11:28+02:00
0,1,0,0,1,0,2020-04-23 16:12:19+05:18
0,0,0,0,0,0,2020-04-23 16:12:56+05:18
0,0,0,0,0,0,2020-04-23 16:19:32+05:18
1,1,0,0,0,1,2020-04-23 13:22:27+02:00
0,2,2,1,1,0,2020-04-23 14:29:56+02:00
0,1,0,0,1,0,2020-04-23 17:48:37+05:18
0,0,0,0,0,0,2020-04-23 17:49:05+05:18
0,0,0,0,0,0,2020-04-23 14:32:23+02:00
0,1,0,0,1,0,2020-04-23 18:09:49+05:18
1,1,0,0,0,1,2020-04-23 14:53:16+02:00
0,1,1,1,1,0,2020-04-23 20:01:48+05:18
0,1,1,1,1,0,2020-04-23 20:08:02+05:18
0,2,2,2,2,0,2020-04-23 20:14:01+05:18
0,2,1,1,3,0,2020-04-23 20:43:28+05:18
0,0,0,0,1,0,2020-04-23 20:44:17+05:18
0,1,0,0,1,0,2020-04-23 20:44:28+05:18
1,3,2,0,0,1,2020-04-23 17:53:02+02:00
0,0,0,0,0,0,2020-04-23 17:54:48+02:00
0,0,0,0,0,0,2020-04-23 17:58:02+02:00
0,0,0,0,0,0,2020-04-23 17:59:58+02:00
0,0,0,0,0,0,2020-04-23 16:00:24+00:00
0,0,0,0,0,0,2020-04-23 18:12:30+02:00
0,1,0,0,1,0,2020-04-23 13:17:00-04:00
1,1,0,0,0,1,2020-04-23 22:28:57+02:00
0,0,0,0,0,0,2020-04-23 22:54:37+02:00
0,2,1,1,1,0,2020-04-23 21:40:41-04:00
1,1,0,0,0,1,2020-04-24 10:46:31+02:00
0,1,1,0,0,0,2020-04-24 10:55:52+02:00
0,2,1,1,1,0,2020-04-24 11:06:54+02:00
0,0,0,0,0,0,2020-04-24 11:07:44+02:00
0,0,0,0,0,0,2020-04-24 11:08:47+02:00
0,0,0,0,0,0,2020-04-24 11:10:08+02:00
0,1,1,1,1,0,2020-04-24 12:27:03+02:00
1,3,2,0,0,1,2020-04-23 17:53:02+02:00
1,1,0,0,0,1,2020-04-23 22:28:57+02:00
0,0,0,0,0,0,2020-04-23 22:54:37+02:00
1,1,0,0,0,1,2020-04-24 10:46:31+02:00
0,1,1,0,0,0,2020-04-24 10:55:52+02:00
0,1,1,1,1,0,2020-04-24 12:27:03+02:00
0,0,0,0,0,0,2020-04-24 13:19:11+02:00
0,1,0,0,0,1,2020-04-24 13:35:43+02:00
0,1,0,0,1,0,2020-04-24 07:36:04-04:00
0,1,0,0,1,0,2020-04-24 09:05:11-04:00
0,0,0,0,0,0,2020-04-24 09:05:43-04:00
0,0,0,0,0,0,2020-04-24 09:09:34-04:00
0,0,0,0,0,0,2020-04-24 09:11:36-04:00
0,1,1,1,1,0,2020-04-24 15:35:50+02:00
1,1,0,0,0,1,2020-04-24 17:11:57+02:00
0,1,1,0,0,0,2020-04-24 17:17:27+02:00
0,0,0,0,0,0,2020-04-24 20:22:29+02:00
1,2,1,0,0,1,2020-04-25 10:03:35+02:00
0,1,1,1,1,0,2020-04-25 15:59:47+02:00
2,1,0,0,0,1,2020-04-25 16:02:38+02:00
0,0,0,0,0,0,2020-04-25 16:57:18+02:00
0,2,2,0,0,0,2020-04-25 18:56:23+02:00
0,0,0,0,0,0,2020-04-25 19:00:53+02:00
0,0,0,0,0,0,2020-04-25 19:08:21+02:00
1,1,0,0,1,0,2020-04-25 14:04:38-04:00
1,1,0,0,1,0,2020-04-25 14:31:00-04:00
1,0,0,0,1,0,2020-04-25 21:05:23+02:00
2,0,0,0,1,0,2020-04-25 15:08:59-04:00
1,0,0,0,0,0,2020-04-25 15:13:20-04:00
1,1,0,0,0,1,2020-04-25 22:32:10+02:00
0,0,0,0,0,0,2020-04-25 22:54:58+02:00
1,3,1,0,0,2,2020-04-26 00:36:30+02:00
0,1,0,0,0,0,2020-04-26 01:17:38+02:00
0,1,0,0,0,1,2020-04-26 11:52:08+02:00
1,1,0,0,0,1,2020-04-26 13:10:43+02:00
0,0,0,0,0,0,2020-04-26 16:22:39+02:00
1,1,1,0,0,0,2020-04-26 19:24:27+02:00
0,0,0,0,0,0,2020-04-26 19:28:42+02:00
1,2,2,0,0,0,2020-04-26 20:26:10+02:00
0,0,0,0,0,0,2020-04-26 16:06:54-04:00
0,0,0,0,0,0,2020-04-26 22:38:30+02:00
2,0,0,0,1,0,2020-04-26 17:45:22-04:00
0,1,0,0,0,0,2020-04-26 17:45:48-04:00
0,3,0,0,0,0,2020-04-26 17:50:40-04:00
0,1,0,0,0,0,2020-04-26 17:53:26-04:00
0,0,0,0,0,0,2020-04-26 18:02:19-04:00
0,1,0,0,0,0,2020-04-26 18:36:50-04:00
0,1,0,0,0,0,2020-04-26 19:02:59-04:00
0,0,0,0,0,0,2020-04-26 19:23:35-04:00
1,1,0,0,0,0,2020-04-26 19:24:30-04:00
1,2,0,0,0,0,2020-04-26 21:55:50-04:00
2,2,0,0,1,0,2020-04-26 23:08:16-04:00
1,0,0,0,1,0,2020-04-26 23:09:22-04:00
0,0,0,0,0,0,2020-04-26 23:38:29-04:00
0,1,0,0,0,0,2020-04-27 01:44:52-04:00
0,0,0,0,0,0,2020-04-27 01:53:18-04:00
1,2,0,0,0,0,2020-04-26 23:59:44-04:00
1,2,0,0,0,0,2020-04-27 01:33:47-04:00
1,1,0,0,0,0,2020-04-27 02:12:55-04:00
2,1,0,0,0,0,2020-04-27 02:22:59-04:00
0,1,0,0,0,0,2020-04-27 12:26:43+02:00
0,1,0,0,0,0,2020-04-27 12:27:53+02:00
1,1,0,0,0,1,2020-04-27 17:36:59+05:18
0,1,1,1,1,0,2020-04-27 14:30:40+02:00
0,0,0,0,0,0,2020-04-27 14:32:35+02:00
1,1,0,0,1,0,2020-04-27 09:50:58-04:00
0,0,0,0,0,0,2020-04-27 16:32:36+02:00
1,1,0,0,0,1,2020-04-27 17:18:16+02:00
2,1,0,0,0,1,2020-04-27 20:48:07+02:00
1,1,0,0,1,0,2020-04-27 14:58:30-04:00
0,0,0,0,1,0,2020-04-27 14:59:02-04:00
0,0,0,0,0,0,2020-04-27 14:59:22-04:00
0,0,0,0,0,0,2020-04-27 14:59:53-04:00
1,1,0,0,1,0,2020-04-27 15:35:38-04:00
1,1,0,0,0,1,2020-04-27 15:36:29-04:00
1,1,0,0,1,0,2020-04-27 15:36:51-04:00
0,0,0,0,0,0,2020-04-27 16:01:15-04:00
0,0,0,0,0,0,2020-04-27 16:45:09-04:00
0,0,0,0,0,0,2020-04-27 16:47:52-04:00
0,0,0,0,0,0,2020-04-27 17:15:02-04:00
0,0,0,0,0,0,2020-04-27 19:58:51-04:00
0,1,0,0,0,0,2020-04-27 20:58:34-04:00
0,1,0,0,2,0,2020-04-28 04:58:01+02:00
2,4,0,0,0,0,2020-04-27 23:13:57-04:00
1,1,1,0,0,0,2020-04-28 05:20:51+02:00
0,0,1,0,0,0,2020-04-28 05:30:04+02:00
0,0,0,0,0,0,2020-04-28 05:38:06+02:00
0,0,0,0,0,0,2020-04-28 05:38:18+02:00
0,1,0,0,1,0,2020-04-28 06:11:57+02:00
0,1,1,0,1,0,2020-04-28 06:55:29+02:00
0,0,0,0,0,0,2020-04-28 06:57:20+02:00
1,0,0,0,1,0,2020-04-28 07:03:05+02:00
0,1,1,0,0,0,2020-04-28 07:23:31+02:00
0,2,1,0,1,0,2020-04-28 07:42:14+02:00
0,1,0,1,1,0,2020-04-28 07:45:37+02:00
0,0,0,0,0,0,2020-04-28 07:53:32+02:00
0,0,0,0,0,0,2020-04-28 07:54:37+02:00
0,0,0,0,0,0,2020-04-28 09:24:46+02:00
0,1,0,0,0,0,2020-04-28 09:27:31+02:00
0,0,0,0,0,0,2020-04-28 12:48:48+05:18
0,1,0,1,1,0,2020-04-28 09:44:11+02:00
0,1,0,1,1,0,2020-04-28 10:07:02+02:00
1,2,0,0,1,1,2020-04-27 15:36:29-04:00
0,1,0,1,1,0,2020-04-28 11:47:59+02:00
0,1,0,1,1,0,2020-04-28 12:27:54+02:00
0,0,0,0,0,0,2020-04-28 12:33:10+02:00
0,0,0,0,0,0,2020-04-28 12:33:28+02:00
1,1,0,0,0,1,2020-04-28 14:38:21+02:00
0,1,1,0,0,0,2020-04-28 08:50:50-04:00
1,1,0,0,0,1,2020-04-28 14:56:41+02:00
0,0,1,0,0,0,2020-04-28 14:58:29+02:00
0,0,0,0,0,0,2020-04-28 15:00:06+02:00
0,0,0,0,0,0,2020-04-28 09:43:00-04:00
0,1,0,0,0,0,2020-04-28 11:00:08-04:00
0,0,0,0,0,0,2020-04-28 11:19:32-04:00
0,0,0,0,0,0,2020-04-28 11:19:56-04:00
0,0,0,0,0,0,2020-04-28 19:05:10+02:00
1,3,0,0,0,0,2020-04-28 13:40:28-04:00
1,1,0,0,0,0,2020-04-28 14:03:15-04:00
1,3,0,0,0,0,2020-04-28 14:45:56-04:00
0,0,0,0,0,0,2020-04-28 15:07:40-04:00
1,1,0,0,0,0,2020-04-28 15:36:36-04:00
0,0,0,0,0,0,2020-04-28 15:40:36-04:00
0,2,0,0,0,0,2020-04-28 15:47:42-04:00
0,0,0,0,0,0,2020-04-28 16:58:48-04:00
1,1,0,0,0,0,2020-04-28 17:15:45-04:00
0,0,0,0,0,0,2020-04-28 17:26:40-04:00
0,0,0,0,0,0,2020-04-28 17:50:03-04:00
0,0,0,0,0,0,2020-04-28 19:41:09-04:00
0,0,0,0,0,0,2020-04-28 19:41:39-04:00
0,0,0,0,0,0,2020-04-28 20:45:08-04:00
2,1,0,0,0,0,2020-04-28 20:12:54-04:00
1,1,0,0,0,0,2020-04-28 21:07:09-04:00
0,0,0,0,0,0,2020-04-28 21:23:18-04:00
0,0,0,0,0,0,2020-04-28 21:46:33-04:00
0,1,0,0,0,0,2020-04-28 22:03:14-04:00
1,2,0,0,0,0,2020-04-29 00:42:49-04:00
0,2,0,0,0,0,2020-04-29 02:18:25-04:00
0,1,0,0,0,0,2020-04-29 02:21:17-04:00
0,0,0,0,0,0,2020-04-29 03:27:14-04:00
0,0,0,0,0,0,2020-04-29 11:14:10+02:00
0,1,0,0,0,0,2020-04-29 11:14:41+02:00
0,1,0,0,0,0,2020-04-29 12:00:24+02:00
1,2,0,0,1,1,2020-04-29 16:27:07+02:00
1,2,0,0,0,0,2020-04-29 10:31:23-04:00
1,1,0,0,1,0,2020-04-29 10:54:19-04:00
0,2,1,0,0,1,2020-04-29 18:03:24+02:00
0,1,0,0,1,0,2020-04-29 19:42:53+02:00
0,0,0,0,0,0,2020-04-29 19:43:18+02:00
0,0,0,0,0,0,2020-04-29 19:53:14+02:00
0,0,0,0,0,0,2020-04-29 20:07:55+02:00
1,1,0,0,0,1,2020-04-29 20:11:32+02:00
0,0,1,0,0,0,2020-04-29 20:27:14+02:00
1,1,0,0,0,0,2020-04-29 15:14:27-04:00
1,1,0,0,0,0,2020-04-29 15:21:56-04:00
1,1,0,0,1,0,2020-04-29 16:05:08-04:00
1,2,0,0,1,1,2020-04-29 22:18:38+02:00
1,1,0,0,0,0,2020-04-29 16:46:26-04:00
0,0,0,0,0,0,2020-04-29 16:49:08-04:00
2,2,0,0,1,0,2020-04-29 16:51:27-04:00
1,1,0,0,0,1,2020-04-29 23:21:45+02:00
0,2,0,0,0,0,2020-04-29 20:52:12-04:00
2,1,0,0,1,0,2020-04-29 21:04:28-04:00
0,0,0,0,0,0,2020-04-30 15:55:14+05:18
0,0,0,0,0,0,2020-04-30 13:53:16+02:00
0,1,0,0,1,0,2020-04-30 14:03:16+02:00
0,0,0,0,0,0,2020-04-30 15:03:09+02:00
0,0,0,0,0,0,2020-04-30 09:40:20-04:00
0,0,0,0,0,0,2020-04-30 09:48:57-04:00
0,0,0,0,0,0,2020-04-30 13:54:50-04:00
2,8,2,1,2,2,2020-04-30 17:21:42-04:00
1,0,0,0,0,0,2020-04-30 17:23:08-04:00
0,0,0,0,0,0,2020-04-30 18:22:18-04:00
3,2,0,0,1,1,2020-04-30 19:49:35-04:00
0,1,0,1,1,0,2020-05-01 03:06:01+02:00
0,0,0,0,0,0,2020-05-01 03:09:56+02:00
0,0,0,0,0,0,2020-05-01 03:14:56+02:00
0,0,0,0,0,0,2020-05-01 03:20:16+02:00
0,0,0,0,0,0,2020-05-01 03:27:32+02:00
1,1,0,0,0,0,2020-04-30 21:28:27-04:00
1,2,0,0,0,0,2020-04-30 23:14:56-04:00
0,0,0,0,0,0,2020-05-01 11:26:24+02:00
0,1,0,1,1,0,2020-05-01 11:28:21+02:00
0,0,0,0,0,0,2020-05-01 11:37:44+02:00
0,0,0,0,0,0,2020-05-01 15:54:09+02:00
1,1,0,0,0,0,2020-05-01 17:27:51-04:00
1,2,0,0,0,0,2020-05-01 20:42:54-04:00
2,2,0,0,1,1,2020-05-02 12:22:48+02:00
0,0,0,0,0,0,2020-05-02 12:55:01+02:00
0,0,0,0,0,0,2020-05-02 12:58:38+02:00
1,1,0,0,0,1,2020-05-02 13:55:08+02:00
0,2,0,1,1,0,2020-05-02 20:15:46+02:00
1,0,0,0,1,0,2020-05-02 20:19:49+02:00
0,0,0,0,0,0,2020-05-02 20:33:51+02:00
0,0,0,0,0,0,2020-05-02 20:38:30+02:00
0,0,0,0,0,0,2020-05-02 20:47:39+02:00
0,0,0,0,0,0,2020-05-02 20:53:01+02:00
4,6,2,1,4,1,2020-05-02 21:10:26+02:00
0,0,0,0,0,0,2020-05-02 21:11:24+02:00
0,0,0,0,0,0,2020-05-02 21:14:31+02:00
0,0,0,0,0,0,2020-05-02 21:22:31+02:00
0,1,0,0,0,0,2020-05-03 11:05:19+02:00
1,1,0,0,0,0,2020-05-04 11:31:18-04:00
