Acquisition,Preparation,Modeling,Training,Evaluation,Prediction,time
0,0,0,0,0,0,2020-03-15 20:32:58+05:18
3,1,0,3,0,3,2020-03-15 20:34:37+05:18
0,0,0,0,0,0,2020-03-15 20:35:35+05:18
0,0,0,0,0,0,2020-03-15 21:04:48+05:18
0,0,0,0,0,0,2020-03-15 21:36:50+05:18
1,0,0,1,0,1,2020-03-15 21:52:21+05:18
0,0,0,0,0,0,2020-03-20 10:12:52+05:18
0,0,0,0,0,0,2020-03-20 10:22:15+05:18
0,0,0,0,0,0,2020-03-20 10:29:37+05:18
0,0,0,0,0,0,2020-03-20 11:35:31+05:18
0,0,0,0,0,0,2020-03-20 11:44:31+05:18
0,0,0,0,0,0,2020-03-20 11:49:45+05:18
0,0,0,0,0,0,2020-03-20 11:54:56+05:18
1,0,0,1,0,1,2020-03-20 11:55:31+05:18
0,0,0,0,0,0,2020-03-20 11:58:52+05:18
0,0,0,0,0,0,2020-03-20 12:18:00+05:18
1,0,0,1,0,1,2020-03-20 12:31:19+05:18
0,0,0,0,0,0,2020-03-20 12:32:07+05:18
1,0,0,1,0,1,2020-03-20 12:32:34+05:18
0,0,0,0,0,0,2020-03-20 12:33:01+05:18
1,0,0,1,0,1,2020-03-20 12:33:28+05:18
1,0,0,1,0,1,2020-03-20 12:33:59+05:18
3,1,0,3,0,3,2020-03-20 12:38:27+05:18
0,0,0,0,0,0,2020-03-20 12:39:18+05:18
0,0,0,0,0,0,2020-03-20 12:43:21+05:18
0,0,0,0,0,0,2020-03-20 12:43:42+05:18
0,0,0,0,0,0,2020-03-20 12:48:10+05:18
0,0,0,0,0,0,2020-03-29 21:12:44+05:18
0,0,0,0,0,0,2020-03-29 21:22:33+05:18
0,0,0,0,0,0,2020-03-29 21:25:04+05:18
0,0,0,0,0,0,2020-03-29 21:27:03+05:18
1,1,0,2,0,2,2020-03-29 21:33:34+05:18
0,0,0,0,0,0,2020-03-29 21:39:37+05:18
2,1,0,3,0,3,2020-03-30 00:27:52+05:18
0,0,0,0,0,0,2020-05-01 19:35:26+05:18
1,0,0,1,0,1,2020-05-01 20:39:34+05:18
1,0,0,1,0,1,2020-05-01 20:40:52+05:18
0,0,0,0,0,0,2020-05-01 20:58:05+05:18
0,0,0,0,0,0,2020-05-01 22:07:30+05:18
0,0,0,0,0,0,2020-05-01 22:16:46+05:18
0,0,0,0,0,0,2020-05-01 22:25:58+05:18
0,0,0,0,0,0,2020-05-01 22:35:37+05:18
0,0,0,0,0,0,2020-05-01 22:35:47+05:18
0,0,0,0,0,0,2020-05-01 22:36:00+05:18
0,0,0,0,0,0,2020-05-01 22:36:10+05:18
0,0,0,0,0,0,2020-05-01 22:36:20+05:18
0,0,0,0,0,0,2020-05-01 22:36:50+05:18
0,0,0,0,0,0,2020-05-01 22:37:00+05:18
0,0,0,0,0,0,2020-05-01 22:37:53+05:18
0,0,0,0,0,0,2020-05-01 22:38:02+05:18
0,0,0,0,0,0,2020-05-01 22:38:10+05:18
0,0,0,0,0,0,2020-05-01 22:38:48+05:18
0,0,0,0,0,0,2020-05-01 22:38:59+05:18
0,0,0,0,0,0,2020-05-01 22:39:10+05:18
0,0,0,0,0,0,2020-05-01 22:39:22+05:18
0,0,0,0,0,0,2020-05-01 22:39:37+05:18
0,0,0,0,0,0,2020-05-01 22:39:49+05:18
0,0,0,0,0,0,2020-05-01 22:39:58+05:18
0,0,0,0,0,0,2020-05-01 22:40:07+05:18
