Acquisition,Preparation,Modeling,Training,Evaluation,Prediction,time
0,0,0,0,0,0,2021-07-06 11:12:42+03:00
1,0,1,0,0,0,2021-07-06 11:15:23+03:00
0,0,0,0,0,0,2021-07-06 11:18:12+03:00
1,1,0,0,0,0,2021-07-06 11:22:28+03:00
2,1,3,1,1,0,2021-07-10 20:05:21+03:00
3,1,4,1,1,0,2021-07-12 13:52:11+03:00
0,0,0,0,0,0,2021-07-13 08:22:56+03:00
0,0,0,0,0,0,2021-07-13 08:35:36+03:00
0,0,0,0,0,0,2021-07-13 09:14:30+03:00
0,0,0,0,0,0,2021-07-13 09:41:30+03:00
2,2,1,1,0,1,2021-07-13 12:20:07+03:00
0,0,0,0,0,0,2021-07-13 12:20:22+03:00
0,1,1,1,0,0,2021-07-14 12:45:06+03:00
2,1,0,0,0,1,2021-07-14 14:19:58+03:00
0,1,1,1,0,0,2021-07-14 14:31:51+03:00
0,1,1,1,0,0,2021-07-18 12:07:54+03:00
0,1,1,1,0,0,2021-07-18 14:28:41+03:00
0,0,0,0,0,0,2021-07-19 10:55:31+03:00
0,0,0,0,0,0,2021-07-19 13:56:12+03:00
0,0,0,0,0,0,2021-07-19 13:58:18+03:00
0,0,0,0,0,0,2021-07-19 14:04:36+03:00
0,0,0,0,0,0,2021-07-19 14:11:24+03:00
0,0,0,0,0,0,2021-07-19 14:18:14+03:00
0,0,0,0,0,0,2021-07-19 18:40:20+03:00
0,0,0,0,0,0,2021-07-19 18:42:43+03:00
0,0,0,0,0,0,2021-07-19 18:43:54+03:00
0,0,0,0,0,0,2021-07-19 18:45:04+03:00
0,0,0,0,0,0,2021-07-19 18:47:32+03:00
0,0,0,0,0,0,2021-07-19 19:18:28+03:00
0,0,0,0,0,0,2021-07-19 21:14:32+03:00
0,0,0,0,0,0,2021-07-19 21:19:25+03:00
0,0,0,0,0,0,2021-07-20 08:07:39+03:00
0,0,0,0,0,0,2021-07-20 08:08:45+03:00
0,0,0,0,0,0,2021-07-20 08:47:16+03:00
1,1,1,1,1,0,2021-07-20 08:50:26+03:00
1,1,1,1,1,0,2021-07-20 08:51:28+03:00
2,1,1,0,0,0,2021-07-20 08:53:04+03:00
0,0,0,0,0,0,2021-07-20 08:53:56+03:00
0,0,0,0,0,0,2021-07-20 11:11:50+03:00
0,0,0,0,0,0,2021-07-20 11:14:30+03:00
0,0,0,0,0,0,2021-07-20 11:17:12+03:00
0,0,0,0,0,0,2021-07-20 13:58:39+03:00
0,0,0,0,0,0,2021-07-20 14:02:13+03:00
0,0,0,0,0,0,2021-07-20 14:03:51+03:00
0,0,0,0,0,0,2021-07-20 19:00:08+03:00
0,0,0,0,0,0,2021-07-20 19:28:55+03:00
0,0,0,0,0,0,2021-07-20 19:31:26+03:00
0,0,0,0,0,0,2021-07-20 19:31:55+03:00
0,0,0,0,0,0,2021-07-27 07:44:50+03:00
0,0,0,0,0,0,2021-07-27 07:45:14+03:00
0,0,0,0,0,0,2021-07-27 09:21:38+03:00
0,0,0,0,0,0,2021-07-27 09:39:54+03:00
0,0,0,0,0,0,2021-07-27 12:04:17+03:00
0,0,0,0,0,0,2021-07-27 12:15:40+03:00
0,0,0,0,0,0,2021-07-27 12:17:12+03:00
0,0,0,0,0,0,2021-07-27 12:25:36+03:00
0,0,0,0,0,0,2021-07-27 12:28:38+03:00
0,0,0,0,0,0,2021-07-27 13:05:41+03:00
0,0,0,0,0,0,2021-07-27 13:51:18+03:00
0,0,0,0,0,0,2021-07-27 13:52:01+03:00
0,0,0,0,0,0,2021-07-27 19:31:44+03:00
0,0,0,0,0,0,2021-07-27 19:52:34+03:00
0,0,0,0,0,0,2021-07-27 19:59:19+03:00
0,0,0,0,0,0,2021-07-27 20:01:47+03:00
0,0,0,0,0,0,2021-07-27 20:06:08+03:00
0,0,0,0,0,0,2021-07-27 20:07:20+03:00
0,0,0,0,0,0,2021-07-27 20:08:28+03:00
0,0,0,0,0,0,2021-07-27 20:12:11+03:00
0,0,0,0,0,0,2021-07-27 20:12:20+03:00
0,0,0,0,0,0,2021-07-27 20:17:31+03:00
0,0,0,0,0,0,2021-07-27 20:17:40+03:00
0,0,0,0,0,0,2021-07-27 20:24:32+03:00
0,0,0,0,0,0,2021-07-28 07:21:58+03:00
1,1,2,2,2,0,2021-07-28 13:23:05+03:00
1,1,2,1,1,0,2021-07-28 13:31:35+03:00
2,0,3,0,0,0,2021-07-28 18:58:53+03:00
6,4,7,4,3,0,2021-07-28 20:48:46+03:00
1,0,3,2,2,0,2021-07-28 21:01:58+03:00
5,5,10,5,4,0,2021-07-29 08:35:42+03:00
0,0,0,0,0,0,2021-07-29 08:36:03+03:00
1,0,1,0,1,0,2021-07-29 08:39:12+03:00
0,0,0,0,0,0,2021-07-29 09:31:44+03:00
0,0,0,0,0,0,2021-07-29 09:51:51+03:00
0,0,0,0,0,0,2021-07-29 09:55:31+03:00
0,0,0,0,0,0,2021-07-29 10:00:54+03:00
3,3,3,2,0,1,2021-07-29 14:54:22+03:00
0,0,0,0,0,0,2021-07-29 14:54:26+03:00
1,1,1,0,0,0,2021-07-29 18:20:36+03:00
0,0,1,1,0,0,2021-07-29 18:21:31+03:00
0,0,0,0,0,0,2021-07-29 18:34:29+03:00
1,1,0,0,0,0,2021-07-29 18:39:04+03:00
0,0,0,0,0,0,2021-07-29 18:40:04+03:00
0,0,0,0,0,0,2021-07-29 18:42:08+03:00
0,0,0,0,0,0,2021-07-29 18:43:22+03:00
0,0,2,1,0,0,2021-07-29 19:35:31+03:00
0,0,0,0,0,0,2021-07-29 19:35:35+03:00
0,0,0,0,0,0,2021-07-29 19:35:45+03:00
0,0,1,0,0,0,2021-07-29 19:37:25+03:00
0,0,0,0,0,0,2021-07-29 19:37:32+03:00
0,0,0,0,0,0,2021-07-29 19:45:38+03:00
0,0,0,0,0,0,2021-07-29 20:45:49+03:00
0,0,0,0,0,0,2021-07-29 20:48:00+03:00
0,0,0,0,0,0,2021-07-29 21:22:52+03:00
2,3,2,1,0,0,2021-07-29 21:55:03+03:00
0,0,0,0,0,0,2021-07-29 21:55:09+03:00
0,0,0,0,0,0,2021-07-29 21:58:11+03:00
0,0,0,0,0,0,2021-07-30 08:12:04+03:00
0,0,1,1,0,0,2021-07-30 09:01:49+03:00
0,0,0,0,0,0,2021-07-30 09:01:52+03:00
0,0,0,0,0,0,2021-07-30 09:03:30+03:00
0,0,0,0,0,0,2021-07-30 11:44:09+03:00
0,0,0,0,0,0,2021-07-30 12:50:53+03:00
0,0,0,0,0,0,2021-07-30 13:46:04+03:00
0,0,0,0,0,0,2021-07-30 13:48:31+03:00
0,0,2,1,0,0,2021-07-30 13:49:52+03:00
0,0,0,0,0,0,2021-07-30 14:17:41+03:00
0,0,0,0,0,0,2021-07-30 14:20:42+03:00
0,0,0,0,0,0,2021-07-30 14:24:19+03:00
0,0,2,1,0,0,2021-07-30 14:25:20+03:00
0,0,0,0,0,0,2021-07-30 14:28:54+03:00
0,0,1,1,0,0,2021-07-30 14:29:29+03:00
0,0,0,0,0,0,2021-07-30 14:29:37+03:00
0,0,2,1,0,0,2021-07-30 15:05:49+03:00
0,0,0,0,0,0,2021-07-30 15:05:58+03:00
0,0,1,1,0,0,2021-07-30 18:43:56+03:00
0,0,0,0,0,0,2021-07-30 18:44:00+03:00
0,0,0,0,0,0,2021-07-30 18:44:09+03:00
0,0,0,0,0,0,2021-07-30 19:38:44+03:00
0,0,0,0,0,0,2021-07-30 19:39:25+03:00
2,3,2,1,0,0,2021-07-30 19:41:18+03:00
0,0,0,0,0,0,2021-07-30 19:43:33+03:00
0,0,0,0,0,0,2021-07-30 19:44:21+03:00
0,0,0,0,0,0,2021-07-30 19:45:32+03:00
0,0,0,0,0,0,2021-07-30 20:46:15+03:00
0,0,0,0,0,0,2021-07-30 20:47:09+03:00
1,1,3,1,0,0,2021-07-31 19:36:07+03:00
0,0,0,0,0,0,2021-07-31 19:36:10+03:00
0,0,0,0,0,0,2021-07-31 19:40:13+03:00
1,1,1,1,0,0,2021-07-31 19:57:03+03:00
0,0,0,0,0,0,2021-07-31 19:57:09+03:00
0,1,4,4,0,0,2021-07-31 20:02:28+03:00
0,0,0,0,0,0,2021-07-31 20:04:09+03:00
0,1,5,3,0,0,2021-07-31 22:29:55+03:00
0,0,0,0,0,0,2021-07-31 22:32:36+03:00
1,2,4,2,0,0,2021-08-01 11:11:26+03:00
0,0,0,0,0,0,2021-08-01 11:11:33+03:00
0,1,1,1,0,0,2021-08-01 11:14:50+03:00
3,4,4,4,0,0,2021-08-01 12:23:03+03:00
1,2,2,1,0,0,2021-08-01 12:29:43+03:00
0,1,2,1,0,0,2021-08-01 12:32:15+03:00
0,0,0,0,0,0,2021-08-02 08:32:37+03:00
0,0,0,0,0,0,2021-08-02 08:54:06+03:00
0,0,0,0,0,0,2021-08-02 08:58:10+03:00
0,0,0,0,0,0,2021-08-02 09:03:06+03:00
0,0,0,0,0,0,2021-08-02 09:04:59+03:00
0,0,0,0,0,0,2021-08-02 09:48:25+03:00
0,2,4,4,0,0,2021-08-02 10:53:41+03:00
2,3,2,2,0,0,2021-08-02 11:17:42+03:00
1,2,6,2,0,0,2021-08-02 12:19:38+03:00
1,2,2,2,0,0,2021-08-02 12:46:38+03:00
0,1,1,1,0,0,2021-08-02 13:28:03+03:00
0,1,3,1,0,0,2021-08-02 13:45:42+03:00
1,1,3,1,0,0,2021-08-02 14:39:19+03:00
0,1,2,1,0,0,2021-08-02 19:43:28+03:00
0,0,0,0,0,0,2021-08-02 21:05:34+03:00
0,1,3,1,0,0,2021-08-02 21:14:49+03:00
0,0,0,0,0,0,2021-08-02 21:15:04+03:00
0,0,0,0,0,0,2021-08-03 06:52:01+03:00
0,0,0,0,0,0,2021-08-03 06:53:46+03:00
0,0,0,0,0,0,2021-08-03 07:29:34+03:00
1,1,1,1,0,0,2021-08-03 15:03:16+03:00
0,0,0,0,0,0,2021-08-03 15:03:22+03:00
0,1,2,1,0,0,2021-08-03 15:03:59+03:00
1,1,2,1,0,0,2021-08-03 19:57:16+03:00
0,0,0,0,0,0,2021-08-03 20:06:50+03:00
0,0,0,0,0,0,2021-08-04 20:33:04+03:00
0,0,0,0,0,0,2021-08-04 20:33:58+03:00
1,0,1,0,0,0,2021-08-04 20:39:08+03:00
0,0,0,0,0,0,2021-08-04 20:39:11+03:00
0,0,0,0,0,0,2021-08-04 20:45:59+03:00
0,0,0,0,0,0,2021-08-04 20:47:13+03:00
0,0,0,0,0,0,2021-08-04 20:48:14+03:00
2,1,2,0,0,0,2021-08-05 19:29:29+03:00
0,0,0,0,0,0,2021-08-05 19:32:10+03:00
0,0,0,0,0,0,2021-08-05 19:33:23+03:00
0,0,0,0,0,0,2021-08-05 19:44:00+03:00
0,0,0,0,0,0,2021-08-05 19:47:10+03:00
0,0,0,0,0,0,2021-08-05 20:12:41+03:00
0,0,0,0,0,0,2021-08-05 20:14:17+03:00
0,0,0,0,0,0,2021-08-05 20:14:27+03:00
0,0,0,0,0,0,2021-08-06 14:13:57+03:00
0,0,0,0,0,0,2021-08-06 14:15:22+03:00
0,0,0,0,0,0,2021-08-07 10:16:33+03:00
0,0,0,0,0,0,2021-08-07 10:36:03+03:00
0,0,0,0,0,0,2021-08-07 10:38:41+03:00
0,0,0,0,0,0,2021-08-07 10:39:17+03:00
0,1,1,1,0,0,2021-08-07 10:45:33+03:00
0,0,0,0,0,0,2021-08-07 10:47:08+03:00
0,0,0,0,0,0,2021-08-07 11:10:33+03:00
0,0,0,0,0,0,2021-08-07 11:14:27+03:00
0,0,0,0,0,0,2021-08-07 11:17:53+03:00
0,0,0,0,0,0,2021-08-07 11:18:30+03:00
0,2,4,2,0,0,2021-08-07 11:21:51+03:00
0,0,0,0,0,0,2021-08-07 11:21:56+03:00
0,0,0,0,0,0,2021-08-07 11:23:03+03:00
0,0,0,0,0,0,2021-08-07 11:23:41+03:00
0,0,0,0,0,0,2021-08-07 11:41:14+03:00
0,0,0,0,0,0,2021-08-07 12:03:36+03:00
0,0,0,0,0,0,2021-08-07 21:31:54+03:00
0,0,0,0,0,0,2021-08-07 21:33:07+03:00
0,0,0,0,0,0,2021-08-07 21:44:34+03:00
1,3,6,3,0,0,2021-08-07 22:05:47+03:00
0,0,0,0,0,0,2021-08-07 22:05:50+03:00
0,0,0,0,0,0,2021-08-07 22:06:02+03:00
0,0,0,0,0,0,2021-08-07 22:07:17+03:00
1,3,6,3,0,0,2021-08-07 22:28:24+03:00
0,0,0,0,0,0,2021-08-07 22:28:32+03:00
0,2,3,2,0,0,2021-08-07 22:41:47+03:00
0,1,1,1,0,0,2021-08-07 22:45:04+03:00
1,3,2,2,0,0,2021-08-07 22:52:32+03:00
4,4,7,2,0,0,2021-08-08 01:27:40+03:00
0,1,3,2,0,0,2021-08-08 01:32:00+03:00
2,3,3,1,0,0,2021-08-08 04:22:53+03:00
0,0,1,1,0,0,2021-08-08 04:32:56+03:00
1,1,1,2,0,0,2021-08-08 11:17:28+03:00
0,1,2,2,0,0,2021-08-08 11:31:58+03:00
1,1,0,1,0,0,2021-08-08 11:35:24+03:00
0,0,0,0,0,0,2021-08-08 11:38:25+03:00
0,0,0,0,0,0,2021-08-08 14:06:31+03:00
0,1,1,1,0,0,2021-08-08 14:12:28+03:00
1,1,2,1,0,0,2021-08-08 14:21:04+03:00
0,0,0,0,0,0,2021-08-08 14:23:28+03:00
0,0,0,0,0,0,2021-08-08 14:24:10+03:00
0,0,0,0,0,0,2021-08-08 14:25:49+03:00
0,0,0,0,0,0,2021-08-08 14:26:13+03:00
0,0,0,0,0,0,2021-08-08 14:35:23+03:00
2,1,5,0,0,0,2021-08-08 16:11:10+03:00
0,0,0,0,0,0,2021-08-08 16:12:30+03:00
0,0,0,0,0,0,2021-08-08 16:13:43+03:00
0,0,0,0,0,0,2021-08-08 16:22:53+03:00
0,0,0,0,0,0,2021-08-08 16:24:26+03:00
0,0,0,0,0,0,2021-08-08 16:26:02+03:00
0,0,0,0,0,0,2021-08-08 16:26:41+03:00
0,0,0,0,0,0,2021-08-08 16:26:49+03:00
0,0,0,0,0,0,2021-08-08 21:28:50+03:00
0,0,0,0,0,0,2021-08-08 21:31:18+03:00
0,0,0,0,0,0,2021-08-08 21:34:03+03:00
0,0,0,0,0,0,2021-08-08 21:34:05+03:00
0,0,0,0,0,0,2021-08-08 22:28:30+03:00
0,1,1,1,1,0,2021-08-09 18:43:47+03:00
1,0,1,0,1,0,2021-08-09 18:44:00+03:00
1,1,1,1,0,1,2021-08-09 19:14:15+03:00
0,0,0,0,0,0,2021-08-09 19:17:44+03:00
0,0,0,0,0,0,2021-08-09 19:32:49+03:00
0,0,0,0,0,0,2021-08-09 20:24:41+03:00
0,0,0,0,0,0,2021-08-09 21:46:02+03:00
1,2,1,2,1,0,2021-08-09 21:57:06+03:00
0,0,0,0,0,0,2021-08-09 21:59:04+03:00
0,0,0,0,0,0,2021-08-10 08:23:52+03:00
0,0,0,0,0,0,2021-08-10 08:24:40+03:00
0,0,0,0,0,0,2021-08-10 08:27:39+03:00
0,0,0,0,0,0,2021-08-10 08:28:44+03:00
0,0,0,0,0,0,2021-08-10 08:35:04+03:00
0,0,0,0,0,0,2021-08-10 08:37:02+03:00
0,0,0,0,0,0,2021-08-10 08:37:09+03:00
0,0,1,0,0,0,2021-08-10 08:38:45+03:00
0,0,0,0,0,0,2021-08-10 08:42:57+03:00
0,0,0,0,0,0,2021-08-10 11:28:54+03:00
0,0,0,0,0,0,2021-08-10 11:31:00+03:00
0,0,0,0,0,0,2021-08-31 08:19:07+03:00
0,0,0,0,0,0,2021-08-31 08:19:43+03:00
0,0,0,0,0,0,2021-08-31 12:38:37+03:00
0,0,0,0,0,0,2021-09-11 11:44:08+03:00
0,0,0,0,0,0,2021-09-21 08:33:10+03:00
0,0,0,0,0,0,2021-09-21 10:22:57+03:00
0,0,0,0,0,0,2021-09-21 10:23:48+03:00
0,0,0,0,0,0,2021-09-21 10:35:08+03:00
0,0,0,0,0,0,2021-09-21 10:35:44+03:00
0,0,0,0,0,0,2021-09-29 14:55:34+03:00
0,0,0,0,0,0,2021-10-01 15:14:47+03:00
0,0,0,0,0,0,2021-10-01 15:16:34+03:00
0,0,0,0,0,0,2021-10-01 15:19:48+03:00
0,0,0,0,0,0,2021-10-01 15:20:12+03:00
0,0,0,0,0,0,2021-10-01 15:21:36+03:00
0,0,0,0,0,0,2021-10-01 15:23:56+03:00
0,0,0,0,0,0,2021-10-01 15:24:24+03:00
0,0,0,0,0,0,2021-10-01 15:24:53+03:00
0,0,0,0,0,0,2021-10-05 10:10:06+03:00
0,0,0,0,0,0,2021-10-05 10:18:01+03:00
0,0,0,0,0,0,2021-10-05 10:18:18+03:00
4,4,4,4,2,2,2021-11-07 11:26:11+02:00
2,1,1,1,0,1,2021-11-07 17:21:31+02:00
0,0,0,0,0,0,2022-03-21 19:59:30+02:00
0,0,0,0,0,0,2022-03-21 20:00:50+02:00
