Acquisition,Preparation,Modeling,Training,Evaluation,Prediction,time
0,0,0,0,0,0,2019-01-25 11:48:52+05:18
0,0,0,0,0,0,2019-05-07 14:40:04+05:18
0,0,0,0,0,0,2019-05-07 14:40:19+05:18
0,0,0,0,0,0,2019-05-07 14:40:27+05:18
0,0,0,0,0,0,2019-05-07 14:40:34+05:18
0,0,0,0,0,0,2019-05-07 17:21:09+05:18
0,0,0,0,0,0,2019-05-07 19:06:33+05:18
0,0,0,0,0,0,2019-05-07 19:32:53+05:18
0,0,0,0,0,0,2019-05-09 11:51:34+05:18
0,0,0,0,0,0,2019-05-25 01:26:32+05:18
0,0,0,0,0,0,2019-05-28 00:50:19+05:18
0,0,0,0,0,0,2019-05-29 01:12:48+05:18
0,0,0,0,0,0,2019-05-29 01:13:34+05:18
0,0,0,0,0,0,2019-05-29 01:13:47+05:18
0,0,0,0,0,0,2019-05-29 01:14:06+05:18
0,0,0,0,0,0,2019-05-30 01:56:16+05:18
0,0,0,0,0,0,2019-05-31 01:01:55+05:18
0,0,0,0,0,0,2019-06-02 14:12:45+05:18
0,0,0,0,0,0,2019-05-29 20:42:02+05:18
0,0,0,0,0,0,2019-05-29 20:43:29+05:18
0,0,0,0,0,0,2019-06-02 16:48:35+05:18
0,0,0,0,0,0,2019-06-04 13:45:37+05:18
0,0,0,0,0,0,2019-06-05 01:30:58+05:18
0,0,0,0,0,0,2019-06-05 02:33:27+05:18
0,0,0,0,0,0,2019-06-05 02:34:17+05:18
0,0,0,0,0,0,2019-06-05 02:34:34+05:18
0,0,0,0,0,0,2019-06-05 02:34:57+05:18
0,0,0,0,0,0,2019-06-05 09:50:40+05:18
0,0,0,0,0,0,2019-06-05 09:55:16+05:18
0,0,0,0,0,0,2019-06-05 09:56:19+05:18
0,0,0,0,0,0,2019-06-06 03:32:33+05:18
0,0,0,0,0,0,2019-06-06 03:33:03+05:18
0,0,0,0,0,0,2019-06-06 03:33:38+05:18
0,0,0,0,0,0,2019-06-07 10:22:01+05:18
0,0,0,0,0,0,2019-06-07 10:22:49+05:18
0,0,0,0,0,0,2019-06-07 13:35:05+05:18
0,0,0,0,0,0,2019-06-07 14:13:56+05:18
0,0,0,0,0,0,2019-06-07 14:27:41+05:18
0,0,0,0,0,0,2019-06-07 11:39:58+05:18
0,0,0,0,0,0,2019-06-07 11:40:50+05:18
0,0,0,0,0,0,2019-06-08 01:02:36+05:18
0,0,0,0,0,0,2019-06-07 17:11:44+05:18
0,0,0,0,0,0,2019-06-07 17:47:24+05:18
0,0,0,0,0,0,2019-06-08 17:57:36+05:18
0,0,0,0,0,0,2019-06-08 17:58:34+05:18
0,0,0,0,0,0,2019-06-08 17:59:01+05:18
0,0,0,0,0,0,2019-06-09 00:56:04+05:18
0,0,0,0,0,0,2019-06-10 12:28:36+05:18
0,0,0,0,0,0,2019-06-10 13:13:31+05:18
0,0,0,0,0,0,2019-06-09 10:39:59+05:18
0,0,0,0,0,0,2019-06-09 10:41:19+05:18
0,0,0,0,0,0,2019-06-11 13:49:44+05:18
0,0,0,0,0,0,2019-06-11 23:53:05+05:18
0,0,0,0,0,0,2019-06-13 00:25:07+05:18
0,0,0,0,0,0,2019-06-13 01:20:35+05:18
0,0,0,0,0,0,2019-06-13 11:17:10+05:18
0,0,0,0,0,0,2019-06-14 02:37:10+05:18
0,0,0,0,0,0,2019-06-13 12:29:22+05:18
0,0,0,0,0,0,2019-06-14 15:15:14+05:18
0,0,0,0,0,0,2019-06-14 15:15:47+05:18
0,0,0,0,0,0,2019-06-15 00:40:03+05:18
0,0,0,0,0,0,2019-06-16 02:06:25+05:18
0,0,0,0,0,0,2019-06-16 11:19:02+05:18
0,0,0,0,0,0,2019-06-16 12:54:02+05:18
0,0,0,0,0,0,2019-06-16 12:54:36+05:18
0,0,0,0,0,0,2019-06-16 12:55:14+05:18
0,0,0,0,0,0,2019-06-16 12:55:45+05:18
0,0,0,0,0,0,2019-06-17 15:33:35+05:18
0,0,0,0,0,0,2019-06-19 01:22:48+05:18
0,0,0,0,0,0,2019-06-13 12:24:13+05:18
0,0,0,0,0,0,2019-06-20 11:42:25+05:18
0,0,0,0,0,0,2019-06-20 19:23:39+05:18
0,0,0,0,0,0,2019-06-21 23:57:20+05:18
0,0,0,0,0,0,2019-06-21 20:01:47+05:18
0,0,0,0,0,0,2019-06-20 09:14:36+05:18
0,0,0,0,0,0,2019-06-21 03:33:22+05:18
0,0,0,0,0,0,2019-06-21 20:08:43+05:18
0,0,0,0,0,0,2019-06-21 21:08:09+05:18
0,0,0,0,0,0,2019-06-23 10:52:43+05:18
0,0,0,0,0,0,2019-06-22 10:31:13+05:18
0,0,0,0,0,0,2019-06-23 19:32:52+05:18
0,0,0,0,0,0,2019-06-25 18:02:18+05:18
0,0,0,0,0,0,2019-06-25 18:28:40+05:18
0,0,0,0,0,0,2019-06-24 14:45:09+05:18
0,0,0,0,0,0,2019-06-25 23:24:51+05:18
0,0,0,0,0,0,2019-06-26 10:31:30+05:18
0,0,0,0,0,0,2019-06-26 18:51:10+05:18
0,0,0,0,0,0,2019-06-28 11:16:35+05:18
0,0,0,0,0,0,2019-06-29 00:30:32+05:18
0,0,0,0,0,0,2019-06-30 09:51:00+05:18
0,0,0,0,0,0,2019-06-30 13:56:27+05:18
0,0,0,0,0,0,2019-07-01 02:49:47+05:18
0,0,0,0,0,0,2019-07-01 04:17:31+05:18
0,0,0,0,0,0,2019-07-01 04:18:04+05:18
0,0,0,0,0,0,2019-07-01 13:58:29+05:18
0,0,0,0,0,0,2019-07-03 14:31:08+05:18
0,0,0,0,0,0,2019-07-04 00:25:51+05:18
0,0,0,0,0,0,2019-07-05 19:13:28+05:18
0,0,0,0,0,0,2019-07-06 02:01:59+05:18
0,0,0,0,0,0,2019-07-06 02:27:59+05:18
0,0,0,0,0,0,2019-07-06 16:32:31+05:18
0,0,0,0,0,0,2019-07-07 01:25:29+05:18
0,0,0,0,0,0,2019-07-08 20:15:13+05:18
0,0,0,0,0,0,2019-07-09 14:51:11+05:18
0,0,0,0,0,0,2019-07-10 14:44:41+05:18
0,0,0,0,0,0,2019-07-10 22:58:39+05:18
0,0,0,0,0,0,2019-07-11 01:10:07+05:18
0,0,0,0,0,0,2019-07-11 16:19:37+05:18
0,0,0,0,0,0,2019-07-12 00:44:55+05:18
0,0,0,0,0,0,2019-07-12 23:34:30+05:18
0,0,0,0,0,0,2019-07-13 17:55:54+05:18
0,0,0,0,0,0,2019-07-13 18:32:52+05:18
0,0,0,0,0,0,2019-07-14 01:46:38+05:18
0,0,0,0,0,0,2019-07-14 13:53:16+05:18
0,0,0,0,0,0,2019-07-18 01:35:31+05:18
0,0,0,0,0,0,2019-07-19 18:37:03+05:18
0,0,0,0,0,0,2019-07-19 16:51:26+05:18
0,0,0,0,0,0,2019-07-20 14:07:06+05:18
0,0,0,0,0,0,2019-07-21 18:53:59+05:18
0,0,0,0,0,0,2019-07-21 12:01:38+05:18
0,0,0,0,0,0,2019-07-21 19:41:32+05:18
0,0,0,0,0,0,2019-07-23 03:07:50+05:18
0,0,0,0,0,0,2019-07-26 16:51:20+05:18
0,0,0,0,0,0,2019-07-26 19:33:02+05:18
0,0,0,0,0,0,2019-07-27 15:28:17+05:18
0,0,0,0,0,0,2019-07-28 19:09:51+05:18
0,0,0,0,0,0,2019-07-26 20:09:52+05:18
0,0,0,0,0,0,2019-07-27 14:58:00+05:18
0,0,0,0,0,0,2019-07-27 17:41:57+05:18
0,0,0,0,0,0,2019-07-29 04:48:05+05:18
0,0,0,0,0,0,2019-07-29 04:10:23+05:18
0,0,0,0,0,0,2019-07-29 04:52:08+05:18
0,0,0,0,0,0,2019-08-03 16:23:33+05:18
0,0,0,0,0,0,2019-08-03 16:28:22+05:18
0,0,0,0,0,0,2019-08-03 17:23:56+05:18
0,0,0,0,0,0,2019-08-03 17:24:59+05:18
0,0,0,0,0,0,2019-08-03 17:25:26+05:18
0,0,0,0,0,0,2019-08-03 17:25:41+05:18
0,0,0,0,0,0,2019-08-03 18:07:55+05:18
0,0,0,0,0,0,2019-08-03 17:43:37+05:18
0,0,0,0,0,0,2019-08-04 21:21:40+05:18
0,0,0,0,0,0,2019-08-05 02:17:10+05:18
0,0,0,0,0,0,2019-08-05 03:04:32+05:18
0,0,0,0,0,0,2019-08-05 10:11:15+05:18
0,0,0,0,0,0,2019-08-05 10:57:25+05:18
0,0,0,0,0,0,2019-08-07 02:34:16+05:18
0,0,0,0,0,0,2019-08-07 02:52:50+05:18
0,0,0,0,0,0,2019-08-05 11:28:49+05:18
0,0,0,0,0,0,2019-08-07 16:27:15+05:18
0,0,0,0,0,0,2019-08-07 20:31:35+05:18
0,0,0,0,0,0,2019-08-07 22:35:07+05:18
0,0,0,0,0,0,2019-08-09 11:35:59+05:18
0,0,0,0,0,0,2019-08-09 12:19:31+05:18
0,0,0,0,0,0,2019-08-12 01:47:36+05:18
0,0,0,0,0,0,2019-08-09 13:48:47+05:18
0,0,0,0,0,0,2019-08-09 19:09:28+05:18
0,0,0,0,0,0,2019-08-10 05:15:18+05:18
0,0,0,0,0,0,2019-08-16 05:31:06+05:18
0,0,0,0,0,0,2019-08-17 07:53:34+05:18
0,0,0,0,0,0,2019-08-17 09:18:55+05:18
0,0,0,0,0,0,2019-08-18 11:51:34+05:18
0,0,0,0,0,0,2019-08-19 12:00:30+05:18
0,0,0,0,0,0,2019-08-19 14:33:32+05:18
0,0,0,0,0,0,2019-08-22 13:32:13+05:18
0,0,0,0,0,0,2019-08-23 07:06:06+05:18
0,0,0,0,0,0,2019-08-23 16:17:38+05:18
0,0,0,0,0,0,2019-09-12 11:49:46+05:18
0,0,0,0,0,0,2019-09-12 11:56:51+05:18
0,0,0,0,0,0,2019-09-20 18:00:22+05:18
0,0,0,0,0,0,2019-09-20 18:23:02+05:18
0,0,0,0,0,0,2019-10-02 06:03:09+05:18
0,0,0,0,0,0,2019-10-04 12:27:54+05:18
0,0,0,0,0,0,2019-10-04 12:32:09+05:18
0,0,0,0,0,0,2019-10-04 13:11:14+05:18
0,0,0,0,0,0,2019-10-07 15:33:30+05:18
0,0,0,0,0,0,2019-12-16 23:03:26+05:18
0,0,0,0,0,0,2019-12-11 13:42:45+05:18
0,0,0,0,0,0,2019-12-25 23:09:33+05:18
0,0,0,0,0,0,2019-12-26 04:15:50+05:18
0,0,0,0,0,0,2019-12-26 21:27:24+05:18
0,0,0,0,0,0,2019-12-23 20:24:22+05:18
0,0,0,0,0,0,2019-12-29 20:43:55+05:18
0,0,0,0,0,0,2020-01-01 15:28:41+05:18
0,0,0,0,0,0,2020-01-01 15:42:20+05:18
0,0,0,0,0,0,2020-01-01 15:45:42+05:18
0,0,0,0,0,0,2019-12-30 16:57:43+05:18
0,0,0,0,0,0,2019-12-30 14:37:36+05:18
0,0,0,0,0,0,2019-12-30 14:45:09+05:18
0,0,0,0,0,0,2019-12-30 14:46:44+05:18
0,0,0,0,0,0,2020-01-03 14:35:01+05:18
0,0,0,0,0,0,2020-01-03 02:57:20+05:18
0,0,0,0,0,0,2020-01-08 14:03:35+05:18
0,0,0,0,0,0,2019-12-25 12:52:04-05:00
0,0,0,0,0,0,2019-12-25 13:45:52-05:00
0,0,0,0,0,0,2019-12-14 20:41:40-05:00
0,0,0,0,0,0,2020-01-06 22:38:14+05:18
0,0,0,0,0,0,2020-01-05 14:06:46+05:18
0,0,0,0,0,0,2020-01-09 21:25:49+05:18
0,0,0,0,0,0,2020-01-09 15:14:54+05:18
0,0,0,0,0,0,2019-12-26 17:28:15+05:18
0,0,0,0,0,0,2020-01-10 19:37:33+05:18
0,0,0,0,0,0,2020-01-08 19:54:08+05:18
0,0,0,0,0,0,2020-01-10 16:23:52+05:18
0,0,0,0,0,0,2020-01-10 17:01:31+05:18
0,0,0,0,0,0,2020-01-10 07:52:15+05:18
0,0,0,0,0,0,2020-01-08 21:06:21+05:18
0,0,0,0,0,0,2020-01-14 10:13:19+05:18
0,0,0,0,0,0,2020-01-12 23:27:09+05:18
0,0,0,0,0,0,2020-01-11 13:07:38+05:18
0,0,0,0,0,0,2020-01-11 13:27:53+05:18
0,0,0,0,0,0,2020-01-10 02:53:19+05:18
0,0,0,0,0,0,2020-01-13 10:51:40+05:18
0,0,0,0,0,0,2020-01-19 18:58:38+05:18
0,0,0,0,0,0,2020-01-19 16:02:47+05:18
0,0,0,0,0,0,2020-01-21 13:26:08+05:18
0,0,0,0,0,0,2019-12-27 04:40:52+05:18
0,0,0,0,0,0,2020-01-22 18:52:27+05:18
0,0,0,0,0,0,2020-01-22 18:40:30+05:18
0,0,0,0,0,0,2020-01-21 17:15:52+01:00
0,0,0,0,0,0,2020-01-21 17:24:23+01:00
0,0,0,0,0,0,2020-01-18 16:45:33+05:18
0,0,0,0,0,0,2020-01-25 14:12:49+05:18
0,0,0,0,0,0,2020-01-11 13:19:34-05:00
0,0,0,0,0,0,2020-01-29 02:27:21+05:18
0,0,0,0,0,0,2020-01-23 16:08:18+08:00
0,0,0,0,0,0,2020-02-04 01:18:35+05:18
0,0,0,0,0,0,2020-02-05 12:02:00+08:00
0,0,0,0,0,0,2020-02-11 04:54:54+05:18
0,0,0,0,0,0,2020-02-11 14:04:16+05:18
0,0,0,0,0,0,2020-01-02 23:44:13+05:18
0,0,0,0,0,0,2020-01-07 22:44:00+05:18
0,0,0,0,0,0,2020-02-11 17:20:18+05:18
0,0,0,0,0,0,2020-02-21 20:24:59+05:18
0,0,0,0,0,0,2020-02-25 22:07:59+05:18
0,0,0,0,0,0,2020-02-25 22:21:38+05:18
0,0,0,0,0,0,2020-02-25 18:42:01+05:18
0,0,0,0,0,0,2020-02-24 21:20:52+05:18
0,0,0,0,0,0,2020-01-20 17:49:07+08:00
0,0,0,0,0,0,2020-02-11 14:24:54+05:18
0,0,0,0,0,0,2020-02-27 23:37:27+05:18
0,0,0,0,0,0,2020-02-27 20:57:38+05:18
0,0,0,0,0,0,2020-02-29 16:48:47+08:00
0,0,0,0,0,0,2020-03-01 20:37:00+05:18
0,0,0,0,0,0,2019-12-25 01:14:18+05:18
0,0,0,0,0,0,2020-03-04 13:24:18+05:18
0,0,0,0,0,0,2020-03-04 18:26:24+05:18
0,0,0,0,0,0,2020-03-06 00:32:34+05:18
0,0,0,0,0,0,2020-03-06 01:11:00+05:18
0,0,0,0,0,0,2020-03-06 14:00:23+05:18
0,0,0,0,0,0,2020-02-16 14:23:46+08:00
0,0,0,0,0,0,2020-03-05 03:12:49+05:18
0,0,0,0,0,0,2020-03-08 00:51:22+05:18
0,0,0,0,0,0,2020-03-08 01:18:11+05:18
0,0,0,0,0,0,2020-03-06 13:06:19+05:18
0,0,0,0,0,0,2020-03-07 13:15:32+05:18
0,0,0,0,0,0,2020-03-08 15:38:47+05:18
0,0,0,0,0,0,2020-03-08 15:32:53+05:18
0,0,0,0,0,0,2020-01-06 22:05:17+05:18
0,0,0,0,0,0,2020-03-10 03:05:12+05:18
0,0,0,0,0,0,2020-02-22 20:20:00+08:00
0,0,0,0,0,0,2020-02-23 21:59:49+08:00
0,0,0,0,0,0,2020-02-25 18:25:11+05:18
0,0,0,0,0,0,2020-02-25 18:29:28+05:18
0,0,0,0,0,0,2020-03-13 16:43:33+05:18
0,0,0,0,0,0,2020-03-11 22:43:39+05:18
0,0,0,0,0,0,2020-03-13 15:11:02+05:18
0,0,0,0,0,0,2020-03-13 18:13:43+05:18
0,0,0,0,0,0,2020-03-13 23:22:52+05:18
0,0,0,0,0,0,2020-03-13 22:36:21+05:18
0,0,0,0,0,0,2020-03-13 17:02:14+05:18
0,0,0,0,0,0,2020-03-13 07:27:06+05:18
0,0,0,0,0,0,2020-03-22 00:39:50+05:18
0,0,0,0,0,0,2020-02-03 21:58:12+08:00
0,0,0,0,0,0,2020-03-14 03:50:34+08:00
0,0,0,0,0,0,2020-03-22 20:00:35+05:18
0,0,0,0,0,0,2019-12-30 13:59:28+05:18
0,0,0,0,0,0,2020-03-22 23:07:08+05:18
0,0,0,0,0,0,2020-03-22 20:09:25+05:18
0,0,0,0,0,0,2020-03-22 11:29:52+05:18
0,0,0,0,0,0,2020-03-22 13:23:32+05:18
0,0,0,0,0,0,2020-03-22 14:05:41+05:18
0,0,0,0,0,0,2020-03-23 11:10:11+05:18
0,0,0,0,0,0,2020-03-26 10:47:18+05:18
0,0,0,0,0,0,2020-03-22 12:00:05+05:18
0,0,0,0,0,0,2020-03-19 03:57:00+05:18
0,0,0,0,0,0,2020-03-17 22:30:37+08:00
0,0,0,0,0,0,2020-05-11 15:21:13+05:18
0,0,0,0,0,0,2020-02-28 20:27:59+05:18
0,0,0,0,0,0,2020-02-28 20:36:16+05:18
0,0,0,0,0,0,2020-05-14 18:37:33+05:18
0,0,0,0,0,0,2020-05-08 13:40:20+05:18
0,0,0,0,0,0,2020-04-11 22:23:26+08:00
0,0,0,0,0,0,2020-04-07 13:09:09+08:00
0,0,0,0,0,0,2020-05-16 12:23:24+08:00
0,0,0,0,0,0,2020-03-11 18:08:22+05:18
0,0,0,0,0,0,2020-03-14 18:41:43+08:00
0,0,0,0,0,0,2020-05-20 08:01:54+05:18
0,0,0,0,0,0,2019-12-29 23:07:50+05:18
0,0,0,0,0,0,2020-05-20 15:23:41+05:18
0,0,0,0,0,0,2020-04-08 02:35:17+05:18
0,0,0,0,0,0,2020-05-20 15:14:42+05:18
0,0,0,0,0,0,2020-04-09 17:36:52+08:00
0,0,0,0,0,0,2020-03-01 14:00:01+05:18
0,0,0,0,0,0,2020-03-21 16:04:42+05:18
0,0,0,0,0,0,2020-03-14 00:32:37+05:18
0,0,0,0,0,0,2020-04-16 23:25:33+05:18
0,0,0,0,0,0,2020-05-22 11:04:02+05:18
0,0,0,0,0,0,2020-05-16 22:26:42+08:00
0,0,0,0,0,0,2020-05-21 23:26:32+08:00
0,0,0,0,0,0,2020-03-27 18:38:44+08:00
0,0,0,0,0,0,2020-05-23 16:27:45+08:00
0,0,0,0,0,0,2020-05-20 20:16:19+05:18
0,0,0,0,0,0,2020-01-26 13:21:55+08:00
0,0,0,0,0,0,2020-03-21 15:47:13+05:18
0,0,0,0,0,0,2020-03-21 16:29:21+05:18
0,0,0,0,0,0,2020-05-26 01:13:41+05:18
0,0,0,0,0,0,2020-05-26 21:42:49+08:00
0,0,0,0,0,0,2020-03-11 21:22:15+05:18
0,0,0,0,0,0,2020-03-13 14:31:29+05:18
0,0,0,0,0,0,2020-03-11 19:21:31+05:18
0,0,0,0,0,0,2020-03-13 14:11:14+05:18
0,0,0,0,0,0,2020-03-14 20:05:32+05:18
0,0,0,0,0,0,2020-03-31 01:11:00+05:18
0,0,0,0,0,0,2020-03-31 03:11:30+05:18
0,0,0,0,0,0,2020-05-26 21:42:19+08:00
0,0,0,0,0,0,2020-06-02 12:36:33+05:18
0,0,0,0,0,0,2020-06-01 23:29:14+05:18
0,0,0,0,0,0,2020-06-02 13:54:47+05:18
0,0,0,0,0,0,2020-05-24 17:54:22+05:18
0,0,0,0,0,0,2020-05-26 13:18:01+05:18
0,1,0,0,0,0,2020-06-01 19:39:35+05:18
0,0,0,0,0,0,2020-06-02 12:58:44+05:18
0,0,0,0,0,0,2020-05-31 00:55:33+08:00
0,0,0,0,0,0,2020-06-05 04:05:29+05:18
0,0,0,0,0,0,2020-06-05 14:11:57+05:18
0,0,0,0,0,0,2020-06-05 16:11:34+05:18
0,0,0,0,0,0,2020-06-05 22:18:46+05:18
0,0,0,0,0,0,2020-06-06 00:06:39+05:18
0,0,0,0,0,0,2020-06-06 00:41:18+05:18
0,0,0,0,0,0,2020-06-06 01:22:52+05:18
0,0,0,0,0,0,2020-05-20 18:33:43+05:18
0,0,0,0,0,0,2020-05-20 21:03:15+05:18
0,0,0,0,0,0,2020-05-23 12:56:04+05:18
0,0,0,0,0,0,2020-05-24 17:05:48+05:18
0,0,0,0,0,0,2020-05-26 13:31:23+05:18
0,0,0,0,0,0,2020-05-28 03:13:47+05:18
0,0,0,0,0,0,2020-06-05 12:50:17+05:18
0,0,0,0,0,0,2020-06-06 00:55:43+05:18
0,0,0,0,0,0,2020-06-07 12:05:15+05:18
0,0,0,0,0,0,2020-06-07 12:58:30+05:18
0,0,0,0,0,0,2020-06-08 11:52:16+05:18
0,0,0,0,0,0,2020-06-08 19:53:34+05:18
0,0,0,0,0,0,2020-06-04 14:05:41+05:18
0,0,0,0,0,0,2020-06-09 20:46:35+05:18
0,0,0,0,0,0,2020-06-04 14:29:23+05:18
1,0,0,0,0,0,2020-06-10 01:46:34+08:00
2,2,3,2,0,0,2020-06-14 17:28:25+08:00
0,0,0,0,0,0,2020-06-09 22:51:52+05:18
0,0,0,0,0,0,2020-06-13 18:38:01+05:18
0,0,0,0,0,0,2020-06-20 14:59:50+05:18
0,0,0,0,0,0,2020-04-05 14:46:22+08:00
3,2,2,2,0,0,2020-06-20 00:50:19+08:00
3,4,3,3,0,0,2020-06-20 13:09:03+08:00
0,0,0,0,0,0,2020-06-20 12:25:20+08:00
0,0,0,0,0,0,2020-06-21 18:28:21+08:00
0,0,0,0,0,0,2020-06-22 21:08:52+08:00
3,2,2,2,0,0,2020-06-24 23:10:43+08:00
0,0,0,0,0,0,2020-06-25 14:53:27+08:00
0,0,0,0,0,0,2020-06-19 18:44:08+05:18
0,0,0,0,0,0,2020-06-22 20:47:53+05:18
0,0,0,0,0,0,2020-06-24 11:02:17+05:18
0,0,0,0,0,0,2020-06-25 02:05:57+05:18
0,1,0,0,0,0,2020-06-09 15:42:37+05:18
0,1,0,0,0,0,2020-06-09 15:49:24+05:18
0,1,0,0,0,0,2020-06-22 21:10:52+05:18
0,0,0,0,0,0,2020-06-09 22:51:52+05:18
0,0,0,0,0,0,2020-06-14 16:21:36+05:18
0,0,0,0,0,0,2020-06-14 21:21:08+05:18
0,0,0,0,0,0,2020-06-15 19:02:51+05:18
0,0,0,0,0,0,2020-06-18 14:26:41+05:18
0,0,0,0,0,0,2020-06-18 14:50:36+05:18
0,0,0,0,0,0,2020-06-18 15:06:14+05:18
2,2,2,2,1,1,2020-06-27 14:53:19+08:00
0,0,0,0,0,0,2020-06-14 21:27:16+05:18
0,0,0,0,0,0,2020-06-30 16:15:41+05:18
0,0,0,0,0,0,2020-06-20 01:44:06+05:18
0,0,0,0,0,0,2020-06-20 10:31:19+05:18
0,0,0,0,0,0,2020-06-24 01:19:17+05:18
0,0,0,0,0,0,2020-06-25 13:31:02+05:18
0,0,0,0,0,0,2020-06-27 19:55:20+05:18
0,0,0,0,0,0,2020-06-27 20:56:15+05:18
1,1,0,0,0,0,2020-06-18 16:22:18+05:18
0,0,0,0,0,0,2020-06-26 15:15:10+05:18
0,0,0,0,0,0,2020-06-26 15:20:11+05:18
0,0,0,0,0,0,2020-06-28 20:55:22+05:18
0,0,0,0,0,0,2020-06-29 13:31:31+05:18
0,0,0,0,0,0,2020-07-04 03:51:01+05:18
0,0,0,0,0,0,2020-07-01 20:03:53+08:00
2,2,2,2,1,1,2020-07-04 22:06:45+08:00
4,3,3,3,2,1,2020-07-08 23:57:20+08:00
0,0,0,0,0,0,2020-06-26 23:37:29+05:18
0,0,0,0,0,0,2020-07-16 00:44:01+05:18
0,0,0,0,0,0,2020-07-16 00:11:26+05:18
0,0,0,0,0,0,2020-07-16 00:03:30+05:18
0,0,0,0,0,0,2020-07-13 07:08:02+08:00
0,0,0,0,0,0,2020-06-21 13:06:17+05:18
0,1,0,0,0,0,2020-06-26 04:44:12+05:18
0,0,0,0,0,0,2020-06-28 02:36:04+05:18
0,0,0,0,0,0,2020-07-11 23:19:42+05:18
0,0,0,0,0,0,2020-07-17 14:00:01+05:18
0,0,0,0,0,0,2020-06-24 02:20:20+05:18
0,0,0,0,0,0,2020-06-24 17:43:32+05:18
0,0,0,0,0,0,2020-07-04 03:37:03+05:18
0,0,0,0,0,0,2020-07-06 15:14:11+05:18
0,0,0,0,0,0,2020-07-08 17:15:21+05:18
0,0,0,0,0,0,2020-07-17 20:07:37+05:18
0,0,0,0,0,0,2020-07-18 12:35:44+05:18
2,2,2,2,1,1,2020-07-18 17:44:56+08:00
0,1,0,0,0,0,2020-07-04 03:41:08+05:18
0,0,0,0,0,0,2020-07-20 01:09:02+05:18
0,0,0,0,0,0,2020-06-25 17:00:57+05:18
0,0,0,0,0,0,2020-06-27 18:23:40+05:18
0,0,0,0,0,0,2020-06-28 01:25:12+05:18
0,0,0,0,0,0,2020-06-28 12:24:33+05:18
0,0,0,0,0,0,2020-07-21 16:57:03+05:18
0,0,0,0,0,0,2020-07-21 17:26:02+05:18
0,0,0,0,0,0,2020-06-25 19:58:01+05:18
0,0,0,0,0,0,2020-06-26 06:46:25+05:18
0,0,0,0,0,0,2020-06-26 13:23:46+05:18
0,0,0,0,0,0,2020-07-21 12:54:10+05:18
0,0,0,0,0,0,2020-07-21 14:15:20+05:18
0,0,0,0,0,0,2020-07-21 19:43:28+05:18
1,1,0,0,0,0,2020-07-06 15:18:23+05:18
0,0,0,0,0,0,2020-07-21 10:39:35+05:18
0,0,0,0,0,0,2020-07-23 02:54:10+05:18
2,1,1,1,1,0,2020-07-20 21:01:26+08:00
0,2,0,0,0,0,2020-07-22 14:28:07+05:18
0,0,0,0,0,0,2020-07-22 15:45:44+05:18
0,1,0,0,0,0,2020-07-26 17:13:14+05:18
1,0,0,0,0,0,2020-07-09 16:37:36+05:18
0,0,0,0,0,0,2020-07-17 13:57:04+05:18
1,1,0,0,0,0,2020-07-29 13:49:46+05:18
0,0,0,0,0,0,2020-08-01 15:49:38+05:18
0,0,0,0,0,0,2020-08-01 16:00:34+05:18
0,0,0,0,0,0,2020-08-03 18:05:13+05:18
0,2,0,0,0,0,2020-07-25 14:54:34+05:18
0,0,0,0,0,0,2020-08-03 22:06:49+05:18
0,0,0,0,0,0,2020-06-23 22:52:47+05:18
0,0,0,0,0,0,2020-07-16 13:20:12+05:18
0,0,0,0,0,0,2020-08-06 18:53:14+05:18
2,3,3,2,1,1,2020-08-01 20:03:49+08:00
1,1,1,1,1,0,2020-08-03 18:02:17+08:00
1,1,1,1,1,0,2020-08-04 19:57:42+08:00
1,1,1,1,1,0,2020-08-05 19:12:33+08:00
0,0,0,0,0,0,2020-08-15 16:48:10+05:18
0,0,0,0,0,0,2020-08-12 11:07:59+05:18
0,0,0,0,0,0,2020-08-12 11:40:00+05:18
0,0,0,0,0,0,2020-08-13 15:05:01+05:18
0,0,0,0,0,0,2020-08-14 15:11:23+05:18
0,0,0,0,0,0,2020-08-15 15:40:20+05:18
2,2,1,1,1,0,2020-08-13 14:40:49+05:18
0,0,0,0,0,0,2020-08-13 18:26:10+05:18
0,0,0,0,0,0,2020-08-15 13:29:04+05:18
0,0,0,0,0,0,2020-08-15 22:24:08+05:18
0,0,0,0,0,0,2020-08-15 22:49:10+05:18
0,1,0,0,0,0,2020-08-20 16:00:10+05:18
0,0,0,0,0,0,2020-08-21 00:34:54+05:18
0,0,0,0,0,0,2020-08-20 17:57:18+05:18
0,0,0,0,0,0,2020-08-20 18:04:01+05:18
0,0,0,0,0,0,2020-08-06 20:15:07+08:00
0,3,0,0,0,0,2020-08-20 17:48:52+05:18
0,0,0,0,0,0,2020-08-22 22:41:59+05:18
0,0,0,0,0,0,2020-07-22 15:02:12+05:18
0,0,0,0,0,0,2020-07-24 12:56:17+05:18
0,0,0,0,0,0,2020-08-21 17:50:39+05:18
0,0,0,0,0,0,2020-08-21 22:58:10+05:18
0,0,0,0,0,0,2020-08-22 10:06:48+05:18
0,0,0,0,0,0,2020-08-22 13:59:42+05:18
0,0,0,0,0,0,2020-08-22 14:00:35+05:18
0,0,0,0,0,0,2020-08-23 03:14:43+05:18
0,0,0,0,0,0,2020-08-23 14:59:59+05:18
0,0,0,0,0,0,2020-08-23 23:32:18+05:18
0,0,0,0,0,0,2020-08-23 23:45:10+05:18
1,1,1,1,1,0,2020-08-23 15:16:08+08:00
0,0,0,0,0,0,2020-08-25 23:07:34+05:18
0,0,0,0,0,0,2020-08-25 23:09:24+05:18
0,0,0,0,0,0,2020-08-25 23:41:41+05:18
0,0,0,0,0,0,2020-08-25 23:42:36+05:18
0,0,0,0,0,0,2020-08-23 14:03:21+05:18
0,0,0,0,0,0,2020-08-23 15:43:09+05:18
2,3,1,1,1,0,2020-08-25 12:36:09+05:18
0,0,0,0,0,0,2020-08-25 13:07:00+05:18
0,1,0,0,0,0,2020-08-27 09:50:26+05:18
0,0,0,0,0,0,2020-08-28 21:57:56+05:18
0,1,0,0,0,0,2020-08-28 22:28:55+05:18
0,0,0,0,0,0,2020-08-28 22:29:09+05:18
0,2,0,0,0,0,2020-08-28 23:51:33+05:18
0,0,0,0,0,0,2020-08-29 00:14:43+05:18
0,0,0,0,0,0,2020-08-29 00:16:19+05:18
0,0,0,0,0,0,2020-08-30 13:32:20+05:18
0,0,0,0,0,0,2020-09-20 20:04:30+05:18
0,0,0,0,0,0,2020-09-20 23:57:02+05:18
0,0,0,0,0,0,2020-09-26 10:31:00+05:18
0,0,0,0,0,0,2020-11-16 19:41:56+05:18
0,0,0,0,0,0,2020-11-19 04:43:57+05:18
0,0,0,0,0,0,2021-01-19 10:02:44+05:18
0,0,0,0,0,0,2021-01-19 22:14:37+05:18
0,1,0,0,0,0,2021-01-28 17:59:22+05:18
0,0,0,0,0,0,2021-01-31 10:34:28+05:18
0,1,0,0,0,0,2021-02-03 14:17:10+05:18
0,0,0,0,0,0,2021-01-26 18:56:29+05:18
0,0,0,0,0,0,2021-01-31 10:53:13+05:18
0,0,0,0,0,0,2021-02-05 14:09:38+05:18
0,2,0,0,0,0,2021-02-14 22:11:47+05:18
0,0,0,0,0,0,2021-02-12 19:41:28+05:18
0,0,0,0,0,0,2021-02-12 15:07:43+05:18
0,0,0,0,0,0,2021-02-12 15:17:34+05:18
0,0,0,0,0,0,2021-02-04 20:14:28+05:18
0,0,0,0,0,0,2021-02-02 13:19:23+05:18
0,0,0,0,0,0,2021-02-03 12:08:23+05:18
0,0,0,0,0,0,2021-02-04 13:08:21+05:18
0,0,0,0,0,0,2021-01-24 13:32:12+05:18
0,0,0,0,0,0,2021-03-18 18:00:01+05:18
0,0,0,0,0,0,2021-02-05 15:08:12+05:18
0,0,0,0,0,0,2021-02-06 12:17:18+05:18
0,0,0,0,0,0,2021-02-09 17:37:31+05:18
0,0,0,0,0,0,2021-02-15 13:35:47+05:18
0,0,0,0,0,0,2021-02-21 09:30:43+05:18
0,0,0,0,0,0,2021-02-21 15:29:40+05:18
0,1,0,0,0,0,2021-03-19 10:47:04+05:18
0,0,0,0,0,0,2021-03-23 18:45:53+05:18
0,0,0,0,0,0,2021-02-15 13:34:21+05:18
0,0,0,0,0,0,2021-02-15 14:50:45+05:18
0,0,0,0,0,0,2021-03-20 15:17:28+05:18
0,0,0,0,0,0,2021-03-20 19:55:18+05:18
0,0,0,0,0,0,2021-03-24 15:10:11+05:18
0,0,0,0,0,0,2021-05-27 15:25:00+05:18
0,0,0,0,0,0,2021-05-28 19:07:10+05:18
0,0,0,0,0,0,2021-05-28 19:12:52+05:18
0,0,0,0,0,0,2021-05-29 10:04:27+05:18
0,0,0,0,0,0,2021-05-29 11:38:17+05:18
0,0,0,0,0,0,2021-05-29 13:43:06+05:18
0,0,0,0,0,0,2021-05-31 15:26:17+05:18
0,0,0,0,0,0,2021-05-31 16:34:21+05:18
0,0,0,0,0,0,2021-06-01 08:50:56+05:18
0,0,0,0,0,0,2021-06-03 16:40:49+05:18
0,0,0,0,0,0,2021-06-03 17:30:28+05:18
0,0,0,0,0,0,2021-06-03 17:46:26+05:18
0,0,0,0,0,0,2021-06-03 18:00:35+05:18
0,0,0,0,0,0,2021-06-03 19:04:00+05:18
0,0,0,0,0,0,2021-05-24 11:48:31+05:18
0,0,0,0,0,0,2021-06-02 20:57:20+05:18
1,2,1,1,1,0,2021-06-02 21:04:29+05:18
0,0,0,0,0,0,2021-06-02 22:58:10+05:18
0,0,0,0,0,0,2021-06-02 23:04:16+05:18
0,0,0,0,0,0,2021-06-03 19:50:45+05:18
0,0,0,0,0,0,2021-06-05 14:16:00+05:18
0,0,0,0,0,0,2021-06-05 15:16:45+05:18
0,0,0,0,0,0,2021-06-05 16:07:33+05:18
0,0,0,0,0,0,2021-06-05 16:29:57+05:18
0,0,0,0,0,0,2021-06-05 21:11:38+05:18
0,0,0,0,0,0,2021-06-10 10:21:14+05:18
0,0,0,0,0,0,2021-06-10 11:09:48+05:18
0,0,0,0,0,0,2021-06-10 11:18:11+05:18
0,0,0,0,0,0,2021-06-10 12:46:22+05:18
0,0,0,0,0,0,2021-06-10 12:50:37+05:18
0,0,0,0,0,0,2021-06-11 13:10:11+05:18
1,2,1,1,1,0,2021-06-16 13:52:19+05:18
0,0,0,0,0,0,2021-06-16 19:52:59+05:18
0,0,0,0,0,0,2021-06-16 20:45:45+05:18
0,1,0,0,0,0,2021-06-17 23:04:24+05:18
0,0,0,0,0,0,2021-06-17 23:20:48+05:18
0,0,0,0,0,0,2021-06-19 09:18:00+05:18
0,0,0,0,0,0,2021-06-20 14:20:02+05:18
0,0,0,0,0,0,2021-06-20 14:26:32+05:18
0,0,0,0,0,0,2021-06-20 14:33:46+05:18
0,0,0,0,0,0,2021-06-20 14:37:15+05:18
0,0,0,0,0,0,2021-06-20 15:11:45+05:18
0,0,0,0,0,0,2021-06-20 19:18:58+05:18
0,0,0,0,0,0,2021-06-20 20:17:28+05:18
0,0,0,0,0,0,2021-06-20 22:04:42+05:18
0,1,0,0,0,0,2021-06-21 08:28:41+05:18
0,0,0,0,0,0,2021-06-22 20:48:17+05:18
0,0,0,0,0,0,2021-06-26 10:24:55+05:18
0,0,0,0,0,0,2021-06-26 10:27:11+05:18
0,0,0,0,0,0,2021-06-26 11:04:29+05:18
0,0,0,0,0,0,2021-07-03 15:33:04+05:18
0,0,0,0,0,0,2021-07-03 15:45:21+05:18
0,0,0,0,0,0,2021-07-03 18:00:08+05:18
0,0,0,0,0,0,2021-07-03 18:47:36+05:18
0,0,0,0,0,0,2021-07-03 19:26:36+05:18
0,0,0,0,0,0,2021-07-03 20:03:14+05:18
0,0,0,0,0,0,2021-07-03 20:11:47+05:18
0,0,0,0,0,0,2021-07-03 20:36:22+05:18
0,0,0,0,0,0,2021-07-05 21:17:15+05:18
0,0,0,0,0,0,2021-07-05 21:34:18+05:18
0,0,0,0,0,0,2021-07-06 08:52:23+05:18
0,1,0,0,0,0,2021-07-06 09:31:44+05:18
0,0,0,0,0,0,2021-07-06 10:07:52+05:18
0,0,0,0,0,0,2021-07-06 10:26:17+05:18
0,0,0,0,0,0,2021-07-06 11:14:01+05:18
0,0,0,0,0,0,2021-07-06 11:25:52+05:18
0,0,0,0,0,0,2021-07-06 12:02:51+05:18
0,0,0,0,0,0,2021-07-22 14:34:37+05:18
0,0,0,0,0,0,2021-07-22 15:39:42+05:18
0,0,0,0,0,0,2021-07-22 17:26:22+05:18
0,0,0,0,0,0,2021-07-22 18:20:12+05:18
0,0,0,0,0,0,2021-07-22 18:40:51+05:18
0,0,0,0,0,0,2021-07-22 18:57:58+05:18
0,0,0,0,0,0,2021-07-22 19:41:38+05:18
0,0,0,0,0,0,2021-07-22 21:06:50+05:18
0,0,0,0,0,0,2021-07-24 10:57:01+05:18
0,0,0,0,0,0,2021-07-24 11:32:06+05:18
0,0,0,0,0,0,2021-07-24 12:28:11+05:18
0,0,0,0,0,0,2021-07-24 13:42:37+05:18
0,0,0,0,0,0,2021-07-24 14:07:26+05:18
0,0,0,0,0,0,2021-07-24 15:22:20+05:18
0,0,0,0,0,0,2021-07-24 16:01:00+05:18
0,0,0,0,0,0,2021-07-24 16:12:39+05:18
0,0,0,0,0,0,2021-07-24 16:19:11+05:18
0,0,0,0,0,0,2021-08-05 20:28:15+05:18
0,0,0,0,0,0,2021-08-05 20:31:47+05:18
0,0,0,0,0,0,2021-08-05 20:33:04+05:18
0,0,0,0,0,0,2021-08-05 20:47:41+05:18
0,0,0,0,0,0,2021-08-12 15:06:52+05:18
0,0,0,0,0,0,2021-08-12 15:17:41+05:18
0,0,0,0,0,0,2021-08-12 15:41:58+05:18
0,0,0,0,0,0,2021-08-12 15:56:00+05:18
0,0,0,0,0,0,2021-09-08 05:26:53+00:00
0,0,0,0,0,0,2022-03-09 05:34:14+05:18
0,0,0,0,0,0,2022-03-12 11:57:09+05:18
0,1,0,0,0,0,2022-03-12 19:32:28+05:18
0,0,0,0,0,0,2022-03-13 11:55:32+05:18
0,0,0,0,0,0,2022-03-13 13:45:10+05:18
0,0,0,0,0,0,2022-03-14 10:44:42+05:18
0,0,0,0,0,0,2022-03-16 10:06:58+05:18
0,1,0,0,0,0,2022-03-17 23:02:49+05:18
0,0,0,0,0,0,2022-04-02 17:34:09+05:18
0,0,0,0,0,0,2022-04-02 10:48:50+05:18
0,0,0,0,0,0,2022-05-30 15:22:03+05:18
0,0,0,0,0,0,2022-05-31 16:45:10+05:18
0,0,0,0,0,0,2022-06-01 16:16:13+05:18
0,0,0,0,0,0,2022-06-01 19:02:00+05:18
0,0,0,0,0,0,2022-06-06 20:33:26+05:18
0,0,0,0,0,0,2022-06-07 13:50:14+05:18
0,0,0,0,0,0,2022-06-07 13:52:47+05:18
0,0,0,0,0,0,2022-06-08 10:37:41+05:18
0,0,0,0,0,0,2022-06-09 18:30:50+05:18
0,0,0,0,0,0,2022-06-09 19:49:28+05:18
0,0,0,0,0,0,2022-06-09 22:32:00+05:18
0,0,0,0,0,0,2022-06-11 01:08:31+05:18
0,0,0,0,0,0,2022-06-13 18:53:04+05:18
0,0,0,0,0,0,2022-06-16 23:49:31+05:18
0,0,0,0,0,0,2022-06-17 12:16:17+05:18
0,0,0,0,0,0,2022-06-17 23:54:23+05:18
0,0,0,0,0,0,2022-06-18 15:37:07+05:18
0,0,0,0,0,0,2022-06-18 16:08:52+05:18
0,0,0,0,0,0,2022-06-19 13:15:05+05:18
0,0,0,0,0,0,2022-06-19 16:15:01+05:18
0,0,0,0,0,0,2022-06-21 11:08:09+05:18
0,0,0,0,0,0,2022-06-24 01:25:35+05:18
0,0,0,0,0,0,2022-06-24 02:14:17+05:18
0,0,0,0,0,0,2022-06-23 17:04:34+05:18
0,0,0,0,0,0,2022-06-24 23:11:32+05:18
0,0,0,0,0,0,2022-06-28 18:32:36+05:18
0,1,0,0,0,0,2022-06-29 15:29:08+05:18
0,0,0,0,0,0,2022-06-29 19:02:29+05:18
0,0,0,0,0,0,2022-06-28 17:23:31+05:18
0,0,0,0,0,0,2022-06-29 19:16:34+05:18
0,0,0,0,0,0,2022-06-30 23:13:14+05:18
0,0,0,0,0,0,2022-07-04 00:48:32+05:18
0,0,0,0,0,0,2022-07-08 11:53:29+05:18
0,0,0,0,0,0,2022-07-08 21:09:55+05:18
0,0,0,0,0,0,2022-07-05 23:20:35+05:18
0,0,0,0,0,0,2022-07-07 01:46:55+05:18
0,0,0,0,0,0,2022-07-08 00:20:26+05:18
0,0,0,0,0,0,2022-07-08 23:29:07+05:18
0,0,0,0,0,0,2022-07-09 22:01:36+05:18
0,0,0,0,0,0,2022-07-09 22:37:27+05:18
0,0,0,0,0,0,2022-07-10 16:09:28+05:18
0,0,0,0,0,0,2022-07-12 13:52:24+05:18
0,0,0,0,0,0,2022-07-13 17:07:38+05:18
0,2,0,0,0,0,2022-07-15 11:55:10+05:18
0,0,0,0,0,0,2022-07-22 02:42:14+05:18
