Acquisition,Preparation,Modeling,Training,Evaluation,Prediction,time
0,0,0,0,0,0,2021-07-26 21:21:23-05:00
0,2,0,0,2,0,2021-07-26 21:24:30-05:00
0,1,0,0,1,0,2021-08-16 20:11:35-05:00
0,0,0,0,0,0,2021-08-17 17:03:13-05:00
0,2,0,0,0,0,2021-08-19 21:49:44-05:00
0,2,0,0,0,0,2021-08-20 06:17:16-05:00
0,0,0,0,0,0,2021-09-02 18:46:07-05:00
2,2,0,0,0,0,2021-09-02 22:19:10-05:00
2,2,0,0,0,0,2021-09-06 17:29:36-05:00
2,2,0,0,0,0,2021-09-06 17:42:39-05:00
2,2,0,0,0,0,2021-09-06 19:26:10-05:00
2,2,0,0,2,0,2021-09-06 20:40:39-05:00
2,2,0,0,2,0,2021-09-07 18:13:12-05:00
2,2,0,0,2,0,2021-09-07 21:30:25-05:00
2,2,0,0,2,0,2021-09-08 19:04:38-05:00
2,2,0,0,2,0,2021-09-08 19:07:21-05:00
0,0,0,0,0,0,2021-09-08 19:09:27-05:00
2,4,0,0,0,0,2021-09-17 18:36:08-05:00
2,2,0,0,2,0,2021-09-20 18:26:00-05:00
2,2,0,2,2,2,2021-09-22 20:13:25-05:00
2,2,2,2,0,0,2021-09-25 16:08:31-05:00
2,2,2,2,0,0,2021-09-25 17:11:34-05:00
2,2,2,2,2,2,2021-10-04 15:04:48-05:00
0,0,0,0,0,0,2021-10-05 17:48:39-05:00
2,2,2,2,2,2,2021-10-07 11:05:52-05:00
0,0,0,0,0,0,2021-10-07 11:06:02-05:00
1,1,1,1,1,1,2021-10-10 20:47:25-05:00
3,3,3,3,3,3,2021-10-11 19:55:24-05:00
0,0,0,0,0,0,2021-10-11 19:55:41-05:00
0,0,0,0,0,0,2021-10-11 21:28:23-05:00
2,2,2,2,0,2,2021-10-12 17:53:55-05:00
0,0,0,0,0,0,2021-10-12 17:54:04-05:00
3,3,2,2,1,0,2021-10-12 18:00:23-05:00
2,2,2,2,2,0,2021-10-13 21:00:59-05:00
2,2,0,0,0,0,2021-10-14 20:14:11-05:00
1,1,0,0,0,0,2021-10-17 18:06:07-05:00
0,0,0,0,0,0,2021-10-17 18:08:44-05:00
2,2,2,2,2,0,2021-10-18 20:07:24-05:00
2,2,2,2,2,0,2021-10-19 18:39:15-05:00
2,2,2,2,2,0,2021-10-19 22:28:32-05:00
0,0,0,0,0,0,2021-10-19 22:28:45-05:00
2,2,0,2,0,2,2021-10-22 16:07:06-05:00
0,2,2,2,0,2,2021-10-24 15:02:15-05:00
0,2,2,2,0,2,2021-10-24 16:02:13-05:00
2,2,2,2,0,0,2021-11-01 19:27:47-05:00
2,2,2,2,0,0,2021-11-02 18:57:34-05:00
2,2,2,2,2,2,2021-11-03 19:57:36-05:00
2,2,0,2,2,0,2021-11-03 20:56:19-05:00
2,2,2,2,2,0,2021-11-20 11:18:59-06:00
2,2,2,2,2,0,2021-11-21 22:22:18-06:00
2,2,0,2,2,2,2021-11-23 18:37:38-06:00
0,0,0,0,0,0,2021-12-27 09:52:30-06:00
0,2,2,2,2,2,2022-01-08 18:47:22-06:00
2,2,2,2,2,2,2022-01-10 20:24:49-06:00
0,0,0,0,0,0,2022-01-10 20:26:23-06:00
