Acquisition,Preparation,Modeling,Training,Evaluation,Prediction,time
0,0,0,0,0,0,2018-10-28 16:51:38+08:00
0,0,0,0,0,0,2018-10-28 17:04:52+08:00
0,0,0,0,0,0,2018-10-29 22:51:41+08:00
0,0,0,0,0,0,2018-10-29 22:52:27+08:00
0,0,0,0,0,0,2018-10-29 22:56:10+08:00
0,0,0,0,0,0,2018-11-04 22:33:42+08:00
0,0,0,0,0,0,2018-11-04 22:34:03+08:00
0,0,0,0,0,0,2018-11-05 19:18:05+08:00
0,1,0,0,0,0,2018-11-06 20:16:55+08:00
0,1,0,0,0,0,2018-11-06 20:49:24+08:00
0,0,0,0,0,0,2018-11-06 20:50:20+08:00
0,0,0,0,0,0,2018-11-07 08:50:37+08:00
0,1,0,0,0,0,2018-11-07 14:41:25+08:00
0,0,0,0,0,0,2018-11-07 15:41:57+08:00
0,0,0,0,0,0,2018-11-07 15:57:52+08:00
0,1,0,0,0,0,2018-11-14 09:57:27+08:00
0,1,0,0,0,0,2018-11-14 18:05:52+08:00
0,1,0,0,0,0,2018-11-15 20:33:08+08:00
0,1,0,0,0,0,2018-11-15 22:32:33+08:00
0,0,0,0,0,0,2018-11-16 17:33:38+08:00
0,0,0,0,0,0,2018-11-16 17:34:55+08:00
0,1,0,0,0,0,2018-11-16 20:46:07+08:00
0,1,0,0,0,0,2018-11-16 23:20:29+08:00
0,1,0,0,0,0,2018-11-17 01:39:47+08:00
0,1,0,0,0,0,2018-11-17 01:45:17+08:00
0,1,0,0,0,0,2018-11-18 15:37:50+08:00
0,1,0,0,0,0,2018-11-18 16:15:36+08:00
0,0,0,0,0,0,2018-11-18 16:20:16+08:00
0,0,0,0,0,0,2018-11-18 16:28:17+08:00
0,0,0,0,0,0,2018-11-18 16:29:49+08:00
0,1,0,0,0,0,2018-11-18 16:33:03+08:00
0,1,0,0,0,0,2018-11-18 16:40:38+08:00
0,1,0,0,0,0,2018-11-18 17:03:55+08:00
0,1,0,0,0,0,2018-11-18 17:09:18+08:00
0,1,0,0,0,0,2018-11-19 13:11:52+08:00
0,1,0,0,0,0,2018-11-19 14:44:48+08:00
0,1,0,0,0,0,2018-11-19 15:18:31+08:00
0,0,0,0,0,0,2018-11-19 15:35:53+08:00
0,1,0,0,0,0,2018-11-21 16:14:37+08:00
0,1,0,0,0,0,2018-11-21 20:04:34+08:00
0,1,0,0,0,0,2018-11-22 10:25:33+08:00
0,1,0,0,0,0,2018-11-22 13:07:58+08:00
0,1,0,0,0,0,2018-11-22 21:48:00+08:00
0,0,0,0,0,0,2018-11-22 21:49:54+08:00
0,1,0,0,0,0,2018-11-23 15:28:49+08:00
0,0,0,0,0,0,2018-11-23 15:35:13+08:00
0,1,0,0,0,0,2018-11-24 04:05:27+08:00
0,3,0,0,0,0,2018-11-26 13:11:11+08:00
0,0,0,0,0,0,2018-11-27 00:24:37+08:00
0,0,0,0,0,0,2018-11-27 12:21:46+08:00
0,0,0,0,0,0,2018-11-27 15:49:10+08:00
0,0,0,0,0,0,2018-11-27 16:29:34+08:00
0,1,0,0,0,0,2018-11-27 21:20:56+08:00
0,0,0,0,0,0,2018-11-27 22:46:46+08:00
0,1,0,0,0,0,2018-11-28 10:42:50+08:00
0,1,0,0,0,0,2018-11-28 13:31:20+08:00
0,3,0,0,0,0,2018-12-01 17:41:27+08:00
0,0,0,0,0,0,2018-12-02 22:29:43+08:00
0,2,0,0,0,0,2018-12-02 23:05:08+08:00
0,0,0,0,0,0,2018-12-02 23:22:13+08:00
0,0,0,0,0,0,2018-12-02 23:39:29+08:00
0,1,0,0,0,0,2018-12-03 00:53:42+08:00
0,1,0,0,0,0,2018-12-03 01:01:39+08:00
0,6,0,0,0,0,2018-12-05 21:15:47+08:00
0,3,0,0,0,0,2018-12-07 21:43:10+08:00
0,0,0,0,0,0,2018-12-08 13:31:51+08:00
0,2,0,0,0,0,2018-12-09 16:33:16+08:00
0,1,0,0,0,0,2018-12-09 16:35:55+08:00
0,0,0,0,0,0,2018-12-09 16:39:38+08:00
0,1,0,0,0,0,2018-12-09 17:13:50+08:00
0,1,0,0,0,0,2018-12-10 10:06:26+08:00
0,3,0,0,0,0,2018-12-10 10:22:50+08:00
0,1,0,0,0,0,2018-12-10 11:30:24+08:00
0,1,0,0,0,0,2018-12-11 19:00:55+08:00
0,1,0,0,0,0,2018-12-11 21:41:41+08:00
0,2,0,0,0,0,2018-12-12 14:22:36+08:00
0,2,0,0,0,0,2018-12-14 19:50:52+08:00
0,0,0,0,0,0,2018-12-14 20:06:03+08:00
0,0,0,0,0,0,2019-01-21 22:10:00+08:00
0,0,0,0,0,0,2019-01-21 22:14:33+08:00
0,0,0,0,0,0,2019-02-20 17:25:47+08:00
