Acquisition,Preparation,Modeling,Training,Evaluation,Prediction,time
18,26,8,2,6,4,2020-06-28 15:25:41+02:00
0,0,0,0,0,0,2020-06-29 20:38:03+02:00
1,2,2,0,0,0,2020-07-03 14:42:15+02:00
0,1,1,0,0,0,2020-07-03 14:45:39+02:00
3,4,3,0,2,0,2020-07-04 17:47:45+02:00
2,2,3,0,0,2,2020-07-15 23:04:02+02:00
0,0,0,0,0,0,2020-07-15 23:05:43+02:00
0,0,0,0,0,0,2020-07-17 13:52:20+02:00
2,3,2,0,1,0,2020-07-18 16:08:05+02:00
1,1,1,0,0,0,2020-08-12 13:37:24+02:00
0,0,0,0,0,0,2020-08-12 13:44:33+02:00
0,1,0,0,0,0,2020-08-12 14:38:04+02:00
0,0,0,0,0,0,2020-08-13 13:03:31+02:00
0,0,0,0,0,0,2020-08-13 13:05:46+02:00
0,0,0,0,0,0,2020-08-13 13:12:07+02:00
0,0,0,0,0,0,2020-08-13 13:15:03+02:00
0,0,0,0,0,0,2020-08-13 13:20:24+02:00
1,0,0,0,0,0,2020-08-13 13:28:06+02:00
0,1,0,0,0,0,2020-08-13 13:36:24+02:00
1,1,0,0,0,0,2020-08-13 13:46:01+02:00
0,0,0,0,0,0,2020-08-13 13:48:11+02:00
0,0,0,0,0,0,2020-08-13 14:01:12+02:00
5,4,4,2,0,0,2020-08-13 14:07:39+02:00
0,0,0,1,0,0,2020-08-13 14:11:00+02:00
1,1,0,0,1,0,2020-08-13 14:21:26+02:00
0,0,0,0,0,0,2020-08-13 14:24:49+02:00
0,0,0,0,0,0,2020-08-13 14:29:35+02:00
2,2,0,1,1,0,2020-08-14 18:47:49+02:00
0,0,0,0,0,0,2020-08-25 21:30:49+02:00
0,0,0,0,0,0,2020-08-25 22:26:05+02:00
0,0,0,0,0,0,2020-08-28 15:31:48+02:00
0,0,0,0,0,0,2020-08-28 15:35:31+02:00
0,0,0,0,0,0,2020-08-28 15:38:55+02:00
3,4,3,1,0,2,2020-08-30 16:35:55+02:00
0,1,1,0,0,0,2020-08-30 16:39:50+02:00
0,1,1,0,0,0,2020-08-30 17:06:19+02:00
0,0,0,0,0,0,2020-08-30 17:09:27+02:00
0,1,1,0,0,0,2020-08-30 17:25:38+02:00
0,0,0,0,0,0,2020-08-30 17:38:18+02:00
0,0,0,0,0,0,2020-08-30 17:51:49+02:00
11,9,6,2,0,6,2020-09-08 22:34:27+02:00
7,5,0,2,0,4,2020-09-11 22:33:47+02:00
2,4,2,0,2,0,2020-09-12 12:27:39+02:00
2,2,2,0,0,0,2020-09-12 12:58:56+02:00
2,2,3,0,0,2,2020-09-13 17:43:46+02:00
0,0,0,0,0,0,2020-09-13 17:53:27+02:00
0,1,1,0,0,0,2020-09-13 18:34:38+02:00
0,0,0,0,0,0,2020-09-13 18:35:28+02:00
0,1,1,0,0,0,2020-09-13 19:04:49+02:00
0,1,1,0,0,0,2020-09-13 20:40:59+02:00
1,0,0,0,0,1,2020-09-15 22:39:02+02:00
0,0,0,0,0,0,2020-09-15 22:39:37+02:00
0,0,0,0,0,0,2020-09-15 22:46:13+02:00
0,0,0,0,0,0,2020-09-15 22:51:12+02:00
