Acquisition,Preparation,Modeling,Training,Evaluation,Prediction,time
7,6,1,0,1,0,2018-10-23 12:41:53-04:00
0,0,0,0,0,0,2018-10-23 12:48:23-04:00
1,0,0,0,0,0,2018-10-23 12:48:43-04:00
0,0,0,0,0,0,2018-10-23 12:51:35-04:00
1,1,0,0,0,0,2018-10-23 13:04:17-04:00
1,1,0,0,0,0,2018-10-23 13:17:14-04:00
0,0,0,0,0,0,2018-10-23 13:19:13-04:00
0,1,0,0,0,0,2018-10-23 13:23:49-04:00
1,1,1,0,1,0,2018-10-23 13:46:51-04:00
1,1,0,0,0,0,2018-10-23 13:53:30-04:00
0,0,0,0,0,0,2018-10-23 13:55:04-04:00
1,1,0,0,0,0,2018-10-23 13:59:52-04:00
1,1,0,0,0,0,2018-10-23 14:00:10-04:00
1,1,0,0,0,0,2018-10-23 14:03:59-04:00
0,0,0,0,0,0,2018-10-23 14:05:20-04:00
7,6,1,0,1,0,2018-10-23 15:04:34-04:00
0,0,0,0,0,0,2018-10-23 15:05:11-04:00
0,0,0,0,0,0,2018-10-23 15:05:37-04:00
0,0,0,0,0,0,2018-10-23 15:05:53-04:00
0,0,0,0,0,0,2018-10-23 15:06:05-04:00
0,0,0,0,0,0,2018-10-23 15:06:27-04:00
1,0,0,0,0,0,2018-10-23 15:07:19-04:00
0,0,0,0,0,0,2018-10-26 09:06:59-04:00
0,0,0,0,0,0,2018-10-26 09:08:22-04:00
1,1,0,0,0,0,2018-10-26 09:08:56-04:00
2,2,0,0,0,0,2018-10-26 09:09:40-04:00
0,0,0,0,0,0,2018-10-26 09:10:49-04:00
0,0,0,0,0,0,2018-10-26 10:39:39-04:00
0,0,0,0,0,0,2018-10-30 17:16:35-04:00
1,1,1,0,1,0,2018-10-30 17:17:21-04:00
0,0,0,0,0,0,2018-10-30 17:17:42-04:00
0,0,0,0,0,0,2018-10-30 17:33:48-04:00
1,0,0,0,0,0,2018-10-30 17:34:40-04:00
0,0,0,0,0,0,2018-10-30 17:36:08-04:00
0,0,0,0,0,0,2018-10-30 17:36:56-04:00
0,0,0,0,0,0,2020-03-20 12:03:02-04:00
0,0,0,0,0,0,2020-03-23 13:14:09-04:00
0,0,0,0,0,0,2021-01-21 14:20:45-05:00
1,1,1,0,1,0,2021-02-16 15:38:46-05:00
3,4,1,0,1,0,2021-02-23 13:06:52-05:00
1,1,0,0,0,0,2021-02-23 17:20:33-05:00
0,0,0,0,0,0,2021-02-25 15:07:52-05:00
0,0,0,0,0,0,2021-02-25 16:04:07-05:00
0,0,0,0,0,0,2021-02-25 16:09:46-05:00
0,0,0,0,0,0,2021-02-25 17:32:37-05:00
1,1,1,0,1,0,2021-02-26 10:55:12-05:00
0,0,0,0,0,0,2021-03-04 12:24:22-05:00
0,0,0,0,0,0,2021-03-04 12:35:26-05:00
0,0,0,0,0,0,2021-03-04 12:37:22-05:00
1,1,1,0,1,0,2021-03-04 13:07:36-05:00
0,0,0,0,0,0,2021-03-04 13:07:41-05:00
0,0,0,0,0,0,2021-03-04 13:08:49-05:00
0,0,0,0,0,0,2021-03-04 13:19:13-05:00
0,0,0,0,0,0,2021-03-04 13:29:23-05:00
0,0,0,0,0,0,2021-03-30 10:19:29-04:00
1,1,1,0,1,0,2021-03-30 13:51:47-04:00
0,0,0,0,0,0,2021-03-30 14:19:19-04:00
0,0,0,0,0,0,2021-03-31 16:34:22-04:00
1,1,0,0,0,0,2021-03-31 17:59:23-04:00
0,0,0,0,0,0,2021-03-31 17:59:29-04:00
0,0,0,0,0,0,2021-03-31 18:00:30-04:00
1,1,0,0,0,0,2021-04-01 11:08:07-04:00
0,0,0,0,0,0,2021-04-01 11:11:02-04:00
0,0,0,0,0,0,2021-04-01 11:46:49-04:00
1,1,1,0,1,0,2021-04-01 11:53:41-04:00
0,0,0,0,0,0,2021-04-01 17:39:14-04:00
1,1,1,0,1,0,2021-04-01 17:40:11-04:00
0,0,0,0,0,0,2021-04-01 17:42:52-04:00
0,0,0,0,0,0,2021-04-01 17:47:11-04:00
1,1,1,0,1,0,2021-04-06 10:26:26-04:00
0,0,0,0,0,0,2021-04-06 10:27:22-04:00
0,0,0,0,0,0,2021-04-06 10:31:05-04:00
0,0,0,0,0,0,2021-04-07 13:49:05-04:00
0,0,0,0,0,0,2021-04-07 13:49:25-04:00
0,0,0,0,0,0,2021-04-08 13:38:24-04:00
0,0,0,0,0,0,2021-04-08 13:41:08-04:00
0,0,0,0,0,0,2021-04-15 13:26:52-04:00
0,0,0,0,0,0,2021-04-15 13:28:50-04:00
0,0,0,0,0,0,2021-04-15 13:29:51-04:00
0,0,0,0,0,0,2021-04-21 10:33:42-04:00
0,0,0,0,0,0,2021-06-03 16:18:55-04:00
0,0,0,0,0,0,2021-06-03 16:19:21-04:00
0,0,0,0,0,0,2021-06-03 16:23:40-04:00
1,0,0,0,0,0,2021-06-03 16:24:16-04:00
0,0,0,0,0,0,2021-06-03 16:34:00-04:00
0,0,0,0,0,0,2021-06-03 16:36:09-04:00
0,0,0,0,0,0,2021-06-10 17:21:27-04:00
0,0,0,0,0,0,2021-06-10 17:21:53-04:00
0,0,0,0,0,0,2021-06-10 17:22:08-04:00
0,0,0,0,0,0,2021-06-10 17:23:19-04:00
0,0,0,0,0,0,2021-06-10 17:23:54-04:00
0,0,0,0,0,0,2021-06-10 17:24:47-04:00
0,0,0,0,0,0,2021-06-10 17:25:54-04:00
4,4,1,0,1,0,2021-06-10 17:27:07-04:00
0,0,0,0,0,0,2021-06-10 17:27:56-04:00
0,0,0,0,0,0,2021-06-10 17:28:20-04:00
7,6,1,0,1,0,2021-06-10 18:06:41-04:00
0,0,0,0,0,0,2021-06-10 18:07:27-04:00
0,0,0,0,0,0,2021-06-10 18:16:41-04:00
0,0,0,0,0,0,2021-06-17 09:27:07-04:00
0,0,0,0,0,0,2021-06-17 12:37:43-04:00
0,0,0,0,0,0,2021-06-18 16:18:19-04:00
0,0,0,0,0,0,2021-06-23 11:43:59-04:00
0,0,0,0,0,0,2021-06-23 16:25:44-04:00
1,17,0,1,2,0,2021-06-24 13:19:51-04:00
0,0,0,0,0,0,2021-06-30 10:38:52-04:00
0,0,0,0,0,0,2021-06-30 10:40:13-04:00
0,0,0,0,0,0,2021-06-30 11:19:19-04:00
1,1,0,0,0,0,2021-06-30 16:07:58-04:00
0,0,0,0,0,0,2021-07-01 09:24:01-04:00
0,0,0,0,0,0,2021-07-08 14:09:21-04:00
0,0,0,0,0,0,2021-07-08 14:15:06-04:00
0,0,0,0,0,0,2021-07-09 09:58:04-04:00
0,0,0,0,0,0,2021-07-09 10:11:31-04:00
0,0,0,0,0,0,2021-07-09 10:39:21-04:00
1,17,0,1,2,0,2021-07-15 10:41:39-04:00
0,0,0,0,0,0,2021-07-15 10:45:05-04:00
0,0,0,0,0,0,2021-07-15 12:23:16-04:00
1,1,1,0,1,0,2021-07-15 12:23:46-04:00
0,0,0,0,0,0,2021-07-15 12:52:17-04:00
0,0,0,0,0,0,2021-07-15 13:47:21-04:00
0,0,0,0,0,0,2021-07-15 13:49:02-04:00
0,0,0,0,0,0,2021-07-15 13:56:28-04:00
0,0,0,0,0,0,2021-07-15 13:56:42-04:00
0,0,0,0,0,0,2021-07-15 14:03:43-04:00
0,0,0,0,0,0,2021-07-15 14:03:48-04:00
0,0,0,0,0,0,2021-07-15 14:32:16-04:00
0,0,0,0,0,0,2021-07-15 14:40:17-04:00
0,0,0,0,0,0,2021-07-15 14:40:32-04:00
0,0,0,0,0,0,2021-07-15 15:25:39-04:00
0,0,0,0,0,0,2021-07-15 15:25:43-04:00
0,0,0,0,0,0,2021-07-15 15:32:20-04:00
0,0,0,0,0,0,2021-07-15 15:32:46-04:00
0,0,0,0,0,0,2021-07-15 16:18:49-04:00
0,0,0,0,0,0,2021-07-15 17:15:33-04:00
1,1,1,0,1,0,2021-07-15 17:16:15-04:00
0,0,0,0,0,0,2021-07-15 17:42:27-04:00
0,0,0,0,0,0,2021-07-15 18:11:30-04:00
0,0,0,0,0,0,2021-07-15 18:11:49-04:00
0,0,0,0,0,0,2021-07-15 18:17:07-04:00
0,0,0,0,0,0,2021-07-15 18:17:54-04:00
0,0,0,0,0,0,2021-07-15 18:18:20-04:00
0,0,0,0,0,0,2021-07-15 18:18:47-04:00
0,0,0,0,0,0,2021-07-22 09:21:59-04:00
0,0,0,0,0,0,2021-07-22 09:22:15-04:00
0,0,0,0,0,0,2021-07-22 09:46:41-04:00
0,0,0,0,0,0,2021-07-22 12:44:24-04:00
0,0,0,0,0,0,2021-07-22 14:50:52-04:00
0,0,0,0,0,0,2021-07-22 14:51:17-04:00
0,0,0,0,0,0,2021-07-22 14:51:27-04:00
0,0,0,0,0,0,2021-07-22 14:53:06-04:00
0,0,0,0,0,0,2021-07-22 14:53:12-04:00
0,0,0,0,0,0,2021-07-22 14:53:54-04:00
1,1,0,0,0,0,2021-07-22 14:54:17-04:00
0,0,0,0,0,0,2021-07-22 14:54:37-04:00
0,0,0,0,0,0,2021-07-22 14:54:59-04:00
0,0,0,0,0,0,2021-07-22 16:34:40-04:00
0,0,0,0,0,0,2021-07-22 16:35:14-04:00
0,0,0,0,0,0,2021-07-29 11:38:27-04:00
0,0,0,0,0,0,2021-07-29 11:38:33-04:00
0,0,0,0,0,0,2021-07-29 11:39:54-04:00
0,0,0,0,0,0,2021-07-29 11:40:07-04:00
0,0,0,0,0,0,2021-07-29 12:14:02-04:00
0,0,0,0,0,0,2021-07-29 16:20:16-04:00
0,0,0,0,0,0,2021-07-29 16:30:09-04:00
