Acquisition,Preparation,Modeling,Training,Evaluation,Prediction,time
0,1,0,1,0,1,2019-10-31 18:35:55+00:00
0,1,0,1,0,1,2019-10-31 21:23:27+00:00
0,1,0,1,0,2,2019-10-31 22:04:04+00:00
0,1,0,1,0,1,2019-11-01 12:18:28+00:00
0,0,0,0,0,1,2019-11-01 12:18:51+00:00
0,0,0,0,0,0,2019-11-01 12:19:06+00:00
0,0,0,0,0,0,2019-11-01 13:47:27+00:00
0,0,0,0,0,0,2019-11-03 14:35:22+00:00
0,0,0,0,0,2,2019-11-03 16:31:15+00:00
0,0,0,0,0,0,2019-11-03 16:34:50+00:00
0,0,0,0,0,0,2019-11-03 16:46:33+00:00
0,1,0,0,0,1,2019-11-03 18:01:55+00:00
0,1,0,0,0,1,2019-11-05 09:12:21+00:00
0,0,0,0,0,0,2019-11-06 18:56:47+00:00
0,0,0,0,0,0,2019-11-06 19:08:34+00:00
0,0,0,0,0,0,2019-11-06 19:09:31+00:00
0,0,0,0,0,0,2019-11-06 19:13:27+00:00
0,0,0,0,0,0,2019-11-06 19:17:32+00:00
0,0,0,0,0,0,2019-11-06 19:23:35+00:00
0,0,0,0,0,0,2019-11-06 19:26:52+00:00
0,0,0,0,0,0,2019-11-06 19:32:50+00:00
0,1,0,0,0,1,2019-11-06 19:43:22+00:00
0,0,0,0,0,0,2019-11-06 19:45:26+00:00
0,0,0,0,0,0,2019-11-06 19:49:35+00:00
0,0,0,0,0,0,2019-11-06 19:50:21+00:00
0,0,0,0,0,0,2019-11-06 19:54:56+00:00
0,0,0,0,0,0,2019-11-06 19:58:43+00:00
0,3,0,0,0,4,2019-11-07 07:52:34+00:00
0,0,0,0,0,0,2019-11-07 07:53:04+00:00
0,0,0,0,0,0,2019-11-07 15:39:59+00:00
0,0,0,0,0,0,2019-11-07 15:43:07+00:00
0,1,0,0,0,1,2019-11-07 15:55:20+00:00
0,1,0,0,0,1,2019-11-07 15:58:32+00:00
0,0,0,0,0,0,2019-11-07 15:58:53+00:00
0,0,0,0,0,0,2019-11-07 16:13:12+00:00
0,0,0,0,0,0,2019-11-07 16:18:14+00:00
0,0,0,0,0,0,2019-11-07 16:20:39+00:00
0,0,0,0,0,0,2019-11-07 16:34:28+00:00
0,0,0,0,0,0,2019-11-07 16:35:40+00:00
0,0,0,0,0,0,2019-11-07 16:38:09+00:00
0,0,0,0,0,0,2019-11-07 16:41:06+00:00
0,0,0,0,0,0,2019-11-07 16:43:10+00:00
0,0,0,0,0,0,2019-11-07 16:45:11+00:00
0,0,0,0,0,0,2019-11-07 16:50:44+00:00
0,0,0,0,0,0,2019-11-07 16:51:56+00:00
0,0,0,0,0,0,2019-11-07 17:12:08+00:00
0,0,0,0,0,0,2019-11-07 17:15:35+00:00
0,0,0,0,0,0,2019-11-07 17:17:51+00:00
0,0,0,0,0,0,2019-11-07 17:23:14+00:00
0,0,0,0,0,0,2019-11-07 17:30:08+00:00
0,0,0,0,0,0,2019-11-07 17:30:40+00:00
0,0,0,0,0,0,2019-11-07 17:40:44+00:00
0,0,0,0,0,0,2019-11-07 19:57:18+00:00
0,0,0,0,0,0,2019-11-07 20:03:21+00:00
0,0,0,0,0,0,2019-11-07 20:04:04+00:00
0,0,0,0,0,0,2019-11-07 20:09:32+00:00
0,0,0,0,0,0,2019-11-07 20:13:46+00:00
0,0,0,0,0,0,2019-11-07 20:16:10+00:00
0,0,0,0,0,0,2019-11-07 20:18:27+00:00
0,0,0,0,0,0,2019-11-08 16:39:41+00:00
0,0,0,0,0,0,2019-11-08 17:13:21+00:00
0,1,0,0,0,1,2019-11-08 17:25:26+00:00
0,1,0,0,0,1,2019-11-08 17:43:42+00:00
0,0,0,0,0,0,2019-11-08 18:03:56+00:00
0,0,0,0,0,0,2019-11-08 18:11:20+00:00
0,0,0,0,0,0,2019-11-08 18:14:31+00:00
0,0,0,0,0,0,2019-11-08 18:24:07+00:00
0,1,0,0,0,1,2019-11-08 18:58:25+00:00
0,1,0,0,0,1,2019-11-08 19:03:11+00:00
0,1,0,0,0,1,2019-11-08 19:17:46+00:00
0,0,0,0,0,0,2019-11-08 19:22:54+00:00
0,1,0,0,0,1,2019-11-09 10:43:07+00:00
0,1,0,0,0,1,2019-11-09 11:01:46+00:00
0,0,0,0,0,0,2019-11-09 11:05:37+00:00
0,1,0,0,0,1,2019-11-09 11:18:09+00:00
0,1,0,0,0,1,2019-11-09 11:27:54+00:00
0,1,0,0,0,1,2019-11-09 11:43:47+00:00
0,1,0,0,0,1,2019-11-09 12:54:09+00:00
0,0,0,0,0,0,2019-11-09 12:55:06+00:00
0,0,0,0,0,0,2019-11-09 13:00:02+00:00
0,0,0,0,0,0,2019-11-09 13:18:04+00:00
0,0,0,0,0,0,2019-11-09 13:24:12+00:00
0,0,0,0,0,0,2019-11-09 13:47:10+00:00
0,1,0,0,0,1,2019-11-09 19:15:53+00:00
0,1,0,0,0,1,2019-11-09 19:29:10+00:00
0,0,0,0,0,0,2019-11-10 16:43:31+00:00
0,0,0,0,0,0,2019-11-10 16:46:23+00:00
0,0,0,0,0,0,2019-11-10 16:49:36+00:00
0,0,0,0,0,0,2019-11-10 16:52:30+00:00
0,0,0,0,0,0,2019-11-10 16:56:41+00:00
0,0,0,0,0,0,2019-11-10 17:01:39+00:00
0,0,0,0,0,0,2019-11-10 17:10:25+00:00
0,0,0,0,0,0,2019-11-10 17:42:48+00:00
0,0,0,0,0,0,2019-11-10 17:45:58+00:00
0,0,0,0,0,0,2019-11-11 10:34:59+00:00
0,0,0,0,0,0,2019-11-11 10:35:48+00:00
0,0,0,0,0,0,2019-11-21 18:24:22+00:00
0,0,0,0,0,0,2019-12-03 15:31:11+00:00
0,0,0,0,0,0,2019-12-03 16:10:14+00:00
0,0,0,0,0,0,2019-12-03 16:22:37+00:00
0,0,0,0,0,0,2019-12-03 16:25:25+00:00
0,1,0,1,0,1,2020-02-14 06:37:49+01:00
0,0,0,0,0,0,2020-02-28 11:49:28+00:00
