Acquisition,Preparation,Modeling,Training,Evaluation,Prediction,time
0,0,0,0,0,0,2017-09-23 14:15:29+03:00
0,0,0,0,0,0,2017-09-23 18:55:30+03:00
0,0,0,0,0,0,2017-09-23 19:27:31+03:00
0,0,0,0,0,0,2017-09-23 20:00:48+03:00
0,0,0,0,0,0,2017-09-23 20:01:13+03:00
0,0,0,0,0,0,2017-09-23 20:48:35+03:00
0,2,0,0,0,0,2017-09-24 21:35:04+02:00
0,0,0,0,0,0,2017-09-25 16:15:05+02:00
0,0,0,0,0,0,2017-09-25 16:15:18+02:00
0,0,0,0,0,0,2017-09-25 16:15:30+02:00
0,0,0,0,0,0,2017-09-25 16:16:02+02:00
0,0,0,0,0,0,2017-09-25 16:19:38+02:00
4,5,0,0,0,0,2017-09-28 23:17:39+02:00
0,0,0,0,0,0,2017-10-02 10:44:36+02:00
0,0,0,0,0,0,2017-10-03 23:30:31+02:00
0,0,0,0,0,0,2017-10-03 23:33:03+02:00
0,0,0,0,0,0,2017-10-04 18:33:18+02:00
1,1,0,0,0,0,2017-10-06 23:42:05+02:00
0,0,0,0,0,0,2017-10-07 10:13:02+02:00
0,0,0,0,0,0,2017-10-07 10:23:15+02:00
0,0,0,0,0,0,2017-10-07 10:23:35+02:00
5,4,1,1,0,0,2017-10-15 21:31:18+02:00
0,0,0,0,0,0,2017-10-17 12:58:15+02:00
0,0,0,0,0,0,2017-10-17 13:04:36+02:00
0,0,0,0,0,0,2017-10-17 13:08:13+02:00
0,0,0,0,0,0,2017-10-17 13:08:23+02:00
0,0,0,0,0,0,2017-10-17 13:09:47+02:00
2,1,0,0,0,0,2017-10-22 17:38:30+02:00
0,0,0,0,0,0,2017-10-23 18:50:17+02:00
0,0,0,0,0,0,2017-10-23 19:15:39+02:00
0,0,0,0,0,0,2017-11-06 11:32:18+03:00
0,0,0,0,0,0,2017-11-06 11:34:03+03:00
0,0,0,0,0,0,2017-11-06 11:34:37+03:00
0,0,0,0,0,0,2017-11-06 15:10:01+03:00
0,0,0,0,0,0,2017-11-06 15:38:02+03:00
0,0,0,0,0,0,2017-11-06 16:04:55+03:00
0,0,0,0,0,0,2017-11-06 16:16:45+03:00
0,0,0,0,0,0,2017-11-06 18:05:39+03:00
0,0,0,0,0,0,2017-11-06 19:03:53+03:00
3,3,1,1,0,0,2017-11-19 03:14:06+01:00
2,2,0,0,0,0,2017-11-19 05:00:45+01:00
0,0,0,0,0,0,2017-11-20 20:18:18+01:00
0,0,0,0,0,0,2017-11-20 20:18:34+01:00
0,0,0,0,0,0,2017-11-20 20:19:45+01:00
0,0,0,0,0,0,2017-11-20 21:01:53+01:00
3,2,0,0,0,0,2017-11-26 17:32:44+01:00
0,0,0,0,0,0,2017-11-26 19:30:17+01:00
0,0,0,0,0,0,2017-11-26 19:30:28+01:00
0,0,0,0,0,0,2017-11-27 22:40:20+01:00
0,0,0,0,0,0,2017-11-27 22:53:05+01:00
0,0,0,0,0,0,2017-11-28 00:20:18+01:00
0,0,0,0,0,0,2017-12-04 23:35:58+01:00
0,0,0,0,0,0,2017-12-04 23:44:31+01:00
0,0,0,0,0,0,2017-12-07 20:43:44+01:00
0,0,0,0,0,0,2017-12-07 20:44:12+01:00
0,0,0,0,0,0,2017-12-07 21:36:17+01:00
0,0,0,0,0,0,2017-12-07 21:38:58+01:00
0,0,0,0,0,0,2017-12-07 22:03:07+01:00
0,0,0,0,0,0,2017-12-07 22:13:18+01:00
1,1,0,0,0,0,2017-12-07 22:17:03+01:00
0,0,0,0,0,0,2017-12-07 22:20:51+01:00
1,1,0,0,0,0,2017-12-07 22:26:50+01:00
0,0,0,0,0,0,2017-12-07 22:29:38+01:00
0,0,0,0,0,0,2017-12-07 23:18:59+01:00
1,1,0,0,0,0,2017-12-07 23:30:14+01:00
1,1,0,0,0,0,2017-12-07 23:33:52+01:00
10,8,2,2,0,0,2017-12-07 23:46:10+01:00
0,0,0,0,0,0,2017-12-07 23:49:51+01:00
11,9,2,2,0,0,2017-12-07 23:56:29+01:00
0,0,0,0,0,0,2017-12-08 00:02:56+01:00
0,0,0,0,0,0,2017-12-08 00:08:04+01:00
0,0,0,0,0,0,2017-12-08 00:10:25+01:00
0,0,0,0,0,0,2017-12-08 00:28:43+01:00
0,0,0,0,0,0,2017-12-08 00:30:14+01:00
0,0,0,0,0,0,2017-12-08 00:32:45+01:00
0,0,0,0,0,0,2017-12-08 00:48:05+01:00
0,0,0,0,0,0,2017-12-08 00:51:04+01:00
1,1,0,0,0,0,2017-12-08 00:55:38+01:00
0,0,0,0,0,0,2017-12-08 01:21:15+01:00
0,0,0,0,0,0,2017-12-08 22:12:44+01:00
0,0,0,0,0,0,2017-12-08 22:28:29+01:00
0,0,0,0,0,0,2017-12-08 22:35:43+01:00
0,0,0,0,0,0,2017-12-08 22:44:06+01:00
0,0,0,0,0,0,2017-12-09 00:22:09+01:00
0,0,0,0,0,0,2017-12-09 01:13:24+01:00
0,0,0,0,0,0,2017-12-09 01:28:16+01:00
0,0,0,0,0,0,2017-12-09 01:30:49+01:00
0,0,0,0,0,0,2017-12-09 01:35:45+01:00
0,0,0,0,0,0,2017-12-09 01:37:35+01:00
0,0,0,0,0,0,2017-12-09 01:43:48+01:00
0,0,0,0,0,0,2017-12-09 01:46:52+01:00
0,0,0,0,0,0,2017-12-09 01:49:59+01:00
0,0,0,0,0,0,2017-12-09 01:57:11+01:00
0,0,0,0,0,0,2017-12-09 01:58:14+01:00
0,0,0,0,0,0,2017-12-09 01:59:45+01:00
0,0,0,0,0,0,2017-12-09 02:04:24+01:00
0,0,0,0,0,0,2017-12-12 21:52:00+01:00
0,0,0,0,0,0,2017-12-12 22:16:01+01:00
0,0,0,0,0,0,2017-12-12 22:20:51+01:00
0,0,0,0,0,0,2017-12-12 22:24:04+01:00
0,0,0,0,0,0,2017-12-12 22:25:02+01:00
0,0,0,0,0,0,2017-12-13 13:14:54+01:00
1,0,0,0,0,0,2017-12-13 19:08:22+01:00
0,0,0,0,0,0,2017-12-13 19:11:52+01:00
0,0,0,0,0,0,2017-12-13 19:12:05+01:00
0,0,0,0,0,0,2017-12-14 12:38:04+01:00
0,0,0,0,0,0,2017-12-14 12:40:56+01:00
0,0,0,0,0,0,2017-12-14 12:46:29+01:00
0,0,0,0,0,0,2017-12-14 12:48:34+01:00
0,0,0,0,0,0,2017-12-14 12:51:39+01:00
0,0,0,0,0,0,2017-12-14 15:04:33+01:00
0,0,0,0,0,0,2017-12-14 15:19:52+01:00
0,0,0,0,0,0,2017-12-14 19:13:56+01:00
0,0,0,0,0,0,2017-12-14 19:54:19+01:00
0,0,0,0,0,0,2017-12-14 19:56:13+01:00
0,0,0,0,0,0,2017-12-14 20:02:08+01:00
0,0,0,0,0,0,2017-12-14 20:05:45+01:00
0,0,0,0,0,0,2017-12-14 20:10:55+01:00
0,0,0,0,0,0,2017-12-14 20:15:47+01:00
0,0,0,0,0,0,2017-12-17 14:59:29+03:00
0,0,0,0,0,0,2017-12-17 15:04:59+03:00
0,0,0,0,0,0,2017-12-17 15:11:41+03:00
0,0,0,0,0,0,2017-12-17 15:15:58+03:00
0,0,0,0,0,0,2017-12-17 15:25:12+03:00
0,0,0,0,0,0,2017-12-17 16:26:47+03:00
0,0,0,0,0,0,2017-12-17 17:43:06+03:00
1,1,0,0,0,0,2017-12-17 18:47:19+03:00
0,0,0,0,0,0,2017-12-17 18:58:10+03:00
0,0,0,0,0,0,2017-12-17 22:14:43+03:00
0,0,0,0,0,0,2017-12-18 14:25:21+03:00
0,0,0,0,0,0,2017-12-20 14:55:16+03:00
0,0,0,0,0,0,2017-12-20 15:03:49+03:00
2,1,0,0,0,0,2017-12-25 14:05:08+03:00
0,0,0,0,0,0,2017-12-25 18:06:32+03:00
0,0,0,0,0,0,2018-01-10 21:36:29+01:00
0,0,0,0,0,0,2018-01-10 21:53:54+01:00
0,0,0,0,0,0,2018-11-08 23:36:54+01:00
