Acquisition,Preparation,Modeling,Training,Evaluation,Prediction,time
0,0,0,0,0,0,2020-07-15 13:30:48-04:00
0,0,0,0,0,0,2020-07-15 13:53:29-04:00
1,0,0,0,0,0,2020-07-15 14:09:17-04:00
1,0,0,0,0,0,2020-07-15 14:16:35-04:00
0,0,0,0,0,0,2020-07-15 14:23:48-04:00
0,0,0,0,0,0,2020-07-15 16:05:14-04:00
1,0,0,0,0,0,2020-07-15 16:06:39-04:00
0,0,0,0,0,0,2020-07-15 16:51:57-04:00
1,0,0,0,0,0,2020-07-15 17:25:38-04:00
0,0,0,0,0,0,2020-07-16 18:27:26-04:00
2,1,1,1,0,1,2020-07-16 19:16:52-04:00
1,1,0,0,0,1,2020-07-19 19:13:58-04:00
0,0,0,0,0,0,2020-07-19 20:16:07-04:00
0,0,0,0,0,0,2020-07-20 17:39:09-04:00
1,1,0,0,0,1,2020-07-20 19:49:04-04:00
1,1,0,0,0,1,2020-07-20 21:28:57-04:00
3,3,1,1,0,3,2020-07-20 22:01:42-04:00
3,3,1,1,0,3,2020-07-20 23:23:54-04:00
0,0,0,0,0,0,2020-07-20 23:39:06-04:00
0,0,0,0,0,0,2020-07-21 17:45:28-04:00
0,0,0,0,0,0,2020-07-21 17:46:21-04:00
0,0,0,0,0,0,2020-07-21 18:08:51-04:00
0,0,0,0,0,0,2020-07-21 18:14:08-04:00
0,0,0,0,0,0,2020-07-21 18:12:48-04:00
2,2,0,0,0,2,2020-08-06 17:02:25-04:00
0,0,0,0,0,0,2020-08-06 17:04:48-04:00
0,0,0,0,0,0,2020-08-06 17:06:00-04:00
2,2,0,0,0,2,2020-08-07 16:47:48-04:00
1,1,0,0,0,1,2020-08-07 17:43:09-04:00
1,0,0,0,0,0,2020-08-07 17:51:17-04:00
2,1,0,0,0,1,2020-08-08 17:39:15-04:00
0,0,0,0,0,0,2020-08-08 18:06:58-04:00
0,0,0,0,0,0,2020-08-08 18:39:55-04:00
0,0,0,0,0,0,2020-08-08 18:43:14-04:00
0,0,0,0,0,0,2020-08-11 18:01:11-04:00
0,0,0,0,0,0,2020-08-11 18:01:49-04:00
0,0,0,0,0,0,2020-08-11 18:15:10-04:00
1,0,0,0,0,0,2020-08-11 18:19:32-04:00
1,0,0,0,0,0,2020-08-11 18:21:14-04:00
1,0,0,0,0,0,2020-08-11 18:22:38-04:00
0,0,0,0,0,0,2020-08-11 18:59:08-04:00
0,0,0,0,0,0,2020-08-11 22:54:35-04:00
0,0,0,0,0,0,2020-08-11 23:47:36-04:00
0,0,0,0,0,0,2020-08-11 23:50:06-04:00
1,0,0,0,0,0,2020-08-14 16:33:52-05:00
0,0,0,0,0,0,2020-08-21 19:19:16-05:00
0,0,0,0,0,0,2020-08-21 19:26:58-05:00
0,0,0,0,0,0,2020-08-24 20:03:45-05:00
0,0,0,0,0,0,2020-08-31 16:10:40-05:00
0,0,0,0,0,0,2020-09-01 11:45:45-05:00
