Acquisition,Preparation,Modeling,Training,Evaluation,Prediction,time
0,0,0,0,0,0,2014-01-14 14:24:56-05:00
0,0,0,0,0,0,2014-01-14 14:54:00-05:00
0,0,0,0,0,0,2014-01-14 16:25:13-05:00
0,0,0,0,0,0,2014-01-14 16:57:34-05:00
0,0,0,0,0,0,2014-01-22 16:22:22-05:00
0,0,0,0,0,0,2014-01-22 16:48:26-05:00
0,0,0,0,0,0,2014-01-22 16:56:59-05:00
0,0,0,0,0,0,2014-01-22 16:57:26-05:00
0,0,0,0,0,0,2014-01-22 17:03:38-05:00
0,0,0,0,0,0,2014-01-22 17:07:46-05:00
0,0,0,0,0,0,2014-01-22 19:12:50-05:00
0,0,0,0,0,0,2014-01-23 19:56:45-05:00
0,0,0,0,0,0,2014-01-27 11:36:15-05:00
0,0,0,0,0,0,2014-01-28 10:56:46-05:00
0,0,0,0,0,0,2014-01-28 18:58:59-05:00
0,0,0,0,0,0,2014-01-29 09:54:54-05:00
0,0,0,0,0,0,2014-01-29 11:31:18-05:00
0,0,0,0,0,0,2014-01-30 19:07:49-05:00
0,0,0,0,0,0,2014-02-24 16:28:08-05:00
0,0,0,0,0,0,2014-03-06 13:11:18-05:00
0,0,0,0,0,0,2014-03-18 15:54:21-04:00
0,0,0,0,0,0,2014-03-18 16:19:17-04:00
0,0,0,0,0,0,2014-03-20 10:05:23-04:00
0,0,0,0,0,0,2014-03-20 13:51:56-04:00
0,0,0,0,0,0,2014-03-21 16:41:21-04:00
0,0,0,0,0,0,2014-03-21 16:56:27-04:00
0,0,0,0,0,0,2014-03-29 09:45:54-04:00
0,0,0,0,0,0,2014-03-29 11:09:45-04:00
0,0,0,0,0,0,2014-03-31 17:06:31-04:00
0,0,0,0,0,0,2014-03-31 17:12:52-04:00
0,0,0,0,0,0,2014-03-31 17:14:28-04:00
0,0,0,0,0,0,2014-03-31 17:23:32-04:00
0,0,0,0,0,0,2014-04-24 16:06:18-04:00
0,0,0,0,0,0,2014-04-24 16:35:48-04:00
0,0,0,0,0,0,2014-12-03 16:37:49-05:00
0,0,0,0,0,0,2014-12-03 17:32:31-05:00
0,0,0,0,0,0,2014-12-03 17:36:14-05:00
0,0,0,0,0,0,2014-12-03 18:35:11-05:00
0,0,0,0,0,0,2014-12-05 11:38:24-05:00
0,0,0,0,0,0,2014-12-05 14:08:42-05:00
0,0,0,0,0,0,2014-12-05 14:09:34-05:00
1,2,0,0,0,0,2014-12-09 12:13:38-05:00
0,0,0,0,0,0,2014-12-09 12:16:16-05:00
0,0,0,0,0,0,2014-12-09 12:27:15-05:00
0,0,0,0,0,0,2014-12-09 12:27:48-05:00
0,0,0,0,0,0,2014-12-11 12:33:26+00:00
0,1,0,0,0,0,2014-12-11 19:04:27+00:00
0,0,0,0,0,0,2014-12-12 16:53:27+00:00
1,2,0,0,0,0,2014-12-12 18:16:47+00:00
0,1,0,0,0,0,2014-12-15 14:47:55+00:00
0,1,0,0,0,0,2014-12-15 15:27:33+00:00
0,1,0,0,0,0,2014-12-15 15:27:33+00:00
0,0,0,0,0,0,2014-12-15 15:34:45+00:00
0,1,0,0,0,0,2014-12-16 11:40:30+00:00
1,3,0,0,0,0,2014-12-16 18:35:52+00:00
0,1,0,0,0,0,2014-12-19 18:21:11+00:00
1,1,0,0,0,0,2014-12-19 18:23:30+00:00
0,1,0,0,0,0,2014-12-19 18:30:04+00:00
0,0,0,0,0,0,2014-12-19 18:32:20+00:00
0,0,0,0,0,0,2014-12-19 18:32:55+00:00
0,0,0,0,0,0,2014-12-19 18:36:44+00:00
0,0,0,0,0,0,2014-12-19 18:38:41+00:00
0,0,0,0,0,0,2014-12-19 18:39:50+00:00
0,0,0,0,0,0,2014-12-19 18:41:04+00:00
0,0,0,0,0,0,2014-12-19 18:42:10+00:00
0,0,0,0,0,0,2014-12-19 18:43:15+00:00
0,0,0,0,0,0,2014-12-20 20:09:45+00:00
0,0,0,0,0,0,2014-12-20 20:49:51+00:00
0,0,0,0,0,0,2014-12-20 20:53:02+00:00
0,0,0,0,0,0,2014-12-23 10:02:54+00:00
0,0,0,0,0,0,2014-12-23 17:21:49+00:00
0,1,0,0,0,0,2014-12-23 17:23:54+00:00
0,0,0,0,0,0,2014-12-23 17:24:59+00:00
0,0,0,0,0,0,2014-12-23 17:47:16+00:00
0,0,0,0,0,0,2014-12-23 18:15:11+00:00
0,0,0,0,0,0,2014-12-23 18:16:34+00:00
0,0,0,0,0,0,2014-12-23 18:42:40+00:00
0,0,0,0,0,0,2014-12-23 18:57:02+00:00
0,0,0,0,0,0,2014-12-23 18:58:19+00:00
0,1,0,0,0,0,2014-12-23 19:35:59+00:00
0,0,0,0,0,0,2014-12-23 19:37:15+00:00
0,0,0,0,0,0,2015-01-01 15:29:14+00:00
0,0,0,0,0,0,2015-01-02 11:17:46+00:00
0,1,0,0,0,0,2015-01-02 11:18:39+00:00
0,1,0,0,0,0,2015-01-02 11:25:26+00:00
0,0,0,0,0,0,2015-01-02 11:26:28+00:00
0,0,0,0,0,0,2015-01-02 11:37:29+00:00
0,0,0,0,0,0,2015-01-02 11:38:42+00:00
0,0,0,0,0,0,2015-01-02 12:06:29+00:00
0,1,0,0,0,0,2015-01-02 12:07:17+00:00
0,0,0,0,0,0,2015-01-02 12:21:24+00:00
0,1,0,0,0,0,2015-01-02 12:47:27+00:00
0,0,0,0,0,0,2015-01-02 12:48:18+00:00
0,0,0,0,0,0,2015-01-02 17:23:04+00:00
0,2,0,0,0,0,2015-01-06 15:59:53+00:00
0,1,0,0,0,0,2015-01-07 10:41:14+00:00
0,1,0,0,0,0,2015-01-07 10:41:14+00:00
0,0,0,0,0,0,2015-01-07 17:11:53+00:00
0,0,0,0,0,0,2015-01-07 17:13:01+00:00
0,2,0,0,0,0,2015-01-07 17:31:47+00:00
0,0,0,0,0,0,2015-01-07 17:35:30+00:00
0,1,0,0,0,0,2015-01-08 11:16:16+00:00
0,2,0,0,0,0,2015-01-08 19:27:20+00:00
0,2,0,0,0,0,2015-01-08 19:29:16+00:00
0,2,0,0,0,0,2015-01-08 19:30:20+00:00
0,0,0,0,0,0,2015-01-08 19:31:15+00:00
0,0,0,0,0,0,2015-01-08 19:35:39+00:00
0,0,0,0,0,0,2015-01-09 13:47:17+00:00
0,0,0,0,0,0,2015-01-09 14:35:45+00:00
0,0,0,0,0,0,2015-01-09 16:18:30+00:00
0,0,0,0,0,0,2015-01-09 16:19:39+00:00
0,0,0,0,0,0,2015-01-09 16:20:17+00:00
0,0,0,0,0,0,2015-01-09 16:20:38+00:00
0,0,0,0,0,0,2015-01-09 16:25:09+00:00
0,0,0,0,0,0,2015-01-15 14:46:16+00:00
0,0,0,0,0,0,2015-01-15 14:49:09+00:00
0,1,0,0,0,0,2015-01-15 14:52:00+00:00
0,0,0,0,0,0,2015-01-15 14:52:33+00:00
0,2,0,0,0,0,2015-01-15 14:55:50+00:00
0,0,0,0,0,0,2015-01-15 15:58:55+00:00
0,0,0,0,0,0,2015-01-15 20:48:03+00:00
0,0,0,0,0,0,2015-01-15 20:51:47+00:00
0,0,0,0,0,0,2015-01-15 20:52:49+00:00
0,0,0,0,0,0,2015-01-15 20:57:39+00:00
0,0,0,0,0,0,2015-01-20 13:18:29+00:00
0,0,0,0,0,0,2015-01-21 20:57:06+00:00
0,0,0,0,0,0,2015-01-21 21:01:42+00:00
0,1,0,0,0,0,2015-01-24 10:43:40+00:00
0,0,0,0,0,0,2015-01-26 11:45:54+00:00
0,1,0,0,0,0,2015-01-26 11:46:50+00:00
0,0,0,0,0,0,2015-01-26 11:47:59+00:00
0,0,0,0,0,0,2015-01-26 20:03:01+00:00
0,0,0,0,0,0,2015-01-27 17:41:43+00:00
0,0,0,0,0,0,2015-01-29 11:18:47+00:00
0,0,0,0,0,0,2015-01-29 11:34:16+00:00
0,0,0,0,0,0,2015-01-29 20:08:42+00:00
0,0,0,0,0,0,2015-01-30 13:04:32+00:00
0,0,0,0,0,0,2015-01-30 17:35:39+00:00
0,0,0,0,0,0,2015-02-06 15:16:22+00:00
0,1,0,0,0,0,2015-02-06 15:17:04+00:00
0,0,0,0,0,0,2015-02-06 15:18:05+00:00
0,0,0,0,0,0,2015-02-06 15:19:42+00:00
0,0,0,0,0,0,2015-02-09 10:42:31-05:00
0,0,0,0,0,0,2015-02-09 15:58:33+00:00
1,2,0,0,0,0,2015-02-10 14:52:13+00:00
0,0,0,0,0,0,2015-02-10 15:15:24+00:00
0,0,0,0,0,0,2015-02-10 15:09:22-05:00
0,0,0,0,0,0,2015-02-11 18:22:37+00:00
0,0,0,0,0,0,2015-02-12 11:01:28+00:00
0,0,0,0,0,0,2015-02-12 15:13:06+00:00
0,0,0,0,0,0,2015-02-12 16:02:30+00:00
0,0,0,0,0,0,2015-02-13 11:51:47+00:00
0,0,0,0,0,0,2015-02-13 13:03:29+00:00
0,0,0,0,0,0,2015-02-13 11:00:11-05:00
0,0,0,0,0,0,2015-02-13 18:05:06+00:00
0,0,0,0,0,0,2015-02-13 18:20:04+00:00
0,1,0,0,0,0,2015-02-13 18:43:08+00:00
0,0,0,0,0,0,2015-02-13 18:44:02+00:00
0,0,0,0,0,0,2015-02-13 18:44:41+00:00
0,0,0,0,0,0,2015-02-13 18:56:39+00:00
0,1,0,0,0,0,2015-02-14 12:59:12+00:00
0,1,0,0,0,0,2015-02-14 14:16:35+00:00
0,0,0,0,0,0,2015-02-14 14:26:28+00:00
0,1,0,0,0,0,2015-02-14 20:37:20+00:00
0,1,0,0,0,0,2015-02-14 20:53:51+00:00
0,0,0,0,0,0,2015-02-26 18:45:15+00:00
0,0,0,0,0,0,2015-02-27 09:38:20+00:00
0,0,0,0,0,0,2015-02-27 11:01:26+00:00
0,0,0,0,0,0,2015-03-02 15:29:31+00:00
0,0,0,0,0,0,2015-03-02 17:16:21+00:00
0,1,0,0,0,0,2015-03-05 13:45:46-05:00
0,2,0,0,0,0,2015-03-07 11:43:27-05:00
0,0,0,0,0,0,2015-03-08 11:51:13-04:00
0,1,0,0,0,0,2015-03-08 11:51:59-04:00
0,1,0,0,0,0,2015-03-10 09:38:28-04:00
0,0,0,0,0,0,2015-03-10 10:39:23-04:00
0,0,0,0,0,0,2015-03-10 11:31:44-04:00
0,0,0,0,0,0,2015-03-10 21:25:51-04:00
1,1,0,0,0,0,2015-03-10 21:26:39-04:00
1,1,0,0,0,0,2015-03-10 21:29:36-04:00
1,1,0,0,0,0,2015-03-10 21:29:55-04:00
0,0,0,0,0,0,2015-03-10 21:32:05-04:00
1,1,0,0,0,0,2015-03-10 22:25:19-04:00
0,0,0,0,0,0,2015-03-11 15:48:02-04:00
0,0,0,0,0,0,2015-04-06 14:08:34-07:00
0,0,0,0,0,0,2015-04-06 14:17:15-07:00
1,1,0,0,0,0,2015-04-06 14:19:12-07:00
0,1,0,0,0,0,2015-04-06 16:21:42-07:00
0,1,0,0,0,0,2015-04-06 16:23:53-07:00
0,0,0,0,0,0,2015-04-08 10:38:25-07:00
0,0,0,0,0,0,2015-04-08 10:41:55-07:00
1,2,0,0,0,0,2015-04-08 15:00:18-07:00
0,0,0,0,0,0,2015-04-09 10:11:16-07:00
0,0,0,0,0,0,2015-04-09 10:14:53-07:00
0,0,0,0,0,0,2015-04-09 14:43:16-07:00
0,0,0,0,0,0,2015-04-09 16:33:24-07:00
0,0,0,0,0,0,2015-04-09 16:33:47-07:00
0,0,0,0,0,0,2015-04-09 16:44:03-07:00
0,0,0,0,0,0,2015-04-09 16:50:48-07:00
0,0,0,0,0,0,2015-04-10 10:11:04-07:00
0,0,0,0,0,0,2015-04-10 10:23:59-07:00
0,0,0,0,0,0,2015-04-15 16:19:22-07:00
1,1,0,0,0,0,2015-04-15 16:20:35-07:00
1,1,0,0,0,0,2015-04-15 16:27:49-07:00
0,0,0,0,0,0,2015-04-17 08:37:02-07:00
1,1,0,0,0,0,2015-04-17 08:43:54-07:00
1,1,0,0,0,0,2015-04-17 09:55:39-07:00
1,1,0,0,0,0,2015-04-17 10:04:36-07:00
1,1,0,0,0,0,2015-04-17 10:06:19-07:00
0,0,0,0,0,0,2015-04-17 16:04:31-07:00
2,2,0,0,0,0,2015-04-17 16:25:54-07:00
1,1,0,0,0,0,2015-04-20 11:38:59-04:00
1,1,0,0,0,0,2015-04-20 11:42:39-04:00
0,0,0,0,0,0,2015-04-20 18:41:05-04:00
1,1,0,0,0,0,2015-04-20 18:41:50-04:00
0,0,0,0,0,0,2015-04-22 15:59:34-04:00
0,0,0,0,0,0,2015-04-22 16:01:36-04:00
0,1,0,0,0,0,2015-04-22 16:08:29-04:00
0,1,0,0,0,0,2015-04-22 16:09:04-04:00
0,0,0,0,0,0,2015-04-22 16:12:05-04:00
0,0,0,0,0,0,2015-04-22 16:13:48-04:00
0,0,0,0,0,0,2015-04-22 16:17:29-04:00
0,0,0,0,0,0,2015-04-22 16:23:23-04:00
1,1,0,0,0,0,2015-04-22 16:25:10-04:00
0,0,0,0,0,0,2015-04-22 16:29:53-04:00
1,1,0,0,0,0,2015-04-22 16:30:32-04:00
0,0,0,0,0,0,2015-04-22 16:49:32-04:00
0,0,0,0,0,0,2015-04-22 22:36:46-04:00
0,1,0,0,0,0,2015-04-22 22:38:25-04:00
0,0,0,0,0,0,2015-04-22 22:38:58-04:00
0,0,0,0,0,0,2015-04-23 14:29:09-04:00
0,0,0,0,0,0,2015-04-23 14:29:51-04:00
0,0,0,0,0,0,2015-04-23 14:30:29-04:00
0,0,0,0,0,0,2015-04-23 14:30:57-04:00
0,0,0,0,0,0,2015-04-27 16:32:21+01:00
0,1,0,0,0,0,2015-04-27 16:49:37+01:00
0,0,0,0,0,0,2015-04-27 17:07:46+01:00
0,0,0,0,0,0,2015-04-27 17:48:07+01:00
1,1,0,0,0,0,2015-05-01 14:21:43+01:00
1,1,0,0,0,0,2015-05-01 14:32:38+01:00
0,0,0,0,0,0,2015-05-27 14:24:22+01:00
1,1,0,0,0,0,2015-05-28 14:43:00+01:00
1,1,0,0,0,0,2015-05-28 14:50:12+01:00
1,1,0,0,0,0,2015-05-28 15:19:28+01:00
0,0,0,0,0,0,2015-05-28 10:26:46-04:00
1,1,0,0,0,0,2015-05-28 11:26:03-04:00
1,1,0,0,0,0,2015-06-01 21:35:57-04:00
1,1,0,0,0,0,2015-06-08 12:23:32-04:00
0,0,0,0,0,0,2015-06-08 12:49:41-04:00
1,1,0,0,0,0,2015-06-08 17:54:12-04:00
2,2,0,0,0,0,2015-06-08 17:56:02-04:00
0,0,0,0,0,0,2015-06-08 17:56:45-04:00
1,1,0,0,0,0,2015-06-11 10:35:45+01:00
1,1,0,0,0,0,2015-06-11 11:37:46+01:00
1,1,0,0,0,0,2015-06-23 10:33:57-04:00
0,0,0,0,0,0,2015-06-23 10:42:42-04:00
0,0,0,0,0,0,2015-07-03 16:02:54+01:00
0,0,0,0,0,0,2015-07-08 10:41:44-04:00
0,0,0,0,0,0,2015-07-08 10:42:48-04:00
0,0,0,0,0,0,2015-07-17 14:48:03+01:00
0,0,0,0,0,0,2015-07-17 14:48:21+01:00
0,0,0,0,0,0,2015-07-30 14:19:01+01:00
2,5,0,0,0,0,2015-08-04 14:58:39+01:00
0,0,0,0,0,0,2015-08-06 18:08:38+01:00
1,2,0,0,0,0,2015-08-06 18:24:29+01:00
1,2,0,0,0,0,2015-08-26 17:18:54+01:00
1,1,0,0,0,0,2015-08-26 17:19:36+01:00
1,1,0,0,0,0,2015-08-26 17:22:56+01:00
0,1,0,0,0,0,2015-08-26 17:24:25+01:00
2,2,0,0,0,0,2015-08-31 14:50:55+01:00
0,0,0,0,0,0,2015-08-31 15:14:03+01:00
0,1,0,0,0,0,2015-09-01 10:31:24+01:00
0,0,0,0,0,0,2015-09-01 10:44:10+01:00
0,0,0,0,0,0,2015-09-01 10:46:45+01:00
2,3,0,0,0,0,2015-09-04 15:53:33+01:00
0,0,0,0,0,0,2015-09-10 17:51:50+01:00
0,0,0,0,0,0,2015-09-10 17:54:03+01:00
0,0,0,0,0,0,2015-09-10 17:54:30+01:00
0,0,0,0,0,0,2015-09-10 17:55:07+01:00
2,2,0,0,0,0,2015-09-10 17:55:49+01:00
0,0,0,0,0,0,2015-09-15 10:49:03+01:00
1,1,0,0,0,0,2015-09-15 11:46:39+01:00
0,0,0,0,0,0,2015-09-15 11:47:17+01:00
0,0,0,0,0,0,2015-09-15 11:54:30+01:00
1,1,0,0,0,0,2015-09-15 12:05:17+01:00
1,1,0,0,0,0,2015-09-16 19:31:12+01:00
2,2,0,0,0,0,2015-09-16 19:49:47+01:00
1,2,0,0,0,0,2015-09-17 13:19:19+01:00
1,1,0,0,0,0,2015-09-17 13:19:44+01:00
0,1,0,0,0,0,2015-09-17 13:50:27+01:00
1,1,0,0,0,0,2015-09-17 14:19:50+01:00
1,2,0,0,0,0,2015-09-17 15:09:08+01:00
1,2,0,0,0,0,2015-09-17 15:20:16+01:00
1,1,0,0,0,0,2015-09-17 15:51:18+01:00
0,0,0,0,0,0,2015-09-17 15:53:21+01:00
0,0,0,0,0,0,2015-09-17 16:52:21+01:00
0,0,0,0,0,0,2015-09-17 16:52:46+01:00
0,0,0,0,0,0,2015-09-17 17:43:53+01:00
0,0,0,0,0,0,2015-09-17 12:51:22-04:00
0,0,0,0,0,0,2015-09-18 11:32:00+01:00
0,0,0,0,0,0,2015-09-18 12:48:22+01:00
0,0,0,0,0,0,2015-09-18 15:41:13+01:00
1,1,0,0,0,0,2015-09-18 16:29:44+01:00
0,0,0,0,0,0,2015-09-21 10:00:31+01:00
0,1,0,0,0,0,2015-09-21 10:16:56+01:00
0,0,0,0,0,0,2015-09-21 14:23:29+01:00
1,1,0,0,0,0,2015-09-21 16:27:39+01:00
0,0,0,0,0,0,2015-09-21 16:41:58+01:00
0,0,0,0,0,0,2015-09-24 14:40:38+01:00
1,1,0,0,0,0,2015-09-24 17:37:19+01:00
1,1,0,0,0,0,2015-09-25 13:14:24+01:00
1,1,0,0,0,0,2015-09-25 14:27:46+01:00
0,0,0,0,0,0,2015-09-25 17:34:01+01:00
0,0,0,0,0,0,2015-09-28 13:10:17-04:00
0,0,0,0,0,0,2015-09-28 13:11:00-04:00
0,0,0,0,0,0,2015-09-28 16:03:48-04:00
0,2,0,0,0,0,2015-09-30 14:20:57-04:00
1,1,0,0,0,0,2015-09-30 14:21:27-04:00
1,1,0,0,0,0,2015-09-30 15:19:31-04:00
0,0,0,0,0,0,2015-09-30 15:20:06-04:00
0,0,0,0,0,0,2015-09-30 17:24:44-04:00
1,1,0,0,0,0,2015-09-30 17:25:57-04:00
1,1,0,0,0,0,2015-09-30 18:55:41-04:00
0,0,0,0,0,0,2015-09-30 18:56:15-04:00
0,0,0,0,0,0,2015-10-01 10:22:39-04:00
0,0,0,0,0,0,2015-10-01 10:26:18-04:00
0,0,0,0,0,0,2015-10-01 11:11:26-04:00
0,0,0,0,0,0,2015-10-02 16:55:14-04:00
1,1,0,0,0,0,2015-10-05 11:09:18+01:00
0,0,0,0,0,0,2015-10-05 14:42:44+01:00
0,0,0,0,0,0,2015-10-06 16:22:35+01:00
0,0,0,0,0,0,2015-10-06 16:23:19+01:00
0,0,0,0,0,0,2015-10-12 15:43:50+01:00
0,0,0,0,0,0,2015-10-12 15:44:54+01:00
0,0,0,0,0,0,2015-10-12 15:52:34+01:00
0,0,0,0,0,0,2015-11-27 15:53:46+00:00
2,6,0,0,0,0,2015-12-17 11:48:04+00:00
0,0,0,0,0,0,2015-12-17 11:57:49+00:00
0,1,0,0,0,0,2015-12-17 14:11:56+00:00
0,0,0,0,0,0,2015-12-17 14:12:30+00:00
0,0,0,0,0,0,2015-12-17 16:51:47+00:00
1,3,0,0,0,0,2015-12-17 18:58:55+00:00
0,2,0,0,0,0,2015-12-18 12:02:14+00:00
0,2,0,0,0,0,2015-12-18 14:12:33+00:00
0,1,0,0,0,0,2015-12-18 14:19:30+00:00
0,0,0,0,0,0,2015-12-18 14:42:29+00:00
0,1,0,0,0,0,2015-12-18 14:43:30+00:00
0,1,0,0,0,0,2015-12-18 14:44:35+00:00
0,0,0,0,0,0,2015-12-18 14:50:04+00:00
0,1,0,0,0,0,2015-12-18 16:47:20+00:00
0,1,0,0,0,0,2015-12-22 21:55:30+00:00
0,0,0,0,0,0,2016-01-04 16:13:10+00:00
0,1,0,0,0,0,2016-01-05 16:44:01+00:00
1,2,0,0,1,0,2016-01-05 16:47:24+00:00
1,3,0,0,1,0,2016-01-07 18:30:07+00:00
1,1,0,0,1,0,2016-01-07 18:30:50+00:00
1,1,0,0,0,0,2016-01-07 18:31:28+00:00
1,1,0,0,0,0,2016-01-07 18:31:54+00:00
1,1,0,0,1,0,2016-01-11 11:29:02-05:00
1,2,0,0,1,0,2016-01-18 16:47:12+00:00
2,2,0,0,0,0,2016-01-21 15:37:31+00:00
1,2,0,0,1,0,2016-01-21 15:43:51+00:00
3,2,0,0,0,0,2016-01-21 15:49:22+00:00
1,1,0,0,0,0,2016-01-21 15:50:02+00:00
1,1,0,0,0,0,2016-01-21 15:50:38+00:00
1,0,0,0,0,0,2016-01-21 18:05:46+00:00
0,1,0,0,0,0,2016-01-25 16:36:48+00:00
0,1,0,0,0,0,2016-01-25 16:37:21+00:00
0,1,0,0,0,0,2016-01-25 16:44:34+00:00
0,0,0,0,0,0,2016-02-01 10:26:28-05:00
1,2,0,0,1,0,2016-02-02 12:23:53+00:00
0,0,0,0,0,0,2016-02-02 12:34:09+00:00
0,1,0,0,0,0,2016-02-02 14:32:02+00:00
0,1,0,0,0,0,2016-02-02 14:38:50+00:00
0,0,0,0,0,0,2016-02-02 14:49:11+00:00
0,0,0,0,0,0,2016-02-04 16:47:07+00:00
2,2,0,0,1,0,2016-02-04 16:47:38+00:00
1,1,0,0,0,0,2016-02-04 17:00:42+00:00
0,0,0,0,0,0,2016-02-04 18:25:41+00:00
0,0,0,0,0,0,2016-02-04 18:30:11+00:00
0,0,0,0,0,0,2016-02-04 18:46:27+00:00
0,0,0,0,0,0,2016-02-04 19:12:40+00:00
0,0,0,0,0,0,2016-02-04 19:29:04+00:00
0,0,0,0,0,0,2016-02-05 18:25:55+00:00
1,1,0,0,1,0,2016-02-13 11:19:12+00:00
0,1,0,0,0,0,2016-02-13 11:20:51+00:00
0,1,0,0,0,0,2016-02-13 11:33:37+00:00
0,1,0,0,0,0,2016-02-13 11:44:58+00:00
1,1,0,0,1,0,2016-02-16 18:54:24+00:00
1,1,0,0,1,0,2016-02-25 12:10:06+00:00
1,1,0,0,1,0,2016-02-25 12:11:41+00:00
2,5,0,0,0,0,2016-04-07 11:59:50+01:00
1,2,0,0,0,0,2016-04-07 18:10:26+01:00
1,2,0,0,0,0,2016-04-08 17:12:22+01:00
0,1,0,0,0,0,2016-04-11 19:58:39+01:00
2,2,0,0,1,0,2016-04-13 13:24:24+01:00
3,3,0,0,1,0,2016-04-19 11:45:28+01:00
0,1,0,0,0,0,2016-04-19 11:46:30+01:00
1,2,0,0,0,0,2016-04-19 12:09:18+01:00
0,0,0,0,0,0,2016-04-19 12:26:05+01:00
0,1,0,0,0,0,2016-04-27 15:31:07+01:00
0,0,0,0,0,0,2016-04-29 11:54:17+01:00
0,0,0,0,0,0,2016-05-23 15:08:35+01:00
0,0,0,0,0,0,2016-05-23 15:09:48+01:00
0,0,0,0,0,0,2016-05-23 15:18:26+01:00
0,0,0,0,0,0,2016-06-06 12:27:28+01:00
0,0,0,0,0,0,2016-06-15 12:14:16-04:00
1,1,0,0,1,0,2016-06-17 17:57:51-04:00
0,1,0,0,0,0,2016-06-17 17:58:26-04:00
1,1,0,0,0,0,2016-06-17 17:58:48-04:00
2,4,0,0,0,0,2016-10-28 12:22:02+01:00
3,2,0,0,1,0,2016-10-28 12:37:16-04:00
3,9,0,0,1,0,2016-11-04 14:44:22+00:00
0,1,0,0,0,0,2016-11-04 16:08:38+00:00
1,1,0,0,1,0,2016-11-04 20:37:19+00:00
4,6,0,0,1,0,2016-11-27 19:22:26+00:00
0,1,1,1,0,0,2016-11-28 13:35:12+00:00
1,1,0,0,1,0,2017-04-20 19:33:01+01:00
0,1,0,0,0,0,2017-04-21 11:59:06+01:00
1,2,0,0,0,0,2017-06-12 11:32:18+01:00
3,4,0,0,1,0,2017-06-15 19:17:24-04:00
3,3,0,0,1,0,2017-09-08 17:20:04+01:00
1,1,0,0,1,0,2017-12-12 17:47:53+00:00
1,2,0,0,1,0,2017-12-13 14:34:12+00:00
0,0,0,0,0,0,2017-12-13 14:35:27+00:00
1,2,0,0,0,0,2017-12-13 17:17:33+00:00
0,1,0,0,0,0,2018-01-13 11:28:57+00:00
3,4,0,0,0,0,2018-01-14 17:30:21+00:00
0,1,0,0,0,0,2018-01-14 18:12:08+00:00
2,2,0,0,1,0,2018-01-18 14:47:47+00:00
0,1,0,0,0,0,2018-01-18 14:49:56+00:00
0,1,0,0,0,0,2018-01-22 06:47:38-05:00
0,0,0,0,0,0,2018-01-22 12:22:36+00:00
1,2,0,0,0,0,2019-06-03 16:28:13+01:00
0,0,0,0,0,0,2019-06-06 14:24:22+01:00
0,0,0,0,0,0,2019-06-06 14:38:34+01:00
0,0,0,0,0,0,2019-06-06 16:47:31+01:00
0,0,0,0,0,0,2019-06-06 16:48:15+01:00
0,0,0,0,0,0,2019-06-06 16:48:58+01:00
1,1,0,0,0,0,2019-06-06 16:49:26+01:00
0,0,0,0,0,0,2019-06-07 10:15:37+01:00
1,1,0,0,0,0,2019-06-07 10:19:20+01:00
0,0,0,0,0,0,2019-06-07 14:37:19+01:00
0,0,0,0,0,0,2019-06-08 11:03:25+01:00
1,3,0,0,0,0,2019-06-11 12:48:07-04:00
1,1,0,0,1,0,2019-06-11 12:50:21-04:00
1,1,0,0,0,0,2019-06-11 12:51:12-04:00
1,1,0,0,0,0,2019-06-11 12:54:23-04:00
7,13,0,0,1,0,2019-06-11 18:44:48-04:00
0,0,0,0,0,0,2019-06-11 18:45:15-04:00
0,0,0,0,0,0,2019-06-11 18:46:25-04:00
0,0,0,0,0,0,2019-06-11 18:50:46-04:00
1,1,0,0,0,0,2019-06-11 18:58:06-04:00
1,2,0,0,1,0,2019-08-15 13:56:06+01:00
1,2,0,0,1,0,2019-08-15 13:59:38+01:00
0,1,0,0,0,0,2019-08-15 17:49:23+01:00
0,0,0,0,0,0,2019-08-15 17:50:09+01:00
0,0,0,0,0,0,2019-08-15 17:51:23+01:00
1,1,0,0,1,0,2019-10-07 11:59:10+01:00
1,1,0,0,1,0,2019-10-09 12:59:46+01:00
0,1,0,0,0,0,2020-05-14 14:50:34+01:00
0,1,0,0,0,0,2020-05-14 17:57:38+01:00
1,1,0,0,1,0,2019-06-06 17:29:12+01:00
0,0,0,0,0,0,2020-07-13 16:00:59+01:00
0,0,0,0,0,0,2020-07-16 11:27:22+01:00
0,0,0,0,0,0,2020-07-16 11:36:05+01:00
5,6,1,1,1,0,2020-07-16 11:40:53+01:00
1,2,0,0,1,0,2020-07-16 11:43:11+01:00
3,4,0,0,0,0,2020-07-16 11:45:16+01:00
1,1,0,0,0,0,2020-07-16 14:50:52+01:00
0,0,0,0,0,0,2020-07-16 15:32:36+01:00
1,2,0,0,1,0,2020-07-17 12:35:06+01:00
3,4,0,0,0,0,2020-07-17 21:56:32+01:00
0,0,0,0,0,0,2020-07-17 21:57:21+01:00
1,2,0,0,1,0,2020-07-17 23:09:41+01:00
1,1,0,0,0,0,2022-07-06 12:17:18+01:00
1,1,0,0,0,0,2022-07-06 13:02:11+01:00
