Acquisition,Preparation,Modeling,Training,Evaluation,Prediction,time
0,0,0,0,0,0,2021-04-15 06:14:52+02:00
0,0,0,0,0,0,2021-04-15 06:15:04+02:00
0,0,0,0,0,0,2021-04-16 11:32:16+02:00
0,0,0,0,0,0,2021-04-16 12:43:38+02:00
0,0,0,0,0,0,2021-04-17 10:55:41+03:00
1,1,1,1,1,1,2021-04-17 20:00:30+03:00
1,1,1,1,1,1,2021-04-17 22:41:32+03:00
1,1,1,1,1,1,2021-04-17 22:41:37+03:00
1,1,0,0,0,0,2021-04-18 11:52:54+03:00
0,0,0,0,0,0,2021-04-18 13:19:31+02:00
0,0,0,0,0,0,2021-04-18 13:19:39+02:00
1,1,1,1,1,1,2021-04-18 21:50:58+03:00
0,0,0,0,0,0,2021-04-19 16:09:48+02:00
0,0,0,0,0,0,2021-04-19 16:09:53+02:00
0,0,0,0,0,0,2021-04-19 17:18:04+02:00
1,1,1,1,1,1,2021-04-19 21:00:16+03:00
0,0,0,0,0,0,2021-04-19 21:00:41+03:00
0,0,0,0,0,0,2021-04-20 12:34:24+02:00
0,0,0,0,0,0,2021-04-20 12:34:31+02:00
0,0,0,0,0,0,2021-04-20 13:05:09+02:00
1,1,1,1,1,1,2021-04-20 22:25:32+03:00
0,0,0,0,0,0,2021-04-20 22:25:45+03:00
0,0,0,0,0,0,2021-04-21 13:34:27+02:00
0,0,0,0,0,0,2021-04-21 13:34:32+02:00
0,0,0,0,0,0,2021-04-21 13:59:16+02:00
1,1,0,1,1,0,2021-04-24 12:02:20+02:00
1,1,0,1,1,0,2021-04-24 12:37:14+02:00
1,5,4,2,2,0,2021-04-24 15:38:16+02:00
0,0,0,0,0,0,2021-04-24 15:45:43+02:00
1,1,0,0,0,0,2021-04-24 16:35:12+02:00
0,0,0,0,0,0,2021-04-24 16:49:54+02:00
0,0,0,0,0,0,2021-04-24 17:00:15+02:00
0,0,0,0,0,0,2021-04-24 17:11:57+02:00
112,252,85,0,7,0,2021-04-24 18:01:11+02:00
0,0,0,0,0,0,2021-04-24 18:03:33+02:00
0,1,1,0,0,0,2021-04-24 18:07:42+02:00
1,1,0,0,0,0,2021-04-24 18:10:22+02:00
0,0,0,0,0,0,2021-04-24 18:12:24+02:00
0,0,0,0,0,0,2021-04-24 18:15:03+02:00
0,0,0,0,0,0,2021-04-24 18:17:05+02:00
0,0,0,0,0,0,2021-04-24 18:19:13+02:00
0,0,0,0,0,0,2021-04-24 18:23:56+02:00
0,0,0,0,0,0,2021-04-24 18:25:05+02:00
0,0,0,0,0,0,2021-04-24 18:35:46+02:00
1,1,0,0,0,0,2021-04-24 18:47:52+02:00
1,1,0,0,0,0,2021-04-24 18:56:24+02:00
1,1,0,0,0,0,2021-04-24 19:09:01+02:00
0,0,0,0,0,0,2021-04-24 19:15:36+02:00
0,0,0,0,0,0,2021-04-24 19:20:40+02:00
0,0,0,0,0,0,2021-04-24 19:23:04+02:00
0,0,0,0,0,0,2021-04-24 19:29:48+02:00
0,0,0,0,0,0,2021-04-25 05:57:33+02:00
0,0,0,0,0,0,2021-04-25 06:15:00+02:00
0,0,0,0,0,0,2021-04-25 06:24:24+02:00
111,250,84,0,7,0,2021-04-25 06:28:57+02:00
0,0,0,0,0,0,2021-04-25 06:58:33+02:00
0,0,0,0,0,0,2021-04-25 07:15:57+02:00
0,0,0,0,0,0,2021-04-25 07:19:45+02:00
1,1,0,0,0,0,2021-04-25 07:38:06+02:00
1,1,0,0,0,0,2021-04-25 07:47:20+02:00
0,0,0,0,0,0,2021-04-25 07:50:33+02:00
0,0,0,0,0,0,2021-04-25 07:58:01+02:00
0,0,0,0,0,0,2021-04-25 08:12:45+02:00
0,0,0,0,0,0,2021-04-25 08:32:36+02:00
0,0,0,0,0,0,2021-04-25 08:41:13+02:00
1,1,0,0,0,0,2021-04-25 09:09:59+02:00
0,0,0,0,0,0,2021-04-25 09:23:02+02:00
1,1,0,0,0,0,2021-04-25 11:22:13+02:00
1,1,0,0,0,0,2021-04-25 11:55:02+02:00
1,1,0,0,0,0,2021-04-25 12:11:22+02:00
1,2,1,0,0,0,2021-04-25 12:30:07+02:00
0,1,1,0,0,0,2021-04-25 12:33:12+02:00
0,0,0,0,0,0,2021-04-25 12:39:49+02:00
0,1,1,0,0,0,2021-04-25 12:46:18+02:00
1,2,1,0,0,0,2021-04-25 12:58:19+02:00
1,2,1,0,0,0,2021-04-25 13:03:34+02:00
0,0,0,0,0,0,2021-04-25 13:16:13+02:00
0,0,0,0,0,0,2021-04-25 13:29:00+02:00
0,0,0,0,0,0,2021-04-25 13:33:14+02:00
0,0,0,0,0,0,2021-04-25 13:36:19+02:00
0,0,0,0,0,0,2021-04-25 13:39:39+02:00
0,0,0,0,0,0,2021-04-25 16:18:26+02:00
0,0,0,0,0,0,2021-04-25 16:24:37+02:00
0,0,0,0,0,0,2021-04-25 16:35:22+02:00
1,2,1,0,0,0,2021-04-25 17:45:21+02:00
0,1,1,0,0,0,2021-04-25 18:03:11+02:00
0,0,0,0,0,0,2021-04-25 18:16:35+02:00
0,0,0,0,0,0,2021-04-25 18:25:23+02:00
0,1,1,0,0,0,2021-04-25 21:26:23+02:00
1,1,0,0,0,0,2021-04-26 07:32:02+02:00
1,1,0,0,0,0,2021-04-26 09:32:40+02:00
1,1,0,0,0,0,2021-04-27 00:39:50+02:00
0,0,0,0,0,0,2021-04-27 01:21:14+02:00
0,0,0,0,0,0,2021-04-27 01:40:44+02:00
0,0,0,0,0,0,2021-04-27 01:47:57+02:00
0,0,0,0,0,0,2021-04-27 01:55:51+02:00
0,0,0,0,0,0,2021-04-27 02:01:00+02:00
0,0,0,0,0,0,2021-04-27 07:05:24+02:00
0,0,0,0,0,0,2021-04-27 07:36:23+02:00
1,1,0,0,0,0,2021-04-27 07:52:38+02:00
1,1,0,0,0,0,2021-04-27 12:46:14+02:00
1,1,0,0,0,0,2021-04-28 00:25:55+03:00
1,1,0,0,0,0,2021-04-28 19:44:04+02:00
0,0,0,0,0,0,2021-04-28 19:53:26+02:00
0,0,0,0,0,0,2021-04-28 20:07:33+02:00
0,0,0,0,0,0,2021-04-28 20:13:17+02:00
0,0,0,0,0,0,2021-04-28 20:17:35+02:00
0,0,0,0,0,0,2021-04-28 20:19:45+02:00
0,0,0,0,0,0,2021-04-28 20:20:36+02:00
0,0,0,0,0,0,2021-04-28 20:21:36+02:00
0,0,0,0,0,0,2021-04-28 21:55:06+02:00
0,0,0,0,0,0,2021-04-28 21:55:13+02:00
1,1,0,0,0,0,2021-04-29 08:19:44+03:00
1,1,0,0,0,0,2021-04-29 08:27:25+03:00
