Acquisition,Preparation,Modeling,Training,Evaluation,Prediction,time
0,0,0,0,0,0,2021-05-31 11:42:55-04:00
0,0,0,0,0,0,2021-05-31 12:13:18-04:00
0,0,0,0,0,0,2021-05-31 12:14:58-04:00
0,0,0,0,0,0,2021-05-31 12:18:18-04:00
0,0,0,0,0,0,2021-05-31 12:19:34-04:00
0,0,0,0,0,0,2021-05-31 12:33:58-04:00
0,0,0,0,0,0,2021-05-31 17:11:07+00:00
0,0,0,0,0,0,2021-05-31 17:13:59+00:00
0,0,0,0,0,0,2021-05-31 21:17:15-04:00
0,1,1,1,0,1,2021-06-01 01:30:55+00:00
0,0,0,0,0,0,2021-06-01 01:35:51+00:00
0,0,0,0,0,0,2021-05-31 21:43:38-04:00
0,0,0,0,0,0,2021-05-31 21:47:29-04:00
0,0,0,0,0,0,2021-06-02 01:27:26+00:00
0,0,0,0,0,0,2021-06-01 21:30:21-04:00
0,0,0,0,0,0,2021-06-07 02:51:16+00:00
0,0,0,0,0,0,2021-06-07 02:51:58+00:00
0,0,0,0,0,0,2021-06-07 02:55:56+00:00
0,0,0,0,0,0,2021-06-13 16:16:27-04:00
0,0,0,0,0,0,2021-06-13 21:50:01-04:00
0,0,0,0,0,0,2021-06-13 22:44:50-04:00
0,0,0,0,0,0,2021-06-14 09:09:21-04:00
0,1,1,1,0,1,2021-06-14 13:23:43-04:00
0,1,1,1,0,1,2021-06-14 14:05:31-04:00
0,0,0,0,0,0,2021-06-15 00:38:45+00:00
0,0,0,0,0,0,2021-06-15 00:40:51+00:00
0,1,1,1,0,1,2021-06-15 01:03:21+00:00
0,1,1,1,0,1,2021-06-15 01:28:20+00:00
0,0,0,0,0,0,2021-06-17 02:08:13+00:00
0,0,0,0,0,0,2021-06-17 02:13:55+00:00
0,0,0,0,0,0,2021-06-17 02:17:49+00:00
0,0,0,0,0,0,2021-06-17 02:41:14+00:00
0,0,0,0,0,0,2021-06-17 02:54:12+00:00
0,0,0,0,0,0,2021-06-17 12:35:24-04:00
0,0,0,0,0,0,2021-06-17 12:53:28-04:00
0,0,0,0,0,0,2021-06-18 21:00:20+00:00
0,0,0,0,0,0,2021-06-18 21:00:48+00:00
0,0,0,0,0,0,2021-06-18 17:05:35-04:00
0,0,0,0,0,0,2021-06-18 17:07:14-04:00
0,0,0,0,0,0,2021-06-23 01:47:41+00:00
0,0,0,0,0,0,2021-06-23 01:47:56+00:00
0,0,0,0,0,0,2021-06-23 01:51:17+00:00
0,0,0,0,0,0,2021-06-23 02:05:59+00:00
0,0,0,0,0,0,2021-06-23 02:15:09+00:00
0,0,0,0,0,0,2021-06-22 22:18:03-04:00
0,0,0,0,0,0,2021-06-23 23:45:16+00:00
0,0,0,0,0,0,2021-06-23 23:45:28+00:00
0,0,0,0,0,0,2021-06-23 20:58:24-04:00
0,0,0,0,0,0,2021-06-26 02:19:01+00:00
0,1,1,1,0,1,2021-06-26 02:28:22+00:00
0,0,0,0,0,0,2021-06-26 03:30:27+00:00
0,0,0,0,0,0,2021-06-25 23:48:28-04:00
0,0,0,0,0,0,2021-06-25 23:54:17-04:00
0,0,0,0,0,0,2021-06-26 03:58:05+00:00
0,0,0,0,0,0,2021-06-26 03:58:14+00:00
0,0,0,0,0,0,2021-06-26 14:13:39-04:00
0,0,0,0,0,0,2021-06-26 14:17:55-04:00
0,0,0,0,0,0,2021-06-26 14:22:44-04:00
0,0,0,0,0,0,2021-06-26 14:25:36-04:00
0,0,0,0,0,0,2021-06-26 18:41:31+00:00
0,0,0,0,0,0,2021-06-26 18:41:49+00:00
0,1,1,1,0,1,2021-06-26 18:50:26+00:00
0,0,0,0,0,0,2021-06-26 19:08:53+00:00
0,0,0,0,0,0,2021-06-26 15:13:53-04:00
0,0,0,0,0,0,2021-06-26 22:27:26-04:00
0,0,0,0,0,0,2021-09-12 19:53:12-04:00
