Acquisition,Preparation,Modeling,Training,Evaluation,Prediction,time
3,1,3,3,3,0,2020-10-23 03:43:16+05:00
0,0,0,0,0,0,2020-10-23 04:58:48+05:00
0,0,0,0,0,0,2020-10-23 05:56:24+05:00
0,0,0,0,0,0,2020-10-23 07:54:05+05:00
0,0,0,0,0,0,2020-10-23 08:29:09+05:00
0,0,0,0,0,0,2020-10-23 11:05:20+05:00
3,2,3,3,2,0,2020-10-26 10:39:38+05:00
0,0,0,0,0,0,2020-10-26 10:55:20+05:00
0,0,0,0,0,0,2020-10-26 12:47:13+05:00
2,2,2,2,1,0,2020-10-28 08:30:27+05:00
0,0,0,0,0,0,2020-10-28 15:55:58+05:00
0,0,0,0,0,0,2020-10-29 11:28:29+05:00
0,0,0,0,0,0,2020-10-29 11:48:11+05:00
0,0,0,0,0,0,2020-10-29 11:52:13+05:00
1,4,1,0,0,2,2020-11-16 21:01:09+05:00
1,0,0,0,0,0,2020-11-16 21:17:12+05:00
1,0,0,0,0,0,2020-11-16 21:22:37+05:00
1,2,0,0,0,0,2020-11-16 21:43:07+05:00
1,1,0,0,0,0,2020-11-17 06:03:57+05:00
1,1,0,0,0,0,2020-11-19 04:44:04+05:00
1,1,0,0,0,0,2020-11-19 05:30:04+05:00
1,1,0,0,0,0,2020-11-19 16:20:49+05:00
1,1,0,0,0,0,2020-11-20 19:16:43+05:00
0,0,0,0,0,0,2020-12-03 02:33:02+05:00
0,0,0,0,0,0,2020-12-05 02:48:06+05:00
0,0,0,0,0,0,2020-12-05 05:19:51+05:00
0,0,0,0,0,0,2020-12-09 01:59:12+05:00
0,0,0,0,0,0,2020-12-09 05:12:25+05:00
0,0,0,0,0,0,2020-12-09 06:37:17+05:00
0,0,0,0,0,0,2020-12-09 07:12:02+05:00
0,0,0,0,0,0,2020-12-09 07:41:09+05:00
0,0,0,0,0,0,2020-12-09 08:39:45+05:00
0,0,0,0,0,0,2020-12-10 04:54:10+05:00
0,0,0,0,0,0,2020-12-10 05:08:56+05:00
0,0,0,0,0,0,2020-12-10 05:10:20+05:00
0,0,0,0,0,0,2020-12-10 05:19:21+05:00
0,0,0,0,0,0,2020-12-10 05:20:14+05:00
0,0,0,0,0,0,2020-12-10 06:06:51+05:00
0,0,0,0,0,0,2020-12-10 06:07:43+05:00
0,0,0,0,0,0,2020-12-10 10:11:20+05:00
0,0,0,0,0,0,2020-12-10 10:23:29+05:00
0,0,0,0,0,0,2020-12-10 23:45:59+05:00
0,0,0,0,0,0,2020-12-11 00:21:16+05:00
0,0,0,0,0,0,2020-12-11 02:42:46+05:00
0,0,0,0,0,0,2020-12-11 03:25:52+05:00
0,0,0,0,0,0,2020-12-15 09:44:14+05:00
0,0,0,0,0,0,2020-12-15 17:27:29+05:00
0,0,0,0,0,0,2020-12-15 17:35:17+05:00
0,0,0,0,0,0,2020-12-16 03:05:52+05:00
0,0,0,0,0,0,2020-12-16 03:26:49+05:00
0,0,0,0,0,0,2020-12-16 03:28:08+05:00
0,0,0,0,0,0,2020-12-16 03:33:56+05:00
0,0,0,0,0,0,2020-12-16 03:54:26+05:00
0,0,0,0,0,0,2020-12-16 18:33:45+05:00
0,0,0,0,0,0,2020-12-16 21:30:23+05:00
0,0,0,0,0,0,2020-12-17 06:08:39+05:00
0,0,0,0,0,0,2020-12-17 07:36:27+05:00
0,0,0,0,0,0,2020-12-18 03:14:14+05:00
0,0,0,0,0,0,2020-12-18 07:58:21+05:00
0,1,0,0,0,1,2020-12-23 10:20:28+05:00
0,0,0,0,0,0,2020-12-23 14:08:48+05:00
0,0,0,0,0,0,2020-12-25 13:00:34+05:00
0,0,0,0,0,0,2020-12-25 14:38:53+05:00
0,0,0,0,0,0,2020-12-25 20:01:24+05:00
0,0,0,0,0,0,2020-12-25 20:03:10+05:00
0,0,0,0,0,0,2020-12-26 12:54:55+05:00
0,0,0,0,0,0,2021-02-22 23:26:14+08:00
2,4,0,0,0,2,2021-03-11 01:31:28+08:00
0,0,0,0,0,0,2021-03-11 01:32:02+08:00
1,1,0,0,0,1,2021-03-11 09:12:02+08:00
1,1,0,0,0,1,2021-03-11 09:29:48+08:00
