Acquisition,Preparation,Modeling,Training,Evaluation,Prediction,time
1,1,0,0,0,0,2020-09-29 19:57:29-07:00
0,0,0,0,0,0,2020-09-29 20:17:48-07:00
0,0,0,0,0,0,2020-09-29 20:58:46-07:00
0,0,0,0,0,0,2020-09-29 21:00:02-07:00
0,0,0,0,0,0,2020-09-29 21:00:42-07:00
2,2,0,0,0,0,2020-10-03 10:29:17-07:00
1,1,0,0,0,0,2020-10-03 14:43:04-07:00
0,0,0,0,0,0,2020-10-03 15:28:43-07:00
1,1,0,0,0,0,2020-10-03 16:42:33-07:00
1,1,0,0,0,0,2020-10-03 16:49:28-07:00
1,1,0,0,0,0,2020-10-03 16:59:24-07:00
1,1,0,0,0,0,2020-10-03 17:52:15-07:00
1,1,0,0,0,0,2020-10-03 19:47:29-07:00
0,0,0,0,0,0,2020-10-03 19:50:22-07:00
0,0,0,0,0,0,2020-10-03 19:50:36-07:00
0,0,0,0,0,0,2020-10-04 10:21:10-07:00
1,1,0,0,0,0,2020-10-04 11:42:50-07:00
0,0,0,0,0,0,2020-10-04 11:47:18-07:00
1,1,0,0,0,0,2020-10-05 15:50:10-07:00
1,1,0,0,0,0,2020-10-08 00:37:36-07:00
1,1,0,0,0,0,2020-10-08 12:54:35-07:00
0,0,0,0,0,0,2020-10-08 13:08:00-07:00
0,0,0,0,0,0,2020-10-08 13:38:04-07:00
1,1,0,0,0,0,2020-10-08 15:07:54-07:00
0,0,0,0,0,0,2020-10-08 15:09:25-07:00
0,0,0,0,0,0,2020-10-08 15:09:34-07:00
1,1,0,0,0,0,2020-10-08 16:58:43-07:00
0,0,0,0,0,0,2020-10-08 16:59:02-07:00
0,0,0,0,0,0,2020-10-08 17:00:41-07:00
0,0,0,0,0,0,2020-10-08 17:00:41-07:00
0,0,0,0,0,0,2020-10-12 17:16:46-07:00
1,1,0,0,0,0,2020-10-12 18:24:01-07:00
1,1,0,0,0,0,2020-10-12 19:12:01-07:00
2,2,0,0,0,0,2020-10-15 03:32:20-07:00
1,1,0,0,0,0,2020-10-15 09:09:59-07:00
1,1,0,0,0,0,2020-10-15 10:29:41-07:00
1,1,0,0,0,0,2020-10-15 12:28:54-07:00
1,1,0,0,0,0,2020-10-15 12:31:28-07:00
1,1,0,0,0,0,2020-10-15 12:33:42-07:00
2,2,0,0,0,0,2020-10-15 12:44:35-07:00
0,0,0,0,0,0,2020-10-15 17:55:41-07:00
0,0,0,0,0,0,2020-10-15 22:34:04-07:00
3,3,1,1,0,0,2020-10-16 04:54:30-07:00
0,0,0,0,0,0,2020-10-16 04:55:21-07:00
0,0,0,0,0,0,2020-10-16 04:57:31-07:00
1,1,1,1,0,0,2020-10-16 22:18:10-07:00
3,3,0,0,0,0,2020-10-16 18:07:24-07:00
1,2,0,0,0,0,2020-10-17 10:50:14-07:00
2,3,0,0,0,0,2020-10-18 13:17:20-07:00
0,1,0,0,0,0,2020-10-19 12:17:59-07:00
1,1,1,1,0,0,2020-10-19 12:18:06-07:00
0,0,0,0,0,0,2020-10-19 12:18:25-07:00
0,1,0,0,0,0,2020-10-19 15:03:45-07:00
0,1,0,0,0,0,2020-10-21 14:22:23-07:00
0,1,0,0,0,0,2020-10-22 17:01:51-07:00
1,1,0,0,0,0,2020-10-22 17:25:53-07:00
1,3,0,0,0,0,2020-10-22 21:28:43-07:00
0,1,0,0,0,0,2020-10-23 01:41:02-07:00
1,1,1,1,0,0,2020-10-23 01:42:12-07:00
1,1,0,1,0,0,2020-10-23 01:43:03-07:00
1,1,0,0,0,0,2020-10-23 01:44:13-07:00
0,0,0,0,0,0,2020-10-23 01:44:32-07:00
0,1,0,0,0,0,2020-10-23 01:45:38-07:00
1,3,0,0,0,0,2020-10-23 13:29:02-07:00
1,1,0,0,0,0,2020-10-23 13:48:46-07:00
0,0,0,0,0,0,2020-10-23 13:49:46-07:00
2,3,1,1,0,0,2020-10-23 15:52:14-07:00
0,0,0,0,0,0,2020-10-23 16:21:05-07:00
1,1,1,1,0,0,2020-10-23 17:55:23-07:00
0,1,0,0,0,0,2020-10-23 18:15:30-07:00
0,0,0,0,0,0,2020-10-23 18:15:46-07:00
0,1,0,0,0,0,2020-10-23 18:18:22-07:00
1,2,0,0,0,0,2020-10-23 19:13:07-07:00
1,1,0,0,0,0,2020-10-24 01:23:17-07:00
3,5,1,2,0,0,2020-10-24 01:34:42-07:00
0,0,0,0,0,0,2020-10-24 01:34:59-07:00
2,3,1,2,0,0,2020-10-24 12:12:38-07:00
1,2,0,0,0,0,2020-10-24 12:24:06-07:00
0,0,0,0,0,0,2020-10-24 12:24:29-07:00
1,1,1,1,0,0,2020-10-24 12:26:50-07:00
1,1,0,0,0,0,2020-10-24 12:32:43-07:00
0,0,0,0,0,0,2020-10-24 12:33:01-07:00
1,1,1,1,0,0,2020-10-24 12:48:53-07:00
0,0,0,0,0,0,2020-10-24 12:50:27-07:00
1,1,0,0,0,0,2020-10-24 19:18:41-07:00
0,1,0,0,0,0,2020-10-24 19:24:34-07:00
0,0,0,0,0,0,2020-10-24 19:24:56-07:00
1,1,0,0,0,0,2020-10-24 19:54:07-07:00
1,1,0,0,0,0,2020-10-24 20:00:13-07:00
1,1,1,1,0,0,2020-10-24 22:44:34-07:00
0,0,0,0,0,0,2020-10-24 22:44:52-07:00
2,2,0,1,0,0,2020-10-25 00:46:25-07:00
2,2,1,2,0,0,2020-10-25 01:59:48-07:00
1,2,0,0,0,0,2020-10-25 02:18:24-07:00
0,0,0,0,0,0,2020-10-25 02:18:45-07:00
2,3,1,1,0,0,2020-10-25 05:37:51-07:00
0,0,0,0,0,0,2020-10-25 05:38:12-07:00
4,5,0,1,0,0,2020-10-25 11:49:03-07:00
0,1,0,0,0,0,2020-10-25 13:51:10-07:00
1,1,0,0,0,0,2020-10-25 14:21:16-07:00
0,0,0,0,0,0,2020-10-25 14:21:52-07:00
2,2,0,0,0,0,2020-10-25 14:34:43-07:00
1,1,0,0,0,0,2020-10-25 15:06:17-07:00
0,0,0,0,0,0,2020-10-25 15:06:51-07:00
1,1,0,0,0,0,2020-10-25 15:14:13-07:00
4,5,0,1,0,0,2020-10-25 18:33:37-07:00
1,1,0,0,0,0,2020-10-25 18:41:46-07:00
1,1,0,0,0,0,2020-10-25 18:42:11-07:00
1,1,0,0,0,0,2020-10-25 18:43:04-07:00
1,1,0,0,0,0,2020-10-25 19:12:11-07:00
1,2,0,0,0,0,2020-10-25 19:29:48-07:00
0,0,0,0,0,0,2020-10-25 19:32:37-07:00
1,1,0,0,0,0,2020-10-25 19:35:52-07:00
2,2,0,0,0,0,2020-10-25 19:42:38-07:00
0,0,0,0,0,0,2020-10-25 19:44:22-07:00
1,1,0,0,0,0,2020-10-25 19:48:50-07:00
0,1,0,0,0,0,2020-10-25 19:50:01-07:00
0,0,0,0,0,0,2020-10-25 19:50:15-07:00
3,5,0,1,0,0,2020-10-25 20:30:10-07:00
1,3,0,0,0,0,2020-10-25 20:45:03-07:00
0,1,0,0,0,0,2020-10-25 21:03:10-07:00
1,1,0,0,0,0,2020-10-25 21:10:46-07:00
2,3,0,1,0,0,2020-10-25 21:11:01-07:00
0,0,0,0,0,0,2020-10-25 21:11:12-07:00
2,3,0,0,0,0,2020-11-10 23:02:49-07:00
1,2,0,1,0,0,2020-11-11 08:43:11-07:00
0,0,0,0,0,0,2020-11-14 01:09:30-07:00
