Acquisition,Preparation,Modeling,Training,Evaluation,Prediction,time
0,0,0,0,0,0,2020-07-20 20:26:37+08:00
0,0,0,0,0,0,2020-07-20 20:52:41+08:00
0,0,0,0,0,0,2020-07-20 20:53:27+08:00
0,0,0,0,0,0,2020-07-20 20:54:09+08:00
0,0,0,0,0,0,2020-07-20 20:59:09+08:00
0,0,0,0,0,0,2020-07-20 21:00:57+08:00
0,0,0,0,0,0,2020-07-20 21:01:42+08:00
0,0,0,0,0,0,2020-07-20 21:04:29+08:00
0,0,0,0,0,0,2020-07-20 21:05:27+08:00
1,0,0,0,0,0,2020-08-06 17:33:00+08:00
0,0,0,0,0,0,2020-08-06 17:36:35+08:00
3,4,2,2,0,3,2020-08-13 15:34:30+08:00
0,0,0,0,0,0,2020-08-13 20:04:39+08:00
0,1,0,0,0,0,2020-08-14 11:58:22+08:00
2,2,0,0,0,0,2020-08-20 09:22:26+08:00
0,0,0,0,0,0,2020-08-20 09:44:05+08:00
4,3,1,2,0,2,2020-08-20 10:00:02+08:00
2,2,0,0,0,0,2020-08-20 10:52:47+08:00
2,1,0,0,0,0,2020-08-20 11:11:10+08:00
2,0,0,0,0,0,2020-08-20 11:28:01+08:00
3,6,1,3,0,2,2020-08-21 09:13:59+08:00
1,1,0,0,0,0,2020-08-21 15:42:32+08:00
0,1,0,0,0,0,2020-08-21 21:20:32+08:00
2,3,1,2,0,2,2020-08-22 11:45:30+08:00
0,1,0,1,0,0,2020-08-22 11:58:00+08:00
0,1,0,0,0,0,2020-08-23 12:37:59+08:00
0,1,0,1,0,0,2020-08-23 15:35:48+08:00
2,5,2,2,0,3,2020-08-27 15:39:15+08:00
1,1,0,0,0,0,2020-08-27 16:12:44+08:00
2,3,1,1,0,2,2020-08-27 16:34:31+08:00
0,0,0,0,0,0,2020-08-27 16:46:18+08:00
0,2,0,1,0,0,2020-08-27 16:48:01+08:00
0,2,0,1,0,0,2020-08-27 16:52:34+08:00
1,1,0,0,0,0,2020-08-27 16:53:57+08:00
0,2,0,1,0,0,2020-08-27 17:02:10+08:00
0,1,0,0,0,0,2020-08-27 17:03:38+08:00
0,0,0,0,0,0,2020-08-27 19:22:38+08:00
0,0,0,0,0,0,2020-08-27 19:22:48+08:00
1,1,0,0,0,0,2020-08-27 20:12:44+08:00
4,9,4,4,0,3,2020-08-27 20:45:51+08:00
1,1,0,0,0,0,2020-08-27 21:17:06+08:00
0,0,0,0,0,0,2020-09-02 15:10:02+08:00
0,0,0,0,0,0,2020-09-02 15:10:13+08:00
4,7,3,2,0,3,2020-09-02 21:56:42+08:00
0,0,0,0,0,0,2020-09-06 15:46:15+08:00
1,2,0,1,0,1,2020-09-06 15:58:31+08:00
1,2,0,1,0,1,2020-09-06 17:08:24+08:00
4,6,2,4,0,3,2020-09-07 15:19:50+08:00
0,1,0,0,0,0,2020-09-08 13:08:46+08:00
0,0,0,0,0,0,2020-09-08 19:20:59+08:00
4,6,2,1,0,2,2020-09-09 09:59:10+08:00
0,0,0,0,0,0,2020-09-09 13:43:12+08:00
0,0,0,0,0,0,2020-09-09 13:49:37+08:00
1,2,1,1,0,0,2020-09-09 15:05:27+08:00
2,5,2,1,1,3,2020-09-10 17:03:21+08:00
1,1,0,0,0,0,2020-09-10 17:06:09+08:00
4,6,3,2,1,2,2020-09-11 11:19:53+08:00
2,3,3,0,0,0,2020-09-11 12:46:42+08:00
0,0,0,0,0,0,2020-09-11 12:48:32+08:00
0,0,0,0,0,0,2020-09-11 12:53:57+08:00
