Acquisition,Preparation,Modeling,Training,Evaluation,Prediction,time
0,0,0,0,0,0,2019-05-27 15:29:35+06:00
0,0,0,0,0,0,2019-05-27 15:37:37+06:00
0,0,0,0,0,0,2019-05-27 15:40:03+06:00
0,0,0,0,0,0,2019-05-27 15:40:24+06:00
0,0,0,0,0,0,2019-05-29 12:43:09+06:00
0,0,0,0,0,0,2019-05-29 12:44:47+06:00
0,0,0,0,0,0,2019-05-29 12:48:09+06:00
0,0,0,0,0,0,2019-05-29 12:48:55+06:00
1,0,0,0,0,0,2019-06-13 15:25:55+06:00
0,0,0,0,0,0,2019-06-13 15:26:10+06:00
0,0,0,0,0,0,2019-06-13 15:30:42+06:00
0,0,0,0,0,0,2019-06-13 15:36:39+06:00
0,0,0,0,0,0,2019-06-30 12:58:20+06:00
0,0,0,0,0,0,2019-06-30 12:58:29+06:00
0,0,0,0,0,0,2019-06-30 16:05:21+06:00
0,0,0,0,0,0,2019-07-01 12:50:01+06:00
0,0,0,0,0,0,2019-07-09 11:00:29+06:00
0,0,0,0,0,0,2019-07-09 11:32:56+06:00
0,0,0,0,0,0,2019-07-22 00:33:29-04:00
0,0,0,0,0,0,2019-07-25 15:53:19+06:00
0,0,0,0,0,0,2019-07-25 15:53:37+06:00
0,0,0,0,0,0,2019-08-06 11:08:05+06:00
0,0,0,0,0,0,2019-08-06 11:34:02+06:00
0,0,0,0,0,0,2019-08-21 11:22:00+06:00
0,0,0,0,0,0,2019-08-22 13:25:27+06:00
0,0,0,0,0,0,2019-08-22 13:42:06+06:00
0,0,0,0,0,0,2019-08-22 13:46:24+06:00
1,1,0,0,0,0,2019-09-01 16:08:42+06:00
0,0,0,0,0,0,2020-11-15 18:05:36+06:00
0,1,0,0,0,0,2020-11-15 18:13:22+06:00
0,0,0,0,0,0,2020-11-15 18:15:57+06:00
2,2,0,0,0,0,2020-11-15 23:55:57+06:00
0,0,0,0,0,0,2020-11-16 00:18:42+06:00
0,0,0,0,0,0,2020-11-16 06:38:12+06:00
0,0,0,0,0,0,2020-11-16 07:14:30+06:00
0,0,0,0,0,0,2020-11-16 07:19:52+06:00
0,0,0,0,0,0,2020-11-16 07:21:58+06:00
0,0,0,0,0,0,2020-11-16 07:29:16+06:00
0,0,0,0,0,0,2020-11-16 07:31:12+06:00
3,2,0,0,0,0,2020-11-27 11:50:09+06:00
0,0,0,0,0,0,2021-01-24 13:06:55+06:00
0,0,0,0,0,0,2021-01-26 14:19:18+06:00
0,0,0,0,0,0,2022-01-12 14:06:37+06:00
0,0,0,0,0,0,2022-01-12 14:08:05+06:00
1,1,0,0,0,0,2022-01-12 14:22:06+06:00
0,0,0,0,0,0,2022-01-12 14:46:40+06:00
0,0,0,0,0,0,2022-01-13 05:13:27+06:00
0,0,0,0,0,0,2022-01-15 08:09:39+06:00
1,1,0,0,0,0,2022-01-15 08:17:29+06:00
0,0,0,0,0,0,2022-01-15 08:21:23+06:00
0,0,0,0,0,0,2022-01-15 08:22:02+06:00
3,3,2,1,2,0,2022-01-15 08:27:40+06:00
0,0,0,0,0,0,2022-01-15 08:32:03+06:00
2,2,0,0,0,0,2022-01-15 08:43:42+06:00
1,1,0,0,0,0,2022-01-15 09:51:02+06:00
1,1,0,0,0,0,2022-01-15 17:05:02+06:00
0,0,0,0,0,0,2022-01-16 18:06:54+06:00
0,0,0,0,0,0,2022-01-16 18:12:00+06:00
0,0,0,0,0,0,2022-01-16 18:13:33+06:00
0,0,0,0,0,0,2022-01-18 06:41:30+06:00
0,0,0,0,0,0,2022-01-23 10:07:41+06:00
1,1,0,0,0,0,2022-01-25 16:19:05+06:00
1,1,0,0,0,0,2022-01-25 23:22:30+06:00
1,1,0,0,0,0,2022-01-26 16:21:54+06:00
1,1,0,0,0,0,2022-01-26 17:23:56+06:00
1,1,0,0,0,0,2022-02-06 11:38:22+06:00
0,1,0,0,0,0,2022-02-08 06:51:48+06:00
0,0,0,0,0,0,2022-02-08 06:52:15+06:00
