Acquisition,Preparation,Modeling,Training,Evaluation,Prediction,time
0,0,0,0,0,0,2019-03-05 21:20:58+02:00
0,0,0,0,0,0,2019-03-05 22:20:54+02:00
1,1,0,0,0,0,2019-03-10 11:45:14+02:00
0,0,0,0,0,0,2019-03-12 17:55:00+02:00
1,0,0,0,0,0,2019-03-16 19:10:53+02:00
0,1,1,1,0,0,2019-03-20 16:41:00+02:00
1,1,0,0,0,0,2019-03-23 19:06:17+02:00
1,1,0,0,0,0,2019-03-23 19:29:42+02:00
0,0,0,0,0,0,2019-03-23 19:39:47+02:00
0,0,0,0,0,0,2019-03-23 19:44:01+02:00
0,0,0,0,0,0,2019-03-23 19:44:30+02:00
0,1,0,0,0,0,2019-03-23 19:45:00+02:00
0,0,0,0,0,0,2019-03-23 19:45:19+02:00
0,0,0,0,0,0,2019-03-23 19:59:18+02:00
0,1,1,0,0,0,2019-03-26 18:35:21+02:00
0,0,0,0,0,0,2019-03-26 18:36:23+02:00
0,1,1,0,0,0,2019-03-26 20:06:40+02:00
0,1,1,0,0,0,2019-03-26 20:55:31+02:00
0,0,0,0,0,0,2019-04-02 18:49:34+03:00
0,0,0,0,0,0,2019-04-10 18:53:31+03:00
0,1,1,1,0,0,2019-04-10 18:57:27+03:00
0,0,0,0,0,0,2019-04-10 19:21:11+03:00
0,1,1,1,0,0,2019-04-10 19:45:20+03:00
0,0,0,0,0,0,2019-04-10 19:46:40+03:00
1,1,1,1,0,0,2019-04-10 20:28:06+03:00
1,0,0,0,0,0,2019-03-16 19:10:53+02:00
0,1,1,1,0,0,2019-03-20 16:41:00+02:00
0,1,1,1,0,0,2019-04-10 18:57:27+03:00
0,0,0,0,0,0,2019-04-10 19:21:11+03:00
0,1,1,1,0,0,2019-04-10 19:45:20+03:00
0,0,0,0,0,0,2019-04-10 19:46:40+03:00
1,1,1,1,0,0,2019-04-10 20:28:06+03:00
0,0,0,0,0,0,2019-04-10 20:57:32+03:00
0,0,0,0,0,0,2019-04-10 21:00:15+03:00
0,2,2,1,0,0,2019-04-16 18:51:28+03:00
0,0,0,0,0,0,2019-04-16 18:51:38+03:00
0,0,0,0,0,0,2019-04-16 18:54:06+03:00
0,1,1,1,0,0,2019-04-16 20:45:08+03:00
0,1,1,1,0,0,2019-04-16 21:04:28+03:00
0,1,1,1,0,0,2019-04-20 12:43:13+03:00
1,1,1,1,0,0,2019-05-15 21:49:33+03:00
0,0,0,0,0,0,2019-05-18 12:20:05+03:00
0,0,1,0,0,0,2019-05-21 20:45:37+03:00
2,1,1,1,0,0,2019-05-28 19:39:14+03:00
0,0,0,0,0,0,2019-05-28 20:45:12+03:00
2,2,1,1,0,0,2019-05-28 21:44:36+03:00
1,1,1,1,0,0,2019-06-01 18:24:35+03:00
1,2,2,1,0,0,2019-06-01 23:09:53+03:00
0,1,1,1,0,0,2019-06-04 19:46:52+03:00
0,1,1,1,0,0,2019-06-04 20:07:04+03:00
0,1,1,1,0,0,2019-06-04 20:07:55+03:00
0,1,1,1,0,0,2019-06-04 20:15:13+03:00
0,1,1,1,0,0,2019-06-04 20:42:41+03:00
0,1,1,1,0,0,2019-06-04 20:49:45+03:00
0,1,1,1,0,0,2019-06-04 20:54:47+03:00
0,0,0,0,0,0,2019-06-09 13:18:39+03:00
0,1,1,1,0,0,2019-06-09 15:11:28+03:00
0,0,0,0,0,0,2019-06-09 15:19:43+03:00
0,0,0,0,0,0,2019-06-09 17:09:47+03:00
0,0,0,0,0,0,2019-06-09 17:10:13+03:00
0,0,0,0,0,0,2019-06-09 17:13:10+03:00
0,0,0,0,0,0,2019-06-09 17:15:56+03:00
0,0,0,0,0,0,2019-06-09 17:17:29+03:00
0,0,0,0,0,0,2019-06-09 17:21:24+03:00
0,1,1,1,0,0,2019-06-09 17:50:16+03:00
0,0,0,0,0,0,2019-06-09 17:51:45+03:00
0,1,1,1,0,0,2019-06-09 17:59:50+03:00
0,1,1,1,0,0,2019-06-09 18:07:59+03:00
0,0,0,0,0,0,2019-06-09 18:09:32+03:00
0,0,0,0,0,0,2019-06-09 18:09:39+03:00
0,0,0,0,0,0,2019-06-09 18:24:12+03:00
0,1,1,1,0,0,2019-06-09 18:38:37+03:00
0,0,0,0,0,0,2019-06-09 15:43:09+00:00
0,0,0,0,0,0,2019-06-09 15:44:04+00:00
0,0,0,0,0,0,2019-06-09 18:54:48+03:00
1,4,2,2,0,0,2019-06-09 19:39:35+03:00
0,0,0,0,0,0,2019-06-09 19:41:57+03:00
1,2,0,0,1,0,2019-06-09 19:55:39+03:00
0,0,0,0,1,0,2019-06-09 20:03:20+03:00
0,0,0,0,0,0,2019-06-09 20:42:45+03:00
0,0,0,0,1,0,2019-06-09 20:47:47+03:00
0,0,0,0,1,0,2019-06-09 20:49:34+03:00
0,0,0,0,1,0,2019-06-09 20:50:32+03:00
0,1,1,1,0,0,2019-06-09 20:03:45+03:00
0,0,0,0,0,0,2019-06-11 19:13:54+03:00
0,2,1,1,1,0,2019-06-11 20:09:22+03:00
0,0,0,0,0,0,2019-06-11 20:16:31+03:00
0,0,0,0,1,0,2019-06-12 00:09:48+03:00
0,0,0,0,0,0,2019-06-20 06:36:29+03:00
1,3,0,0,1,0,2019-06-20 06:37:18+03:00
0,3,1,1,1,0,2019-06-21 12:51:38+03:00
0,0,0,0,0,0,2019-06-21 12:53:39+03:00
0,0,0,0,2,0,2019-06-21 13:03:33+03:00
0,0,0,0,0,0,2019-06-21 13:04:35+03:00
0,0,0,0,1,0,2019-06-21 13:44:55+03:00
0,1,0,0,1,0,2019-06-21 14:03:28+03:00
1,1,0,0,0,0,2019-06-21 14:16:41+03:00
1,3,1,1,2,0,2019-06-25 20:03:10+03:00
0,1,1,1,2,0,2019-06-25 20:43:57+03:00
0,0,0,0,0,0,2019-06-25 20:42:13+03:00
0,1,0,0,1,0,2019-06-27 20:57:04+03:00
0,0,0,0,0,0,2019-06-27 20:57:13+03:00
1,3,1,1,2,0,2019-06-30 21:02:04+03:00
0,2,0,0,1,0,2019-07-01 11:42:11+03:00
0,1,0,0,1,0,2019-07-02 21:13:26+03:00
0,1,1,1,2,0,2019-07-05 20:30:46+03:00
0,0,0,0,0,0,2019-07-05 20:33:00+03:00
0,1,0,0,1,0,2019-07-06 22:07:08+03:00
0,2,1,1,2,0,2019-07-09 19:42:54+03:00
0,0,0,0,0,0,2019-07-09 19:47:51+03:00
0,0,0,0,0,0,2019-07-09 19:50:33+03:00
1,2,1,1,2,0,2019-07-10 20:51:22+03:00
0,0,0,0,0,0,2019-07-10 20:51:40+03:00
