Acquisition,Preparation,Modeling,Training,Evaluation,Prediction,time
0,0,0,0,0,0,2018-04-18 16:25:19-04:00
0,0,0,0,0,0,2018-04-18 16:25:51-04:00
3,4,0,2,0,1,2018-04-18 16:27:10-04:00
0,0,0,0,0,0,2018-04-18 16:44:01-04:00
0,0,0,0,0,0,2018-04-18 17:02:24-04:00
1,1,0,1,0,1,2018-04-18 17:02:57-04:00
1,1,0,1,0,1,2018-04-18 17:03:07-04:00
0,0,0,0,0,0,2018-04-18 17:12:37-04:00
0,0,0,0,0,0,2018-04-18 18:49:49-04:00
0,0,0,0,0,0,2018-04-18 18:51:04-04:00
0,0,0,0,0,0,2018-04-18 18:52:48-04:00
0,0,0,0,0,0,2018-04-18 18:57:10-04:00
1,1,0,1,0,1,2018-04-18 19:02:20-04:00
1,1,0,1,0,1,2018-04-18 19:08:06-04:00
1,1,0,1,0,1,2018-04-18 19:10:17-04:00
1,1,0,1,0,1,2018-04-18 19:26:38-04:00
0,0,0,0,0,0,2018-04-18 19:33:07-04:00
0,0,0,0,0,0,2018-04-18 19:40:13-04:00
0,0,0,0,0,0,2018-04-18 19:40:29-04:00
0,0,0,0,0,0,2018-04-18 19:48:24-04:00
0,0,0,0,0,0,2018-04-18 19:49:16-04:00
0,0,0,0,0,0,2018-04-18 19:53:20-04:00
0,0,0,0,0,0,2018-04-18 19:54:47-04:00
0,0,0,0,0,0,2018-04-18 20:03:28-04:00
1,1,0,1,0,1,2018-04-18 20:05:44-04:00
1,1,0,1,0,1,2018-04-18 20:10:08-04:00
0,0,0,0,0,0,2018-04-18 20:28:35-04:00
0,0,0,0,0,0,2018-04-18 21:02:59-04:00
1,1,0,1,0,1,2018-04-18 21:04:24-04:00
1,1,0,0,0,1,2018-04-18 21:08:02-04:00
1,1,0,0,0,1,2018-04-18 21:12:21-04:00
0,0,0,0,0,0,2018-04-18 21:12:40-04:00
0,0,0,0,0,0,2018-04-18 21:13:58-04:00
0,0,0,0,0,0,2018-04-18 21:15:17-04:00
5,5,1,2,0,1,2018-04-20 00:03:00-04:00
0,0,0,0,0,0,2018-04-20 00:05:47-04:00
0,0,0,0,0,0,2018-04-20 00:09:19-04:00
1,1,0,0,0,1,2018-04-20 00:11:47-04:00
5,5,2,3,0,2,2018-04-20 00:28:26-04:00
0,0,0,0,0,0,2018-04-23 20:19:01-04:00
0,0,0,0,0,0,2018-04-23 20:20:55-04:00
0,0,0,0,0,0,2018-04-23 20:29:08-04:00
0,0,0,0,0,0,2018-04-23 20:29:35-04:00
0,0,0,0,0,0,2018-04-23 20:37:33-04:00
0,0,0,0,0,0,2018-04-23 20:41:10-04:00
0,0,0,0,0,0,2018-04-23 20:47:10-04:00
0,0,0,0,0,0,2018-04-23 23:16:50-04:00
0,0,0,0,0,0,2018-04-23 23:19:51-04:00
0,0,0,0,0,0,2018-04-23 23:20:47-04:00
0,0,0,0,0,0,2018-04-23 23:21:46-04:00
0,0,0,0,0,0,2018-04-23 23:55:37-04:00
0,0,0,0,0,0,2018-04-24 00:01:15-04:00
0,0,0,0,0,0,2018-04-24 00:04:21-04:00
0,0,0,0,0,0,2018-04-26 09:41:36-04:00
0,0,0,0,0,0,2018-04-26 09:49:37-04:00
4,5,2,3,0,2,2018-04-29 02:04:35-04:00
