Acquisition,Preparation,Modeling,Training,Evaluation,Prediction,time
1,3,1,3,1,0,2021-03-17 12:06:34+05:18
0,0,0,0,0,0,2021-03-28 14:18:27+05:18
3,5,2,3,3,1,2021-03-29 19:51:22+05:18
0,0,0,0,0,0,2021-03-29 20:09:45+05:18
0,2,1,2,2,1,2021-03-30 15:57:04+05:18
0,0,0,0,0,0,2021-03-30 15:57:12+05:18
1,3,2,2,3,1,2021-03-30 21:42:13+05:18
0,0,0,0,0,0,2021-03-31 06:45:58+00:00
0,0,0,0,0,0,2021-03-31 18:05:47+05:18
0,0,0,0,0,0,2021-03-31 18:10:55+05:18
0,0,0,0,0,0,2021-03-31 18:11:18+05:18
1,1,0,0,1,0,2021-03-31 18:12:12+05:18
1,1,0,1,0,0,2021-03-31 18:12:56+05:18
0,1,1,1,1,1,2021-03-31 18:13:17+05:18
0,0,0,0,1,0,2021-03-31 18:13:34+05:18
1,1,0,0,0,0,2021-03-31 18:13:53+05:18
0,0,0,0,0,0,2021-03-31 18:14:11+05:18
0,0,0,0,0,0,2021-03-31 18:14:29+05:18
0,0,0,0,0,0,2021-03-31 14:18:16+00:00
0,0,0,0,0,0,2021-03-31 14:19:11+00:00
0,1,1,2,1,1,2021-03-31 16:28:28+00:00
0,2,1,2,1,1,2021-04-01 01:02:57+05:18
0,0,0,0,0,0,2021-04-01 01:03:09+05:18
0,2,1,2,1,1,2021-04-01 11:26:37+05:18
0,1,0,1,0,0,2021-04-01 06:55:22+00:00
0,0,0,0,0,0,2021-04-01 06:56:33+00:00
0,1,1,1,1,1,2021-04-01 07:53:26+00:00
0,1,1,1,1,1,2021-04-01 07:56:33+00:00
0,1,1,1,1,1,2021-04-01 13:20:52+05:18
0,0,0,0,0,0,2021-04-01 08:50:33+00:00
0,1,1,1,1,1,2021-04-01 14:09:28+05:18
0,1,1,1,1,1,2021-04-01 14:13:51+05:18
0,1,1,1,1,1,2021-04-01 14:17:05+05:18
0,1,1,1,1,1,2021-04-01 09:30:06+00:00
0,1,1,1,1,1,2021-04-01 14:49:13+05:18
0,0,0,0,0,0,2021-04-01 14:49:19+05:18
0,0,0,0,0,0,2021-04-01 14:54:31+05:18
0,1,0,1,0,0,2021-04-01 15:49:18+00:00
0,1,1,0,0,0,2021-04-01 15:52:50+00:00
0,1,0,1,0,0,2021-04-01 21:16:11+05:18
0,0,0,0,0,0,2021-04-02 08:55:54+05:18
0,0,0,0,0,0,2021-04-02 08:57:05+05:18
1,1,0,0,1,0,2021-04-02 11:59:35+05:18
1,6,3,2,3,1,2021-04-02 19:33:29+05:18
0,1,0,1,0,0,2021-04-02 19:35:58+05:18
0,2,1,1,1,0,2021-04-02 17:07:44+00:00
0,2,1,1,0,0,2021-04-03 09:55:00+05:18
1,3,1,1,1,0,2021-04-03 10:48:20+05:18
0,2,1,1,0,0,2021-04-03 10:51:45+05:18
1,2,0,1,1,0,2021-04-03 10:57:37+05:18
1,4,2,2,2,1,2021-04-03 06:05:06+00:00
0,0,0,0,0,0,2021-04-03 09:28:51+00:00
1,2,1,1,2,1,2021-04-03 09:29:20+00:00
1,1,1,1,0,1,2021-04-03 09:30:02+00:00
0,0,0,0,0,0,2021-04-03 09:33:21+00:00
0,3,2,2,1,1,2021-04-03 16:00:57+05:18
0,0,0,0,0,0,2021-04-03 16:01:09+05:18
0,1,1,1,1,1,2021-04-03 10:59:29+00:00
2,2,2,2,1,2,2021-04-03 16:39:42+05:18
1,1,1,1,1,1,2021-04-03 16:40:31+05:18
1,1,0,0,0,0,2021-04-03 20:32:31+05:18
1,1,0,0,0,0,2021-04-03 20:52:46+05:18
2,3,2,1,1,1,2021-04-04 11:15:59+05:18
2,3,2,1,1,1,2021-04-04 06:32:18+00:00
2,2,1,1,1,1,2021-04-04 06:55:25+00:00
1,3,2,1,2,1,2021-04-04 08:58:11+00:00
0,0,0,0,0,0,2021-04-04 09:00:12+00:00
1,2,1,1,2,1,2021-04-04 11:10:50+00:00
1,1,1,1,1,1,2021-04-04 11:35:39+00:00
0,0,0,0,0,0,2021-04-04 12:19:00+00:00
1,1,0,0,0,0,2021-04-04 18:18:51+05:18
0,0,0,0,0,0,2021-04-04 22:36:47+05:18
2,0,0,0,0,0,2021-04-05 08:08:28+05:18
1,1,0,0,0,0,2021-04-05 10:04:58+05:18
1,1,0,0,0,0,2021-04-05 05:11:58+00:00
2,8,4,3,2,0,2021-04-05 12:46:12+05:18
1,1,0,0,0,0,2021-04-05 07:37:09+00:00
0,0,0,0,0,0,2021-04-05 07:39:10+00:00
1,1,0,0,0,0,2021-04-05 08:35:44+00:00
1,1,0,0,0,0,2021-04-05 09:25:23+00:00
0,0,0,0,0,0,2021-04-05 10:31:29+00:00
1,0,0,0,0,0,2021-04-05 15:56:37+05:18
1,7,4,2,1,0,2021-04-05 16:38:04+05:18
0,0,0,0,0,0,2021-04-05 16:38:13+05:18
0,0,0,0,0,0,2021-04-05 16:39:54+05:18
0,6,4,2,0,0,2021-04-05 11:59:42+00:00
0,2,1,1,1,0,2021-04-05 18:44:15+05:18
0,2,0,0,1,1,2021-04-05 14:36:07+00:00
0,0,0,0,0,0,2021-04-05 19:57:25+05:18
1,2,2,1,1,0,2021-04-05 16:46:48+00:00
0,0,0,0,0,0,2021-04-05 16:57:37+00:00
1,2,2,1,1,0,2021-04-05 16:58:03+00:00
0,0,0,0,0,0,2021-04-05 16:58:26+00:00
0,0,0,0,0,0,2021-04-05 16:58:43+00:00
1,2,2,2,1,0,2021-04-05 17:15:27+00:00
1,1,2,1,1,1,2021-04-05 18:07:03+00:00
1,1,1,1,1,1,2021-04-05 18:28:34+00:00
1,2,2,1,1,1,2021-04-05 18:45:35+00:00
0,1,0,0,0,0,2021-04-05 19:07:43+00:00
0,0,0,0,0,0,2021-04-06 00:40:23+05:18
3,7,0,2,0,0,2021-04-06 02:46:48+00:00
1,1,0,0,0,0,2021-04-06 02:57:41+00:00
1,2,1,1,1,1,2021-04-06 03:47:04+00:00
0,0,0,0,0,0,2021-04-06 04:07:46+00:00
1,1,0,0,0,0,2021-04-06 07:26:47+00:00
0,0,0,0,0,0,2021-04-06 07:43:37+00:00
0,0,0,0,0,0,2021-04-06 09:21:16+00:00
1,1,0,0,0,0,2021-04-06 09:26:54+00:00
1,1,0,0,0,0,2021-04-06 10:47:48+00:00
0,0,0,0,0,0,2021-04-06 10:49:36+00:00
0,0,0,0,0,0,2021-04-06 10:51:14+00:00
1,4,0,2,2,1,2021-04-06 17:39:09+05:18
0,0,0,0,0,0,2021-04-06 17:59:56+05:18
0,2,0,2,0,0,2021-04-06 18:08:05+05:18
1,3,1,1,2,2,2021-04-06 13:48:45+00:00
0,1,0,0,0,0,2021-04-07 11:32:06+05:18
1,1,0,0,1,0,2021-04-07 15:04:35+05:18
1,1,0,0,1,0,2021-04-07 16:48:17+05:18
1,1,0,0,1,0,2021-04-07 17:21:42+05:18
1,1,0,0,0,0,2021-04-07 20:19:28+05:18
1,1,0,0,0,0,2021-04-07 20:21:45+05:18
1,1,0,0,0,0,2021-04-07 20:23:02+05:18
1,2,1,0,0,0,2021-04-07 22:53:00+05:18
0,1,1,0,0,0,2021-04-07 22:56:31+05:18
0,1,1,0,0,0,2021-04-07 22:58:16+05:18
1,1,0,0,0,0,2021-04-07 23:00:37+05:18
1,1,0,0,0,0,2021-04-07 17:44:53+00:00
0,0,0,0,0,0,2021-04-07 17:46:14+00:00
0,0,0,0,0,0,2021-04-07 23:06:44+05:18
0,1,0,0,1,1,2021-04-07 18:30:52+00:00
1,2,0,0,2,1,2021-04-07 18:45:02+00:00
1,1,0,0,0,0,2021-04-08 03:43:28+00:00
0,2,0,0,1,1,2021-04-08 04:05:49+00:00
0,1,0,0,0,0,2021-04-08 04:09:02+00:00
0,1,0,0,1,1,2021-04-08 09:32:36+05:18
0,0,0,0,0,0,2021-04-08 09:33:31+05:18
0,0,0,0,0,0,2021-04-08 10:55:53+05:18
0,0,0,0,0,0,2021-04-08 10:58:40+05:18
0,0,0,0,0,0,2021-04-08 11:05:24+05:18
1,1,0,0,1,0,2021-04-08 06:24:34+00:00
0,1,1,0,0,0,2021-04-08 12:18:52+05:18
0,0,0,0,0,0,2021-04-08 12:19:01+05:18
1,1,1,1,1,1,2021-04-08 12:26:26+05:18
1,1,1,1,1,1,2021-04-08 12:28:22+05:18
1,1,1,1,1,1,2021-04-08 12:31:20+05:18
1,1,0,0,1,0,2021-04-08 16:25:13+05:18
2,2,0,0,0,0,2021-04-08 19:23:30+05:18
1,1,0,0,1,0,2021-04-08 20:35:46+05:18
0,1,1,0,1,0,2021-04-11 12:46:25+05:18
0,1,1,0,1,0,2021-04-11 07:49:45+00:00
0,0,0,0,0,0,2021-04-13 20:59:14+05:18
0,0,0,0,0,0,2021-04-14 12:10:19+05:18
0,0,0,0,0,0,2021-04-21 13:30:29+05:18
0,0,0,0,0,0,2021-04-22 15:31:48+05:18
1,2,0,1,1,0,2021-04-22 16:35:41+05:18
1,2,0,1,1,0,2021-04-22 16:52:00+05:18
1,1,0,0,1,0,2021-04-22 16:54:57+05:18
0,1,0,1,0,0,2021-04-22 16:55:29+05:18
0,0,0,0,0,0,2021-04-22 16:57:29+05:18
1,1,0,0,1,0,2021-04-22 16:58:04+05:18
1,1,0,0,1,0,2021-04-22 17:02:32+05:18
0,1,0,1,0,0,2021-04-22 17:11:59+05:18
0,1,1,0,0,0,2021-04-23 13:38:28+05:18
0,0,0,0,0,0,2021-04-23 22:09:39+05:18
3,11,2,2,1,0,2021-04-23 22:23:52+05:18
0,2,0,2,0,0,2021-04-23 22:35:10+05:18
0,0,0,0,0,0,2021-04-23 22:36:44+05:18
1,1,1,1,1,1,2021-04-23 22:46:33+05:18
0,0,0,0,0,0,2021-04-23 23:02:23+05:18
0,1,1,0,0,0,2021-04-23 23:11:22+05:18
0,0,0,0,0,0,2021-04-23 23:15:24+05:18
0,0,0,0,0,0,2021-04-23 23:17:07+05:18
0,0,0,0,0,0,2021-04-23 23:20:35+05:18
1,2,1,1,2,2,2021-04-23 23:30:03+05:18
0,0,0,0,0,0,2021-04-23 23:33:20+05:18
