Acquisition,Preparation,Modeling,Training,Evaluation,Prediction,time
0,0,0,0,0,0,2020-02-11 14:51:02+05:18
0,0,0,0,0,0,2020-02-11 14:52:04+05:18
0,0,0,0,0,0,2020-02-11 14:54:53+05:18
0,0,0,0,0,0,2020-02-11 15:27:31+05:18
0,0,0,0,0,0,2020-02-12 16:01:27+05:18
0,0,0,0,0,0,2020-02-13 14:35:25+05:18
0,0,0,0,0,0,2020-02-13 14:51:11+05:18
0,0,0,0,0,0,2020-02-13 16:54:24+05:18
0,0,0,0,0,0,2020-02-14 11:50:55+05:18
0,0,0,0,0,0,2020-02-14 14:04:16+05:18
0,0,0,0,0,0,2020-03-07 16:45:17+05:18
0,0,0,0,0,0,2020-03-07 17:21:26+05:18
0,0,0,0,0,0,2020-03-08 19:38:46+05:18
0,0,0,0,0,0,2020-03-08 14:21:25+00:00
0,0,0,0,0,0,2020-03-08 20:24:47+05:18
1,2,0,0,0,0,2020-03-09 00:35:49+05:18
1,1,0,0,0,0,2020-03-09 22:33:32+05:18
1,2,0,1,0,0,2020-03-09 23:59:38+05:18
0,0,0,0,0,0,2020-03-10 00:00:10+05:18
1,1,0,1,0,0,2020-03-10 15:46:45+05:18
1,1,0,0,0,0,2020-03-10 16:13:37+05:18
0,0,0,0,0,0,2020-03-10 16:17:03+05:18
0,0,0,0,0,0,2020-03-10 16:34:30+05:18
0,0,0,0,0,0,2020-03-10 17:00:20+05:18
0,0,0,0,0,0,2020-03-10 17:03:08+05:18
0,0,0,0,0,0,2020-03-10 17:11:57+05:18
0,0,0,0,0,0,2020-03-10 17:16:48+05:18
1,1,0,0,0,0,2020-03-10 17:24:22+05:18
0,0,0,0,0,0,2020-03-10 12:07:01+00:00
0,0,0,0,0,0,2020-03-10 17:32:15+05:18
0,0,0,0,0,0,2020-03-10 17:44:32+05:18
0,0,0,0,0,0,2020-03-10 17:55:42+05:18
0,0,0,0,0,0,2020-03-10 17:56:40+05:18
0,0,0,0,0,0,2020-03-10 18:01:22+05:18
0,0,0,0,0,0,2020-03-10 22:29:05+05:18
0,0,0,0,0,0,2020-03-10 22:31:14+05:18
0,0,0,0,0,0,2020-03-24 20:29:50+05:18
0,0,0,0,0,0,2020-05-28 13:10:45+05:18
0,0,0,0,0,0,2020-06-05 21:49:59+00:00
0,0,0,0,0,0,2020-06-07 22:04:29+05:18
0,0,0,0,0,0,2021-03-19 11:29:58+00:00
0,0,0,0,0,0,2021-03-20 03:04:45+00:00
0,0,0,0,0,0,2021-04-08 19:42:08+00:00
0,0,0,0,0,0,2021-05-07 17:28:18+05:18
0,0,0,0,0,0,2021-05-07 17:29:20+05:18
0,0,0,0,0,0,2021-05-07 17:29:29+05:18
0,0,0,0,0,0,2021-05-07 17:29:42+05:18
0,0,0,0,0,0,2021-06-02 01:09:47+00:00
0,0,0,0,0,0,2021-06-04 17:40:07+05:18
0,0,0,0,0,0,2021-09-08 01:43:38+00:00
0,0,0,0,0,0,2021-09-22 18:41:44+00:00
0,0,0,0,0,0,2021-10-19 12:01:53+05:18
0,0,0,0,0,0,2021-10-19 12:02:08+05:18
0,0,0,0,0,0,2022-03-12 00:18:04+00:00
0,0,0,0,0,0,2022-04-12 16:10:20+05:18
