Acquisition,Preparation,Modeling,Training,Evaluation,Prediction,time
0,0,0,0,0,0,2020-06-06 20:12:26-04:00
0,0,0,0,0,0,2020-06-06 20:13:03-04:00
0,0,0,0,0,0,2020-06-06 20:22:48-04:00
0,0,0,0,0,0,2020-06-06 20:23:18-04:00
0,0,0,0,0,0,2020-06-06 20:25:03-04:00
0,0,0,0,0,0,2020-06-06 20:26:04-04:00
0,2,0,0,0,0,2020-06-07 00:28:42-04:00
0,1,0,0,0,0,2020-06-07 00:30:51-04:00
0,0,0,0,0,0,2020-06-07 18:45:29-04:00
0,0,0,0,0,0,2020-06-07 18:54:46-04:00
1,1,1,0,0,2,2020-06-12 02:42:47-04:00
0,0,0,0,0,0,2020-06-12 08:53:12-04:00
0,2,0,0,0,0,2020-06-12 09:30:30-04:00
0,0,0,0,0,0,2020-06-13 00:42:04-05:00
0,1,0,1,0,0,2020-06-16 02:54:01-04:00
1,4,1,1,0,3,2020-06-16 18:26:57-04:00
0,0,0,0,0,0,2020-06-16 18:33:40-04:00
1,1,1,1,0,1,2020-06-17 23:56:52-04:00
0,0,0,0,0,0,2020-06-18 00:55:22-05:00
0,1,0,1,0,0,2020-06-19 01:50:10-04:00
0,0,0,0,0,0,2020-06-19 10:47:56-04:00
0,0,0,0,0,0,2020-06-19 14:00:44-04:00
0,0,0,0,0,0,2020-06-19 13:34:59-05:00
1,2,1,2,0,1,2020-06-20 04:10:05-04:00
0,0,0,0,0,0,2020-06-22 10:27:07-04:00
0,0,0,0,0,0,2020-06-22 10:46:48-05:00
0,0,0,0,0,0,2020-06-23 11:14:12-04:00
0,0,0,0,0,0,2020-06-23 11:19:36-04:00
0,0,0,0,0,0,2020-06-23 10:25:17-05:00
0,1,0,0,0,0,2020-06-23 12:43:20-04:00
0,1,0,0,0,0,2020-06-23 12:55:13-04:00
0,0,0,0,0,0,2020-06-23 11:57:22-05:00
1,1,1,1,0,1,2020-06-24 01:03:02-04:00
0,0,0,0,0,0,2020-06-24 11:49:01-05:00
2,3,2,2,0,2,2020-06-24 13:02:51-04:00
0,0,0,0,0,0,2020-06-24 13:13:59-04:00
1,2,1,2,0,1,2020-06-25 00:34:44-04:00
0,0,0,0,0,0,2020-06-25 09:06:01-04:00
1,2,1,1,0,1,2020-06-26 17:34:45-04:00
0,1,0,0,0,0,2020-06-26 19:35:29-04:00
0,2,0,1,0,0,2020-06-26 19:46:36-04:00
0,0,0,0,0,0,2020-06-26 19:46:43-04:00
0,0,0,0,0,0,2020-06-26 20:03:16-04:00
0,0,0,0,0,0,2020-06-26 20:25:03-04:00
1,2,1,1,0,1,2020-06-27 00:23:59-04:00
1,3,1,0,0,1,2020-06-27 01:30:01-04:00
0,0,0,0,0,0,2020-06-27 01:30:09-04:00
0,0,0,0,0,0,2020-06-27 10:11:19-04:00
0,0,0,0,0,0,2020-06-27 10:11:30-04:00
1,2,1,1,0,1,2020-06-27 12:32:18-04:00
1,1,1,1,0,1,2020-06-27 12:35:03-04:00
0,0,0,0,0,0,2020-06-27 11:47:24-05:00
1,2,1,2,0,1,2020-06-28 12:49:28-04:00
1,2,1,1,0,1,2020-06-29 18:38:07-04:00
0,1,0,0,0,0,2020-06-30 09:16:28-04:00
0,0,0,0,0,0,2020-06-30 09:17:10-04:00
1,2,1,1,0,1,2020-06-30 11:26:48-04:00
0,0,0,0,0,0,2020-06-30 10:28:11-05:00
0,0,0,0,0,0,2020-06-30 23:04:49-04:00
1,2,1,1,0,1,2020-07-01 00:05:03-04:00
0,0,0,0,0,0,2020-06-30 23:11:35-05:00
2,2,2,1,0,1,2020-07-01 01:05:45-04:00
1,1,1,1,0,1,2020-07-01 01:07:54-04:00
0,0,0,0,0,0,2020-07-01 01:11:08-04:00
2,4,2,2,0,3,2020-07-02 00:11:57-04:00
0,0,0,0,0,0,2020-07-02 00:13:24-04:00
1,2,1,0,0,0,2020-07-05 22:35:01-05:00
0,0,0,0,0,0,2020-07-05 23:00:26-05:00
0,0,0,0,0,0,2020-07-08 01:29:10-04:00
0,0,0,0,0,0,2020-07-08 13:51:46-07:00
0,0,0,0,0,0,2020-07-08 15:55:19-05:00
0,0,0,0,0,0,2020-07-08 13:57:18-07:00
0,0,0,0,0,0,2020-07-08 17:13:52-04:00
0,0,0,0,0,0,2020-07-09 23:43:05-04:00
1,1,1,1,0,1,2020-07-10 15:32:26-04:00
0,0,0,0,0,0,2020-07-10 23:30:32-05:00
0,2,0,1,0,0,2020-07-11 00:31:21-04:00
0,0,0,0,0,0,2020-07-11 00:31:43-04:00
0,0,0,0,0,0,2020-07-11 00:37:27-04:00
0,0,0,0,0,0,2020-07-11 00:38:04-04:00
0,1,0,0,0,0,2020-07-12 14:32:18-04:00
1,1,1,1,0,1,2020-07-12 14:36:53-04:00
0,0,0,0,0,0,2020-07-12 14:38:11-04:00
0,0,0,0,0,0,2020-07-12 13:38:58-05:00
0,2,0,1,0,0,2020-07-13 20:33:25-04:00
0,0,0,0,0,0,2020-07-13 20:36:10-04:00
0,1,0,0,0,0,2020-07-14 00:06:08-04:00
0,0,0,0,0,0,2020-07-14 00:06:37-04:00
0,1,0,0,0,0,2020-07-14 10:24:04-04:00
0,0,0,0,0,0,2020-07-14 10:24:39-04:00
0,0,0,0,0,0,2020-07-14 13:08:58-04:00
0,0,0,0,0,0,2020-07-14 13:09:35-04:00
0,1,0,0,0,0,2020-07-14 15:08:42-04:00
0,0,0,0,0,0,2020-07-14 15:09:10-04:00
0,1,0,0,0,0,2020-07-14 16:46:07-04:00
0,0,0,0,0,0,2020-07-14 16:46:29-04:00
0,1,0,0,0,0,2020-07-15 11:46:40-04:00
0,0,0,0,0,0,2020-07-15 12:18:13-04:00
0,1,0,0,0,0,2020-07-16 09:31:23-04:00
0,0,0,0,0,0,2020-07-16 09:32:48-04:00
0,1,0,0,0,0,2020-07-16 20:35:51-04:00
0,0,0,0,0,0,2020-07-16 20:45:06-04:00
0,0,0,0,0,0,2020-07-16 20:57:08-04:00
0,0,0,0,0,0,2020-07-16 20:57:44-04:00
4,4,4,3,3,4,2020-07-16 20:22:32-05:00
0,0,0,0,0,0,2020-07-16 22:26:39-04:00
2,2,2,1,0,1,2020-07-18 10:30:35-04:00
0,0,0,0,0,0,2020-07-18 10:31:39-04:00
0,0,0,0,0,0,2020-07-19 17:42:52-04:00
0,0,0,0,0,0,2020-07-19 17:43:31-04:00
0,0,0,0,0,0,2020-07-19 18:20:04-04:00
0,0,0,0,0,0,2020-07-19 18:20:41-04:00
0,0,0,0,0,0,2020-07-19 18:26:43-04:00
0,0,0,0,0,0,2020-07-19 18:27:28-04:00
0,2,0,1,0,2,2020-07-19 22:03:21-04:00
0,0,0,0,0,0,2020-07-19 22:03:52-04:00
0,0,0,0,0,0,2020-07-21 14:49:36-04:00
0,0,0,0,0,0,2020-07-21 14:50:02-04:00
0,0,0,0,0,0,2020-07-21 19:24:15-04:00
0,0,0,0,0,0,2020-07-21 19:24:48-04:00
0,0,0,0,0,0,2020-07-21 19:38:35-04:00
0,0,0,0,0,0,2020-07-21 19:39:20-04:00
0,0,0,0,0,0,2020-07-21 23:29:34-04:00
0,0,0,0,0,0,2020-07-21 23:30:10-04:00
2,2,2,2,0,1,2020-07-22 20:19:06-04:00
0,0,0,0,0,0,2020-07-23 08:13:19-04:00
0,0,0,0,0,0,2020-07-25 19:17:23-04:00
0,0,0,0,0,0,2020-07-25 19:18:04-04:00
0,2,0,1,0,0,2020-07-28 17:44:35-04:00
0,0,0,0,0,0,2020-07-28 17:45:09-04:00
0,0,0,0,0,0,2020-08-01 04:23:27-04:00
0,0,0,0,0,0,2020-08-01 04:24:00-04:00
0,2,0,1,0,0,2020-08-01 04:47:26-04:00
0,0,0,0,0,0,2020-08-01 04:47:58-04:00
0,0,0,0,0,0,2020-08-01 12:00:31-04:00
0,0,0,0,0,0,2020-08-01 12:01:04-04:00
0,0,0,0,0,0,2020-08-01 13:29:40-04:00
0,0,0,0,0,0,2020-08-01 13:30:09-04:00
0,0,0,0,0,0,2020-08-01 16:03:05-04:00
0,0,0,0,0,0,2020-08-01 16:03:50-04:00
0,0,0,0,0,0,2020-08-01 18:57:17-04:00
0,0,0,0,0,0,2020-08-01 19:23:14-04:00
0,0,0,0,0,0,2020-08-01 19:23:34-04:00
0,0,0,0,0,0,2020-08-01 19:29:53-04:00
0,0,0,0,0,0,2020-08-01 19:30:42-04:00
2,2,2,0,0,2,2020-08-01 20:04:25-04:00
0,0,0,0,0,0,2020-08-01 20:29:51-04:00
0,0,0,0,0,0,2020-08-01 19:42:17-05:00
0,0,0,0,0,0,2020-08-01 21:00:48-04:00
0,0,0,0,0,0,2020-08-01 21:03:36-04:00
2,2,2,2,0,1,2020-08-01 22:23:14-04:00
0,0,0,0,0,0,2020-08-01 21:30:10-05:00
0,0,0,0,0,0,2020-08-01 22:34:47-05:00
0,0,0,0,0,0,2020-08-01 22:38:11-05:00
0,0,0,0,0,0,2020-08-01 23:40:03-04:00
0,0,0,0,0,0,2020-08-01 22:46:22-05:00
0,0,0,0,0,0,2020-08-01 23:48:35-04:00
0,0,0,0,0,0,2020-08-01 23:09:29-05:00
0,0,0,0,0,0,2020-08-02 00:13:47-04:00
0,0,0,0,0,0,2020-08-02 14:55:25-04:00
0,0,0,0,0,0,2020-08-02 14:56:15-04:00
0,0,0,0,0,0,2020-08-02 20:16:27-04:00
0,0,0,0,0,0,2020-08-02 20:17:03-04:00
0,0,0,0,0,0,2020-08-03 20:40:55-04:00
0,0,0,0,0,0,2020-08-03 20:41:33-04:00
0,0,0,0,0,0,2021-01-05 17:11:54-05:00
0,0,0,0,0,0,2021-01-05 20:29:11-05:00
0,0,0,0,0,0,2021-01-05 20:32:06-05:00
0,0,0,0,0,0,2021-01-05 20:32:39-05:00
0,1,1,0,0,0,2021-01-06 22:14:51-06:00
0,0,0,0,0,0,2021-01-08 15:09:20-05:00
0,0,0,0,0,0,2021-01-08 16:24:20-05:00
0,0,0,0,0,0,2021-01-08 16:25:05-05:00
0,0,0,0,0,0,2021-01-09 14:51:19-05:00
0,0,0,0,0,0,2021-01-09 14:52:29-05:00
0,0,0,0,0,0,2021-01-10 19:59:13-05:00
0,0,0,0,0,0,2021-01-10 20:01:28-05:00
0,0,0,0,0,0,2021-01-12 19:02:49-05:00
0,0,0,0,0,0,2021-01-12 19:05:21-05:00
0,0,0,0,0,0,2021-01-16 20:12:42-05:00
0,0,0,0,0,0,2021-01-16 20:19:05-05:00
0,0,0,0,0,0,2021-01-16 20:20:57-05:00
0,0,0,0,0,0,2021-01-16 20:24:35-05:00
0,0,0,0,0,0,2021-01-19 19:14:11-05:00
0,0,0,0,0,0,2021-01-19 19:25:24-05:00
0,0,0,0,0,0,2021-01-24 19:52:08-05:00
0,0,0,0,0,0,2021-01-24 19:52:45-05:00
0,0,0,0,0,0,2021-01-27 14:20:33-05:00
0,0,0,0,0,0,2021-01-27 14:22:14-05:00
6,11,6,7,5,1,2021-01-27 14:23:33-05:00
0,0,0,0,0,0,2021-01-27 14:25:19-05:00
4,10,7,6,5,0,2021-01-27 20:00:04-05:00
0,1,1,2,0,0,2021-01-27 20:09:13-05:00
0,1,1,0,1,0,2021-01-28 10:06:43-05:00
0,1,1,0,1,0,2021-01-28 10:07:06-05:00
0,0,0,0,0,0,2021-01-28 10:08:22-05:00
1,3,2,2,2,0,2021-01-28 16:37:42-05:00
2,2,0,0,0,0,2021-01-29 00:05:42-05:00
0,0,0,0,0,0,2021-01-29 00:13:06-05:00
2,2,0,0,0,0,2021-01-29 01:51:12-05:00
0,0,0,0,0,0,2021-01-29 01:51:58-05:00
1,3,2,2,0,0,2021-01-29 20:23:45-05:00
0,0,0,0,0,0,2021-01-29 20:25:16-05:00
1,4,3,2,1,0,2021-01-30 01:53:50-05:00
0,0,0,0,0,0,2021-01-30 01:54:39-05:00
0,0,0,0,0,0,2021-01-30 11:26:59-05:00
0,0,0,0,0,0,2021-01-30 11:27:23-05:00
0,0,0,0,0,0,2021-01-30 10:56:03-06:00
0,0,0,0,0,0,2021-01-30 15:31:32-06:00
1,2,1,3,0,0,2021-01-30 16:36:08-05:00
0,0,0,0,0,0,2021-01-30 16:37:18-05:00
0,0,0,0,0,0,2021-01-30 16:39:37-05:00
1,4,3,2,1,0,2021-01-30 22:50:20-05:00
0,0,0,0,0,0,2021-01-30 22:50:56-05:00
1,2,1,2,0,0,2021-01-31 01:45:35-05:00
0,0,0,0,0,0,2021-01-31 01:46:29-05:00
0,0,0,0,0,0,2021-01-31 00:49:19-06:00
1,1,0,2,0,0,2021-01-31 02:39:52-05:00
0,0,0,0,0,0,2021-01-31 12:10:25-05:00
1,4,3,2,2,1,2021-01-31 18:32:38-05:00
0,0,0,0,0,0,2021-01-31 18:37:23-05:00
0,0,0,0,0,0,2021-01-31 18:37:34-05:00
0,0,0,0,0,0,2021-02-01 00:19:18-05:00
0,0,0,0,0,0,2021-02-01 00:19:53-05:00
3,7,4,4,5,1,2021-02-01 00:35:06-05:00
0,0,0,0,0,0,2021-02-01 00:36:17-05:00
3,3,0,2,2,1,2021-02-01 00:40:50-05:00
0,0,0,0,0,0,2021-02-01 00:43:43-05:00
0,3,3,1,1,0,2021-02-01 10:44:16-05:00
0,0,0,0,0,0,2021-02-01 10:44:42-05:00
0,2,2,1,1,1,2021-02-01 11:12:57-05:00
0,0,0,0,0,0,2021-02-01 11:13:07-05:00
0,0,0,0,0,0,2021-02-01 11:14:04-05:00
0,0,0,0,0,0,2021-02-01 17:23:17-05:00
0,0,0,0,0,0,2021-02-01 17:23:41-05:00
4,4,0,2,2,1,2021-02-01 20:02:52-05:00
0,0,0,0,0,0,2021-02-01 22:49:31-05:00
0,0,0,0,0,0,2021-02-01 22:49:52-05:00
0,0,0,0,0,0,2021-02-02 23:17:52-05:00
0,0,0,0,0,0,2021-02-02 23:19:05-05:00
2,2,0,2,1,1,2021-02-03 15:20:13-05:00
0,0,0,0,0,0,2021-02-03 15:21:01-05:00
2,2,0,2,1,1,2021-02-03 16:08:11-05:00
1,1,0,1,0,1,2021-02-03 16:21:35-05:00
0,0,0,0,0,0,2021-02-03 16:22:13-05:00
0,0,0,0,0,0,2021-02-03 16:23:28-05:00
0,0,0,0,0,0,2021-02-03 16:24:35-05:00
0,0,0,1,1,0,2021-02-03 16:26:31-05:00
0,0,0,1,1,0,2021-02-03 17:45:28-05:00
0,0,0,0,0,0,2021-02-03 18:06:30-05:00
0,0,0,0,0,0,2021-02-03 18:09:23-05:00
0,0,0,0,0,0,2021-02-03 18:11:53-05:00
0,0,0,0,0,0,2021-02-03 19:40:02-05:00
1,1,1,0,1,0,2021-02-03 20:27:55-05:00
0,1,1,1,0,0,2021-02-03 20:38:39-05:00
0,0,0,1,0,0,2021-02-03 20:47:26-05:00
1,1,1,0,1,0,2021-02-03 21:42:29-05:00
0,0,0,0,0,0,2021-02-03 22:58:08-05:00
1,1,0,0,0,0,2021-02-03 23:08:35-05:00
2,2,0,2,0,1,2021-02-03 23:54:31-05:00
0,0,0,0,0,0,2021-02-03 23:55:43-05:00
0,0,0,0,0,0,2021-02-03 23:57:32-05:00
0,0,0,0,0,0,2021-02-04 00:00:06-05:00
4,4,0,4,2,2,2021-02-04 00:10:58-05:00
0,0,0,0,0,0,2021-02-04 00:13:12-05:00
0,0,0,0,0,0,2021-02-04 00:53:13-05:00
0,0,0,0,0,0,2021-02-04 00:54:03-05:00
0,0,0,0,0,0,2021-02-04 01:04:14-05:00
0,0,0,0,0,0,2021-02-04 01:04:45-05:00
0,0,0,0,0,0,2021-02-04 09:53:46-06:00
0,0,0,0,0,0,2021-02-04 15:58:39-05:00
0,0,0,0,0,0,2021-02-04 15:59:07-05:00
3,4,0,3,1,2,2021-02-04 23:32:42-05:00
0,0,0,0,0,0,2021-02-04 23:18:49-06:00
0,1,1,0,1,1,2021-02-05 00:19:27-05:00
0,0,0,0,0,0,2021-02-05 00:20:43-05:00
0,0,0,0,0,0,2021-02-05 00:21:34-05:00
0,0,0,0,0,0,2021-02-05 00:31:00-06:00
0,0,0,0,0,0,2021-02-05 11:00:29-06:00
2,2,0,2,1,1,2021-02-05 12:08:24-05:00
0,0,0,0,0,0,2021-02-05 12:09:04-05:00
0,2,2,4,1,0,2021-02-05 12:32:13-05:00
0,0,0,0,0,0,2021-02-05 12:32:46-05:00
0,1,1,2,0,0,2021-02-05 12:42:52-05:00
0,0,0,0,0,0,2021-02-05 12:43:44-05:00
0,0,0,0,0,0,2021-02-05 12:51:01-05:00
0,1,1,2,0,0,2021-02-05 12:51:38-05:00
0,0,0,0,0,0,2021-02-05 12:52:16-05:00
0,0,0,1,0,0,2021-02-05 12:54:05-05:00
0,0,0,0,0,0,2021-02-05 12:54:08-05:00
0,0,0,0,0,0,2021-02-05 12:55:20-05:00
0,2,2,2,0,0,2021-02-05 13:19:10-05:00
0,0,0,0,0,0,2021-02-05 13:19:38-05:00
0,2,2,1,1,0,2021-02-05 13:52:00-05:00
0,0,0,0,0,0,2021-02-05 13:52:03-05:00
0,0,0,0,0,0,2021-02-05 13:52:35-05:00
0,0,0,0,0,0,2021-02-05 13:57:58-05:00
0,0,0,0,0,0,2021-02-05 13:58:33-05:00
2,4,2,5,2,1,2021-02-05 15:06:37-05:00
0,0,0,0,0,0,2021-02-05 15:06:40-05:00
0,0,0,0,0,0,2021-02-05 15:07:47-05:00
1,1,0,0,0,0,2021-02-05 15:16:47-05:00
0,0,0,0,0,0,2021-02-05 15:17:39-05:00
0,0,0,1,1,0,2021-02-05 15:21:01-05:00
0,0,0,0,0,0,2021-02-05 15:21:49-05:00
0,0,0,1,1,0,2021-02-05 15:22:40-05:00
0,0,0,0,0,0,2021-02-05 15:22:44-05:00
0,0,0,0,0,0,2021-02-05 15:23:13-05:00
0,1,1,1,0,0,2021-02-05 15:26:30-05:00
0,0,0,0,0,0,2021-02-05 15:27:03-05:00
0,0,0,0,0,0,2021-02-05 15:29:43-05:00
0,0,0,0,0,0,2021-02-05 15:30:12-05:00
4,4,0,2,1,1,2021-02-05 17:12:07-05:00
0,0,0,0,0,0,2021-02-05 17:12:34-05:00
3,3,0,1,0,1,2021-02-05 21:35:32-05:00
0,0,0,0,0,0,2021-02-05 21:36:04-05:00
1,1,0,0,0,0,2021-02-05 22:58:53-05:00
0,0,0,0,0,0,2021-02-05 22:59:14-05:00
0,2,2,1,1,0,2021-02-05 23:08:54-05:00
0,0,0,0,0,0,2021-02-05 23:09:19-05:00
0,2,2,1,1,0,2021-02-05 23:31:27-05:00
0,0,0,0,0,0,2021-02-05 23:31:50-05:00
0,2,2,1,1,0,2021-02-05 23:37:02-05:00
0,0,0,0,0,0,2021-02-05 23:37:31-05:00
0,2,2,1,1,0,2021-02-06 00:08:55-05:00
0,0,0,0,0,0,2021-02-06 00:09:28-05:00
1,3,2,1,1,0,2021-02-06 10:26:04-05:00
0,0,0,0,0,0,2021-02-06 10:26:32-05:00
0,0,0,0,0,0,2021-02-06 10:29:27-05:00
0,0,0,0,0,0,2021-02-06 10:29:56-05:00
0,1,1,1,0,0,2021-02-06 15:02:52-05:00
0,0,0,0,0,0,2021-02-06 15:03:21-05:00
0,0,0,0,0,0,2021-02-06 14:45:05-06:00
0,0,0,0,0,0,2021-02-06 15:45:50-05:00
0,2,2,3,2,0,2021-02-06 19:46:45-05:00
0,0,0,0,0,0,2021-02-06 19:47:13-05:00
0,0,0,0,0,0,2021-02-06 19:57:04-05:00
0,0,0,0,0,0,2021-02-06 19:57:25-05:00
0,1,1,0,1,0,2021-02-06 21:37:42-05:00
0,0,0,0,0,0,2021-02-06 21:38:02-05:00
2,2,0,1,0,0,2021-02-06 22:39:44-05:00
0,0,0,0,0,0,2021-02-06 22:40:07-05:00
2,2,0,1,0,0,2021-02-06 22:45:47-05:00
0,0,0,0,0,0,2021-02-06 22:46:14-05:00
2,2,0,1,0,0,2021-02-06 22:47:55-05:00
0,0,0,0,0,0,2021-02-06 22:48:18-05:00
2,2,0,1,0,0,2021-02-06 22:52:30-05:00
0,0,0,0,0,0,2021-02-06 22:52:51-05:00
1,1,0,1,0,0,2021-02-06 23:36:17-05:00
0,0,0,0,0,0,2021-02-06 23:36:44-05:00
2,2,0,1,0,0,2021-02-07 10:53:38-05:00
0,0,0,0,0,0,2021-02-07 10:54:12-05:00
0,0,0,0,0,0,2021-02-07 11:11:31-06:00
0,0,0,0,0,0,2021-02-07 14:30:40-05:00
0,0,0,0,0,0,2021-02-07 14:31:09-05:00
0,0,0,0,0,0,2021-02-07 18:25:57-05:00
0,0,0,0,0,0,2021-02-07 18:26:56-05:00
0,1,1,2,0,0,2021-02-07 18:43:28-05:00
0,0,0,0,0,0,2021-02-07 18:43:53-05:00
0,0,0,0,0,0,2021-02-07 17:45:11-06:00
0,1,1,1,0,0,2021-02-07 18:50:37-05:00
0,0,0,0,0,0,2021-02-07 18:50:59-05:00
0,1,1,1,0,0,2021-02-07 19:07:44-05:00
0,0,0,0,0,0,2021-02-07 19:08:08-05:00
0,0,0,0,0,0,2021-02-07 19:10:22-05:00
0,0,0,0,0,0,2021-02-07 19:10:40-05:00
0,0,0,0,0,0,2021-02-07 19:13:14-05:00
0,0,0,0,0,0,2021-02-07 19:13:37-05:00
0,0,0,0,0,0,2021-02-07 18:44:52-06:00
0,0,0,0,0,0,2021-02-08 20:27:45-05:00
0,0,0,0,0,0,2021-02-08 20:28:17-05:00
0,0,0,0,0,0,2021-02-08 20:30:45-05:00
0,0,0,0,0,0,2021-02-08 20:31:27-05:00
0,0,0,0,0,0,2021-02-08 22:51:05-05:00
0,0,0,0,0,0,2021-02-08 22:51:40-05:00
0,0,0,0,0,0,2021-02-08 21:54:35-06:00
0,0,0,0,0,0,2021-02-08 21:54:38-06:00
0,0,0,0,0,0,2021-02-08 22:55:57-05:00
0,1,1,1,1,0,2021-02-09 15:42:44-05:00
0,0,0,0,0,0,2021-02-09 15:43:14-05:00
0,1,1,0,0,0,2021-02-09 15:47:56-05:00
0,0,0,0,0,0,2021-02-09 15:48:21-05:00
0,1,1,0,0,0,2021-02-09 15:58:45-05:00
0,0,0,0,0,0,2021-02-09 15:59:11-05:00
0,0,0,0,0,0,2021-02-09 19:42:53-06:00
0,0,0,0,0,0,2021-02-09 19:43:16-06:00
0,0,0,0,0,0,2021-02-09 19:43:38-06:00
2,2,0,2,1,1,2021-02-10 22:28:13-05:00
0,0,0,0,0,0,2021-02-10 22:28:36-05:00
0,0,0,0,0,0,2021-02-11 11:56:54-05:00
0,0,0,0,0,0,2021-02-11 11:57:10-05:00
7,22,14,29,17,2,2021-02-12 18:01:50-05:00
0,0,0,0,0,0,2021-02-12 18:02:25-05:00
0,0,0,0,0,0,2021-02-12 18:04:16-05:00
0,0,0,0,0,0,2021-02-12 18:04:45-05:00
0,0,0,0,0,0,2021-02-12 18:05:23-05:00
0,1,2,3,0,0,2021-02-12 18:17:06-05:00
0,0,0,0,0,0,2021-02-12 18:17:28-05:00
1,3,2,2,1,0,2021-02-12 19:57:48-05:00
0,0,0,0,0,0,2021-02-12 19:58:08-05:00
0,0,0,1,0,0,2021-02-12 20:02:47-05:00
0,0,0,0,0,0,2021-02-12 20:03:16-05:00
16,18,0,10,2,9,2021-02-12 22:26:21-05:00
0,0,0,0,0,0,2021-02-12 22:26:47-05:00
0,0,0,0,0,0,2021-02-12 22:39:12-05:00
0,0,0,0,0,0,2021-02-12 22:39:40-05:00
0,1,0,1,0,1,2021-02-12 22:41:42-05:00
0,0,0,0,0,0,2021-02-12 22:42:06-05:00
0,8,0,9,0,8,2021-02-13 15:38:37-05:00
0,0,0,0,0,0,2021-02-13 15:39:06-05:00
0,8,0,8,0,8,2021-02-13 22:04:35-05:00
0,0,0,0,0,0,2021-02-13 22:05:00-05:00
0,0,0,0,0,0,2021-02-13 22:12:08-05:00
0,0,0,0,0,0,2021-02-13 22:12:30-05:00
0,1,1,1,0,0,2021-02-14 00:45:24-05:00
0,0,0,0,0,0,2021-02-14 00:45:47-05:00
0,1,1,1,0,0,2021-02-14 23:28:14-05:00
0,0,0,0,0,0,2021-02-14 23:28:42-05:00
1,1,0,0,0,0,2021-02-14 23:50:43-05:00
0,0,0,0,0,0,2021-02-14 23:51:21-05:00
0,2,1,2,0,0,2021-02-15 11:12:16-05:00
0,0,0,0,0,0,2021-02-15 11:12:58-05:00
0,1,0,1,0,0,2021-02-15 13:06:37-05:00
0,0,0,0,0,0,2021-02-15 13:07:04-05:00
0,0,0,0,0,0,2021-02-15 17:11:42-05:00
0,0,0,0,0,0,2021-02-15 17:12:09-05:00
0,0,0,0,0,0,2021-02-15 20:25:40-05:00
0,0,0,0,0,0,2021-02-15 20:26:04-05:00
0,0,0,0,0,0,2021-02-15 23:12:22-05:00
0,0,0,0,0,0,2021-02-15 23:12:50-05:00
0,0,0,0,0,0,2021-02-16 08:03:52-05:00
0,0,0,0,0,0,2021-02-16 08:04:19-05:00
1,4,4,23,8,0,2021-02-16 10:52:21-05:00
0,0,0,0,0,0,2021-02-16 10:52:46-05:00
0,0,0,0,0,0,2021-02-16 11:43:37-05:00
0,0,0,0,0,0,2021-02-16 11:44:03-05:00
0,0,0,3,1,0,2021-02-16 11:48:49-05:00
0,0,0,0,0,0,2021-02-16 11:49:17-05:00
0,0,0,4,2,0,2021-02-16 11:52:04-05:00
0,0,0,0,0,0,2021-02-16 11:52:31-05:00
0,2,4,4,0,0,2021-02-16 11:56:54-05:00
0,0,0,0,0,0,2021-02-16 11:57:27-05:00
0,1,2,2,0,0,2021-02-16 12:49:54-05:00
0,0,0,0,0,0,2021-02-16 12:50:25-05:00
0,3,3,1,2,0,2021-02-16 13:50:41-05:00
0,0,0,0,0,0,2021-02-16 13:51:12-05:00
0,0,0,0,0,0,2021-02-16 15:53:12-05:00
0,0,0,0,0,0,2021-02-16 15:53:33-05:00
0,0,0,0,0,0,2021-02-16 16:00:00-05:00
0,0,0,0,0,0,2021-02-16 16:00:27-05:00
0,0,0,0,0,0,2021-02-16 16:05:14-05:00
0,0,0,0,0,0,2021-02-16 16:05:50-05:00
0,0,0,0,0,0,2021-02-16 17:18:39-05:00
0,0,0,0,0,0,2021-02-16 17:19:04-05:00
0,0,0,0,0,0,2021-02-16 17:24:24-05:00
0,0,0,0,0,0,2021-02-16 17:24:43-05:00
0,2,0,2,0,1,2021-02-16 17:37:04-05:00
0,0,0,0,0,0,2021-02-16 17:37:22-05:00
0,0,0,0,0,0,2021-02-16 22:45:40-05:00
0,0,0,0,0,0,2021-02-16 22:45:59-05:00
0,0,0,0,0,0,2021-02-16 22:51:27-05:00
0,0,0,0,0,0,2021-02-16 22:51:48-05:00
0,0,1,1,0,0,2021-02-16 23:02:48-05:00
0,0,0,0,0,0,2021-02-16 23:03:07-05:00
0,0,0,1,1,0,2021-02-16 23:07:40-05:00
0,0,0,0,0,0,2021-02-16 23:08:01-05:00
0,1,1,0,1,0,2021-02-16 23:16:08-05:00
0,0,0,0,0,0,2021-02-16 23:16:29-05:00
0,1,2,1,1,0,2021-02-16 23:20:35-05:00
0,0,0,0,0,0,2021-02-16 23:20:56-05:00
0,2,1,2,1,0,2021-02-16 23:33:00-05:00
0,0,0,0,0,0,2021-02-16 23:33:20-05:00
0,1,0,2,2,0,2021-02-16 23:38:02-05:00
0,0,0,0,0,0,2021-02-16 23:38:23-05:00
0,1,1,1,0,0,2021-02-16 23:44:42-05:00
0,0,0,0,0,0,2021-02-16 23:45:04-05:00
0,0,1,1,0,0,2021-02-16 23:48:35-05:00
0,0,0,0,0,0,2021-02-16 23:48:57-05:00
0,0,0,0,0,0,2021-02-16 23:52:02-05:00
0,0,0,0,0,0,2021-02-16 23:52:21-05:00
0,0,1,1,0,0,2021-02-16 23:55:38-05:00
0,0,0,0,0,0,2021-02-16 23:55:57-05:00
0,0,0,0,0,0,2021-02-17 09:21:40-05:00
0,0,0,0,0,0,2021-02-17 09:22:04-05:00
0,1,0,1,0,1,2021-02-17 13:37:31-05:00
0,0,0,0,0,0,2021-02-17 13:37:52-05:00
0,0,0,0,0,0,2021-02-17 16:33:13-05:00
0,0,0,0,0,0,2021-02-17 16:33:37-05:00
0,1,1,1,0,0,2021-02-18 11:06:05-05:00
0,0,0,0,0,0,2021-02-18 11:06:39-05:00
0,3,1,3,1,0,2021-02-18 11:35:46-05:00
0,0,0,0,0,0,2021-02-18 11:36:17-05:00
1,3,1,2,0,0,2021-02-18 13:10:31-05:00
0,0,0,0,0,0,2021-02-18 13:10:55-05:00
0,0,0,0,0,0,2021-02-18 15:50:37-05:00
0,0,0,0,0,0,2021-02-18 15:50:57-05:00
0,0,0,0,0,0,2021-02-18 16:05:39-05:00
0,0,0,0,0,0,2021-02-18 16:06:01-05:00
0,0,0,0,0,0,2021-02-18 16:25:53-05:00
0,0,0,0,0,0,2021-02-18 16:26:18-05:00
0,3,2,4,1,0,2021-02-18 21:53:08-05:00
0,0,0,0,0,0,2021-02-18 21:53:28-05:00
0,0,0,0,0,0,2021-02-18 23:44:54-05:00
0,0,0,0,0,0,2021-02-18 23:45:14-05:00
0,0,0,0,0,0,2021-02-19 08:43:41-05:00
0,0,0,0,0,0,2021-02-19 08:44:07-05:00
0,0,0,0,0,0,2021-02-19 22:47:05-05:00
0,0,0,0,0,0,2021-02-19 22:47:29-05:00
0,0,0,0,0,0,2021-02-20 10:17:09-05:00
0,0,0,0,0,0,2021-02-20 10:17:32-05:00
0,3,2,3,1,0,2021-02-20 13:38:40-05:00
0,0,0,0,0,0,2021-02-20 13:39:00-05:00
0,1,0,0,0,0,2021-02-20 13:44:48-05:00
0,0,0,0,0,0,2021-02-20 13:45:13-05:00
0,0,1,1,0,0,2021-02-20 13:53:00-05:00
0,0,0,0,0,0,2021-02-20 13:53:22-05:00
0,1,1,1,0,0,2021-02-20 15:56:22-05:00
0,0,0,0,0,0,2021-02-20 15:56:46-05:00
0,1,0,0,0,0,2021-02-20 16:00:29-05:00
0,0,0,0,0,0,2021-02-20 16:00:48-05:00
1,2,0,0,0,0,2021-02-20 16:46:31-05:00
0,0,0,0,0,0,2021-02-20 16:46:56-05:00
0,0,0,0,0,0,2021-02-20 18:15:36-05:00
0,0,0,0,0,0,2021-02-20 18:15:58-05:00
0,0,0,0,0,0,2021-02-20 20:32:56-05:00
0,0,0,0,0,0,2021-02-20 20:33:18-05:00
0,0,0,0,0,0,2021-02-20 22:27:28-05:00
0,0,0,0,0,0,2021-02-20 22:27:50-05:00
0,0,0,0,0,0,2021-02-20 22:38:58-05:00
0,0,0,0,0,0,2021-02-20 22:39:23-05:00
0,1,0,0,0,0,2021-02-21 10:06:08-05:00
0,0,0,0,0,0,2021-02-21 10:06:38-05:00
0,0,0,0,0,0,2021-02-21 13:32:35-05:00
0,0,0,0,0,0,2021-02-21 13:32:53-05:00
0,0,0,0,0,0,2021-02-21 14:23:57-05:00
0,0,0,0,0,0,2021-02-21 14:24:21-05:00
0,0,0,0,0,0,2021-02-21 16:25:17-05:00
0,0,0,0,0,0,2021-02-21 16:25:41-05:00
0,0,0,0,0,0,2021-02-21 19:46:39-05:00
0,0,0,0,0,0,2021-02-21 19:47:00-05:00
0,0,0,0,0,0,2021-02-21 22:35:54-05:00
0,0,0,0,0,0,2021-02-21 22:36:12-05:00
0,0,0,0,0,0,2021-02-22 13:00:26-05:00
0,0,0,0,0,0,2021-02-22 13:00:51-05:00
0,0,0,0,0,0,2021-02-22 13:10:28-05:00
0,0,0,0,0,0,2021-02-22 13:10:55-05:00
0,1,2,2,0,0,2021-02-22 13:22:29-05:00
0,0,0,0,0,0,2021-02-22 13:22:54-05:00
0,1,0,1,1,0,2021-02-22 16:59:05-05:00
0,0,0,0,0,0,2021-02-22 16:59:29-05:00
0,1,0,1,1,0,2021-02-22 17:02:04-05:00
0,0,0,0,0,0,2021-02-22 17:02:24-05:00
0,1,0,0,0,0,2021-02-22 20:25:39-05:00
0,0,0,0,0,0,2021-02-22 20:26:06-05:00
0,0,0,0,0,0,2021-02-22 20:37:23-05:00
0,0,0,0,0,0,2021-02-22 20:37:48-05:00
0,1,0,1,0,0,2021-02-23 09:34:58-05:00
0,0,0,0,0,0,2021-02-23 09:35:23-05:00
0,0,0,0,0,0,2021-02-23 12:56:03-05:00
0,0,0,0,0,0,2021-02-23 12:56:23-05:00
0,1,1,1,0,0,2021-02-23 14:15:26-05:00
0,0,0,0,0,0,2021-02-23 14:15:48-05:00
0,1,0,1,1,0,2021-02-23 14:19:17-05:00
0,0,0,0,0,0,2021-02-23 14:19:44-05:00
1,1,2,2,2,0,2021-02-23 14:23:41-05:00
0,0,0,0,0,0,2021-02-23 14:24:03-05:00
0,0,1,1,0,0,2021-02-23 18:19:59-05:00
0,0,0,0,0,0,2021-02-23 18:20:23-05:00
1,1,1,0,1,0,2021-02-23 22:04:33-05:00
0,0,0,0,0,0,2021-02-23 22:04:57-05:00
1,1,1,0,1,0,2021-02-24 08:29:06-05:00
0,0,0,0,0,0,2021-02-24 08:29:32-05:00
0,0,0,1,0,0,2021-02-24 12:28:13-05:00
0,0,0,0,0,0,2021-02-24 12:28:35-05:00
0,0,0,0,0,0,2021-02-24 13:03:13-05:00
0,0,0,0,0,0,2021-02-24 13:03:36-05:00
0,0,0,0,0,0,2021-02-24 15:02:25-05:00
0,0,0,0,0,0,2021-02-24 15:02:45-05:00
0,0,0,0,0,0,2021-02-24 21:30:38-05:00
0,0,0,0,0,0,2021-02-24 21:31:01-05:00
0,2,1,2,0,0,2021-02-25 21:21:56-05:00
0,0,0,0,0,0,2021-02-25 21:22:12-05:00
0,0,0,0,0,0,2021-02-25 21:24:18-05:00
0,0,0,0,0,0,2021-02-25 21:24:38-05:00
0,0,0,0,0,0,2021-02-25 23:14:51-05:00
0,0,0,0,0,0,2021-02-25 23:17:02-05:00
1,1,0,1,0,0,2021-02-26 11:42:43-05:00
0,0,0,0,0,0,2021-02-26 11:43:03-05:00
1,2,1,2,0,0,2021-02-26 11:58:27-05:00
0,0,0,0,0,0,2021-02-26 11:58:50-05:00
0,0,0,0,0,0,2021-02-26 11:59:34-05:00
0,0,0,0,0,0,2021-02-26 12:00:04-05:00
1,1,0,1,0,0,2021-02-26 12:01:43-05:00
0,0,0,0,0,0,2021-02-26 12:02:04-05:00
1,2,1,2,0,0,2021-02-27 11:35:37-05:00
0,0,0,0,0,0,2021-02-27 11:36:23-05:00
0,0,0,0,0,0,2021-02-28 17:49:44-05:00
1,4,2,2,2,0,2021-02-28 20:04:28-05:00
0,1,1,1,0,0,2021-02-28 20:05:18-05:00
0,0,0,0,0,0,2021-02-28 19:05:47-06:00
0,0,0,0,0,0,2021-03-01 00:35:33-05:00
0,0,0,0,0,0,2021-03-01 00:37:05-05:00
0,1,1,1,0,0,2021-03-01 00:44:14-05:00
0,0,0,0,0,0,2021-03-01 00:44:39-05:00
1,2,1,2,0,0,2021-03-01 06:23:56-05:00
0,0,0,0,0,0,2021-03-01 06:24:19-05:00
1,1,0,1,0,0,2021-03-01 06:42:54-05:00
0,0,0,0,0,0,2021-03-01 06:43:17-05:00
1,2,1,2,0,0,2021-03-01 23:55:52-05:00
0,0,0,0,0,0,2021-03-01 23:56:11-05:00
0,1,1,1,0,0,2021-03-01 23:57:49-05:00
0,0,0,0,0,0,2021-03-01 23:58:08-05:00
1,1,0,1,0,0,2021-03-01 23:59:41-05:00
0,0,0,0,0,0,2021-03-02 00:00:08-05:00
1,2,1,2,0,0,2021-03-02 10:44:52-05:00
0,0,0,0,0,0,2021-03-02 10:45:13-05:00
0,2,1,1,2,0,2021-03-02 18:20:07-05:00
1,2,1,2,0,0,2021-03-02 23:53:56-05:00
0,1,1,1,0,0,2021-03-03 13:39:26-05:00
0,0,0,0,0,0,2021-03-03 13:39:49-05:00
1,2,2,3,1,0,2021-03-03 15:04:31-05:00
0,1,1,1,0,0,2021-03-03 22:15:19-05:00
0,0,0,0,0,0,2021-03-03 22:15:39-05:00
0,1,1,1,1,0,2021-03-04 00:27:09-05:00
0,0,0,0,0,0,2021-03-04 00:27:19-05:00
0,1,1,0,1,0,2021-03-06 13:46:09-05:00
0,0,0,0,0,0,2021-03-06 13:49:22-05:00
0,0,0,0,0,0,2021-03-06 13:51:10-05:00
0,0,0,0,0,0,2021-03-06 13:53:15-05:00
1,1,0,0,0,0,2021-03-06 15:51:34-05:00
0,0,0,0,0,0,2021-03-06 15:52:58-05:00
1,1,0,0,0,0,2021-03-06 18:17:57-05:00
0,0,0,0,0,0,2021-03-06 18:18:21-05:00
1,1,0,0,0,0,2021-03-06 19:12:00-05:00
0,0,0,0,0,0,2021-03-06 19:16:56-05:00
0,0,0,0,0,0,2021-03-06 21:49:30-05:00
0,0,0,0,0,0,2021-03-06 21:49:45-05:00
2,4,2,4,0,0,2021-03-07 01:02:42-05:00
0,0,0,0,0,0,2021-03-07 01:03:06-05:00
2,2,1,2,0,0,2021-03-07 01:33:56-05:00
0,0,0,0,0,0,2021-03-07 01:34:20-05:00
3,5,3,5,0,0,2021-03-07 16:19:10-05:00
0,0,0,0,0,0,2021-03-07 16:19:28-05:00
0,1,1,0,1,0,2021-03-08 12:25:21-05:00
0,0,0,0,0,0,2021-03-08 12:25:32-05:00
1,1,0,0,0,0,2021-03-08 12:45:18-05:00
0,0,0,0,0,0,2021-03-08 12:45:24-05:00
0,0,0,0,0,0,2021-03-08 11:46:25-06:00
0,0,0,0,0,0,2021-03-08 13:56:39-05:00
0,0,0,0,0,0,2021-03-08 15:56:31-05:00
1,0,0,1,0,0,2021-03-08 23:11:16-05:00
0,0,0,0,0,0,2021-03-08 23:11:51-05:00
0,0,0,0,0,0,2021-03-09 10:11:50-05:00
0,0,0,0,0,0,2021-03-09 16:00:01-08:00
2,2,1,0,2,0,2021-03-09 20:10:31-05:00
0,0,0,0,0,0,2021-03-09 20:10:35-05:00
0,0,0,0,0,0,2021-03-09 20:11:04-05:00
0,0,0,0,0,0,2021-03-09 19:11:42-06:00
0,0,0,0,0,0,2021-03-09 19:12:53-06:00
0,0,0,0,0,0,2021-03-09 19:13:09-06:00
0,0,0,0,0,0,2021-03-09 19:13:30-06:00
0,0,0,0,0,0,2021-03-09 19:13:41-06:00
0,0,0,0,0,0,2021-03-09 20:16:15-05:00
0,0,0,0,0,0,2021-03-09 20:16:34-05:00
1,1,0,0,0,0,2021-03-09 22:02:56-05:00
0,0,0,0,0,0,2021-03-09 22:03:42-05:00
0,0,0,0,0,0,2021-03-09 22:04:36-05:00
0,0,0,0,0,0,2021-03-09 22:05:15-05:00
1,2,0,0,0,0,2021-03-10 16:34:21-05:00
0,0,0,0,0,0,2021-03-10 16:34:53-05:00
2,2,2,3,0,0,2021-03-11 20:00:53-05:00
0,0,0,0,0,0,2021-03-11 20:01:15-05:00
1,1,1,1,0,0,2021-03-11 20:13:08-05:00
0,0,0,0,0,0,2021-03-11 20:13:29-05:00
0,1,1,1,0,0,2021-03-11 20:19:00-05:00
0,0,0,0,0,0,2021-03-11 20:19:33-05:00
0,1,1,1,0,0,2021-03-11 22:45:10-05:00
0,0,0,0,0,0,2021-03-11 22:45:39-05:00
0,1,1,1,0,0,2021-03-11 22:46:35-05:00
0,0,0,0,0,0,2021-03-11 22:46:57-05:00
0,1,1,1,0,0,2021-03-11 22:48:39-05:00
0,0,0,0,0,0,2021-03-11 22:48:57-05:00
0,1,1,1,0,0,2021-03-11 23:04:30-05:00
0,0,0,0,0,0,2021-03-11 23:05:01-05:00
1,1,1,2,0,0,2021-03-12 01:51:19-05:00
0,1,1,1,0,0,2021-03-12 01:58:32-05:00
0,0,0,0,0,0,2021-03-12 02:01:20-05:00
0,0,0,0,0,0,2021-03-12 02:01:27-05:00
0,0,0,0,0,0,2021-03-12 01:02:18-06:00
1,1,1,1,0,0,2021-03-12 11:31:50-05:00
1,2,0,0,0,0,2021-03-12 22:46:44-05:00
0,0,0,0,0,0,2021-03-12 22:47:10-05:00
0,0,0,0,0,0,2021-03-12 22:58:04-05:00
0,0,0,0,0,0,2021-03-12 22:58:20-05:00
0,0,0,0,0,0,2021-03-12 21:59:13-06:00
1,1,1,2,0,0,2021-03-14 23:04:10-04:00
0,0,0,0,0,0,2021-03-14 23:04:48-04:00
0,0,0,0,0,0,2021-03-14 23:06:12-04:00
0,1,1,1,0,0,2021-03-15 00:26:45-04:00
0,0,0,0,0,0,2021-03-15 00:27:08-04:00
1,0,0,1,0,0,2021-03-15 23:59:22-04:00
0,0,0,0,0,0,2021-03-15 23:59:43-04:00
1,0,0,1,0,0,2021-03-16 00:03:34-04:00
0,0,0,0,0,0,2021-03-16 00:03:51-04:00
1,0,0,1,0,0,2021-03-16 00:07:03-04:00
0,0,0,0,0,0,2021-03-16 00:07:21-04:00
1,4,2,1,2,0,2021-03-17 15:50:29-04:00
0,0,0,0,0,0,2021-03-17 15:50:55-04:00
1,1,0,0,1,0,2021-03-21 00:32:12-05:00
0,0,0,0,0,0,2021-03-21 11:34:00-05:00
1,2,1,3,1,0,2021-03-21 12:42:18-04:00
0,0,0,0,0,0,2021-03-21 12:42:44-04:00
0,0,0,0,0,0,2021-03-21 12:43:06-04:00
1,2,2,4,0,0,2021-03-21 16:13:20-04:00
0,0,0,0,0,0,2021-03-21 16:13:44-04:00
2,3,1,0,2,0,2021-03-24 22:13:18-04:00
0,0,0,0,0,0,2021-03-24 22:13:33-04:00
0,1,1,2,2,0,2021-03-24 23:17:42-04:00
0,0,0,0,0,0,2021-03-25 09:18:48-05:00
0,0,0,0,0,0,2021-03-25 09:20:15-05:00
0,0,0,0,0,0,2021-03-25 17:04:34-05:00
0,0,0,0,0,0,2021-03-27 10:48:23-05:00
0,0,0,0,0,0,2021-03-27 17:45:57-04:00
0,0,0,0,0,0,2021-03-27 17:46:13-04:00
0,0,0,0,0,0,2021-03-28 13:06:07-04:00
0,0,0,0,0,0,2021-03-28 13:06:48-04:00
1,6,4,7,6,1,2021-03-30 01:59:50-04:00
0,0,0,0,0,0,2021-03-30 01:59:58-04:00
0,0,0,0,0,0,2021-03-30 15:11:35-04:00
0,0,0,0,0,0,2021-03-30 15:13:05-04:00
0,0,0,0,0,0,2021-03-30 18:43:21-04:00
0,0,0,0,0,0,2021-03-30 18:43:53-04:00
0,0,0,0,0,0,2021-03-31 00:11:05-05:00
0,0,0,0,0,0,2021-03-31 22:22:34-05:00
0,0,0,0,0,0,2021-04-02 12:33:56-04:00
0,0,0,0,0,0,2021-04-02 12:34:21-04:00
3,9,9,9,3,0,2021-04-02 14:07:24-04:00
0,0,0,0,0,0,2021-04-02 14:07:46-04:00
0,0,0,0,0,0,2021-04-02 14:09:48-04:00
0,0,0,0,0,0,2021-04-02 14:10:14-04:00
0,0,0,0,0,0,2021-04-02 14:13:56-04:00
0,0,0,0,0,0,2021-04-02 14:14:17-04:00
0,0,0,0,0,0,2021-04-06 01:52:38-04:00
0,0,0,0,0,0,2021-04-06 10:38:57-04:00
0,0,0,0,0,0,2021-04-06 10:39:15-04:00
0,0,0,0,0,0,2021-04-06 11:26:28-04:00
0,0,0,0,0,0,2021-04-06 11:27:33-04:00
0,0,0,0,0,0,2021-04-06 11:33:17-04:00
0,0,0,0,0,0,2021-04-06 11:33:54-04:00
0,0,0,0,0,0,2021-04-06 11:35:30-04:00
0,0,0,0,0,0,2021-04-06 11:45:05-04:00
0,0,0,0,0,0,2021-04-06 11:45:11-04:00
0,0,0,0,0,0,2021-04-06 12:59:48-04:00
0,0,0,0,0,0,2021-04-06 13:00:35-04:00
0,0,0,0,0,0,2021-04-06 13:02:10-04:00
0,0,0,0,0,0,2021-04-06 13:02:35-04:00
0,0,0,0,0,0,2021-12-06 21:40:42-06:00
0,0,0,0,0,0,2021-12-06 21:42:13-06:00
