Acquisition,Preparation,Modeling,Training,Evaluation,Prediction,time
0,0,0,0,0,0,2021-02-17 17:27:59-08:00
0,0,0,0,0,0,2021-02-20 12:32:10-08:00
0,0,0,0,0,0,2021-02-20 12:35:26-08:00
0,0,0,0,0,0,2021-02-20 12:36:36-08:00
0,0,0,0,0,0,2021-02-20 13:05:06-08:00
0,0,0,0,0,0,2021-02-20 16:23:15-08:00
0,0,0,0,0,0,2021-02-20 16:24:07-08:00
0,0,0,0,0,0,2021-02-23 21:40:07-08:00
0,0,0,0,0,0,2021-03-01 10:51:29-08:00
0,0,0,0,0,0,2021-03-03 17:07:36-08:00
0,0,0,0,0,0,2021-03-08 18:11:43-08:00
0,0,0,0,0,0,2021-03-08 18:11:54-08:00
0,0,0,0,0,0,2021-03-08 22:51:10-08:00
0,0,0,0,0,0,2021-03-10 13:21:08-08:00
0,0,0,0,0,0,2021-03-10 13:23:24-08:00
0,0,0,0,0,0,2021-03-10 13:24:23-08:00
0,0,0,0,0,0,2021-03-11 22:15:41-08:00
1,1,1,1,0,0,2021-04-19 02:23:21-07:00
0,0,0,0,0,0,2021-04-19 16:23:57-07:00
0,0,0,0,0,0,2021-04-19 22:13:36-07:00
1,1,0,0,0,0,2021-05-03 17:12:00-07:00
3,3,2,3,1,1,2021-05-03 19:05:26-07:00
0,0,0,0,0,0,2021-05-03 19:14:32-07:00
0,0,0,0,0,0,2021-05-03 19:42:11-07:00
0,0,0,0,0,0,2021-05-03 22:33:00-07:00
0,0,0,0,0,0,2021-05-03 22:40:20-07:00
4,4,2,4,2,2,2021-05-03 22:41:08-07:00
2,2,0,1,1,1,2021-05-05 22:08:58-07:00
1,1,0,0,0,0,2021-05-05 23:00:54-07:00
2,2,0,2,2,1,2021-05-06 00:28:15-07:00
0,0,0,0,0,0,2021-05-06 00:35:16-07:00
2,2,0,2,2,0,2021-05-06 21:58:55-07:00
0,0,0,0,0,0,2021-05-06 22:53:05-07:00
1,1,0,1,1,0,2021-05-07 14:44:36-07:00
2,2,0,2,1,1,2021-05-07 18:00:15-07:00
1,1,0,0,1,0,2021-05-07 18:54:06-07:00
2,2,0,1,1,1,2021-05-07 19:57:10-07:00
2,2,0,1,1,1,2021-05-07 20:05:37-07:00
1,1,0,0,1,0,2021-05-07 21:36:30-07:00
1,1,0,0,1,0,2021-05-07 23:22:10-07:00
1,1,0,0,1,0,2021-05-07 23:57:59-07:00
1,1,0,0,1,0,2021-05-08 08:41:29-07:00
0,0,0,0,0,0,2021-05-08 15:41:06-07:00
0,0,0,0,0,0,2021-05-08 15:53:49-07:00
0,0,0,0,0,0,2021-05-08 18:43:07-07:00
0,0,0,0,0,0,2021-05-18 00:44:03-07:00
0,0,0,0,0,0,2021-05-19 15:20:55-07:00
0,0,0,0,0,0,2021-05-19 16:56:26-07:00
0,0,0,0,0,0,2021-05-19 19:57:33-07:00
0,0,0,0,0,0,2021-05-19 20:06:16-07:00
0,0,0,0,0,0,2021-05-19 20:08:42-07:00
0,0,0,0,0,0,2021-05-19 20:10:26-07:00
0,0,0,0,0,0,2021-05-19 20:11:03-07:00
0,0,0,0,0,0,2021-05-19 20:12:32-07:00
0,0,0,0,0,0,2021-05-19 20:16:03-07:00
