Acquisition,Preparation,Modeling,Training,Evaluation,Prediction,time
0,0,0,0,0,0,2016-04-19 14:43:42+02:00
0,0,0,0,0,0,2016-04-19 14:52:02+02:00
1,1,0,0,0,0,2016-04-19 15:05:03+02:00
0,0,0,0,0,0,2016-04-20 17:15:14+02:00
0,0,0,0,0,0,2016-04-21 17:15:44+02:00
1,1,0,0,0,0,2016-04-26 16:25:21+02:00
1,1,0,0,0,0,2016-04-29 15:29:09+02:00
1,1,0,0,0,0,2016-04-29 15:45:22+02:00
1,1,0,0,0,0,2016-04-29 16:11:01+02:00
1,1,0,0,0,0,2016-04-29 16:31:20+02:00
1,1,0,0,0,0,2016-05-02 13:01:45+02:00
0,0,0,0,0,0,2016-05-03 17:26:33+02:00
1,2,0,0,0,0,2016-05-05 14:31:03+02:00
0,2,0,1,0,1,2016-05-11 17:38:01+02:00
1,1,0,0,0,0,2016-05-12 14:48:47+02:00
0,0,0,0,0,0,2016-05-12 14:54:28+02:00
1,1,0,0,0,0,2016-05-13 14:08:08+02:00
1,2,0,0,0,0,2016-05-13 15:50:08+02:00
1,2,0,0,0,0,2016-05-13 16:10:34+02:00
1,1,0,0,0,0,2016-05-13 16:13:16+02:00
0,0,0,0,0,0,2016-05-13 17:17:43+02:00
0,0,0,0,0,0,2016-05-16 14:09:00+02:00
0,0,0,0,0,0,2016-05-16 15:07:11+02:00
1,1,0,0,0,0,2016-05-25 11:55:30+02:00
0,0,0,0,0,0,2016-05-25 12:51:08+02:00
0,0,0,0,0,0,2016-05-30 12:07:13+02:00
1,2,1,1,0,0,2016-05-30 12:10:29+02:00
0,0,1,1,1,1,2016-05-30 16:58:15+02:00
1,2,0,0,0,0,2016-05-30 17:23:24+02:00
1,1,1,1,1,1,2016-05-30 17:46:06+02:00
0,0,0,0,0,0,2016-06-01 17:29:09+02:00
0,0,0,0,0,0,2016-06-03 12:53:48+02:00
0,0,1,1,1,1,2016-06-03 12:55:07+02:00
0,0,0,0,0,0,2016-06-03 12:56:05+02:00
0,1,1,1,1,1,2016-06-04 21:53:55+02:00
1,2,0,1,0,1,2016-06-10 15:09:08+02:00
0,0,0,0,0,0,2016-06-14 17:05:17+02:00
1,5,0,0,0,0,2016-06-20 16:48:47+02:00
1,1,0,0,0,0,2016-06-20 17:51:13+02:00
0,0,0,0,0,0,2016-06-20 18:01:53+02:00
1,1,0,0,0,0,2016-06-22 17:54:00+02:00
0,0,0,0,0,0,2016-06-23 14:37:19+02:00
0,0,0,0,0,0,2016-06-23 16:00:14+02:00
0,0,0,0,0,0,2016-06-23 17:07:55+02:00
2,8,0,0,0,0,2016-06-25 18:50:31+02:00
2,2,0,0,0,0,2016-06-25 18:51:04+02:00
0,0,0,0,0,0,2016-06-25 19:17:23+02:00
0,1,0,0,0,0,2016-06-25 20:13:15+02:00
0,0,0,0,0,0,2016-06-25 20:22:37+02:00
0,0,0,0,0,0,2016-06-27 18:13:16+02:00
2,2,0,0,0,0,2016-06-28 17:07:21+02:00
1,1,0,0,0,0,2016-06-28 17:41:36+02:00
0,0,0,0,0,0,2016-06-29 15:24:41+02:00
1,1,0,0,0,0,2016-06-30 11:32:57+02:00
0,0,0,0,0,0,2016-06-30 16:29:36+02:00
0,0,0,0,0,0,2016-07-01 14:50:54+02:00
1,1,0,0,0,0,2016-07-01 16:32:05+02:00
0,0,0,0,0,0,2016-07-04 15:10:27+02:00
0,0,0,0,0,0,2016-07-04 15:11:24+02:00
0,0,0,0,0,0,2016-07-04 17:03:50+02:00
1,1,0,0,0,0,2016-07-04 17:04:17+02:00
1,1,0,0,0,0,2016-07-05 12:40:53+02:00
0,0,0,0,0,0,2016-07-05 15:06:08+02:00
0,0,0,0,0,0,2016-07-06 11:54:18+02:00
1,1,0,0,0,0,2016-07-06 12:19:39+02:00
1,1,0,0,0,0,2016-07-06 15:14:02+02:00
0,0,0,0,0,0,2016-07-06 15:15:15+02:00
1,1,0,1,0,0,2016-07-06 15:19:47+02:00
1,1,0,1,0,0,2016-07-06 15:23:18+02:00
1,1,0,1,0,0,2016-07-06 16:46:58+02:00
0,0,0,0,0,0,2016-07-07 17:02:42+02:00
1,1,0,0,0,0,2016-07-07 18:00:03+02:00
1,1,0,0,0,0,2016-07-07 18:01:17+02:00
1,1,0,1,1,0,2016-07-07 18:27:18+02:00
0,0,0,0,0,0,2016-07-08 09:53:07+02:00
1,1,0,1,1,0,2016-07-08 11:00:01+02:00
2,2,0,1,1,0,2016-07-08 11:25:08+02:00
1,1,0,1,1,0,2016-07-08 16:43:31+02:00
0,0,0,0,0,0,2016-07-09 14:50:20+02:00
1,0,0,0,0,0,2016-07-11 17:34:32+02:00
0,0,0,0,0,0,2016-07-11 17:48:43+02:00
2,2,0,0,0,0,2016-07-12 15:03:48+02:00
3,2,0,0,0,0,2016-07-12 15:43:02+02:00
0,0,0,0,0,0,2016-07-12 16:28:25+02:00
3,2,0,0,0,0,2016-07-12 16:40:06+02:00
1,1,0,0,0,0,2016-07-12 16:41:57+02:00
1,0,0,0,0,0,2016-07-12 16:52:05+02:00
1,1,0,0,0,0,2016-07-12 17:48:28+02:00
1,1,0,0,0,0,2016-07-13 16:30:03+02:00
1,1,0,0,0,0,2016-07-13 16:31:04+02:00
1,1,0,1,1,0,2016-07-13 17:08:47+02:00
2,3,0,0,0,0,2016-07-13 17:10:22+02:00
1,3,1,1,0,0,2016-07-14 18:15:29+02:00
3,2,0,0,0,0,2016-07-15 14:41:25+02:00
0,0,0,0,0,0,2016-07-15 14:44:07+02:00
0,0,0,0,0,0,2016-07-15 14:45:09+02:00
0,1,1,1,1,1,2016-07-15 15:05:01+02:00
1,1,0,0,0,0,2016-07-15 16:48:24+02:00
1,2,1,1,1,1,2016-07-15 17:48:29+02:00
1,1,0,0,0,0,2016-07-18 17:34:21+02:00
0,0,0,0,0,0,2016-07-18 17:36:05+02:00
1,1,0,0,0,0,2016-07-19 10:53:14+02:00
0,0,0,0,0,0,2016-07-19 11:10:18+02:00
1,1,0,0,0,0,2016-07-21 15:04:10+02:00
1,2,0,0,0,0,2016-07-21 15:58:58+02:00
0,0,0,0,0,0,2016-07-21 16:36:16+02:00
0,0,0,0,0,0,2016-07-21 16:44:14+02:00
1,1,0,0,0,0,2016-07-22 17:05:06+02:00
1,1,0,1,1,0,2016-07-22 17:18:17+02:00
0,0,0,0,0,0,2016-07-22 17:21:24+02:00
0,0,0,0,0,0,2016-07-22 17:22:31+02:00
0,2,0,0,0,0,2016-08-01 11:15:18+02:00
1,1,0,0,0,0,2016-08-01 11:36:41+02:00
1,1,0,0,0,0,2016-08-01 12:29:16+02:00
1,1,0,0,0,0,2016-08-01 12:35:21+02:00
0,1,0,0,0,0,2016-08-01 12:40:47+02:00
0,0,0,0,0,0,2016-08-01 14:42:22+02:00
1,1,0,1,1,0,2016-08-01 16:10:51+02:00
2,2,0,1,1,0,2016-08-02 16:01:37+02:00
0,0,0,0,0,0,2016-08-02 16:30:47+02:00
1,1,0,0,1,0,2016-08-03 11:08:52+02:00
1,1,0,0,1,0,2016-08-03 11:17:51+02:00
0,0,0,0,0,0,2016-08-03 11:40:38+02:00
1,1,0,0,1,0,2016-08-03 11:58:56+02:00
1,1,0,0,1,0,2016-08-03 12:50:25+02:00
2,3,0,0,0,0,2016-08-03 14:05:34+02:00
1,1,0,0,0,0,2016-08-03 14:13:56+02:00
0,0,0,0,0,0,2016-08-04 09:41:58+02:00
0,0,0,0,0,0,2016-08-04 11:15:13+02:00
0,1,0,0,0,0,2016-08-04 11:15:44+02:00
2,2,0,0,0,0,2016-08-04 11:17:35+02:00
1,1,0,0,1,0,2016-08-04 11:43:07+02:00
0,1,1,1,1,1,2016-08-04 11:51:47+02:00
0,0,0,0,0,0,2016-08-04 11:52:05+02:00
0,1,0,0,0,0,2016-08-04 12:02:13+02:00
1,1,0,0,0,0,2016-08-04 12:37:59+02:00
1,1,0,0,0,0,2016-08-04 12:38:41+02:00
0,0,0,0,0,0,2016-08-04 12:38:48+02:00
1,1,0,0,0,0,2016-08-04 14:30:20+02:00
1,2,1,1,1,1,2016-08-04 16:16:02+02:00
1,1,0,0,0,0,2016-08-04 16:38:48+02:00
2,6,1,2,2,2,2016-08-04 18:56:58+02:00
0,0,0,0,0,0,2016-08-04 18:57:35+02:00
0,2,0,0,0,0,2016-08-04 19:00:52+02:00
0,0,0,0,0,0,2016-08-05 10:29:26+02:00
0,1,0,1,0,1,2016-08-05 11:14:51+02:00
0,0,0,0,0,0,2016-08-05 11:16:43+02:00
4,3,0,0,0,0,2016-08-05 11:49:26+02:00
0,2,0,0,0,0,2016-08-05 11:49:40+02:00
0,1,0,0,0,0,2016-08-05 12:11:04+02:00
0,2,0,0,0,0,2016-08-05 13:01:51+02:00
0,0,0,0,0,0,2016-08-23 10:59:48+02:00
1,1,0,0,1,0,2016-08-23 11:19:59+02:00
1,1,0,0,1,0,2016-08-23 15:51:39+02:00
0,1,0,1,0,1,2016-08-23 16:02:20+02:00
2,2,0,0,0,0,2016-08-25 10:03:54+02:00
0,0,0,0,0,0,2016-09-05 14:41:52+02:00
1,1,0,0,1,0,2016-09-06 12:27:29+02:00
0,0,0,0,0,0,2016-09-08 12:09:35+02:00
0,0,0,0,0,0,2016-09-16 14:59:34+02:00
0,0,0,0,0,0,2016-09-16 15:10:24+02:00
0,0,0,0,0,0,2016-09-16 15:13:26+02:00
1,1,0,0,0,1,2016-09-16 17:29:43+02:00
0,0,0,0,0,0,2016-09-16 17:45:48+02:00
1,1,0,0,0,1,2016-09-19 15:11:58+02:00
1,1,0,0,0,0,2016-09-20 11:55:16+02:00
1,1,0,0,1,0,2016-09-20 14:25:40+02:00
1,1,0,0,0,0,2016-09-20 14:26:15+02:00
1,1,0,0,0,0,2016-09-20 14:26:15+02:00
0,0,0,0,0,0,2016-09-20 14:26:48+02:00
1,2,0,0,0,0,2016-09-20 15:07:45+02:00
0,0,0,0,0,0,2016-09-20 15:07:51+02:00
1,1,0,0,1,0,2016-09-23 15:28:44+02:00
1,1,0,0,1,0,2016-09-23 17:23:15+02:00
1,1,0,0,1,0,2016-09-23 17:42:09+02:00
1,1,0,0,1,0,2016-10-09 13:44:03+02:00
0,0,0,0,0,0,2016-10-09 13:44:37+02:00
1,2,0,0,0,0,2016-10-17 15:14:16+02:00
1,2,1,1,1,1,2016-11-28 18:31:38+01:00
0,0,0,0,0,0,2016-12-01 17:00:02+01:00
1,7,1,3,1,3,2016-12-02 15:36:31+01:00
2,2,0,0,1,0,2016-12-02 15:37:29+01:00
1,2,1,1,1,1,2016-12-02 19:16:47+01:00
1,2,1,1,1,1,2016-12-02 19:18:06+01:00
0,2,1,2,1,2,2016-12-20 17:52:18+01:00
2,5,1,2,1,2,2017-01-03 16:30:06+01:00
1,3,0,0,0,0,2017-01-04 15:03:31+01:00
1,1,0,0,1,0,2017-01-04 15:04:34+01:00
1,3,1,2,1,2,2017-01-10 12:17:21+01:00
0,1,0,0,0,0,2017-01-12 14:46:05+01:00
1,1,0,0,0,0,2017-01-13 14:58:20+01:00
0,1,0,1,0,1,2017-01-13 15:25:44+01:00
1,3,1,2,1,2,2017-01-13 17:49:26+01:00
0,1,0,1,0,1,2017-01-13 17:52:22+01:00
0,1,0,1,0,1,2017-01-13 18:08:07+01:00
0,1,1,2,0,2,2017-01-15 18:48:07+01:00
0,0,0,0,0,0,2017-01-15 18:48:11+01:00
2,4,0,2,0,1,2017-01-16 14:33:56+01:00
1,2,0,2,0,2,2017-01-16 15:35:17+01:00
3,4,0,3,0,3,2017-01-16 16:56:53+01:00
2,4,0,1,0,1,2017-01-16 18:30:00+01:00
1,1,0,0,1,0,2017-01-16 18:30:15+01:00
2,3,0,1,0,1,2017-01-17 11:24:20+01:00
1,1,0,1,0,1,2017-01-17 11:25:47+01:00
4,5,0,2,2,2,2017-01-17 17:01:45+01:00
3,4,0,1,2,1,2017-01-17 17:54:51+01:00
0,0,0,0,0,0,2017-01-17 17:58:30+01:00
1,4,0,2,0,2,2017-01-18 17:02:44+01:00
0,1,0,1,0,1,2017-01-18 17:55:52+01:00
0,2,0,2,0,1,2017-01-19 10:36:47+01:00
0,1,0,1,0,1,2017-01-19 15:21:14+01:00
1,4,0,2,0,1,2017-01-19 17:53:47+01:00
0,1,0,1,0,0,2017-01-20 10:39:29+01:00
1,2,0,1,0,0,2017-01-21 14:39:41+01:00
1,1,0,1,0,0,2017-01-22 12:43:21+01:00
0,1,0,0,0,0,2017-01-22 12:54:09+01:00
1,1,0,0,0,0,2017-01-22 12:56:22+01:00
1,4,1,3,0,2,2017-01-22 14:43:12+01:00
0,2,0,1,0,0,2017-01-22 15:54:07+01:00
0,0,0,0,0,0,2017-01-22 22:41:40+01:00
2,3,0,2,0,1,2017-01-22 23:24:24+01:00
0,0,0,0,0,0,2017-01-23 16:35:05+01:00
1,1,0,1,0,1,2017-01-23 17:25:34+01:00
0,0,0,0,0,0,2017-01-23 17:26:06+01:00
1,1,0,1,0,1,2017-01-23 17:51:58+01:00
1,5,1,5,0,4,2017-01-24 10:31:23+01:00
1,2,0,2,0,1,2017-01-24 12:19:30+01:00
2,2,0,1,1,1,2017-01-24 12:26:45+01:00
0,0,0,0,0,0,2017-01-24 12:27:36+01:00
1,1,0,1,0,1,2017-01-24 12:33:57+01:00
0,1,0,0,0,0,2017-01-24 14:25:08+01:00
1,1,0,1,0,1,2017-01-24 16:16:13+01:00
1,1,0,0,1,0,2017-01-24 16:16:29+01:00
1,1,0,0,1,0,2017-01-24 16:43:48+01:00
1,1,0,0,1,0,2017-01-24 16:45:55+01:00
3,4,0,2,1,1,2017-01-24 18:30:26+01:00
0,0,0,0,0,0,2017-01-24 18:30:30+01:00
1,1,0,0,1,0,2017-01-25 10:48:48+01:00
1,1,0,0,1,0,2017-01-25 12:46:52+01:00
1,1,0,0,1,0,2017-01-25 13:01:52+01:00
1,1,0,0,1,0,2017-01-25 17:31:48+01:00
0,1,0,0,0,0,2017-01-25 17:37:11+01:00
2,2,0,1,1,1,2017-01-25 17:48:07+01:00
0,0,0,0,0,0,2017-01-25 17:54:24+01:00
1,1,0,1,0,1,2017-01-26 09:30:27+01:00
1,1,0,0,1,0,2017-01-27 10:30:56+01:00
1,1,0,0,1,0,2017-01-27 13:05:23+01:00
1,1,0,0,1,0,2017-01-27 13:05:23+01:00
1,1,0,0,1,0,2017-01-27 13:08:40+01:00
1,1,0,0,1,0,2017-01-27 14:24:00+01:00
0,0,0,0,0,0,2017-01-27 14:33:43+01:00
1,1,0,1,0,1,2017-01-27 14:44:00+01:00
0,0,0,0,0,0,2017-01-27 15:21:44+01:00
1,1,0,1,0,1,2017-01-27 17:03:53+01:00
0,1,0,1,0,0,2017-01-27 17:09:15+01:00
1,1,0,0,1,0,2017-01-28 16:50:26+01:00
0,0,0,0,0,0,2017-01-28 16:50:30+01:00
1,1,0,0,0,0,2017-01-28 17:55:16+01:00
1,3,0,1,0,0,2017-01-28 18:33:55+01:00
0,0,0,0,0,0,2017-01-28 18:35:01+01:00
1,3,0,0,0,0,2017-01-29 21:40:05+01:00
0,4,0,2,0,0,2017-01-30 11:20:05+01:00
0,0,0,0,0,0,2017-01-30 14:10:42+01:00
1,2,0,0,0,0,2017-01-30 15:42:07+01:00
0,1,0,0,0,0,2017-01-30 16:06:07+01:00
0,0,0,0,0,0,2017-01-30 16:07:17+01:00
0,2,1,2,0,2,2017-01-30 16:12:26+01:00
0,3,0,2,0,1,2017-02-01 17:36:01+01:00
0,1,0,0,0,0,2017-02-06 14:26:17+01:00
0,1,0,0,0,0,2017-02-07 17:41:26+01:00
0,0,0,1,0,0,2017-02-09 11:51:11+01:00
1,1,0,0,0,0,2017-02-09 12:27:47+01:00
1,4,0,0,0,0,2017-02-09 12:27:53+01:00
0,0,0,0,0,0,2017-02-09 12:29:14+01:00
1,1,0,0,1,0,2017-02-09 13:53:41+01:00
3,2,0,1,0,0,2017-02-10 11:33:04+01:00
1,1,0,0,0,0,2017-02-10 11:35:09+01:00
1,1,0,1,0,0,2017-02-10 11:50:39+01:00
3,10,0,1,0,1,2017-02-10 13:55:47+01:00
1,1,0,1,0,1,2017-02-10 17:49:30+01:00
0,0,0,0,0,0,2017-02-10 17:50:12+01:00
0,1,0,0,0,0,2017-02-10 18:40:51+01:00
1,1,0,1,0,1,2017-02-13 16:36:47+01:00
1,1,0,1,0,1,2017-02-13 16:36:47+01:00
0,0,0,0,0,0,2017-02-14 16:10:27+01:00
1,1,0,1,0,1,2017-02-20 14:34:30+01:00
0,1,0,0,0,0,2017-02-22 09:54:29+01:00
1,3,0,1,0,1,2017-02-22 16:21:22+01:00
1,0,0,0,0,0,2017-02-22 16:21:46+01:00
1,0,0,0,0,0,2017-02-22 16:51:41+01:00
1,1,0,1,0,1,2017-02-22 16:57:03+01:00
2,2,0,1,0,0,2017-02-22 17:33:54+01:00
1,1,0,0,1,0,2017-02-22 17:56:16+01:00
1,0,0,0,0,0,2017-02-22 18:00:13+01:00
2,1,0,0,1,0,2017-02-22 18:20:20+01:00
2,3,0,0,1,0,2017-02-23 14:41:22+01:00
0,0,0,0,0,0,2017-02-26 14:25:20+01:00
0,0,0,0,0,0,2017-02-26 15:03:03+01:00
0,0,0,0,0,0,2017-02-26 15:11:33+01:00
0,0,0,0,0,0,2017-02-26 15:25:59+01:00
0,0,0,0,0,0,2017-02-26 16:15:17+01:00
1,0,0,0,0,0,2017-02-26 16:15:55+01:00
1,0,0,0,0,0,2017-02-26 16:46:38+01:00
0,0,0,0,0,0,2017-02-26 16:46:49+01:00
3,3,0,0,1,0,2017-02-27 16:50:19+01:00
2,1,0,0,0,0,2017-02-27 16:50:39+01:00
0,0,0,0,0,0,2017-02-27 16:51:28+01:00
2,2,0,0,1,0,2017-02-28 10:00:26+01:00
1,0,0,0,0,0,2017-03-01 12:32:47+01:00
1,0,0,0,0,0,2017-03-01 12:43:31+01:00
0,0,0,0,0,0,2017-03-01 12:46:04+01:00
0,0,0,0,0,0,2017-03-01 12:59:53+01:00
0,0,0,0,0,0,2017-03-01 13:00:14+01:00
1,0,0,0,0,0,2017-03-01 14:22:18+01:00
1,0,0,0,0,0,2017-03-01 14:58:26+01:00
1,0,0,0,0,0,2017-03-01 15:06:12+01:00
1,0,0,0,0,0,2017-03-01 15:07:39+01:00
0,0,0,0,0,0,2017-03-01 16:01:33+01:00
1,1,0,1,0,1,2017-03-01 17:22:00+01:00
2,3,0,1,1,0,2017-03-01 17:22:42+01:00
3,4,0,0,2,0,2017-03-02 10:23:05+01:00
0,0,0,0,0,0,2017-03-02 10:23:30+01:00
0,2,0,0,0,0,2017-03-02 18:15:35+01:00
3,2,0,0,1,0,2017-03-02 18:49:53+01:00
1,2,0,0,1,0,2017-03-03 15:37:18+01:00
0,0,0,0,0,0,2017-03-03 15:38:52+01:00
1,2,0,1,0,0,2017-03-03 15:59:12+01:00
1,0,0,0,0,0,2017-03-06 11:27:41+01:00
1,1,0,0,1,0,2017-03-06 15:12:55+01:00
0,1,0,0,0,0,2017-03-15 09:08:45+01:00
1,2,0,1,0,0,2017-03-15 12:06:57+01:00
1,1,0,0,1,0,2017-03-15 14:38:51+01:00
0,1,0,0,0,0,2017-03-15 15:56:15+01:00
1,4,0,1,0,0,2017-03-15 18:12:56+01:00
0,1,0,0,0,0,2017-03-16 17:09:50+01:00
1,0,0,0,0,0,2017-03-16 17:38:16+01:00
0,1,0,0,0,0,2017-03-16 17:49:24+01:00
1,7,0,1,0,0,2017-03-17 16:09:59+01:00
2,1,0,1,0,0,2017-03-17 16:12:27+01:00
4,3,0,1,0,0,2017-03-17 18:00:49+01:00
0,1,0,0,0,0,2017-03-17 18:08:05+01:00
1,1,0,0,0,0,2017-03-19 14:06:26+01:00
1,2,0,0,0,0,2017-03-19 15:10:43+01:00
1,1,0,1,0,1,2017-03-19 16:06:35+01:00
1,0,0,0,0,0,2017-03-20 11:35:22+01:00
2,1,0,1,0,1,2017-03-22 11:14:03+01:00
0,1,0,0,0,0,2017-03-22 11:42:49+01:00
0,0,0,0,0,0,2017-03-22 11:42:56+01:00
0,0,0,0,0,0,2017-03-22 14:32:10+01:00
1,1,0,0,1,0,2017-03-22 14:42:18+01:00
0,1,0,0,0,0,2017-03-22 14:42:36+01:00
1,1,0,0,0,0,2017-03-22 15:10:41+01:00
0,0,0,0,0,0,2017-03-22 15:10:45+01:00
1,0,0,0,0,0,2017-03-22 15:19:22+01:00
1,1,0,0,1,0,2017-03-22 15:39:04+01:00
1,1,0,1,0,1,2017-03-23 12:29:19+01:00
0,1,0,0,0,0,2017-03-23 12:40:19+01:00
0,1,0,0,0,0,2017-03-23 12:41:36+01:00
1,1,0,1,0,1,2017-03-23 12:43:54+01:00
1,1,0,1,0,1,2017-03-23 12:45:09+01:00
3,4,0,1,1,0,2017-03-23 15:04:37+01:00
1,2,0,0,1,0,2017-03-23 17:34:03+01:00
1,0,0,0,0,0,2017-03-26 15:37:34+02:00
0,2,0,0,0,0,2017-03-26 20:55:49+02:00
1,0,0,0,0,0,2017-03-27 09:46:20+02:00
0,0,0,0,0,0,2017-03-27 09:47:56+02:00
1,0,0,0,0,0,2017-03-27 10:01:51+02:00
0,1,0,0,0,0,2017-03-28 15:14:57+02:00
1,2,0,0,1,0,2017-03-28 15:20:57+02:00
0,0,0,0,0,0,2017-03-28 15:22:35+02:00
0,0,0,0,0,0,2017-03-28 15:25:03+02:00
0,0,0,0,0,0,2017-03-28 15:26:28+02:00
2,3,0,0,1,0,2017-03-28 18:51:49+02:00
1,0,0,0,0,0,2017-03-28 18:52:34+02:00
1,0,0,0,0,0,2017-03-28 18:54:00+02:00
1,1,0,0,0,0,2017-04-03 11:34:46+02:00
0,1,0,0,0,0,2017-04-03 11:40:51+02:00
1,1,0,1,0,0,2017-04-03 11:41:30+02:00
1,2,0,1,0,1,2017-04-03 15:29:31+02:00
2,2,0,0,1,0,2017-04-03 15:30:21+02:00
2,2,0,0,0,0,2017-04-05 12:11:47+02:00
1,1,0,0,0,0,2017-04-05 12:54:31+02:00
1,1,0,0,1,0,2017-04-05 12:55:52+02:00
2,1,0,0,1,0,2017-04-05 15:10:29+02:00
1,2,0,0,1,0,2017-04-11 18:14:56+02:00
2,1,0,1,0,1,2017-04-12 16:55:00+02:00
1,1,0,0,1,0,2017-04-12 19:29:10+02:00
2,2,0,2,0,1,2017-04-17 11:43:55+02:00
2,2,0,1,0,0,2017-04-17 19:09:37+02:00
1,1,0,0,0,0,2017-04-18 08:20:19+02:00
1,1,0,1,0,0,2017-04-26 18:41:13+02:00
0,0,0,0,0,0,2017-04-27 17:03:37+02:00
1,1,0,0,1,0,2017-04-28 18:04:14+02:00
2,2,0,2,0,1,2017-05-02 16:03:02+02:00
1,1,0,1,0,0,2017-05-25 10:59:11+02:00
1,1,0,1,0,0,2017-05-25 15:52:59+02:00
1,1,0,1,0,1,2017-05-25 17:21:00+02:00
1,0,0,0,0,0,2017-05-25 17:46:26+02:00
1,1,0,0,0,0,2017-05-26 16:55:58+02:00
1,1,0,0,0,0,2017-05-26 17:01:18+02:00
1,0,0,0,0,0,2017-05-26 17:04:51+02:00
0,0,0,0,0,0,2017-05-29 17:34:50+02:00
0,0,0,0,0,0,2017-05-29 17:36:35+02:00
0,0,0,0,0,0,2017-05-29 17:42:45+02:00
0,0,0,0,0,0,2017-05-29 17:43:54+02:00
1,1,0,0,1,0,2017-05-30 17:51:17+02:00
0,0,0,0,0,0,2017-05-30 17:57:49+02:00
0,0,0,0,0,0,2017-05-31 12:41:43+02:00
2,2,0,2,0,1,2017-06-01 16:04:52+02:00
1,2,0,0,1,0,2017-06-01 16:32:35+02:00
2,2,0,1,1,1,2017-07-10 12:37:28+02:00
0,1,0,0,0,0,2017-07-10 14:12:45+02:00
1,1,0,0,0,0,2017-07-10 14:14:05+02:00
2,2,0,1,0,0,2017-07-10 14:19:10+02:00
0,0,0,0,0,0,2017-07-10 17:24:37+02:00
1,1,0,0,1,0,2017-07-13 16:15:34+02:00
1,1,0,0,1,0,2017-07-13 17:19:58+02:00
1,1,0,0,1,0,2017-07-14 10:15:52+02:00
1,1,0,0,1,0,2017-07-18 09:53:36+02:00
1,1,0,0,1,0,2017-07-28 17:45:55+02:00
1,1,0,0,1,0,2017-08-04 16:09:11+02:00
2,1,0,0,0,0,2017-08-08 15:29:22+02:00
1,1,0,0,1,0,2017-08-09 15:35:45+02:00
0,0,0,0,0,0,2017-08-09 15:37:07+02:00
1,1,0,0,1,0,2017-08-09 15:39:02+02:00
1,1,0,0,1,0,2017-08-11 11:08:42+02:00
2,3,0,0,1,0,2018-03-13 09:20:57+01:00
0,1,0,0,0,0,2018-03-13 09:25:37+01:00
0,1,0,0,0,0,2018-03-13 09:33:48+01:00
1,1,0,0,1,0,2018-09-04 18:02:32+02:00
