Acquisition,Preparation,Modeling,Training,Evaluation,Prediction,time
0,0,0,0,0,0,2018-07-20 12:08:42-05:00
0,0,0,0,0,0,2018-07-21 15:57:21-05:00
0,0,0,0,0,0,2018-07-21 15:59:24-05:00
0,0,0,0,0,0,2018-07-21 17:33:17-05:00
0,0,0,0,0,0,2018-07-21 17:34:20-05:00
0,0,0,0,0,0,2018-07-21 18:01:10-05:00
0,0,0,0,0,0,2018-07-21 18:09:07-05:00
0,0,0,0,0,0,2018-07-21 18:10:57-05:00
0,0,0,0,0,0,2018-07-21 18:14:46-05:00
0,0,0,0,0,0,2018-07-21 20:08:48-05:00
0,0,0,0,0,0,2018-07-21 20:20:15-05:00
0,0,0,0,0,0,2018-07-21 20:34:06-05:00
0,0,0,0,0,0,2018-07-21 20:34:35-05:00
0,0,0,0,0,0,2018-07-21 20:49:42-05:00
0,0,0,0,0,0,2018-07-21 20:53:11-05:00
0,0,0,0,0,0,2018-07-21 21:07:43-05:00
0,0,0,0,0,0,2018-07-21 21:15:11-05:00
0,0,0,0,0,0,2018-07-21 21:19:29-05:00
0,0,0,0,0,0,2018-07-21 22:46:02-05:00
0,0,0,0,0,0,2018-07-21 22:46:02-05:00
0,0,0,0,0,0,2018-07-21 22:53:38-05:00
0,0,0,0,0,0,2018-07-21 23:02:37-05:00
0,0,0,0,0,0,2018-07-21 23:02:53-05:00
0,0,0,0,0,0,2018-07-21 23:07:19-05:00
0,0,0,0,0,0,2018-07-21 23:09:11-05:00
0,0,0,0,0,0,2018-07-21 23:11:53-05:00
0,0,0,0,0,0,2018-07-21 23:17:46-05:00
0,0,0,0,0,0,2018-07-21 23:17:55-05:00
0,0,0,0,0,0,2018-07-21 23:22:09-05:00
0,0,0,0,0,0,2018-07-21 23:26:18-05:00
0,0,0,0,0,0,2018-07-21 23:38:48-05:00
0,0,0,0,0,0,2018-07-22 00:12:58-05:00
0,0,0,0,0,0,2018-07-22 00:15:52-05:00
0,0,0,0,0,0,2018-07-22 00:15:52-05:00
0,0,0,0,0,0,2018-07-22 01:39:49-05:00
0,0,0,0,0,0,2018-07-22 01:41:46-05:00
0,0,0,0,0,0,2018-07-22 01:41:58-05:00
0,0,0,0,0,0,2018-07-22 04:30:57-05:00
0,0,0,0,0,0,2018-07-22 04:39:47-05:00
0,0,0,0,0,0,2018-07-22 04:50:56-05:00
0,0,0,0,0,0,2018-07-22 05:05:52-05:00
0,0,0,0,0,0,2018-07-22 05:11:17-05:00
0,0,0,0,0,0,2018-07-22 05:11:32-05:00
0,0,0,0,0,0,2018-07-22 05:12:47-05:00
0,0,0,0,0,0,2018-07-22 05:14:22-05:00
0,0,0,0,0,0,2018-07-22 05:23:50-05:00
34,176,23,2,21,2,2018-07-22 06:02:40-05:00
0,0,0,0,0,0,2018-07-22 10:35:13-05:00
0,0,0,0,0,0,2018-07-22 10:35:45-05:00
0,0,0,0,0,0,2018-07-22 10:38:14-05:00
0,0,0,0,0,0,2018-07-22 11:15:15-05:00
0,0,0,0,0,0,2018-07-22 11:33:39-05:00
1,1,0,0,0,1,2018-07-22 11:48:09-05:00
0,0,0,0,0,0,2018-07-22 11:50:30-05:00
0,0,0,0,0,0,2018-07-22 11:53:40-05:00
0,0,0,0,0,0,2018-07-22 12:13:14-05:00
0,0,0,0,0,0,2018-07-22 12:13:46-05:00
0,0,0,0,0,0,2018-07-22 12:37:18-05:00
0,0,0,0,0,0,2018-07-22 12:39:50-05:00
0,0,0,0,0,0,2018-07-22 12:42:25-05:00
0,0,0,0,0,0,2018-07-22 12:51:51-05:00
0,0,0,0,0,0,2018-07-22 12:54:42-05:00
0,0,0,0,0,0,2018-07-22 12:56:02-05:00
0,0,0,0,0,0,2018-07-25 01:32:07-05:00
33,174,22,0,21,1,2018-07-25 01:39:25-05:00
0,0,0,0,0,0,2018-07-25 01:41:47-05:00
0,0,0,0,0,0,2018-07-25 01:44:12-05:00
0,0,0,0,0,0,2018-07-25 01:45:28-05:00
0,0,0,0,0,0,2018-07-25 19:01:11-05:00
0,0,0,0,0,0,2018-07-25 21:20:37-05:00
0,0,0,0,0,0,2018-07-25 21:22:09-05:00
0,0,0,0,0,0,2018-07-26 11:01:39-05:00
0,0,0,0,0,0,2018-07-26 11:13:20-05:00
0,0,0,0,0,0,2018-07-26 11:17:57-05:00
0,0,0,0,0,0,2018-07-26 19:34:13-05:00
0,0,0,0,0,0,2018-07-26 22:31:01-05:00
0,0,0,0,0,0,2018-07-27 12:45:04-05:00
0,0,0,0,0,0,2018-07-26 22:31:01-05:00
0,0,0,0,0,0,2018-07-27 23:31:30-05:00
0,0,0,0,0,0,2018-07-27 23:33:15-05:00
0,0,0,0,0,0,2018-07-27 23:31:30-05:00
0,0,0,0,0,0,2018-07-27 23:33:15-05:00
0,0,0,0,0,0,2018-07-27 23:52:18-05:00
0,0,0,0,0,0,2018-07-27 23:52:18-05:00
0,0,0,0,0,0,2018-07-29 17:30:34-05:00
0,0,0,0,0,0,2018-07-29 17:33:11-05:00
0,0,0,0,0,0,2018-07-30 00:23:15-05:00
0,0,0,0,0,0,2018-07-30 21:04:35-05:00
0,0,0,0,0,0,2018-07-30 21:11:43-05:00
0,0,0,0,0,0,2018-07-30 21:24:59-05:00
0,0,0,0,0,0,2018-07-30 21:26:47-05:00
0,0,0,0,0,0,2018-07-31 23:18:34-05:00
0,0,0,0,0,0,2018-07-31 23:20:18-05:00
0,0,0,0,0,0,2019-05-27 01:44:00+00:00
0,0,0,0,0,0,2019-05-26 20:44:40-05:00
0,0,0,0,0,0,2019-05-26 20:55:21-05:00
0,0,0,0,0,0,2019-05-26 21:09:46-05:00
0,0,0,0,0,0,2019-05-26 21:15:35-05:00
