Acquisition,Preparation,Modeling,Training,Evaluation,Prediction,time
0,0,0,0,0,0,2021-11-04 16:48:34+03:18
0,1,0,1,0,1,2021-11-04 17:40:19+03:18
1,2,0,2,1,2,2021-11-04 19:39:24+03:18
3,3,0,3,2,3,2021-11-05 06:48:07+03:18
1,1,0,1,0,1,2021-11-05 06:51:13+03:18
1,1,0,1,0,1,2021-11-05 06:59:32+03:18
0,0,0,0,0,0,2021-11-05 07:01:51+03:18
0,0,0,0,0,0,2021-11-05 07:03:57+03:18
1,1,0,0,0,0,2021-11-05 07:18:26+03:18
3,4,0,3,1,3,2021-11-05 08:33:07+03:18
1,0,0,0,0,0,2021-11-05 08:43:15+03:18
1,1,0,1,0,1,2021-11-05 09:11:33+03:18
4,4,0,3,1,3,2021-11-05 20:20:25+03:18
0,1,1,0,0,0,2021-11-07 16:06:01+03:18
0,1,1,1,1,1,2021-11-07 16:32:11+03:18
0,1,1,1,1,1,2021-11-07 19:24:25+03:18
1,1,0,1,1,1,2021-11-10 21:06:29+03:18
1,1,0,1,1,1,2021-11-11 22:31:30+03:18
1,1,1,1,1,1,2021-11-18 20:24:31+03:18
0,0,0,0,0,0,2021-11-19 17:05:16+03:18
0,0,0,0,0,0,2021-11-27 20:52:39+03:18
0,0,0,0,0,0,2021-11-27 21:00:16+03:18
0,0,0,0,0,0,2021-11-27 21:06:38+03:18
0,0,0,0,0,0,2021-11-27 21:09:06+03:18
0,0,0,0,0,0,2021-11-27 21:10:13+03:18
0,0,0,0,0,0,2021-12-06 14:05:11+03:18
0,0,0,0,0,0,2021-12-10 14:24:48+03:18
0,0,1,1,1,1,2021-12-10 14:26:29+03:18
0,1,1,1,1,1,2021-12-10 14:40:40+03:18
0,0,0,0,0,0,2021-12-10 14:43:13+03:18
0,1,0,1,0,1,2021-12-10 17:11:46+03:18
0,0,0,0,0,0,2021-12-12 09:26:58+03:18
2,6,4,5,4,5,2021-12-30 23:31:38+03:18
0,0,0,0,0,0,2021-12-30 23:32:14+03:18
0,0,0,0,0,0,2021-12-30 20:16:09+00:00
0,0,0,0,0,0,2021-12-31 10:12:37+03:18
0,0,0,0,0,0,2022-01-02 08:45:44+00:00
0,0,0,0,0,0,2022-01-02 14:01:08+03:18
1,1,1,0,1,0,2022-01-03 19:49:33+03:18
0,0,0,0,0,0,2022-01-03 19:50:51+03:18
0,0,0,0,0,0,2022-01-05 19:25:45+00:00
0,0,0,0,0,0,2022-01-13 04:03:08+00:00
0,0,0,0,0,0,2022-01-15 09:56:48+03:18
0,0,0,0,0,0,2022-01-15 09:57:03+03:18
0,0,0,0,0,0,2022-01-15 06:39:18+00:00
0,0,0,0,0,0,2022-01-15 09:58:12+03:18
0,0,0,0,0,0,2022-01-15 06:41:49+00:00
0,0,0,0,0,0,2022-01-15 10:00:28+03:18
0,0,0,0,0,0,2022-01-21 20:22:12+00:00
0,0,0,0,0,0,2022-01-22 09:13:31+03:18
0,0,0,0,0,0,2022-02-09 23:31:43+00:00
0,0,0,0,0,0,2022-02-19 09:08:28-05:00
0,0,0,0,0,0,2022-02-26 01:38:05-05:00
0,0,0,0,0,0,2022-03-12 01:03:11+00:00
0,0,0,0,0,0,2022-04-20 06:23:33-04:00
