Acquisition,Preparation,Modeling,Training,Evaluation,Prediction,time
0,0,0,0,0,0,2020-06-21 10:36:43+05:18
0,0,0,0,0,0,2020-06-21 12:16:31+05:18
0,0,0,0,0,0,2020-06-21 12:26:58+05:18
0,0,0,0,0,0,2020-06-21 12:55:35+05:18
0,0,0,0,0,0,2020-06-22 23:29:44+03:00
1,0,0,0,0,0,2020-06-23 01:43:26+03:00
1,0,0,0,0,0,2020-06-23 01:59:50+03:00
0,0,0,0,0,0,2020-06-23 06:57:13+05:18
1,0,0,0,0,0,2020-06-23 09:40:51+03:00
0,0,0,0,0,0,2020-06-23 12:10:01+05:18
0,1,0,0,0,0,2020-06-23 18:01:13+05:18
0,0,0,0,0,0,2020-06-23 18:08:37+05:18
0,0,0,0,0,0,2020-06-23 21:01:57+05:18
0,0,0,0,0,0,2020-06-23 21:09:08+05:18
0,1,0,0,0,0,2020-06-23 21:42:13+05:18
0,0,0,0,0,0,2020-06-23 21:54:27+05:18
1,0,0,0,0,0,2020-06-23 21:24:34-03:00
0,0,0,0,0,0,2020-06-24 07:39:02+05:18
0,0,0,0,0,0,2020-06-24 07:47:34+05:18
1,1,0,0,0,0,2020-06-24 07:52:32+05:18
0,0,0,0,0,0,2020-06-24 07:54:35+05:18
0,0,0,0,0,0,2020-06-24 08:01:00+05:18
0,0,0,0,0,0,2020-06-24 08:03:28+05:18
0,0,0,0,0,0,2020-06-25 12:10:06+05:18
0,0,0,0,0,0,2020-06-25 12:12:45+05:18
0,0,0,0,0,0,2020-06-25 12:13:04+05:18
1,0,0,0,0,0,2020-06-25 18:46:59+05:18
0,1,0,0,0,0,2020-06-26 00:01:33+05:18
0,0,0,0,0,0,2020-06-26 00:02:48+05:18
0,0,0,0,0,0,2020-06-26 08:04:23+05:18
0,0,0,0,0,0,2020-06-26 08:13:12+05:18
0,0,0,0,0,0,2020-06-26 08:42:20+05:18
0,0,0,0,0,0,2020-06-26 09:36:03+05:18
1,0,0,0,0,0,2020-06-26 09:39:14+05:18
1,0,0,0,0,0,2020-06-26 11:02:56+05:18
0,0,0,0,0,0,2020-06-26 11:16:41+05:18
0,0,0,0,0,0,2020-06-26 11:22:55+05:18
0,0,0,0,0,0,2020-06-27 15:50:30+05:18
0,0,0,0,0,0,2020-06-27 16:06:01+05:18
0,0,0,0,0,0,2020-06-27 16:15:53+05:18
1,1,0,0,0,0,2020-06-27 18:06:50+05:18
0,0,0,0,0,0,2020-06-28 09:41:23+05:18
0,0,0,0,0,0,2020-06-28 09:48:58+05:18
0,0,0,0,0,0,2020-06-28 09:56:15+05:18
0,0,0,0,0,0,2020-06-28 10:04:00+05:18
0,0,0,0,0,0,2020-06-28 10:09:30+05:18
0,0,0,0,0,0,2020-06-28 10:26:46+05:18
0,0,0,0,0,0,2020-06-28 10:28:33+05:18
0,0,0,0,0,0,2020-06-29 10:04:05+05:18
1,1,0,0,0,0,2020-06-29 11:51:34+05:18
0,0,0,0,0,0,2020-07-01 11:02:14+05:18
0,1,0,0,0,0,2020-07-03 14:39:02+05:18
0,0,0,0,0,0,2020-07-03 14:46:23+05:18
0,0,0,0,0,0,2020-07-06 22:22:14+09:00
1,1,0,0,0,0,2020-07-07 00:15:32+09:00
0,0,0,0,0,0,2020-07-07 21:38:05+08:00
1,1,0,0,0,0,2020-07-07 22:50:45+09:00
0,0,0,0,0,0,2020-07-07 23:00:12+09:00
0,0,0,0,0,0,2020-07-07 22:24:39+05:18
0,0,0,0,0,0,2020-07-07 22:26:50+05:18
0,0,0,0,0,0,2020-07-07 22:33:23+05:18
0,0,0,0,0,0,2020-07-07 22:33:56+05:18
0,0,0,0,0,0,2020-07-07 22:41:05+05:18
0,0,0,0,0,0,2020-07-07 22:44:26+05:18
0,0,0,0,0,0,2020-07-07 22:47:08+05:18
0,0,0,0,0,0,2020-07-07 22:57:52+05:18
0,0,0,0,0,0,2020-07-07 23:07:56+05:18
0,0,0,0,0,0,2020-07-07 23:16:38+05:18
0,0,0,0,0,0,2020-07-08 11:28:22+05:18
1,1,1,0,0,0,2020-07-08 11:29:32+05:18
0,0,0,0,0,0,2020-07-08 11:33:23+05:18
0,0,0,0,0,0,2020-07-08 16:07:34+03:00
0,0,0,0,0,0,2020-07-08 19:31:16+05:18
2,2,0,0,0,0,2020-07-08 23:12:53+08:00
0,0,0,0,0,0,2020-07-08 20:54:41+05:18
0,0,0,0,0,0,2020-07-08 21:02:35+05:18
1,1,0,0,0,0,2020-07-09 00:06:45+08:00
1,1,0,0,0,0,2020-07-09 00:10:26+08:00
0,0,0,0,0,0,2020-07-08 23:52:15+05:18
0,0,0,0,0,0,2020-07-09 11:05:58+08:00
0,0,0,0,0,0,2020-07-09 11:11:55+08:00
0,0,0,0,0,0,2020-07-09 11:46:38+08:00
1,1,0,0,0,0,2020-07-09 14:52:44+08:00
0,0,0,0,0,0,2020-07-09 12:35:31+05:18
0,1,0,0,0,0,2020-07-09 12:37:14+05:18
1,0,0,0,0,0,2020-07-10 18:27:04+05:18
0,0,0,0,0,0,2020-07-10 23:37:44+09:00
0,0,0,0,0,0,2020-07-10 23:47:06+09:00
0,0,0,0,0,0,2020-07-10 23:47:30+09:00
0,0,0,0,0,0,2020-07-10 21:25:13+05:18
0,0,0,0,0,0,2020-07-10 21:25:56+05:18
0,0,0,0,0,0,2020-07-10 21:27:38+05:18
0,0,0,0,0,0,2020-07-10 21:28:01+05:18
0,0,0,0,0,0,2020-07-10 21:38:28+05:18
0,0,0,0,0,0,2020-07-10 22:03:11+05:18
0,0,0,0,0,0,2020-07-11 08:40:01+05:18
0,0,0,0,0,0,2020-07-11 13:30:52+05:18
1,1,0,0,0,0,2020-07-11 14:53:30+05:18
5,4,3,2,0,0,2020-07-11 05:00:30-05:00
0,0,0,0,0,0,2020-07-11 05:11:08-05:00
0,0,0,0,0,0,2020-07-11 05:23:32-05:00
0,0,0,0,0,0,2020-07-11 05:28:25-05:00
0,0,0,0,0,0,2020-07-11 18:53:26+05:18
0,0,0,0,0,0,2020-07-11 19:54:07+05:18
1,1,0,0,0,0,2020-07-11 22:53:17+08:00
0,0,0,0,0,0,2020-07-11 21:16:04+05:18
0,0,0,0,0,0,2020-07-11 21:21:30+05:18
0,0,0,0,0,0,2020-07-11 21:24:30+05:18
0,0,0,0,0,0,2020-07-11 21:26:50+05:18
0,0,0,0,0,0,2020-07-12 00:30:20+08:00
0,0,0,0,0,0,2020-07-12 11:02:19+09:00
0,0,0,0,0,0,2020-07-12 11:04:21+09:00
0,0,0,0,0,0,2020-07-12 08:36:31+05:18
0,0,0,0,0,0,2020-07-12 08:38:42+05:18
0,1,0,0,0,0,2020-07-11 22:47:12-05:00
2,1,0,0,0,0,2020-07-12 12:16:59+08:00
0,0,0,0,0,0,2020-07-12 09:59:53+05:18
0,0,0,0,0,0,2020-07-12 10:00:15+05:18
0,0,0,0,0,0,2020-07-12 10:10:26+05:18
2,1,0,0,0,0,2020-07-12 14:24:46+08:00
1,0,0,0,0,0,2020-07-12 14:47:30+08:00
0,0,0,0,0,0,2020-07-12 21:04:48+05:18
1,1,0,0,0,0,2020-07-12 22:06:43-04:00
1,1,0,0,0,0,2020-07-12 22:16:26-04:00
0,0,0,0,0,0,2020-07-13 08:45:19+05:18
0,0,0,0,0,0,2020-07-13 08:48:11+05:18
0,0,0,0,0,0,2020-07-14 00:06:49+08:00
0,1,0,0,0,0,2020-07-13 23:32:25+05:18
0,0,0,0,0,0,2020-07-13 23:40:19+05:18
0,0,0,0,0,0,2020-07-14 00:29:51+05:18
0,0,0,0,0,0,2020-07-14 00:33:33+05:18
0,0,0,0,0,0,2020-07-14 00:38:55+05:18
0,0,0,0,0,0,2020-07-14 00:42:17+05:18
1,1,0,0,0,0,2020-07-13 23:27:51+02:00
1,1,1,0,0,0,2020-07-14 11:20:34+02:00
0,0,0,0,0,0,2020-07-14 19:51:44+05:18
1,0,0,0,0,0,2020-07-15 16:00:26-07:00
0,0,0,0,0,0,2020-07-16 17:21:08+08:00
0,0,0,0,0,0,2020-07-16 21:33:24+05:18
0,0,0,0,0,0,2020-07-16 21:39:47+05:18
0,0,0,0,0,0,2020-07-16 21:45:06+05:18
1,1,0,0,0,0,2020-07-16 20:37:39-04:00
0,0,0,0,0,0,2020-07-17 15:03:44+05:18
0,1,0,0,0,0,2020-07-17 12:37:17+00:00
0,1,0,0,0,0,2020-07-18 10:53:57+05:18
0,0,0,0,0,0,2020-07-18 11:10:24+05:18
0,1,0,0,0,0,2020-07-18 11:19:26+05:18
0,0,0,0,0,0,2020-07-18 11:51:27+05:18
0,0,0,0,0,0,2020-07-20 03:53:18+05:18
0,0,0,0,0,0,2020-07-20 09:46:39+05:18
0,0,0,0,0,0,2020-07-20 09:54:22+05:18
0,1,0,0,0,0,2020-07-20 13:33:59+05:18
0,0,0,0,0,0,2020-07-20 04:32:46-04:00
0,0,0,0,0,0,2020-07-20 09:54:31-04:00
0,0,0,0,0,0,2020-07-20 20:33:49+05:18
0,0,0,0,0,0,2020-07-20 22:46:51+05:18
0,0,0,0,0,0,2020-07-20 22:47:57+05:18
1,0,0,0,0,0,2020-07-21 19:38:55+05:18
0,0,0,0,0,0,2020-07-22 12:58:33+05:18
0,0,0,0,0,0,2020-07-22 21:59:35+05:18
0,0,0,0,0,0,2020-07-22 22:25:02+05:18
0,0,0,0,0,0,2020-07-22 22:26:56+05:18
0,0,0,0,0,0,2020-07-22 22:34:44+05:18
1,0,0,0,0,0,2020-07-22 22:32:17+01:00
0,0,0,0,0,0,2020-07-23 07:04:46+05:18
0,0,0,0,0,0,2020-07-23 07:08:51+05:18
0,0,0,0,0,0,2020-07-23 10:48:47+05:18
1,1,0,0,0,0,2020-07-23 11:27:09+05:18
0,0,0,0,0,0,2020-07-23 11:28:35+05:18
0,1,0,0,0,0,2020-07-23 11:39:39+05:18
0,0,0,0,0,0,2020-07-23 11:56:29+05:18
0,0,0,0,0,0,2020-07-23 12:17:40+05:18
1,1,0,0,0,0,2020-07-23 15:38:51+05:18
0,0,0,0,0,0,2020-07-23 22:29:33+08:00
0,0,0,0,0,0,2020-07-23 23:54:58+05:18
1,0,0,0,0,0,2020-07-23 23:55:23+05:18
0,0,0,0,0,0,2020-07-24 00:13:00+05:18
3,0,0,0,0,0,2020-07-23 21:06:20-03:00
0,0,0,0,0,0,2020-07-24 07:15:56+05:18
0,0,0,0,0,0,2020-07-24 07:16:17+05:18
0,0,0,0,0,0,2020-07-24 07:16:40+05:18
0,0,0,0,0,0,2020-07-24 07:16:56+05:18
0,0,0,0,0,0,2020-07-24 07:39:47+05:18
1,1,0,0,0,0,2020-07-24 11:12:47+05:18
1,0,0,0,0,0,2020-07-24 18:54:10+05:18
0,1,0,0,1,0,2020-07-24 23:31:31+08:00
0,0,0,0,0,0,2020-07-24 23:31:38+08:00
0,0,0,0,0,0,2020-07-24 22:15:20+05:18
0,0,0,0,0,0,2020-07-24 22:17:48+05:18
0,0,0,0,0,0,2020-07-24 22:19:12+05:18
0,0,0,0,0,0,2020-07-24 22:24:18+05:18
0,0,0,0,0,0,2020-07-24 23:14:11+06:00
0,0,0,0,0,0,2020-07-24 14:49:55-04:00
0,0,0,0,0,0,2020-07-24 14:56:24-04:00
1,0,0,0,0,0,2020-07-25 18:02:03+05:18
1,1,0,0,0,0,2020-07-25 18:09:43+05:18
0,0,0,0,0,0,2020-07-26 07:55:12+05:18
0,0,0,0,0,0,2020-07-26 07:57:41+05:18
0,0,0,0,0,0,2020-07-26 08:06:53+05:18
0,0,0,0,0,0,2020-07-26 08:11:41+05:18
1,1,0,0,0,0,2020-07-26 11:30:21+05:18
0,0,0,0,0,0,2020-07-26 13:48:38+05:18
2,1,0,0,0,0,2020-07-26 05:47:31-04:00
0,0,0,0,0,0,2020-07-26 15:08:03+05:18
1,0,0,0,0,0,2020-07-26 14:54:15-03:00
0,0,0,0,0,0,2020-07-27 09:08:25+05:18
1,1,0,0,0,0,2020-07-27 09:14:51+05:18
0,0,0,0,0,0,2020-07-28 12:00:34+05:18
1,0,0,0,0,0,2020-07-29 09:28:47-04:00
0,0,0,0,0,0,2020-07-29 09:34:48-04:00
1,0,0,0,0,0,2020-07-29 13:34:28-04:00
0,0,0,0,0,0,2020-07-29 23:36:25+05:18
0,0,0,0,0,0,2020-07-29 23:38:36+05:18
0,0,0,0,0,0,2020-07-29 23:45:50+05:18
0,0,0,0,0,0,2020-07-29 23:51:43+05:18
0,0,0,0,0,0,2020-07-29 23:53:40+05:18
1,2,0,0,0,0,2020-07-30 19:00:36+05:18
1,1,0,0,0,0,2020-07-30 19:03:41+05:18
1,0,0,0,0,0,2020-08-02 06:40:18+05:18
1,0,0,0,0,0,2020-08-02 06:48:41+05:18
1,1,0,0,0,0,2020-08-02 07:06:30+05:18
1,1,0,0,0,0,2020-08-02 07:47:49+05:18
0,0,0,0,0,0,2020-08-02 08:07:30+05:18
0,0,0,0,0,0,2020-08-02 08:08:24+05:18
1,1,0,0,0,0,2020-08-02 08:12:05+05:18
1,1,0,0,0,0,2020-08-02 09:43:46+05:18
1,1,0,0,0,0,2020-08-02 10:07:29+05:18
1,1,0,0,0,0,2020-08-02 10:59:50+05:18
1,1,0,0,0,0,2020-08-02 10:59:50+05:18
0,0,0,0,0,0,2020-08-02 11:14:04+05:18
0,0,0,0,0,0,2020-08-05 20:27:50+05:18
0,0,0,0,0,0,2020-08-05 20:34:14+05:18
0,0,0,0,0,0,2020-08-07 11:15:42-04:00
0,0,0,0,0,0,2020-08-07 15:14:18-04:00
0,0,0,0,0,0,2020-08-08 14:34:57+05:27
0,0,0,0,0,0,2020-08-08 16:47:54+05:18
0,0,0,0,0,0,2020-08-08 17:23:31+05:18
0,0,0,0,0,0,2020-08-08 17:29:17+05:18
0,0,0,0,0,0,2020-08-08 17:32:40+05:18
0,0,0,0,0,0,2020-08-09 01:51:08+05:00
0,0,0,0,0,0,2020-08-09 02:00:53+05:00
0,0,0,0,0,0,2020-08-09 08:42:16+05:18
0,0,0,0,0,0,2020-08-09 08:47:26+05:18
0,0,0,0,0,0,2020-08-09 08:56:51+05:18
0,0,0,0,0,0,2020-08-09 09:03:53+05:18
0,0,0,0,0,0,2020-08-09 09:04:21+05:18
0,0,0,0,0,0,2020-08-09 09:43:12+05:18
0,0,0,0,0,0,2020-08-09 10:08:10+05:18
0,0,0,0,0,0,2020-08-09 10:16:31+05:18
0,0,0,0,0,0,2020-08-09 10:19:01+05:18
0,0,0,0,0,0,2020-08-09 16:16:07+05:18
0,0,0,0,0,0,2020-08-09 16:24:07+05:18
0,0,0,0,0,0,2020-08-09 16:27:16+05:18
0,0,0,0,0,0,2020-08-09 20:41:27+08:00
0,0,0,0,0,0,2020-08-09 20:42:42+08:00
0,1,0,0,0,0,2020-08-10 02:08:34+05:27
0,0,0,0,0,0,2020-08-10 02:10:33+05:27
0,0,0,0,0,0,2020-08-10 02:12:19+05:27
0,0,0,0,0,0,2020-08-10 16:07:17+08:00
1,1,0,0,0,0,2020-08-10 13:33:14+05:18
1,0,0,0,0,0,2020-08-10 16:59:07+08:00
0,0,0,0,0,0,2020-08-10 18:28:09+05:18
0,0,0,0,0,0,2020-08-10 18:36:00+05:18
0,0,0,0,0,0,2020-08-10 21:25:02+08:00
0,0,0,0,0,0,2020-08-10 18:47:57+05:18
0,0,0,0,0,0,2020-08-10 18:50:06+05:18
0,0,0,0,0,0,2020-08-10 19:02:57+05:18
0,0,0,0,0,0,2020-08-10 09:46:40-04:00
0,1,0,0,0,0,2020-08-10 19:37:44+05:27
0,0,0,0,0,0,2020-08-10 19:37:49+05:27
0,0,0,0,0,0,2020-08-10 22:25:58+05:18
0,0,0,0,0,0,2020-08-10 22:34:35+05:18
0,1,0,0,0,0,2020-08-11 07:28:36+05:18
2,0,0,0,0,0,2020-08-11 19:47:56+05:00
2,0,0,0,0,0,2020-08-11 19:54:07+05:00
0,0,0,0,0,0,2020-08-11 22:26:42+05:18
0,0,0,0,0,0,2020-08-16 09:26:54+05:18
0,0,0,0,0,0,2020-08-16 09:29:21+05:18
0,0,0,0,0,0,2020-08-16 09:31:05+05:18
2,0,0,0,0,0,2020-08-16 09:54:57+05:00
2,0,0,0,0,0,2020-08-16 21:45:22+05:00
0,0,0,0,0,0,2020-08-17 15:58:21+05:18
0,0,0,0,0,0,2020-08-17 15:37:25+05:18
0,0,0,0,0,0,2020-08-17 15:39:04+05:18
0,0,0,0,0,0,2020-08-17 15:39:44+05:18
0,0,0,0,0,0,2020-08-17 15:40:10+05:18
1,1,0,0,0,0,2020-08-17 21:51:54+05:18
2,0,0,0,0,0,2020-08-18 07:43:10+05:00
1,1,0,0,0,0,2020-08-18 13:46:46+05:18
0,0,0,0,0,0,2020-08-26 22:27:34+05:18
0,0,0,0,0,0,2020-08-26 22:29:06+05:18
0,0,0,0,0,0,2020-08-26 22:32:20+05:18
1,2,0,0,0,0,2020-08-27 00:48:25+05:18
0,0,0,0,0,0,2020-08-27 00:52:13+05:18
0,1,0,0,0,0,2020-08-28 18:44:28+05:18
0,0,0,0,0,0,2020-08-28 19:00:42+05:18
0,0,0,0,0,0,2020-09-03 16:07:13+05:18
0,0,0,0,0,0,2020-09-03 16:17:22+05:18
0,0,0,0,0,0,2020-09-03 20:08:24+05:18
0,0,0,0,0,0,2020-09-03 20:11:53+05:18
0,0,0,0,0,0,2020-09-05 11:21:55+05:18
0,0,0,0,0,0,2020-09-05 11:26:48+05:18
0,0,0,0,0,0,2020-09-05 12:00:07+04:18
1,0,1,0,0,0,2020-09-05 22:17:45+05:18
0,0,0,0,0,0,2020-09-05 23:39:03+05:18
0,0,0,0,0,0,2020-09-06 11:56:08+05:18
0,0,0,0,0,0,2020-09-06 13:39:52+05:18
0,0,0,0,0,0,2020-09-06 13:48:59+05:18
0,0,0,0,0,0,2020-09-06 12:51:46+04:18
0,0,0,0,0,0,2020-09-06 13:54:16+05:18
0,0,0,0,0,0,2020-09-06 12:59:17+04:18
0,0,0,0,0,0,2020-09-06 14:40:25+05:18
0,0,0,0,0,0,2020-09-06 14:59:29+05:18
0,0,0,0,0,0,2020-09-06 14:55:18+04:18
0,0,0,0,0,0,2020-09-06 14:58:35+04:18
0,0,0,0,0,0,2020-09-06 16:32:48+05:18
0,0,0,0,0,0,2020-09-06 16:33:17+05:18
0,0,0,0,0,0,2020-09-06 16:35:15+05:18
0,0,0,0,0,0,2020-09-06 16:35:47+05:18
0,0,0,0,0,0,2020-09-06 17:25:59+05:18
0,0,0,0,0,0,2020-09-06 17:30:00+05:18
0,0,0,0,0,0,2020-09-06 17:41:04+05:18
0,0,0,0,0,0,2020-09-06 17:42:29+05:18
0,0,0,0,0,0,2020-09-06 17:32:30+04:18
0,0,0,0,0,0,2020-09-06 17:33:44+04:18
0,0,0,0,0,0,2020-09-06 18:36:30+05:18
0,0,0,0,0,0,2020-09-06 18:37:31+05:18
0,0,0,0,0,0,2020-09-06 18:38:09+05:18
0,0,0,0,0,0,2020-09-06 18:54:50+05:18
0,0,0,0,0,0,2020-09-06 18:56:48+05:18
0,0,0,0,0,0,2020-09-06 21:02:16+05:18
0,0,0,0,0,0,2020-09-06 21:19:26+05:18
0,0,0,0,0,0,2020-09-07 10:19:47+05:18
0,0,0,0,0,0,2020-09-07 10:20:30+05:18
0,0,0,0,0,0,2020-09-07 10:23:59+05:18
0,0,0,0,0,0,2020-09-07 10:24:25+05:18
0,1,0,0,0,0,2020-09-07 13:12:17+05:18
0,0,0,0,0,0,2020-09-07 13:15:33+05:18
0,0,0,0,0,0,2020-09-07 13:30:07+05:18
0,0,0,0,0,0,2020-09-07 13:37:05+05:18
0,0,0,0,0,0,2020-09-07 14:01:47+05:18
1,0,0,0,0,0,2020-09-07 10:18:22+01:00
0,0,0,0,0,0,2020-09-07 14:53:56+05:18
0,0,0,0,0,0,2020-09-07 15:00:03+05:18
0,0,0,0,0,0,2020-09-07 15:00:39+05:18
0,1,0,0,0,0,2020-09-07 15:24:24+05:18
1,0,0,0,0,0,2020-09-07 15:28:24+05:18
1,0,0,0,0,0,2020-09-07 16:06:10+05:18
0,0,0,0,0,0,2020-09-07 16:06:43+05:18
0,0,0,0,0,0,2020-09-07 16:16:57+05:18
0,0,0,0,0,0,2020-09-07 16:49:16+05:18
0,0,0,0,0,0,2020-09-07 16:55:25+05:18
0,0,0,0,0,0,2020-09-07 16:29:14+03:00
1,0,0,0,0,0,2020-09-07 16:30:42+03:00
0,0,0,0,0,0,2020-09-08 07:00:39+05:18
0,0,0,0,0,0,2020-09-08 07:05:59+05:18
1,0,0,0,0,0,2020-09-08 07:09:22+05:18
0,0,0,0,0,0,2020-09-08 07:16:24+05:18
0,0,0,0,0,0,2020-09-08 07:16:58+05:18
0,0,0,0,0,0,2020-09-08 07:24:57+05:18
1,0,0,0,0,0,2020-09-08 09:36:50+05:18
0,0,0,0,0,0,2020-09-08 10:08:10+05:18
0,0,0,0,0,0,2020-09-08 10:19:27+05:18
1,0,0,0,0,0,2020-09-08 11:18:05+05:18
1,0,0,0,0,0,2020-09-08 11:42:41+05:18
0,0,0,0,0,0,2020-09-08 11:52:17+05:18
0,0,0,0,0,0,2020-09-08 11:56:28+05:18
1,0,0,0,0,0,2020-09-08 12:06:36+05:18
0,0,0,0,0,0,2020-09-08 12:09:06+05:18
0,1,0,0,0,0,2020-09-08 12:33:35+05:18
0,0,0,0,0,0,2020-09-08 13:41:48+05:18
0,0,0,0,0,0,2020-09-08 13:42:14+05:18
1,1,1,1,1,1,2020-09-08 09:59:29+01:00
0,0,0,0,0,0,2020-09-08 15:02:16+05:18
0,1,0,0,0,0,2020-09-08 15:03:13+05:18
0,0,0,0,0,0,2020-09-08 15:05:32+05:18
2,2,2,2,2,2,2020-09-08 10:59:52+01:00
0,0,0,0,0,0,2020-09-08 15:26:55+05:18
0,0,0,0,0,0,2020-09-08 15:56:05+05:18
0,0,0,0,0,0,2020-09-08 11:39:44+01:00
0,1,0,0,0,0,2020-09-08 12:33:35+05:18
0,0,0,0,0,0,2020-09-08 15:02:16+05:18
0,1,0,0,0,0,2020-09-08 15:03:13+05:18
0,0,0,0,0,0,2020-09-08 15:05:32+05:18
0,0,0,0,0,0,2020-09-08 16:03:13+05:18
0,0,0,0,0,0,2020-09-08 16:35:04+05:18
0,0,0,0,0,0,2020-09-08 16:37:20+05:18
0,0,0,0,0,0,2020-09-08 16:38:57+05:18
0,0,0,0,0,0,2020-09-08 16:42:09+05:18
0,0,0,0,0,0,2020-09-08 16:42:52+05:18
0,1,0,0,0,0,2020-09-08 16:52:10+05:18
0,0,0,0,0,0,2020-09-08 16:36:45+05:00
0,1,0,0,0,0,2020-09-08 17:07:15+05:18
0,0,0,0,0,0,2020-09-08 17:28:35+05:18
0,0,0,0,0,0,2020-09-08 18:24:29+05:18
0,0,0,0,0,0,2020-09-08 18:28:12+05:18
0,0,0,0,0,0,2020-09-08 18:29:44+05:18
0,0,0,0,0,0,2020-09-08 18:31:07+05:18
0,0,0,0,0,0,2020-09-08 18:33:52+05:18
0,0,0,0,0,0,2020-09-08 18:34:12+05:18
0,0,0,0,0,0,2020-09-08 18:34:37+05:18
0,0,0,0,0,0,2020-09-08 18:22:10+05:00
0,0,0,0,0,0,2020-09-08 19:38:52+05:18
0,0,0,0,0,0,2020-09-08 19:40:27+05:18
0,0,0,0,0,0,2020-09-08 20:33:54+05:18
0,0,0,0,0,0,2020-09-08 20:32:50+05:00
0,0,0,0,0,0,2020-09-08 20:55:47+05:18
0,0,0,0,0,0,2020-09-08 21:01:03+05:18
0,0,0,0,0,0,2020-09-08 21:03:21+05:18
0,0,0,0,0,0,2020-09-08 21:03:45+05:18
0,0,0,0,0,0,2020-09-08 23:53:41+05:18
1,0,0,0,0,0,2020-09-09 09:03:55+05:18
0,0,0,0,0,0,2020-09-09 09:13:22+05:18
4,4,3,2,0,0,2020-09-09 09:52:26+05:18
1,0,0,0,0,0,2020-09-09 09:58:00+05:18
1,0,0,0,0,0,2020-09-09 10:00:04+05:18
0,0,0,0,0,0,2020-09-09 10:12:23+05:18
0,0,0,0,0,0,2020-09-09 13:19:34+03:00
1,0,0,0,0,0,2020-09-09 13:22:06+03:00
0,0,0,0,0,0,2020-09-09 13:29:17+03:00
2,0,0,0,0,0,2020-09-09 15:59:42+05:18
2,0,0,0,0,0,2020-09-09 16:54:53+05:18
1,0,0,0,0,0,2020-09-09 17:46:00+05:18
0,0,0,0,0,0,2020-09-09 22:56:56+05:18
0,0,0,0,0,0,2020-09-09 23:05:48+05:18
0,0,0,0,0,0,2020-09-09 23:06:23+05:18
0,0,0,0,0,0,2020-09-10 08:03:20+05:18
0,0,0,0,0,0,2020-09-10 08:03:48+05:18
9,6,2,0,0,0,2020-09-10 10:24:10+05:18
0,0,0,0,0,0,2020-09-10 10:26:32+05:18
0,0,0,0,0,0,2020-09-10 10:48:22+05:18
0,0,0,0,0,0,2020-09-10 10:48:54+05:18
0,1,1,0,0,0,2020-09-10 11:12:25+05:18
0,1,1,0,0,0,2020-09-10 11:22:15+05:18
1,0,0,0,0,0,2020-09-10 11:39:53+05:18
0,0,0,0,0,0,2020-09-10 12:29:10+01:00
0,0,0,0,0,0,2020-09-10 12:46:07+01:00
0,0,0,0,0,0,2020-09-10 12:48:25+01:00
0,0,0,0,0,0,2020-09-10 13:59:18+01:00
0,0,0,0,0,0,2020-09-10 14:04:02+01:00
0,0,0,0,0,0,2020-09-10 14:43:26+01:00
0,0,0,0,0,0,2020-09-10 14:55:27+01:00
0,0,0,0,0,0,2020-09-10 15:01:00+01:00
0,0,0,0,0,0,2020-09-10 15:09:08+01:00
1,1,0,0,0,0,2020-09-10 20:31:38+05:00
1,0,0,0,0,0,2020-09-10 21:00:53+05:18
1,0,0,0,0,0,2020-09-10 21:02:31+05:18
1,0,0,0,0,0,2020-09-10 21:12:37+05:18
0,1,0,0,0,0,2020-09-11 01:23:09+05:18
0,1,1,0,0,0,2020-09-11 07:43:39+05:18
0,0,0,0,0,0,2020-09-11 09:18:15+05:18
1,1,0,0,0,0,2020-09-11 21:04:22+05:00
0,1,0,0,0,0,2020-09-11 23:25:49+05:18
0,0,0,0,0,0,2020-09-12 14:13:16+05:18
0,0,0,0,0,0,2020-09-12 14:18:10+05:18
0,0,0,0,0,0,2020-09-12 14:18:38+05:18
0,1,0,0,0,0,2020-09-12 16:33:13+05:18
0,0,0,0,0,0,2020-09-12 16:34:01+05:18
0,0,0,0,0,0,2020-09-12 20:47:37+05:18
0,0,0,0,0,0,2020-09-12 20:52:53+05:18
0,1,0,0,0,0,2020-09-12 20:59:18+05:18
0,0,0,0,0,0,2020-09-13 00:33:55+05:18
1,1,1,0,0,0,2020-09-13 00:39:43+05:18
0,0,0,0,0,0,2020-09-13 00:46:16+05:18
1,1,0,0,0,0,2020-09-13 08:38:14+05:00
1,1,0,0,0,0,2020-09-13 11:09:02+05:18
1,1,1,0,0,0,2020-09-13 14:50:55+05:18
1,1,1,0,0,0,2020-09-13 15:25:40+05:18
0,0,0,0,0,0,2020-09-13 16:22:20+05:18
0,0,0,0,0,0,2020-09-13 16:32:14+05:18
1,1,0,0,0,0,2020-09-13 16:33:16+05:18
0,0,0,0,0,0,2020-09-13 16:33:28+05:18
0,0,0,0,0,0,2020-09-13 16:38:14+05:18
0,0,0,0,0,0,2020-09-13 16:40:12+05:18
0,0,0,0,0,0,2020-09-13 16:43:46+05:18
0,0,0,0,0,0,2020-09-13 16:46:23+05:18
0,0,0,0,0,0,2020-09-13 12:12:17+00:00
0,0,0,0,0,0,2020-09-13 19:39:14+05:18
0,1,0,0,0,0,2020-09-13 23:41:16+01:00
0,1,0,0,0,0,2020-09-14 14:10:20+05:18
0,1,0,0,0,0,2020-09-14 14:35:13+05:18
0,0,0,0,0,0,2020-09-14 16:36:58+05:18
0,0,0,0,0,0,2020-09-14 16:37:46+05:18
0,0,0,0,0,0,2020-09-14 16:38:08+05:18
0,0,0,0,0,0,2020-09-14 16:45:19+05:18
0,0,0,0,0,0,2020-09-14 16:45:45+05:18
2,2,0,0,0,0,2020-09-15 00:51:05+05:18
0,0,0,0,0,0,2020-09-15 00:57:20+05:18
1,1,0,0,0,0,2020-09-15 01:15:29+05:18
0,0,0,0,0,0,2020-09-15 11:31:45+05:18
0,0,0,0,0,0,2020-09-15 14:20:19+05:18
0,0,0,0,0,0,2020-09-15 14:23:49+05:18
0,0,0,0,0,0,2020-09-15 14:24:13+05:18
1,1,0,0,0,0,2020-09-15 15:28:23+05:18
1,0,0,0,0,0,2020-09-15 13:49:09+03:00
0,1,0,0,0,0,2020-09-15 16:07:30+05:18
0,0,0,0,0,0,2020-09-15 13:59:55+03:00
1,1,0,0,0,0,2020-09-15 16:17:56+05:18
0,0,0,0,0,0,2020-09-15 17:07:53+05:18
0,1,0,0,0,0,2020-09-15 17:41:08+05:18
0,0,0,0,0,0,2020-09-15 17:43:11+05:18
0,0,0,0,0,0,2020-09-15 18:09:37+05:18
0,0,0,0,0,0,2020-09-15 18:12:14+05:18
0,0,0,0,0,0,2020-09-15 18:15:32+05:18
0,0,0,0,0,0,2020-09-15 18:32:07+05:18
0,0,0,0,0,0,2020-09-15 18:33:06+05:18
0,1,0,0,0,0,2020-09-15 18:35:03+05:18
0,0,0,0,0,0,2020-09-15 18:36:57+05:18
0,0,0,0,0,0,2020-09-16 14:47:57+05:18
0,1,0,0,0,0,2020-09-16 14:49:41+05:18
0,0,0,0,0,0,2020-09-16 19:28:13+05:18
0,0,0,0,0,0,2020-09-16 19:31:54+05:18
0,0,0,0,0,0,2020-09-16 19:34:12+05:18
0,0,0,0,0,0,2020-09-16 19:34:44+05:18
0,0,0,0,0,0,2020-09-16 19:40:15+05:18
0,0,0,0,0,0,2020-09-16 19:41:46+05:18
0,0,0,0,0,0,2020-09-16 15:27:00+00:00
0,0,0,0,0,0,2020-09-17 13:35:17+05:18
0,0,0,0,0,0,2020-09-18 20:28:12+05:18
0,0,0,0,0,0,2020-09-18 20:29:59+05:18
0,0,0,0,0,0,2020-09-18 20:30:18+05:18
0,0,0,0,0,0,2020-09-19 10:40:41+05:18
0,0,0,0,0,0,2020-09-19 10:41:38+05:18
0,0,0,0,0,0,2020-09-19 10:42:17+05:18
0,0,0,0,0,0,2020-09-19 10:42:43+05:18
1,0,0,0,0,0,2020-09-20 07:37:55+05:18
1,0,0,0,0,0,2020-09-20 07:53:49+05:18
2,0,0,0,0,0,2020-09-20 17:54:32+08:00
0,0,0,0,0,0,2020-09-20 15:34:43+05:18
0,0,0,0,0,0,2020-09-20 15:37:24+05:18
0,0,0,0,0,0,2020-09-20 15:39:37+05:18
0,0,0,0,0,0,2020-09-20 15:40:07+05:18
0,0,0,0,0,0,2020-09-20 15:48:15+05:18
0,0,0,0,0,0,2020-09-20 15:50:07+05:18
0,0,0,0,0,0,2020-09-20 15:51:05+05:18
0,0,0,0,0,0,2020-09-20 15:54:27+05:18
0,0,0,0,0,0,2020-09-20 15:56:21+05:18
0,0,0,0,0,0,2020-09-20 15:56:42+05:18
0,0,0,0,0,0,2020-09-20 10:40:16+00:00
0,0,0,0,0,0,2020-09-20 18:51:33+08:00
0,0,0,0,0,0,2020-09-20 22:05:31+05:18
0,0,0,0,0,0,2020-09-21 08:33:34+05:18
0,0,0,0,0,0,2020-09-21 08:34:11+05:18
0,0,0,0,0,0,2020-09-21 08:36:13+05:18
0,0,0,0,0,0,2020-09-21 08:36:48+05:18
0,0,0,0,0,0,2020-09-21 10:27:47+05:18
0,0,0,0,0,0,2020-09-21 10:28:04+05:18
0,0,0,0,0,0,2020-09-21 10:29:15+05:18
0,0,0,0,0,0,2020-09-21 11:09:16+05:18
0,0,0,0,0,0,2020-09-21 11:12:48+05:18
0,0,0,0,0,0,2020-09-22 14:10:46+05:18
0,0,0,0,0,0,2020-09-22 14:12:45+05:18
0,0,0,0,0,0,2020-09-22 14:13:10+05:18
0,0,0,0,0,0,2020-09-23 14:18:45+08:00
1,0,0,0,0,0,2020-09-23 20:03:16+08:00
1,0,0,0,0,0,2020-09-24 17:09:10+08:00
1,0,0,0,0,0,2020-09-24 18:54:13+05:18
0,0,0,0,0,0,2020-09-24 19:57:17+05:18
0,0,0,0,0,0,2020-09-24 19:59:01+05:18
0,0,0,0,0,0,2020-09-24 19:59:21+05:18
0,0,0,0,0,0,2020-09-26 16:55:47+05:18
0,0,0,0,0,0,2020-10-01 10:22:28+05:18
0,0,0,0,0,0,2020-10-01 11:02:43+05:18
0,0,0,0,0,0,2020-10-01 11:07:45+05:18
0,0,0,0,0,0,2020-10-01 11:09:00+05:18
0,0,0,0,0,0,2020-10-01 11:36:57+05:18
0,0,0,0,0,0,2020-10-01 11:39:53+05:18
0,0,0,0,0,0,2020-10-01 12:09:45+05:18
0,0,0,0,0,0,2020-10-01 12:16:54+05:18
0,0,0,0,0,0,2020-10-01 14:07:33+05:18
0,0,0,0,0,0,2020-10-01 14:10:35+05:18
0,0,0,0,0,0,2020-10-01 10:56:46+02:00
0,0,0,0,0,0,2020-10-01 14:37:32+05:18
0,0,0,0,0,0,2020-10-01 14:41:29+05:18
0,0,0,0,0,0,2020-10-01 14:41:43+05:18
0,0,0,0,0,0,2020-10-01 15:25:45+05:18
0,0,0,0,0,0,2020-10-01 15:26:08+05:18
0,0,0,0,0,0,2020-10-01 15:31:36+05:18
0,0,0,0,0,0,2020-10-01 12:11:30+01:00
0,0,0,0,0,0,2020-10-01 16:39:45+05:18
0,0,0,0,0,0,2020-10-01 16:57:13+05:18
0,0,0,0,0,0,2020-10-01 17:05:48+05:18
0,0,0,0,0,0,2020-10-01 17:06:36+05:18
0,0,0,0,0,0,2020-10-01 17:08:38+05:18
0,0,0,0,0,0,2020-10-01 17:13:41+05:18
0,0,0,0,0,0,2020-10-01 17:15:05+05:18
0,0,0,0,0,0,2020-10-01 17:25:36+05:18
0,0,0,0,0,0,2020-10-01 17:36:06+05:18
0,0,0,0,0,0,2020-10-01 13:44:58+01:00
0,0,0,0,0,0,2020-10-01 18:15:00+05:18
1,1,0,0,0,0,2020-10-01 13:57:04+01:00
0,0,0,0,0,0,2020-10-01 18:16:05+05:18
0,0,0,0,0,0,2020-10-01 18:27:45+05:18
0,0,0,0,0,0,2020-10-01 18:28:40+05:18
0,0,0,0,0,0,2020-10-01 14:12:48+01:00
0,0,0,0,0,0,2020-10-01 18:35:59+05:18
0,0,0,0,0,0,2020-10-01 18:37:09+05:18
0,0,0,0,0,0,2020-10-01 18:39:26+05:18
0,0,0,0,0,0,2020-10-01 18:43:54+05:18
0,0,0,0,0,0,2020-10-01 18:44:06+05:18
0,0,0,0,0,0,2020-10-01 15:58:50+02:00
0,0,0,0,0,0,2020-10-01 19:24:09+05:18
0,0,0,0,0,0,2020-10-01 19:48:43+05:18
0,0,0,0,0,0,2020-10-01 15:40:10+01:00
0,0,0,0,0,0,2020-10-01 20:00:51+05:18
0,0,0,0,0,0,2020-10-01 20:02:02+05:18
0,0,0,0,0,0,2020-10-01 20:02:10+05:18
0,0,0,0,0,0,2020-10-01 20:02:55+05:18
0,0,0,0,0,0,2020-10-01 20:17:47+05:18
0,0,0,0,0,0,2020-10-01 20:22:49+05:18
1,1,0,0,0,0,2020-10-01 18:09:52+03:00
0,0,0,0,0,0,2020-10-01 20:45:07+05:18
0,0,0,0,0,0,2020-10-01 12:47:39-03:00
0,0,0,0,0,0,2020-10-01 17:03:44+01:00
0,0,0,0,0,0,2020-10-01 13:09:55-03:00
0,0,0,0,0,0,2020-10-01 18:46:59+03:00
0,0,0,0,0,0,2020-10-01 18:54:36+03:00
0,0,0,0,0,0,2020-10-01 18:58:49+03:00
0,0,0,0,0,0,2020-10-01 19:05:00+03:00
0,0,0,0,0,0,2020-10-01 22:11:33+05:18
1,0,0,0,0,0,2020-10-01 19:30:59+03:00
1,0,0,0,0,0,2020-10-01 19:31:43+03:00
0,0,0,0,0,0,2020-10-01 19:43:11+03:00
1,0,0,0,0,0,2020-10-01 19:42:11+03:00
0,0,0,0,0,0,2020-10-01 19:43:38+03:00
1,1,0,0,0,0,2020-10-01 18:11:04+03:00
0,0,0,0,0,0,2020-10-01 18:16:42+03:00
0,0,0,0,0,0,2020-10-01 18:25:48+03:00
0,0,0,0,0,0,2020-10-01 14:31:51-03:00
0,0,0,0,0,0,2020-10-01 23:31:13+05:18
0,0,0,0,0,0,2020-10-02 00:15:51+05:18
0,0,0,0,0,0,2020-10-02 09:46:56+05:18
0,0,0,0,0,0,2020-10-02 09:49:49+05:18
0,0,0,0,0,0,2020-10-02 09:50:20+05:18
0,0,0,0,0,0,2020-10-02 09:51:06+05:18
0,0,0,0,0,0,2020-10-02 09:51:36+05:18
0,0,0,0,0,0,2020-10-02 09:54:46+05:18
0,0,0,0,0,0,2020-10-02 09:55:16+05:18
0,0,0,0,0,0,2020-10-02 10:44:18+05:18
0,0,0,0,0,0,2020-10-02 10:47:34+05:18
0,0,0,0,0,0,2020-10-02 10:47:59+05:18
0,0,0,0,0,0,2020-10-02 11:36:32+05:18
0,0,0,0,0,0,2020-10-02 12:24:10+05:18
0,0,0,0,0,0,2020-10-02 12:28:21+05:18
0,0,0,0,0,0,2020-10-02 12:38:31+05:18
0,0,0,0,0,0,2020-10-02 12:38:52+05:18
0,0,0,0,0,0,2020-10-02 12:39:43+05:18
0,0,0,0,0,0,2020-10-02 12:40:26+05:18
0,0,0,0,0,0,2020-10-02 10:31:15+02:00
0,0,0,0,0,0,2020-10-02 14:07:22+05:18
0,0,0,0,0,0,2020-10-02 10:59:13+02:00
0,0,0,0,0,0,2020-10-02 14:19:17+05:18
0,0,0,0,0,0,2020-10-02 16:35:39+05:18
0,0,0,0,0,0,2020-10-02 16:41:48+05:18
0,0,0,0,0,0,2020-10-02 16:46:13+05:18
0,0,0,0,0,0,2020-10-02 17:00:34+05:18
0,0,0,0,0,0,2020-10-02 17:00:58+05:18
0,0,0,0,0,0,2020-10-02 17:02:03+05:18
0,0,0,0,0,0,2020-10-02 17:02:37+05:18
0,0,0,0,0,0,2020-10-02 13:46:59+02:00
0,0,0,0,0,0,2020-10-02 17:13:30+05:18
0,0,0,0,0,0,2020-10-03 17:14:58+05:18
1,2,1,0,0,0,2020-10-03 21:00:02+05:18
0,0,0,0,0,0,2020-10-03 21:03:05+05:18
0,0,0,0,0,0,2020-10-04 09:39:05+05:18
0,1,0,0,1,0,2020-10-04 10:25:19+05:18
0,0,0,0,0,0,2020-10-04 10:31:06+05:18
0,0,0,0,0,0,2020-10-04 10:44:40+05:18
0,0,0,0,0,0,2020-10-04 11:07:28+05:18
0,0,0,0,0,0,2020-10-04 11:13:55+05:18
0,0,0,0,0,0,2020-10-04 20:42:10+05:18
0,0,0,0,0,0,2020-10-04 20:52:05+05:18
0,0,0,0,0,0,2020-10-04 20:52:45+05:18
0,0,0,0,0,0,2020-10-04 22:57:45+05:18
0,0,0,0,0,0,2020-10-06 07:20:18+03:00
0,0,0,0,0,0,2020-10-06 07:21:27+03:00
0,0,0,0,0,0,2020-10-06 07:29:47+03:00
0,0,0,0,0,0,2020-10-06 07:30:16+03:00
0,0,0,0,0,0,2020-10-06 11:47:23+05:18
0,0,0,0,0,0,2020-10-06 11:58:01+05:18
0,0,0,0,0,0,2020-10-06 12:08:18+05:18
0,0,0,0,0,0,2020-10-06 12:08:57+05:18
0,0,0,0,0,0,2020-10-06 12:09:45+05:18
0,0,0,0,0,0,2020-10-06 12:20:11+05:18
0,0,0,0,0,0,2020-10-06 12:20:39+05:18
0,0,0,0,0,0,2020-10-06 16:18:02+05:18
0,0,0,0,0,0,2020-10-06 16:22:53+05:18
0,0,0,0,0,0,2020-10-06 09:28:43-04:00
0,0,0,0,0,0,2020-10-06 15:43:28+01:00
0,0,0,0,0,0,2020-10-06 20:06:08+05:18
0,0,0,0,0,0,2020-10-06 20:07:35+05:18
0,0,0,0,0,0,2020-10-06 20:08:40+05:18
0,0,0,0,0,0,2020-10-06 20:21:30+05:18
0,0,0,0,0,0,2020-10-06 20:24:07+05:18
0,0,0,0,0,0,2020-10-06 20:24:34+05:18
0,0,0,0,0,0,2020-10-07 08:05:23+05:18
0,0,0,0,0,0,2020-10-07 16:52:09+05:18
0,0,0,0,0,0,2020-10-07 16:52:48+05:18
0,0,0,0,0,0,2020-10-07 16:54:07+05:18
0,0,0,0,0,0,2020-10-07 17:02:50+05:18
0,0,0,0,0,0,2020-10-07 17:07:21+05:18
0,0,0,0,0,0,2020-10-07 18:39:16+05:18
0,0,0,0,0,0,2020-10-07 18:43:20+05:18
0,0,0,0,0,0,2020-10-08 01:44:55+05:18
0,0,0,0,0,0,2020-10-08 01:53:50+05:18
0,0,0,0,0,0,2020-10-08 01:56:58+05:18
0,0,0,0,0,0,2020-10-08 08:22:28+05:18
0,0,0,0,0,0,2020-10-08 15:30:26-03:00
0,0,0,0,0,0,2020-10-09 00:38:13+05:18
0,0,0,0,0,0,2020-10-09 00:41:24+05:18
1,0,0,0,0,0,2020-10-09 00:42:02+05:18
0,0,0,0,0,0,2020-10-09 00:42:31+05:18
0,0,0,0,0,0,2020-10-09 00:53:53+05:18
0,0,0,0,0,0,2020-10-09 00:58:04+05:18
0,0,0,0,0,0,2020-10-09 08:01:16+05:18
0,0,0,0,0,0,2020-10-09 08:01:27+05:18
0,0,0,0,0,0,2020-10-09 08:10:30+05:18
0,0,0,0,0,0,2020-10-09 02:54:17+00:00
0,0,0,0,0,0,2020-10-09 08:13:11+05:18
0,0,0,0,0,0,2020-10-09 08:14:01+05:18
0,0,0,0,0,0,2020-10-09 08:14:17+05:18
0,0,0,0,0,0,2020-10-09 08:15:28+05:18
0,0,0,0,0,0,2020-10-09 12:25:21+05:18
0,0,0,0,0,0,2020-10-09 16:35:30+05:18
0,0,0,0,0,0,2020-10-09 16:38:09+05:18
0,0,0,0,0,0,2020-10-09 22:00:07+05:18
0,0,0,0,0,0,2020-10-10 08:55:09+05:18
10,9,1,0,0,0,2020-10-17 22:43:24+03:00
0,0,0,0,0,0,2020-10-17 22:50:02+03:00
0,0,0,0,0,0,2020-10-17 23:18:19+03:00
0,0,0,0,0,0,2020-10-18 11:48:04+05:18
0,0,0,0,0,0,2020-10-18 11:48:49+05:18
0,0,0,0,0,0,2020-10-18 11:49:24+05:18
1,1,0,0,0,0,2020-10-01 20:08:06+03:00
1,1,0,0,0,0,2020-10-01 20:11:59+03:00
1,1,0,0,0,0,2020-10-01 20:23:08+03:00
0,0,0,0,0,0,2020-10-01 20:26:20+03:00
0,0,0,0,0,0,2020-10-27 08:23:08+02:00
1,1,0,0,0,0,2020-10-27 08:23:43+02:00
0,0,0,0,0,0,2020-10-28 15:18:43+05:18
0,0,0,0,0,0,2020-10-29 21:43:50+02:00
0,0,0,0,0,0,2020-10-29 21:44:48+02:00
0,0,0,0,0,0,2020-10-29 22:34:39+02:00
0,0,0,0,0,0,2020-10-29 22:37:40+02:00
0,0,0,0,0,0,2020-10-29 22:48:12+02:00
0,0,0,0,0,0,2020-10-29 22:50:22+02:00
0,0,0,0,0,0,2020-10-30 09:00:43+05:18
0,0,0,0,0,0,2020-10-30 09:01:11+05:18
0,0,0,0,0,0,2021-01-07 23:50:52+00:00
0,0,0,0,0,0,2021-01-10 15:31:45+05:18
0,0,0,0,0,0,2021-03-16 21:03:12+03:18
0,0,0,0,0,0,2021-03-19 15:10:18+00:00
0,0,0,0,0,0,2021-03-31 20:02:11+00:00
0,0,0,0,0,0,2021-04-06 15:51:27+05:18
0,0,0,0,0,0,2021-04-06 15:51:41+05:18
0,0,0,0,0,0,2021-04-06 15:52:09+05:18
0,0,0,0,0,0,2021-04-20 08:22:54+01:00
0,0,0,0,0,0,2021-04-30 19:47:35+05:18
0,0,0,0,0,0,2021-06-02 03:09:34+00:00
0,0,0,0,0,0,2021-06-04 13:01:28+05:18
1,0,0,0,0,0,2021-06-04 12:46:51+05:00
0,0,0,0,0,0,2021-06-04 17:20:50+05:00
0,0,0,0,0,0,2021-06-04 17:22:17+05:00
1,0,0,0,0,0,2021-06-09 01:15:17+05:00
0,0,0,0,0,0,2021-06-08 22:31:33+00:00
0,0,0,0,0,0,2021-06-09 07:00:05+05:00
1,0,0,0,0,0,2021-06-09 07:04:45+05:00
1,0,0,0,0,0,2021-06-09 07:08:45+05:00
0,0,0,0,0,0,2021-06-09 09:24:05+05:18
0,0,0,0,0,0,2021-06-09 09:24:22+05:18
0,0,0,0,0,0,2021-06-09 09:24:54+05:18
0,0,0,0,0,0,2021-06-09 09:25:37+05:18
0,0,0,0,0,0,2021-06-10 10:04:34+08:00
0,0,0,0,0,0,2021-06-10 10:11:42+08:00
0,0,0,0,0,0,2021-06-10 11:28:16+08:00
2,0,0,0,0,0,2021-06-10 11:30:40+08:00
0,0,0,0,0,0,2021-06-23 19:21:08+05:18
0,0,0,0,0,0,2021-06-23 19:21:41+05:18
0,1,0,0,0,0,2021-06-24 11:35:03-05:00
1,0,0,0,0,0,2021-06-25 09:57:34+05:18
0,0,0,0,0,0,2021-07-08 12:54:19+05:18
0,0,0,0,0,0,2021-07-08 12:54:19+05:18
0,0,0,0,0,0,2021-07-08 12:56:50+05:18
0,0,0,0,0,0,2021-07-09 15:26:29+05:18
0,0,0,0,0,0,2021-07-09 15:36:45+05:18
0,0,0,0,0,0,2021-07-10 01:14:35+05:18
0,0,0,0,0,0,2021-07-10 01:17:08+05:18
0,1,0,0,0,0,2021-08-18 15:10:07+05:18
0,0,0,0,0,0,2021-08-28 22:08:29+05:18
1,2,1,1,0,0,2021-08-29 19:29:54+05:18
0,0,0,0,0,0,2021-09-08 02:31:59+00:00
0,0,0,0,0,0,2021-09-09 18:40:00-06:00
0,0,0,0,0,0,2021-09-09 18:43:52-06:00
0,0,0,0,0,0,2021-09-09 18:55:38-06:00
0,0,0,0,0,0,2021-09-09 19:40:30-06:00
0,0,0,0,0,0,2021-09-10 13:44:40+05:18
0,0,0,0,0,0,2021-09-10 08:27:25+00:00
0,0,0,0,0,0,2021-09-10 08:27:33+00:00
0,0,0,0,0,0,2021-09-10 08:27:38+00:00
0,0,0,0,0,0,2021-09-10 08:27:43+00:00
0,0,0,0,0,0,2021-09-10 13:49:39+05:18
0,0,0,0,0,0,2021-09-10 13:49:55+05:18
0,0,0,0,0,0,2021-09-10 13:50:11+05:18
0,0,0,0,0,0,2021-09-10 13:50:38+05:18
0,0,0,0,0,0,2021-09-10 08:33:15+00:00
0,0,0,0,0,0,2021-09-10 08:33:20+00:00
0,0,0,0,0,0,2021-09-10 08:33:20+00:00
0,0,0,0,0,0,2021-09-10 08:33:43+00:00
0,0,0,0,0,0,2021-09-11 19:11:15+05:18
0,0,0,0,0,0,2021-09-11 19:11:36+05:18
0,0,0,0,0,0,2021-09-11 19:11:42+05:18
0,0,0,0,0,0,2021-09-11 19:11:47+05:18
0,0,0,0,0,0,2021-09-11 19:12:10+05:18
0,0,0,0,0,0,2021-09-11 19:14:17+05:18
0,0,0,0,0,0,2021-09-11 19:19:15+05:18
0,0,0,0,0,0,2021-09-11 19:20:15+05:18
0,0,0,0,0,0,2021-09-11 19:21:11+05:18
0,0,0,0,0,0,2021-09-11 19:22:39+05:18
0,0,0,0,0,0,2021-09-11 19:23:45+05:18
0,0,0,0,0,0,2021-09-15 17:27:51+05:18
0,0,0,0,0,0,2021-09-16 10:59:12+02:00
0,0,0,0,0,0,2021-09-18 21:13:33+05:18
0,0,0,0,0,0,2021-09-18 13:45:08-05:00
0,0,0,0,0,0,2021-09-19 23:10:40+05:18
0,0,0,0,0,0,2021-09-20 17:15:57+01:00
0,0,0,0,0,0,2021-09-21 18:56:13+05:18
0,0,0,0,0,0,2021-09-23 10:09:36+05:18
0,0,0,0,0,0,2021-10-16 22:27:30+00:00
0,0,0,0,0,0,2021-10-17 15:37:50+05:18
0,0,0,0,0,0,2021-10-17 15:38:20+05:18
0,0,0,0,0,0,2021-10-17 15:38:36+05:18
0,0,0,0,0,0,2021-10-17 15:49:22+05:18
0,0,0,0,0,0,2021-10-17 16:06:03+05:18
0,0,0,0,0,0,2021-10-17 16:08:19+05:18
0,0,0,0,0,0,2021-10-17 16:09:10+05:18
1,1,0,1,0,1,2021-10-20 01:09:22+05:18
0,0,0,0,0,0,2021-10-20 01:10:20+05:18
0,0,0,0,0,0,2021-10-20 01:20:19+05:18
0,0,0,0,0,0,2021-10-20 01:23:05+05:18
0,0,0,0,0,0,2021-10-20 01:23:48+05:18
0,0,0,0,0,0,2021-10-20 01:25:01+05:18
0,0,0,0,0,0,2021-10-21 11:29:54+05:18
0,0,0,0,0,0,2021-10-21 11:35:29+05:18
0,0,0,0,0,0,2021-10-21 11:37:40+05:18
0,0,0,0,0,0,2021-10-21 11:41:21+05:18
