Acquisition,Preparation,Modeling,Training,Evaluation,Prediction,time
1,0,0,0,0,0,2020-10-21 10:12:00+09:00
0,0,0,0,0,0,2020-10-22 00:24:17+09:00
1,1,1,1,0,1,2020-10-26 17:32:58+09:00
0,0,0,0,0,0,2020-10-26 18:48:42+09:00
1,0,0,0,0,0,2020-10-27 11:12:48+09:00
1,1,1,1,0,1,2020-10-27 11:25:55+09:00
1,1,1,1,0,1,2020-10-27 11:53:47+09:00
0,0,0,0,0,0,2020-10-27 11:54:43+09:00
0,0,0,0,0,0,2020-10-27 11:57:15+09:00
0,0,0,0,0,0,2020-10-27 12:06:29+09:00
1,0,0,0,0,0,2020-10-27 21:01:28+09:00
3,1,0,0,0,0,2020-10-28 16:47:34+09:00
4,1,0,0,0,0,2020-10-29 16:04:51+09:00
1,0,0,0,0,0,2020-10-29 19:14:05+09:00
0,0,0,0,0,0,2020-10-30 13:25:52+09:00
1,1,0,0,0,0,2020-10-30 18:41:29+09:00
1,0,0,0,0,0,2020-10-30 21:39:11+09:00
0,0,0,0,0,0,2020-10-31 00:39:28+09:00
7,4,1,3,0,1,2020-11-02 19:43:34+09:00
2,1,0,0,0,0,2020-11-02 19:59:29+09:00
2,2,0,0,0,0,2020-11-02 20:52:32+09:00
1,1,0,0,0,0,2020-11-03 11:12:22+09:00
0,0,0,0,0,0,2020-11-03 11:15:19+09:00
0,0,0,0,0,0,2020-11-03 11:20:53+09:00
0,0,0,0,0,0,2020-11-03 11:21:30+09:00
0,0,0,0,0,0,2020-11-03 11:22:21+09:00
0,0,0,0,0,0,2020-11-03 11:23:02+09:00
3,2,0,1,0,0,2020-11-03 20:54:01+09:00
3,2,0,2,0,0,2020-11-04 02:07:23+09:00
4,3,0,2,0,0,2020-11-04 03:09:45+09:00
3,2,0,2,0,0,2020-11-04 15:15:34+09:00
3,3,1,3,0,0,2020-11-04 18:15:51+09:00
2,1,1,1,0,0,2020-11-04 20:19:37+09:00
1,1,1,1,0,0,2020-11-05 10:07:41+09:00
2,2,1,1,0,0,2020-11-05 12:50:46+09:00
2,2,2,2,0,0,2020-11-05 16:18:14+09:00
2,2,1,2,0,0,2020-11-05 17:16:27+09:00
2,2,1,2,0,0,2020-11-05 18:26:05+09:00
2,2,0,2,0,0,2020-11-05 19:50:41+09:00
1,1,0,1,0,0,2020-11-05 21:02:17+09:00
2,2,0,1,0,0,2020-11-05 23:35:05+09:00
11,9,0,6,0,0,2020-11-07 02:42:08+09:00
24,22,2,10,0,1,2020-11-12 10:23:06+09:00
0,0,0,0,0,0,2020-11-12 20:51:04+09:00
0,0,0,0,0,0,2020-11-13 14:55:01+09:00
1,1,0,1,0,0,2020-11-13 17:35:26+09:00
1,1,0,0,0,0,2020-11-13 20:58:16+09:00
1,1,0,0,0,0,2020-11-14 19:22:38+09:00
5,5,1,1,0,1,2020-11-15 16:42:40+09:00
0,0,0,0,0,0,2020-11-16 03:38:10+09:00
1,1,0,0,0,0,2020-11-16 13:23:15+09:00
4,4,0,0,0,0,2020-11-17 21:02:26+09:00
0,0,0,0,0,0,2020-11-18 20:15:07+09:00
0,0,0,0,0,0,2020-11-18 21:01:26+09:00
0,0,0,0,0,0,2020-11-19 21:03:17+09:00
0,0,0,0,0,0,2020-11-20 05:35:23+09:00
0,0,0,0,0,0,2020-11-20 11:09:53+09:00
1,1,0,0,0,0,2020-11-20 15:05:26+09:00
0,1,0,0,0,0,2020-11-20 20:55:36+09:00
0,0,0,1,0,0,2020-11-21 17:05:18+09:00
0,2,0,0,0,0,2020-11-24 17:14:43+09:00
5,7,1,1,0,1,2020-11-25 17:26:03+09:00
1,1,0,0,0,0,2020-11-26 09:22:29+09:00
0,0,0,0,0,0,2020-11-26 14:38:35+09:00
1,1,0,0,0,0,2020-11-27 08:58:57+09:00
0,0,0,0,0,0,2020-11-27 12:00:20+09:00
1,1,1,1,0,1,2020-11-29 00:26:28+09:00
0,0,0,0,0,0,2020-12-01 13:51:58+09:00
0,0,0,0,0,0,2020-12-01 13:56:16+09:00
1,2,0,0,0,0,2020-12-02 05:18:11+09:00
0,2,0,0,0,1,2020-12-03 02:43:01+09:00
0,0,0,0,0,0,2020-12-03 21:56:29+09:00
0,1,0,0,0,0,2020-12-06 23:24:29+09:00
0,0,0,0,0,0,2020-12-10 23:44:44+09:00
0,0,0,0,0,0,2020-12-11 00:42:27+09:00
0,0,0,0,0,0,2020-12-15 22:59:58+09:00
0,0,0,0,0,0,2020-12-15 23:30:52+09:00
0,0,0,0,0,0,2020-12-15 23:31:15+09:00
0,0,0,0,0,0,2020-12-16 00:33:46+09:00
0,0,0,0,0,0,2020-12-25 00:12:33+09:00
0,0,0,0,0,0,2020-12-25 04:06:43+09:00
0,0,0,0,0,0,2020-12-25 04:06:59+09:00
0,0,0,0,0,0,2020-12-29 02:30:16+09:00
0,0,0,0,0,0,2020-12-29 02:31:01+09:00
0,0,0,0,0,0,2020-12-29 02:36:43+09:00
0,0,0,0,0,0,2020-12-29 02:37:37+09:00
0,0,0,0,0,0,2021-01-01 23:48:19+09:00
