Acquisition,Preparation,Modeling,Training,Evaluation,Prediction,time
0,0,0,0,0,0,2019-02-21 15:14:20-05:00
0,0,0,0,0,0,2019-02-21 17:14:48-05:00
1,1,0,0,0,0,2019-02-21 22:52:31-05:00
0,0,0,0,0,0,2019-02-21 22:54:12-05:00
0,0,0,0,0,0,2019-02-21 22:55:47-05:00
0,1,0,0,1,0,2019-02-24 21:36:11-05:00
0,0,0,0,0,0,2019-02-24 21:38:52-05:00
0,0,0,0,0,0,2019-02-24 22:01:39-05:00
1,8,1,0,0,0,2019-02-26 14:18:42-05:00
0,0,0,0,0,0,2019-02-26 14:21:13-05:00
0,0,0,0,0,0,2019-02-26 14:25:24-05:00
0,1,1,0,0,0,2019-02-26 17:57:40-05:00
0,0,0,0,0,0,2019-02-26 23:36:34-05:00
0,0,0,0,0,0,2019-02-26 23:36:35-05:00
0,0,0,0,0,0,2019-03-01 17:20:15-05:00
0,0,0,0,0,0,2019-03-01 17:20:30-05:00
0,0,0,0,0,0,2019-03-01 21:39:04-05:00
1,1,1,0,0,1,2019-03-03 23:23:48-05:00
0,0,0,0,0,0,2019-03-22 11:03:27-04:00
1,1,0,0,1,0,2019-03-22 11:07:52-04:00
0,1,0,1,1,1,2019-03-22 11:55:43-04:00
0,0,0,0,0,0,2019-03-22 12:26:16-04:00
0,0,0,0,0,0,2019-03-22 12:30:50-04:00
0,1,0,0,1,0,2019-03-24 14:51:24-04:00
0,0,0,0,0,0,2019-03-30 17:43:49-04:00
0,0,0,0,0,0,2019-03-30 17:44:17-04:00
0,0,0,0,0,0,2019-03-30 17:49:26-04:00
0,0,0,0,0,0,2019-04-04 20:40:58-04:00
0,0,0,0,0,0,2019-04-04 20:41:41-04:00
0,0,0,0,0,0,2019-04-04 20:44:31-04:00
0,6,0,0,0,0,2019-04-07 14:37:38-04:00
0,0,0,0,0,0,2019-04-07 14:38:36-04:00
0,1,0,1,1,1,2019-04-07 14:39:33-04:00
0,0,0,0,0,0,2019-04-07 14:45:10-04:00
0,1,0,1,1,1,2019-04-07 14:48:24-04:00
2,2,2,0,0,2,2019-04-07 14:49:45-04:00
0,0,0,0,0,0,2019-04-09 13:39:31-04:00
0,0,0,0,0,0,2019-04-09 13:41:13-04:00
0,0,0,0,0,0,2019-04-09 13:45:10-04:00
4,14,0,0,1,0,2019-04-19 10:52:36-04:00
0,1,0,0,1,0,2019-04-19 17:22:16-04:00
0,1,0,0,1,0,2019-04-23 15:59:50-04:00
1,2,0,0,0,0,2019-05-08 22:03:29-04:00
0,0,0,0,0,0,2019-05-08 22:03:37-04:00
0,2,0,0,1,0,2019-05-08 22:16:11-04:00
0,0,0,0,0,0,2019-05-08 22:17:13-04:00
0,5,0,0,1,0,2019-06-07 20:35:21-04:00
1,4,0,0,0,0,2019-06-08 12:43:32-04:00
0,0,0,0,0,0,2019-06-08 12:43:56-04:00
1,2,0,0,0,0,2019-06-08 18:05:00-04:00
2,4,0,0,0,0,2019-06-09 15:17:32-04:00
0,0,0,0,0,0,2019-06-15 14:54:21-04:00
0,1,0,0,0,0,2019-06-16 14:14:58-04:00
0,0,0,0,0,0,2019-06-16 14:17:03-04:00
0,0,0,0,0,0,2019-06-16 14:18:08-04:00
0,1,0,0,0,0,2019-06-16 14:43:42-04:00
0,0,0,0,0,0,2019-06-16 14:52:26-04:00
1,2,0,0,0,0,2019-06-17 12:03:03-04:00
0,0,0,0,0,0,2019-06-17 12:04:45-04:00
0,0,0,0,0,0,2019-06-18 12:13:09-04:00
1,2,0,0,1,0,2019-07-28 13:15:08-04:00
1,1,0,0,1,0,2019-07-28 13:19:28-04:00
0,0,0,0,0,0,2019-07-28 13:19:30-04:00
5,19,0,0,1,0,2019-07-28 13:57:00-04:00
0,0,0,0,0,0,2019-07-28 14:03:47-04:00
0,0,0,0,0,0,2019-07-28 14:59:07-04:00
3,6,0,0,2,0,2019-07-28 21:10:28-04:00
1,1,0,0,1,0,2019-07-28 22:10:09-04:00
0,0,0,0,0,0,2019-08-03 18:24:58-04:00
0,1,0,0,0,0,2019-08-03 18:26:44-04:00
0,1,0,0,0,0,2019-08-03 18:28:01-04:00
1,1,0,0,0,0,2019-08-03 18:28:37-04:00
0,1,0,0,0,0,2019-08-04 15:30:44-04:00
0,0,0,0,0,0,2019-08-04 15:33:25-04:00
0,0,0,0,0,0,2019-08-04 15:34:40-04:00
1,2,0,0,0,0,2019-08-04 15:38:57-04:00
1,1,0,0,0,0,2019-08-04 20:40:20-04:00
1,1,0,0,0,0,2019-08-04 21:31:35-04:00
0,0,0,0,0,0,2019-08-04 21:32:02-04:00
0,0,0,0,0,0,2019-08-04 21:32:18-04:00
2,2,0,0,0,0,2019-09-14 21:55:10-04:00
0,0,0,0,0,0,2019-09-14 21:55:34-04:00
1,1,0,0,0,0,2019-09-14 21:56:39-04:00
1,1,0,0,0,0,2019-09-14 21:58:53-04:00
2,2,0,0,0,0,2019-09-15 11:42:04-04:00
1,1,0,0,0,0,2019-09-16 10:38:40-04:00
1,1,0,0,0,0,2019-09-16 10:46:31-04:00
2,2,0,0,1,0,2019-09-19 22:50:44-04:00
0,0,0,0,0,0,2019-09-19 23:22:09-04:00
1,1,0,0,1,0,2019-09-19 23:59:23-04:00
0,0,0,0,0,0,2019-09-20 00:03:43-04:00
1,1,0,0,1,0,2019-09-20 00:05:39-04:00
0,0,0,0,0,0,2019-09-20 00:23:35-04:00
0,0,0,0,0,0,2019-09-20 00:26:55-04:00
1,1,0,0,1,0,2019-09-20 11:22:09-04:00
0,0,0,0,0,0,2019-09-20 11:27:11-04:00
0,0,0,0,0,0,2019-09-20 11:29:49-04:00
4,2,0,0,1,0,2019-10-03 16:19:29-04:00
1,1,0,0,1,0,2019-11-03 12:04:02-05:00
2,1,0,0,0,0,2019-11-03 12:05:28-05:00
0,0,0,0,0,0,2019-11-03 12:05:48-05:00
1,1,0,0,0,0,2019-11-03 12:06:53-05:00
0,0,0,0,0,0,2019-11-03 12:09:28-05:00
0,0,0,0,0,0,2019-11-03 12:09:53-05:00
0,0,0,0,0,0,2019-11-03 12:11:18-05:00
1,1,0,0,0,0,2019-11-03 12:11:37-05:00
1,2,0,0,1,0,2019-11-03 15:40:54-05:00
1,1,0,0,0,0,2019-11-03 15:57:44-05:00
1,1,0,0,0,0,2019-11-03 19:10:13-05:00
2,1,0,0,0,0,2019-11-09 16:37:00-05:00
0,1,0,0,0,0,2019-11-09 16:40:31-05:00
14,15,7,9,10,8,2019-11-12 15:23:19-05:00
1,1,0,0,0,0,2019-11-12 15:25:06-05:00
0,0,0,0,0,0,2019-11-12 15:25:25-05:00
0,0,0,0,0,0,2019-11-12 15:27:34-05:00
1,1,0,0,0,0,2019-11-12 16:14:09-05:00
2,7,0,0,0,0,2019-11-12 18:09:54-05:00
17,18,5,8,10,6,2019-11-13 10:40:57-05:00
1,1,1,1,1,0,2019-11-13 13:04:03-05:00
1,1,0,1,1,1,2019-11-23 14:56:22-05:00
2,3,2,1,2,0,2019-11-23 14:57:09-05:00
0,0,0,0,0,0,2019-11-23 14:58:40-05:00
0,0,0,0,0,0,2019-12-03 09:21:34-05:00
1,1,0,0,0,0,2019-12-13 13:59:00-05:00
0,0,0,0,0,0,2019-12-13 13:59:10-05:00
1,1,0,0,0,0,2020-01-19 16:42:50+03:00
0,0,0,0,0,0,2020-01-28 22:53:19+00:00
2,2,0,0,0,0,2020-02-04 16:26:15-05:00
3,3,0,0,0,0,2020-02-04 16:30:15-05:00
3,2,0,0,0,0,2020-02-04 16:30:59-05:00
1,1,0,0,0,0,2020-02-17 13:08:53-05:00
0,0,0,0,0,0,2020-02-17 13:09:40-05:00
2,2,0,0,0,0,2020-02-18 12:23:35-05:00
2,3,0,1,1,1,2020-02-18 12:24:17-05:00
2,1,0,0,0,0,2020-02-18 12:25:24-05:00
1,2,0,0,0,0,2020-02-18 12:27:29-05:00
1,1,1,0,0,0,2020-02-18 12:27:52-05:00
1,5,0,0,0,0,2020-02-21 19:23:44-05:00
1,1,0,0,0,0,2020-02-21 19:24:21-05:00
2,7,1,1,1,2,2020-02-21 19:28:05-05:00
0,0,0,0,0,0,2020-02-28 13:24:06-05:00
2,3,0,0,0,0,2020-03-02 11:44:47-05:00
1,1,0,0,1,1,2020-03-02 11:45:20-05:00
0,0,0,0,0,0,2020-03-02 11:45:50-05:00
2,2,2,2,2,2,2020-03-02 11:46:31-05:00
0,0,0,0,0,0,2020-03-02 23:24:00-05:00
1,1,0,0,1,1,2020-03-03 11:40:24-05:00
0,1,0,0,0,0,2020-03-03 12:34:33-05:00
0,1,0,0,0,0,2020-03-03 17:41:19-05:00
1,4,0,2,3,2,2020-05-25 13:27:16+03:00
2,2,0,0,0,0,2020-05-25 13:50:47+03:00
0,1,0,0,0,0,2020-05-25 13:57:30+03:00
4,4,0,0,1,1,2020-05-25 14:00:39+03:00
6,13,2,2,2,2,2020-05-25 14:04:49+03:00
0,2,0,0,0,0,2020-06-02 20:41:36+03:00
0,1,0,0,0,0,2020-06-02 20:41:59+03:00
0,1,0,0,0,0,2020-06-02 20:42:39+03:00
0,1,0,0,0,0,2020-06-02 20:44:16+03:00
0,1,0,0,0,0,2020-06-03 16:11:13+03:00
0,1,0,0,0,0,2020-06-04 20:39:14+03:00
1,1,0,0,0,0,2020-06-22 12:38:34+03:00
2,2,0,0,0,0,2020-06-22 12:39:26+03:00
0,1,0,0,0,0,2020-06-22 12:39:47+03:00
1,1,0,0,1,1,2020-10-09 13:41:58+03:00
1,1,0,0,0,0,2020-10-09 13:42:29+03:00
4,6,2,3,0,0,2020-10-09 13:43:35+03:00
1,1,0,0,0,0,2020-10-09 13:43:58+03:00
11,18,7,1,5,1,2020-10-09 13:45:49+03:00
0,0,0,0,0,0,2020-10-09 13:46:01+03:00
2,4,0,0,2,0,2020-10-09 18:27:39+03:00
6,5,0,0,1,1,2020-10-09 20:30:44+03:00
1,1,0,0,0,0,2020-10-11 17:44:22+03:00
1,1,1,0,1,0,2020-10-11 18:35:15+03:00
0,0,0,0,0,0,2020-10-11 22:04:25+03:00
1,1,0,0,0,0,2020-10-12 12:54:54+03:00
4,3,0,0,1,1,2020-10-12 21:36:44+03:00
2,1,0,0,0,0,2020-10-15 13:22:23+03:00
2,2,0,0,0,0,2020-10-15 13:22:44+03:00
0,1,0,0,0,0,2020-10-25 17:44:08+03:00
1,1,0,0,0,0,2020-10-25 17:45:07+03:00
1,1,0,0,0,0,2020-10-25 17:51:41+03:00
13,25,4,3,2,1,2020-11-10 11:18:47+01:00
2,2,0,0,0,0,2020-11-10 15:37:57+01:00
5,5,0,0,0,0,2020-11-11 21:49:45+01:00
2,4,0,0,0,0,2020-11-15 11:21:29+01:00
3,7,0,0,0,0,2020-11-15 19:33:39+01:00
1,1,0,0,0,0,2020-11-16 23:44:16+01:00
0,3,0,0,0,0,2020-11-16 23:49:02+01:00
1,1,0,0,0,0,2020-11-17 11:52:28+01:00
0,1,0,0,0,0,2020-11-21 23:12:55+01:00
0,2,0,0,1,0,2020-11-23 23:15:30+01:00
2,4,0,0,0,0,2020-11-23 23:16:14+01:00
0,2,0,0,1,0,2020-11-24 01:57:28+01:00
2,3,0,0,1,0,2020-11-25 14:36:26+01:00
1,2,0,0,0,0,2020-11-25 21:25:00+01:00
2,3,0,0,0,0,2020-11-30 12:39:18+01:00
1,1,0,0,0,0,2020-11-30 13:12:17+01:00
1,2,0,0,0,0,2020-11-30 13:25:30+01:00
2,1,0,0,0,0,2020-11-30 13:50:37+01:00
2,4,3,0,3,0,2020-11-30 13:59:36+01:00
0,0,0,0,0,0,2020-11-30 13:59:48+01:00
1,1,0,0,0,0,2020-11-30 14:00:06+01:00
2,2,0,0,0,0,2020-11-30 14:07:44+01:00
0,1,0,0,0,0,2020-11-30 14:11:34+01:00
1,4,0,0,0,0,2020-11-30 14:13:40+01:00
0,1,0,0,0,0,2020-11-30 14:13:58+01:00
0,0,0,0,0,0,2020-11-30 14:16:13+01:00
0,1,0,0,0,0,2020-11-30 14:17:49+01:00
0,0,0,0,0,0,2020-11-30 14:18:35+01:00
0,0,0,0,0,0,2020-11-30 14:18:50+01:00
0,0,0,0,0,0,2020-11-30 16:39:07+01:00
2,4,0,1,0,0,2020-12-14 23:23:50+01:00
1,1,0,0,0,0,2020-12-15 15:54:22+01:00
0,1,0,0,0,0,2020-12-15 15:55:49+01:00
0,0,0,0,0,0,2020-12-15 15:56:23+01:00
0,0,0,0,0,0,2021-01-08 22:36:14+01:00
1,1,0,0,0,0,2021-01-08 22:38:53+01:00
1,1,0,0,0,0,2021-01-08 22:40:08+01:00
5,7,3,4,1,0,2021-01-08 22:50:45+01:00
1,4,1,5,3,3,2021-01-08 22:51:57+01:00
0,0,0,0,0,0,2021-01-08 22:53:19+01:00
4,4,2,0,0,0,2021-01-12 01:07:49+01:00
0,1,0,0,0,0,2021-01-24 14:09:02+01:00
1,1,1,0,0,0,2021-01-25 22:56:53+03:00
0,1,0,0,0,0,2021-03-06 14:31:45+03:00
3,3,0,0,0,0,2021-03-06 18:04:06+03:00
1,1,0,0,0,0,2021-03-06 18:06:45+03:00
0,2,0,0,0,0,2021-03-06 18:11:24+03:00
5,30,0,7,17,15,2021-03-06 18:17:49+03:00
3,4,3,1,1,0,2021-03-06 18:19:15+03:00
1,1,1,0,0,0,2021-03-06 18:28:56+03:00
1,1,0,0,0,0,2021-03-06 18:30:42+03:00
0,2,0,0,0,0,2021-03-06 18:32:04+03:00
1,1,0,0,0,0,2021-03-06 18:33:28+03:00
1,1,0,0,0,0,2021-03-06 18:34:25+03:00
2,2,0,0,0,0,2021-03-06 18:36:27+03:00
1,3,0,0,0,0,2021-03-09 14:11:20+03:00
15,33,0,1,12,4,2021-04-22 15:54:19+03:00
0,1,0,0,0,0,2021-05-28 11:40:50+03:00
1,1,0,0,0,0,2021-05-28 11:42:41+03:00
1,1,0,0,0,0,2021-05-28 11:43:21+03:00
1,1,0,0,0,0,2021-06-10 17:29:29+03:00
0,1,0,0,0,0,2021-06-10 17:29:49+03:00
2,2,0,0,0,0,2021-06-12 16:31:19+03:00
1,1,0,0,0,0,2021-07-14 14:53:57+03:00
1,1,0,0,0,0,2021-07-14 14:55:35+03:00
1,1,0,0,0,0,2021-07-14 14:56:01+03:00
0,0,0,0,0,0,2021-07-14 14:56:25+03:00
1,1,0,0,0,0,2021-07-14 14:56:41+03:00
1,1,0,0,0,0,2021-08-03 17:42:26+03:00
1,1,0,0,0,0,2021-08-06 16:40:40+03:00
1,1,0,0,0,0,2021-08-06 16:57:46+03:00
1,1,0,0,0,0,2021-08-09 11:38:19+03:00
1,1,0,0,0,0,2021-08-09 11:38:36+03:00
1,1,0,0,0,0,2021-08-09 11:39:33+03:00
1,1,0,0,0,0,2021-08-09 11:46:14+03:00
1,1,0,0,0,0,2021-08-10 11:01:23+03:00
1,1,0,0,0,0,2021-08-10 11:38:10+03:00
1,1,0,0,0,0,2021-08-11 12:32:46+03:00
1,1,0,0,0,0,2021-12-28 21:09:11-05:00
0,0,0,0,0,0,2021-12-31 01:07:23+03:00
3,9,0,0,1,0,2021-12-30 17:17:12-05:00
1,1,0,0,0,0,2021-12-30 17:17:57-05:00
0,0,0,0,0,0,2021-12-31 01:18:32+03:00
0,0,0,0,0,0,2021-12-30 17:22:14-05:00
