Acquisition,Preparation,Modeling,Training,Evaluation,Prediction,time
0,0,0,0,0,0,2020-09-03 09:29:27+09:00
0,0,0,0,0,0,2020-09-03 09:41:29+09:00
0,0,0,0,0,0,2020-09-03 09:42:09+09:00
0,0,0,0,0,0,2020-09-03 09:54:46+09:00
0,0,0,0,0,0,2020-09-03 10:04:01+09:00
0,0,0,0,0,0,2020-09-03 10:05:54+09:00
0,0,0,0,0,0,2020-09-03 10:06:30+09:00
0,0,0,0,0,0,2020-09-03 10:06:55+09:00
0,0,0,0,0,0,2020-09-02 18:11:29-07:00
0,0,0,0,0,0,2020-09-02 18:13:38-07:00
0,0,0,0,0,0,2020-09-03 10:15:53+09:00
0,0,0,0,0,0,2020-09-03 10:25:12+09:00
0,0,0,0,0,0,2020-09-03 10:30:18+09:00
0,0,0,0,0,0,2020-09-03 10:33:47+09:00
0,0,0,0,0,0,2020-09-03 10:37:58+09:00
0,0,0,0,0,0,2020-09-03 10:38:43+09:00
0,0,0,0,0,0,2020-09-03 10:40:51+09:00
0,0,0,0,0,0,2020-09-03 10:41:21+09:00
0,0,0,0,0,0,2020-09-03 10:43:05+09:00
0,0,0,0,0,0,2020-09-03 10:46:36+09:00
0,0,0,0,0,0,2020-09-03 11:03:38+09:00
0,0,0,0,0,0,2020-09-03 11:08:36+09:00
0,0,0,0,0,0,2020-09-03 11:13:54+09:00
0,0,0,0,0,0,2020-09-03 11:25:34+09:00
0,0,0,0,0,0,2020-09-03 11:35:46+09:00
0,0,0,0,0,0,2020-09-03 11:43:05+09:00
0,0,0,0,0,0,2020-09-03 11:45:49+09:00
0,0,0,0,0,0,2020-09-03 11:54:46+09:00
0,0,0,0,0,0,2020-09-02 20:01:10-07:00
0,0,0,0,0,0,2020-09-03 13:48:18+09:00
0,0,0,0,0,0,2020-09-03 14:05:40+09:00
0,0,0,0,0,0,2020-09-03 14:05:56+09:00
0,0,0,0,0,0,2020-09-03 14:06:31+09:00
0,0,0,0,0,0,2020-09-03 14:07:18+09:00
0,0,0,0,0,0,2020-09-03 14:10:41+09:00
0,0,0,0,0,0,2020-09-03 14:10:51+09:00
0,0,0,0,0,0,2020-09-03 14:11:07+09:00
0,0,0,0,0,0,2020-09-03 14:13:54+09:00
0,0,0,0,0,0,2020-09-02 22:14:11-07:00
0,0,0,0,0,0,2020-09-03 14:14:19+09:00
0,0,0,0,0,0,2020-09-03 14:15:09+09:00
0,0,0,0,0,0,2020-09-03 14:15:32+09:00
0,0,0,0,0,0,2020-09-02 22:16:41-07:00
0,0,0,0,0,0,2020-09-03 14:19:00+09:00
0,0,0,0,0,0,2020-09-03 14:20:46+09:00
0,0,0,0,0,0,2020-09-03 14:21:03+09:00
0,0,0,0,0,0,2020-09-03 14:21:39+09:00
0,0,0,0,0,0,2020-09-03 14:22:12+09:00
0,0,0,0,0,0,2020-09-03 14:22:36+09:00
0,0,0,0,0,0,2020-09-03 14:25:26+09:00
0,0,0,0,0,0,2020-09-03 14:28:37+09:00
0,0,0,0,0,0,2020-09-03 14:28:44+09:00
0,0,0,0,0,0,2020-09-03 14:29:07+09:00
0,0,0,0,0,0,2020-09-02 22:31:14-07:00
0,0,0,0,0,0,2020-09-02 22:31:53-07:00
0,0,0,0,0,0,2020-09-03 14:34:21+09:00
0,0,0,0,0,0,2020-09-03 14:34:32+09:00
0,0,0,0,0,0,2020-09-03 01:35:36-04:00
0,0,0,0,0,0,2020-09-03 01:41:56-04:00
0,0,0,0,0,0,2020-09-03 14:58:47+09:00
0,0,0,0,0,0,2020-09-03 15:03:31+09:00
0,0,0,0,0,0,2020-09-02 23:30:20-07:00
0,0,0,0,0,0,2020-09-03 15:41:17+09:00
0,0,0,0,0,0,2020-09-03 15:42:24+09:00
0,0,0,0,0,0,2020-09-03 15:44:36+09:00
0,0,0,0,0,0,2020-09-03 15:44:44+09:00
0,0,0,0,0,0,2020-09-03 15:45:36+09:00
0,0,0,0,0,0,2020-09-03 15:45:54+09:00
0,0,0,0,0,0,2020-09-03 15:52:40+09:00
0,0,0,0,0,0,2020-09-03 15:55:42+09:00
0,0,0,0,0,0,2020-09-03 15:55:59+09:00
0,0,0,0,0,0,2020-09-02 23:58:22-07:00
0,0,0,0,0,0,2020-09-03 15:59:38+09:00
0,0,0,0,0,0,2020-09-03 16:00:26+09:00
0,0,0,0,0,0,2020-09-03 16:01:32+09:00
0,0,0,0,0,0,2020-09-03 16:02:02+09:00
0,0,0,0,0,0,2020-09-03 16:02:45+09:00
0,0,0,0,0,0,2020-09-03 16:03:07+09:00
0,0,0,0,0,0,2020-09-03 16:07:15+09:00
0,0,0,0,0,0,2020-09-03 16:09:53+09:00
0,0,0,0,0,0,2020-09-03 16:10:04+09:00
0,0,0,0,0,0,2020-09-03 16:10:47+09:00
0,0,0,0,0,0,2020-09-03 00:13:51-07:00
0,0,0,0,0,0,2020-09-03 01:16:55-07:00
0,0,0,0,0,0,2020-09-03 17:49:58+09:00
0,0,0,0,0,0,2020-09-03 20:47:03+09:00
0,0,0,0,0,0,2020-09-03 21:01:45+09:00
0,0,0,0,0,0,2020-09-04 09:12:21+09:00
0,0,0,0,0,0,2020-09-03 18:43:47-07:00
0,0,0,0,0,0,2020-09-04 10:50:00+09:00
0,0,0,0,0,0,2020-09-04 11:08:43+09:00
0,0,0,0,0,0,2020-09-04 11:11:21+09:00
0,0,0,0,0,0,2020-09-04 11:11:29+09:00
0,0,0,0,0,0,2020-09-04 11:17:51+09:00
0,0,0,0,0,0,2020-09-04 11:22:52+09:00
0,0,0,0,0,0,2020-09-04 11:51:21+09:00
0,0,0,0,0,0,2020-09-03 23:01:14-04:00
0,0,0,0,0,0,2020-09-04 12:03:47+09:00
0,0,0,0,0,0,2020-09-04 12:04:21+09:00
0,0,0,0,0,0,2020-09-04 12:05:07+09:00
0,0,0,0,0,0,2020-09-04 12:07:06+09:00
0,0,0,0,0,0,2020-09-04 12:13:30+09:00
0,0,0,0,0,0,2020-09-04 12:13:39+09:00
0,0,0,0,0,0,2020-09-04 12:13:48+09:00
0,0,0,0,0,0,2020-09-04 12:14:03+09:00
0,0,0,0,0,0,2020-09-04 12:16:00+09:00
0,0,0,0,0,0,2020-09-04 12:17:52+09:00
0,0,0,0,0,0,2020-09-03 22:00:05-07:00
0,0,0,0,0,0,2020-09-04 14:07:46+09:00
0,0,0,0,0,0,2020-09-04 14:17:52+09:00
0,0,0,0,0,0,2020-09-04 14:26:06+09:00
0,0,0,0,0,0,2020-09-03 22:32:30-07:00
0,0,0,0,0,0,2020-09-04 14:36:21+09:00
0,0,0,0,0,0,2020-09-03 23:05:34-07:00
0,0,0,0,0,0,2020-09-04 15:07:51+09:00
0,0,0,0,0,0,2020-09-04 02:09:54-04:00
0,0,0,0,0,0,2020-09-04 15:27:52+09:00
0,0,0,0,0,0,2020-09-04 15:40:34+09:00
0,0,0,0,0,0,2020-09-04 15:52:12+09:00
0,0,0,0,0,0,2020-09-04 02:52:21-04:00
0,0,0,0,0,0,2020-09-04 15:52:22+09:00
0,0,0,0,0,0,2020-09-04 15:52:28+09:00
0,0,0,0,0,0,2020-09-04 16:14:35+09:00
0,0,0,0,0,0,2020-09-04 16:15:15+09:00
0,0,0,0,0,0,2020-09-04 16:26:12+09:00
0,0,0,0,0,0,2020-09-04 16:27:34+09:00
0,0,0,0,0,0,2020-09-04 16:28:53+09:00
0,0,0,0,0,0,2020-09-04 16:34:56+09:00
0,0,0,0,0,0,2020-09-04 03:36:38-04:00
0,0,0,0,0,0,2020-09-04 16:46:42+09:00
0,0,0,0,0,0,2020-09-04 16:47:38+09:00
0,0,0,0,0,0,2020-09-04 16:47:51+09:00
0,0,0,0,0,0,2020-09-04 00:50:28-07:00
0,0,0,0,0,0,2020-09-04 17:03:27+09:00
0,0,0,0,0,0,2020-09-04 17:03:35+09:00
0,0,0,0,0,0,2020-09-04 17:06:48+09:00
0,0,0,0,0,0,2020-09-04 17:06:56+09:00
0,0,0,0,0,0,2020-09-04 17:07:57+09:00
0,0,0,0,0,0,2020-09-04 04:08:19-04:00
0,0,0,0,0,0,2020-09-04 17:12:05+09:00
0,0,0,0,0,0,2020-09-04 17:12:30+09:00
0,0,0,0,0,0,2020-09-04 17:30:35+09:00
0,0,0,0,0,0,2020-09-04 17:31:41+09:00
0,0,0,0,0,0,2020-09-04 04:53:30-04:00
0,0,0,0,0,0,2020-09-05 14:52:17+09:00
0,0,0,0,0,0,2020-09-05 15:14:35+09:00
0,0,0,0,0,0,2020-09-05 15:18:50+09:00
0,0,0,0,0,0,2020-09-05 15:22:23+09:00
0,0,0,0,0,0,2020-09-05 15:22:34+09:00
0,0,0,0,0,0,2020-09-05 15:56:35+09:00
0,0,0,0,0,0,2020-09-05 17:05:49+09:00
0,0,0,0,0,0,2020-09-05 17:21:56+09:00
0,0,0,0,0,0,2020-09-05 17:35:19+09:00
0,0,0,0,0,0,2020-09-05 17:44:17+09:00
0,0,0,0,0,0,2020-09-05 17:44:32+09:00
0,0,0,0,0,0,2020-09-05 10:07:19-04:00
0,0,0,0,0,0,2020-09-05 13:58:09-07:00
0,0,0,0,0,0,2020-09-06 13:04:47+09:00
0,0,0,0,0,0,2020-09-06 13:07:25+09:00
0,0,0,0,0,0,2020-09-05 23:50:16-07:00
0,0,0,0,0,0,2020-09-06 10:42:24-04:00
0,0,0,0,0,0,2020-09-06 16:51:55-07:00
0,0,0,0,0,0,2020-09-07 08:56:34+09:00
0,0,0,0,0,0,2020-09-07 09:54:42+09:00
0,0,0,0,0,0,2020-09-07 10:08:49+09:00
0,0,0,0,0,0,2020-09-07 10:08:54+09:00
0,0,0,0,0,0,2020-09-07 10:19:56+09:00
0,0,0,0,0,0,2020-09-07 10:20:07+09:00
0,0,0,0,0,0,2020-09-07 10:20:27+09:00
0,0,0,0,0,0,2020-09-07 10:32:51+09:00
0,0,0,0,0,0,2020-09-07 10:33:24+09:00
0,0,0,0,0,0,2020-09-06 18:35:44-07:00
0,0,0,0,0,0,2020-09-06 18:39:51-07:00
0,0,0,0,0,0,2020-09-07 10:41:10+09:00
0,0,0,0,0,0,2020-09-07 11:08:19+09:00
0,0,0,0,0,0,2020-09-07 11:25:23+09:00
0,0,0,0,0,0,2020-09-07 11:31:42+09:00
0,0,0,0,0,0,2020-09-07 11:32:53+09:00
0,0,0,0,0,0,2020-09-07 11:38:58+09:00
0,0,0,0,0,0,2020-09-07 11:54:00+09:00
0,0,0,0,0,0,2020-09-07 12:02:40+09:00
0,0,0,0,0,0,2020-09-06 23:26:04-04:00
0,0,0,0,0,0,2020-09-06 23:27:42-04:00
0,0,0,0,0,0,2020-09-07 12:28:03+09:00
0,0,0,0,0,0,2020-09-07 12:28:32+09:00
0,0,0,0,0,0,2020-09-06 23:29:13-04:00
0,0,0,0,0,0,2020-09-07 12:29:15+09:00
0,0,0,0,0,0,2020-09-06 21:36:03-07:00
0,0,0,0,0,0,2020-09-07 16:11:53+09:00
0,0,0,0,0,0,2020-09-07 16:31:19+09:00
0,0,0,0,0,0,2020-09-07 16:39:11+09:00
0,0,0,0,0,0,2020-09-07 03:42:36-04:00
0,0,0,0,0,0,2020-09-07 16:56:29+09:00
0,0,0,0,0,0,2020-09-07 16:56:58+09:00
0,0,0,0,0,0,2020-09-07 01:02:19-07:00
0,0,0,0,0,0,2020-09-07 17:08:26+09:00
0,0,0,0,0,0,2020-09-07 17:09:44+09:00
0,0,0,0,0,0,2020-09-07 17:16:53+09:00
0,0,0,0,0,0,2020-09-07 04:17:48-04:00
0,0,0,0,0,0,2020-09-07 17:21:06+09:00
0,0,0,0,0,0,2020-09-07 17:21:14+09:00
0,0,0,0,0,0,2020-09-07 17:21:39+09:00
0,0,0,0,0,0,2020-09-07 17:28:21+09:00
0,0,0,0,0,0,2020-09-07 17:28:48+09:00
0,0,0,0,0,0,2020-09-07 17:34:09+09:00
0,0,0,0,0,0,2020-09-07 17:34:34+09:00
0,0,0,0,0,0,2020-09-07 01:50:33-07:00
0,0,0,0,0,0,2020-09-07 17:51:20+09:00
0,0,0,0,0,0,2020-09-07 17:51:43+09:00
0,0,0,0,0,0,2020-09-07 16:14:54-07:00
0,0,0,0,0,0,2020-09-08 08:42:42+09:00
0,0,0,0,0,0,2020-09-07 20:12:41-04:00
1,0,0,0,0,0,2020-09-08 09:17:19+09:00
0,0,0,0,0,0,2020-09-07 17:33:04-07:00
0,0,0,0,0,0,2020-09-07 17:43:25-07:00
0,0,0,0,0,0,2020-09-08 10:12:40+09:00
0,0,0,0,0,0,2020-09-08 10:55:18+09:00
0,0,0,0,0,0,2020-09-08 11:16:53+09:00
0,0,0,0,0,0,2020-09-08 11:36:13+09:00
0,0,0,0,0,0,2020-09-08 11:38:01+09:00
0,0,0,0,0,0,2020-09-08 12:01:37+09:00
0,0,0,0,0,0,2020-09-08 12:06:25+09:00
0,0,0,0,0,0,2020-09-08 12:08:02+09:00
0,0,0,0,0,0,2020-09-08 12:16:01+09:00
0,0,0,0,0,0,2020-09-07 20:16:38-07:00
0,0,0,0,0,0,2020-09-08 12:24:02+09:00
0,0,0,0,0,0,2020-09-08 12:24:12+09:00
0,0,0,0,0,0,2020-09-08 12:24:49+09:00
0,0,0,0,0,0,2020-09-08 12:25:14+09:00
0,0,0,0,0,0,2020-09-08 12:30:40+09:00
0,0,0,0,0,0,2020-09-08 12:31:05+09:00
0,0,0,0,0,0,2020-09-08 13:29:11+09:00
0,0,0,0,0,0,2020-09-07 21:29:21-07:00
0,0,0,0,0,0,2020-09-08 13:29:27+09:00
0,0,0,0,0,0,2020-09-07 21:29:38-07:00
0,0,0,0,0,0,2020-09-07 21:31:37-07:00
0,0,0,0,0,0,2020-09-08 13:33:54+09:00
0,0,0,0,0,0,2020-09-08 01:16:43-04:00
0,0,0,0,0,0,2020-09-08 01:19:11-04:00
0,0,0,0,0,0,2020-09-08 15:07:16+09:00
0,0,0,0,0,0,2020-09-08 15:14:07+09:00
0,0,0,0,0,0,2020-09-08 02:51:18-04:00
0,0,0,0,0,0,2020-09-08 15:52:10+09:00
0,0,0,0,0,0,2020-09-08 16:03:11+09:00
0,0,0,0,0,0,2020-09-08 16:15:30+09:00
0,0,0,0,0,0,2020-09-08 16:16:01+09:00
0,0,0,0,0,0,2020-09-08 16:18:07+09:00
0,0,0,0,0,0,2020-09-08 16:18:19+09:00
0,0,0,0,0,0,2020-09-08 16:25:02+09:00
0,0,0,0,0,0,2020-09-08 00:31:18-07:00
0,0,0,0,0,0,2020-09-08 00:44:32-07:00
0,0,0,0,0,0,2020-09-08 16:51:50+09:00
0,0,0,0,0,0,2020-09-08 00:55:49-07:00
0,0,0,0,0,0,2020-09-08 17:03:11+09:00
0,0,0,0,0,0,2020-09-08 17:03:54+09:00
0,0,0,0,0,0,2020-09-08 17:04:02+09:00
0,0,0,0,0,0,2020-09-08 17:05:02+09:00
0,0,0,0,0,0,2020-09-08 17:06:10+09:00
0,0,0,0,0,0,2020-09-08 17:06:35+09:00
0,0,0,0,0,0,2020-09-08 17:06:50+09:00
0,0,0,0,0,0,2020-09-08 04:34:35-04:00
0,0,0,0,0,0,2020-09-08 04:35:25-04:00
0,0,0,0,0,0,2020-09-08 17:35:49+09:00
0,0,0,0,0,0,2020-09-08 18:12:18+09:00
0,0,0,0,0,0,2020-09-08 18:16:04+09:00
0,0,0,0,0,0,2020-09-08 16:26:27-07:00
0,0,0,0,0,0,2020-09-09 09:22:04+09:00
0,0,0,0,0,0,2020-09-09 09:22:20+09:00
0,0,0,0,0,0,2020-09-09 09:49:14+09:00
0,0,0,0,0,0,2020-09-09 10:14:25+09:00
1,1,0,0,0,0,2020-09-09 10:30:41+09:00
0,0,0,0,0,0,2020-09-09 10:36:57+09:00
0,0,0,0,0,0,2020-09-08 18:38:08-07:00
0,0,0,0,0,0,2020-09-09 10:44:52+09:00
0,0,0,0,0,0,2020-09-09 13:41:36+09:00
0,0,0,0,0,0,2020-09-09 13:41:56+09:00
0,0,0,0,0,0,2020-09-09 13:42:09+09:00
0,0,0,0,0,0,2020-09-09 13:45:13+09:00
0,0,0,0,0,0,2020-09-09 13:48:56+09:00
0,0,0,0,0,0,2020-09-09 14:03:35+09:00
0,0,0,0,0,0,2020-09-09 14:03:59+09:00
0,0,0,0,0,0,2020-09-09 14:24:12+09:00
0,0,0,0,0,0,2020-09-09 14:24:28+09:00
0,0,0,0,0,0,2020-09-08 23:05:09-07:00
0,0,0,0,0,0,2020-09-09 01:35:00-07:00
0,0,0,0,0,0,2020-09-09 17:44:42+09:00
0,0,0,0,0,0,2020-09-09 17:46:18+09:00
0,0,0,0,0,0,2020-09-09 18:27:15+09:00
0,0,0,0,0,0,2020-09-09 18:42:12+09:00
0,0,0,0,0,0,2020-09-09 18:43:21+09:00
0,0,0,0,0,0,2020-09-09 17:12:39-07:00
0,0,0,0,0,0,2020-09-10 09:23:34+09:00
0,0,0,0,0,0,2020-09-10 09:24:56+09:00
0,0,0,0,0,0,2020-09-10 09:25:11+09:00
0,0,0,0,0,0,2020-09-09 20:26:34-04:00
0,0,0,0,0,0,2020-09-10 09:26:40+09:00
0,0,0,0,0,0,2020-09-10 09:26:47+09:00
0,0,0,0,0,0,2020-09-10 09:26:49+09:00
0,0,0,0,0,0,2020-09-09 17:28:27-07:00
0,0,0,0,0,0,2020-09-09 17:29:26-07:00
0,0,0,0,0,0,2020-09-09 20:30:04-04:00
0,0,0,0,0,0,2020-09-10 09:30:07+09:00
0,0,0,0,0,0,2020-09-10 09:30:09+09:00
0,0,0,0,0,0,2020-09-09 20:52:42-04:00
0,0,0,0,0,0,2020-09-10 11:28:27+09:00
0,0,0,0,0,0,2020-09-10 11:43:58+09:00
0,0,0,0,0,0,2020-09-10 12:03:40+09:00
0,0,0,0,0,0,2020-09-10 12:12:01+09:00
0,0,0,0,0,0,2020-09-09 21:48:58-07:00
0,0,0,0,0,0,2020-09-09 21:50:40-07:00
0,0,0,0,0,0,2020-09-09 21:51:38-07:00
0,0,0,0,0,0,2020-09-09 21:57:38-07:00
0,0,0,0,0,0,2020-09-09 21:57:51-07:00
0,0,0,0,0,0,2020-09-10 14:16:47+09:00
0,0,0,0,0,0,2020-09-10 14:18:24+09:00
0,0,0,0,0,0,2020-09-10 14:32:51+09:00
0,0,0,0,0,0,2020-09-10 14:37:11+09:00
0,0,0,0,0,0,2020-09-10 14:37:43+09:00
0,0,0,0,0,0,2020-09-10 02:35:25-04:00
0,0,0,0,0,0,2020-09-10 15:35:35+09:00
0,0,0,0,0,0,2020-09-10 15:48:04+09:00
0,0,0,0,0,0,2020-09-10 16:14:43+09:00
1,0,0,0,0,0,2020-09-10 16:16:22+09:00
0,0,0,0,0,0,2020-09-10 16:55:42+09:00
0,0,0,0,0,0,2020-09-10 16:59:57+09:00
0,0,0,0,0,0,2020-09-10 17:16:32+09:00
0,0,0,0,0,0,2020-09-10 17:21:47+09:00
0,0,0,0,0,0,2020-09-10 17:25:55+09:00
0,0,0,0,0,0,2020-09-10 17:27:03+09:00
0,0,0,0,0,0,2020-09-10 04:29:15-04:00
0,0,0,0,0,0,2020-09-10 17:29:38+09:00
0,0,0,0,0,0,2020-09-10 04:30:06-04:00
0,0,0,0,0,0,2020-09-10 17:31:19+09:00
0,0,0,0,0,0,2020-09-10 17:31:40+09:00
0,0,0,0,0,0,2020-09-10 01:34:53-07:00
0,0,0,0,0,0,2020-09-10 17:35:50+09:00
0,0,0,0,0,0,2020-09-10 01:36:09-07:00
0,0,0,0,0,0,2020-09-10 01:36:27-07:00
0,0,0,0,0,0,2020-09-10 17:36:51+09:00
0,0,0,0,0,0,2020-09-10 01:40:44-07:00
0,0,0,0,0,0,2020-09-10 01:43:52-07:00
0,0,0,0,0,0,2020-09-10 01:44:51-07:00
0,0,0,0,0,0,2020-09-10 17:45:41+09:00
0,0,0,0,0,0,2020-09-10 18:05:01+09:00
0,0,0,0,0,0,2020-09-10 18:06:18+09:00
0,0,0,0,0,0,2020-09-10 18:32:16+09:00
0,0,0,0,0,0,2020-09-10 18:34:50+09:00
0,0,0,0,0,0,2020-09-10 18:45:23+09:00
0,0,0,0,0,0,2020-09-10 18:46:09+09:00
0,0,0,0,0,0,2020-09-11 06:51:16+09:00
0,0,0,0,0,0,2020-09-10 16:38:58-07:00
0,0,0,0,0,0,2020-09-10 16:39:13-07:00
0,0,0,0,0,0,2020-09-11 09:00:21+09:00
0,0,0,0,0,0,2020-09-10 17:15:56-07:00
0,0,0,0,0,0,2020-09-11 09:18:43+09:00
0,0,0,0,0,0,2020-09-11 09:25:41+09:00
0,0,0,0,0,0,2020-09-11 09:33:07+09:00
0,0,0,0,0,0,2020-09-10 17:38:48-07:00
0,0,0,0,0,0,2020-09-11 10:06:04+09:00
0,0,0,0,0,0,2020-09-11 10:27:39+09:00
0,0,0,0,0,0,2020-09-10 18:32:14-07:00
0,0,0,0,0,0,2020-09-11 10:34:08+09:00
0,0,0,0,0,0,2020-09-11 10:34:48+09:00
0,0,0,0,0,0,2020-09-11 11:11:51+09:00
0,0,0,0,0,0,2020-09-11 11:12:17+09:00
0,0,0,0,0,0,2020-09-11 11:12:25+09:00
0,0,0,0,0,0,2020-09-10 22:15:11-04:00
0,0,0,0,0,0,2020-09-11 11:15:38+09:00
0,0,0,0,0,0,2020-09-10 22:30:34-04:00
0,0,0,0,0,0,2020-09-10 22:41:53-04:00
0,0,0,0,0,0,2020-09-10 23:10:54-04:00
0,0,0,0,0,0,2020-09-11 12:14:07+09:00
0,0,0,0,0,0,2020-09-11 12:15:26+09:00
0,0,0,0,0,0,2020-09-10 21:56:36-07:00
0,0,0,0,0,0,2020-09-11 13:59:30+09:00
0,0,0,0,0,0,2020-09-11 13:59:56+09:00
0,0,0,0,0,0,2020-09-11 14:00:20+09:00
0,0,0,0,0,0,2020-09-11 14:02:35+09:00
0,0,0,0,0,0,2020-09-11 14:02:41+09:00
0,0,0,0,0,0,2020-09-11 15:04:08+09:00
0,0,0,0,0,0,2020-09-11 00:00:28-07:00
0,0,0,0,0,0,2020-09-11 00:01:04-07:00
0,0,0,0,0,0,2020-09-11 16:17:20+09:00
0,0,0,0,0,0,2020-09-11 16:19:14+09:00
0,0,0,0,0,0,2020-09-11 16:21:33+09:00
0,0,0,0,0,0,2020-09-11 16:23:16+09:00
0,0,0,0,0,0,2020-09-11 16:28:13+09:00
0,0,0,0,0,0,2020-09-11 17:02:18+09:00
0,0,0,0,0,0,2020-09-11 17:02:50+09:00
0,0,0,0,0,0,2020-09-11 17:04:24+09:00
0,0,0,0,0,0,2020-09-11 17:58:34+09:00
0,0,0,0,0,0,2020-09-11 17:59:36+09:00
0,0,0,0,0,0,2020-09-11 18:03:28+09:00
0,0,0,0,0,0,2020-09-11 18:08:55+09:00
0,0,0,0,0,0,2020-09-12 00:27:01-07:00
0,0,0,0,0,0,2020-09-12 00:27:48-07:00
0,0,0,0,0,0,2020-09-12 17:02:33+09:00
0,0,0,0,0,0,2020-09-12 19:59:54+09:00
0,0,0,0,0,0,2020-09-12 20:00:31+09:00
0,0,0,0,0,0,2020-09-12 17:46:08-07:00
0,0,0,0,0,0,2020-09-13 16:46:35-07:00
0,0,0,0,0,0,2020-09-13 21:33:20-07:00
0,0,0,0,0,0,2020-09-14 13:42:13+09:00
0,0,0,0,0,0,2020-09-14 13:42:38+09:00
0,0,0,0,0,0,2020-09-14 00:50:49-04:00
0,0,0,0,0,0,2020-09-14 13:56:52+09:00
0,0,0,0,0,0,2020-09-14 13:57:23+09:00
0,0,0,0,0,0,2020-09-14 00:58:00-04:00
0,0,0,0,0,0,2020-09-14 14:11:13+09:00
0,0,0,0,0,0,2020-09-14 14:33:20+09:00
0,0,0,0,0,0,2020-09-13 22:45:52-07:00
0,0,0,0,0,0,2020-09-14 14:48:24+09:00
0,0,0,0,0,0,2020-09-14 15:38:25+09:00
0,0,0,0,0,0,2020-09-14 15:44:38+09:00
0,0,0,0,0,0,2020-09-14 15:45:51+09:00
0,0,0,0,0,0,2020-09-14 15:46:38+09:00
0,0,0,0,0,0,2020-09-14 16:20:23+09:00
0,0,0,0,0,0,2020-09-14 00:34:21-07:00
0,0,0,0,0,0,2020-09-14 16:35:18+09:00
0,0,0,0,0,0,2020-09-14 16:43:25+09:00
0,0,0,0,0,0,2020-09-14 16:44:22+09:00
0,0,0,0,0,0,2020-09-14 16:45:10+09:00
0,0,0,0,0,0,2020-09-14 16:45:42+09:00
0,0,0,0,0,0,2020-09-14 16:47:01+09:00
0,0,0,0,0,0,2020-09-14 16:47:26+09:00
0,0,0,0,0,0,2020-09-14 00:50:13-07:00
0,0,0,0,0,0,2020-09-14 00:50:35-07:00
0,0,0,0,0,0,2020-09-14 01:07:43-07:00
0,0,0,0,0,0,2020-09-14 17:10:58+09:00
0,0,0,0,0,0,2020-09-14 17:11:22+09:00
0,0,0,0,0,0,2020-09-14 04:28:00-04:00
0,0,0,0,0,0,2020-09-14 04:29:43-04:00
0,0,0,0,0,0,2020-09-14 17:30:14+09:00
0,0,0,0,0,0,2020-09-14 17:32:12+09:00
0,0,0,0,0,0,2020-09-14 17:34:45+09:00
0,0,0,0,0,0,2020-09-14 17:35:11+09:00
0,0,0,0,0,0,2020-09-14 17:38:46+09:00
0,0,0,0,0,0,2020-09-14 17:39:31+09:00
0,0,0,0,0,0,2020-09-14 01:41:05-07:00
0,0,0,0,0,0,2020-09-14 01:43:08-07:00
0,0,0,0,0,0,2020-09-14 12:44:26-04:00
0,0,0,0,0,0,2020-09-14 13:27:55-04:00
0,0,0,0,0,0,2020-09-14 13:38:36-04:00
0,0,0,0,0,0,2020-09-15 11:06:36+09:00
0,0,0,0,0,0,2020-09-15 11:06:51+09:00
0,0,0,0,0,0,2020-09-15 14:18:16+09:00
0,0,0,0,0,0,2020-09-15 14:18:45+09:00
0,0,0,0,0,0,2020-09-15 14:52:23+09:00
0,0,0,0,0,0,2020-09-15 15:15:41+09:00
0,0,0,0,0,0,2020-09-14 23:16:58-07:00
0,0,0,0,0,0,2020-09-15 15:18:20+09:00
0,0,0,0,0,0,2020-09-15 15:24:02+09:00
0,0,0,0,0,0,2020-09-15 15:25:13+09:00
0,0,0,0,0,0,2020-09-15 15:34:54+09:00
0,0,0,0,0,0,2020-09-15 15:39:19+09:00
0,0,0,0,0,0,2020-09-15 15:40:17+09:00
0,0,0,0,0,0,2020-09-15 15:50:43+09:00
0,0,0,0,0,0,2020-09-15 15:51:49+09:00
0,0,0,0,0,0,2020-09-15 15:55:13+09:00
0,0,0,0,0,0,2020-09-15 16:09:29+09:00
0,0,0,0,0,0,2020-09-15 16:14:11+09:00
0,0,0,0,0,0,2020-09-15 00:14:44-07:00
0,0,0,0,0,0,2020-09-15 16:31:12+09:00
0,0,0,0,0,0,2020-09-15 16:32:35+09:00
0,0,0,0,0,0,2020-09-15 16:53:17+09:00
0,0,0,0,0,0,2020-09-15 17:04:10+09:00
0,0,0,0,0,0,2020-09-15 01:10:08-07:00
0,0,0,0,0,0,2020-09-15 17:11:23+09:00
0,0,0,0,0,0,2020-09-15 17:22:21+09:00
0,0,0,0,0,0,2020-09-15 17:23:48+09:00
0,0,0,0,0,0,2020-09-15 04:52:54-04:00
0,0,0,0,0,0,2020-09-15 04:54:15-04:00
0,0,0,0,0,0,2020-09-15 18:02:22+09:00
0,0,0,0,0,0,2020-09-15 18:03:04+09:00
0,0,0,0,0,0,2020-09-16 08:51:30+09:00
0,0,0,0,0,0,2020-09-15 17:59:42-07:00
0,0,0,0,0,0,2020-09-16 10:22:25+09:00
0,0,0,0,0,0,2020-09-16 10:22:38+09:00
0,0,0,0,0,0,2020-09-16 10:58:47+09:00
0,0,0,0,0,0,2020-09-16 10:59:38+09:00
0,0,0,0,0,0,2020-09-16 11:10:45+09:00
0,0,0,0,0,0,2020-09-16 11:16:50+09:00
0,0,0,0,0,0,2020-09-16 11:17:09+09:00
0,0,0,0,0,0,2020-09-16 11:19:01+09:00
0,0,0,0,0,0,2020-09-16 11:27:32+09:00
0,0,0,0,0,0,2020-09-16 11:35:36+09:00
0,0,0,0,0,0,2020-09-15 22:40:18-04:00
0,0,0,0,0,0,2020-09-16 11:45:21+09:00
0,0,0,0,0,0,2020-09-15 19:47:32-07:00
0,0,0,0,0,0,2020-09-16 11:51:32+09:00
0,0,0,0,0,0,2020-09-16 11:53:27+09:00
0,0,0,0,0,0,2020-09-16 11:57:08+09:00
0,0,0,0,0,0,2020-09-16 11:57:57+09:00
0,0,0,0,0,0,2020-09-16 11:58:11+09:00
0,0,0,0,0,0,2020-09-16 12:14:06+09:00
0,0,0,0,0,0,2020-09-16 12:19:37+09:00
0,0,0,0,0,0,2020-09-16 12:20:12+09:00
0,0,0,0,0,0,2020-09-15 20:23:21-07:00
0,0,0,0,0,0,2020-09-15 20:23:45-07:00
0,0,0,0,0,0,2020-09-15 20:27:09-07:00
0,0,0,0,0,0,2020-09-15 22:19:27-07:00
0,0,0,0,0,0,2020-09-16 15:08:39+09:00
0,0,0,0,0,0,2020-09-16 15:09:15+09:00
0,0,0,0,0,0,2020-09-16 15:09:50+09:00
0,0,0,0,0,0,2020-09-16 15:49:21+09:00
0,0,0,0,0,0,2020-09-16 15:51:21+09:00
0,0,0,0,0,0,2020-09-16 16:17:27+09:00
0,0,0,0,0,0,2020-09-16 16:19:40+09:00
0,0,0,0,0,0,2020-09-16 00:41:52-07:00
0,0,0,0,0,0,2020-09-16 16:42:53+09:00
0,0,0,0,0,0,2020-09-16 16:53:26+09:00
0,0,0,0,0,0,2020-09-16 16:57:06+09:00
0,0,0,0,0,0,2020-09-16 04:02:45-04:00
0,0,0,0,0,0,2020-09-16 17:08:32+09:00
0,0,0,0,0,0,2020-09-16 17:09:48+09:00
0,0,0,0,0,0,2020-09-16 17:32:21+09:00
0,0,0,0,0,0,2020-09-16 01:32:27-07:00
0,0,0,0,0,0,2020-09-16 01:33:31-07:00
0,0,0,0,0,0,2020-09-16 17:33:35+09:00
0,0,0,0,0,0,2020-09-16 01:34:09-07:00
0,0,0,0,0,0,2020-09-16 04:43:01-04:00
0,0,0,0,0,0,2020-09-16 17:44:00+09:00
0,0,0,0,0,0,2020-09-16 17:44:41+09:00
0,0,0,0,0,0,2020-09-16 17:45:36+09:00
0,0,0,0,0,0,2020-09-16 17:45:43+09:00
0,0,0,0,0,0,2020-09-16 04:46:15-04:00
0,0,0,0,0,0,2020-09-16 01:52:08-07:00
0,0,0,0,0,0,2020-09-17 11:00:29+09:00
0,0,0,0,0,0,2020-09-17 11:15:05+09:00
0,0,0,0,0,0,2020-09-16 19:31:58-07:00
0,0,0,0,0,0,2020-09-16 19:32:55-07:00
0,0,0,0,0,0,2020-09-16 23:22:15-04:00
0,0,0,0,0,0,2020-09-17 12:48:07+09:00
0,0,0,0,0,0,2020-09-17 13:02:31+09:00
0,0,0,0,0,0,2020-09-17 13:06:49+09:00
0,0,0,0,0,0,2020-09-17 13:14:49+09:00
0,0,0,0,0,0,2020-09-17 13:15:47+09:00
0,0,0,0,0,0,2020-09-17 00:33:53-04:00
0,0,0,0,0,0,2020-09-17 00:37:23-04:00
0,0,0,0,0,0,2020-09-17 02:52:42-04:00
0,0,0,0,0,0,2020-09-17 16:02:56+09:00
0,0,0,0,0,0,2020-09-17 16:03:56+09:00
0,0,0,0,0,0,2020-09-17 00:14:52-07:00
0,0,0,0,0,0,2020-09-17 03:39:03-04:00
0,0,0,0,0,0,2020-09-17 16:40:19+09:00
0,0,0,0,0,0,2020-09-17 16:41:57+09:00
0,0,0,0,0,0,2020-09-17 16:43:47+09:00
0,0,0,0,0,0,2020-09-17 00:55:29-07:00
0,0,0,0,0,0,2020-09-17 00:57:29-07:00
0,0,0,0,0,0,2020-09-17 00:59:32-07:00
0,0,0,0,0,0,2020-09-17 01:00:12-07:00
0,0,0,0,0,0,2020-09-17 04:07:00-04:00
0,0,0,0,0,0,2020-09-17 04:10:12-04:00
0,0,0,0,0,0,2020-09-17 17:19:01+09:00
0,0,0,0,0,0,2020-09-17 17:20:52+09:00
0,0,0,0,0,0,2020-09-17 17:20:59+09:00
0,0,0,0,0,0,2020-09-17 17:24:03+09:00
0,0,0,0,0,0,2020-09-17 17:28:23+09:00
0,0,0,0,0,0,2020-09-17 01:29:15-07:00
0,0,0,0,0,0,2020-09-17 01:29:27-07:00
0,0,0,0,0,0,2020-09-17 16:07:45-07:00
0,0,0,0,0,0,2020-09-17 16:26:48-07:00
0,0,0,0,0,0,2020-09-17 20:31:41-07:00
0,0,0,0,0,0,2020-09-18 00:43:36-04:00
0,0,0,0,0,0,2020-09-18 00:54:45-04:00
0,0,0,0,0,0,2020-09-18 14:00:18+09:00
0,0,0,0,0,0,2020-09-18 14:01:58+09:00
0,0,0,0,0,0,2020-09-18 14:03:53+09:00
0,0,0,0,0,0,2020-09-17 22:50:00-07:00
0,0,0,0,0,0,2020-09-17 23:06:54-07:00
0,0,0,0,0,0,2020-09-18 15:14:28+09:00
0,0,0,0,0,0,2020-09-18 15:43:07+09:00
0,0,0,0,0,0,2020-09-18 15:43:42+09:00
0,0,0,0,0,0,2020-09-19 15:51:58-07:00
0,0,0,0,0,0,2020-09-19 18:31:15-07:00
0,0,0,0,0,0,2020-09-19 18:49:36-07:00
0,0,0,0,0,0,2020-09-20 10:51:53+09:00
0,0,0,0,0,0,2020-09-20 11:34:38+09:00
0,0,0,0,0,0,2020-09-20 11:40:12+09:00
0,0,0,0,0,0,2020-09-19 19:42:21-07:00
0,0,0,0,0,0,2020-09-19 19:43:16-07:00
0,0,0,0,0,0,2020-09-19 19:44:00-07:00
0,0,0,0,0,0,2020-09-20 13:56:37+09:00
0,0,0,0,0,0,2020-09-20 13:56:54+09:00
0,0,0,0,0,0,2020-09-20 14:53:55+09:00
0,0,0,0,0,0,2020-09-20 14:59:20+09:00
0,0,0,0,0,0,2020-09-20 15:00:16+09:00
0,0,0,0,0,0,2020-09-20 16:04:22+09:00
0,0,0,0,0,0,2020-09-20 16:05:53+09:00
0,0,0,0,0,0,2020-09-20 19:23:43-07:00
0,0,0,0,0,0,2020-09-21 11:52:08+09:00
0,0,0,0,0,0,2020-09-21 11:59:25+09:00
0,0,0,0,0,0,2020-09-21 12:08:13+09:00
0,0,0,0,0,0,2020-09-20 23:10:00-04:00
0,0,0,0,0,0,2020-09-21 12:12:10+09:00
0,0,0,0,0,0,2020-09-21 12:13:22+09:00
0,0,0,0,0,0,2020-09-21 12:13:36+09:00
0,0,0,0,0,0,2020-09-21 13:48:30+09:00
0,0,0,0,0,0,2020-09-21 13:52:21+09:00
0,0,0,0,0,0,2020-09-21 13:58:45+09:00
0,0,0,0,0,0,2020-09-21 14:01:06+09:00
0,0,0,0,0,0,2020-09-21 14:05:17+09:00
0,0,0,0,0,0,2020-09-21 14:30:16+09:00
0,0,0,0,0,0,2020-09-21 14:33:12+09:00
0,0,0,0,0,0,2020-09-21 14:45:35+09:00
0,0,0,0,0,0,2020-09-21 01:45:49-04:00
0,0,0,0,0,0,2020-09-20 22:46:14-07:00
0,0,0,0,0,0,2020-09-20 22:47:51-07:00
0,0,0,0,0,0,2020-09-20 22:47:59-07:00
0,0,0,0,0,0,2020-09-21 14:48:39+09:00
0,0,0,0,0,0,2020-09-21 14:49:45+09:00
0,0,0,0,0,0,2020-09-21 01:50:15-04:00
0,0,0,0,0,0,2020-09-21 14:50:55+09:00
0,0,0,0,0,0,2020-09-21 15:03:00+09:00
0,0,0,0,0,0,2020-09-21 15:04:02+09:00
0,0,0,0,0,0,2020-09-21 15:13:35+09:00
0,0,0,0,0,0,2020-09-21 15:14:20+09:00
0,0,0,0,0,0,2020-09-21 01:03:29-07:00
0,0,0,0,0,0,2020-09-21 01:06:02-07:00
0,0,0,0,0,0,2020-09-21 15:51:09-07:00
0,0,0,0,0,0,2020-09-21 15:51:19-07:00
0,0,0,0,0,0,2020-09-21 17:07:08-07:00
0,0,0,0,0,0,2020-09-21 19:46:08-07:00
0,0,0,0,0,0,2020-09-21 19:49:45-07:00
0,0,0,0,0,0,2020-09-22 12:20:20+09:00
0,0,0,0,0,0,2020-09-22 12:23:26+09:00
0,0,0,0,0,0,2020-09-22 01:28:00-04:00
0,0,0,0,0,0,2020-09-22 14:28:58+09:00
0,0,0,0,0,0,2020-09-22 14:29:23+09:00
0,0,0,0,0,0,2020-09-21 22:51:05-07:00
0,0,0,0,0,0,2020-09-21 22:51:55-07:00
0,0,0,0,0,0,2020-09-21 22:52:35-07:00
0,0,0,0,0,0,2020-09-22 01:53:58-04:00
0,0,0,0,0,0,2020-09-21 22:54:04-07:00
0,0,0,0,0,0,2020-09-22 14:54:23+09:00
0,0,0,0,0,0,2020-09-22 14:59:33+09:00
0,0,0,0,0,0,2020-09-22 02:11:59-04:00
0,0,0,0,0,0,2020-09-21 23:19:10-07:00
0,0,0,0,0,0,2020-09-21 23:20:02-07:00
0,0,0,0,0,0,2020-09-22 15:20:34+09:00
0,0,0,0,0,0,2020-09-22 02:23:35-04:00
0,0,0,0,0,0,2020-09-22 15:26:15+09:00
0,0,0,0,0,0,2020-09-22 15:27:02+09:00
0,0,0,0,0,0,2020-09-22 02:33:36-04:00
0,0,0,0,0,0,2020-09-22 02:36:41-04:00
0,0,0,0,0,0,2020-09-22 02:40:55-04:00
0,0,0,0,0,0,2020-09-22 02:42:58-04:00
0,0,0,0,0,0,2020-09-22 02:56:24-04:00
0,0,0,0,0,0,2020-09-22 02:59:51-04:00
0,0,0,0,0,0,2020-09-22 16:03:08+09:00
0,0,0,0,0,0,2020-09-22 03:04:51-04:00
0,0,0,0,0,0,2020-09-22 16:10:51+09:00
0,0,0,0,0,0,2020-09-22 03:17:57-04:00
0,0,0,0,0,0,2020-09-22 03:22:39-04:00
0,0,0,0,0,0,2020-09-23 12:55:20+09:00
0,0,0,0,0,0,2020-09-23 13:00:18+09:00
0,0,0,0,0,0,2020-09-23 13:05:19+09:00
0,0,0,0,0,0,2020-09-23 15:18:08+09:00
0,0,0,0,0,0,2020-09-23 16:17:25+09:00
0,0,0,0,0,0,2020-09-23 16:18:45+09:00
0,0,0,0,0,0,2020-09-25 08:55:35+09:00
0,0,0,0,0,0,2020-09-25 08:56:00+09:00
