Acquisition,Preparation,Modeling,Training,Evaluation,Prediction,time
0,0,0,0,0,0,2019-04-09 15:03:14-05:00
0,1,0,0,0,0,2019-04-15 13:18:46-05:00
0,0,0,0,0,0,2019-04-15 14:18:44-05:00
0,0,0,0,0,0,2019-04-15 14:18:59-05:00
0,1,0,0,0,0,2019-04-18 14:48:39-05:00
0,1,0,0,0,0,2019-04-18 14:49:24-05:00
0,0,0,0,0,0,2019-04-18 14:49:48-05:00
0,1,0,0,0,0,2019-04-18 17:55:22-05:00
0,1,0,0,0,0,2019-04-18 18:08:05-05:00
0,1,0,0,0,0,2019-04-23 18:42:03-05:00
0,0,0,0,0,0,2019-04-23 18:49:01-05:00
0,0,0,0,0,0,2019-04-23 19:52:50-05:00
0,1,0,0,1,0,2019-05-18 23:41:18-05:00
0,1,0,0,1,0,2019-05-19 02:02:20-05:00
0,1,0,0,1,0,2019-05-19 02:03:24-05:00
0,1,0,0,1,0,2019-05-19 02:20:45-05:00
0,2,0,0,0,0,2019-05-30 15:42:25+05:18
0,0,0,0,0,0,2019-05-31 13:13:48+05:18
0,1,0,0,0,0,2019-05-31 17:44:58+05:18
0,2,0,0,0,0,2019-06-06 02:38:59-05:00
0,1,0,0,0,0,2019-06-07 05:33:42-05:00
0,2,0,0,0,0,2019-06-07 08:44:21-05:00
0,1,0,0,0,0,2019-06-08 05:03:14-05:00
0,0,0,0,0,0,2019-06-09 08:05:29-05:00
0,1,0,0,0,0,2019-06-09 08:56:22-05:00
0,1,0,0,0,0,2019-06-09 09:56:18-05:00
0,1,0,0,0,0,2019-06-09 09:59:14-05:00
0,1,0,0,0,0,2019-06-09 10:00:06-05:00
0,1,0,0,0,0,2019-06-09 10:02:14-05:00
0,1,0,0,0,0,2019-06-09 11:17:13-05:00
0,1,0,0,0,0,2019-06-09 13:14:49-05:00
0,1,0,0,0,0,2019-06-10 13:04:30-05:00
0,1,0,0,0,0,2019-06-10 13:20:58-05:00
0,0,0,0,0,0,2019-06-10 13:21:17-05:00
0,1,0,0,0,0,2019-06-12 11:19:36-05:00
0,1,0,0,0,0,2019-06-12 11:44:55-05:00
0,0,0,0,0,0,2019-06-12 11:54:24-05:00
0,1,0,0,0,0,2019-06-12 16:00:37-05:00
0,1,0,0,0,0,2019-06-13 10:46:49-05:00
0,1,0,0,0,0,2019-06-13 15:27:38-05:00
0,1,0,0,0,0,2019-06-13 15:28:18-05:00
0,0,0,0,0,0,2019-06-13 16:57:57-05:00
0,1,0,0,0,0,2019-06-15 19:49:50-05:00
0,1,0,0,0,0,2019-06-15 19:50:53-05:00
0,1,0,0,0,0,2019-06-15 19:51:33-05:00
0,1,0,0,0,0,2019-06-15 19:51:59-05:00
0,0,0,0,0,0,2019-06-15 20:30:52-05:00
0,1,0,0,0,0,2019-06-15 20:47:38-05:00
0,2,0,0,0,0,2019-06-16 15:43:46-05:00
0,1,0,0,0,0,2019-06-16 17:15:26-05:00
0,1,0,0,0,0,2019-06-16 17:15:54-05:00
0,1,0,0,0,0,2019-06-16 17:16:14-05:00
0,0,0,0,0,0,2019-06-16 17:16:49-05:00
0,0,0,0,0,0,2019-06-16 17:19:36-05:00
0,0,0,0,0,0,2019-06-16 19:05:14-04:00
0,1,0,0,0,0,2019-06-16 21:29:37-04:00
0,1,0,0,0,0,2019-06-16 22:38:47-04:00
0,1,0,0,0,0,2019-06-16 23:13:02-04:00
0,1,0,0,0,0,2019-06-16 23:17:59-04:00
0,0,0,0,0,0,2019-06-16 23:23:36-04:00
0,1,0,0,0,0,2019-06-16 23:49:22-04:00
0,8,0,1,0,1,2019-06-24 21:04:48-04:00
0,1,0,0,0,0,2019-07-05 02:15:18-05:00
0,1,0,1,0,0,2019-07-05 18:06:36-05:00
0,1,0,0,0,1,2019-07-05 18:10:28-05:00
0,1,0,0,0,0,2019-07-05 18:19:49-05:00
0,1,0,0,0,0,2019-07-05 20:21:42-05:00
0,1,0,0,0,0,2019-07-07 23:22:30-05:00
0,1,0,0,0,0,2019-07-07 23:23:02-05:00
0,2,0,0,0,0,2019-07-07 23:29:22-05:00
0,1,0,0,0,0,2019-07-07 23:32:25-05:00
0,1,0,0,0,0,2019-07-07 23:57:35-05:00
0,1,0,0,0,0,2019-07-07 23:57:55-05:00
0,1,0,0,0,0,2019-07-08 00:29:37-05:00
0,1,0,0,0,0,2019-07-08 00:55:36-05:00
0,1,0,0,0,0,2019-07-08 01:30:40-05:00
0,0,0,0,0,0,2019-07-11 17:37:23-05:00
0,1,0,0,0,0,2019-07-11 19:37:04-05:00
0,1,0,0,0,0,2019-07-11 19:38:20-05:00
0,1,0,0,0,0,2019-07-11 19:38:53-05:00
0,1,0,0,0,0,2019-07-11 19:39:13-05:00
0,1,0,0,0,0,2019-07-11 19:40:53-05:00
0,1,0,0,0,0,2019-07-11 19:41:15-05:00
0,1,0,0,0,0,2019-07-11 19:41:37-05:00
0,1,0,0,0,1,2019-07-11 19:43:47-05:00
0,4,0,0,0,0,2019-07-11 22:19:15-04:00
0,3,0,0,0,1,2019-07-12 02:05:25-05:00
0,1,0,0,0,0,2019-07-12 03:08:01-05:00
0,1,0,0,0,0,2019-07-12 04:16:14-04:00
0,1,0,0,0,0,2019-07-12 03:17:58-05:00
0,1,0,0,0,1,2019-07-12 10:42:57-04:00
0,1,0,0,0,0,2019-09-11 10:11:20-07:00
0,1,0,0,0,0,2019-09-11 10:11:39-07:00
0,1,0,0,0,0,2019-09-11 10:32:42-07:00
0,1,0,0,0,0,2019-09-11 10:33:48-07:00
0,0,0,0,0,0,2019-09-11 10:35:33-07:00
0,2,0,0,0,0,2019-09-11 13:40:31-04:00
0,0,0,0,0,0,2019-09-11 13:40:44-04:00
0,2,0,0,0,1,2019-11-11 00:30:04-08:00
0,6,0,0,0,0,2019-11-11 14:01:09-08:00
0,1,0,0,0,0,2019-11-12 19:08:06-08:00
0,1,0,0,0,0,2019-11-12 19:08:47-08:00
0,1,0,0,0,0,2019-11-13 18:10:58-08:00
0,1,0,1,0,0,2020-01-22 00:37:50-08:00
0,1,0,1,0,0,2020-01-22 00:57:30-08:00
0,1,0,0,0,0,2020-01-23 15:50:44-08:00
0,1,0,0,0,1,2020-01-23 15:59:09-08:00
0,1,0,1,0,0,2020-01-23 16:03:08-08:00
0,1,0,0,0,0,2020-01-23 16:03:33-08:00
0,0,0,0,0,0,2020-01-23 16:03:56-08:00
0,1,0,0,0,0,2020-01-23 16:04:19-08:00
0,1,0,0,0,0,2020-01-23 16:26:36-08:00
0,1,0,0,0,0,2020-01-23 16:27:21-08:00
0,1,0,0,0,0,2020-01-23 16:29:00-08:00
0,1,0,0,0,0,2020-01-23 17:31:31-08:00
0,1,0,0,0,0,2020-01-23 17:31:47-08:00
0,1,0,0,0,0,2020-01-23 17:32:28-08:00
0,1,0,0,0,1,2020-01-23 17:36:13-08:00
0,1,0,0,0,0,2020-01-23 17:36:36-08:00
0,2,0,0,0,0,2020-01-23 17:37:06-08:00
0,0,0,0,0,0,2020-01-23 17:50:18-08:00
0,2,0,0,0,0,2020-01-23 21:01:25-08:00
0,2,0,0,0,0,2020-01-23 21:51:24-08:00
0,1,0,0,0,0,2020-01-23 21:56:07-08:00
0,1,0,0,0,0,2020-01-23 22:26:51-08:00
0,1,0,0,0,0,2020-02-01 17:47:03-08:00
0,1,0,0,0,0,2020-02-01 22:20:57-08:00
0,1,0,0,0,0,2020-02-02 13:31:17-08:00
0,1,0,0,0,0,2020-02-02 13:31:49-08:00
0,1,0,0,0,0,2020-02-02 13:32:13-08:00
0,0,0,0,0,0,2020-02-02 14:23:11-08:00
0,1,0,0,0,0,2020-02-02 15:33:17-08:00
0,2,0,0,0,1,2020-02-02 15:43:12-08:00
0,1,0,0,0,0,2020-02-02 18:18:16-08:00
0,1,0,0,0,0,2020-02-02 18:44:23-08:00
0,1,0,0,0,0,2020-02-02 18:44:56-08:00
0,1,0,0,0,1,2020-02-02 18:45:54-08:00
0,1,0,0,0,0,2020-02-02 18:47:27-08:00
0,1,0,0,0,0,2020-02-02 22:32:31-08:00
0,1,0,0,0,0,2020-02-03 19:15:42-08:00
0,1,0,0,0,0,2020-02-04 13:08:26-08:00
0,1,0,0,0,0,2020-02-05 11:42:04-08:00
0,1,0,0,0,0,2020-02-05 11:43:56-08:00
0,1,0,0,0,0,2020-02-05 12:19:09-08:00
0,0,0,0,0,0,2020-02-05 21:13:38-08:00
0,1,0,0,0,0,2020-02-05 21:17:39-08:00
0,1,0,0,0,0,2020-02-05 21:18:13-08:00
0,1,0,1,0,0,2020-02-05 21:24:44-08:00
0,1,0,0,0,0,2020-02-05 21:25:14-08:00
0,1,0,0,0,1,2020-02-05 21:26:04-08:00
0,1,0,0,0,0,2020-02-06 16:06:37-08:00
0,1,0,0,0,1,2020-02-06 16:07:02-08:00
0,1,0,0,0,0,2020-04-24 12:54:43-07:00
0,8,0,1,0,1,2020-05-26 22:46:05-07:00
0,0,0,0,0,0,2020-05-26 22:46:49-07:00
0,0,0,0,0,0,2020-06-17 23:00:36-07:00
0,0,0,0,0,0,2020-06-17 23:39:07-07:00
0,0,0,0,0,0,2020-06-22 15:21:10-04:00
0,0,0,0,0,0,2020-06-22 17:03:15-04:00
0,1,0,0,0,0,2020-06-22 17:03:28-04:00
0,1,0,0,0,0,2020-06-22 17:03:48-04:00
0,2,0,0,0,0,2020-06-22 17:11:11-04:00
0,1,0,0,0,0,2020-06-22 17:34:08-04:00
0,2,0,0,0,0,2020-06-23 14:19:49-04:00
0,1,0,0,0,0,2020-06-23 14:38:32-04:00
0,0,0,0,0,0,2020-06-23 14:46:01-04:00
0,0,0,0,0,0,2020-06-23 14:46:09-04:00
0,0,0,0,0,0,2020-06-23 14:47:57-04:00
0,0,0,0,0,0,2020-06-23 14:48:40-04:00
0,0,0,0,0,0,2020-06-23 14:49:20-04:00
0,0,0,0,0,0,2020-06-23 14:50:03-04:00
0,1,0,0,0,0,2020-06-23 15:07:28-04:00
0,1,0,0,0,0,2020-06-23 15:35:32-04:00
0,1,0,0,0,0,2020-06-28 19:26:06-07:00
0,1,0,0,0,0,2020-06-28 19:46:38-07:00
0,2,0,0,0,0,2020-06-28 20:02:01-07:00
0,0,0,0,0,0,2020-07-01 17:32:27-04:00
0,0,0,0,0,0,2020-07-01 17:51:03-04:00
0,0,0,0,0,0,2020-07-01 19:43:05-04:00
0,0,0,0,0,0,2020-07-01 19:43:37-04:00
0,0,0,0,0,0,2020-07-01 19:44:20-04:00
0,0,0,0,0,0,2020-07-01 19:47:00-04:00
0,8,0,1,0,1,2020-07-01 20:21:53-04:00
0,0,0,0,0,0,2020-07-01 20:23:03-04:00
