Acquisition,Preparation,Modeling,Training,Evaluation,Prediction,time
0,0,0,0,0,0,2019-05-13 10:26:55-07:00
3,48,2,2,7,7,2019-05-13 10:34:55-07:00
0,0,0,0,0,0,2019-05-13 10:43:42-07:00
3,48,2,2,7,7,2019-01-15 10:57:37-08:00
0,0,0,0,0,0,2019-03-14 10:45:01-07:00
0,0,0,0,0,0,2019-03-15 13:39:24-07:00
3,48,2,2,7,7,2019-05-13 16:06:41-07:00
0,0,0,0,0,0,2019-05-13 16:38:58-07:00
0,0,0,0,0,0,2019-05-13 16:44:13-07:00
0,1,0,0,0,0,2019-05-14 11:46:47-07:00
0,2,0,0,0,0,2019-05-14 14:13:52-07:00
0,1,0,0,0,0,2019-05-15 15:37:53-07:00
0,1,0,0,0,0,2019-05-16 11:08:22-07:00
0,4,1,0,0,1,2019-05-16 14:11:18-07:00
0,1,0,0,0,0,2019-05-17 14:19:17-07:00
0,5,2,0,0,1,2019-05-20 12:31:54-07:00
0,0,0,0,0,0,2019-05-21 08:34:16-07:00
0,1,1,0,0,0,2019-05-21 17:15:11-07:00
0,0,0,0,0,0,2019-05-27 09:37:25-07:00
0,0,0,0,0,0,2019-05-28 13:58:18-07:00
0,2,0,0,0,1,2019-05-30 16:28:47-07:00
0,1,0,0,1,1,2019-05-30 17:09:56-07:00
0,1,0,0,0,0,2019-05-30 17:32:35-07:00
0,1,0,1,1,1,2019-05-31 14:22:14-07:00
0,1,0,0,0,1,2019-06-03 17:22:33-07:00
0,2,0,0,0,0,2019-06-03 18:41:57-07:00
0,1,0,0,0,0,2019-06-04 14:10:38-07:00
0,1,0,0,0,0,2019-06-05 17:45:49-07:00
0,1,0,0,0,1,2019-06-05 20:29:33-07:00
0,3,0,0,1,1,2019-06-06 10:13:36-07:00
0,7,0,2,3,4,2019-06-06 17:53:53-07:00
0,1,0,0,0,0,2019-06-10 14:27:05-07:00
1,10,0,1,1,3,2019-06-11 21:00:13-07:00
0,1,0,0,0,0,2019-06-12 20:51:42-07:00
2,8,0,1,1,1,2019-06-16 10:44:40-07:00
0,6,1,0,4,1,2019-06-17 14:58:16-07:00
0,2,0,0,0,0,2019-06-19 11:32:51-07:00
0,2,0,0,0,0,2019-06-19 16:33:20-07:00
0,1,0,1,1,1,2019-06-20 11:59:33-07:00
0,1,0,0,1,0,2019-06-21 11:26:19-07:00
0,1,0,0,0,0,2019-06-21 14:52:31-07:00
0,1,0,0,1,0,2019-06-21 16:30:49-07:00
0,1,0,0,0,0,2019-06-21 18:27:49-07:00
0,1,0,0,1,0,2019-06-24 21:58:20-07:00
0,1,0,0,0,0,2019-06-24 22:21:46-07:00
0,2,1,0,1,0,2019-06-27 12:50:12-07:00
0,1,0,1,1,1,2019-07-01 11:48:09-07:00
0,3,2,0,0,0,2019-07-01 14:41:39-07:00
0,1,0,0,1,1,2019-07-02 21:03:50-07:00
0,1,0,0,0,0,2019-07-03 15:47:50-07:00
0,2,0,0,0,1,2019-07-03 17:45:49-07:00
0,4,2,0,0,0,2019-07-03 19:42:24-07:00
0,1,0,0,0,1,2019-07-08 12:48:59-07:00
0,1,0,1,1,1,2019-07-09 11:12:16-07:00
0,1,0,0,0,1,2019-07-10 12:02:39-07:00
0,1,0,0,0,1,2019-07-10 12:04:14-07:00
1,2,0,0,1,0,2019-07-10 15:40:27-07:00
0,1,0,0,0,0,2019-07-15 12:15:54-07:00
0,1,0,0,0,0,2019-07-16 12:05:08-07:00
0,1,0,0,1,0,2019-07-18 12:57:55-07:00
0,1,0,0,0,0,2019-07-22 22:32:41-07:00
0,3,0,1,1,1,2019-07-23 11:21:59-07:00
0,4,0,0,2,2,2019-07-23 14:28:26-07:00
2,4,0,0,0,0,2019-07-26 12:49:29-07:00
0,1,0,0,1,0,2019-07-30 11:33:21-07:00
0,2,0,0,0,0,2019-07-31 19:03:46-07:00
0,1,0,0,0,0,2019-08-01 22:31:07-07:00
0,1,1,0,0,0,2019-08-02 09:59:28-07:00
0,1,0,0,1,1,2019-08-07 16:44:16-07:00
0,0,0,0,0,0,2019-08-07 19:30:49-07:00
0,2,0,0,0,0,2019-08-08 15:16:41-07:00
0,2,0,0,0,0,2019-08-08 16:18:43-07:00
0,0,0,0,0,0,2019-08-12 15:46:43-07:00
1,2,0,0,0,0,2019-08-14 12:38:20-07:00
0,2,0,0,0,0,2019-08-14 13:45:49-07:00
1,2,0,0,0,0,2019-08-14 14:35:03-07:00
1,3,0,0,0,1,2019-08-14 18:27:01-07:00
1,1,0,0,0,0,2019-08-20 19:31:51-07:00
0,1,0,0,0,0,2019-08-21 10:39:08-07:00
0,1,0,0,0,1,2019-08-30 12:01:25-07:00
1,3,0,1,1,1,2019-09-01 21:27:18-07:00
0,4,0,0,1,3,2019-09-04 13:10:26-07:00
0,0,0,0,0,0,2019-09-05 11:27:29-07:00
0,1,0,1,1,1,2019-09-05 14:14:02-07:00
0,1,0,0,0,0,2019-09-18 18:22:45-07:00
0,1,0,0,1,0,2019-09-20 14:23:16-07:00
0,0,0,0,1,0,2019-09-23 14:42:02-07:00
0,3,1,0,0,1,2019-10-04 15:06:14-07:00
0,1,0,0,0,0,2019-10-07 10:22:26-07:00
0,1,0,0,0,1,2019-10-08 13:53:43-07:00
0,1,0,0,0,0,2019-10-09 18:01:36-07:00
3,39,6,0,5,3,2019-10-09 19:20:05-07:00
1,10,2,0,3,0,2019-10-12 00:32:36-07:00
0,1,0,1,1,1,2019-10-15 11:09:02-07:00
0,0,0,0,0,0,2019-10-15 17:10:04-07:00
0,1,0,0,0,0,2019-10-22 11:12:24-07:00
0,1,0,0,0,0,2019-10-24 14:50:57-07:00
0,1,1,0,0,0,2019-11-07 06:07:50-08:00
0,1,0,1,1,1,2019-11-07 06:27:47-08:00
0,1,0,0,0,0,2019-11-08 03:06:18-08:00
0,1,0,1,1,1,2019-11-08 07:52:49-08:00
0,1,0,1,1,1,2019-11-08 12:28:17-08:00
2,4,0,0,0,0,2019-11-08 21:54:26-08:00
0,1,0,0,0,0,2019-11-11 09:57:58-08:00
0,1,0,1,1,1,2019-11-11 16:21:48-08:00
0,1,0,1,1,1,2019-11-15 09:58:30-08:00
1,3,0,0,0,0,2019-11-19 12:26:00-08:00
0,1,0,0,0,0,2019-12-10 15:18:55-08:00
0,4,0,0,0,0,2019-12-15 11:30:47-08:00
0,2,0,0,0,0,2019-12-15 12:41:03-08:00
0,5,0,0,2,0,2019-12-16 09:02:33-08:00
0,11,2,0,1,0,2019-12-16 16:44:41-08:00
0,3,0,0,0,0,2019-12-17 13:41:41-08:00
1,16,1,2,7,5,2019-12-17 17:09:51-08:00
0,1,0,0,0,0,2019-12-20 08:03:54-08:00
1,18,2,0,1,1,2019-12-20 21:18:26-08:00
0,11,1,1,4,2,2019-12-25 11:47:49-08:00
2,31,4,1,9,4,2019-12-25 22:34:03-08:00
0,2,0,0,1,0,2020-01-21 18:44:29-08:00
4,70,6,2,13,9,2020-01-22 15:56:45-08:00
0,2,0,0,0,1,2020-01-29 13:01:21-08:00
0,0,0,0,0,0,2020-01-30 13:27:55-08:00
0,1,0,0,1,0,2020-02-07 12:10:30-08:00
1,12,0,1,2,2,2020-02-11 20:40:44-08:00
0,0,0,0,0,0,2020-02-12 14:33:31-08:00
0,2,0,0,1,0,2020-03-02 11:52:22-08:00
0,2,0,0,0,0,2020-03-11 15:19:46-07:00
0,2,0,0,0,0,2020-03-17 16:31:04-07:00
0,1,0,1,1,1,2020-04-03 10:39:18-07:00
0,2,0,0,1,1,2020-04-13 17:14:23-07:00
0,0,0,0,0,0,2020-04-16 09:17:31-07:00
0,2,1,0,0,2,2020-04-21 08:55:46-07:00
0,1,0,0,0,1,2020-04-21 13:12:20-07:00
1,3,0,0,0,0,2020-04-27 10:03:38-07:00
0,1,0,0,0,0,2020-04-30 19:12:45-07:00
0,2,1,0,0,0,2020-05-04 17:33:38-07:00
0,2,0,1,1,1,2020-05-07 14:00:48-07:00
0,1,0,0,0,0,2020-05-07 16:06:40-07:00
0,1,0,0,0,0,2020-05-11 12:04:58-07:00
0,2,1,0,0,0,2020-05-14 16:35:11-07:00
0,1,0,0,0,0,2020-05-15 11:56:19-07:00
0,1,0,0,0,0,2020-05-15 13:30:24-07:00
0,2,2,0,1,0,2020-05-28 09:48:21-07:00
0,2,0,0,1,0,2020-05-28 12:33:44-07:00
0,2,2,0,1,0,2020-06-01 10:04:37-07:00
4,70,7,2,13,9,2020-06-03 11:26:26-07:00
0,1,0,0,0,1,2020-06-05 11:50:35-07:00
0,0,0,0,0,0,2020-06-08 09:37:08-07:00
0,1,0,0,0,1,2020-06-08 16:55:10-07:00
0,2,3,0,2,0,2020-06-15 10:18:17-07:00
0,1,0,1,1,1,2020-06-23 16:30:17-07:00
0,1,0,0,0,0,2020-06-26 18:52:13-07:00
1,1,0,0,0,0,2020-06-29 08:25:15-07:00
0,1,0,0,0,0,2020-07-07 12:26:07-07:00
0,0,0,0,0,0,2020-07-07 17:06:29-07:00
1,1,0,0,0,0,2020-07-11 06:27:49-07:00
0,2,0,0,0,1,2020-07-14 12:37:57-07:00
0,1,0,0,0,0,2020-07-16 09:22:04-07:00
0,1,0,0,0,0,2020-07-21 17:59:20-07:00
0,1,0,0,0,0,2020-07-22 16:48:30-07:00
0,1,0,1,1,1,2020-08-10 21:22:29-07:00
0,1,0,1,1,1,2020-08-21 14:13:31-07:00
0,3,0,0,0,0,2020-08-28 01:39:05-07:00
0,0,0,0,0,0,2020-09-01 23:14:09-07:00
0,3,0,0,2,0,2020-09-08 10:19:10-07:00
0,1,0,1,1,1,2020-09-29 10:56:59-07:00
0,0,0,0,0,0,2020-10-01 18:07:25-07:00
0,0,0,0,0,0,2020-10-23 16:32:05-07:00
1,4,0,1,1,1,2020-10-26 12:57:54-07:00
0,1,0,0,0,0,2020-10-27 18:38:21-07:00
0,1,0,0,0,0,2020-11-02 10:24:57-08:00
0,2,0,0,0,0,2020-11-02 11:23:54-08:00
1,1,0,0,0,0,2020-11-10 08:44:40-08:00
0,0,0,0,0,0,2020-11-13 17:18:57-08:00
1,4,0,1,1,1,2020-11-18 19:33:27-08:00
0,1,0,0,0,0,2020-11-21 20:29:11-08:00
1,1,0,1,1,1,2020-11-24 09:32:51-08:00
0,0,0,0,1,0,2020-11-24 15:31:02-08:00
0,1,0,0,0,0,2020-12-08 11:09:02-08:00
0,1,0,0,0,0,2020-12-10 22:32:02-08:00
0,3,0,0,0,0,2020-12-17 17:50:27-08:00
0,1,0,0,0,0,2020-12-23 17:20:50-08:00
5,76,10,2,14,11,2021-01-19 16:38:12-08:00
0,1,0,0,0,0,2021-01-27 10:29:29-08:00
0,1,1,0,0,0,2021-01-29 15:55:30-08:00
1,1,0,0,0,0,2021-01-29 16:47:15-08:00
0,1,0,0,0,0,2021-02-04 12:50:05-08:00
0,1,0,0,0,1,2021-02-11 15:55:39-08:00
1,1,0,0,0,0,2021-02-12 19:51:13-08:00
0,1,0,0,0,0,2021-03-02 19:50:40-08:00
0,0,0,0,0,0,2021-03-03 14:50:44-08:00
0,1,0,0,0,0,2021-03-17 13:37:36-07:00
0,2,0,0,0,1,2021-03-18 14:09:47-07:00
0,2,0,0,0,1,2021-03-19 11:17:07-07:00
0,1,1,0,0,0,2021-04-04 17:00:14-07:00
0,2,0,1,1,1,2021-04-28 13:25:15-07:00
0,3,0,0,0,0,2021-05-27 11:11:39-07:00
0,1,0,0,0,0,2021-05-27 11:56:15-07:00
0,1,0,0,0,0,2021-06-17 21:05:02-07:00
0,1,0,0,0,0,2021-06-23 10:21:17-07:00
0,2,0,0,0,0,2021-07-01 16:12:03-07:00
0,3,0,0,0,0,2021-07-16 11:16:02-07:00
1,1,0,0,0,0,2021-08-25 01:11:34-07:00
