Acquisition,Preparation,Modeling,Training,Evaluation,Prediction,time
0,0,0,0,0,0,2018-04-16 12:39:50+08:00
0,0,0,0,0,0,2018-04-16 12:40:33+08:00
0,0,0,0,0,0,2018-04-16 08:14:06-05:00
0,0,0,0,0,0,2018-04-18 17:19:55+08:00
0,0,0,0,0,0,2018-04-18 17:21:17+08:00
0,0,0,0,0,0,2018-04-18 17:24:21+08:00
0,0,0,0,0,0,2018-04-18 17:44:59+08:00
0,0,0,0,0,0,2018-04-18 19:01:36+08:00
0,0,0,0,0,0,2018-04-18 19:05:20+08:00
0,0,0,0,0,0,2018-04-18 19:34:00+08:00
0,0,0,0,0,0,2018-04-18 19:34:44+08:00
0,0,0,0,0,0,2018-04-18 21:54:05+08:00
0,0,0,0,0,0,2018-04-19 08:28:13+08:00
0,0,0,0,0,0,2018-04-19 12:20:00+08:00
0,0,0,0,0,0,2018-04-19 12:25:06+08:00
0,0,0,0,0,0,2018-04-19 12:25:46+08:00
0,0,0,0,0,0,2018-04-19 12:26:33+08:00
0,0,0,0,0,0,2018-04-19 12:27:11+08:00
0,0,0,0,0,0,2018-04-19 12:27:46+08:00
0,0,0,0,0,0,2018-04-19 12:28:21+08:00
0,0,0,0,0,0,2018-04-19 12:29:46+08:00
0,0,0,0,0,0,2018-04-19 12:30:38+08:00
0,0,0,0,0,0,2018-04-19 12:31:24+08:00
0,0,0,0,0,0,2018-04-19 12:32:11+08:00
0,0,0,0,0,0,2018-04-19 12:33:18+08:00
0,0,0,0,0,0,2018-04-19 14:56:20+08:00
0,0,0,0,0,0,2018-04-19 14:56:34+08:00
0,0,0,0,0,0,2018-04-19 14:56:45+08:00
0,0,0,0,0,0,2018-04-19 14:56:53+08:00
0,0,0,0,0,0,2018-04-19 14:57:02+08:00
0,0,0,0,0,0,2018-04-19 14:57:12+08:00
0,0,0,0,0,0,2018-04-19 14:57:20+08:00
0,0,0,0,0,0,2018-04-19 14:57:29+08:00
0,0,0,0,0,0,2018-04-19 14:57:39+08:00
0,0,0,0,0,0,2018-04-19 14:57:48+08:00
0,0,0,0,0,0,2018-04-19 14:57:58+08:00
0,0,0,0,0,0,2018-04-19 14:58:19+08:00
0,0,0,0,0,0,2018-04-19 15:03:05+08:00
0,0,0,0,0,0,2018-04-19 15:04:36+08:00
0,0,0,0,0,0,2018-04-19 15:08:52+08:00
0,0,0,0,0,0,2018-04-19 15:09:33+08:00
0,0,0,0,0,0,2018-04-19 15:11:13+08:00
0,0,0,0,0,0,2018-04-19 15:11:57+08:00
0,0,0,0,0,0,2018-04-19 15:16:26+08:00
0,0,0,0,0,0,2018-04-19 15:22:56+08:00
0,0,0,0,0,0,2018-04-19 15:31:51+08:00
0,0,0,0,0,0,2018-04-19 15:34:41+08:00
0,0,0,0,0,0,2018-04-19 15:35:34+08:00
0,0,0,0,0,0,2018-04-19 15:36:16+08:00
0,0,0,0,0,0,2018-04-19 15:37:15+08:00
0,0,0,0,0,0,2018-04-19 15:37:52+08:00
0,0,0,0,0,0,2018-04-19 15:38:51+08:00
0,0,0,0,0,0,2018-04-19 15:39:47+08:00
0,0,0,0,0,0,2018-04-19 15:40:47+08:00
0,0,0,0,0,0,2018-04-19 15:41:30+08:00
0,0,0,0,0,0,2018-04-19 15:42:04+08:00
0,0,0,0,0,0,2018-04-19 15:42:50+08:00
0,0,0,0,0,0,2018-04-19 15:43:41+08:00
0,0,0,0,0,0,2018-04-19 15:44:14+08:00
0,0,0,0,0,0,2018-04-19 15:44:49+08:00
0,0,0,0,0,0,2018-04-19 15:45:25+08:00
0,0,0,0,0,0,2018-04-19 15:46:17+08:00
0,0,0,0,0,0,2018-04-19 15:47:53+08:00
0,0,0,0,0,0,2018-04-19 15:48:38+08:00
0,0,0,0,0,0,2018-04-19 15:53:12+08:00
0,0,0,0,0,0,2018-04-19 15:55:41+08:00
0,0,0,0,0,0,2018-04-19 15:57:48+08:00
0,0,0,0,0,0,2018-04-19 16:01:39+08:00
0,0,0,0,0,0,2018-04-19 18:22:46+08:00
0,0,0,0,0,0,2018-04-19 18:26:26+08:00
0,0,0,0,0,0,2018-04-19 18:30:10+08:00
0,0,0,0,0,0,2018-04-19 18:31:58+08:00
0,0,0,0,0,0,2018-04-19 18:36:11+08:00
0,0,0,0,0,0,2018-04-19 18:38:28+08:00
0,0,0,0,0,0,2018-04-19 18:42:41+08:00
0,0,0,0,0,0,2018-04-19 18:48:42+08:00
0,0,0,0,0,0,2018-04-19 19:08:14+08:00
0,0,0,0,0,0,2018-04-19 19:11:03+08:00
0,0,0,0,0,0,2018-04-19 19:13:21+08:00
0,0,0,0,0,0,2018-04-19 19:15:50+08:00
0,0,0,0,0,0,2018-04-19 19:18:02+08:00
0,0,0,0,0,0,2018-04-19 19:19:50+08:00
0,0,0,0,0,0,2018-04-19 19:21:47+08:00
0,0,0,0,0,0,2018-04-19 19:23:22+08:00
0,0,0,0,0,0,2018-04-19 19:24:51+08:00
0,0,0,0,0,0,2018-04-19 19:26:25+08:00
0,0,0,0,0,0,2018-04-19 19:28:45+08:00
0,0,0,0,0,0,2018-04-19 19:30:55+08:00
0,0,0,0,0,0,2018-04-19 19:34:07+08:00
0,0,0,0,0,0,2018-04-19 19:36:09+08:00
0,0,0,0,0,0,2018-04-19 19:38:17+08:00
0,0,0,0,0,0,2018-04-19 19:39:50+08:00
0,0,0,0,0,0,2018-04-19 19:41:56+08:00
0,0,0,0,0,0,2018-04-19 19:43:36+08:00
0,0,0,0,0,0,2018-04-19 19:54:23+08:00
0,0,0,0,0,0,2018-04-20 08:08:59+08:00
0,0,0,0,0,0,2018-04-20 08:10:56+08:00
0,0,0,0,0,0,2018-04-20 08:12:41+08:00
0,0,0,0,0,0,2018-04-20 08:14:24+08:00
0,0,0,0,0,0,2018-04-20 08:17:21+08:00
0,0,0,0,0,0,2018-04-20 08:27:49+08:00
0,0,0,0,0,0,2018-04-20 08:32:30+08:00
0,0,0,0,0,0,2018-04-20 08:34:28+08:00
0,0,0,0,0,0,2018-04-20 08:37:37+08:00
0,0,0,0,0,0,2018-04-20 08:39:40+08:00
0,0,0,0,0,0,2018-04-20 08:41:31+08:00
0,0,0,0,0,0,2018-04-20 08:42:48+08:00
0,0,0,0,0,0,2018-04-20 16:58:12+08:00
0,0,0,0,0,0,2018-04-20 16:58:46+08:00
0,0,0,0,0,0,2018-04-20 21:59:41+08:00
0,0,0,0,0,0,2018-04-20 22:04:13+08:00
0,0,0,0,0,0,2018-04-20 22:07:04+08:00
0,0,0,0,0,0,2018-04-20 22:22:01+08:00
0,0,0,0,0,0,2018-04-20 22:23:26+08:00
0,0,0,0,0,0,2018-04-20 22:24:59+08:00
0,0,0,0,0,0,2018-04-20 22:26:16+08:00
0,0,0,0,0,0,2018-04-20 22:32:07+08:00
0,0,0,0,0,0,2018-04-20 22:34:05+08:00
0,0,0,0,0,0,2018-04-20 22:36:02+08:00
0,0,0,0,0,0,2018-04-20 22:36:41+08:00
0,0,0,0,0,0,2018-04-20 22:36:54+08:00
0,0,0,0,0,0,2018-04-20 22:37:12+08:00
0,0,0,0,0,0,2018-04-20 22:37:35+08:00
0,0,0,0,0,0,2018-04-20 22:37:56+08:00
0,0,0,0,0,0,2018-04-20 22:38:10+08:00
0,0,0,0,0,0,2018-04-20 22:38:29+08:00
0,0,0,0,0,0,2018-04-20 22:38:43+08:00
0,0,0,0,0,0,2018-04-20 22:38:57+08:00
0,0,0,0,0,0,2018-04-20 22:39:09+08:00
0,0,0,0,0,0,2018-04-20 22:39:22+08:00
0,0,0,0,0,0,2018-04-20 22:39:35+08:00
0,0,0,0,0,0,2018-04-20 22:39:48+08:00
0,0,0,0,0,0,2018-04-20 22:39:58+08:00
0,0,0,0,0,0,2018-04-20 22:40:12+08:00
0,0,0,0,0,0,2018-04-20 22:40:23+08:00
0,0,0,0,0,0,2018-04-20 22:40:34+08:00
0,0,0,0,0,0,2018-04-20 22:40:44+08:00
0,0,0,0,0,0,2018-04-20 22:40:54+08:00
0,0,0,0,0,0,2018-04-20 22:41:05+08:00
0,0,0,0,0,0,2018-04-20 22:41:16+08:00
0,0,0,0,0,0,2018-04-20 22:41:25+08:00
0,0,0,0,0,0,2018-04-20 22:41:35+08:00
0,0,0,0,0,0,2018-04-20 22:41:46+08:00
0,0,0,0,0,0,2018-04-20 22:41:55+08:00
0,0,0,0,0,0,2018-04-20 22:42:11+08:00
0,0,0,0,0,0,2018-04-20 22:42:29+08:00
0,0,0,0,0,0,2018-04-20 22:42:41+08:00
0,0,0,0,0,0,2018-04-20 22:42:54+08:00
0,0,0,0,0,0,2018-04-20 22:43:08+08:00
0,0,0,0,0,0,2018-04-20 22:43:20+08:00
0,0,0,0,0,0,2018-04-20 22:43:32+08:00
0,0,0,0,0,0,2018-04-20 22:43:41+08:00
0,0,0,0,0,0,2018-04-20 22:43:56+08:00
0,0,0,0,0,0,2018-04-20 22:44:09+08:00
0,0,0,0,0,0,2018-04-20 22:44:19+08:00
0,0,0,0,0,0,2018-04-20 22:44:28+08:00
0,0,0,0,0,0,2018-04-20 22:44:43+08:00
0,0,0,0,0,0,2018-04-20 22:44:54+08:00
0,0,0,0,0,0,2018-04-20 22:45:11+08:00
0,0,0,0,0,0,2018-04-20 22:45:20+08:00
0,0,0,0,0,0,2018-04-20 22:45:30+08:00
0,0,0,0,0,0,2018-04-20 22:45:39+08:00
0,0,0,0,0,0,2018-04-20 22:45:51+08:00
0,0,0,0,0,0,2018-04-20 22:46:01+08:00
0,0,0,0,0,0,2018-04-20 22:46:11+08:00
0,0,0,0,0,0,2018-04-20 22:46:24+08:00
0,0,0,0,0,0,2018-04-20 22:46:36+08:00
0,0,0,0,0,0,2018-04-20 22:46:50+08:00
0,0,0,0,0,0,2018-04-20 22:46:59+08:00
0,0,0,0,0,0,2018-04-20 22:47:08+08:00
0,0,0,0,0,0,2018-04-20 22:47:19+08:00
0,0,0,0,0,0,2018-04-20 22:47:29+08:00
0,0,0,0,0,0,2018-04-20 22:47:46+08:00
0,0,0,0,0,0,2018-04-20 22:47:54+08:00
0,0,0,0,0,0,2018-04-20 22:48:13+08:00
0,0,0,0,0,0,2018-04-20 22:48:27+08:00
0,0,0,0,0,0,2018-04-20 22:48:42+08:00
0,0,0,0,0,0,2018-04-21 14:40:57+08:00
0,0,0,0,0,0,2018-04-21 14:42:24+08:00
0,0,0,0,0,0,2018-04-21 14:44:48+08:00
0,0,0,0,0,0,2018-04-21 14:45:24+08:00
0,0,0,0,0,0,2018-04-21 14:47:35+08:00
0,0,0,0,0,0,2018-04-21 14:53:36+08:00
0,0,0,0,0,0,2018-04-21 15:04:48+08:00
0,0,0,0,0,0,2018-04-21 15:08:33+08:00
0,0,0,0,0,0,2018-04-21 15:19:57+08:00
82,184,74,0,7,0,2018-04-21 15:21:19+08:00
82,184,74,0,7,0,2018-04-24 22:11:55+08:00
0,0,0,0,0,0,2018-04-24 22:12:13+08:00
0,0,0,0,0,0,2018-04-24 22:20:00+08:00
0,0,0,0,0,0,2018-04-24 22:21:43+08:00
82,184,74,0,7,0,2018-04-24 22:38:31+08:00
0,0,0,0,0,0,2018-04-24 22:39:55+08:00
0,0,0,0,0,0,2018-04-28 14:03:50+08:00
0,0,0,0,0,0,2018-07-18 11:46:22+08:00
0,0,0,0,0,0,2018-07-18 11:57:06+08:00
0,0,0,0,0,0,2018-07-18 12:32:47+08:00
0,0,0,0,0,0,2018-07-20 15:35:20+08:00
0,0,0,0,0,0,2018-07-20 15:41:57+08:00
0,0,0,0,0,0,2018-07-27 19:54:57+08:00
0,0,0,0,0,0,2018-07-27 20:05:29+08:00
0,0,0,0,0,0,2018-07-27 20:10:58+08:00
0,0,0,0,0,0,2018-07-27 20:12:47+08:00
0,0,0,0,0,0,2018-07-27 20:17:12+08:00
0,0,0,0,0,0,2018-07-27 20:29:48+08:00
0,0,0,0,0,0,2018-07-27 20:34:42+08:00
0,0,0,0,0,0,2018-07-28 08:58:13+08:00
0,0,0,0,0,0,2018-07-28 09:03:09+08:00
0,0,0,0,0,0,2018-07-28 09:05:19+08:00
0,0,0,0,0,0,2018-07-28 17:44:30+08:00
0,0,0,0,0,0,2018-07-30 10:33:39+08:00
0,0,0,0,0,0,2018-07-30 12:42:25+08:00
0,0,0,0,0,0,2018-07-30 12:43:53+08:00
0,0,0,0,0,0,2018-07-30 19:01:08+08:00
0,0,0,0,0,0,2018-07-30 19:43:14+08:00
0,0,0,0,0,0,2018-07-30 19:48:19+08:00
0,0,0,0,0,0,2018-07-30 19:50:10+08:00
0,0,0,0,0,0,2018-07-30 19:50:46+08:00
0,0,0,0,0,0,2018-07-31 12:11:55+08:00
0,0,0,0,0,0,2018-07-31 12:18:00+08:00
0,0,0,0,0,0,2018-07-31 14:38:10+08:00
0,0,0,0,0,0,2018-07-31 15:24:05+08:00
0,0,0,0,0,0,2018-08-01 09:47:17+08:00
0,0,0,0,0,0,2018-08-01 16:10:38+08:00
0,0,0,0,0,0,2018-08-01 18:16:49+08:00
0,0,0,0,0,0,2018-08-01 18:17:49+08:00
0,0,0,0,0,0,2018-08-01 21:26:11+08:00
0,0,0,0,0,0,2018-08-01 21:31:49+08:00
0,0,0,0,0,0,2018-08-02 17:28:59+08:00
0,0,0,0,0,0,2018-08-02 17:30:10+08:00
2,1,1,0,0,0,2018-08-03 10:41:25+08:00
0,0,0,0,0,0,2018-08-03 10:41:42+08:00
1,0,0,0,0,0,2018-08-03 11:24:04+08:00
0,0,0,0,0,0,2018-08-03 11:35:15+08:00
0,0,0,0,0,0,2018-08-03 11:36:35+08:00
0,0,0,0,0,0,2018-08-03 11:42:08+08:00
0,0,0,0,0,0,2018-08-03 11:43:19+08:00
1,0,0,0,0,0,2018-08-03 16:43:59+08:00
0,0,0,0,0,0,2018-08-03 16:44:32+08:00
0,0,0,0,0,0,2018-08-04 09:10:36+08:00
0,0,0,0,0,0,2018-08-04 09:37:31+08:00
0,0,0,0,0,0,2018-08-04 09:42:09+08:00
0,0,0,0,0,0,2018-08-25 11:00:44+08:00
0,0,0,0,0,0,2018-08-25 11:04:43+08:00
0,0,0,0,0,0,2018-08-25 11:05:33+08:00
0,0,0,0,0,0,2018-08-25 11:06:44+08:00
0,0,0,0,0,0,2018-08-25 11:17:57+08:00
0,0,0,0,0,0,2018-08-25 11:20:43+08:00
0,0,0,0,0,0,2018-08-25 11:22:54+08:00
0,0,0,0,0,0,2018-08-25 11:23:47+08:00
0,0,0,0,0,0,2018-08-25 11:25:45+08:00
0,0,0,0,0,0,2018-08-25 11:26:31+08:00
0,0,0,0,0,0,2018-08-25 11:28:01+08:00
0,0,0,0,0,0,2018-08-25 11:29:00+08:00
0,0,0,0,0,0,2018-08-25 11:32:08+08:00
0,0,0,0,0,0,2018-09-25 12:25:21+08:00
0,0,0,0,0,0,2018-09-25 14:38:16+08:00
0,0,0,0,0,0,2018-09-25 14:40:38+08:00
0,0,0,0,0,0,2018-09-25 14:52:11+08:00
0,0,0,0,0,0,2018-11-03 08:31:11+08:00
0,0,0,0,0,0,2018-11-03 08:33:16+08:00
0,0,0,0,0,0,2018-11-03 08:37:40+08:00
0,0,0,0,0,0,2018-11-03 10:09:19+08:00
0,0,0,0,0,0,2018-11-03 10:09:48+08:00
0,0,0,0,0,0,2018-11-03 10:10:41+08:00
0,0,0,0,0,0,2018-11-04 09:17:44+08:00
0,0,0,0,0,0,2018-11-04 09:34:06+08:00
0,1,0,0,0,0,2018-11-04 09:36:48+08:00
0,0,0,0,0,0,2018-11-04 09:53:40+08:00
0,0,0,0,0,0,2018-11-04 09:55:12+08:00
0,0,0,0,0,0,2018-11-04 09:58:57+08:00
0,0,0,0,0,0,2018-11-04 10:06:18+08:00
0,0,0,0,0,0,2018-11-04 10:06:18+08:00
0,0,0,0,0,0,2018-11-04 10:07:00+08:00
0,0,0,0,0,0,2018-11-04 10:07:01+08:00
0,0,0,0,0,0,2018-11-04 10:07:50+08:00
0,0,0,0,0,0,2018-11-04 10:08:39+08:00
0,0,0,0,0,0,2018-11-04 10:08:41+08:00
0,0,0,0,0,0,2018-11-04 10:08:59+08:00
0,0,0,0,0,0,2018-11-04 10:10:03+08:00
0,0,0,0,0,0,2018-11-04 10:10:16+08:00
0,0,0,0,0,0,2018-11-04 10:11:11+08:00
0,0,0,0,0,0,2018-11-04 10:11:18+08:00
0,0,0,0,0,0,2018-11-04 10:12:34+08:00
0,0,0,0,0,0,2018-11-04 10:12:48+08:00
0,0,0,0,0,0,2018-11-04 10:13:52+08:00
0,0,0,0,0,0,2018-11-04 10:14:05+08:00
0,0,0,0,0,0,2018-11-04 10:14:24+08:00
0,0,0,0,0,0,2018-11-04 10:14:54+08:00
0,0,0,0,0,0,2018-11-04 10:16:32+08:00
0,0,0,0,0,0,2018-11-04 10:17:14+08:00
0,0,0,0,0,0,2018-11-04 10:20:34+08:00
0,0,0,0,0,0,2018-11-04 10:21:05+08:00
0,0,0,0,0,0,2018-11-04 10:22:18+08:00
0,0,0,0,0,0,2018-11-04 10:22:45+08:00
0,0,0,0,0,0,2018-11-04 10:22:46+08:00
0,0,0,0,0,0,2018-11-04 10:23:00+08:00
0,0,0,0,0,0,2018-11-04 10:23:11+08:00
0,0,0,0,0,0,2018-11-04 10:23:24+08:00
0,0,0,0,0,0,2018-11-04 10:23:58+08:00
0,0,0,0,0,0,2018-11-04 10:24:12+08:00
0,0,0,0,0,0,2018-11-04 10:24:28+08:00
0,0,0,0,0,0,2018-11-04 10:24:41+08:00
0,0,0,0,0,0,2018-11-04 10:24:58+08:00
0,0,0,0,0,0,2018-11-03 21:25:05-05:00
0,0,0,0,0,0,2018-11-04 10:25:12+08:00
0,0,0,0,0,0,2018-11-04 10:25:25+08:00
0,0,0,0,0,0,2018-11-04 10:26:37+08:00
0,0,0,0,0,0,2018-11-04 10:26:49+08:00
0,0,0,0,0,0,2018-11-04 10:27:06+08:00
0,0,0,0,0,0,2018-11-04 10:27:26+08:00
0,0,0,0,0,0,2018-11-04 10:27:52+08:00
0,0,0,0,0,0,2018-11-04 10:27:59+08:00
0,0,0,0,0,0,2018-11-04 10:28:09+08:00
0,0,0,0,0,0,2018-11-04 10:28:16+08:00
0,0,0,0,0,0,2018-11-04 10:28:23+08:00
0,0,0,0,0,0,2018-11-04 10:29:16+08:00
0,0,0,0,0,0,2018-11-04 10:29:26+08:00
0,0,0,0,0,0,2018-11-04 10:29:44+08:00
0,0,0,0,0,0,2018-11-04 10:29:44+08:00
0,0,0,0,0,0,2018-11-04 10:30:10+08:00
0,0,0,0,0,0,2018-11-04 10:30:32+08:00
0,0,0,0,0,0,2018-11-04 10:30:45+08:00
0,0,0,0,0,0,2018-11-04 10:30:47+08:00
0,0,0,0,0,0,2018-11-04 10:30:56+08:00
0,0,0,0,0,0,2018-11-04 10:31:19+08:00
0,0,0,0,0,0,2018-11-04 10:31:35+08:00
0,0,0,0,0,0,2018-11-04 10:31:39+08:00
0,0,0,0,0,0,2018-11-04 10:31:54+08:00
0,0,0,0,0,0,2018-11-04 10:32:14+08:00
0,0,0,0,0,0,2018-11-04 10:32:30+08:00
1,0,0,0,0,0,2018-11-03 21:33:34-05:00
0,0,0,0,0,0,2018-11-04 10:34:06+08:00
0,0,0,0,0,0,2018-11-03 21:34:18-05:00
0,0,0,0,0,0,2018-11-04 10:36:22+08:00
0,0,0,0,0,0,2018-11-04 10:36:41+08:00
0,0,0,0,0,0,2018-11-04 10:37:27+08:00
0,0,0,0,0,0,2018-11-04 10:37:37+08:00
0,0,0,0,0,0,2018-11-04 10:37:47+08:00
0,0,0,0,0,0,2018-11-04 10:38:05+08:00
0,0,0,0,0,0,2018-11-04 10:38:10+08:00
0,0,0,0,0,0,2018-11-04 10:38:26+08:00
1,0,0,0,0,0,2018-11-03 21:39:23-05:00
0,0,0,0,0,0,2018-11-04 10:39:55+08:00
0,0,0,0,0,0,2018-11-04 10:40:07+08:00
0,0,0,0,0,0,2018-11-04 10:41:08+08:00
0,0,0,0,0,0,2018-11-03 21:41:20-05:00
0,0,0,0,0,0,2018-11-03 21:42:05-05:00
0,0,0,0,0,0,2018-11-04 10:42:47+08:00
0,0,0,0,0,0,2018-11-04 10:43:00+08:00
0,0,0,0,0,0,2018-11-04 10:43:28+08:00
0,0,0,0,0,0,2018-11-03 21:45:22-05:00
0,0,0,0,0,0,2018-11-03 21:45:43-05:00
0,0,0,0,0,0,2018-11-04 10:46:26+08:00
0,0,0,0,0,0,2018-11-04 10:47:14+08:00
0,0,0,0,0,0,2018-11-04 10:47:42+08:00
0,0,0,0,0,0,2018-11-04 10:47:55+08:00
0,0,0,0,0,0,2018-11-04 10:48:26+08:00
0,0,0,0,0,0,2018-11-04 10:48:43+08:00
0,0,0,0,0,0,2018-11-04 10:49:42+08:00
0,0,0,0,0,0,2018-11-04 10:50:19+08:00
0,0,0,0,0,0,2018-11-04 10:50:52+08:00
0,0,0,0,0,0,2018-11-04 10:51:30+08:00
0,0,0,0,0,0,2018-11-04 10:51:47+08:00
0,0,0,0,0,0,2018-11-04 10:51:59+08:00
0,0,0,0,0,0,2018-11-04 10:52:10+08:00
0,0,0,0,0,0,2018-11-04 10:52:27+08:00
0,0,0,0,0,0,2018-11-04 10:52:43+08:00
0,0,0,0,0,0,2018-11-04 10:53:11+08:00
0,0,0,0,0,0,2018-11-04 10:53:29+08:00
0,0,0,0,0,0,2018-11-04 10:53:41+08:00
0,0,0,0,0,0,2018-11-04 10:54:35+08:00
0,0,0,0,0,0,2018-11-04 10:54:49+08:00
0,0,0,0,0,0,2018-11-04 10:55:01+08:00
0,0,0,0,0,0,2018-11-04 10:55:16+08:00
0,0,0,0,0,0,2018-11-04 10:55:27+08:00
0,0,0,0,0,0,2018-11-04 10:55:42+08:00
0,0,0,0,0,0,2018-11-04 10:55:55+08:00
0,0,0,0,0,0,2018-11-04 10:56:10+08:00
0,0,0,0,0,0,2018-11-04 10:56:23+08:00
0,0,0,0,0,0,2018-11-04 10:56:32+08:00
0,0,0,0,0,0,2018-11-04 10:56:43+08:00
0,0,0,0,0,0,2018-11-04 10:56:55+08:00
0,0,0,0,0,0,2018-11-04 10:57:04+08:00
0,0,0,0,0,0,2018-11-04 10:57:14+08:00
0,0,0,0,0,0,2018-11-04 10:58:23+08:00
0,0,0,0,0,0,2018-11-04 11:00:18+08:00
0,0,0,0,0,0,2018-11-04 11:00:38+08:00
0,0,0,0,0,0,2018-11-04 11:01:10+08:00
0,0,0,0,0,0,2018-11-04 11:01:36+08:00
0,0,0,0,0,0,2018-11-04 11:01:45+08:00
0,0,0,0,0,0,2018-11-04 11:02:00+08:00
0,0,0,0,0,0,2018-11-04 11:02:19+08:00
0,0,0,0,0,0,2018-11-04 11:02:32+08:00
0,0,0,0,0,0,2018-11-04 11:02:42+08:00
0,0,0,0,0,0,2018-11-04 11:02:47+08:00
0,0,0,0,0,0,2018-11-04 11:03:02+08:00
0,0,0,0,0,0,2018-11-04 11:03:22+08:00
0,0,0,0,0,0,2018-11-04 11:04:00+08:00
0,0,0,0,0,0,2018-11-04 11:04:07+08:00
0,0,0,0,0,0,2018-11-04 11:04:10+08:00
0,0,0,0,0,0,2018-11-04 11:04:19+08:00
0,0,0,0,0,0,2018-11-04 11:04:28+08:00
0,0,0,0,0,0,2018-11-04 11:05:20+08:00
0,0,0,0,0,0,2018-11-04 11:06:34+08:00
0,0,0,0,0,0,2018-11-04 11:07:10+08:00
0,0,0,0,0,0,2018-11-04 11:08:53+08:00
0,0,0,0,0,0,2018-11-04 11:15:38+08:00
0,0,0,0,0,0,2018-11-04 11:15:47+08:00
0,0,0,0,0,0,2018-11-04 11:17:10+08:00
0,0,0,0,0,0,2018-11-04 11:17:50+08:00
0,0,0,0,0,0,2018-11-04 11:18:46+08:00
0,0,0,0,0,0,2018-11-04 11:19:50+08:00
0,0,0,0,0,0,2018-11-04 11:22:05+08:00
0,0,0,0,0,0,2018-11-04 11:23:08+08:00
0,0,0,0,0,0,2018-11-04 11:23:21+08:00
0,0,0,0,0,0,2018-11-04 11:23:35+08:00
0,0,0,0,0,0,2018-11-04 11:23:51+08:00
0,0,0,0,0,0,2018-11-04 11:24:08+08:00
0,0,0,0,0,0,2018-11-04 11:24:24+08:00
0,0,0,0,0,0,2018-11-04 12:56:22+08:00
0,0,0,0,0,0,2018-11-04 12:58:09+08:00
0,0,0,0,0,0,2018-11-04 13:00:04+08:00
1,1,0,0,0,0,2018-11-05 19:05:28+08:00
0,0,0,0,0,0,2018-11-05 19:05:54+08:00
1,1,0,0,0,0,2018-11-05 19:34:49+08:00
0,0,0,0,0,0,2018-11-05 19:35:17+08:00
0,0,0,0,0,0,2018-11-05 19:43:13+08:00
0,0,0,0,0,0,2018-11-05 23:11:49+08:00
1,1,1,0,0,0,2018-11-05 23:22:16+08:00
0,0,0,0,0,0,2018-11-05 23:32:58+08:00
0,0,0,0,0,0,2018-11-05 23:33:29+08:00
1,1,0,0,0,0,2018-11-06 08:10:57+08:00
0,0,0,0,0,0,2018-11-06 13:14:44+08:00
0,0,0,0,0,0,2018-11-06 15:51:06+08:00
0,0,0,0,0,0,2018-11-06 15:52:43+08:00
0,0,0,0,0,0,2018-11-06 15:54:13+08:00
0,0,0,0,0,0,2018-11-06 15:55:26+08:00
0,0,0,0,0,0,2018-11-06 15:56:35+08:00
0,0,0,0,0,0,2018-11-06 15:58:40+08:00
0,0,0,0,0,0,2018-11-06 16:00:14+08:00
0,0,0,0,0,0,2018-11-06 17:06:59+08:00
0,0,0,0,0,0,2018-11-06 17:18:52+08:00
0,0,0,0,0,0,2019-08-25 09:54:38+08:00
0,0,0,0,0,0,2019-08-28 14:51:13+08:00
0,0,0,0,0,0,2019-08-28 14:55:45+08:00
0,0,0,0,0,0,2019-08-28 14:56:47+08:00
0,0,0,0,0,0,2019-08-28 14:58:46+08:00
0,0,0,0,0,0,2019-08-28 14:58:47+08:00
0,0,0,0,0,0,2019-08-28 15:00:44+08:00
0,0,0,0,0,0,2019-08-28 15:01:20+08:00
0,0,0,0,0,0,2019-08-28 15:05:14+08:00
0,0,0,0,0,0,2019-08-28 15:05:15+08:00
0,0,0,0,0,0,2019-08-28 15:07:46+08:00
0,0,0,0,0,0,2019-08-28 15:08:35+08:00
0,0,0,0,0,0,2019-08-28 15:10:06+08:00
0,0,0,0,0,0,2019-08-28 15:11:46+08:00
0,0,0,0,0,0,2019-08-28 15:12:17+08:00
0,0,0,0,0,0,2019-08-28 15:13:09+08:00
0,0,0,0,0,0,2019-08-28 15:13:27+08:00
0,0,0,0,0,0,2019-08-28 15:13:47+08:00
0,0,0,0,0,0,2019-08-28 15:15:09+08:00
0,0,0,0,0,0,2019-08-28 15:16:17+08:00
0,0,0,0,0,0,2019-08-28 15:17:01+08:00
0,0,0,0,0,0,2019-08-28 15:17:15+08:00
0,0,0,0,0,0,2019-08-28 15:17:46+08:00
0,0,0,0,0,0,2019-08-28 15:18:01+08:00
0,0,0,0,0,0,2019-08-28 15:19:18+08:00
0,0,0,0,0,0,2019-08-28 15:20:12+08:00
0,0,0,0,0,0,2019-08-28 15:20:27+08:00
0,0,0,0,0,0,2019-08-28 15:21:51+08:00
0,0,0,0,0,0,2019-08-28 15:32:05+08:00
0,0,0,0,0,0,2019-08-28 15:34:18+08:00
0,0,0,0,0,0,2019-08-28 15:34:38+08:00
0,0,0,0,0,0,2019-08-28 15:37:16+08:00
0,0,0,0,0,0,2019-08-28 15:37:45+08:00
0,0,0,0,0,0,2019-08-28 15:39:57+08:00
0,0,0,0,0,0,2019-08-28 15:40:15+08:00
0,0,0,0,0,0,2019-08-28 15:40:45+08:00
0,0,0,0,0,0,2019-08-28 15:41:00+08:00
0,0,0,0,0,0,2019-08-28 15:43:25+08:00
0,0,0,0,0,0,2019-08-28 15:44:32+08:00
0,0,0,0,0,0,2019-08-28 15:44:50+08:00
0,0,0,0,0,0,2019-08-28 15:47:35+08:00
0,0,0,0,0,0,2019-08-28 15:48:05+08:00
0,0,0,0,0,0,2019-08-28 15:48:15+08:00
0,0,0,0,0,0,2019-08-28 15:49:45+08:00
0,0,0,0,0,0,2019-08-28 15:52:07+08:00
0,0,0,0,0,0,2019-08-28 15:52:09+08:00
0,0,0,0,0,0,2019-08-28 15:52:16+08:00
0,0,0,0,0,0,2019-08-28 15:52:42+08:00
0,0,0,0,0,0,2019-08-28 15:54:29+08:00
0,0,0,0,0,0,2019-08-28 15:54:40+08:00
0,0,0,0,0,0,2019-08-28 15:59:59+08:00
0,0,0,0,0,0,2019-08-28 16:00:00+08:00
0,0,0,0,0,0,2019-08-28 16:00:07+08:00
0,0,0,0,0,0,2019-08-28 16:04:35+08:00
0,0,0,0,0,0,2019-08-28 16:04:40+08:00
0,0,0,0,0,0,2019-08-28 16:04:55+08:00
0,0,0,0,0,0,2019-08-28 16:05:26+08:00
0,0,0,0,0,0,2019-08-28 16:05:39+08:00
0,0,0,0,0,0,2019-08-28 16:06:05+08:00
0,0,0,0,0,0,2019-08-28 16:06:11+08:00
0,0,0,0,0,0,2019-08-28 16:06:24+08:00
0,0,0,0,0,0,2019-08-28 16:06:34+08:00
0,0,0,0,0,0,2019-08-28 16:06:42+08:00
0,0,0,0,0,0,2019-08-28 16:06:47+08:00
0,0,0,0,0,0,2019-08-28 16:06:55+08:00
0,0,0,0,0,0,2019-08-28 16:07:38+08:00
0,0,0,0,0,0,2019-08-28 16:07:47+08:00
0,0,0,0,0,0,2019-08-28 16:07:57+08:00
0,0,0,0,0,0,2019-08-28 16:08:03+08:00
0,0,0,0,0,0,2019-08-28 16:10:07+08:00
0,0,0,0,0,0,2019-08-28 16:10:26+08:00
0,0,0,0,0,0,2019-08-28 16:12:06+08:00
0,0,0,0,0,0,2019-08-28 16:14:25+08:00
0,0,0,0,0,0,2019-08-28 16:14:31+08:00
0,0,0,0,0,0,2019-08-28 16:15:06+08:00
0,0,0,0,0,0,2019-08-28 16:16:16+08:00
0,0,0,0,0,0,2019-08-28 16:16:20+08:00
0,0,0,0,0,0,2019-08-28 16:17:45+08:00
0,0,0,0,0,0,2019-08-28 16:18:16+08:00
0,0,0,0,0,0,2019-08-28 16:18:20+08:00
0,0,0,0,0,0,2019-08-28 16:19:14+08:00
0,0,0,0,0,0,2019-08-28 16:19:34+08:00
0,0,0,0,0,0,2019-08-28 16:20:26+08:00
0,0,0,0,0,0,2019-08-28 16:21:25+08:00
0,0,0,0,0,0,2019-08-28 16:21:53+08:00
0,0,0,0,0,0,2019-08-28 16:22:10+08:00
0,0,0,0,0,0,2019-08-28 16:23:01+08:00
0,0,0,0,0,0,2019-08-28 16:23:31+08:00
0,0,0,0,0,0,2019-08-28 16:23:53+08:00
0,0,0,0,0,0,2019-08-28 16:25:03+08:00
0,0,0,0,0,0,2019-08-28 16:25:30+08:00
0,0,0,0,0,0,2019-08-28 16:34:50+08:00
0,0,0,0,0,0,2019-08-28 16:41:57+08:00
0,0,0,0,0,0,2019-08-28 16:42:06+08:00
0,0,0,0,0,0,2019-08-28 16:42:14+08:00
0,0,0,0,0,0,2019-08-28 16:42:22+08:00
0,0,0,0,0,0,2019-08-28 16:42:36+08:00
0,0,0,0,0,0,2019-08-28 16:43:07+08:00
0,0,0,0,0,0,2019-08-28 16:43:48+08:00
0,0,0,0,0,0,2019-08-28 16:46:59+08:00
0,0,0,0,0,0,2019-08-28 16:47:06+08:00
0,0,0,0,0,0,2019-08-28 16:53:38+08:00
0,0,0,0,0,0,2019-08-28 16:57:15+08:00
0,0,0,0,0,0,2019-08-28 16:57:22+08:00
0,0,0,0,0,0,2019-08-28 16:57:35+08:00
0,0,0,0,0,0,2019-08-28 16:57:39+08:00
0,0,0,0,0,0,2019-08-28 16:58:19+08:00
0,0,0,0,0,0,2019-08-28 17:00:02+08:00
0,0,0,0,0,0,2019-08-28 21:55:06+08:00
0,0,0,0,0,0,2019-08-29 09:02:24+08:00
0,0,0,0,0,0,2019-08-29 09:11:37+08:00
58,61,7,4,2,2,2019-08-29 12:06:17+08:00
0,0,0,0,0,0,2019-08-29 13:17:38+08:00
0,0,0,0,0,0,2019-08-29 13:20:57+08:00
88,158,20,21,62,25,2020-10-30 12:43:34+08:00
17,28,16,17,22,15,2020-10-30 18:56:02+08:00
9,15,2,2,5,2,2020-10-30 19:00:43+08:00
11,11,0,0,4,0,2020-10-30 19:03:19+08:00
9,15,2,2,5,2,2020-10-30 19:08:38+08:00
0,0,0,0,0,0,2020-10-30 19:10:29+08:00
16,26,0,0,0,0,2020-10-30 19:12:25+08:00
1,8,0,0,0,0,2020-10-30 19:13:04+08:00
5,22,0,0,0,0,2020-10-30 19:13:31+08:00
0,0,0,0,0,0,2020-10-30 19:14:05+08:00
1,1,0,0,0,0,2021-01-18 22:29:33+08:00
