Acquisition,Preparation,Modeling,Training,Evaluation,Prediction,time
1,0,0,0,0,0,2018-08-27 17:44:50+09:00
1,5,0,0,0,0,2018-08-29 17:47:05+09:00
0,1,0,0,0,0,2018-08-30 08:37:16+09:00
0,0,0,0,0,0,2018-08-30 08:39:07+09:00
0,0,0,0,0,0,2018-08-30 08:48:06+09:00
0,0,0,0,0,0,2018-08-30 08:49:02+09:00
0,2,0,0,0,0,2018-08-31 08:45:26+09:00
0,1,0,0,0,0,2018-08-31 16:50:46+09:00
0,0,0,0,0,0,2018-08-31 16:51:17+09:00
0,0,0,0,0,0,2018-09-02 20:27:32+09:00
0,0,0,0,0,0,2018-09-02 20:28:21+09:00
0,1,0,0,0,0,2018-09-05 21:07:11+09:00
0,0,0,0,0,0,2018-09-05 23:51:04+09:00
5,9,3,1,2,2,2018-09-10 23:16:13+09:00
0,0,0,0,0,0,2018-09-10 23:18:49+09:00
1,3,0,1,0,0,2018-09-11 23:22:56+09:00
1,5,0,0,2,4,2018-09-12 23:24:10+09:00
0,0,0,0,0,0,2018-09-12 23:29:19+09:00
0,0,0,0,0,0,2018-09-12 23:32:21+09:00
0,0,0,0,0,0,2018-09-12 23:34:22+09:00
0,5,0,0,1,1,2018-09-13 23:29:19+09:00
0,4,0,0,0,1,2018-09-14 23:23:05+09:00
9,9,0,0,8,9,2018-09-15 15:30:48+09:00
6,6,3,3,6,6,2018-09-19 23:28:15+09:00
2,11,1,1,3,5,2018-09-25 17:52:30+09:00
8,14,0,0,7,9,2018-09-27 22:40:53+09:00
4,7,2,3,1,2,2018-09-30 22:39:26+09:00
0,0,0,0,0,0,2018-10-01 23:21:34+09:00
1,2,1,1,2,2,2018-10-15 22:48:34+09:00
9,9,5,5,6,8,2018-11-01 22:37:50+09:00
1,1,1,1,0,1,2018-11-06 20:35:28+09:00
1,1,1,1,0,1,2018-11-06 23:39:43+09:00
3,14,0,0,4,12,2018-11-07 23:30:11+09:00
0,0,0,0,0,0,2018-11-08 22:35:04+09:00
0,0,0,0,0,0,2018-11-11 15:51:06+09:00
0,0,0,0,0,0,2018-11-14 23:23:22+09:00
0,0,0,0,0,0,2018-11-16 16:14:09+09:00
43,86,13,14,36,56,2018-11-19 23:31:47+09:00
0,0,0,0,0,0,2018-11-21 21:17:11+09:00
0,0,0,0,0,0,2018-12-01 19:54:13+09:00
0,0,0,0,0,0,2018-12-07 11:22:51+09:00
0,0,0,0,0,0,2018-12-07 11:31:35+09:00
0,0,0,0,0,0,2018-12-10 23:16:24+09:00
0,0,0,0,0,0,2018-12-11 20:50:30+09:00
0,0,0,0,0,0,2018-12-14 19:57:14+09:00
0,0,0,0,0,0,2018-12-19 21:29:36+09:00
0,1,0,0,0,0,2018-12-20 22:04:41+09:00
0,0,0,0,0,0,2018-12-21 14:31:27+09:00
0,0,0,0,0,0,2018-12-21 14:38:46+09:00
0,0,0,0,0,0,2019-01-02 22:12:49+09:00
0,0,0,0,0,0,2019-01-03 21:44:27+09:00
0,0,0,0,0,0,2019-01-08 10:38:02+09:00
0,1,0,0,0,0,2019-01-08 20:37:53+09:00
1,1,2,1,0,1,2019-01-08 20:51:41+09:00
3,4,0,0,0,0,2019-01-09 21:24:17+09:00
0,0,0,0,0,0,2019-01-10 20:00:53+09:00
0,0,0,0,0,0,2019-01-10 20:02:59+09:00
0,0,0,0,0,0,2019-01-11 19:57:01+09:00
0,0,0,0,0,0,2019-01-12 18:04:59+09:00
0,0,0,0,0,0,2019-01-14 18:23:55+09:00
2,9,0,0,0,1,2019-01-15 19:43:26+09:00
4,7,0,0,2,0,2019-01-16 20:45:52+09:00
0,0,0,0,0,0,2019-01-17 23:10:26+09:00
0,0,0,0,0,0,2019-01-18 19:59:19+09:00
1,2,1,1,0,0,2019-01-18 20:02:51+09:00
0,1,0,0,0,0,2019-01-19 22:46:16+09:00
1,3,1,2,0,0,2019-01-19 22:47:10+09:00
1,1,1,1,1,1,2019-01-20 23:18:11+09:00
1,1,0,0,0,0,2019-01-21 22:57:07+09:00
2,2,0,0,1,1,2019-01-29 23:36:25+09:00
2,2,0,0,1,1,2019-01-30 18:22:02+09:00
5,31,21,27,11,17,2019-01-31 22:18:33+09:00
0,1,1,1,0,1,2019-02-01 20:17:52+09:00
0,2,0,0,0,0,2019-02-02 15:48:48+09:00
1,4,0,1,0,1,2019-02-02 21:30:25+09:00
0,1,0,0,0,0,2019-02-03 16:26:46+09:00
0,0,0,0,0,0,2019-02-04 20:58:27+09:00
0,2,0,2,2,1,2019-02-04 23:29:24+09:00
2,3,3,3,1,3,2019-02-05 22:42:30+09:00
3,11,5,7,3,7,2019-02-06 20:05:55+09:00
0,4,1,2,1,2,2019-02-07 23:33:46+09:00
2,4,4,5,1,5,2019-02-08 21:47:36+09:00
0,1,0,0,0,0,2019-02-14 22:54:26+09:00
0,1,0,0,0,0,2019-02-17 20:49:51+09:00
0,0,0,0,0,0,2019-02-23 23:18:16+09:00
0,0,0,0,0,0,2019-02-24 21:03:38+09:00
0,0,0,0,0,0,2019-02-25 23:33:38+09:00
0,0,0,0,0,0,2019-03-02 21:17:44+09:00
0,0,0,0,0,0,2019-03-02 21:21:40+09:00
0,1,0,0,0,0,2019-03-03 15:00:23+09:00
0,0,0,0,0,0,2019-03-03 23:20:37+09:00
0,1,0,0,0,0,2019-03-04 21:02:10+09:00
0,1,0,0,0,0,2019-03-06 21:40:34+09:00
1,1,0,0,0,0,2019-03-11 22:13:52+09:00
1,1,0,0,0,0,2019-03-12 23:45:43+09:00
1,1,0,0,0,0,2019-03-13 23:16:50+09:00
0,0,0,0,0,0,2019-03-16 00:13:31+09:00
1,5,2,2,2,1,2019-03-16 21:22:04+09:00
0,0,0,0,0,0,2019-03-20 23:41:11+09:00
1,1,0,0,0,0,2019-03-22 21:59:01+09:00
1,1,0,0,0,0,2019-03-24 22:56:18+09:00
1,1,0,0,0,0,2019-04-01 23:15:24+09:00
0,0,0,0,0,0,2019-04-05 23:34:48+09:00
1,5,2,2,2,1,2019-04-15 23:07:43+09:00
0,0,0,0,0,0,2019-04-17 18:17:18+09:00
0,0,0,0,0,0,2019-07-09 19:33:46+09:00
36,75,8,8,35,51,2019-07-24 22:53:19+09:00
0,0,0,0,0,0,2019-08-10 22:29:19+09:00
0,0,0,0,0,0,2019-08-10 22:32:31+09:00
0,0,0,0,0,0,2019-08-28 17:53:14+09:00
0,0,0,0,0,0,2019-11-01 17:12:01+09:00
0,0,0,0,0,0,2019-11-02 23:09:19+09:00
0,0,0,0,0,0,2019-11-03 19:47:53+09:00
0,0,0,0,0,0,2019-11-06 19:00:22+09:00
0,0,0,0,0,0,2019-11-11 21:02:38+09:00
0,0,0,0,0,0,2019-11-15 20:10:28+09:00
0,0,0,0,0,0,2019-12-24 17:33:27+09:00
0,0,0,0,0,0,2019-12-28 00:11:32+09:00
0,0,0,0,0,0,2020-01-02 19:38:50+09:00
0,0,0,0,0,0,2020-01-21 23:13:01+09:00
0,0,0,0,0,0,2020-01-28 22:36:06+09:00
0,0,0,0,0,0,2020-02-01 15:05:40+09:00
0,0,0,0,0,0,2021-01-18 13:19:36+09:00
