Acquisition,Preparation,Modeling,Training,Evaluation,Prediction,time
0,0,0,0,0,0,2020-05-27 12:56:37+02:00
0,0,0,0,0,0,2020-05-27 15:04:57+02:00
0,0,0,0,0,0,2020-05-27 15:05:22+02:00
0,0,0,0,0,0,2020-05-27 15:05:37+02:00
0,0,0,0,0,0,2020-05-27 15:06:11+02:00
0,0,0,0,0,0,2020-05-27 15:06:40+02:00
0,0,0,0,0,0,2020-05-27 15:06:59+02:00
0,0,0,0,0,0,2020-05-27 15:14:27+02:00
0,0,0,0,0,0,2020-05-27 15:15:04+02:00
0,0,0,0,0,0,2020-08-16 12:52:32+02:00
0,0,0,0,0,0,2020-08-16 13:01:14+02:00
0,0,0,0,0,0,2020-08-16 13:07:02+02:00
0,0,0,0,0,0,2020-08-16 13:53:33+02:00
0,0,0,0,0,0,2020-08-16 13:57:31+02:00
0,0,0,0,0,0,2020-08-16 14:09:12+02:00
0,0,0,0,0,0,2020-08-16 14:10:10+02:00
0,0,0,0,0,0,2020-08-16 14:20:06+02:00
0,0,0,0,0,0,2020-08-16 14:20:43+02:00
0,0,0,0,0,0,2020-08-16 14:21:55+02:00
0,0,0,0,0,0,2020-08-16 14:22:32+02:00
0,0,0,0,0,0,2020-08-16 14:23:32+02:00
0,0,0,0,0,0,2020-08-16 14:48:16+02:00
0,0,0,0,0,0,2020-10-11 13:13:46+02:00
0,0,0,0,0,0,2021-04-17 17:49:49+02:00
35,100,6,14,1,12,2021-04-17 17:51:40+02:00
0,0,0,0,0,0,2021-04-17 17:54:23+02:00
0,0,0,0,0,0,2021-04-17 17:58:19+02:00
0,0,0,0,0,0,2021-04-17 18:00:11+02:00
0,0,0,0,0,0,2021-04-17 18:02:53+02:00
0,0,0,0,0,0,2021-04-21 16:28:19+02:00
0,0,0,0,0,0,2021-04-21 18:06:34+02:00
3,2,0,0,0,0,2021-06-06 19:38:01+02:00
0,1,0,0,0,0,2021-06-06 20:02:12+02:00
0,1,0,0,0,0,2021-06-06 20:12:13+02:00
0,0,0,0,0,0,2021-06-06 20:25:24+02:00
0,0,0,0,0,0,2021-06-06 20:28:38+02:00
1,1,0,0,0,0,2021-06-06 21:19:29+02:00
1,0,0,0,0,0,2021-06-06 21:25:22+02:00
1,0,0,0,0,0,2021-06-06 21:28:46+02:00
1,0,0,0,0,0,2021-06-06 21:32:34+02:00
1,0,0,0,0,0,2021-06-06 21:35:00+02:00
1,0,0,0,0,0,2021-06-06 21:43:57+02:00
1,0,0,0,0,0,2021-06-06 21:47:18+02:00
6,1,0,0,0,0,2021-06-06 22:54:57+02:00
1,1,0,0,0,0,2021-06-06 22:57:24+02:00
1,1,0,0,0,0,2021-06-06 23:02:49+02:00
1,1,0,0,0,0,2021-06-06 23:06:02+02:00
1,0,0,0,0,0,2021-06-06 23:15:07+02:00
1,0,0,0,0,0,2021-06-06 23:28:09+02:00
1,0,0,0,0,0,2021-06-06 23:32:21+02:00
1,0,0,0,0,0,2021-06-06 23:36:00+02:00
1,0,0,0,0,0,2021-06-06 23:40:42+02:00
3,0,0,0,0,0,2021-06-07 08:06:02+02:00
1,0,0,0,0,0,2021-06-07 08:10:25+02:00
5,0,0,0,0,0,2021-06-07 08:24:18+02:00
1,0,0,0,0,0,2021-06-07 08:40:00+02:00
1,0,0,0,0,0,2021-06-07 08:43:49+02:00
1,0,0,0,0,0,2021-06-07 08:47:26+02:00
1,0,0,0,0,0,2021-06-07 08:49:53+02:00
1,0,0,0,0,0,2021-06-07 08:52:49+02:00
1,0,0,0,0,0,2021-06-07 09:01:42+02:00
1,0,0,0,0,0,2021-06-07 09:06:17+02:00
1,0,0,0,0,0,2021-06-07 09:18:55+02:00
1,0,0,0,0,0,2021-06-07 09:36:22+02:00
1,0,0,0,0,0,2021-06-07 09:38:17+02:00
1,0,0,0,0,0,2021-06-08 10:25:39+02:00
1,0,0,0,0,0,2021-06-08 10:31:28+02:00
6,1,0,0,0,0,2021-06-08 10:35:44+02:00
0,0,0,0,0,0,2021-07-17 15:46:40+02:00
0,0,0,0,0,0,2021-07-17 15:48:33+02:00
0,0,0,0,0,0,2021-10-17 17:56:41+02:00
0,0,0,0,0,0,2021-10-17 17:58:48+02:00
0,0,0,0,0,0,2021-10-28 17:05:20+02:00
0,0,0,0,0,0,2021-11-17 17:15:04+01:00
0,0,0,0,0,0,2021-11-17 17:16:35+01:00
0,0,0,0,0,0,2021-11-17 17:20:52+01:00
0,0,0,0,0,0,2021-11-17 17:21:43+01:00
2,2,2,2,2,2,2021-12-09 00:35:53+01:00
1,0,0,0,0,0,2021-12-09 00:37:59+01:00
0,0,0,0,0,0,2021-12-09 00:39:17+01:00
0,0,0,0,0,0,2021-12-09 00:46:07+01:00
0,0,0,0,0,0,2021-12-09 00:47:59+01:00
0,0,0,0,0,0,2021-12-09 01:00:28+01:00
0,0,0,0,0,0,2022-02-27 12:52:23+01:00
