Acquisition,Preparation,Modeling,Training,Evaluation,Prediction,time
0,0,0,0,0,0,2019-05-03 21:16:52-04:00
1,1,1,0,0,0,2019-05-03 21:25:33-04:00
0,0,0,0,0,0,2019-05-03 21:41:32-04:00
0,0,0,0,0,0,2019-05-03 22:24:14-04:00
1,1,1,0,0,0,2019-05-03 22:34:23-04:00
1,1,1,0,0,0,2019-05-03 22:41:57-04:00
0,1,0,0,1,1,2019-05-03 22:42:57-04:00
0,0,0,0,0,0,2019-05-03 22:47:50-04:00
2,5,0,0,0,1,2019-05-04 12:42:25-04:00
0,1,0,0,0,0,2019-05-06 14:43:10-04:00
0,0,0,0,0,0,2019-05-07 08:45:32-04:00
0,0,0,0,0,0,2019-05-07 09:36:42-04:00
0,0,0,0,0,0,2019-05-07 09:52:23-04:00
0,0,0,0,0,0,2019-05-07 17:14:24-04:00
0,0,0,0,0,0,2019-05-07 17:21:35-04:00
0,0,0,0,0,0,2019-05-09 09:17:20-04:00
0,0,0,0,0,0,2019-05-11 11:14:39-04:00
2,4,1,0,0,0,2019-05-11 11:21:19-04:00
2,4,1,0,0,0,2019-05-11 16:50:16-04:00
0,0,0,0,0,0,2019-05-11 16:51:15-04:00
0,0,0,0,0,0,2019-05-11 16:53:16-04:00
0,0,0,0,0,0,2019-05-11 16:55:29-04:00
0,0,0,0,0,0,2019-05-11 17:10:45-04:00
0,0,0,0,0,0,2019-05-11 17:13:25-04:00
2,4,1,0,0,0,2019-05-11 17:15:21-04:00
4,8,3,1,0,1,2019-05-11 17:19:50-04:00
0,0,0,0,0,0,2019-05-11 17:20:56-04:00
0,0,0,0,0,0,2019-05-12 11:56:19-04:00
0,0,0,0,0,0,2019-05-15 14:57:39-04:00
0,0,0,0,0,0,2019-05-15 15:14:01-04:00
0,0,0,0,0,0,2019-05-15 15:15:45-04:00
0,0,0,0,0,0,2019-05-15 15:28:15-04:00
0,0,0,0,0,0,2019-05-15 15:29:24-04:00
0,0,0,0,0,0,2019-05-15 15:36:40-04:00
0,0,0,0,0,0,2019-05-15 15:45:31-04:00
0,0,0,0,0,0,2019-05-15 15:51:03-04:00
0,0,0,0,0,0,2019-05-15 15:54:56-04:00
0,0,0,0,0,0,2019-05-15 16:00:13-04:00
0,0,0,0,0,0,2019-05-15 16:15:02-04:00
0,0,0,0,0,0,2019-05-15 16:15:19-04:00
0,0,0,0,0,0,2019-05-15 16:15:29-04:00
0,0,0,0,0,0,2019-05-15 16:17:01-04:00
4,8,3,1,0,1,2019-05-15 16:20:18-04:00
4,8,3,1,0,1,2019-05-15 16:23:16-04:00
0,1,0,0,0,0,2019-05-15 16:27:27-04:00
0,0,0,0,0,0,2019-05-15 16:30:50-04:00
0,0,0,0,0,0,2019-05-15 16:32:28-04:00
0,0,0,0,0,0,2019-05-15 16:32:56-04:00
0,0,0,0,0,0,2019-05-15 16:34:01-04:00
0,0,0,0,0,0,2019-05-17 00:06:29-04:00
0,0,0,0,0,0,2019-05-17 00:39:52-04:00
0,0,0,0,0,0,2019-05-17 00:40:13-04:00
0,0,0,0,0,0,2019-05-17 00:40:24-04:00
0,0,0,0,0,0,2019-05-17 00:44:21-04:00
0,0,0,0,0,0,2019-05-17 00:45:12-04:00
0,0,0,0,0,0,2019-05-17 01:06:01-04:00
0,0,0,0,0,0,2019-05-17 01:09:40-04:00
0,0,0,0,0,0,2019-05-17 01:19:02-04:00
0,0,0,0,0,0,2019-05-17 01:59:59-04:00
0,0,0,0,0,0,2019-05-17 12:26:34-04:00
0,0,0,0,0,0,2019-05-20 17:21:57-04:00
0,0,0,0,0,0,2019-05-20 17:28:48-04:00
0,0,0,0,0,0,2019-05-20 22:58:55-04:00
0,0,0,0,0,0,2019-05-20 22:59:43-04:00
0,0,0,0,0,0,2019-05-20 23:41:26-04:00
0,0,0,0,0,0,2019-05-23 13:55:29-04:00
0,0,0,0,0,0,2019-05-27 19:54:23-04:00
0,0,0,0,0,0,2019-05-27 19:59:17-04:00
0,0,0,0,0,0,2019-05-27 20:00:24-04:00
0,0,0,0,0,0,2020-05-07 10:49:01-04:00
0,0,0,0,0,0,2020-05-07 10:51:48-04:00
0,0,0,0,0,0,2020-06-05 19:36:52+05:18
0,0,0,0,0,0,2020-06-05 21:39:32+05:18
0,0,0,0,0,0,2020-06-24 14:32:32+05:18
0,0,0,0,0,0,2021-11-22 12:55:29-05:00
0,0,0,0,0,0,2021-11-22 13:00:05-05:00
