Acquisition,Preparation,Modeling,Training,Evaluation,Prediction,time
0,0,0,0,0,0,2017-03-15 12:56:38-04:00
3,3,3,2,1,1,2017-03-15 13:05:09-04:00
2,2,2,2,0,0,2017-03-15 13:13:26-04:00
4,4,3,3,2,0,2017-03-15 14:24:22-04:00
0,0,0,0,0,0,2017-03-15 14:30:10-04:00
1,1,1,1,1,0,2017-03-15 14:31:06-04:00
0,0,0,0,0,0,2017-03-15 15:13:26-04:00
0,0,0,0,0,0,2017-03-15 15:14:55-04:00
0,0,0,0,0,0,2017-03-15 15:16:30-04:00
0,0,0,0,0,0,2017-03-15 15:16:50-04:00
0,0,0,0,0,0,2017-03-15 15:17:39-04:00
1,1,1,0,0,1,2017-03-15 15:18:02-04:00
1,1,1,1,1,0,2017-03-15 15:22:15-04:00
0,0,0,0,0,0,2017-03-15 15:24:02-04:00
0,0,0,0,0,0,2017-03-15 15:26:03-04:00
0,0,0,0,0,0,2017-03-15 15:30:12-04:00
0,0,0,0,0,0,2017-03-15 15:32:24-04:00
0,0,0,0,0,0,2017-03-15 15:33:45-04:00
0,0,0,0,0,0,2017-03-15 15:34:02-04:00
0,0,0,0,0,0,2017-03-15 15:39:38-04:00
0,0,0,0,0,0,2017-03-15 15:41:29-04:00
1,1,1,1,1,0,2017-03-15 18:04:38-04:00
0,0,0,0,0,0,2017-03-15 19:34:30-04:00
0,0,0,0,0,0,2017-03-15 19:35:31-04:00
0,0,0,0,0,0,2017-03-15 19:37:23-04:00
0,0,0,0,0,0,2017-03-15 19:39:07-04:00
1,1,1,1,0,0,2017-03-15 20:06:15-04:00
1,1,1,1,0,0,2017-03-15 20:07:18-04:00
1,1,1,1,0,0,2017-03-15 20:08:56-04:00
1,1,1,1,0,0,2017-03-15 20:13:29-04:00
1,1,1,1,0,0,2017-03-15 20:14:31-04:00
0,0,0,0,0,0,2017-03-15 20:14:38-04:00
0,0,0,0,0,0,2017-03-15 20:17:07-04:00
1,1,1,0,0,1,2017-03-15 22:11:26-04:00
2,2,2,2,1,0,2017-03-25 19:49:31-07:00
1,1,1,0,0,1,2017-03-25 19:50:24-07:00
0,0,0,0,0,0,2017-03-25 20:02:33-07:00
0,0,0,0,0,0,2017-03-25 20:04:21-07:00
0,0,0,0,0,0,2017-03-25 20:21:31-07:00
0,0,0,0,0,0,2017-03-25 20:21:50-07:00
0,0,0,0,0,0,2017-03-25 20:22:01-07:00
1,1,1,1,0,0,2017-03-25 20:26:50-07:00
1,1,1,1,0,0,2017-03-28 22:19:32-04:00
1,1,1,1,0,0,2017-03-28 22:20:34-04:00
0,0,0,0,0,0,2017-03-28 23:03:44-04:00
0,0,0,0,0,0,2017-03-28 23:04:32-04:00
1,1,1,1,0,0,2017-03-28 23:17:35-04:00
0,0,0,0,0,0,2017-03-28 23:41:00-04:00
1,1,1,1,1,0,2017-03-29 22:47:15-04:00
0,0,0,0,0,0,2017-03-29 22:48:35-04:00
0,0,0,0,0,0,2017-03-29 22:49:27-04:00
0,0,0,0,0,0,2017-03-30 01:00:21-04:00
0,0,0,0,0,0,2017-03-30 14:39:43-04:00
0,0,0,0,0,0,2017-03-30 14:43:27-04:00
0,0,0,0,0,0,2017-03-30 14:43:55-04:00
0,0,0,0,0,0,2017-03-30 14:44:15-04:00
0,0,0,0,0,0,2017-03-30 18:42:08-04:00
3,3,3,2,1,1,2018-01-14 13:00:14-08:00
0,0,0,0,0,0,2018-01-14 13:01:38-08:00
3,3,2,2,0,0,2018-01-14 18:44:27-08:00
2,2,1,1,0,0,2018-01-14 18:53:41-08:00
2,2,1,1,0,0,2018-01-14 19:09:22-08:00
0,0,0,0,0,0,2018-01-14 19:09:57-08:00
0,0,0,0,0,0,2018-01-14 19:10:39-08:00
0,0,0,0,0,0,2018-01-14 19:13:34-08:00
1,1,0,0,0,0,2018-01-14 19:16:14-08:00
1,1,0,0,0,0,2018-01-14 21:01:22-08:00
1,1,0,0,0,0,2018-01-14 23:25:55-08:00
1,1,0,0,0,0,2018-01-14 23:48:20-08:00
1,1,1,1,1,0,2018-01-15 19:59:06-08:00
0,0,0,0,0,0,2018-01-15 20:00:26-08:00
1,1,1,1,0,0,2018-01-15 20:09:12-08:00
0,0,0,0,0,0,2018-01-15 20:25:40-08:00
0,0,0,0,0,0,2018-01-15 20:26:21-08:00
