Acquisition,Preparation,Modeling,Training,Evaluation,Prediction,time
0,0,0,0,0,0,2018-11-10 23:52:32-05:00
0,3,3,3,2,2,2018-11-10 23:55:59-05:00
0,0,0,0,0,0,2018-11-11 00:07:02-05:00
0,0,0,0,0,0,2019-02-15 15:17:59-05:00
0,0,0,0,0,0,2019-02-15 15:21:47-05:00
0,0,0,0,0,0,2019-02-15 15:22:05-05:00
0,0,0,0,0,0,2019-02-15 15:22:28-05:00
0,0,0,0,0,0,2019-02-15 15:24:56-05:00
0,0,0,0,0,0,2019-02-17 15:29:13-05:00
0,0,0,0,0,0,2019-02-17 15:29:53-05:00
0,0,0,0,0,0,2019-02-17 15:30:23-05:00
0,0,0,0,0,0,2019-02-17 15:30:47-05:00
0,0,0,0,0,0,2019-02-17 15:31:12-05:00
0,0,0,0,0,0,2019-02-17 15:31:38-05:00
0,0,0,0,0,0,2019-02-17 15:37:33-05:00
1,0,0,0,0,0,2019-02-17 15:38:31-05:00
0,0,0,0,0,0,2019-02-17 15:39:17-05:00
1,0,0,0,0,0,2019-02-17 17:05:10-05:00
1,0,0,0,0,0,2019-02-17 17:13:51-05:00
0,0,0,0,0,0,2019-02-17 17:15:21-05:00
0,0,0,0,0,0,2019-02-17 17:15:53-05:00
1,0,0,0,0,0,2019-02-17 17:17:06-05:00
0,0,0,0,0,0,2019-02-17 17:18:02-05:00
0,0,0,0,0,0,2019-02-17 17:18:36-05:00
0,0,0,0,0,0,2019-02-17 17:19:03-05:00
0,0,0,0,0,0,2019-02-17 17:19:50-05:00
0,0,0,0,0,0,2019-02-17 17:20:21-05:00
0,0,0,0,0,0,2019-02-17 17:20:48-05:00
1,0,0,0,0,0,2019-02-17 17:21:35-05:00
1,0,0,0,0,0,2019-02-17 17:22:57-05:00
1,0,0,0,0,0,2019-02-17 17:25:32-05:00
1,0,0,0,0,0,2019-02-17 17:27:39-05:00
1,0,0,0,0,0,2019-02-17 17:29:41-05:00
1,0,0,0,0,0,2019-02-17 17:30:31-05:00
1,0,0,0,0,0,2019-02-17 17:33:00-05:00
1,0,0,0,0,0,2019-02-17 17:35:11-05:00
0,0,0,0,0,0,2019-02-17 17:51:08-05:00
0,0,0,0,0,0,2019-02-17 17:56:09-05:00
0,0,0,0,0,0,2019-02-17 18:12:18-05:00
0,0,0,0,0,0,2019-02-17 18:12:46-05:00
0,0,0,0,0,0,2019-02-17 18:13:17-05:00
0,0,0,0,0,0,2019-02-17 18:13:54-05:00
0,0,0,0,0,0,2019-02-17 18:14:20-05:00
0,0,0,0,0,0,2019-02-17 18:14:53-05:00
0,0,0,0,0,0,2019-02-17 18:15:23-05:00
0,0,0,0,0,0,2019-02-17 18:16:04-05:00
0,0,0,0,0,0,2019-02-17 18:16:46-05:00
0,0,0,0,0,0,2019-02-17 18:17:16-05:00
1,0,0,0,0,0,2019-02-17 18:18:55-05:00
0,0,0,0,0,0,2019-02-17 18:19:20-05:00
0,0,0,0,0,0,2019-02-17 18:19:43-05:00
0,0,0,0,0,0,2019-02-17 18:20:00-05:00
0,0,0,0,0,0,2019-02-17 18:20:19-05:00
0,0,0,0,0,0,2019-02-17 18:20:51-05:00
0,0,0,0,0,0,2019-02-17 18:22:39-05:00
0,0,0,0,0,0,2019-02-17 18:23:26-05:00
0,0,0,0,0,0,2019-02-17 18:24:03-05:00
0,0,0,0,0,0,2019-02-17 18:24:27-05:00
0,0,0,0,0,0,2019-02-17 18:24:47-05:00
0,0,0,0,0,0,2019-02-17 18:28:56-05:00
0,0,0,0,0,0,2019-02-17 18:31:12-05:00
0,0,0,0,0,0,2019-02-17 21:51:33-05:00
0,0,0,0,0,0,2019-02-17 21:51:50-05:00
0,1,0,0,0,0,2019-02-17 21:52:22-05:00
0,1,0,0,0,0,2019-02-17 21:58:18-05:00
0,0,0,0,0,0,2019-02-17 22:08:46-05:00
0,0,0,0,0,0,2019-02-17 22:14:02-05:00
0,0,0,0,0,0,2019-02-17 22:15:34-05:00
0,0,0,0,0,0,2019-02-17 22:20:28-05:00
0,0,0,0,0,0,2019-02-17 22:25:29-05:00
0,0,0,0,0,0,2019-02-17 22:25:43-05:00
0,0,0,0,0,0,2019-02-17 22:25:51-05:00
0,0,0,0,0,0,2019-02-17 22:26:02-05:00
0,0,0,0,0,0,2019-02-17 22:26:10-05:00
0,0,0,0,0,0,2019-02-17 22:26:49-05:00
0,0,0,0,0,0,2019-02-17 22:38:11-05:00
0,0,0,0,0,0,2019-02-17 22:42:26-05:00
0,0,0,0,0,0,2019-02-17 22:42:54-05:00
0,0,0,0,0,0,2019-02-17 22:53:19-05:00
0,0,0,0,0,0,2019-02-17 23:05:08-05:00
0,0,0,0,0,0,2019-02-17 23:05:30-05:00
0,0,0,0,0,0,2019-02-17 23:06:09-05:00
0,0,0,0,0,0,2019-02-17 23:06:29-05:00
0,0,0,0,0,0,2019-02-17 23:07:05-05:00
0,0,0,0,0,0,2019-02-17 23:08:55-05:00
0,0,0,0,0,0,2019-02-17 23:09:20-05:00
0,0,0,0,0,0,2019-02-17 23:33:40-05:00
0,0,0,0,0,0,2019-02-17 23:34:17-05:00
0,0,0,0,0,0,2019-02-17 23:34:36-05:00
0,0,0,0,0,0,2019-02-17 23:34:58-05:00
0,0,0,0,0,0,2019-02-17 23:35:20-05:00
0,0,0,0,0,0,2019-02-17 23:53:02-05:00
0,0,0,0,0,0,2019-02-18 00:06:59-05:00
0,0,0,0,0,0,2019-02-18 00:18:08-05:00
0,0,0,0,0,0,2019-02-18 00:18:32-05:00
0,0,0,0,0,0,2019-02-18 00:26:25-05:00
0,0,0,0,0,0,2019-02-18 00:26:54-05:00
0,0,0,0,0,0,2019-02-18 00:31:28-05:00
0,0,0,0,0,0,2019-02-18 00:34:55-05:00
0,0,0,0,0,0,2019-02-18 00:36:43-05:00
0,0,0,0,0,0,2019-02-18 00:36:58-05:00
0,0,0,0,0,0,2019-02-18 00:38:49-05:00
0,0,0,0,0,0,2019-02-18 00:43:43-05:00
0,0,0,0,0,0,2019-02-18 00:44:03-05:00
0,0,0,0,0,0,2019-02-18 00:48:16-05:00
0,0,0,0,0,0,2019-02-18 00:49:14-05:00
0,0,0,0,0,0,2019-02-18 00:50:24-05:00
0,0,0,0,0,0,2019-02-18 00:55:04-05:00
0,0,0,0,0,0,2019-02-18 00:57:06-05:00
0,0,0,0,0,0,2019-02-18 00:58:56-05:00
0,0,0,0,0,0,2019-02-18 01:00:35-05:00
0,0,0,0,0,0,2019-02-18 01:02:22-05:00
0,0,0,0,0,0,2019-02-18 01:05:13-05:00
0,0,0,0,0,0,2019-02-18 01:06:35-05:00
0,0,0,0,0,0,2019-02-18 01:07:00-05:00
0,0,0,0,0,0,2019-02-18 01:21:11-05:00
0,0,0,0,0,0,2019-02-18 01:22:05-05:00
0,0,0,0,0,0,2019-02-18 01:23:27-05:00
0,0,0,0,0,0,2019-02-18 01:30:52-05:00
0,0,0,0,0,0,2019-02-18 01:39:46-05:00
0,0,0,0,0,0,2019-02-18 01:42:06-05:00
0,0,0,0,0,0,2019-02-18 02:01:02-05:00
0,0,0,0,0,0,2019-02-18 02:05:43-05:00
0,0,0,0,0,0,2019-02-18 02:10:17-05:00
0,0,0,0,0,0,2019-02-18 02:13:54-05:00
0,0,0,0,0,0,2019-02-18 02:15:54-05:00
0,0,0,0,0,0,2019-02-18 02:17:39-05:00
0,0,0,0,0,0,2019-02-18 02:19:03-05:00
0,0,0,0,0,0,2019-02-18 02:29:39-05:00
0,0,0,0,0,0,2019-02-18 02:31:01-05:00
0,0,0,0,0,0,2019-02-18 02:32:49-05:00
0,0,0,0,0,0,2019-02-18 02:37:23-05:00
0,0,0,0,0,0,2019-02-18 02:38:49-05:00
0,0,0,0,0,0,2019-02-18 02:39:59-05:00
0,0,0,0,0,0,2019-02-18 02:42:06-05:00
0,0,0,0,0,0,2019-02-18 04:21:57-05:00
0,0,0,0,0,0,2019-02-18 04:22:25-05:00
0,0,0,0,0,0,2019-02-18 04:23:59-05:00
0,0,0,0,0,0,2019-02-18 04:25:27-05:00
0,0,0,0,0,0,2019-02-18 04:28:30-05:00
0,0,0,0,0,0,2019-02-18 04:28:51-05:00
0,0,0,0,0,0,2019-02-18 04:51:16-05:00
0,0,0,0,0,0,2019-02-18 04:51:47-05:00
0,0,0,0,0,0,2019-02-18 05:12:45-05:00
0,0,0,0,0,0,2019-02-18 05:14:22-05:00
0,0,0,0,0,0,2019-02-18 05:17:14-05:00
0,0,0,0,0,0,2019-02-18 05:17:40-05:00
0,0,0,0,0,0,2019-02-18 05:18:13-05:00
0,1,1,1,0,0,2019-02-18 05:18:45-05:00
0,0,0,0,0,0,2019-02-18 05:19:26-05:00
0,0,0,0,0,0,2019-02-18 05:19:53-05:00
0,0,0,0,0,0,2019-02-18 05:24:56-05:00
0,0,0,0,0,0,2019-02-18 05:29:32-05:00
0,0,0,0,0,0,2019-02-18 05:31:24-05:00
0,0,0,0,0,0,2019-02-18 05:50:15-05:00
0,0,0,0,0,0,2019-02-18 15:33:22-05:00
0,0,0,0,0,0,2019-02-18 15:34:44-05:00
0,2,2,2,2,2,2019-02-18 15:37:58-05:00
1,0,0,0,0,0,2019-02-18 15:41:29-05:00
0,0,0,0,0,0,2019-02-18 15:41:53-05:00
0,0,0,0,0,0,2019-02-18 17:05:32-05:00
0,0,0,0,0,0,2019-02-18 22:37:21-05:00
0,0,0,0,0,0,2019-02-18 22:38:23-05:00
0,0,0,0,0,0,2019-02-18 22:42:38-05:00
0,0,0,0,0,0,2019-02-18 22:45:35-05:00
0,0,0,0,0,0,2019-02-19 00:25:44-05:00
0,1,1,1,0,0,2019-02-19 00:26:07-05:00
0,2,2,2,2,2,2019-02-19 00:26:52-05:00
0,0,0,0,0,0,2019-02-19 00:27:16-05:00
0,0,0,0,0,0,2019-02-19 00:32:12-05:00
0,0,0,0,0,0,2019-02-19 00:34:42-05:00
0,0,0,0,0,0,2019-02-19 00:35:55-05:00
0,0,0,0,0,0,2019-02-19 00:40:12-05:00
0,0,0,0,0,0,2019-02-20 21:38:51-05:00
0,1,1,1,0,0,2019-02-20 21:39:11-05:00
0,2,2,2,2,2,2019-02-20 21:39:45-05:00
0,0,0,0,0,0,2019-02-20 21:40:09-05:00
0,0,0,0,0,0,2019-02-20 21:47:07-05:00
0,0,0,0,0,0,2019-02-20 21:49:16-05:00
0,0,0,0,0,0,2019-02-20 22:22:02-05:00
0,0,0,0,0,0,2019-02-20 22:22:31-05:00
0,1,1,1,0,0,2019-02-20 22:22:59-05:00
0,2,2,2,2,2,2019-02-20 22:23:27-05:00
0,0,0,0,0,0,2019-02-20 22:23:51-05:00
0,0,0,0,0,0,2019-02-20 22:40:17-05:00
0,1,1,1,0,0,2019-02-20 22:40:57-05:00
0,2,2,2,2,2,2019-02-20 22:41:33-05:00
0,0,0,0,0,0,2019-02-20 22:42:07-05:00
0,0,0,0,0,0,2019-02-20 22:45:47-05:00
0,1,1,1,0,0,2019-02-20 22:53:14-05:00
0,2,2,2,2,2,2019-02-20 22:53:44-05:00
0,0,0,0,0,0,2019-02-20 22:54:17-05:00
