Acquisition,Preparation,Modeling,Training,Evaluation,Prediction,time
1,9,5,7,6,7,2020-06-16 00:53:59+07:00
0,1,1,0,0,1,2020-06-18 02:50:25+07:00
0,0,0,0,0,0,2020-06-18 02:51:09+07:00
0,0,0,0,0,0,2020-06-20 00:09:59+07:00
0,0,0,0,0,0,2020-06-20 00:10:49+07:00
0,0,0,0,0,0,2020-06-21 16:52:09+07:00
0,0,0,0,0,0,2020-06-21 16:53:04+07:00
0,0,0,0,0,0,2020-06-21 17:19:46+07:00
0,0,0,0,0,0,2020-06-21 17:21:39+07:00
0,0,0,0,0,0,2020-06-21 17:52:22+07:00
0,0,0,0,0,0,2020-06-21 18:19:53+07:00
0,0,0,0,0,0,2020-06-21 18:20:44+07:00
0,0,0,0,0,0,2020-06-22 23:22:14+07:00
0,0,0,0,0,0,2020-06-22 23:22:51+07:00
0,0,0,0,0,0,2020-06-22 23:56:14+07:00
0,0,0,0,0,0,2020-06-22 23:56:49+07:00
0,0,0,0,0,0,2020-06-23 00:31:16+07:00
0,0,0,0,0,0,2020-06-23 00:58:39+07:00
0,0,0,0,0,0,2020-06-23 00:59:06+07:00
0,0,0,0,0,0,2020-06-23 01:28:02+07:00
0,0,0,0,0,0,2020-06-28 03:50:20+07:00
0,0,0,0,0,0,2020-06-28 03:51:23+07:00
0,2,0,0,0,1,2020-06-29 01:34:46+07:00
0,0,0,0,0,0,2020-06-29 01:35:24+07:00
0,2,0,0,0,1,2020-06-29 02:42:42+07:00
0,0,0,0,0,0,2020-06-29 02:43:16+07:00
0,0,0,0,0,0,2020-06-29 16:00:26+07:00
0,0,0,0,0,0,2020-06-29 16:05:02+07:00
0,2,1,0,0,2,2020-07-01 00:23:55+07:00
0,0,0,0,0,0,2020-07-01 00:24:50+07:00
0,0,0,0,0,0,2020-07-01 02:07:55+07:00
0,0,0,0,0,0,2020-07-01 02:08:33+07:00
0,0,0,0,0,0,2020-07-01 02:14:56+07:00
0,0,0,0,0,0,2020-07-01 02:16:26+07:00
0,1,0,0,0,0,2020-07-06 02:09:18+07:00
0,0,0,0,0,0,2020-07-06 02:10:05+07:00
0,1,0,0,0,0,2020-07-11 17:03:08+07:00
0,0,0,0,0,0,2020-07-11 17:03:42+07:00
1,9,4,7,6,7,2020-07-13 01:34:52+07:00
0,0,0,0,0,0,2020-07-13 01:36:19+07:00
0,0,0,0,0,0,2020-07-15 03:56:21+07:00
0,0,0,0,0,0,2020-07-15 03:58:50+07:00
0,1,0,0,0,1,2020-08-01 16:17:43+07:00
0,0,0,0,0,0,2020-08-02 08:44:00+07:00
0,1,0,0,0,1,2020-08-02 22:34:26+07:00
0,0,0,0,0,0,2020-08-02 22:34:58+07:00
2,1,0,1,0,0,2020-08-07 18:16:47+07:00
0,0,0,0,0,0,2020-08-07 18:17:49+07:00
1,3,0,1,0,2,2020-08-09 13:05:41+07:00
0,0,0,0,0,0,2020-08-09 13:06:17+07:00
0,0,0,0,0,0,2020-08-09 15:02:53+07:00
0,0,0,0,0,0,2020-08-09 15:03:45+07:00
0,0,0,0,0,0,2020-08-09 19:36:35+07:00
0,0,0,0,0,0,2020-08-09 19:37:18+07:00
