Acquisition,Preparation,Modeling,Training,Evaluation,Prediction,time
0,0,0,0,0,0,2020-09-14 22:41:49+09:00
0,0,0,0,0,0,2020-10-15 14:16:19+09:00
0,0,0,0,0,0,2020-10-15 15:33:33+09:00
0,0,0,0,0,0,2020-10-17 16:12:46+09:00
0,0,0,0,0,0,2020-10-17 16:37:51+09:00
0,0,0,0,0,0,2020-10-17 16:40:17+09:00
0,0,0,0,0,0,2020-10-17 16:41:29+09:00
0,0,0,0,0,0,2020-10-17 16:41:49+09:00
0,0,0,0,0,0,2020-10-17 17:19:40+09:00
0,0,0,0,0,0,2020-10-29 10:35:43+09:00
0,0,0,0,0,0,2020-10-29 10:58:05+09:00
0,0,0,0,0,0,2020-10-29 13:09:10+09:00
0,0,0,0,0,0,2020-10-29 19:26:37+09:00
0,0,0,0,0,0,2020-10-29 19:31:30+09:00
0,0,0,0,0,0,2020-10-29 19:44:05+09:00
0,0,0,0,0,0,2020-10-29 19:48:55+09:00
0,0,0,0,0,0,2020-10-30 23:34:29+09:00
0,0,0,0,0,0,2020-10-30 23:34:57+09:00
0,0,0,0,0,0,2020-10-30 23:35:05+09:00
0,0,0,0,0,0,2020-10-30 23:35:22+09:00
0,0,0,0,0,0,2020-10-30 23:37:45+09:00
0,0,0,0,0,0,2020-10-30 23:37:55+09:00
0,0,0,0,0,0,2020-10-30 23:38:20+09:00
0,0,0,0,0,0,2020-10-30 23:38:48+09:00
0,0,0,0,0,0,2020-10-30 23:39:13+09:00
0,0,0,0,0,0,2020-10-30 23:39:51+09:00
0,0,0,0,0,0,2020-10-30 23:40:22+09:00
0,0,0,0,0,0,2020-10-30 23:50:00+09:00
0,0,0,0,0,0,2020-10-30 23:51:07+09:00
0,0,0,0,0,0,2020-10-30 23:51:37+09:00
0,0,0,0,0,0,2020-10-30 23:51:57+09:00
0,0,0,0,0,0,2020-10-30 23:53:09+09:00
0,0,0,0,0,0,2020-10-30 23:53:31+09:00
0,0,0,0,0,0,2020-10-30 23:54:52+09:00
0,0,0,0,0,0,2020-10-30 23:55:17+09:00
0,0,0,0,0,0,2020-10-31 01:24:22+09:00
0,0,0,0,0,0,2020-10-31 01:28:41+09:00
0,0,0,0,0,0,2020-10-31 01:39:36+09:00
0,0,0,0,0,0,2020-10-31 01:51:28+09:00
0,0,0,0,0,0,2020-10-31 01:52:21+09:00
0,0,0,0,0,0,2020-10-31 02:03:30+09:00
0,0,0,0,0,0,2020-10-31 02:03:54+09:00
0,0,0,0,0,0,2020-10-31 03:35:59+09:00
0,0,0,0,0,0,2020-11-05 10:23:54+09:00
0,0,0,0,0,0,2020-11-05 10:25:18+09:00
0,0,0,0,0,0,2020-11-05 10:51:28+09:00
0,0,0,0,0,0,2020-11-05 11:04:20+09:00
0,0,0,0,0,0,2020-11-05 11:08:28+09:00
0,0,0,0,0,0,2020-11-05 11:16:57+09:00
0,0,0,0,0,0,2020-11-05 11:18:54+09:00
0,0,0,0,0,0,2020-11-05 11:19:21+09:00
0,0,0,0,0,0,2020-11-05 11:23:05+09:00
0,0,0,0,0,0,2020-11-05 11:23:31+09:00
0,0,0,0,0,0,2020-11-05 11:28:27+09:00
0,0,0,0,0,0,2020-11-05 11:36:16+09:00
0,0,0,0,0,0,2020-11-05 11:40:37+09:00
0,0,0,0,0,0,2020-11-05 11:53:59+09:00
0,0,0,0,0,0,2020-11-05 11:54:32+09:00
0,0,0,0,0,0,2020-11-05 13:11:11+09:00
0,0,0,0,0,0,2020-11-05 13:40:40+09:00
0,0,0,0,0,0,2020-11-05 20:33:59+09:00
0,0,0,0,0,0,2020-11-05 20:40:25+09:00
0,0,0,0,0,0,2020-11-05 20:48:50+09:00
0,0,0,0,0,0,2020-11-05 21:08:13+09:00
0,0,0,0,0,0,2020-11-05 21:22:08+09:00
0,0,0,0,0,0,2020-11-05 21:26:10+09:00
0,0,0,0,0,0,2020-11-05 21:33:53+09:00
0,0,0,0,0,0,2020-11-07 00:18:37+09:00
0,0,0,0,0,0,2020-11-07 00:32:40+09:00
0,0,0,0,0,0,2020-11-07 01:01:07+09:00
0,0,0,0,0,0,2020-11-07 01:03:06+09:00
0,0,0,0,0,0,2020-11-07 03:22:25+09:00
0,0,0,0,0,0,2020-11-07 13:46:10+09:00
0,0,0,0,0,0,2020-11-07 13:47:50+09:00
0,0,0,0,0,0,2020-11-07 13:55:05+09:00
0,0,0,0,0,0,2020-11-07 18:23:10+09:00
0,0,0,0,0,0,2020-11-07 18:31:57+09:00
0,0,0,0,0,0,2020-11-07 18:35:50+09:00
0,0,0,0,0,0,2020-11-07 18:38:52+09:00
0,0,0,0,0,0,2020-11-07 18:42:41+09:00
0,0,0,0,0,0,2020-11-07 18:44:51+09:00
0,0,0,0,0,0,2020-11-07 19:17:24+09:00
0,0,0,0,0,0,2020-11-07 19:53:16+09:00
0,0,0,0,0,0,2020-11-07 20:21:16+09:00
0,0,0,0,0,0,2020-11-07 20:50:34+09:00
0,0,0,0,0,0,2020-11-07 21:11:24+09:00
0,0,0,0,0,0,2020-11-07 21:14:00+09:00
0,1,0,0,0,0,2020-11-07 21:27:37+09:00
0,1,0,0,0,0,2020-11-07 21:34:24+09:00
0,0,0,0,0,0,2020-11-07 21:48:13+09:00
0,0,0,0,0,0,2020-11-07 21:55:40+09:00
0,0,0,0,0,0,2020-11-07 22:03:14+09:00
0,0,0,0,0,0,2020-11-08 11:54:46+09:00
0,1,0,0,0,0,2020-11-08 16:00:54+09:00
0,0,0,0,0,0,2020-11-08 16:25:22+09:00
0,1,0,0,0,0,2020-11-08 16:43:25+09:00
0,1,0,0,0,0,2020-11-08 16:50:08+09:00
0,1,0,0,0,0,2020-11-08 17:07:41+09:00
0,1,0,0,0,0,2020-11-08 17:12:14+09:00
0,0,0,0,0,0,2020-11-08 19:36:44+09:00
0,1,0,0,0,0,2020-11-08 19:38:25+09:00
0,1,0,0,0,0,2020-11-08 19:43:46+09:00
0,0,0,0,0,0,2020-11-08 19:45:05+09:00
0,0,0,0,0,0,2020-11-08 19:48:05+09:00
0,0,0,0,0,0,2020-11-08 19:53:17+09:00
0,0,0,0,0,0,2020-11-08 20:01:13+09:00
0,0,0,0,0,0,2020-11-08 20:54:06+09:00
0,0,0,0,0,0,2020-11-08 20:59:03+09:00
0,0,0,0,0,0,2020-11-08 21:09:08+09:00
0,0,0,0,0,0,2020-11-08 21:10:53+09:00
0,0,0,0,0,0,2020-11-08 21:13:15+09:00
0,0,0,0,0,0,2020-11-08 21:18:09+09:00
0,0,0,0,0,0,2020-11-08 21:21:35+09:00
0,0,0,0,0,0,2020-11-08 21:24:55+09:00
0,0,0,0,0,0,2020-11-08 21:41:40+09:00
0,0,0,0,0,0,2020-11-08 21:47:52+09:00
0,1,0,0,0,0,2020-11-08 21:58:44+09:00
0,0,0,0,0,0,2020-11-08 22:00:43+09:00
0,1,0,0,0,0,2020-11-08 22:07:33+09:00
0,0,0,0,0,0,2020-11-08 22:13:05+09:00
0,1,0,0,0,0,2020-11-08 22:24:21+09:00
0,0,0,0,0,0,2020-11-08 22:51:03+09:00
0,0,0,0,0,0,2020-11-08 23:06:54+09:00
0,1,0,0,0,0,2020-11-08 23:09:22+09:00
0,0,0,0,0,0,2020-11-08 23:20:35+09:00
0,1,0,0,0,0,2020-11-08 23:27:31+09:00
0,1,0,0,0,0,2020-11-08 23:40:15+09:00
0,0,0,0,0,0,2020-11-08 23:52:56+09:00
0,1,0,0,0,0,2020-11-09 00:11:38+09:00
0,0,0,0,0,0,2020-11-09 00:21:44+09:00
0,0,0,0,0,0,2020-11-09 08:20:29+09:00
0,1,0,0,0,0,2020-11-09 08:45:57+09:00
0,1,0,0,0,0,2020-11-09 08:51:59+09:00
0,1,0,0,0,0,2020-11-09 08:56:39+09:00
0,0,0,0,0,0,2020-11-09 09:19:35+09:00
0,0,0,0,0,0,2020-11-09 09:23:25+09:00
0,0,0,0,0,0,2020-11-09 09:23:43+09:00
0,1,0,0,0,0,2020-11-09 10:34:21+09:00
0,0,0,0,0,0,2020-11-09 10:57:35+09:00
0,0,0,0,0,0,2020-11-09 11:09:47+09:00
0,1,0,0,0,0,2020-11-09 15:52:53+09:00
0,1,0,0,0,0,2020-11-09 16:02:04+09:00
0,1,0,0,0,0,2020-11-09 16:57:22+09:00
0,0,0,0,0,0,2020-11-09 18:38:41+09:00
0,0,0,0,0,0,2020-11-09 19:36:36+09:00
0,0,0,0,0,0,2020-11-09 20:04:09+09:00
0,0,0,0,0,0,2020-11-09 20:35:49+09:00
0,1,0,0,0,0,2020-11-09 23:18:41+09:00
0,2,0,0,0,0,2020-11-10 00:07:27+09:00
0,0,0,0,0,0,2020-11-10 00:43:51+09:00
0,2,0,0,0,0,2020-11-10 01:14:00+09:00
0,2,0,0,0,0,2020-11-10 02:09:14+09:00
0,1,0,0,0,0,2020-11-10 02:14:58+09:00
0,2,0,0,0,0,2020-11-10 02:36:27+09:00
0,0,0,0,0,0,2020-11-10 02:41:53+09:00
0,0,0,0,0,0,2020-11-10 02:50:33+09:00
0,0,0,0,0,0,2020-11-10 02:51:55+09:00
0,0,0,0,0,0,2020-11-10 03:01:52+09:00
0,2,0,0,0,0,2020-11-10 03:17:40+09:00
0,0,0,0,0,0,2020-11-10 05:06:16+09:00
0,0,0,0,0,0,2020-11-10 08:08:45+09:00
0,0,0,0,0,0,2020-11-10 16:17:07+09:00
0,0,0,0,0,0,2020-11-10 16:28:27+09:00
0,0,0,0,0,0,2020-11-10 16:33:47+09:00
0,0,0,0,0,0,2020-11-10 16:43:38+09:00
0,0,0,0,0,0,2020-11-10 16:43:53+09:00
0,0,0,0,0,0,2020-11-10 17:18:18+09:00
0,0,0,0,0,0,2020-11-10 17:21:15+09:00
0,1,0,0,0,0,2020-11-10 18:10:15+09:00
0,2,0,0,0,0,2020-11-10 18:40:38+09:00
0,1,0,0,0,0,2020-11-10 18:52:52+09:00
0,1,0,0,0,0,2020-11-10 19:08:57+09:00
0,0,0,0,0,0,2020-11-10 19:18:08+09:00
0,0,0,0,0,0,2020-11-10 19:31:36+09:00
0,0,0,0,0,0,2020-11-10 21:08:02+09:00
0,2,0,0,0,0,2020-11-10 23:37:46+09:00
0,1,0,0,0,0,2020-11-10 23:43:16+09:00
0,2,0,0,0,0,2020-11-11 00:06:58+09:00
0,0,0,0,0,0,2020-11-11 00:34:09+09:00
0,0,0,0,0,0,2020-11-11 01:09:57+09:00
0,0,0,0,0,0,2020-11-11 01:34:14+09:00
1,2,0,0,0,0,2020-11-11 02:21:24+09:00
0,0,0,0,0,0,2020-11-11 02:29:05+09:00
0,0,0,0,0,0,2020-11-11 03:13:50+09:00
0,0,0,0,0,0,2020-11-11 03:16:23+09:00
0,0,0,0,0,0,2020-11-11 03:17:09+09:00
0,0,0,0,0,0,2020-11-11 03:28:38+09:00
0,0,0,0,0,0,2020-11-11 04:15:27+09:00
0,0,0,0,0,0,2020-11-11 04:23:04+09:00
0,0,0,0,0,0,2020-11-11 04:27:21+09:00
0,0,0,0,0,0,2020-11-11 05:03:35+09:00
0,0,0,0,0,0,2020-11-11 05:05:26+09:00
0,1,0,0,0,0,2020-11-11 05:07:08+09:00
0,0,0,0,0,0,2020-11-11 05:11:14+09:00
0,0,0,0,0,0,2020-11-11 12:12:19+09:00
0,0,0,0,0,0,2020-11-11 12:25:35+09:00
0,0,0,0,0,0,2020-11-11 12:26:29+09:00
1,1,0,0,0,0,2020-11-11 20:52:20+09:00
1,2,0,0,0,0,2020-11-12 12:29:34+09:00
1,2,0,0,0,0,2020-11-12 13:57:56+09:00
1,2,0,0,0,0,2020-11-12 14:30:50+09:00
1,2,0,0,0,0,2020-11-12 15:08:07+09:00
0,0,0,0,0,0,2020-11-12 15:13:08+09:00
1,2,0,0,0,0,2020-11-12 15:36:44+09:00
0,1,0,0,0,0,2020-11-12 15:48:11+09:00
1,1,0,0,0,0,2020-11-12 15:59:11+09:00
0,0,0,0,0,0,2020-11-12 16:00:28+09:00
1,1,0,0,0,0,2020-11-12 16:34:02+09:00
0,1,0,0,0,0,2020-11-12 16:51:04+09:00
0,0,0,0,0,0,2020-11-12 17:22:02+09:00
0,0,0,0,0,0,2020-11-12 17:41:24+09:00
0,0,0,0,0,0,2020-11-12 17:50:53+09:00
0,0,0,0,0,0,2020-11-12 17:52:19+09:00
0,0,0,0,0,0,2020-11-12 19:36:45+09:00
0,0,0,0,0,0,2020-11-12 19:56:50+09:00
1,1,0,0,0,0,2020-11-12 20:09:09+09:00
0,0,0,0,0,0,2020-11-13 15:29:51+09:00
0,0,0,0,0,0,2020-11-14 00:33:45+09:00
0,0,0,0,0,0,2020-11-14 01:01:16+09:00
0,0,0,0,0,0,2020-11-14 01:12:14+09:00
0,0,0,0,0,0,2020-11-14 01:17:42+09:00
0,0,0,0,0,0,2020-11-14 01:24:07+09:00
0,0,0,0,0,0,2020-11-14 01:24:29+09:00
0,0,0,0,0,0,2020-11-14 01:42:07+09:00
0,0,0,0,0,0,2020-11-14 02:09:27+09:00
0,0,0,0,0,0,2020-11-14 02:10:48+09:00
0,0,0,0,0,0,2020-11-14 17:18:48+09:00
0,0,0,0,0,0,2020-11-14 17:37:44+09:00
0,0,0,0,0,0,2020-11-14 17:43:21+09:00
0,0,0,0,0,0,2020-11-16 11:52:53+09:00
0,0,0,0,0,0,2020-11-16 11:54:08+09:00
0,0,0,0,0,0,2020-11-16 11:54:28+09:00
0,1,0,0,0,0,2020-11-16 16:00:47+09:00
0,1,0,0,0,0,2020-11-16 16:32:00+09:00
0,0,0,0,0,0,2020-11-16 16:36:56+09:00
0,0,0,0,0,0,2020-11-16 16:51:17+09:00
0,0,0,0,0,0,2020-11-16 16:51:26+09:00
1,2,0,0,0,0,2020-11-17 18:04:44+09:00
0,0,0,0,0,0,2020-11-17 18:08:42+09:00
0,1,0,0,0,0,2020-11-17 21:33:23+09:00
1,2,0,0,0,0,2020-11-17 22:26:23+09:00
1,2,0,0,0,0,2020-11-17 23:07:16+09:00
0,0,0,0,0,0,2020-11-17 23:10:45+09:00
1,2,0,0,0,0,2020-11-17 23:16:19+09:00
1,2,0,0,0,0,2020-11-17 23:46:43+09:00
0,1,0,0,0,0,2020-11-17 23:54:05+09:00
0,1,0,0,0,0,2020-11-18 00:15:05+09:00
1,1,0,0,0,0,2020-11-18 00:23:45+09:00
1,2,0,0,0,0,2020-11-18 09:25:31+09:00
1,1,0,0,0,0,2020-11-18 09:48:10+09:00
1,2,0,0,0,0,2020-11-18 10:18:24+09:00
0,0,0,0,0,0,2020-11-18 10:37:55+09:00
1,2,0,0,0,0,2020-11-18 10:59:39+09:00
1,2,0,0,0,0,2020-11-18 11:39:04+09:00
1,2,0,0,0,0,2020-11-18 14:03:09+09:00
0,1,0,0,0,0,2020-11-18 14:13:53+09:00
1,2,0,0,0,0,2020-11-18 14:26:54+09:00
0,0,0,0,0,0,2020-11-18 14:32:44+09:00
0,1,0,0,0,0,2020-11-18 14:47:59+09:00
0,1,0,0,0,0,2020-11-18 15:27:55+09:00
0,0,0,0,0,0,2020-11-18 20:22:07+09:00
0,0,0,0,0,0,2020-11-18 20:26:15+09:00
0,0,0,0,0,0,2020-11-18 20:29:55+09:00
0,0,0,0,0,0,2020-11-18 21:32:04+09:00
0,0,0,0,0,0,2020-11-18 22:14:37+09:00
0,0,0,0,0,0,2020-11-19 00:19:07+09:00
0,0,0,0,0,0,2020-11-19 00:19:42+09:00
0,0,0,0,0,0,2020-11-19 00:24:10+09:00
0,0,0,0,0,0,2020-11-19 00:26:34+09:00
0,1,0,0,0,0,2020-11-19 00:29:48+09:00
0,0,0,0,0,0,2020-11-19 08:43:21+09:00
0,0,0,0,0,0,2020-11-19 08:47:42+09:00
0,0,0,0,0,0,2020-11-19 10:46:10+09:00
0,0,0,0,0,0,2020-11-19 10:52:16+09:00
0,0,0,0,0,0,2020-11-19 14:39:48+09:00
0,0,0,0,0,0,2020-11-19 15:03:40+09:00
0,0,0,0,0,0,2020-11-19 15:04:29+09:00
0,0,0,0,0,0,2020-11-19 15:04:49+09:00
0,0,0,0,0,0,2020-11-21 04:40:26+09:00
0,0,0,0,0,0,2020-11-22 02:19:16+09:00
0,0,0,0,0,0,2020-11-22 02:48:21+09:00
0,0,0,0,0,0,2020-11-22 03:00:53+09:00
0,0,0,0,0,0,2020-11-22 03:02:04+09:00
0,0,0,0,0,0,2020-11-22 19:28:58+09:00
0,0,0,0,0,0,2020-11-22 19:50:34+09:00
0,0,0,0,0,0,2020-11-23 02:01:26+09:00
0,0,0,0,0,0,2020-11-23 03:15:25+09:00
0,0,0,0,0,0,2020-11-23 17:40:12+09:00
0,0,0,0,0,0,2020-11-23 21:18:06+09:00
0,0,0,0,0,0,2020-11-23 21:19:51+09:00
0,0,0,0,0,0,2020-11-23 21:28:18+09:00
0,0,0,0,0,0,2020-11-24 01:59:02+09:00
0,0,0,0,0,0,2020-11-24 13:42:02+09:00
0,0,0,0,0,0,2020-11-28 15:20:21+09:00
1,2,0,0,0,0,2020-11-28 16:13:21+09:00
0,1,0,0,0,0,2020-11-28 16:23:08+09:00
0,0,0,0,0,0,2020-11-28 16:33:15+09:00
0,1,0,0,0,0,2020-11-28 16:48:33+09:00
0,1,0,0,0,0,2020-12-01 20:41:09+09:00
0,0,0,0,0,0,2020-12-02 06:23:42+09:00
0,0,0,0,0,0,2020-12-02 06:56:27+09:00
1,2,0,0,0,0,2020-12-02 10:42:11+09:00
0,0,0,0,0,0,2020-12-02 10:43:17+09:00
0,0,0,0,0,0,2020-12-02 11:13:03+09:00
0,0,0,0,0,0,2020-12-02 14:24:59+09:00
0,0,0,0,0,0,2020-12-02 14:27:37+09:00
0,1,0,0,0,0,2020-12-02 14:36:04+09:00
0,0,0,0,0,0,2020-12-02 17:32:54+09:00
0,0,0,0,0,0,2020-12-02 19:07:24+09:00
0,0,0,0,0,0,2020-12-02 19:11:58+09:00
0,1,0,0,0,0,2020-12-02 19:57:31+09:00
0,0,0,0,0,0,2020-12-02 19:58:23+09:00
0,1,0,0,0,0,2020-12-03 09:18:07+09:00
1,1,0,0,0,0,2020-12-03 09:54:45+09:00
1,2,0,0,0,0,2020-12-03 10:16:32+09:00
1,1,0,0,0,0,2020-12-03 10:30:47+09:00
1,2,0,0,0,0,2020-12-03 11:27:09+09:00
1,2,0,0,0,0,2020-12-03 11:52:53+09:00
1,2,0,0,0,0,2020-12-03 12:03:20+09:00
1,2,0,0,0,0,2020-12-03 12:50:52+09:00
1,1,0,0,0,0,2020-12-03 13:21:46+09:00
1,2,0,0,0,0,2020-12-03 14:02:17+09:00
1,1,0,0,0,0,2020-12-03 14:09:13+09:00
1,1,0,0,0,0,2020-12-03 14:22:41+09:00
1,1,0,0,0,0,2020-12-03 14:48:49+09:00
1,2,0,0,0,0,2020-12-03 15:27:54+09:00
1,2,0,0,0,0,2020-12-03 15:51:17+09:00
1,2,0,0,0,0,2020-12-03 16:01:55+09:00
0,0,0,0,0,0,2020-12-03 16:02:52+09:00
1,2,0,0,0,0,2020-12-03 16:17:54+09:00
1,2,0,0,0,0,2020-12-03 16:30:43+09:00
1,2,0,0,0,0,2020-12-03 16:39:45+09:00
1,2,0,0,0,0,2020-12-03 16:49:20+09:00
1,2,0,0,0,0,2020-12-03 18:20:58+09:00
1,2,0,0,0,0,2020-12-03 18:34:57+09:00
1,2,0,0,0,0,2020-12-03 19:19:51+09:00
0,0,0,0,0,0,2020-12-03 19:21:12+09:00
0,0,0,0,0,0,2020-12-03 19:43:04+09:00
0,0,0,0,0,0,2020-12-03 19:43:40+09:00
1,2,0,0,0,0,2020-12-03 20:53:10+09:00
1,2,0,0,0,0,2020-12-03 21:07:16+09:00
0,0,0,0,0,0,2020-12-03 21:09:23+09:00
1,2,0,0,0,0,2020-12-03 21:20:58+09:00
1,2,0,0,0,0,2020-12-03 21:59:03+09:00
1,2,0,0,0,0,2020-12-03 22:06:34+09:00
1,2,0,0,0,0,2020-12-03 22:24:02+09:00
1,2,0,0,0,0,2020-12-03 22:32:22+09:00
1,2,0,0,0,0,2020-12-03 22:56:53+09:00
1,2,0,0,0,0,2020-12-03 23:33:58+09:00
0,0,0,0,0,0,2020-12-03 23:36:05+09:00
1,2,0,0,0,0,2020-12-03 23:52:47+09:00
1,2,0,0,0,0,2020-12-04 00:00:57+09:00
1,2,0,0,0,0,2020-12-04 00:08:56+09:00
1,2,0,0,0,0,2020-12-04 00:24:20+09:00
0,0,0,0,0,0,2020-12-04 00:27:08+09:00
1,2,0,0,0,0,2020-12-04 00:44:23+09:00
1,2,0,0,0,0,2020-12-04 11:51:22+09:00
0,0,0,0,0,0,2020-12-04 12:00:48+09:00
1,1,0,0,0,0,2020-12-04 12:04:42+09:00
0,1,0,0,0,0,2020-12-04 12:31:55+09:00
0,0,0,0,0,0,2020-12-04 12:34:48+09:00
0,0,0,0,0,0,2020-12-04 15:26:46+09:00
0,0,0,0,0,0,2020-12-04 15:35:59+09:00
0,0,0,0,0,0,2020-12-04 17:22:14+09:00
0,0,0,0,0,0,2020-12-04 17:25:03+09:00
0,0,0,0,0,0,2020-12-04 22:05:46+09:00
0,0,0,0,0,0,2020-12-04 22:08:01+09:00
1,2,1,1,0,0,2020-12-05 01:06:09+09:00
1,1,1,1,0,0,2020-12-05 01:29:17+09:00
1,2,1,1,0,0,2020-12-05 02:52:12+09:00
1,1,0,0,0,0,2020-12-05 02:59:14+09:00
0,0,0,0,0,0,2020-12-05 02:59:55+09:00
1,2,0,0,0,0,2020-12-05 10:10:14+09:00
1,2,0,0,0,0,2020-12-05 13:44:30+09:00
0,0,0,0,0,0,2020-12-05 14:09:18+09:00
0,0,0,0,0,0,2020-12-05 22:47:10+09:00
0,0,0,0,0,0,2020-12-05 22:49:48+09:00
0,0,0,0,0,0,2020-12-06 01:37:25+09:00
0,0,0,0,0,0,2020-12-06 01:46:36+09:00
0,0,0,0,0,0,2020-12-06 01:47:37+09:00
0,0,0,0,0,0,2020-12-05 22:51:17+09:00
0,0,0,0,0,0,2020-12-06 02:40:18+09:00
0,0,0,0,0,0,2020-12-06 01:42:52+09:00
0,0,0,0,0,0,2020-12-06 03:10:07+09:00
0,0,0,0,0,0,2020-12-06 05:28:10+09:00
0,0,0,0,0,0,2020-12-06 10:01:03+09:00
0,0,0,0,0,0,2020-12-06 20:08:32+09:00
0,0,0,0,0,0,2020-12-06 20:10:19+09:00
0,0,0,0,0,0,2020-12-06 20:22:50+09:00
0,0,0,0,0,0,2020-12-06 20:24:40+09:00
0,0,0,0,0,0,2020-12-06 20:44:01+09:00
0,0,0,0,0,0,2020-12-06 20:45:17+09:00
0,0,0,0,0,0,2020-12-06 20:53:12+09:00
0,0,0,0,0,0,2020-12-07 00:00:58+09:00
0,0,0,0,0,0,2020-12-07 00:30:55+09:00
0,0,0,0,0,0,2020-12-07 00:47:14+09:00
0,0,1,1,0,0,2020-12-07 10:42:43+09:00
1,1,0,0,0,0,2020-12-07 10:48:20+09:00
0,0,0,0,0,0,2020-12-07 13:16:45+09:00
0,0,0,0,0,0,2020-12-08 13:50:27+09:00
0,0,0,0,0,0,2020-12-08 13:52:19+09:00
0,0,0,0,0,0,2020-12-08 14:05:37+09:00
0,0,0,0,0,0,2020-12-08 17:54:36+09:00
0,0,0,0,0,0,2020-12-08 18:52:47+09:00
0,1,0,0,0,0,2020-12-08 20:51:43+09:00
0,1,0,0,0,0,2020-12-08 21:08:29+09:00
0,0,0,0,0,0,2020-12-08 12:11:22+00:00
0,0,0,0,0,0,2020-12-08 21:57:34+09:00
0,0,0,0,0,0,2020-12-08 22:02:04+09:00
0,0,0,0,0,0,2020-12-10 13:59:40+09:00
0,0,0,0,0,0,2020-12-10 14:01:59+09:00
0,0,0,0,0,0,2020-12-10 14:20:18+09:00
0,0,0,0,0,0,2020-12-10 14:27:13+09:00
0,0,0,0,0,0,2020-12-10 14:30:11+09:00
0,0,0,0,0,0,2020-12-10 14:35:23+09:00
0,0,0,0,0,0,2020-12-10 14:37:21+09:00
0,0,0,0,0,0,2020-12-10 15:01:31+09:00
0,0,0,0,0,0,2020-12-10 15:05:14+09:00
0,1,0,0,0,0,2020-12-10 15:05:39+09:00
0,0,0,0,0,0,2020-12-10 15:09:02+09:00
0,0,0,0,0,0,2020-12-10 15:11:36+09:00
0,0,0,0,0,0,2020-12-10 15:13:05+09:00
0,0,0,0,0,0,2020-12-10 15:24:19+09:00
0,0,0,0,0,0,2020-12-10 15:24:56+09:00
0,0,0,0,0,0,2020-12-07 00:00:58+09:00
0,0,0,0,0,0,2020-12-07 00:30:55+09:00
0,0,0,0,0,0,2020-12-07 00:47:14+09:00
0,0,0,0,0,0,2020-12-08 17:54:36+09:00
0,0,0,0,0,0,2020-12-08 18:52:47+09:00
0,1,0,0,0,0,2020-12-08 20:51:43+09:00
0,1,0,0,0,0,2020-12-08 21:08:29+09:00
0,0,0,0,0,0,2020-12-08 12:11:22+00:00
0,0,0,0,0,0,2020-12-08 21:57:34+09:00
0,0,0,0,0,0,2020-12-08 22:02:04+09:00
0,0,0,0,0,0,2020-12-10 15:41:02+09:00
0,0,0,0,0,0,2020-12-10 15:41:36+09:00
1,2,0,0,0,0,2020-12-10 16:04:05+09:00
0,0,0,0,0,0,2020-12-10 16:44:08+09:00
0,0,0,0,0,0,2020-12-10 16:46:45+09:00
0,0,0,0,0,0,2020-12-10 18:17:45+09:00
0,0,0,0,0,0,2020-12-10 18:25:21+09:00
0,1,0,0,0,0,2020-12-10 18:36:41+09:00
0,0,0,0,0,0,2020-12-10 18:37:09+09:00
0,1,0,0,0,0,2020-12-10 18:40:25+09:00
0,1,0,0,0,0,2020-12-10 23:01:33+09:00
0,0,0,0,0,0,2020-12-11 19:01:15+09:00
0,0,0,0,0,0,2020-12-11 19:04:26+09:00
1,1,0,0,0,0,2020-12-11 21:08:01+09:00
0,0,0,0,0,0,2020-12-12 01:34:00+09:00
0,0,0,0,0,0,2020-12-12 01:52:09+09:00
0,0,0,0,0,0,2020-12-12 02:07:07+09:00
0,0,0,0,0,0,2020-12-12 04:50:30+09:00
0,0,0,0,0,0,2020-12-12 05:06:11+09:00
0,0,0,0,0,0,2020-12-12 13:26:48+09:00
0,0,0,0,0,0,2020-12-12 13:29:04+09:00
0,0,0,0,0,0,2020-12-12 13:29:55+09:00
0,0,0,0,0,0,2020-12-12 13:32:26+09:00
0,0,0,0,0,0,2020-12-12 13:32:41+09:00
0,0,0,0,0,0,2020-12-12 13:34:06+09:00
0,0,0,0,0,0,2020-12-12 15:13:11+09:00
0,0,0,0,0,0,2020-12-12 15:13:45+09:00
0,0,0,0,0,0,2020-12-12 15:53:27+09:00
0,0,0,0,0,0,2020-12-12 16:14:39+09:00
0,0,0,0,0,0,2020-12-12 16:15:44+09:00
0,0,0,0,0,0,2020-12-12 16:56:23+09:00
0,0,0,0,0,0,2020-12-12 17:14:17+09:00
0,0,0,0,0,0,2020-12-12 17:56:20+09:00
0,0,0,0,0,0,2020-12-12 18:33:49+09:00
0,0,0,0,0,0,2020-12-13 12:47:16+09:00
0,0,0,0,0,0,2020-12-14 05:00:59+09:00
0,0,0,0,0,0,2020-12-14 18:55:01+09:00
1,2,0,0,0,0,2020-12-14 23:09:54+09:00
0,0,0,0,0,0,2020-12-14 23:14:14+09:00
0,1,0,0,0,0,2020-12-14 23:20:30+09:00
0,0,0,0,0,0,2020-12-14 23:21:19+09:00
0,0,0,0,0,0,2020-12-15 13:01:20+09:00
0,0,0,0,0,0,2020-12-15 13:05:17+09:00
0,0,0,0,0,0,2020-12-15 13:07:32+09:00
1,2,0,0,0,0,2020-12-15 13:07:58+09:00
0,0,0,0,0,0,2020-12-15 13:08:28+09:00
0,0,0,0,0,0,2020-12-15 15:38:39+09:00
0,0,0,0,0,0,2020-12-15 15:39:57+09:00
0,0,0,0,0,0,2020-12-15 18:15:48+09:00
0,0,0,0,0,0,2020-12-15 19:02:42+09:00
0,0,0,0,0,0,2020-12-15 19:03:06+09:00
0,0,0,0,0,0,2020-12-15 19:07:31+09:00
0,0,0,0,0,0,2020-12-15 19:08:04+09:00
0,0,0,0,0,0,2020-12-15 19:56:31+09:00
0,0,0,0,0,0,2020-12-15 20:00:10+09:00
0,0,0,0,0,0,2020-12-15 20:24:17+09:00
0,0,0,0,0,0,2020-12-15 20:29:02+09:00
0,0,0,0,0,0,2020-12-15 20:33:39+09:00
0,0,0,0,0,0,2020-12-15 20:35:26+09:00
0,0,0,0,0,0,2020-12-15 20:35:37+09:00
0,0,0,0,0,0,2020-12-15 21:03:37+09:00
0,0,0,0,0,0,2020-12-15 21:04:54+09:00
0,0,0,0,0,0,2020-12-15 21:34:20+09:00
1,2,1,1,0,0,2020-12-15 23:16:09+09:00
0,0,0,0,0,0,2020-12-15 23:17:38+09:00
0,0,0,0,0,0,2020-12-15 23:17:49+09:00
0,1,0,0,0,0,2020-12-15 23:28:20+09:00
0,0,0,0,0,0,2020-12-15 23:29:57+09:00
0,0,0,0,0,0,2020-12-15 23:31:27+09:00
0,1,0,0,0,0,2020-12-15 23:34:21+09:00
0,0,0,0,0,0,2020-12-15 23:34:24+09:00
0,0,0,0,0,0,2020-12-16 00:07:21+09:00
0,0,0,0,0,0,2020-12-16 00:08:48+09:00
0,0,0,0,0,0,2020-12-16 02:06:42+09:00
0,0,0,0,0,0,2020-12-16 02:07:36+09:00
0,0,0,0,0,0,2020-12-16 02:20:33+09:00
0,0,0,0,0,0,2020-12-16 02:21:44+09:00
0,0,0,0,0,0,2020-12-16 02:22:09+09:00
0,0,0,0,0,0,2020-12-16 02:28:30+09:00
0,0,0,0,0,0,2020-12-16 05:37:32+09:00
1,2,0,0,0,0,2020-12-16 09:04:15+09:00
0,0,0,0,0,0,2020-12-16 09:33:11+09:00
1,1,0,0,0,0,2020-12-16 09:47:03+09:00
0,1,1,1,0,0,2020-12-16 10:02:28+09:00
0,0,1,1,0,0,2020-12-16 10:09:44+09:00
0,0,0,0,0,0,2020-12-16 10:13:32+09:00
0,0,0,0,0,0,2020-12-16 10:13:44+09:00
0,1,1,1,0,0,2020-12-16 10:14:35+09:00
0,0,1,1,0,0,2020-12-16 10:21:50+09:00
0,0,0,0,0,0,2020-12-16 10:22:51+09:00
0,0,0,0,0,0,2020-12-15 20:37:59+09:00
0,0,0,0,0,0,2020-12-15 21:15:26+09:00
0,0,0,0,0,0,2020-12-15 21:53:18+09:00
0,0,0,0,0,0,2020-12-16 10:09:23+09:00
0,0,1,1,0,0,2020-12-16 10:33:30+09:00
0,1,1,1,0,0,2020-12-16 11:00:27+09:00
0,0,0,0,0,0,2020-12-16 11:04:44+09:00
0,0,0,0,0,0,2020-12-16 11:27:47+09:00
0,0,0,0,0,0,2020-12-16 11:29:09+09:00
0,0,0,0,0,0,2020-12-16 12:18:01+09:00
0,0,0,0,0,0,2020-12-16 12:18:38+09:00
0,0,0,0,0,0,2020-12-16 12:31:25+09:00
0,0,0,0,0,0,2020-12-16 12:32:14+09:00
0,0,0,0,0,0,2020-12-16 12:44:52+09:00
0,0,0,0,0,0,2020-12-16 12:45:44+09:00
0,0,0,0,0,0,2020-12-16 12:49:18+09:00
0,0,0,0,0,0,2020-12-16 12:52:13+09:00
1,2,1,1,0,0,2020-12-16 13:35:25+09:00
0,0,0,0,0,0,2020-12-16 13:35:52+09:00
0,0,0,0,0,0,2020-12-16 13:40:41+09:00
0,0,0,0,0,0,2020-12-16 13:49:26+09:00
0,0,0,0,0,0,2020-12-16 13:50:35+09:00
0,0,0,0,0,0,2020-12-16 13:51:18+09:00
0,0,0,0,0,0,2020-12-16 13:53:42+09:00
0,0,0,0,0,0,2020-12-16 14:32:40+09:00
0,0,0,0,0,0,2020-12-16 14:35:10+09:00
0,0,0,0,0,0,2020-12-16 14:49:32+09:00
0,0,0,0,0,0,2020-12-16 14:50:31+09:00
0,0,0,0,0,0,2020-12-16 15:13:16+09:00
0,0,0,0,0,0,2020-12-16 15:14:05+09:00
0,0,0,0,0,0,2020-12-16 15:45:31+09:00
0,0,0,0,0,0,2020-12-16 16:01:47+09:00
0,0,0,0,0,0,2020-12-16 16:02:13+09:00
0,0,0,0,0,0,2020-12-16 16:17:32+09:00
0,0,0,0,0,0,2020-12-16 16:18:22+09:00
0,0,0,0,0,0,2020-12-16 16:18:32+09:00
0,0,0,0,0,0,2020-12-16 16:20:53+09:00
0,0,0,0,0,0,2020-12-16 16:22:49+09:00
0,0,0,0,0,0,2020-12-16 16:43:41+09:00
0,0,0,0,0,0,2020-12-16 16:43:35+09:00
0,0,0,0,0,0,2020-12-16 16:44:30+09:00
0,0,0,0,0,0,2020-12-16 16:44:38+09:00
0,0,0,0,0,0,2020-12-16 16:51:37+09:00
0,0,0,0,0,0,2020-12-16 16:59:39+09:00
0,0,0,0,0,0,2020-12-16 17:02:53+09:00
0,0,0,0,0,0,2020-12-16 22:30:16+09:00
0,0,0,0,0,0,2020-12-17 05:29:25+09:00
0,0,0,0,0,0,2020-12-17 05:30:42+09:00
0,0,0,0,0,0,2020-12-17 06:21:04+09:00
0,0,0,0,0,0,2020-12-17 07:04:01+09:00
0,0,0,0,0,0,2020-12-17 07:02:18+09:00
0,0,0,0,0,0,2020-12-17 07:28:15+09:00
0,0,0,0,0,0,2020-12-17 07:37:25+09:00
0,0,0,0,0,0,2020-12-17 07:58:40+09:00
0,0,0,0,0,0,2020-12-17 07:59:50+09:00
0,0,0,0,0,0,2020-12-17 10:17:58+09:00
0,0,0,0,0,0,2020-12-17 10:18:39+09:00
0,0,0,0,0,0,2020-12-17 10:57:11+09:00
0,0,0,0,0,0,2020-12-17 10:57:42+09:00
0,0,1,1,0,0,2020-12-17 11:42:21+09:00
0,1,1,1,0,0,2020-12-17 12:46:05+09:00
0,1,1,1,0,0,2020-12-17 14:18:48+09:00
0,1,1,1,0,0,2020-12-17 14:55:46+09:00
0,0,0,0,0,0,2020-12-17 15:25:10+09:00
0,0,0,0,0,0,2020-12-17 15:26:12+09:00
0,0,0,0,0,0,2020-12-17 14:29:26+09:00
0,0,0,0,0,0,2020-12-17 15:25:36+09:00
0,0,0,0,0,0,2020-12-17 15:28:34+09:00
0,0,0,0,0,0,2020-12-17 15:41:17+09:00
0,0,0,0,0,0,2020-12-17 15:42:57+09:00
0,0,0,0,0,0,2020-12-17 15:50:59+09:00
0,0,0,0,0,0,2020-12-17 15:52:44+09:00
0,0,0,0,0,0,2020-12-17 15:53:34+09:00
0,0,0,0,0,0,2020-12-17 15:53:41+09:00
0,0,0,0,0,0,2020-12-17 15:59:00+09:00
0,0,0,0,0,0,2020-12-17 16:00:10+09:00
0,0,0,0,0,0,2020-12-17 16:01:29+09:00
0,1,1,1,0,0,2020-12-17 16:01:32+09:00
0,0,0,0,0,0,2020-12-17 16:01:43+09:00
0,0,0,0,0,0,2020-12-17 16:02:11+09:00
0,0,0,0,0,0,2020-12-17 16:02:32+09:00
0,0,0,0,0,0,2020-12-17 16:03:45+09:00
0,0,0,0,0,0,2020-12-17 16:04:44+09:00
0,0,0,0,0,0,2020-12-17 16:05:15+09:00
0,0,0,0,0,0,2020-12-17 16:05:29+09:00
0,0,0,0,0,0,2020-12-17 16:09:17+09:00
0,0,0,0,0,0,2020-12-17 16:10:39+09:00
0,2,1,1,0,0,2020-12-17 16:41:16+09:00
0,0,0,0,0,0,2020-12-17 16:46:03+09:00
0,0,0,0,0,0,2020-12-17 16:48:54+09:00
0,0,0,0,0,0,2020-12-17 17:17:25+09:00
0,0,0,0,0,0,2020-12-17 17:17:58+09:00
0,0,0,0,0,0,2020-12-17 17:20:05+09:00
0,0,0,0,0,0,2020-12-17 17:22:30+09:00
0,0,0,0,0,0,2020-12-17 16:54:56+09:00
0,0,0,0,0,0,2020-12-17 17:22:46+09:00
0,0,0,0,0,0,2020-12-17 17:24:54+09:00
0,0,0,0,0,0,2020-12-17 17:27:23+09:00
0,0,0,0,0,0,2020-12-17 17:29:03+09:00
0,0,0,0,0,0,2020-12-17 17:31:21+09:00
0,0,0,0,0,0,2020-12-17 17:31:44+09:00
0,0,0,0,0,0,2020-12-17 17:34:45+09:00
0,0,0,0,0,0,2020-12-17 17:35:21+09:00
0,0,0,0,0,0,2020-12-17 17:36:08+09:00
0,0,0,0,0,0,2020-12-17 17:48:02+09:00
0,0,0,0,0,0,2020-12-17 17:48:50+09:00
0,1,0,0,0,0,2020-12-17 20:42:26+09:00
0,0,0,0,0,0,2020-12-17 20:42:38+09:00
0,1,0,0,0,0,2020-12-17 20:53:26+09:00
0,0,0,0,0,0,2020-12-18 08:09:20+09:00
0,0,0,0,0,0,2020-12-18 08:09:43+09:00
0,0,0,0,0,0,2020-12-18 11:54:13+09:00
0,0,0,0,0,0,2020-12-18 11:55:14+09:00
0,0,0,0,0,0,2020-12-18 11:56:20+09:00
0,0,0,0,0,0,2020-12-18 12:18:57+09:00
0,2,1,1,0,0,2020-12-18 12:44:00+09:00
0,0,0,0,0,0,2020-12-18 12:48:12+09:00
0,0,0,0,0,0,2020-12-18 13:09:51+09:00
0,0,0,0,0,0,2020-12-18 13:35:20+09:00
0,0,0,0,0,0,2020-12-18 13:37:21+09:00
0,0,0,0,0,0,2020-12-18 13:44:47+09:00
0,0,0,0,0,0,2020-12-18 13:44:52+09:00
0,0,0,0,0,0,2020-12-18 13:46:16+09:00
0,0,0,0,0,0,2020-12-17 17:37:03+09:00
0,0,0,0,0,0,2020-12-18 15:04:49+09:00
0,0,0,0,0,0,2020-12-18 15:12:18+09:00
0,0,0,0,0,0,2020-12-18 15:44:59+09:00
0,0,0,0,0,0,2020-12-18 15:46:13+09:00
0,0,0,0,0,0,2020-12-18 16:16:18+09:00
0,0,0,0,0,0,2020-12-18 16:17:27+09:00
