Acquisition,Preparation,Modeling,Training,Evaluation,Prediction,time
0,0,0,0,0,0,2016-06-28 18:20:36-04:00
1,3,0,1,0,0,2016-06-28 19:07:29-04:00
1,1,1,1,0,0,2016-06-28 19:11:12-04:00
0,1,0,0,0,0,2016-06-28 19:23:39-04:00
2,2,1,2,0,0,2016-06-28 19:34:06-04:00
2,2,1,2,0,0,2016-06-29 14:57:28-04:00
0,1,0,0,0,0,2016-06-29 15:09:34-04:00
1,1,1,1,0,0,2016-06-29 15:43:14-04:00
2,3,1,2,0,0,2016-06-29 16:17:55-04:00
2,2,1,2,0,0,2016-06-29 16:48:52-04:00
2,2,1,2,0,0,2016-06-29 16:54:53-04:00
0,0,0,0,0,0,2016-06-29 17:00:01-04:00
0,0,0,0,0,0,2016-06-29 17:02:59-04:00
0,0,0,0,0,0,2016-06-29 17:04:26-04:00
2,2,1,2,0,0,2016-06-30 12:25:28-04:00
0,0,0,0,0,0,2016-06-30 12:26:15-04:00
2,2,2,2,0,0,2016-06-30 15:03:42-04:00
3,3,1,3,0,0,2016-06-30 15:09:47-04:00
1,1,1,1,0,0,2016-06-30 15:14:35-04:00
3,3,1,3,0,0,2016-06-30 15:16:51-04:00
1,1,1,1,0,0,2016-06-30 15:36:45-04:00
1,2,2,2,0,0,2016-06-30 15:47:08-04:00
2,2,2,2,0,0,2016-06-30 15:48:08-04:00
1,1,1,1,0,0,2016-06-30 15:49:25-04:00
0,0,0,0,0,0,2016-06-30 16:20:07-04:00
1,2,2,2,0,0,2016-06-30 18:52:22-04:00
2,2,2,2,0,0,2016-07-01 12:29:24-04:00
1,1,1,1,0,0,2016-07-01 18:46:55-04:00
0,0,0,0,0,0,2016-07-01 19:49:59-04:00
1,1,1,1,0,0,2016-07-05 12:45:59-04:00
1,1,1,1,0,0,2016-07-05 15:39:31-04:00
1,1,1,1,0,0,2016-07-06 11:56:15-04:00
2,2,2,2,0,0,2016-07-06 19:59:33-04:00
1,1,1,1,0,0,2016-07-06 20:32:53-04:00
0,0,0,0,0,0,2016-07-07 14:31:13-04:00
0,1,0,0,0,0,2016-07-07 17:52:29-04:00
0,1,0,0,0,0,2016-07-07 20:24:02-04:00
0,0,0,0,0,0,2016-07-07 20:25:33-04:00
0,0,0,0,0,0,2016-07-08 14:20:56-04:00
0,0,0,0,0,0,2016-07-08 14:38:20-04:00
0,0,0,0,0,0,2016-07-08 15:13:25-04:00
0,0,0,0,0,0,2016-07-08 15:23:37-04:00
0,0,0,0,0,0,2016-07-08 15:24:37-04:00
0,0,0,0,0,0,2016-07-08 15:26:19-04:00
0,0,0,0,0,0,2016-07-08 16:47:25-04:00
0,0,0,0,0,0,2016-07-11 15:12:21-04:00
0,0,0,0,0,0,2016-07-13 12:07:20-04:00
0,0,0,0,0,0,2016-07-13 16:36:19-04:00
2,2,1,2,0,0,2016-07-13 16:39:51-04:00
0,0,0,0,0,0,2016-07-15 14:47:33-04:00
1,0,0,0,0,0,2016-07-15 15:06:31-04:00
0,0,0,0,0,0,2016-07-15 15:12:10-04:00
0,0,0,0,0,0,2016-07-15 15:17:05-04:00
0,0,0,0,0,0,2016-07-15 15:29:22-04:00
0,0,0,0,0,0,2016-07-15 15:48:21-04:00
0,0,0,0,0,0,2016-07-15 15:51:49-04:00
0,0,0,0,0,0,2016-07-15 16:31:43-04:00
1,1,1,1,0,0,2016-07-15 16:45:31-04:00
0,0,0,0,0,0,2016-07-15 16:47:09-04:00
0,0,0,0,0,0,2016-07-15 13:49:05-07:00
0,0,0,0,0,0,2016-07-15 17:06:24-04:00
0,0,0,0,0,0,2016-07-15 17:07:23-04:00
0,0,0,0,0,0,2016-07-15 17:11:00-04:00
0,0,0,0,0,0,2016-07-15 17:14:55-04:00
0,0,0,0,0,0,2016-07-15 17:16:16-04:00
0,0,0,0,0,0,2016-07-15 17:18:43-04:00
0,0,0,0,0,0,2016-07-15 17:20:00-04:00
0,0,0,0,0,0,2016-07-15 20:03:43-04:00
0,0,0,0,0,0,2016-07-25 14:15:46-04:00
0,0,0,0,0,0,2016-07-25 16:51:45-04:00
0,0,0,0,0,0,2016-07-25 17:18:04-04:00
0,0,0,0,0,0,2016-07-28 18:22:53-04:00
