Acquisition,Preparation,Modeling,Training,Evaluation,Prediction,time
0,0,0,0,0,0,2016-03-26 00:54:21+01:00
0,0,0,0,0,0,2016-04-07 18:53:57+02:00
0,0,0,0,0,0,2016-04-07 18:58:11+02:00
0,0,0,0,0,0,2016-04-07 19:39:45+02:00
0,0,0,0,0,0,2016-04-07 19:45:40+02:00
0,0,0,0,0,0,2016-04-07 19:54:18+02:00
0,0,0,0,0,0,2016-04-07 19:57:47+02:00
0,0,0,0,0,0,2016-04-08 16:56:51+02:00
0,0,0,0,0,0,2016-04-08 17:41:06+02:00
0,0,0,0,0,0,2016-04-08 17:55:18+02:00
0,0,0,0,0,0,2016-04-08 17:57:05+02:00
0,0,0,0,0,0,2016-04-08 18:13:53+02:00
0,0,0,0,0,0,2016-04-08 18:16:46+02:00
0,0,0,0,0,0,2016-04-08 18:17:19+02:00
0,0,0,0,0,0,2016-04-08 18:19:54+02:00
0,0,0,0,0,0,2016-04-08 18:34:36+02:00
0,0,0,0,0,0,2016-04-08 18:58:05+02:00
0,0,0,0,0,0,2016-04-08 19:29:48+02:00
0,0,0,0,0,0,2016-04-08 19:30:56+02:00
0,0,0,0,0,0,2016-04-08 19:32:29+02:00
0,0,0,0,0,0,2016-04-08 19:52:11+02:00
0,0,0,0,0,0,2016-04-08 20:07:42+02:00
0,0,0,0,0,0,2016-04-08 20:16:23+02:00
0,0,0,0,0,0,2016-04-08 20:35:29+02:00
0,0,0,0,0,0,2016-04-08 20:48:02+02:00
0,0,0,0,0,0,2016-04-08 20:52:41+02:00
0,0,0,0,0,0,2016-04-08 20:59:02+02:00
0,0,0,0,0,0,2016-04-08 21:07:11+02:00
0,0,0,0,0,0,2016-04-08 21:20:56+02:00
0,0,0,0,0,0,2016-04-08 21:48:06+02:00
1,0,0,0,0,0,2016-04-16 17:10:56+02:00
1,0,0,0,0,0,2016-04-16 17:34:29+02:00
1,1,0,0,0,0,2016-04-19 16:05:41+02:00
1,1,0,0,0,0,2016-04-19 16:25:56+02:00
1,1,0,0,0,0,2016-04-19 17:14:24+02:00
1,1,0,0,0,0,2016-04-19 17:46:26+02:00
1,1,0,0,0,0,2016-04-19 18:00:48+02:00
1,1,1,0,0,1,2016-04-19 18:53:41+02:00
1,1,1,0,0,1,2016-04-19 18:55:47+02:00
1,1,1,0,0,1,2016-04-19 23:24:05+02:00
1,1,1,0,0,1,2016-04-19 23:38:59+02:00
1,1,1,0,0,1,2016-04-19 23:45:11+02:00
1,1,1,0,0,1,2016-04-20 03:39:23+02:00
1,1,1,1,0,1,2016-04-20 04:37:59+02:00
1,1,1,1,0,1,2016-04-20 14:57:13+02:00
1,1,1,1,0,1,2016-04-20 15:13:21+02:00
1,1,1,1,0,1,2016-04-20 15:26:56+02:00
1,1,1,1,0,1,2016-04-20 16:07:44+02:00
1,1,1,1,0,1,2016-04-20 16:44:16+02:00
1,1,1,1,0,1,2016-04-20 16:57:15+02:00
1,1,1,1,0,1,2016-04-22 19:43:09+02:00
0,0,0,0,0,0,2016-04-29 16:54:07+02:00
1,1,1,1,0,1,2016-04-29 16:54:32+02:00
1,3,2,2,0,2,2016-04-29 17:22:14+02:00
1,2,1,0,0,1,2016-04-29 18:31:47+02:00
1,3,2,1,0,2,2016-04-29 23:41:20+02:00
1,3,2,1,0,2,2016-04-30 00:12:19+02:00
0,0,1,1,0,1,2016-04-30 01:22:08+02:00
0,0,0,0,0,0,2016-04-30 01:50:49+02:00
0,1,1,0,0,1,2016-04-30 02:10:52+02:00
0,1,1,0,0,1,2016-04-30 02:46:52+02:00
0,1,1,0,0,1,2016-04-30 03:22:58+02:00
0,1,1,0,0,1,2016-04-30 03:32:46+02:00
0,1,2,1,0,2,2016-04-30 04:50:08+02:00
0,0,1,1,0,1,2016-04-30 15:33:41+02:00
0,1,1,0,0,1,2016-04-30 15:41:59+02:00
0,1,1,0,0,1,2016-05-01 17:19:55+02:00
0,1,1,0,0,1,2016-05-01 17:22:11+02:00
0,1,1,0,0,1,2016-05-01 18:32:23+02:00
0,1,1,0,0,1,2016-05-01 18:34:09+02:00
0,0,0,0,0,0,2016-05-02 17:28:29+02:00
0,1,1,0,0,1,2016-05-02 17:29:12+02:00
0,1,1,0,0,1,2016-05-02 20:57:36+02:00
0,0,1,1,0,1,2016-05-04 01:07:49+02:00
1,0,1,1,0,1,2016-05-09 23:15:14+02:00
1,2,2,1,0,2,2016-05-10 02:51:07+02:00
0,0,0,0,0,0,2016-05-10 03:58:44+02:00
0,0,0,0,0,0,2016-05-10 14:24:23+02:00
0,2,1,0,0,1,2016-05-10 14:59:41+02:00
0,2,1,0,0,1,2016-05-10 18:23:35+02:00
1,2,1,0,0,1,2016-05-10 19:48:34+02:00
0,1,0,0,0,0,2016-05-10 20:20:19+02:00
0,1,1,0,0,1,2016-05-10 20:20:44+02:00
0,1,1,0,0,1,2016-05-10 21:10:04+02:00
0,2,2,1,0,2,2016-05-11 03:27:48+02:00
0,2,2,1,0,2,2016-05-11 03:27:48+02:00
0,0,0,0,0,0,2016-05-11 13:45:54+02:00
0,0,0,0,0,0,2016-05-19 15:04:29+02:00
0,0,0,0,0,0,2016-05-30 02:34:07+02:00
0,0,0,0,0,0,2016-05-30 02:35:16+02:00
0,0,0,0,0,0,2016-05-30 02:36:42+02:00
0,0,0,0,0,0,2016-06-01 18:19:05+02:00
1,0,0,0,0,0,2016-06-01 18:28:00+02:00
0,0,0,0,0,0,2016-06-01 18:34:14+02:00
0,0,0,0,0,0,2016-06-02 19:53:33+02:00
0,0,0,0,0,0,2016-06-02 19:53:52+02:00
0,0,1,1,0,1,2016-06-02 19:56:49+02:00
1,1,0,0,0,0,2016-06-02 19:58:03+02:00
0,0,0,0,0,0,2016-06-02 19:59:18+02:00
0,1,1,0,0,1,2016-06-02 20:00:36+02:00
1,1,0,0,0,0,2016-06-02 20:01:14+02:00
0,0,0,0,0,0,2016-06-03 19:24:15+02:00
0,1,0,0,0,0,2016-06-14 20:33:32+02:00
0,0,1,1,0,1,2016-08-22 20:46:44+02:00
0,0,0,0,0,0,2017-06-14 15:04:30+02:00
0,0,0,0,0,0,2017-06-14 15:12:37+02:00
0,0,0,0,0,0,2017-06-14 16:35:36+02:00
