Acquisition,Preparation,Modeling,Training,Evaluation,Prediction,time
0,0,0,0,0,0,2018-11-07 16:44:01+01:00
0,0,0,0,0,0,2018-11-07 16:44:01+01:00
0,0,0,0,0,0,2019-01-22 19:34:02+01:00
0,0,0,0,0,0,2019-01-22 19:34:02+01:00
0,0,0,0,0,0,2019-02-13 10:48:37+01:00
0,0,0,0,0,0,2019-02-13 10:48:37+01:00
0,0,0,0,0,0,2019-02-13 10:51:24+01:00
0,0,0,0,0,0,2019-02-13 10:51:24+01:00
1,10,5,5,0,2,2019-02-13 10:56:44+01:00
1,10,5,5,0,2,2019-02-13 10:56:44+01:00
0,0,0,0,0,0,2019-02-23 11:36:41+01:00
0,0,0,0,0,0,2019-02-23 11:36:41+01:00
1,1,0,0,0,0,2019-02-25 23:15:18+01:00
1,1,0,0,0,0,2019-02-25 23:15:18+01:00
1,1,0,0,0,0,2019-02-26 23:06:32+01:00
1,1,0,0,0,0,2019-02-26 23:06:32+01:00
0,0,0,0,0,0,2019-02-27 14:32:22+01:00
0,0,0,0,0,0,2019-02-27 14:32:22+01:00
1,0,0,1,0,0,2019-02-27 15:21:06+01:00
1,0,0,1,0,0,2019-02-27 15:21:06+01:00
0,0,0,0,0,0,2019-02-27 16:43:10+01:00
0,0,0,0,0,0,2019-02-27 16:43:10+01:00
0,0,0,0,0,0,2019-02-27 18:58:16+01:00
0,0,0,0,0,0,2019-02-27 18:58:16+01:00
0,0,0,0,0,0,2019-03-03 15:57:12+01:00
0,0,0,0,0,0,2019-03-03 15:57:12+01:00
1,1,0,0,0,0,2019-03-03 18:48:49+01:00
1,1,0,0,0,0,2019-03-03 18:48:49+01:00
0,0,0,0,0,0,2019-03-03 18:49:28+01:00
0,0,0,0,0,0,2019-03-03 18:49:28+01:00
0,1,0,0,0,0,2019-03-05 18:01:31+01:00
0,1,0,0,0,0,2019-03-05 18:01:31+01:00
1,0,0,2,0,0,2019-03-05 18:02:23+01:00
1,0,0,2,0,0,2019-03-05 18:02:23+01:00
0,0,0,0,0,0,2019-03-05 18:02:41+01:00
0,0,0,0,0,0,2019-03-05 18:02:41+01:00
0,0,0,0,0,0,2019-03-05 18:17:20+01:00
0,0,0,0,0,0,2019-03-05 18:17:20+01:00
2,2,0,2,0,1,2019-03-05 21:13:07+01:00
2,2,0,2,0,1,2019-03-05 21:13:07+01:00
0,0,0,0,0,0,2019-03-05 21:19:16+01:00
0,0,0,0,0,0,2019-03-05 21:19:16+01:00
0,1,0,1,0,0,2019-03-05 23:44:01+01:00
0,1,0,1,0,0,2019-03-05 23:44:01+01:00
0,0,0,0,0,0,2019-03-06 15:49:08+01:00
0,0,0,0,0,0,2019-03-06 15:49:08+01:00
0,0,0,0,0,0,2019-03-06 15:53:06+01:00
0,0,0,0,0,0,2019-03-06 15:53:06+01:00
0,0,0,0,0,0,2019-03-06 15:54:16+01:00
0,0,0,0,0,0,2019-03-06 15:54:16+01:00
0,0,0,0,0,0,2019-03-06 16:15:34+01:00
0,0,0,0,0,0,2019-03-06 16:15:34+01:00
0,1,0,0,0,0,2019-03-06 16:38:18+01:00
0,1,0,0,0,0,2019-03-06 16:38:18+01:00
0,2,0,0,0,0,2019-03-07 20:18:47+01:00
0,2,0,0,0,0,2019-03-07 20:18:47+01:00
0,1,0,0,0,0,2019-03-10 14:07:50+01:00
0,1,0,0,0,0,2019-03-10 14:07:50+01:00
0,1,0,0,0,0,2019-03-10 17:11:56+01:00
0,1,0,0,0,0,2019-03-10 17:11:56+01:00
1,2,0,2,0,1,2019-03-11 22:59:29+01:00
1,2,0,2,0,1,2019-03-11 22:59:29+01:00
1,1,0,0,0,0,2019-03-11 23:15:24+01:00
1,1,0,0,0,0,2019-03-11 23:15:24+01:00
0,0,0,0,0,0,2019-03-11 23:24:46+01:00
0,0,0,0,0,0,2019-03-11 23:24:46+01:00
0,0,0,0,0,0,2019-03-12 13:23:56+01:00
0,0,0,0,0,0,2019-03-12 13:23:56+01:00
1,1,0,0,0,0,2019-03-12 16:34:13+01:00
1,1,0,0,0,0,2019-03-12 16:34:13+01:00
2,2,0,1,0,0,2019-03-12 17:47:33+01:00
2,2,0,1,0,0,2019-03-12 17:47:33+01:00
0,0,0,0,0,0,2019-03-13 15:40:31+01:00
0,0,0,0,0,0,2019-03-13 15:40:31+01:00
0,0,0,0,0,0,2019-03-13 15:54:57+01:00
0,0,0,0,0,0,2019-03-13 15:54:57+01:00
0,0,0,0,0,0,2019-03-13 15:55:51+01:00
0,0,0,0,0,0,2019-03-13 15:55:51+01:00
0,0,0,0,0,0,2019-03-13 16:35:47+01:00
0,0,0,0,0,0,2019-03-13 16:35:47+01:00
0,0,0,0,0,0,2019-03-13 20:47:32+01:00
0,0,0,0,0,0,2019-03-13 20:47:32+01:00
0,0,0,0,0,0,2019-03-16 20:15:43+01:00
0,0,0,0,0,0,2019-03-16 20:15:43+01:00
0,1,0,0,0,0,2019-03-17 12:32:19+01:00
0,1,0,0,0,0,2019-03-17 12:32:19+01:00
1,1,0,0,0,0,2019-03-17 15:02:31+01:00
1,1,0,0,0,0,2019-03-17 15:02:31+01:00
0,0,0,0,0,0,2019-03-17 17:55:54+01:00
0,0,0,0,0,0,2019-03-17 17:55:54+01:00
0,0,0,0,0,0,2019-03-17 17:56:35+01:00
0,0,0,0,0,0,2019-03-17 17:56:35+01:00
0,0,0,0,0,0,2019-03-17 23:11:52+01:00
0,0,0,0,0,0,2019-03-17 23:11:52+01:00
0,0,0,0,0,0,2019-03-17 23:44:58+01:00
0,0,0,0,0,0,2019-03-17 23:44:58+01:00
0,0,0,0,0,0,2019-03-18 00:37:24+01:00
0,0,0,0,0,0,2019-03-18 00:37:24+01:00
1,1,0,0,0,0,2019-03-18 11:43:11+01:00
1,1,0,0,0,0,2019-03-18 11:43:11+01:00
0,0,0,0,0,0,2019-03-18 12:00:43+01:00
0,0,0,0,0,0,2019-03-18 12:00:43+01:00
0,0,0,0,0,0,2019-03-18 15:09:34+01:00
0,0,0,0,0,0,2019-03-18 15:09:34+01:00
0,0,0,0,0,0,2019-03-18 15:23:32+01:00
0,0,0,0,0,0,2019-03-18 15:23:32+01:00
1,3,0,1,0,1,2019-03-18 18:30:49+01:00
1,3,0,1,0,1,2019-03-18 18:30:49+01:00
1,10,5,5,0,2,2019-03-18 18:31:10+01:00
1,10,5,5,0,2,2019-03-18 18:31:10+01:00
0,0,0,0,0,0,2019-03-18 18:31:55+01:00
0,0,0,0,0,0,2019-03-18 18:31:55+01:00
0,1,0,0,0,0,2019-03-18 20:58:32+01:00
0,1,0,0,0,0,2019-03-18 20:58:32+01:00
0,0,0,0,0,0,2019-03-18 21:08:09+01:00
0,0,0,0,0,0,2019-03-18 21:08:09+01:00
0,0,0,0,0,0,2019-03-21 20:27:50+01:00
0,0,0,0,0,0,2019-03-21 20:27:50+01:00
0,0,0,0,0,0,2019-03-21 23:10:20+01:00
0,0,0,0,0,0,2019-03-21 23:10:20+01:00
1,1,0,0,0,0,2019-03-23 11:22:04+01:00
1,1,0,0,0,0,2019-03-23 11:22:04+01:00
0,0,0,0,0,0,2019-03-25 15:15:26+01:00
0,0,0,0,0,0,2019-03-25 15:15:26+01:00
0,0,0,0,0,0,2019-03-26 22:41:58+01:00
0,0,0,0,0,0,2019-03-26 22:41:58+01:00
0,1,0,0,0,1,2019-03-27 13:43:33+01:00
0,1,0,0,0,1,2019-03-27 13:43:33+01:00
0,0,0,0,0,0,2019-03-27 14:32:08+01:00
0,0,0,0,0,0,2019-03-27 14:32:08+01:00
0,0,0,0,0,0,2019-03-27 14:33:45+01:00
0,0,0,0,0,0,2019-03-27 14:33:45+01:00
0,0,0,0,0,0,2019-03-27 16:24:01+01:00
0,0,0,0,0,0,2019-03-27 16:24:01+01:00
0,0,0,0,0,0,2019-03-27 16:30:19+01:00
0,0,0,0,0,0,2019-03-27 16:30:19+01:00
0,0,0,0,0,0,2019-03-27 16:43:52+01:00
0,0,0,0,0,0,2019-03-27 16:43:52+01:00
0,0,0,0,0,0,2019-03-27 16:48:05+01:00
0,0,0,0,0,0,2019-03-27 16:48:05+01:00
0,0,0,0,0,0,2019-03-27 19:38:59+01:00
0,0,0,0,0,0,2019-03-27 19:38:59+01:00
0,0,0,0,0,0,2019-03-27 20:11:33+01:00
0,0,0,0,0,0,2019-03-27 20:11:33+01:00
0,0,0,0,0,0,2019-03-27 20:59:59+01:00
0,0,0,0,0,0,2019-03-27 20:59:59+01:00
0,0,0,0,0,0,2019-03-27 21:00:51+01:00
0,0,0,0,0,0,2019-03-27 21:00:51+01:00
0,0,0,0,0,0,2019-03-27 21:01:43+01:00
0,0,0,0,0,0,2019-03-27 21:01:43+01:00
0,0,0,0,0,0,2019-03-28 14:10:25+01:00
0,0,0,0,0,0,2019-03-28 14:10:25+01:00
0,0,0,0,0,0,2019-03-28 18:05:04+01:00
0,0,0,0,0,0,2019-03-28 18:05:04+01:00
0,0,0,0,0,0,2019-03-28 18:05:42+01:00
0,0,0,0,0,0,2019-03-28 18:05:42+01:00
0,0,0,0,0,0,2019-03-28 18:41:13+01:00
0,0,0,0,0,0,2019-03-28 18:41:13+01:00
0,1,0,0,0,0,2019-04-15 15:44:06+02:00
0,1,0,0,0,0,2019-04-15 15:44:06+02:00
1,2,0,1,0,1,2019-04-26 10:32:49+02:00
1,2,0,1,0,1,2019-04-26 10:32:49+02:00
0,0,0,0,0,0,2019-04-26 10:39:43+02:00
0,0,0,0,0,0,2019-04-26 10:39:43+02:00
1,2,0,1,0,1,2019-04-26 12:18:48+02:00
1,2,0,1,0,1,2019-04-26 12:18:48+02:00
1,1,0,1,0,0,2019-04-26 17:50:34+02:00
1,1,0,1,0,0,2019-04-26 17:50:34+02:00
1,1,0,0,0,0,2019-04-28 12:27:07+02:00
1,1,0,0,0,0,2019-04-28 12:27:07+02:00
0,1,0,0,0,1,2019-04-29 14:50:41+02:00
0,1,0,0,0,1,2019-04-29 14:50:41+02:00
0,2,0,0,0,1,2019-04-29 15:56:09+02:00
0,2,0,0,0,1,2019-04-29 15:56:09+02:00
1,1,0,1,0,0,2019-04-29 15:59:23+02:00
1,1,0,1,0,0,2019-04-29 15:59:23+02:00
0,1,0,0,0,1,2019-04-29 16:45:12+02:00
0,1,0,0,0,1,2019-04-29 16:45:12+02:00
2,4,1,2,0,2,2019-04-29 18:17:34+02:00
2,4,1,2,0,2,2019-04-29 18:17:34+02:00
1,2,0,1,0,1,2019-04-29 18:42:47+02:00
1,2,0,1,0,1,2019-04-29 18:42:47+02:00
1,2,0,0,0,0,2019-04-29 20:34:34+02:00
1,2,0,0,0,0,2019-04-29 20:34:34+02:00
0,0,0,0,0,0,2019-04-29 21:38:43+02:00
0,0,0,0,0,0,2019-04-29 21:38:43+02:00
0,0,0,0,0,0,2019-04-29 21:41:31+02:00
0,1,0,0,0,1,2019-04-30 11:00:35+02:00
1,2,0,0,0,1,2019-04-30 15:30:35+02:00
0,1,0,0,0,1,2019-04-30 17:28:52+02:00
2,2,0,0,0,0,2019-05-02 16:57:15+02:00
3,4,1,1,0,1,2019-05-02 19:08:47+02:00
2,2,0,0,0,1,2019-05-03 12:04:24+02:00
2,2,0,0,0,2,2019-05-03 16:26:03+02:00
0,0,0,0,0,0,2019-05-03 16:48:12+02:00
1,1,0,1,0,0,2019-05-03 16:48:49+02:00
1,1,0,0,0,1,2019-05-03 20:15:35+02:00
0,1,0,0,0,1,2019-05-03 21:09:08+02:00
1,1,0,0,0,1,2019-05-03 21:16:31+02:00
3,3,0,0,0,2,2019-05-03 21:30:50+02:00
1,1,0,0,0,1,2019-05-03 22:12:41+02:00
1,2,0,0,0,2,2019-05-03 23:05:20+02:00
3,4,1,1,1,3,2019-05-04 17:11:58+02:00
2,2,0,0,1,1,2019-05-04 17:57:28+02:00
1,1,0,0,0,0,2019-05-04 18:08:36+02:00
1,1,0,0,0,0,2019-05-05 12:45:27+02:00
1,1,0,0,0,1,2019-05-05 13:04:53+02:00
2,2,0,0,1,2,2019-05-05 15:25:39+02:00
1,1,0,0,0,1,2019-05-05 15:47:10+02:00
3,5,1,2,2,3,2019-05-05 18:51:10+02:00
1,1,0,0,1,1,2019-05-05 18:54:44+02:00
3,3,0,0,0,2,2019-05-05 19:15:20+02:00
0,0,0,0,0,0,2019-05-05 19:59:04+02:00
0,0,0,0,0,0,2019-05-05 19:59:20+02:00
0,0,0,0,0,0,2019-05-05 22:12:01+02:00
2,2,0,0,0,1,2019-05-06 15:05:56+02:00
2,2,0,0,0,1,2019-05-06 16:02:40+02:00
0,0,0,0,0,0,2019-05-06 16:02:56+02:00
0,1,0,0,1,1,2019-05-07 11:44:54+02:00
0,0,0,0,0,0,2019-05-07 20:24:48+02:00
