Acquisition,Preparation,Modeling,Training,Evaluation,Prediction,time
0,0,0,0,0,0,2020-01-15 04:15:13+09:00
0,0,0,0,0,0,2020-01-15 04:16:31+09:00
0,0,0,0,0,0,2020-01-15 04:16:53+09:00
0,0,0,0,0,0,2020-01-15 04:20:07+09:00
0,0,0,0,0,0,2020-01-14 14:23:48-05:00
0,0,0,0,0,0,2020-01-15 04:26:28+09:00
0,0,0,0,0,0,2020-01-15 04:26:49+09:00
0,0,0,0,0,0,2020-01-14 14:35:43-05:00
0,0,0,0,0,0,2020-01-14 15:15:12-05:00
0,0,0,0,0,0,2020-01-15 05:43:01+09:00
0,0,0,0,0,0,2020-01-14 18:54:50-05:00
0,0,0,0,0,0,2020-01-14 18:55:38-05:00
0,0,0,0,0,0,2020-01-15 11:02:29-05:00
0,0,0,0,0,0,2020-01-15 13:30:09-05:00
0,0,0,0,0,0,2020-01-15 14:07:23-05:00
0,0,0,0,0,0,2020-01-16 04:48:37+09:00
0,0,0,0,0,0,2020-01-16 04:49:16+09:00
0,0,0,0,0,0,2020-01-16 04:49:54+09:00
0,0,0,0,0,0,2020-01-16 04:50:19+09:00
0,0,0,0,0,0,2020-01-16 04:50:33+09:00
0,0,0,0,0,0,2020-01-16 04:50:43+09:00
0,0,0,0,0,0,2020-01-16 04:51:00+09:00
0,0,0,0,0,0,2020-01-16 04:51:25+09:00
0,0,0,0,0,0,2020-01-15 15:08:47-05:00
0,0,0,0,0,0,2020-01-15 15:09:02-05:00
0,0,0,0,0,0,2020-01-16 05:58:20+09:00
0,0,0,0,0,0,2020-01-17 04:50:47+09:00
0,0,0,0,0,0,2020-01-17 05:49:28+09:00
0,0,0,0,0,0,2020-01-16 15:54:57-05:00
0,0,0,0,0,0,2020-01-17 06:10:08+09:00
0,0,0,0,0,0,2020-01-17 06:10:17+09:00
1,0,0,0,0,0,2020-01-16 17:10:22-05:00
0,0,0,0,0,0,2020-01-16 17:26:21-05:00
0,0,0,0,0,0,2020-01-16 14:28:33-08:00
0,0,0,0,0,0,2020-01-16 17:33:08-05:00
0,0,0,0,0,0,2020-01-16 14:35:12-08:00
0,0,0,0,0,0,2020-01-16 14:36:03-08:00
1,0,0,0,0,0,2020-01-16 23:29:59-05:00
0,0,0,0,0,0,2020-01-16 23:30:18-05:00
0,0,0,0,0,0,2020-01-16 23:36:12-05:00
0,0,0,0,0,0,2020-01-17 12:40:15-05:00
0,0,0,0,0,0,2020-01-18 02:41:28+09:00
0,0,0,0,0,0,2020-01-18 02:42:16+09:00
0,0,0,0,0,0,2020-01-17 12:43:43-05:00
0,0,0,0,0,0,2020-01-17 12:45:45-05:00
1,0,0,0,0,0,2020-01-18 03:48:50+09:00
0,0,1,0,0,0,2020-01-18 07:37:21+09:00
0,0,0,0,0,0,2020-01-21 09:42:18-05:00
0,0,0,0,0,0,2020-01-21 13:28:36-05:00
0,0,0,0,0,0,2020-01-21 13:35:41-05:00
1,0,0,0,0,0,2020-01-22 04:41:47+09:00
0,0,0,0,0,0,2020-01-22 04:48:49+09:00
0,0,0,0,0,0,2020-01-22 04:57:56+09:00
0,0,0,0,0,0,2020-01-22 05:04:40+09:00
1,0,0,0,0,0,2020-01-22 05:08:02+09:00
0,0,0,0,0,0,2020-01-22 05:17:35+09:00
1,0,0,0,0,0,2020-01-22 05:25:19+09:00
1,0,0,0,0,0,2020-01-21 17:05:28-05:00
1,0,0,0,0,0,2020-01-22 10:14:42-05:00
0,0,0,0,0,0,2020-01-22 10:14:56-05:00
0,1,0,0,0,0,2020-01-23 00:20:53+09:00
0,0,0,0,0,0,2020-01-22 10:32:23-05:00
0,0,0,0,0,0,2020-01-23 00:37:26+09:00
0,0,0,0,0,0,2020-01-23 00:38:51+09:00
0,0,0,0,0,0,2020-01-23 00:51:34+09:00
0,0,0,0,0,0,2020-01-22 11:12:51-05:00
0,0,0,0,0,0,2020-01-22 11:13:06-05:00
0,0,0,0,0,0,2020-01-23 02:27:19+09:00
0,0,0,0,0,0,2020-01-23 02:27:28+09:00
0,0,0,0,0,0,2020-01-22 12:28:31-05:00
0,0,0,0,0,0,2020-01-23 05:26:07+09:00
2,1,0,0,0,0,2020-01-22 15:28:13-05:00
0,0,0,0,0,0,2020-01-22 15:28:59-05:00
0,0,0,0,0,0,2020-01-22 15:55:58-05:00
0,0,0,0,0,0,2020-01-24 03:35:38+09:00
0,0,0,0,0,0,2020-01-24 03:35:41+09:00
0,0,0,0,0,0,2020-01-24 03:47:43+09:00
0,0,0,0,0,0,2020-01-25 00:50:27+09:00
0,0,0,0,0,0,2020-01-24 13:38:19-05:00
1,1,0,0,0,0,2020-01-24 13:38:51-05:00
0,0,0,0,0,0,2020-01-24 13:41:14-05:00
0,0,0,0,0,0,2020-01-24 13:43:34-05:00
0,0,0,0,0,0,2020-01-24 14:29:55-05:00
0,1,0,0,0,0,2020-01-30 06:41:43+09:00
0,1,0,0,0,0,2020-02-01 05:55:52+09:00
1,1,0,0,0,0,2020-02-04 09:47:11-05:00
1,1,0,0,0,0,2020-02-04 13:57:29-05:00
0,0,0,0,0,0,2020-02-04 14:01:08-05:00
0,1,0,0,0,0,2020-02-04 14:03:15-05:00
1,0,0,0,0,0,2020-02-04 15:24:07-05:00
0,0,0,0,0,0,2020-02-05 07:27:53+09:00
0,1,0,0,0,0,2020-02-05 07:31:54+09:00
0,0,0,0,0,0,2020-02-06 00:13:55+09:00
0,0,0,0,0,0,2020-02-11 10:47:50+09:00
1,1,0,0,0,0,2020-02-11 22:11:31+09:00
1,0,0,0,0,0,2020-02-11 10:21:18-05:00
0,0,0,0,0,0,2020-02-14 04:55:31+09:00
0,0,0,0,0,0,2020-02-14 05:29:18+09:00
0,1,0,0,0,0,2020-02-14 06:04:23+09:00
1,1,0,0,0,1,2020-02-21 04:03:56+09:00
0,0,0,0,0,0,2020-02-21 05:54:05+09:00
0,0,0,0,0,0,2020-02-21 05:57:55+09:00
0,0,0,0,0,0,2020-02-21 06:32:13+09:00
0,0,0,0,0,0,2020-02-21 06:32:23+09:00
0,0,0,0,0,0,2020-02-21 06:49:52+09:00
0,0,0,0,0,0,2020-02-21 06:50:49+09:00
0,0,0,0,0,0,2020-02-21 06:52:34+09:00
0,0,0,0,0,0,2020-02-20 17:13:58-05:00
2,26,4,0,0,1,2020-02-22 06:30:06+09:00
1,1,0,0,0,1,2020-02-22 06:50:10+09:00
