Acquisition,Preparation,Modeling,Training,Evaluation,Prediction,time
0,0,0,0,0,0,2020-11-16 11:43:16+09:00
0,0,0,0,0,0,2020-11-16 12:35:33+09:00
0,0,0,0,0,0,2020-11-16 12:36:14+09:00
0,0,0,0,0,0,2020-11-18 21:20:17+09:00
0,0,0,0,0,0,2020-11-19 00:58:21+09:00
0,0,0,0,0,0,2020-11-22 13:42:14+09:00
0,0,0,0,0,0,2020-11-22 13:42:55+09:00
0,0,0,0,0,0,2020-11-22 13:43:50+09:00
0,0,0,0,0,0,2020-11-22 13:51:10+09:00
0,0,0,0,0,0,2020-11-22 13:55:34+09:00
0,0,0,0,0,0,2020-11-22 13:56:50+09:00
0,0,0,0,0,0,2020-11-22 13:58:41+09:00
0,0,0,0,0,0,2020-11-22 14:30:37+09:00
0,0,0,0,0,0,2020-12-26 16:27:51+09:00
0,0,0,0,0,0,2020-12-31 16:07:56+09:00
0,0,0,0,0,0,2020-12-31 16:16:04+09:00
0,0,0,0,0,0,2021-01-02 16:57:30+09:00
0,0,0,0,0,0,2021-01-02 16:58:47+09:00
0,0,0,0,0,0,2021-01-02 20:28:34+09:00
0,0,0,0,0,0,2021-01-02 20:29:31+09:00
0,0,0,0,0,0,2021-01-03 16:45:18+09:00
0,0,0,0,0,0,2021-01-03 16:46:18+09:00
0,0,0,0,0,0,2021-01-03 16:49:55+09:00
0,0,0,0,0,0,2021-01-03 17:18:33+09:00
0,0,0,0,0,0,2021-01-03 17:21:14+09:00
0,0,0,0,0,0,2021-01-03 17:25:01+09:00
0,0,0,0,0,0,2021-01-03 18:39:57+09:00
0,0,0,0,0,0,2021-01-03 18:41:27+09:00
0,0,0,0,0,0,2021-01-03 19:43:04+09:00
0,0,0,0,0,0,2021-01-03 19:51:21+09:00
0,0,0,0,0,0,2021-01-03 22:24:45+09:00
0,0,0,0,0,0,2021-01-06 15:51:43+09:00
0,0,0,0,0,0,2021-01-06 15:52:55+09:00
0,0,0,0,0,0,2021-01-06 15:53:57+09:00
0,0,0,0,0,0,2021-01-06 15:54:17+09:00
0,0,0,0,0,0,2021-01-06 15:55:46+09:00
0,0,0,0,0,0,2021-01-06 16:01:54+09:00
0,0,0,0,0,0,2021-01-06 16:47:22+09:00
0,0,0,0,0,0,2021-01-06 16:52:39+09:00
0,0,0,0,0,0,2021-01-06 16:59:17+09:00
0,0,0,0,0,0,2021-01-06 17:18:26+09:00
0,0,0,0,0,0,2021-01-06 17:18:41+09:00
0,0,0,0,0,0,2021-01-06 17:19:51+09:00
0,0,0,0,0,0,2021-01-06 17:20:01+09:00
0,0,0,0,0,0,2021-01-06 17:20:21+09:00
0,0,0,0,0,0,2021-01-06 17:26:53+09:00
0,0,0,0,0,0,2021-01-06 17:27:31+09:00
0,0,0,0,0,0,2021-01-06 17:30:14+09:00
0,0,0,0,0,0,2021-01-06 17:39:36+09:00
0,0,0,0,0,0,2021-01-06 21:33:47+09:00
0,0,0,0,0,0,2021-01-06 21:38:07+09:00
0,0,0,0,0,0,2021-01-06 23:40:52+09:00
0,0,0,0,0,0,2021-01-07 00:12:18+09:00
0,0,0,0,0,0,2021-01-07 01:41:39+09:00
0,0,0,0,0,0,2021-01-07 01:47:14+09:00
0,0,0,0,0,0,2021-01-07 01:48:32+09:00
0,0,0,0,0,0,2021-01-07 12:09:32+09:00
0,0,0,0,0,0,2021-01-07 14:59:35+09:00
0,0,0,0,0,0,2021-01-10 15:26:34+09:00
0,0,0,0,0,0,2021-01-10 15:33:03+09:00
0,0,0,0,0,0,2021-01-10 15:35:37+09:00
0,0,0,0,0,0,2021-01-10 15:38:04+09:00
0,0,0,0,0,0,2021-01-10 15:54:55+09:00
0,0,0,0,0,0,2021-01-10 15:58:02+09:00
0,0,0,0,0,0,2021-01-10 16:23:01+09:00
0,0,0,0,0,0,2021-01-10 16:50:40+09:00
0,0,0,0,0,0,2021-01-10 16:53:11+09:00
0,0,0,0,0,0,2021-01-10 17:00:09+09:00
0,0,0,0,0,0,2021-01-10 17:02:02+09:00
0,0,0,0,0,0,2021-01-10 17:06:40+09:00
0,0,0,0,0,0,2021-01-10 17:14:29+09:00
0,0,0,0,0,0,2021-01-10 17:29:53+09:00
0,0,0,0,0,0,2021-01-10 22:02:55+09:00
0,0,0,0,0,0,2021-01-10 22:29:48+09:00
0,0,0,0,0,0,2021-01-10 22:54:13+09:00
0,0,0,0,0,0,2021-01-10 23:00:38+09:00
0,0,0,0,0,0,2021-01-11 00:01:43+09:00
0,0,0,0,0,0,2021-01-11 00:16:06+09:00
0,0,0,0,0,0,2021-01-11 00:17:13+09:00
0,0,0,0,0,0,2021-01-11 18:14:35+09:00
0,0,0,0,0,0,2021-01-12 12:09:43+09:00
0,0,0,0,0,0,2021-01-12 12:12:36+09:00
0,0,0,0,0,0,2021-01-12 19:48:22+09:00
0,0,0,0,0,0,2021-01-12 23:11:52+09:00
0,0,0,0,0,0,2021-01-12 23:12:48+09:00
0,0,0,0,0,0,2021-01-13 16:36:34+09:00
0,0,0,0,0,0,2021-01-14 23:45:36+09:00
0,0,0,0,0,0,2021-01-14 23:48:49+09:00
0,0,0,0,0,0,2021-01-14 23:57:08+09:00
0,0,0,0,0,0,2021-01-15 00:02:43+09:00
0,0,0,0,0,0,2021-01-15 11:18:57+09:00
0,0,0,0,0,0,2021-01-15 22:37:31+09:00
0,0,0,0,0,0,2021-01-15 22:38:56+09:00
0,0,0,0,0,0,2021-01-15 22:50:11+09:00
0,0,0,0,0,0,2021-01-15 23:21:47+09:00
0,0,0,0,0,0,2021-01-15 23:26:42+09:00
0,0,0,0,0,0,2021-01-15 23:29:14+09:00
0,0,0,0,0,0,2021-01-15 23:51:54+09:00
0,0,0,0,0,0,2021-01-15 23:53:06+09:00
0,0,0,0,0,0,2021-01-16 00:25:29+09:00
0,0,0,0,0,0,2021-01-16 00:27:29+09:00
0,0,0,0,0,0,2021-01-16 13:06:42+09:00
0,0,0,0,0,0,2021-01-16 13:39:20+09:00
0,0,0,0,0,0,2021-01-16 21:20:45+09:00
0,0,0,0,0,0,2021-01-18 22:49:38+09:00
0,0,0,0,0,0,2021-01-18 22:52:22+09:00
0,0,0,0,0,0,2021-01-18 23:05:55+09:00
0,0,0,0,0,0,2021-01-18 23:06:54+09:00
0,0,0,0,0,0,2021-01-19 13:19:04+09:00
0,0,0,0,0,0,2021-01-19 13:24:52+09:00
0,0,0,0,0,0,2021-01-19 14:47:23+09:00
0,0,0,0,0,0,2021-01-19 14:49:09+09:00
0,0,0,0,0,0,2021-01-19 15:11:36+09:00
0,0,0,0,0,0,2021-01-19 15:31:23+09:00
0,0,0,0,0,0,2021-01-19 15:37:05+09:00
0,0,0,0,0,0,2021-01-19 15:38:13+09:00
0,0,0,0,0,0,2021-01-19 16:17:43+09:00
0,0,0,0,0,0,2021-01-19 17:43:11+09:00
0,0,0,0,0,0,2021-01-19 17:44:07+09:00
0,0,0,0,0,0,2021-01-19 21:27:16+09:00
0,0,0,0,0,0,2021-01-19 22:08:49+09:00
0,0,0,0,0,0,2021-01-19 23:11:13+09:00
0,0,0,0,0,0,2021-01-20 00:21:14+09:00
0,0,0,0,0,0,2021-01-20 00:23:51+09:00
0,0,0,0,0,0,2021-01-20 00:25:16+09:00
0,0,0,0,0,0,2021-01-20 00:26:26+09:00
0,0,0,0,0,0,2021-01-20 00:48:09+09:00
0,0,0,0,0,0,2021-01-20 12:24:50+09:00
0,0,0,0,0,0,2021-01-20 16:06:55+09:00
0,0,0,0,0,0,2021-01-20 16:33:32+09:00
0,0,0,0,0,0,2021-01-20 16:36:06+09:00
0,0,0,0,0,0,2021-01-20 16:41:22+09:00
0,0,0,0,0,0,2021-01-20 16:41:44+09:00
0,0,0,0,0,0,2021-01-20 16:42:18+09:00
0,0,0,0,0,0,2021-01-20 16:42:41+09:00
0,0,0,0,0,0,2021-01-20 16:43:32+09:00
0,0,0,0,0,0,2021-01-20 18:55:38+09:00
0,0,0,0,0,0,2021-01-20 20:24:24+09:00
0,0,0,0,0,0,2021-01-20 21:14:57+09:00
0,0,0,0,0,0,2021-01-21 02:26:31+09:00
0,0,0,0,0,0,2021-01-21 03:20:25+09:00
0,0,0,0,0,0,2021-01-21 11:02:53+09:00
0,0,0,0,0,0,2021-01-21 12:46:50+09:00
0,0,0,0,0,0,2021-01-21 20:20:28+09:00
0,0,0,0,0,0,2021-01-21 20:21:43+09:00
0,0,0,0,0,0,2021-01-21 20:41:44+09:00
0,0,0,0,0,0,2021-01-21 21:02:21+09:00
0,0,0,0,0,0,2021-01-21 21:02:42+09:00
0,0,0,0,0,0,2021-01-21 21:40:25+09:00
0,0,0,0,0,0,2021-01-21 21:41:34+09:00
0,0,0,0,0,0,2021-01-21 21:57:07+09:00
0,0,0,0,0,0,2021-01-21 22:37:47+09:00
0,0,0,0,0,0,2021-01-21 23:11:10+09:00
0,0,0,0,0,0,2021-01-22 12:06:31+09:00
0,0,0,0,0,0,2021-01-22 15:29:25+09:00
0,0,0,0,0,0,2021-01-22 15:31:17+09:00
0,0,0,0,0,0,2021-01-22 17:39:36+09:00
0,0,0,0,0,0,2021-01-22 17:40:44+09:00
0,0,0,0,0,0,2021-01-23 12:48:07+09:00
0,0,0,0,0,0,2021-01-23 19:20:18+09:00
0,0,0,0,0,0,2021-01-23 19:21:07+09:00
0,0,0,0,0,0,2021-01-24 10:09:38+09:00
0,0,0,0,0,0,2021-01-24 16:10:34+09:00
0,0,0,0,0,0,2021-01-25 18:23:26+09:00
0,0,0,0,0,0,2021-01-25 18:29:57+09:00
0,0,0,0,0,0,2021-01-26 10:56:15+09:00
0,0,0,0,0,0,2021-01-26 11:22:12+09:00
0,0,0,0,0,0,2021-01-26 21:06:18+09:00
0,0,0,0,0,0,2021-01-26 23:07:06+09:00
0,0,0,0,0,0,2021-01-26 23:08:34+09:00
0,0,0,0,0,0,2021-01-27 01:20:48+09:00
0,0,0,0,0,0,2021-01-27 12:37:09+09:00
0,0,0,0,0,0,2021-01-27 15:46:50+09:00
0,0,0,0,0,0,2021-01-27 17:59:59+09:00
0,0,0,0,0,0,2021-01-28 02:01:47+09:00
0,0,0,0,0,0,2021-01-28 12:26:38+09:00
0,0,0,0,0,0,2021-01-28 12:28:57+09:00
0,0,0,0,0,0,2021-01-28 15:42:05+09:00
0,0,0,0,0,0,2021-01-28 19:05:14+09:00
0,0,0,0,0,0,2021-01-28 21:48:53+09:00
0,0,0,0,0,0,2021-01-28 21:57:15+09:00
0,0,0,0,0,0,2021-01-28 21:59:57+09:00
0,0,0,0,0,0,2021-01-28 22:52:56+09:00
0,0,0,0,0,0,2021-01-28 22:57:04+09:00
0,0,0,0,0,0,2021-01-28 22:58:23+09:00
0,0,0,0,0,0,2021-01-28 23:32:37+09:00
0,0,0,0,0,0,2021-01-28 23:34:44+09:00
0,0,0,0,0,0,2021-01-28 23:37:04+09:00
0,0,0,0,0,0,2021-01-29 00:38:23+09:00
0,0,0,0,0,0,2021-01-29 16:01:14+09:00
0,0,0,0,0,0,2021-01-30 14:05:08+09:00
0,0,0,0,0,0,2021-02-01 12:27:58+09:00
0,0,0,0,0,0,2021-02-01 12:34:18+09:00
0,0,0,0,0,0,2021-02-01 23:37:39+09:00
0,0,0,0,0,0,2021-02-02 11:02:13+09:00
0,0,0,0,0,0,2021-02-05 12:49:49+09:00
0,0,0,0,0,0,2021-02-06 17:00:12+09:00
0,0,0,0,0,0,2021-02-06 17:03:07+09:00
0,0,0,0,0,0,2021-02-06 22:22:53+09:00
0,0,0,0,0,0,2021-02-06 23:31:31+09:00
0,0,0,0,0,0,2021-02-06 23:53:20+09:00
0,0,0,0,0,0,2021-02-07 00:08:12+09:00
0,0,0,0,0,0,2021-02-07 00:09:55+09:00
0,0,0,0,0,0,2021-02-07 00:30:39+09:00
0,0,0,0,0,0,2021-02-07 00:31:44+09:00
0,0,0,0,0,0,2021-02-07 23:24:14+09:00
0,0,0,0,0,0,2021-02-08 00:25:17+09:00
0,0,0,0,0,0,2021-02-08 23:14:54+09:00
0,0,0,0,0,0,2021-02-17 17:02:43+09:00
0,0,0,0,0,0,2021-02-18 00:47:21+09:00
0,0,0,0,0,0,2021-02-18 11:00:46+09:00
0,0,0,0,0,0,2021-02-18 11:02:17+09:00
0,0,0,0,0,0,2021-02-18 14:31:25+09:00
0,0,0,0,0,0,2021-02-18 22:40:36+09:00
0,0,0,0,0,0,2021-02-18 22:44:22+09:00
0,0,0,0,0,0,2021-02-18 23:07:27+09:00
0,0,0,0,0,0,2021-02-19 18:33:47+09:00
0,0,0,0,0,0,2021-02-23 14:30:59+09:00
0,0,0,0,0,0,2021-02-23 14:34:59+09:00
0,0,0,0,0,0,2021-02-23 17:28:56+09:00
0,0,0,0,0,0,2021-02-23 17:29:50+09:00
0,0,0,0,0,0,2021-02-23 17:31:55+09:00
0,0,0,0,0,0,2021-02-23 17:32:55+09:00
0,0,0,0,0,0,2021-02-23 17:33:30+09:00
0,0,0,0,0,0,2021-02-24 10:10:04+09:00
0,0,0,0,0,0,2021-02-24 19:24:39+09:00
0,0,0,0,0,0,2021-02-24 19:25:56+09:00
0,0,0,0,0,0,2021-02-24 21:49:15+09:00
0,0,0,0,0,0,2021-02-24 21:50:00+09:00
0,0,0,0,0,0,2021-02-24 22:06:39+09:00
0,0,0,0,0,0,2021-02-25 03:07:56+09:00
0,0,0,0,0,0,2021-02-25 18:18:29+09:00
0,0,0,0,0,0,2021-02-25 18:19:12+09:00
0,0,0,0,0,0,2021-02-25 18:19:56+09:00
0,0,0,0,0,0,2021-02-25 18:20:40+09:00
0,0,0,0,0,0,2021-02-25 18:21:34+09:00
0,0,0,0,0,0,2021-02-25 20:03:29+09:00
0,0,0,0,0,0,2021-02-25 23:03:08+09:00
0,0,0,0,0,0,2021-02-26 13:50:16+09:00
0,0,0,0,0,0,2021-02-26 19:17:35+09:00
0,0,0,0,0,0,2021-02-26 19:18:29+09:00
0,0,0,0,0,0,2021-02-27 00:51:24+09:00
0,0,0,0,0,0,2021-02-27 10:30:23+09:00
0,0,0,0,0,0,2021-02-27 10:30:45+09:00
0,0,0,0,0,0,2021-02-27 10:31:13+09:00
0,0,0,0,0,0,2021-02-27 18:09:50+09:00
0,0,0,0,0,0,2021-02-27 19:05:32+09:00
0,0,0,0,0,0,2021-02-28 22:25:11+09:00
0,0,0,0,0,0,2021-02-28 22:33:32+09:00
0,0,0,0,0,0,2021-02-28 22:33:52+09:00
0,0,0,0,0,0,2021-03-01 22:02:10+09:00
0,0,0,0,0,0,2021-03-01 22:09:46+09:00
0,0,0,0,0,0,2021-03-02 12:30:04+09:00
0,0,0,0,0,0,2021-03-02 17:48:09+09:00
0,0,0,0,0,0,2021-03-02 18:18:29+09:00
0,0,0,0,0,0,2021-03-02 23:03:35+09:00
0,0,0,0,0,0,2021-03-02 23:40:32+09:00
0,0,0,0,0,0,2021-03-02 23:45:42+09:00
0,0,0,0,0,0,2021-03-03 21:42:14+09:00
0,0,0,0,0,0,2021-03-03 21:43:30+09:00
0,0,0,0,0,0,2021-03-04 14:45:19+09:00
0,0,0,0,0,0,2021-03-04 15:59:54+09:00
0,0,0,0,0,0,2021-03-05 22:01:29+09:00
0,0,0,0,0,0,2021-03-05 23:22:29+09:00
0,0,0,0,0,0,2021-03-06 11:04:53+09:00
0,0,0,0,0,0,2021-03-06 11:07:23+09:00
0,0,0,0,0,0,2021-03-07 14:06:37+09:00
0,0,0,0,0,0,2021-03-07 14:35:35+09:00
0,0,0,0,0,0,2021-03-08 15:39:30+09:00
0,0,0,0,0,0,2021-03-08 15:40:25+09:00
0,0,0,0,0,0,2021-03-08 21:49:29+09:00
0,0,0,0,0,0,2021-03-09 18:04:31+09:00
0,0,0,0,0,0,2021-03-10 17:45:16+09:00
0,0,0,0,0,0,2021-03-10 17:45:38+09:00
0,0,0,0,0,0,2021-03-10 17:47:19+09:00
0,0,0,0,0,0,2021-03-10 18:00:58+09:00
0,0,0,0,0,0,2021-03-11 12:52:39+09:00
0,0,0,0,0,0,2021-03-11 12:54:36+09:00
0,0,0,0,0,0,2021-03-11 17:44:44+09:00
0,0,0,0,0,0,2021-03-12 02:13:38+09:00
0,0,0,0,0,0,2021-03-12 02:14:10+09:00
0,0,0,0,0,0,2021-03-12 02:17:42+09:00
0,0,0,0,0,0,2021-03-12 15:40:40+09:00
0,0,0,0,0,0,2021-03-12 15:45:14+09:00
0,0,0,0,0,0,2021-03-12 15:46:48+09:00
0,0,0,0,0,0,2021-03-12 21:09:09+09:00
0,0,0,0,0,0,2021-03-12 21:13:47+09:00
0,0,0,0,0,0,2021-03-12 22:00:53+09:00
0,0,0,0,0,0,2021-03-14 11:44:07+09:00
0,0,0,0,0,0,2021-03-14 11:45:05+09:00
0,0,0,0,0,0,2021-03-16 23:44:01+09:00
0,0,0,0,0,0,2021-03-16 23:45:18+09:00
0,0,0,0,0,0,2021-03-19 15:51:13+09:00
0,0,0,0,0,0,2021-03-19 16:06:00+09:00
0,0,0,0,0,0,2021-03-19 16:10:27+09:00
0,0,0,0,0,0,2021-03-19 19:04:02+09:00
0,0,0,0,0,0,2021-03-23 18:40:21+09:00
0,0,0,0,0,0,2021-03-23 21:13:21+09:00
0,0,0,0,0,0,2021-03-23 21:15:39+09:00
0,0,0,0,0,0,2021-03-23 21:17:20+09:00
0,0,0,0,0,0,2021-03-23 21:18:12+09:00
0,0,0,0,0,0,2021-03-23 21:23:33+09:00
0,0,0,0,0,0,2021-03-23 21:25:59+09:00
0,0,0,0,0,0,2021-03-23 22:03:05+09:00
0,0,0,0,0,0,2021-03-23 22:03:46+09:00
0,0,0,0,0,0,2021-03-24 00:23:26+09:00
0,0,0,0,0,0,2021-03-24 01:36:10+09:00
0,0,0,0,0,0,2021-03-24 01:37:25+09:00
0,0,0,0,0,0,2021-03-25 20:13:35+09:00
0,0,0,0,0,0,2021-03-26 17:26:56+09:00
0,0,0,0,0,0,2021-03-26 19:35:48+09:00
0,0,0,0,0,0,2021-03-26 20:09:04+09:00
0,0,0,0,0,0,2021-03-26 20:21:32+09:00
0,0,0,0,0,0,2021-03-27 13:25:46+09:00
0,0,0,0,0,0,2021-03-27 13:27:51+09:00
0,0,0,0,0,0,2021-03-27 13:29:22+09:00
0,0,0,0,0,0,2021-03-27 15:27:43+09:00
0,0,0,0,0,0,2021-03-27 15:33:37+09:00
0,0,0,0,0,0,2021-03-27 15:34:36+09:00
0,0,0,0,0,0,2021-03-27 22:50:50+09:00
0,0,0,0,0,0,2021-03-27 22:51:38+09:00
0,0,0,0,0,0,2021-03-28 14:51:28+09:00
0,0,0,0,0,0,2021-03-30 15:37:48+09:00
0,0,0,0,0,0,2021-03-30 20:36:52+09:00
0,0,0,0,0,0,2021-04-01 20:01:43+09:00
0,0,0,0,0,0,2021-04-01 20:17:12+09:00
0,0,0,0,0,0,2021-04-02 01:39:42+09:00
0,0,0,0,0,0,2021-04-02 12:02:38+09:00
0,0,0,0,0,0,2021-04-02 12:03:18+09:00
0,0,0,0,0,0,2021-04-02 13:02:18+09:00
0,0,0,0,0,0,2021-04-03 13:30:53+09:00
0,0,0,0,0,0,2021-04-03 13:58:43+09:00
0,0,0,0,0,0,2021-04-03 14:03:49+09:00
0,0,0,0,0,0,2021-04-03 14:04:44+09:00
0,0,0,0,0,0,2021-04-14 18:48:12+09:00
0,0,0,0,0,0,2021-04-14 23:12:10+09:00
0,0,0,0,0,0,2021-04-15 15:10:14+09:00
0,0,0,0,0,0,2021-04-16 04:28:28+09:00
0,0,0,0,0,0,2021-04-17 18:03:58+09:00
0,0,0,0,0,0,2021-04-17 21:40:52+09:00
0,0,0,0,0,0,2021-04-17 21:49:14+09:00
0,0,0,0,0,0,2021-04-17 21:49:49+09:00
0,0,0,0,0,0,2021-04-21 22:48:39+09:00
0,0,0,0,0,0,2021-04-22 01:57:08+09:00
0,0,0,0,0,0,2021-04-24 20:38:21+09:00
0,0,0,0,0,0,2021-04-29 11:53:47+09:00
0,0,0,0,0,0,2021-04-29 11:53:56+09:00
0,0,0,0,0,0,2021-04-29 23:17:42+09:00
0,0,0,0,0,0,2021-05-03 03:03:02+09:00
0,0,0,0,0,0,2021-05-03 03:04:42+09:00
0,0,0,0,0,0,2021-05-03 09:45:24+09:00
0,0,0,0,0,0,2021-05-03 20:57:46+09:00
1,0,0,0,0,0,2021-05-05 00:27:54+09:00
0,0,0,0,0,0,2021-05-05 00:29:21+09:00
0,0,0,0,0,0,2021-05-05 00:29:42+09:00
0,0,0,0,0,0,2021-05-05 00:30:32+09:00
0,0,0,0,0,0,2021-05-08 03:04:01+09:00
0,0,0,0,0,0,2021-05-08 03:08:33+09:00
0,0,0,0,0,0,2021-05-08 12:34:03+09:00
1,0,0,0,0,0,2021-05-08 12:36:01+09:00
0,0,0,0,0,0,2021-05-08 12:36:59+09:00
0,0,0,0,0,0,2021-05-11 00:54:22+09:00
0,0,0,0,0,0,2021-05-12 23:17:27+09:00
0,0,0,0,0,0,2021-05-12 23:18:14+09:00
0,0,0,0,0,0,2021-05-14 05:16:06+09:00
0,0,0,0,0,0,2021-05-14 05:28:01+09:00
0,0,0,0,0,0,2021-05-14 11:02:40+09:00
0,0,0,0,0,0,2021-05-14 11:02:51+09:00
0,0,0,0,0,0,2021-05-14 11:19:55+09:00
0,0,0,0,0,0,2021-05-14 11:49:21+09:00
0,0,0,0,0,0,2021-05-14 11:49:50+09:00
0,0,0,0,0,0,2021-05-14 23:09:12+09:00
0,0,0,0,0,0,2021-05-14 23:46:03+09:00
0,0,0,0,0,0,2021-05-15 02:01:31+09:00
0,0,0,0,0,0,2021-05-15 02:52:59+09:00
0,0,0,0,0,0,2021-05-15 11:05:21+09:00
0,0,0,0,0,0,2021-05-15 15:49:44+09:00
0,0,0,0,0,0,2021-05-15 20:34:31+09:00
0,0,0,0,0,0,2021-05-15 20:38:05+09:00
0,0,0,0,0,0,2021-05-15 22:06:38+09:00
0,0,0,0,0,0,2021-05-15 22:20:34+09:00
0,0,0,0,0,0,2021-05-15 22:22:21+09:00
0,0,0,0,0,0,2021-05-15 22:23:11+09:00
0,0,0,0,0,0,2021-05-16 01:29:30+09:00
0,0,0,0,0,0,2021-05-16 01:29:57+09:00
0,0,0,0,0,0,2021-05-16 01:30:26+09:00
0,0,0,0,0,0,2021-05-16 02:07:25+09:00
0,0,0,0,0,0,2021-05-16 07:23:43+09:00
0,0,0,0,0,0,2021-05-16 07:33:39+09:00
0,0,0,0,0,0,2021-05-16 11:01:00+09:00
0,0,0,0,0,0,2021-05-16 14:52:40+09:00
0,0,0,0,0,0,2021-05-16 14:54:23+09:00
0,0,0,0,0,0,2021-05-16 14:55:13+09:00
0,0,0,0,0,0,2021-05-16 15:00:41+09:00
0,0,0,0,0,0,2021-05-16 15:01:31+09:00
0,0,0,0,0,0,2021-05-16 15:02:08+09:00
0,0,0,0,0,0,2021-05-16 16:39:44+09:00
0,0,0,0,0,0,2021-05-16 16:40:23+09:00
0,0,0,0,0,0,2021-05-16 16:51:44+09:00
0,0,0,0,0,0,2021-05-16 16:52:24+09:00
0,0,0,0,0,0,2021-05-16 16:53:55+09:00
0,0,0,0,0,0,2021-05-16 16:55:27+09:00
0,0,0,0,0,0,2021-05-16 16:55:30+09:00
0,0,0,0,0,0,2021-05-16 17:01:55+09:00
0,0,0,0,0,0,2021-05-16 17:10:21+09:00
0,0,0,0,0,0,2021-05-16 17:16:44+09:00
1,1,1,1,0,1,2021-05-16 17:26:29+09:00
1,1,1,1,0,1,2021-05-16 17:29:47+09:00
0,0,0,0,0,0,2021-05-16 20:44:21+09:00
0,0,0,0,0,0,2021-05-16 20:46:44+09:00
0,0,0,0,0,0,2021-05-16 20:47:28+09:00
0,0,0,0,0,0,2021-05-16 23:35:22+09:00
0,0,0,0,0,0,2021-05-17 00:43:44+09:00
0,0,0,0,0,0,2021-05-17 00:44:33+09:00
0,0,0,0,0,0,2021-05-17 00:48:08+09:00
0,0,0,0,0,0,2021-05-17 13:39:18+09:00
0,0,0,0,0,0,2021-05-17 14:16:19+09:00
0,0,0,0,0,0,2021-05-17 20:20:39+09:00
1,1,1,1,0,1,2021-05-17 20:21:41+09:00
0,0,0,0,0,0,2021-05-17 20:22:04+09:00
1,1,1,1,0,1,2021-05-17 22:17:58+09:00
0,0,0,0,0,0,2021-05-17 22:18:49+09:00
0,0,0,0,0,0,2021-05-17 22:28:37+09:00
0,0,0,0,0,0,2021-05-18 00:29:03+09:00
0,0,0,0,0,0,2021-05-18 02:17:52+09:00
0,0,0,0,0,0,2021-05-18 02:19:24+09:00
0,0,0,0,0,0,2021-05-18 03:46:20+09:00
0,0,0,0,0,0,2021-05-18 03:46:56+09:00
0,0,0,0,0,0,2021-05-18 06:14:29+09:00
0,0,0,0,0,0,2021-05-18 11:14:05+09:00
0,0,0,0,0,0,2021-05-18 11:14:34+09:00
0,0,0,0,0,0,2021-05-18 13:25:15+09:00
0,0,0,0,0,0,2021-05-18 17:08:04+09:00
1,1,1,1,0,1,2021-05-18 17:14:27+09:00
0,0,0,0,0,0,2021-05-18 17:15:15+09:00
0,0,0,0,0,0,2021-05-18 21:18:28+09:00
0,0,0,0,0,0,2021-05-18 21:47:16+09:00
0,0,0,0,0,0,2021-05-18 22:10:39+09:00
0,0,0,0,0,0,2021-05-18 22:16:29+09:00
0,0,0,0,0,0,2021-05-18 22:23:13+09:00
0,0,0,0,0,0,2021-05-18 22:23:53+09:00
0,0,0,0,0,0,2021-05-19 00:19:46+09:00
0,0,0,0,0,0,2021-05-19 00:34:28+09:00
1,1,1,1,0,1,2021-05-19 01:06:22+09:00
1,1,1,1,0,1,2021-05-19 01:07:22+09:00
0,0,0,0,0,0,2021-05-19 01:08:38+09:00
0,0,0,0,0,0,2021-05-19 01:26:44+09:00
0,0,0,0,0,0,2021-05-19 04:14:10+09:00
1,1,1,1,0,1,2021-05-19 04:18:50+09:00
0,0,0,0,0,0,2021-05-19 04:20:09+09:00
0,0,0,0,0,0,2021-05-19 04:24:44+09:00
0,0,0,0,0,0,2021-05-19 04:30:27+09:00
0,0,0,0,0,0,2021-05-19 07:05:17+09:00
1,1,1,1,0,1,2021-05-19 07:11:06+09:00
0,0,0,0,0,0,2021-05-19 07:11:33+09:00
0,1,1,1,0,0,2021-05-19 09:54:55+09:00
0,0,0,0,0,0,2021-05-19 18:18:24+09:00
0,1,1,1,0,0,2021-05-19 19:27:57+09:00
0,0,0,0,0,0,2021-05-19 21:42:58+09:00
0,0,0,0,0,0,2021-05-19 21:45:40+09:00
0,0,0,0,0,0,2021-05-19 21:45:58+09:00
0,0,0,0,0,0,2021-05-19 21:46:39+09:00
0,0,0,0,0,0,2021-05-19 22:16:15+09:00
0,0,0,0,0,0,2021-05-19 22:30:01+09:00
0,1,1,1,0,0,2021-05-19 23:21:22+09:00
0,0,0,0,0,0,2021-05-19 23:23:43+09:00
0,0,0,0,0,0,2021-05-20 00:18:31+09:00
0,0,0,0,0,0,2021-05-20 02:00:12+09:00
0,0,0,0,0,0,2021-05-20 02:05:11+09:00
0,0,0,0,0,0,2021-05-20 02:08:22+09:00
0,0,0,0,0,0,2021-05-20 02:26:30+09:00
0,0,0,0,0,0,2021-05-20 02:28:48+09:00
0,0,0,0,0,0,2021-05-20 02:31:48+09:00
0,0,0,0,0,0,2021-05-20 02:32:17+09:00
0,0,0,0,0,0,2021-05-20 02:32:48+09:00
0,0,0,0,0,0,2021-05-20 02:33:09+09:00
0,0,0,0,0,0,2021-05-20 02:33:33+09:00
0,0,0,0,0,0,2021-05-20 02:34:11+09:00
0,0,0,0,0,0,2021-05-20 02:40:32+09:00
0,0,0,0,0,0,2021-05-20 02:42:26+09:00
0,0,0,0,0,0,2021-05-20 02:43:04+09:00
0,0,0,0,0,0,2021-05-20 02:43:46+09:00
0,0,0,0,0,0,2021-05-20 02:52:40+09:00
0,0,0,0,0,0,2021-05-20 02:54:34+09:00
0,0,0,0,0,0,2021-05-20 03:12:40+09:00
0,0,0,0,0,0,2021-05-20 03:14:13+09:00
0,0,0,0,0,0,2021-05-20 03:52:45+09:00
0,0,0,0,0,0,2021-05-20 03:55:46+09:00
0,0,0,0,0,0,2021-05-20 05:29:58+09:00
0,0,0,0,0,0,2021-05-20 05:30:38+09:00
0,0,0,0,0,0,2021-05-23 18:48:09+09:00
0,0,0,0,0,0,2021-05-23 18:49:40+09:00
0,1,1,1,0,0,2021-05-31 07:39:22+09:00
0,0,0,0,0,0,2021-06-03 14:05:36+09:00
0,0,0,0,0,0,2021-06-03 14:08:39+09:00
0,0,0,0,0,0,2021-06-03 14:08:48+09:00
0,0,0,0,0,0,2021-06-03 14:31:46+09:00
0,0,0,0,0,0,2021-06-03 14:39:56+09:00
0,0,0,0,0,0,2021-06-03 15:23:38+09:00
0,0,0,0,0,0,2021-06-03 22:17:18+09:00
0,0,0,0,0,0,2021-06-03 22:22:37+09:00
0,0,0,0,0,0,2021-06-03 22:23:18+09:00
0,0,0,0,0,0,2021-06-03 22:24:08+09:00
0,0,0,0,0,0,2021-06-05 12:27:30+09:00
0,0,0,0,0,0,2021-06-05 12:28:05+09:00
0,0,0,0,0,0,2021-06-05 13:15:47+09:00
0,0,0,0,0,0,2021-06-05 13:16:16+09:00
0,0,0,0,0,0,2021-06-06 12:54:43+09:00
0,0,0,0,0,0,2021-06-06 12:55:23+09:00
2,2,0,0,0,0,2021-08-11 12:44:26+09:00
0,0,0,0,0,0,2021-08-11 12:45:19+09:00
0,0,0,0,0,0,2021-08-11 12:46:00+09:00
1,1,0,0,0,0,2021-08-12 23:23:23+09:00
0,0,0,0,0,0,2021-08-12 23:23:59+09:00
0,0,0,0,0,0,2021-11-18 15:35:21+09:00
0,0,0,0,0,0,2021-11-18 15:36:09+09:00
0,0,0,0,0,0,2021-11-18 15:36:30+09:00
