Acquisition,Preparation,Modeling,Training,Evaluation,Prediction,time
13,36,2,0,0,0,2021-08-17 17:00:34+08:00
0,0,0,0,0,0,2021-08-17 17:19:57+08:00
0,0,0,0,0,0,2021-08-18 11:15:17+08:00
0,1,0,0,0,0,2021-08-18 15:06:28+08:00
0,0,0,0,0,0,2021-09-06 15:23:10+08:00
0,0,0,0,0,0,2021-09-06 20:43:26+08:00
0,0,0,0,0,0,2021-09-07 18:01:49+08:00
0,0,0,0,0,0,2021-09-07 18:02:17+08:00
0,0,0,0,0,0,2021-09-07 18:02:49+08:00
0,1,0,0,0,0,2021-09-07 18:03:31+08:00
0,1,0,0,0,0,2021-09-07 18:04:14+08:00
1,1,0,0,0,0,2021-09-07 18:04:49+08:00
0,0,0,0,0,0,2021-09-07 18:05:36+08:00
0,1,0,0,0,0,2021-09-07 18:09:09+08:00
3,12,1,0,0,0,2021-09-07 18:09:47+08:00
0,1,0,0,0,0,2021-09-07 18:10:08+08:00
0,4,0,0,0,0,2021-09-07 18:10:37+08:00
1,5,1,0,0,0,2021-09-07 18:11:18+08:00
0,0,0,0,0,0,2021-09-07 18:11:34+08:00
1,3,1,0,0,0,2021-09-08 16:43:34+08:00
0,0,0,0,0,0,2021-09-08 17:00:16+08:00
0,0,0,0,0,0,2021-09-08 20:56:03+08:00
0,0,0,0,0,0,2021-09-08 21:22:02+08:00
1,2,1,0,0,0,2021-09-08 22:37:20+08:00
0,0,0,0,0,0,2021-10-07 16:32:04+08:00
0,0,0,0,0,0,2021-10-12 10:17:37+08:00
0,0,0,0,0,0,2021-10-12 10:19:36+08:00
0,0,0,0,0,0,2021-10-14 17:19:20+08:00
0,0,0,0,0,0,2021-10-14 17:20:32+08:00
0,1,0,0,0,0,2021-10-14 17:21:29+08:00
0,0,0,0,0,0,2021-10-14 17:21:47+08:00
0,0,0,0,0,0,2021-10-14 17:22:12+08:00
0,1,0,0,0,0,2021-10-14 17:22:40+08:00
0,2,0,0,0,0,2021-10-14 17:33:57+08:00
0,0,0,0,0,0,2021-10-14 17:34:27+08:00
0,2,0,0,0,0,2021-10-14 17:35:02+08:00
2,9,2,0,0,0,2021-10-14 17:35:48+08:00
0,0,0,0,0,0,2021-10-14 17:36:02+08:00
0,0,0,0,0,0,2021-10-14 17:36:14+08:00
0,0,0,0,0,0,2021-10-14 19:24:13+08:00
0,0,0,0,0,0,2021-10-14 19:58:07+08:00
0,0,0,0,0,0,2021-10-14 20:22:22+08:00
0,0,0,0,0,0,2021-10-15 15:09:12+08:00
0,0,0,0,0,0,2021-10-15 15:12:35+08:00
0,0,0,0,0,0,2021-10-18 19:32:38+08:00
0,0,0,0,0,0,2021-10-18 19:33:03+08:00
0,0,0,0,0,0,2021-10-19 16:40:26+08:00
0,0,0,0,0,0,2021-10-19 17:12:54+08:00
0,0,0,0,0,0,2021-10-19 18:30:43+08:00
0,0,0,0,0,0,2021-10-21 16:16:19+08:00
0,0,0,0,0,0,2021-10-21 17:44:36+08:00
0,0,0,0,0,0,2021-10-25 19:17:06+08:00
0,0,0,0,0,0,2021-10-25 19:21:31+08:00
0,0,0,0,0,0,2021-10-26 11:18:36+08:00
0,0,0,0,0,0,2021-10-26 15:33:49+08:00
0,2,0,0,0,0,2021-10-27 11:34:42+08:00
0,0,0,0,0,0,2021-10-27 13:25:14+08:00
0,0,0,0,0,0,2021-10-27 15:20:21+08:00
0,0,0,0,0,0,2021-11-10 10:54:45+08:00
0,0,0,0,0,0,2021-11-15 16:48:59+08:00
0,0,0,0,0,0,2021-11-25 17:59:18+08:00
0,0,0,0,0,0,2021-11-25 18:00:55+08:00
0,0,0,0,0,0,2021-11-25 18:01:38+08:00
0,4,0,0,0,0,2021-11-25 18:04:34+08:00
0,1,0,0,0,0,2021-11-25 18:05:19+08:00
2,6,1,0,0,0,2021-11-25 18:07:05+08:00
2,6,1,0,0,0,2021-11-25 18:07:40+08:00
0,1,0,0,0,0,2021-11-25 20:37:02+08:00
0,0,0,0,0,0,2021-11-29 18:07:57+08:00
0,0,0,0,0,0,2021-12-02 17:07:37+08:00
0,0,0,0,0,0,2021-12-02 17:20:43+08:00
0,0,0,0,0,0,2021-12-07 14:17:32+08:00
0,0,0,0,0,0,2021-12-07 15:06:51+08:00
0,0,0,0,0,0,2021-12-07 15:52:14+08:00
0,0,0,0,0,0,2021-12-07 15:54:25+08:00
0,0,0,0,0,0,2021-12-07 15:59:34+08:00
0,0,0,0,0,0,2021-12-07 20:57:00+08:00
0,0,0,0,0,0,2021-12-07 21:02:47+08:00
0,0,0,0,0,0,2021-12-08 14:49:03+08:00
0,0,0,0,0,0,2021-12-08 15:04:00+08:00
0,0,0,0,0,0,2022-02-26 22:35:33+08:00
25,45,10,2,5,5,2022-02-26 22:36:02+08:00
1,2,0,0,0,0,2022-02-26 22:36:40+08:00
3,24,2,0,0,0,2022-02-26 22:36:57+08:00
0,0,0,0,0,0,2022-04-20 15:18:04+08:00
3,5,0,0,0,0,2022-04-24 14:35:13+08:00
0,0,0,0,0,0,2022-04-24 14:44:05+08:00
0,0,0,0,0,0,2022-04-25 15:25:58+08:00
0,0,0,0,0,0,2022-04-25 15:39:44+08:00
0,0,0,0,0,0,2022-04-26 11:58:02+08:00
0,0,0,0,0,0,2022-04-26 13:19:09+08:00
0,0,0,0,0,0,2022-05-05 14:35:05+08:00
0,0,0,0,0,0,2022-05-06 13:37:16+08:00
0,0,0,0,0,0,2022-05-10 10:57:24+08:00
0,0,0,0,0,0,2022-05-10 11:52:23+08:00
0,3,0,0,0,0,2022-05-13 13:05:23+08:00
0,0,0,0,0,0,2022-05-13 13:08:12+08:00
0,0,0,0,0,0,2022-05-13 17:06:07+08:00
1,4,1,0,0,0,2022-05-13 20:47:22+08:00
0,0,0,0,0,0,2022-05-13 23:54:35+08:00
0,0,0,0,0,0,2022-05-14 10:01:56+08:00
1,1,0,0,0,0,2022-05-15 20:00:46+08:00
1,3,0,0,0,1,2022-05-15 20:01:05+08:00
5,5,1,0,0,0,2022-05-17 10:09:03+08:00
0,0,0,0,0,0,2022-05-17 14:29:59+08:00
2,3,0,1,0,1,2022-05-17 14:57:21+08:00
0,0,0,0,0,0,2022-05-17 15:15:21+08:00
0,0,0,0,0,0,2022-05-17 16:36:27+08:00
0,0,0,0,0,0,2022-05-18 11:37:14+08:00
0,0,0,0,0,0,2022-05-18 20:40:26+08:00
0,0,0,0,0,0,2022-05-18 23:35:27+08:00
0,0,0,0,0,0,2022-05-19 11:56:22+08:00
0,0,0,0,0,0,2022-05-19 17:17:10+08:00
0,0,0,0,0,0,2022-05-19 20:00:25+08:00
0,0,0,0,0,0,2022-05-19 20:02:21+08:00
0,0,0,0,0,0,2022-05-20 11:03:35+08:00
0,0,0,0,0,0,2022-05-20 11:04:13+08:00
0,0,0,0,0,0,2022-05-21 14:33:36+08:00
0,0,0,0,0,0,2022-05-22 22:04:55+08:00
0,6,0,0,0,0,2022-05-22 22:05:10+08:00
0,0,0,0,0,0,2022-05-22 22:08:23+08:00
0,2,0,0,0,0,2022-05-23 15:13:53+08:00
0,2,0,0,0,0,2022-05-24 11:53:31+08:00
0,1,0,0,0,0,2022-05-24 11:54:28+08:00
0,0,0,0,0,0,2022-05-24 14:53:48+08:00
1,3,0,0,0,0,2022-05-24 17:32:59+08:00
0,4,0,0,0,0,2022-05-25 11:28:30+08:00
2,6,1,0,0,0,2022-05-25 17:22:11+08:00
1,1,0,0,0,0,2022-05-25 17:27:55+08:00
0,0,0,0,0,0,2022-05-26 13:36:43+08:00
0,0,0,0,0,0,2022-05-26 22:07:55+08:00
0,0,0,0,0,0,2022-05-27 10:22:24+08:00
0,1,0,0,0,0,2022-05-27 11:50:05+08:00
0,0,0,0,0,0,2022-05-27 14:49:50+08:00
0,1,0,0,0,0,2022-05-31 14:15:48+08:00
2,1,0,1,0,1,2022-05-31 14:16:13+08:00
3,22,2,0,0,0,2022-05-31 14:16:55+08:00
0,0,0,0,0,0,2022-05-31 14:17:39+08:00
0,0,0,0,0,0,2022-05-31 14:18:41+08:00
0,0,0,0,0,0,2022-06-02 15:45:49+08:00
3,2,0,0,0,0,2022-06-04 17:35:11+08:00
1,1,0,0,0,0,2022-06-04 17:38:31+08:00
2,4,2,0,0,0,2022-06-04 17:38:54+08:00
0,0,0,0,0,0,2022-06-04 17:39:24+08:00
2,2,1,0,0,0,2022-06-05 17:16:36+08:00
0,1,0,0,0,0,2022-06-05 20:19:18+08:00
0,6,0,0,0,0,2022-06-05 20:38:37+08:00
0,0,0,0,0,0,2022-06-06 12:31:37+08:00
0,0,0,0,0,0,2022-06-06 16:47:43+08:00
2,6,1,0,0,0,2022-06-06 20:06:37+08:00
0,0,0,0,0,0,2022-06-06 20:07:11+08:00
0,2,0,0,0,0,2022-06-06 21:13:55+08:00
0,0,0,0,0,0,2022-06-07 09:45:51+08:00
0,4,0,0,0,0,2022-06-08 16:47:57+08:00
0,2,0,0,0,0,2022-06-08 19:15:22+08:00
0,0,0,0,0,0,2022-06-08 19:40:34+08:00
0,0,0,0,0,0,2022-06-08 23:04:15+08:00
0,0,0,0,0,0,2022-06-09 14:03:14+08:00
0,0,0,0,0,0,2022-06-10 11:53:18+08:00
1,3,0,0,0,0,2022-06-11 21:17:25+08:00
0,0,0,0,0,0,2022-06-11 22:53:24+08:00
0,0,0,0,0,0,2022-06-13 23:24:49+08:00
0,2,0,0,0,0,2022-06-14 13:20:50+08:00
0,0,0,0,0,0,2022-06-14 13:21:04+08:00
0,0,0,0,0,0,2022-06-14 19:57:39+08:00
0,0,0,0,0,0,2022-06-14 19:59:50+08:00
0,0,0,0,0,0,2022-06-14 21:06:49+08:00
0,0,0,0,0,0,2022-06-15 12:04:30+08:00
0,0,0,0,0,0,2022-06-15 12:04:42+08:00
0,0,0,0,0,0,2022-06-15 12:10:21+08:00
0,0,0,0,0,0,2022-06-15 20:36:55+08:00
0,0,0,0,0,0,2022-06-16 15:31:05+08:00
0,4,0,0,0,0,2022-06-16 18:00:28+08:00
0,1,0,0,0,0,2022-06-16 18:02:32+08:00
0,0,0,0,0,0,2022-06-16 18:02:46+08:00
0,0,0,0,0,0,2022-06-17 10:47:27+08:00
0,0,0,0,0,0,2022-06-17 16:58:10+08:00
0,0,0,0,0,0,2022-06-20 19:53:13+08:00
0,0,0,0,0,0,2022-06-21 17:18:21+08:00
0,0,0,0,0,0,2022-06-22 20:17:21+08:00
0,1,0,0,0,0,2022-06-23 15:07:34+08:00
0,0,0,0,0,0,2022-06-24 11:40:48+08:00
0,0,0,0,0,0,2022-06-24 11:41:17+08:00
0,0,0,0,0,0,2022-06-24 16:33:11+08:00
0,0,0,0,0,0,2022-06-24 16:34:11+08:00
0,0,0,0,0,0,2022-06-28 02:32:53+08:00
0,0,0,0,0,0,2022-06-28 10:11:13+08:00
1,0,0,0,0,0,2022-06-28 10:58:03+08:00
0,0,0,0,0,0,2022-06-28 10:58:17+08:00
2,12,1,0,0,0,2022-06-28 11:58:28+08:00
0,2,0,0,0,0,2022-06-28 15:16:49+08:00
0,2,0,0,0,0,2022-06-28 19:52:29+08:00
0,0,0,0,0,0,2022-06-28 20:28:14+08:00
0,0,0,0,0,0,2022-06-28 20:41:19+08:00
0,0,0,0,0,0,2022-06-29 11:38:10+08:00
0,0,0,0,0,0,2022-06-29 11:38:26+08:00
0,2,0,0,0,0,2022-06-29 14:42:22+08:00
0,0,0,0,0,0,2022-07-01 21:59:47+08:00
0,1,0,0,0,0,2022-07-02 14:17:20+08:00
0,0,0,0,0,0,2022-07-02 14:17:29+08:00
0,0,0,0,0,0,2022-07-02 14:18:20+08:00
0,0,0,0,0,0,2022-07-04 10:33:37+08:00
