Acquisition,Preparation,Modeling,Training,Evaluation,Prediction,time
0,0,0,0,0,0,2021-01-06 20:32:15+00:00
0,0,0,0,0,0,2021-01-06 20:32:42+00:00
0,0,0,0,0,0,2021-01-07 10:58:45+00:00
0,0,0,0,0,0,2021-01-07 10:59:21+00:00
0,0,0,0,0,0,2021-01-07 14:16:56+00:00
0,0,0,0,0,0,2021-01-07 15:52:23+00:00
1,0,0,0,0,0,2021-01-07 17:50:00+00:00
0,0,0,0,0,0,2021-01-07 20:36:07+00:00
0,0,0,0,0,0,2021-01-08 15:01:24+00:00
0,0,0,0,0,0,2021-01-08 15:40:39+00:00
0,0,0,0,0,0,2021-01-08 16:00:29+00:00
0,0,0,0,0,0,2021-01-08 16:00:59+00:00
1,1,0,0,0,0,2021-01-08 21:00:03+00:00
1,1,0,0,0,0,2021-01-08 23:42:29+00:00
2,1,0,0,0,0,2021-06-01 08:56:33+01:00
2,2,1,0,0,1,2021-06-01 15:58:26+01:00
1,1,1,1,0,1,2021-06-01 23:29:42+01:00
2,2,1,1,0,1,2021-06-02 08:53:52+01:00
3,3,1,1,0,1,2021-06-02 17:29:40+01:00
2,2,1,1,0,1,2021-06-02 17:36:16+01:00
2,2,1,1,0,1,2021-06-02 19:54:35+01:00
1,1,1,1,0,1,2021-06-02 22:34:27+01:00
3,3,1,1,0,1,2021-06-03 11:00:46+01:00
3,2,1,1,0,1,2021-06-03 19:21:15+01:00
1,1,1,1,0,1,2021-06-03 19:28:37+01:00
1,1,1,1,0,1,2021-06-03 19:35:43+01:00
2,1,1,1,0,1,2021-06-04 08:52:06+01:00
0,0,0,0,0,0,2021-06-04 08:55:28+01:00
3,2,1,1,0,1,2021-06-04 11:29:06+01:00
5,4,1,1,0,1,2021-06-05 18:12:29+01:00
5,4,1,1,0,1,2021-06-05 22:03:31+01:00
5,4,1,1,0,2,2021-06-06 11:53:22+01:00
3,2,1,1,0,1,2021-06-06 12:05:04+01:00
4,3,0,0,0,0,2021-06-06 12:23:52+01:00
5,4,1,1,0,2,2021-06-07 18:51:15+01:00
6,5,2,2,0,3,2021-06-12 10:52:50+01:00
1,1,1,1,0,1,2021-06-12 11:32:51+01:00
6,5,2,2,0,3,2021-06-13 12:32:39+01:00
2,2,1,1,0,1,2021-06-15 10:14:36+01:00
2,2,2,2,0,2,2021-06-17 13:54:15+01:00
3,3,1,1,0,2,2021-06-17 17:21:19+01:00
2,2,1,1,0,1,2021-07-07 09:11:44+01:00
1,1,1,1,0,1,2021-07-07 23:17:27+01:00
1,1,1,1,0,1,2021-07-08 08:18:37+01:00
1,1,1,1,0,1,2021-07-08 18:45:45+01:00
1,1,0,0,0,1,2021-07-29 11:16:25+01:00
0,0,0,0,0,0,2021-07-29 11:24:16+01:00
1,1,0,0,0,1,2021-07-29 14:01:16+01:00
1,1,0,0,0,1,2021-07-29 14:46:07+01:00
2,2,0,0,0,2,2021-07-30 08:51:02+01:00
