Acquisition,Preparation,Modeling,Training,Evaluation,Prediction,time
0,0,0,0,0,0,2020-12-25 11:07:17+05:18
1,0,0,0,0,0,2020-12-27 22:19:56+05:18
0,0,0,0,0,0,2020-12-27 22:21:41+05:18
1,0,0,0,0,0,2020-12-27 22:32:01+05:18
0,0,0,0,0,0,2020-12-27 22:33:12+05:18
1,1,0,0,0,0,2020-12-28 00:19:08+05:18
0,0,0,0,0,0,2020-12-28 00:22:23+05:18
0,0,0,0,0,0,2020-12-28 00:39:48+05:18
0,0,0,0,0,0,2020-12-28 00:40:06+05:18
0,0,0,0,0,0,2020-12-28 01:32:40+05:18
1,0,0,0,0,0,2021-01-01 14:37:33+05:18
0,0,0,0,0,0,2021-01-01 14:45:17+05:18
1,0,0,0,0,0,2021-01-02 20:16:37+05:18
7,13,2,1,0,4,2021-01-02 21:35:19+05:18
1,2,0,0,0,1,2021-01-02 23:42:08+05:18
1,1,0,0,0,0,2021-01-03 03:41:55+05:18
1,1,0,0,0,0,2021-01-03 12:14:49+05:18
1,1,1,1,0,1,2021-01-03 14:02:54+05:18
2,1,0,0,0,0,2021-01-03 14:39:00+05:18
2,1,0,0,0,0,2021-01-03 20:05:03+05:18
3,3,0,0,0,2,2021-01-03 20:42:16+05:18
1,1,0,0,0,0,2021-01-04 02:12:22+05:18
2,1,1,1,0,1,2021-01-04 03:51:11+05:18
0,0,0,0,0,0,2021-01-04 05:41:36+05:18
1,1,0,0,0,0,2021-01-04 06:03:41+05:18
2,2,0,0,0,0,2021-01-04 08:07:13+05:18
1,0,0,0,0,0,2021-01-04 15:40:27+05:18
0,0,0,0,0,0,2021-01-04 15:44:12+05:18
2,2,0,0,0,0,2021-01-04 16:27:48+05:18
1,0,0,0,0,0,2021-01-05 00:20:21+05:18
0,0,0,0,0,0,2021-01-05 00:21:39+05:18
0,0,0,0,0,0,2021-01-05 00:49:34+05:18
1,1,0,0,0,0,2021-01-05 00:54:27+05:18
1,1,0,0,0,0,2021-01-05 01:50:50+05:18
0,0,0,0,0,0,2021-01-05 01:54:47+05:18
1,1,0,0,0,0,2021-01-05 03:47:25+05:18
2,1,0,0,0,0,2021-01-05 03:49:49+05:18
0,0,0,0,0,0,2021-01-05 03:50:41+05:18
3,2,0,0,0,0,2021-01-05 04:46:45+05:18
1,1,0,0,0,0,2021-01-05 12:17:45+05:18
0,0,0,0,0,0,2021-01-05 12:18:00+05:18
0,0,0,0,0,0,2021-01-05 12:44:08+05:18
0,0,0,0,0,0,2021-01-05 18:03:26+05:18
0,0,0,0,0,0,2021-01-05 18:17:40+05:18
0,0,0,0,0,0,2021-01-05 18:18:45+05:18
1,1,0,0,0,0,2021-01-05 19:17:18+05:18
0,0,0,0,0,0,2021-01-05 19:17:41+05:18
0,0,0,0,0,0,2021-01-05 20:29:02+05:18
0,0,0,0,0,0,2021-01-05 20:29:56+05:18
0,0,0,0,0,0,2021-01-05 20:30:07+05:18
0,0,0,0,0,0,2021-01-05 20:45:32+05:18
0,0,0,0,0,0,2021-01-05 21:07:13+05:18
1,1,0,0,0,0,2021-02-15 10:41:45+05:18
1,1,0,0,0,0,2021-02-16 18:40:25+05:18
2,1,0,0,0,0,2021-02-16 19:20:14+05:18
0,0,0,0,0,0,2021-02-27 13:05:42+05:18
