Acquisition,Preparation,Modeling,Training,Evaluation,Prediction,time
0,1,0,0,0,1,2016-11-21 23:48:21+01:00
0,0,0,0,0,0,2016-11-21 23:54:43+01:00
0,0,0,0,0,0,2016-11-21 23:55:32+01:00
0,0,0,0,0,0,2016-11-21 23:57:26+01:00
0,0,0,0,0,0,2016-11-21 23:59:45+01:00
0,0,0,0,0,0,2016-11-22 00:00:29+01:00
0,0,0,0,0,0,2016-11-25 20:01:28-05:00
0,1,0,0,0,1,2016-11-28 22:03:25-05:00
0,1,0,0,0,1,2016-11-28 22:05:06-05:00
9,31,1,1,3,11,2016-11-29 23:55:24-06:00
0,1,0,0,0,1,2016-11-30 01:00:04-05:00
0,0,0,0,0,0,2016-11-30 01:00:28-05:00
0,1,0,0,0,1,2016-11-30 01:14:07-05:00
0,1,0,0,0,1,2016-11-30 11:20:22-05:00
0,1,0,0,0,1,2016-11-30 12:20:13-05:00
0,0,0,0,0,0,2016-12-01 22:14:26-05:00
0,0,0,0,0,0,2016-12-05 22:17:20-05:00
0,0,0,0,0,0,2016-12-06 21:07:13-05:00
0,0,0,0,0,0,2016-12-06 21:37:42-05:00
0,0,0,0,0,0,2016-12-06 21:39:46-05:00
0,0,0,0,0,0,2016-12-06 21:44:15-05:00
0,0,0,0,0,0,2016-12-06 21:45:21-05:00
0,0,0,0,0,0,2016-12-06 21:47:19-05:00
0,0,0,0,0,0,2016-12-06 21:48:00-05:00
0,2,0,0,0,1,2016-12-07 20:23:12-05:00
0,0,0,0,0,0,2016-12-08 21:37:41-06:00
0,0,0,0,0,0,2016-12-08 21:43:56-06:00
0,0,0,0,0,0,2016-12-08 21:46:47-06:00
0,0,0,0,0,0,2016-12-14 22:05:29-05:00
0,1,0,0,0,1,2016-12-14 22:05:29-05:00
0,0,0,0,0,0,2016-12-14 22:16:41-05:00
0,1,0,0,0,1,2016-12-14 22:16:41-05:00
0,1,0,0,0,2,2017-01-05 22:44:20-05:00
0,0,0,0,0,0,2017-01-06 16:02:41-05:00
0,1,0,0,0,0,2017-01-06 17:23:20-05:00
0,0,0,0,0,0,2017-01-06 19:01:47-05:00
0,0,0,0,0,0,2017-01-07 06:01:09-05:00
0,0,0,0,0,0,2017-01-14 10:03:47-06:00
0,0,0,0,0,0,2017-01-14 10:21:34-06:00
0,0,0,0,0,0,2017-01-16 21:54:52-05:00
0,1,0,0,0,1,2017-01-16 21:55:49-05:00
0,0,0,0,0,0,2017-01-16 21:58:58-05:00
0,1,0,0,0,0,2017-01-16 22:11:33-05:00
0,1,0,0,0,0,2017-01-16 22:45:02-05:00
0,1,0,0,0,0,2017-01-16 22:20:59-06:00
0,1,0,0,0,0,2017-01-17 18:20:35-05:00
0,2,0,0,0,0,2017-01-17 18:31:29-05:00
0,0,0,0,0,0,2017-01-17 18:31:41-05:00
0,2,0,0,0,0,2017-01-19 23:02:26-05:00
0,6,0,0,0,0,2017-01-21 09:42:08-06:00
0,1,0,0,0,0,2017-01-22 10:04:34-05:00
0,0,0,0,0,0,2017-01-22 10:05:45-05:00
9,32,1,1,3,11,2017-01-30 17:43:59-06:00
0,0,0,0,0,0,2017-02-06 16:08:36-06:00
0,2,0,0,0,1,2017-03-31 21:08:17-05:00
0,0,0,0,0,0,2017-03-31 21:10:02-05:00
0,0,0,0,0,0,2017-03-31 21:13:28-05:00
0,0,0,0,0,0,2017-03-31 21:21:55-05:00
0,0,0,0,0,0,2017-03-31 21:22:20-05:00
0,0,0,0,0,0,2017-07-13 09:49:38-07:00
0,0,0,0,0,0,2018-04-03 00:24:42-07:00
0,0,0,0,0,0,2018-04-03 00:32:16-07:00
0,0,0,0,0,0,2018-04-03 00:43:31-07:00
0,7,0,0,1,0,2018-04-03 00:46:55-07:00
1,1,0,0,1,0,2018-04-03 00:32:46-07:00
0,0,0,0,0,0,2018-04-09 10:48:04-07:00
1,2,0,0,0,0,2018-04-09 10:52:55-07:00
0,0,0,0,0,0,2018-04-09 10:55:03-07:00
0,0,0,0,0,0,2018-04-11 17:22:51-07:00
0,0,0,0,0,0,2018-04-12 11:27:34-07:00
0,1,0,0,0,0,2018-04-12 14:00:04-07:00
0,0,0,0,0,0,2018-04-13 09:19:11-07:00
0,0,0,0,0,0,2018-04-16 13:48:01-04:00
0,0,0,0,0,0,2018-04-16 10:51:35-07:00
0,0,0,0,0,0,2018-04-16 13:43:37-07:00
0,8,0,0,1,0,2018-04-16 16:47:57-07:00
0,1,0,0,1,0,2018-04-16 18:29:29-07:00
0,0,0,0,0,0,2018-04-17 14:39:54-07:00
0,0,0,0,0,0,2018-04-20 15:15:25-07:00
0,0,0,0,0,0,2018-04-23 14:41:33-07:00
0,0,0,0,0,0,2018-04-26 15:20:28-07:00
0,0,0,0,0,0,2018-04-26 15:20:55-07:00
0,0,0,0,0,0,2018-04-26 15:48:12-07:00
0,4,0,0,0,0,2018-05-01 13:55:48-07:00
0,1,0,0,0,0,2018-05-02 11:37:05-07:00
0,1,0,0,0,0,2018-05-02 12:23:03-07:00
1,4,0,0,0,1,2018-05-07 21:08:24-07:00
0,0,0,0,0,0,2018-05-08 11:46:53-07:00
0,1,0,0,0,0,2018-05-08 16:25:56-07:00
0,1,0,0,0,0,2018-05-10 14:00:03-07:00
0,1,0,0,0,0,2018-05-10 14:53:27-07:00
0,1,0,0,0,0,2018-05-10 15:00:38-07:00
0,1,0,0,0,0,2018-05-16 16:46:41-07:00
0,1,0,0,0,0,2018-05-16 16:47:02-07:00
0,0,0,0,0,0,2018-05-17 09:42:06-07:00
0,0,0,0,0,0,2018-05-17 09:49:45-07:00
0,0,0,0,0,0,2018-05-18 15:34:37-07:00
0,0,0,0,0,0,2018-05-29 14:05:07-07:00
0,1,0,0,0,0,2018-05-30 10:18:03-07:00
0,1,0,0,0,0,2018-05-30 10:21:12-07:00
0,1,0,0,0,0,2018-05-30 10:22:49-07:00
0,1,0,0,0,0,2018-05-31 18:13:46-07:00
0,1,0,0,0,0,2018-06-05 18:23:32-07:00
0,0,0,0,0,0,2018-06-06 09:56:02-07:00
1,1,0,0,0,1,2018-06-09 20:32:29-07:00
0,0,0,0,0,0,2018-06-14 14:29:08-07:00
1,2,0,0,0,1,2018-06-22 13:03:32-07:00
0,1,0,0,0,0,2018-06-22 13:07:55-07:00
0,1,0,0,0,0,2018-06-26 16:32:42-07:00
0,1,0,0,0,0,2018-06-28 15:12:47-07:00
1,1,0,0,0,0,2018-07-06 11:52:50-07:00
0,0,0,0,0,0,2018-07-06 13:50:14-07:00
0,0,0,0,0,0,2018-07-06 13:54:54-07:00
0,0,0,0,0,0,2018-07-06 14:00:25-07:00
0,0,0,0,0,0,2018-07-07 13:21:06-07:00
0,0,0,0,0,0,2018-07-07 15:53:49-07:00
0,1,0,0,0,0,2018-07-10 14:29:19-07:00
1,1,0,0,0,1,2018-07-10 16:53:11-07:00
1,1,0,0,1,0,2018-07-11 14:54:25-07:00
0,1,0,0,0,0,2018-07-14 14:36:13-07:00
0,0,0,0,0,0,2019-02-14 22:44:42+00:00
0,0,0,0,0,0,2019-08-07 21:16:40+07:00
0,0,0,0,0,0,2019-08-09 12:22:57+07:00
0,0,0,0,0,0,2019-08-09 23:59:03+07:00
0,1,0,0,0,0,2019-08-12 22:25:47+07:00
11,12,0,2,4,3,2019-12-01 22:09:01+07:00
