Acquisition,Preparation,Modeling,Training,Evaluation,Prediction,time
0,0,0,0,0,0,2019-06-26 16:23:05+05:00
0,0,0,0,0,0,2019-06-26 13:00:30+00:00
0,0,0,0,0,0,2019-06-26 18:14:30+05:00
0,0,0,0,0,0,2019-06-26 23:58:17+05:00
0,0,0,0,0,0,2019-06-27 13:20:35+05:00
0,0,0,0,0,0,2019-06-27 23:48:37+05:00
0,0,0,0,0,0,2019-06-27 23:58:56+05:00
0,0,0,0,0,0,2019-06-28 23:00:19+05:00
0,1,0,0,0,0,2019-06-28 23:55:55+05:00
0,0,0,0,0,0,2019-06-28 23:58:13+05:00
0,1,0,0,0,0,2019-06-29 00:43:31+05:00
0,0,0,0,0,0,2019-06-29 23:26:53+05:00
0,0,0,0,0,0,2019-07-01 14:13:05+05:00
0,0,0,0,0,0,2019-07-01 14:16:37+05:00
0,0,0,0,0,0,2019-07-01 14:19:31+05:00
0,0,0,0,0,0,2019-07-01 16:38:53+05:00
0,2,0,0,0,0,2019-07-01 22:31:10+05:00
0,0,0,0,0,0,2019-07-01 22:32:47+05:00
0,0,0,0,0,0,2019-07-01 22:52:08+05:00
0,0,0,0,0,0,2019-07-01 23:13:01+05:00
0,0,0,0,0,0,2019-07-01 23:25:57+05:00
0,0,0,0,0,0,2019-07-01 23:33:34+05:00
0,0,0,0,0,0,2019-07-01 23:37:09+05:00
0,0,0,0,0,0,2019-07-01 23:49:53+05:00
0,0,0,0,0,0,2019-07-01 23:59:36+05:00
0,0,0,0,0,0,2019-07-02 00:05:04+05:00
0,0,0,0,0,0,2019-07-02 00:11:31+05:00
0,0,0,0,0,0,2019-07-02 00:16:49+05:00
0,0,0,0,0,0,2019-07-02 19:54:07+05:00
0,0,0,0,0,0,2019-07-02 23:02:57+05:00
0,0,0,0,0,0,2019-07-02 23:03:04+05:00
0,1,0,0,0,0,2019-07-02 23:43:10+05:00
0,0,0,0,0,0,2019-07-02 23:43:41+05:00
1,1,1,0,0,0,2019-07-02 23:58:07+05:00
0,0,0,0,0,0,2019-07-03 22:54:25+05:00
0,0,0,0,0,0,2019-07-03 22:55:14+05:00
1,1,1,0,0,0,2019-07-03 23:58:55+05:00
0,0,0,0,0,0,2019-07-04 22:16:22+05:00
0,0,0,0,0,0,2019-07-04 23:49:10+05:00
0,0,0,0,0,0,2019-07-05 23:59:15+05:00
0,0,0,0,0,0,2019-07-06 00:03:23+05:00
0,0,0,0,0,0,2019-07-06 00:05:47+05:00
0,0,0,0,0,0,2019-07-06 00:14:00+05:00
0,0,0,0,0,0,2019-07-06 00:18:12+05:00
0,0,0,0,0,0,2019-07-06 00:35:24+05:00
0,0,0,0,0,0,2019-07-06 01:08:46+05:00
0,0,0,0,0,0,2019-07-06 01:13:35+05:00
0,0,0,0,0,0,2019-07-06 01:19:45+05:00
0,0,0,0,0,0,2019-07-06 02:40:06+05:00
0,1,0,0,0,0,2019-07-08 23:54:20+05:00
0,1,0,0,0,0,2019-07-08 23:56:10+05:00
0,0,0,0,0,0,2019-07-09 00:00:01+05:00
1,1,1,0,0,0,2019-07-09 14:50:29+05:00
0,0,0,0,0,0,2019-07-09 23:33:51+05:00
0,0,0,0,0,0,2019-07-09 23:34:36+05:00
0,2,0,0,0,0,2019-07-10 21:10:46+05:00
0,0,0,0,0,0,2019-07-10 23:36:43+05:00
0,1,0,0,0,0,2019-07-11 18:04:59+05:00
0,0,0,0,0,0,2019-07-11 23:57:25+05:00
0,1,0,0,0,0,2019-07-12 19:06:53+05:00
0,0,0,0,0,0,2019-07-12 23:04:42+05:00
0,4,1,0,0,0,2019-07-15 18:17:23+05:00
0,2,1,0,0,0,2019-07-15 20:33:51+05:00
0,0,0,0,0,0,2019-07-15 22:28:41+05:00
0,4,1,0,0,0,2019-07-15 22:30:17+05:00
0,1,1,0,0,0,2019-07-15 22:41:54+05:00
0,0,0,0,0,0,2019-07-15 22:45:32+05:00
0,1,1,1,0,0,2019-07-16 16:47:13+05:00
0,0,0,0,0,0,2019-07-16 16:59:17+05:00
0,0,0,0,0,0,2019-07-17 20:22:09+05:00
0,1,0,0,0,0,2019-07-17 20:56:39+05:00
0,0,0,0,0,0,2019-07-17 22:38:30+05:00
0,0,0,0,0,0,2019-07-17 22:40:29+05:00
0,0,0,0,0,0,2019-07-18 00:14:53+05:00
0,0,0,0,0,0,2019-07-18 21:01:52+05:00
0,0,0,0,0,0,2019-07-18 21:02:27+05:00
0,0,0,0,0,0,2019-07-18 23:59:05+05:00
0,0,0,0,0,0,2019-07-19 00:04:18+05:00
0,0,0,0,0,0,2019-07-19 13:51:14+05:00
0,0,0,0,0,0,2019-07-19 14:01:05+05:00
0,0,0,0,0,0,2019-07-19 14:02:27+05:00
0,0,0,0,0,0,2019-07-19 16:54:24+05:00
0,1,0,0,0,0,2019-07-19 19:37:31+05:00
0,0,0,0,0,0,2019-07-19 21:30:57+05:00
0,0,0,0,0,0,2019-07-19 22:08:08+05:00
0,1,1,0,0,0,2019-07-20 14:26:12+05:00
0,2,1,0,0,0,2019-07-20 17:15:36+05:00
0,1,1,0,0,0,2019-07-22 23:31:52+05:00
0,0,0,0,0,0,2019-07-22 23:48:41+05:00
0,1,1,0,0,0,2019-07-23 13:54:54+05:00
0,0,0,0,0,0,2019-07-25 22:50:14+05:00
0,0,0,0,0,0,2019-07-26 11:25:52+05:00
0,0,1,0,0,0,2019-07-26 11:29:23+05:00
0,0,0,0,0,0,2019-07-26 11:32:56+05:00
0,0,0,0,0,0,2019-07-26 11:42:15+05:00
0,0,0,0,0,0,2019-07-26 11:42:39+05:00
0,0,0,0,0,0,2019-07-26 12:36:37+05:00
0,0,0,0,0,0,2019-07-26 13:11:49+05:00
0,0,0,0,0,0,2019-07-26 13:12:27+05:00
0,0,0,0,0,0,2019-07-26 13:16:41+05:00
0,0,0,0,0,0,2019-07-26 13:23:33+05:00
0,0,0,0,0,0,2019-07-26 13:28:03+05:00
0,0,0,0,0,0,2019-07-26 13:30:40+05:00
0,0,0,0,0,0,2019-07-26 13:35:16+05:00
0,0,0,0,0,0,2019-07-26 17:47:18+05:00
0,0,0,0,0,0,2019-07-26 20:01:19+05:00
0,0,0,0,0,0,2019-07-26 20:12:35+05:00
0,0,0,0,0,0,2019-07-26 20:44:39+05:00
0,0,0,0,0,0,2019-07-26 20:46:54+05:00
0,0,0,0,0,0,2019-07-26 20:54:07+05:00
0,0,0,0,0,0,2019-07-26 21:00:48+05:00
0,0,0,0,0,0,2019-07-26 22:08:32+05:00
0,0,0,0,0,0,2019-07-26 22:13:49+05:00
0,0,0,0,0,0,2019-07-26 22:15:42+05:00
0,0,0,0,0,0,2019-07-26 22:16:21+05:00
0,0,0,0,0,0,2019-07-26 22:23:04+05:00
0,0,0,0,0,0,2019-07-26 22:30:03+05:00
0,0,0,0,0,0,2019-07-26 23:02:07+05:00
0,0,0,0,0,0,2019-07-26 23:08:19+05:00
0,0,0,0,0,0,2019-07-26 23:24:01+05:00
0,0,0,0,0,0,2019-07-26 23:32:51+05:00
0,0,0,0,0,0,2019-07-26 23:42:54+05:00
0,0,0,0,0,0,2019-07-26 23:52:50+05:00
0,0,0,0,0,0,2019-07-26 23:54:47+05:00
0,0,0,0,0,0,2019-07-27 00:01:28+05:00
0,0,0,0,0,0,2019-07-27 00:10:03+05:00
0,0,0,0,0,0,2019-07-27 00:13:21+05:00
