Acquisition,Preparation,Modeling,Training,Evaluation,Prediction,time
0,0,0,0,0,0,2019-10-15 13:35:11+01:00
0,0,0,0,0,0,2019-10-17 14:49:13+01:00
0,0,0,0,0,0,2019-10-17 14:58:33+01:00
0,0,0,0,0,0,2019-10-17 15:16:21+01:00
0,0,0,0,0,0,2019-10-17 15:18:11+01:00
0,0,0,0,0,0,2019-10-18 23:57:23+01:00
0,0,0,0,0,0,2019-10-19 00:02:26+01:00
0,0,0,0,0,0,2019-10-23 17:56:40+05:18
0,0,0,0,0,0,2019-10-23 18:30:49+05:18
0,0,0,0,0,0,2019-10-23 18:40:01+05:18
0,0,0,0,0,0,2019-10-25 12:10:11+01:00
0,0,0,0,0,0,2019-10-25 12:14:22+01:00
0,0,0,0,0,0,2019-10-29 02:11:27+00:00
0,0,0,0,0,0,2019-10-29 02:12:30+00:00
0,0,0,0,0,0,2019-10-29 02:12:50+00:00
0,0,0,0,0,0,2019-10-29 13:10:58+05:18
0,0,0,0,0,0,2019-10-29 18:33:37+00:00
0,0,0,0,0,0,2019-10-29 18:35:18+00:00
0,0,0,0,0,0,2019-10-29 19:06:07+00:00
0,0,0,0,0,0,2019-10-29 19:08:15+00:00
0,0,0,0,0,0,2019-10-30 17:26:48+00:00
0,0,0,0,0,0,2019-10-30 17:27:18+00:00
0,0,0,0,0,0,2019-11-02 11:51:02+05:18
0,0,0,0,0,0,2019-11-02 12:04:11+00:00
0,0,0,0,0,0,2019-11-02 16:35:29+00:00
0,0,0,0,0,0,2019-11-02 19:47:40+00:00
0,0,0,0,0,0,2019-11-02 19:50:24+00:00
0,0,0,0,0,0,2019-11-03 11:43:04+00:00
0,0,0,0,0,0,2019-11-05 04:27:40+05:18
0,0,0,0,0,0,2019-11-05 04:29:20+05:18
0,0,0,0,0,0,2019-11-04 23:13:10+00:00
0,0,0,0,0,0,2019-11-05 15:26:18+00:00
0,0,0,0,0,0,2019-11-05 23:28:30+00:00
0,0,0,0,0,0,2019-11-06 12:55:08+00:00
0,0,0,0,0,0,2019-11-06 12:58:10+00:00
0,0,0,0,0,0,2019-11-06 13:03:22+00:00
1,1,0,1,0,1,2019-11-07 12:21:17+00:00
0,0,0,0,0,0,2019-11-12 17:55:34+00:00
1,1,0,1,0,0,2019-11-12 18:21:06+00:00
1,1,0,1,0,0,2019-11-13 14:55:38+05:18
1,1,0,1,0,1,2019-11-13 15:41:38+05:18
0,0,0,0,0,0,2019-11-13 15:08:32+00:00
1,1,0,1,0,0,2019-11-14 11:13:48+05:18
0,0,0,0,0,0,2019-11-14 11:27:35+00:00
0,0,0,0,0,0,2019-11-14 11:39:56+05:18
1,0,0,0,0,0,2019-11-14 12:18:14+05:18
3,2,0,1,0,0,2019-11-17 11:50:42+00:00
0,0,0,0,0,0,2019-11-18 15:36:42+00:00
2,1,0,1,0,1,2019-11-18 19:31:25+00:00
0,0,0,0,0,0,2019-11-18 19:38:36+00:00
0,0,0,0,0,0,2019-11-18 21:18:18+00:00
0,1,0,1,0,1,2019-11-19 14:03:09+00:00
3,1,0,0,0,0,2019-11-20 11:58:37+00:00
0,0,0,0,0,0,2019-11-23 21:31:34+05:18
0,0,0,0,0,0,2019-11-24 18:59:46+00:00
0,0,0,0,0,0,2019-11-25 00:50:10+00:00
1,0,0,0,0,0,2019-11-25 00:50:37+00:00
0,0,0,0,0,0,2019-11-25 00:50:53+00:00
0,0,0,0,0,0,2019-11-25 00:51:11+00:00
0,0,0,0,0,0,2019-11-25 23:39:43+00:00
0,0,0,0,0,0,2019-11-25 23:40:26+00:00
0,0,0,0,0,0,2019-11-25 23:41:03+00:00
0,0,0,0,0,0,2019-11-25 23:41:18+00:00
0,0,0,0,0,0,2019-11-26 12:38:18+00:00
0,0,0,0,0,0,2019-11-26 22:56:20+00:00
0,0,0,0,0,0,2019-11-30 00:18:33+00:00
