Acquisition,Preparation,Modeling,Training,Evaluation,Prediction,time
2,2,0,0,0,0,2021-11-29 10:50:55+01:00
0,0,0,0,0,0,2021-11-29 17:20:47+01:00
0,0,0,0,0,0,2021-11-29 17:44:15+01:00
1,0,0,0,0,0,2021-11-29 17:55:32+01:00
0,0,0,0,0,0,2021-11-29 18:01:39+01:00
2,1,0,0,0,0,2021-11-30 12:00:03+01:00
1,1,0,0,0,0,2021-11-30 12:29:57+01:00
0,0,0,0,0,0,2021-11-30 12:35:11+01:00
0,0,0,0,0,0,2021-11-30 13:13:26+01:00
0,0,0,0,0,0,2021-11-30 13:15:56+01:00
0,0,0,0,0,0,2021-11-30 16:13:50+01:00
0,0,0,0,0,0,2021-11-30 16:16:10+01:00
1,1,0,0,0,0,2021-11-30 18:05:59+01:00
1,1,0,0,0,0,2021-11-30 22:55:13+01:00
1,1,0,0,0,0,2021-12-01 09:34:13+01:00
0,0,0,0,0,0,2021-12-01 09:36:07+01:00
0,0,0,0,0,0,2021-12-01 09:36:59+01:00
1,1,0,0,0,0,2021-12-01 13:06:31+01:00
0,0,0,0,0,0,2021-12-01 13:07:55+01:00
1,1,0,0,0,0,2021-12-01 13:09:28+01:00
1,1,0,0,0,0,2021-12-01 14:28:57+01:00
0,0,0,0,0,0,2021-12-01 14:30:10+01:00
0,0,0,0,0,0,2021-12-01 14:35:22+01:00
1,1,0,0,0,0,2021-12-02 10:07:29+01:00
1,1,0,0,0,0,2021-12-02 10:18:04+01:00
0,0,0,0,0,0,2021-12-02 10:19:04+01:00
0,0,0,0,0,0,2021-12-02 10:19:47+01:00
0,0,0,0,0,0,2021-12-02 10:26:46+01:00
0,0,0,0,0,0,2021-12-02 10:32:53+01:00
0,0,0,0,0,0,2021-12-02 10:34:06+01:00
0,0,0,0,0,0,2021-12-02 10:34:35+01:00
0,1,0,0,0,0,2021-12-03 18:26:54+01:00
0,0,0,0,0,0,2021-12-03 18:27:30+01:00
2,3,1,0,0,0,2021-12-03 18:32:33+01:00
0,0,0,0,0,0,2021-12-03 19:38:25+01:00
1,1,1,0,0,0,2021-12-03 21:55:59+01:00
3,4,0,0,0,0,2021-12-06 08:42:28+01:00
0,0,0,0,0,0,2021-12-06 09:27:42+01:00
0,0,0,0,0,0,2021-12-06 09:42:33+01:00
0,0,0,0,0,0,2021-12-06 12:24:36+01:00
0,0,0,0,0,0,2021-12-06 12:35:44+01:00
0,0,0,0,0,0,2021-12-06 14:10:50+01:00
0,0,0,0,0,0,2021-12-06 12:24:36+01:00
0,0,0,0,0,0,2021-12-06 12:35:44+01:00
0,0,0,0,0,0,2021-12-06 14:13:24+01:00
0,0,0,0,0,0,2021-12-06 14:14:06+01:00
1,2,1,1,0,2,2021-12-08 14:22:23+01:00
3,4,0,0,0,1,2021-12-08 15:45:55+01:00
0,0,0,0,0,0,2021-12-08 15:47:49+01:00
0,0,0,0,0,0,2021-12-08 15:50:10+01:00
0,0,0,0,0,0,2021-12-08 15:54:03+01:00
2,4,1,2,1,2,2021-12-08 18:21:25+01:00
0,0,0,0,0,0,2021-12-08 18:23:45+01:00
1,1,0,0,0,1,2021-12-09 14:46:36+01:00
0,0,0,0,0,0,2021-12-09 15:14:22+01:00
1,2,1,1,1,0,2021-12-09 15:43:21+01:00
0,0,0,0,0,0,2021-12-09 15:44:46+01:00
0,0,0,0,0,0,2021-12-09 16:12:11+01:00
0,0,0,0,0,0,2021-12-09 16:13:52+01:00
0,0,0,0,0,0,2021-12-09 16:38:16+01:00
0,0,0,0,0,0,2021-12-09 16:40:04+01:00
0,0,0,0,0,0,2021-12-09 16:43:19+01:00
0,0,0,0,0,0,2021-12-09 17:04:02+01:00
0,0,0,0,0,0,2021-12-09 17:12:59+01:00
0,0,0,0,0,0,2021-12-09 18:30:18+01:00
0,0,0,0,0,0,2021-12-09 18:38:53+01:00
0,0,0,0,0,0,2021-12-09 18:43:50+01:00
2,2,1,1,1,0,2021-12-10 14:35:57+01:00
1,1,1,1,1,0,2021-12-10 14:51:03+01:00
0,0,0,0,0,0,2021-12-16 09:53:45+01:00
