Acquisition,Preparation,Modeling,Training,Evaluation,Prediction,time
0,2,0,1,0,1,2019-02-12 11:05:49+08:00
0,0,0,0,0,0,2019-02-12 11:27:49+08:00
0,0,0,0,0,0,2019-02-12 11:47:52+08:00
0,0,0,0,0,0,2019-02-12 12:00:31+08:00
0,0,0,0,0,0,2019-02-12 15:42:56+08:00
0,0,0,0,0,0,2019-02-13 09:42:46+08:00
0,0,0,0,0,0,2019-02-13 09:43:28+08:00
0,0,0,0,0,0,2019-02-13 09:48:11+08:00
0,0,0,0,0,0,2019-02-13 09:51:22+08:00
0,0,0,0,0,0,2019-02-13 10:58:58+08:00
0,0,0,0,0,0,2019-02-13 11:00:41+08:00
0,0,0,0,0,0,2019-02-13 11:12:57+08:00
0,1,0,1,0,0,2019-02-13 11:53:55+08:00
0,0,0,0,0,0,2019-02-13 12:09:03+08:00
0,0,0,0,0,0,2019-02-13 12:11:56+08:00
0,0,0,0,0,0,2019-02-13 12:12:44+08:00
0,0,0,0,0,0,2019-02-13 12:17:03+08:00
0,0,0,0,0,0,2019-02-13 12:18:58+08:00
0,0,0,0,0,0,2019-02-13 12:22:22+08:00
0,0,0,0,0,0,2019-02-13 13:34:08+08:00
0,0,0,0,0,0,2019-02-13 13:49:17+08:00
0,0,0,0,0,0,2019-02-13 13:49:22+08:00
0,0,0,0,0,0,2019-02-13 13:50:29+08:00
0,0,0,0,0,0,2019-02-13 13:57:43+08:00
0,0,0,0,0,0,2019-02-13 14:02:36+08:00
0,0,0,0,0,0,2019-02-13 14:10:38+08:00
0,0,0,0,0,0,2019-02-13 14:18:09+08:00
0,0,0,0,0,0,2019-02-13 14:23:51+08:00
0,0,0,0,0,0,2019-02-13 14:27:43+08:00
0,0,0,0,0,0,2019-02-13 14:42:42+08:00
0,0,0,0,0,0,2019-02-13 14:42:51+08:00
0,0,0,0,0,0,2019-02-13 14:43:14+08:00
0,0,0,0,0,0,2019-02-13 15:13:46+08:00
0,1,0,1,0,0,2019-02-13 15:16:10+08:00
0,0,0,0,0,0,2019-02-13 07:23:02+00:00
0,0,0,0,0,0,2019-02-13 07:25:56+00:00
0,1,0,1,1,1,2019-02-13 07:47:13+00:00
0,1,1,1,1,1,2019-02-13 16:06:09+08:00
0,0,0,0,0,0,2019-02-13 16:23:56+08:00
0,0,0,0,0,0,2019-02-13 16:41:54+08:00
0,0,0,0,0,0,2019-02-13 16:43:07+08:00
0,3,1,1,2,3,2019-02-13 16:48:52+08:00
0,0,0,0,0,0,2019-02-13 16:57:18+08:00
0,0,0,0,0,0,2019-02-13 09:00:35+00:00
0,1,0,0,1,1,2019-02-13 09:18:12+00:00
0,0,0,0,0,0,2019-02-13 09:22:45+00:00
0,0,0,0,0,0,2019-02-13 09:26:43+00:00
0,1,0,0,1,1,2019-02-13 17:32:44+08:00
0,0,0,0,0,0,2019-02-13 17:33:50+08:00
0,0,0,0,0,0,2019-02-13 17:35:00+08:00
0,0,0,0,0,0,2019-02-13 17:41:25+08:00
0,0,0,0,0,0,2019-02-13 17:45:22+08:00
0,0,0,0,0,0,2019-02-13 17:48:15+08:00
0,1,1,1,1,1,2019-02-13 18:03:32+08:00
0,0,0,0,0,0,2019-02-13 10:21:32+00:00
0,0,0,0,0,0,2019-02-13 11:37:43+00:00
0,0,0,0,0,0,2019-02-13 11:41:12+00:00
0,0,0,0,0,0,2019-02-13 11:42:50+00:00
0,0,0,0,0,0,2019-02-13 11:48:21+00:00
0,0,0,0,0,0,2019-02-13 11:59:34+00:00
0,0,0,0,0,0,2019-02-19 09:06:38+08:00
0,0,0,0,0,0,2019-02-19 09:21:38+08:00
0,0,0,0,0,0,2019-02-19 15:59:44+08:00
0,0,0,0,0,0,2019-02-19 16:05:56+08:00
0,0,0,0,0,0,2019-02-19 16:09:24+08:00
0,1,0,0,0,1,2019-02-20 08:36:19+08:00
0,0,0,0,0,0,2019-02-20 08:44:02+08:00
0,1,0,0,0,1,2019-02-20 08:46:23+08:00
0,0,0,0,0,0,2019-02-20 16:29:26+08:00
0,0,0,0,0,0,2019-02-20 17:00:58+08:00
0,0,0,0,0,0,2019-02-20 17:03:35+08:00
0,0,0,0,0,0,2019-02-20 17:48:56+08:00
0,0,0,0,0,0,2019-02-20 17:50:21+08:00
0,0,0,0,0,0,2019-02-20 17:56:36+08:00
0,0,0,0,0,0,2019-02-20 18:03:22+08:00
0,0,0,0,0,0,2019-02-21 11:22:37+08:00
0,0,0,0,0,0,2019-02-21 13:59:08+08:00
0,0,0,0,0,0,2019-02-20 18:05:28+08:00
0,2,1,1,2,2,2019-02-21 08:43:39+00:00
0,0,0,0,0,0,2019-02-21 17:40:56+08:00
0,0,0,0,0,0,2019-02-21 18:33:27+08:00
0,0,0,0,0,0,2019-02-22 09:02:17+08:00
0,0,0,0,0,0,2019-02-22 14:35:18+08:00
0,0,0,0,0,0,2019-02-22 14:35:56+08:00
0,0,0,0,0,0,2019-02-22 14:39:54+08:00
0,0,0,0,0,0,2019-02-22 14:53:46+08:00
0,0,0,0,0,0,2019-02-22 14:57:39+08:00
0,0,0,0,0,0,2019-02-22 15:24:57+08:00
0,0,0,0,0,0,2019-02-22 15:30:22+08:00
0,0,0,0,0,0,2019-02-22 16:35:23+08:00
0,0,0,0,0,0,2019-02-22 16:40:02+08:00
0,0,0,0,0,0,2019-02-22 16:59:16+08:00
0,0,0,0,0,0,2019-02-22 17:12:00+08:00
0,0,0,0,0,0,2019-02-22 17:18:04+08:00
0,0,0,0,0,0,2019-02-22 17:18:57+08:00
0,0,0,0,0,0,2019-02-22 17:20:44+08:00
0,0,0,0,0,0,2019-02-22 17:25:18+08:00
0,0,0,0,0,0,2019-02-22 17:39:40+08:00
0,0,0,0,0,0,2019-02-23 21:39:12+08:00
0,0,0,0,0,0,2019-02-23 21:57:35+08:00
0,0,0,0,0,0,2019-02-23 22:06:27+08:00
0,0,0,0,0,0,2019-02-23 22:08:18+08:00
0,0,0,0,0,0,2019-02-23 22:13:21+08:00
0,0,0,0,0,0,2019-02-23 22:22:49+08:00
0,0,0,0,0,0,2019-02-23 22:41:06+08:00
0,0,0,0,0,0,2019-02-23 22:46:14+08:00
0,0,0,0,0,0,2019-02-23 22:48:15+08:00
0,0,0,0,0,0,2019-02-23 22:49:45+08:00
0,0,0,0,0,0,2019-02-23 22:50:17+08:00
0,0,0,0,0,0,2019-02-23 22:50:30+08:00
0,0,0,0,0,0,2019-02-23 22:54:54+08:00
0,0,0,0,0,0,2019-02-23 23:02:45+08:00
0,1,0,0,0,1,2019-02-23 23:04:55+08:00
0,0,0,0,0,0,2019-02-23 23:11:19+08:00
0,0,0,0,0,0,2019-02-23 23:23:24+08:00
0,0,0,0,0,0,2019-02-23 23:29:49+08:00
0,1,0,0,0,1,2019-02-23 23:34:05+08:00
0,0,0,0,0,0,2019-02-23 23:50:03+08:00
0,0,0,0,0,0,2019-02-23 23:51:23+08:00
0,0,0,0,0,0,2019-02-23 23:52:17+08:00
0,0,0,0,0,0,2019-02-23 23:57:18+08:00
0,0,0,0,0,0,2019-02-24 00:47:23+08:00
0,0,0,0,0,0,2019-02-24 00:52:30+08:00
0,0,0,0,0,0,2019-02-24 00:54:36+08:00
0,3,1,1,2,3,2019-02-24 01:07:57+08:00
0,0,0,0,0,0,2019-02-24 10:46:40+08:00
0,0,0,0,0,0,2019-02-24 10:52:36+08:00
0,0,0,0,0,0,2019-02-24 10:54:23+08:00
0,0,0,0,0,0,2019-02-24 10:55:09+08:00
0,0,0,0,0,0,2019-02-24 10:59:10+08:00
0,0,0,0,0,0,2019-02-24 10:59:48+08:00
0,0,0,0,0,0,2019-02-24 11:05:35+08:00
0,0,0,0,0,0,2019-02-24 11:09:03+08:00
0,0,0,0,0,0,2019-02-24 12:20:11+08:00
0,0,0,0,0,0,2019-02-24 12:24:29+08:00
0,0,0,0,0,0,2019-02-24 12:31:31+08:00
0,0,0,0,0,0,2019-02-24 12:35:40+08:00
0,0,0,0,0,0,2019-02-24 12:39:27+08:00
0,0,0,0,0,0,2019-02-24 12:40:47+08:00
0,0,0,0,0,0,2019-02-24 12:44:36+08:00
0,1,0,0,0,1,2019-02-24 12:51:15+08:00
0,0,0,0,0,0,2019-02-24 16:02:26+08:00
0,1,0,0,0,1,2019-02-24 16:14:18+08:00
0,0,0,0,0,0,2019-02-24 16:40:44+08:00
0,0,0,0,0,0,2019-02-24 16:41:09+08:00
0,0,0,0,0,0,2019-02-24 16:41:27+08:00
0,0,0,0,0,0,2019-02-24 16:47:30+08:00
0,0,0,0,0,0,2019-02-25 09:08:33+08:00
0,0,0,0,0,0,2019-02-25 09:12:00+08:00
0,0,0,0,0,0,2019-02-25 09:20:50+08:00
0,0,0,0,0,0,2019-02-25 09:21:32+08:00
0,0,0,0,0,0,2019-02-25 09:23:43+08:00
0,0,0,0,0,0,2019-02-25 09:39:36+08:00
0,1,0,0,0,1,2019-02-25 09:40:11+08:00
0,1,0,0,0,1,2019-02-25 09:45:27+08:00
0,0,0,0,0,0,2019-02-25 10:24:19+08:00
0,0,0,0,0,0,2019-02-25 11:21:35+08:00
0,0,0,0,0,0,2019-02-25 22:30:40+08:00
0,0,0,0,0,0,2019-02-25 22:31:48+08:00
0,0,0,0,0,0,2019-02-25 22:34:28+08:00
0,0,0,0,0,0,2019-02-25 22:35:54+08:00
0,0,0,0,0,0,2019-02-25 22:36:06+08:00
0,0,0,0,0,0,2019-02-26 09:52:08+08:00
0,0,0,0,0,0,2019-02-26 10:15:13+08:00
0,0,0,0,0,0,2019-02-26 10:29:56+08:00
0,0,0,0,0,0,2019-02-26 11:02:09+08:00
0,0,0,0,0,0,2019-02-26 11:05:30+08:00
0,0,0,0,0,0,2019-02-26 11:12:05+08:00
0,0,0,0,0,0,2019-02-26 11:55:32+08:00
0,0,0,0,0,0,2019-02-26 13:36:55+08:00
0,0,0,0,0,0,2019-02-26 13:40:35+08:00
0,0,0,0,0,0,2019-02-27 21:56:46+08:00
0,0,0,0,0,0,2019-02-27 22:02:39+08:00
0,0,0,0,0,0,2019-02-27 22:03:17+08:00
0,0,0,0,0,0,2019-02-28 03:13:38+00:00
0,0,0,0,0,0,2019-02-28 03:47:46+00:00
0,1,0,0,0,1,2019-02-28 04:10:00+00:00
0,0,0,0,0,0,2019-03-06 09:51:29+08:00
0,0,0,0,0,0,2019-03-07 09:46:39+08:00
0,1,0,0,0,1,2019-03-08 23:40:11+08:00
0,0,0,0,0,0,2019-03-15 09:30:51+08:00
0,1,0,0,0,1,2019-03-15 09:32:11+08:00
0,1,1,1,1,1,2019-03-15 09:38:49+08:00
0,0,0,0,0,0,2019-03-15 09:48:28+08:00
0,0,0,0,0,0,2019-03-15 09:51:42+08:00
0,0,0,0,0,0,2019-03-15 11:45:59+08:00
0,0,0,0,0,0,2019-03-15 13:02:40+08:00
0,0,0,0,0,0,2019-03-15 13:06:12+08:00
0,0,0,0,0,0,2019-03-15 13:08:27+08:00
0,0,0,0,0,0,2019-03-15 13:30:12+08:00
0,1,1,1,1,1,2019-03-15 13:36:03+08:00
0,1,1,1,1,1,2019-03-15 13:36:31+08:00
0,1,1,1,1,1,2019-03-15 13:36:55+08:00
0,0,0,0,0,0,2019-03-15 13:53:45+08:00
0,0,0,0,0,0,2019-03-15 14:01:48+08:00
0,1,1,1,1,1,2019-03-15 14:04:36+08:00
0,1,1,1,1,1,2019-03-15 14:04:57+08:00
0,1,1,1,1,1,2019-03-15 14:05:13+08:00
0,1,1,1,1,1,2019-03-15 14:05:29+08:00
0,1,0,0,0,1,2019-03-16 07:12:14+08:00
0,2,0,0,0,2,2019-03-19 09:32:06+08:00
0,0,0,0,0,0,2019-03-19 09:33:43+08:00
0,1,1,1,1,1,2019-03-19 10:03:04+08:00
0,0,0,0,0,0,2019-03-19 10:07:58+08:00
0,0,0,0,0,0,2019-03-20 15:45:01+08:00
0,0,0,0,0,0,2019-03-20 16:37:23+08:00
0,0,0,0,0,0,2019-03-26 22:35:32+08:00
0,0,0,0,0,0,2019-03-26 12:01:23-07:00
0,0,0,0,0,0,2019-03-27 13:30:49+08:00
0,0,0,0,0,0,2019-04-08 09:01:22+08:00
0,0,0,0,0,0,2019-04-08 09:04:44+08:00
0,0,0,0,0,0,2019-04-08 09:09:29+08:00
0,0,0,0,0,0,2019-04-08 09:12:54+08:00
0,0,0,0,0,0,2019-04-08 09:20:39+08:00
0,0,0,0,0,0,2019-04-08 11:36:28+08:00
0,0,0,0,0,0,2019-04-08 11:39:25+08:00
0,0,0,0,0,0,2019-04-08 12:14:31+08:00
0,0,0,0,0,0,2019-04-08 12:30:48+08:00
0,0,0,0,0,0,2019-04-09 17:08:33+08:00
0,0,0,0,0,0,2019-04-09 17:12:07+08:00
0,0,0,0,0,0,2019-04-09 17:20:26+08:00
0,0,0,0,0,0,2019-04-09 17:29:44+08:00
0,0,0,0,0,0,2019-04-09 17:39:54+08:00
0,0,0,0,0,0,2019-04-11 14:55:08+08:00
0,0,0,0,0,0,2019-04-11 14:56:32+08:00
0,0,0,0,0,0,2019-04-11 15:06:04+08:00
0,0,0,0,0,0,2019-04-12 08:40:34+08:00
0,0,0,0,0,0,2019-04-12 09:09:20+08:00
0,0,0,0,0,0,2019-04-12 09:39:45+08:00
0,0,0,0,0,0,2019-04-12 09:41:27+08:00
0,0,0,0,0,0,2019-04-12 09:43:33+08:00
0,0,0,0,0,0,2019-04-12 09:43:49+08:00
0,0,0,0,0,0,2019-04-12 11:02:49+08:00
0,0,0,0,0,0,2019-04-12 11:55:28+08:00
0,0,0,0,0,0,2019-04-12 22:45:59+08:00
0,0,0,0,0,0,2019-04-13 10:09:14+08:00
0,0,0,0,0,0,2019-04-13 10:16:02+08:00
0,0,0,0,0,0,2019-04-13 10:24:32+08:00
0,0,0,0,0,0,2019-04-13 10:35:12+08:00
0,0,0,0,0,0,2019-04-13 10:55:43+08:00
0,0,0,0,0,0,2019-04-13 11:07:35+08:00
0,0,0,0,0,0,2019-04-13 11:15:01+08:00
0,0,0,0,0,0,2019-04-13 11:18:38+08:00
0,0,0,0,0,0,2019-04-13 11:33:51+08:00
0,0,0,0,0,0,2019-04-13 13:35:44+08:00
0,0,0,0,0,0,2019-04-13 13:55:00+08:00
0,0,0,0,0,0,2019-04-13 14:02:26+08:00
0,0,0,0,0,0,2019-04-13 14:14:02+08:00
0,0,0,0,0,0,2019-04-13 14:20:27+08:00
0,0,0,0,0,0,2019-04-13 14:29:49+08:00
0,0,0,0,0,0,2019-04-13 15:04:14+08:00
0,0,0,0,0,0,2019-04-15 09:28:44+08:00
0,0,0,0,0,0,2019-04-15 09:31:24+08:00
0,0,0,0,0,0,2019-04-15 13:42:21+08:00
0,0,0,0,0,0,2019-04-15 14:40:03+08:00
0,0,0,0,0,0,2019-04-15 14:40:48+08:00
0,1,0,0,0,1,2019-04-15 14:41:43+08:00
0,1,0,0,0,1,2019-04-18 23:58:25+08:00
0,0,0,0,0,0,2019-04-19 00:03:10+08:00
0,0,0,0,0,0,2019-04-19 00:18:19+08:00
0,0,0,0,0,0,2019-04-19 00:20:56+08:00
0,0,0,0,0,0,2019-04-19 00:27:45+08:00
0,0,0,0,0,0,2019-04-19 00:54:16+08:00
0,1,1,1,1,1,2019-04-19 00:54:41+08:00
0,0,0,0,0,0,2019-04-19 00:56:32+08:00
0,0,0,0,0,0,2019-04-19 00:58:47+08:00
0,0,0,0,0,0,2019-04-19 01:23:10+08:00
0,0,0,0,0,0,2019-04-19 01:57:43+08:00
0,0,0,0,0,0,2019-04-19 02:06:50+08:00
0,0,0,0,0,0,2019-04-20 13:05:04+08:00
0,3,1,1,1,3,2019-04-20 13:17:20+08:00
0,0,0,0,0,0,2019-04-20 13:18:29+08:00
0,1,1,1,1,1,2019-04-20 13:30:29+08:00
0,1,0,0,0,1,2019-04-20 13:43:34+08:00
0,1,0,0,0,1,2019-04-20 14:09:57+08:00
0,0,0,0,0,0,2019-04-20 14:56:22+08:00
0,0,0,0,0,0,2019-04-20 15:47:09+08:00
0,0,0,0,0,0,2019-04-21 19:02:33+08:00
0,0,0,0,0,0,2019-04-21 21:19:38+08:00
0,0,0,0,0,0,2019-04-22 14:11:14+08:00
0,0,0,0,0,0,2019-04-23 06:40:06+08:00
0,0,0,0,0,0,2019-05-15 12:33:28+10:00
0,0,0,0,0,0,2019-05-28 23:14:07+10:00
0,0,0,0,0,0,2019-05-28 23:14:43+10:00
0,0,0,0,0,0,2019-05-29 11:44:15+10:00
0,0,0,0,0,0,2019-06-25 10:47:24+08:00
0,0,0,0,0,0,2019-06-25 10:58:33+08:00
