Acquisition,Preparation,Modeling,Training,Evaluation,Prediction,time
13,9,0,0,0,0,2021-02-17 11:28:01+01:00
0,0,0,0,0,0,2021-02-17 11:32:10+01:00
1,0,0,0,0,0,2021-02-17 11:40:15+01:00
1,0,0,0,0,0,2021-02-17 11:47:14+01:00
1,1,0,0,0,0,2021-02-17 11:58:35+01:00
1,1,0,0,0,0,2021-02-17 13:18:03+01:00
1,1,0,0,0,0,2021-02-17 16:41:32+01:00
1,1,0,0,0,1,2021-02-17 18:07:58+01:00
1,1,0,0,0,0,2021-02-17 19:37:18+01:00
1,1,0,0,0,0,2021-02-17 19:56:09+01:00
1,1,0,0,0,0,2021-02-17 20:07:19+01:00
1,1,0,0,0,0,2021-02-17 20:13:43+01:00
0,0,0,0,0,0,2021-02-17 20:16:31+01:00
1,1,0,0,0,0,2021-02-17 20:18:03+01:00
1,1,0,0,0,0,2021-02-17 20:30:47+01:00
1,1,0,0,0,0,2021-02-17 20:58:28+01:00
2,2,0,0,0,0,2021-02-17 21:09:35+01:00
0,0,0,0,0,0,2021-02-17 21:10:03+01:00
1,1,0,0,0,0,2021-02-17 21:15:53+01:00
1,1,0,0,0,0,2021-02-17 21:18:57+01:00
0,0,0,0,0,0,2021-02-17 21:19:07+01:00
1,1,0,0,0,0,2021-02-17 21:20:22+01:00
0,0,0,0,0,0,2021-02-17 21:20:27+01:00
1,1,0,0,0,0,2021-02-17 21:27:17+01:00
1,1,0,0,0,1,2021-02-17 21:35:28+01:00
0,0,0,0,0,0,2021-02-17 21:35:42+01:00
1,1,0,0,0,1,2021-02-17 22:23:55+01:00
1,1,0,0,0,0,2021-02-18 00:23:25+01:00
2,2,0,0,0,0,2021-02-18 00:58:29+01:00
1,1,0,0,0,0,2021-02-18 01:10:16+01:00
1,1,0,0,0,0,2021-02-18 01:21:10+01:00
1,1,0,0,0,0,2021-02-18 01:21:34+01:00
0,0,0,0,0,0,2021-02-18 01:24:10+01:00
1,1,0,0,0,0,2021-02-18 02:01:26+01:00
1,1,0,0,0,0,2021-02-18 10:02:43+01:00
1,1,0,0,0,0,2021-02-18 10:04:23+01:00
1,1,0,0,0,0,2021-02-18 10:41:17+01:00
1,1,0,0,0,0,2021-02-18 10:56:24+01:00
1,1,0,0,0,0,2021-02-18 11:11:50+01:00
0,0,0,0,0,0,2021-02-18 15:29:01+01:00
0,0,0,0,0,0,2021-02-22 12:21:42+01:00
0,0,0,0,0,0,2021-02-22 12:21:58+01:00
0,0,0,0,0,0,2021-02-22 12:24:24+01:00
0,0,0,0,0,0,2021-02-22 12:28:41+01:00
0,0,0,0,0,0,2021-02-22 12:30:13+01:00
0,2,2,2,0,1,2021-02-22 12:54:30+01:00
0,1,1,1,0,0,2021-02-22 13:26:44+01:00
0,1,1,1,0,0,2021-02-22 14:17:12+01:00
0,2,2,2,0,2,2021-02-22 15:58:27+01:00
0,1,1,1,0,1,2021-02-22 19:26:39+01:00
0,0,0,0,0,0,2021-02-22 19:38:09+01:00
3,1,1,1,0,1,2021-02-23 10:38:23+01:00
1,1,1,1,0,1,2021-02-23 10:51:10+01:00
3,2,2,2,0,2,2021-02-23 12:57:08+01:00
1,2,1,1,0,1,2021-02-23 13:45:28+01:00
1,2,1,1,0,1,2021-02-23 15:13:28+01:00
1,1,1,1,0,1,2021-02-23 15:33:56+01:00
1,2,2,2,1,2,2021-02-23 21:40:08+01:00
2,1,1,1,0,1,2021-02-23 20:41:44+00:00
0,0,0,0,0,0,2021-02-23 20:41:53+00:00
1,2,2,2,1,2,2021-02-23 22:03:36+01:00
0,0,0,0,0,0,2021-02-23 21:03:58+00:00
1,1,1,1,1,1,2021-02-23 22:05:45+01:00
0,0,0,0,0,0,2021-02-23 21:06:07+00:00
1,1,1,1,0,1,2021-02-24 09:29:02+00:00
2,2,2,2,1,2,2021-02-24 11:18:16+01:00
1,1,0,0,0,0,2021-02-24 12:04:38+01:00
0,0,0,0,0,0,2021-02-24 12:05:23+01:00
1,1,1,1,1,1,2021-02-24 12:08:21+01:00
3,3,0,0,0,0,2021-02-24 12:11:52+01:00
0,0,0,0,0,0,2021-02-24 12:12:00+01:00
0,0,0,0,0,0,2021-02-24 12:16:48+01:00
1,1,1,1,1,1,2021-02-24 12:17:18+01:00
0,0,0,0,0,0,2021-02-24 12:17:21+01:00
1,1,1,1,1,1,2021-02-24 12:30:34+01:00
0,0,0,0,0,0,2021-02-24 12:30:47+01:00
0,1,1,1,0,1,2021-02-24 12:37:24+01:00
2,2,0,0,0,0,2021-02-24 12:50:26+01:00
0,0,0,0,0,0,2021-02-24 12:50:40+01:00
3,3,1,1,1,1,2021-02-24 12:56:08+01:00
0,0,0,0,0,0,2021-02-24 12:57:57+01:00
0,0,0,0,0,0,2021-02-24 12:58:24+01:00
1,1,0,0,0,0,2021-02-24 13:07:36+01:00
0,0,0,0,0,0,2021-02-24 13:18:21+01:00
0,0,0,0,0,0,2021-02-24 13:19:08+01:00
1,1,0,0,0,0,2021-02-24 14:16:57+01:00
1,1,2,2,1,2,2021-02-24 17:34:00+01:00
0,0,0,0,0,0,2021-02-24 17:48:04+01:00
3,3,1,1,1,0,2021-02-24 18:34:48+01:00
1,2,2,2,1,1,2021-02-24 19:20:59+01:00
1,1,0,0,0,0,2021-02-24 19:23:17+01:00
0,0,0,0,0,0,2021-02-24 19:23:58+01:00
0,0,0,0,0,0,2021-02-24 19:24:28+01:00
1,1,1,1,1,0,2021-02-24 19:32:39+01:00
1,1,1,1,1,0,2021-02-24 20:41:09+01:00
2,2,0,0,0,0,2021-02-24 21:24:13+01:00
0,0,0,0,0,0,2021-02-24 21:24:35+01:00
1,1,1,1,1,0,2021-02-24 21:49:04+01:00
1,2,2,2,1,1,2021-02-25 12:16:18+01:00
0,1,0,0,0,0,2021-02-25 12:20:05+01:00
0,0,0,0,0,0,2021-02-25 12:20:19+01:00
0,0,0,0,0,0,2021-02-25 12:20:26+01:00
0,1,0,0,0,0,2021-02-25 12:21:38+01:00
1,1,1,1,1,0,2021-02-25 13:39:03+01:00
0,0,0,0,0,0,2021-02-25 13:39:10+01:00
0,2,1,0,1,1,2021-02-25 14:30:25+01:00
0,0,0,0,0,0,2021-02-25 14:30:30+01:00
0,1,1,0,1,1,2021-02-25 15:14:21+01:00
0,2,1,0,2,1,2021-02-25 17:15:10+01:00
0,1,1,1,1,1,2021-02-25 17:40:04+01:00
0,0,0,0,0,0,2021-02-25 19:04:34+01:00
0,0,0,0,0,0,2021-02-25 19:05:27+01:00
0,1,0,0,1,0,2021-02-25 19:14:50+01:00
0,0,0,0,0,0,2021-02-25 19:50:31+01:00
0,1,0,0,1,1,2021-02-25 19:51:05+01:00
0,0,0,0,0,0,2021-02-25 19:51:28+01:00
0,1,1,1,1,1,2021-02-25 20:25:00+01:00
0,0,0,0,0,0,2021-02-25 20:25:05+01:00
0,1,1,1,1,1,2021-02-25 21:07:08+01:00
0,0,0,0,0,0,2021-02-25 21:18:39+01:00
0,0,0,0,0,0,2021-02-25 21:29:49+01:00
0,0,0,0,0,0,2021-02-25 21:30:27+01:00
0,0,0,0,0,0,2021-02-25 21:31:10+01:00
0,0,0,0,0,0,2021-02-25 21:33:04+01:00
0,1,1,1,1,1,2021-02-25 21:35:14+01:00
0,0,0,0,0,0,2021-02-25 21:35:20+01:00
0,1,1,1,1,1,2021-02-25 21:51:17+01:00
0,0,0,0,0,0,2021-02-25 22:00:22+01:00
0,0,0,0,0,0,2021-02-25 22:05:12+01:00
0,0,0,0,0,0,2021-02-25 22:06:39+01:00
0,0,0,0,0,0,2021-02-25 22:08:11+01:00
0,0,0,0,0,0,2021-02-25 22:11:45+01:00
0,0,0,0,0,0,2021-02-25 22:16:59+01:00
0,0,0,0,0,0,2021-02-25 22:18:23+01:00
0,0,0,0,0,0,2021-02-25 22:21:35+01:00
0,0,0,0,0,0,2021-02-25 22:25:05+01:00
0,0,0,0,0,0,2021-02-25 22:25:18+01:00
0,0,0,0,0,0,2021-02-25 22:28:40+01:00
0,0,0,0,0,0,2021-02-25 22:29:15+01:00
0,0,0,0,0,0,2021-02-25 22:29:37+01:00
0,2,2,0,2,2,2021-02-25 22:30:26+01:00
0,0,0,0,0,0,2021-02-25 22:30:33+01:00
0,0,0,0,0,0,2021-02-25 22:32:23+01:00
0,0,0,0,0,0,2021-02-25 22:47:52+01:00
0,0,0,0,0,0,2021-02-25 22:57:51+01:00
0,0,0,0,0,0,2021-02-25 23:05:04+01:00
0,0,0,0,0,0,2021-02-25 23:06:49+01:00
0,0,0,0,0,0,2021-02-25 23:13:45+01:00
0,0,0,0,0,0,2021-02-25 23:14:36+01:00
0,0,0,0,0,0,2021-02-25 23:17:00+01:00
0,0,0,0,0,0,2021-02-25 23:19:44+01:00
0,0,0,0,0,0,2021-02-26 04:00:56+01:00
0,0,0,0,0,0,2021-02-26 04:20:54+01:00
0,0,0,0,0,0,2021-02-26 11:48:57+01:00
0,0,0,0,0,0,2021-02-26 11:51:04+01:00
0,0,0,0,0,0,2021-02-26 11:52:28+01:00
0,1,1,1,1,1,2021-02-26 11:55:16+01:00
0,0,0,0,0,0,2021-02-26 11:55:22+01:00
0,1,1,1,1,1,2021-02-26 12:16:57+01:00
0,0,0,0,0,0,2021-02-26 12:18:51+01:00
0,0,0,0,0,0,2021-02-26 12:24:43+01:00
0,0,0,0,0,0,2021-02-26 12:28:34+01:00
0,0,0,0,0,0,2021-02-26 12:29:49+01:00
0,0,0,0,0,0,2021-02-26 12:36:32+01:00
0,0,0,0,0,0,2021-02-26 12:37:28+01:00
0,1,1,1,1,1,2021-02-26 12:37:36+01:00
0,0,0,0,0,0,2021-02-26 12:37:45+01:00
0,2,2,2,1,1,2021-02-26 12:43:21+01:00
0,1,1,1,1,1,2021-02-26 12:49:36+01:00
0,0,0,0,0,0,2021-02-26 12:49:42+01:00
0,1,1,1,1,0,2021-02-26 12:59:00+01:00
0,0,0,0,0,0,2021-02-26 12:59:07+01:00
0,0,0,0,0,0,2021-02-26 13:07:58+01:00
0,0,0,0,0,0,2021-02-26 13:08:02+01:00
0,1,1,1,1,1,2021-02-26 13:08:30+01:00
0,0,0,0,0,0,2021-02-26 13:11:15+01:00
0,1,1,1,1,0,2021-02-26 13:13:43+01:00
0,1,1,1,1,1,2021-02-26 14:10:13+01:00
0,1,0,0,1,0,2021-02-26 14:20:59+01:00
1,1,1,1,1,1,2021-02-26 14:56:47+01:00
0,0,0,0,0,0,2021-02-26 14:56:54+01:00
1,1,1,1,1,1,2021-02-26 15:51:19+01:00
0,0,0,0,0,0,2021-02-26 15:51:55+01:00
1,1,1,1,0,1,2021-02-26 15:52:50+01:00
0,0,0,0,0,0,2021-02-26 15:52:54+01:00
0,1,0,0,1,0,2021-02-26 15:58:19+01:00
0,2,2,1,2,1,2021-02-26 16:08:15+01:00
0,0,0,0,0,0,2021-02-26 16:09:16+01:00
0,0,0,0,0,0,2021-02-26 16:09:28+01:00
7,4,0,0,0,1,2021-02-26 16:09:39+01:00
0,0,0,0,0,0,2021-02-26 16:10:08+01:00
0,0,0,0,0,0,2021-02-26 16:11:08+01:00
0,0,0,0,0,0,2021-02-26 16:15:09+01:00
0,0,0,0,0,0,2021-02-26 16:17:35+01:00
0,1,1,1,1,0,2021-02-26 16:26:22+01:00
0,1,1,1,1,0,2021-02-26 16:48:58+01:00
0,1,1,1,1,0,2021-02-26 16:50:38+01:00
0,1,1,1,1,1,2021-02-26 17:06:52+01:00
0,0,0,0,0,0,2021-02-26 17:07:18+01:00
0,1,1,1,1,0,2021-02-26 17:20:19+01:00
1,1,1,1,0,1,2021-02-26 17:25:42+01:00
0,0,0,0,0,0,2021-02-26 17:25:43+01:00
0,0,0,0,0,0,2021-02-26 17:25:48+01:00
0,0,0,0,0,0,2021-02-26 17:26:13+01:00
0,1,1,1,1,1,2021-02-26 17:27:47+01:00
0,0,0,0,0,0,2021-02-26 17:27:52+01:00
0,0,0,0,0,0,2021-02-26 17:30:27+01:00
0,0,0,0,0,0,2021-02-26 17:31:16+01:00
0,0,0,0,0,0,2021-02-26 17:35:54+01:00
0,0,0,0,0,0,2021-02-26 17:38:11+01:00
0,0,0,0,0,0,2021-02-26 17:38:20+01:00
0,0,0,0,0,0,2021-02-26 17:40:09+01:00
0,1,1,1,1,1,2021-02-26 17:40:43+01:00
0,0,0,0,0,0,2021-02-26 17:51:40+01:00
0,0,0,0,0,0,2021-02-26 17:53:35+01:00
0,0,0,0,0,0,2021-02-26 17:54:59+01:00
0,0,0,0,0,0,2021-02-26 17:57:51+01:00
0,0,0,0,0,0,2021-02-26 18:18:52+01:00
0,0,0,0,0,0,2021-02-26 18:28:04+01:00
0,0,0,0,0,0,2021-02-26 18:35:13+01:00
1,1,1,1,0,1,2021-02-26 18:48:07+01:00
2,2,2,2,0,2,2021-02-26 18:54:30+01:00
0,0,0,0,0,0,2021-02-26 19:00:22+01:00
0,0,0,0,0,0,2021-02-26 19:18:55+01:00
0,0,0,0,0,0,2021-02-26 19:19:57+01:00
0,0,0,0,0,0,2021-02-26 19:20:11+01:00
0,0,0,0,0,0,2021-02-26 19:21:13+01:00
0,0,0,0,0,0,2021-02-26 19:21:49+01:00
0,0,0,0,0,0,2021-02-26 19:29:32+01:00
0,0,0,0,0,0,2021-02-26 19:29:39+01:00
0,0,0,0,0,0,2021-02-26 19:32:13+01:00
0,0,0,0,0,0,2021-02-26 19:33:04+01:00
0,0,0,0,0,0,2021-02-26 19:34:40+01:00
0,0,0,0,0,0,2021-02-26 19:36:01+01:00
2,2,2,2,0,2,2021-02-26 19:40:58+01:00
0,0,0,0,0,0,2021-02-26 19:43:16+01:00
0,0,0,0,0,0,2021-02-26 19:49:27+01:00
0,0,0,0,0,0,2021-02-26 19:53:09+01:00
0,0,0,0,0,0,2021-02-26 19:54:26+01:00
0,0,0,0,0,0,2021-02-26 19:54:59+01:00
0,0,0,0,0,0,2021-02-26 19:55:10+01:00
0,0,0,0,0,0,2021-02-26 19:56:04+01:00
0,0,0,0,0,0,2021-02-26 19:57:57+01:00
0,0,0,0,0,0,2021-02-26 20:02:58+01:00
0,0,0,0,0,0,2021-02-26 20:26:37+01:00
0,0,0,0,0,0,2021-02-26 20:47:52+01:00
0,0,0,0,0,0,2021-02-26 20:49:20+01:00
0,0,0,0,0,0,2021-02-26 20:49:23+01:00
0,0,0,0,0,0,2021-02-26 21:00:08+01:00
0,0,0,0,0,0,2021-02-26 21:06:15+01:00
0,0,0,0,0,0,2021-02-26 21:14:46+01:00
0,0,0,0,0,0,2021-02-26 21:19:00+01:00
0,0,0,0,0,0,2021-02-26 21:22:30+01:00
0,0,0,0,0,0,2021-02-26 21:26:46+01:00
0,0,0,0,0,0,2021-02-26 21:28:06+01:00
0,0,0,0,0,0,2021-02-26 21:28:22+01:00
0,0,0,0,0,0,2021-02-26 21:30:33+01:00
0,0,0,0,0,0,2021-02-26 21:31:28+01:00
0,0,0,0,0,0,2021-02-26 21:32:43+01:00
0,0,0,0,0,0,2021-02-26 21:35:11+01:00
0,0,0,0,0,0,2021-02-26 21:42:13+01:00
0,0,0,0,0,0,2021-02-26 21:47:50+01:00
0,0,0,0,0,0,2021-02-26 21:48:04+01:00
0,1,1,1,1,1,2021-02-26 22:08:39+01:00
0,3,2,2,3,1,2021-02-27 11:26:47+01:00
0,0,0,0,0,0,2021-03-02 12:06:44+01:00
0,0,0,0,0,0,2021-03-02 12:12:47+01:00
0,1,1,1,1,1,2021-03-02 20:27:21+01:00
0,1,1,1,1,1,2021-03-03 11:54:16+01:00
0,1,1,1,0,1,2021-03-03 16:23:22+01:00
0,1,1,1,0,1,2021-03-03 17:13:23+01:00
0,1,1,1,0,1,2021-03-03 18:36:56+01:00
0,1,0,0,1,0,2021-03-04 16:05:00+01:00
0,2,1,1,1,1,2021-03-04 21:35:55+01:00
0,1,1,1,0,1,2021-03-08 10:51:03+01:00
0,0,0,0,0,0,2021-03-08 10:51:09+01:00
0,1,0,0,1,0,2021-03-08 11:08:48+01:00
0,0,0,0,0,0,2021-03-08 11:08:54+01:00
0,1,0,0,1,0,2021-03-08 12:29:38+01:00
0,1,0,0,1,0,2021-03-08 12:43:08+01:00
0,1,0,0,1,0,2021-03-08 15:46:07+01:00
0,1,0,0,1,0,2021-03-08 17:02:28+01:00
0,1,0,0,1,0,2021-03-08 17:09:06+01:00
0,0,0,0,0,0,2021-03-08 18:48:36+01:00
0,2,0,0,1,0,2021-03-08 23:26:51+01:00
0,1,1,1,0,1,2021-03-09 14:07:38+01:00
0,1,1,1,1,1,2021-03-09 18:59:24+01:00
0,0,0,0,0,0,2021-03-09 18:59:27+01:00
0,1,0,0,1,0,2021-03-10 12:40:43+01:00
0,0,0,0,0,0,2021-03-10 12:42:29+01:00
0,1,0,0,1,0,2021-03-10 13:07:31+01:00
0,1,1,1,0,1,2021-03-10 14:49:40+01:00
0,0,0,0,0,0,2021-03-10 14:49:50+01:00
0,2,2,2,0,2,2021-03-10 15:00:49+01:00
0,1,1,1,0,1,2021-03-10 15:15:30+01:00
0,3,0,0,1,0,2021-03-10 16:53:43+01:00
0,0,0,0,0,0,2021-03-10 16:53:49+01:00
1,1,1,1,0,1,2021-03-10 18:09:14+01:00
0,0,0,0,0,0,2021-03-10 18:10:22+01:00
1,3,3,3,0,3,2021-03-10 18:13:47+01:00
1,3,3,3,0,3,2021-03-12 17:20:34+01:00
1,1,1,1,0,1,2021-03-12 17:36:58+01:00
1,1,1,1,0,1,2021-03-12 17:46:22+01:00
0,0,0,0,0,0,2021-03-14 19:21:35+01:00
0,0,0,0,0,0,2021-03-14 19:21:40+01:00
0,3,0,0,1,0,2021-03-14 19:32:23+01:00
1,1,1,1,0,1,2021-03-14 19:46:52+01:00
0,0,0,0,0,0,2021-03-14 19:47:06+01:00
2,3,1,0,1,0,2021-03-15 12:05:38+01:00
1,1,0,0,1,0,2021-03-15 13:45:38+01:00
0,0,0,0,0,0,2021-03-15 13:45:43+01:00
1,1,0,0,1,0,2021-03-15 13:50:45+01:00
0,1,1,1,0,1,2021-03-15 13:57:22+01:00
0,1,1,1,0,1,2021-03-15 14:02:13+01:00
3,3,2,1,2,0,2021-03-15 15:36:27+01:00
0,0,0,0,0,0,2021-03-15 15:36:41+01:00
0,0,0,0,0,0,2021-03-15 15:36:48+01:00
1,1,1,1,0,1,2021-03-15 15:57:55+01:00
0,0,0,0,0,0,2021-03-15 15:59:42+01:00
0,0,0,0,0,0,2021-03-15 15:59:44+01:00
0,1,1,1,0,1,2021-03-15 16:30:33+01:00
1,1,1,1,0,1,2021-03-15 16:52:24+01:00
0,1,1,1,0,1,2021-03-15 16:59:26+01:00
0,0,0,0,0,0,2021-03-15 16:59:29+01:00
2,2,1,0,1,0,2021-03-15 19:43:50+01:00
0,0,0,0,0,0,2021-03-15 19:43:54+01:00
0,1,1,0,0,0,2021-03-16 12:23:43+01:00
0,2,2,2,0,2,2021-03-18 17:58:14+01:00
0,0,0,0,0,0,2021-03-18 17:58:21+01:00
1,2,2,2,0,2,2021-03-23 09:17:34+01:00
0,1,1,1,0,1,2021-03-23 09:20:31+01:00
2,4,3,2,2,2,2021-03-23 10:01:49+01:00
0,0,0,0,0,0,2021-03-23 10:01:53+01:00
0,0,0,0,0,0,2021-03-23 10:10:32+01:00
1,1,0,0,0,0,2021-03-23 10:16:02+01:00
1,1,0,0,0,0,2021-03-23 11:10:57+01:00
1,1,0,0,1,0,2021-03-23 15:22:02+01:00
2,2,1,1,1,1,2021-03-23 16:59:43+01:00
0,1,1,1,0,1,2021-03-23 18:17:01+01:00
0,1,1,1,0,1,2021-03-24 11:18:17+01:00
0,1,1,1,0,1,2021-03-24 13:31:08+01:00
1,1,0,0,1,0,2021-03-26 12:23:08+01:00
0,0,0,0,0,0,2021-03-26 16:50:12+01:00
1,1,0,0,0,0,2021-03-26 18:07:07+01:00
0,0,0,0,0,0,2021-03-26 18:46:47+01:00
1,1,0,0,0,0,2021-03-26 20:19:34+01:00
1,1,0,0,0,0,2021-03-26 20:37:28+01:00
1,2,2,2,0,2,2021-03-27 13:09:18+01:00
0,0,0,0,0,0,2021-03-27 13:09:27+01:00
1,4,0,0,1,0,2021-03-27 13:54:16+01:00
0,0,0,0,0,0,2021-03-27 13:54:27+01:00
1,1,0,0,1,0,2021-03-27 18:40:31+01:00
2,3,2,0,2,0,2021-03-29 11:08:05+02:00
0,0,0,0,0,0,2021-03-29 11:11:29+02:00
0,0,0,0,0,0,2021-03-29 12:02:12+02:00
1,1,1,0,1,0,2021-03-31 11:47:26+02:00
2,3,3,0,2,0,2021-04-01 09:54:45+02:00
1,1,1,0,0,0,2021-04-01 15:32:06+02:00
0,0,0,0,0,0,2021-04-01 15:32:12+02:00
15,15,10,9,5,9,2021-04-03 16:16:23+02:00
1,2,2,0,2,0,2021-04-07 16:33:52+02:00
0,0,0,0,0,0,2021-04-07 16:35:40+02:00
3,3,3,3,0,3,2021-04-07 20:54:06+02:00
1,1,0,0,0,0,2021-04-07 21:31:28+02:00
2,2,2,0,1,0,2021-04-08 13:00:44+02:00
0,0,0,0,0,0,2021-04-08 13:00:52+02:00
1,1,0,0,0,0,2021-04-08 21:03:22+02:00
0,0,0,0,0,0,2021-04-08 21:03:26+02:00
1,1,0,0,0,0,2021-04-09 11:02:07+02:00
1,1,0,0,0,0,2021-04-09 11:11:58+02:00
1,1,1,1,0,1,2021-04-09 11:34:19+02:00
1,1,1,1,0,1,2021-04-09 11:47:54+02:00
0,0,0,0,0,0,2021-04-09 11:58:52+02:00
2,2,2,0,1,0,2021-04-14 15:17:05+02:00
0,0,0,0,0,0,2021-04-14 15:17:11+02:00
1,1,1,0,0,0,2021-04-15 08:16:44+02:00
1,1,1,0,0,0,2021-04-15 08:18:21+02:00
3,6,2,0,1,0,2021-04-15 11:55:01+02:00
1,1,1,0,0,0,2021-04-15 11:58:59+02:00
1,1,1,0,0,0,2021-04-15 15:26:45+02:00
1,1,1,0,0,0,2021-04-15 17:22:52+02:00
4,4,2,1,1,1,2021-04-15 20:40:57+02:00
0,1,1,1,0,1,2021-04-16 00:09:09+02:00
1,2,0,0,0,0,2021-04-17 11:29:29+02:00
0,0,0,0,0,0,2021-04-19 13:54:48+02:00
7,10,5,3,1,3,2021-04-19 16:26:00+02:00
2,4,2,2,0,2,2021-04-22 12:42:22+02:00
0,0,0,0,0,0,2021-04-22 12:42:43+02:00
1,3,2,2,1,2,2021-04-22 12:48:03+02:00
60,73,35,26,18,31,2021-05-13 10:41:37+02:00
2,4,4,4,2,4,2021-05-13 10:42:13+02:00
2,4,4,4,2,4,2021-05-13 10:42:36+02:00
0,0,0,0,0,0,2021-05-13 10:44:14+02:00
5,6,3,1,1,1,2021-07-02 13:54:27+02:00
0,0,0,0,0,0,2021-07-02 13:56:22+02:00
0,0,0,0,0,0,2021-07-02 14:00:29+02:00
0,0,0,0,0,0,2021-07-02 14:01:22+02:00
1,1,1,1,0,1,2021-08-17 11:43:55+00:00
1,1,1,1,0,1,2021-08-18 10:42:26+00:00
1,1,1,1,1,1,2021-08-18 19:02:06+00:00
0,0,0,0,0,0,2021-08-18 19:31:50+00:00
0,0,0,0,0,0,2021-08-19 07:15:06+00:00
1,1,1,1,1,1,2022-01-12 21:02:07+00:00
0,0,0,0,0,0,2022-01-12 21:08:25+00:00
1,1,1,0,0,0,2022-01-20 15:05:59+01:00
0,0,0,0,0,0,2022-01-20 15:06:07+01:00
2,2,2,0,0,0,2022-01-20 18:03:21+01:00
1,1,1,0,1,0,2022-02-10 18:45:07+01:00
1,1,0,0,0,0,2022-03-11 14:02:57+01:00
1,2,1,0,1,0,2022-03-11 14:03:08+01:00
1,1,1,0,1,0,2022-04-26 17:13:36+02:00
2,3,1,0,1,0,2022-06-14 09:52:59+02:00
0,0,0,0,0,0,2022-06-14 10:19:42+02:00
0,0,0,0,0,0,2022-06-14 15:57:19+02:00
0,0,0,0,0,0,2022-06-30 10:24:33+02:00
1,1,1,0,1,1,2022-06-30 12:15:00+02:00
4,4,2,1,1,2,2022-06-30 13:38:38+02:00
1,1,1,0,1,0,2022-06-30 13:48:58+02:00
1,0,0,0,0,0,2022-07-01 13:14:33+02:00
0,1,1,0,1,0,2022-07-01 14:09:15+02:00
