Acquisition,Preparation,Modeling,Training,Evaluation,Prediction,time
0,0,0,0,0,0,2021-05-27 17:57:42+08:00
0,0,0,0,0,0,2021-05-27 18:04:23+08:00
4,4,0,0,0,0,2021-05-27 18:08:44+08:00
0,0,0,0,0,0,2021-05-27 18:10:07+08:00
16,28,21,24,17,11,2021-05-27 18:13:34+08:00
1,4,2,1,1,0,2021-06-04 12:34:28+08:00
0,0,0,0,0,0,2021-06-04 12:43:45+08:00
1,3,1,0,0,0,2021-06-04 15:12:37+08:00
3,8,5,5,5,3,2021-06-04 18:18:36+08:00
2,7,5,6,5,3,2021-06-04 19:27:42+08:00
0,0,0,0,0,0,2021-06-04 19:27:53+08:00
0,0,0,0,0,0,2021-06-04 19:51:29+08:00
0,0,0,0,0,0,2021-06-04 19:52:45+08:00
2,9,6,6,5,3,2021-06-04 23:09:58+08:00
0,1,1,1,1,0,2021-06-04 23:29:16+08:00
1,2,1,2,1,0,2021-06-06 10:42:02+08:00
0,3,2,2,2,0,2021-06-06 11:14:50+08:00
0,0,0,0,0,0,2021-06-06 11:31:55+08:00
1,1,0,1,0,0,2021-06-06 11:55:11+08:00
1,5,3,2,2,0,2021-06-06 21:58:25+08:00
2,10,4,5,4,0,2021-06-07 23:28:27+08:00
10,29,13,12,12,3,2021-07-21 00:07:08+08:00
0,1,1,1,1,0,2021-07-23 16:06:54+08:00
0,2,2,2,1,0,2021-07-24 14:49:29+08:00
0,0,0,1,1,0,2021-07-24 19:37:10+08:00
12,21,8,10,3,5,2021-07-27 17:48:37+08:00
0,0,0,0,0,0,2021-07-27 18:08:19+08:00
0,0,0,0,0,0,2021-07-27 18:08:56+08:00
0,0,0,0,0,0,2021-07-27 18:19:02+08:00
0,1,0,0,0,0,2021-07-27 18:40:19+08:00
3,3,2,3,2,1,2021-07-27 18:48:10+08:00
0,0,0,0,0,0,2021-07-27 19:18:04+08:00
0,2,1,3,0,1,2021-07-27 21:57:57+08:00
2,7,6,5,2,3,2021-07-29 23:59:03+08:00
3,9,8,7,7,2,2021-07-31 09:47:42+08:00
0,0,0,0,0,0,2021-07-31 09:53:10+08:00
0,1,1,1,1,1,2021-07-31 11:12:40+08:00
1,8,5,4,4,1,2021-08-01 23:47:40+08:00
1,5,5,4,6,2,2021-08-02 17:51:07+08:00
2,17,11,11,10,3,2021-08-03 23:28:46+08:00
3,5,3,2,1,2,2021-08-04 11:22:57+08:00
0,0,0,0,0,0,2021-08-04 13:31:12+08:00
0,0,0,0,0,0,2021-08-04 14:48:29+08:00
0,0,0,0,0,0,2021-08-04 21:42:18+08:00
0,0,0,0,0,0,2021-08-04 21:42:39+08:00
3,6,2,2,1,0,2021-08-04 21:46:18+08:00
0,0,0,0,0,0,2021-08-04 13:49:08+00:00
0,0,0,0,0,0,2021-08-04 21:49:19+08:00
0,0,0,0,0,0,2021-08-04 13:50:17+00:00
0,0,0,0,0,0,2021-08-04 21:50:36+08:00
0,0,0,0,0,0,2021-08-04 13:52:13+00:00
0,0,0,0,0,0,2021-08-04 21:57:00+08:00
0,0,0,0,0,0,2021-08-04 21:57:26+08:00
0,0,0,0,0,0,2021-08-04 21:57:57+08:00
0,0,0,0,0,0,2021-08-04 14:00:30+00:00
0,0,0,0,0,0,2021-08-04 14:00:40+00:00
0,0,0,0,0,0,2021-08-04 22:37:24+08:00
0,0,0,0,0,0,2021-08-04 22:37:41+08:00
0,0,0,0,0,0,2021-08-05 09:44:50+08:00
0,0,0,0,0,0,2021-08-05 11:09:44+08:00
0,0,0,0,0,0,2021-08-05 11:18:58+08:00
0,0,0,0,0,0,2021-08-05 11:45:39+08:00
0,0,0,0,0,0,2021-08-05 11:46:51+08:00
0,0,0,0,0,0,2021-08-05 11:47:04+08:00
0,0,0,0,0,0,2021-08-05 11:51:58+08:00
0,0,0,0,0,0,2021-08-05 11:52:17+08:00
1,1,0,0,0,0,2021-08-05 13:36:00+08:00
2,3,1,2,1,0,2021-08-05 16:16:40+08:00
1,8,5,4,4,3,2021-08-05 18:16:33+08:00
0,0,0,0,0,0,2021-08-14 07:55:49+08:00
0,0,0,0,0,0,2021-08-14 08:20:00+08:00
2,1,1,1,1,1,2021-08-14 08:20:12+08:00
0,0,0,0,0,0,2021-08-14 08:22:51+08:00
0,0,0,0,0,0,2021-08-14 08:35:29+08:00
2,0,0,0,0,0,2021-08-14 21:37:19+08:00
0,0,0,0,0,0,2021-08-15 18:56:29+08:00
0,0,0,0,0,0,2021-08-15 18:57:00+08:00
0,0,0,0,0,0,2021-08-23 17:18:46+08:00
0,0,0,0,0,0,2021-08-23 21:54:21+08:00
0,0,0,0,0,0,2021-08-23 21:55:09+08:00
0,0,0,0,0,0,2021-08-25 15:19:38+00:00
0,0,0,0,0,0,2021-08-25 23:19:49+08:00
0,0,0,0,0,0,2021-09-09 15:31:20+00:00
0,0,0,0,0,0,2021-09-09 23:31:31+08:00
0,0,0,0,0,0,2021-09-09 15:32:14+00:00
0,0,0,0,0,0,2021-09-09 23:32:24+08:00
0,0,0,0,0,0,2021-09-12 03:37:15+00:00
0,0,0,0,0,0,2021-09-12 13:09:33+08:00
0,0,0,0,0,0,2021-09-23 08:39:46+00:00
0,0,0,0,0,0,2021-09-23 20:22:16+08:00
0,0,0,0,0,0,2021-10-01 10:48:02+08:00
0,0,0,0,0,0,2021-11-11 03:06:16+00:00
0,0,0,0,0,0,2021-11-11 14:48:35+08:00
0,0,0,0,0,0,2022-01-12 07:01:34+08:00
0,0,0,0,0,0,2022-01-14 02:05:01+00:00
0,0,0,0,0,0,2022-01-14 10:18:09+08:00
0,0,0,0,0,0,2022-01-14 02:20:48+00:00
0,0,0,0,0,0,2022-01-14 10:22:00+08:00
0,0,0,0,0,0,2022-01-14 02:22:42+00:00
0,0,0,0,0,0,2022-01-14 10:24:00+08:00
0,0,0,0,0,0,2022-01-14 02:47:25+00:00
0,0,0,0,0,0,2022-01-14 02:47:38+00:00
0,0,0,0,0,0,2022-01-14 10:48:17+08:00
0,0,0,0,0,0,2022-01-14 10:48:25+08:00
0,0,0,0,0,0,2022-01-29 09:23:35+08:00
0,0,0,0,0,0,2022-01-29 09:24:08+08:00
0,0,0,0,0,0,2022-01-29 09:26:09+08:00
0,0,0,0,0,0,2022-01-29 09:28:44+08:00
0,0,0,0,0,0,2022-01-29 09:29:43+08:00
0,0,0,0,0,0,2022-02-12 09:30:49+00:00
0,0,0,0,0,0,2022-02-12 17:32:00+08:00
3,23,13,12,12,4,2022-03-08 20:41:59+08:00
0,0,0,0,0,0,2022-03-08 20:44:57+08:00
0,0,0,0,0,0,2022-03-08 12:52:04+00:00
0,0,0,0,0,0,2022-03-08 20:55:28+08:00
0,0,0,0,0,0,2022-03-08 21:14:15+08:00
0,0,0,0,0,0,2022-03-08 22:06:18+08:00
0,4,3,4,3,0,2022-03-11 16:29:29+08:00
0,0,0,0,0,0,2022-03-11 16:33:32+08:00
0,0,0,0,0,0,2022-03-11 16:45:33+08:00
0,0,0,0,0,0,2022-03-11 17:05:11+08:00
0,0,0,0,0,0,2022-03-11 17:10:54+08:00
0,0,0,0,0,0,2022-03-11 17:11:34+08:00
0,0,0,0,0,0,2022-03-11 17:12:20+08:00
0,0,0,0,0,0,2022-03-11 17:13:23+08:00
1,1,1,0,1,0,2022-03-14 16:03:08+08:00
0,0,0,0,0,0,2022-03-14 16:30:19+08:00
0,0,0,0,0,0,2022-03-14 16:33:54+08:00
0,0,0,1,0,0,2022-03-16 23:22:44+08:00
1,1,0,0,0,0,2022-03-17 15:11:44+08:00
0,0,0,0,0,0,2022-03-18 11:02:05+08:00
0,1,0,0,0,0,2022-03-18 11:24:10+08:00
0,0,0,0,0,0,2022-03-18 11:24:19+08:00
0,0,0,0,0,0,2022-03-18 11:24:26+08:00
0,0,0,0,1,0,2022-03-18 11:24:45+08:00
0,0,0,0,0,0,2022-03-18 11:26:01+08:00
0,0,0,1,0,0,2022-03-18 11:26:28+08:00
0,0,0,0,0,0,2022-03-18 11:27:51+08:00
0,1,0,0,0,0,2022-03-18 12:02:22+08:00
0,1,1,1,1,0,2022-03-18 17:26:16+08:00
1,1,0,0,0,0,2022-03-18 19:43:23+08:00
0,0,0,0,0,0,2022-03-19 17:44:01+08:00
0,0,0,0,0,0,2022-03-19 17:50:57+08:00
0,0,0,0,0,0,2022-03-19 17:52:32+08:00
0,0,0,0,0,0,2022-03-19 19:34:51+08:00
0,0,0,0,0,0,2022-03-19 19:35:50+08:00
0,0,0,0,0,0,2022-03-19 19:40:45+08:00
0,0,0,0,0,0,2022-03-19 19:41:22+08:00
0,0,0,0,0,0,2022-03-19 19:42:11+08:00
0,0,0,0,0,0,2022-03-19 19:53:43+08:00
1,2,2,0,1,0,2022-03-22 16:06:07+08:00
0,0,0,0,0,0,2022-03-22 20:19:59+08:00
0,0,0,0,0,0,2022-03-22 20:20:56+08:00
0,0,0,0,0,0,2022-03-22 20:23:30+08:00
0,0,0,0,0,0,2022-03-22 20:24:00+08:00
0,0,0,0,0,0,2022-03-22 20:28:42+08:00
0,0,0,0,0,0,2022-03-22 20:30:35+08:00
0,0,0,0,0,0,2022-03-22 20:34:35+08:00
0,0,0,0,0,0,2022-04-10 07:48:15+08:00
0,0,0,0,0,0,2022-04-10 07:49:00+08:00
0,0,0,0,0,0,2022-04-10 07:49:12+08:00
0,0,0,0,0,0,2022-04-21 23:52:30+08:00
0,0,0,0,0,0,2022-05-18 13:31:15+08:00
0,0,0,0,0,0,2022-05-18 13:31:31+08:00
0,0,0,0,0,0,2022-05-18 13:31:53+08:00
0,0,0,0,0,0,2022-05-19 09:40:29+08:00
0,0,0,0,0,0,2022-05-19 09:41:23+08:00
0,0,0,0,0,0,2022-05-19 09:41:49+08:00
0,0,0,0,0,0,2022-05-19 09:42:06+08:00
0,0,0,0,0,0,2022-05-19 09:42:19+08:00
0,0,0,0,0,0,2022-05-25 14:34:53+00:00
0,0,0,0,0,0,2022-05-25 23:15:28+08:00
0,0,0,0,0,0,2022-05-27 13:16:48+00:00
0,0,0,0,0,0,2022-05-27 22:19:58+08:00
0,1,1,0,0,0,2022-06-19 11:20:01+08:00
0,1,1,0,0,0,2022-06-19 11:32:54+08:00
0,0,0,0,0,0,2022-06-22 01:00:27+00:00
0,0,0,0,0,0,2022-06-22 09:00:55+08:00
0,0,0,0,0,0,2022-06-22 21:39:40+08:00
0,0,0,0,0,0,2022-06-22 23:18:02+08:00
0,0,0,0,0,0,2022-06-22 23:19:11+08:00
0,0,0,0,0,0,2022-06-22 23:20:10+08:00
0,1,1,1,0,0,2022-06-27 20:49:19+08:00
0,1,1,2,1,0,2022-07-03 11:42:40+08:00
