Acquisition,Preparation,Modeling,Training,Evaluation,Prediction,time
0,0,0,0,0,0,2021-05-07 18:34:42+08:00
0,0,0,0,0,0,2021-05-15 14:55:15+08:00
3,9,3,3,2,1,2021-05-15 16:15:30+08:00
0,0,0,0,0,0,2021-05-15 16:17:51+08:00
0,0,0,0,0,0,2021-05-15 16:18:30+08:00
0,0,0,0,0,0,2021-05-15 16:26:08+08:00
0,0,0,0,0,0,2021-05-15 16:32:48+08:00
0,0,0,0,0,0,2021-05-15 16:33:38+08:00
0,0,0,0,0,0,2021-05-15 16:35:01+08:00
0,0,0,0,0,0,2021-05-15 16:43:46+08:00
0,0,0,0,0,0,2021-05-15 16:47:49+08:00
0,0,0,0,0,0,2021-05-15 16:57:30+08:00
0,0,0,0,0,0,2021-05-15 16:59:12+08:00
0,0,0,0,0,0,2021-05-15 18:05:23+08:00
0,0,0,0,0,0,2021-05-15 18:27:01+08:00
0,0,0,0,0,0,2021-05-16 21:10:05+08:00
0,0,0,0,0,0,2021-05-17 00:30:56+08:00
0,0,0,0,0,0,2021-05-17 00:31:49+08:00
0,0,0,0,0,0,2021-05-17 00:33:27+08:00
0,0,0,0,0,0,2021-05-17 06:23:58+00:00
0,0,0,0,0,0,2021-05-21 06:04:22+00:00
0,1,1,1,1,0,2021-05-25 07:48:09+00:00
0,2,1,2,2,0,2021-05-25 08:49:29+00:00
0,1,0,1,1,0,2021-05-25 08:57:33+00:00
0,0,0,0,0,0,2021-05-26 14:50:54+08:00
0,0,0,0,0,0,2021-05-26 14:52:36+08:00
0,0,0,0,0,0,2021-05-26 14:53:44+08:00
0,0,0,0,0,0,2021-05-26 14:54:24+08:00
0,0,0,0,0,0,2021-05-26 14:55:28+08:00
0,1,1,1,1,0,2021-05-27 06:18:47+00:00
0,0,0,0,0,0,2021-06-02 16:02:31+00:00
0,0,0,0,0,0,2021-06-03 03:55:38+00:00
0,0,0,0,0,0,2021-06-03 03:58:10+00:00
0,0,0,0,0,0,2021-06-03 13:43:18+08:00
0,0,0,0,0,0,2021-06-03 14:23:53+08:00
0,0,0,0,0,0,2021-06-03 16:43:07+08:00
0,0,0,0,0,0,2021-06-04 15:02:45+00:00
0,0,0,0,0,0,2021-06-07 19:11:13+08:00
0,0,0,0,0,0,2021-06-07 19:11:35+08:00
0,0,0,0,0,0,2021-06-07 19:13:10+08:00
1,6,3,2,2,0,2021-06-11 12:36:03+00:00
0,0,0,0,0,0,2021-06-11 12:42:52+00:00
0,0,0,0,0,0,2021-06-11 13:17:21+00:00
0,0,0,0,0,0,2021-06-22 15:08:39+08:00
0,0,0,0,0,0,2021-07-12 05:47:22+00:00
0,0,0,0,0,0,2021-08-18 23:13:57+08:00
0,0,0,0,0,0,2021-08-19 09:35:10+08:00
1,3,1,2,2,0,2021-08-19 11:25:51+08:00
0,2,1,2,2,0,2021-08-23 11:00:30+08:00
0,1,1,1,1,0,2021-08-31 07:54:36+00:00
0,0,0,0,0,0,2021-09-01 13:36:58+08:00
0,0,0,0,0,0,2021-09-01 13:37:29+08:00
1,1,0,0,0,0,2021-12-11 07:07:10+00:00
0,0,0,0,0,0,2021-12-11 07:09:19+00:00
1,1,0,0,0,0,2021-12-11 07:19:45+00:00
0,0,0,0,0,0,2021-12-15 10:23:47+08:00
1,1,0,0,0,0,2021-12-29 15:18:56+08:00
0,1,1,1,1,0,2022-02-05 13:02:31+00:00
2,2,0,1,0,0,2022-03-09 04:52:36+00:00
2,4,1,2,2,1,2022-03-09 10:25:20+00:00
0,0,0,0,0,0,2022-03-15 16:44:41+08:00
0,0,0,0,0,0,2022-03-15 16:45:01+08:00
0,0,0,0,0,0,2022-03-15 16:45:58+08:00
0,0,0,0,0,0,2022-03-15 16:49:29+08:00
1,1,1,1,1,1,2022-03-20 06:20:45+00:00
0,0,0,0,0,0,2022-04-26 07:26:04+00:00
0,0,0,0,0,0,2022-05-14 11:21:54+08:00
0,0,0,0,0,0,2022-05-14 03:22:28+00:00
0,0,0,0,0,0,2022-05-17 19:35:46+08:00
0,0,0,0,0,0,2022-06-22 14:16:44+08:00
0,1,1,1,1,0,2022-06-30 07:59:17+00:00
0,0,0,0,0,0,2022-06-30 08:57:39+00:00
