Acquisition,Preparation,Modeling,Training,Evaluation,Prediction,time
0,0,0,0,0,0,2020-11-03 16:47:07+01:00
0,0,0,0,0,0,2020-11-03 19:09:15+01:00
0,0,0,0,0,0,2020-11-03 19:09:27+01:00
0,0,0,0,0,0,2020-11-03 19:48:04+01:00
0,0,0,0,0,0,2020-11-03 19:48:35+01:00
0,0,0,0,0,0,2020-11-03 19:54:26+01:00
0,0,0,0,0,0,2020-11-05 11:16:17+01:00
0,0,0,0,0,0,2020-11-05 11:18:24+01:00
0,0,0,0,0,0,2020-11-05 11:19:50+01:00
0,0,0,0,0,0,2020-11-05 19:58:17+01:00
0,0,0,0,0,0,2020-11-10 19:03:29+01:00
0,0,0,0,0,0,2020-11-10 19:03:48+01:00
0,0,0,0,0,0,2020-11-10 19:08:47+01:00
0,0,0,0,0,0,2020-11-10 19:10:58+01:00
0,0,0,0,0,0,2020-11-10 19:13:19+01:00
0,0,0,0,0,0,2020-11-10 19:32:31+01:00
0,0,0,0,0,0,2020-11-10 19:33:52+01:00
0,0,0,0,0,0,2020-11-10 23:35:07+01:00
1,1,0,0,0,0,2020-11-10 23:35:33+01:00
1,1,1,0,1,1,2020-11-10 23:35:53+01:00
0,1,0,0,0,1,2020-11-10 23:36:37+01:00
1,1,0,0,0,1,2020-11-10 23:36:51+01:00
0,1,1,0,0,0,2020-11-10 23:37:32+01:00
1,1,1,0,1,1,2020-11-10 23:56:24+01:00
1,1,0,0,0,0,2020-11-10 23:56:51+01:00
1,1,1,0,1,0,2020-11-11 00:16:31+01:00
2,2,1,0,1,1,2020-11-11 17:01:10+01:00
0,0,0,0,0,0,2020-11-11 20:35:45+01:00
2,2,2,0,2,1,2020-11-11 20:37:38+01:00
1,1,1,0,0,0,2020-11-11 21:03:47+01:00
0,0,0,0,0,0,2020-11-11 21:03:57+01:00
1,1,1,0,0,0,2020-11-11 21:04:58+01:00
0,0,0,0,0,0,2020-11-11 21:16:33+01:00
0,0,0,0,0,0,2020-11-11 21:52:03+01:00
0,0,0,0,0,0,2020-11-11 22:24:33+01:00
0,0,0,0,0,0,2020-11-11 22:26:52+01:00
0,0,0,0,0,0,2020-11-11 22:28:06+01:00
0,0,0,0,0,0,2020-11-11 22:43:56+01:00
2,2,2,0,2,1,2020-11-11 23:11:50+01:00
0,1,1,0,0,0,2020-11-11 23:13:19+01:00
0,0,0,0,0,0,2020-11-11 23:14:35+01:00
2,2,2,0,2,1,2020-11-12 14:36:16+01:00
1,1,0,0,0,0,2020-11-12 16:52:27+01:00
1,1,0,0,0,0,2020-11-12 16:52:47+01:00
1,1,0,0,0,0,2020-11-12 21:56:53+01:00
0,0,0,0,0,0,2020-11-12 21:57:17+01:00
0,0,0,0,0,0,2020-11-12 22:01:20+01:00
0,0,0,0,0,0,2020-11-13 10:40:57+01:00
0,0,0,0,0,0,2020-11-13 10:42:54+01:00
0,0,0,0,0,0,2020-11-13 10:46:19+01:00
0,0,0,0,0,0,2020-11-13 10:48:05+01:00
0,0,0,0,0,0,2020-11-13 11:01:06+01:00
0,0,0,0,0,0,2020-11-13 12:22:26+01:00
0,0,0,0,0,0,2020-12-01 17:54:53+01:00
0,0,0,0,0,0,2021-04-22 20:22:57+02:00
