Acquisition,Preparation,Modeling,Training,Evaluation,Prediction,time
0,0,0,0,0,0,2017-10-10 14:07:53+01:00
0,0,0,0,0,0,2017-10-10 14:10:03+01:00
0,0,0,0,0,0,2017-10-10 14:15:38+01:00
0,0,0,0,0,0,2017-10-10 15:37:26+01:00
0,0,0,0,0,0,2017-10-16 19:52:22+01:00
0,0,0,0,0,0,2017-10-20 16:12:31+01:00
0,0,0,0,0,0,2017-10-20 16:15:37+01:00
0,0,0,0,0,0,2017-10-31 09:22:45+00:00
0,0,0,0,0,0,2017-10-31 09:24:36+00:00
0,0,0,0,0,0,2017-10-31 09:27:29+00:00
0,0,0,0,0,0,2017-10-31 09:52:14+00:00
0,0,0,0,0,0,2017-10-31 10:20:33+00:00
0,0,0,0,0,0,2017-11-05 11:03:47+00:00
0,0,0,0,0,0,2017-11-05 11:07:29+00:00
0,0,0,0,0,0,2017-11-05 11:11:47+00:00
0,0,0,0,0,0,2017-11-05 11:15:47+00:00
0,0,0,0,0,0,2017-11-09 14:55:36+00:00
0,0,0,0,0,0,2017-11-13 20:23:04+00:00
0,0,0,0,0,0,2017-11-13 20:23:25+00:00
0,0,0,0,0,0,2017-11-13 20:24:02+00:00
0,0,0,0,0,0,2017-11-13 20:25:24+00:00
0,0,0,0,0,0,2017-11-13 20:27:12+00:00
0,0,0,0,0,0,2017-11-13 20:27:45+00:00
0,0,0,0,0,0,2017-11-21 21:15:17+00:00
0,0,0,0,0,0,2017-11-21 21:17:15+00:00
0,0,0,0,0,0,2017-11-21 21:25:41+00:00
0,0,0,0,0,0,2017-11-24 21:49:02+00:00
0,0,0,0,0,0,2017-11-24 22:01:21+00:00
0,0,0,0,0,0,2017-11-24 22:03:50+00:00
0,0,0,0,0,0,2017-11-24 22:05:26+00:00
0,0,0,0,0,0,2017-11-24 22:11:00+00:00
0,0,0,0,0,0,2017-11-24 22:11:46+00:00
0,0,0,0,0,0,2017-11-24 22:12:35+00:00
0,0,0,0,0,0,2017-11-24 22:17:29+00:00
0,0,0,0,0,0,2017-11-24 23:00:03+00:00
0,0,0,0,0,0,2017-11-24 23:01:37+00:00
0,0,0,0,0,0,2017-11-24 23:03:30+00:00
0,0,0,0,0,0,2017-12-18 13:23:15+09:00
0,0,0,0,0,0,2017-12-18 14:13:16+09:00
0,0,0,0,0,0,2017-12-18 14:18:11+09:00
0,0,0,0,0,0,2017-12-18 14:24:03+09:00
0,0,0,0,0,0,2017-12-18 14:29:37+09:00
0,0,0,0,0,0,2017-12-18 14:31:53+09:00
0,0,0,0,0,0,2018-01-17 20:11:06+00:00
0,0,0,0,0,0,2018-01-20 20:07:15+00:00
0,0,0,0,0,0,2018-01-27 12:17:31+00:00
0,0,0,0,0,0,2018-01-27 12:17:48+00:00
0,0,0,0,0,0,2018-01-27 12:23:00+00:00
0,0,0,0,0,0,2018-02-02 13:02:55+00:00
0,0,0,0,0,0,2018-02-02 14:21:45+00:00
0,0,0,0,0,0,2018-02-02 15:36:53+00:00
0,0,0,0,0,0,2018-02-24 20:26:42+00:00
0,0,0,0,0,0,2018-03-02 13:10:37+00:00
0,0,0,0,0,0,2018-03-02 13:15:23+00:00
0,0,0,0,0,0,2018-05-16 22:02:35+01:00
0,0,0,0,0,0,2018-05-16 22:05:19+01:00
0,0,0,0,0,0,2018-06-20 14:54:54+01:00
0,0,0,0,0,0,2018-06-21 10:15:46+01:00
0,0,0,0,0,0,2018-06-21 10:18:00+01:00
0,0,0,0,0,0,2018-06-21 10:21:28+01:00
0,0,0,0,0,0,2018-06-21 10:53:34+01:00
0,0,0,0,0,0,2018-06-21 10:54:03+01:00
0,0,0,0,0,0,2018-06-22 09:31:39+01:00
0,0,0,0,0,0,2018-06-22 10:04:26+01:00
0,0,0,0,0,0,2018-06-22 10:04:49+01:00
0,0,0,0,0,0,2018-06-22 10:13:48+01:00
0,0,0,0,0,0,2018-06-22 11:25:28+01:00
0,0,0,0,0,0,2018-06-22 11:26:08+01:00
0,0,0,0,0,0,2018-06-26 13:08:51+01:00
0,0,0,0,0,0,2018-06-26 13:09:37+01:00
0,0,0,0,0,0,2018-06-26 15:23:21+01:00
0,0,0,0,0,0,2018-06-26 15:23:41+01:00
0,0,0,0,0,0,2018-06-26 15:26:43+01:00
0,0,0,0,0,0,2018-06-26 16:03:35+01:00
0,0,0,0,0,0,2018-06-27 11:32:51+01:00
0,0,0,0,0,0,2018-06-27 11:34:39+01:00
0,0,0,0,0,0,2018-06-28 11:31:32+01:00
0,0,0,0,0,0,2018-06-28 11:35:10+01:00
0,0,0,0,0,0,2018-06-28 15:38:35+01:00
0,0,0,0,0,0,2019-05-13 21:26:57+01:00
0,0,0,0,0,0,2019-05-13 21:27:35+01:00
0,4,0,0,0,0,2020-04-23 11:29:40+01:00
0,0,0,0,0,0,2020-04-23 11:59:06+01:00
0,1,0,0,0,0,2020-04-30 12:39:47+01:00
0,1,0,0,0,0,2020-04-30 12:40:04+01:00
0,2,0,0,0,0,2020-04-30 12:40:18+01:00
0,0,0,0,0,0,2020-04-30 12:40:33+01:00
0,0,0,0,0,0,2020-05-02 20:37:49+01:00
0,1,0,0,0,0,2020-05-06 23:18:11+01:00
0,1,0,0,0,0,2020-05-06 23:18:27+01:00
0,1,0,0,0,0,2020-05-06 23:18:45+01:00
1,1,0,0,0,0,2020-05-06 23:19:40+01:00
0,2,0,0,0,0,2020-05-06 23:19:59+01:00
0,0,0,0,0,0,2020-05-06 23:20:14+01:00
0,1,1,0,0,0,2020-05-11 22:16:43+01:00
0,1,1,0,0,0,2020-05-11 22:17:19+01:00
1,1,0,0,0,0,2020-05-11 22:17:46+01:00
1,2,0,0,0,0,2020-05-11 22:18:58+01:00
0,1,0,0,0,0,2020-05-11 22:19:09+01:00
0,0,0,0,0,0,2020-05-12 15:10:29+01:00
0,1,0,0,0,0,2020-05-13 22:36:21+01:00
0,1,1,0,0,0,2020-05-13 22:37:02+01:00
0,1,0,0,0,0,2020-05-13 22:37:42+01:00
1,1,0,0,0,0,2020-05-16 20:02:38+01:00
1,1,0,0,0,0,2020-05-16 22:51:30+01:00
0,1,0,0,0,0,2020-05-16 22:51:49+01:00
0,1,0,0,0,0,2020-05-16 22:51:59+01:00
0,1,0,0,0,0,2020-05-17 23:46:50+01:00
0,1,0,0,0,0,2020-05-18 10:31:39+01:00
0,1,0,0,0,0,2020-05-21 12:57:49+01:00
0,0,0,0,0,0,2020-05-21 13:00:39+01:00
0,2,1,0,0,0,2020-05-22 20:37:10+01:00
0,0,0,0,0,0,2020-05-31 10:48:48+01:00
0,0,0,0,0,0,2020-06-04 11:38:18+01:00
0,0,0,0,0,0,2020-06-04 11:38:43+01:00
0,0,0,0,0,0,2020-06-04 11:39:19+01:00
0,0,0,0,0,0,2020-06-04 11:39:47+01:00
0,0,0,0,0,0,2020-06-11 13:02:28+01:00
0,0,0,0,0,0,2020-06-11 13:04:26+01:00
0,1,0,0,0,0,2020-06-25 14:47:39+01:00
0,0,0,0,0,0,2020-06-25 14:49:15+01:00
0,0,0,0,0,0,2020-06-25 14:49:47+01:00
0,0,0,0,0,0,2020-06-25 14:50:20+01:00
0,0,0,0,0,0,2020-06-26 16:06:49+01:00
0,0,0,0,0,0,2020-06-26 16:07:18+01:00
0,0,0,0,0,0,2020-06-26 16:07:34+01:00
0,1,1,1,1,0,2020-07-02 16:57:00+01:00
0,1,1,1,1,0,2020-07-09 08:41:34+01:00
0,0,0,0,0,0,2020-07-09 09:10:29+01:00
0,0,0,0,0,0,2020-07-09 09:10:45+01:00
0,1,0,0,0,0,2020-09-12 12:51:51+01:00
1,4,1,1,1,0,2020-09-12 12:52:45+01:00
0,1,0,0,0,0,2020-09-12 12:53:25+01:00
0,1,0,0,0,0,2020-09-12 12:53:52+01:00
0,1,0,0,0,0,2020-09-30 23:40:53+01:00
0,0,0,0,0,0,2020-09-30 23:42:51+01:00
0,0,0,0,0,0,2020-10-07 21:20:04+01:00
0,0,0,0,0,0,2020-10-07 23:02:08+01:00
0,0,0,0,0,0,2020-10-08 08:36:26+01:00
0,1,0,0,0,0,2020-10-08 08:36:56+01:00
0,0,0,0,0,0,2020-10-08 10:33:36+01:00
0,0,0,0,0,0,2020-10-14 22:37:20+01:00
0,0,0,0,0,0,2020-10-14 23:04:52+01:00
0,0,0,0,0,0,2020-10-17 17:12:19+01:00
0,0,0,0,0,0,2020-10-22 13:03:42+01:00
0,0,0,0,0,0,2020-10-22 13:04:54+01:00
0,0,0,0,0,0,2020-10-22 13:06:51+01:00
0,0,0,0,0,0,2020-10-22 13:09:45+01:00
0,0,0,0,0,0,2020-10-24 14:59:07+01:00
0,0,0,0,0,0,2020-10-24 14:59:33+01:00
0,0,0,0,0,0,2020-10-29 15:50:29+00:00
0,0,0,0,0,0,2020-11-12 12:47:49+00:00
0,0,0,0,0,0,2020-11-18 23:59:58+00:00
0,0,0,0,0,0,2020-11-19 15:14:05+00:00
0,0,0,0,0,0,2020-11-20 14:31:52+00:00
0,0,0,0,0,0,2020-11-26 12:52:28+00:00
0,0,0,0,0,0,2020-12-03 14:30:58+00:00
0,0,0,0,0,0,2020-12-03 14:37:16+00:00
0,0,0,0,0,0,2020-12-03 14:54:53+00:00
0,0,0,0,0,0,2020-12-10 13:28:07+00:00
0,0,0,0,0,0,2020-12-17 13:00:07+00:00
0,0,0,0,0,0,2021-01-28 23:54:16+00:00
0,0,0,0,0,0,2021-01-28 23:54:59+00:00
0,0,0,0,0,0,2021-02-04 00:06:33+00:00
0,0,0,0,0,0,2021-02-05 00:44:19+00:00
0,0,0,0,0,0,2021-02-11 12:04:08+00:00
0,1,0,0,0,0,2021-02-16 13:58:55+00:00
1,1,1,1,0,0,2021-04-08 13:24:42+01:00
0,0,0,0,0,0,2021-04-15 12:46:37+01:00
0,0,0,0,0,0,2021-06-02 18:46:38+01:00
1,1,1,1,0,0,2021-06-02 18:47:36+01:00
0,0,0,0,0,0,2021-06-02 18:48:25+01:00
