Acquisition,Preparation,Modeling,Training,Evaluation,Prediction,time
0,0,0,0,0,0,2017-12-13 16:34:16+01:00
0,2,1,1,0,1,2017-12-18 10:06:38+01:00
0,0,0,0,0,0,2017-12-18 10:13:51+01:00
0,0,0,0,0,0,2017-12-18 10:55:55+01:00
0,0,0,0,0,0,2017-12-18 11:10:58+01:00
0,0,0,0,0,0,2017-12-18 11:21:42+01:00
0,0,0,0,0,0,2017-12-18 11:24:17+01:00
0,0,0,0,0,0,2017-12-18 11:28:42+01:00
0,0,0,0,0,0,2017-12-18 11:34:19+01:00
0,0,0,0,0,0,2017-12-19 19:15:08+01:00
0,0,0,0,0,0,2017-12-19 19:16:42+01:00
0,0,0,0,0,0,2018-02-13 09:59:21+01:00
0,0,0,0,0,0,2018-02-13 10:00:16+01:00
0,0,0,0,0,0,2018-02-13 10:02:46+01:00
0,0,0,0,0,0,2018-02-13 11:17:03+01:00
0,1,1,0,0,1,2018-02-18 11:41:08+01:00
0,0,0,0,0,0,2018-02-18 11:47:45+01:00
0,0,0,0,0,0,2018-02-18 12:39:03+01:00
0,0,0,0,0,0,2018-02-18 12:57:43+01:00
0,0,0,0,0,0,2018-02-18 13:01:53+01:00
0,0,0,0,0,0,2018-02-18 13:05:55+01:00
0,0,0,0,0,0,2018-02-28 16:49:57+01:00
0,0,0,0,0,0,2018-02-28 16:57:57+01:00
0,1,1,0,0,1,2018-03-01 10:48:33+01:00
0,0,0,0,0,0,2018-03-01 10:52:11+01:00
0,1,1,0,0,1,2018-03-01 15:53:15+01:00
0,0,0,0,0,0,2018-03-01 15:57:30+01:00
0,0,0,0,0,0,2018-03-01 16:25:00+01:00
0,1,1,0,0,0,2018-03-27 10:45:41+02:00
0,2,1,1,0,0,2018-03-27 15:03:10+02:00
0,3,1,2,0,0,2018-03-30 16:39:53+02:00
0,2,1,1,0,1,2018-03-30 16:55:55+02:00
0,0,0,0,0,0,2018-03-30 16:59:10+02:00
0,0,0,0,0,0,2018-03-30 17:07:55+02:00
0,0,0,0,0,0,2018-03-30 17:12:04+02:00
0,0,0,0,0,0,2018-03-30 17:15:49+02:00
0,0,0,0,0,0,2018-03-30 17:21:42+02:00
0,0,0,0,0,0,2018-03-30 17:29:33+02:00
0,0,0,0,0,0,2018-04-11 14:33:04+02:00
0,0,0,0,0,0,2018-04-24 10:05:26+02:00
0,0,0,0,0,0,2018-04-24 14:55:02+02:00
0,1,1,0,0,0,2018-04-25 13:47:09+02:00
1,2,1,1,0,0,2018-06-12 17:32:30+02:00
0,0,0,0,0,0,2018-06-12 17:34:35+02:00
1,2,1,1,0,0,2018-07-17 11:48:22+02:00
0,1,0,1,0,0,2018-07-17 12:29:10+02:00
1,1,1,0,0,0,2018-08-01 17:36:57+02:00
0,0,0,0,0,0,2018-08-01 17:38:01+02:00
0,1,0,1,0,0,2018-08-01 17:53:52+02:00
1,1,1,0,0,0,2018-08-02 15:05:25+02:00
0,0,0,0,0,0,2018-08-02 15:13:03+02:00
0,1,0,1,0,0,2018-08-02 15:50:28+02:00
0,1,0,1,0,0,2018-08-02 16:07:32+02:00
0,0,0,0,0,0,2018-09-12 09:43:16+02:00
1,2,1,0,0,0,2018-09-12 16:42:47+02:00
1,2,1,1,0,0,2018-09-12 16:54:33+02:00
1,2,1,1,0,0,2018-09-12 17:03:19+02:00
1,4,1,2,0,0,2018-09-20 11:03:44+02:00
0,2,0,2,0,0,2018-09-21 17:40:16+02:00
1,2,1,1,0,0,2018-09-22 10:50:07+02:00
1,1,1,0,0,0,2018-09-24 16:18:54+02:00
1,3,1,2,0,0,2018-09-24 17:49:58+02:00
1,3,1,2,0,0,2018-09-25 13:30:26+02:00
1,3,1,1,0,0,2018-09-25 16:27:58+02:00
0,0,0,0,0,0,2018-09-25 18:56:17+02:00
1,7,1,4,0,0,2018-09-26 13:25:09+02:00
1,2,1,1,0,0,2018-09-26 14:46:13+02:00
0,0,0,0,0,0,2018-09-26 14:47:59+02:00
1,3,1,2,0,0,2018-09-27 13:51:24+02:00
0,1,0,1,0,0,2018-09-27 13:54:27+02:00
0,0,0,0,0,0,2018-09-27 13:55:26+02:00
1,1,1,0,0,0,2018-09-27 15:31:44+02:00
0,0,0,0,0,0,2018-09-28 17:16:41+02:00
0,0,0,0,0,0,2018-09-28 17:19:01+02:00
1,3,1,2,0,0,2018-10-02 15:37:24+02:00
1,3,1,2,0,0,2018-10-03 10:17:33+02:00
1,2,1,1,0,0,2018-11-13 10:47:07+01:00
1,1,1,0,0,0,2018-12-06 10:21:39+01:00
1,1,1,0,0,0,2018-12-06 11:06:18+01:00
1,1,1,0,0,0,2018-12-06 11:07:39+01:00
1,1,1,0,0,0,2018-12-06 11:10:12+01:00
1,1,1,0,0,0,2018-12-06 11:16:06+01:00
1,1,1,0,0,0,2018-12-06 11:18:14+01:00
1,1,1,0,0,0,2018-12-06 11:28:02+01:00
1,1,1,0,0,0,2018-12-06 11:30:35+01:00
1,1,1,0,0,0,2018-12-06 11:54:38+01:00
1,1,1,0,0,0,2018-12-11 12:15:47+01:00
1,1,1,0,0,0,2018-12-17 17:03:04+01:00
1,1,1,0,0,0,2018-12-17 17:06:11+01:00
1,1,1,0,0,0,2019-01-04 15:06:18+01:00
0,0,0,0,0,0,2019-01-07 09:35:24+01:00
2,8,2,3,1,0,2019-01-23 17:54:24+01:00
1,0,0,0,0,0,2019-01-23 18:06:20+01:00
2,5,1,1,1,0,2019-01-23 18:57:41+01:00
2,4,1,0,1,0,2019-01-28 11:57:00+01:00
1,1,1,0,0,0,2019-01-28 12:26:48+01:00
1,3,0,0,1,0,2019-01-28 12:57:26+01:00
0,0,0,0,0,0,2019-01-28 13:10:41+01:00
2,4,1,0,1,0,2019-01-28 13:21:20+01:00
2,6,1,1,1,0,2019-01-28 19:21:22+01:00
2,6,1,1,1,0,2019-02-01 19:06:17+01:00
0,0,0,0,0,0,2019-02-01 19:13:19+01:00
2,6,1,1,1,0,2019-02-15 15:12:13+01:00
2,5,1,0,1,0,2019-03-07 16:14:06+01:00
2,5,1,0,1,0,2019-03-07 16:32:37+01:00
2,8,2,2,1,0,2019-03-22 09:53:18-04:00
0,1,1,0,0,0,2019-03-22 13:42:42-04:00
0,1,1,0,0,0,2019-03-22 15:33:41-04:00
0,0,0,0,0,0,2019-11-14 14:47:33+01:00
0,0,0,0,0,0,2019-11-14 14:51:51+01:00
0,1,1,0,0,0,2019-11-14 14:52:53+01:00
1,1,1,0,0,0,2019-11-14 20:15:00+01:00
0,1,0,0,0,0,2019-11-14 21:57:35+01:00
2,3,3,1,0,0,2019-11-20 12:01:45+01:00
1,2,2,1,0,0,2019-11-20 18:55:26+01:00
3,7,5,3,1,0,2019-11-25 22:40:33+01:00
4,6,4,3,1,0,2019-11-26 16:21:50+01:00
1,3,1,0,1,0,2019-11-27 15:21:31+01:00
1,1,1,1,0,0,2019-11-27 15:25:04+01:00
0,0,0,0,0,0,2019-11-27 17:36:37+01:00
0,0,0,0,0,0,2019-11-27 17:40:27+01:00
1,1,1,1,0,0,2019-11-27 17:45:19+01:00
0,0,0,0,0,0,2019-11-27 17:46:30+01:00
3,4,2,1,1,0,2020-01-30 16:56:48+01:00
1,1,1,1,0,0,2020-01-31 16:24:49+01:00
4,4,3,2,1,0,2020-02-12 18:05:54+01:00
1,1,1,0,0,0,2020-02-12 18:11:13+01:00
1,1,1,0,0,0,2020-02-18 09:58:28+01:00
1,1,1,0,0,0,2020-02-18 10:12:32+01:00
1,1,1,0,0,0,2020-02-18 16:48:48+01:00
1,1,1,0,0,0,2020-02-18 16:56:22+01:00
1,1,1,0,0,0,2020-02-18 17:06:29+01:00
1,1,1,0,0,0,2020-02-18 17:08:14+01:00
4,8,4,3,1,0,2020-05-01 21:19:52+02:00
0,2,0,0,0,0,2020-05-04 19:21:29+02:00
1,3,1,0,0,0,2020-05-07 17:54:36+02:00
0,1,1,0,0,0,2020-05-07 18:02:06+02:00
3,11,2,0,1,0,2020-05-07 22:25:45+02:00
7,10,7,5,0,0,2020-05-12 08:51:29+02:00
0,0,0,0,0,0,2020-05-12 09:45:37+02:00
0,0,0,0,0,0,2020-05-12 09:55:42+02:00
0,0,0,0,0,0,2020-05-12 10:11:24+02:00
0,5,1,0,0,0,2020-05-14 09:35:02+02:00
0,0,0,0,0,0,2020-05-14 09:46:51+02:00
0,0,0,0,0,0,2020-05-14 09:49:00+02:00
0,1,1,0,0,0,2020-05-20 15:00:17+02:00
0,0,0,0,0,0,2020-07-17 14:52:17+02:00
0,1,0,0,0,0,2020-09-22 11:15:04+02:00
0,0,0,0,0,0,2020-10-17 23:40:33+02:00
0,0,0,0,0,0,2020-11-05 10:50:11-05:00
0,0,0,0,0,0,2020-11-17 17:46:39-05:00
0,0,0,0,0,0,2020-11-18 06:22:52-05:00
0,0,0,0,0,0,2020-11-30 07:25:50-05:00
0,2,0,0,0,0,2020-11-30 07:26:17-05:00
1,1,2,1,0,0,2020-11-30 13:32:48+01:00
0,1,1,1,0,0,2020-11-30 08:19:11-05:00
1,1,1,1,0,0,2020-11-30 14:26:12+01:00
1,0,1,0,0,0,2020-12-01 02:29:51+01:00
1,0,1,0,0,0,2020-12-01 03:56:30-05:00
1,1,1,1,0,0,2020-12-01 10:29:03-05:00
0,0,0,0,0,0,2020-12-07 07:46:50-05:00
