Acquisition,Preparation,Modeling,Training,Evaluation,Prediction,time
0,0,0,0,0,0,2020-09-30 12:17:44+02:00
10,8,2,3,1,2,2020-09-30 12:19:31+02:00
1,1,0,1,0,0,2020-10-01 15:57:35+02:00
0,0,0,0,0,0,2020-10-13 11:33:15+02:00
1,1,1,1,0,1,2020-10-13 11:35:47+02:00
0,0,0,0,0,0,2020-10-19 08:35:40+02:00
0,0,0,0,0,0,2020-10-19 08:40:59+02:00
0,0,0,0,0,0,2020-10-27 13:12:37+01:00
0,0,0,0,0,0,2020-11-11 12:38:49+01:00
0,0,0,0,0,0,2020-11-11 12:56:09+01:00
3,1,0,1,0,0,2020-11-17 16:46:57+01:00
3,3,1,2,0,1,2020-11-19 15:21:23+01:00
0,0,0,0,0,0,2020-11-23 15:34:18+01:00
1,2,0,1,0,0,2020-11-23 15:40:01+01:00
0,0,0,0,0,0,2020-11-23 16:33:51+01:00
4,5,1,2,0,1,2020-11-28 10:29:06+01:00
3,2,1,1,0,1,2020-12-01 10:27:05+01:00
0,0,0,0,0,0,2020-12-01 12:04:10+01:00
1,1,0,0,0,0,2020-12-01 12:15:11+01:00
0,0,0,0,0,0,2020-12-01 12:21:48+01:00
0,0,0,0,0,0,2020-12-01 12:37:05+01:00
0,0,0,0,0,0,2020-12-01 12:41:57+01:00
0,0,0,0,0,0,2020-12-01 14:35:48+01:00
0,0,0,0,0,0,2020-12-01 14:59:51+01:00
1,0,0,0,0,0,2020-12-04 11:28:24+01:00
0,0,0,0,0,0,2020-12-04 11:37:54+01:00
0,0,0,0,0,0,2020-12-04 11:41:38+01:00
1,2,0,0,0,0,2020-12-04 14:49:59+01:00
1,1,0,0,0,0,2020-12-04 14:54:19+01:00
1,1,0,0,0,0,2020-12-04 15:07:48+01:00
4,3,1,1,0,1,2020-12-04 19:27:48+01:00
0,0,0,0,0,0,2020-12-05 10:17:02+01:00
0,0,0,0,0,0,2020-12-05 11:09:48+01:00
4,3,1,1,0,1,2020-12-05 11:23:46+01:00
0,0,0,0,0,0,2020-12-05 11:52:16+01:00
0,0,0,0,0,0,2020-12-05 14:12:57+01:00
0,0,0,0,0,0,2021-01-07 15:40:26+01:00
1,1,1,1,1,1,2021-01-07 16:52:07+01:00
4,4,2,2,1,2,2021-01-11 16:44:02+01:00
5,3,2,2,1,2,2021-01-13 14:12:38+01:00
5,4,1,1,0,1,2021-01-14 21:44:00+01:00
0,0,0,0,0,0,2021-01-14 21:46:46+01:00
2,2,0,0,0,0,2021-01-14 22:42:57+01:00
2,2,0,0,0,0,2021-01-14 22:52:51+01:00
3,3,1,1,0,1,2021-01-14 23:54:42+01:00
1,1,1,1,0,1,2021-01-14 23:58:12+01:00
1,1,0,0,0,0,2021-01-18 10:54:17+01:00
5,4,1,1,0,1,2021-01-19 14:01:05+01:00
1,1,0,0,0,0,2021-01-19 14:48:09+01:00
4,3,0,0,0,0,2021-06-06 16:57:02+02:00
3,3,1,1,0,1,2021-06-07 12:54:37+02:00
2,1,0,0,0,0,2021-06-08 12:49:07+02:00
1,1,0,0,0,0,2021-06-08 13:06:31+02:00
0,0,0,0,0,0,2021-08-02 15:06:23+02:00
