Acquisition,Preparation,Modeling,Training,Evaluation,Prediction,time
9,7,3,0,0,0,2021-01-09 23:59:24+03:00
0,0,0,0,0,0,2021-01-10 00:00:30+03:00
0,0,0,0,0,0,2021-01-10 00:01:54+03:00
0,0,0,0,0,0,2021-01-10 00:02:42+03:00
1,0,0,0,0,0,2021-01-10 00:04:44+03:00
1,1,0,0,0,0,2021-01-10 01:23:52+03:00
1,1,0,0,0,0,2021-01-10 02:03:37+03:00
1,1,0,0,0,0,2021-01-10 02:18:44+03:00
1,1,0,0,0,0,2021-01-10 03:11:57+03:00
0,0,0,0,0,0,2021-01-27 02:42:49+03:00
0,0,0,0,0,0,2021-10-09 15:48:51+03:00
0,0,0,0,0,0,2021-10-09 15:54:18+03:00
0,0,0,0,0,0,2021-10-09 15:55:36+03:00
0,0,0,0,0,0,2021-10-09 15:56:14+03:00
1,1,0,0,0,0,2021-10-09 15:56:39+03:00
0,0,0,0,0,0,2021-10-09 15:56:59+03:00
0,0,0,0,0,0,2021-10-09 15:57:24+03:00
0,0,0,0,0,0,2021-10-09 15:58:01+03:00
0,0,0,0,0,0,2021-10-09 15:58:17+03:00
2,2,0,0,0,0,2021-10-09 15:58:34+03:00
0,0,0,0,0,0,2021-10-09 15:59:27+03:00
0,0,0,0,0,0,2021-10-09 16:00:15+03:00
1,1,0,0,0,0,2021-10-09 16:04:35+03:00
0,0,0,0,0,0,2021-10-09 16:06:47+03:00
0,0,0,0,0,0,2021-10-09 16:07:55+03:00
1,0,0,0,0,0,2021-10-09 16:10:00+03:00
1,0,0,0,0,0,2021-10-09 16:11:02+03:00
1,1,0,0,0,0,2021-10-09 16:13:23+03:00
1,0,0,0,0,0,2021-10-09 16:15:19+03:00
0,0,0,0,0,0,2021-10-09 16:15:48+03:00
1,1,0,0,0,0,2021-10-09 16:16:49+03:00
0,0,0,0,0,0,2021-10-09 16:21:35+03:00
0,0,0,0,0,0,2021-10-09 16:26:52+03:00
1,1,0,0,0,0,2021-10-09 16:28:17+03:00
0,0,0,0,0,0,2021-10-09 16:29:31+03:00
0,0,0,0,0,0,2021-10-09 16:31:40+03:00
0,0,0,0,0,0,2021-10-09 16:31:55+03:00
0,0,0,0,0,0,2021-10-09 16:32:25+03:00
0,0,0,0,0,0,2021-10-09 16:36:20+03:00
0,1,0,0,0,0,2021-10-10 19:40:22+03:00
0,0,0,0,0,0,2021-10-10 19:47:07+03:00
0,0,0,0,0,0,2021-10-10 19:47:23+03:00
0,0,0,0,0,0,2021-10-10 19:47:41+03:00
0,0,0,0,0,0,2021-10-10 19:53:06+03:00
0,1,0,0,0,0,2021-10-10 21:32:49+03:00
0,0,0,0,0,0,2021-10-10 21:47:54+03:00
0,1,0,0,0,0,2021-10-10 23:21:09+03:00
0,0,0,0,0,0,2021-10-10 23:21:36+03:00
0,0,0,0,0,0,2021-10-10 23:24:07+03:00
0,0,0,0,0,0,2021-10-10 23:25:36+03:00
0,0,0,0,0,0,2021-10-10 23:26:15+03:00
0,0,0,0,0,0,2021-10-11 02:40:53+03:00
0,0,0,0,0,0,2021-10-11 02:41:17+03:00
1,1,0,1,0,1,2021-10-11 02:42:28+03:00
2,1,0,1,0,1,2021-10-11 12:19:25+03:00
1,1,0,1,0,1,2021-10-11 12:19:47+03:00
0,0,0,0,0,0,2021-10-11 13:44:13+03:00
0,0,0,1,0,1,2021-10-11 15:33:03+03:00
0,0,0,0,0,0,2021-10-11 15:45:05+03:00
0,0,0,0,0,0,2021-10-11 15:45:40+03:00
0,0,0,0,0,0,2021-10-11 15:45:57+03:00
0,0,0,0,0,0,2021-10-11 15:47:11+03:00
0,0,0,0,0,0,2021-10-11 15:58:35+03:00
0,0,0,0,0,0,2021-10-11 15:59:06+03:00
1,0,0,0,0,0,2021-10-12 13:38:04+03:00
1,1,0,0,0,0,2021-10-12 13:38:39+03:00
0,1,0,0,0,0,2021-10-12 13:39:35+03:00
0,0,0,0,0,0,2021-10-12 13:40:03+03:00
0,1,0,0,0,0,2021-10-12 15:02:19+03:00
1,1,0,0,0,0,2021-10-12 15:02:48+03:00
1,1,0,0,0,0,2021-10-12 15:03:14+03:00
0,0,0,0,0,0,2021-10-12 15:03:35+03:00
1,2,0,0,0,0,2021-10-12 15:06:52+03:00
1,1,0,0,0,0,2021-10-12 16:42:16+03:00
0,0,0,0,0,0,2021-10-12 16:42:49+03:00
0,0,0,0,0,0,2021-10-12 16:55:30+03:00
