Acquisition,Preparation,Modeling,Training,Evaluation,Prediction,time
0,0,0,0,0,0,2020-01-29 07:40:20-08:00
0,0,0,0,0,0,2020-01-31 08:56:38-08:00
0,0,0,0,0,0,2020-01-31 10:36:32-08:00
0,0,0,0,0,0,2020-01-31 12:23:18-08:00
2,2,0,0,0,0,2020-01-31 19:58:06-08:00
2,2,0,0,0,0,2020-01-31 20:22:51-08:00
2,2,0,0,0,0,2020-01-31 22:07:49-08:00
2,2,0,0,0,0,2020-02-01 11:53:39-08:00
2,2,0,0,0,0,2020-02-01 13:18:02-08:00
2,0,0,0,0,0,2020-02-01 16:23:05-08:00
2,0,0,0,0,0,2020-02-01 18:02:16-08:00
2,0,0,0,0,0,2020-02-01 18:16:44-08:00
3,2,0,0,0,0,2020-02-01 19:09:14-08:00
3,3,3,3,3,3,2020-02-03 13:56:00-08:00
4,4,4,4,4,4,2020-02-05 13:51:20-08:00
3,3,3,3,3,3,2020-02-07 13:42:38-08:00
2,2,0,0,0,0,2020-02-07 17:05:11-08:00
4,4,0,0,0,0,2020-02-07 20:08:32-08:00
0,0,0,0,0,0,2020-02-10 13:52:56-08:00
2,2,2,2,2,2,2020-02-11 23:28:00-08:00
2,2,2,2,2,2,2020-02-12 12:36:03-08:00
3,3,3,3,3,3,2020-02-12 13:47:28-08:00
3,3,3,3,3,3,2020-02-12 20:51:44-08:00
0,2,0,2,0,0,2020-02-14 13:53:05-08:00
0,2,2,2,0,2,2020-02-19 13:56:10-08:00
0,6,2,2,2,2,2020-02-21 13:57:48-08:00
0,2,0,0,0,0,2020-02-22 15:57:40-08:00
0,2,0,0,0,0,2020-02-22 18:06:07-08:00
0,2,0,0,0,0,2020-02-24 13:52:46-08:00
0,2,0,0,0,0,2020-02-26 12:43:46-08:00
0,4,0,0,0,0,2020-03-02 13:53:44-08:00
0,2,0,0,0,0,2020-03-04 00:22:29-08:00
0,3,0,0,0,0,2020-03-04 13:50:58-08:00
0,2,0,0,0,0,2020-03-04 14:02:25-08:00
0,2,0,0,0,0,2020-03-04 21:57:28-08:00
0,2,0,0,0,0,2020-03-04 23:00:18-08:00
0,2,0,0,0,0,2020-03-05 19:49:19-08:00
0,2,0,0,0,0,2020-03-05 20:22:30-08:00
0,2,0,0,0,0,2020-03-05 22:44:42-08:00
0,2,0,0,0,0,2020-03-06 12:35:59-08:00
0,2,0,0,0,0,2020-03-06 14:01:02-08:00
0,2,0,0,0,0,2020-03-07 13:29:58-08:00
0,2,0,0,0,0,2020-03-07 14:14:32-08:00
0,2,0,0,0,0,2020-03-07 14:31:34-08:00
0,2,0,0,0,0,2020-03-11 13:51:22-07:00
0,2,0,0,0,0,2020-03-11 14:12:07-07:00
1,8,3,3,3,3,2020-03-13 14:22:46-07:00
0,9,1,1,1,1,2020-03-28 22:08:58-07:00
0,4,1,1,0,1,2020-03-28 23:05:24-07:00
0,2,2,2,0,2,2020-03-29 22:02:33-07:00
2,2,2,2,2,2,2020-04-08 18:12:27-07:00
2,4,2,2,4,2,2020-04-20 18:47:07-07:00
0,2,0,0,2,0,2020-04-20 21:22:56-07:00
0,2,0,0,2,0,2020-04-21 13:13:32-07:00
0,2,0,0,2,0,2020-04-21 20:09:47-07:00
0,2,0,0,2,0,2020-04-21 23:24:27-07:00
0,0,0,0,0,0,2020-04-21 23:33:38-07:00
21,31,22,21,24,22,2020-04-26 12:41:57-07:00
2,2,2,2,0,2,2020-04-27 22:16:02-07:00
4,2,2,2,4,2,2020-05-07 16:07:05-07:00
2,2,0,2,2,0,2020-05-09 14:03:00-07:00
4,4,0,2,4,0,2020-05-09 17:54:43-07:00
2,2,0,0,2,0,2020-05-10 13:59:13-07:00
5,5,1,5,5,1,2020-05-10 15:32:15-07:00
2,2,0,2,2,0,2020-05-10 18:32:01-07:00
2,2,2,2,2,2,2020-05-11 12:48:35-07:00
2,2,2,2,2,2,2020-05-11 14:29:13-07:00
2,2,2,2,2,2,2020-05-12 13:09:13-07:00
2,2,2,2,2,2,2020-05-12 14:32:18-07:00
0,0,0,0,0,0,2020-05-18 12:26:41-07:00
