Acquisition,Preparation,Modeling,Training,Evaluation,Prediction,time
0,0,0,0,0,0,2021-05-21 12:14:03+03:00
1,1,1,1,1,1,2021-05-21 12:57:51+03:00
0,0,0,0,0,0,2021-05-21 13:11:42+03:00
0,0,0,0,0,0,2021-05-21 14:03:46+03:00
3,3,1,1,1,1,2021-05-21 14:04:26+03:00
0,0,0,0,0,0,2021-05-21 14:04:42+03:00
0,0,0,0,0,0,2021-05-21 16:39:05+03:00
0,0,0,0,0,0,2021-05-21 16:39:48+03:00
0,0,0,0,0,0,2021-05-21 16:55:09+03:00
0,0,0,0,0,0,2021-05-21 17:02:11+03:00
0,0,0,0,0,0,2021-05-21 17:12:31+03:00
0,0,0,0,0,0,2021-05-21 17:14:30+03:00
0,0,0,0,0,0,2021-05-21 17:17:23+03:00
0,0,0,0,0,0,2021-05-21 17:21:00+03:00
0,0,0,0,0,0,2021-05-21 17:23:50+03:00
0,0,0,0,0,0,2021-05-21 17:44:17+03:00
0,0,0,0,0,0,2021-05-21 17:46:17+03:00
0,0,0,0,0,0,2021-05-21 17:49:17+03:00
0,0,0,0,0,0,2021-05-21 17:53:32+03:00
0,0,0,0,0,0,2021-05-21 18:02:43+03:00
0,0,0,0,0,0,2021-05-21 18:08:38+03:00
0,0,0,0,0,0,2021-05-21 18:13:18+03:00
0,0,0,0,0,0,2021-05-21 18:19:13+03:00
0,0,0,0,0,0,2021-05-21 18:33:03+03:00
0,0,0,0,0,0,2021-05-21 18:42:05+03:00
0,0,0,0,0,0,2021-05-21 19:34:39+03:00
0,0,0,0,0,0,2021-05-21 19:48:04+03:00
0,0,0,0,0,0,2021-05-21 20:06:27+03:00
0,0,0,0,0,0,2021-05-21 21:05:08+03:00
0,0,0,0,0,0,2021-05-21 22:34:06+03:00
1,1,1,1,1,1,2021-05-23 17:15:21+03:00
0,0,0,0,0,0,2021-05-23 17:15:38+03:00
0,0,0,0,0,0,2021-05-23 17:15:49+03:00
0,0,0,0,0,0,2021-05-23 17:54:55+03:00
0,0,0,0,0,0,2021-05-23 17:57:10+03:00
0,0,0,0,0,0,2021-05-23 17:58:30+03:00
0,0,0,0,0,0,2021-05-23 18:07:03+03:00
0,0,0,0,0,0,2021-05-23 18:14:24+03:00
0,0,0,0,0,0,2021-05-23 18:17:19+03:00
0,0,0,0,0,0,2021-05-23 18:29:40+03:00
0,0,0,0,0,0,2021-05-23 18:39:31+03:00
0,0,0,0,0,0,2021-05-23 18:41:39+03:00
0,0,0,0,0,0,2021-05-23 18:43:25+03:00
0,0,0,0,0,0,2021-05-23 18:45:37+03:00
0,0,0,0,0,0,2021-05-23 18:49:06+03:00
0,0,0,0,0,0,2021-05-23 18:52:58+03:00
0,0,0,0,0,0,2021-05-23 18:56:14+03:00
0,0,0,0,0,0,2021-05-23 18:58:45+03:00
0,0,0,0,0,0,2021-05-23 19:13:02+03:00
0,0,0,0,0,0,2021-05-23 19:16:29+03:00
0,0,0,0,0,0,2021-05-23 19:24:15+03:00
0,0,0,0,0,0,2021-05-23 19:30:31+03:00
1,1,1,1,1,1,2021-05-23 19:31:04+03:00
1,1,1,1,1,1,2021-05-23 19:32:02+03:00
0,0,0,0,0,0,2021-05-23 19:39:23+03:00
0,0,0,0,0,0,2021-05-23 19:42:49+03:00
0,0,0,0,0,0,2021-05-23 19:58:24+03:00
0,0,0,0,0,0,2021-05-23 20:07:37+03:00
0,0,0,0,0,0,2021-05-23 20:19:58+03:00
0,0,0,0,0,0,2021-05-23 20:48:02+03:00
0,0,0,0,0,0,2021-05-23 20:48:23+03:00
0,0,0,0,0,0,2021-05-23 20:54:19+03:00
0,0,0,0,0,0,2021-05-23 21:05:45+03:00
0,0,0,0,0,0,2021-05-23 21:30:21+03:00
6,49,4,0,4,3,2021-05-23 21:33:12+03:00
6,49,4,0,4,3,2021-05-23 21:34:29+03:00
0,0,0,0,0,0,2021-05-23 21:35:19+03:00
6,49,4,0,4,3,2021-05-23 21:36:10+03:00
0,0,0,0,0,0,2021-05-23 21:36:25+03:00
0,35,2,1,1,3,2021-05-23 21:42:08+03:00
0,0,0,0,0,0,2021-05-23 21:54:16+03:00
1,1,0,0,0,0,2021-05-23 22:07:01+03:00
1,1,0,0,0,0,2021-05-23 22:12:02+03:00
0,0,0,0,0,0,2021-05-23 22:18:57+03:00
0,0,0,0,0,0,2021-05-23 22:24:57+03:00
0,6,0,0,0,0,2021-05-23 22:25:46+03:00
0,0,0,0,0,0,2021-05-23 22:32:18+03:00
0,0,0,0,0,0,2021-05-23 22:59:35+03:00
0,0,0,0,0,0,2021-05-23 23:03:30+03:00
0,0,0,0,0,0,2021-05-23 23:12:28+03:00
0,0,0,0,0,0,2021-05-23 23:20:58+03:00
0,0,0,0,0,0,2021-06-07 20:12:44+03:00
0,0,0,0,0,0,2021-06-07 20:13:54+03:00
0,0,0,0,0,0,2021-06-07 20:18:53+03:00
