Acquisition,Preparation,Modeling,Training,Evaluation,Prediction,time
0,0,0,0,0,0,2020-01-21 20:18:48-05:00
0,0,0,0,0,0,2020-01-21 20:22:26-05:00
0,0,0,0,0,0,2020-01-21 20:25:40-05:00
0,0,0,0,0,0,2020-01-21 20:26:47-05:00
0,0,0,0,0,0,2020-01-21 20:28:47-05:00
0,0,0,0,0,0,2020-01-21 20:29:45-05:00
0,0,0,0,0,0,2020-01-21 20:30:12-05:00
7,50,13,24,7,13,2020-01-21 20:30:47-05:00
0,0,0,0,0,0,2020-01-21 20:31:06-05:00
1,1,1,1,1,1,2020-01-23 16:14:53-05:00
0,0,2,0,1,0,2020-01-29 18:59:46-05:00
4,7,2,1,1,0,2020-01-29 19:21:11-05:00
4,4,4,4,1,3,2020-01-30 08:01:32-05:00
0,0,0,0,0,0,2020-02-04 15:31:52-05:00
0,0,0,0,0,0,2020-02-04 15:31:54-05:00
0,1,0,0,0,0,2020-02-04 16:00:56-05:00
0,1,0,0,0,0,2020-02-04 16:05:54-05:00
0,2,0,0,0,0,2020-02-04 16:15:43-05:00
1,5,2,1,1,0,2020-02-11 14:24:02-05:00
6,6,6,6,2,5,2020-02-18 20:53:03-05:00
2,2,2,2,0,2,2020-02-18 21:06:59-05:00
3,2,2,2,0,2,2020-02-19 19:18:06-05:00
4,4,4,4,2,2,2020-02-20 11:12:32-05:00
2,2,0,2,2,2,2020-02-20 13:39:23-05:00
1,1,0,1,1,1,2020-02-25 15:41:55-05:00
0,1,0,1,0,1,2020-02-25 15:44:05-05:00
0,0,0,0,0,0,2020-02-25 15:44:22-05:00
0,0,0,0,0,0,2020-02-25 15:47:19-05:00
0,1,0,1,0,1,2020-02-25 16:14:35-05:00
0,2,1,0,0,0,2020-02-25 19:04:18-05:00
0,3,0,3,0,2,2020-02-27 16:07:39-05:00
0,0,0,0,0,0,2020-02-27 16:07:54-05:00
0,3,0,3,0,2,2020-03-10 16:10:52-04:00
4,7,2,1,1,0,2020-03-10 16:12:59-04:00
0,0,0,0,0,0,2020-03-10 16:13:13-04:00
0,3,0,3,0,1,2020-03-11 12:58:03-04:00
0,0,0,0,0,0,2020-03-11 12:58:19-04:00
7,15,7,2,5,2,2020-04-14 15:31:09-04:00
5,8,1,0,1,0,2020-04-14 16:14:45-04:00
0,1,0,1,0,0,2020-04-16 15:31:50-04:00
0,0,0,0,0,0,2020-04-16 15:32:47-04:00
2,5,2,4,0,2,2020-04-16 16:46:00-04:00
0,0,0,0,0,0,2020-04-16 16:46:13-04:00
1,1,1,1,0,1,2020-04-23 15:44:19-04:00
6,24,3,4,4,12,2020-04-23 16:11:50-04:00
10,67,7,11,7,17,2020-04-23 19:12:01-04:00
1,1,1,1,1,1,2020-04-28 14:57:46-04:00
0,0,0,0,0,0,2020-04-28 15:05:51-04:00
2,2,2,2,2,2,2020-04-28 16:16:43-04:00
2,6,3,1,2,2,2020-04-30 18:08:28-04:00
1,1,1,0,1,0,2020-05-01 10:43:47-04:00
2,2,1,0,1,0,2020-05-01 14:45:21-04:00
0,0,0,0,0,0,2020-05-01 14:45:32-04:00
0,0,0,0,0,0,2020-05-01 14:45:42-04:00
3,3,2,1,2,1,2020-05-02 12:37:50-04:00
