Acquisition,Preparation,Modeling,Training,Evaluation,Prediction,time
0,0,0,0,0,0,2019-10-28 01:31:05-04:00
0,0,0,0,0,0,2019-11-13 22:29:17-05:00
0,0,0,0,0,0,2019-11-13 22:43:02-05:00
1,1,0,0,0,0,2019-11-14 00:04:51-05:00
0,1,1,0,1,0,2019-11-14 18:07:44-05:00
0,2,1,0,1,1,2019-11-15 01:04:14-05:00
0,2,2,0,1,1,2019-11-29 17:30:50-05:00
0,2,2,0,0,1,2019-12-01 15:19:08-05:00
1,2,2,1,0,0,2019-12-01 17:26:55-05:00
0,0,0,0,0,0,2019-12-12 00:54:19-05:00
0,0,0,0,0,0,2019-12-12 01:50:14-05:00
0,2,2,0,0,0,2020-01-02 17:45:27-05:00
0,3,3,0,0,0,2020-01-04 11:45:14-05:00
0,6,6,1,0,1,2020-01-04 17:21:19-05:00
0,1,1,1,0,0,2020-01-04 18:01:20-05:00
0,0,0,0,0,0,2020-01-06 00:31:08-05:00
0,0,0,0,0,0,2020-01-06 15:08:16-05:00
0,2,3,1,0,0,2020-01-06 23:49:53-05:00
0,1,1,0,0,0,2020-01-06 23:51:57-05:00
0,1,1,1,0,0,2020-01-07 12:13:03-05:00
0,1,1,1,0,0,2020-01-07 17:46:13-05:00
0,1,1,0,0,0,2020-01-07 18:08:40-05:00
0,0,0,0,0,0,2020-01-07 18:10:05-05:00
0,0,0,0,0,0,2020-01-07 18:44:49-05:00
1,3,3,2,0,0,2020-01-08 15:32:36-05:00
0,0,0,0,0,0,2020-01-31 21:05:01-05:00
0,0,0,0,0,0,2020-01-31 21:48:24-05:00
0,0,0,0,0,0,2020-01-31 22:11:05-05:00
0,0,0,0,0,0,2020-02-03 22:30:49-05:00
0,0,0,0,0,0,2020-02-03 22:37:18-05:00
0,0,0,0,0,0,2020-02-04 01:23:31-05:00
0,2,1,1,0,0,2020-02-05 16:02:52-05:00
0,0,0,0,0,0,2020-02-05 17:00:56-05:00
0,1,0,0,0,0,2020-02-05 22:55:27-05:00
0,0,0,0,0,0,2020-02-05 22:56:06-05:00
0,0,0,0,0,0,2020-02-06 21:12:56-05:00
0,0,0,0,0,0,2020-02-06 21:16:37-05:00
0,0,0,0,0,0,2020-02-12 00:36:35-05:00
0,0,0,0,0,0,2020-02-13 01:39:00-05:00
0,4,3,1,2,0,2020-02-13 20:12:45-05:00
0,0,0,0,0,0,2020-02-13 20:12:58-05:00
0,2,2,1,2,0,2020-02-13 21:55:55-05:00
0,0,0,0,0,0,2020-02-13 21:57:40-05:00
0,2,2,1,1,0,2020-02-14 03:08:40-05:00
0,0,0,0,0,0,2020-02-19 19:27:28-05:00
0,0,0,0,0,0,2020-02-19 19:30:43-05:00
0,0,0,0,0,0,2020-02-20 22:14:31-05:00
2,13,6,1,3,0,2020-02-21 14:09:18-05:00
2,2,1,0,0,0,2020-02-21 17:33:17-05:00
0,1,0,0,0,0,2020-02-21 17:40:17-05:00
1,5,3,2,2,2,2020-02-21 23:42:07-05:00
0,3,3,3,3,3,2020-02-22 00:39:47-05:00
0,3,3,3,3,3,2020-02-22 15:37:49-05:00
0,6,5,1,2,1,2020-02-22 23:09:42-05:00
0,1,1,0,0,0,2020-02-25 12:39:57-05:00
0,1,1,0,0,0,2020-02-25 12:54:31-05:00
0,0,0,0,0,0,2020-02-25 13:10:34-05:00
0,0,0,0,0,0,2020-02-25 13:14:27-05:00
0,0,0,0,0,0,2020-02-25 13:30:03-05:00
0,1,0,0,0,0,2020-02-25 16:26:49-05:00
0,2,2,1,0,0,2020-03-04 01:23:30-05:00
0,5,5,1,0,0,2020-03-07 21:35:32-05:00
0,3,3,0,0,0,2020-03-11 22:09:44-04:00
0,2,2,0,0,0,2020-03-11 22:26:28-04:00
0,3,3,0,0,0,2020-03-11 22:54:45-04:00
0,0,0,0,0,0,2020-03-11 23:02:47-04:00
0,0,0,0,0,0,2020-03-11 23:03:26-04:00
0,2,2,0,0,0,2020-03-12 21:40:02-04:00
0,3,3,0,0,0,2020-03-16 00:30:27-04:00
0,2,2,0,0,0,2020-03-16 00:36:17-04:00
0,0,0,0,0,0,2020-03-16 00:50:51-04:00
0,0,0,0,0,0,2020-03-16 00:52:16-04:00
0,0,0,0,0,0,2020-03-16 00:53:15-04:00
0,0,0,0,0,0,2020-03-16 03:57:25-04:00
0,1,1,0,0,0,2020-03-16 04:03:55-04:00
0,5,5,0,0,0,2020-03-18 01:15:58-04:00
0,3,2,1,1,1,2020-03-18 04:13:47-04:00
0,2,2,0,1,0,2020-03-24 12:52:43-04:00
2,15,8,1,4,0,2020-03-24 12:53:24-04:00
0,0,0,0,0,0,2020-03-24 17:45:26-04:00
0,0,0,0,0,0,2020-03-25 00:24:05-04:00
0,0,0,0,0,0,2020-03-25 01:28:39-04:00
0,0,0,0,0,0,2020-03-25 01:29:50-04:00
0,0,0,0,0,0,2020-03-25 01:30:32-04:00
0,0,0,0,0,0,2020-03-25 02:02:26-04:00
0,0,0,0,0,0,2020-03-25 02:02:39-04:00
0,0,0,0,0,0,2020-03-25 02:02:42-04:00
0,0,0,0,0,0,2020-03-26 12:54:06-04:00
0,0,0,0,0,0,2020-03-26 12:54:51-04:00
0,0,0,0,0,0,2020-03-26 12:55:10-04:00
0,0,0,0,0,0,2020-03-26 23:45:36-04:00
0,0,0,0,0,0,2020-03-27 01:47:38-04:00
0,0,0,0,0,0,2020-03-27 13:52:12-04:00
0,0,0,0,0,0,2020-03-27 14:05:11-04:00
0,0,0,0,0,0,2020-03-27 21:26:46-04:00
0,0,0,0,0,0,2020-03-27 23:11:56-04:00
0,0,0,0,0,0,2020-03-27 23:18:43-04:00
0,0,0,0,0,0,2020-03-28 00:11:26-04:00
0,0,0,0,0,0,2020-03-28 22:26:31-04:00
0,0,0,0,0,0,2020-03-28 23:38:36-04:00
0,0,0,0,0,0,2020-03-28 23:41:19-04:00
0,0,0,0,0,0,2020-03-28 23:43:58-04:00
0,0,0,0,0,0,2020-04-02 17:44:10-04:00
0,0,0,0,0,0,2020-04-02 17:51:28-04:00
0,0,0,0,0,0,2020-04-02 21:57:22-04:00
0,0,0,0,0,0,2020-04-03 14:42:58-04:00
0,0,0,0,0,0,2020-04-03 14:46:45-04:00
0,0,0,0,0,0,2020-04-07 13:00:40-04:00
0,0,0,0,0,0,2020-04-07 13:00:46-04:00
0,0,0,0,0,0,2020-04-09 22:29:17-04:00
0,0,0,0,0,0,2020-04-10 01:27:21-04:00
0,0,0,0,0,0,2020-04-10 02:27:48-04:00
0,0,0,0,0,0,2020-04-17 17:30:25-04:00
0,0,0,0,0,0,2020-04-17 17:32:28-04:00
0,0,0,0,0,0,2020-04-17 17:35:16-04:00
0,0,0,0,0,0,2020-04-17 22:23:21-04:00
0,0,0,0,0,0,2020-04-18 00:18:43-04:00
0,0,0,0,0,0,2020-04-18 01:13:50-04:00
0,0,0,0,0,0,2020-04-18 18:13:42-04:00
0,0,0,0,0,0,2020-04-19 01:14:13-04:00
0,0,0,0,0,0,2020-04-24 16:00:40-04:00
0,0,0,0,0,0,2020-04-24 21:34:39-04:00
0,1,0,0,0,0,2020-04-25 23:17:19-04:00
0,1,0,1,0,0,2020-04-26 03:00:46-04:00
0,2,0,0,1,0,2020-05-12 00:15:02-04:00
0,0,0,0,0,0,2020-05-12 00:15:19-04:00
0,0,0,0,0,0,2020-05-12 18:34:23-04:00
0,0,0,0,0,0,2020-05-12 18:43:54-04:00
0,0,0,0,0,0,2020-05-13 02:10:45-04:00
0,0,0,0,0,0,2020-05-13 04:13:49-04:00
0,0,0,0,0,0,2020-05-13 17:07:22-04:00
0,1,0,1,0,0,2020-06-17 22:52:29-04:00
0,1,0,1,0,0,2020-06-18 04:41:42-04:00
0,1,0,1,0,0,2020-06-23 23:06:04-04:00
0,1,0,1,0,0,2020-06-23 23:18:55-04:00
0,0,0,0,0,0,2020-06-23 23:25:20-04:00
0,0,0,0,0,0,2020-06-24 00:06:15-04:00
0,0,0,0,0,0,2020-07-26 13:59:30-04:00
0,6,4,1,0,1,2020-07-26 14:02:36-04:00
1,3,3,2,2,0,2020-07-29 00:51:37-04:00
0,2,1,2,1,0,2020-08-28 15:28:33-04:00
0,0,0,0,0,0,2020-08-28 17:01:01-04:00
0,0,0,0,0,0,2020-12-23 23:34:42-05:00
0,1,1,1,0,0,2020-12-28 16:47:44-05:00
0,1,1,1,0,0,2020-12-29 00:55:31-05:00
0,0,0,0,0,0,2020-12-29 00:55:50-05:00
0,0,0,0,0,0,2020-12-29 01:23:01-05:00
0,1,1,1,0,0,2020-12-30 19:07:01-05:00
0,1,1,1,0,0,2020-12-31 14:17:45-05:00
0,1,1,1,0,0,2021-01-01 22:18:27-05:00
0,0,0,0,0,0,2021-01-02 19:35:07-05:00
0,1,1,1,0,0,2021-01-03 00:09:19-05:00
0,2,2,2,0,0,2021-01-03 14:11:39-05:00
0,4,4,4,0,0,2021-01-03 22:06:04-05:00
0,2,2,2,0,0,2021-01-03 22:10:26-05:00
0,1,1,1,0,0,2021-01-03 22:12:45-05:00
0,0,0,0,0,0,2021-01-03 22:24:19-05:00
0,2,0,0,0,0,2021-01-04 20:32:34-05:00
0,3,0,0,0,0,2021-01-05 15:43:49-05:00
1,2,0,0,0,0,2021-01-05 22:50:29-05:00
0,3,0,0,0,0,2021-01-05 23:18:31-05:00
0,2,0,0,0,0,2021-01-06 17:20:38-05:00
0,1,0,0,0,0,2021-01-06 18:34:14-05:00
0,4,0,0,0,0,2021-01-06 22:26:18-05:00
0,0,0,0,0,0,2021-01-08 03:34:01-05:00
0,0,0,0,0,0,2021-01-08 03:46:45-05:00
0,0,0,0,0,0,2021-01-08 04:10:13-05:00
0,0,0,0,0,0,2021-01-12 15:50:47-05:00
0,2,1,1,1,0,2021-01-15 01:42:06-05:00
0,1,0,0,0,0,2021-01-20 19:27:26-05:00
0,1,0,0,0,0,2021-01-26 22:34:51-05:00
0,0,0,0,0,0,2021-02-06 17:48:12-05:00
0,0,0,0,0,0,2021-02-06 21:39:08-05:00
0,0,0,0,0,0,2021-02-06 22:26:56-05:00
0,3,0,0,0,0,2021-02-07 17:11:47-05:00
0,1,0,0,0,0,2021-02-07 18:06:06-05:00
0,4,0,0,0,0,2021-02-07 20:41:38-05:00
0,3,0,0,0,0,2021-02-07 22:26:24-05:00
0,0,0,0,0,0,2021-02-07 22:28:22-05:00
0,1,0,0,0,0,2021-02-07 22:43:51-05:00
0,1,0,0,0,0,2021-02-08 21:31:14-05:00
0,1,0,0,0,0,2021-02-14 15:32:03-05:00
0,2,0,0,0,0,2021-02-21 17:39:51-05:00
0,4,0,0,2,0,2021-02-22 03:03:02-05:00
0,3,0,0,2,0,2021-02-22 19:43:12-05:00
0,2,0,0,2,0,2021-02-23 17:15:45-05:00
0,0,0,0,0,0,2021-02-23 18:12:00-05:00
0,2,0,0,1,0,2021-02-23 19:39:11-05:00
0,1,0,0,1,0,2021-02-24 01:34:07-05:00
0,0,0,0,0,0,2021-03-10 21:04:25-05:00
0,0,0,0,0,0,2021-03-18 20:13:23-04:00
0,3,0,0,1,0,2021-03-18 21:20:16-04:00
0,3,0,0,2,0,2021-03-18 22:25:33-04:00
0,1,0,0,0,0,2021-03-19 21:27:11-04:00
0,3,0,0,0,0,2021-03-20 23:37:13-04:00
0,1,1,0,0,0,2021-03-20 23:48:04-04:00
0,2,0,0,0,0,2021-03-21 00:07:27-04:00
0,3,0,0,0,0,2021-03-21 01:49:35-04:00
0,2,1,0,0,0,2021-03-21 02:08:48-04:00
0,3,1,0,0,0,2021-03-21 15:22:13-04:00
0,5,3,1,1,0,2021-03-21 17:05:00-04:00
0,1,1,0,0,0,2021-03-21 21:44:25-04:00
0,3,2,0,0,0,2021-03-22 03:23:11-04:00
0,0,0,0,0,0,2021-03-22 03:24:03-04:00
0,2,1,0,0,0,2021-03-22 15:48:58-04:00
0,2,1,0,0,0,2021-03-22 20:49:42-04:00
0,1,0,0,0,0,2021-03-23 00:08:18-04:00
0,2,1,0,0,0,2021-03-23 00:21:36-04:00
0,1,0,0,0,0,2021-03-24 21:30:40-04:00
0,2,1,0,0,0,2021-03-24 21:31:48-04:00
0,2,1,0,0,0,2021-03-25 01:49:01-04:00
0,1,0,0,0,0,2021-03-25 16:02:58-04:00
0,2,1,0,0,0,2021-03-26 02:40:42-04:00
0,2,1,0,0,0,2021-03-26 18:21:20-04:00
0,1,0,0,0,0,2021-04-02 22:00:58-04:00
0,1,0,0,0,0,2021-04-03 19:40:03-04:00
0,1,0,0,0,0,2021-04-03 21:17:27-04:00
0,3,1,0,0,0,2021-04-03 23:30:19-04:00
0,1,0,0,0,0,2021-04-04 17:15:28-04:00
0,0,0,0,0,0,2021-04-04 17:17:29-04:00
0,1,1,0,0,0,2021-04-07 22:51:12-04:00
0,6,1,0,3,0,2021-04-08 00:41:12-04:00
0,4,0,0,1,0,2021-04-08 04:52:18-04:00
0,1,0,0,0,0,2021-04-08 16:21:23-04:00
0,3,1,0,0,0,2021-04-08 17:51:40-04:00
0,4,1,0,1,0,2021-04-08 18:28:35-04:00
0,3,0,0,1,0,2021-04-08 23:11:35-04:00
0,3,0,0,3,0,2021-04-08 23:18:47-04:00
0,2,1,0,1,0,2021-04-09 13:53:50-04:00
0,2,1,0,0,0,2021-04-09 17:34:03-04:00
0,2,1,0,1,0,2021-04-09 23:20:25-04:00
0,3,2,0,2,0,2021-04-10 15:22:48-04:00
0,3,1,0,1,0,2021-04-10 15:29:03-04:00
0,2,0,0,0,0,2021-04-10 15:40:59-04:00
0,3,1,0,1,0,2021-04-10 18:33:46-04:00
0,2,1,0,1,0,2021-04-10 18:55:55-04:00
0,3,2,0,1,0,2021-04-10 20:27:22-04:00
0,5,3,0,2,0,2021-04-11 01:08:48-04:00
0,2,0,0,0,0,2021-04-11 17:21:31-04:00
0,3,1,0,1,0,2021-04-12 11:44:58-04:00
0,3,1,0,1,0,2021-04-12 12:35:34-04:00
0,2,0,0,0,0,2021-04-12 22:45:13-04:00
0,1,0,0,0,0,2021-04-13 01:24:51-04:00
0,5,1,0,1,0,2021-04-13 23:12:52-04:00
0,3,0,0,0,0,2021-04-14 01:24:59-04:00
0,3,1,0,0,0,2021-04-14 16:03:14-04:00
0,3,1,0,0,0,2021-04-14 17:28:32-04:00
0,4,3,0,1,0,2021-04-14 23:18:59-04:00
1,3,2,0,1,0,2021-04-28 17:18:20-04:00
0,2,1,0,0,0,2021-05-04 17:35:35-04:00
0,1,0,0,0,0,2021-05-05 02:50:25-04:00
0,4,0,0,0,0,2021-05-09 21:59:11-04:00
0,3,0,0,0,0,2021-05-10 15:39:14-04:00
0,2,0,0,0,0,2021-05-10 17:35:21-04:00
0,4,0,0,0,0,2021-05-10 18:11:31-04:00
0,4,0,1,0,0,2021-05-10 22:48:09-04:00
0,3,0,2,0,0,2021-05-10 23:50:00-04:00
0,1,0,0,0,0,2021-05-11 00:38:02-04:00
2,3,0,0,0,0,2021-05-11 18:55:25-04:00
1,1,0,0,0,0,2021-05-11 23:07:45-04:00
0,3,0,0,0,0,2021-05-15 01:57:40-04:00
2,7,0,0,0,0,2021-05-15 19:39:58-04:00
0,2,0,0,0,0,2021-05-15 19:46:17-04:00
0,3,0,0,0,0,2021-05-16 02:21:07-04:00
0,0,0,0,0,0,2021-05-16 02:23:05-04:00
0,1,0,0,0,0,2021-05-16 03:18:34-04:00
0,1,0,0,0,0,2021-05-16 17:36:57-04:00
0,2,0,0,0,0,2021-05-17 03:05:52-04:00
1,3,0,0,0,0,2021-05-17 04:49:55-04:00
1,4,0,0,0,0,2021-05-17 15:17:08-04:00
0,1,0,0,0,0,2021-05-18 22:13:10-04:00
0,0,0,0,0,0,2021-05-19 01:57:43-04:00
0,0,0,0,0,0,2021-05-19 15:38:45-04:00
0,0,0,0,0,0,2021-05-20 00:15:51-04:00
0,0,0,0,0,0,2021-05-20 05:10:24-04:00
0,0,0,0,0,0,2021-05-21 02:49:19-04:00
0,2,0,0,0,0,2021-05-21 19:13:55-04:00
0,0,0,0,0,0,2021-05-21 19:16:58-04:00
0,3,0,0,0,0,2021-05-26 00:03:35-04:00
0,2,0,0,0,0,2021-06-01 23:10:39-04:00
0,1,0,0,0,0,2021-06-02 17:16:38-04:00
0,1,0,0,0,0,2021-06-03 02:58:19-04:00
0,1,0,0,0,0,2021-06-03 15:20:28-04:00
0,3,1,0,0,1,2021-06-03 15:31:52-04:00
0,1,0,0,0,1,2021-06-03 15:41:39-04:00
0,0,0,0,0,0,2021-06-03 16:52:56-04:00
1,3,0,0,0,1,2021-06-04 00:58:33-04:00
1,1,0,0,0,0,2021-06-06 00:29:59-04:00
1,3,1,0,0,2,2021-06-06 00:49:00-04:00
0,0,0,0,0,0,2021-06-06 15:42:50-04:00
1,1,0,0,0,0,2021-06-06 18:14:19-04:00
1,3,0,0,0,1,2021-06-07 04:53:01-04:00
1,2,1,0,0,1,2021-06-07 17:11:32-04:00
1,2,1,0,0,1,2021-06-07 17:17:54-04:00
1,1,0,0,0,0,2021-06-08 02:42:54-04:00
1,2,1,0,0,1,2021-06-08 03:01:19-04:00
1,1,0,0,0,0,2021-06-09 16:10:42-04:00
1,1,1,0,0,0,2021-06-11 15:10:54-04:00
1,2,1,0,0,0,2021-06-12 03:25:53-04:00
1,2,1,0,0,0,2021-06-12 03:29:22-04:00
1,1,1,0,0,0,2021-06-13 15:33:38-04:00
1,7,4,0,1,3,2021-06-13 16:44:19-04:00
1,1,1,0,0,0,2021-06-13 17:19:13-04:00
1,2,1,0,0,0,2021-06-13 19:59:53-04:00
1,4,3,0,1,1,2021-06-13 20:41:42-04:00
1,2,2,0,0,1,2021-06-14 00:19:46-04:00
1,1,1,0,0,0,2021-06-14 00:23:15-04:00
1,2,2,0,1,0,2021-06-14 00:49:12-04:00
1,1,1,0,0,0,2021-06-15 19:17:32-04:00
1,2,1,0,0,0,2021-06-15 23:21:34-04:00
1,4,3,0,0,2,2021-06-16 00:15:47-04:00
1,3,2,0,0,1,2021-06-16 18:06:40-04:00
1,1,1,0,0,0,2021-06-17 17:13:14-04:00
1,1,1,0,0,0,2021-06-18 01:13:12-04:00
1,2,1,0,0,0,2021-06-18 17:35:14-04:00
1,2,1,0,0,0,2021-06-19 19:26:14-04:00
1,4,2,0,0,1,2021-06-20 16:07:04-04:00
1,1,1,0,0,0,2021-06-20 16:40:08-04:00
1,3,2,0,0,1,2021-06-20 18:15:51-04:00
1,2,1,0,0,0,2021-06-21 00:35:57-04:00
1,3,2,0,0,1,2021-06-21 04:53:35-04:00
1,3,1,0,0,0,2021-06-21 18:28:53-04:00
1,3,2,0,0,1,2021-06-23 15:38:05-04:00
1,3,2,0,1,0,2021-06-23 18:38:31-04:00
1,2,1,0,0,0,2021-06-24 00:19:23-04:00
0,0,0,0,0,0,2021-06-24 00:58:23-04:00
0,0,0,0,0,0,2021-06-24 23:18:04-04:00
1,2,1,0,0,1,2021-07-05 23:19:10-04:00
1,2,1,0,0,0,2021-07-07 20:25:16-04:00
1,1,1,0,0,0,2021-07-08 17:15:01-04:00
1,4,2,0,0,2,2021-07-09 16:56:55-04:00
0,0,0,0,0,0,2021-07-09 17:00:00-04:00
1,1,1,0,0,0,2021-07-14 17:44:58-04:00
1,2,1,0,0,0,2021-07-14 18:01:00-04:00
1,1,1,0,0,0,2021-07-15 15:06:56-04:00
1,1,1,0,0,0,2021-07-15 15:29:35-04:00
1,4,2,1,1,0,2021-07-18 22:02:37-04:00
1,2,1,1,0,0,2021-07-18 22:22:03-04:00
0,1,0,0,0,1,2021-07-18 22:36:14-04:00
0,0,0,0,0,0,2021-07-19 23:38:49-04:00
1,1,1,1,0,0,2021-07-21 16:42:59-04:00
0,1,0,0,0,0,2021-07-21 16:43:10-04:00
1,2,1,1,0,0,2021-07-23 16:06:53-04:00
2,2,1,1,0,0,2021-07-29 18:45:12-04:00
2,6,2,1,0,2,2021-08-03 21:44:02-04:00
0,2,2,0,1,0,2021-08-03 21:45:03-04:00
1,2,2,1,0,0,2021-08-03 22:15:40-04:00
1,3,2,1,0,0,2021-08-04 13:56:17-04:00
1,2,2,1,0,0,2021-08-04 15:26:38-04:00
0,1,0,0,0,0,2021-08-04 16:22:12-04:00
1,2,2,1,0,0,2021-08-06 16:43:18-04:00
1,1,1,1,0,0,2021-08-06 17:28:58-04:00
1,2,1,1,0,0,2021-08-06 18:28:05-04:00
1,7,3,1,1,1,2021-08-08 17:53:56-04:00
1,4,2,1,0,1,2021-08-10 16:57:43-04:00
1,5,4,1,0,2,2021-08-10 22:46:11-04:00
1,2,2,1,1,1,2021-08-11 11:50:53-04:00
1,3,2,1,1,1,2021-08-11 16:33:07-04:00
0,2,2,0,0,2,2021-08-11 17:03:17-04:00
1,3,1,1,1,0,2021-08-14 01:02:02-04:00
0,3,1,1,0,0,2021-11-15 16:33:16-05:00
0,1,1,0,0,0,2021-11-15 17:07:44-05:00
