Acquisition,Preparation,Modeling,Training,Evaluation,Prediction,time
0,0,0,0,0,0,2020-09-03 16:21:04+02:00
0,0,0,0,0,0,2020-09-04 12:27:47+02:00
4,23,3,2,0,0,2020-09-04 12:34:45+02:00
0,0,0,0,0,0,2020-09-04 13:39:37+02:00
0,1,0,0,0,0,2020-09-04 16:49:12+02:00
0,0,0,0,0,0,2020-09-04 17:48:49+02:00
0,0,0,0,0,0,2020-09-04 17:48:54+02:00
0,0,0,0,0,0,2020-09-04 17:53:28+02:00
0,0,0,0,0,0,2020-09-04 17:56:37+02:00
0,0,0,0,0,0,2020-09-04 22:47:50+02:00
0,0,0,0,0,0,2020-09-04 22:47:53+02:00
0,1,0,0,0,0,2020-09-05 12:43:18+02:00
0,0,0,0,0,0,2020-09-05 19:19:51+02:00
0,0,0,0,0,0,2020-09-07 10:57:57+02:00
0,0,0,0,0,0,2020-09-07 14:11:48+02:00
0,0,0,0,0,0,2020-09-11 13:44:41+02:00
0,0,0,0,0,0,2020-09-11 13:46:22+02:00
0,0,0,0,0,0,2020-10-02 14:57:10+02:00
0,2,0,0,0,0,2020-10-13 12:07:20+02:00
0,0,0,0,0,0,2020-10-14 12:05:42+02:00
0,0,0,0,0,0,2020-10-18 20:19:41+02:00
0,0,0,0,0,0,2020-10-19 16:54:13+02:00
2,5,0,1,1,0,2020-12-25 11:38:13+01:00
1,1,0,1,1,0,2020-12-25 13:22:16+01:00
0,0,0,0,0,0,2020-12-25 13:30:23+01:00
0,0,0,0,0,0,2020-12-29 15:19:14+01:00
1,0,0,0,0,0,2020-12-29 20:50:44+01:00
1,1,0,1,1,0,2020-12-29 20:51:52+01:00
0,0,0,0,0,0,2020-12-29 21:25:25+01:00
0,1,0,0,0,0,2020-12-29 21:34:54+01:00
0,0,0,0,0,0,2020-12-29 21:35:34+01:00
0,0,0,0,0,0,2020-12-29 21:36:09+01:00
0,0,0,0,0,0,2020-12-29 21:38:56+01:00
0,0,0,0,0,0,2020-12-29 22:43:23+01:00
0,0,0,0,0,0,2020-12-30 13:26:24+01:00
0,0,0,0,0,0,2020-12-30 13:28:34+01:00
0,0,0,0,0,0,2020-12-30 13:38:14+01:00
0,0,0,0,0,0,2020-12-30 16:01:56+01:00
0,0,0,0,0,0,2020-12-30 16:49:03+01:00
0,0,0,0,0,0,2020-12-30 18:03:41+01:00
1,1,0,1,1,0,2020-12-30 20:42:00+01:00
0,0,0,0,0,0,2021-01-05 10:42:05+01:00
0,0,0,0,0,0,2021-01-11 18:38:55+01:00
0,0,0,0,0,0,2021-01-11 18:44:10+01:00
0,1,0,0,0,0,2021-01-11 21:58:19+01:00
0,0,0,0,0,0,2021-01-11 23:26:56+01:00
0,1,0,0,0,0,2021-01-12 15:20:43+01:00
0,0,0,0,0,0,2021-01-12 17:44:25+01:00
0,0,0,0,0,0,2021-01-13 04:39:43+01:00
0,0,0,0,0,0,2021-01-13 04:58:35+01:00
0,0,0,0,0,0,2021-01-13 17:12:54+01:00
0,0,0,0,0,0,2021-01-13 18:26:39+01:00
0,0,0,0,0,0,2021-01-14 01:30:11+01:00
0,0,0,0,0,0,2021-01-14 01:58:10+01:00
0,0,0,0,0,0,2021-01-14 12:25:45+01:00
0,0,0,0,0,0,2021-01-14 18:04:24+01:00
0,0,0,0,0,0,2021-01-15 13:10:31+01:00
0,0,0,0,0,0,2021-01-15 14:09:17+01:00
0,0,0,0,0,0,2021-01-15 14:39:25+01:00
0,0,0,0,0,0,2021-01-15 14:41:07+01:00
1,2,0,1,1,0,2021-01-15 17:51:59+01:00
0,0,0,0,0,0,2021-01-16 00:13:44+01:00
0,0,0,0,0,0,2021-01-16 00:32:38+01:00
0,0,0,0,0,0,2021-01-16 00:49:40+01:00
0,0,0,0,0,0,2021-01-16 01:02:52+01:00
0,0,0,0,0,0,2021-01-16 01:20:33+01:00
0,0,0,0,0,0,2021-01-16 02:04:01+01:00
0,0,0,0,0,0,2021-01-16 02:38:30+01:00
0,0,0,0,0,0,2021-01-16 02:39:28+01:00
0,0,0,0,0,0,2021-01-16 02:49:00+01:00
0,0,0,0,0,0,2021-01-16 02:52:53+01:00
0,0,0,0,0,0,2021-01-16 12:01:57+01:00
0,0,0,0,0,0,2021-01-16 12:21:51+01:00
0,0,0,0,0,0,2021-01-16 12:22:24+01:00
0,0,0,0,0,0,2021-01-16 16:40:58+01:00
0,0,0,0,0,0,2021-01-17 21:56:28+01:00
0,0,0,0,0,0,2021-01-17 23:18:16+01:00
0,0,0,0,0,0,2021-01-17 23:18:47+01:00
0,0,0,0,0,0,2021-01-18 00:42:14+01:00
0,1,0,0,0,0,2021-01-24 23:33:54+01:00
0,3,0,0,0,0,2021-01-29 21:27:15+01:00
0,0,0,0,0,0,2021-01-30 12:55:33+01:00
0,0,0,0,0,0,2021-01-30 17:16:08+01:00
0,2,0,0,0,0,2021-01-31 12:18:17+01:00
0,0,0,0,0,0,2021-02-04 15:12:44+01:00
0,0,0,0,0,0,2021-02-04 21:01:33+01:00
0,0,0,0,0,0,2021-02-04 21:36:39+01:00
0,0,0,0,0,0,2021-02-10 01:13:14+01:00
0,0,0,0,0,0,2021-02-11 14:58:58+01:00
0,0,0,0,0,0,2021-02-11 15:00:21+01:00
0,0,0,0,0,0,2021-02-11 15:30:54+01:00
0,0,0,0,0,0,2021-02-16 16:22:47+01:00
0,0,0,0,0,0,2021-02-16 16:25:13+01:00
0,0,0,0,0,0,2021-02-17 10:33:33+01:00
0,0,0,0,0,0,2021-02-17 22:12:31+01:00
0,0,0,0,0,0,2021-02-18 01:17:15+01:00
0,0,0,0,0,0,2021-02-18 12:54:41+01:00
0,0,0,0,0,0,2021-02-18 12:55:04+01:00
0,0,0,0,0,0,2021-02-18 12:58:43+01:00
0,0,0,0,0,0,2021-02-18 16:05:25+01:00
0,0,0,0,0,0,2021-02-18 17:54:12+01:00
0,0,0,0,0,0,2021-02-19 14:16:51+01:00
0,0,0,0,0,0,2021-02-19 19:19:46+01:00
1,1,0,0,0,0,2021-02-22 15:14:45+01:00
0,0,0,0,0,0,2021-02-22 15:15:37+01:00
0,0,0,0,0,0,2021-02-22 16:01:46+01:00
0,0,0,0,0,0,2021-02-22 16:32:20+01:00
0,0,0,0,0,0,2021-02-22 16:43:36+01:00
0,0,0,0,0,0,2021-02-22 16:43:53+01:00
0,0,0,0,0,0,2021-02-22 16:50:50+01:00
0,0,0,0,0,0,2021-02-22 16:51:01+01:00
0,0,0,0,0,0,2021-02-22 16:51:14+01:00
0,0,0,0,0,0,2021-02-22 16:52:12+01:00
0,0,0,0,0,0,2021-02-23 23:02:17+01:00
0,0,0,0,0,0,2021-02-23 23:04:11+01:00
0,0,0,0,0,0,2021-02-24 08:58:39+01:00
0,0,0,0,0,0,2021-02-24 09:28:02+01:00
0,0,0,0,0,0,2021-02-24 12:18:10+01:00
0,0,0,0,0,0,2021-02-24 12:18:56+01:00
0,0,0,0,0,0,2021-02-24 12:19:23+01:00
0,0,0,0,0,0,2021-02-25 16:57:55+01:00
0,0,0,0,0,0,2021-02-25 16:58:44+01:00
0,0,0,0,0,0,2021-02-25 16:59:47+01:00
0,0,0,0,0,0,2021-02-25 23:10:38+01:00
0,1,0,0,0,0,2021-02-26 11:40:11+01:00
0,1,0,0,0,0,2021-02-26 11:44:07+01:00
6,25,3,3,1,0,2021-02-26 12:44:43+01:00
0,0,0,0,0,0,2021-02-26 12:54:46+01:00
0,0,0,0,0,0,2021-03-12 10:29:30+01:00
0,0,0,0,0,0,2021-03-12 10:34:43+01:00
0,0,0,0,0,0,2021-03-12 12:26:14+01:00
0,0,0,0,0,0,2021-03-12 12:26:50+01:00
0,0,0,0,0,0,2021-03-12 12:31:39+01:00
0,0,0,0,0,0,2021-03-12 14:25:41+01:00
0,0,0,0,0,0,2021-03-14 10:58:09+01:00
0,0,0,0,0,0,2021-03-14 10:59:44+01:00
0,0,0,0,0,0,2021-03-15 10:35:11+01:00
0,0,0,0,0,0,2021-03-15 10:37:23+01:00
0,0,0,0,0,0,2021-03-15 10:38:05+01:00
0,0,0,0,0,0,2021-03-15 10:39:04+01:00
0,0,0,0,0,0,2021-03-15 12:14:44+01:00
0,0,0,0,0,0,2021-03-15 12:15:21+01:00
0,0,0,0,0,0,2021-03-15 12:15:53+01:00
0,0,0,0,0,0,2021-03-15 17:52:04+01:00
0,1,0,0,0,0,2021-03-15 17:56:50+01:00
0,1,0,0,0,0,2021-03-15 18:08:54+01:00
0,0,0,0,0,0,2021-03-16 10:06:37+01:00
0,0,0,0,0,0,2021-03-16 10:07:02+01:00
0,0,0,0,0,0,2021-03-16 10:07:49+01:00
0,0,0,0,0,0,2021-03-16 10:16:19+01:00
0,0,0,0,0,0,2021-03-16 10:30:03+01:00
0,0,0,0,0,0,2021-03-16 10:30:27+01:00
0,1,0,0,0,0,2021-03-18 09:07:43+01:00
1,2,0,1,1,0,2021-03-18 11:05:21+01:00
0,0,0,0,0,0,2021-03-18 12:25:15+01:00
0,0,0,0,0,0,2021-03-18 12:24:45+01:00
0,1,0,0,0,0,2021-03-18 14:41:32+01:00
0,1,0,0,0,0,2021-03-18 14:46:29+01:00
0,0,0,0,0,0,2021-03-18 14:46:58+01:00
0,0,0,0,0,0,2021-03-18 14:47:24+01:00
0,0,0,0,0,0,2021-03-18 14:48:00+01:00
0,0,0,0,0,0,2021-03-19 09:21:40+01:00
0,0,0,0,0,0,2021-03-19 09:26:47+01:00
0,0,0,0,0,0,2021-03-23 23:57:53+01:00
0,0,0,0,0,0,2021-03-24 17:50:13+01:00
0,2,0,0,0,0,2021-03-24 17:54:01+01:00
0,0,0,0,0,0,2021-03-24 17:58:19+01:00
0,0,0,0,0,0,2021-03-24 18:10:12+01:00
0,0,0,0,0,0,2021-03-24 21:24:38+01:00
0,0,0,0,0,0,2021-03-25 00:07:07+01:00
0,0,0,0,0,0,2021-03-25 12:37:30+01:00
0,0,0,0,0,0,2021-03-25 12:46:12+01:00
0,0,0,0,0,0,2021-03-25 12:46:33+01:00
0,0,0,0,0,0,2021-03-25 13:47:21+01:00
0,0,0,0,0,0,2021-03-26 12:40:44+01:00
0,0,0,0,0,0,2021-03-26 12:42:03+01:00
0,0,0,0,0,0,2021-03-26 12:43:31+01:00
0,0,0,0,0,0,2021-03-26 12:44:39+01:00
0,0,0,0,0,0,2021-03-26 12:46:25+01:00
0,0,0,0,0,0,2021-03-26 12:46:48+01:00
0,0,0,0,0,0,2021-03-26 12:47:44+01:00
0,0,0,0,0,0,2021-03-31 15:00:32+02:00
0,0,0,0,0,0,2021-03-31 15:14:46+02:00
0,1,0,0,0,0,2021-04-01 10:44:27+02:00
0,0,0,0,0,0,2021-04-29 23:23:59+02:00
0,0,0,0,0,0,2022-05-03 13:55:50+02:00
0,0,0,0,0,0,2022-05-04 15:38:18+02:00
0,0,0,0,0,0,2022-05-04 15:39:01+02:00
0,0,0,0,0,0,2022-05-04 15:39:27+02:00
0,0,0,0,0,0,2022-05-04 15:41:01+02:00
0,0,0,0,0,0,2022-05-04 16:26:35+02:00
0,0,0,0,0,0,2022-05-05 09:23:41+02:00
0,0,0,0,0,0,2022-05-05 10:23:41+02:00
0,0,0,0,0,0,2022-05-05 10:31:45+02:00
0,0,0,0,0,0,2022-05-05 11:20:39+02:00
0,0,0,0,0,0,2022-05-05 11:32:45+02:00
0,0,0,0,0,0,2022-05-05 13:07:24+02:00
0,0,0,0,0,0,2022-05-05 14:04:12+02:00
0,0,0,0,0,0,2022-05-05 14:33:11+02:00
0,0,0,0,0,0,2022-05-05 14:49:45+02:00
0,0,0,0,0,0,2022-05-05 16:06:09+02:00
0,0,0,0,0,0,2022-05-05 14:08:04+00:00
0,0,0,0,0,0,2022-05-05 16:14:50+02:00
0,0,0,0,0,0,2022-05-05 15:19:27+00:00
0,0,0,0,0,0,2022-05-05 22:40:32+00:00
0,0,0,0,0,0,2022-05-05 22:40:35+00:00
0,0,0,0,0,0,2022-05-05 22:40:40+00:00
0,0,0,0,0,0,2022-05-06 08:10:40+02:00
0,0,0,0,0,0,2022-05-06 06:11:13+00:00
0,0,0,0,0,0,2022-05-06 08:11:25+02:00
0,0,0,0,0,0,2022-05-06 08:13:00+02:00
0,0,0,0,0,0,2022-05-06 08:13:27+02:00
0,0,0,0,0,0,2022-05-06 11:57:44+02:00
0,0,0,0,0,0,2022-05-06 09:59:37+00:00
0,0,0,0,0,0,2022-05-06 10:00:56+00:00
0,0,0,0,0,0,2022-05-06 12:05:14+02:00
0,0,0,0,0,0,2022-05-06 10:09:49+00:00
0,0,0,0,0,0,2022-05-06 13:04:50+02:00
0,0,0,0,0,0,2022-05-06 13:05:06+02:00
0,0,0,0,0,0,2022-05-07 11:58:30+02:00
0,0,0,0,0,0,2022-05-06 22:30:05+00:00
0,0,0,0,0,0,2022-05-06 10:04:23+00:00
0,0,0,0,0,0,2022-05-05 14:16:58+00:00
0,0,0,0,0,0,2022-05-06 22:29:06+00:00
0,0,0,0,0,0,2022-05-09 22:51:14+00:00
0,0,0,0,0,0,2022-05-10 05:46:39+00:00
