Acquisition,Preparation,Modeling,Training,Evaluation,Prediction,time
0,0,0,0,0,0,2020-09-05 17:12:41-07:00
0,0,0,0,0,0,2020-09-05 18:16:17-07:00
0,0,0,0,0,0,2020-09-05 18:18:23-07:00
0,0,0,0,0,0,2020-09-05 21:11:27-07:00
0,0,0,0,0,0,2020-09-05 21:11:38-07:00
0,3,0,0,2,0,2020-09-05 21:12:53-07:00
0,2,0,0,0,0,2020-09-05 21:13:09-07:00
0,0,0,0,0,0,2020-09-05 21:13:29-07:00
0,0,0,0,0,0,2020-09-05 21:15:06-07:00
0,0,0,0,0,0,2020-09-05 21:24:42-07:00
0,0,0,0,0,0,2020-09-06 00:07:01-07:00
0,0,0,0,0,0,2020-09-06 00:07:38-07:00
0,0,0,0,0,0,2020-09-06 00:08:06-07:00
0,0,0,0,0,0,2020-09-06 00:15:21-07:00
0,0,0,0,0,0,2020-09-06 00:35:07-07:00
0,0,0,0,0,0,2020-09-06 00:35:39-07:00
0,0,0,0,0,0,2020-09-06 00:55:43-07:00
0,0,0,0,0,0,2020-09-06 01:20:01-07:00
0,1,0,0,0,0,2020-09-08 02:01:01-07:00
0,1,0,0,1,0,2020-09-10 02:33:54-04:00
0,1,0,0,1,0,2020-09-10 03:00:36-04:00
0,1,0,0,1,0,2020-09-12 21:49:21-07:00
0,1,0,0,1,0,2020-09-13 01:00:25-07:00
0,1,0,0,0,0,2020-09-13 01:01:09-07:00
0,0,0,0,0,0,2020-09-13 01:01:28-07:00
0,1,0,0,1,0,2020-09-13 01:15:55-07:00
0,1,0,0,1,0,2020-10-27 21:33:14-04:00
0,1,0,1,0,1,2020-10-29 00:47:37-04:00
0,0,0,0,0,0,2020-10-29 21:33:02-04:00
0,0,0,0,0,0,2020-10-30 01:41:40-07:00
0,0,0,0,0,0,2020-11-06 00:59:21-08:00
0,0,0,0,0,0,2020-11-06 01:00:00-08:00
0,0,0,0,0,0,2020-11-06 01:00:25-08:00
0,1,0,0,1,0,2020-11-06 01:01:13-08:00
0,1,0,0,0,0,2020-11-06 01:01:45-08:00
0,0,0,0,0,0,2020-11-15 16:48:57-05:00
0,0,0,0,0,0,2020-11-15 16:49:38-05:00
0,5,1,0,3,0,2020-11-28 14:13:40-05:00
0,0,0,0,0,0,2020-11-28 17:07:27-05:00
0,0,0,0,0,0,2020-11-28 15:12:25-08:00
0,0,0,0,0,0,2020-11-28 15:15:25-08:00
0,0,0,0,0,0,2020-11-28 15:15:29-08:00
0,0,0,0,0,0,2020-11-28 16:05:25-08:00
0,0,0,0,0,0,2020-11-28 19:23:50-05:00
0,0,0,0,0,0,2020-11-28 19:23:55-05:00
0,0,0,0,0,0,2020-11-28 16:24:30-08:00
0,0,0,0,0,0,2020-11-28 16:24:38-08:00
0,0,0,0,0,0,2020-11-28 19:29:17-05:00
0,0,0,0,0,0,2020-11-28 19:29:23-05:00
1,0,0,0,0,0,2020-11-28 19:30:55-05:00
0,0,0,0,0,0,2020-11-28 19:31:08-05:00
0,0,0,0,0,0,2020-11-28 19:35:13-05:00
0,0,0,0,0,0,2020-11-28 16:50:29-08:00
0,0,0,0,0,0,2020-11-28 19:54:50-05:00
0,0,0,0,0,0,2020-11-28 20:04:27-05:00
0,0,0,0,0,0,2020-11-28 20:05:24-05:00
0,0,0,0,0,0,2020-11-28 20:08:03-05:00
0,0,0,0,0,0,2020-11-28 20:15:21-05:00
0,0,0,0,0,0,2020-11-28 21:15:32-05:00
0,0,0,0,0,0,2020-11-28 21:30:08-05:00
1,0,0,0,0,0,2020-11-28 21:42:16-05:00
0,0,0,0,0,0,2020-11-28 21:42:36-05:00
0,0,0,0,0,0,2020-11-28 23:10:02-08:00
0,0,0,0,0,0,2020-11-28 23:11:15-08:00
0,0,0,0,0,0,2020-11-28 23:23:58-08:00
0,0,0,0,0,0,2020-12-04 09:19:47-08:00
0,0,0,0,0,0,2020-12-04 09:29:45-08:00
0,0,0,0,0,0,2020-12-04 09:50:19-08:00
0,0,0,0,0,0,2020-12-04 14:36:37-05:00
0,0,0,0,0,0,2020-12-04 14:36:51-05:00
0,1,0,0,0,0,2020-12-04 13:09:59-08:00
0,0,0,0,0,0,2020-12-04 20:20:11-05:00
0,0,0,0,0,0,2020-12-04 21:08:44-05:00
0,0,0,0,0,0,2020-12-04 18:12:16-08:00
0,0,0,0,0,0,2020-12-04 18:14:40-08:00
0,1,0,0,0,0,2020-12-04 19:02:27-08:00
0,0,0,0,0,0,2020-12-04 19:03:00-08:00
0,0,0,0,0,0,2020-12-05 14:03:11-05:00
0,0,0,0,0,0,2020-12-05 12:48:08-08:00
0,1,0,0,0,0,2020-12-05 12:49:13-08:00
0,0,0,0,0,0,2020-12-05 15:53:31-05:00
0,0,0,0,0,0,2020-12-05 15:55:43-05:00
0,0,0,0,0,0,2020-12-05 17:11:21-05:00
0,1,0,0,0,0,2020-12-05 19:01:53-05:00
0,0,0,0,0,0,2020-12-05 19:05:50-05:00
0,1,0,0,0,0,2020-12-05 19:12:37-05:00
0,1,0,0,0,0,2020-12-05 19:13:23-05:00
0,1,0,1,0,1,2020-12-05 19:16:30-05:00
0,1,0,0,1,0,2020-12-05 19:23:24-05:00
0,1,0,0,1,0,2020-12-05 19:24:05-05:00
0,0,0,0,0,0,2020-12-05 17:02:27-08:00
0,1,0,0,0,0,2020-12-05 20:42:58-05:00
0,0,0,0,0,0,2020-12-05 20:44:48-05:00
0,0,0,0,0,0,2020-12-05 20:46:15-05:00
0,0,0,0,0,0,2020-12-05 18:23:13-08:00
0,1,0,0,0,0,2020-12-05 23:04:31-05:00
0,1,0,0,0,0,2020-12-05 23:21:57-05:00
0,1,0,0,0,0,2020-12-05 23:23:16-05:00
0,1,0,0,1,0,2020-12-05 20:50:08-08:00
0,5,1,1,1,2,2020-12-06 00:49:45-05:00
0,0,0,0,0,0,2020-12-06 00:50:06-05:00
0,0,0,0,0,0,2020-12-06 01:27:34-05:00
0,0,0,0,0,0,2020-12-05 22:28:59-08:00
0,0,0,0,0,0,2020-12-06 01:34:35-05:00
0,0,0,0,0,0,2020-12-06 01:35:41-05:00
0,0,0,0,0,0,2020-12-06 01:36:26-05:00
0,0,0,0,0,0,2020-12-06 01:39:56-05:00
0,0,0,0,0,0,2020-12-06 01:40:17-05:00
0,0,0,0,0,0,2020-12-06 01:59:51-08:00
0,1,0,0,0,0,2020-12-06 02:12:27-08:00
0,0,0,0,0,0,2020-12-06 11:26:00-05:00
0,1,0,0,0,0,2020-12-06 11:57:41-05:00
0,1,0,0,0,0,2020-12-06 12:02:02-05:00
0,9,1,1,2,2,2020-12-06 14:50:24-05:00
0,0,0,0,0,0,2020-12-06 15:45:12-05:00
0,0,0,0,0,0,2020-12-06 16:30:55-05:00
0,0,0,0,0,0,2020-12-06 15:21:59-08:00
0,0,0,0,0,0,2020-12-18 18:50:41-08:00
0,0,0,0,0,0,2021-02-25 21:13:50-08:00
0,0,0,0,0,0,2021-03-14 00:18:48-08:00
0,7,0,0,0,1,2021-03-20 17:15:15-07:00
0,0,0,0,0,0,2021-04-10 13:16:27-07:00
0,0,0,0,0,0,2021-06-24 19:57:54-04:00
0,5,0,0,1,0,2021-06-24 20:11:44-04:00
0,6,1,1,1,2,2021-06-24 20:59:15-04:00
0,0,0,0,0,0,2021-06-29 13:32:02-04:00
0,1,0,0,0,0,2021-06-29 14:56:08-04:00
0,6,1,1,0,3,2021-07-11 03:41:34-04:00
0,9,1,1,0,3,2021-08-20 15:55:52+09:00
0,7,1,1,1,2,2021-09-13 01:18:14-04:00
0,1,0,0,0,0,2021-09-12 22:40:17-07:00
0,9,1,1,1,3,2021-09-18 12:20:10-07:00
0,3,0,0,0,0,2021-09-18 14:22:04-07:00
1,0,0,0,0,0,2021-09-18 14:28:53-07:00
0,1,0,0,0,0,2021-09-19 13:54:28-07:00
0,0,0,0,0,0,2021-09-19 14:41:20-07:00
1,0,0,0,0,0,2021-09-19 15:25:13-07:00
0,0,0,0,0,0,2021-09-22 00:57:59-04:00
