Acquisition,Preparation,Modeling,Training,Evaluation,Prediction,time
0,0,0,0,0,0,2019-04-11 15:08:37-04:00
4,37,9,21,8,17,2019-04-12 01:35:50-04:00
3,6,0,2,2,2,2019-04-12 10:13:22-04:00
0,0,0,0,0,0,2019-04-12 10:28:41-04:00
0,0,0,0,0,0,2019-04-12 11:36:31-04:00
0,0,0,0,0,0,2019-04-12 09:27:15-07:00
0,0,0,0,0,0,2019-04-12 13:22:52-04:00
0,0,0,0,0,0,2019-04-12 14:34:06-04:00
0,0,0,0,0,0,2019-04-12 16:53:24-04:00
0,4,0,4,0,0,2019-04-14 00:33:52-04:00
0,3,1,2,1,2,2019-04-14 21:19:25-04:00
0,1,0,1,0,1,2019-04-15 09:29:52-04:00
0,2,1,2,0,0,2019-04-15 16:19:48-04:00
0,14,1,10,1,3,2019-04-16 22:33:11-04:00
0,0,0,0,0,0,2019-04-16 22:38:26-04:00
0,0,0,0,0,0,2019-04-17 00:14:19-04:00
0,2,0,0,0,0,2019-04-17 12:48:07-07:00
0,2,0,0,0,0,2019-04-17 13:59:44-07:00
0,0,0,0,0,0,2019-04-17 17:08:29-04:00
1,1,0,0,0,0,2019-04-17 17:36:11-04:00
0,0,0,0,0,0,2019-04-17 14:51:15-07:00
0,0,0,0,0,0,2019-04-17 14:54:00-07:00
0,0,0,0,0,0,2019-04-17 15:14:16-07:00
0,1,0,0,0,0,2019-04-17 21:51:55-07:00
0,1,0,0,0,0,2019-04-17 21:57:57-07:00
0,1,0,0,0,0,2019-04-18 12:10:57-04:00
0,0,0,0,0,0,2019-04-19 12:37:27-04:00
1,6,1,3,0,4,2019-04-22 14:10:03-04:00
0,0,0,0,0,0,2019-04-22 14:14:44-04:00
0,0,0,0,0,0,2019-04-22 14:15:00-04:00
0,1,0,0,1,0,2019-04-23 11:52:42-04:00
0,1,1,1,1,1,2019-04-23 11:55:55-04:00
0,1,0,1,0,1,2019-04-23 12:15:42-04:00
0,5,1,3,0,3,2019-04-23 14:52:42-04:00
0,1,0,0,1,0,2019-04-24 07:59:57-04:00
0,4,1,3,0,3,2019-04-24 09:14:07-04:00
0,2,0,1,1,1,2019-04-24 10:06:09-04:00
0,1,0,0,1,0,2019-04-24 10:10:48-04:00
1,1,0,0,0,0,2019-04-24 10:18:17-04:00
1,1,0,0,0,0,2019-04-24 10:29:10-04:00
1,2,0,1,0,0,2019-04-24 10:43:31-04:00
1,2,0,1,0,0,2019-04-24 10:44:20-04:00
0,1,1,0,0,1,2019-04-24 10:51:27-04:00
0,1,0,1,0,1,2019-04-24 10:53:09-04:00
0,0,0,0,0,0,2019-04-24 10:53:34-04:00
0,1,0,1,0,1,2019-04-24 10:54:40-04:00
0,1,0,1,0,1,2019-04-24 11:00:41-04:00
0,2,0,0,1,1,2019-04-25 01:19:25-04:00
0,0,0,0,0,0,2019-04-25 01:19:35-04:00
0,2,0,1,1,1,2019-04-25 11:48:15-04:00
0,3,0,1,0,1,2019-04-25 11:39:08+02:00
0,0,0,0,0,0,2019-04-25 10:50:36-07:00
0,1,0,1,0,1,2019-04-27 12:01:13-04:00
0,1,0,1,0,1,2019-04-27 12:04:45-04:00
0,1,0,1,0,1,2019-04-27 12:16:56-04:00
0,0,0,0,0,0,2019-04-27 12:27:12-04:00
0,0,0,0,0,0,2019-04-27 12:55:27-04:00
1,7,1,3,1,3,2019-04-27 13:38:39-04:00
0,0,0,0,0,0,2019-04-27 13:49:46-04:00
1,7,1,3,1,3,2019-04-29 10:42:01-04:00
0,7,0,4,1,5,2019-04-29 17:42:38+02:00
0,0,0,0,0,0,2019-05-09 10:28:23-07:00
0,0,0,0,0,0,2019-05-09 12:30:45-07:00
0,0,0,0,0,0,2019-05-09 12:32:15-07:00
0,1,0,1,0,1,2019-05-10 11:56:21-07:00
0,1,0,1,0,1,2019-05-13 10:21:04-07:00
0,0,0,0,0,0,2019-05-13 10:27:46-07:00
1,3,1,1,0,1,2019-05-08 13:29:16-04:00
0,0,0,0,0,0,2019-05-13 10:36:51-07:00
0,0,0,0,0,0,2019-05-13 16:32:42-04:00
0,2,0,1,0,2,2019-05-14 11:19:30-04:00
0,0,0,0,0,0,2019-05-15 00:36:27-04:00
0,0,0,0,0,0,2019-05-15 00:43:40-04:00
0,0,0,0,0,0,2019-05-15 09:39:04-04:00
0,0,0,0,0,0,2019-05-15 10:51:23-07:00
0,0,0,0,0,0,2019-05-15 10:52:06-07:00
0,0,0,0,0,0,2019-05-15 11:23:49-07:00
0,0,0,0,0,0,2019-05-15 14:26:18-04:00
0,1,0,1,0,1,2019-05-15 12:27:13-07:00
0,3,0,3,0,3,2019-05-15 12:51:47-07:00
0,0,0,0,0,0,2019-05-15 12:52:55-07:00
0,1,0,1,0,1,2019-05-15 17:26:48-04:00
0,1,0,0,0,0,2019-05-15 19:25:04-04:00
0,0,0,0,0,0,2019-05-15 19:29:53-04:00
0,1,0,0,0,0,2019-05-15 19:40:30-04:00
0,0,0,0,0,0,2019-05-15 19:41:51-04:00
0,1,0,0,0,0,2019-05-15 19:53:42-04:00
0,0,0,0,0,0,2019-05-15 19:54:13-04:00
0,1,0,0,0,0,2019-05-15 20:01:50-04:00
0,0,0,0,0,0,2019-05-15 20:02:41-04:00
0,1,0,0,0,0,2019-05-15 21:21:29-04:00
0,1,0,0,0,0,2019-05-15 22:42:34-04:00
0,0,0,0,0,0,2019-05-15 23:04:26-04:00
1,1,0,0,0,0,2019-05-16 15:14:58-04:00
0,0,0,0,0,0,2019-05-21 18:42:25-04:00
1,2,0,2,0,2,2019-05-23 22:58:11-07:00
4,48,8,26,6,24,2019-05-24 10:16:31-07:00
2,21,1,10,1,6,2019-05-24 10:23:46-07:00
2,9,1,1,0,1,2019-05-24 10:57:50-07:00
1,0,0,0,0,0,2019-05-24 11:25:00-07:00
0,0,0,0,0,0,2019-05-24 11:36:54-07:00
3,29,1,16,1,10,2019-05-24 12:48:19-07:00
0,0,0,0,0,0,2019-05-24 12:48:45-07:00
0,8,0,6,1,2,2019-05-24 00:37:14-04:00
0,8,0,6,1,1,2019-05-25 00:42:48-04:00
0,1,0,1,0,1,2019-05-28 11:01:18-04:00
1,15,3,11,3,4,2019-05-28 13:10:46-04:00
0,2,0,0,0,0,2019-05-28 12:24:46-07:00
0,0,0,0,0,0,2019-05-28 16:51:59-07:00
0,0,0,0,0,0,2019-05-28 17:07:53-07:00
0,0,0,0,0,0,2019-05-28 17:15:08-07:00
0,0,0,0,0,0,2019-05-28 17:17:24-07:00
0,0,0,0,0,0,2019-05-28 17:22:04-07:00
0,0,0,0,0,0,2019-05-28 17:22:08-07:00
0,0,0,0,0,0,2019-05-28 17:27:29-07:00
1,0,0,0,0,0,2019-05-28 20:22:00-07:00
0,1,0,0,0,1,2019-05-29 10:12:00-04:00
0,3,1,2,0,0,2019-05-29 10:12:26-04:00
0,4,0,3,1,1,2019-05-29 10:12:50-04:00
0,2,0,2,0,2,2019-05-29 10:47:29-04:00
0,0,0,0,0,0,2019-05-29 11:23:33-04:00
0,1,0,0,0,1,2019-05-29 13:34:48-04:00
0,0,0,0,0,0,2019-05-29 11:05:42-07:00
0,0,0,0,0,0,2019-05-29 11:05:52-07:00
0,1,0,1,0,0,2019-05-29 11:26:26-07:00
0,1,0,0,0,1,2019-05-29 15:38:28-04:00
0,1,0,1,0,1,2019-05-30 11:48:27-04:00
0,1,1,1,0,1,2019-05-30 13:20:05-07:00
2,4,1,1,1,1,2019-05-31 12:13:17-07:00
1,1,0,0,1,0,2019-05-31 12:15:14-07:00
0,0,0,0,0,0,2019-06-03 11:56:19-07:00
0,0,0,0,0,0,2019-06-04 10:32:10-07:00
3,27,0,15,1,11,2019-06-04 11:01:41-07:00
1,8,0,4,1,1,2019-06-04 11:08:18-07:00
0,1,0,0,0,1,2019-06-04 11:58:08-07:00
0,1,0,1,0,1,2019-06-04 16:00:54-04:00
0,0,0,0,0,0,2019-06-05 15:53:32-04:00
0,1,0,1,0,1,2019-06-05 16:04:11-04:00
0,1,0,1,0,1,2019-06-05 17:49:37-04:00
1,1,0,0,1,0,2019-06-05 16:40:01-07:00
1,1,0,0,1,0,2019-06-05 16:57:15-07:00
0,1,0,0,1,0,2019-06-05 17:00:55-07:00
1,1,0,0,1,0,2019-06-05 17:12:34-07:00
1,2,0,1,1,0,2019-06-05 17:19:06-07:00
1,1,0,0,1,0,2019-06-05 18:06:35-07:00
0,1,0,0,1,0,2019-06-05 18:53:52-07:00
0,1,0,1,0,1,2019-06-05 18:58:58-07:00
0,2,1,1,2,1,2019-06-05 19:50:38-07:00
0,1,0,1,0,1,2019-06-05 20:18:49-07:00
0,1,0,0,1,0,2019-06-05 20:43:12-07:00
0,0,0,0,0,0,2019-06-05 20:43:32-07:00
0,0,0,0,0,0,2019-06-05 20:44:11-07:00
0,2,1,2,1,2,2019-06-06 00:54:42-04:00
0,0,0,0,0,0,2019-06-06 00:55:19-04:00
0,1,0,0,0,0,2019-06-06 07:31:49-04:00
0,1,0,0,0,0,2019-06-06 12:17:53-04:00
0,1,0,0,0,0,2019-06-06 12:35:48-04:00
0,0,0,0,0,0,2019-06-06 09:38:50-07:00
0,2,1,2,1,2,2019-06-06 14:04:31-04:00
0,0,0,0,0,0,2019-06-06 14:05:51-04:00
0,1,0,0,0,0,2019-06-06 14:25:53-04:00
0,0,0,0,0,0,2019-06-06 14:31:03-04:00
0,1,0,0,0,0,2019-06-06 14:35:46-04:00
0,0,0,0,0,0,2019-06-06 14:55:59-04:00
0,1,0,1,0,1,2019-06-06 16:20:29-04:00
0,1,0,1,0,1,2019-06-06 16:33:56-04:00
0,0,0,0,0,0,2019-06-07 11:54:37-07:00
2,5,0,1,0,0,2019-06-07 16:29:29-04:00
0,2,0,1,0,0,2019-06-07 16:31:28-04:00
0,0,0,0,0,0,2019-06-07 16:33:11-04:00
1,3,0,0,0,0,2019-06-07 16:51:34-04:00
1,1,0,0,0,0,2019-06-07 16:54:58-04:00
0,1,0,1,0,1,2019-06-07 17:14:07-04:00
0,2,0,2,0,1,2019-06-07 17:19:34-04:00
2,3,0,1,0,1,2019-06-07 17:29:23-04:00
0,0,0,0,0,0,2019-06-10 10:00:43-04:00
0,1,0,1,0,0,2019-06-10 11:14:18-04:00
0,1,0,1,0,1,2019-06-10 12:14:00-04:00
1,1,0,0,0,0,2019-06-10 12:47:19-04:00
0,1,0,1,0,1,2019-06-10 12:50:03-04:00
0,0,0,0,0,0,2019-06-10 12:56:20-04:00
0,0,0,0,0,0,2019-06-10 12:56:28-04:00
0,0,0,0,0,0,2019-06-10 10:09:35-07:00
1,7,0,3,0,3,2019-06-10 11:47:56-07:00
0,2,0,2,0,2,2019-06-10 18:38:36-04:00
0,1,0,1,0,1,2019-06-10 18:42:46-04:00
0,1,0,1,0,1,2019-06-10 18:51:07-04:00
1,7,0,4,0,4,2019-06-10 16:07:14-07:00
0,1,0,1,0,1,2019-06-10 19:16:41-04:00
0,1,0,1,0,1,2019-06-11 10:07:06-04:00
0,1,0,1,0,1,2019-06-11 10:45:54-04:00
0,0,0,0,0,0,2019-06-11 10:50:21-04:00
0,0,0,0,0,0,2019-06-11 11:19:01-04:00
0,0,0,0,0,0,2019-06-11 12:12:17-04:00
0,0,0,0,0,0,2019-06-11 12:14:48-04:00
0,0,0,0,0,0,2019-06-11 10:17:04-07:00
0,0,0,0,0,0,2019-06-12 00:31:15-04:00
1,0,0,0,0,0,2019-06-12 01:21:48-04:00
0,1,0,1,0,1,2019-06-12 01:32:31-04:00
1,0,0,0,0,0,2019-06-12 11:25:28-04:00
0,0,0,0,0,0,2019-06-12 09:32:36-07:00
0,0,0,0,0,0,2019-06-12 10:50:28-07:00
0,0,0,0,0,0,2019-06-12 11:18:33-07:00
0,0,0,0,0,0,2019-06-12 15:22:41-07:00
0,2,0,2,0,2,2019-06-13 10:37:03-07:00
0,0,0,0,0,0,2019-06-13 12:48:53-07:00
0,1,0,1,0,1,2019-06-13 01:08:51-04:00
0,1,0,1,0,1,2019-06-13 15:53:28-04:00
0,0,0,0,0,0,2019-06-13 15:55:06-04:00
0,1,0,0,0,0,2019-06-15 12:03:02-04:00
0,0,0,0,0,0,2019-06-15 12:22:33-04:00
1,0,0,0,0,0,2019-06-15 15:30:57-04:00
0,1,0,0,0,0,2019-06-15 21:15:34-04:00
0,1,0,0,0,0,2019-06-15 22:00:10-04:00
0,0,0,0,0,0,2019-06-16 01:59:43-04:00
1,1,0,0,0,0,2019-06-16 13:32:58-04:00
0,1,0,1,0,1,2019-06-16 15:32:44-04:00
0,0,0,0,0,0,2019-06-16 15:32:59-04:00
0,0,0,0,0,0,2019-06-16 22:55:16-04:00
0,1,1,1,1,1,2019-06-16 23:33:32-04:00
0,1,1,1,1,1,2019-06-17 16:39:45-04:00
0,0,0,0,0,0,2019-06-17 16:41:34-04:00
0,1,1,1,1,1,2019-06-17 16:46:28-04:00
0,1,1,1,1,1,2019-06-17 16:46:28-04:00
0,0,0,0,0,0,2019-06-17 20:03:48-04:00
0,0,0,0,0,0,2019-06-17 20:17:28-04:00
0,0,0,0,0,0,2019-06-17 21:06:50-04:00
1,2,0,0,0,0,2019-06-20 14:03:29-04:00
0,0,0,0,0,0,2019-06-20 14:03:34-04:00
0,0,0,0,0,0,2019-06-20 14:07:29-04:00
0,0,0,0,0,0,2019-06-23 13:36:57-04:00
1,1,0,0,0,0,2019-06-25 11:58:25-04:00
0,1,0,0,0,0,2019-07-20 20:25:35-07:00
1,4,0,1,0,0,2019-08-18 14:05:34-04:00
0,1,0,1,0,0,2019-08-19 09:48:49-04:00
0,0,0,0,0,0,2019-08-19 11:02:25-04:00
0,2,0,2,0,2,2019-09-13 19:56:08-04:00
0,1,0,0,0,0,2019-09-16 11:34:09-04:00
0,1,0,1,0,1,2019-09-16 11:48:06-04:00
0,0,0,0,0,0,2019-09-16 11:58:42-04:00
0,1,0,1,0,1,2019-09-19 18:26:15-05:00
0,1,0,1,0,1,2019-09-20 16:52:07-05:00
0,1,0,1,1,1,2019-09-23 13:18:46-05:00
0,1,0,1,1,1,2019-09-23 14:29:38-05:00
0,1,0,1,1,1,2019-09-23 23:58:47+00:00
0,0,0,0,0,0,2019-09-26 11:29:04-04:00
1,2,0,0,0,0,2019-10-02 12:13:16-04:00
0,0,0,0,0,0,2019-10-02 12:56:53-04:00
0,1,0,0,0,0,2019-10-02 17:28:53-04:00
1,2,0,0,0,0,2019-10-02 17:45:52-04:00
1,2,0,0,0,0,2019-10-04 22:51:14-04:00
0,0,0,0,0,0,2019-10-04 22:52:48-04:00
0,0,0,0,0,0,2019-10-08 16:10:43-04:00
1,2,0,0,0,0,2019-10-09 11:20:33-04:00
1,2,0,1,0,0,2019-10-09 14:08:41-04:00
0,0,0,0,0,0,2019-10-09 22:27:33-04:00
0,0,0,0,0,0,2019-10-10 12:09:51-04:00
0,1,0,1,1,1,2019-10-12 08:02:54-04:00
0,1,0,1,0,1,2019-10-29 11:17:04-04:00
0,0,0,0,0,0,2019-10-29 11:21:41-04:00
0,1,0,1,0,1,2019-10-29 17:38:34-04:00
0,1,0,1,1,1,2019-10-30 11:11:50-04:00
0,0,0,0,0,0,2019-10-30 11:36:47-04:00
0,0,0,0,0,0,2019-10-30 13:02:29-04:00
0,0,0,0,0,0,2019-10-30 16:46:53-04:00
0,2,0,2,0,2,2019-11-12 10:34:30-07:00
0,1,0,1,0,1,2019-11-12 10:38:04-07:00
0,1,0,1,0,0,2019-11-12 20:07:07-07:00
1,1,0,1,0,0,2019-11-13 13:45:35-07:00
0,0,0,0,0,0,2019-11-14 08:44:19-05:00
0,3,0,3,0,0,2019-11-14 09:16:20-05:00
0,0,0,0,0,0,2019-11-14 09:25:21-05:00
0,0,0,0,0,0,2019-11-14 09:10:37-07:00
0,1,0,1,0,1,2019-11-14 10:52:02-07:00
0,1,0,1,0,1,2019-11-15 13:17:09-07:00
1,1,0,0,0,0,2019-11-15 13:17:31-07:00
1,1,0,0,0,0,2019-11-15 23:34:25-06:00
0,1,0,1,0,1,2019-11-18 13:32:09-05:00
1,6,0,2,0,2,2019-11-18 12:23:58-07:00
0,0,0,0,0,0,2019-11-18 12:24:12-07:00
1,1,0,0,0,0,2019-11-18 14:32:35-06:00
0,2,1,1,0,2,2019-11-18 14:55:12-07:00
0,3,0,0,0,0,2019-11-18 14:55:32-07:00
0,0,0,0,0,0,2019-11-18 17:04:48-05:00
0,1,0,1,0,1,2019-11-18 18:44:11-05:00
0,0,0,0,0,0,2019-11-18 23:58:44-05:00
0,0,0,0,0,0,2019-11-19 10:31:05-05:00
1,1,0,0,0,0,2019-11-19 12:32:13-05:00
0,0,0,0,0,0,2019-11-19 15:05:15-05:00
0,0,0,0,0,0,2019-11-19 15:45:37-05:00
0,0,0,0,0,0,2019-11-20 10:19:56-05:00
2,10,0,5,0,1,2019-11-20 10:21:59-05:00
1,1,0,0,0,0,2019-11-20 11:29:02-05:00
2,8,0,6,0,6,2019-11-20 14:11:20-05:00
0,0,0,0,0,0,2019-11-20 14:24:54-05:00
0,0,0,0,0,0,2019-11-21 02:32:01-05:00
0,0,0,0,0,0,2019-11-21 09:22:12-05:00
0,0,0,0,0,0,2019-11-21 09:36:37-05:00
0,1,0,1,0,1,2019-11-19 14:57:37-05:00
0,2,1,2,1,2,2019-11-19 15:57:38-05:00
0,0,0,0,0,0,2019-11-21 09:25:54-07:00
0,0,0,0,0,0,2019-11-21 11:30:16-05:00
1,2,0,0,0,0,2019-11-21 11:43:47-05:00
0,0,0,0,0,0,2019-11-21 12:29:35-05:00
0,0,0,0,0,0,2019-11-21 12:30:28-05:00
0,2,1,2,1,2,2019-11-22 01:03:51-05:00
1,1,0,0,0,0,2019-11-22 08:18:21-07:00
0,0,0,0,0,0,2019-11-25 10:22:41-05:00
0,1,0,1,0,0,2019-11-25 12:23:44-07:00
0,0,0,0,0,0,2019-11-25 14:26:11-05:00
2,1,0,0,0,0,2019-11-25 16:14:26-05:00
0,0,0,0,0,0,2019-11-25 16:27:46-05:00
1,2,2,1,1,1,2019-11-25 16:37:30-07:00
0,0,0,0,0,0,2019-11-25 16:49:49-07:00
0,0,0,0,0,0,2019-11-25 20:40:42-05:00
0,1,1,1,1,1,2019-11-25 18:52:51-07:00
0,0,0,0,0,0,2019-11-25 18:53:52-07:00
0,0,0,0,0,0,2019-11-25 21:00:02-05:00
0,0,0,0,0,0,2019-11-25 22:19:39-05:00
1,1,0,0,0,0,2019-11-25 22:43:49-05:00
0,1,0,0,0,1,2019-11-25 23:02:28-05:00
0,0,0,0,0,0,2019-11-26 09:54:06-05:00
1,5,2,1,1,1,2019-11-26 10:32:21-07:00
1,1,0,0,0,0,2019-11-29 07:51:20-05:00
0,1,0,1,0,1,2019-12-05 14:35:22-07:00
0,1,0,1,0,1,2019-12-05 14:36:19-07:00
1,1,0,0,0,0,2019-12-09 15:53:17-07:00
0,0,0,0,0,0,2019-12-10 11:59:16-05:00
1,3,0,2,0,2,2019-12-10 10:50:35-07:00
1,1,0,0,0,0,2019-12-10 11:20:06-07:00
0,0,0,0,0,0,2019-12-10 13:35:44-05:00
0,2,1,1,0,2,2019-12-11 11:19:15-07:00
0,1,1,0,0,1,2019-12-11 12:35:30-07:00
1,1,0,0,0,0,2019-12-12 15:05:27-07:00
0,2,0,2,0,1,2019-12-16 11:21:37-07:00
0,0,0,0,0,0,2019-12-23 11:39:57-05:00
0,1,0,1,0,1,2020-01-08 09:08:59-06:00
0,0,0,0,0,0,2020-01-08 14:34:45-05:00
0,0,0,0,0,0,2020-01-08 17:36:20-05:00
0,0,0,0,0,0,2020-01-09 10:33:15-06:00
0,0,0,0,0,0,2020-01-09 10:58:38-07:00
0,2,1,2,0,1,2020-01-09 15:22:37-07:00
0,0,0,0,0,0,2020-01-09 19:25:35-05:00
0,0,0,0,0,0,2020-01-09 19:26:19-05:00
3,5,1,3,0,3,2020-01-10 10:41:33-07:00
0,1,0,0,0,0,2020-01-11 17:31:24-07:00
0,1,0,0,0,0,2020-01-11 17:46:51-07:00
0,0,0,0,0,0,2020-01-11 17:53:50-07:00
0,1,0,0,0,0,2020-01-11 17:59:34-07:00
0,1,0,0,0,0,2020-01-11 18:54:30-07:00
0,1,0,0,0,0,2020-01-11 19:14:56-07:00
4,26,1,13,2,10,2020-01-12 10:29:48-07:00
0,0,0,0,0,0,2020-01-12 10:31:59-07:00
0,0,0,0,0,0,2020-01-13 18:43:33-05:00
0,0,0,0,0,0,2020-01-14 09:48:43-07:00
0,0,0,0,0,0,2020-01-14 09:55:23-07:00
0,0,0,0,0,0,2020-01-15 20:44:39-05:00
0,1,0,1,0,1,2020-01-15 20:53:34-05:00
1,15,0,11,0,9,2020-01-15 21:37:36-05:00
4,24,1,12,1,9,2020-01-15 23:40:23-05:00
1,15,0,11,0,9,2020-01-15 23:41:10-05:00
0,0,0,0,0,0,2020-01-16 08:51:09-05:00
0,3,0,3,0,3,2020-01-15 21:49:00-05:00
0,0,0,0,0,0,2020-01-16 08:58:54-05:00
0,0,0,0,0,0,2020-01-16 10:48:48-05:00
1,1,0,0,0,0,2020-01-16 11:05:05-05:00
0,0,0,0,0,0,2020-01-16 11:05:34-05:00
0,2,0,0,0,0,2020-01-16 11:19:45-05:00
0,1,0,0,0,0,2020-01-16 11:24:35-05:00
0,0,0,0,0,0,2020-01-16 11:38:26-05:00
0,0,0,0,0,0,2020-01-16 11:38:39-05:00
0,0,0,0,0,0,2020-01-16 11:40:44-05:00
0,1,0,0,0,0,2020-01-16 11:52:28-05:00
0,1,0,1,0,1,2020-01-16 11:59:56-05:00
1,1,1,0,0,0,2020-01-16 10:27:48-07:00
0,0,0,0,0,0,2020-01-16 17:12:02-05:00
2,1,0,0,0,0,2020-01-16 20:07:50-05:00
0,0,0,0,0,0,2020-01-17 00:31:02-05:00
0,1,0,0,0,0,2020-01-17 17:10:41-05:00
1,0,0,0,0,0,2020-01-18 20:23:24-05:00
0,1,0,1,0,0,2020-01-22 10:38:09-05:00
0,2,1,2,0,1,2020-01-22 11:11:17-07:00
0,1,0,1,0,0,2020-01-22 11:12:21-07:00
0,0,0,0,0,0,2020-01-31 14:52:08-05:00
1,1,1,0,0,0,2020-02-11 13:53:49-07:00
0,0,0,0,0,0,2020-02-11 15:56:51-05:00
1,2,1,2,0,1,2020-03-27 13:02:10-04:00
0,0,0,0,0,0,2020-04-21 09:34:03-04:00
0,0,0,0,0,0,2020-04-21 10:06:44-04:00
1,1,0,0,0,0,2020-05-03 17:47:47-04:00
3,1,0,0,0,0,2020-05-06 17:19:45-04:00
1,1,0,0,0,0,2020-05-06 17:21:04-04:00
1,1,0,0,0,0,2020-05-07 07:42:27-04:00
2,1,0,0,0,0,2020-05-11 08:22:08-04:00
2,2,0,0,0,0,2020-05-12 16:25:14-04:00
3,2,0,0,0,0,2020-05-13 14:54:20-04:00
0,1,0,0,0,0,2020-05-13 15:59:44-04:00
0,0,0,0,0,0,2020-05-13 16:13:56-04:00
0,1,0,0,0,0,2020-05-19 16:30:09-04:00
0,4,0,2,1,2,2020-05-19 16:11:22-06:00
0,0,0,0,0,0,2020-05-19 16:11:44-06:00
0,1,0,1,0,1,2020-05-20 15:38:58-04:00
0,0,0,0,0,0,2020-05-20 17:24:47-04:00
0,1,0,1,0,1,2020-05-20 17:50:02-04:00
1,2,1,3,0,1,2020-05-21 10:01:33-04:00
0,1,0,1,0,0,2020-05-21 11:44:43-04:00
0,0,0,0,0,0,2020-05-21 11:47:05-04:00
0,0,0,0,0,0,2020-05-19 16:28:37-04:00
0,0,0,0,0,0,2020-05-19 16:29:33-04:00
3,7,1,5,1,3,2020-05-20 23:55:52-04:00
1,2,0,3,0,1,2020-05-21 17:45:39-04:00
1,1,0,2,0,0,2020-05-21 18:11:57-04:00
0,1,0,0,0,0,2020-05-22 12:05:18-04:00
0,3,0,2,0,2,2020-05-22 17:21:25-04:00
0,1,0,1,0,1,2020-05-23 09:49:40-04:00
0,1,0,1,0,1,2020-05-23 11:31:41-04:00
0,2,0,1,0,1,2020-05-23 13:28:06-04:00
2,1,0,0,0,0,2020-05-25 11:08:04-04:00
0,2,0,1,0,2,2020-05-25 11:37:12-04:00
0,0,0,0,0,0,2020-05-25 11:46:58-04:00
0,1,0,1,0,1,2020-05-25 12:45:31-04:00
0,1,0,0,0,0,2020-05-25 12:46:17-04:00
0,2,0,2,0,2,2020-05-25 12:59:06-04:00
2,2,0,1,0,0,2020-05-25 13:57:13-04:00
0,0,0,0,0,0,2020-05-25 14:03:16-04:00
0,1,0,1,0,1,2020-05-25 15:55:10-04:00
0,1,0,1,0,1,2020-05-26 13:00:10-04:00
0,0,0,0,0,0,2020-05-26 13:05:10-04:00
5,27,1,12,1,9,2020-05-26 11:22:34-06:00
0,0,0,0,0,0,2020-05-26 11:32:03-06:00
2,14,0,10,0,8,2020-05-26 11:34:53-06:00
0,3,0,3,0,2,2020-05-26 11:45:51-06:00
0,0,0,0,0,0,2020-05-26 15:02:14-04:00
0,2,0,2,0,2,2020-05-27 09:24:45-04:00
0,2,0,0,0,0,2020-05-27 19:08:03-04:00
0,2,0,2,0,2,2020-05-28 00:21:33-04:00
0,2,0,2,0,2,2020-05-28 00:37:45-04:00
0,8,0,6,0,5,2020-05-28 09:59:36-04:00
0,1,0,1,0,1,2020-05-28 13:07:09-04:00
0,2,1,2,0,2,2020-05-28 13:14:56-04:00
0,0,0,0,0,0,2020-05-28 15:34:23-04:00
0,1,0,0,1,0,2020-05-29 08:38:31-04:00
1,0,0,0,0,0,2020-05-29 08:48:47-04:00
0,0,0,0,0,0,2020-05-29 09:43:30-04:00
0,0,0,0,0,0,2020-05-29 10:26:08-04:00
0,1,0,1,0,0,2020-05-29 11:09:49-04:00
6,27,1,12,1,9,2020-05-29 12:44:26-04:00
0,1,0,0,1,0,2020-05-29 12:55:34-04:00
0,2,0,2,0,1,2020-05-29 14:11:02-04:00
0,1,0,1,0,1,2020-06-01 09:50:10-04:00
1,1,0,1,0,1,2020-06-01 15:03:57-05:00
0,0,0,0,0,0,2020-06-02 18:17:23-04:00
0,1,0,1,0,1,2020-06-03 10:35:52-04:00
0,2,1,2,0,1,2020-06-03 11:04:51-04:00
0,0,0,0,0,0,2020-06-05 14:56:49-04:00
0,0,0,0,0,0,2020-06-05 17:21:09-04:00
1,0,0,0,0,0,2020-06-05 18:58:20-04:00
1,1,0,0,0,0,2020-06-09 17:22:45-04:00
0,0,0,0,0,0,2020-06-09 17:35:15-04:00
0,1,1,1,0,1,2020-06-12 10:26:06-04:00
1,0,0,0,0,0,2020-06-12 18:15:08-04:00
1,2,0,0,0,0,2020-06-15 12:37:51-04:00
0,0,0,0,0,0,2020-06-15 12:40:41-04:00
0,1,0,0,1,1,2020-06-23 13:19:25-06:00
1,1,0,0,0,0,2020-06-23 15:46:43-04:00
0,0,0,0,0,0,2020-06-23 15:58:21-04:00
1,0,0,0,0,0,2020-06-23 16:07:06-04:00
0,0,0,0,0,0,2020-06-23 16:08:25-04:00
0,1,0,1,0,1,2020-06-23 20:55:11-04:00
0,0,0,0,0,0,2020-06-24 00:51:10-04:00
1,1,0,0,0,0,2020-06-24 09:40:52-04:00
0,3,0,2,1,3,2020-06-24 14:03:11-06:00
1,1,0,0,0,0,2020-06-24 17:25:47-04:00
1,1,1,0,0,0,2020-06-24 15:36:13-06:00
0,1,0,0,0,0,2020-06-24 17:40:11-04:00
1,0,0,0,0,0,2020-06-24 21:44:07-04:00
1,1,0,0,0,0,2020-06-25 00:12:24-04:00
0,0,0,0,0,0,2020-06-25 09:36:34-04:00
1,0,0,0,0,0,2020-06-25 09:38:15-04:00
1,1,1,0,0,0,2020-06-25 09:49:52-04:00
0,0,0,0,0,0,2020-06-25 10:40:03-04:00
1,0,0,0,0,0,2020-06-25 11:34:53-04:00
0,1,0,1,0,1,2020-06-25 11:27:35-06:00
0,0,0,0,0,0,2020-06-25 15:44:24-04:00
1,0,0,0,0,0,2020-06-25 16:57:02-04:00
1,0,0,0,0,0,2020-06-25 18:11:08-04:00
0,0,0,0,0,0,2020-07-02 10:29:14-04:00
0,2,0,0,0,0,2020-07-10 19:31:46-04:00
0,0,0,0,0,0,2020-07-10 19:32:39-04:00
0,1,0,0,0,0,2020-07-10 19:41:48-04:00
0,0,0,0,0,0,2020-07-12 11:16:11-04:00
0,1,0,1,0,1,2020-07-13 01:03:40-04:00
0,0,0,0,0,0,2020-07-13 09:35:38-04:00
0,2,0,0,0,0,2020-07-13 12:33:11-04:00
0,0,0,0,0,0,2020-07-13 14:04:17-04:00
1,1,0,0,0,0,2020-07-13 20:09:23-04:00
0,1,0,0,0,0,2020-07-14 10:49:27-04:00
0,1,0,0,0,0,2020-07-14 10:54:03-04:00
0,2,0,0,0,0,2020-07-14 11:46:06-04:00
0,0,0,0,0,0,2020-07-14 21:03:41-04:00
0,2,0,0,0,0,2020-07-15 09:42:31-04:00
0,0,0,0,0,0,2020-07-15 09:49:05-04:00
0,1,0,0,0,1,2020-07-15 09:50:54-04:00
0,0,0,0,0,0,2020-07-15 09:57:28-04:00
0,2,0,0,0,0,2020-07-16 16:13:25-04:00
0,1,0,1,0,1,2020-07-19 10:04:53-04:00
1,0,0,0,0,0,2020-07-19 10:05:30-04:00
0,2,0,2,0,2,2020-07-20 15:40:11-06:00
1,1,0,0,0,0,2020-07-21 01:30:49-04:00
0,0,0,0,0,0,2020-07-21 01:30:56-04:00
0,1,0,1,0,1,2020-07-21 19:54:08-04:00
0,1,0,1,0,1,2020-07-22 14:37:10-04:00
0,0,0,0,0,0,2020-07-22 14:55:45-04:00
0,0,0,0,0,0,2020-07-23 16:20:19-06:00
0,0,0,0,0,0,2020-07-23 16:25:31-06:00
0,2,0,2,0,2,2020-07-23 16:25:36-06:00
0,0,0,0,0,0,2020-07-23 16:25:51-06:00
0,1,0,1,0,1,2020-07-23 16:33:30-06:00
0,0,0,0,0,0,2020-07-23 16:35:35-06:00
0,0,0,0,0,0,2020-07-24 09:44:42-04:00
0,1,0,1,0,1,2020-07-28 09:34:50-04:00
1,1,0,1,0,0,2020-07-28 09:56:51-04:00
1,1,0,2,0,0,2020-07-29 14:02:11-04:00
0,1,0,0,0,0,2020-07-30 13:03:16-04:00
0,1,0,0,0,0,2020-07-30 13:09:07-04:00
1,1,0,2,0,0,2020-07-30 13:38:47-04:00
1,2,0,3,0,0,2020-07-30 14:08:37-04:00
0,0,0,0,0,0,2020-07-31 01:53:24-04:00
0,0,0,0,0,0,2020-07-31 01:54:11-04:00
1,1,0,1,0,0,2020-07-31 15:28:14-04:00
1,1,0,2,0,0,2020-07-31 18:13:33-04:00
0,0,0,0,0,0,2020-07-31 19:49:02-04:00
1,2,0,2,0,1,2020-08-07 10:43:09-04:00
5,4,0,6,0,0,2020-08-07 10:53:11-04:00
0,1,0,1,0,1,2020-08-07 10:54:09-04:00
0,0,0,0,0,0,2020-08-07 10:55:10-04:00
1,1,0,1,0,1,2020-08-10 15:36:33-04:00
1,2,0,2,0,1,2020-08-11 13:25:14-04:00
0,1,0,1,0,1,2020-08-11 19:42:31-04:00
0,0,0,0,0,0,2020-08-11 19:45:35-04:00
0,0,0,0,0,0,2020-08-12 11:58:17-04:00
0,0,0,0,0,0,2020-08-12 12:45:44-04:00
0,0,0,0,0,0,2020-08-19 09:02:53-04:00
0,1,0,1,0,1,2020-08-19 08:07:08-06:00
0,0,0,0,0,0,2020-08-19 10:39:01-04:00
1,2,0,1,0,0,2020-08-20 17:29:22-04:00
1,0,0,0,0,0,2020-08-20 17:32:39-04:00
0,0,0,0,0,0,2020-08-20 17:33:34-04:00
0,1,0,1,0,0,2020-08-20 17:59:38-04:00
0,0,0,0,0,0,2020-08-21 09:13:35-04:00
2,2,0,0,0,0,2020-08-28 11:47:52-04:00
2,2,0,0,0,0,2020-08-28 17:51:44-04:00
1,1,0,0,0,0,2020-08-28 18:34:24-04:00
1,1,0,0,0,0,2020-09-01 12:47:28-04:00
0,1,0,0,0,1,2020-09-02 09:31:28-04:00
0,0,0,0,0,0,2020-09-02 09:53:42-04:00
0,0,0,0,0,0,2020-09-02 10:01:07-04:00
0,1,0,0,0,1,2020-09-02 14:01:30-04:00
0,1,0,0,0,1,2020-09-02 15:13:55-04:00
1,0,0,0,0,0,2020-09-02 18:34:00-04:00
1,0,0,0,0,0,2020-09-02 18:36:05-04:00
1,1,0,0,0,0,2020-09-02 20:31:29-04:00
1,1,0,0,0,0,2020-09-04 13:11:21-04:00
1,1,0,0,0,0,2020-09-04 13:11:37-04:00
1,0,0,0,0,0,2020-09-04 13:14:33-04:00
0,0,0,0,0,0,2020-09-04 15:49:44-04:00
0,0,0,0,0,0,2020-09-04 15:51:31-04:00
0,1,0,0,0,0,2020-09-04 16:33:22-04:00
0,1,0,0,0,0,2020-09-04 16:56:16-04:00
1,1,0,0,0,0,2020-09-04 18:55:56-04:00
0,1,0,0,0,0,2020-09-04 19:03:14-04:00
0,0,0,0,0,0,2020-09-04 21:23:38-04:00
1,1,0,0,0,0,2020-09-07 10:27:54-04:00
0,0,0,0,0,0,2020-09-08 10:41:00-04:00
1,2,0,0,0,0,2020-09-08 19:26:31-04:00
1,2,0,0,0,0,2020-09-09 14:00:19-04:00
0,0,0,0,0,0,2020-09-09 15:39:23-04:00
2,2,1,0,0,0,2020-09-25 09:45:38-04:00
1,1,1,0,0,0,2020-09-25 16:46:37-04:00
1,1,1,0,0,0,2020-09-26 12:05:06-04:00
1,1,1,0,0,0,2020-09-28 11:54:59-04:00
0,0,0,0,0,0,2020-09-28 12:20:50-04:00
1,1,0,0,0,0,2020-10-01 14:00:06-04:00
0,1,0,1,0,1,2020-10-02 11:55:17-04:00
0,0,0,0,0,0,2020-10-02 13:06:17-04:00
1,1,0,0,0,0,2020-10-05 13:04:26-04:00
1,1,0,0,0,0,2020-10-05 13:09:44-04:00
1,0,0,0,0,0,2020-10-05 13:10:21-04:00
1,2,0,2,0,1,2020-10-05 17:36:53-04:00
0,0,0,0,0,0,2020-10-05 18:03:20-04:00
0,0,0,0,0,0,2020-10-05 18:03:54-04:00
1,2,0,0,0,0,2020-10-06 10:00:41-04:00
0,0,0,0,0,0,2020-10-06 10:22:50-04:00
0,1,0,1,0,1,2020-10-06 12:10:53-04:00
0,0,0,0,0,0,2020-10-07 00:26:42-04:00
1,2,0,2,0,1,2020-10-07 12:39:22-04:00
0,1,0,1,0,1,2020-10-09 13:31:26-04:00
0,0,0,0,0,0,2020-10-09 21:06:02-04:00
0,0,0,0,0,0,2020-10-09 21:06:25-04:00
1,0,0,0,0,0,2020-10-13 09:50:59-04:00
1,0,0,0,0,0,2020-10-13 09:52:10-04:00
2,1,1,0,0,0,2020-10-13 12:03:59-04:00
0,0,0,0,0,0,2020-10-13 12:54:54-04:00
1,0,0,0,0,0,2020-10-13 14:04:34-04:00
0,1,0,1,0,1,2020-10-13 14:53:58-04:00
0,0,0,0,0,0,2020-10-13 14:58:04-04:00
0,1,0,1,0,1,2020-10-13 20:59:37-04:00
0,1,0,1,0,0,2020-10-13 22:10:39-04:00
0,1,0,1,0,1,2020-10-14 11:27:32-04:00
1,1,1,0,0,0,2020-10-15 01:17:49-04:00
0,0,0,0,0,0,2020-10-15 09:52:44-04:00
2,2,1,0,0,0,2020-10-15 12:20:15-04:00
0,0,0,0,0,0,2020-10-15 13:01:13-04:00
0,1,0,1,0,0,2020-10-16 15:40:08-04:00
0,1,0,1,0,0,2020-10-17 12:14:52-04:00
0,1,0,0,0,0,2020-10-15 19:54:02-04:00
0,1,0,0,0,0,2020-10-16 16:44:18-04:00
0,1,0,0,0,0,2020-10-16 17:14:23-04:00
1,0,0,0,0,0,2020-10-16 18:07:15-04:00
0,0,0,0,0,0,2020-10-17 12:23:07-04:00
0,1,0,0,0,0,2020-10-20 10:27:38-04:00
0,2,0,1,0,0,2020-10-20 13:30:45-04:00
0,2,0,1,0,0,2020-10-21 18:06:00-04:00
0,1,0,1,0,0,2020-10-21 18:16:32-04:00
0,2,0,1,0,0,2020-10-22 21:19:25-04:00
1,1,0,0,0,0,2020-10-23 00:48:07-04:00
1,2,1,2,0,1,2020-10-23 16:12:07-04:00
0,1,0,1,0,0,2020-10-23 16:45:07-04:00
0,0,0,0,0,0,2020-10-23 16:48:56-04:00
0,1,1,1,0,1,2020-10-23 16:59:56-04:00
0,1,1,1,0,1,2020-10-23 17:26:43-04:00
0,0,0,0,0,0,2020-10-23 17:27:01-04:00
0,0,0,0,0,0,2020-10-23 17:28:07-04:00
2,2,2,0,0,0,2020-10-27 12:56:35-04:00
0,2,0,2,0,2,2020-10-27 13:41:03-04:00
0,0,0,0,0,0,2020-10-27 16:08:33-04:00
22,61,10,29,6,25,2020-10-30 15:53:31-04:00
0,0,0,0,0,0,2020-10-30 16:15:40-04:00
0,1,1,1,0,1,2020-10-29 11:57:58-04:00
0,0,0,0,0,0,2020-10-31 12:16:17-04:00
0,1,1,1,0,1,2020-11-02 11:03:46-05:00
0,0,0,0,0,0,2020-11-02 11:07:25-05:00
0,1,0,1,0,1,2020-11-04 17:41:31-05:00
0,1,0,1,0,1,2020-11-04 17:42:03-05:00
0,0,0,0,0,0,2020-11-04 17:48:20-05:00
1,0,0,0,0,0,2020-11-05 13:33:45-05:00
1,3,1,3,0,2,2020-11-06 15:38:26-05:00
4,4,2,1,0,0,2020-11-06 17:52:48-05:00
0,0,0,0,0,0,2020-11-07 11:45:43-05:00
0,0,0,0,0,0,2020-11-07 11:46:28-05:00
1,1,0,0,0,0,2020-10-30 20:30:56-04:00
1,0,0,0,0,0,2020-11-02 10:28:55-05:00
1,2,0,0,0,0,2020-11-05 20:57:46-05:00
0,1,0,0,0,0,2020-11-06 12:55:26-05:00
1,1,0,0,0,0,2020-11-06 17:55:16-05:00
0,0,0,0,0,0,2020-11-07 11:52:57-05:00
0,1,1,1,0,1,2020-11-06 01:12:14-05:00
0,0,0,0,0,0,2020-11-09 10:34:54-05:00
3,9,2,4,1,4,2020-11-09 15:43:24-05:00
2,2,1,0,0,0,2020-11-09 16:38:58-05:00
0,0,0,0,0,0,2020-11-09 16:47:48-05:00
0,1,0,1,0,1,2020-11-11 14:51:16-05:00
1,2,1,2,0,1,2020-11-12 18:30:03-05:00
1,2,1,2,0,1,2020-11-12 18:43:41-05:00
0,0,0,0,0,0,2020-11-13 10:03:36-05:00
0,0,0,0,0,0,2020-11-17 12:43:14-05:00
1,1,1,0,0,0,2020-11-18 10:16:58-05:00
1,1,0,1,0,0,2020-11-18 10:21:24-05:00
0,1,0,0,0,0,2020-11-18 14:27:21-05:00
0,0,0,0,0,0,2020-11-18 14:57:26-05:00
1,2,1,2,0,1,2020-11-18 19:15:04-05:00
0,0,0,0,0,0,2020-11-19 00:34:21-05:00
0,1,1,1,0,1,2020-11-19 10:10:57-05:00
0,1,0,0,0,0,2020-11-19 17:52:16-05:00
0,0,0,0,0,0,2020-11-19 19:13:37-05:00
0,1,0,0,0,0,2020-11-19 17:18:52-07:00
0,0,0,0,0,0,2020-11-20 10:12:45-05:00
0,1,0,0,0,0,2020-11-20 12:29:07-05:00
0,1,1,1,0,1,2020-11-21 17:56:14-05:00
1,2,1,2,0,1,2020-11-22 23:26:54-05:00
0,1,1,1,0,1,2020-11-23 10:43:52-05:00
0,1,1,1,0,1,2020-11-23 11:30:18-05:00
0,0,0,0,0,0,2020-11-23 11:41:47-05:00
0,0,0,0,0,0,2020-11-25 10:29:05-05:00
1,2,1,2,0,1,2020-12-07 17:51:08-05:00
0,0,0,0,0,0,2020-12-07 17:51:53-05:00
0,0,0,0,0,0,2020-12-07 18:02:28-05:00
1,1,0,0,0,0,2020-12-13 00:46:06-05:00
0,1,0,0,0,0,2020-12-13 15:06:24-05:00
0,0,0,0,0,0,2020-12-14 11:37:50-05:00
1,1,0,0,0,0,2020-12-17 14:35:33-05:00
0,1,0,0,0,0,2020-12-22 14:18:02-05:00
0,0,0,0,0,0,2021-01-04 14:36:57-05:00
1,2,0,2,0,1,2021-01-07 13:55:05-05:00
2,2,0,2,0,1,2021-01-11 19:25:06-05:00
1,2,0,2,0,1,2021-01-13 18:17:37-05:00
0,1,0,1,0,1,2021-01-19 17:52:13-05:00
0,1,0,1,0,1,2021-01-21 10:47:03-05:00
1,2,0,2,0,1,2021-01-21 11:33:04-05:00
0,0,0,0,0,0,2021-01-21 11:49:56-05:00
0,1,0,1,0,1,2021-01-22 17:49:27-05:00
0,0,0,0,0,0,2021-01-22 18:07:49-05:00
0,1,0,1,0,0,2021-01-27 16:54:08-05:00
0,1,0,0,0,0,2021-02-04 17:46:24-05:00
0,1,0,0,0,0,2021-02-04 19:12:11-05:00
0,0,0,0,0,0,2021-02-09 10:46:47-05:00
1,0,0,0,0,0,2021-02-22 18:31:50-05:00
1,0,0,0,0,0,2021-02-22 18:33:09-05:00
0,2,0,0,0,0,2021-02-22 18:33:56-05:00
0,1,0,1,0,1,2021-02-23 15:10:46-05:00
0,1,0,0,0,0,2021-02-23 15:19:54-05:00
0,0,0,0,0,0,2021-02-23 15:22:34-05:00
0,0,0,0,0,0,2021-02-23 15:23:04-05:00
0,1,1,1,0,1,2021-02-23 23:45:49-05:00
0,2,0,0,1,0,2021-02-24 16:52:49-05:00
0,1,0,0,1,0,2021-02-24 16:55:23-05:00
0,0,0,0,0,0,2021-02-26 10:27:34-05:00
5,30,3,13,1,9,2021-03-01 16:08:00-05:00
0,2,0,2,0,2,2021-03-01 18:24:37-05:00
0,0,0,0,0,0,2021-03-01 18:25:31-05:00
2,2,1,0,0,0,2021-03-01 18:27:26-05:00
0,0,0,0,0,0,2021-03-03 09:45:23-05:00
0,0,0,0,0,0,2021-03-03 09:46:03-05:00
1,0,0,0,0,0,2021-03-08 10:39:53-05:00
2,2,1,0,0,0,2021-03-08 12:29:27-05:00
1,1,1,0,0,0,2021-03-11 17:59:19-05:00
0,0,0,0,0,0,2021-03-12 09:29:29-05:00
0,0,0,0,0,0,2021-03-12 09:44:29-05:00
0,1,0,1,0,1,2021-03-16 11:24:55-04:00
0,1,0,1,0,1,2021-03-16 11:27:57-04:00
1,0,0,0,0,0,2021-03-18 15:25:20-04:00
0,0,0,0,0,0,2021-03-18 23:13:56-04:00
1,2,0,0,0,0,2021-03-19 18:31:06-04:00
0,0,0,0,0,0,2021-03-23 17:13:15-04:00
0,0,0,0,0,0,2021-03-23 17:15:11-04:00
0,1,1,1,0,1,2021-03-26 19:24:02-04:00
0,0,0,0,0,0,2021-03-26 19:25:56-04:00
0,1,0,1,0,1,2021-03-29 15:27:02-04:00
0,0,0,0,0,0,2021-03-29 16:44:12-04:00
0,2,0,0,0,0,2021-04-06 14:42:48-04:00
1,0,0,0,0,0,2021-04-06 15:04:29-04:00
0,2,0,0,0,0,2021-04-06 18:08:27-04:00
0,2,0,0,0,0,2021-04-09 11:38:28-04:00
0,0,0,0,0,0,2021-04-09 17:02:33-04:00
3,2,1,0,0,0,2021-04-12 11:14:43-04:00
0,0,0,0,0,0,2021-04-12 16:52:44-04:00
1,0,0,0,0,0,2021-04-13 17:47:07-04:00
0,1,0,0,0,0,2021-04-13 17:49:28-04:00
0,1,0,0,0,0,2021-04-13 17:59:54-04:00
0,0,0,0,0,0,2021-04-14 13:58:46-04:00
0,1,0,0,0,0,2021-04-14 16:59:48-04:00
0,0,0,0,0,0,2021-04-14 17:03:15-04:00
0,1,0,0,0,0,2021-04-15 10:22:26-04:00
0,0,0,0,0,0,2021-04-15 10:23:28-04:00
1,1,0,0,0,1,2021-04-16 15:53:32-04:00
0,0,0,0,0,0,2021-04-21 10:09:42-04:00
1,3,0,0,0,0,2021-04-21 18:16:16-04:00
0,1,0,0,0,0,2021-04-21 18:17:49-04:00
1,1,0,0,0,0,2021-04-22 11:26:23-04:00
0,0,0,0,0,0,2021-04-22 14:28:41-04:00
0,2,0,0,0,0,2021-04-22 17:20:19-04:00
0,0,0,0,0,0,2021-04-22 17:32:59-04:00
0,1,0,0,0,0,2021-04-23 11:26:50-04:00
0,2,0,0,0,0,2021-04-23 15:18:04-04:00
0,1,0,0,0,0,2021-04-23 15:59:38-04:00
0,1,0,0,0,0,2021-04-23 16:46:52-04:00
0,0,0,0,0,0,2021-04-23 17:00:11-04:00
0,1,0,0,0,0,2021-04-26 12:45:24-04:00
0,0,0,0,0,0,2021-04-26 12:47:04-04:00
0,1,0,0,0,0,2021-04-26 16:06:42-04:00
0,1,0,0,0,0,2021-04-27 15:06:01-04:00
0,1,0,0,0,0,2021-04-27 15:45:29-04:00
0,0,0,0,0,0,2021-04-28 16:05:30-04:00
0,1,0,0,0,0,2021-04-28 16:59:30-04:00
1,1,0,0,0,0,2021-04-29 12:00:47-04:00
0,0,0,0,0,0,2021-04-29 15:40:31-04:00
0,1,0,0,0,0,2021-04-29 16:54:50-04:00
0,1,0,0,0,0,2021-04-30 13:52:29-04:00
0,1,0,0,0,0,2021-04-30 15:15:55-04:00
0,0,0,0,0,0,2021-04-30 15:31:34-04:00
0,0,0,0,0,0,2021-04-30 17:40:11-04:00
0,2,0,0,0,0,2021-05-04 12:30:15-04:00
0,1,0,0,0,0,2021-05-04 12:32:23-04:00
0,1,0,0,0,0,2021-05-04 14:47:27-04:00
0,0,0,0,0,0,2021-05-04 15:58:53-04:00
0,0,0,0,0,0,2021-05-05 10:31:32-04:00
0,1,0,1,0,0,2021-05-05 18:38:03-04:00
0,0,0,0,0,0,2021-05-06 09:50:25-04:00
0,0,0,0,0,0,2021-05-06 09:51:12-04:00
0,3,0,0,0,0,2021-05-06 14:36:27-04:00
0,1,0,0,0,0,2021-05-06 14:37:57-04:00
0,1,0,1,0,0,2021-05-07 11:58:18-04:00
0,0,0,0,0,0,2021-05-07 17:23:55-04:00
0,0,0,0,0,0,2021-05-07 17:25:11-04:00
0,0,0,0,0,0,2021-05-12 10:51:22-04:00
0,0,0,0,0,0,2021-05-12 10:55:40-04:00
0,0,0,0,0,0,2021-05-12 16:30:07-04:00
4,10,0,2,0,1,2021-05-16 00:44:04-04:00
0,0,0,0,0,0,2021-05-17 12:08:23-04:00
1,2,0,1,0,0,2021-05-17 16:43:16-04:00
1,0,0,0,0,0,2021-05-18 00:18:13-04:00
0,1,0,0,0,0,2021-05-18 10:08:33-04:00
1,0,0,0,0,0,2021-05-18 15:12:08-04:00
1,0,0,0,0,0,2021-05-18 15:38:32-04:00
1,0,0,0,0,0,2021-10-14 16:43:17-04:00
5,27,3,13,2,10,2021-10-21 20:23:13-04:00
5,27,3,13,2,10,2021-10-21 20:23:13-04:00
0,1,0,0,1,0,2021-10-22 00:15:48-04:00
1,0,0,0,0,0,2021-10-22 11:48:56-04:00
0,0,0,0,0,0,2021-10-22 11:54:47-04:00
1,0,0,0,0,0,2021-10-25 09:35:14-04:00
2,0,0,1,0,0,2021-10-28 14:36:56-04:00
0,0,0,0,0,0,2021-11-17 00:13:17-05:00
19,47,10,27,6,25,2021-11-29 14:43:46-05:00
0,0,0,0,0,0,2021-11-29 16:06:22-05:00
2,2,1,0,0,0,2022-01-18 18:24:17-05:00
0,0,0,0,0,0,2022-02-13 11:21:23-05:00
