Acquisition,Preparation,Modeling,Training,Evaluation,Prediction,time
0,0,0,0,0,0,2019-10-20 09:15:34-03:00
0,0,0,0,0,0,2019-10-20 09:17:49-03:00
0,0,0,0,0,0,2019-10-20 09:18:06-03:00
0,0,0,0,0,0,2019-10-20 09:18:27-03:00
0,0,0,0,0,0,2019-10-20 09:21:55-03:00
0,0,0,0,0,0,2019-10-20 09:23:06-03:00
0,0,0,0,0,0,2019-10-20 09:23:20-03:00
0,0,0,0,0,0,2019-10-20 09:39:56-03:00
0,0,0,0,0,0,2019-10-21 19:32:53-03:00
0,0,0,0,0,0,2019-11-05 11:00:38-03:00
0,0,0,0,0,0,2019-11-05 11:22:45-03:00
0,0,0,0,0,0,2019-11-05 11:31:50-03:00
0,0,0,0,0,0,2019-11-05 11:32:25-03:00
0,0,0,0,0,0,2019-11-05 11:37:06-03:00
0,1,0,0,0,0,2019-11-05 12:44:25-03:00
0,1,0,0,0,0,2019-11-05 14:29:31-03:00
0,0,0,0,0,0,2019-11-05 14:34:26-03:00
0,0,0,0,0,0,2019-11-06 11:39:25-03:00
0,2,0,0,0,0,2019-11-06 23:14:38-03:00
0,3,0,0,0,0,2019-11-07 15:08:40-03:00
0,1,0,0,0,0,2019-11-07 16:59:25-03:00
0,1,0,0,0,0,2019-11-07 17:19:54-03:00
0,1,0,0,0,0,2019-11-08 09:59:46-03:00
0,2,0,0,0,0,2019-11-08 15:15:44-03:00
0,0,0,0,0,0,2019-11-13 09:44:20-03:00
0,0,0,0,0,0,2019-12-03 10:12:34-03:00
0,0,0,0,0,0,2019-12-05 17:18:33+00:00
0,0,0,0,0,0,2019-12-09 09:51:42-03:00
0,2,0,0,0,0,2020-01-08 14:08:37+00:00
0,0,0,0,0,0,2020-01-08 14:08:37+00:00
0,2,0,0,0,0,2020-01-08 11:17:18-03:00
0,0,0,0,0,0,2020-01-09 10:19:35-03:00
0,2,0,0,0,0,2020-01-09 10:29:38-03:00
0,0,0,0,0,0,2020-01-09 13:38:00+00:00
0,2,0,0,0,0,2020-01-09 16:01:23-03:00
0,2,0,0,0,0,2020-01-10 09:26:42-03:00
0,1,0,0,0,0,2020-01-10 10:46:45-03:00
0,1,0,0,0,0,2020-01-10 10:50:02-03:00
0,1,0,0,0,0,2020-01-10 14:39:38-03:00
0,0,0,0,0,0,2020-01-10 17:49:51+00:00
0,2,0,0,0,0,2020-01-10 15:05:20-03:00
0,0,0,0,0,0,2020-01-10 15:09:44-03:00
0,0,0,0,0,0,2020-01-10 15:13:47-03:00
0,0,0,0,0,0,2020-01-10 18:26:52+00:00
1,3,0,0,0,0,2020-01-10 15:36:56-03:00
0,0,0,0,0,0,2020-01-10 18:39:22+00:00
1,4,0,0,0,0,2020-01-10 16:20:25-03:00
1,2,0,0,0,0,2020-01-10 16:20:56-03:00
0,1,0,0,0,0,2020-01-13 10:22:30-03:00
1,1,0,0,0,0,2020-01-13 10:23:39-03:00
0,1,0,0,0,0,2020-01-13 10:25:05-03:00
0,0,0,0,0,0,2020-01-13 15:14:51+00:00
0,0,0,0,0,0,2020-01-13 14:24:40-03:00
0,0,0,0,0,0,2020-01-13 15:56:40-03:00
1,2,0,0,0,0,2020-01-13 15:56:58-03:00
0,1,0,0,0,0,2020-01-13 15:57:13-03:00
0,1,0,0,0,0,2020-01-14 11:32:51-03:00
0,1,0,0,0,0,2020-01-14 17:18:37-03:00
0,0,0,0,0,0,2020-01-15 13:58:56+00:00
0,1,0,0,0,0,2020-01-15 12:11:24-03:00
0,1,0,0,0,0,2020-01-15 12:31:12-03:00
0,0,0,0,0,0,2020-01-15 17:59:34+00:00
0,1,0,0,0,0,2020-01-15 15:28:16-03:00
0,0,0,0,0,0,2020-01-15 15:30:26-03:00
1,3,0,0,0,0,2020-01-15 15:32:29-03:00
0,1,0,0,0,0,2020-01-15 17:00:52-03:00
0,1,0,0,0,0,2020-01-16 11:17:41-03:00
1,2,0,0,0,0,2020-01-16 14:13:07-03:00
0,0,0,0,0,0,2020-01-20 14:02:46+00:00
1,2,0,0,0,0,2020-01-21 15:36:59-03:00
1,1,0,0,0,0,2020-01-22 09:40:33-03:00
1,1,0,0,0,0,2020-01-22 09:51:11-03:00
1,2,0,0,0,0,2020-01-22 11:05:49-03:00
1,1,0,0,0,0,2020-01-22 11:07:45-03:00
0,0,0,0,0,0,2020-01-23 13:34:56+00:00
0,1,0,0,0,0,2020-01-23 15:00:54-03:00
1,1,0,0,0,0,2020-01-23 16:50:13-03:00
0,0,0,0,0,0,2020-01-23 16:53:05-03:00
0,0,0,0,0,0,2020-01-23 16:53:28-03:00
0,0,0,0,0,0,2020-01-24 16:22:24-03:00
0,0,0,0,0,0,2020-01-24 16:26:04-03:00
0,0,0,0,0,0,2020-01-24 17:05:35-03:00
0,0,0,0,0,0,2020-01-24 17:43:27-03:00
0,0,0,0,0,0,2020-01-25 09:57:21-03:00
0,0,0,0,0,0,2020-01-25 10:08:51-03:00
0,0,0,0,0,0,2020-01-25 10:13:36-03:00
0,1,0,0,0,0,2020-01-25 10:34:30-03:00
0,1,0,0,0,0,2020-01-25 10:38:18-03:00
0,1,0,0,0,0,2020-01-25 10:47:25-03:00
0,1,0,0,0,0,2020-01-25 10:47:46-03:00
0,0,0,0,0,0,2020-01-25 10:49:23-03:00
0,0,0,0,0,0,2020-01-25 10:55:39-03:00
0,0,0,0,0,0,2020-01-25 10:56:58-03:00
0,1,0,0,0,0,2020-01-27 10:41:42-03:00
0,1,0,0,0,0,2020-01-27 11:08:57-03:00
0,0,0,0,0,0,2020-01-27 11:12:43-03:00
0,0,0,0,0,0,2020-01-27 11:25:17-03:00
0,1,0,0,0,0,2020-01-27 11:25:34-03:00
0,1,0,0,0,0,2020-01-27 14:06:14-03:00
0,1,0,0,0,0,2020-01-27 14:38:25-03:00
0,1,0,0,0,0,2020-01-27 15:14:56-03:00
0,1,0,0,0,0,2020-01-27 15:19:56-03:00
0,1,0,0,0,0,2020-01-27 15:20:45-03:00
2,0,0,0,0,0,2020-02-02 13:32:47-03:00
0,1,0,0,0,0,2020-02-13 14:10:03-03:00
0,1,0,0,0,0,2020-02-13 14:40:08-03:00
1,1,0,0,0,0,2020-02-13 14:40:47-03:00
0,1,0,0,0,0,2020-02-13 15:08:04-03:00
0,0,0,0,0,0,2020-02-13 15:08:52-03:00
0,1,0,0,0,0,2020-02-13 15:09:10-03:00
0,1,0,0,0,0,2020-02-13 15:21:41-03:00
0,1,0,0,0,0,2020-02-14 09:41:22-03:00
0,1,0,0,0,0,2020-02-16 14:17:28+00:00
0,0,0,0,0,0,2020-02-16 11:17:59-03:00
0,0,0,0,0,0,2020-02-18 12:50:24-03:00
0,0,0,0,0,0,2020-02-18 13:32:03-03:00
0,0,0,0,0,0,2020-02-18 15:16:08-03:00
0,0,0,0,0,0,2020-02-18 18:33:23+00:00
0,0,0,0,0,0,2020-02-23 20:52:46-03:00
0,0,0,0,0,0,2020-02-24 02:43:27+00:00
0,1,0,0,0,0,2020-03-05 17:00:04-03:00
0,1,0,0,0,0,2020-03-05 22:00:51-03:00
1,1,0,0,0,0,2020-03-06 10:35:45-03:00
0,1,0,0,0,0,2020-03-06 11:18:48-03:00
0,1,0,0,0,0,2020-03-06 13:52:08-03:00
0,1,0,0,0,0,2020-03-06 19:52:03-03:00
0,2,0,0,0,0,2020-03-06 20:14:16-03:00
0,1,0,0,0,0,2020-03-08 19:24:18-03:00
0,0,0,0,0,0,2020-03-08 22:17:07+00:00
1,1,0,0,0,0,2020-03-09 12:49:44-03:00
1,1,0,0,0,0,2020-03-09 13:07:28-03:00
1,1,0,0,0,0,2020-03-09 13:14:47-03:00
0,0,0,0,0,0,2020-03-10 10:24:48-03:00
0,0,0,0,0,0,2020-03-10 13:29:23+00:00
1,1,0,0,0,0,2020-03-10 15:58:56-03:00
0,0,0,0,0,0,2020-03-10 15:59:36-03:00
1,1,0,0,0,0,2020-03-10 19:33:55-03:00
1,1,0,0,0,0,2020-03-12 10:32:07-03:00
0,0,0,0,0,0,2020-03-13 12:24:03+00:00
0,1,0,0,0,0,2020-03-16 13:10:44-03:00
2,2,0,0,0,0,2020-03-16 21:38:35+00:00
0,0,0,0,0,0,2020-03-16 21:38:35+00:00
0,1,0,0,0,0,2020-03-17 12:22:36-03:00
0,0,0,0,0,0,2020-03-17 14:00:45-03:00
0,0,0,0,0,0,2020-03-17 14:01:41-03:00
2,2,0,0,1,0,2020-03-18 01:00:51+00:00
0,0,0,0,0,0,2020-03-18 01:00:51+00:00
0,0,0,0,0,0,2020-03-18 12:29:18-03:00
1,1,0,0,0,0,2020-03-18 12:34:22-03:00
0,1,0,0,0,0,2020-03-18 14:27:23-03:00
1,1,0,0,0,0,2020-03-19 12:54:16-03:00
1,1,0,0,0,0,2020-03-20 00:25:40+00:00
0,0,0,0,0,0,2020-03-20 00:25:40+00:00
0,0,0,0,0,0,2020-03-25 13:13:36+00:00
0,0,0,0,0,0,2020-03-25 14:05:17+00:00
0,0,0,0,0,0,2020-03-25 14:36:55+00:00
0,0,0,0,0,0,2020-03-26 15:08:10-03:00
0,1,0,0,0,0,2020-03-30 09:36:33-03:00
0,0,0,0,0,0,2020-03-30 09:36:58-03:00
1,1,0,0,0,0,2020-03-30 09:37:41-03:00
0,0,0,0,0,0,2020-03-30 09:37:56-03:00
1,1,0,0,0,0,2020-04-01 15:03:03-03:00
0,1,0,0,0,0,2020-04-02 12:10:38-03:00
0,1,0,0,0,0,2020-04-02 12:35:58-03:00
1,2,0,0,0,0,2020-04-02 13:25:03-03:00
0,1,0,0,0,0,2020-04-03 14:13:41-03:00
0,1,0,0,0,0,2020-04-03 14:37:46-03:00
0,1,0,0,0,0,2020-04-03 15:48:25-03:00
0,0,0,0,0,0,2020-04-03 20:37:58+00:00
2,3,0,0,1,1,2020-04-04 21:11:12+00:00
0,0,0,0,0,0,2020-04-04 21:11:12+00:00
0,0,0,0,0,0,2020-04-05 19:49:01+00:00
0,0,0,0,0,0,2020-04-05 18:55:33-03:00
0,1,0,0,0,0,2020-04-07 12:24:34-03:00
0,0,0,0,0,0,2020-04-07 16:19:57-03:00
0,1,0,0,0,0,2020-04-07 16:21:00-03:00
0,0,0,0,0,0,2020-04-07 16:21:18-03:00
0,1,0,0,0,0,2020-04-07 19:03:38-03:00
0,1,0,0,0,0,2020-04-09 09:34:21-03:00
0,1,0,0,0,0,2020-04-09 09:35:38-03:00
5,7,0,0,0,0,2020-04-09 09:54:56-03:00
2,8,0,0,0,0,2020-04-09 10:50:04-03:00
1,3,0,0,0,0,2020-04-09 11:00:07-03:00
1,0,0,0,0,0,2020-04-10 09:10:30-03:00
0,0,0,0,0,0,2020-04-10 10:34:08-03:00
1,3,0,0,0,0,2020-04-10 11:49:06-03:00
0,0,0,0,0,0,2020-04-12 19:32:39-03:00
1,3,0,0,0,0,2020-04-12 19:56:59-03:00
1,2,0,0,0,0,2020-04-13 09:14:18-03:00
1,1,0,0,0,0,2020-04-13 09:14:30-03:00
0,0,0,0,0,0,2020-04-13 12:07:54+00:00
0,0,0,0,0,0,2020-04-13 12:12:28+00:00
1,2,0,0,0,0,2020-04-13 09:24:34-03:00
1,1,0,0,0,0,2020-04-13 15:52:09+00:00
1,1,0,0,0,0,2020-04-13 16:57:55-03:00
1,2,0,0,0,0,2020-04-13 16:58:32-03:00
0,1,0,0,0,0,2020-04-13 20:11:03-03:00
0,2,0,0,0,0,2020-04-14 00:30:29+00:00
0,2,0,0,0,0,2020-04-14 11:09:41+00:00
0,1,0,0,0,0,2020-04-14 12:56:44+00:00
0,0,0,0,0,0,2020-04-14 12:57:05+00:00
1,4,0,0,0,0,2020-04-14 11:46:11-03:00
1,3,0,0,0,0,2020-04-14 11:48:27-03:00
0,1,0,0,0,0,2020-04-14 11:50:08-03:00
0,0,0,0,0,0,2020-04-14 23:31:34-03:00
1,3,0,0,0,0,2020-04-15 02:32:39+00:00
0,1,0,0,0,0,2020-04-15 02:53:56+00:00
1,4,0,0,1,1,2020-04-16 00:00:11+00:00
0,0,0,0,0,0,2020-04-16 00:00:11+00:00
0,1,0,0,0,0,2020-04-16 00:34:36+00:00
0,0,0,0,0,0,2020-04-16 00:35:27+00:00
0,1,0,0,0,0,2020-04-14 13:08:42-03:00
0,2,0,0,0,0,2020-04-16 16:56:12-03:00
0,1,0,0,0,0,2020-04-17 17:10:26-03:00
1,1,0,0,0,0,2020-04-18 17:12:33+00:00
0,1,0,0,0,0,2020-04-20 17:54:12-03:00
0,0,0,0,0,0,2020-04-20 22:52:13+00:00
2,2,0,0,0,0,2020-04-20 23:45:58+00:00
0,0,0,0,0,0,2020-04-20 23:45:58+00:00
0,0,0,0,0,0,2020-04-20 23:48:21+00:00
0,0,0,0,0,0,2020-04-21 14:53:36+00:00
0,0,0,0,0,0,2020-04-21 11:55:12-03:00
0,1,0,0,0,0,2020-04-21 11:57:14-03:00
2,2,0,0,2,1,2020-04-22 23:25:09+00:00
0,0,0,0,0,0,2020-04-23 16:24:14-03:00
0,0,0,0,0,0,2020-04-23 19:33:50+00:00
0,0,0,0,0,0,2020-04-14 10:58:09-03:00
0,1,0,0,0,0,2020-04-14 11:38:30-03:00
0,0,0,0,0,0,2020-04-14 12:31:07-03:00
0,0,0,0,0,0,2020-04-14 13:07:30-03:00
0,0,0,0,0,0,2020-04-14 13:08:21-03:00
0,0,0,0,0,0,2020-04-14 22:56:50-03:00
0,0,0,0,0,0,2020-04-14 22:58:05-03:00
0,0,0,0,0,0,2020-04-23 17:37:32-03:00
1,2,0,0,1,1,2020-04-24 02:03:25+00:00
0,1,0,0,0,0,2020-04-24 14:38:29+00:00
0,1,0,0,0,0,2020-04-24 14:52:00+00:00
0,0,0,0,0,0,2020-04-24 17:34:44-03:00
0,1,0,0,0,0,2020-04-24 18:23:23+00:00
1,1,0,0,0,0,2020-04-24 22:40:29+00:00
1,2,0,0,0,0,2020-04-25 01:15:38+00:00
1,2,0,0,0,0,2020-04-25 15:20:07+00:00
0,0,0,0,0,0,2020-04-25 15:43:02-03:00
0,0,0,0,0,0,2020-04-25 16:41:22-03:00
0,0,0,0,0,0,2020-04-25 16:42:38-03:00
0,0,0,0,0,0,2020-04-25 16:44:28-03:00
0,1,0,0,0,0,2020-04-25 16:56:42-03:00
0,0,0,0,0,0,2020-04-25 16:57:28-03:00
0,0,0,0,0,0,2020-04-25 18:13:54-03:00
0,0,0,0,0,0,2020-04-25 18:53:13-03:00
0,0,0,0,0,0,2020-04-25 18:53:29-03:00
0,3,0,0,0,0,2020-04-25 19:16:13-03:00
0,1,0,0,0,0,2020-04-26 13:25:29+00:00
0,1,0,0,0,0,2020-04-26 10:45:37-03:00
0,1,0,0,0,0,2020-04-26 12:10:39-03:00
0,1,0,0,0,0,2020-04-26 12:14:23-03:00
0,1,0,0,0,0,2020-04-26 12:41:24-03:00
0,2,0,0,0,0,2020-04-26 13:02:51-03:00
0,0,0,0,0,0,2020-04-26 13:04:59-03:00
0,1,0,0,0,0,2020-04-26 16:58:03-03:00
0,2,0,0,0,0,2020-04-26 17:03:58-03:00
0,0,1,0,0,0,2020-04-26 17:10:19-03:00
0,0,0,0,0,0,2020-04-26 20:32:45+00:00
0,0,0,0,0,0,2020-04-15 15:23:17-03:00
0,1,0,0,0,0,2020-04-15 15:42:22-03:00
0,3,0,0,0,0,2020-04-15 15:45:31-03:00
0,0,0,0,0,0,2020-04-26 18:05:35-03:00
0,1,0,0,0,0,2020-04-26 17:51:38-03:00
0,0,0,0,0,0,2020-04-26 21:12:09+00:00
0,1,0,0,0,0,2020-04-27 02:31:01+00:00
1,3,0,0,0,0,2020-04-27 11:36:40+00:00
0,0,0,0,0,0,2020-04-27 12:11:31-03:00
1,2,0,0,1,1,2020-04-27 15:16:17+00:00
0,1,0,0,0,0,2020-04-27 14:48:37-03:00
0,1,0,0,0,0,2020-04-27 15:36:27-03:00
0,0,0,0,0,0,2020-04-27 15:36:58-03:00
0,0,0,0,0,0,2020-04-27 16:07:24-03:00
0,0,0,0,0,0,2020-04-27 17:05:37-03:00
0,0,0,0,0,0,2020-04-27 20:20:50+00:00
0,0,0,0,0,0,2020-04-26 18:16:19-03:00
1,1,0,0,0,0,2020-04-26 19:05:10-03:00
1,1,0,0,0,0,2020-04-26 19:09:07-03:00
1,1,0,0,0,0,2020-04-26 20:43:22-03:00
0,1,0,0,0,0,2020-04-15 02:53:56+00:00
0,1,0,0,0,0,2020-04-24 14:38:29+00:00
0,1,0,0,0,0,2020-04-24 14:52:00+00:00
0,0,0,0,0,0,2020-04-24 17:34:44-03:00
0,1,0,0,0,0,2020-04-24 18:23:23+00:00
1,1,0,0,0,0,2020-04-24 22:40:29+00:00
1,2,0,0,0,0,2020-04-25 01:15:38+00:00
0,1,0,0,0,0,2020-04-26 13:25:29+00:00
0,1,0,0,0,0,2020-04-27 02:31:01+00:00
1,3,0,0,0,0,2020-04-27 11:36:40+00:00
1,1,0,0,1,1,2020-04-27 23:00:32+00:00
0,2,0,0,0,0,2020-04-28 11:18:04-03:00
0,0,0,0,0,0,2020-04-28 14:28:22+00:00
0,0,0,0,0,0,2020-04-28 12:42:51-03:00
0,1,0,0,0,0,2020-04-27 20:59:51-03:00
0,2,0,0,0,0,2020-04-27 20:52:26-03:00
0,2,0,0,0,0,2020-04-27 23:25:14-03:00
0,2,0,0,0,0,2020-04-27 23:26:02-03:00
0,1,0,0,0,0,2020-04-27 23:52:13-03:00
0,1,0,0,0,0,2020-04-27 23:55:17-03:00
0,1,0,0,0,0,2020-04-27 23:56:51-03:00
0,0,0,0,0,0,2020-04-28 16:20:39-03:00
0,0,0,0,0,0,2020-04-28 17:27:40-03:00
0,1,0,0,0,0,2020-04-28 17:34:34-03:00
1,1,0,0,0,0,2020-04-28 19:31:55-03:00
0,0,0,0,0,0,2020-04-28 19:32:30-03:00
0,1,0,0,0,0,2020-04-28 19:33:30-03:00
0,2,0,0,0,0,2020-04-28 19:47:27-03:00
1,1,0,0,1,0,2020-04-28 23:16:48+00:00
1,2,0,0,0,0,2020-04-28 21:52:32-03:00
0,1,0,0,0,0,2020-04-28 21:52:56-03:00
1,1,0,0,1,1,2020-04-29 00:55:33+00:00
0,2,0,0,0,0,2020-04-29 09:50:18-03:00
0,0,0,0,0,0,2020-04-29 11:13:26-03:00
0,0,0,0,0,0,2020-04-29 11:38:12-03:00
1,1,0,0,0,0,2020-04-29 11:48:28-03:00
0,0,0,0,0,0,2020-04-29 12:32:02-03:00
1,1,0,0,0,0,2020-04-29 14:43:20-03:00
0,2,0,0,0,0,2020-04-29 14:43:46-03:00
0,1,0,0,0,0,2020-04-29 14:47:04-03:00
0,1,0,0,0,0,2020-04-29 15:24:44-03:00
0,1,0,0,0,0,2020-04-29 15:46:21-03:00
0,1,0,0,0,0,2020-04-29 17:28:06-03:00
0,1,0,0,0,0,2020-04-29 20:24:41-03:00
0,0,0,0,0,0,2020-04-29 20:25:53-03:00
0,0,0,0,0,0,2020-04-30 11:32:41-03:00
0,1,0,0,0,0,2020-04-30 19:27:28-03:00
0,0,0,0,0,0,2020-04-30 19:57:02-03:00
0,0,0,0,0,0,2020-04-30 19:59:21-03:00
0,0,0,0,0,0,2020-04-30 23:07:03+00:00
0,0,0,0,0,0,2020-05-01 19:42:44-03:00
0,1,0,0,0,0,2020-05-01 19:55:34-03:00
0,1,1,0,0,0,2020-05-01 19:57:13-03:00
3,3,0,0,2,1,2020-05-01 23:02:37+00:00
0,0,0,0,0,0,2020-05-02 12:44:16-03:00
0,0,0,0,0,0,2020-05-02 19:35:17-03:00
0,0,0,0,0,0,2020-05-02 19:35:51-03:00
0,0,0,0,0,0,2020-05-03 10:58:05-03:00
0,0,0,0,0,0,2020-05-03 11:16:10-03:00
0,0,0,0,0,0,2020-05-03 11:48:45-03:00
0,1,0,0,0,0,2020-05-03 17:05:25-03:00
0,1,0,0,0,0,2020-05-03 17:05:45-03:00
0,0,0,0,0,0,2020-05-03 17:07:16-03:00
1,1,0,0,0,0,2020-05-03 15:56:52-03:00
3,5,1,0,0,0,2020-05-03 17:37:16-03:00
1,1,1,0,0,0,2020-05-03 20:42:10-03:00
1,1,0,0,0,0,2020-05-04 00:50:27-03:00
1,1,0,0,0,0,2020-05-04 02:20:42-03:00
1,1,0,0,0,0,2020-05-04 11:16:15-03:00
1,1,0,0,0,0,2020-05-04 11:16:32-03:00
1,1,0,0,0,0,2020-05-04 12:23:33-03:00
0,1,0,0,0,0,2020-05-04 12:36:05-03:00
0,2,0,0,0,0,2020-05-04 19:07:28-03:00
0,1,0,0,0,0,2020-05-04 19:56:50-03:00
2,2,0,0,1,1,2020-05-05 01:07:15+00:00
0,0,0,0,0,0,2020-05-05 13:19:26-03:00
1,1,0,0,0,0,2020-05-05 14:29:55-03:00
0,1,0,0,0,0,2020-05-05 16:30:25-03:00
0,0,0,0,0,0,2020-05-05 19:24:39-03:00
0,0,0,0,0,0,2020-05-05 22:24:58+00:00
0,3,0,0,0,0,2020-05-05 21:28:30-03:00
0,0,0,0,0,0,2020-05-05 21:29:03-03:00
0,0,0,0,0,0,2020-05-05 21:31:06-03:00
0,0,0,0,0,0,2020-05-05 23:17:23-03:00
0,0,0,0,0,0,2020-05-05 22:58:01-03:00
2,2,0,0,0,0,2020-05-05 23:22:06-03:00
0,0,0,0,0,0,2020-05-05 23:23:39-03:00
0,0,0,0,0,0,2020-05-05 23:25:49-03:00
0,2,0,0,0,0,2020-05-05 23:39:13-03:00
0,0,0,0,0,0,2020-05-05 23:39:26-03:00
1,1,0,0,0,0,2020-05-05 23:50:26-03:00
1,1,0,0,0,0,2020-05-06 00:39:47-03:00
0,2,0,0,0,0,2020-05-06 01:01:49-03:00
0,1,0,0,0,0,2020-05-06 10:26:49-03:00
0,1,0,0,0,0,2020-05-06 11:43:14-03:00
0,0,0,0,0,0,2020-05-06 14:48:39+00:00
2,2,0,0,0,0,2020-05-06 14:57:47-03:00
0,0,0,0,0,0,2020-05-07 11:30:14-03:00
0,0,0,0,0,0,2020-05-07 18:30:07+00:00
0,0,0,0,0,0,2020-05-07 16:14:23-03:00
1,1,0,0,0,0,2020-05-07 16:30:24-03:00
0,1,0,0,0,0,2020-05-07 16:13:09-03:00
1,0,0,0,0,0,2020-05-07 16:49:02-03:00
2,0,0,0,0,0,2020-05-07 17:25:42-03:00
0,1,0,0,0,0,2020-05-07 17:25:50-03:00
1,0,0,0,0,0,2020-05-07 17:49:16-03:00
1,1,0,0,0,0,2020-05-07 18:12:52-03:00
1,1,0,0,0,0,2020-05-07 20:53:27-03:00
1,1,0,0,0,0,2020-05-07 20:57:34-03:00
1,1,0,0,0,0,2020-05-07 23:52:06-03:00
0,0,0,0,0,0,2020-05-08 09:37:13-03:00
0,0,0,0,0,0,2020-05-08 15:36:08-03:00
0,0,0,0,0,0,2020-05-08 18:38:33+00:00
0,0,0,0,0,0,2020-05-08 17:27:38-03:00
1,1,0,0,1,1,2020-05-12 23:59:55+00:00
0,0,0,0,0,0,2020-05-12 23:59:55+00:00
0,2,0,0,0,0,2020-05-07 13:45:50-03:00
0,0,0,0,0,0,2020-05-07 16:48:50-03:00
0,1,0,0,0,0,2020-05-14 13:48:00-03:00
0,0,0,0,0,0,2020-05-14 20:30:49-03:00
0,0,0,0,0,0,2020-05-14 20:31:16-03:00
0,1,1,0,0,0,2020-05-14 20:36:13-03:00
0,0,0,0,0,0,2020-05-14 20:36:34-03:00
0,1,0,0,0,0,2020-05-14 20:39:56-03:00
0,0,0,0,0,0,2020-05-14 23:47:45+00:00
0,0,0,0,0,0,2020-05-07 13:51:28-03:00
0,0,0,0,0,0,2020-05-07 17:54:18-03:00
0,0,0,0,0,0,2020-05-14 20:59:21-03:00
0,0,0,0,0,0,2020-05-14 21:35:27-03:00
0,0,0,0,0,0,2020-05-15 00:35:58+00:00
3,5,1,0,0,0,2020-05-14 21:51:58-03:00
2,2,0,0,1,0,2020-05-19 14:59:27+00:00
0,0,0,0,0,0,2020-05-19 14:59:27+00:00
0,1,0,0,0,0,2020-05-24 18:11:47-03:00
0,0,0,0,0,0,2020-05-24 21:11:44-03:00
0,1,1,0,0,0,2020-05-24 21:18:52-03:00
0,0,0,0,0,0,2020-05-24 22:45:42-03:00
0,1,0,0,0,0,2020-05-24 23:25:23-03:00
0,1,0,0,0,0,2020-05-24 23:25:50-03:00
0,1,0,0,0,0,2020-05-24 23:43:56-03:00
0,0,1,0,0,0,2020-05-24 23:44:55-03:00
0,1,0,0,0,0,2020-05-25 00:02:34-03:00
0,0,0,0,0,0,2020-05-25 00:32:59-03:00
0,0,0,0,0,0,2020-05-25 00:45:29-03:00
0,0,0,0,0,0,2020-05-25 00:45:38-03:00
0,0,0,0,0,0,2020-05-25 00:59:02-03:00
0,0,0,0,0,0,2020-06-09 11:53:51-03:00
1,1,0,0,0,0,2020-06-10 12:11:59-03:00
0,0,0,0,0,0,2020-06-10 15:44:23+00:00
0,0,0,0,0,0,2020-06-19 17:31:37-03:00
0,1,0,0,1,0,2020-06-25 00:31:09-03:00
0,1,0,0,2,0,2020-06-26 13:55:02-03:00
0,0,0,0,0,0,2020-06-29 19:06:27+00:00
0,1,0,0,0,0,2020-07-17 21:32:15-03:00
0,1,0,0,0,0,2020-07-17 21:51:21-03:00
0,0,0,0,0,0,2020-09-10 12:10:22-03:00
0,0,0,0,0,0,2020-09-10 12:19:20-03:00
0,0,0,0,0,0,2020-09-10 19:47:05-03:00
0,1,0,0,0,0,2020-09-10 20:04:46-03:00
0,0,0,0,0,0,2020-09-10 21:14:38-03:00
7,8,0,0,6,3,2020-09-22 09:47:21-03:00
0,0,0,0,0,0,2020-09-22 09:57:15-03:00
0,0,0,0,0,0,2020-09-22 09:57:31-03:00
0,0,0,0,0,0,2020-09-22 10:25:20-03:00
0,0,0,0,0,0,2020-09-22 12:23:43-03:00
1,1,0,0,0,0,2020-09-23 18:28:16-03:00
1,1,0,0,0,0,2020-09-23 18:58:02-03:00
1,1,0,0,0,0,2020-09-24 14:02:30-03:00
0,0,0,0,0,0,2020-09-24 17:19:55+00:00
0,0,0,0,0,0,2020-09-24 14:22:17-03:00
0,3,0,0,0,0,2020-09-24 14:40:24-03:00
0,1,0,0,0,0,2020-09-24 15:23:26-03:00
0,0,0,0,0,0,2020-09-24 15:42:20-03:00
0,0,0,0,0,0,2020-09-24 16:02:07-03:00
0,0,0,0,0,0,2020-10-09 14:09:13+00:00
5,5,4,1,0,1,2020-10-09 15:52:18-03:00
1,0,0,0,0,0,2020-10-09 18:03:36-03:00
0,0,0,0,0,0,2020-10-20 16:35:20-03:00
0,1,0,0,0,0,2020-10-20 16:38:44-03:00
1,0,0,0,0,0,2020-10-20 16:47:34-03:00
0,0,0,0,0,0,2020-10-20 16:53:41-03:00
0,1,0,0,0,0,2020-10-20 17:30:56-03:00
0,1,0,0,0,0,2020-10-20 18:43:48-03:00
0,1,0,0,0,0,2020-10-20 18:44:17-03:00
2,1,0,0,0,0,2020-10-20 18:44:45-03:00
0,0,0,0,0,0,2020-10-27 14:51:34-03:00
1,0,0,0,0,0,2020-10-27 16:40:34-03:00
1,0,0,0,0,0,2020-10-27 16:42:38-03:00
1,0,0,0,0,0,2020-11-05 18:20:04-03:00
1,0,0,0,0,0,2020-11-05 19:02:23-03:00
1,0,0,0,0,0,2020-11-05 19:03:44-03:00
0,1,0,0,0,0,2020-11-05 19:17:37-03:00
1,0,0,0,0,0,2020-11-05 19:23:05-03:00
1,0,0,0,0,0,2020-11-05 19:26:25-03:00
1,0,0,0,0,0,2020-11-06 15:22:45-03:00
1,0,0,0,0,1,2020-11-06 15:29:40-03:00
3,2,1,0,0,2,2020-11-06 16:53:17-03:00
1,1,1,0,0,1,2020-11-08 11:36:35-03:00
1,1,0,0,0,1,2020-11-08 11:55:04-03:00
0,1,0,0,0,0,2020-11-08 12:39:18-03:00
1,2,0,0,0,0,2020-11-08 13:14:02-03:00
0,1,0,0,0,0,2020-11-08 13:19:42-03:00
0,1,0,0,0,0,2020-11-08 13:57:45-03:00
1,1,0,0,0,0,2020-11-09 10:25:01-03:00
0,0,0,0,0,0,2020-11-09 10:26:34-03:00
0,0,0,0,0,0,2020-11-09 11:41:15-03:00
0,1,0,0,0,0,2020-11-09 11:50:18-03:00
0,1,0,0,0,0,2020-11-09 12:02:29-03:00
1,1,0,0,0,1,2020-11-09 14:27:40-03:00
0,0,0,0,0,0,2020-11-10 11:10:44-03:00
0,0,0,0,0,0,2020-11-10 11:48:22-03:00
0,0,0,0,0,0,2020-11-10 12:02:35-03:00
5,4,2,0,0,3,2020-11-10 12:03:08-03:00
0,0,0,0,0,0,2020-11-10 12:03:39-03:00
0,1,0,0,0,1,2020-11-10 15:33:32-03:00
0,1,0,0,0,1,2020-11-10 17:17:54-03:00
0,0,0,0,0,0,2020-11-10 17:29:03-03:00
0,1,0,0,0,0,2020-11-11 12:21:23-03:00
0,1,0,0,0,1,2020-11-11 12:31:38-03:00
0,1,0,0,0,1,2020-11-11 13:48:31-03:00
1,2,1,0,0,1,2020-11-11 16:47:22-03:00
0,1,0,0,0,1,2020-11-11 17:04:59-03:00
1,2,1,0,0,1,2020-11-11 20:21:18+00:00
0,1,0,0,0,1,2020-11-11 17:31:14-03:00
0,1,0,0,0,1,2020-11-11 17:52:55-03:00
0,1,0,0,0,1,2020-11-11 18:00:42-03:00
1,1,1,0,0,1,2020-11-11 18:07:27-03:00
0,0,0,0,0,0,2020-11-12 18:06:03+00:00
1,1,1,0,0,1,2020-11-12 17:58:48-03:00
1,1,1,0,0,1,2020-11-13 15:28:42+00:00
2,3,2,0,0,3,2020-11-16 15:28:06+00:00
1,1,1,0,0,1,2020-11-16 17:31:40-03:00
0,1,0,0,0,1,2020-11-16 17:59:33-03:00
0,0,0,0,0,0,2020-11-16 18:25:28-03:00
0,0,0,0,0,0,2020-11-16 18:40:03-03:00
0,0,0,0,0,0,2020-11-18 14:53:20-03:00
0,0,0,0,0,0,2020-11-18 18:18:34+00:00
1,1,0,0,0,1,2020-11-30 14:32:57-03:00
1,2,1,0,0,1,2020-11-30 15:05:22-03:00
1,1,0,0,0,0,2020-12-02 14:20:14-03:00
0,0,0,0,0,0,2020-12-02 14:23:11-03:00
1,2,1,0,0,1,2020-12-02 17:33:57+00:00
1,2,1,0,0,1,2020-12-03 15:31:23-03:00
1,1,1,0,0,0,2020-12-03 19:14:09+00:00
1,2,1,0,0,1,2020-12-03 22:54:49+00:00
1,1,1,0,0,0,2020-12-04 12:40:03-03:00
0,1,0,0,0,0,2020-12-04 16:04:44-03:00
0,1,0,0,0,0,2020-12-04 18:04:43-03:00
1,2,1,0,0,1,2020-12-09 17:04:56-03:00
1,3,1,0,0,1,2020-12-10 11:59:42-03:00
0,0,0,0,0,0,2020-12-10 13:02:15-03:00
6,8,1,0,0,1,2020-12-16 10:29:34-03:00
0,0,0,0,0,0,2020-12-16 10:31:26-03:00
0,1,1,0,1,0,2020-12-18 18:56:49-03:00
0,1,0,0,0,0,2020-12-18 18:57:48-03:00
0,0,0,0,0,0,2020-12-18 18:58:22-03:00
0,0,0,0,0,0,2020-12-18 19:03:05-03:00
1,0,0,0,0,0,2020-12-18 19:24:42-03:00
0,0,0,0,0,0,2020-12-18 19:24:55-03:00
0,1,0,0,0,1,2020-12-20 16:08:17-03:00
1,1,0,0,0,1,2020-12-20 17:04:29-03:00
0,1,0,0,0,0,2020-12-21 21:28:52-03:00
1,2,0,0,0,0,2020-12-22 13:42:52-03:00
8,9,5,1,0,5,2021-03-11 12:53:50-03:00
0,0,0,0,0,0,2021-03-19 03:23:30+00:00
0,0,0,0,0,0,2021-03-19 08:54:49-03:00
0,0,0,0,0,0,2021-03-19 08:55:14-03:00
0,0,0,0,0,0,2021-03-19 23:31:23+00:00
0,0,0,0,0,0,2021-03-19 20:37:35-03:00
0,0,0,0,0,0,2021-03-22 17:25:14-03:00
0,6,0,0,0,0,2021-03-22 17:30:22-03:00
0,6,0,0,0,0,2021-03-22 17:30:52-03:00
1,1,0,0,0,0,2021-03-22 17:34:57-03:00
0,0,0,0,0,0,2021-03-23 12:36:38-03:00
2,3,1,0,0,0,2021-03-23 15:46:27-03:00
0,0,0,0,0,0,2021-03-23 15:46:54-03:00
1,1,0,0,0,0,2021-04-25 11:12:33-03:00
1,1,0,0,0,0,2021-04-25 12:09:51-03:00
0,1,0,0,0,0,2021-03-23 12:35:59-03:00
1,1,0,0,0,0,2021-03-23 15:08:07-03:00
1,1,0,0,0,0,2021-04-25 12:31:36-03:00
2,2,1,0,0,0,2021-04-25 15:29:06-03:00
1,1,0,0,0,0,2021-04-25 15:31:04-03:00
1,1,0,0,0,0,2021-04-25 15:36:22-03:00
1,2,0,0,0,0,2021-04-25 16:38:59-03:00
0,1,0,0,0,0,2021-04-25 16:46:48-03:00
1,1,0,0,0,0,2021-04-25 16:50:06-03:00
1,1,0,0,0,0,2021-04-25 17:06:56-03:00
1,1,0,0,0,0,2021-04-25 17:07:13-03:00
1,1,0,0,0,0,2021-04-25 17:52:23-03:00
1,1,0,0,0,0,2021-04-25 17:52:43-03:00
1,1,0,0,0,0,2021-04-25 19:58:53-03:00
1,1,0,0,0,0,2021-04-25 19:59:40-03:00
1,1,0,0,0,0,2021-04-25 20:35:10-03:00
1,1,0,0,0,0,2021-04-25 20:35:50-03:00
0,0,0,0,0,0,2021-05-16 19:08:02-03:00
1,1,0,0,0,0,2021-05-16 20:08:23-03:00
1,1,0,0,0,0,2021-05-16 22:54:53-03:00
1,1,0,0,0,0,2021-05-16 23:46:11-03:00
0,0,0,0,0,0,2021-05-17 17:55:56-03:00
1,1,0,0,0,0,2021-05-17 17:56:10-03:00
0,0,0,0,0,0,2021-05-17 18:38:38-03:00
0,0,0,0,0,0,2021-05-17 18:42:56-03:00
1,1,0,0,0,0,2021-05-17 18:45:02-03:00
0,0,0,0,0,0,2021-05-17 21:45:29+00:00
1,1,0,0,0,0,2021-05-17 21:00:54-03:00
1,1,0,0,0,0,2021-05-17 21:01:02-03:00
1,1,0,0,0,0,2021-05-17 21:01:36-03:00
2,3,1,0,0,0,2021-05-18 00:47:34-03:00
0,0,0,0,0,0,2021-05-29 16:13:49-03:00
0,0,0,0,0,0,2021-05-29 16:14:08-03:00
0,1,0,0,0,0,2021-05-29 17:23:52-03:00
0,0,0,0,0,0,2021-06-03 13:37:34-03:00
0,0,0,0,0,0,2021-08-22 20:56:09-03:00
0,0,0,0,0,0,2021-08-22 22:09:43-03:00
0,1,0,0,0,0,2021-08-22 22:10:05-03:00
0,0,0,0,0,0,2021-08-22 22:43:15-03:00
0,1,0,0,0,0,2021-08-22 22:47:02-03:00
2,4,1,0,0,1,2021-08-27 21:02:48-03:00
1,2,1,0,0,0,2021-08-27 21:08:29-03:00
2,3,0,0,0,0,2021-08-27 21:14:50-03:00
1,2,1,0,0,0,2021-08-27 21:30:37-03:00
1,1,1,0,0,0,2021-08-27 22:30:53-03:00
1,1,1,0,0,0,2021-08-27 22:38:10-03:00
0,0,0,0,0,0,2021-08-27 23:04:05-03:00
0,1,0,0,0,0,2021-08-27 23:23:27-03:00
0,0,0,0,0,0,2021-08-27 23:27:06-03:00
0,1,0,0,0,0,2021-08-27 23:33:35-03:00
0,1,0,0,0,0,2021-08-28 09:52:46-03:00
0,1,0,0,0,0,2021-08-28 09:53:22-03:00
0,0,0,0,0,0,2021-08-28 10:09:58-03:00
0,0,0,0,0,0,2021-08-28 10:13:36-03:00
0,1,0,0,0,0,2021-08-28 10:15:24-03:00
0,0,0,0,0,0,2021-08-28 10:16:38-03:00
0,0,0,0,0,0,2021-08-28 10:20:50-03:00
0,2,0,0,0,0,2021-08-28 10:25:50-03:00
0,1,0,0,0,0,2021-08-28 11:50:09-03:00
0,0,0,0,0,0,2021-08-28 11:51:43-03:00
0,0,0,0,0,0,2021-08-28 15:00:46+00:00
0,0,0,0,0,0,2021-08-28 12:02:04-03:00
0,0,0,0,0,0,2021-08-28 12:11:55-03:00
0,0,0,0,0,0,2021-08-28 12:12:11-03:00
0,1,0,0,0,0,2021-08-28 12:32:16-03:00
0,0,0,0,0,0,2021-08-28 12:54:21-03:00
0,0,0,0,0,0,2021-08-28 15:07:09-03:00
0,1,0,0,0,1,2021-08-28 15:08:38-03:00
0,0,0,0,0,0,2021-08-29 21:39:58-03:00
0,0,0,0,0,0,2021-08-29 21:51:26-03:00
0,0,0,0,0,0,2021-08-29 22:08:45-03:00
0,0,0,0,0,0,2021-09-01 08:57:34-03:00
1,1,0,0,0,0,2021-09-01 12:23:39+00:00
0,0,0,0,0,0,2021-09-01 12:28:32+00:00
1,1,0,0,0,1,2021-09-04 14:00:16-03:00
1,1,0,0,0,1,2021-09-04 14:03:53-03:00
1,1,0,0,0,1,2021-09-04 14:07:09-03:00
0,0,0,0,0,0,2021-09-04 15:18:53-03:00
1,1,0,0,0,1,2021-09-04 15:23:02-03:00
1,1,0,0,0,1,2021-09-04 16:15:49-03:00
1,1,0,0,0,0,2021-09-10 12:12:42-03:00
1,1,0,0,0,0,2021-09-10 12:41:39-03:00
1,2,0,0,0,2,2021-09-12 13:13:56-03:00
0,0,0,0,0,0,2021-09-12 13:14:12-03:00
0,0,0,0,0,0,2021-09-12 13:15:05-03:00
1,1,0,0,0,1,2021-09-12 15:03:17-03:00
2,2,1,0,0,0,2021-09-12 15:33:11-03:00
1,1,0,0,0,1,2021-09-12 15:34:03-03:00
1,1,0,0,0,1,2021-09-12 20:54:53+00:00
1,1,0,0,0,1,2021-09-12 22:28:40+00:00
1,1,0,0,0,1,2021-09-12 23:17:40+00:00
2,2,1,0,0,1,2021-09-12 23:41:54+00:00
1,1,0,0,0,1,2021-09-12 23:43:44+00:00
1,1,0,0,0,1,2021-09-13 02:18:01+00:00
1,1,0,0,0,1,2021-09-13 03:09:06+00:00
1,1,0,0,0,1,2021-09-14 21:33:00-03:00
1,1,0,0,0,1,2021-09-14 22:56:22-03:00
1,1,1,0,0,0,2021-09-15 00:39:53+00:00
1,1,0,0,0,1,2021-09-15 03:30:16+00:00
1,1,0,0,0,1,2021-09-15 03:31:19+00:00
1,1,0,0,0,1,2021-09-15 19:24:47+00:00
1,1,0,0,0,1,2021-09-15 20:24:49+00:00
1,1,0,0,0,1,2021-09-15 21:44:16+00:00
1,1,0,0,0,0,2021-09-16 14:58:50-03:00
2,2,1,0,0,0,2021-09-16 17:43:06+00:00
1,1,0,0,0,1,2021-09-16 18:39:29+00:00
1,1,0,0,0,1,2021-09-16 15:42:32-03:00
1,1,0,0,0,1,2021-09-16 18:48:16+00:00
2,2,1,0,0,1,2021-09-16 20:45:48+00:00
0,0,0,0,0,0,2021-09-16 20:47:12+00:00
0,1,0,0,0,0,2021-09-17 15:21:16-03:00
2,2,1,0,0,1,2021-09-17 19:10:29+00:00
0,0,0,0,0,0,2021-09-17 19:23:48+00:00
1,1,0,0,0,0,2021-09-17 18:43:33-03:00
1,1,0,0,0,1,2021-09-17 22:30:08+00:00
1,1,1,0,0,0,2021-09-18 01:10:13+00:00
2,2,1,0,0,1,2021-09-18 02:19:58+00:00
1,1,0,0,0,1,2021-09-21 00:07:33+00:00
1,1,0,0,0,0,2021-09-22 00:38:23-03:00
0,0,0,0,0,0,2021-09-22 19:09:42+00:00
0,0,0,0,0,0,2021-09-22 17:59:33-03:00
1,1,0,0,0,1,2021-09-22 23:16:14+00:00
1,1,0,0,0,1,2021-09-23 13:01:08+00:00
1,1,0,0,0,0,2021-09-23 13:23:18-03:00
2,2,1,0,0,1,2021-10-03 12:14:55-03:00
0,0,0,0,0,0,2021-10-03 12:25:09-03:00
0,0,0,0,0,0,2021-10-03 15:40:04+00:00
1,1,1,0,0,0,2021-10-03 15:42:44+00:00
0,0,0,0,0,0,2021-10-03 13:55:22-03:00
1,1,0,0,0,1,2021-09-23 18:49:02+00:00
1,1,0,0,0,1,2021-09-23 18:49:17+00:00
1,1,1,0,0,0,2021-09-23 18:49:38+00:00
1,1,1,0,0,0,2021-09-23 19:40:44+00:00
0,1,0,0,0,0,2021-10-05 22:44:05+00:00
