Acquisition,Preparation,Modeling,Training,Evaluation,Prediction,time
0,0,0,0,0,0,2020-02-21 19:41:45+01:00
1,0,1,0,0,0,2020-02-23 16:42:04+01:00
2,2,1,0,0,0,2020-02-23 21:54:15+01:00
1,0,0,0,0,0,2020-02-24 08:42:46+01:00
3,2,2,1,0,0,2020-02-26 18:57:07+01:00
0,0,0,0,0,0,2020-02-26 19:10:34+01:00
2,1,3,1,0,0,2020-02-26 20:08:49+01:00
2,0,1,1,0,0,2020-02-26 21:11:12+01:00
2,2,0,0,0,1,2020-02-26 22:00:22+01:00
0,0,0,0,0,0,2020-02-27 20:02:47+01:00
3,2,2,1,0,1,2020-02-28 20:41:00+01:00
0,0,0,0,0,0,2020-02-28 21:55:42+01:00
1,1,0,0,0,0,2020-02-29 14:42:31+01:00
0,0,0,0,0,0,2020-02-29 15:54:50+01:00
0,0,0,0,0,0,2020-03-01 14:49:40+01:00
1,1,0,0,0,1,2020-03-01 15:54:00+01:00
0,0,0,0,0,0,2020-03-01 17:32:03+01:00
0,0,0,0,0,0,2020-03-01 18:50:13+01:00
0,0,0,0,0,0,2020-03-01 20:43:07+01:00
0,0,0,0,0,0,2020-03-01 22:37:43+01:00
0,0,0,0,0,0,2020-03-05 20:48:52+01:00
0,0,0,0,0,0,2020-03-05 21:32:44+01:00
5,3,3,1,0,1,2021-08-26 17:58:57-04:00
0,0,0,0,0,0,2021-08-26 18:27:23-04:00
3,0,0,0,0,1,2021-08-26 21:58:42-04:00
0,0,0,0,0,0,2021-08-26 22:26:44-04:00
0,0,0,0,0,0,2021-08-27 10:37:25-04:00
0,0,0,0,0,0,2021-08-27 10:39:03-04:00
1,1,0,0,0,0,2021-08-27 10:47:11-04:00
0,0,0,0,0,0,2021-08-28 15:59:47-04:00
0,0,0,0,0,0,2021-08-28 16:00:20-04:00
0,0,0,0,0,0,2021-08-28 16:05:27-04:00
0,0,0,0,0,0,2021-08-28 16:28:43-04:00
0,0,0,0,0,0,2021-08-28 16:30:14-04:00
3,1,0,0,0,1,2021-08-31 16:43:51-04:00
0,0,0,0,0,0,2021-09-02 08:13:17-04:00
2,0,1,0,0,1,2021-09-02 08:13:36-04:00
0,0,0,0,0,0,2021-09-02 08:14:03-04:00
0,0,0,0,0,0,2021-09-02 10:02:20-04:00
0,0,0,0,0,0,2021-09-02 10:03:06-04:00
0,0,0,0,0,0,2021-09-02 10:03:49-04:00
4,1,1,0,0,1,2021-09-02 11:53:11-04:00
1,0,1,0,0,0,2021-09-02 11:58:07-04:00
0,0,0,0,0,0,2021-09-02 11:58:37-04:00
0,0,0,0,0,0,2021-09-02 12:02:08-04:00
0,0,0,0,0,0,2021-09-02 12:38:17-04:00
2,0,1,0,0,1,2021-09-02 14:08:37-04:00
0,0,0,0,0,0,2021-09-03 07:22:22-04:00
0,0,0,0,0,0,2021-09-03 07:23:03-04:00
0,0,0,0,0,0,2021-09-06 18:00:23-04:00
0,0,0,0,0,0,2021-09-06 18:02:31-04:00
3,0,2,0,0,1,2021-09-06 20:35:00-04:00
1,0,0,0,0,1,2021-09-06 20:39:54-04:00
1,0,0,0,0,0,2021-09-06 21:33:02-04:00
1,0,0,0,0,0,2021-09-07 10:30:05-04:00
0,0,0,0,0,0,2021-09-07 10:39:09-04:00
0,0,0,0,0,0,2021-09-07 11:38:36-04:00
0,0,0,0,0,0,2021-09-07 11:46:47-04:00
2,0,1,0,0,0,2021-09-07 11:51:38-04:00
0,0,0,0,0,0,2021-09-07 18:58:14-04:00
0,0,0,0,0,0,2021-09-07 18:58:22-04:00
0,0,0,0,0,0,2021-09-07 18:58:33-04:00
0,0,0,0,0,0,2021-09-07 19:03:14-04:00
0,0,0,0,0,0,2021-09-09 09:07:58-04:00
0,0,0,0,0,0,2021-09-09 09:08:29-04:00
1,0,0,0,0,1,2021-09-10 09:55:03-04:00
0,0,0,0,0,0,2021-09-10 09:55:28-04:00
1,0,0,0,0,1,2021-09-16 16:33:37-04:00
1,0,0,0,0,1,2021-09-16 16:40:38-04:00
0,0,0,0,0,0,2021-09-23 11:06:44-04:00
0,0,0,0,0,0,2021-09-24 17:46:52-04:00
0,0,0,0,0,0,2021-09-24 17:47:44-04:00
1,0,1,0,0,0,2021-09-26 20:18:56-04:00
0,0,0,0,0,0,2021-09-26 20:19:27-04:00
2,1,1,0,0,0,2021-09-27 21:25:48-04:00
1,0,0,0,0,1,2021-09-28 17:14:27-04:00
0,0,0,0,0,0,2021-09-28 18:41:50-04:00
1,0,0,0,0,1,2021-09-28 20:44:44-04:00
0,0,0,0,0,0,2021-10-05 06:58:42-04:00
0,0,0,0,0,0,2021-11-23 16:57:55-05:00
0,0,0,0,0,0,2021-12-04 20:18:16-05:00
0,0,0,0,0,0,2022-02-02 10:08:16-05:00
0,0,0,0,0,0,2022-02-02 10:08:34-05:00
0,0,0,0,0,0,2022-02-02 10:09:15-05:00
0,0,0,0,0,0,2022-02-02 10:09:27-05:00
0,0,0,0,0,0,2022-05-18 22:44:20-04:00
