Acquisition,Preparation,Modeling,Training,Evaluation,Prediction,time
0,0,0,0,0,0,2021-01-12 10:37:44-05:00
9,14,1,1,5,1,2021-01-18 18:32:51-05:00
1,2,0,0,1,0,2021-01-19 11:37:55-05:00
5,5,0,1,4,1,2021-01-26 15:05:45-05:00
0,0,0,0,0,0,2021-01-26 15:24:17-05:00
1,1,0,0,1,0,2021-01-26 20:19:57-05:00
0,0,0,0,0,0,2021-01-27 10:21:55-05:00
0,0,0,0,0,0,2021-02-01 13:25:37-05:00
3,3,0,0,3,0,2021-02-02 16:10:02-05:00
3,3,0,0,3,0,2021-02-02 16:16:55-05:00
0,0,0,0,0,0,2021-02-02 17:14:05-05:00
3,3,0,0,3,0,2021-02-02 18:18:13-05:00
1,1,0,1,0,1,2021-02-02 20:37:58-05:00
2,2,0,0,2,0,2021-02-03 16:29:28-05:00
0,0,0,0,0,0,2021-02-03 16:29:34-05:00
2,2,0,0,2,0,2021-02-03 16:37:23-05:00
1,1,0,0,1,0,2021-02-03 16:40:52-05:00
1,1,0,0,1,0,2021-02-03 16:41:23-05:00
1,1,0,0,1,0,2021-02-03 16:48:54-05:00
1,1,0,0,1,0,2021-02-03 16:59:47-05:00
1,1,0,0,1,0,2021-02-03 17:26:04-05:00
2,2,0,0,2,0,2021-02-03 17:57:09-05:00
5,5,0,0,3,0,2021-02-09 22:02:23-05:00
2,2,0,0,1,0,2021-02-10 12:52:14-05:00
1,1,0,0,1,0,2021-02-10 13:43:37-05:00
0,0,0,0,0,0,2021-02-10 17:02:57-05:00
1,1,0,0,1,0,2021-02-10 22:02:17-05:00
2,2,0,0,1,0,2021-02-11 11:11:56-05:00
1,1,0,0,1,0,2021-02-11 12:08:36-05:00
0,0,0,0,0,0,2021-02-11 13:27:37-05:00
0,0,0,0,0,0,2021-02-11 13:31:33-05:00
3,4,1,0,1,1,2021-02-12 19:26:34-05:00
0,0,0,0,0,0,2021-02-13 15:37:28-05:00
0,0,0,0,0,0,2021-02-13 19:32:43-05:00
3,3,0,0,1,1,2021-02-13 19:49:32-05:00
3,3,0,1,1,2,2021-02-15 19:18:02-05:00
1,1,0,0,1,0,2021-02-15 19:19:15-05:00
0,0,0,0,0,0,2021-02-15 19:20:06-05:00
0,0,0,0,0,0,2021-02-15 19:28:57-05:00
0,0,0,0,0,0,2021-02-15 19:45:29-05:00
0,0,0,0,0,0,2021-02-16 11:06:56-05:00
0,0,0,0,0,0,2021-02-16 11:12:03-05:00
1,1,0,0,1,1,2021-02-16 11:47:57-05:00
1,1,0,0,1,1,2021-02-17 13:39:39-05:00
1,1,0,0,1,1,2021-02-17 18:04:10-05:00
8,8,0,1,6,2,2021-02-18 17:26:44-05:00
0,0,0,0,0,0,2021-02-18 17:27:04-05:00
1,1,0,0,0,0,2021-02-22 16:49:44-05:00
2,2,0,1,1,1,2021-02-23 12:09:29-05:00
1,1,0,0,1,1,2021-03-03 13:25:26-05:00
2,2,0,0,1,1,2021-03-03 13:37:30-05:00
3,3,0,1,1,1,2021-03-08 15:56:26-05:00
2,3,0,0,2,1,2021-03-09 21:15:10-05:00
2,2,0,0,1,1,2021-03-11 15:26:31-05:00
1,1,0,0,1,1,2021-03-11 20:50:20-05:00
3,4,0,1,2,2,2021-03-15 20:29:22-04:00
2,5,0,1,1,2,2021-03-22 17:48:36-04:00
1,1,0,0,1,1,2021-03-22 21:20:13-04:00
1,1,0,0,1,1,2021-03-23 14:24:10-04:00
2,2,0,1,1,2,2021-03-29 10:51:27-04:00
0,0,0,0,0,0,2021-03-29 12:13:21-04:00
0,0,0,0,0,0,2021-03-29 12:28:28-04:00
1,1,0,1,0,1,2021-03-29 17:13:41-04:00
4,5,0,1,1,2,2021-03-30 14:13:44-04:00
2,3,0,1,0,1,2021-04-06 11:41:11-04:00
1,1,0,0,0,0,2021-04-06 20:53:35-04:00
0,0,0,0,0,0,2021-05-06 17:07:12-04:00
1,1,0,1,0,1,2021-05-06 17:11:57-04:00
0,0,0,0,0,0,2021-05-06 21:00:26-04:00
3,3,0,0,1,1,2021-05-06 21:16:27-04:00
0,0,0,0,0,0,2021-05-06 21:17:10-04:00
0,0,0,0,0,0,2021-05-06 21:31:53-04:00
0,1,1,0,0,0,2021-05-07 16:48:52-04:00
3,4,0,0,1,1,2021-05-07 21:45:45-04:00
1,1,0,1,0,1,2021-05-10 13:41:10-04:00
5,7,0,1,0,3,2021-07-07 17:09:52-04:00
0,0,0,0,0,0,2021-07-07 17:21:10-04:00
0,0,0,0,0,0,2021-07-07 17:43:41-04:00
0,0,0,0,0,0,2021-07-07 17:51:02-04:00
0,1,1,0,1,0,2021-07-08 12:11:51-04:00
0,0,0,0,0,0,2021-07-08 12:12:12-04:00
2,3,0,0,0,1,2021-07-15 09:26:17-04:00
0,0,0,0,0,0,2021-07-15 17:53:30-04:00
1,1,0,0,0,1,2021-07-19 13:42:32-04:00
1,1,0,0,0,1,2021-07-19 14:23:27-04:00
1,1,0,0,0,1,2021-07-19 17:28:37-04:00
1,1,0,0,0,1,2021-07-19 17:49:31-04:00
1,1,0,0,0,1,2021-07-21 13:11:16-04:00
2,3,0,1,0,2,2021-07-25 20:50:33-04:00
1,1,0,0,0,1,2021-07-25 21:09:00-04:00
0,0,0,0,0,0,2021-07-26 21:18:04-04:00
2,3,0,1,0,2,2021-08-05 13:37:57-04:00
