Acquisition,Preparation,Modeling,Training,Evaluation,Prediction,time
0,0,0,0,0,0,2021-09-26 13:18:46+05:18
2,2,1,1,1,0,2021-09-26 13:20:17+05:18
1,1,1,1,1,0,2021-09-26 13:21:45+05:18
1,1,1,1,1,0,2021-09-26 13:22:10+05:18
0,0,0,0,0,0,2021-09-26 13:23:01+05:18
1,1,0,0,0,0,2021-09-26 13:23:48+05:18
0,0,0,0,0,0,2021-09-26 13:24:18+05:18
0,0,0,0,0,0,2021-09-26 13:24:43+05:18
0,0,0,0,0,0,2021-09-26 13:25:07+05:18
0,0,0,0,0,0,2021-09-26 13:25:49+05:18
1,1,0,0,0,0,2021-09-26 13:26:55+05:18
0,0,0,0,0,0,2021-09-26 13:27:46+05:18
1,1,0,0,0,0,2021-09-26 13:28:16+05:18
0,0,0,0,0,0,2021-09-26 13:28:47+05:18
0,0,0,0,0,0,2021-09-26 13:29:34+05:18
0,0,0,0,0,0,2021-09-26 13:30:21+05:18
0,0,0,0,0,0,2021-09-26 13:30:35+05:18
0,0,0,0,0,0,2021-09-26 13:30:48+05:18
0,0,0,0,0,0,2021-09-26 13:31:23+05:18
0,0,0,0,0,0,2021-09-26 13:31:54+05:18
0,0,0,0,0,0,2021-09-26 13:32:15+05:18
0,0,0,0,0,0,2021-09-26 13:32:39+05:18
0,0,0,0,0,0,2021-09-26 13:33:04+05:18
0,0,0,0,0,0,2021-09-26 13:33:14+05:18
0,0,0,0,0,0,2021-09-26 13:34:11+05:18
0,0,0,0,0,0,2021-09-26 13:34:25+05:18
0,0,0,0,0,0,2021-09-26 13:34:34+05:18
0,0,0,0,0,0,2021-09-26 13:34:46+05:18
0,0,0,0,0,0,2021-09-26 13:34:56+05:18
0,0,0,0,0,0,2021-09-26 13:35:07+05:18
0,0,0,0,0,0,2021-09-26 13:35:37+05:18
0,0,0,0,0,0,2021-09-26 13:35:59+05:18
0,0,0,0,0,0,2021-09-26 13:36:11+05:18
0,0,0,0,0,0,2021-09-26 13:36:45+05:18
0,0,0,0,0,0,2021-09-26 13:37:04+05:18
0,0,0,0,0,0,2021-09-26 13:37:43+05:18
0,0,0,0,0,0,2021-09-26 13:37:59+05:18
0,0,0,0,0,0,2021-09-26 13:38:16+05:18
0,0,0,0,0,0,2021-09-26 13:38:54+05:18
0,0,0,0,0,0,2021-09-26 13:39:09+05:18
0,0,0,0,0,0,2021-09-26 13:39:34+05:18
0,0,0,0,0,0,2021-09-26 13:39:47+05:18
0,0,0,0,0,0,2021-09-26 13:40:00+05:18
0,0,0,0,0,0,2021-09-26 13:40:15+05:18
0,0,0,0,0,0,2021-09-26 13:40:26+05:18
0,0,0,0,0,0,2021-09-26 13:42:23+05:18
0,0,0,0,0,0,2021-09-26 13:44:25+05:18
0,0,0,0,0,0,2021-09-26 13:44:37+05:18
0,0,0,0,0,0,2021-09-26 13:44:53+05:18
0,0,0,0,0,0,2021-09-26 13:45:14+05:18
0,0,0,0,0,0,2021-09-26 13:45:25+05:18
0,0,0,0,0,0,2021-09-26 13:45:35+05:18
0,0,0,0,0,0,2021-09-26 13:46:04+05:18
0,0,0,0,0,0,2021-09-26 13:46:18+05:18
0,0,0,0,0,0,2021-09-26 13:46:47+05:18
0,0,0,0,0,0,2021-09-26 13:47:10+05:18
0,0,0,0,0,0,2021-09-26 13:47:25+05:18
0,0,0,0,0,0,2021-09-26 14:56:51+05:18
