Acquisition,Preparation,Modeling,Training,Evaluation,Prediction,time
0,0,0,0,0,0,2018-10-30 22:20:13+07:00
4,3,1,1,1,0,2018-10-30 22:25:29+07:00
1,1,0,0,0,0,2018-10-31 00:24:59+07:00
1,0,0,0,0,0,2018-10-31 00:37:58+07:00
0,1,0,0,0,0,2018-10-31 00:44:41+07:00
4,4,1,1,2,0,2018-11-01 02:25:46+07:00
2,2,0,0,0,0,2018-11-01 10:35:19+07:00
201,527,174,24,25,12,2018-11-01 03:41:15+00:00
201,527,174,24,25,12,2018-11-01 10:46:01+07:00
0,0,0,0,0,0,2018-11-01 10:49:16+07:00
1,1,0,0,0,0,2018-11-01 11:08:08+07:00
1,1,0,0,0,0,2018-11-01 11:10:09+07:00
1,1,0,0,0,0,2018-11-01 11:25:28+07:00
0,0,0,0,0,0,2018-11-01 11:26:34+07:00
0,0,0,0,0,0,2018-11-01 11:27:54+07:00
0,0,0,0,0,0,2018-11-01 11:29:36+07:00
0,0,0,0,0,0,2018-11-01 11:30:37+07:00
1,1,0,0,0,0,2018-11-01 12:14:04+07:00
0,0,0,0,0,0,2018-11-01 12:21:22+07:00
1,1,0,0,0,0,2018-11-01 13:49:14+07:00
0,0,0,0,0,0,2018-11-01 13:49:49+07:00
1,1,0,0,0,0,2018-11-01 14:25:05+07:00
1,1,0,0,0,0,2018-11-01 15:03:05+07:00
3,4,1,1,2,0,2018-11-01 15:34:24+07:00
0,0,0,0,0,0,2018-11-01 15:38:54+07:00
1,1,0,0,0,0,2018-11-01 16:28:12+07:00
0,1,1,1,1,0,2018-11-01 17:34:35+07:00
2,1,0,0,0,0,2018-11-02 16:35:43+07:00
0,0,0,0,0,0,2018-11-02 16:36:10+07:00
1,1,0,0,0,0,2018-11-02 16:39:30+07:00
1,2,1,1,1,0,2018-11-02 16:51:18+07:00
1,1,0,0,0,0,2018-11-02 21:00:34+07:00
0,1,0,0,0,0,2018-11-03 15:54:06+07:00
1,2,1,2,1,0,2018-11-14 23:31:34+07:00
1,2,0,1,0,0,2018-11-14 23:47:41+07:00
1,0,0,0,0,0,2018-11-15 00:07:06+07:00
1,0,0,0,0,0,2018-11-15 00:16:27+07:00
0,1,0,1,0,0,2018-11-15 01:50:58+07:00
1,1,0,0,0,0,2018-11-15 13:38:48+07:00
1,1,0,0,0,0,2018-11-15 13:54:26+07:00
1,1,0,0,0,0,2018-11-15 13:59:31+07:00
2,2,0,1,0,0,2018-11-15 16:46:38+07:00
2,1,0,0,0,0,2018-11-19 12:18:01+07:00
1,0,0,0,0,0,2018-11-21 13:59:43+07:00
2,1,0,0,0,0,2018-11-21 14:56:49+07:00
1,1,1,1,1,0,2018-11-21 15:21:18+07:00
1,1,0,1,0,0,2018-11-21 15:57:01+07:00
2,1,0,0,0,0,2018-11-21 16:12:05+07:00
1,0,0,0,0,0,2018-11-21 16:13:21+07:00
1,0,0,0,0,0,2018-11-21 23:16:14+07:00
0,0,0,0,0,0,2018-11-25 12:54:01+07:00
2,3,0,1,0,0,2018-11-26 05:07:05+07:00
1,2,0,0,0,0,2018-11-26 05:38:57+07:00
0,0,0,0,0,0,2018-11-26 05:39:36+07:00
1,1,0,0,0,0,2018-11-26 05:55:46+07:00
1,1,0,0,0,0,2018-11-26 06:04:53+07:00
2,2,0,1,0,0,2018-11-26 06:32:09+07:00
2,2,0,2,0,0,2018-11-26 13:18:05+07:00
1,1,0,0,0,0,2018-11-26 18:31:04+07:00
0,0,0,0,0,0,2018-11-26 18:34:20+07:00
2,1,0,1,0,0,2018-11-26 18:41:39+07:00
4,4,1,2,1,0,2018-11-26 18:43:51+07:00
4,4,1,2,1,0,2018-11-26 18:46:06+07:00
2,1,0,1,0,0,2018-11-27 08:40:30+07:00
3,2,0,1,0,0,2018-12-26 22:27:07+07:00
2,1,0,0,0,0,2018-12-29 16:15:58+07:00
3,1,0,0,0,0,2018-12-30 01:30:03+07:00
3,5,0,1,0,0,2018-12-30 03:36:34+07:00
1,3,0,0,0,0,2018-12-30 20:06:23+07:00
0,1,0,0,0,0,2018-12-31 00:16:58+07:00
1,2,0,0,0,0,2019-01-01 09:09:54+07:00
3,3,0,0,0,0,2019-01-01 10:15:43+07:00
0,1,0,0,0,0,2019-01-01 21:09:09+07:00
0,0,0,0,0,0,2019-01-01 21:17:17+07:00
0,1,0,0,0,0,2019-01-01 21:17:40+07:00
3,3,0,0,0,0,2019-01-02 02:32:11+07:00
1,0,0,0,0,0,2019-01-02 12:39:12+07:00
1,0,0,0,0,0,2019-01-02 12:43:49+07:00
1,0,0,0,0,0,2019-01-03 00:46:06+07:00
1,0,0,0,0,0,2019-01-03 00:47:47+07:00
0,0,0,0,0,0,2019-01-05 01:28:07+07:00
0,0,0,0,0,0,2019-01-05 01:32:38+07:00
1,0,0,0,0,0,2019-01-06 04:20:19+07:00
0,0,0,0,0,0,2019-01-06 04:25:15+07:00
0,0,0,0,0,0,2019-01-06 04:25:45+07:00
0,0,0,0,0,0,2019-01-06 04:27:22+07:00
1,0,0,0,0,0,2019-01-06 10:15:38+07:00
1,4,0,0,0,0,2019-01-08 03:46:10+07:00
0,0,0,0,0,0,2019-01-08 03:48:25+07:00
0,1,0,0,0,0,2019-01-08 22:04:32+07:00
0,1,0,0,0,0,2019-01-09 01:18:56+07:00
0,1,0,0,0,0,2019-01-09 01:20:24+07:00
1,3,0,1,0,0,2019-01-10 03:08:56+07:00
1,2,0,0,0,0,2019-01-14 22:19:49+07:00
0,0,0,0,0,0,2019-01-14 22:23:40+07:00
0,0,0,0,0,0,2019-01-14 22:23:40+07:00
0,0,0,0,0,0,2019-01-14 22:31:30+07:00
0,0,0,0,0,0,2019-01-14 22:33:40+07:00
0,1,0,1,0,0,2019-01-18 20:00:30+07:00
0,0,0,0,0,0,2019-01-18 20:15:36+07:00
0,0,0,0,0,0,2019-01-18 20:16:35+07:00
0,0,0,0,0,0,2019-01-18 20:18:30+07:00
0,2,0,1,0,0,2019-01-24 12:09:56+07:00
0,1,0,0,0,0,2019-01-27 23:11:34+07:00
0,0,0,0,0,0,2019-01-27 23:12:29+07:00
0,1,0,1,0,0,2019-02-01 01:08:25+07:00
0,0,0,0,0,0,2019-02-01 01:08:48+07:00
0,0,0,0,0,0,2019-02-02 15:35:13+07:00
0,1,0,1,0,0,2019-02-02 19:14:33+07:00
0,0,0,0,0,0,2019-02-02 19:15:23+07:00
0,2,0,1,0,0,2019-02-02 23:02:52+07:00
0,1,0,0,0,0,2019-02-03 03:09:36+07:00
0,4,0,1,0,0,2019-02-04 11:54:40+07:00
0,0,0,0,0,0,2019-02-04 11:56:43+07:00
0,2,0,0,0,0,2019-02-04 12:15:17+07:00
0,3,0,0,0,0,2019-02-05 00:09:40+07:00
0,1,0,0,0,0,2019-02-05 01:10:38+07:00
0,1,0,0,0,0,2019-02-05 01:17:10+07:00
0,1,0,1,0,0,2019-02-05 01:27:13+07:00
0,2,0,0,0,0,2019-02-05 14:50:34+07:00
0,0,0,0,0,0,2019-02-05 14:51:09+07:00
0,1,0,0,0,0,2019-02-05 15:10:40+07:00
0,1,0,0,0,0,2019-02-05 15:29:00+07:00
1,3,1,1,1,0,2019-02-05 16:48:13+07:00
1,1,1,1,1,0,2019-02-05 16:54:53+07:00
1,1,1,1,1,0,2019-02-05 17:12:07+07:00
1,1,1,1,1,0,2019-02-05 17:13:15+07:00
1,1,1,1,1,0,2019-02-05 17:13:15+07:00
1,1,1,1,1,0,2019-02-05 17:20:05+07:00
0,0,0,0,0,0,2019-02-05 17:20:15+07:00
1,1,1,1,1,0,2019-02-05 17:31:16+07:00
1,1,1,1,1,0,2019-02-05 17:59:17+07:00
0,0,0,0,0,0,2019-02-05 22:11:41+07:00
0,0,0,0,0,0,2019-02-06 00:43:46+07:00
0,2,0,1,0,0,2019-02-06 02:07:43+07:00
1,1,1,1,1,0,2019-02-06 02:08:11+07:00
0,0,0,0,0,0,2019-02-06 02:08:56+07:00
0,0,0,0,0,0,2019-02-06 02:10:59+07:00
0,0,0,0,0,0,2019-02-06 02:11:43+07:00
0,0,0,0,0,0,2019-02-06 02:14:09+07:00
0,0,0,0,0,0,2019-02-06 02:14:17+07:00
0,0,0,0,0,0,2019-02-06 02:14:29+07:00
0,0,0,0,0,0,2019-02-06 02:16:01+07:00
0,1,0,0,0,0,2019-02-06 11:23:34+07:00
0,0,0,0,0,0,2019-02-06 11:24:33+07:00
1,1,1,1,1,0,2019-02-08 00:02:11+07:00
1,1,1,1,1,0,2019-02-08 00:15:47+07:00
0,0,0,0,0,0,2019-02-08 00:24:08+07:00
1,1,1,1,1,0,2019-02-08 01:36:19+07:00
0,0,0,0,0,0,2019-02-08 01:36:31+07:00
1,1,1,1,1,0,2019-02-08 01:41:18+07:00
1,1,1,1,1,0,2019-02-09 10:45:10+07:00
1,1,1,1,1,0,2019-02-09 12:58:55+07:00
1,1,1,1,1,0,2019-02-10 08:46:59+07:00
0,0,0,0,0,0,2019-02-16 12:27:43+07:00
1,1,0,0,0,0,2019-02-22 14:04:38+07:00
0,0,0,0,0,0,2019-02-22 14:04:56+07:00
1,1,0,0,0,0,2019-02-26 14:12:55+07:00
0,0,0,0,0,0,2019-02-26 14:13:14+07:00
1,3,3,1,1,0,2019-03-09 13:03:31+07:00
0,1,0,0,0,0,2019-03-09 22:48:25+07:00
0,1,0,0,0,0,2019-03-20 00:07:58+07:00
0,2,0,1,0,0,2019-03-20 17:12:32+07:00
0,0,0,0,0,0,2019-03-20 17:13:36+07:00
0,1,0,0,0,0,2019-03-20 17:29:59+07:00
0,0,0,0,0,0,2019-03-20 17:31:29+07:00
0,0,0,0,0,0,2019-03-21 01:45:46+07:00
0,0,0,0,0,0,2019-03-21 01:46:05+07:00
0,2,0,1,0,0,2019-03-22 05:18:14+07:00
0,0,0,0,0,0,2019-03-22 05:18:28+07:00
0,0,0,0,0,0,2019-03-22 09:43:32+07:00
0,0,0,0,0,0,2019-03-22 09:43:43+07:00
0,0,0,0,0,0,2019-03-22 09:44:29+07:00
0,0,0,0,0,0,2019-03-22 09:47:15+07:00
0,0,0,0,0,0,2019-03-22 09:47:36+07:00
0,0,0,0,0,0,2019-03-22 09:48:38+07:00
0,0,0,0,0,0,2019-03-22 09:49:43+07:00
1,2,0,0,0,0,2019-03-29 09:32:27+07:00
1,3,0,0,0,0,2019-03-29 11:18:54+07:00
0,1,0,0,0,0,2019-03-29 11:29:14+07:00
0,0,0,0,0,0,2019-03-29 11:31:27+07:00
0,0,0,0,0,0,2019-03-29 11:31:43+07:00
0,1,0,0,0,0,2019-03-29 11:37:42+07:00
0,0,0,0,0,0,2019-03-29 11:37:56+07:00
0,2,0,0,0,0,2019-04-01 11:50:41+07:00
0,0,0,0,0,0,2019-04-01 11:59:37+07:00
0,0,0,0,0,0,2019-04-01 12:00:52+07:00
1,3,3,1,1,0,2019-04-01 12:16:02+07:00
0,3,0,0,0,0,2019-04-01 22:48:47+07:00
0,0,0,0,0,0,2019-04-01 22:53:43+07:00
0,3,0,0,0,0,2019-04-01 23:02:18+07:00
0,0,0,0,0,0,2019-04-01 23:02:44+07:00
0,1,0,0,0,0,2019-04-01 23:30:17+07:00
0,0,0,0,0,0,2019-04-01 23:32:03+07:00
0,0,0,0,0,0,2019-04-01 23:36:12+07:00
0,4,0,0,0,0,2019-04-04 00:08:51+07:00
0,0,0,0,0,0,2019-04-04 14:26:36+07:00
1,0,0,0,0,0,2019-04-04 14:26:49+07:00
3,3,0,0,0,0,2019-04-04 15:32:35+07:00
1,1,0,0,0,0,2019-04-05 09:26:17+07:00
1,1,0,0,0,0,2019-04-05 09:26:17+07:00
1,1,0,0,0,0,2019-04-05 14:51:15+07:00
0,0,0,0,0,0,2019-04-05 14:52:39+07:00
0,0,0,0,0,0,2019-04-05 14:55:47+07:00
0,0,0,0,0,0,2019-04-05 21:13:25+07:00
0,0,0,0,0,0,2019-04-06 13:25:01+07:00
0,0,0,0,0,0,2019-04-06 14:03:43+07:00
1,1,0,0,0,0,2019-04-06 14:54:14+07:00
0,0,0,0,0,0,2019-04-06 14:55:30+07:00
0,0,0,0,0,0,2019-04-06 14:55:55+07:00
0,0,0,0,0,0,2019-04-06 14:56:34+07:00
0,0,0,0,0,0,2019-04-06 14:56:50+07:00
0,0,0,0,0,0,2019-04-06 14:57:23+07:00
0,0,0,0,0,0,2019-04-06 15:43:31+07:00
1,1,0,0,0,0,2019-04-09 12:00:13+07:00
1,1,0,0,0,0,2019-04-09 13:59:42+07:00
0,0,0,0,0,0,2019-04-09 13:59:52+07:00
0,0,0,0,0,0,2019-04-10 00:03:30+07:00
0,0,0,0,0,0,2019-04-10 00:05:28+07:00
1,1,0,0,0,0,2019-04-10 00:11:57+07:00
0,0,0,0,0,0,2019-04-10 00:44:49+07:00
0,0,0,0,0,0,2019-04-10 00:56:34+07:00
1,1,0,0,0,0,2019-04-10 13:58:11+07:00
1,2,0,0,0,0,2019-04-10 16:08:13+07:00
0,1,0,0,0,0,2019-04-10 16:15:45+07:00
0,1,0,0,0,0,2019-04-10 17:17:32+07:00
0,1,0,0,0,0,2019-04-12 01:31:09+07:00
0,1,0,0,0,0,2019-04-12 21:07:28+07:00
0,1,0,1,0,0,2019-04-12 22:50:28+07:00
0,2,0,2,0,0,2019-04-12 23:23:54+07:00
0,2,0,0,0,0,2019-04-12 23:34:08+07:00
0,0,0,0,0,0,2019-04-12 23:35:43+07:00
0,0,0,0,0,0,2019-04-12 23:35:56+07:00
0,0,0,0,0,0,2019-04-12 23:38:14+07:00
0,0,0,0,0,0,2019-04-12 23:53:55+07:00
0,0,0,0,0,0,2019-04-13 00:58:07+07:00
0,0,0,0,0,0,2019-04-13 01:02:17+07:00
0,0,0,0,0,0,2019-04-13 01:03:02+07:00
0,0,0,0,0,0,2019-04-13 01:04:18+07:00
0,5,0,2,0,0,2019-04-13 01:55:31+07:00
0,0,0,0,0,0,2019-04-13 01:55:48+07:00
0,0,0,0,0,0,2019-04-13 11:00:50+07:00
0,0,0,0,0,0,2019-04-13 11:01:00+07:00
0,0,0,0,0,0,2019-04-13 11:02:15+07:00
0,1,0,0,0,0,2019-04-13 11:35:25+07:00
0,0,0,0,0,0,2019-04-13 22:40:55+07:00
0,2,0,0,0,0,2019-04-14 12:22:00+07:00
0,1,0,0,0,0,2019-04-14 14:30:15+07:00
0,1,0,0,0,0,2019-04-14 14:32:21+07:00
0,1,0,0,0,0,2019-04-14 18:30:37+07:00
0,1,0,0,0,0,2019-04-14 18:40:48+07:00
0,2,0,0,0,0,2019-04-14 18:46:05+07:00
0,0,0,0,0,0,2019-04-14 21:55:28+07:00
0,0,0,0,0,0,2019-04-14 22:01:45+07:00
0,0,0,0,0,0,2019-04-15 01:38:13+07:00
0,0,0,0,0,0,2019-04-15 01:49:53+07:00
0,0,0,0,0,0,2019-04-15 02:37:20+07:00
0,0,0,0,0,0,2019-04-15 03:42:47+07:00
0,0,0,0,0,0,2019-04-15 03:48:56+07:00
0,0,0,0,0,0,2019-04-15 19:22:51+07:00
0,1,0,0,0,0,2019-04-16 16:14:24+07:00
0,1,0,0,0,0,2019-04-16 18:21:01+07:00
0,0,0,0,0,0,2019-04-16 21:06:35+07:00
0,0,0,0,0,0,2019-04-17 03:40:06+07:00
0,0,0,0,0,0,2019-04-17 03:55:17+07:00
0,0,0,0,0,0,2019-04-17 14:55:04+07:00
0,1,0,0,0,0,2019-04-17 22:57:29+07:00
0,0,0,0,0,0,2019-04-17 22:57:59+07:00
0,1,0,0,0,0,2019-04-18 01:05:33+07:00
0,1,0,0,0,0,2019-04-18 03:38:23+07:00
0,1,0,0,0,0,2019-04-18 14:09:23+07:00
0,0,0,0,0,0,2019-04-18 14:23:27+07:00
0,1,0,0,0,0,2019-04-18 14:37:28+07:00
0,0,0,0,0,0,2019-04-18 14:37:46+07:00
0,1,0,0,0,0,2019-04-18 15:07:31+07:00
0,0,0,0,0,0,2019-04-18 15:07:56+07:00
0,3,0,0,0,0,2019-04-18 15:24:02+07:00
0,0,0,0,0,0,2019-04-18 15:24:41+07:00
1,2,1,0,0,0,2019-04-18 17:11:07+07:00
1,2,0,0,0,0,2019-04-18 20:18:15+07:00
0,0,0,0,0,0,2019-04-18 21:35:45+07:00
0,1,0,0,0,0,2019-04-18 21:53:54+07:00
0,1,0,0,0,0,2019-04-18 21:59:19+07:00
0,0,0,0,0,0,2019-04-18 21:59:39+07:00
0,1,0,0,0,0,2019-04-19 03:56:10+07:00
0,1,0,1,0,0,2019-04-19 04:09:01+07:00
0,0,0,0,0,0,2019-04-19 04:09:23+07:00
0,1,1,0,0,0,2019-04-20 04:08:48+07:00
0,1,1,0,0,0,2019-04-20 04:24:16+07:00
1,1,0,0,0,0,2019-04-20 04:29:44+07:00
1,2,0,1,0,0,2019-04-20 04:46:11+07:00
0,1,1,0,0,0,2019-04-20 04:50:21+07:00
0,1,1,0,0,0,2019-04-20 04:53:45+07:00
1,1,0,0,0,0,2019-04-20 04:58:33+07:00
0,0,0,0,0,0,2019-04-20 04:58:45+07:00
0,1,0,0,0,0,2019-04-20 14:17:09+07:00
0,0,0,0,0,0,2019-04-20 14:17:30+07:00
0,1,0,0,0,0,2019-04-20 17:03:14+07:00
0,0,0,0,0,0,2019-04-20 17:04:20+07:00
0,1,0,0,0,0,2019-04-20 17:07:03+07:00
0,1,1,0,0,0,2019-04-20 18:21:35+07:00
0,0,0,0,0,0,2019-04-20 18:24:17+07:00
0,0,0,0,0,0,2019-04-20 18:25:03+07:00
0,0,0,0,0,0,2019-04-20 18:37:42+07:00
0,1,0,0,0,0,2019-04-21 03:18:03+07:00
0,0,0,0,0,0,2019-04-21 03:19:11+07:00
0,0,0,0,0,0,2019-04-23 00:56:57+07:00
0,0,0,0,0,0,2019-04-23 04:11:02+07:00
0,1,0,0,0,0,2019-04-24 00:34:38+07:00
0,0,0,0,0,0,2019-04-24 01:48:17+07:00
0,0,0,0,0,0,2019-04-24 02:40:13+07:00
0,1,0,0,0,0,2019-04-24 03:21:10+07:00
0,0,0,0,0,0,2019-04-24 11:59:52+07:00
0,0,0,0,0,0,2019-04-24 13:04:19+07:00
0,0,0,0,0,0,2019-04-24 13:13:04+07:00
0,0,0,0,0,0,2019-04-24 13:49:35+07:00
0,0,0,0,0,0,2019-05-03 18:40:54+07:00
0,0,0,0,0,0,2019-05-03 18:53:52+07:00
0,0,0,0,0,0,2019-05-03 19:08:25+07:00
0,0,0,0,0,0,2019-05-03 19:09:19+07:00
0,0,0,0,0,0,2019-05-03 19:13:05+07:00
0,0,0,0,0,0,2019-05-03 19:15:47+07:00
0,0,0,0,0,0,2019-05-03 19:15:47+07:00
0,0,0,0,0,0,2019-05-03 19:22:40+07:00
0,0,0,0,0,0,2019-05-03 19:31:22+07:00
0,0,0,0,0,0,2019-05-03 19:36:50+07:00
0,0,0,0,0,0,2019-05-03 19:55:49+07:00
0,0,0,0,0,0,2019-05-03 19:55:49+07:00
0,0,0,0,0,0,2019-05-03 21:51:13+07:00
0,0,0,0,0,0,2019-05-03 21:57:14+07:00
0,0,0,0,0,0,2019-05-04 18:31:42+07:00
0,0,0,0,0,0,2019-05-04 18:34:38+07:00
0,0,0,0,0,0,2019-05-04 18:37:06+07:00
0,0,0,0,0,0,2019-05-04 18:38:10+07:00
0,0,0,0,0,0,2019-05-05 02:46:08+07:00
0,0,0,0,0,0,2019-05-05 02:46:08+07:00
0,0,0,0,0,0,2019-05-05 02:49:29+07:00
0,0,0,0,0,0,2019-05-05 02:52:06+07:00
0,0,0,0,0,0,2019-05-06 14:38:20+07:00
0,2,1,0,0,0,2019-05-06 14:51:19+07:00
0,1,0,0,0,0,2019-05-06 23:47:41+07:00
0,0,0,0,0,0,2019-05-06 23:50:24+07:00
0,0,0,0,0,0,2019-05-06 23:56:55+07:00
0,0,0,0,0,0,2019-05-07 00:13:14+07:00
0,0,0,0,0,0,2019-05-07 00:22:13+07:00
0,0,0,0,0,0,2019-05-07 00:22:13+07:00
0,0,0,0,0,0,2019-05-07 00:24:23+07:00
0,0,0,0,0,0,2019-05-07 00:24:29+07:00
0,0,0,0,0,0,2019-05-07 00:25:21+07:00
0,0,0,0,0,0,2019-05-07 00:38:22+07:00
0,0,0,0,0,0,2019-05-07 00:40:58+07:00
0,0,0,0,0,0,2019-05-07 22:55:00+07:00
0,0,0,0,0,0,2019-05-07 23:03:14+07:00
0,0,0,0,0,0,2019-05-07 23:03:47+07:00
0,0,0,0,0,0,2019-05-07 23:05:07+07:00
0,0,0,0,0,0,2019-05-07 23:09:24+07:00
0,0,0,0,0,0,2019-05-07 23:12:04+07:00
0,0,0,0,0,0,2019-05-07 23:12:32+07:00
0,0,0,0,0,0,2019-05-07 23:47:14+07:00
0,0,0,0,0,0,2019-05-07 23:48:09+07:00
0,0,0,0,0,0,2019-05-07 23:48:27+07:00
0,0,0,0,0,0,2019-05-08 00:12:53+07:00
0,0,0,0,0,0,2019-05-08 00:13:13+07:00
0,0,0,0,0,0,2019-05-08 00:16:34+07:00
0,0,0,0,0,0,2019-05-08 09:52:52+07:00
0,1,0,0,0,0,2019-05-08 15:18:08+07:00
0,1,0,0,0,0,2019-05-08 15:23:01+07:00
0,0,0,0,0,0,2019-05-08 15:27:13+07:00
0,0,0,0,0,0,2019-05-08 15:29:32+07:00
1,2,0,0,0,0,2019-06-01 20:13:45+07:00
