Acquisition,Preparation,Modeling,Training,Evaluation,Prediction,time
0,0,0,0,0,0,2019-02-28 23:13:51+08:00
3,9,5,1,2,0,2019-02-28 23:14:09+08:00
0,0,0,0,0,0,2019-02-28 23:40:55+08:00
0,1,1,1,1,0,2019-02-28 23:45:46+08:00
0,0,0,0,0,0,2019-03-01 00:19:10+08:00
0,0,0,0,0,0,2019-03-01 00:19:59+08:00
0,0,0,0,0,0,2019-03-01 00:20:23+08:00
0,0,0,0,0,0,2019-03-01 00:24:37+08:00
0,3,4,1,2,0,2019-03-01 14:02:49+08:00
0,3,2,1,2,0,2019-03-01 16:38:08+08:00
0,5,4,1,2,0,2019-03-04 12:46:33+08:00
1,3,4,1,1,0,2019-03-05 16:51:36+08:00
1,2,1,1,1,0,2019-03-05 20:49:57+08:00
1,4,4,1,2,0,2019-03-06 15:56:36+08:00
1,2,5,1,2,0,2019-03-07 15:48:36+08:00
1,2,5,1,3,0,2019-03-10 23:50:41+08:00
2,6,4,1,4,0,2019-03-11 16:17:05+08:00
0,0,0,0,0,0,2019-03-11 16:19:17+08:00
0,0,0,0,0,0,2019-03-11 16:20:06+08:00
0,0,0,0,0,0,2019-03-11 16:22:27+08:00
0,1,1,1,1,0,2019-03-11 16:23:22+08:00
0,0,0,0,0,0,2019-03-11 16:24:36+08:00
0,0,0,0,0,0,2019-03-11 16:28:05+08:00
0,0,0,0,0,0,2019-03-11 16:31:03+08:00
0,1,1,1,1,0,2019-03-12 13:34:49+08:00
0,0,0,0,0,0,2019-03-12 13:51:51+08:00
1,3,2,1,3,0,2019-03-13 02:17:45+08:00
1,2,1,1,1,0,2019-07-08 19:58:11+08:00
0,1,1,1,1,0,2019-08-24 19:43:15+08:00
0,0,1,0,0,0,2019-08-24 19:43:44+08:00
0,0,0,0,0,0,2019-08-24 19:44:35+08:00
0,0,1,0,0,0,2019-08-25 18:01:26+08:00
0,0,0,0,0,0,2019-08-25 21:14:31+08:00
2,10,4,1,3,0,2019-12-02 16:43:36+00:00
1,2,2,1,2,0,2019-12-02 16:46:17+00:00
0,1,4,0,1,0,2019-12-02 16:47:25+00:00
0,0,0,0,0,0,2019-12-02 17:00:08+00:00
0,1,1,1,1,0,2019-12-02 17:37:28+00:00
0,1,1,1,1,0,2019-12-02 17:37:46+00:00
0,1,1,1,1,0,2019-12-02 17:38:44+00:00
0,0,0,0,0,0,2019-12-02 17:42:26+00:00
0,1,1,1,1,0,2019-12-02 20:11:45+00:00
0,0,0,0,0,0,2019-12-02 20:15:44+00:00
0,0,0,0,0,0,2019-12-02 21:51:49+00:00
0,0,0,0,0,0,2019-12-02 21:53:02+00:00
0,0,0,0,0,0,2019-12-02 21:54:18+00:00
0,0,0,0,0,0,2019-12-02 21:54:51+00:00
0,0,0,0,0,0,2019-12-02 21:56:01+00:00
0,0,0,0,0,0,2019-12-02 21:56:52+00:00
0,0,0,0,0,0,2019-12-03 00:00:19+00:00
0,1,1,1,1,0,2019-12-03 14:42:04+00:00
0,1,1,1,1,0,2019-12-03 15:15:47+00:00
0,0,0,0,0,0,2019-12-03 15:22:05+00:00
0,1,1,1,1,0,2019-12-03 15:24:24+00:00
0,3,2,1,2,0,2019-12-04 11:43:13+00:00
0,0,0,0,0,0,2019-12-04 11:52:11+00:00
0,2,1,1,1,0,2019-12-04 20:00:36+00:00
0,1,1,1,1,0,2019-12-06 20:50:43+00:00
0,0,0,0,0,0,2019-12-06 20:51:18+00:00
0,1,1,1,1,0,2019-12-06 20:52:25+00:00
0,0,0,0,0,0,2019-12-06 20:55:31+00:00
0,0,0,0,0,0,2019-12-07 00:19:43+00:00
0,0,0,0,0,0,2019-12-07 11:23:05+08:00
0,1,1,1,1,0,2019-12-09 09:59:30+00:00
0,0,0,0,0,0,2019-12-09 10:00:26+00:00
0,1,1,1,1,0,2019-12-10 18:42:35+00:00
0,0,0,0,0,0,2019-12-11 12:49:52+00:00
1,2,1,1,1,0,2019-12-12 17:31:04+00:00
0,0,0,0,0,0,2019-12-12 17:34:14+00:00
0,0,0,0,0,0,2019-12-12 17:35:35+08:00
0,0,0,0,0,0,2019-12-12 17:36:21+08:00
0,0,0,0,0,0,2019-12-12 23:23:36+08:00
0,0,0,0,0,0,2019-12-12 23:28:57+00:00
1,3,1,1,1,0,2019-12-13 18:57:52+00:00
0,1,1,1,1,0,2019-12-13 18:59:54+00:00
0,0,0,0,0,0,2019-12-15 17:10:13+08:00
1,2,1,1,1,0,2019-12-15 12:19:07+00:00
0,1,1,1,1,0,2019-12-18 20:47:11+00:00
0,0,0,0,0,0,2019-12-18 20:47:29+00:00
0,1,0,0,0,0,2020-01-17 18:06:49+00:00
0,1,1,1,1,0,2020-01-17 18:07:45+00:00
0,0,0,0,0,0,2020-01-17 18:08:06+00:00
0,0,0,0,0,0,2020-01-17 18:09:08+00:00
0,0,0,0,0,0,2020-01-17 18:28:14+08:00
0,1,1,1,1,0,2020-01-19 02:10:57+00:00
0,0,0,0,0,0,2020-02-08 20:55:03+08:00
0,0,0,0,0,0,2020-02-08 20:55:32+08:00
0,0,0,0,0,0,2020-02-09 21:27:31+08:00
0,0,0,0,0,0,2020-02-26 17:37:39+08:00
0,1,1,1,1,0,2020-03-18 15:43:13+08:00
0,1,1,1,1,0,2020-03-29 17:01:38+08:00
0,0,0,0,0,0,2020-04-21 02:52:34+08:00
0,0,0,0,0,0,2020-08-31 14:17:45+08:00
0,0,0,0,0,0,2020-09-04 15:26:23+08:00
0,0,0,0,0,0,2020-09-04 15:26:51+08:00
0,0,0,0,0,0,2020-09-21 21:01:14+08:00
0,0,0,0,0,0,2020-09-21 21:03:45+08:00
0,0,0,0,0,0,2020-09-24 11:17:57+08:00
0,0,0,0,0,0,2020-09-26 16:00:36+08:00
0,0,0,0,0,0,2020-09-26 17:29:20+08:00
0,0,0,0,0,0,2020-09-26 17:31:25+08:00
0,0,0,0,0,0,2021-01-25 16:40:21+08:00
0,0,0,0,0,0,2021-04-28 15:53:22+08:00
0,0,0,0,0,0,2021-06-08 20:51:33+08:00
0,0,0,0,0,0,2021-06-10 14:43:16+08:00
1,1,1,0,1,0,2021-06-15 15:07:01+08:00
0,0,0,0,0,0,2021-06-15 15:25:21+08:00
0,0,0,0,0,0,2021-06-15 15:27:17+08:00
1,1,1,0,1,0,2021-06-16 19:08:51+08:00
0,1,0,0,0,0,2021-07-31 18:01:10+08:00
0,0,0,0,0,0,2021-08-01 00:57:07+08:00
0,1,1,0,0,0,2021-11-02 14:36:06+08:00
0,1,1,0,0,0,2021-11-02 14:36:37+08:00
0,0,0,0,0,0,2021-11-13 16:17:05+10:00
0,1,1,1,1,0,2021-11-13 20:24:14+08:00
0,0,0,0,0,0,2021-11-13 20:28:03+08:00
0,1,1,1,1,0,2021-11-16 15:26:18+08:00
0,1,1,1,1,0,2021-11-16 15:32:55+08:00
1,1,1,0,1,0,2021-11-16 15:36:09+08:00
0,0,0,0,0,0,2021-11-16 15:38:24+08:00
0,0,0,0,0,0,2021-11-16 15:41:30+08:00
0,1,1,0,0,0,2021-11-16 17:33:21+08:00
0,1,0,0,0,0,2021-11-16 17:46:27+08:00
0,0,0,0,0,0,2021-11-16 17:47:14+08:00
0,1,1,0,0,0,2021-11-16 18:14:03+08:00
0,1,0,0,0,0,2021-11-16 18:14:44+08:00
0,1,1,0,0,0,2021-11-16 18:41:05+08:00
0,0,0,0,0,0,2021-11-19 05:12:13+08:00
0,0,0,0,0,0,2021-11-20 22:48:47+08:00
0,0,0,0,0,0,2021-11-25 15:57:22+08:00
0,0,0,0,0,0,2021-11-25 15:57:33+08:00
1,1,1,0,1,0,2021-12-05 14:55:11+08:00
1,1,1,0,1,0,2022-02-13 22:12:14+01:00
0,0,0,0,0,0,2022-02-14 14:50:48+08:00
0,2,1,0,0,0,2022-06-17 18:09:44+08:00
0,0,0,0,0,0,2022-06-20 20:24:07+08:00
0,1,0,0,0,0,2022-06-20 20:24:40+08:00
0,0,0,0,0,0,2022-06-20 22:32:58+08:00
0,0,0,0,0,0,2022-06-30 13:43:35+08:00
