Acquisition,Preparation,Modeling,Training,Evaluation,Prediction,time
1,1,0,1,1,1,2016-12-21 16:58:30+02:00
1,1,0,1,1,1,2016-12-22 14:23:22+02:00
0,0,0,0,0,0,2016-12-26 18:04:23+02:00
0,0,0,0,0,0,2016-12-26 18:04:28+02:00
1,1,0,1,1,1,2016-12-26 18:21:54+02:00
0,0,0,0,0,0,2016-12-27 14:19:24+01:00
0,0,0,0,0,0,2016-12-28 13:45:37+01:00
0,0,0,0,0,0,2016-12-29 16:08:44+01:00
1,1,0,1,1,1,2016-12-30 09:25:18+02:00
0,0,0,0,0,0,2016-12-30 09:27:20+02:00
0,0,0,0,0,0,2016-12-30 14:36:08+01:00
1,1,0,1,1,1,2017-01-05 17:59:21+01:00
1,1,0,1,1,1,2017-01-05 19:08:44+01:00
0,0,0,0,0,0,2017-01-17 23:59:28+01:00
0,0,0,0,0,0,2017-01-19 16:34:39+02:00
0,0,0,0,0,0,2017-01-20 16:32:25+02:00
0,0,0,0,0,0,2017-01-24 19:11:53+01:00
0,0,0,0,0,0,2017-01-27 17:02:32+01:00
0,0,0,0,0,0,2017-02-06 11:20:58+02:00
0,0,0,0,0,0,2017-02-13 16:41:48+02:00
0,0,0,0,0,0,2017-02-13 16:42:30+02:00
0,0,0,0,0,0,2017-02-14 18:56:14+02:00
0,0,0,0,0,0,2017-02-15 10:46:58+02:00
0,0,0,0,0,0,2017-02-17 15:43:33+02:00
0,0,0,0,0,0,2017-02-17 15:43:49+02:00
1,1,0,1,1,1,2017-02-20 14:37:07+02:00
0,0,0,0,0,0,2017-02-20 17:18:38+02:00
0,0,0,0,0,0,2017-03-17 19:06:43+02:00
1,1,0,1,1,1,2017-09-29 12:58:32+03:00
1,1,0,1,1,1,2017-10-03 13:41:57+03:00
0,0,0,0,0,0,2017-10-03 14:44:12+03:00
0,0,0,0,0,0,2018-02-01 11:49:46+02:00
1,1,0,1,1,1,2018-02-01 12:18:18+02:00
0,0,0,0,0,0,2018-02-01 12:49:56+02:00
0,0,0,0,0,0,2018-02-01 12:51:55+02:00
2,2,0,1,1,1,2018-02-16 13:56:33+02:00
0,0,0,0,0,0,2018-02-16 14:10:17+02:00
0,0,0,0,0,0,2018-07-13 18:32:03+03:00
0,0,0,0,0,0,2018-07-13 17:33:58+02:00
0,0,0,0,0,0,2018-10-23 14:25:36+03:00
0,0,0,0,0,0,2018-10-24 17:20:02+03:00
3,4,0,1,2,2,2018-04-16 11:11:26+03:00
2,1,0,0,0,0,2018-04-16 11:14:41+03:00
1,0,0,0,0,0,2018-04-16 11:18:44+03:00
2,1,0,0,0,0,2019-01-25 11:32:44+02:00
1,1,0,1,1,0,2018-06-28 14:05:30+03:00
0,0,0,0,0,0,2019-06-11 13:34:09+03:00
0,0,0,0,0,0,2018-12-04 18:26:06+01:00
0,0,0,0,0,0,2019-06-11 13:51:44+03:00
0,0,0,0,0,0,2019-06-11 13:37:16+03:00
0,0,0,0,0,0,2019-06-11 13:45:25+03:00
0,0,0,0,0,0,2019-06-11 13:48:07+03:00
0,0,0,0,0,0,2019-06-11 14:27:44+03:00
0,0,0,0,0,0,2019-06-11 14:46:07+03:00
0,1,0,0,0,0,2019-06-11 14:51:14+03:00
1,1,0,1,1,0,2019-06-11 15:11:54+03:00
0,0,0,0,0,0,2019-06-11 15:12:10+03:00
0,0,0,1,0,0,2019-06-11 15:13:42+03:00
0,0,0,0,0,0,2019-06-11 15:14:45+03:00
3,1,0,0,0,0,2019-06-11 15:51:20+03:00
0,0,0,0,0,0,2019-06-11 15:57:23+03:00
0,0,0,0,0,0,2019-06-11 16:38:54+03:00
0,0,0,0,0,0,2019-06-12 12:58:45+03:00
0,0,0,0,0,0,2019-03-22 10:55:45+02:00
0,0,0,0,0,0,2019-08-01 14:02:12+03:00
0,0,0,0,0,0,2019-08-01 14:04:00+03:00
0,0,0,0,0,0,2019-08-01 14:22:24+03:00
0,0,0,0,0,0,2019-08-01 14:26:57+03:00
0,0,0,0,0,0,2019-08-01 14:45:18+03:00
0,0,0,0,0,0,2019-09-25 17:10:23+03:00
0,0,0,0,0,0,2019-11-19 13:50:54+02:00
0,0,0,0,0,0,2019-11-19 13:57:08+02:00
0,0,0,0,0,0,2019-12-19 14:03:35+02:00
1,0,0,0,0,0,2019-12-19 14:35:46+02:00
1,0,0,0,0,0,2019-12-19 14:47:32+02:00
0,0,0,0,0,0,2019-12-19 15:03:11+02:00
1,1,0,0,0,0,2019-12-19 15:09:07+02:00
0,0,0,0,0,0,2019-12-19 15:12:06+02:00
0,0,0,0,0,0,2019-12-19 15:13:15+02:00
0,0,0,0,0,0,2019-12-19 15:19:30+02:00
0,0,0,0,0,0,2019-12-19 15:20:57+02:00
1,1,0,0,0,0,2019-12-19 15:46:27+02:00
0,0,0,0,0,0,2019-12-19 16:16:48+02:00
1,1,0,0,0,0,2020-10-30 15:23:50+02:00
1,1,0,0,0,0,2020-10-30 15:24:39+02:00
0,0,0,0,0,0,2020-10-30 15:40:15+02:00
0,0,0,0,0,0,2020-10-30 15:40:51+02:00
1,1,0,0,0,0,2020-11-06 12:10:51+02:00
0,0,0,0,0,0,2020-11-06 12:47:09+02:00
0,0,0,0,0,0,2020-11-06 13:01:10+02:00
0,0,0,0,0,0,2020-11-06 13:02:56+02:00
0,0,0,0,0,0,2020-12-18 16:52:11+02:00
0,0,0,0,0,0,2020-12-23 11:06:45+02:00
1,0,0,0,0,0,2021-01-08 01:25:24+02:00
0,0,0,0,0,0,2021-01-12 12:47:56+02:00
7,9,1,1,2,2,2021-09-29 18:41:46+03:00
1,3,1,1,1,0,2021-10-04 09:51:23+03:00
1,0,0,0,0,0,2021-10-04 10:02:07+03:00
0,0,0,0,0,0,2021-10-04 10:25:49+03:00
0,1,1,1,1,0,2021-10-06 11:13:19+03:00
3,3,3,2,2,0,2021-10-06 12:21:00+03:00
0,0,0,0,0,0,2021-10-22 10:35:58+03:00
0,1,1,1,1,0,2021-11-10 10:33:47+02:00
0,0,0,0,0,0,2022-05-20 13:18:48+03:00
0,0,0,0,0,0,2022-05-20 13:27:27+03:00
