Acquisition,Preparation,Modeling,Training,Evaluation,Prediction,time
0,0,0,0,0,0,2019-07-19 12:13:23+05:18
0,0,0,0,0,0,2019-07-19 12:25:52+05:18
0,0,0,0,0,0,2019-07-19 12:26:50+05:18
0,0,0,0,0,0,2019-07-19 12:28:14+05:18
0,0,0,0,0,0,2019-07-19 12:32:37+05:18
0,0,0,0,0,0,2019-07-19 12:34:49+05:18
0,0,0,0,0,0,2019-07-19 12:37:26+05:18
0,0,0,0,0,0,2019-07-19 12:37:35+05:18
0,0,0,0,0,0,2019-07-19 12:37:46+05:18
0,0,0,0,0,0,2019-07-19 12:38:39+05:18
0,0,0,0,0,0,2019-07-19 13:32:56+05:18
3,5,3,2,0,2,2019-07-19 13:36:14+05:18
0,0,0,0,0,0,2019-07-19 13:39:00+05:18
0,0,0,0,0,0,2019-07-19 13:40:23+05:18
0,0,0,0,0,0,2019-07-19 13:40:47+05:18
0,0,0,0,0,0,2019-07-19 13:41:12+05:18
0,1,0,0,0,0,2019-07-19 13:41:43+05:18
0,1,0,0,0,0,2019-07-19 13:42:23+05:18
0,0,0,0,0,0,2019-07-19 13:42:40+05:18
0,1,0,0,0,0,2019-07-19 13:42:48+05:18
0,0,0,0,0,0,2019-07-19 13:42:59+05:18
1,1,1,1,0,0,2019-07-19 13:43:52+05:18
0,0,0,0,0,0,2019-07-19 13:53:15+05:18
0,0,0,0,0,0,2019-07-19 13:53:49+05:18
1,1,1,1,0,0,2019-07-19 13:54:41+05:18
1,1,1,1,0,0,2019-07-19 13:55:29+05:18
0,0,0,0,0,0,2019-07-19 13:57:18+05:18
0,0,0,0,0,0,2019-07-19 13:58:21+05:18
0,0,0,0,0,0,2019-07-19 14:03:51+05:18
0,0,0,0,0,0,2019-07-19 14:06:42+05:18
0,0,0,0,0,0,2019-07-19 14:07:37+05:18
0,0,0,0,0,0,2019-07-19 14:07:59+05:18
0,0,0,0,0,0,2019-07-19 14:08:29+05:18
0,0,0,0,0,0,2019-07-19 14:09:13+05:18
0,0,0,0,0,0,2019-07-19 14:12:20+05:18
0,0,0,0,0,0,2019-07-19 14:14:22+05:18
0,0,0,0,0,0,2019-07-19 14:16:16+05:18
0,0,0,0,0,0,2019-07-19 14:17:02+05:18
0,0,0,0,0,0,2019-07-19 14:18:18+05:18
0,0,0,0,0,0,2019-07-19 14:22:48+05:18
0,0,0,0,0,0,2019-07-19 14:23:17+05:18
0,0,0,0,0,0,2019-07-19 14:54:15+05:18
1,1,1,1,0,0,2019-07-19 15:26:31+05:18
1,1,1,1,0,0,2019-07-19 16:07:22+05:18
0,0,0,0,0,0,2019-07-20 23:03:37+05:18
0,0,0,0,0,0,2019-07-28 19:48:15+05:18
0,0,0,0,0,0,2019-07-28 19:51:00+05:18
0,0,0,0,0,0,2019-07-29 14:11:23+05:18
0,0,0,0,0,0,2019-07-29 22:26:04+05:18
0,0,0,0,0,0,2019-09-14 20:21:22+05:18
0,0,0,0,0,0,2019-09-14 20:32:38+05:18
0,0,0,0,0,0,2019-09-14 20:33:46+05:18
0,0,0,0,0,0,2019-10-21 21:03:50+05:18
0,0,0,0,0,0,2019-10-22 10:07:56+05:18
0,0,0,0,0,0,2019-10-22 10:10:15+05:18
0,0,0,0,0,0,2019-10-22 10:10:57+05:18
0,0,0,0,0,0,2019-11-15 19:09:07+05:18
0,0,0,0,0,0,2020-05-26 03:00:51+05:18
0,0,0,0,0,0,2020-05-26 03:01:35+05:18
0,0,0,0,0,0,2020-05-26 03:02:20+05:18
