Acquisition,Preparation,Modeling,Training,Evaluation,Prediction,time
0,0,0,0,0,0,2018-10-04 16:56:50+02:00
0,0,0,0,0,0,2018-10-04 17:07:50+02:00
1,1,0,0,0,0,2018-10-04 18:14:49+02:00
1,1,0,0,0,0,2018-10-04 22:18:56+02:00
1,1,0,0,0,0,2018-10-05 14:23:53+02:00
1,1,0,0,0,0,2018-10-11 21:08:30+02:00
0,0,0,0,0,0,2018-10-11 21:11:19+02:00
1,1,0,0,0,0,2018-10-11 22:50:07+02:00
1,1,0,0,0,0,2018-10-14 17:56:48+02:00
1,1,0,0,0,0,2018-10-21 13:54:11+02:00
1,1,0,0,0,0,2018-10-21 19:17:48+02:00
1,1,0,0,0,0,2018-10-22 12:12:22+02:00
0,0,0,0,0,0,2018-10-22 23:12:06+02:00
2,1,0,0,0,0,2018-10-22 23:14:53+02:00
2,1,0,0,0,0,2018-10-30 07:24:42+01:00
1,3,0,0,0,0,2018-10-30 07:27:53+01:00
1,1,0,0,0,0,2018-10-30 21:06:51+01:00
3,4,0,0,0,0,2018-10-31 00:55:45+01:00
1,1,0,0,0,0,2018-11-01 00:07:51+01:00
0,1,0,0,0,0,2018-11-04 14:52:22+01:00
0,0,0,0,0,0,2018-11-04 18:12:43+01:00
0,2,0,0,0,0,2018-11-04 18:19:08+01:00
0,0,0,0,0,0,2018-11-05 12:22:36+01:00
0,0,0,0,0,0,2018-11-05 12:28:47+01:00
0,0,0,0,0,0,2018-11-06 01:16:30+01:00
0,1,0,0,0,0,2018-11-06 10:46:09+01:00
0,1,0,0,0,0,2018-11-06 12:26:37+01:00
0,1,0,0,0,0,2018-11-06 12:54:15+01:00
0,0,0,0,0,0,2018-11-10 10:38:51+01:00
1,1,0,0,0,0,2018-11-10 12:15:04+01:00
1,1,0,0,0,0,2018-11-10 13:06:09+01:00
1,2,0,0,0,0,2018-11-11 18:25:22+01:00
0,0,0,0,0,0,2018-11-12 14:02:27+01:00
0,0,0,0,0,0,2018-11-12 14:06:10+01:00
0,0,0,0,0,0,2018-11-12 14:18:29+01:00
1,2,0,0,0,0,2018-11-12 14:29:55+01:00
0,0,0,0,0,0,2018-11-12 14:30:19+01:00
0,1,0,0,0,0,2018-11-15 20:02:37+01:00
1,1,0,0,0,0,2018-11-15 20:04:55+01:00
1,3,1,1,0,0,2018-11-15 20:09:42+01:00
0,0,0,0,0,0,2018-11-16 14:16:31+01:00
2,2,1,1,0,0,2019-02-05 17:02:55+01:00
2,4,0,0,0,0,2019-02-05 17:04:26+01:00
0,0,0,0,0,0,2019-02-05 17:09:21+01:00
0,0,0,0,0,0,2019-02-05 17:09:21+01:00
0,0,0,0,0,0,2019-02-05 17:12:00+01:00
1,1,0,0,0,0,2019-02-07 11:43:13+01:00
1,1,1,0,0,0,2019-02-07 14:57:48+01:00
0,0,0,0,0,0,2019-02-07 14:58:20+01:00
1,2,1,0,0,0,2019-02-12 13:35:44+01:00
1,2,1,0,0,0,2019-02-13 15:34:15+01:00
1,4,1,0,0,0,2019-02-18 14:47:47+01:00
1,1,1,0,0,0,2019-02-18 15:45:02+01:00
2,2,1,0,0,0,2019-02-18 17:20:24+01:00
2,7,0,0,0,0,2019-02-19 16:38:51+01:00
1,3,0,1,0,0,2019-02-21 19:37:58+01:00
1,5,0,1,0,0,2019-02-23 17:01:35+01:00
1,1,1,0,0,0,2019-02-24 18:08:21+01:00
2,3,1,0,0,0,2019-02-26 19:08:00+01:00
0,0,0,1,0,0,2019-02-27 11:03:35+01:00
1,1,1,0,0,0,2019-02-27 14:13:08+01:00
1,1,1,0,0,0,2019-02-27 15:28:17+01:00
1,4,1,1,0,0,2019-02-28 22:09:13+01:00
0,0,0,0,0,0,2019-02-28 22:13:07+01:00
0,0,0,0,0,0,2019-02-28 22:18:33+01:00
0,0,0,0,0,0,2019-02-28 22:22:06+01:00
1,1,1,1,0,0,2019-03-01 00:04:04+01:00
1,1,1,0,0,0,2019-03-01 23:27:59+01:00
0,0,0,1,0,0,2019-03-02 23:32:24+01:00
1,1,1,1,0,0,2019-03-03 22:41:15+01:00
1,1,1,0,0,0,2019-03-04 14:37:46+01:00
1,1,1,1,0,0,2019-03-04 23:46:59+01:00
3,3,1,1,0,0,2019-03-13 14:42:52+01:00
1,1,1,0,0,0,2019-03-14 15:29:57+01:00
0,0,0,0,0,0,2019-03-14 15:34:06+01:00
1,1,1,0,0,0,2019-03-15 10:29:06+01:00
1,1,1,1,0,0,2019-03-16 15:20:14+01:00
1,1,1,0,0,0,2019-03-18 11:22:57+01:00
0,0,0,0,0,0,2019-03-18 15:03:26+01:00
1,2,1,0,0,0,2019-03-18 15:07:18+01:00
2,6,1,1,0,0,2019-03-25 15:50:19+01:00
2,9,1,1,0,0,2019-03-29 11:17:59+01:00
1,1,1,0,0,0,2019-03-26 17:45:07+01:00
1,1,1,0,0,0,2019-03-26 19:23:48+01:00
1,1,1,0,0,0,2019-03-27 07:53:01+01:00
1,1,1,0,0,0,2019-03-28 14:22:37+01:00
1,1,1,0,0,0,2019-03-29 13:15:46+01:00
1,1,1,0,0,0,2019-03-29 17:53:10+01:00
1,1,1,0,0,0,2019-03-30 01:06:55+01:00
0,2,0,0,0,0,2019-03-30 01:08:25+01:00
1,1,1,0,0,0,2019-03-31 10:25:34+02:00
1,1,1,0,0,0,2019-03-31 11:30:22+02:00
1,1,1,0,0,0,2019-03-31 16:17:40+02:00
1,1,1,0,0,0,2019-04-01 15:12:14+02:00
0,0,0,0,0,0,2019-04-01 15:12:26+02:00
0,1,0,0,0,0,2019-04-01 17:36:11+02:00
0,0,0,0,0,0,2019-04-01 17:36:29+02:00
1,2,0,0,0,0,2019-04-02 09:57:06+02:00
0,2,0,0,0,0,2019-04-02 11:32:01+02:00
0,1,0,0,0,0,2019-04-02 11:33:44+02:00
1,1,1,0,0,0,2019-04-02 13:10:53+02:00
1,2,1,1,0,0,2019-04-02 16:35:51+02:00
0,1,0,0,0,0,2019-04-02 16:52:34+02:00
1,1,1,0,0,0,2019-04-02 17:43:20+02:00
1,1,1,1,0,0,2019-04-05 09:34:50+02:00
0,0,0,0,0,0,2019-04-08 08:38:13+02:00
2,3,1,1,0,0,2019-04-08 08:39:54+02:00
1,1,0,0,0,0,2019-04-08 09:52:47+02:00
1,1,1,0,0,0,2019-05-04 17:23:10+02:00
3,4,0,0,0,0,2019-05-04 17:24:08+02:00
2,10,0,0,0,0,2019-06-20 11:47:21+02:00
0,0,0,0,0,0,2019-06-20 11:47:54+02:00
2,3,1,1,0,0,2020-03-20 12:17:12+01:00
