Acquisition,Preparation,Modeling,Training,Evaluation,Prediction,time
0,0,0,0,0,0,2020-02-05 15:09:28-03:18
0,0,0,0,0,0,2020-02-17 15:20:46-03:18
0,0,0,0,0,0,2020-02-17 15:27:03-03:18
0,0,0,0,0,0,2020-02-17 15:28:42-03:18
1,0,1,0,0,0,2020-02-17 17:31:59-03:18
1,1,1,0,0,0,2020-02-18 15:58:54-03:18
1,1,1,0,0,0,2020-02-21 08:30:56-03:18
1,1,1,0,0,0,2020-02-21 08:32:18-03:18
1,1,1,0,0,0,2020-02-21 08:55:18-03:18
1,1,1,0,0,0,2020-02-22 14:04:35-03:18
1,1,1,0,0,0,2020-02-22 14:10:55-03:18
1,1,1,0,0,0,2020-02-22 14:17:59-03:18
1,1,1,0,0,0,2020-02-22 15:03:17-03:18
1,1,1,0,0,0,2020-02-22 15:05:36-03:18
1,1,1,0,0,0,2020-02-22 15:09:23-03:18
1,1,1,0,0,0,2020-02-22 15:39:11-03:18
1,1,0,0,0,0,2020-02-22 17:55:47-03:18
2,2,1,0,0,0,2020-02-22 17:57:59-03:18
0,0,0,0,0,0,2020-02-22 18:00:04-03:18
2,2,1,0,0,0,2020-02-22 20:46:43-03:18
2,2,1,1,0,0,2020-02-22 20:49:48-03:18
1,1,0,0,0,0,2020-02-22 20:50:49-03:18
2,2,1,1,0,0,2020-02-22 21:28:04-03:18
0,0,0,0,0,0,2020-02-22 21:30:03-03:18
1,1,0,0,0,0,2020-02-22 21:30:18-03:18
2,2,1,1,0,0,2020-02-22 21:48:11-03:18
2,2,1,1,0,0,2020-02-26 00:01:28-03:18
1,1,0,0,0,0,2020-02-26 00:05:29-03:18
1,1,1,1,0,0,2020-02-26 00:09:01-03:18
1,1,1,1,0,0,2020-02-26 00:09:59-03:18
1,1,0,0,0,0,2020-02-26 00:49:57-03:18
1,1,1,1,0,0,2020-02-28 14:59:26-03:18
2,2,1,1,0,0,2020-02-28 16:00:53-03:18
1,1,1,1,0,0,2020-02-28 16:01:40-03:18
2,2,1,1,0,0,2020-02-28 16:39:06-03:18
2,2,1,1,0,0,2020-02-28 16:52:55-03:18
2,2,1,1,0,0,2020-02-28 17:05:58-03:18
1,1,1,1,0,0,2020-02-28 17:07:38-03:18
2,2,1,1,0,0,2020-02-28 17:32:47-03:18
1,1,0,0,0,0,2020-02-28 17:35:18-03:18
1,1,0,0,0,0,2020-02-28 18:23:50-03:18
0,0,0,0,0,0,2020-02-28 18:40:01-03:18
1,1,1,1,0,0,2020-02-28 18:53:14-03:18
2,2,1,1,0,0,2020-02-28 20:22:22-03:18
2,2,1,1,0,0,2020-02-29 20:44:36-03:18
1,1,0,0,0,0,2020-02-29 21:18:37-03:18
2,2,1,1,1,0,2020-03-01 03:02:31-03:18
2,2,1,1,1,0,2020-03-07 18:02:39-03:18
2,2,1,1,1,0,2020-03-07 18:13:57-03:18
1,1,0,0,0,0,2020-03-07 18:35:07-03:18
2,2,1,1,1,2,2020-03-07 19:31:07-03:18
1,1,1,1,1,1,2020-03-07 19:32:31-03:18
1,1,1,1,1,1,2020-03-07 19:53:14-03:18
1,1,0,0,0,1,2020-03-07 22:29:53-03:18
1,1,1,1,1,1,2020-03-07 22:30:31-03:18
2,2,1,1,1,2,2020-03-08 06:39:36-02:18
2,2,1,1,1,2,2020-03-11 17:44:53-02:18
2,1,1,1,1,2,2020-03-11 19:53:07-02:18
2,1,1,1,1,2,2020-03-11 20:13:17-02:18
2,1,1,1,1,2,2020-03-11 20:38:31-02:18
2,1,1,1,1,2,2020-03-11 21:25:00-02:18
1,1,1,1,1,1,2020-03-11 21:25:45-02:18
2,2,1,1,1,2,2020-03-11 21:27:29-02:18
1,1,0,0,0,1,2020-03-11 21:28:16-02:18
1,1,1,1,1,1,2020-03-11 21:37:06-02:18
1,1,1,1,1,1,2020-03-11 23:40:01-02:18
0,0,0,0,0,0,2020-03-15 15:31:41-02:18
