Acquisition,Preparation,Modeling,Training,Evaluation,Prediction,time
5,4,0,0,0,0,2021-06-13 22:32:43-03:00
1,1,0,0,0,0,2021-06-13 22:35:31-03:00
3,2,0,0,1,0,2021-06-17 09:49:47-03:00
1,0,0,0,0,0,2021-06-21 09:47:28-03:00
3,3,0,0,3,0,2021-06-21 09:59:03-03:00
1,1,0,0,1,0,2021-06-21 10:01:42-03:00
1,1,0,0,1,0,2021-06-24 09:42:12-03:00
1,1,0,0,1,0,2021-06-24 09:43:32-03:00
5,4,0,0,3,0,2021-06-25 10:10:51-03:00
5,4,0,0,3,0,2021-06-25 10:13:09-03:00
0,0,0,0,0,0,2021-06-25 10:43:40-03:00
0,0,0,0,0,0,2021-06-25 10:47:16-03:00
4,3,0,0,1,0,2021-07-14 08:21:48-03:00
1,1,0,0,0,0,2021-07-14 08:53:13-03:00
1,1,0,0,0,0,2021-07-14 08:56:05-03:00
15,15,0,0,0,0,2021-07-14 09:44:34-03:00
1,1,0,0,0,0,2021-07-14 09:49:45-03:00
0,0,0,0,0,0,2021-07-15 11:56:26-03:00
0,0,0,0,0,0,2021-07-15 11:56:37-03:00
1,1,0,0,0,0,2021-07-16 09:07:42-03:00
3,3,0,0,0,0,2021-07-16 12:29:49-03:00
1,1,0,0,0,0,2021-07-16 12:32:40-03:00
1,1,0,0,0,0,2021-07-16 14:08:03-03:00
0,0,0,0,0,0,2021-07-16 16:23:31-03:00
2,2,0,0,0,0,2021-07-16 16:33:12-03:00
1,1,0,0,0,0,2021-07-19 09:37:58-03:00
0,0,0,0,0,0,2021-07-19 14:33:49-03:00
0,0,0,0,0,0,2021-07-19 14:34:03-03:00
0,0,0,0,0,0,2021-07-19 14:34:17-03:00
0,0,0,0,0,0,2021-07-19 14:34:31-03:00
0,0,0,0,0,0,2021-07-19 14:34:46-03:00
0,0,0,0,0,0,2021-07-19 14:35:00-03:00
0,0,0,0,0,0,2021-07-19 14:35:15-03:00
0,0,0,0,0,0,2021-07-19 14:35:29-03:00
0,0,0,0,0,0,2021-07-19 14:39:17-03:00
0,0,0,0,0,0,2021-07-19 14:39:28-03:00
0,0,0,0,0,0,2021-07-19 14:39:42-03:00
0,0,0,0,0,0,2021-07-19 14:39:54-03:00
0,0,0,0,0,0,2021-07-19 14:40:08-03:00
0,0,0,0,0,0,2021-07-19 14:40:25-03:00
0,0,0,0,0,0,2021-07-19 14:40:40-03:00
0,0,0,0,0,0,2021-07-19 14:40:51-03:00
0,0,0,0,0,0,2021-07-19 16:23:52-03:00
1,1,0,0,0,0,2021-07-19 16:24:07-03:00
1,1,0,0,0,0,2021-07-20 14:58:46-03:00
4,4,1,0,1,0,2021-07-23 17:09:17-03:00
2,2,0,0,0,0,2021-07-23 17:17:22-03:00
0,0,0,0,0,0,2021-07-23 17:19:13-03:00
1,1,0,0,0,0,2021-07-23 17:28:43-03:00
2,2,0,0,0,0,2021-07-26 09:37:52-03:00
1,1,0,0,0,0,2021-07-26 10:59:27-03:00
0,0,0,0,0,0,2021-07-27 16:07:31-03:00
0,0,0,0,0,0,2021-07-27 16:07:37-03:00
1,1,0,0,0,0,2021-07-28 17:01:09-03:00
0,0,0,0,0,0,2021-07-29 15:41:03-03:00
0,0,0,0,0,0,2021-07-29 15:41:08-03:00
3,2,1,0,1,0,2021-07-29 17:12:08-03:00
1,3,1,0,1,0,2021-07-30 12:29:56-03:00
0,0,0,0,0,0,2021-08-02 15:39:58-03:00
0,0,0,0,0,0,2021-08-02 15:40:20-03:00
0,0,0,0,0,0,2021-08-02 15:40:34-03:00
0,0,0,0,0,0,2021-08-02 15:40:50-03:00
0,0,0,0,0,0,2021-08-02 15:41:06-03:00
0,0,0,0,0,0,2021-08-02 15:41:21-03:00
0,0,0,0,0,0,2021-08-02 15:41:36-03:00
0,0,0,0,0,0,2021-08-02 15:49:32-03:00
0,0,0,0,0,0,2021-08-02 15:50:07-03:00
0,0,0,0,0,0,2021-08-02 15:50:24-03:00
0,0,0,0,0,0,2021-08-02 15:50:47-03:00
0,0,0,0,0,0,2021-08-02 15:51:00-03:00
0,0,0,0,0,0,2021-08-02 15:51:19-03:00
0,0,0,0,0,0,2021-08-02 15:51:39-03:00
5,5,1,0,1,0,2021-08-03 13:49:45-03:00
0,0,0,0,0,0,2021-08-03 13:49:51-03:00
2,2,1,0,1,0,2021-08-03 23:15:39-03:00
1,1,0,0,0,0,2021-08-03 23:53:13-03:00
1,0,0,0,0,0,2021-08-04 09:26:48-03:00
1,1,0,0,0,0,2021-08-04 18:17:36-03:00
0,0,0,0,0,0,2021-08-04 23:30:55-03:00
0,0,0,0,0,0,2021-08-04 23:32:08-03:00
2,1,0,0,0,0,2021-08-05 00:19:21-03:00
1,1,0,0,0,0,2021-08-05 11:49:19-03:00
1,1,0,0,0,0,2021-08-09 09:13:32-03:00
3,4,2,0,2,0,2021-08-10 10:18:36-03:00
0,0,0,0,0,0,2021-08-10 10:19:02-03:00
1,1,0,0,1,0,2021-08-11 21:44:11-03:00
1,0,0,0,0,0,2021-08-12 09:00:09-03:00
3,1,0,0,0,0,2021-08-12 13:48:51-03:00
2,1,0,0,1,0,2021-08-12 14:02:41-03:00
2,1,0,0,0,0,2021-08-13 07:56:12-03:00
1,1,0,0,0,0,2021-08-16 17:21:39-03:00
1,1,0,0,1,0,2021-08-16 19:15:58-03:00
2,1,1,0,1,0,2021-08-18 11:59:22-03:00
1,1,0,0,1,0,2021-08-18 20:45:53-03:00
0,0,1,0,1,0,2021-08-26 19:23:31-03:00
0,0,0,0,0,0,2021-08-26 19:23:35-03:00
1,1,0,0,1,0,2021-08-26 21:02:48-03:00
0,0,0,0,0,0,2021-08-26 21:03:18-03:00
0,0,1,0,1,0,2021-09-01 09:05:32-03:00
0,0,0,0,0,0,2021-09-01 09:05:54-03:00
1,1,0,0,1,0,2021-09-01 22:21:34-03:00
1,1,0,0,1,0,2021-09-02 09:19:11-03:00
1,1,0,0,1,0,2021-09-03 22:07:13-03:00
2,2,0,0,2,0,2021-09-06 08:10:11-03:00
1,1,0,0,1,0,2021-09-06 09:20:44-03:00
1,1,0,0,1,0,2021-09-11 14:37:44-03:00
0,0,0,0,0,0,2021-09-13 00:47:18-03:00
0,0,0,0,0,0,2021-09-13 00:52:44-03:00
0,0,0,0,0,0,2021-09-13 00:54:16-03:00
0,0,0,0,0,0,2021-09-13 00:54:31-03:00
0,0,0,0,0,0,2021-09-13 01:03:04-03:00
0,0,0,0,0,0,2021-09-13 01:12:10-03:00
1,1,0,0,1,0,2021-09-20 07:47:34-03:00
6,7,1,0,3,0,2021-09-20 11:58:42-03:00
0,0,0,0,0,0,2021-09-20 11:59:33-03:00
1,1,0,0,1,0,2022-04-28 16:11:36-03:00
0,0,0,0,0,0,2022-04-28 16:13:21-03:00
