Acquisition,Preparation,Modeling,Training,Evaluation,Prediction,time
0,0,0,0,0,0,2020-03-02 16:54:29+03:00
0,0,0,0,0,0,2020-03-02 17:06:08+03:00
0,0,0,0,0,0,2020-03-02 17:56:41+03:00
0,0,0,0,0,0,2020-03-02 17:56:50+03:00
0,0,0,0,0,0,2021-07-17 19:07:00-03:00
0,0,0,0,0,0,2021-07-17 19:07:38-03:00
0,0,0,0,0,0,2021-07-17 19:08:09-03:00
0,0,0,0,0,0,2021-07-17 19:08:45-03:00
0,0,0,0,0,0,2021-07-17 19:09:47-03:00
0,0,0,0,0,0,2021-07-17 19:10:26-03:00
0,0,0,0,0,0,2021-07-17 22:19:41+00:00
0,0,0,0,0,0,2021-07-17 19:21:07-03:00
0,0,0,0,0,0,2021-07-17 19:21:17-03:00
0,0,0,0,0,0,2021-07-17 22:21:28+00:00
0,0,0,0,0,0,2021-07-17 22:21:29+00:00
0,0,0,0,0,0,2021-07-17 22:21:29+00:00
0,0,0,0,0,0,2021-07-17 22:21:29+00:00
0,0,0,0,0,0,2021-07-17 22:21:35+00:00
0,0,0,0,0,0,2021-07-17 19:21:45-03:00
0,0,0,0,0,0,2021-07-17 19:21:54-03:00
0,0,0,0,0,0,2021-07-17 19:22:17-03:00
0,0,0,0,0,0,2021-07-17 19:22:38-03:00
0,0,0,0,0,0,2021-07-17 22:22:46+00:00
0,0,0,0,0,0,2021-07-17 19:22:57-03:00
0,0,0,0,0,0,2021-07-17 19:23:16-03:00
0,0,0,0,0,0,2021-07-17 19:23:32-03:00
5,4,0,1,0,1,2021-07-20 22:41:58-03:00
0,0,0,0,0,0,2021-07-21 01:42:33+00:00
0,0,0,0,0,0,2021-07-21 01:42:33+00:00
0,0,0,0,0,0,2021-07-21 01:42:34+00:00
0,0,0,0,0,0,2021-07-21 01:42:35+00:00
0,0,0,0,0,0,2021-07-21 01:42:35+00:00
0,0,0,0,0,0,2021-07-21 22:01:51-03:00
1,1,0,1,0,0,2021-07-22 21:43:44-03:00
1,1,0,1,0,1,2021-07-22 21:44:35-03:00
2,2,0,1,0,1,2021-07-22 21:44:58-03:00
5,4,0,2,0,1,2021-07-25 16:18:26-03:00
1,1,0,1,0,1,2021-07-26 21:19:49-03:00
0,0,0,0,0,0,2021-07-31 14:29:58-03:00
0,0,0,0,0,0,2021-07-31 14:32:19-03:00
0,0,0,0,0,0,2021-07-31 14:32:41-03:00
0,0,0,0,0,0,2021-07-31 14:33:03-03:00
0,0,0,0,0,0,2021-07-31 14:33:35-03:00
0,0,0,0,0,0,2021-07-31 14:33:59-03:00
0,0,0,0,0,0,2021-07-31 16:32:50-03:00
0,0,0,0,0,0,2021-07-31 23:06:23-03:00
0,0,0,0,0,0,2021-07-31 23:23:35-03:00
3,3,0,2,0,1,2021-08-14 18:17:52-03:00
2,2,0,1,0,1,2021-08-15 00:17:45-03:00
1,1,0,1,0,0,2021-08-15 17:20:42-03:00
0,0,0,0,0,0,2021-08-17 00:12:17-03:00
0,0,0,0,0,0,2021-08-17 00:40:01-03:00
0,0,0,0,0,0,2021-08-17 18:32:09-03:00
0,0,0,0,0,0,2021-08-17 21:53:42-03:00
1,1,0,1,0,0,2021-08-19 21:14:04-03:00
1,1,0,0,0,0,2021-08-19 23:31:33-03:00
3,3,0,1,0,0,2021-08-21 23:36:24-03:00
0,0,0,0,0,0,2021-09-06 22:24:42-03:00
0,0,0,0,0,0,2021-09-06 23:12:29-03:00
0,0,0,0,0,0,2022-06-28 00:00:05-03:00
