Acquisition,Preparation,Modeling,Training,Evaluation,Prediction,time
0,0,0,0,0,0,2021-03-02 23:48:05+03:00
0,2,2,0,0,0,2021-04-26 22:59:37+03:00
3,4,4,0,0,0,2021-04-29 02:56:01+03:00
2,3,2,1,0,0,2021-04-30 00:16:04+03:00
1,0,1,0,0,0,2021-04-30 01:18:57+03:00
1,1,1,0,0,0,2021-05-04 02:09:48+03:00
0,0,0,0,0,0,2021-05-04 02:13:04+03:00
0,0,0,0,0,0,2021-05-04 02:13:49+03:00
0,1,0,0,0,0,2021-05-04 02:15:06+03:00
0,1,0,0,0,0,2021-05-04 02:16:28+03:00
0,1,0,0,0,0,2021-05-04 02:17:13+03:00
0,0,0,0,0,0,2021-05-04 02:44:21+03:00
0,0,0,0,0,0,2021-05-05 16:20:12+03:00
1,1,0,0,0,0,2021-05-05 17:27:17+03:00
0,1,0,0,0,0,2021-05-05 22:40:49+03:00
1,1,0,0,0,0,2021-05-05 22:42:11+03:00
1,1,0,0,0,0,2021-05-05 22:43:29+03:00
1,1,0,0,0,0,2021-05-05 23:08:11+03:00
1,1,0,0,0,0,2021-05-05 23:48:15+03:00
1,1,0,0,0,0,2021-05-05 23:51:49+03:00
0,1,0,0,0,0,2021-05-05 23:56:45+03:00
1,2,0,0,0,0,2021-05-06 00:03:45+03:00
1,1,0,0,0,0,2021-05-06 00:10:19+03:00
0,1,0,0,0,0,2021-05-06 00:12:04+03:00
0,1,0,0,0,0,2021-05-06 00:14:22+03:00
1,1,0,0,0,0,2021-05-06 00:15:43+03:00
0,1,0,0,0,0,2021-05-06 00:17:36+03:00
0,1,0,0,0,0,2021-05-06 00:38:05+03:00
1,1,0,0,0,0,2021-05-06 01:10:32+03:00
0,0,0,0,0,0,2021-05-10 23:30:03+03:00
0,0,1,1,0,0,2021-05-10 23:31:07+03:00
0,0,1,1,0,0,2021-05-10 23:34:19+03:00
0,0,1,1,0,0,2021-05-10 23:47:44+03:00
0,0,1,1,0,0,2021-05-10 23:48:15+03:00
0,0,1,1,0,0,2021-05-10 23:51:22+03:00
0,0,1,1,0,0,2021-05-10 23:52:30+03:00
0,0,1,1,0,0,2021-05-10 23:53:56+03:00
0,0,1,1,0,0,2021-05-10 23:55:10+03:00
0,0,1,1,0,0,2021-05-10 23:55:44+03:00
0,0,1,1,0,0,2021-05-10 23:57:47+03:00
0,0,1,1,0,0,2021-05-11 00:11:43+03:00
0,0,1,1,0,0,2021-05-11 00:49:17+03:00
0,1,1,0,0,0,2021-05-11 00:58:47+03:00
1,0,2,1,0,0,2021-05-11 02:11:51+03:00
0,0,0,0,0,0,2021-05-12 14:33:33+03:00
0,0,0,0,0,0,2021-05-12 14:48:32+03:00
0,0,0,0,0,0,2021-05-12 14:54:15+03:00
0,0,0,0,0,0,2021-05-12 14:54:41+03:00
0,0,0,0,0,0,2021-05-12 14:57:07+03:00
0,0,0,0,0,0,2021-05-12 14:57:16+03:00
0,0,0,0,0,0,2021-05-12 14:58:38+03:00
0,0,0,0,0,0,2021-05-12 21:43:21+03:00
0,0,0,0,0,0,2021-05-12 21:43:30+03:00
0,0,0,0,0,0,2021-05-12 21:45:43+03:00
0,0,0,0,0,0,2021-05-12 21:46:24+03:00
0,0,0,0,0,0,2021-05-24 02:30:17+03:00
0,0,0,0,0,0,2021-05-24 02:30:26+03:00
1,0,2,1,0,0,2021-06-14 23:44:06+03:00
0,0,0,0,0,0,2021-06-14 23:47:32+03:00
1,1,1,1,0,0,2021-06-15 01:38:49+03:00
0,0,0,0,0,0,2021-06-15 01:40:55+03:00
