Acquisition,Preparation,Modeling,Training,Evaluation,Prediction,time
0,0,0,0,0,0,2019-03-29 13:21:14-07:00
0,0,0,0,0,0,2019-03-29 13:21:14-07:00
0,0,0,0,0,0,2019-03-29 13:33:50-07:00
0,0,0,0,0,0,2019-03-29 13:33:50-07:00
66,113,26,22,21,30,2019-05-23 15:54:28-07:00
66,113,26,22,21,30,2019-05-23 15:54:28-07:00
0,0,0,0,0,0,2019-05-23 16:19:45-07:00
0,0,0,0,0,0,2019-05-23 16:19:45-07:00
0,1,0,0,0,0,2019-05-23 16:20:46-07:00
0,1,0,0,0,0,2019-05-23 16:20:46-07:00
0,0,0,0,0,0,2019-05-23 16:27:25-07:00
0,0,0,0,0,0,2019-05-23 16:27:25-07:00
0,0,0,0,0,0,2019-05-23 16:30:27-07:00
0,0,0,0,0,0,2019-05-23 16:30:27-07:00
1,3,0,1,0,1,2019-05-24 14:14:29-07:00
2,2,0,0,0,0,2019-05-24 14:15:35-07:00
6,6,2,3,8,3,2019-05-24 14:16:58-07:00
1,3,0,1,0,1,2019-05-24 14:14:29-07:00
2,2,0,0,0,0,2019-05-24 14:15:35-07:00
6,6,2,3,8,3,2019-05-24 14:16:58-07:00
0,0,0,0,0,0,2019-05-24 14:30:22-07:00
0,0,0,0,0,0,2019-05-24 14:32:48-07:00
1,2,2,1,1,1,2019-05-25 12:51:30+08:00
0,0,0,0,0,0,2019-05-25 13:00:54+08:00
1,4,2,1,2,1,2019-05-25 13:34:55+08:00
0,2,1,0,0,1,2019-05-26 11:51:23+08:00
2,2,0,0,2,0,2019-05-28 11:03:18-07:00
0,0,0,0,0,0,2019-05-28 11:05:43-07:00
0,0,0,0,0,0,2019-05-28 11:18:05-07:00
0,0,0,0,0,0,2019-05-28 11:20:44-07:00
0,0,0,0,0,0,2019-05-28 11:24:56-07:00
0,0,0,0,0,0,2019-05-28 11:29:31-07:00
0,0,0,0,0,0,2019-05-28 11:30:38-07:00
0,0,0,0,0,0,2019-05-28 11:31:18-07:00
1,1,0,0,0,0,2019-05-29 02:41:24+08:00
0,0,0,0,0,0,2019-05-28 13:09:32-07:00
0,0,0,0,0,0,2019-05-28 13:15:18-07:00
0,0,0,0,0,0,2019-05-28 13:15:40-07:00
0,0,0,0,0,0,2019-05-28 13:16:24-07:00
0,0,0,0,0,0,2019-05-28 13:50:17-07:00
0,2,0,1,0,0,2019-05-28 13:51:15-07:00
0,0,0,0,0,0,2019-05-28 13:52:20-07:00
1,1,0,0,0,0,2019-05-28 13:56:10-07:00
1,2,0,0,0,1,2019-05-28 14:09:22-07:00
0,0,0,0,0,0,2019-05-28 14:52:30-07:00
0,0,0,0,0,0,2019-05-28 14:53:07-07:00
0,0,0,0,0,0,2019-05-28 15:00:04-07:00
0,0,0,0,0,0,2019-05-28 15:00:43-07:00
0,0,0,0,0,0,2019-05-28 15:18:25-07:00
0,0,0,0,0,0,2019-05-28 15:18:46-07:00
0,0,0,0,0,0,2019-05-28 15:25:34-07:00
3,3,0,0,2,0,2019-05-28 15:30:43-07:00
0,0,0,0,0,0,2019-05-28 15:30:49-07:00
0,0,0,0,0,0,2019-05-28 15:31:50-07:00
4,4,1,0,2,0,2019-05-28 16:01:31-07:00
0,0,0,0,0,0,2019-05-28 16:36:59-07:00
0,0,0,0,0,0,2019-05-28 16:38:20-07:00
0,0,0,0,0,0,2019-05-28 18:25:30-07:00
0,0,0,0,0,0,2019-05-29 10:37:45+08:00
0,0,0,0,0,0,2019-05-29 10:38:07+08:00
1,1,0,0,0,0,2019-05-30 00:22:36+08:00
1,1,1,0,0,0,2019-05-29 11:31:24-07:00
4,4,1,0,2,0,2019-05-29 14:16:29-07:00
0,0,0,0,0,0,2019-05-30 13:56:13-07:00
0,0,0,0,0,0,2019-05-30 19:13:13-07:00
0,0,0,0,0,0,2019-05-30 19:14:01-07:00
0,0,0,0,0,0,2019-05-31 10:19:20+08:00
0,0,0,0,0,0,2019-05-31 13:05:23+08:00
0,0,0,0,0,0,2019-05-31 19:07:33-04:00
0,0,0,0,0,0,2019-05-31 19:20:16-04:00
0,0,0,0,0,0,2019-06-01 00:00:18+00:00
0,0,0,0,0,0,2019-05-31 21:33:30-07:00
6,31,3,9,3,7,2019-05-31 21:46:36-07:00
0,0,0,0,0,0,2019-05-31 21:51:20-07:00
1,1,1,0,0,0,2019-05-31 21:59:10-07:00
2,2,1,0,0,0,2019-05-31 22:12:18-07:00
0,0,0,0,0,0,2019-05-31 22:13:36-07:00
0,0,0,0,0,0,2019-05-31 22:13:59-07:00
0,1,0,0,0,0,2019-06-01 07:11:06-07:00
0,0,0,0,0,0,2019-06-01 07:11:30-07:00
1,1,0,0,0,0,2019-06-01 07:14:31-07:00
0,0,0,0,0,0,2019-06-01 07:15:24-07:00
1,1,0,0,0,0,2019-06-01 07:23:24-07:00
2,2,0,0,0,0,2019-06-01 09:34:18-07:00
0,0,0,0,0,0,2019-06-01 12:24:43-07:00
0,1,0,0,0,0,2019-06-01 12:25:22-07:00
0,1,0,0,0,0,2019-06-01 12:53:28-07:00
0,0,0,0,0,0,2019-06-01 12:53:54-07:00
0,1,0,0,0,0,2019-06-01 13:21:23-07:00
0,1,0,0,0,0,2019-06-01 13:21:49-07:00
0,0,0,0,0,0,2019-06-01 13:28:32-07:00
10,10,1,2,0,2,2019-06-03 17:16:38+08:00
0,0,0,0,0,0,2019-06-03 17:43:00+08:00
0,0,0,0,0,0,2019-06-03 17:51:49+08:00
0,0,0,0,0,0,2019-06-03 08:59:16-07:00
0,0,0,0,0,0,2019-06-03 08:59:50-07:00
0,0,0,0,0,0,2019-06-03 19:27:30+00:00
0,6,0,1,0,1,2019-06-03 12:42:10-07:00
0,1,0,0,0,0,2019-06-03 13:21:24-07:00
0,0,0,0,0,0,2019-06-03 13:43:29-07:00
0,0,0,0,0,0,2019-06-03 13:47:29-07:00
0,0,0,0,0,0,2019-06-03 13:51:21-07:00
1,4,0,2,0,1,2019-06-03 15:14:59-07:00
0,0,0,0,0,0,2019-06-03 15:15:20-07:00
1,1,0,0,0,0,2019-06-03 22:22:49+00:00
0,1,0,0,0,0,2019-06-03 15:26:50-07:00
0,0,0,0,0,0,2019-06-03 17:04:29-07:00
0,1,1,1,1,0,2019-06-04 10:22:28+08:00
1,1,0,0,0,1,2019-06-05 00:47:32+08:00
3,22,3,5,0,2,2019-06-04 10:05:02-07:00
0,0,0,0,0,0,2019-06-04 10:05:22-07:00
0,0,0,0,0,0,2019-06-04 10:10:04-07:00
2,3,1,0,0,1,2019-06-04 10:15:14-07:00
1,2,0,0,0,1,2019-06-05 01:25:15+08:00
0,0,0,0,0,0,2019-06-05 01:32:03+08:00
1,1,0,0,0,1,2019-06-04 14:30:36-07:00
0,1,0,0,0,0,2019-06-04 14:31:03-07:00
0,1,0,1,0,0,2019-06-04 14:32:53-07:00
0,0,0,0,0,0,2019-06-04 14:33:10-07:00
1,1,0,0,0,1,2019-06-04 14:39:38-07:00
2,2,1,0,2,2,2019-06-04 15:56:01-07:00
3,2,0,0,1,0,2019-06-04 22:57:16+00:00
0,0,0,0,0,0,2019-06-04 22:59:43+00:00
2,2,2,0,1,3,2019-06-04 17:37:14-07:00
0,1,0,0,0,0,2019-06-04 17:38:46-07:00
0,0,0,0,0,0,2019-06-04 20:37:29-07:00
0,0,0,0,0,0,2019-06-05 09:13:11-07:00
0,0,0,0,0,0,2019-06-05 09:59:07-07:00
1,1,0,0,0,0,2019-06-05 18:05:17+00:00
0,0,0,0,0,0,2019-06-06 12:08:10+08:00
0,0,0,0,0,0,2019-06-06 16:08:47+08:00
0,1,0,0,0,0,2019-06-06 16:20:53+08:00
0,1,0,0,0,0,2019-06-06 16:33:21+08:00
0,0,0,0,0,0,2019-06-06 16:45:57+08:00
0,0,0,0,0,0,2019-06-06 17:08:20+08:00
3,3,0,0,1,0,2019-06-06 19:58:49+08:00
0,0,0,0,0,0,2019-06-06 14:27:06-07:00
0,0,0,0,0,0,2019-06-06 14:51:32-07:00
0,0,0,0,0,0,2019-06-06 14:56:29-07:00
0,0,0,0,0,0,2019-06-06 17:34:04-07:00
0,0,0,0,0,0,2019-06-06 17:37:38-07:00
0,0,0,0,0,0,2019-06-06 17:42:47-07:00
0,0,0,0,0,0,2019-06-06 17:44:25-07:00
0,0,0,0,0,0,2019-06-06 17:57:16-07:00
0,1,0,0,0,0,2019-06-07 10:50:11+08:00
1,1,1,0,0,1,2019-06-07 12:58:31+08:00
1,2,1,0,0,1,2019-06-07 13:43:05+08:00
1,2,1,0,0,0,2019-06-07 14:02:41+08:00
0,0,0,0,0,1,2019-06-07 14:04:27+08:00
1,1,1,0,0,0,2019-06-07 14:55:11+08:00
0,0,0,0,0,0,2019-06-07 00:22:02-07:00
0,0,0,0,0,0,2019-06-07 00:53:37-07:00
0,0,0,0,0,0,2019-06-07 00:57:40-07:00
0,0,0,0,0,0,2019-06-07 01:00:43-07:00
0,0,0,0,0,0,2019-06-07 09:02:08+00:00
0,0,0,0,0,0,2019-06-07 07:27:02-07:00
0,0,0,0,0,0,2019-06-07 08:11:45-07:00
0,0,0,0,0,0,2019-06-07 08:11:54-07:00
0,5,0,1,0,1,2019-06-07 09:50:51-07:00
0,0,0,0,0,0,2019-06-07 09:57:36-07:00
0,0,0,0,0,0,2019-06-07 10:08:54-07:00
1,4,1,1,1,3,2019-06-08 02:46:52+08:00
0,1,0,0,0,0,2019-06-07 14:42:02-07:00
1,2,0,0,0,1,2019-06-09 11:35:00+08:00
1,1,0,0,1,0,2019-06-09 13:38:52+08:00
0,0,0,0,0,1,2019-06-09 14:53:06+08:00
0,0,0,0,0,1,2019-06-09 15:04:07+08:00
0,0,0,0,0,0,2019-06-09 15:14:00+08:00
0,1,1,1,1,2,2019-06-09 15:21:42+08:00
0,0,0,0,0,0,2019-06-10 13:21:08+08:00
0,1,0,0,0,0,2019-06-10 23:12:57+08:00
0,1,0,0,0,0,2019-06-11 00:24:54+08:00
0,3,0,1,0,1,2019-06-10 10:26:24-07:00
0,1,0,1,0,0,2019-06-10 11:11:52-07:00
0,1,0,1,0,0,2019-06-10 11:23:38-07:00
1,1,0,2,0,0,2019-06-10 13:00:37-07:00
0,4,0,1,0,0,2019-06-10 15:43:43-07:00
4,4,2,3,7,2,2019-06-10 15:57:34-07:00
0,0,0,0,0,0,2019-06-11 07:45:44+08:00
0,0,0,0,0,0,2019-06-11 07:47:39+08:00
0,0,0,0,0,0,2019-06-11 07:56:36+08:00
0,0,0,0,0,0,2019-06-11 07:59:16+08:00
0,1,0,1,0,0,2019-06-11 08:15:26+08:00
0,0,0,0,0,0,2019-06-11 08:17:21+08:00
0,1,0,0,0,0,2019-06-11 08:52:31+08:00
0,1,0,0,0,0,2019-06-11 10:42:51+08:00
0,0,0,0,0,0,2019-06-11 12:44:21+08:00
1,2,0,0,0,0,2019-06-11 18:50:14+08:00
0,0,0,0,0,0,2019-06-11 18:53:10+08:00
0,1,0,0,0,0,2019-06-11 19:13:22+08:00
6,6,0,0,2,1,2019-06-11 22:42:58+08:00
0,0,0,0,0,0,2019-06-11 22:43:07+08:00
0,0,0,0,0,0,2019-06-11 23:04:16+08:00
2,1,1,1,3,1,2019-06-11 09:13:56-07:00
2,3,0,0,1,1,2019-06-11 11:03:38-07:00
0,1,0,0,0,0,2019-06-11 11:22:54-07:00
0,0,0,0,0,0,2019-06-11 11:29:22-07:00
0,3,0,1,0,1,2019-06-11 14:01:04-07:00
0,1,0,0,0,0,2019-06-11 14:42:03-07:00
0,1,0,0,0,1,2019-06-11 15:38:10-07:00
0,1,0,0,0,0,2019-06-12 14:22:36+08:00
0,1,0,0,0,0,2019-06-12 18:26:56+08:00
2,1,0,0,0,0,2019-06-12 13:59:12-07:00
0,0,0,0,0,0,2019-06-12 14:08:05-07:00
0,0,0,0,0,0,2019-06-12 14:09:08-07:00
0,0,0,0,0,0,2019-06-12 14:09:38-07:00
0,0,0,0,0,0,2019-06-12 14:12:40-07:00
0,0,0,0,0,0,2019-06-12 15:04:39-07:00
0,0,0,0,0,0,2019-06-12 16:10:53-07:00
0,0,0,0,0,0,2019-06-12 16:14:01-07:00
4,4,1,2,0,2,2019-06-13 16:19:56+08:00
3,3,0,0,0,0,2019-06-13 21:02:00+08:00
1,2,0,0,0,0,2019-06-13 07:12:18-07:00
0,0,0,0,0,0,2019-06-13 07:12:40-07:00
0,1,0,0,0,0,2019-06-13 07:24:53-07:00
1,1,0,0,0,0,2019-06-13 07:58:32-07:00
10,14,0,0,0,5,2019-06-13 07:59:36-07:00
0,0,0,0,0,1,2019-06-13 23:14:48+08:00
0,0,0,0,0,0,2019-06-13 08:17:21-07:00
0,0,0,0,0,0,2019-06-13 08:18:13-07:00
1,1,0,0,0,0,2019-06-13 08:44:09-07:00
0,0,0,0,0,0,2019-06-13 08:44:30-07:00
0,0,0,0,0,0,2019-06-13 08:50:14-07:00
0,0,0,0,0,0,2019-06-14 00:02:33+08:00
0,0,0,0,0,0,2019-06-14 00:08:03+08:00
0,0,0,0,0,0,2019-06-13 12:39:44-07:00
66,111,28,21,22,29,2019-06-13 16:05:38-07:00
0,0,0,0,0,0,2019-06-13 16:05:56-07:00
1,2,1,0,1,3,2019-06-13 16:07:32-07:00
0,0,0,0,0,0,2019-06-13 17:07:24-07:00
0,0,0,0,0,0,2019-06-13 17:38:32-07:00
0,1,0,0,3,2,2019-06-13 17:43:17-07:00
0,0,0,0,0,0,2019-06-13 17:43:39-07:00
0,0,0,0,0,0,2019-06-13 17:49:41-07:00
0,0,0,0,0,0,2019-06-13 17:50:03-07:00
2,2,0,0,2,0,2019-06-14 10:32:08+08:00
0,0,0,0,0,0,2019-06-14 10:35:49+08:00
0,2,0,1,0,0,2019-06-14 16:44:31+08:00
0,1,1,1,1,1,2019-06-14 18:37:19+08:00
3,0,0,3,6,0,2019-06-14 08:31:10-07:00
1,1,0,0,0,0,2019-06-14 13:04:56-07:00
1,4,1,1,1,1,2019-06-15 09:20:08+08:00
0,1,1,1,1,1,2019-06-15 09:54:52+08:00
2,4,0,0,0,2,2019-06-14 19:31:01-07:00
0,0,0,0,0,0,2019-06-14 19:31:26-07:00
0,1,0,0,0,1,2019-06-14 19:52:18-07:00
0,1,0,0,0,0,2019-06-15 11:07:26+08:00
0,2,0,1,0,0,2019-06-15 23:44:00+08:00
1,1,0,0,0,0,2019-06-16 11:45:52+08:00
2,2,0,1,2,1,2019-06-16 13:11:26+08:00
0,0,0,0,0,0,2019-06-16 21:31:14+08:00
0,3,0,1,0,1,2019-06-16 08:41:44-07:00
0,2,0,1,0,1,2019-06-16 09:06:43-07:00
0,0,0,0,0,0,2019-06-16 09:16:12-07:00
0,1,0,0,0,0,2019-06-17 00:17:05+08:00
0,0,0,0,0,0,2019-06-17 00:17:36+08:00
0,0,0,0,0,0,2019-06-17 00:40:02+08:00
0,0,0,0,0,0,2019-06-16 17:16:08-07:00
0,0,0,0,0,0,2019-06-16 20:51:33-07:00
0,1,0,0,0,0,2019-06-17 12:46:48+08:00
0,1,0,0,0,0,2019-06-17 12:57:33+08:00
0,1,0,0,0,0,2019-06-16 22:22:51-07:00
0,0,0,0,0,0,2019-06-16 22:23:47-07:00
0,1,0,0,0,0,2019-06-17 13:39:37+08:00
0,0,0,0,0,0,2019-06-17 08:57:55-07:00
0,0,0,0,0,0,2019-06-17 08:58:48-07:00
0,0,0,0,0,0,2019-06-17 08:59:17-07:00
0,0,0,0,0,0,2019-06-17 09:00:07-07:00
0,0,0,0,0,0,2019-06-17 09:00:51-07:00
0,0,0,0,0,0,2019-06-17 09:01:35-07:00
1,1,0,0,1,0,2019-06-20 11:46:06+08:00
2,4,1,0,1,0,2019-06-20 12:04:50+08:00
2,5,1,0,1,0,2019-06-20 13:11:48+08:00
0,0,0,0,0,0,2019-06-20 17:13:48-07:00
0,0,0,0,0,0,2019-06-20 17:14:34-07:00
2,5,1,0,1,0,2019-06-21 12:56:11+08:00
2,2,0,0,1,0,2019-06-21 13:00:59+08:00
1,2,0,0,1,0,2019-06-21 13:07:28+08:00
0,0,0,0,0,0,2019-06-21 13:08:28+08:00
25,22,5,2,5,7,2019-06-21 08:26:24+02:00
0,0,0,0,0,0,2019-06-21 10:53:26-07:00
3,10,4,3,3,3,2019-06-26 15:14:44-07:00
1,1,0,0,0,0,2019-06-26 15:41:48-07:00
0,0,0,0,0,0,2019-06-27 07:50:57-07:00
0,0,0,0,0,0,2019-06-28 06:23:07+02:00
0,0,0,0,0,0,2019-06-28 06:23:51+02:00
2,2,0,0,0,1,2019-06-26 08:42:38-04:00
0,0,0,0,0,0,2019-06-28 10:47:58-07:00
0,0,0,0,0,0,2019-06-28 14:06:09-07:00
0,0,0,0,0,0,2019-07-01 16:37:11-07:00
0,0,0,0,0,0,2019-07-02 16:13:32-07:00
0,0,0,0,0,0,2019-07-03 15:26:36-07:00
0,0,0,0,0,0,2019-07-03 16:08:49-07:00
0,0,0,0,0,0,2019-07-08 11:14:56-07:00
0,0,0,0,0,0,2019-07-10 23:53:46-07:00
0,0,0,0,0,0,2019-07-10 23:55:20-07:00
0,0,0,0,0,0,2019-07-10 23:58:08-07:00
0,0,0,0,0,0,2019-07-11 00:06:33-07:00
0,0,0,0,0,0,2019-07-15 21:49:13-07:00
0,1,1,0,0,0,2019-07-17 22:35:47+08:00
0,1,1,0,0,0,2019-07-18 07:47:17+08:00
0,0,0,0,0,0,2019-07-18 09:01:39+08:00
0,1,0,0,0,0,2019-07-27 00:40:12+08:00
0,0,0,0,0,0,2019-07-28 13:22:21+08:00
0,1,1,0,0,0,2019-08-02 17:28:32+09:00
0,0,0,0,0,0,2019-08-02 16:29:59+08:00
0,0,0,1,0,0,2019-08-05 14:23:08-07:00
0,0,0,0,0,0,2019-08-05 14:24:48-07:00
0,0,0,0,1,0,2019-08-05 16:52:42-07:00
1,1,1,1,0,0,2019-08-07 17:29:43+09:00
0,0,0,0,0,0,2019-08-07 11:49:20-07:00
0,0,0,0,0,0,2019-08-07 11:59:31-07:00
0,0,0,0,0,0,2019-08-08 08:05:32+08:00
0,0,0,0,0,0,2019-08-08 15:10:16-07:00
0,0,0,0,0,0,2019-08-09 14:35:36-07:00
1,1,0,0,0,0,2019-08-12 16:02:53+00:00
0,0,0,0,0,0,2019-08-12 11:11:57-07:00
0,0,0,0,0,0,2019-08-15 18:28:58-07:00
0,0,0,0,0,0,2019-08-15 18:32:02-07:00
1,1,1,0,0,1,2019-08-16 13:46:41+09:00
0,1,0,0,0,1,2019-08-16 15:42:00+08:00
0,0,0,0,0,0,2019-08-16 15:47:18+08:00
0,1,0,0,0,1,2019-08-16 16:43:30+08:00
0,0,0,0,0,0,2019-08-16 16:38:18-07:00
0,0,0,0,0,0,2019-08-16 18:49:37-07:00
0,0,0,0,0,0,2019-08-21 21:46:31-07:00
0,0,0,0,0,0,2019-08-22 17:08:31-07:00
0,0,0,0,0,0,2019-08-23 15:18:27+08:00
0,0,0,0,0,0,2019-08-23 15:20:17+08:00
0,0,0,0,0,0,2019-08-23 18:39:48+08:00
0,0,0,0,0,0,2019-08-23 20:46:24-07:00
0,0,0,0,0,0,2019-08-23 21:07:45-07:00
1,1,0,0,0,0,2019-08-25 20:23:10+08:00
0,0,0,0,0,0,2019-08-26 10:37:43+08:00
1,1,0,0,0,0,2019-08-26 12:05:55-07:00
0,0,0,0,0,0,2019-08-26 17:54:50-07:00
1,1,0,0,0,0,2019-08-28 17:58:52+08:00
0,0,0,0,0,0,2019-08-28 17:59:24+08:00
1,1,0,0,0,1,2019-08-29 10:21:59+08:00
0,0,0,0,0,0,2019-08-29 10:23:23+08:00
2,1,0,0,0,0,2019-08-30 12:46:18+08:00
0,0,0,0,0,0,2019-08-30 12:50:26+08:00
1,1,0,0,0,1,2019-09-03 21:06:33+08:00
2,4,1,3,1,2,2019-09-03 17:31:25-07:00
0,0,0,0,0,0,2019-09-04 11:23:05+08:00
0,1,1,0,0,0,2019-09-05 10:23:20+08:00
1,1,0,0,0,0,2019-09-05 20:57:02+08:00
2,3,0,0,1,1,2019-09-06 09:48:29+08:00
3,3,1,2,1,2,2019-09-05 18:57:30-07:00
0,2,0,1,0,1,2019-09-06 16:13:36+08:00
0,0,0,0,0,0,2019-09-06 23:51:45-07:00
0,0,0,0,0,0,2019-09-08 15:53:44-07:00
0,0,0,0,0,0,2019-09-09 08:18:57+08:00
1,1,1,0,0,0,2019-09-10 17:32:48+08:00
0,0,0,0,0,0,2019-09-10 18:20:19+08:00
0,1,0,0,0,2,2019-09-10 19:21:37+08:00
0,0,0,0,0,0,2019-09-10 19:22:11+08:00
1,2,0,0,0,1,2019-09-10 22:05:35+08:00
0,0,0,0,0,0,2019-09-10 22:06:33+08:00
0,0,0,0,0,0,2019-09-10 22:07:42+08:00
3,7,3,2,2,2,2019-09-11 16:04:01+08:00
1,2,1,0,0,0,2019-09-11 16:53:34+08:00
1,1,1,0,0,1,2019-09-11 18:39:30+08:00
3,6,3,2,2,1,2019-09-11 19:01:17+08:00
1,2,1,0,0,0,2019-09-13 02:04:07+08:00
1,2,1,0,0,0,2019-09-14 14:32:38+08:00
0,0,0,0,0,0,2019-09-14 14:55:09+08:00
1,1,1,0,0,0,2019-09-17 15:38:12+08:00
1,1,1,0,0,0,2019-09-18 00:01:47+08:00
0,0,0,0,0,0,2019-09-19 12:06:09-07:00
27,42,12,9,13,3,2019-09-20 18:05:04-07:00
2,2,1,0,1,1,2019-09-20 23:40:12-07:00
1,0,0,0,0,0,2019-09-21 22:34:19+08:00
1,1,1,0,1,1,2019-09-22 14:23:19-07:00
1,1,1,0,1,1,2019-09-22 14:42:10-07:00
1,1,1,0,1,1,2019-09-22 16:54:31-07:00
0,0,0,0,0,0,2019-09-23 09:47:49+08:00
1,1,0,0,0,0,2019-09-24 14:02:52-07:00
0,0,0,0,0,0,2019-09-24 15:06:04-07:00
0,0,0,0,0,0,2019-09-30 13:25:14-07:00
0,0,0,0,0,0,2019-09-30 14:10:10-07:00
0,1,0,0,0,0,2019-10-02 17:35:42-07:00
0,0,0,0,0,0,2019-10-07 08:46:29+08:00
2,4,1,0,0,2,2019-10-07 09:28:30+08:00
0,1,0,0,0,1,2019-10-06 19:59:21-07:00
0,0,0,0,0,0,2019-10-13 11:50:34+08:00
1,1,1,0,0,0,2019-10-13 22:32:33+08:00
1,1,1,0,0,0,2019-10-14 00:49:11+08:00
3,4,3,0,1,2,2019-10-14 11:08:22+08:00
1,2,1,0,0,0,2019-10-14 18:54:35+08:00
5,7,1,1,3,0,2019-10-14 21:07:51+08:00
0,0,0,0,0,0,2019-10-14 21:13:19+08:00
0,0,0,0,0,0,2019-10-14 22:49:26+08:00
1,1,0,0,1,0,2019-10-15 10:44:10+08:00
1,1,0,0,1,0,2019-10-15 11:46:36+08:00
0,0,0,0,0,0,2019-10-15 12:54:15+08:00
0,1,0,1,0,0,2019-10-15 14:15:18+08:00
2,2,0,1,0,1,2019-10-15 16:38:14+08:00
2,2,1,0,0,0,2019-10-16 00:22:44+08:00
2,2,1,0,0,0,2019-10-16 08:55:43+08:00
0,0,0,0,0,0,2019-10-16 08:56:03+08:00
1,1,0,0,0,0,2019-10-16 19:00:39+08:00
0,0,0,0,1,0,2019-10-21 15:05:52+08:00
2,2,0,0,0,2,2019-10-27 16:43:26+08:00
2,2,0,0,1,0,2019-10-28 21:13:03+08:00
1,1,0,0,0,0,2019-10-28 21:19:11+08:00
4,6,3,1,3,0,2019-11-04 07:28:27+08:00
2,2,1,0,3,0,2019-11-04 10:59:50+08:00
2,4,1,1,1,1,2019-11-03 19:51:39-08:00
1,1,1,1,2,0,2019-11-06 00:20:21+08:00
1,1,0,0,0,0,2019-11-06 23:09:19+08:00
4,5,4,2,6,0,2019-11-07 21:03:33+08:00
1,1,1,1,1,0,2019-11-07 21:34:06+08:00
1,1,1,0,2,0,2019-11-08 09:25:23+08:00
1,1,0,0,1,0,2019-11-11 20:59:50+08:00
1,1,0,0,1,0,2019-11-11 21:12:21+08:00
0,0,0,0,0,0,2019-11-11 22:34:24+08:00
0,0,0,0,0,0,2019-11-12 13:46:44+08:00
1,1,0,0,1,0,2019-11-12 15:08:17+08:00
0,0,0,0,0,0,2019-11-12 15:08:45+08:00
2,2,0,0,2,0,2019-11-12 15:29:49+08:00
2,2,0,0,2,0,2019-11-12 15:37:28+08:00
0,0,0,0,0,0,2019-11-12 15:38:47+08:00
1,1,0,0,1,0,2019-11-12 16:00:05+08:00
0,0,0,0,0,0,2019-11-12 16:01:16+08:00
2,2,0,0,2,0,2019-11-12 16:19:04+08:00
1,1,0,0,1,0,2019-11-12 16:27:46+08:00
1,1,0,0,1,0,2019-11-12 17:16:48+08:00
0,0,0,0,0,0,2019-11-12 17:17:19+08:00
1,2,1,0,1,1,2019-11-13 09:49:41+08:00
1,1,0,0,0,1,2019-11-14 22:03:36+08:00
0,0,1,0,1,0,2019-11-19 17:30:34+08:00
0,1,0,0,0,0,2019-11-19 18:48:30+08:00
0,0,1,0,1,0,2019-11-19 18:51:52+08:00
0,0,0,0,0,0,2019-11-19 18:56:24+08:00
0,0,1,0,1,0,2019-11-19 20:12:59+08:00
0,0,1,0,1,0,2019-11-19 20:19:01+08:00
0,0,1,0,1,0,2019-11-19 20:22:05+08:00
3,3,2,1,4,0,2019-11-20 11:19:11+08:00
2,2,1,0,2,0,2019-11-20 12:08:17+08:00
1,1,1,1,1,0,2019-11-20 12:33:38+08:00
0,0,0,0,0,0,2019-11-20 14:38:29+08:00
0,0,0,0,0,0,2019-11-20 14:46:52+08:00
0,0,0,0,0,0,2019-11-20 19:32:10+08:00
1,1,1,1,1,0,2019-11-21 17:11:48+08:00
1,1,1,1,1,0,2019-11-22 10:47:42+08:00
0,0,0,0,0,0,2019-11-22 11:04:52+08:00
0,0,0,0,0,0,2019-11-22 15:23:01+08:00
0,1,0,0,0,0,2019-11-22 15:35:05+08:00
0,0,0,0,0,0,2019-11-22 15:42:33+08:00
0,0,1,0,1,0,2019-11-22 15:45:08+08:00
0,0,1,0,1,0,2019-11-22 15:49:08+08:00
0,1,0,0,0,0,2019-11-22 17:03:47+08:00
1,1,1,1,1,0,2019-11-23 12:16:16+08:00
1,1,1,1,1,0,2019-11-23 12:18:09+08:00
0,0,1,0,1,0,2019-11-23 17:02:03+08:00
0,0,0,0,0,0,2019-11-23 17:13:16+08:00
0,0,1,0,1,0,2019-11-23 17:29:12+08:00
1,1,1,1,1,0,2019-11-24 11:52:11+08:00
0,0,0,0,0,0,2019-11-27 17:48:36+08:00
3,4,2,0,0,1,2019-11-28 12:06:17+08:00
2,2,1,1,2,0,2019-11-28 14:13:25+08:00
0,0,0,0,0,0,2019-11-28 14:17:51+08:00
1,1,0,0,1,0,2019-11-28 14:21:12+08:00
0,0,0,0,0,0,2019-11-28 14:39:33+08:00
4,5,1,1,2,1,2019-11-28 19:24:37+08:00
3,4,2,0,0,1,2019-11-29 13:06:07+08:00
1,1,1,0,0,0,2019-11-29 13:35:13+08:00
1,1,1,0,0,0,2019-11-28 22:16:01-08:00
3,3,3,0,1,2,2019-11-29 16:22:37+08:00
1,1,1,0,0,1,2019-11-29 16:47:24+08:00
1,1,0,0,1,0,2019-11-30 23:15:27+08:00
0,0,0,0,0,0,2019-11-30 23:16:18+08:00
0,0,0,0,0,0,2019-11-30 23:18:10+08:00
1,1,1,0,0,0,2019-12-05 09:32:41+08:00
0,0,0,0,0,0,2019-12-10 13:40:02+08:00
0,0,0,0,0,0,2019-12-10 14:33:21+08:00
0,0,0,0,0,0,2019-12-10 06:33:45+00:00
0,0,0,0,0,0,2019-12-10 06:33:48+00:00
0,0,0,0,0,0,2019-12-10 06:33:48+00:00
0,0,0,0,0,0,2019-12-10 06:34:01+00:00
3,3,2,1,4,0,2019-12-12 14:21:59+08:00
4,6,2,1,4,0,2019-12-13 10:29:24+08:00
3,4,1,1,3,0,2019-12-24 16:36:58+08:00
0,0,0,0,0,0,2019-12-24 18:24:54+08:00
2,2,1,1,2,0,2019-12-31 10:34:30+08:00
1,1,0,0,1,0,2019-12-31 11:11:54+08:00
0,0,0,0,0,0,2019-12-31 11:17:05+08:00
0,0,0,0,0,0,2020-01-03 13:26:40+01:00
1,1,0,0,1,0,2020-01-20 21:29:13+08:00
0,0,0,0,0,0,2020-01-20 21:29:44+08:00
0,0,0,0,0,0,2020-01-28 22:48:31+00:00
0,0,0,0,0,0,2020-02-24 10:46:03-08:00
0,0,0,0,0,0,2020-02-24 10:46:21-08:00
0,0,0,0,0,0,2020-02-24 10:46:56-08:00
0,0,0,0,0,0,2020-02-24 10:47:10-08:00
0,0,0,0,0,0,2020-02-24 10:47:30-08:00
0,0,0,0,0,0,2020-02-24 10:51:07-08:00
1,1,0,0,0,0,2020-04-15 10:54:03+08:00
0,0,0,0,0,0,2020-04-14 20:31:23-07:00
