Acquisition,Preparation,Modeling,Training,Evaluation,Prediction,time
0,0,0,0,0,0,2019-05-06 10:10:59-04:00
4,12,11,4,4,3,2019-05-13 11:44:20-04:00
3,3,3,3,3,2,2019-05-15 14:42:41-04:00
1,1,1,1,1,1,2019-05-15 15:35:31-04:00
0,0,0,0,0,0,2019-05-15 15:47:03-04:00
27,32,15,6,17,7,2019-05-15 15:47:24-04:00
2,2,2,1,2,1,2019-05-16 12:13:07-04:00
69,93,47,18,44,19,2019-08-13 09:30:30-04:00
0,0,0,0,0,0,2019-08-13 11:08:44-04:00
11,10,9,7,10,7,2019-08-30 11:27:12-04:00
0,0,0,0,0,0,2019-08-30 11:29:14-04:00
2,2,2,2,2,2,2019-09-01 08:03:33-04:00
31,36,19,10,21,11,2019-09-05 22:06:33-04:00
42,60,31,11,27,11,2020-08-20 18:51:57+09:00
4,5,5,4,5,4,2020-08-20 20:12:34+09:00
1,1,1,1,1,1,2020-08-20 20:28:40+09:00
1,2,2,1,2,0,2020-08-24 21:33:56+09:00
1,2,2,1,2,0,2020-08-25 15:00:16+09:00
1,2,2,1,2,0,2020-08-25 15:14:24+09:00
1,1,1,1,1,0,2020-08-25 15:17:14+09:00
1,2,2,1,2,0,2020-08-25 15:32:03+09:00
1,2,2,1,2,0,2020-08-28 00:58:59-04:00
1,3,2,1,2,0,2020-08-29 05:59:44-04:00
2,6,5,2,4,1,2020-08-30 04:26:43-04:00
1,2,2,1,2,0,2020-08-30 04:32:25-04:00
1,1,1,1,1,0,2020-08-30 05:21:19-04:00
1,1,1,1,1,0,2020-08-30 07:45:59-04:00
1,3,3,1,3,0,2020-08-30 08:20:03-04:00
0,2,2,0,2,0,2020-08-30 08:20:27-04:00
0,0,0,0,0,0,2020-08-31 20:06:26-04:00
0,0,0,0,0,0,2020-08-31 20:07:37-04:00
0,0,0,0,0,0,2020-09-01 09:10:23+09:00
0,2,2,0,2,0,2020-10-07 14:49:10+09:00
1,1,1,1,1,0,2020-10-07 14:59:07+09:00
0,0,0,0,0,0,2020-10-12 13:23:15+09:00
0,0,0,0,0,0,2020-10-12 13:25:25+09:00
0,0,0,0,0,0,2020-11-08 19:11:12+09:00
0,0,0,0,0,0,2020-11-10 16:24:13+09:00
0,0,0,0,0,0,2020-11-11 20:01:47+09:00
0,0,0,0,0,0,2020-11-11 20:02:57+09:00
1,1,1,1,1,0,2020-11-11 20:03:11+09:00
1,0,1,0,0,0,2020-11-11 20:04:35+09:00
0,0,0,0,0,0,2020-11-11 20:05:56+09:00
0,0,0,0,0,0,2020-11-11 20:48:20+09:00
0,0,0,0,0,0,2020-11-11 13:12:43-05:00
0,0,0,0,0,0,2020-11-12 09:22:34+09:00
0,0,0,0,0,0,2020-11-12 09:22:37+09:00
0,0,0,0,0,0,2020-11-12 09:24:35+09:00
0,0,0,0,0,0,2020-11-12 20:18:01+09:00
0,0,0,0,0,0,2021-01-23 12:06:03+09:00
0,0,0,0,0,0,2021-01-25 09:51:30+09:00
0,0,0,0,0,0,2021-02-10 11:26:53-05:00
1,1,1,1,1,0,2021-05-27 08:21:10+08:00
0,0,0,0,0,0,2021-05-26 21:31:16-04:00
1,1,1,1,1,0,2021-12-04 17:08:12-05:00
0,0,0,0,0,0,2021-12-05 07:01:18-05:00
