Acquisition,Preparation,Modeling,Training,Evaluation,Prediction,time
0,0,0,0,0,0,2017-05-14 12:00:09-04:00
0,0,0,0,0,0,2017-05-14 12:05:01-04:00
0,0,0,0,0,0,2017-05-14 12:11:44-04:00
0,0,0,0,0,0,2017-05-14 12:32:22-04:00
0,0,0,0,0,0,2017-05-14 12:33:01-04:00
0,0,0,0,0,0,2017-05-14 12:35:34-04:00
0,0,0,0,0,0,2017-05-14 12:41:48-04:00
0,0,0,0,0,0,2017-05-14 12:45:23-04:00
0,0,0,0,0,0,2017-05-15 09:43:05-04:00
0,0,0,0,0,0,2017-05-15 18:45:17-04:00
0,0,0,0,0,0,2017-05-15 19:47:09-04:00
0,0,0,0,0,0,2017-05-15 22:08:40-04:00
0,0,0,0,0,0,2017-05-15 23:16:41-04:00
0,0,0,0,0,0,2017-05-15 23:44:03-04:00
1,1,1,1,0,1,2017-05-16 14:45:24-04:00
1,1,1,1,0,1,2017-05-16 15:30:59-04:00
0,2,0,1,0,0,2017-05-17 08:34:28-04:00
0,0,0,0,0,0,2017-05-17 11:55:59-04:00
0,0,0,0,0,0,2017-05-17 13:45:15-04:00
0,0,0,0,0,0,2017-05-17 13:46:35-04:00
0,1,0,0,0,0,2017-05-17 14:05:35-04:00
0,0,0,0,0,0,2017-05-17 18:41:41-04:00
0,0,0,0,0,0,2017-05-17 20:10:15-04:00
0,0,0,0,0,0,2017-05-17 20:10:30-04:00
0,0,0,0,0,0,2017-05-17 20:12:59-04:00
0,0,0,0,0,0,2017-05-17 20:13:57-04:00
0,0,0,0,0,0,2017-05-17 23:05:47-04:00
0,0,0,0,0,0,2017-05-18 00:12:50-04:00
0,0,0,0,0,0,2017-05-18 00:23:38-04:00
0,0,0,0,0,0,2017-05-18 11:33:17-04:00
0,0,0,0,0,0,2017-05-18 12:13:38-04:00
0,0,0,0,0,0,2017-05-18 14:22:36-04:00
0,0,0,0,0,0,2017-05-18 14:33:59-04:00
0,0,0,0,0,0,2017-05-18 14:35:01-04:00
0,0,0,0,0,0,2017-05-18 14:35:58-04:00
1,1,1,0,0,1,2017-05-18 16:14:35-04:00
0,0,0,0,0,0,2017-05-18 16:58:25-04:00
1,1,1,0,0,1,2017-05-18 17:51:27-04:00
0,0,0,0,0,0,2017-05-18 22:30:29-04:00
0,0,0,0,0,0,2017-05-18 23:15:46-04:00
0,0,0,0,0,0,2017-05-19 09:36:04-04:00
1,1,1,0,0,1,2017-05-19 10:46:08-04:00
0,0,0,0,0,0,2017-05-19 13:33:54-04:00
0,0,0,0,0,0,2017-05-19 13:47:33-04:00
1,2,0,0,0,0,2017-05-19 17:10:36-04:00
0,0,0,0,0,0,2017-05-19 20:10:29-04:00
0,0,0,0,0,0,2017-05-20 01:05:08-04:00
0,0,0,0,0,0,2017-05-20 01:10:50-04:00
0,0,0,0,0,0,2017-05-20 16:31:07-04:00
0,0,0,0,0,0,2017-05-20 21:42:52-04:00
0,0,0,0,0,0,2017-05-21 13:59:22-04:00
0,0,0,0,0,0,2017-05-21 22:49:43-04:00
0,0,0,0,0,0,2017-05-21 22:50:20-04:00
0,0,0,0,0,0,2017-05-21 23:09:14-04:00
1,2,2,0,0,1,2017-05-22 10:11:47-04:00
0,1,1,0,0,0,2017-05-22 23:04:43-04:00
0,0,0,0,0,0,2017-05-23 15:41:16-04:00
0,1,1,0,0,0,2017-05-23 17:36:28-04:00
0,0,0,0,0,0,2017-05-23 21:29:53-04:00
0,0,0,0,0,0,2017-05-23 21:41:41-04:00
0,0,0,0,0,0,2017-05-23 21:42:19-04:00
0,0,0,0,0,0,2017-05-23 21:44:15-04:00
0,0,0,0,0,0,2017-05-23 22:34:51-04:00
0,0,0,0,0,0,2017-05-24 12:14:43-04:00
0,0,0,0,0,0,2017-05-24 20:30:38-04:00
0,0,0,0,0,0,2017-05-24 20:32:00-04:00
0,0,0,0,0,0,2017-05-26 15:39:26-04:00
0,0,0,0,0,0,2017-05-26 15:40:03-04:00
0,0,0,0,0,0,2017-05-26 18:07:47-04:00
0,0,0,0,0,0,2017-05-26 18:15:43-04:00
0,0,0,0,0,0,2017-05-26 20:04:15-04:00
0,0,0,0,0,0,2017-05-26 23:57:50-04:00
0,0,0,0,0,0,2017-05-26 23:59:31-04:00
0,0,0,0,0,0,2017-05-27 13:14:43-04:00
0,0,0,0,0,0,2017-05-27 18:17:39-04:00
0,0,0,0,0,0,2017-05-28 10:39:12-04:00
0,0,0,0,0,0,2017-05-28 13:01:43-04:00
0,0,0,0,0,0,2017-05-28 23:52:56-04:00
0,0,0,0,0,0,2017-07-04 22:39:43-04:00
0,0,0,0,0,0,2017-07-04 22:41:19-04:00
0,0,0,0,0,0,2017-07-04 22:52:51-04:00
