Acquisition,Preparation,Modeling,Training,Evaluation,Prediction,time
0,0,0,0,0,0,2020-07-10 07:01:04+02:00
0,0,0,0,0,0,2020-07-10 07:28:05+02:00
0,0,0,0,0,0,2020-07-10 07:30:32+02:00
0,0,0,0,0,0,2020-07-10 08:02:32+02:00
0,0,0,0,0,0,2020-07-10 08:03:13+02:00
0,1,0,1,0,0,2020-07-10 08:37:23+02:00
0,1,0,1,0,0,2020-07-10 09:47:22+02:00
0,1,0,1,0,0,2020-07-10 10:17:30+02:00
0,1,0,1,0,0,2020-07-10 16:42:46+02:00
0,1,0,1,0,0,2020-07-10 19:52:24+02:00
0,1,0,1,1,0,2020-07-10 19:56:46+02:00
0,0,0,0,1,0,2020-07-10 19:58:39+02:00
0,1,0,1,0,0,2020-07-11 08:48:07+02:00
0,1,0,1,0,0,2020-07-11 09:00:19+02:00
0,1,0,1,0,0,2020-07-11 09:01:08+02:00
0,1,0,1,0,0,2020-07-11 10:41:58+02:00
0,0,0,0,0,0,2020-07-11 10:45:38+02:00
0,1,0,1,1,0,2020-07-11 10:49:37+02:00
0,0,0,0,0,0,2020-07-11 10:50:35+02:00
0,0,0,0,0,0,2020-07-13 06:41:04+02:00
0,1,0,0,0,0,2020-07-13 07:02:06+02:00
0,1,0,0,0,0,2020-07-13 07:11:00+02:00
0,1,0,0,0,0,2020-07-13 07:15:41+02:00
0,1,0,0,0,0,2020-07-13 07:18:37+02:00
0,1,0,0,0,0,2020-07-13 07:22:40+02:00
0,1,0,0,0,0,2020-07-13 07:28:15+02:00
0,1,0,0,0,0,2020-07-13 07:35:30+02:00
0,1,0,0,0,0,2020-07-13 07:40:09+02:00
0,1,0,0,0,0,2020-07-13 07:42:53+02:00
0,0,0,0,0,0,2020-07-14 07:40:16+02:00
0,1,0,1,1,0,2020-07-14 08:01:51+02:00
0,0,0,0,0,0,2020-07-14 08:05:32+02:00
0,0,0,0,1,0,2020-07-14 08:08:38+02:00
0,0,0,0,0,0,2020-07-14 08:11:27+02:00
0,1,0,0,1,0,2020-07-14 08:13:53+02:00
0,1,0,1,0,0,2020-07-14 20:43:05+02:00
0,1,1,1,0,0,2020-07-14 21:43:50+02:00
0,0,0,0,0,0,2020-07-14 21:51:28+02:00
0,0,0,0,0,0,2020-07-14 21:52:19+02:00
0,0,0,0,0,0,2020-07-14 21:57:05+02:00
0,0,0,0,0,0,2020-07-16 05:31:47+02:00
0,0,0,0,0,0,2020-07-16 05:34:10+02:00
0,0,0,0,0,0,2020-07-16 05:34:53+02:00
0,0,0,0,0,0,2020-08-08 18:47:41+02:00
0,2,1,2,0,1,2020-08-08 18:48:20+02:00
0,2,1,2,0,1,2020-08-08 19:20:03+02:00
1,1,1,1,0,0,2020-08-08 19:24:07+02:00
1,1,1,1,0,0,2020-08-08 19:28:05+02:00
0,2,1,2,0,1,2020-08-08 19:36:49+02:00
0,1,0,1,0,1,2020-08-08 22:13:46+02:00
0,1,0,1,0,1,2020-08-08 22:28:13+02:00
0,1,0,1,0,1,2020-08-08 22:31:02+02:00
0,1,0,1,0,1,2020-08-08 22:35:13+02:00
0,1,0,1,0,1,2020-08-08 22:38:44+02:00
0,1,1,1,0,0,2020-08-09 19:21:41+02:00
0,1,1,1,0,0,2020-08-09 19:29:24+02:00
0,0,0,0,0,0,2020-08-09 19:33:02+02:00
0,0,0,0,1,0,2020-08-09 22:39:19+02:00
0,0,0,0,0,0,2020-08-09 22:51:31+02:00
0,0,0,0,0,0,2020-08-09 22:54:31+02:00
0,0,0,0,0,0,2020-08-09 22:55:58+02:00
0,0,0,0,1,0,2020-08-10 00:06:42+02:00
0,0,0,0,0,0,2020-08-10 00:10:44+02:00
0,0,0,0,0,0,2020-08-10 00:13:07+02:00
0,1,1,1,0,0,2020-08-10 02:27:02+02:00
0,1,1,1,0,0,2020-08-10 17:32:08+02:00
0,2,1,2,0,1,2020-08-10 17:32:35+02:00
0,1,1,1,0,0,2020-08-10 17:47:38+02:00
0,1,1,1,0,0,2020-08-10 17:48:53+02:00
0,0,0,0,0,0,2020-08-10 18:12:45+02:00
0,1,1,1,0,0,2020-08-10 18:29:15+02:00
0,1,0,1,0,1,2020-08-12 00:30:31+02:00
0,2,1,2,0,1,2020-08-16 22:48:08+02:00
0,1,0,1,0,1,2020-08-16 22:54:32+02:00
0,1,0,1,0,1,2020-08-16 23:04:32+02:00
0,1,0,1,0,1,2020-08-16 23:19:46+02:00
0,1,0,1,0,1,2020-08-16 23:22:30+02:00
0,1,0,1,0,1,2020-08-16 23:35:53+02:00
0,1,0,1,0,1,2020-08-16 23:37:44+02:00
0,1,0,1,0,1,2020-08-16 23:47:18+02:00
0,1,0,1,0,1,2020-08-16 23:48:44+02:00
0,1,0,1,0,1,2020-08-16 23:49:49+02:00
0,1,0,1,0,1,2020-08-16 23:52:01+02:00
0,1,0,1,0,1,2020-08-20 21:52:07+02:00
0,1,0,1,0,1,2020-08-20 22:35:16+02:00
0,0,0,0,0,0,2020-09-07 09:55:59+02:00
0,0,0,0,0,0,2020-09-12 20:13:34+02:00
0,1,0,1,0,1,2020-09-13 22:10:34+02:00
0,1,0,1,0,1,2020-09-13 22:22:25+02:00
0,0,0,0,0,0,2020-09-13 22:26:31+02:00
0,1,1,1,0,1,2020-11-15 13:54:49+02:00
0,1,1,1,0,1,2020-11-15 14:36:27+02:00
0,1,1,1,0,1,2020-11-15 14:41:10+02:00
0,1,1,1,0,1,2020-11-15 14:43:44+02:00
0,1,1,1,0,1,2020-11-15 22:28:20+02:00
0,1,1,1,0,0,2020-11-15 22:41:24+02:00
0,1,1,1,0,0,2020-11-15 22:43:29+02:00
0,1,1,1,0,1,2020-11-15 22:57:00+02:00
0,1,1,1,0,1,2020-11-15 22:58:33+02:00
0,1,1,1,0,1,2020-11-15 23:01:03+02:00
0,1,1,1,0,1,2020-11-15 23:07:50+02:00
0,1,1,1,0,1,2020-11-15 23:20:30+02:00
0,1,1,1,0,1,2020-11-15 23:21:33+02:00
0,1,1,1,0,1,2020-11-15 23:24:00+02:00
0,1,1,1,0,1,2020-11-15 23:25:47+02:00
0,1,1,1,0,1,2020-11-15 23:27:09+02:00
0,1,1,1,0,1,2020-11-15 23:29:05+02:00
0,1,1,1,0,1,2020-11-16 00:00:13+02:00
0,0,0,0,0,0,2020-11-16 00:04:31+02:00
0,1,1,1,0,1,2020-11-16 00:07:40+02:00
0,0,0,0,0,0,2020-11-16 00:15:12+02:00
0,0,0,0,0,0,2020-11-16 00:15:39+02:00
0,0,0,0,0,0,2020-11-16 00:16:59+02:00
0,0,0,0,0,0,2020-11-16 00:19:45+02:00
0,0,0,0,0,0,2020-11-16 00:21:20+02:00
0,0,0,0,0,0,2020-11-18 23:11:31+02:00
0,0,0,0,0,0,2020-11-18 23:15:29+02:00
0,1,1,1,0,1,2020-11-19 22:40:00+02:00
0,1,1,1,0,1,2020-11-19 22:41:47+02:00
0,1,1,1,0,1,2021-02-19 07:58:46+02:00
0,1,1,1,0,0,2021-04-07 23:12:08+02:00
0,1,1,1,0,0,2021-04-20 21:49:56+02:00
0,1,0,0,0,0,2021-07-21 00:17:33+02:00
0,1,0,0,0,0,2021-07-22 18:42:00+02:00
0,1,0,0,0,0,2021-07-22 20:30:10+02:00
0,1,0,0,0,0,2021-07-22 21:43:08+02:00
0,1,0,0,0,0,2021-07-22 21:48:07+02:00
0,1,0,0,0,0,2021-07-23 09:01:39+02:00
0,1,0,0,0,0,2021-07-23 11:36:55+02:00
0,1,0,0,0,0,2021-07-23 11:41:13+02:00
0,1,0,0,0,0,2021-07-23 12:52:43+02:00
0,1,0,0,0,0,2021-07-23 12:57:43+02:00
0,1,0,0,0,0,2021-07-23 13:55:27+02:00
0,1,0,0,0,0,2021-07-23 15:30:17+02:00
0,1,0,0,0,0,2021-07-23 16:21:27+02:00
0,1,0,0,0,0,2021-07-23 17:21:02+02:00
0,1,0,0,0,0,2021-07-23 17:32:08+02:00
0,1,0,0,0,0,2021-07-24 18:58:52+02:00
0,1,0,0,0,0,2021-07-24 19:12:56+02:00
0,1,0,0,0,0,2021-07-24 19:27:46+02:00
0,1,0,0,0,0,2021-07-24 20:30:24+02:00
0,1,0,0,0,0,2021-07-24 21:37:41+02:00
0,0,0,0,0,0,2021-07-24 21:53:19+02:00
0,1,0,0,0,0,2021-07-24 21:55:31+02:00
0,1,0,0,0,0,2021-07-24 21:58:16+02:00
0,1,0,0,0,0,2021-07-24 22:14:00+02:00
0,1,0,0,0,0,2021-07-24 22:50:28+02:00
0,1,0,0,0,0,2021-07-24 23:54:46+02:00
0,1,0,0,0,0,2021-07-24 23:57:17+02:00
0,1,0,0,0,0,2021-08-08 19:38:15+02:00
0,1,0,0,0,0,2021-08-09 00:24:07+02:00
0,1,0,0,0,0,2021-08-09 00:27:03+02:00
0,1,0,0,0,0,2021-08-14 20:14:21+02:00
0,0,0,0,0,0,2021-08-14 22:26:09+02:00
0,0,0,0,0,0,2021-08-30 22:17:27+02:00
1,2,1,1,0,1,2021-08-30 22:41:45+02:00
0,0,0,0,0,0,2021-08-30 22:45:42+02:00
0,0,0,0,0,0,2021-08-30 23:00:20+02:00
0,0,0,0,0,0,2021-08-30 23:03:54+02:00
0,0,0,0,0,0,2021-08-30 23:16:37+02:00
0,1,1,1,0,1,2021-08-30 23:23:50+02:00
0,1,1,1,0,1,2021-08-30 23:32:09+02:00
0,0,0,0,0,0,2021-08-30 23:41:07+02:00
0,0,0,0,0,0,2021-08-30 23:44:38+02:00
0,0,0,0,0,0,2021-08-30 23:45:34+02:00
0,1,1,1,0,1,2021-08-30 23:49:56+02:00
0,1,1,1,0,1,2021-08-30 23:50:29+02:00
0,1,1,1,0,1,2021-08-30 23:52:33+02:00
0,1,1,1,0,1,2021-08-30 23:55:59+02:00
0,1,1,1,0,1,2021-08-31 00:02:59+02:00
0,2,1,1,0,1,2021-08-31 00:13:44+02:00
0,1,1,1,0,1,2021-08-31 00:15:25+02:00
0,1,1,1,0,1,2021-08-31 00:19:42+02:00
0,2,1,1,0,1,2021-08-31 02:04:43+02:00
0,2,1,1,0,1,2021-08-31 03:09:37+02:00
0,1,1,1,0,1,2021-08-31 03:11:55+02:00
0,1,0,0,0,0,2021-08-31 03:15:34+02:00
0,1,0,0,0,0,2021-08-31 03:19:33+02:00
0,1,0,0,0,0,2021-08-31 03:27:50+02:00
0,1,0,0,0,0,2021-08-31 04:07:02+02:00
0,1,0,0,0,0,2021-08-31 08:36:37+02:00
0,1,0,0,0,0,2021-08-31 09:36:28+02:00
0,1,0,0,0,0,2021-08-31 11:55:33+02:00
0,1,0,0,0,0,2021-08-31 15:10:06+02:00
0,1,0,0,0,0,2021-08-31 18:16:19+02:00
0,1,0,0,0,0,2021-08-31 18:28:11+02:00
0,1,0,0,0,0,2021-08-31 18:51:39+02:00
0,2,1,2,0,1,2021-08-31 21:51:43+02:00
0,1,1,1,0,1,2021-08-31 21:56:38+02:00
0,1,0,1,0,0,2021-08-31 22:11:17+02:00
0,1,1,1,0,1,2021-08-31 22:33:44+02:00
0,1,0,1,0,0,2021-08-31 22:42:34+02:00
0,1,0,1,0,0,2021-08-31 22:45:02+02:00
0,1,0,1,0,0,2021-08-31 22:53:18+02:00
0,1,1,1,0,1,2021-09-01 10:44:05+02:00
0,1,0,1,0,0,2021-09-02 07:24:50+02:00
0,0,0,0,0,0,2021-09-05 16:51:41+02:00
0,1,1,1,0,0,2021-09-05 16:56:58+02:00
0,1,1,1,0,1,2021-09-05 16:58:21+02:00
1,0,0,0,0,0,2021-09-05 17:02:36+02:00
1,0,0,0,0,0,2021-09-05 17:03:05+02:00
0,0,0,0,0,0,2021-09-05 17:16:42+02:00
0,1,1,1,0,0,2021-09-05 17:17:50+02:00
0,0,0,0,0,0,2021-09-05 17:47:40+02:00
0,2,1,2,0,1,2021-09-05 18:59:28+02:00
0,1,0,1,0,0,2021-09-05 19:07:18+02:00
0,1,0,1,0,0,2021-09-05 19:15:08+02:00
0,1,0,1,0,0,2021-09-05 19:31:12+02:00
0,1,0,1,0,0,2021-09-05 20:38:23+02:00
0,1,0,1,0,0,2021-09-05 20:58:45+02:00
0,1,0,1,0,0,2021-09-05 21:20:27+02:00
0,2,1,2,0,1,2021-09-05 23:09:59+02:00
0,1,1,1,0,1,2021-09-05 23:19:11+02:00
0,1,1,1,0,1,2021-09-05 23:22:29+02:00
0,1,1,1,0,1,2021-09-05 23:23:35+02:00
0,1,1,1,0,1,2021-09-05 23:26:21+02:00
0,1,1,1,0,1,2021-09-05 23:29:12+02:00
0,1,1,1,0,1,2021-09-05 23:39:51+02:00
0,2,1,2,0,1,2021-09-12 22:44:48+02:00
0,1,1,1,0,1,2021-09-12 22:46:58+02:00
0,1,1,1,0,1,2021-09-12 23:04:29+02:00
0,1,1,1,0,1,2021-09-14 19:46:46+02:00
0,1,1,1,0,1,2021-09-15 01:31:16+02:00
0,0,0,0,0,0,2021-09-19 16:56:33+02:00
0,0,0,0,0,0,2022-01-29 16:33:04+02:00
0,0,0,0,0,0,2022-01-29 18:26:58+02:00
0,0,0,0,0,0,2022-01-29 18:30:55+02:00
0,1,0,0,1,0,2022-01-29 20:57:35+02:00
0,1,0,0,1,0,2022-02-06 17:00:49+02:00
0,1,0,0,1,0,2022-02-06 17:07:18+02:00
0,1,0,0,1,0,2022-02-06 17:38:55+02:00
0,1,0,0,1,0,2022-02-06 17:44:54+02:00
0,1,0,0,1,0,2022-02-06 17:57:35+02:00
0,1,0,0,1,0,2022-02-06 20:15:05+02:00
0,1,1,1,0,0,2022-02-06 20:37:36+02:00
0,0,0,0,0,0,2022-02-06 22:28:58+02:00
0,1,0,0,0,0,2022-02-06 23:04:43+02:00
0,1,0,0,0,0,2022-02-06 23:06:26+02:00
0,2,1,1,1,0,2022-02-07 01:07:25+02:00
0,2,1,1,0,0,2022-02-07 02:03:15+02:00
0,1,0,0,0,0,2022-02-07 02:06:55+02:00
0,3,0,0,1,0,2022-02-07 03:06:03+02:00
0,1,0,0,0,0,2022-02-07 03:18:36+02:00
0,1,0,0,0,0,2022-02-07 03:41:57+02:00
0,1,0,0,0,0,2022-02-09 14:33:10+02:00
0,1,0,0,1,0,2022-02-16 00:44:16+02:00
0,1,0,0,0,0,2022-02-16 00:44:30+02:00
0,0,0,0,0,0,2022-02-16 00:48:02+02:00
0,1,1,0,1,0,2022-02-16 00:52:25+02:00
0,1,1,0,1,0,2022-02-16 01:03:59+02:00
0,1,1,0,1,0,2022-02-16 01:08:45+02:00
0,1,1,0,1,0,2022-02-16 01:19:43+02:00
0,1,1,0,1,0,2022-02-16 02:01:49+02:00
0,1,1,0,1,0,2022-02-16 02:06:36+02:00
0,1,1,0,1,0,2022-02-16 02:09:32+02:00
0,1,0,0,0,0,2022-02-17 22:43:43+02:00
0,1,0,0,0,0,2022-02-17 22:55:12+02:00
0,1,0,0,0,0,2022-02-17 23:00:35+02:00
0,1,0,0,1,0,2022-02-27 22:48:26+02:00
0,1,0,0,1,0,2022-02-27 22:50:04+02:00
0,1,0,0,1,0,2022-02-27 23:42:03+02:00
