Acquisition,Preparation,Modeling,Training,Evaluation,Prediction,time
0,0,0,0,0,0,2021-06-21 03:03:11+03:00
2,0,0,0,0,0,2021-06-21 03:07:43+03:00
0,0,0,0,0,0,2021-06-21 03:11:18+03:00
0,0,0,0,0,0,2021-06-21 11:00:02+03:00
0,0,0,0,0,0,2021-06-21 13:24:29+03:00
0,0,0,0,0,0,2021-06-21 13:28:36+03:00
0,0,0,0,0,0,2021-06-21 13:45:02+03:00
0,0,0,0,0,0,2021-06-21 13:47:18+03:00
0,0,0,0,0,0,2021-06-21 14:05:39+03:00
0,0,0,0,0,0,2021-06-28 22:54:47+03:00
0,0,0,0,0,0,2021-06-28 22:56:27+03:00
0,0,0,0,0,0,2021-06-28 22:59:05+03:00
0,0,0,0,0,0,2021-06-28 23:01:17+03:00
0,0,0,0,0,0,2021-06-28 23:02:24+03:00
0,0,0,0,0,0,2021-06-28 23:02:55+03:00
0,0,0,0,0,0,2021-07-05 19:04:00+03:00
0,0,0,0,0,0,2021-07-05 19:05:38+03:00
1,0,0,1,0,0,2021-07-05 19:06:15+03:00
0,0,0,0,0,0,2021-07-05 19:08:49+03:00
1,0,0,1,0,0,2021-07-05 19:11:02+03:00
0,0,0,0,0,0,2021-07-05 19:14:05+03:00
0,0,0,0,0,0,2021-07-05 19:17:19+03:00
0,0,0,0,0,0,2021-07-05 19:24:15+03:00
0,0,0,0,0,0,2021-07-05 19:25:12+03:00
2,1,0,1,0,1,2021-07-05 19:26:19+03:00
0,0,0,0,0,0,2021-07-05 19:30:14+03:00
0,0,0,0,0,0,2021-07-05 19:33:02+03:00
0,0,0,0,0,0,2021-07-05 19:35:24+03:00
0,0,0,0,0,0,2021-07-05 19:37:49+03:00
0,0,0,0,0,0,2021-07-05 19:38:59+03:00
0,0,0,0,0,0,2021-07-05 22:31:04+03:00
0,0,0,0,0,0,2021-07-05 22:32:38+03:00
0,0,0,0,0,0,2021-07-08 16:42:29+03:00
0,0,0,0,0,0,2021-07-09 11:08:53+03:00
0,0,0,0,0,0,2021-07-09 11:09:40+03:00
0,0,0,0,0,0,2021-07-09 11:24:18+03:00
0,0,0,0,0,0,2021-07-09 11:29:23+03:00
0,0,0,0,0,0,2021-07-09 11:41:15+03:00
0,0,0,0,0,0,2021-07-09 11:44:16+03:00
0,0,0,0,0,0,2021-07-09 12:00:05+03:00
2,1,0,1,0,1,2021-07-09 12:01:53+03:00
2,1,0,1,0,1,2021-07-09 12:03:32+03:00
0,0,0,0,0,0,2021-07-09 12:04:32+03:00
2,1,0,1,0,1,2021-07-09 12:05:16+03:00
0,0,0,0,0,0,2021-07-09 12:07:05+03:00
2,1,0,1,0,1,2021-07-09 12:31:30+03:00
0,0,0,0,0,0,2021-07-09 12:32:03+03:00
2,1,0,1,0,1,2021-07-09 12:32:35+03:00
0,0,0,0,0,0,2021-07-09 12:35:45+03:00
0,0,0,0,0,0,2021-07-09 12:36:48+03:00
0,0,0,0,0,0,2021-07-09 12:48:28+03:00
0,0,0,0,0,0,2021-07-09 22:29:52+03:00
0,0,0,0,0,0,2021-07-09 22:30:34+03:00
0,0,0,0,0,0,2021-07-09 23:14:56+03:00
0,0,0,0,0,0,2021-07-09 23:15:09+03:00
0,0,0,0,0,0,2021-07-09 23:16:36+03:00
0,0,0,0,0,0,2021-07-10 18:29:34+03:00
0,0,0,0,0,0,2021-07-10 18:30:19+03:00
0,0,0,0,0,0,2021-07-10 23:36:38+03:00
0,0,0,0,0,0,2021-07-10 23:37:44+03:00
0,0,0,0,0,0,2021-07-10 23:38:14+03:00
0,0,0,0,0,0,2021-07-10 23:40:21+03:00
0,0,0,0,0,0,2021-07-10 23:41:13+03:00
0,0,0,0,0,0,2021-07-11 21:25:22+03:00
0,0,0,0,0,0,2021-07-11 21:27:57+03:00
0,0,0,0,0,0,2021-07-11 21:30:20+03:00
0,0,0,0,0,0,2021-07-11 21:40:15+03:00
0,0,0,0,0,0,2021-07-11 21:41:03+03:00
0,0,0,0,0,0,2021-07-11 21:50:32+03:00
0,0,0,0,0,0,2021-07-11 22:02:41+03:00
0,0,0,0,0,0,2021-07-11 22:05:50+03:00
0,0,0,0,0,0,2021-07-11 22:09:56+03:00
0,0,0,0,0,0,2021-07-11 22:11:50+03:00
0,0,0,0,0,0,2021-07-11 22:13:08+03:00
0,0,0,0,0,0,2021-07-11 22:14:45+03:00
0,0,0,0,0,0,2021-07-11 22:19:36+03:00
0,0,0,0,0,0,2021-07-11 22:24:03+03:00
0,0,0,0,0,0,2021-07-11 22:26:22+03:00
0,0,0,0,0,0,2021-07-11 22:27:23+03:00
0,0,0,0,0,0,2021-07-11 22:29:15+03:00
0,0,0,0,0,0,2021-07-18 14:19:56+03:00
0,0,0,0,0,0,2021-07-18 14:20:59+03:00
0,0,0,0,0,0,2021-07-18 14:22:00+03:00
0,0,0,0,0,0,2021-07-18 14:26:19+03:00
0,0,0,0,0,0,2021-07-18 14:26:44+03:00
1,1,0,0,0,0,2021-07-18 14:32:18+03:00
0,0,0,0,0,0,2021-07-18 14:33:05+03:00
0,0,0,0,0,0,2021-07-18 14:33:34+03:00
0,0,0,0,0,0,2021-07-18 14:37:41+03:00
0,0,0,0,0,0,2021-07-18 22:02:51+03:00
0,0,0,0,0,0,2021-07-25 22:53:25+03:00
1,1,0,0,0,0,2021-07-25 22:54:30+03:00
0,0,0,0,0,0,2021-07-25 22:55:05+03:00
0,0,0,0,0,0,2021-07-25 22:58:04+03:00
1,1,0,0,0,0,2021-07-25 22:59:02+03:00
0,0,0,0,0,0,2021-07-25 23:02:46+03:00
0,0,0,0,0,0,2021-07-25 23:04:14+03:00
0,0,0,0,0,0,2021-07-25 23:05:19+03:00
1,1,0,0,0,0,2021-07-25 23:05:58+03:00
0,0,0,0,0,0,2021-07-25 23:23:52+03:00
1,1,0,0,0,0,2021-07-25 23:43:40+03:00
0,0,0,0,0,0,2021-07-25 23:43:52+03:00
1,1,0,0,0,0,2021-07-25 23:46:42+03:00
0,0,0,0,0,0,2021-07-25 23:50:42+03:00
0,0,0,0,0,0,2021-07-25 23:52:35+03:00
0,0,0,0,0,0,2021-07-25 23:53:23+03:00
0,0,0,0,0,0,2021-07-26 00:04:25+03:00
0,0,0,0,0,0,2021-07-31 21:06:24+03:00
0,0,0,0,0,0,2021-07-31 21:17:18+03:00
0,0,0,0,0,0,2021-07-31 21:19:21+03:00
0,0,0,0,0,0,2021-08-02 16:05:43+03:00
0,0,0,0,0,0,2021-08-02 16:18:50+03:00
1,1,0,0,1,0,2021-08-02 16:20:33+03:00
0,0,0,0,0,0,2021-08-02 16:23:02+03:00
1,1,0,0,1,0,2021-08-02 17:13:00+03:00
1,1,0,0,1,0,2021-08-02 17:13:16+03:00
0,0,0,0,0,0,2021-08-15 20:04:50+03:00
0,0,0,0,0,0,2021-08-15 20:06:10+03:00
0,0,0,0,0,0,2021-08-15 20:06:37+03:00
0,0,0,0,0,0,2021-08-15 20:07:55+03:00
0,0,0,0,0,0,2021-08-15 20:08:48+03:00
0,0,0,0,0,0,2021-08-15 20:09:32+03:00
0,0,0,0,0,0,2021-08-15 20:10:22+03:00
1,1,0,0,1,0,2021-08-15 20:40:35+03:00
0,0,0,0,0,0,2021-08-15 20:41:42+03:00
0,0,0,0,0,0,2021-08-15 20:44:16+03:00
0,0,0,0,0,0,2021-08-15 20:44:23+03:00
0,0,0,0,0,0,2021-08-15 21:13:53+03:00
0,0,0,0,0,0,2021-08-15 21:30:19+03:00
0,0,0,0,0,0,2021-08-16 00:03:33+03:00
0,0,0,0,0,0,2021-08-16 00:13:50+03:00
0,0,0,0,0,0,2021-08-16 00:15:08+03:00
0,0,0,0,0,0,2021-08-16 00:50:23+03:00
0,0,0,0,0,0,2021-08-18 23:31:32+03:00
0,0,0,0,0,0,2021-08-18 23:32:30+03:00
0,0,0,0,0,0,2021-08-18 23:44:41+03:00
0,0,0,0,0,0,2021-08-18 23:45:23+03:00
0,0,0,0,0,0,2021-08-28 00:25:47+03:00
0,0,0,0,0,0,2021-08-28 00:27:41+03:00
0,0,0,0,0,0,2021-08-28 00:28:52+03:00
