Acquisition,Preparation,Modeling,Training,Evaluation,Prediction,time
1,0,0,0,0,0,2020-10-15 21:28:42+08:00
0,0,0,0,0,0,2020-10-15 21:30:14+08:00
0,0,0,0,0,0,2020-10-15 21:33:18+08:00
0,0,0,0,0,0,2020-10-21 21:58:40+08:00
0,1,0,0,0,0,2020-10-24 13:20:53+08:00
0,0,0,0,0,0,2020-10-25 00:03:19+08:00
0,0,0,0,0,0,2020-10-25 16:00:06+08:00
0,0,0,0,0,0,2020-10-25 16:00:25+08:00
0,1,0,0,0,0,2020-10-26 01:48:12+08:00
0,0,0,0,0,0,2020-10-26 02:02:53+08:00
0,0,0,0,0,0,2020-10-26 02:03:21+08:00
1,1,0,0,0,0,2020-10-26 02:25:13+08:00
0,0,0,0,0,0,2020-10-26 02:38:17+08:00
0,0,0,0,0,0,2020-10-27 21:39:34+08:00
0,0,0,0,0,0,2020-10-27 21:39:43+08:00
0,0,0,0,0,0,2020-10-27 22:01:58+08:00
3,3,2,3,0,1,2020-10-28 00:02:25+08:00
0,0,0,0,0,0,2020-10-28 00:02:44+08:00
0,0,0,0,0,0,2020-10-26 20:31:21+08:00
0,1,0,0,0,0,2020-10-28 01:52:36+08:00
0,0,0,0,0,0,2020-10-28 13:54:22+08:00
0,0,0,0,0,0,2020-10-28 21:07:30+08:00
0,0,0,0,0,0,2020-10-28 21:23:58+08:00
0,0,0,0,0,0,2020-10-28 22:37:01+08:00
0,0,0,0,0,0,2020-10-28 22:37:17+08:00
0,0,0,0,0,0,2020-10-29 11:57:31+08:00
3,3,3,3,0,2,2020-10-29 23:16:19+08:00
0,0,0,0,0,0,2020-10-29 23:24:30+08:00
0,0,0,0,0,0,2020-10-30 01:30:17+08:00
0,0,0,0,0,0,2020-10-30 20:39:15+08:00
1,1,1,1,0,1,2020-10-30 21:51:10+08:00
0,0,0,0,0,0,2020-10-30 22:52:46+08:00
0,0,0,0,0,0,2020-10-30 22:53:09+08:00
0,0,0,0,0,0,2020-10-31 11:43:49+08:00
2,2,2,2,0,1,2020-10-31 13:16:16+08:00
0,0,0,0,0,0,2020-10-31 13:16:36+08:00
1,1,1,1,0,1,2020-10-31 22:07:14+08:00
0,0,0,0,0,0,2020-11-01 15:18:16+08:00
1,1,1,0,0,1,2020-11-01 07:22:16+08:00
0,1,0,0,0,0,2020-11-01 10:37:23+08:00
0,0,0,0,0,0,2020-11-01 10:37:29+08:00
1,1,0,0,0,0,2020-11-01 11:09:56+08:00
0,0,0,0,0,0,2020-11-01 11:32:24+08:00
1,1,0,0,0,0,2020-11-01 13:46:25+08:00
0,0,0,0,0,0,2020-11-01 01:31:25+08:00
1,1,1,0,0,1,2020-11-01 14:24:03+08:00
0,0,0,0,0,0,2020-11-01 14:45:20+08:00
0,0,0,0,0,0,2020-11-01 14:46:58+08:00
0,1,0,0,0,0,2020-11-01 14:57:22+08:00
0,0,0,0,0,0,2020-11-01 14:59:34+08:00
1,1,1,0,0,1,2020-11-01 16:37:55+08:00
3,3,2,3,0,1,2020-11-01 17:42:37+08:00
0,0,0,0,0,0,2020-11-01 17:45:50+08:00
2,2,2,2,0,1,2020-11-01 18:02:33+08:00
0,0,0,0,0,0,2020-11-01 17:47:07+08:00
1,1,0,0,0,0,2020-11-01 19:21:45+08:00
0,0,0,0,0,0,2020-11-01 19:41:58+08:00
0,0,0,0,0,0,2020-11-01 19:49:49+08:00
0,0,0,0,0,0,2020-11-01 19:50:04+08:00
0,0,0,0,0,0,2020-11-01 19:50:21+08:00
1,1,1,0,0,1,2020-11-01 19:59:27+08:00
1,1,1,0,0,1,2020-11-01 20:09:25+08:00
1,1,1,0,0,1,2020-11-01 20:24:37+08:00
0,0,0,0,0,0,2020-11-01 20:26:38+08:00
0,0,0,0,0,0,2020-11-01 20:43:25+08:00
0,0,0,0,0,0,2020-11-01 20:58:33+08:00
1,1,1,0,0,1,2020-11-01 21:06:42+08:00
0,0,0,0,0,0,2020-11-01 21:47:27+08:00
0,0,0,0,0,0,2020-11-01 21:49:49+08:00
0,0,0,0,0,0,2020-11-01 21:51:13+08:00
0,0,0,0,0,0,2020-11-01 21:59:17+08:00
0,0,0,0,0,0,2020-11-01 21:59:46+08:00
0,0,0,0,0,0,2020-11-01 22:05:23+08:00
0,0,0,0,0,0,2020-11-01 22:23:56+08:00
