Acquisition,Preparation,Modeling,Training,Evaluation,Prediction,time
0,0,0,0,0,0,2017-02-28 19:53:21+01:00
0,0,0,0,0,0,2017-02-28 20:13:31+01:00
0,0,0,0,0,0,2017-02-28 20:14:22+01:00
0,0,0,0,0,0,2017-03-01 17:07:00+01:00
0,0,0,0,0,0,2017-03-01 23:16:15+01:00
0,0,0,0,0,0,2017-03-02 18:00:53+01:00
0,0,0,0,0,0,2017-03-02 18:13:47+01:00
0,0,0,0,0,0,2017-03-03 11:56:17+01:00
0,0,0,0,0,0,2017-03-03 18:13:51+01:00
0,0,0,0,0,0,2017-03-03 21:23:43+01:00
0,0,0,0,0,0,2017-03-06 10:42:53+01:00
0,0,0,0,0,0,2017-03-06 17:27:54+01:00
0,1,0,0,0,0,2017-03-06 17:28:53+01:00
0,1,0,0,0,0,2017-03-06 18:16:30+01:00
0,0,0,0,0,0,2017-03-06 18:18:35+01:00
0,1,0,0,0,0,2017-03-14 15:04:22+01:00
0,0,0,0,0,0,2017-03-20 09:39:05+01:00
0,0,0,0,0,0,2017-03-22 12:32:29+01:00
0,1,0,0,0,0,2017-04-20 17:07:56+02:00
0,0,0,0,0,0,2017-04-26 19:18:16+02:00
0,0,0,0,0,0,2017-04-30 01:51:27+02:00
0,1,0,0,0,0,2017-05-02 14:06:54+02:00
0,0,0,0,0,0,2017-05-02 14:07:46+02:00
0,1,0,0,0,0,2017-05-05 23:28:04+02:00
0,1,0,0,0,0,2017-05-08 10:44:48+02:00
0,1,0,0,0,0,2017-05-10 15:53:16+02:00
0,1,0,0,0,0,2017-05-10 17:53:18+02:00
0,0,0,0,0,0,2017-05-11 18:26:31+02:00
0,1,0,0,0,0,2017-05-12 18:12:01+02:00
0,1,0,0,0,0,2017-05-15 10:28:58+02:00
0,0,0,0,0,0,2017-05-15 18:39:21+02:00
0,0,0,0,0,0,2017-05-16 10:15:58+02:00
0,0,0,0,0,0,2017-05-16 19:29:06+02:00
0,0,0,0,0,0,2017-05-17 14:57:31+02:00
0,0,0,0,0,0,2017-05-17 18:05:43+02:00
0,0,0,0,0,0,2017-05-18 11:28:48+02:00
0,0,0,0,0,0,2017-05-18 12:15:59+02:00
0,0,0,0,0,0,2017-05-18 18:43:16+02:00
0,0,0,0,0,0,2017-05-19 17:26:16+02:00
0,0,0,0,0,0,2017-05-22 11:03:30+02:00
0,0,0,0,0,0,2017-05-22 19:03:14+02:00
0,0,0,0,0,0,2017-05-26 13:24:46+02:00
0,1,0,0,0,0,2017-05-27 13:27:13+02:00
0,0,0,0,0,0,2017-05-30 18:51:05+02:00
0,0,0,0,0,0,2017-05-31 18:01:17+02:00
0,0,0,0,0,0,2017-06-13 11:42:26+02:00
0,0,0,0,0,0,2017-06-13 14:55:19+02:00
0,0,0,0,0,0,2017-06-15 13:34:57+02:00
0,0,0,0,0,0,2017-06-15 17:39:32+02:00
0,0,0,0,0,0,2017-06-19 19:22:00+02:00
0,0,0,0,0,0,2017-06-19 19:23:08+02:00
0,0,0,0,0,0,2017-06-19 19:23:17+02:00
0,1,0,0,0,0,2017-06-21 13:20:36+02:00
0,1,0,0,0,0,2017-06-21 15:42:31+02:00
0,0,0,0,0,0,2017-06-21 15:42:45+02:00
0,0,0,0,0,0,2017-06-21 15:58:08+02:00
0,0,0,0,0,0,2017-06-21 17:48:09+02:00
0,1,0,0,0,0,2017-06-22 14:58:36+02:00
0,0,0,0,0,0,2017-06-23 10:54:00+02:00
0,0,0,0,0,0,2017-06-23 17:28:46+02:00
0,0,0,0,0,0,2017-06-25 18:29:27+02:00
0,0,0,0,0,0,2017-06-27 11:05:56+02:00
0,0,0,0,0,0,2017-06-29 12:35:59+02:00
0,0,0,0,0,0,2017-06-29 13:58:24+02:00
0,0,0,0,0,0,2017-06-30 18:31:50+02:00
0,0,0,0,0,0,2017-07-03 19:19:33+02:00
0,0,0,0,0,0,2017-07-10 18:10:30+02:00
0,0,0,0,0,0,2017-07-11 18:21:28+02:00
0,0,0,0,0,0,2017-07-12 20:49:42+02:00
0,0,0,0,0,0,2017-07-13 17:11:33+02:00
0,0,0,0,0,0,2017-07-13 17:48:20+02:00
0,0,0,0,0,0,2017-07-13 18:39:49+02:00
0,0,0,0,0,0,2017-07-17 15:23:29+02:00
0,0,0,0,0,0,2017-07-17 16:34:10+02:00
0,1,0,0,0,0,2017-07-17 16:43:45+02:00
0,0,0,0,0,0,2017-07-17 19:31:54+02:00
0,0,0,0,0,0,2017-07-18 10:39:25+02:00
0,0,0,0,0,0,2017-07-18 13:39:03+02:00
0,0,0,0,0,0,2017-07-18 15:28:30+02:00
1,1,0,0,0,0,2017-07-18 17:07:15+02:00
0,0,0,0,0,0,2017-07-18 17:30:04+02:00
0,0,0,0,0,0,2017-07-18 18:05:58+02:00
0,0,0,0,0,0,2017-07-19 17:44:18+02:00
0,0,0,0,0,0,2017-07-20 13:17:33+02:00
1,1,0,0,0,0,2017-07-20 17:41:17+02:00
0,0,0,0,0,0,2017-07-20 17:51:45+02:00
0,0,0,0,0,0,2017-07-20 20:38:25+02:00
0,0,0,0,0,0,2017-07-21 10:52:15+02:00
1,1,0,0,0,0,2017-07-21 19:49:55+02:00
0,0,0,0,0,0,2017-07-24 17:54:24+02:00
1,1,0,0,0,0,2017-07-24 19:57:16+02:00
0,0,0,0,0,0,2017-07-26 20:59:20+02:00
0,0,0,0,0,0,2017-07-26 22:45:11+02:00
0,0,0,0,0,0,2017-07-27 19:26:00+02:00
0,0,0,0,0,0,2017-08-14 14:55:51+02:00
0,2,0,0,0,0,2017-08-15 18:14:37+02:00
0,0,0,0,0,0,2017-08-15 19:21:42+02:00
1,2,0,0,0,0,2017-08-17 18:11:55+02:00
0,0,0,0,0,0,2017-08-18 13:14:14+02:00
0,0,0,0,0,0,2017-08-18 17:44:44+02:00
0,0,0,0,0,0,2017-08-18 18:55:42+02:00
0,0,0,0,0,0,2017-08-18 21:05:28+02:00
0,0,0,0,0,0,2017-08-19 13:32:59+02:00
0,0,0,0,0,0,2017-08-20 00:10:11+02:00
0,0,0,0,0,0,2017-08-20 14:32:23+02:00
0,0,0,0,0,0,2017-08-20 16:04:00+02:00
0,0,0,0,0,0,2017-08-21 14:53:59+02:00
0,0,0,0,0,0,2017-08-21 15:26:32+02:00
0,1,0,0,0,0,2017-08-21 16:47:38+02:00
0,0,0,0,0,0,2017-08-21 18:17:27+02:00
0,1,0,0,0,0,2017-08-22 12:30:57+02:00
0,1,0,0,0,0,2017-08-22 16:51:07+02:00
0,0,0,0,0,0,2017-08-22 17:29:23+02:00
0,1,0,0,0,0,2017-08-22 21:05:00+02:00
0,0,0,0,0,0,2017-08-23 12:52:58+02:00
0,1,0,0,0,0,2017-08-23 20:20:38+02:00
0,0,0,0,0,0,2017-08-23 21:38:48+02:00
0,1,0,0,0,0,2017-08-25 13:55:15+02:00
0,0,0,0,0,0,2017-08-28 00:32:21+02:00
0,0,0,0,0,0,2017-08-28 09:17:59+02:00
0,0,0,0,0,0,2017-08-28 13:39:36+02:00
0,0,0,0,0,0,2017-08-28 20:40:51+02:00
0,0,0,0,0,0,2017-08-28 21:36:29+02:00
0,0,0,0,0,0,2017-08-28 23:21:11+02:00
0,0,0,0,0,0,2017-08-29 14:55:38+02:00
0,0,0,0,0,0,2017-08-29 19:19:38+02:00
0,0,0,0,0,0,2017-08-29 20:17:17+02:00
0,0,0,0,0,0,2017-08-29 21:13:10+02:00
0,0,0,0,0,0,2017-08-30 17:57:16+02:00
0,0,0,0,0,0,2017-09-01 01:34:45+02:00
0,0,0,0,0,0,2017-09-02 01:48:23+02:00
0,0,0,0,0,0,2017-09-04 17:54:08+02:00
0,0,0,0,0,0,2017-09-04 19:01:34+02:00
0,0,0,0,0,0,2017-09-06 17:26:13+02:00
0,0,0,0,0,0,2017-09-07 11:41:08+02:00
0,0,0,0,0,0,2017-09-07 19:26:20+02:00
0,0,0,0,0,0,2017-09-08 17:18:48+02:00
0,0,0,0,0,0,2017-09-14 19:22:56+02:00
0,0,0,0,0,0,2017-09-15 11:58:15+02:00
0,0,0,0,0,0,2017-09-28 18:21:31+02:00
0,0,0,0,0,0,2017-10-05 11:26:55+02:00
0,1,0,0,0,0,2017-10-05 19:36:58+02:00
0,0,0,0,0,0,2017-10-11 17:09:31+02:00
0,0,0,0,0,0,2017-10-13 19:04:29+02:00
0,0,0,0,0,0,2017-10-17 20:47:14+02:00
0,0,0,0,0,0,2017-10-18 11:52:49+02:00
0,0,0,0,0,0,2017-10-18 17:03:47+02:00
0,0,0,0,0,0,2017-10-19 18:54:39+02:00
0,0,0,0,0,0,2017-10-21 13:58:18+02:00
0,0,0,0,0,0,2017-10-24 20:53:21+02:00
0,0,0,0,0,0,2017-10-26 18:01:05+02:00
0,0,0,0,1,0,2017-10-27 21:38:17+02:00
0,0,0,0,1,0,2017-10-30 16:09:01+01:00
0,0,0,0,0,0,2017-10-31 00:33:24+01:00
0,0,0,0,0,0,2017-10-31 23:13:41+01:00
0,0,0,0,1,0,2017-11-01 16:18:23+01:00
0,0,0,0,0,0,2017-11-02 18:52:53+01:00
0,0,0,0,0,0,2017-11-03 20:13:44+01:00
0,0,0,0,0,0,2017-11-06 18:39:16+01:00
0,0,0,0,1,0,2017-11-07 22:00:14+01:00
0,0,0,0,0,0,2017-11-13 09:33:49+01:00
0,0,0,0,0,0,2017-11-16 18:36:53+01:00
0,0,0,0,0,0,2017-11-17 09:20:23+01:00
0,1,0,0,0,0,2017-11-17 12:37:50+01:00
0,2,0,0,1,0,2017-11-20 09:41:49+01:00
0,1,0,0,0,0,2017-11-20 13:02:08+01:00
0,1,0,0,0,0,2017-11-21 09:38:00+01:00
0,1,0,0,0,0,2017-11-21 10:57:31+01:00
0,1,0,0,0,0,2017-11-21 16:27:35+01:00
0,1,0,0,0,0,2017-11-22 18:23:14+01:00
0,1,0,0,0,0,2017-11-23 09:41:05+01:00
0,0,0,0,0,0,2017-11-23 12:25:00+01:00
0,0,0,0,1,0,2017-11-23 18:24:44+01:00
0,0,0,0,0,0,2017-11-24 10:30:15+01:00
0,0,0,0,0,0,2017-11-24 11:44:58+01:00
0,1,0,0,0,0,2017-11-27 18:17:16+01:00
0,0,0,0,0,0,2017-11-28 19:00:07+01:00
0,0,0,0,0,0,2017-11-29 16:10:06+01:00
0,0,0,0,0,0,2017-12-01 12:15:56+01:00
0,0,0,0,0,0,2017-12-04 12:53:42+01:00
0,0,0,0,0,0,2017-12-04 12:54:15+01:00
0,1,0,0,0,0,2017-12-06 16:05:45+01:00
0,0,0,0,0,0,2017-12-06 19:14:58+01:00
0,0,0,0,0,0,2017-12-07 19:10:05+01:00
0,4,0,0,0,0,2017-12-11 11:05:39+01:00
0,0,0,0,0,0,2017-12-11 11:51:33+01:00
0,1,0,0,0,0,2017-12-11 17:51:03+01:00
0,0,0,0,0,0,2017-12-12 10:02:20+01:00
0,0,0,0,0,0,2017-12-13 11:10:27+01:00
0,0,0,0,0,0,2017-12-13 13:11:25+01:00
0,1,0,0,0,0,2017-12-13 16:29:32+01:00
0,0,0,0,0,0,2017-12-14 18:09:02+01:00
0,0,0,0,0,0,2017-12-17 16:11:55+01:00
0,0,0,0,0,0,2017-12-18 17:02:04+01:00
0,0,0,0,0,0,2017-12-19 09:58:48+01:00
0,0,0,0,0,0,2017-12-19 10:10:33+01:00
0,1,0,0,0,0,2017-12-19 17:28:39+01:00
0,0,0,0,0,0,2018-01-04 11:49:17+01:00
0,1,0,0,0,0,2018-01-11 17:45:07+01:00
0,0,0,0,0,0,2018-01-11 18:00:00+01:00
0,0,0,0,0,0,2018-01-16 16:09:22+01:00
0,0,0,0,0,0,2018-01-31 17:16:35+01:00
0,1,0,1,0,1,2018-02-02 15:57:38+01:00
0,1,0,1,0,1,2018-02-02 19:18:56+01:00
0,0,0,0,0,0,2018-02-03 15:07:38+01:00
0,1,0,1,0,1,2018-02-12 09:54:14+01:00
0,0,0,0,0,0,2018-02-12 13:04:49+01:00
0,1,0,1,0,1,2018-02-13 12:56:29+01:00
0,1,0,1,0,1,2018-02-13 14:43:53+01:00
0,0,0,0,1,0,2018-02-13 20:03:46+01:00
0,0,0,0,0,0,2018-02-16 09:22:19+01:00
0,0,0,0,0,0,2018-02-20 17:56:10+01:00
1,2,0,0,0,0,2018-03-11 17:29:18+01:00
0,0,0,0,1,0,2018-04-02 20:48:36+02:00
0,0,0,0,0,0,2018-04-04 21:34:29+02:00
0,0,0,0,0,0,2018-04-06 11:17:11+02:00
0,0,0,0,0,0,2018-05-02 13:11:58+02:00
0,0,0,0,1,0,2018-05-03 18:24:23+02:00
0,0,0,0,0,0,2018-05-07 17:36:29+02:00
0,0,0,0,0,0,2018-05-07 18:28:31+02:00
0,0,0,0,0,0,2018-05-13 18:07:54+02:00
0,0,0,0,1,0,2018-05-15 19:00:17+02:00
0,0,0,0,1,0,2018-05-23 21:30:47+02:00
0,0,0,0,0,0,2018-06-03 01:45:59+02:00
5,14,1,1,1,3,2018-10-15 17:49:26+02:00
0,1,0,0,0,0,2019-01-15 17:22:20+01:00
0,0,0,0,0,0,2019-03-18 11:34:13+01:00
1,1,0,0,0,1,2019-04-05 22:08:25+02:00
0,0,0,0,0,0,2019-04-05 22:14:25+02:00
0,2,0,0,0,0,2019-04-09 18:02:14+02:00
1,1,0,0,0,1,2019-04-10 15:15:11+02:00
0,1,0,0,0,0,2019-04-11 14:07:50+02:00
3,6,1,1,2,2,2019-04-12 16:22:10+02:00
0,1,0,0,1,0,2019-04-15 13:56:19+02:00
2,9,1,2,1,2,2019-04-16 16:27:41+02:00
0,1,0,0,0,0,2019-04-16 16:28:19+02:00
3,5,0,0,0,1,2019-04-17 14:08:48+02:00
3,4,0,0,1,2,2019-04-17 15:25:53+02:00
2,3,0,0,0,1,2019-04-17 15:59:46+02:00
1,3,0,0,0,1,2019-04-17 18:01:24+02:00
0,2,1,0,0,0,2019-04-25 18:13:10+02:00
0,2,0,1,1,1,2019-05-22 17:44:19+02:00
0,0,0,0,1,0,2019-05-27 14:46:46+02:00
0,1,0,0,0,0,2019-05-29 18:16:48+02:00
0,1,0,0,0,0,2019-05-31 15:52:34+02:00
0,1,0,0,0,0,2019-05-31 19:49:13+02:00
0,3,0,1,1,1,2019-06-23 10:15:17+02:00
0,0,0,0,1,0,2020-02-13 18:32:22+01:00
1,4,1,1,0,1,2020-03-13 23:46:22+01:00
0,4,0,1,1,1,2020-05-19 00:55:16+02:00
