Acquisition,Preparation,Modeling,Training,Evaluation,Prediction,time
0,0,0,0,0,0,2020-09-27 16:08:39+08:00
0,0,0,0,0,0,2020-09-27 16:10:49+08:00
0,0,0,0,0,0,2020-09-27 16:11:21+08:00
0,0,0,0,0,0,2020-09-27 16:16:35+08:00
0,0,0,0,0,0,2020-09-27 16:24:56+08:00
0,0,0,0,0,0,2020-09-27 17:44:34+08:00
0,0,0,0,0,0,2020-09-27 17:45:09+08:00
0,0,0,0,0,0,2020-09-28 21:51:52+08:00
0,0,0,0,0,0,2020-09-28 21:55:09+08:00
0,0,0,0,0,0,2020-09-28 22:05:37+08:00
0,0,0,0,0,0,2020-09-28 22:06:37+08:00
0,0,0,0,0,0,2020-09-28 22:08:28+08:00
0,0,0,0,0,0,2020-09-28 22:09:34+08:00
0,0,0,0,0,0,2020-09-28 22:15:16+08:00
0,0,0,0,0,0,2020-09-28 22:22:50+08:00
0,0,0,0,0,0,2020-09-28 22:34:09+08:00
0,0,0,0,0,0,2020-10-03 23:21:52+08:00
0,0,0,0,0,0,2020-10-03 23:24:57+08:00
0,0,0,0,0,0,2020-10-04 10:37:34+08:00
0,0,0,0,0,0,2020-10-04 10:39:48+08:00
0,0,0,0,0,0,2020-10-04 10:41:05+08:00
0,0,0,0,0,0,2020-10-04 10:42:43+08:00
0,0,0,0,0,0,2020-10-04 10:45:52+08:00
0,0,0,0,0,0,2020-10-04 10:46:48+08:00
0,0,0,0,0,0,2020-10-04 10:47:35+08:00
0,0,0,0,0,0,2020-10-04 10:53:58+08:00
0,0,0,0,0,0,2020-10-04 10:59:15+08:00
0,0,0,0,0,0,2020-10-04 11:05:39+08:00
0,0,0,0,0,0,2020-10-04 11:06:38+08:00
0,0,0,0,0,0,2020-10-04 11:16:19+08:00
0,0,0,0,0,0,2020-10-04 13:07:32+08:00
0,0,0,0,0,0,2020-10-04 13:13:40+08:00
0,0,0,0,0,0,2020-10-04 13:45:11+08:00
0,0,0,0,0,0,2020-10-04 14:12:32+08:00
0,0,0,0,0,0,2020-10-04 15:04:37+08:00
0,0,0,0,0,0,2020-10-04 15:16:07+08:00
0,0,0,0,0,0,2020-10-04 15:42:55+08:00
0,0,0,0,0,0,2020-10-04 16:04:10+08:00
0,0,0,0,0,0,2020-10-04 16:13:10+08:00
0,0,0,0,0,0,2020-10-04 16:25:55+08:00
0,0,0,0,0,0,2020-10-04 16:47:29+08:00
0,0,0,0,0,0,2020-10-04 17:11:12+08:00
0,0,0,0,0,0,2020-10-04 17:16:43+08:00
0,0,0,0,0,0,2020-10-04 17:31:18+08:00
0,0,0,0,0,0,2020-10-04 18:17:03+08:00
0,0,0,0,0,0,2020-10-04 20:02:39+08:00
0,0,0,0,0,0,2020-10-04 20:04:21+08:00
0,0,0,0,0,0,2020-10-04 20:11:29+08:00
0,0,0,0,0,0,2020-10-04 20:16:59+08:00
0,0,0,0,0,0,2020-10-04 20:23:29+08:00
0,0,0,0,0,0,2020-10-04 20:24:21+08:00
0,0,0,0,0,0,2020-10-04 20:25:54+08:00
0,0,0,0,0,0,2020-10-04 20:30:15+08:00
0,0,0,0,0,0,2020-10-04 20:31:24+08:00
0,0,0,0,0,0,2020-10-04 20:33:26+08:00
0,0,0,0,0,0,2020-10-04 20:35:13+08:00
0,0,0,0,0,0,2020-10-04 20:35:48+08:00
0,0,0,0,0,0,2020-10-04 20:36:22+08:00
0,0,0,0,0,0,2020-10-04 20:37:42+08:00
0,0,0,0,0,0,2020-10-04 20:39:49+08:00
0,0,0,0,0,0,2020-10-04 20:40:10+08:00
0,0,0,0,0,0,2020-10-04 20:41:26+08:00
0,0,0,0,0,0,2020-10-04 21:00:58+08:00
0,1,0,0,0,1,2020-10-04 21:01:42+08:00
1,1,0,0,0,0,2020-10-04 21:03:48+08:00
0,1,0,0,0,0,2020-10-04 21:04:26+08:00
0,0,0,0,0,0,2020-10-04 21:05:29+08:00
0,0,0,0,0,0,2020-10-04 21:15:09+08:00
1,1,1,0,0,0,2020-10-04 21:19:16+08:00
1,1,0,0,0,1,2020-10-04 21:20:09+08:00
0,1,1,0,1,1,2020-10-04 21:21:12+08:00
0,1,1,0,1,1,2020-10-04 21:21:58+08:00
0,1,1,0,1,1,2020-10-04 21:22:37+08:00
1,0,0,1,0,0,2020-10-04 21:23:16+08:00
1,0,0,0,0,1,2020-10-04 21:23:57+08:00
0,0,0,0,0,0,2020-10-04 21:25:56+08:00
0,0,0,0,0,0,2020-10-04 21:27:22+08:00
0,0,0,0,0,0,2020-10-04 21:28:12+08:00
1,1,0,0,0,0,2020-10-04 21:30:03+08:00
1,1,0,1,1,0,2020-10-04 21:31:00+08:00
0,0,0,0,0,0,2020-10-04 21:31:36+08:00
0,1,1,0,0,1,2020-10-04 21:32:22+08:00
0,1,0,0,0,0,2020-10-04 21:33:07+08:00
0,1,0,0,0,1,2020-10-04 21:33:42+08:00
0,1,1,0,0,0,2020-10-04 21:34:21+08:00
0,0,1,0,0,0,2020-10-04 21:36:22+08:00
0,0,0,0,0,0,2020-10-04 21:37:00+08:00
1,1,0,0,0,0,2020-10-04 21:37:40+08:00
1,1,0,0,0,0,2020-10-04 21:40:34+08:00
1,2,0,0,0,0,2020-10-04 21:42:42+08:00
0,0,0,0,0,0,2020-10-04 21:46:16+08:00
0,0,0,0,0,0,2020-10-04 21:47:03+08:00
4,5,0,2,0,1,2020-10-04 21:48:22+08:00
1,2,0,0,0,0,2020-10-04 21:51:05+08:00
0,2,1,0,0,0,2020-10-04 21:55:03+08:00
0,0,0,0,0,0,2020-10-04 21:56:00+08:00
0,0,0,0,0,0,2020-10-04 21:58:28+08:00
0,0,0,0,0,0,2020-10-04 21:59:04+08:00
0,0,0,0,0,0,2020-10-04 21:59:56+08:00
0,0,0,0,0,0,2020-10-04 22:00:46+08:00
0,0,0,0,0,0,2020-10-04 22:01:39+08:00
0,0,0,0,0,0,2020-10-04 22:15:10+08:00
0,0,0,0,0,0,2020-10-04 22:19:24+08:00
0,0,0,0,0,0,2020-10-04 22:21:01+08:00
0,0,0,0,0,0,2020-10-04 22:25:58+08:00
0,1,0,1,0,0,2020-10-04 22:28:39+08:00
0,1,1,1,1,0,2020-10-04 22:29:59+08:00
1,8,5,0,1,2,2020-10-04 22:39:12+08:00
0,0,0,0,0,0,2020-10-06 15:11:36+08:00
0,0,0,0,0,0,2020-10-06 15:13:51+08:00
0,0,0,0,0,0,2020-10-06 15:17:16+08:00
0,0,0,0,0,0,2020-10-06 15:17:49+08:00
0,0,0,0,0,0,2020-10-06 15:18:58+08:00
0,0,0,0,0,0,2020-11-15 21:42:53+08:00
0,0,0,0,0,0,2020-11-15 22:16:26+08:00
0,0,0,0,0,0,2020-11-15 22:19:38+08:00
0,0,0,0,0,0,2020-11-15 22:25:26+08:00
0,0,0,0,0,0,2020-11-15 23:39:22+08:00
0,0,0,0,0,0,2020-11-16 00:04:17+08:00
0,0,0,0,0,0,2020-11-16 00:06:06+08:00
0,0,0,0,0,0,2020-11-16 00:07:31+08:00
0,0,0,0,0,0,2020-11-16 00:20:35+08:00
0,0,0,0,0,0,2020-11-16 00:37:03+08:00
0,0,0,0,0,0,2020-11-16 00:37:16+08:00
0,0,0,0,0,0,2020-11-16 00:38:26+08:00
0,0,0,0,0,0,2020-11-16 01:20:43+08:00
0,0,0,0,0,0,2020-11-17 22:48:57+08:00
0,0,0,0,0,0,2020-12-13 20:56:59+08:00
0,0,0,0,0,0,2020-12-20 15:55:57+08:00
0,0,0,0,0,0,2020-12-20 16:08:01+08:00
0,0,0,0,0,0,2021-06-23 21:43:16+08:00
0,0,0,0,0,0,2021-06-23 21:43:44+08:00
0,0,0,0,0,0,2021-06-23 21:46:14+08:00
0,0,0,0,0,0,2021-06-23 22:00:38+08:00
0,0,0,0,0,0,2021-06-23 22:01:10+08:00
0,0,0,0,0,0,2021-06-24 12:42:28+08:00
0,0,0,0,0,0,2021-07-06 10:39:56+08:00
0,0,0,0,0,0,2021-07-06 10:40:24+08:00
0,0,0,0,0,0,2021-07-06 10:40:50+08:00
0,0,0,0,0,0,2021-07-06 15:15:36+08:00
0,0,0,0,0,0,2021-08-24 12:41:29+08:00
0,0,0,0,0,0,2021-08-24 12:44:54+08:00
0,0,0,0,0,0,2021-08-24 12:48:21+08:00
0,0,0,0,0,0,2021-08-24 12:48:47+08:00
0,0,0,0,0,0,2022-03-06 21:06:33+08:00
