Acquisition,Preparation,Modeling,Training,Evaluation,Prediction,time
1,25,0,0,1,1,2016-06-10 06:37:28-07:00
0,2,0,0,0,0,2016-06-20 06:57:13-07:00
0,0,0,0,0,0,2016-06-20 19:52:42-07:00
0,0,0,0,0,0,2016-06-20 19:56:25-07:00
1,3,0,0,1,2,2016-07-04 12:39:46-07:00
0,0,0,0,0,0,2016-07-04 12:41:14-07:00
0,0,0,0,0,0,2016-07-04 12:44:14-07:00
0,0,0,0,0,0,2016-07-04 13:15:17-07:00
0,0,0,0,0,0,2016-07-06 17:17:37-07:00
0,0,0,0,0,0,2016-07-06 17:20:32-07:00
0,0,0,0,0,0,2016-07-06 17:26:22-07:00
0,0,0,0,0,0,2016-07-06 17:28:46-07:00
0,0,0,0,0,0,2016-07-06 17:32:54-07:00
0,0,0,0,0,0,2016-07-06 19:50:34-07:00
0,0,0,0,0,0,2016-07-06 19:51:38-07:00
0,0,0,0,0,0,2016-07-06 19:52:10-07:00
0,0,0,0,0,0,2016-07-06 19:53:23-07:00
0,0,0,0,0,0,2016-07-06 20:42:40-07:00
0,0,0,0,0,0,2016-07-06 20:56:02-07:00
0,0,0,0,0,0,2016-07-06 21:00:13-07:00
0,0,0,0,0,0,2016-07-06 21:11:28-07:00
0,0,0,0,0,0,2016-07-06 21:30:43-07:00
0,0,0,0,0,0,2016-07-06 21:43:45-07:00
0,0,0,0,0,0,2016-07-06 21:49:46-07:00
0,2,0,0,0,0,2016-07-11 21:16:31-07:00
0,0,0,0,0,0,2016-07-11 21:18:52-07:00
2,5,0,0,0,1,2016-07-14 21:04:12-07:00
0,0,0,0,0,0,2016-07-14 21:06:42-07:00
0,0,0,0,0,0,2016-07-14 21:29:33-07:00
0,0,0,0,0,0,2016-07-14 21:30:38-07:00
0,0,0,0,0,0,2016-07-14 21:32:01-07:00
0,0,0,0,0,0,2016-07-14 21:36:00-07:00
0,0,0,0,0,0,2016-07-14 21:37:02-07:00
1,1,0,0,0,1,2016-07-15 19:31:03-07:00
0,1,0,0,0,0,2016-07-15 19:41:40-07:00
0,0,0,0,0,0,2016-07-15 19:50:42-07:00
0,0,0,0,0,0,2016-07-15 20:20:27-07:00
0,0,0,0,0,0,2016-07-15 20:26:36-07:00
0,0,0,0,0,0,2016-07-15 21:13:02-07:00
0,0,0,0,0,0,2016-07-15 21:15:24-07:00
0,0,0,0,0,0,2016-07-15 21:17:29-07:00
0,0,0,0,0,0,2016-07-16 09:21:00-07:00
0,0,0,0,0,0,2016-07-16 09:22:01-07:00
0,0,0,0,0,0,2016-07-16 09:39:46-07:00
0,0,0,0,0,0,2016-07-16 09:49:39-07:00
0,0,0,0,0,0,2016-07-16 09:58:48-07:00
0,0,0,0,0,0,2016-07-16 09:59:52-07:00
0,0,0,0,0,0,2016-07-16 10:00:59-07:00
0,0,0,0,0,0,2016-07-16 10:09:04-07:00
0,0,0,0,0,0,2016-07-16 10:37:42-07:00
0,0,0,0,0,0,2016-07-16 10:52:37-07:00
0,0,0,0,0,0,2016-07-16 16:54:01-07:00
0,0,0,0,0,0,2016-07-25 21:41:00-07:00
0,0,0,0,0,0,2016-07-25 22:11:02-07:00
0,0,0,0,0,0,2016-07-25 22:11:44-07:00
0,0,0,0,0,0,2016-07-26 21:16:16-07:00
0,0,0,0,0,0,2016-07-26 21:40:39-07:00
0,0,0,0,0,0,2016-07-26 21:41:41-07:00
0,1,0,0,0,0,2016-07-27 10:36:20-07:00
0,1,0,0,0,0,2016-07-28 19:32:19-07:00
0,0,0,0,0,0,2016-07-30 11:09:31-07:00
0,0,0,0,0,0,2016-07-30 11:11:18-07:00
0,1,0,0,0,0,2016-07-31 11:13:04-07:00
0,0,0,0,0,0,2016-07-31 11:16:16-07:00
0,0,0,0,0,0,2016-08-03 13:17:33-07:00
1,1,0,0,0,1,2016-08-03 13:23:48-07:00
2,2,0,2,0,0,2016-08-09 21:53:23-07:00
0,0,0,0,0,0,2016-08-09 21:56:11-07:00
8,8,0,1,0,0,2016-09-14 21:18:56-07:00
0,0,0,0,0,0,2016-09-14 21:25:06-07:00
0,0,0,0,0,0,2016-09-14 21:27:29-07:00
0,0,0,0,0,0,2016-09-14 21:29:15-07:00
5,5,4,1,2,2,2016-10-16 19:01:31-07:00
0,0,0,0,0,0,2016-10-16 19:07:58-07:00
0,0,0,0,0,0,2016-10-16 19:10:55-07:00
0,0,0,0,0,0,2016-10-16 19:29:31-07:00
0,0,0,0,0,0,2016-10-16 20:37:50-07:00
0,3,0,0,0,0,2016-10-16 20:47:28-07:00
0,0,0,0,0,0,2016-10-16 20:52:54-07:00
0,0,0,0,0,0,2016-10-16 20:55:37-07:00
0,0,0,0,0,0,2016-10-16 20:56:23-07:00
0,0,0,0,0,0,2016-10-16 20:57:33-07:00
0,0,0,0,0,0,2016-10-16 21:28:26-07:00
0,0,0,0,0,0,2016-10-16 21:31:13-07:00
0,0,0,0,0,0,2016-10-17 07:09:50-07:00
0,0,0,0,0,0,2016-10-17 07:11:46-07:00
0,2,0,0,0,0,2016-10-18 20:44:33-07:00
0,0,0,0,0,0,2016-10-18 20:57:10-07:00
0,0,0,0,0,0,2016-10-19 14:49:54-07:00
0,0,0,0,0,0,2016-10-19 14:52:00-07:00
0,0,0,0,0,0,2016-10-19 14:52:48-07:00
0,0,0,0,0,0,2016-10-19 14:53:45-07:00
0,0,0,0,0,0,2016-10-20 21:52:31-07:00
0,0,0,0,0,0,2016-10-25 21:11:25-07:00
0,0,0,0,0,0,2016-10-25 21:15:51-07:00
0,0,0,0,0,0,2016-10-25 21:31:57-07:00
0,0,0,0,0,0,2016-11-05 19:53:38+08:00
0,0,0,0,0,0,2016-11-06 18:29:27-08:00
0,0,0,0,0,0,2016-11-26 16:51:24-08:00
4,5,3,1,0,4,2016-11-27 20:25:08-08:00
0,0,0,0,0,0,2016-11-27 20:29:45-08:00
0,0,0,0,0,0,2016-11-27 20:38:29-08:00
0,0,0,0,0,0,2016-12-04 19:16:49-08:00
4,6,1,1,1,2,2016-12-10 15:21:07-08:00
0,0,0,0,0,0,2016-12-10 15:26:37-08:00
0,0,0,0,0,0,2016-12-10 15:28:09-08:00
0,3,0,0,0,0,2016-12-10 15:35:44-08:00
0,0,0,0,0,0,2016-12-10 15:43:40-08:00
0,0,0,0,0,0,2016-12-10 15:45:32-08:00
0,2,1,1,0,0,2016-12-10 20:40:45-08:00
0,0,0,0,0,0,2016-12-28 16:03:29-08:00
0,0,0,0,0,0,2016-12-28 16:05:12-08:00
0,0,0,0,0,0,2016-12-28 16:11:16-08:00
0,0,0,0,0,0,2016-12-28 16:15:53-08:00
0,0,0,0,0,0,2016-12-28 16:17:13-08:00
0,0,0,0,0,0,2016-12-28 16:18:45-08:00
0,0,0,0,0,0,2016-12-28 16:22:51-08:00
0,0,0,0,0,0,2016-12-28 16:24:53-08:00
0,0,0,0,0,0,2016-12-28 16:25:37-08:00
0,0,0,0,0,0,2016-12-28 16:27:03-08:00
0,0,0,0,0,0,2016-12-28 16:34:44-08:00
0,0,0,0,0,0,2016-12-28 16:36:38-08:00
0,0,0,0,0,0,2016-12-28 17:05:05-08:00
0,0,0,0,0,0,2016-12-28 17:35:02-08:00
0,0,0,0,0,0,2016-12-28 17:47:08-08:00
0,0,0,0,0,0,2016-12-28 18:01:07-08:00
0,6,0,0,0,0,2016-12-28 18:08:45-08:00
0,1,0,0,0,0,2017-01-22 12:17:33+08:00
0,0,0,0,0,0,2017-01-21 20:33:54-08:00
0,0,0,0,0,0,2017-01-21 20:34:12-08:00
0,2,0,0,0,1,2017-01-22 11:37:36-08:00
0,0,0,0,0,0,2017-01-22 17:46:11-08:00
0,0,0,0,0,0,2017-01-28 10:06:34-08:00
8,31,3,4,1,3,2017-01-28 10:07:37-08:00
0,1,0,0,0,0,2017-01-28 20:00:19-08:00
0,1,0,0,0,0,2017-01-29 08:42:37-08:00
0,0,0,0,0,0,2017-01-29 09:24:51-08:00
0,1,0,0,0,0,2017-01-29 12:17:26-08:00
0,0,0,0,0,0,2017-01-29 12:32:57-08:00
1,1,0,0,0,0,2017-01-29 21:26:59-08:00
1,1,0,0,0,0,2017-01-29 21:33:40-08:00
0,0,0,0,0,0,2017-01-29 21:35:01-08:00
0,0,0,0,0,0,2017-01-29 21:38:39-08:00
0,0,0,0,0,0,2017-01-29 21:40:35-08:00
0,0,0,0,0,0,2017-01-29 21:44:29-08:00
0,0,0,0,0,0,2017-01-29 21:51:01-08:00
0,0,0,0,0,0,2017-02-01 20:23:34-08:00
0,0,0,0,0,0,2017-02-02 02:31:06-02:00
0,0,0,0,0,0,2017-02-02 02:35:31-02:00
0,0,0,0,0,0,2017-02-02 02:36:31-02:00
0,0,0,0,0,0,2017-02-03 20:28:57-02:00
0,0,0,0,0,0,2017-02-03 20:32:28-02:00
0,0,0,0,0,0,2017-02-03 21:31:00-02:00
0,0,0,0,0,0,2017-02-03 21:31:14-02:00
0,0,0,0,0,0,2017-02-03 21:32:55-02:00
0,0,0,0,0,0,2017-02-03 21:34:47-02:00
0,0,0,0,0,0,2017-02-03 21:38:26-02:00
0,0,0,0,0,0,2017-02-03 21:40:18-02:00
0,0,0,0,0,0,2017-02-03 21:41:51-02:00
0,0,0,0,0,0,2017-02-03 21:43:34-02:00
0,0,0,0,0,0,2017-02-03 21:45:42-02:00
0,0,0,0,0,0,2017-02-03 21:47:54-02:00
0,0,0,0,0,0,2017-02-03 22:21:28-02:00
0,0,0,0,0,0,2017-02-04 10:49:33-08:00
0,0,0,0,0,0,2017-02-04 17:29:29-02:00
0,0,0,0,0,0,2017-02-04 19:24:07-02:00
0,0,0,0,0,0,2017-02-04 19:25:25-02:00
0,0,0,0,0,0,2017-02-04 21:03:33-02:00
0,0,0,0,0,0,2017-02-04 23:23:03-02:00
0,0,0,0,0,0,2017-02-04 23:27:23-02:00
0,0,0,0,0,0,2017-02-04 23:41:25-02:00
0,0,0,0,0,0,2017-02-04 23:52:27-02:00
0,0,0,0,0,0,2017-02-05 00:01:46-02:00
0,0,0,0,0,0,2017-02-05 09:54:36-08:00
0,0,0,0,0,0,2017-02-05 23:03:57-02:00
6,6,1,0,0,2,2017-02-06 00:02:52-02:00
0,2,0,0,0,0,2017-02-05 19:59:19-08:00
0,4,0,0,1,0,2017-02-05 21:10:13-08:00
0,0,0,0,0,0,2017-02-05 21:12:40-08:00
0,0,0,0,0,0,2017-02-05 21:17:22-08:00
0,0,0,0,0,0,2017-02-05 21:19:58-08:00
0,0,0,0,0,0,2017-02-05 21:20:19-08:00
0,0,0,0,0,0,2017-02-05 21:21:34-08:00
0,2,0,0,0,0,2017-02-06 12:08:57-08:00
0,1,0,0,0,0,2017-02-06 12:10:32-08:00
0,0,0,0,0,0,2017-02-06 20:58:52-02:00
0,0,0,0,0,0,2017-02-06 22:46:35-02:00
0,5,0,0,0,0,2017-02-06 21:31:13-08:00
0,0,0,0,0,0,2017-02-06 21:32:11-08:00
0,0,0,0,0,0,2017-02-06 21:33:58-08:00
0,0,0,0,0,0,2017-02-08 00:36:35-02:00
0,0,0,0,0,0,2017-02-08 19:20:15-02:00
0,0,0,0,0,0,2017-02-08 19:33:31-02:00
0,0,0,0,0,0,2017-02-09 06:53:12-08:00
0,3,0,0,0,0,2017-02-18 11:14:57-08:00
0,0,0,0,0,0,2017-02-18 17:20:29-08:00
17,48,7,6,2,11,2017-02-18 20:20:23-08:00
0,19,0,0,2,2,2017-02-18 20:49:26-08:00
0,0,0,0,0,0,2017-02-18 20:50:57-08:00
0,0,0,0,0,0,2017-02-18 20:56:39-08:00
0,0,0,0,0,0,2017-02-19 08:15:10-08:00
0,0,0,0,0,0,2017-02-19 08:20:13-08:00
0,0,0,0,0,0,2017-02-19 08:21:20-08:00
0,0,0,0,0,0,2017-02-19 08:22:09-08:00
13,37,7,6,4,11,2017-02-19 19:32:10-08:00
0,0,0,0,0,0,2017-02-19 19:33:40-08:00
0,0,0,0,0,0,2017-02-19 19:36:33-08:00
0,3,0,0,0,0,2017-03-04 13:47:13-05:00
0,1,0,0,0,0,2017-03-04 13:47:37-05:00
3,4,3,0,0,1,2017-03-12 18:56:23-07:00
17,50,7,6,4,13,2017-03-12 19:11:42-07:00
0,0,0,0,0,0,2017-03-12 19:16:21-07:00
0,0,0,0,0,0,2017-03-12 19:16:28-07:00
0,1,0,0,0,1,2017-03-12 19:22:38-07:00
2,2,2,0,0,2,2017-03-12 21:11:18-07:00
0,0,0,0,0,0,2017-03-12 21:12:02-07:00
0,2,0,0,0,0,2017-03-12 21:30:43-07:00
0,0,0,0,0,0,2017-03-12 21:31:00-07:00
0,0,0,0,0,0,2017-03-12 21:32:44-07:00
0,2,0,0,2,0,2017-03-12 21:52:11-07:00
0,0,0,0,0,0,2017-03-12 21:52:26-07:00
0,2,0,0,0,2,2017-03-12 22:06:57-07:00
0,2,0,0,0,0,2017-03-13 21:22:32-07:00
2,2,0,2,0,0,2017-03-15 19:56:01-07:00
0,1,0,0,0,1,2017-03-15 19:57:58-07:00
0,0,0,0,0,0,2017-03-15 20:00:23-07:00
1,1,1,0,1,1,2017-03-15 20:18:00-07:00
1,1,1,0,0,1,2017-03-20 23:57:34-06:00
0,0,0,0,0,0,2017-03-21 07:10:11-07:00
0,2,0,0,0,2,2017-03-21 21:24:18-07:00
0,2,0,0,0,1,2017-03-21 21:56:15-07:00
0,0,0,0,0,0,2017-03-21 22:02:32-07:00
0,0,0,0,0,0,2017-03-21 22:12:26-07:00
0,0,0,0,0,0,2017-03-21 22:16:29-07:00
0,0,0,0,0,0,2017-03-21 22:26:05-07:00
0,0,0,0,0,0,2017-03-21 22:28:32-07:00
0,0,0,0,0,0,2017-03-22 19:05:16-07:00
2,2,0,2,0,0,2017-03-23 20:23:40-07:00
0,0,0,0,0,0,2017-03-23 20:27:33-07:00
2,2,0,0,0,0,2017-03-25 15:04:23-07:00
0,0,0,0,0,0,2017-03-26 09:51:06-07:00
0,0,0,0,0,0,2017-03-26 09:54:49-07:00
3,3,0,0,0,0,2017-03-26 10:40:21-07:00
0,0,0,0,0,0,2017-03-26 15:37:15-07:00
6,6,0,0,0,0,2017-03-26 16:30:26-07:00
0,0,0,0,0,0,2017-03-26 16:35:08-07:00
0,2,0,0,0,0,2017-03-28 21:08:01-07:00
1,1,1,0,0,0,2017-03-29 22:55:17+08:00
0,0,0,0,0,0,2017-03-29 08:04:58-07:00
1,1,0,1,0,1,2017-03-30 19:50:35+08:00
0,0,0,0,0,0,2017-03-30 05:49:56-07:00
1,1,1,0,0,1,2017-04-01 18:46:38+08:00
0,0,0,0,0,0,2017-04-01 09:48:18-07:00
0,2,0,0,0,0,2017-04-01 19:49:30-07:00
0,1,0,0,0,0,2017-04-02 18:21:13-04:00
0,0,0,0,0,0,2017-04-02 16:33:18-07:00
0,1,0,0,0,0,2017-04-02 23:12:55-04:00
0,0,0,0,0,0,2017-04-03 07:08:08-04:00
0,2,0,0,0,0,2017-04-03 20:31:39-04:00
0,0,0,0,0,0,2017-04-03 19:51:12-07:00
1,1,0,0,0,1,2017-04-05 14:12:29+08:00
0,1,0,0,0,1,2017-04-05 05:49:29-04:00
0,0,0,0,0,0,2017-04-05 07:17:41-07:00
0,0,0,0,0,0,2017-04-05 07:18:28-07:00
2,2,0,0,2,2,2017-04-05 19:59:02-04:00
0,0,0,0,0,0,2017-04-06 20:50:30-04:00
1,3,0,1,0,2,2017-04-07 13:04:34+08:00
0,0,0,0,0,0,2017-04-08 22:05:57-07:00
0,0,0,0,0,0,2017-04-08 22:07:34-07:00
0,1,0,0,0,0,2017-04-09 04:51:40-04:00
0,0,0,0,0,0,2017-04-10 06:35:44-07:00
0,2,0,0,0,0,2017-04-10 21:14:03-04:00
0,2,0,0,0,0,2017-04-10 21:26:45-04:00
0,0,0,0,0,0,2017-04-10 21:35:19-04:00
0,0,0,0,0,0,2017-04-11 09:51:29-07:00
0,0,0,0,0,0,2017-04-11 09:51:47-07:00
0,2,0,0,0,2,2017-04-11 21:35:50-04:00
0,0,0,0,0,0,2017-04-12 07:19:06-07:00
0,0,0,0,0,0,2017-04-12 23:38:04-04:00
0,0,0,0,0,0,2017-04-13 06:52:41-07:00
0,1,0,0,0,0,2017-04-13 19:54:28-04:00
0,0,0,0,0,0,2017-04-14 09:54:30-07:00
0,2,0,0,0,0,2017-04-14 23:24:32-04:00
0,2,0,0,0,0,2017-04-15 07:39:23-04:00
0,1,0,0,0,0,2017-04-15 16:05:05-04:00
0,1,0,0,0,0,2017-04-15 16:54:35-04:00
0,1,0,0,0,0,2017-04-15 17:30:14-04:00
0,2,0,0,0,0,2017-04-15 17:43:29-04:00
0,0,0,0,0,0,2017-04-15 17:04:56-07:00
0,0,0,0,0,0,2017-04-15 17:08:03-07:00
1,1,0,0,0,0,2017-04-16 06:09:46-04:00
1,1,0,0,0,0,2017-04-16 06:16:59-04:00
2,2,0,0,0,0,2017-04-16 06:31:43-04:00
0,1,0,0,0,0,2017-04-16 11:11:01-04:00
0,1,0,0,0,0,2017-04-16 16:12:22-04:00
0,1,0,0,0,0,2017-04-16 19:36:23-04:00
2,2,0,0,0,2,2017-04-16 17:52:51-07:00
0,0,0,0,0,0,2017-04-17 06:50:07-07:00
1,1,0,0,0,0,2017-04-17 20:19:13-04:00
2,2,0,0,0,0,2017-04-17 20:32:55-04:00
0,0,0,0,0,0,2017-04-19 07:00:12-07:00
0,0,0,0,0,0,2017-04-19 22:40:14-04:00
0,0,0,0,0,0,2017-04-19 22:40:39-04:00
0,0,0,0,0,0,2017-04-19 22:40:51-04:00
0,0,0,0,0,0,2017-04-19 22:41:04-04:00
0,0,0,0,0,0,2017-04-19 22:42:58-04:00
0,1,0,0,0,0,2017-04-22 15:18:59-04:00
0,2,0,0,0,0,2017-04-22 20:30:05-04:00
0,1,0,0,1,0,2017-04-22 21:58:54-04:00
0,1,0,0,0,0,2017-04-22 22:11:36-04:00
0,1,0,0,0,0,2017-04-22 22:22:47-04:00
0,1,0,0,1,0,2017-04-22 23:07:46-04:00
0,1,0,0,0,0,2017-04-22 23:19:35-04:00
0,2,0,0,0,0,2017-04-23 08:13:26-04:00
0,0,0,0,0,0,2017-04-23 16:53:01-07:00
0,0,0,0,0,0,2017-04-23 16:53:31-07:00
1,1,0,0,0,0,2017-04-23 20:01:25-04:00
1,1,0,0,0,0,2017-04-23 20:26:06-04:00
1,1,0,0,0,0,2017-04-24 19:22:54-04:00
0,0,0,0,0,0,2017-04-28 10:17:32-07:00
0,1,0,0,0,0,2017-05-11 12:31:36+02:00
0,0,0,0,0,0,2017-05-16 20:38:49-07:00
1,1,1,0,0,0,2017-05-24 19:50:20+08:00
5,5,0,0,0,0,2017-06-03 11:57:20-07:00
0,0,0,0,0,0,2017-06-03 11:57:44-07:00
8,8,0,0,0,0,2017-06-03 12:17:11-07:00
2,2,0,0,0,0,2017-06-03 12:41:55-07:00
0,0,0,0,0,0,2017-06-03 12:45:55-07:00
2,2,2,0,0,0,2017-06-04 13:44:34-07:00
0,0,0,0,0,0,2017-06-04 13:56:26-07:00
0,0,0,0,0,0,2017-06-04 13:59:46-07:00
0,0,0,0,0,0,2017-06-04 14:07:26-07:00
0,0,0,0,0,0,2017-06-04 14:09:58-07:00
0,0,0,0,0,0,2017-06-04 14:13:39-07:00
1,1,0,0,0,0,2017-06-11 19:26:06-04:00
1,1,0,0,0,0,2017-06-11 19:37:38-04:00
0,0,0,0,0,0,2017-06-24 16:31:28-07:00
0,0,0,0,0,0,2017-06-24 16:33:06-07:00
2,2,2,0,0,2,2017-06-24 17:48:49-07:00
0,1,0,0,0,1,2017-06-24 18:06:38-07:00
1,1,0,0,1,1,2017-07-13 17:55:58+05:18
0,0,0,0,0,0,2017-07-13 07:10:06-07:00
0,2,0,0,0,1,2017-07-30 08:01:08-07:00
0,0,0,0,0,0,2017-07-30 08:01:32-07:00
2,2,0,2,0,2,2017-07-30 08:07:47-07:00
2,2,0,0,0,0,2017-07-30 08:18:43-07:00
2,2,2,0,0,2,2017-07-30 08:31:52-07:00
2,2,0,2,0,0,2017-07-30 10:24:58-07:00
0,1,0,0,0,0,2017-08-03 06:57:31-07:00
0,1,0,0,0,0,2017-08-03 07:13:33-07:00
0,1,0,0,0,0,2017-08-05 09:21:03-07:00
0,1,0,0,0,0,2017-08-10 02:44:08+08:00
1,1,1,0,0,1,2017-12-21 18:21:50+01:00
0,0,0,0,0,0,2018-02-12 18:47:33+08:00
0,0,0,0,0,0,2018-03-21 13:46:10-07:00
0,0,0,0,0,0,2018-03-21 13:47:04-07:00
0,0,0,0,0,0,2018-03-21 13:47:23-07:00
1,11,0,0,1,0,2018-03-25 15:26:38-07:00
0,1,0,0,0,0,2018-03-25 15:31:50-07:00
0,1,0,0,1,0,2018-03-25 15:38:06-07:00
2,5,0,0,0,0,2018-04-01 11:08:35-07:00
0,9,0,0,0,2,2018-04-08 18:28:59-07:00
0,3,0,0,0,1,2018-04-20 14:28:32-07:00
0,0,0,0,0,0,2018-04-20 14:32:50-07:00
4,7,0,0,0,1,2018-04-26 05:49:30-07:00
1,1,0,0,0,0,2018-04-26 05:54:39-07:00
0,0,0,0,0,0,2018-04-26 06:01:27-07:00
8,8,0,3,0,0,2018-05-20 16:28:31-07:00
2,2,0,0,0,0,2018-05-20 16:54:11-07:00
0,0,0,0,0,0,2018-05-23 21:34:57-07:00
0,0,0,0,0,0,2018-06-18 10:42:44-07:00
0,1,0,0,0,0,2018-06-20 23:48:31+08:00
0,0,0,0,0,0,2018-06-20 11:00:24-07:00
0,1,0,0,0,0,2018-06-26 22:02:16+08:00
0,0,0,0,0,0,2018-06-29 10:20:29-07:00
11,11,9,2,6,4,2018-07-02 13:01:54-07:00
0,0,0,0,0,0,2018-07-02 13:02:14-07:00
3,3,3,0,3,0,2018-07-02 14:42:18-07:00
0,0,0,0,0,0,2018-07-26 20:55:52+08:00
0,0,0,0,0,0,2018-07-26 12:36:34-07:00
6,10,4,4,2,8,2018-07-30 21:19:06-07:00
0,0,0,0,0,0,2018-07-30 21:19:20-07:00
0,1,0,0,0,0,2018-07-30 21:20:20-07:00
0,1,0,0,0,0,2018-07-31 18:14:59+08:00
0,0,0,0,0,0,2018-07-31 09:22:08-07:00
0,0,0,0,0,0,2018-08-04 12:37:03-07:00
5,8,1,2,1,3,2018-08-09 15:54:08-07:00
0,3,1,1,0,0,2018-08-09 16:45:52-07:00
0,1,0,0,0,0,2018-08-09 16:50:41-07:00
3,11,1,2,0,1,2018-08-25 16:08:54-07:00
13,22,0,1,1,3,2018-08-28 21:01:05-07:00
0,0,0,0,0,0,2018-08-29 07:35:52-07:00
0,1,0,0,0,0,2018-09-07 12:22:05+07:00
0,0,0,0,0,0,2018-09-07 09:18:43-07:00
1,1,0,1,0,1,2018-09-08 07:36:34-07:00
0,1,0,0,0,0,2018-09-13 17:52:43+08:00
0,0,0,0,0,0,2018-09-13 15:27:51-07:00
0,0,0,0,0,0,2018-10-03 22:26:14-03:00
0,0,0,0,0,0,2018-10-05 13:33:20-07:00
