Acquisition,Preparation,Modeling,Training,Evaluation,Prediction,time
0,0,0,0,0,0,2021-11-23 14:23:57-05:00
1,1,0,0,0,0,2021-11-23 15:21:34-05:00
1,1,0,1,0,1,2021-11-23 19:48:53-05:00
2,2,1,1,0,2,2021-11-25 14:50:34-05:00
1,1,1,1,0,1,2021-11-26 14:28:21-05:00
1,0,0,0,0,0,2021-12-06 20:50:28-05:00
1,1,0,0,0,0,2021-12-07 13:36:25-05:00
1,1,0,0,0,0,2021-12-07 17:58:13-05:00
1,1,0,0,0,0,2021-12-07 21:32:16-05:00
1,1,0,0,0,0,2021-12-08 21:33:21-05:00
1,1,0,0,0,0,2021-12-10 15:41:09-05:00
2,2,0,0,0,1,2021-12-13 14:17:41-05:00
2,1,0,0,0,0,2021-12-23 16:42:06-05:00
4,3,1,1,0,2,2022-01-10 15:06:40-05:00
1,1,0,0,0,0,2022-01-13 18:06:51-05:00
4,2,1,1,0,2,2022-01-17 22:11:34-05:00
1,1,0,0,0,0,2022-01-18 19:44:11-05:00
1,0,0,0,0,0,2022-01-19 22:20:33-05:00
1,1,0,0,0,0,2022-01-20 16:55:52-05:00
2,2,0,0,0,0,2022-01-24 18:13:26-05:00
0,0,0,0,0,0,2022-01-25 17:24:56-05:00
0,0,0,0,0,0,2022-01-26 15:48:56-05:00
2,2,0,0,0,0,2022-01-26 16:40:01-05:00
2,2,0,0,0,0,2022-01-27 16:34:56-05:00
2,2,0,0,0,0,2022-01-27 23:05:07-05:00
2,2,0,0,0,0,2022-01-28 17:51:25-05:00
2,2,0,0,0,0,2022-01-28 19:08:09-05:00
1,2,0,0,0,0,2022-01-31 16:50:06-05:00
2,2,0,0,0,0,2022-01-31 18:06:13-05:00
3,2,0,0,0,0,2022-02-01 15:54:42-05:00
0,0,0,0,0,0,2022-02-01 17:47:42-05:00
0,0,0,0,0,0,2022-02-01 17:55:11-05:00
2,2,0,0,0,0,2022-02-01 19:07:19-05:00
2,2,0,0,0,0,2022-02-01 19:18:53-05:00
0,0,0,0,0,0,2022-02-01 19:27:22-05:00
0,0,0,0,0,0,2022-02-02 20:20:55-05:00
2,2,0,0,0,0,2022-02-03 16:31:43-05:00
2,2,0,0,0,0,2022-02-03 16:46:32-05:00
2,2,0,0,0,0,2022-02-04 13:24:03-05:00
2,2,0,0,0,0,2022-02-04 13:40:23-05:00
2,2,0,0,0,0,2022-02-04 13:59:49-05:00
2,2,0,0,0,0,2022-02-04 14:08:24-05:00
1,1,0,0,0,0,2022-02-08 14:25:57-05:00
1,1,0,0,0,0,2022-02-08 22:27:19-05:00
3,2,0,0,0,0,2022-02-09 21:33:51-05:00
1,2,0,0,0,0,2022-02-13 18:51:26-05:00
0,1,0,0,0,0,2022-02-14 17:49:20-05:00
0,1,0,0,0,0,2022-02-15 22:45:50-05:00
0,1,0,0,0,0,2022-02-16 16:27:46-05:00
2,1,0,0,0,0,2022-02-16 16:45:36-05:00
0,0,0,0,0,0,2022-02-17 21:21:47-05:00
2,2,0,0,0,2,2022-02-22 19:51:18-05:00
3,3,0,0,0,2,2022-02-24 12:18:23-05:00
1,1,0,0,0,0,2022-02-24 19:20:00-05:00
1,0,0,0,0,1,2022-03-01 20:37:47-05:00
3,3,0,0,0,1,2022-03-23 15:21:57-04:00
4,3,0,0,0,0,2022-03-28 17:40:06-04:00
1,1,0,0,0,0,2022-03-29 17:15:14-04:00
2,1,0,0,0,1,2022-04-04 21:11:14-04:00
0,0,0,0,0,0,2022-04-05 20:08:26-04:00
3,2,0,0,0,0,2022-04-07 22:56:11-04:00
0,0,0,0,0,0,2022-04-08 15:17:16-04:00
1,1,0,0,0,0,2022-04-11 15:38:01-04:00
4,4,0,0,0,0,2022-04-14 14:44:53-04:00
1,1,0,0,0,1,2022-04-19 20:38:00-04:00
2,2,0,0,0,1,2022-04-22 12:17:56-04:00
2,2,0,0,0,1,2022-04-22 14:02:25-04:00
2,1,0,0,0,1,2022-04-26 16:33:38-04:00
0,0,0,0,0,0,2022-04-26 21:39:04-04:00
2,2,0,0,0,1,2022-04-26 23:10:31-04:00
2,3,0,0,0,1,2022-05-02 17:05:32-04:00
4,5,0,0,1,2,2022-05-04 11:09:12-04:00
2,3,0,0,0,0,2022-05-05 13:51:05-04:00
1,3,0,0,1,1,2022-05-05 20:34:23-04:00
1,1,0,0,1,1,2022-05-09 17:08:31-04:00
1,1,0,0,0,0,2022-05-12 18:51:40-04:00
1,4,0,0,0,2,2022-05-19 18:46:20-04:00
3,3,0,0,0,0,2022-05-24 19:22:32-04:00
3,3,0,0,0,0,2022-05-26 22:39:10-04:00
2,2,0,0,0,0,2022-05-27 15:08:38-04:00
2,2,0,0,0,0,2022-05-30 19:17:33-04:00
2,2,0,0,0,0,2022-05-31 12:44:45-04:00
