Acquisition,Preparation,Modeling,Training,Evaluation,Prediction,time
0,0,0,0,0,0,2020-10-13 20:29:14+08:00
0,0,0,0,0,0,2020-10-14 10:35:42+08:00
0,0,0,0,0,0,2020-10-14 10:48:11+08:00
0,0,0,0,0,0,2020-10-14 10:55:12+08:00
0,0,0,0,0,0,2020-10-14 10:56:11+08:00
0,0,0,0,0,0,2020-10-14 11:04:09+08:00
0,0,0,0,0,0,2020-10-14 11:21:10+08:00
0,0,0,0,0,0,2020-10-14 13:31:14+08:00
0,0,0,0,0,0,2020-10-14 13:34:40+08:00
0,0,0,0,0,0,2020-10-14 13:43:07+08:00
0,0,0,0,0,0,2020-10-15 22:52:23+08:00
0,0,0,0,0,0,2020-10-19 14:16:16+08:00
0,0,0,0,0,0,2020-10-19 14:40:22+08:00
0,0,0,0,0,0,2020-10-19 17:08:19+08:00
0,0,0,0,0,0,2020-10-19 18:14:30+08:00
0,0,0,0,0,0,2020-10-19 19:37:16+08:00
0,0,0,0,0,0,2020-10-19 20:08:22+08:00
0,0,0,0,0,0,2020-10-19 21:14:24+08:00
0,0,0,0,0,0,2020-10-19 21:15:33+08:00
0,0,0,0,0,0,2020-10-19 21:15:43+08:00
0,0,0,0,0,0,2020-10-19 21:15:53+08:00
0,0,0,0,0,0,2020-10-19 21:17:05+08:00
0,0,0,0,0,0,2020-10-19 21:17:13+08:00
0,0,0,0,0,0,2020-10-19 22:22:43+08:00
0,0,0,0,0,0,2020-10-19 22:31:49+08:00
0,0,0,0,0,0,2020-10-19 22:36:55+08:00
0,0,0,0,0,0,2020-10-19 22:39:56+08:00
0,0,0,0,0,0,2020-10-20 09:49:42+08:00
0,0,0,0,0,0,2020-10-20 09:49:50+08:00
0,0,0,0,0,0,2020-10-20 09:50:40+08:00
0,0,0,0,0,0,2020-10-20 10:21:08+08:00
0,0,0,0,0,0,2020-10-20 10:25:36+08:00
0,0,0,0,0,0,2020-10-20 10:26:18+08:00
0,0,0,0,0,0,2020-10-20 10:44:42+08:00
0,0,0,0,0,0,2020-10-20 11:03:20+08:00
0,0,0,0,0,0,2020-10-20 16:59:16+08:00
0,0,0,0,0,0,2020-10-20 17:00:01+08:00
0,0,0,0,0,0,2020-10-20 17:00:38+08:00
0,0,0,0,0,0,2020-10-21 10:59:09+08:00
0,0,0,0,0,0,2020-10-21 11:00:57+08:00
0,0,0,0,0,0,2020-10-21 11:01:10+08:00
0,0,0,0,0,0,2020-10-21 17:48:09+08:00
0,0,0,0,0,0,2020-10-21 17:48:52+08:00
0,0,0,0,0,0,2020-10-21 17:52:32+08:00
0,0,0,0,0,0,2020-10-22 11:47:29+08:00
0,0,0,0,0,0,2020-10-22 11:49:47+08:00
0,0,0,0,0,0,2020-10-22 11:51:51+08:00
0,0,0,0,0,0,2020-10-22 17:13:53+08:00
0,0,0,0,0,0,2020-10-22 17:39:58+08:00
0,0,0,0,0,0,2020-10-22 19:01:08+08:00
0,0,0,0,0,0,2020-10-22 19:11:16+08:00
0,0,0,0,0,0,2020-10-26 12:34:04+07:00
0,0,0,0,0,0,2020-10-26 14:01:23+08:00
0,0,0,0,0,0,2020-10-26 14:58:21+08:00
0,0,0,0,0,0,2020-10-26 16:16:41+08:00
0,0,0,0,0,0,2020-10-26 20:44:30+08:00
0,0,0,0,0,0,2020-10-27 11:14:47+08:00
0,0,0,0,0,0,2020-10-27 11:45:21+08:00
0,0,0,0,0,0,2020-10-27 12:04:21+08:00
0,0,0,0,0,0,2020-10-27 12:59:43+08:00
0,0,0,0,0,0,2020-10-27 13:01:32+08:00
0,0,0,0,0,0,2020-10-27 13:53:06+08:00
0,0,0,0,0,0,2020-10-27 14:27:07+08:00
0,0,0,0,0,0,2020-10-26 14:01:23+08:00
0,0,0,0,0,0,2020-10-26 14:58:21+08:00
0,0,0,0,0,0,2020-10-26 16:16:41+08:00
0,0,0,0,0,0,2020-10-26 20:44:30+08:00
0,0,0,0,0,0,2020-10-27 11:14:47+08:00
0,0,0,0,0,0,2020-10-27 12:04:21+08:00
0,0,0,0,0,0,2020-10-27 14:27:07+08:00
0,0,0,0,0,0,2020-10-27 14:36:49+08:00
0,0,0,0,0,0,2020-10-27 14:39:06+08:00
0,0,0,0,0,0,2020-10-22 17:39:58+08:00
0,0,0,0,0,0,2020-10-22 19:39:13+08:00
0,0,0,0,0,0,2020-10-22 21:57:06+08:00
0,0,0,0,0,0,2020-10-27 15:07:59+08:00
0,0,0,0,0,0,2020-10-27 15:19:17+08:00
0,0,0,0,0,0,2020-10-27 15:19:27+08:00
0,0,0,0,0,0,2020-10-27 15:25:42+08:00
0,0,0,0,0,0,2020-10-29 10:47:15+08:00
0,0,0,0,0,0,2020-10-29 10:48:02+08:00
0,0,0,0,0,0,2020-10-29 14:12:55+08:00
0,0,0,0,0,0,2020-10-29 14:48:45+08:00
0,0,0,0,0,0,2020-10-29 15:30:30+08:00
0,0,0,0,0,0,2020-10-30 02:22:26+08:00
0,0,0,0,0,0,2020-11-01 15:10:19+08:00
0,0,0,0,0,0,2020-11-01 15:40:51+08:00
0,0,0,0,0,0,2020-11-01 15:43:30+08:00
0,0,0,0,0,0,2020-11-01 15:51:32+08:00
0,0,0,0,0,0,2020-11-01 15:53:05+08:00
0,0,0,0,0,0,2020-11-01 15:53:14+08:00
0,0,0,0,0,0,2020-11-01 20:16:01+08:00
0,0,0,0,0,0,2020-11-03 11:03:40+08:00
0,0,0,0,0,0,2020-11-03 12:21:27+08:00
0,0,0,0,0,0,2020-11-03 12:36:57+08:00
0,0,0,0,0,0,2020-11-03 13:51:41+08:00
0,0,0,0,0,0,2020-11-04 19:04:08+08:00
0,0,0,0,0,0,2020-11-05 14:52:53+08:00
0,0,0,0,0,0,2020-11-05 15:07:55+08:00
0,0,0,0,0,0,2020-11-05 15:26:06+08:00
0,0,0,0,0,0,2020-11-05 15:30:55+08:00
0,0,0,0,0,0,2020-11-05 15:43:22+08:00
0,0,0,0,0,0,2020-11-05 15:44:30+08:00
0,0,0,0,0,0,2020-11-05 16:19:50+08:00
0,0,0,0,0,0,2020-11-01 17:02:09+08:00
0,0,0,0,0,0,2020-11-03 13:23:16+08:00
0,0,0,0,0,0,2020-11-09 12:32:35+08:00
0,0,0,0,0,0,2020-11-10 16:06:52+08:00
0,0,0,0,0,0,2020-11-12 15:54:54+08:00
0,0,0,0,0,0,2020-11-16 22:36:27+08:00
0,0,0,0,0,0,2020-11-18 13:38:56+08:00
0,0,0,0,0,0,2020-11-19 13:25:11+08:00
0,0,0,0,0,0,2020-11-19 13:25:22+08:00
0,0,0,0,0,0,2020-11-19 13:29:54+08:00
0,0,0,0,0,0,2020-11-19 13:30:03+08:00
0,0,0,0,0,0,2020-11-19 13:46:03+08:00
0,0,0,0,0,0,2020-11-19 13:46:20+08:00
0,0,0,0,0,0,2020-11-23 20:04:05+08:00
0,0,0,0,0,0,2020-11-23 20:10:14+08:00
0,0,0,0,0,0,2020-11-25 23:13:24+08:00
0,0,0,0,0,0,2020-11-26 13:48:49+08:00
0,0,0,0,0,0,2020-11-26 16:27:54+08:00
0,0,0,0,0,0,2020-11-26 16:30:55+08:00
0,0,0,0,0,0,2020-11-26 21:05:26+08:00
0,0,0,0,0,0,2020-11-27 13:08:28+08:00
0,0,0,0,0,0,2020-11-27 13:11:24+08:00
0,0,0,0,0,0,2020-11-27 13:24:13+08:00
0,0,0,0,0,0,2020-11-16 22:36:27+08:00
0,0,0,0,0,0,2020-11-30 15:07:45+08:00
0,0,0,0,0,0,2020-11-30 17:41:25+08:00
0,0,0,0,0,0,2020-11-30 20:40:06+08:00
0,0,0,0,0,0,2020-11-16 22:36:27+08:00
0,0,0,0,0,0,2020-11-16 22:36:27+08:00
0,0,0,0,0,0,2020-12-02 20:51:41+08:00
0,0,0,0,0,0,2020-12-02 20:52:53+08:00
0,0,0,0,0,0,2020-12-03 22:55:12+08:00
0,0,0,0,0,0,2020-12-04 17:07:36+08:00
0,0,0,0,0,0,2020-12-06 15:30:53+08:00
0,0,0,0,0,0,2020-12-06 21:29:13+08:00
0,0,0,0,0,0,2020-12-06 21:33:04+08:00
0,0,0,0,0,0,2020-11-16 22:36:27+08:00
0,0,0,0,0,0,2020-11-16 22:36:27+08:00
0,0,0,0,0,0,2020-12-02 20:51:41+08:00
0,0,0,0,0,0,2020-11-16 22:36:27+08:00
0,0,0,0,0,0,2020-12-07 14:06:28+08:00
0,0,0,0,0,0,2020-12-07 14:08:16+08:00
0,0,0,0,0,0,2020-12-07 14:08:43+08:00
0,0,0,0,0,0,2020-12-07 18:46:54+08:00
0,0,0,0,0,0,2020-12-08 12:45:52+08:00
0,0,0,0,0,0,2020-12-08 12:47:11+08:00
0,0,0,0,0,0,2020-12-08 14:58:59+08:00
0,0,0,0,0,0,2020-12-09 16:40:10+08:00
0,0,0,0,0,0,2020-12-11 23:09:19+08:00
0,0,0,0,0,0,2020-12-11 23:27:09+08:00
0,0,0,0,0,0,2020-12-12 04:09:56+00:00
0,0,0,0,0,0,2020-12-13 14:22:24+08:00
0,0,0,0,0,0,2020-12-13 16:58:16+08:00
0,0,0,0,0,0,2020-12-14 22:40:30+08:00
0,0,0,0,0,0,2020-12-15 11:50:51+08:00
0,0,0,0,0,0,2020-12-15 13:02:38+08:00
0,0,0,0,0,0,2020-12-15 13:08:35+08:00
0,0,0,0,0,0,2020-12-15 13:10:09+08:00
0,0,0,0,0,0,2020-12-15 13:29:45+08:00
0,0,0,0,0,0,2020-12-15 13:35:40+08:00
0,0,0,0,0,0,2020-12-15 21:36:35+08:00
0,0,0,0,0,0,2020-12-15 21:37:24+08:00
0,0,0,0,0,0,2020-12-15 21:41:21+08:00
0,0,0,0,0,0,2020-12-15 21:42:31+08:00
0,0,0,0,0,0,2020-12-15 21:42:40+08:00
0,0,0,0,0,0,2020-12-15 21:47:15+08:00
0,0,0,0,0,0,2020-12-16 09:30:02+08:00
0,0,0,0,0,0,2020-12-16 19:50:20+08:00
0,0,0,0,0,0,2020-12-16 20:07:19+08:00
0,0,0,0,0,0,2020-12-16 20:23:48+08:00
0,0,0,0,0,0,2020-12-17 20:31:04+08:00
0,0,0,0,0,0,2020-12-18 09:32:19+08:00
0,0,0,0,0,0,2020-12-18 14:17:50+08:00
0,0,0,0,0,0,2020-12-18 21:28:15+08:00
0,0,0,0,0,0,2020-12-21 16:06:57+08:00
0,0,0,0,0,0,2020-12-21 17:02:39+08:00
0,0,0,0,0,0,2020-12-21 17:17:52+08:00
0,0,0,0,0,0,2020-12-21 23:55:18+08:00
0,0,0,0,0,0,2020-12-22 14:43:35+08:00
0,0,0,0,0,0,2020-12-22 14:44:04+08:00
0,0,0,0,0,0,2020-12-22 14:44:35+08:00
0,0,0,0,0,0,2020-12-22 14:45:42+08:00
0,0,0,0,0,0,2020-12-22 14:46:03+08:00
0,0,0,0,0,0,2020-12-22 14:48:40+08:00
0,0,0,0,0,0,2020-12-22 14:50:09+08:00
0,0,0,0,0,0,2020-12-22 14:50:49+08:00
0,0,0,0,0,0,2020-12-22 17:25:56+08:00
0,0,0,0,0,0,2020-12-22 17:28:44+08:00
0,0,0,0,0,0,2020-12-22 18:48:43+08:00
0,0,0,0,0,0,2020-12-22 18:52:43+08:00
0,0,0,0,0,0,2020-12-22 19:24:16+08:00
0,0,0,0,0,0,2020-12-22 21:17:41+08:00
0,0,0,0,0,0,2020-12-22 22:02:59+08:00
0,0,0,0,0,0,2020-12-23 14:42:26+08:00
0,0,0,0,0,0,2020-12-23 15:20:53+08:00
0,0,0,0,0,0,2020-12-23 15:23:40+08:00
0,0,0,0,0,0,2020-12-23 15:35:11+08:00
0,0,0,0,0,0,2020-12-23 15:37:17+08:00
0,0,0,0,0,0,2020-12-23 15:51:14+08:00
0,0,0,0,0,0,2020-12-23 15:56:48+08:00
0,0,0,0,0,0,2020-12-23 15:57:19+08:00
0,0,0,0,0,0,2020-12-23 16:05:55+08:00
0,0,0,0,0,0,2020-12-23 16:23:13+08:00
0,0,0,0,0,0,2020-12-23 16:23:29+08:00
0,0,0,0,0,0,2020-12-23 16:23:55+08:00
0,0,0,0,0,0,2020-12-23 22:06:55+08:00
0,0,0,0,0,0,2020-12-23 22:07:42+08:00
0,0,0,0,0,0,2020-12-23 22:07:52+08:00
0,0,0,0,0,0,2020-12-24 09:02:27+08:00
0,0,0,0,0,0,2020-12-24 23:31:58+08:00
0,0,0,0,0,0,2020-12-24 23:46:54+08:00
0,0,0,0,0,0,2020-12-29 15:51:19+08:00
0,0,0,0,0,0,2020-12-30 16:09:47+08:00
0,0,0,0,0,0,2020-12-30 16:32:41+08:00
0,0,0,0,0,0,2020-12-30 16:33:56+08:00
0,0,0,0,0,0,2021-01-02 15:32:29+08:00
0,0,0,0,0,0,2021-01-02 16:22:47+08:00
0,0,0,0,0,0,2021-01-02 16:35:28+08:00
0,0,0,0,0,0,2021-01-03 10:06:36+08:00
0,0,0,0,0,0,2021-01-03 18:48:57+08:00
0,0,0,0,0,0,2021-01-04 09:48:43+08:00
0,0,0,0,0,0,2021-01-04 10:11:29+08:00
0,0,0,0,0,0,2021-01-04 13:48:09+08:00
0,0,0,0,0,0,2021-01-04 14:26:20+08:00
0,0,0,0,0,0,2021-01-04 14:31:30+08:00
0,0,0,0,0,0,2021-01-04 14:37:44+08:00
0,0,0,0,0,0,2021-01-04 14:38:20+08:00
0,0,0,0,0,0,2021-01-04 14:42:57+08:00
0,0,0,0,0,0,2021-01-04 14:46:47+08:00
0,0,0,0,0,0,2021-01-04 14:49:27+08:00
0,0,0,0,0,0,2021-01-04 14:50:06+08:00
0,0,0,0,0,0,2021-01-06 14:34:44+08:00
0,0,0,0,0,0,2021-01-06 15:08:24+08:00
0,0,0,0,0,0,2021-01-06 15:45:28+08:00
0,0,0,0,0,0,2021-01-07 13:45:36+08:00
0,0,0,0,0,0,2021-01-08 20:53:49+08:00
0,0,0,0,0,0,2021-01-09 15:31:18+08:00
0,0,0,0,0,0,2021-01-10 19:00:29+08:00
0,0,0,0,0,0,2021-01-10 19:15:39+08:00
0,0,0,0,0,0,2021-01-10 20:01:04+08:00
0,0,0,0,0,0,2021-01-11 08:22:24+08:00
0,0,0,0,0,0,2021-01-11 10:43:19+08:00
0,0,0,0,0,0,2021-01-11 10:44:02+08:00
0,0,0,0,0,0,2021-01-11 10:58:43+08:00
0,0,0,0,0,0,2021-01-11 14:34:13+08:00
0,0,0,0,0,0,2021-01-11 15:00:21+08:00
0,0,0,0,0,0,2021-01-11 15:23:27+08:00
0,0,0,0,0,0,2021-01-11 15:26:46+08:00
0,0,0,0,0,0,2021-01-11 15:51:47+08:00
0,0,0,0,0,0,2021-01-11 15:59:04+08:00
0,0,0,0,0,0,2021-01-13 12:08:34+08:00
0,0,0,0,0,0,2021-01-13 14:12:19+08:00
0,0,0,0,0,0,2021-01-13 14:14:01+08:00
0,0,0,0,0,0,2021-01-13 16:10:56+08:00
0,0,0,0,0,0,2021-01-13 16:42:38+08:00
0,0,0,0,0,0,2021-01-13 16:58:24+08:00
0,0,0,0,0,0,2021-01-14 11:12:03+08:00
0,0,0,0,0,0,2021-01-19 13:23:56+08:00
0,0,0,0,0,0,2021-01-19 14:08:02+08:00
0,0,0,0,0,0,2021-01-26 20:13:21+08:00
0,0,0,0,0,0,2021-01-26 21:07:52+08:00
0,0,0,0,0,0,2021-01-27 12:11:05+08:00
0,0,0,0,0,0,2021-01-27 12:51:30+08:00
0,0,0,0,0,0,2021-01-27 20:40:25+08:00
0,0,0,0,0,0,2021-01-28 09:31:22+08:00
0,0,0,0,0,0,2021-01-28 09:40:25+08:00
0,0,0,0,0,0,2021-01-28 09:44:54+08:00
0,0,0,0,0,0,2021-02-03 14:15:27+08:00
0,0,0,0,0,0,2021-02-03 14:17:46+08:00
0,0,0,0,0,0,2021-02-10 11:59:29+08:00
0,0,0,0,0,0,2021-02-10 12:37:57+08:00
0,0,0,0,0,0,2021-02-10 14:20:48+08:00
0,0,0,0,0,0,2021-02-24 12:09:47+08:00
0,0,0,0,0,0,2021-02-25 15:25:59+08:00
0,0,0,0,0,0,2021-02-25 23:21:23+08:00
0,0,0,0,0,0,2021-02-26 14:38:44+08:00
0,0,0,0,0,0,2021-02-26 14:41:34+08:00
0,0,0,0,0,0,2021-03-02 23:07:58+08:00
0,0,0,0,0,0,2021-03-03 14:26:51+08:00
0,0,0,0,0,0,2021-03-04 11:52:25+08:00
0,0,0,0,0,0,2021-03-08 11:48:38+08:00
0,0,0,0,0,0,2021-03-08 11:49:05+08:00
0,0,0,0,0,0,2021-03-10 10:40:39+08:00
0,0,0,0,0,0,2021-03-10 11:52:05+08:00
0,0,0,0,0,0,2021-03-15 14:03:28+08:00
0,0,0,0,0,0,2021-03-17 14:43:16+08:00
0,0,0,0,0,0,2021-03-18 18:18:44+08:00
0,0,0,0,0,0,2021-03-22 14:44:24+08:00
0,0,0,0,0,0,2021-03-24 14:45:20+08:00
0,0,0,0,0,0,2021-03-26 13:50:25+08:00
0,0,0,0,0,0,2021-03-26 13:54:14+08:00
0,0,0,0,0,0,2021-03-26 15:21:10+08:00
0,0,0,0,0,0,2021-03-27 11:16:30+08:00
0,0,0,0,0,0,2021-03-27 11:16:44+08:00
0,0,0,0,0,0,2021-03-29 01:27:27+08:00
0,0,0,0,0,0,2021-03-29 01:54:08+08:00
0,0,0,0,0,0,2021-03-29 02:30:30+08:00
0,0,0,0,0,0,2021-03-30 14:59:31+08:00
0,0,0,0,0,0,2021-03-30 15:06:57+08:00
0,0,0,0,0,0,2021-03-31 15:53:17+08:00
0,0,0,0,0,0,2021-04-01 22:08:43+08:00
0,0,0,0,0,0,2021-04-04 17:27:43+08:00
0,0,0,0,0,0,2021-04-04 17:37:31+08:00
0,0,0,0,0,0,2021-04-05 13:15:31+08:00
0,0,0,0,0,0,2021-04-05 13:15:46+08:00
0,0,0,0,0,0,2021-04-07 12:09:30+08:00
0,0,0,0,0,0,2021-04-12 16:07:22+08:00
0,0,0,0,0,0,2021-04-16 22:09:47+08:00
0,0,0,0,0,0,2021-04-16 22:47:55+08:00
0,0,0,0,0,0,2021-04-17 11:43:47+08:00
0,0,0,0,0,0,2021-04-17 13:39:20+08:00
0,0,0,0,0,0,2021-04-17 17:16:13+08:00
0,0,0,0,0,0,2021-04-19 17:13:34+08:00
0,0,0,0,0,0,2021-04-19 17:14:52+08:00
0,0,0,0,0,0,2021-04-19 21:07:03+08:00
0,0,0,0,0,0,2021-04-19 21:08:01+08:00
0,0,0,0,0,0,2021-04-19 21:11:59+08:00
0,0,0,0,0,0,2021-04-19 21:27:52+08:00
0,0,0,0,0,0,2021-04-19 22:21:43+08:00
0,0,0,0,0,0,2021-04-19 22:21:50+08:00
0,0,0,0,0,0,2021-04-19 22:32:33+08:00
0,0,0,0,0,0,2021-04-20 21:51:51+08:00
0,0,0,0,0,0,2021-04-20 22:32:45+08:00
0,0,0,0,0,0,2021-04-20 22:38:08+08:00
0,0,0,0,0,0,2021-04-20 23:09:30+08:00
0,0,0,0,0,0,2021-04-22 10:22:16+08:00
0,0,0,0,0,0,2021-04-23 17:01:27+08:00
0,0,0,0,0,0,2021-04-23 21:57:10+08:00
0,0,0,0,0,0,2021-04-23 21:58:05+08:00
0,0,0,0,0,0,2021-04-25 14:07:27+08:00
0,0,0,0,0,0,2021-04-25 14:22:43+08:00
0,0,0,0,0,0,2021-04-25 15:14:37+08:00
0,0,0,0,0,0,2021-04-25 15:33:34+08:00
0,0,0,0,0,0,2021-04-25 15:55:26+08:00
0,0,0,0,0,0,2021-04-25 16:20:35+08:00
0,0,0,0,0,0,2021-04-25 19:25:19+08:00
0,0,0,0,0,0,2021-04-25 19:46:13+08:00
0,0,0,0,0,0,2021-04-26 08:37:09+08:00
0,0,0,0,0,0,2021-04-26 15:48:37+08:00
0,0,0,0,0,0,2021-04-26 16:06:32+08:00
0,0,0,0,0,0,2021-04-26 16:46:09+08:00
0,0,0,0,0,0,2021-04-27 10:52:35+08:00
0,0,0,0,0,0,2021-04-27 13:05:58+08:00
0,0,0,0,0,0,2021-04-27 13:06:07+08:00
0,0,0,0,0,0,2021-04-27 13:43:40+08:00
0,0,0,0,0,0,2021-04-27 14:07:04+08:00
0,0,0,0,0,0,2021-04-27 15:55:35+08:00
0,0,0,0,0,0,2021-04-27 16:09:16+08:00
0,0,0,0,0,0,2021-04-27 16:10:47+08:00
0,0,0,0,0,0,2021-04-27 16:14:50+08:00
0,0,0,0,0,0,2021-04-27 17:09:01+08:00
0,0,0,0,0,0,2021-04-27 17:09:06+08:00
0,0,0,0,0,0,2021-04-27 17:10:31+08:00
0,0,0,0,0,0,2021-04-27 17:10:51+08:00
0,0,0,0,0,0,2021-04-27 17:13:15+08:00
0,0,0,0,0,0,2021-04-27 17:13:26+08:00
0,0,0,0,0,0,2021-04-27 19:16:01+08:00
0,0,0,0,0,0,2021-04-27 19:16:12+08:00
0,0,0,0,0,0,2021-04-27 19:16:32+08:00
0,0,0,0,0,0,2021-04-27 19:24:25+08:00
0,0,0,0,0,0,2021-04-27 19:30:42+08:00
0,0,0,0,0,0,2021-04-27 19:38:13+08:00
0,0,0,0,0,0,2021-04-27 19:41:42+08:00
0,0,0,0,0,0,2021-04-27 19:43:00+08:00
0,0,0,0,0,0,2021-04-27 19:49:15+08:00
0,0,0,0,0,0,2021-04-27 19:51:21+08:00
0,0,0,0,0,0,2021-04-27 19:54:17+08:00
0,0,0,0,0,0,2021-04-27 20:04:05+08:00
0,0,0,0,0,0,2021-04-27 20:06:25+08:00
0,0,0,0,0,0,2021-04-27 20:08:22+08:00
0,0,0,0,0,0,2021-04-27 20:32:39+08:00
0,0,0,0,0,0,2021-04-27 21:02:11+08:00
0,0,0,0,0,0,2021-04-27 21:12:35+08:00
0,0,0,0,0,0,2021-04-27 21:22:49+08:00
0,0,0,0,0,0,2021-04-27 21:23:21+08:00
0,0,0,0,0,0,2021-04-27 21:31:45+08:00
0,0,0,0,0,0,2021-04-27 21:43:14+08:00
0,0,0,0,0,0,2021-04-30 15:30:04+08:00
0,0,0,0,0,0,2021-05-05 18:47:34+08:00
0,0,0,0,0,0,2021-05-05 18:47:54+08:00
0,0,0,0,0,0,2021-05-05 19:00:12+08:00
0,0,0,0,0,0,2021-05-05 19:15:54+08:00
0,0,0,0,0,0,2021-05-05 19:30:28+08:00
0,0,0,0,0,0,2021-05-06 09:17:48+08:00
0,0,0,0,0,0,2021-05-08 19:06:09+08:00
0,0,0,0,0,0,2021-05-08 19:06:38+08:00
0,0,0,0,0,0,2021-05-08 19:07:05+08:00
0,0,0,0,0,0,2021-05-11 19:04:17+08:00
0,0,0,0,0,0,2021-06-30 10:07:36+08:00
0,0,0,0,0,0,2021-07-27 11:48:42+08:00
0,0,0,0,0,0,2021-07-27 11:51:29+08:00
0,0,0,0,0,0,2021-07-28 20:33:09+08:00
0,0,0,0,0,0,2021-07-29 12:06:48+08:00
0,0,0,0,0,0,2021-08-07 21:12:27+08:00
0,0,0,0,0,0,2021-08-19 12:31:28+08:00
0,0,0,0,0,0,2021-08-28 20:24:45+08:00
0,0,0,0,0,0,2021-09-02 12:03:41+08:00
0,0,0,0,0,0,2021-09-11 18:15:26+08:00
0,0,0,0,0,0,2021-10-06 23:53:37+08:00
0,0,0,0,0,0,2021-10-07 00:07:17+08:00
0,0,0,0,0,0,2021-10-08 13:03:33+08:00
0,0,0,0,0,0,2021-10-08 13:36:45+08:00
0,0,0,0,0,0,2021-10-14 14:04:36+08:00
0,0,0,0,0,0,2021-10-21 14:41:02+08:00
0,0,0,0,0,0,2021-10-22 13:58:52+08:00
0,0,0,0,0,0,2021-10-22 14:01:10+08:00
0,1,0,2,2,2,2021-10-28 12:57:03+08:00
0,1,0,2,2,2,2021-10-28 13:05:29+08:00
0,1,0,1,1,1,2021-10-28 13:09:54+08:00
0,1,0,1,1,1,2021-10-28 13:15:13+08:00
0,1,0,1,1,1,2021-10-28 13:17:24+08:00
0,0,0,0,0,0,2021-10-31 18:44:43+08:00
0,0,0,0,0,0,2021-11-24 17:12:52+08:00
0,0,0,0,0,0,2021-11-24 17:25:41+08:00
0,0,0,0,0,0,2021-11-24 17:50:08+08:00
0,1,0,1,1,1,2021-11-24 18:27:24+08:00
0,1,0,1,1,1,2021-11-25 11:57:54+08:00
0,1,0,1,1,1,2021-11-25 12:29:26+08:00
0,0,0,0,0,0,2021-11-25 12:33:22+08:00
0,0,0,0,0,0,2021-11-25 12:45:44+08:00
0,0,0,0,0,0,2021-11-25 12:46:51+08:00
0,0,0,0,0,0,2021-11-25 12:51:07+08:00
0,0,0,0,0,0,2021-11-25 12:59:43+08:00
0,0,0,0,0,0,2021-11-25 13:00:57+08:00
0,0,0,0,0,0,2021-11-25 13:04:47+08:00
0,0,0,0,0,0,2021-11-25 13:07:18+08:00
0,0,0,0,0,0,2021-11-25 13:15:16+08:00
0,0,0,0,0,0,2021-11-25 13:25:55+08:00
0,0,0,0,0,0,2021-11-25 13:30:16+08:00
0,0,0,0,0,0,2021-11-25 13:33:57+08:00
0,0,0,0,0,0,2021-11-25 13:39:22+08:00
0,0,0,0,0,0,2021-11-25 13:48:01+08:00
0,0,0,0,0,0,2021-11-25 13:50:36+08:00
0,0,0,0,0,0,2021-12-06 15:33:43+08:00
0,0,0,0,0,0,2021-12-06 15:34:00+08:00
0,0,0,0,0,0,2021-12-06 20:01:44+08:00
0,0,0,0,0,0,2021-12-09 21:26:49+08:00
0,1,0,1,1,1,2021-12-13 15:00:45+08:00
0,0,0,0,0,0,2021-12-13 16:50:27+08:00
0,0,0,0,0,0,2021-12-16 13:18:31+08:00
0,0,0,0,0,0,2021-12-16 15:33:32+08:00
0,0,0,0,0,0,2021-12-16 15:33:44+08:00
0,1,0,1,1,1,2021-12-17 16:08:18+08:00
0,0,0,0,0,0,2021-12-17 16:54:56+08:00
0,0,0,0,0,0,2021-12-22 21:21:49+08:00
0,0,0,0,0,0,2021-12-27 14:23:09+08:00
0,0,0,0,0,0,2021-12-27 14:23:18+08:00
0,0,0,1,1,1,2021-12-27 14:23:43+08:00
0,0,0,0,0,0,2021-12-27 14:23:51+08:00
0,0,0,0,0,0,2021-12-27 21:00:52+08:00
0,0,0,0,0,0,2021-12-28 11:35:10+08:00
0,0,0,0,0,0,2021-12-28 11:35:27+08:00
0,0,0,0,0,0,2021-12-28 14:00:13+08:00
0,0,0,0,0,0,2021-12-28 15:12:47+08:00
0,0,0,0,0,0,2021-12-28 15:12:58+08:00
0,0,0,0,0,0,2021-12-28 17:09:23+08:00
0,0,0,0,0,0,2021-12-30 16:30:21+08:00
0,0,0,0,0,0,2021-12-30 16:30:45+08:00
0,0,0,0,0,0,2021-12-30 16:33:07+08:00
0,0,0,0,0,0,2021-12-30 16:36:13+08:00
0,0,0,0,0,0,2021-12-30 16:52:44+08:00
0,0,0,0,0,0,2022-01-03 15:15:08+08:00
0,0,0,0,0,0,2022-01-03 17:03:08+08:00
0,0,0,0,0,0,2022-01-03 21:29:44+08:00
0,0,0,0,0,0,2022-01-03 21:30:03+08:00
0,0,0,0,0,0,2022-01-04 08:46:38+08:00
0,0,0,0,0,0,2022-01-04 08:47:35+08:00
0,0,0,0,0,0,2022-01-04 20:23:51+08:00
0,0,0,0,0,0,2022-01-04 20:24:13+08:00
0,0,0,0,0,0,2022-01-05 23:43:19+08:00
0,0,0,0,0,0,2022-01-06 00:19:11+08:00
0,0,0,0,0,0,2022-01-06 16:06:23+08:00
0,0,0,0,0,0,2022-01-06 16:11:32+08:00
0,0,0,0,0,0,2022-01-07 10:55:13+08:00
0,0,0,0,0,0,2022-01-08 15:53:25+08:00
0,0,0,0,0,0,2022-01-09 11:01:26+08:00
0,0,0,0,0,0,2022-01-10 14:18:49+08:00
0,0,0,0,0,0,2022-01-10 14:45:10+08:00
0,0,0,0,0,0,2022-01-10 14:45:35+08:00
0,0,0,0,0,0,2022-01-10 15:04:27+08:00
0,0,0,0,0,0,2022-01-10 15:07:08+08:00
0,0,0,0,0,0,2022-01-10 21:43:00+08:00
0,0,0,0,0,0,2022-01-10 21:43:04+08:00
0,0,0,0,0,0,2022-01-10 21:45:12+08:00
0,0,0,0,0,0,2022-01-15 12:25:01+08:00
0,0,0,0,0,0,2022-01-17 10:25:50+08:00
0,0,0,0,0,0,2022-01-17 10:30:36+08:00
0,0,0,0,0,0,2022-01-17 10:31:42+08:00
0,0,0,0,0,0,2022-01-17 13:31:02+08:00
0,0,0,0,0,0,2022-01-17 14:34:46+08:00
0,0,0,0,0,0,2022-01-19 21:09:40+08:00
0,0,0,0,0,0,2022-01-21 13:37:19+08:00
0,0,0,0,0,0,2022-01-24 14:54:28+08:00
0,0,0,0,0,0,2022-02-05 11:14:54+08:00
0,0,0,0,0,0,2022-02-06 13:13:10+08:00
0,0,0,0,0,0,2022-02-06 13:57:50+08:00
0,0,0,0,0,0,2022-02-07 13:18:24+08:00
0,0,0,0,0,0,2022-02-14 20:37:43+08:00
0,0,0,0,0,0,2022-02-20 17:31:24+08:00
0,0,0,0,0,0,2022-02-21 09:03:05+08:00
0,0,0,0,0,0,2022-02-21 20:23:15+08:00
0,0,0,0,0,0,2022-02-25 19:18:12+08:00
0,0,0,0,0,0,2022-02-25 19:18:22+08:00
0,0,0,0,0,0,2022-02-26 10:29:15+08:00
0,0,0,0,0,0,2022-02-28 09:33:42+08:00
0,0,0,0,0,0,2022-02-28 09:33:57+08:00
0,0,0,0,0,0,2022-03-12 14:14:06+08:00
0,0,0,0,0,0,2022-03-12 14:14:37+08:00
0,0,0,0,0,0,2022-03-20 14:35:24+08:00
0,0,0,0,0,0,2022-03-21 15:22:42+08:00
0,0,0,0,0,0,2022-03-21 21:40:57+08:00
0,0,0,0,0,0,2022-03-22 19:08:12+08:00
0,0,0,0,0,0,2022-03-23 17:11:55+08:00
0,0,0,0,0,0,2022-03-24 09:20:24+08:00
0,0,0,0,0,0,2022-03-24 09:44:16+08:00
0,0,0,0,0,0,2022-03-25 15:00:26+08:00
0,0,0,0,0,0,2022-03-25 16:46:29+08:00
0,0,0,0,0,0,2022-03-28 17:24:01+08:00
0,0,0,0,0,0,2022-03-28 17:33:05+08:00
0,0,0,0,0,0,2022-03-28 19:37:39+08:00
0,0,0,0,0,0,2022-03-29 15:05:52+08:00
0,0,0,0,0,0,2022-03-29 21:27:06+08:00
0,0,0,0,0,0,2022-03-29 21:33:46+08:00
0,0,0,0,0,0,2022-03-30 16:59:27+08:00
0,0,0,0,0,0,2022-03-31 18:36:52+08:00
0,0,0,0,0,0,2022-03-31 20:23:57+08:00
0,0,0,0,0,0,2022-04-05 15:46:47+08:00
0,0,0,0,0,0,2022-04-05 22:00:02+08:00
0,0,0,0,0,0,2022-04-06 16:32:04+08:00
0,0,0,0,0,0,2022-04-07 20:11:32+08:00
0,0,0,0,0,0,2022-04-09 17:00:02+08:00
0,0,0,0,0,0,2022-04-09 17:10:12+08:00
0,0,0,0,0,0,2022-04-09 17:11:30+08:00
0,0,0,0,0,0,2022-04-18 15:08:11+08:00
0,0,0,0,0,0,2022-04-18 15:13:18+08:00
0,0,0,0,0,0,2022-04-18 15:19:02+08:00
0,0,0,0,0,0,2022-04-18 15:21:40+08:00
0,0,0,0,0,0,2022-04-18 15:28:59+08:00
0,0,0,0,0,0,2022-04-18 16:03:53+08:00
0,0,0,0,0,0,2022-04-18 16:04:05+08:00
0,0,0,0,0,0,2022-04-25 13:55:21+08:00
0,0,0,0,0,0,2022-04-25 15:54:05+08:00
0,0,0,0,0,0,2022-04-25 15:55:39+08:00
0,0,0,0,0,0,2022-04-25 16:21:47+08:00
0,0,0,0,0,0,2022-04-25 16:24:21+08:00
0,0,0,0,0,0,2022-04-25 16:46:17+08:00
0,0,0,0,0,0,2022-04-25 19:38:18+08:00
0,0,0,0,0,0,2022-04-26 14:45:56+08:00
0,0,0,0,0,0,2022-04-27 13:42:38+08:00
0,0,0,0,0,0,2022-05-09 16:04:33+08:00
0,0,0,0,0,0,2022-05-09 16:04:53+08:00
0,0,0,0,0,0,2022-05-11 16:59:38+08:00
0,0,0,0,0,0,2022-05-12 19:17:09+08:00
0,0,0,0,0,0,2022-05-20 19:14:51+08:00
0,0,0,0,0,0,2022-05-20 19:20:01+08:00
0,0,0,0,0,0,2022-05-20 19:26:39+08:00
0,0,0,0,0,0,2022-05-20 19:27:20+08:00
0,0,0,0,0,0,2022-05-20 19:30:04+08:00
0,0,0,0,0,0,2022-05-23 14:01:00+08:00
0,0,0,0,0,0,2022-05-23 14:01:44+08:00
0,0,0,0,0,0,2022-05-23 14:07:36+08:00
0,0,0,0,0,0,2022-05-23 14:10:43+08:00
0,0,0,0,0,0,2022-05-23 16:22:22+08:00
0,0,0,0,0,0,2022-05-23 19:29:05+08:00
0,0,0,0,0,0,2022-05-23 19:29:28+08:00
0,0,0,0,0,0,2022-05-24 14:27:10+08:00
0,0,0,0,0,0,2022-05-24 21:23:46+08:00
0,0,0,0,0,0,2022-05-25 11:45:07+08:00
0,0,0,0,0,0,2022-05-26 09:47:56+08:00
0,0,0,0,0,0,2022-05-26 09:55:04+08:00
0,0,0,0,0,0,2022-05-26 19:32:54+08:00
0,0,0,0,0,0,2022-05-26 22:10:20+08:00
0,0,0,0,0,0,2022-05-27 13:01:35+08:00
0,0,0,0,0,0,2022-05-27 13:06:33+08:00
0,0,0,0,0,0,2022-05-27 13:30:35+08:00
0,0,0,0,0,0,2022-05-27 13:30:44+08:00
0,0,0,0,0,0,2022-05-27 13:35:08+08:00
0,0,0,0,0,0,2022-05-27 14:04:08+08:00
0,0,0,0,0,0,2022-05-27 15:27:21+08:00
0,0,0,0,0,0,2022-05-27 15:27:41+08:00
0,0,0,0,0,0,2022-05-27 16:30:30+08:00
0,0,0,0,0,0,2022-05-27 16:32:09+08:00
0,0,0,0,0,0,2022-05-27 16:40:35+08:00
0,0,0,0,0,0,2022-05-27 16:50:54+08:00
0,0,0,0,0,0,2022-05-27 17:04:54+08:00
0,0,0,0,0,0,2022-05-27 17:19:38+08:00
0,0,0,0,0,0,2022-05-27 17:37:36+08:00
0,0,0,0,0,0,2022-05-29 15:46:28+08:00
0,0,0,0,0,0,2022-05-30 19:24:15+08:00
0,0,0,0,0,0,2022-05-30 21:20:45+08:00
0,0,0,0,0,0,2022-05-30 22:24:09+08:00
0,0,0,0,0,0,2022-05-30 22:25:18+08:00
0,0,0,0,0,0,2022-05-30 22:25:26+08:00
0,0,0,0,0,0,2022-05-30 22:30:20+08:00
0,0,0,0,0,0,2022-05-31 10:26:01+08:00
0,0,0,0,0,0,2022-05-31 10:33:51+08:00
0,0,0,0,0,0,2022-05-31 10:41:11+08:00
0,0,0,0,0,0,2022-05-31 10:55:31+08:00
0,0,0,0,0,0,2022-05-31 14:56:15+08:00
0,0,0,0,0,0,2022-05-31 15:06:30+08:00
0,0,0,0,0,0,2022-05-31 15:08:14+08:00
0,0,0,0,0,0,2022-06-01 22:11:29+08:00
0,0,0,0,0,0,2022-06-01 22:17:53+08:00
0,0,0,0,0,0,2022-06-01 22:21:00+08:00
0,0,0,0,0,0,2022-06-01 22:22:55+08:00
0,0,0,0,0,0,2022-06-02 10:54:10+08:00
0,0,0,0,0,0,2022-06-02 16:59:00+08:00
0,0,0,0,0,0,2022-06-02 17:07:52+08:00
0,0,0,0,0,0,2022-06-02 18:01:51+08:00
0,0,0,0,0,0,2022-06-03 09:01:07+08:00
0,0,0,0,0,0,2022-06-03 10:51:41+08:00
0,0,0,0,0,0,2022-06-03 10:51:56+08:00
0,0,0,0,0,0,2022-06-03 11:06:32+08:00
0,0,0,0,0,0,2022-06-03 12:15:01+08:00
0,0,0,0,0,0,2022-06-08 14:23:36+08:00
0,0,0,0,0,0,2022-06-08 23:03:11+08:00
0,0,0,1,1,1,2022-06-10 16:18:51+08:00
0,0,0,0,0,0,2022-06-10 16:19:02+08:00
0,0,0,0,0,0,2022-06-10 16:53:58+08:00
0,0,0,0,0,0,2022-06-10 16:54:12+08:00
0,0,0,0,0,0,2022-06-10 17:01:32+08:00
0,0,0,0,0,0,2022-06-13 10:37:19+08:00
0,0,0,0,0,0,2022-06-13 10:37:24+08:00
0,1,0,1,1,1,2022-06-13 20:52:22+08:00
0,0,0,0,0,0,2022-06-14 16:17:59+08:00
0,1,0,1,1,1,2022-06-15 11:02:57+08:00
0,1,0,3,3,3,2022-06-15 15:56:41+08:00
0,0,0,2,2,2,2022-06-15 17:05:21+08:00
0,0,0,0,0,0,2022-06-15 20:29:18+08:00
0,0,0,0,0,0,2022-06-16 17:10:23+08:00
0,0,0,0,0,0,2022-06-16 18:56:50+08:00
0,0,0,0,0,0,2022-06-16 19:01:22+08:00
0,0,0,0,0,0,2022-06-16 19:20:17+08:00
0,0,0,0,0,0,2022-06-16 21:01:48+08:00
0,0,0,0,0,0,2022-06-16 21:02:08+08:00
0,0,0,0,0,0,2022-06-16 21:04:12+08:00
1,1,0,1,1,1,2022-06-17 09:59:54+08:00
0,0,0,0,0,0,2022-06-17 10:01:14+08:00
0,0,0,0,0,0,2022-06-17 10:01:53+08:00
0,0,0,0,0,0,2022-06-17 10:17:04+08:00
0,0,0,0,0,0,2022-06-17 10:20:30+08:00
0,0,0,0,0,0,2022-06-17 16:35:01+08:00
0,0,0,0,0,0,2022-06-20 10:14:38+08:00
0,0,0,0,0,0,2022-06-20 10:46:32+08:00
0,0,0,0,0,0,2022-06-20 11:04:04+08:00
1,1,0,1,1,1,2022-06-21 10:32:11+08:00
0,0,0,0,0,0,2022-06-21 10:38:51+08:00
0,0,0,0,0,0,2022-06-21 10:39:31+08:00
0,0,0,0,0,0,2022-06-21 10:48:33+08:00
0,0,0,0,0,0,2022-06-24 13:55:16+08:00
0,0,0,0,0,0,2022-06-24 13:56:09+08:00
