Acquisition,Preparation,Modeling,Training,Evaluation,Prediction,time
1,7,3,5,6,0,2020-09-20 19:45:43+10:00
0,0,0,0,0,0,2020-09-20 20:51:31+10:00
0,1,0,1,1,0,2020-09-21 19:04:40+10:00
0,0,0,0,0,0,2020-09-22 10:31:12+10:00
0,0,0,0,0,0,2020-10-02 14:57:23+10:00
0,0,0,0,0,0,2020-10-02 17:29:21+10:00
0,0,0,0,0,0,2020-10-02 18:10:42+10:00
0,0,0,0,0,0,2020-10-02 23:51:59+10:00
0,0,0,0,0,0,2020-10-03 00:11:18+10:00
0,0,0,0,0,0,2020-10-03 02:01:23+10:00
0,0,0,0,0,0,2020-10-03 18:17:07+10:00
1,1,0,1,1,0,2020-10-03 20:12:55+10:00
0,0,0,0,0,0,2020-10-05 17:32:50+11:00
0,0,0,0,0,0,2020-10-05 23:29:56+11:00
0,0,0,0,0,0,2020-10-06 00:07:42+11:00
1,1,0,1,1,0,2020-10-06 07:13:15+11:00
2,2,0,2,2,0,2020-10-06 14:37:47+11:00
0,0,0,0,0,0,2020-10-06 18:07:58+11:00
0,0,0,0,0,0,2020-10-06 18:38:01+11:00
0,0,0,0,0,0,2020-10-06 18:42:23+11:00
0,0,0,0,0,0,2020-10-06 19:02:01+11:00
1,1,0,1,1,0,2020-10-06 19:31:24+11:00
0,0,0,0,0,0,2020-10-06 19:31:36+11:00
2,2,0,2,2,0,2020-10-06 19:43:51+11:00
1,1,0,1,1,0,2020-10-06 20:15:55+11:00
1,2,0,1,2,0,2020-10-06 20:42:16+11:00
0,0,0,0,0,0,2020-10-06 20:52:24+11:00
1,1,0,1,1,0,2020-10-06 20:56:59+11:00
0,0,0,0,0,0,2020-10-06 20:58:17+11:00
0,0,0,0,0,0,2020-10-06 21:24:10+11:00
0,0,0,0,0,0,2020-10-06 21:57:06+11:00
0,0,0,0,0,0,2020-10-06 22:16:58+11:00
0,0,0,0,0,0,2020-10-06 22:20:53+11:00
0,0,0,0,0,0,2020-10-06 23:22:10+11:00
0,0,0,0,0,0,2020-10-06 23:45:48+11:00
0,0,0,0,0,0,2020-10-07 19:14:58+11:00
0,0,0,0,0,0,2020-10-08 10:19:18+11:00
0,0,0,0,0,0,2020-10-08 10:20:32+11:00
2,2,0,2,2,0,2020-10-08 15:33:18+11:00
0,0,0,0,0,0,2020-10-09 11:38:06+11:00
0,0,0,0,0,0,2020-10-09 16:55:22+11:00
0,0,0,0,0,0,2020-10-12 20:38:08+11:00
0,0,0,0,0,0,2020-10-13 01:55:49+11:00
0,0,0,0,0,0,2020-10-13 02:01:34+11:00
0,0,0,0,0,0,2020-10-13 02:02:41+11:00
0,0,0,0,0,0,2020-10-13 12:19:13+11:00
0,0,0,0,0,0,2020-10-13 14:21:28+11:00
0,0,0,0,0,0,2020-10-13 14:54:54+11:00
0,0,0,0,0,0,2020-10-13 18:19:22+11:00
0,0,0,0,0,0,2020-10-13 18:23:50+11:00
0,0,0,0,0,0,2020-10-13 18:56:22+11:00
0,0,0,0,0,0,2020-10-13 19:13:39+11:00
0,0,0,0,0,0,2020-10-13 19:35:14+11:00
0,0,0,0,0,0,2020-10-13 19:42:29+11:00
0,0,0,0,0,0,2020-10-13 20:53:54+11:00
0,0,0,0,0,0,2020-10-13 21:00:55+11:00
0,0,0,0,0,0,2020-10-13 21:09:27+11:00
0,0,0,0,0,0,2020-10-13 21:14:45+11:00
0,0,0,0,0,0,2020-10-13 22:04:21+11:00
0,0,0,0,0,0,2020-10-13 22:45:07+11:00
0,0,0,0,0,0,2020-10-13 23:20:10+11:00
0,0,0,0,0,0,2020-10-13 23:49:49+11:00
0,0,0,0,0,0,2020-10-13 23:56:44+11:00
0,0,0,0,0,0,2020-10-14 00:04:31+11:00
0,0,0,0,0,0,2020-10-14 00:10:41+11:00
0,0,0,0,0,0,2020-10-14 00:27:44+11:00
0,0,0,0,0,0,2020-10-14 11:08:30+11:00
1,3,0,1,2,0,2020-10-14 15:38:09+11:00
0,0,0,0,0,0,2020-10-14 15:52:50+11:00
1,1,0,1,1,0,2020-10-14 15:55:22+11:00
0,0,0,0,0,0,2020-10-14 16:07:30+11:00
0,0,0,0,0,0,2020-10-14 17:07:03+11:00
0,0,0,0,0,0,2020-10-14 17:10:01+11:00
1,1,0,1,1,0,2020-10-14 17:56:29+11:00
1,1,0,1,1,0,2020-10-14 19:00:42+11:00
0,0,0,0,0,0,2020-10-14 19:05:44+11:00
0,0,0,0,0,0,2020-10-14 19:28:22+11:00
0,0,0,0,0,0,2020-10-14 19:36:49+11:00
0,0,0,0,0,0,2020-10-14 19:40:17+11:00
0,0,0,0,0,0,2020-10-14 20:19:15+11:00
0,0,0,0,0,0,2020-10-14 20:22:52+11:00
1,1,0,1,1,0,2020-10-14 20:28:44+11:00
1,1,0,1,1,0,2020-10-14 20:42:49+11:00
0,0,0,0,0,0,2020-10-14 20:43:00+11:00
1,1,0,1,1,0,2020-10-14 20:53:54+11:00
1,1,0,1,1,0,2020-10-14 23:13:54+11:00
1,1,0,1,1,0,2020-10-14 23:24:15+11:00
1,1,0,1,1,0,2020-10-15 00:07:28+11:00
1,1,0,1,1,0,2020-10-15 00:44:02+11:00
0,0,0,0,0,0,2020-10-15 00:45:11+11:00
1,1,0,1,1,0,2020-10-15 00:51:05+11:00
1,1,0,1,1,0,2020-10-15 01:08:44+11:00
0,0,0,0,0,0,2020-10-15 09:50:54+11:00
1,1,0,1,1,0,2020-10-15 10:05:32+11:00
1,1,0,1,1,0,2020-10-15 10:36:38+11:00
2,2,0,1,1,0,2020-10-15 11:18:34+11:00
0,0,0,0,0,0,2020-10-15 11:24:07+11:00
0,0,0,0,0,0,2020-10-15 11:46:34+11:00
0,0,0,0,0,0,2020-10-15 14:45:44+11:00
0,0,0,0,0,0,2020-10-15 15:49:42+11:00
0,0,0,0,0,0,2020-10-15 15:49:52+11:00
1,1,0,1,1,0,2020-10-15 16:38:21+11:00
1,1,0,1,1,0,2020-10-15 17:46:37+11:00
0,0,0,0,0,0,2020-10-15 18:03:07+11:00
0,0,0,0,0,0,2020-10-15 20:18:28+11:00
1,1,0,1,1,0,2020-10-15 22:36:49+11:00
1,1,0,1,1,0,2020-10-16 00:43:17+11:00
1,1,0,1,1,0,2020-10-16 01:12:05+11:00
1,1,0,1,1,0,2020-10-16 11:29:13+11:00
1,1,0,1,1,0,2020-10-16 12:24:15+11:00
1,1,0,1,1,0,2020-10-16 13:36:26+11:00
0,0,0,0,0,0,2020-10-16 13:36:51+11:00
1,1,0,1,1,0,2020-10-16 14:02:52+11:00
2,3,0,2,3,0,2020-10-16 23:58:28+11:00
1,1,0,1,1,0,2020-10-17 00:06:34+11:00
1,1,0,1,1,0,2020-10-17 00:27:03+11:00
1,1,0,1,0,0,2020-10-17 10:15:54+11:00
0,0,0,0,0,0,2020-10-17 10:25:18+11:00
2,2,0,2,1,0,2020-10-17 11:00:23+11:00
1,1,0,1,0,0,2020-10-17 11:07:37+11:00
1,1,0,1,0,0,2020-10-17 11:26:43+11:00
1,1,1,1,1,0,2020-10-17 11:45:30+11:00
3,3,0,3,3,0,2020-10-17 12:10:01+11:00
0,0,0,0,0,0,2020-10-17 12:15:02+11:00
1,1,0,1,1,0,2020-10-17 12:23:55+11:00
1,1,0,1,1,0,2020-10-17 12:42:06+11:00
4,5,0,4,3,0,2020-10-17 18:49:02+11:00
1,1,0,1,1,0,2020-10-17 23:34:23+11:00
1,1,0,1,1,0,2020-10-18 00:08:38+11:00
0,0,0,0,0,0,2020-10-18 00:23:51+11:00
1,1,0,1,1,0,2020-10-18 01:33:25+11:00
0,0,0,0,0,0,2020-10-18 02:10:14+11:00
1,1,0,1,1,0,2020-10-18 03:24:22+11:00
1,1,0,1,1,0,2020-10-18 09:44:25+11:00
0,0,0,0,0,0,2020-10-18 09:46:42+11:00
2,2,0,2,2,0,2020-10-18 10:11:19+11:00
1,1,0,0,0,0,2020-10-18 10:37:23+11:00
1,1,0,0,0,0,2020-10-18 10:46:02+11:00
0,0,0,0,0,0,2020-10-18 10:48:35+11:00
0,0,0,0,0,0,2020-10-18 11:40:27+11:00
1,1,0,1,1,0,2020-10-18 13:09:38+11:00
1,1,0,1,1,0,2020-10-18 13:54:44+11:00
0,0,0,0,0,0,2020-10-18 15:25:45+11:00
0,0,0,0,0,0,2020-10-18 16:03:49+11:00
0,0,0,0,0,0,2020-10-18 19:26:15+11:00
0,0,0,0,0,0,2020-10-18 19:45:06+11:00
1,1,0,1,1,0,2020-10-18 21:04:59+11:00
1,1,0,1,1,0,2020-10-18 21:58:10+11:00
0,0,0,0,0,0,2020-10-19 21:40:41+11:00
0,0,0,0,0,0,2020-10-19 21:43:29+11:00
1,1,0,1,1,0,2020-10-19 22:57:29+11:00
1,1,0,1,1,0,2020-10-19 23:23:04+11:00
0,0,0,0,0,0,2020-10-20 00:12:18+11:00
1,1,0,1,1,0,2020-10-20 00:17:34+11:00
1,1,0,1,1,0,2020-10-20 00:58:36+11:00
0,0,0,0,0,0,2020-10-20 01:30:40+11:00
0,0,0,0,0,0,2020-10-20 01:53:04+11:00
1,1,0,1,1,0,2020-10-20 14:13:33+11:00
1,1,0,1,1,0,2020-10-20 14:40:56+11:00
1,1,0,1,1,0,2020-10-20 23:55:25+11:00
1,1,0,1,1,0,2020-10-21 00:22:51+11:00
1,1,0,1,1,0,2020-10-21 01:26:17+11:00
0,0,0,0,0,0,2020-10-21 02:03:57+11:00
0,0,0,0,0,0,2020-10-21 02:54:56+11:00
1,1,0,1,1,0,2020-10-22 18:26:46+11:00
1,1,0,1,1,0,2020-10-22 18:45:49+11:00
1,1,0,1,1,0,2020-10-22 22:01:21+11:00
1,1,0,1,1,0,2020-10-22 22:41:22+11:00
1,1,0,1,1,0,2020-10-22 22:58:13+11:00
1,1,0,1,1,0,2020-10-22 23:50:42+11:00
0,0,0,0,0,0,2020-10-22 23:51:35+11:00
0,0,0,0,0,0,2020-10-23 00:35:34+11:00
0,0,0,0,0,0,2020-10-23 08:02:14+11:00
0,0,0,0,0,0,2020-10-23 08:19:13+11:00
0,0,0,0,0,0,2020-10-23 08:33:10+11:00
0,0,0,0,0,0,2020-10-23 09:12:34+11:00
1,1,0,1,1,0,2020-10-23 09:40:30+11:00
1,1,0,1,1,0,2020-10-23 09:42:40+11:00
0,0,0,0,0,0,2020-10-23 11:18:54+11:00
0,0,0,0,0,0,2020-10-23 13:47:11+11:00
0,0,0,0,0,0,2020-10-23 13:50:03+11:00
0,0,0,0,0,0,2020-10-23 13:55:15+11:00
0,0,0,0,0,0,2020-10-23 14:00:36+11:00
0,0,0,0,0,0,2020-10-23 14:06:06+11:00
0,0,0,0,0,0,2020-10-23 14:16:07+11:00
0,0,0,0,0,0,2020-10-23 15:36:13+11:00
0,0,0,0,0,0,2020-10-23 17:50:42+11:00
0,0,0,0,0,0,2020-10-24 10:03:07+11:00
0,0,0,0,0,0,2021-03-14 22:17:15+11:00
0,0,0,0,0,0,2021-03-14 22:22:35+11:00
0,0,0,0,0,0,2021-03-15 13:46:47+11:00
0,0,0,0,0,0,2021-03-15 14:11:10+11:00
0,0,0,0,0,0,2021-03-15 16:37:54+11:00
0,0,0,0,0,0,2021-03-15 22:28:46+11:00
0,0,0,0,0,0,2021-03-15 22:51:56+11:00
0,0,0,0,0,0,2021-03-16 01:26:24+11:00
0,0,0,0,0,0,2021-03-17 18:56:54+11:00
0,0,0,0,0,0,2021-03-17 23:04:16+11:00
0,0,0,0,0,0,2021-03-18 00:17:07+11:00
0,0,0,0,0,0,2021-03-19 16:16:39+11:00
0,0,0,0,0,0,2021-03-19 17:03:53+11:00
0,0,0,0,0,0,2021-03-20 11:30:27+11:00
1,1,0,1,1,0,2021-03-20 20:45:18+11:00
1,1,0,1,1,0,2021-03-23 00:02:52+11:00
1,1,0,1,1,0,2021-03-23 15:49:33+11:00
0,0,0,0,0,0,2021-03-26 14:35:58+11:00
1,1,0,1,1,0,2021-03-26 15:39:25+11:00
1,1,0,1,1,0,2021-03-27 22:03:20+11:00
1,1,0,1,1,0,2021-03-29 19:43:32+11:00
1,1,0,1,1,0,2021-03-29 19:55:23+11:00
0,0,0,0,0,0,2021-03-30 14:06:11+11:00
1,1,0,1,1,0,2021-03-30 14:50:33+11:00
0,0,0,0,0,0,2021-03-30 22:59:21+11:00
0,0,0,0,0,0,2021-03-30 23:12:42+11:00
0,0,0,0,0,0,2021-03-31 00:18:32+11:00
0,0,0,0,0,0,2021-03-31 00:26:30+11:00
0,0,0,0,0,0,2021-03-31 13:32:25+11:00
0,0,0,0,0,0,2021-03-31 13:38:18+11:00
0,0,0,0,0,0,2021-03-31 18:30:51+11:00
0,0,0,0,0,0,2021-04-01 17:48:24+11:00
1,1,0,1,1,0,2021-04-01 17:48:57+11:00
0,0,0,0,0,0,2021-04-01 18:06:41+11:00
0,0,0,0,0,0,2021-04-01 20:55:10+11:00
1,1,0,1,1,0,2021-04-01 21:08:51+11:00
1,1,0,1,1,0,2021-04-01 21:11:53+11:00
0,0,0,0,0,0,2021-04-01 21:14:56+11:00
1,1,0,1,1,0,2021-04-01 21:38:46+11:00
1,1,0,1,1,0,2021-04-01 21:48:04+11:00
1,1,0,1,1,0,2021-04-01 23:58:25+11:00
1,1,0,1,1,0,2021-04-02 00:13:10+11:00
1,1,0,1,1,0,2021-04-02 00:20:13+11:00
0,0,0,0,0,0,2021-04-02 13:24:47+11:00
1,1,0,1,1,0,2021-04-02 14:53:40+11:00
1,1,0,1,1,0,2021-04-02 14:58:40+11:00
1,1,0,1,1,0,2021-04-02 15:09:09+11:00
4,4,0,4,3,0,2021-04-08 17:30:09+10:00
1,1,0,1,0,0,2021-04-11 14:31:26+10:00
3,3,0,3,1,0,2021-04-12 14:32:40+10:00
1,3,2,0,1,1,2021-04-12 15:15:48+10:00
1,1,0,0,0,0,2021-04-12 19:52:12+10:00
2,6,2,2,4,1,2021-04-12 20:38:30+10:00
5,10,1,5,4,0,2021-04-13 17:44:28+10:00
5,6,0,5,3,0,2021-04-14 14:56:01+10:00
2,2,0,2,1,0,2021-04-14 16:24:05+10:00
4,4,0,4,3,0,2021-04-14 17:30:07+10:00
0,0,0,0,0,0,2021-04-17 00:54:24+10:00
0,31,0,0,0,0,2021-04-21 12:00:06+10:00
0,0,0,0,0,0,2021-04-21 12:00:31+10:00
0,1,0,0,0,0,2021-04-21 12:10:43+10:00
0,1,0,0,0,0,2021-04-21 12:59:01+10:00
0,2,1,1,2,0,2021-04-21 13:34:44+10:00
0,16,0,0,0,0,2021-04-21 16:35:40+10:00
1,1,0,1,1,0,2021-04-23 09:28:26+10:00
4,4,0,4,3,0,2021-04-23 09:56:23+10:00
2,2,0,2,2,0,2021-04-23 21:03:08+10:00
0,0,0,0,0,0,2021-04-24 04:03:48+10:00
0,0,0,0,0,0,2021-04-24 14:13:47+10:00
5,5,0,5,5,0,2021-04-27 20:35:23+10:00
1,1,0,1,1,0,2021-04-27 21:02:09+10:00
0,0,0,0,0,0,2021-04-27 21:12:27+10:00
5,5,0,5,5,0,2021-04-29 01:00:43+10:00
0,0,0,0,0,0,2021-04-29 01:36:35+10:00
0,0,0,0,0,0,2021-04-29 01:38:26+10:00
0,0,0,0,0,0,2021-04-29 10:41:46+10:00
0,0,0,0,0,0,2021-04-29 10:56:46+10:00
0,0,0,0,0,0,2021-04-29 14:02:10+10:00
0,0,0,0,0,0,2021-04-29 14:14:04+10:00
0,0,0,0,0,0,2021-04-29 14:42:35+10:00
3,3,0,3,3,0,2021-04-29 15:00:14+10:00
1,1,0,1,1,0,2021-04-29 15:04:49+10:00
0,0,0,0,0,0,2021-04-29 15:50:36+10:00
1,1,0,1,1,0,2021-04-30 11:11:24+10:00
0,0,0,0,0,0,2021-04-30 11:11:32+10:00
1,1,0,0,0,0,2021-04-30 14:24:06+10:00
3,3,0,3,3,0,2021-04-30 15:32:41+10:00
2,33,0,0,0,0,2021-04-30 16:54:31+10:00
0,0,0,0,0,0,2021-04-30 17:01:06+10:00
1,4,0,0,0,0,2021-05-01 17:21:35+10:00
1,5,0,0,0,0,2021-05-01 17:39:44+10:00
1,0,0,0,0,0,2021-05-03 15:45:08+10:00
0,0,0,0,0,0,2021-05-08 23:01:59+10:00
0,0,0,0,0,0,2021-05-11 08:13:09+10:00
1,1,0,1,1,0,2021-05-12 11:05:57+10:00
0,0,0,0,0,0,2021-05-12 11:06:09+10:00
5,5,0,5,5,0,2021-05-12 12:37:10+10:00
2,2,0,2,2,0,2021-05-12 12:58:00+10:00
2,2,0,2,2,0,2021-05-12 13:52:41+10:00
1,1,0,1,1,0,2021-05-15 12:14:31+10:00
0,10,0,0,0,0,2021-05-15 12:15:08+10:00
0,5,0,0,0,0,2021-05-16 12:26:39+10:00
4,4,0,4,4,0,2021-05-21 00:06:55+10:00
0,0,0,0,0,0,2021-05-21 00:09:54+10:00
3,3,0,3,3,0,2021-05-21 00:23:02+10:00
2,2,0,2,2,0,2021-05-21 19:58:34+10:00
5,9,2,5,6,0,2021-05-23 15:59:16+10:00
0,0,0,0,0,0,2021-05-23 15:59:25+10:00
0,25,0,0,0,0,2021-05-23 16:46:31+10:00
0,25,0,0,0,0,2021-05-23 18:24:10+10:00
1,0,0,0,0,0,2021-05-24 14:24:14+10:00
0,2,0,0,0,0,2021-05-25 00:33:27+10:00
2,2,0,2,2,0,2021-05-25 22:46:10+10:00
0,0,0,0,0,0,2021-05-25 22:59:45+10:00
0,5,0,0,0,0,2021-05-25 23:50:44+10:00
1,17,0,0,0,0,2021-05-29 13:24:37+10:00
0,0,0,0,0,0,2021-05-29 14:08:10+10:00
0,0,0,0,0,0,2021-06-14 13:52:55+10:00
0,1,0,0,1,0,2021-06-14 14:55:46+10:00
0,1,0,0,1,0,2021-06-15 13:46:31+10:00
0,0,0,0,1,0,2021-06-15 13:52:14+10:00
0,0,0,0,0,0,2021-06-16 12:10:07+10:00
0,1,0,0,0,0,2021-06-18 16:44:13+10:00
0,0,0,0,0,0,2021-06-19 15:31:52+10:00
0,12,0,0,0,0,2021-06-19 17:44:25+10:00
1,1,0,0,0,0,2021-06-26 20:38:18+10:00
0,0,0,0,0,0,2021-06-26 21:34:45+10:00
1,10,0,0,0,0,2021-06-27 16:12:59+10:00
0,10,0,0,0,0,2021-07-12 15:20:45+10:00
0,12,0,0,0,0,2021-08-23 00:17:34+10:00
0,0,0,0,0,0,2022-01-19 17:16:36+11:00
1,0,0,0,0,0,2022-01-19 17:48:40+11:00
6,11,4,8,9,0,2022-01-19 22:17:08+11:00
7,9,0,6,6,0,2022-01-22 22:46:25+11:00
5,10,1,6,2,0,2022-01-24 19:08:40+11:00
2,3,0,3,1,0,2022-01-25 14:10:14+11:00
1,1,0,1,0,0,2022-01-25 14:48:16+11:00
1,1,0,1,0,0,2022-01-25 15:05:32+11:00
0,0,0,0,0,0,2022-01-25 15:36:25+11:00
3,3,0,3,1,0,2022-01-25 20:21:25+11:00
1,0,0,0,0,0,2022-01-25 20:48:39+11:00
1,4,0,0,0,0,2022-01-27 17:29:39+11:00
1,2,1,0,0,0,2022-01-27 19:14:10+11:00
0,2,1,0,0,0,2022-01-28 11:03:24+11:00
0,0,0,1,1,0,2022-01-28 11:12:29+11:00
4,6,0,4,1,0,2022-01-28 15:12:51+11:00
1,1,0,0,0,0,2022-01-28 16:41:14+11:00
0,0,0,0,0,0,2022-01-28 16:54:03+11:00
0,0,0,0,0,0,2022-01-28 16:56:31+11:00
2,2,0,2,0,0,2022-01-28 17:27:07+11:00
1,1,0,1,0,0,2022-01-28 20:11:28+11:00
1,1,0,1,0,0,2022-01-29 12:34:54+11:00
0,0,0,0,0,0,2022-01-30 10:11:41+11:00
0,0,0,0,0,0,2022-02-02 14:02:03+11:00
3,15,0,0,0,0,2022-02-03 18:09:08+11:00
0,1,0,0,0,0,2022-02-04 18:26:17+11:00
0,1,0,0,0,0,2022-02-08 14:03:13+11:00
0,1,0,0,0,0,2022-02-08 15:59:09+11:00
1,1,0,0,0,0,2022-02-21 17:50:06+11:00
0,0,0,0,0,0,2022-02-23 18:02:23+11:00
0,0,0,0,0,0,2022-02-23 19:22:52+11:00
0,0,0,0,0,0,2022-02-24 13:48:01+11:00
0,0,0,0,0,0,2022-02-24 14:52:26+11:00
0,0,0,0,0,0,2022-03-03 16:03:30+11:00
