Acquisition,Preparation,Modeling,Training,Evaluation,Prediction,time
0,0,0,0,0,0,2020-11-15 15:58:28+08:00
0,0,0,0,0,0,2020-11-20 17:18:04+08:00
0,0,0,0,0,0,2020-11-20 17:18:27+08:00
0,0,0,0,0,0,2020-11-21 11:14:08+08:00
0,1,0,0,0,0,2020-11-21 13:29:41+08:00
1,2,0,0,0,0,2020-11-21 21:57:29+08:00
2,2,0,0,0,0,2020-11-21 23:27:02+08:00
1,0,0,0,0,0,2020-11-22 00:11:35+08:00
0,1,0,0,0,0,2020-11-22 14:04:49+08:00
0,3,0,0,0,0,2020-11-22 15:56:38+08:00
0,2,0,0,0,0,2020-11-22 16:03:50+08:00
0,1,0,0,0,0,2020-11-22 16:26:14+08:00
0,2,0,0,0,0,2020-11-22 20:33:18+08:00
0,1,0,0,0,0,2020-11-22 20:34:51+08:00
0,0,0,0,0,0,2020-11-23 11:37:29+08:00
1,0,0,0,0,0,2020-11-29 00:57:30+08:00
1,1,0,0,0,0,2020-11-29 10:46:21+08:00
0,0,0,0,0,0,2020-11-29 11:19:32+08:00
0,0,0,0,0,0,2020-11-29 11:32:34+08:00
1,0,0,0,0,0,2020-11-29 14:43:45+08:00
0,0,0,0,0,0,2020-11-29 14:44:38+08:00
1,1,0,0,0,0,2020-11-29 17:56:32+08:00
2,2,0,0,0,0,2020-11-29 18:08:58+08:00
0,0,0,0,0,0,2020-11-29 20:06:21+08:00
1,0,0,0,0,0,2020-11-29 20:06:51+08:00
2,2,0,0,0,0,2020-11-29 23:39:00+08:00
6,4,0,0,0,0,2020-11-30 20:17:11+08:00
0,0,0,0,0,0,2020-11-30 20:17:18+08:00
0,0,0,0,0,0,2020-11-30 20:36:43+08:00
1,0,0,0,0,0,2020-11-30 20:40:21+08:00
0,0,0,0,0,0,2020-11-30 20:53:19+08:00
0,0,0,0,0,0,2020-11-30 21:44:15+08:00
0,0,0,0,0,0,2020-11-30 21:44:29+08:00
1,1,0,0,0,0,2020-12-01 01:27:56+08:00
1,1,0,0,0,0,2020-12-01 01:28:45+08:00
0,0,0,0,0,0,2020-12-01 01:30:15+08:00
1,1,0,0,0,0,2020-12-01 01:35:28+08:00
0,0,0,0,0,0,2020-12-01 01:39:02+08:00
1,1,0,0,0,0,2020-12-01 02:43:41+08:00
2,1,0,0,0,0,2020-12-01 09:31:44+08:00
2,1,0,0,0,0,2020-12-01 10:01:34+08:00
1,1,0,0,0,0,2020-12-01 10:24:49+08:00
1,1,0,0,0,0,2020-12-01 10:30:11+08:00
1,0,0,0,0,0,2020-12-01 10:34:30+08:00
1,0,0,0,0,0,2020-12-01 13:25:01+08:00
1,0,0,0,0,0,2020-12-01 16:06:01+08:00
2,1,0,0,0,0,2020-12-01 16:07:53+08:00
1,1,0,1,0,1,2020-12-01 21:52:35+08:00
2,1,0,0,0,0,2020-12-02 11:07:32+08:00
3,2,0,0,0,0,2020-12-02 11:09:57+08:00
0,0,0,0,0,0,2020-12-02 11:10:19+08:00
0,0,0,0,0,0,2020-12-02 11:10:39+08:00
2,1,0,0,0,0,2020-12-02 12:12:58+08:00
1,0,1,1,1,1,2020-12-02 20:01:28+08:00
1,0,1,1,1,1,2020-12-02 20:15:48+08:00
1,0,1,1,1,1,2020-12-02 20:16:34+08:00
0,0,0,0,0,0,2020-12-02 20:16:39+08:00
1,0,0,0,0,0,2020-12-02 20:25:47+08:00
0,0,0,0,0,0,2020-12-02 20:26:12+08:00
1,0,1,1,1,1,2020-12-02 20:29:14+08:00
0,0,0,0,0,0,2020-12-02 20:29:22+08:00
1,0,0,0,0,0,2020-12-02 20:30:00+08:00
1,0,0,0,0,0,2020-12-02 20:33:18+08:00
1,0,0,0,0,0,2020-12-02 20:51:41+08:00
1,0,0,0,0,0,2020-12-02 20:53:18+08:00
1,0,1,1,1,1,2020-12-02 20:54:27+08:00
1,0,0,0,0,0,2020-12-02 21:36:18+08:00
0,0,0,0,0,0,2020-12-02 22:13:51+08:00
0,0,0,0,0,0,2020-12-02 22:14:05+08:00
1,0,0,0,0,0,2020-12-02 23:44:12+08:00
1,1,0,1,0,1,2020-12-03 10:19:27+08:00
1,1,0,1,0,1,2020-12-03 10:21:22+08:00
1,1,0,1,0,1,2020-12-03 10:22:47+08:00
3,2,0,0,0,0,2020-12-03 10:54:34+08:00
2,1,1,1,1,1,2020-12-03 10:55:58+08:00
0,0,0,0,0,0,2020-12-03 10:57:09+08:00
0,0,0,0,0,0,2020-12-03 10:59:04+08:00
2,0,2,2,2,2,2020-12-03 11:04:11+08:00
1,1,0,1,0,1,2020-12-03 14:25:01+08:00
1,1,0,1,0,1,2020-12-03 14:25:33+08:00
1,1,1,1,1,1,2020-12-03 14:40:33+08:00
0,0,0,0,0,0,2020-12-03 14:40:54+08:00
1,0,1,1,1,1,2020-12-03 15:34:46+08:00
1,1,1,1,1,1,2020-12-03 22:17:21+08:00
1,0,1,1,1,1,2020-12-12 18:32:12+08:00
1,0,1,1,1,1,2020-12-12 19:38:39+08:00
1,0,1,1,1,1,2020-12-12 20:59:04+08:00
1,0,1,1,1,1,2020-12-13 14:12:01+08:00
1,0,0,0,0,0,2020-12-13 14:14:57+08:00
1,0,1,0,0,1,2020-12-13 14:30:10+08:00
1,0,1,0,0,1,2020-12-13 15:12:31+08:00
1,0,1,1,1,1,2020-12-13 15:13:06+08:00
1,0,1,1,1,1,2020-12-13 15:20:17+08:00
1,1,1,1,1,1,2020-12-13 15:48:17+08:00
0,0,0,0,0,0,2020-12-14 13:14:39+08:00
1,0,1,1,1,1,2020-12-14 14:33:41+08:00
1,0,1,1,1,1,2020-12-14 15:34:40+08:00
1,1,1,1,1,1,2020-12-14 18:19:34+08:00
0,0,0,0,0,0,2020-12-14 18:19:53+08:00
1,1,1,1,1,1,2020-12-14 19:38:40+08:00
1,1,1,1,1,1,2020-12-14 19:44:11+08:00
1,1,1,1,1,1,2020-12-14 19:50:17+08:00
1,1,1,1,1,1,2020-12-14 19:56:39+08:00
1,1,1,1,1,1,2020-12-14 20:17:21+08:00
0,0,0,0,0,0,2020-12-14 20:17:51+08:00
1,1,1,1,1,1,2020-12-14 20:54:55+08:00
0,0,0,0,0,0,2020-12-14 20:54:59+08:00
0,0,0,0,0,0,2020-12-14 20:56:13+08:00
0,0,0,0,0,0,2020-12-14 20:56:47+08:00
1,1,1,0,0,1,2020-12-14 23:37:57+08:00
1,1,1,0,0,1,2020-12-15 01:10:03+08:00
1,1,1,0,0,1,2020-12-15 01:18:20+08:00
1,1,1,0,0,0,2020-12-15 13:33:05+08:00
0,0,0,0,0,0,2020-12-15 13:33:32+08:00
1,1,1,0,0,0,2020-12-15 13:33:57+08:00
1,1,1,0,0,0,2020-12-15 14:47:43+08:00
1,1,1,0,0,1,2020-12-15 16:30:55+08:00
1,1,1,1,1,1,2020-12-15 19:17:34+08:00
3,3,3,1,1,2,2020-12-15 21:46:54+08:00
1,1,1,0,0,1,2020-12-15 21:48:08+08:00
1,1,1,0,0,1,2020-12-15 21:48:48+08:00
1,1,1,0,0,1,2020-12-15 21:57:54+08:00
1,1,1,0,0,1,2020-12-15 22:01:30+08:00
1,1,1,0,0,1,2020-12-15 22:02:08+08:00
0,0,0,0,0,0,2020-12-15 22:02:12+08:00
1,1,1,0,0,1,2020-12-15 22:03:26+08:00
1,1,1,0,0,1,2020-12-15 22:17:48+08:00
1,1,1,0,0,1,2020-12-15 23:17:58+08:00
1,1,1,1,1,1,2020-12-15 23:18:20+08:00
1,1,1,0,0,1,2020-12-15 23:19:41+08:00
1,1,1,0,0,1,2020-12-15 23:30:16+08:00
1,1,1,0,1,1,2020-12-15 23:46:55+08:00
1,1,1,0,1,1,2020-12-15 23:50:46+08:00
1,1,0,1,0,1,2020-12-15 23:57:24+08:00
9,9,0,9,0,9,2020-12-16 00:03:27+08:00
5,5,2,0,1,2,2020-12-16 19:04:45+08:00
0,0,0,0,0,0,2020-12-16 19:04:58+08:00
1,1,0,0,0,0,2020-12-16 20:16:08+08:00
1,1,0,0,0,0,2020-12-16 20:23:54+08:00
1,0,0,0,0,0,2020-12-16 20:26:33+08:00
1,1,0,0,0,0,2020-12-16 20:31:28+08:00
1,1,0,0,0,0,2020-12-16 20:33:24+08:00
1,1,1,1,1,1,2020-12-16 21:18:38+08:00
1,1,1,1,1,1,2020-12-16 22:23:38+08:00
7,7,3,2,3,3,2020-12-18 17:49:55+08:00
4,5,0,0,0,0,2020-12-18 20:28:54+08:00
0,0,0,0,0,0,2020-12-18 20:29:52+08:00
2,2,1,1,1,1,2020-12-18 20:30:40+08:00
1,1,0,0,0,0,2020-12-18 20:31:35+08:00
1,1,1,1,1,1,2020-12-18 20:31:52+08:00
1,1,0,0,0,0,2020-12-18 20:36:42+08:00
2,2,1,1,1,1,2020-12-18 20:51:11+08:00
0,0,0,0,0,0,2020-12-18 21:18:30+08:00
0,0,0,0,0,0,2020-12-18 21:19:53+08:00
0,0,0,0,0,0,2020-12-18 21:24:14+08:00
0,0,0,0,0,0,2020-12-18 21:24:30+08:00
2,2,0,0,0,0,2020-12-18 22:31:35+08:00
0,0,0,0,0,0,2020-12-18 22:36:53+08:00
2,2,0,0,0,0,2020-12-18 22:39:59+08:00
