Acquisition,Preparation,Modeling,Training,Evaluation,Prediction,time
0,0,0,0,0,0,2018-08-01 17:16:33+08:00
0,0,0,0,0,0,2018-08-01 17:24:13+08:00
0,0,0,0,0,0,2018-08-01 17:26:25+08:00
0,0,0,0,0,0,2018-08-01 17:27:53+08:00
0,0,0,0,0,0,2018-08-01 17:28:18+08:00
0,0,0,0,0,0,2018-08-01 17:28:42+08:00
0,0,0,0,0,0,2018-08-01 17:29:02+08:00
0,0,0,0,0,0,2018-08-01 17:34:04+08:00
0,0,0,0,0,0,2018-08-03 11:37:06+08:00
0,0,0,0,0,0,2018-08-03 11:37:38+08:00
0,0,0,0,0,0,2018-08-03 11:38:48+08:00
0,0,0,0,0,0,2018-08-03 12:04:32+08:00
0,0,0,0,0,0,2018-08-03 12:06:26+08:00
0,0,0,0,0,0,2018-08-03 12:22:47+08:00
0,0,0,0,0,0,2018-08-03 12:23:43+08:00
0,0,0,0,0,0,2018-08-03 12:31:12+08:00
0,0,0,0,0,0,2018-08-04 06:51:34+08:00
0,0,0,0,0,0,2018-08-04 06:53:37+08:00
0,1,1,0,0,0,2018-08-12 15:51:42+08:00
1,2,2,0,0,0,2018-08-12 20:35:49+08:00
0,1,1,0,0,0,2018-08-12 20:37:44+08:00
1,1,1,0,0,0,2018-08-12 21:03:06+08:00
0,0,0,0,0,0,2018-08-12 21:19:03+08:00
2,2,2,0,0,0,2018-08-14 01:05:58+08:00
0,0,0,0,0,0,2018-08-14 01:12:26+08:00
0,0,1,1,0,1,2018-08-16 22:08:41+08:00
1,0,1,1,0,1,2018-08-19 19:36:07+08:00
1,0,1,1,0,1,2018-08-19 19:40:24+08:00
0,0,0,0,0,0,2018-10-07 09:37:48+08:00
0,0,0,0,0,0,2018-10-07 09:39:54+08:00
0,0,0,0,0,0,2018-10-07 09:48:39+08:00
3,2,3,1,0,1,2018-10-07 09:53:24+08:00
3,2,3,1,0,1,2018-10-07 10:02:38+08:00
1,1,1,0,0,0,2018-10-12 22:20:45+08:00
1,1,1,0,0,0,2018-10-13 14:27:36+08:00
0,0,1,0,0,0,2018-10-25 20:41:14+08:00
3,6,7,1,0,1,2018-10-27 15:47:32+08:00
0,6,6,0,0,0,2018-10-28 03:16:54+08:00
0,6,7,0,0,0,2018-10-29 14:37:10+08:00
0,1,1,0,0,0,2018-10-30 13:22:41+08:00
0,1,1,0,0,0,2018-10-30 13:26:55+08:00
2,1,2,1,0,1,2018-11-01 23:37:00+08:00
1,0,1,1,0,1,2018-11-04 01:11:57+08:00
1,2,2,0,0,0,2018-12-04 23:22:43+08:00
3,1,2,1,0,1,2018-12-07 18:31:54+08:00
1,1,1,0,0,0,2018-12-07 18:53:20+08:00
3,2,3,1,0,1,2018-12-11 22:28:16+08:00
1,0,1,1,0,1,2018-12-17 15:03:31+08:00
0,1,0,0,0,0,2018-12-18 03:29:29+08:00
1,1,1,0,0,0,2018-12-18 03:40:05+08:00
0,1,0,0,0,0,2018-12-19 01:46:22+08:00
0,1,0,0,0,0,2018-12-19 13:13:51+08:00
0,1,1,0,0,0,2019-02-18 21:30:32+08:00
0,1,1,0,0,0,2019-02-20 19:48:35+08:00
0,0,0,0,0,0,2019-03-08 20:15:14+08:00
0,0,0,0,0,0,2019-03-08 20:21:02+08:00
0,0,0,0,0,0,2019-03-22 18:16:41+08:00
1,4,4,0,0,0,2019-03-23 18:54:22+08:00
0,0,0,0,0,0,2019-03-23 18:58:45+08:00
0,0,0,0,0,0,2019-04-10 23:26:03+08:00
1,1,1,0,0,0,2019-04-10 23:29:45+08:00
0,1,1,0,0,0,2019-05-01 21:16:31+08:00
0,1,1,0,0,0,2019-05-01 21:27:16+08:00
0,1,1,0,0,0,2019-05-01 21:50:04+08:00
3,1,2,1,0,1,2019-05-07 18:57:18+08:00
3,3,3,1,0,2,2019-05-16 18:52:44+08:00
3,4,5,1,0,1,2019-06-10 22:27:06+08:00
0,1,1,0,0,0,2019-06-28 18:33:56+08:00
1,8,8,0,0,0,2019-07-11 00:53:47+08:00
1,1,3,1,0,2,2019-07-11 00:59:58+08:00
0,1,1,0,0,0,2019-07-16 12:59:26+08:00
3,1,2,1,0,1,2019-09-07 09:03:53+08:00
0,1,0,0,0,0,2019-12-09 20:27:02+08:00
0,1,0,0,0,0,2019-12-31 11:27:19+08:00
3,5,5,1,0,2,2020-07-06 12:25:47+08:00
3,1,2,1,0,1,2020-07-06 13:22:13+08:00
3,4,5,1,0,2,2020-08-15 18:41:17+08:00
3,5,4,1,0,1,2020-10-15 02:58:36+08:00
1,4,3,0,0,0,2020-10-29 07:07:21+08:00
0,1,0,0,0,0,2020-11-04 04:49:19+08:00
0,1,0,0,0,0,2020-11-10 18:48:58+08:00
3,6,5,1,0,1,2021-01-24 19:03:41+08:00
1,1,1,0,0,0,2021-01-24 22:15:48+08:00
1,1,1,0,0,0,2021-01-24 22:44:08+08:00
1,2,2,0,0,0,2021-01-25 23:58:38+08:00
0,1,1,0,0,0,2021-01-26 16:44:20+08:00
1,1,1,0,0,0,2021-01-28 20:37:56+08:00
1,1,1,0,0,0,2021-01-29 01:50:46+08:00
1,6,4,0,0,0,2021-02-13 19:17:12+08:00
0,1,0,0,0,0,2021-02-13 19:26:03+08:00
0,1,1,0,0,0,2021-02-14 18:26:04+08:00
3,8,7,1,0,3,2021-04-20 00:05:46+08:00
1,1,1,0,0,1,2021-04-24 18:47:05+08:00
1,1,1,0,0,1,2021-04-24 18:58:17+08:00
1,1,1,0,0,1,2021-04-28 07:14:54+08:00
5,11,7,2,2,5,2021-05-02 23:43:35+08:00
0,2,2,0,0,0,2021-05-09 04:25:08+08:00
0,1,1,0,0,0,2021-05-09 08:20:24+08:00
1,5,5,0,0,1,2021-05-20 18:29:07+08:00
1,5,5,0,0,1,2021-05-29 05:10:22+08:00
1,6,5,0,0,2,2021-07-21 00:30:32+08:00
0,2,1,0,0,0,2021-08-05 04:25:19+08:00
