Acquisition,Preparation,Modeling,Training,Evaluation,Prediction,time
0,0,0,0,0,0,2019-10-16 09:51:55-03:00
0,0,0,0,0,0,2019-10-16 10:33:42-03:00
0,0,0,0,0,0,2019-10-16 11:07:50-03:00
0,0,0,0,0,0,2019-10-16 11:08:40-03:00
0,0,0,0,0,0,2019-11-02 23:50:16-03:00
0,0,0,0,0,0,2019-11-04 01:38:03-03:00
0,0,0,0,0,0,2019-11-04 01:45:33-03:00
0,0,0,0,0,0,2019-11-04 01:47:24-03:00
0,0,0,0,0,0,2019-11-04 01:48:04-03:00
0,0,0,0,0,0,2019-11-04 01:48:59-03:00
0,0,0,0,0,0,2019-11-05 00:37:57-03:00
0,0,0,0,0,0,2019-11-09 01:51:10-03:00
0,0,0,0,0,0,2019-11-09 02:17:56-03:00
0,0,0,0,0,0,2019-11-09 02:21:57-03:00
0,0,0,0,0,0,2019-11-09 02:23:14-03:00
0,0,0,0,0,0,2019-11-09 02:24:57-03:00
0,0,0,0,0,0,2019-11-09 02:28:30-03:00
0,0,0,0,0,0,2019-11-09 02:41:31-03:00
0,0,0,0,0,0,2019-11-09 02:52:20-03:00
0,0,0,0,0,0,2019-11-09 02:56:06-03:00
0,0,0,0,0,0,2019-11-09 02:58:44-03:00
0,0,0,0,0,0,2019-11-09 14:00:01-03:00
0,0,0,0,0,0,2019-11-09 14:05:56-03:00
0,0,0,0,0,0,2019-11-27 23:59:51-03:00
0,0,0,0,0,0,2019-11-28 00:09:14-03:00
0,0,0,0,0,0,2019-12-04 22:19:31-03:00
0,0,0,0,0,0,2019-12-04 23:31:02-03:00
0,0,0,0,0,0,2019-12-05 01:10:41-03:00
0,0,0,0,0,0,2019-12-05 01:12:27-03:00
0,0,0,0,0,0,2019-12-05 01:15:56-03:00
0,0,0,0,0,0,2019-12-14 12:18:12-03:00
0,0,0,0,0,0,2019-12-18 00:34:39-03:00
0,0,0,0,0,0,2019-12-18 00:44:43-03:00
0,0,0,0,0,0,2020-03-08 00:46:23-03:00
0,0,0,0,0,0,2020-03-08 00:46:56-03:00
0,0,0,0,0,0,2020-03-08 00:52:29-03:00
0,0,0,0,0,0,2020-03-08 20:26:03-03:00
0,0,0,0,0,0,2020-03-08 20:51:59-03:00
0,0,0,0,0,0,2020-03-09 00:12:47-03:00
0,0,0,0,0,0,2020-03-09 00:16:46-03:00
0,0,0,0,0,0,2020-03-09 01:25:45-03:00
0,0,0,0,0,0,2020-03-09 01:34:22-03:00
0,0,0,0,0,0,2020-03-09 10:47:15-03:00
0,0,0,0,0,0,2020-03-09 12:18:57-03:00
0,0,0,0,0,0,2020-03-09 12:20:01-03:00
0,0,0,0,0,0,2020-03-09 12:31:34-03:00
0,0,0,0,0,0,2020-03-09 12:55:55-03:00
0,0,0,0,0,0,2020-03-09 14:53:17-03:00
0,0,0,0,0,0,2020-03-09 15:22:09-03:00
0,0,0,0,0,0,2020-03-09 15:23:45-03:00
0,0,0,0,0,0,2020-03-09 15:34:54-03:00
0,0,0,0,0,0,2020-03-09 16:15:51-03:00
0,0,0,0,0,0,2020-03-09 16:18:40-03:00
0,0,0,0,0,0,2020-03-09 19:39:27-03:00
0,0,0,0,0,0,2020-03-10 00:09:25-03:00
0,0,0,0,0,0,2020-03-10 00:12:45-03:00
0,0,0,0,0,0,2020-03-11 20:18:16-03:00
0,0,0,0,0,0,2020-03-14 23:41:15-03:00
0,0,0,0,0,0,2020-03-15 02:50:25-03:00
0,0,0,0,0,0,2020-03-15 02:54:42-03:00
0,0,0,0,0,0,2020-03-15 02:58:28-03:00
0,0,0,0,0,0,2020-03-15 03:00:00-03:00
0,0,0,0,0,0,2020-03-15 03:06:20-03:00
0,0,0,0,0,0,2020-03-15 03:10:59-03:00
0,0,0,0,0,0,2020-03-15 03:18:52-03:00
0,0,0,0,0,0,2020-03-15 03:23:33-03:00
0,0,0,0,0,0,2020-03-15 03:30:27-03:00
0,0,0,0,0,0,2020-03-15 23:23:05-03:00
0,0,0,0,0,0,2020-03-15 23:41:24-03:00
0,0,0,0,0,0,2020-03-15 23:46:05-03:00
0,0,0,0,0,0,2020-03-15 23:51:29-03:00
0,0,0,0,0,0,2020-03-15 23:55:08-03:00
0,0,0,0,0,0,2020-03-15 23:56:22-03:00
0,0,0,0,0,0,2020-03-16 00:01:43-03:00
0,0,0,0,0,0,2020-03-16 00:05:10-03:00
0,0,0,0,0,0,2020-03-16 00:14:47-03:00
0,0,0,0,0,0,2020-03-16 00:30:36-03:00
0,0,0,0,0,0,2020-03-16 00:32:26-03:00
0,0,0,0,0,0,2020-03-16 00:42:49-03:00
0,0,0,0,0,0,2020-03-16 00:46:52-03:00
0,0,0,0,0,0,2020-03-16 00:51:39-03:00
0,0,0,0,0,0,2020-03-16 00:56:25-03:00
0,0,0,0,0,0,2020-03-16 01:10:03-03:00
0,0,0,0,0,0,2020-03-16 01:24:04-03:00
0,0,0,0,0,0,2020-03-16 01:26:47-03:00
0,0,0,0,0,0,2020-03-16 01:32:26-03:00
0,0,0,0,0,0,2020-03-16 01:34:30-03:00
0,0,0,0,0,0,2020-03-16 01:37:03-03:00
0,0,0,0,0,0,2020-03-16 01:47:07-03:00
0,0,0,0,0,0,2020-03-16 01:50:35-03:00
0,0,0,0,0,0,2020-03-16 01:52:16-03:00
0,0,0,0,0,0,2020-03-16 01:54:18-03:00
0,0,0,0,0,0,2020-03-16 02:03:12-03:00
0,0,0,0,0,0,2020-03-16 02:05:06-03:00
0,0,0,0,0,0,2020-03-16 02:06:51-03:00
0,0,0,0,0,0,2020-03-16 02:13:08-03:00
0,0,0,0,0,0,2020-03-16 02:14:42-03:00
0,0,0,0,0,0,2020-03-16 02:17:16-03:00
0,0,0,0,0,0,2020-03-16 02:24:07-03:00
0,0,0,0,0,0,2020-03-16 02:24:48-03:00
0,0,0,0,0,0,2020-03-16 02:30:53-03:00
0,0,0,0,0,0,2020-03-16 02:36:12-03:00
0,0,0,0,0,0,2020-03-16 02:41:34-03:00
0,0,0,0,0,0,2020-03-16 02:43:13-03:00
0,0,0,0,0,0,2020-03-16 02:44:15-03:00
0,0,0,0,0,0,2020-03-16 02:45:33-03:00
0,0,0,0,0,0,2020-03-16 02:48:06-03:00
0,0,0,0,0,0,2020-03-16 02:48:46-03:00
0,0,0,0,0,0,2020-03-16 02:51:05-03:00
0,0,0,0,0,0,2020-03-16 02:55:47-03:00
0,0,0,0,0,0,2020-03-16 14:34:17-03:00
0,0,0,0,0,0,2020-03-16 17:34:51-03:00
0,0,0,0,0,0,2020-03-16 17:44:59-03:00
0,0,0,0,0,0,2020-03-16 17:52:31-03:00
0,0,0,0,0,0,2020-03-16 17:58:42-03:00
0,0,0,0,0,0,2020-03-16 18:03:39-03:00
0,0,0,0,0,0,2020-03-16 20:44:11-03:00
0,0,0,0,0,0,2020-03-16 21:11:41-03:00
0,0,0,0,0,0,2020-03-16 21:26:31-03:00
0,0,0,0,0,0,2020-03-16 21:38:32-03:00
0,0,0,0,0,0,2020-03-16 22:03:13-03:00
0,0,0,0,0,0,2020-03-16 22:11:18-03:00
0,0,0,0,0,0,2020-03-16 22:17:23-03:00
0,0,0,0,0,0,2020-03-16 22:23:22-03:00
0,0,0,0,0,0,2020-03-16 23:51:22-03:00
0,0,0,0,0,0,2020-03-16 23:57:48-03:00
0,0,0,0,0,0,2020-03-17 00:03:19-03:00
0,0,0,0,0,0,2020-03-17 00:07:22-03:00
0,0,0,0,0,0,2020-03-17 00:08:59-03:00
0,0,0,0,0,0,2020-03-17 00:26:48-03:00
0,0,0,0,0,0,2020-03-17 00:30:59-03:00
0,0,0,0,0,0,2020-03-17 00:35:13-03:00
0,0,0,0,0,0,2020-03-17 00:36:16-03:00
0,0,0,0,0,0,2020-03-17 00:48:08-03:00
0,0,0,0,0,0,2020-03-17 00:55:52-03:00
0,0,0,0,0,0,2020-03-17 01:02:36-03:00
0,0,0,0,0,0,2020-03-17 01:06:58-03:00
0,0,0,0,0,0,2020-03-17 01:19:32-03:00
0,0,0,0,0,0,2020-03-17 01:23:00-03:00
0,0,0,0,0,0,2020-03-17 01:26:02-03:00
0,0,0,0,0,0,2020-03-17 01:31:08-03:00
0,0,0,0,0,0,2020-03-17 01:40:26-03:00
0,0,0,0,0,0,2020-03-17 01:44:35-03:00
0,0,0,0,0,0,2020-03-17 01:46:15-03:00
0,0,0,0,0,0,2020-03-17 01:51:58-03:00
0,0,0,0,0,0,2020-03-17 01:56:17-03:00
0,0,0,0,0,0,2020-03-17 02:03:17-03:00
0,0,0,0,0,0,2020-03-17 02:11:09-03:00
0,0,0,0,0,0,2020-03-17 15:34:04-03:00
0,0,0,0,0,0,2020-03-17 15:44:20-03:00
0,0,0,0,0,0,2020-03-21 22:36:26-03:00
0,0,0,0,0,0,2020-03-21 22:44:23-03:00
0,0,0,0,0,0,2020-03-22 19:57:54-03:00
0,0,0,0,0,0,2020-03-22 20:08:05-03:00
0,0,0,0,0,0,2020-03-22 21:31:34-03:00
0,0,0,0,0,0,2020-03-22 21:34:54-03:00
0,0,0,0,0,0,2020-03-23 01:44:41-03:00
0,0,0,0,0,0,2020-03-23 01:51:42-03:00
0,0,0,0,0,0,2020-03-23 02:06:56-03:00
0,0,0,0,0,0,2020-03-23 02:12:29-03:00
0,0,0,0,0,0,2020-03-23 02:16:19-03:00
0,0,0,0,0,0,2020-03-23 14:32:35-03:00
0,0,0,0,0,0,2020-03-23 14:40:34-03:00
0,0,0,0,0,0,2020-03-23 17:13:24-03:00
0,0,0,0,0,0,2020-03-23 17:58:09-03:00
0,0,0,0,0,0,2020-03-23 18:05:51-03:00
0,0,0,0,0,0,2020-03-23 18:23:20-03:00
0,0,0,0,0,0,2020-03-24 03:05:06-03:00
0,0,0,0,0,0,2020-03-24 03:20:38-03:00
0,0,0,0,0,0,2020-03-24 19:52:04-03:00
0,0,0,0,0,0,2020-03-24 19:52:16-03:00
0,0,0,0,0,0,2020-03-24 20:19:47-03:00
0,0,0,0,0,0,2020-03-24 20:38:59-03:00
0,0,0,0,0,0,2020-03-24 23:30:06-03:00
0,0,0,0,0,0,2020-03-24 23:31:09-03:00
0,0,0,0,0,0,2020-03-24 23:31:39-03:00
0,0,0,0,0,0,2020-03-24 23:35:01-03:00
0,0,0,0,0,0,2020-03-24 23:35:24-03:00
0,0,0,0,0,0,2020-03-24 23:38:04-03:00
0,0,0,0,0,0,2020-03-24 23:46:41-03:00
0,0,0,0,0,0,2020-03-24 23:47:45-03:00
0,0,0,0,0,0,2020-03-24 23:55:16-03:00
0,0,0,0,0,0,2020-03-25 00:39:11-03:00
0,0,0,0,0,0,2020-03-25 00:39:58-03:00
0,0,0,0,0,0,2020-03-26 00:38:07-03:00
0,0,0,0,0,0,2020-03-26 11:17:21-03:00
0,0,0,0,0,0,2020-03-26 11:19:10-03:00
0,0,0,0,0,0,2020-03-27 22:02:26-03:00
0,0,0,0,0,0,2020-05-30 18:30:38-03:00
0,0,0,0,0,0,2020-05-30 18:31:10-03:00
0,0,0,0,0,0,2020-05-30 21:39:03-03:00
0,0,0,0,0,0,2020-05-30 21:47:20-03:00
0,0,0,0,0,0,2020-05-30 21:52:38-03:00
0,0,0,0,0,0,2020-06-08 23:06:13-03:00
