Acquisition,Preparation,Modeling,Training,Evaluation,Prediction,time
0,0,0,0,0,0,2020-08-08 19:46:37+08:00
0,1,1,1,0,0,2020-08-10 17:42:15+08:00
0,0,0,0,0,0,2020-08-10 17:43:19+08:00
0,0,0,0,0,0,2020-08-10 17:44:07+08:00
0,0,0,0,0,0,2020-08-10 17:46:54+08:00
0,1,1,1,0,0,2020-08-10 17:48:53+08:00
0,0,0,0,0,0,2020-08-10 17:49:13+08:00
0,1,1,1,0,0,2020-08-10 17:49:50+08:00
0,0,0,0,0,0,2020-08-10 17:50:11+08:00
1,1,0,0,0,0,2020-08-10 18:01:21+08:00
0,0,0,0,0,0,2020-08-10 18:01:37+08:00
0,0,0,0,0,0,2020-08-10 19:15:55+08:00
0,1,1,1,0,1,2020-08-10 19:16:12+08:00
0,0,0,0,0,0,2020-08-10 19:17:26+08:00
0,1,1,1,0,0,2020-08-10 19:24:19+08:00
0,0,0,0,0,0,2020-08-10 20:25:02+08:00
0,1,0,1,0,1,2020-08-10 20:25:23+08:00
0,0,0,0,0,0,2020-08-10 20:25:47+08:00
0,0,0,0,0,0,2020-08-10 22:13:09+08:00
0,0,0,0,0,0,2020-08-10 22:55:17+08:00
1,0,0,0,0,0,2020-08-13 01:20:36-04:00
0,0,0,0,0,0,2020-08-13 01:28:52-04:00
0,0,0,0,0,0,2020-08-13 16:52:31+08:00
0,0,0,0,0,0,2020-08-13 16:53:21+08:00
0,0,0,0,0,0,2020-08-13 17:04:40+08:00
0,0,0,0,0,0,2020-08-13 17:51:36+08:00
0,0,0,0,0,0,2020-08-13 17:55:35+08:00
0,0,0,0,0,0,2020-08-13 17:57:04+08:00
0,0,0,0,0,0,2020-08-13 17:58:32+08:00
0,0,0,0,0,0,2020-08-13 19:06:16+08:00
0,0,0,0,0,0,2020-08-13 19:06:37+08:00
0,0,0,0,0,0,2020-08-13 19:09:14+08:00
0,0,0,0,0,0,2020-08-13 19:10:25+08:00
0,0,0,0,0,0,2020-08-13 19:14:54+08:00
0,0,0,0,0,0,2020-08-13 19:19:15+08:00
0,1,0,0,0,0,2020-08-20 18:26:10+08:00
0,1,0,1,0,1,2020-08-20 18:26:35+08:00
5,7,5,5,0,1,2020-08-26 22:21:06-04:00
0,0,0,0,0,0,2020-08-26 23:18:25-04:00
0,0,0,0,0,0,2020-08-26 23:26:20-04:00
0,0,0,0,0,0,2020-08-29 13:53:21-04:00
0,1,1,1,0,0,2020-11-04 23:40:20-06:00
0,0,0,0,0,0,2020-11-26 15:24:21+08:00
0,0,0,0,0,0,2020-11-26 15:27:49+08:00
0,1,0,0,0,0,2020-12-08 03:15:03+08:00
0,1,1,1,0,0,2020-12-09 18:08:29+08:00
0,1,1,1,0,0,2020-12-09 18:34:18+08:00
0,0,0,0,0,0,2020-12-09 18:54:05+08:00
0,0,0,0,0,0,2020-12-09 18:59:20+08:00
0,0,0,0,0,0,2020-12-09 19:02:10+08:00
0,1,1,1,0,0,2020-12-10 15:01:25+08:00
0,0,0,0,0,0,2020-12-11 15:23:33-06:00
0,0,0,0,0,0,2020-12-11 15:24:13-06:00
0,0,0,0,0,0,2020-12-11 23:16:22-05:00
0,1,0,0,0,0,2020-12-13 21:32:05-06:00
0,0,0,0,0,0,2020-12-14 12:55:00-06:00
0,0,0,0,0,0,2020-12-19 00:11:16-06:00
0,0,0,0,0,0,2020-12-20 13:00:40-06:00
0,0,0,0,0,0,2020-12-20 13:02:58-06:00
0,1,1,1,0,0,2021-03-31 17:42:25-04:00
0,0,0,0,0,0,2021-03-31 17:42:44-04:00
0,0,0,0,0,0,2021-03-31 20:10:51-04:00
1,1,1,1,0,0,2021-04-14 21:00:59-04:00
0,1,1,1,0,0,2021-04-15 00:41:57-04:00
0,0,0,0,0,0,2021-04-15 16:41:19-04:00
1,0,0,0,0,0,2021-07-11 17:16:14-04:00
0,1,1,1,0,0,2021-07-11 17:16:32-04:00
0,0,0,0,0,0,2021-07-11 17:29:22-04:00
0,1,1,1,0,0,2021-08-03 21:52:25-05:00
0,0,0,0,0,0,2021-08-07 14:38:49-05:00
1,2,1,2,0,0,2021-08-15 01:46:30-05:00
0,1,1,1,0,0,2021-09-02 11:21:10-04:00
0,0,0,0,0,0,2021-10-08 20:58:57-05:00
0,0,0,0,0,0,2021-10-08 21:01:27-05:00
0,0,0,0,0,0,2021-10-08 21:02:12-05:00
0,0,0,0,0,0,2021-10-08 21:31:10-05:00
0,1,1,1,0,0,2021-11-06 15:44:51-04:00
0,1,1,1,0,0,2022-02-18 15:31:16+01:00
0,1,1,1,0,0,2022-02-18 16:59:03+01:00
0,1,1,1,0,0,2022-02-21 00:15:11-06:00
0,1,1,1,0,0,2022-02-22 12:14:36-05:00
0,0,0,0,0,0,2022-02-22 15:37:34-06:00
0,0,0,0,0,0,2022-02-22 15:37:49-06:00
0,0,0,0,0,0,2022-02-22 15:38:15-06:00
0,0,0,0,0,0,2022-02-22 15:42:54-06:00
0,0,0,0,0,0,2022-03-04 21:34:34-06:00
0,1,1,1,0,0,2022-03-04 21:35:06-06:00
0,1,1,1,0,0,2022-03-08 15:42:45-08:00
0,0,0,0,0,0,2022-03-09 20:39:36-06:00
0,0,0,0,0,0,2022-03-20 16:44:48+00:00
0,0,0,0,0,0,2022-03-20 13:38:49-04:00
0,1,1,1,0,0,2022-03-20 13:46:27-04:00
0,0,0,0,0,0,2022-03-20 13:48:07-04:00
0,0,0,0,0,0,2022-03-20 20:18:19-04:00
0,1,1,1,0,0,2022-04-03 22:38:20-05:00
0,1,1,1,0,0,2022-04-03 22:40:16-05:00
0,0,0,0,0,0,2022-04-03 22:40:25-05:00
0,1,1,1,0,0,2022-04-05 23:44:48-05:00
0,1,1,1,0,0,2022-04-06 13:05:27-05:00
0,1,1,1,0,0,2022-04-11 01:27:55-05:00
0,0,0,0,0,0,2022-04-11 01:32:13-05:00
0,1,1,1,0,0,2022-04-13 04:45:09+00:00
0,0,0,0,0,0,2022-04-13 00:05:58-05:00
0,1,0,1,0,0,2022-04-13 16:45:05-05:00
0,1,1,1,0,0,2022-04-13 16:57:07-05:00
0,1,1,1,0,0,2022-04-14 16:06:43-05:00
0,0,0,0,0,0,2022-04-14 16:13:49-05:00
0,1,0,1,0,0,2022-04-17 14:43:47-05:00
0,1,1,1,0,0,2022-05-28 14:57:12-07:00
0,1,1,1,0,0,2022-07-03 17:08:51-07:00
0,6,2,6,0,0,2022-07-03 17:19:38-07:00
0,0,0,0,0,0,2022-07-03 17:20:32-07:00
