Acquisition,Preparation,Modeling,Training,Evaluation,Prediction,time
0,0,0,0,0,0,2020-04-19 01:00:33-04:00
0,0,0,0,0,0,2020-04-30 16:22:34-04:00
1,5,1,0,1,0,2020-04-30 16:24:33-04:00
0,0,0,0,0,0,2020-04-30 16:25:06-04:00
0,0,0,0,0,0,2020-04-30 16:27:22-04:00
0,0,0,0,0,0,2020-04-30 16:40:37-04:00
0,0,0,0,0,0,2020-04-30 16:42:26-04:00
0,0,0,0,0,0,2020-04-30 16:45:14-04:00
0,0,0,0,0,0,2020-04-30 16:46:38-04:00
0,0,0,0,0,0,2020-05-22 17:58:13-04:00
0,0,0,0,0,0,2020-05-22 18:01:18-04:00
0,0,0,0,0,0,2020-05-22 18:05:01-04:00
4,16,14,9,5,0,2020-05-22 18:05:30-04:00
7,28,19,8,11,0,2020-05-22 18:06:23-04:00
5,7,6,6,2,5,2020-05-22 18:07:22-04:00
3,5,4,4,4,0,2020-05-22 18:07:51-04:00
0,2,0,0,0,0,2020-05-22 18:10:20-04:00
11,35,25,12,10,0,2020-05-22 18:10:50-04:00
0,0,1,0,0,0,2020-05-22 18:13:06-04:00
0,14,14,0,0,0,2020-05-22 18:14:38-04:00
0,2,1,1,1,0,2020-05-22 18:34:16-04:00
0,7,6,7,7,0,2020-05-22 18:37:21-04:00
8,8,0,0,0,0,2020-05-22 18:39:34-04:00
0,6,6,6,6,0,2020-05-22 18:40:21-04:00
5,5,5,0,0,0,2020-05-22 18:41:14-04:00
0,4,4,0,4,0,2020-05-22 18:45:32-04:00
0,5,5,0,1,0,2020-05-22 18:51:03-04:00
1,1,0,0,0,0,2020-05-22 18:52:28-04:00
5,7,7,7,5,5,2020-05-22 18:53:42-04:00
4,4,4,4,4,4,2020-05-22 19:20:10-04:00
0,0,0,0,0,0,2020-05-22 19:23:29-04:00
4,5,4,4,0,4,2020-05-22 19:26:28-04:00
9,12,11,11,11,0,2020-05-22 19:27:48-04:00
4,6,0,4,0,0,2020-05-22 19:45:19-04:00
2,2,2,2,2,0,2020-05-22 19:48:12-04:00
0,0,0,0,0,0,2020-05-22 19:51:31-04:00
0,0,0,0,0,0,2020-05-22 19:55:22-04:00
0,0,0,0,0,0,2020-05-22 20:01:05-04:00
0,0,0,0,0,0,2020-05-22 20:01:32-04:00
0,0,0,0,0,0,2020-05-22 20:02:08-04:00
2,3,2,1,2,0,2020-05-22 20:07:18-04:00
1,3,1,1,1,0,2020-05-22 20:13:31-04:00
0,0,0,0,0,0,2020-05-22 20:16:08-04:00
0,0,0,0,0,0,2020-05-22 20:39:22-04:00
0,0,0,0,0,0,2020-05-22 20:41:52-04:00
0,0,0,0,0,0,2020-05-22 20:48:01-04:00
0,0,0,0,0,0,2020-05-22 20:49:45-04:00
0,0,0,0,0,0,2020-05-22 23:59:55-04:00
0,0,0,0,0,0,2020-05-23 00:01:01-04:00
0,0,0,0,0,0,2020-05-23 00:04:02-04:00
17,24,5,16,10,5,2020-05-26 01:45:32-04:00
1,1,1,1,1,0,2020-05-26 01:46:47-04:00
0,0,0,0,0,0,2020-05-26 01:47:41-04:00
0,0,0,0,0,0,2020-05-26 01:49:03-04:00
0,0,0,0,0,0,2020-05-26 02:05:46-04:00
0,0,0,0,0,0,2020-05-26 02:10:31-04:00
0,0,0,0,0,0,2020-05-26 02:25:39-04:00
0,0,0,0,0,0,2020-05-26 02:40:41-04:00
22,23,2,23,11,7,2020-05-27 01:40:25-04:00
0,0,0,0,0,0,2020-05-27 01:40:33-04:00
3,4,4,2,3,1,2020-05-27 01:43:15-04:00
0,0,0,0,0,0,2020-05-27 01:49:04-04:00
0,0,0,0,0,0,2020-05-27 01:50:28-04:00
1,2,1,1,1,0,2020-05-27 01:51:53-04:00
0,0,0,0,0,0,2020-05-27 01:53:22-04:00
0,0,0,0,0,0,2020-05-27 01:55:29-04:00
1,1,1,1,1,0,2020-05-27 01:56:58-04:00
