Acquisition,Preparation,Modeling,Training,Evaluation,Prediction,time
0,0,0,0,0,0,2020-07-19 19:10:27+09:00
0,0,0,0,0,0,2020-08-19 15:00:39+09:00
0,0,0,0,0,0,2020-10-03 14:41:16+09:00
0,0,0,0,0,0,2020-10-03 14:43:23+09:00
0,0,0,0,0,0,2020-10-03 14:49:03+09:00
0,0,0,0,0,0,2020-10-03 14:53:35+09:00
0,0,0,0,0,0,2020-10-03 14:55:21+09:00
0,0,0,0,0,0,2020-10-03 14:57:45+09:00
0,0,0,0,0,0,2020-10-03 14:58:05+09:00
0,0,0,0,0,0,2020-10-03 14:59:31+09:00
0,0,0,0,0,0,2020-10-03 15:19:27+09:00
0,0,0,0,0,0,2020-10-03 15:20:16+09:00
0,0,0,0,0,0,2020-10-03 15:31:08+09:00
0,0,0,0,0,0,2020-10-03 15:32:18+09:00
0,0,0,0,0,0,2020-10-03 15:33:12+09:00
0,0,0,0,0,0,2020-10-03 15:43:30+09:00
0,0,0,0,0,0,2020-10-03 16:18:55+09:00
0,0,0,0,0,0,2020-10-03 16:23:08+09:00
0,0,0,0,0,0,2020-10-03 16:25:39+09:00
0,0,0,0,0,0,2020-10-03 16:26:20+09:00
0,0,0,0,0,0,2020-10-03 16:29:20+09:00
0,0,0,0,0,0,2020-10-03 16:31:19+09:00
0,0,0,0,0,0,2020-10-03 16:31:43+09:00
0,0,0,0,0,0,2020-10-03 16:45:47+09:00
0,0,0,0,0,0,2020-10-03 17:01:14+09:00
0,0,0,0,0,0,2020-10-03 17:06:37+09:00
0,0,0,0,0,0,2020-10-03 17:14:02+09:00
0,0,0,0,0,0,2020-10-03 17:14:59+09:00
0,0,0,0,0,0,2020-10-03 17:19:32+09:00
0,0,0,0,0,0,2020-10-03 17:22:06+09:00
0,0,0,0,0,0,2020-10-03 17:24:16+09:00
0,0,0,0,0,0,2020-10-03 17:25:47+09:00
0,0,0,0,0,0,2020-10-03 17:39:17+09:00
0,0,0,0,0,0,2020-10-03 17:44:30+09:00
0,0,0,0,0,0,2020-10-03 17:48:30+09:00
0,0,0,0,0,0,2020-10-03 17:49:17+09:00
0,0,0,0,0,0,2020-10-03 17:52:00+09:00
0,0,0,0,0,0,2020-10-03 17:53:23+09:00
0,0,0,0,0,0,2020-10-03 17:53:45+09:00
0,0,0,0,0,0,2020-10-03 17:53:48+09:00
0,0,0,0,0,0,2020-10-03 17:54:34+09:00
0,0,0,0,0,0,2020-10-03 17:54:38+09:00
0,0,0,0,0,0,2020-10-03 17:57:45+09:00
0,0,0,0,0,0,2020-10-03 17:58:16+09:00
0,0,0,0,0,0,2020-10-03 18:02:05+09:00
0,1,0,0,0,0,2020-10-03 18:07:30+09:00
0,6,0,1,0,0,2020-10-03 18:08:38+09:00
0,1,1,0,0,0,2020-10-03 18:10:20+09:00
0,0,0,0,0,0,2020-10-03 18:11:58+09:00
0,0,0,0,0,0,2020-10-03 18:17:01+09:00
0,0,0,0,0,0,2020-10-03 18:17:20+09:00
0,0,0,0,0,0,2020-10-03 18:19:17+09:00
0,0,0,0,0,0,2020-10-03 18:19:53+09:00
0,0,0,0,0,0,2020-10-03 18:21:11+09:00
0,0,0,0,0,0,2020-10-03 18:22:36+09:00
0,0,0,0,0,0,2020-10-03 18:22:55+09:00
0,0,0,0,0,0,2020-10-03 18:24:01+09:00
0,0,0,0,0,0,2020-10-03 18:24:32+09:00
0,0,0,0,0,0,2020-10-03 18:27:33+09:00
0,0,0,0,0,0,2020-10-03 18:28:00+09:00
0,0,0,0,0,0,2020-10-03 18:32:41+09:00
2,11,2,1,1,0,2020-10-03 18:34:44+09:00
0,1,0,0,1,0,2020-10-03 18:34:53+09:00
1,1,1,0,0,0,2020-10-03 18:36:49+09:00
0,0,0,0,0,0,2020-10-03 18:40:52+09:00
0,0,0,0,0,0,2020-10-03 18:47:52+09:00
0,0,0,0,0,0,2020-10-03 18:50:30+09:00
0,0,0,0,0,0,2020-10-03 18:50:50+09:00
0,0,0,0,0,0,2020-10-03 20:23:27+09:00
0,0,0,0,0,0,2020-10-03 21:19:14+09:00
0,0,0,0,0,0,2020-10-03 21:20:52+09:00
0,0,0,0,0,0,2020-10-03 21:23:01+09:00
0,0,0,0,0,0,2020-10-03 21:23:58+09:00
0,0,0,0,0,0,2020-10-03 21:25:20+09:00
0,0,0,0,0,0,2020-10-03 21:26:08+09:00
0,0,0,0,0,0,2020-10-03 21:26:43+09:00
0,0,0,0,0,0,2020-10-03 22:00:52+09:00
0,0,0,0,0,0,2020-10-03 22:03:42+09:00
0,0,0,0,0,0,2020-10-03 22:05:32+09:00
0,0,0,0,0,0,2020-10-03 22:05:53+09:00
0,0,0,0,0,0,2020-10-03 22:06:27+09:00
0,0,0,0,0,0,2020-10-03 22:14:31+09:00
0,0,0,0,0,0,2020-10-03 22:15:18+09:00
0,0,0,0,0,0,2020-10-03 22:16:24+09:00
0,0,0,0,0,0,2020-10-22 23:59:40+09:00
0,0,0,0,0,0,2020-11-03 19:53:32+09:00
0,0,0,0,0,0,2020-11-03 19:56:55+09:00
0,0,0,0,0,0,2020-11-03 20:00:09+09:00
0,0,0,0,0,0,2020-11-11 00:45:39+09:00
0,0,0,0,0,0,2020-11-28 01:19:23+09:00
0,0,0,0,0,0,2020-11-28 01:19:50+09:00
0,1,0,0,0,0,2021-02-22 19:45:20+09:00
