Acquisition,Preparation,Modeling,Training,Evaluation,Prediction,time
0,0,0,0,0,0,2020-12-06 23:48:51-05:00
0,1,0,0,0,0,2020-12-07 00:29:35-05:00
0,0,0,0,0,0,2020-12-07 00:31:03-05:00
0,0,0,0,0,0,2020-12-07 00:31:44-05:00
0,0,0,0,0,0,2020-12-07 00:38:02-05:00
1,2,0,0,0,0,2020-12-08 12:34:07-05:00
1,0,0,0,0,0,2020-12-08 12:34:34-05:00
1,1,0,0,0,0,2020-12-08 12:42:15-05:00
0,0,0,0,0,0,2020-12-08 12:45:42-05:00
0,0,0,0,0,0,2020-12-08 13:07:13-05:00
0,0,0,0,0,0,2020-12-08 13:35:19-05:00
0,0,0,0,0,0,2020-12-08 13:35:45-05:00
0,0,0,0,0,0,2020-12-08 13:36:04-05:00
0,0,0,0,0,0,2020-12-08 13:37:28-05:00
1,1,0,0,0,0,2020-12-08 13:38:20-05:00
0,0,0,0,0,0,2020-12-08 18:14:45-05:00
1,1,0,0,0,0,2020-12-08 18:15:27-05:00
0,0,0,0,0,0,2020-12-10 16:30:40-05:00
1,1,0,0,0,0,2020-12-11 12:07:57-05:00
0,0,0,0,0,0,2020-12-11 12:08:08-05:00
1,1,0,0,0,0,2020-12-11 12:08:55-05:00
1,1,0,0,0,0,2020-12-11 13:51:45-05:00
0,0,0,0,0,0,2020-12-11 13:51:59-05:00
1,1,0,0,0,0,2020-12-11 13:52:33-05:00
0,0,0,0,0,0,2020-12-11 20:22:15-05:00
1,1,0,0,0,0,2020-12-11 20:24:40-05:00
0,0,0,0,0,0,2020-12-15 11:28:42-05:00
1,1,0,0,0,0,2020-12-15 12:29:38-05:00
0,0,0,0,0,0,2020-12-17 02:49:44-05:00
0,0,0,0,0,0,2020-12-17 03:46:51-05:00
1,1,0,0,0,0,2020-12-17 04:23:06-05:00
0,0,0,0,0,0,2020-12-17 04:23:25-05:00
0,0,0,0,0,0,2020-12-17 04:24:37-05:00
0,0,0,0,0,0,2020-12-17 04:29:43-05:00
0,0,0,0,0,0,2020-12-17 04:31:22-05:00
0,0,0,0,0,0,2020-12-17 04:35:15-05:00
0,0,0,0,0,0,2020-12-17 04:37:17-05:00
1,1,0,0,0,0,2020-12-18 16:24:38-05:00
0,0,0,0,0,0,2020-12-20 21:59:03-05:00
1,1,0,0,0,0,2020-12-20 22:00:04-05:00
1,1,0,0,0,0,2020-12-20 22:00:40-05:00
0,0,0,0,0,0,2020-12-20 22:31:49-05:00
0,0,0,0,0,0,2020-12-20 22:55:17-05:00
0,0,0,0,0,0,2020-12-21 01:30:40-05:00
1,1,0,0,0,0,2020-12-21 20:01:30-05:00
1,1,0,0,0,0,2020-12-21 20:02:00-05:00
0,0,0,0,0,0,2020-12-26 04:18:10-05:00
1,2,0,0,0,0,2020-12-26 04:20:41-05:00
0,0,0,0,0,0,2020-12-27 19:04:46-05:00
0,1,0,0,0,0,2020-12-28 17:17:30-05:00
0,1,0,1,0,1,2020-12-28 17:18:19-05:00
0,0,0,0,0,0,2020-12-28 17:19:17-05:00
0,0,0,0,0,0,2020-12-28 17:20:18-05:00
1,3,1,1,0,1,2020-12-28 17:21:23-05:00
0,0,0,0,0,0,2020-12-28 17:24:09-05:00
1,1,0,0,0,0,2020-12-28 17:54:23-05:00
1,1,0,0,0,0,2020-12-29 11:34:13-05:00
0,0,0,0,0,0,2020-12-29 15:34:25-05:00
0,0,0,0,0,0,2020-12-29 15:34:36-05:00
0,0,0,0,0,0,2020-12-29 15:35:51-05:00
0,0,0,0,0,0,2021-01-02 17:28:44-05:00
1,1,0,0,0,0,2021-01-02 17:48:17-05:00
0,0,0,0,0,0,2021-01-02 21:43:57-05:00
0,0,0,0,0,0,2021-01-02 21:44:51-05:00
0,0,0,0,0,0,2021-01-02 22:06:21-05:00
0,0,0,0,0,0,2021-01-02 22:07:35-05:00
0,0,0,0,0,0,2021-01-02 22:58:58-05:00
0,0,0,0,0,0,2021-01-02 23:17:10-05:00
0,0,0,0,0,0,2021-01-02 23:18:03-05:00
0,0,0,0,0,0,2021-01-02 23:19:19-05:00
0,0,0,0,0,0,2021-01-04 02:45:57-05:00
0,0,0,0,0,0,2021-01-04 02:50:03-05:00
0,0,0,0,0,0,2021-01-04 03:20:03-05:00
0,0,0,0,0,0,2021-01-05 10:19:34-05:00
0,0,0,0,0,0,2021-01-05 10:19:52-05:00
1,1,0,0,0,0,2021-01-05 10:20:33-05:00
0,0,0,0,0,0,2021-01-05 18:59:39-05:00
0,0,0,0,0,0,2021-01-05 20:58:56-05:00
0,0,0,0,0,0,2021-01-05 21:29:38-05:00
1,1,0,0,0,0,2021-01-05 21:31:40-05:00
0,0,0,0,0,0,2021-01-06 23:01:11-05:00
1,1,0,0,0,0,2021-01-06 23:01:33-05:00
0,0,0,0,0,0,2021-01-07 22:54:39-05:00
0,0,0,0,0,0,2021-01-07 22:55:03-05:00
0,0,0,0,0,0,2021-01-07 22:56:02-05:00
0,0,0,0,0,0,2021-01-08 13:26:37-05:00
0,0,0,0,0,0,2021-01-08 17:05:42-05:00
0,1,0,0,0,0,2021-01-09 10:53:08-05:00
0,0,0,0,0,0,2021-01-09 10:54:11-05:00
0,1,1,1,0,1,2021-01-09 10:54:55-05:00
0,0,0,0,0,0,2021-01-09 10:55:51-05:00
0,1,1,1,0,1,2021-01-09 10:57:02-05:00
1,1,0,0,0,0,2021-01-09 11:01:32-05:00
0,0,0,0,0,0,2021-01-09 11:02:49-05:00
0,1,0,0,0,0,2021-01-09 11:07:04-05:00
0,0,0,0,0,0,2021-01-09 12:46:33-05:00
0,0,0,0,0,0,2021-01-09 17:05:35-05:00
0,0,0,0,0,0,2021-01-09 17:06:18-05:00
0,0,0,0,0,0,2021-01-09 17:09:07-05:00
0,0,0,0,0,0,2021-01-09 17:09:48-05:00
0,0,0,0,0,0,2021-01-09 17:10:19-05:00
1,1,0,0,0,0,2021-01-09 17:15:15-05:00
0,0,0,0,0,0,2021-02-06 23:22:29-05:00
1,1,0,0,0,0,2021-02-06 23:32:31-05:00
0,1,1,1,0,1,2021-02-07 02:46:42-05:00
0,0,0,0,0,0,2021-02-07 02:47:06-05:00
0,0,0,0,0,0,2021-02-07 02:47:37-05:00
0,0,0,0,0,0,2021-02-07 13:35:01-05:00
1,1,0,0,0,0,2021-02-07 13:35:55-05:00
0,0,0,0,0,0,2021-02-07 21:59:48-05:00
0,0,0,0,0,0,2021-02-07 22:02:57-05:00
0,1,0,0,0,0,2021-02-10 22:14:11-05:00
0,0,0,0,0,0,2021-02-10 22:14:36-05:00
0,2,1,1,0,1,2021-02-22 01:30:50-05:00
1,1,0,0,0,0,2021-02-22 01:32:23-05:00
1,1,0,0,0,0,2021-02-22 02:04:55-05:00
2,2,0,0,0,0,2021-02-22 09:54:17-05:00
0,0,0,0,0,0,2021-02-23 16:31:21-05:00
1,1,0,0,0,0,2021-02-23 16:32:18-05:00
0,0,0,0,0,0,2021-02-23 19:03:06-05:00
1,1,0,0,0,0,2021-02-23 19:03:35-05:00
0,0,0,0,0,0,2021-02-23 19:19:18-05:00
1,1,0,0,0,0,2021-02-23 19:19:44-05:00
1,5,2,2,0,2,2021-03-04 17:28:38-05:00
1,2,1,1,0,1,2021-03-06 17:01:23-05:00
0,2,1,1,0,1,2021-03-06 17:38:15-05:00
0,0,0,0,0,0,2021-03-07 03:39:11-05:00
0,0,0,0,0,0,2021-03-07 12:41:07-05:00
0,2,1,1,0,1,2021-03-07 12:41:49-05:00
0,0,0,0,0,0,2021-03-07 13:28:23-05:00
0,0,0,0,0,0,2021-03-07 13:28:38-05:00
2,2,1,1,0,1,2021-03-07 20:31:55-05:00
0,0,0,0,0,0,2021-03-07 20:47:29-05:00
1,1,0,0,0,0,2021-03-08 17:28:38-05:00
0,0,0,0,0,0,2021-03-08 17:36:55-05:00
1,1,0,0,0,0,2021-03-12 13:26:22-05:00
1,1,0,0,0,0,2021-03-12 13:27:17-05:00
1,1,1,0,0,0,2021-03-12 21:51:05-05:00
1,1,0,0,0,0,2021-03-12 21:51:35-05:00
1,1,1,0,0,0,2021-03-12 22:18:21-05:00
1,1,1,0,0,0,2021-03-12 22:56:55-05:00
2,2,2,1,0,1,2021-03-13 00:36:47-05:00
0,0,1,0,0,0,2021-03-13 19:16:50-05:00
0,0,0,0,0,0,2021-03-24 00:08:30-04:00
0,0,0,0,0,0,2021-03-24 00:09:12-04:00
1,3,2,1,0,1,2021-03-31 16:36:31-04:00
0,0,0,0,0,0,2021-03-31 17:29:19-04:00
0,0,0,0,0,0,2021-04-01 03:40:24-04:00
0,0,0,0,0,0,2021-04-01 04:03:46-04:00
2,2,0,0,0,0,2021-04-04 17:48:06-04:00
0,0,0,0,0,0,2021-04-05 13:54:25-04:00
0,0,0,0,0,0,2021-04-05 13:57:09-04:00
1,1,0,0,0,0,2021-04-18 21:57:50-04:00
1,1,0,0,0,0,2021-04-20 13:38:02-04:00
1,1,0,0,0,0,2021-04-20 13:38:30-04:00
1,3,2,1,1,1,2021-04-21 15:29:56-04:00
1,1,0,0,0,0,2021-04-21 15:31:40-04:00
0,0,0,0,0,0,2021-04-22 23:25:44-04:00
1,1,0,0,0,0,2021-04-22 23:26:38-04:00
0,0,0,0,0,0,2021-04-22 23:34:48-04:00
1,1,0,0,0,0,2021-04-22 23:35:20-04:00
0,0,0,0,0,0,2021-04-22 23:53:19-04:00
0,0,0,0,0,0,2021-04-23 00:01:25-04:00
1,1,0,0,0,0,2021-04-23 00:02:00-04:00
1,7,3,3,1,2,2021-04-30 18:56:00-04:00
0,0,0,0,0,0,2021-04-30 18:59:12-04:00
0,0,0,0,0,0,2021-04-30 19:01:50-04:00
0,0,0,0,0,0,2021-04-30 19:03:23-04:00
0,0,0,0,0,0,2021-05-01 23:56:34-04:00
0,1,0,0,0,0,2021-05-01 23:56:49-04:00
1,1,0,0,0,0,2021-05-02 08:24:55-04:00
0,0,1,0,0,0,2021-05-02 08:43:50-04:00
1,1,0,0,0,0,2021-05-02 08:44:07-04:00
0,2,0,0,0,0,2021-05-04 20:19:37-04:00
0,0,0,0,0,0,2021-05-07 08:15:48-04:00
1,1,0,0,0,0,2021-05-14 12:04:55-04:00
0,1,0,0,0,0,2021-06-14 23:25:38-04:00
1,0,0,0,0,0,2021-06-14 23:26:04-04:00
1,1,0,0,0,0,2021-06-14 23:26:27-04:00
0,0,0,0,0,0,2021-06-14 23:28:31-04:00
0,0,0,0,0,0,2021-06-14 23:45:40-04:00
0,1,0,0,0,0,2021-06-15 18:15:27-04:00
0,0,0,0,0,0,2021-06-16 17:52:43-04:00
0,0,0,0,0,0,2021-06-18 11:13:25-04:00
0,1,0,0,1,0,2021-06-18 11:15:50-04:00
0,1,0,0,1,0,2021-06-18 11:25:47-04:00
0,1,0,0,1,0,2021-06-18 13:18:49-04:00
1,1,0,0,0,0,2021-06-18 13:19:04-04:00
0,2,0,0,1,0,2021-06-18 23:57:07-04:00
1,1,0,0,0,0,2021-06-18 23:57:42-04:00
2,3,1,0,1,0,2021-06-20 13:35:53-04:00
1,2,0,0,1,0,2021-07-30 15:09:47-04:00
1,1,0,0,0,0,2021-07-30 15:10:15-04:00
