Acquisition,Preparation,Modeling,Training,Evaluation,Prediction,time
0,0,0,0,0,0,2020-12-18 13:11:17+02:00
1,6,3,3,1,2,2020-12-18 13:13:15+02:00
0,0,0,0,0,0,2020-12-18 13:14:10+02:00
0,0,0,0,0,0,2020-12-20 12:21:43+02:00
0,0,0,0,0,0,2020-12-20 12:22:57+02:00
0,0,0,0,0,0,2020-12-20 12:23:30+02:00
0,0,0,0,0,0,2020-12-20 12:34:39+02:00
0,0,0,0,0,0,2020-12-20 12:38:23+02:00
0,0,0,0,0,0,2020-12-20 13:22:09+02:00
0,0,0,0,0,0,2020-12-20 13:31:33+02:00
0,0,0,0,0,0,2020-12-20 13:36:01+02:00
0,0,0,0,0,0,2020-12-20 13:38:17+02:00
0,0,0,0,0,0,2020-12-20 14:25:01+02:00
0,0,0,0,0,0,2020-12-20 14:26:27+02:00
0,0,0,0,0,0,2020-12-20 15:42:40+02:00
0,0,0,0,0,0,2020-12-20 15:45:48+02:00
0,0,0,0,0,0,2020-12-20 15:56:05+02:00
0,0,0,0,0,0,2020-12-20 15:57:21+02:00
0,0,0,0,0,0,2020-12-20 15:58:56+02:00
0,0,0,0,0,0,2020-12-20 22:00:57+02:00
0,0,0,0,0,0,2020-12-20 22:42:16+02:00
0,0,0,0,0,0,2020-12-20 22:50:35+02:00
0,0,0,0,0,0,2020-12-23 23:56:04+02:00
0,0,0,0,0,0,2020-12-24 00:05:37+02:00
0,0,0,0,0,0,2020-12-24 15:06:24+02:00
1,2,1,1,0,1,2021-01-15 11:37:53+02:00
1,2,1,1,0,1,2021-01-21 12:08:55+02:00
0,0,0,0,0,0,2021-01-21 12:34:59+02:00
0,0,0,0,0,0,2021-01-21 14:20:26+02:00
0,0,0,0,0,0,2021-01-21 14:20:40+02:00
1,2,1,1,0,1,2021-01-22 01:15:02+02:00
1,2,1,1,0,1,2021-02-15 21:17:02+02:00
0,7,6,6,2,4,2021-08-30 12:54:07+03:00
0,0,0,0,0,0,2021-08-30 13:11:44+03:00
4,26,0,0,0,0,2021-08-30 13:26:17+03:00
4,26,0,0,0,0,2021-08-30 13:45:26+03:00
1,1,0,0,0,0,2021-08-30 14:59:44+03:00
0,0,0,0,0,0,2021-08-30 14:59:57+03:00
0,0,0,0,0,0,2021-08-30 19:26:18+03:00
2,2,1,1,0,1,2021-08-31 15:22:04+03:00
0,0,0,0,0,0,2021-08-31 15:22:14+03:00
1,1,1,1,0,1,2021-09-01 17:57:35+03:00
0,0,0,0,0,0,2021-09-01 18:34:42+03:00
0,0,0,0,0,0,2021-09-01 18:34:51+03:00
0,0,0,0,0,0,2021-09-01 18:42:06+03:00
0,0,0,0,0,0,2021-09-01 18:46:22+03:00
0,0,0,0,0,0,2021-09-01 18:52:33+03:00
0,0,0,0,0,0,2021-09-08 13:52:10+03:00
0,0,0,0,0,0,2021-09-08 14:02:07+03:00
0,0,0,0,0,0,2021-09-08 15:56:15+03:00
0,0,0,0,0,0,2021-09-09 09:21:06+03:00
0,0,0,0,0,0,2021-09-09 09:22:43+03:00
0,0,0,0,0,0,2021-09-10 14:16:31+03:00
0,0,0,0,0,0,2021-09-10 14:23:14+03:00
0,0,0,0,0,0,2021-09-10 14:26:19+03:00
0,0,0,0,0,0,2021-09-10 14:58:30+03:00
0,0,0,0,0,0,2021-09-11 13:32:34+03:00
0,0,0,0,0,0,2021-09-11 13:33:54+03:00
0,0,0,0,0,0,2021-09-11 13:48:04+03:00
0,0,0,0,0,0,2021-09-11 13:49:58+03:00
0,0,0,0,0,0,2021-09-11 13:53:21+03:00
0,0,0,0,0,0,2021-09-13 19:54:21+03:00
0,0,0,0,0,0,2021-09-13 20:41:03+03:00
0,0,0,0,0,0,2021-09-13 20:43:10+03:00
0,0,0,0,0,0,2021-09-13 20:45:27+03:00
0,0,0,0,0,0,2021-09-13 21:09:25+03:00
0,1,0,0,0,0,2021-09-13 22:59:32+03:00
0,0,0,0,0,0,2021-09-13 23:00:21+03:00
0,0,0,0,0,0,2021-09-13 23:05:45+03:00
0,0,0,0,0,0,2021-09-13 23:12:31+03:00
0,0,0,0,0,0,2021-09-15 11:07:09+03:00
0,1,0,0,0,0,2021-09-15 11:11:26+03:00
0,0,0,0,0,0,2021-09-16 11:24:33+03:00
0,0,0,0,0,0,2021-09-16 11:40:47+03:00
0,0,0,0,0,0,2021-09-16 11:57:05+03:00
0,0,0,0,0,0,2021-09-16 12:01:39+03:00
0,0,0,0,0,0,2021-09-16 12:03:45+03:00
1,1,1,1,0,1,2021-09-16 12:36:24+03:00
0,0,0,0,0,0,2021-09-16 14:10:54+03:00
0,0,0,0,0,0,2021-09-16 14:12:05+03:00
0,0,0,0,0,0,2021-09-16 15:09:23+03:00
0,0,0,0,0,0,2021-09-16 17:35:44+03:00
0,0,0,0,0,0,2021-09-16 17:36:39+03:00
0,0,0,0,0,0,2021-09-16 17:38:38+03:00
1,1,0,0,0,0,2021-09-16 17:45:01+03:00
1,1,0,0,0,0,2021-09-16 17:53:10+03:00
0,0,0,0,0,0,2021-09-16 17:58:49+03:00
0,0,0,0,0,0,2021-09-16 18:02:49+03:00
0,0,0,0,0,0,2021-09-16 18:03:25+03:00
0,0,0,0,0,0,2021-09-16 18:04:34+03:00
0,0,0,0,0,0,2021-09-16 18:06:03+03:00
0,0,0,0,0,0,2021-09-16 18:10:09+03:00
0,0,0,0,0,0,2021-09-16 18:12:24+03:00
0,0,0,0,0,0,2021-09-16 18:13:15+03:00
0,1,1,1,0,1,2021-09-22 20:24:12+03:00
0,1,1,1,0,1,2021-09-22 20:24:49+03:00
0,1,1,1,0,1,2021-09-23 10:44:01+03:00
0,1,1,1,0,1,2021-09-23 11:06:08+03:00
0,1,1,1,0,1,2021-09-23 11:10:35+03:00
0,1,1,1,0,1,2021-09-23 11:12:33+03:00
0,1,1,1,0,1,2021-09-23 11:14:11+03:00
0,1,1,1,0,1,2021-09-23 11:30:23+03:00
0,1,1,1,0,1,2021-09-23 11:36:32+03:00
0,1,1,1,0,1,2021-09-23 13:25:53+03:00
0,1,1,1,0,1,2021-09-23 13:36:51+03:00
0,1,1,1,0,1,2021-09-23 19:30:11+03:00
0,1,1,1,0,1,2021-10-06 13:46:13+03:00
0,1,1,1,0,1,2021-10-06 13:54:16+03:00
0,1,1,1,0,1,2021-10-06 14:03:45+03:00
0,1,1,1,0,1,2021-10-07 10:06:02+03:00
0,0,0,0,0,0,2021-10-07 12:35:40+03:00
0,0,0,0,0,0,2021-10-07 13:06:42+03:00
0,0,0,0,0,0,2021-10-07 13:18:54+03:00
0,1,1,1,0,1,2021-10-07 14:01:49+03:00
0,0,0,0,0,0,2021-10-07 14:06:03+03:00
0,0,0,0,0,0,2021-10-07 14:51:20+03:00
0,0,0,0,0,0,2021-10-07 14:57:26+03:00
1,1,1,1,0,1,2021-10-11 15:19:17+03:00
1,1,1,1,0,1,2021-10-12 11:57:48+03:00
0,1,1,1,0,1,2021-10-12 12:09:47+03:00
0,1,1,1,0,1,2021-10-12 12:12:38+03:00
0,1,1,1,0,1,2021-10-12 12:13:07+03:00
0,1,1,1,0,1,2021-10-12 12:14:49+03:00
0,1,1,1,0,1,2021-10-12 12:36:47+03:00
0,1,1,1,0,1,2021-10-12 12:37:46+03:00
0,1,1,1,0,1,2021-10-20 15:17:52+03:00
0,1,1,1,0,1,2021-10-25 12:04:38+03:00
0,1,1,1,0,1,2021-10-25 12:06:01+03:00
0,1,1,1,0,1,2021-10-25 12:06:44+03:00
0,1,1,1,0,1,2021-10-25 13:25:47+03:00
0,1,1,1,0,1,2021-10-25 13:26:28+03:00
0,1,1,1,0,1,2021-10-25 13:30:10+03:00
0,1,1,1,0,1,2021-10-25 13:31:05+03:00
0,1,1,1,0,1,2021-11-01 11:30:13+02:00
1,1,1,1,0,1,2021-11-01 11:35:23+02:00
1,1,1,1,0,1,2021-11-01 11:43:20+02:00
0,1,1,1,0,1,2021-11-10 12:22:04+02:00
1,1,1,1,0,1,2021-11-10 12:40:38+02:00
1,1,1,1,0,1,2021-11-10 12:41:22+02:00
0,1,1,1,0,1,2021-11-10 12:52:45+02:00
0,1,1,1,0,1,2021-11-10 12:56:37+02:00
1,1,1,1,0,1,2021-11-10 13:03:14+02:00
1,1,1,1,0,1,2021-11-10 13:07:03+02:00
1,1,1,1,0,1,2021-11-11 10:45:08+02:00
1,1,1,1,0,1,2021-11-11 10:52:00+02:00
1,1,1,1,0,1,2021-11-11 10:54:21+02:00
1,1,1,1,0,1,2021-11-11 11:03:24+02:00
1,1,1,1,0,1,2021-11-11 14:16:19+02:00
1,1,1,1,0,1,2021-11-12 14:55:16+02:00
0,1,1,1,0,1,2021-11-12 15:18:48+02:00
0,1,1,1,0,1,2021-11-16 13:32:17+02:00
0,1,1,1,0,1,2021-11-16 13:58:36+02:00
0,1,1,1,0,1,2021-11-17 12:42:18+02:00
0,1,1,1,0,1,2021-11-17 12:49:59+02:00
0,1,1,1,0,1,2021-11-17 15:16:17+02:00
1,1,1,1,0,1,2021-11-18 11:49:31+02:00
1,1,1,1,0,1,2021-11-22 12:49:30+02:00
1,1,1,1,0,1,2021-12-09 11:08:06+02:00
1,1,1,1,0,1,2021-12-09 11:13:59+02:00
1,1,1,1,0,1,2021-12-09 13:19:37+02:00
0,0,0,0,0,0,2021-12-09 13:22:23+02:00
1,1,1,1,0,1,2021-12-10 12:13:57+02:00
1,1,1,1,0,1,2021-12-10 12:19:31+02:00
1,1,1,1,0,1,2021-12-10 12:22:03+02:00
1,1,1,1,0,1,2021-12-10 12:23:43+02:00
1,1,1,1,0,1,2021-12-10 12:26:47+02:00
1,1,1,1,0,1,2021-12-10 12:29:45+02:00
1,1,1,1,0,1,2021-12-11 17:08:32+02:00
1,1,1,1,0,1,2021-12-11 17:17:13+02:00
1,1,1,1,0,1,2021-12-11 17:21:37+02:00
1,1,1,1,0,1,2021-12-11 17:25:00+02:00
1,1,1,1,0,1,2021-12-13 12:16:34+02:00
1,1,1,1,0,1,2021-12-13 12:27:47+02:00
1,1,1,1,0,1,2021-12-17 15:31:12+02:00
1,1,1,1,0,1,2021-12-17 15:32:11+02:00
0,0,0,0,0,0,2022-03-15 19:01:00+02:00
0,0,0,0,0,0,2022-03-15 19:02:13+02:00
0,0,0,0,0,0,2022-03-25 15:18:09+02:00
1,1,1,1,0,1,2022-04-21 12:51:24+03:00
0,1,0,0,0,0,2022-05-05 12:34:46+03:00
1,1,1,1,0,1,2022-05-09 11:44:04+03:00
1,2,1,1,0,1,2022-05-10 17:51:55+03:00
0,0,0,0,0,0,2022-05-10 18:47:56+03:00
0,0,0,0,0,0,2022-05-10 21:13:47+03:00
0,0,0,0,0,0,2022-05-26 12:41:23+03:00
0,0,0,0,0,0,2022-05-26 12:41:36+03:00
0,0,0,0,0,0,2022-05-26 12:52:16+03:00
0,0,0,0,0,0,2022-05-26 12:54:20+03:00
0,0,0,0,0,0,2022-05-26 12:59:08+03:00
0,0,0,0,0,0,2022-05-26 12:59:53+03:00
0,0,0,0,0,0,2022-05-26 13:19:11+03:00
0,0,0,0,0,0,2022-05-26 13:27:04+03:00
0,0,0,0,0,0,2022-05-26 13:33:04+03:00
0,0,0,0,0,0,2022-05-26 13:36:42+03:00
0,0,0,0,0,0,2022-05-26 13:38:45+03:00
0,0,0,0,0,0,2022-05-26 13:42:21+03:00
0,0,0,0,0,0,2022-05-26 13:50:22+03:00
0,0,0,0,0,0,2022-05-26 13:52:22+03:00
0,0,0,0,0,0,2022-05-26 13:55:45+03:00
0,0,0,0,0,0,2022-05-26 13:56:41+03:00
0,0,0,0,0,0,2022-05-26 13:58:18+03:00
0,0,0,0,0,0,2022-05-26 13:58:35+03:00
0,0,0,0,0,0,2022-05-26 14:08:45+03:00
0,0,0,0,0,0,2022-05-26 14:09:18+03:00
0,0,0,0,0,0,2022-05-26 14:10:49+03:00
0,0,0,0,0,0,2022-05-26 14:11:27+03:00
0,0,0,0,0,0,2022-05-26 14:12:25+03:00
0,0,0,0,0,0,2022-05-26 14:13:28+03:00
0,0,0,0,0,0,2022-05-26 14:14:23+03:00
0,0,0,0,0,0,2022-05-26 14:19:09+03:00
0,0,0,0,0,0,2022-05-26 14:21:06+03:00
0,0,0,0,0,0,2022-05-26 14:29:03+03:00
0,0,0,0,0,0,2022-05-26 14:33:42+03:00
0,0,0,0,0,0,2022-05-26 14:34:58+03:00
1,1,0,0,0,0,2022-05-26 14:36:58+03:00
0,0,0,0,0,0,2022-05-26 14:39:34+03:00
0,0,0,0,0,0,2022-05-26 14:40:48+03:00
1,1,0,0,0,0,2022-05-26 14:42:50+03:00
1,6,5,5,1,4,2022-05-26 16:24:15+03:00
0,0,0,0,0,0,2022-05-26 16:25:12+03:00
0,0,0,0,0,0,2022-05-26 16:38:09+03:00
1,1,0,0,0,0,2022-05-26 16:40:47+03:00
0,0,0,0,0,0,2022-05-26 16:43:21+03:00
0,0,0,0,0,0,2022-05-26 16:45:26+03:00
0,0,0,0,0,0,2022-05-26 16:48:40+03:00
0,0,0,0,0,0,2022-05-26 16:50:16+03:00
0,0,0,0,0,0,2022-05-26 16:56:56+03:00
0,0,0,0,0,0,2022-05-26 16:59:19+03:00
0,0,0,0,0,0,2022-05-26 17:05:03+03:00
0,0,0,0,0,0,2022-05-26 17:06:51+03:00
0,0,0,0,0,0,2022-05-26 17:10:01+03:00
0,0,0,0,0,0,2022-05-27 12:18:55+03:00
0,0,0,0,0,0,2022-05-27 12:24:14+03:00
0,0,0,0,0,0,2022-05-27 12:29:08+03:00
0,0,0,0,0,0,2022-05-27 12:33:34+03:00
0,0,0,0,0,0,2022-05-27 12:35:23+03:00
0,0,0,0,0,0,2022-05-27 12:36:04+03:00
0,0,0,0,0,0,2022-05-27 13:08:48+03:00
0,1,1,1,0,1,2022-05-27 13:12:41+03:00
