Acquisition,Preparation,Modeling,Training,Evaluation,Prediction,time
0,0,0,0,0,0,2019-01-16 09:18:40+01:00
26,68,22,8,22,4,2019-01-16 09:19:30+01:00
2,1,0,0,0,0,2019-01-16 13:32:39+01:00
0,0,0,0,0,0,2019-01-16 13:45:05+01:00
1,7,0,2,2,0,2019-01-23 13:22:12-06:00
0,0,0,0,0,0,2019-01-29 07:33:03-06:00
1,1,0,0,0,0,2019-01-29 14:46:11-06:00
3,11,3,0,3,0,2019-01-29 23:17:01-06:00
1,1,0,0,0,0,2019-01-29 23:25:13-06:00
1,8,0,0,0,0,2019-01-30 10:49:19-06:00
0,4,0,0,0,0,2019-01-30 16:28:05-06:00
1,1,1,0,1,0,2019-01-30 16:34:12-06:00
0,4,0,0,0,0,2019-01-30 16:49:32-06:00
2,2,2,0,2,0,2019-01-30 21:56:43-06:00
1,3,1,0,1,0,2019-01-30 22:05:02-06:00
1,3,1,0,1,0,2019-01-30 22:12:49-06:00
1,3,1,0,1,0,2019-01-30 22:26:19-06:00
1,3,1,0,1,0,2019-01-30 23:52:04-06:00
0,4,0,0,0,0,2019-01-30 23:56:44-06:00
1,1,1,0,1,0,2019-01-30 23:57:15-06:00
1,3,1,0,1,0,2019-01-31 00:04:25-06:00
4,12,4,0,4,0,2019-01-31 00:21:09-06:00
1,1,0,0,0,0,2019-01-31 00:24:52-06:00
1,1,0,0,0,0,2019-02-09 14:30:58-06:00
0,0,0,0,0,0,2019-02-09 14:32:29-06:00
1,0,0,0,0,0,2019-02-09 15:07:39-06:00
0,0,0,0,0,0,2019-02-09 17:55:05-06:00
0,0,0,0,0,0,2019-02-09 18:00:03-06:00
0,0,0,0,0,0,2019-02-09 19:39:25-06:00
0,1,0,0,0,0,2019-02-09 21:26:13-06:00
0,0,0,0,0,0,2019-02-09 21:32:42-06:00
0,0,0,0,0,0,2019-02-09 21:38:14-06:00
0,2,0,0,0,1,2019-02-10 23:11:16-06:00
0,0,0,0,0,0,2019-02-22 07:45:15-06:00
43,144,27,30,13,6,2019-05-22 13:15:08-05:00
16,22,3,2,1,0,2019-05-24 11:46:31-05:00
1,3,0,0,0,0,2019-05-24 16:25:31-05:00
1,0,0,0,0,0,2019-05-28 15:45:11+00:00
0,1,0,0,0,0,2019-05-28 16:41:43-05:00
1,0,0,0,0,0,2019-05-28 21:44:17+00:00
0,0,0,0,0,0,2019-05-28 17:03:22-05:00
0,0,0,0,0,0,2019-05-28 17:03:25-05:00
0,1,0,0,1,0,2019-05-29 14:58:02-05:00
22,187,20,25,8,6,2019-07-31 15:21:03-05:00
3,9,1,0,0,0,2019-08-01 15:45:15-05:00
2,2,1,0,0,0,2019-08-01 20:55:26+00:00
0,0,0,0,0,0,2019-08-01 20:58:36+00:00
1,2,1,0,0,0,2019-08-05 13:53:15+00:00
0,0,0,0,0,0,2019-08-05 08:58:19-05:00
2,3,1,0,0,0,2019-08-13 10:50:58-05:00
0,0,0,0,0,0,2019-08-27 15:17:12-05:00
1,1,0,0,0,0,2019-08-27 15:26:10-05:00
0,0,0,0,0,0,2019-08-27 15:36:15-05:00
0,0,0,0,0,0,2019-08-27 17:23:52-05:00
0,0,0,0,0,0,2019-08-27 17:23:54-05:00
0,2,0,0,0,0,2020-02-22 23:39:16-06:00
0,0,0,0,0,0,2021-07-15 19:17:48-05:00
0,0,0,0,0,0,2021-07-15 19:18:53-05:00
0,0,0,0,0,0,2021-07-15 19:22:10-05:00
0,0,0,0,0,0,2021-07-15 19:23:29-05:00
0,0,0,0,0,0,2021-07-15 19:26:37-05:00
0,0,0,0,0,0,2021-07-15 19:27:17-05:00
0,0,0,0,0,0,2021-07-15 19:27:35-05:00
0,0,0,0,0,0,2021-07-15 19:28:15-05:00
3,4,1,1,2,1,2021-07-15 19:30:50-05:00
0,0,0,0,0,0,2021-07-15 19:32:42-05:00
1,1,0,0,0,0,2021-07-15 19:33:23-05:00
0,0,0,0,0,0,2021-07-15 19:43:19-05:00
0,0,0,0,0,0,2021-07-15 19:43:47-05:00
0,0,0,0,0,0,2021-07-15 19:44:03-05:00
0,0,0,0,0,0,2021-07-15 19:45:13-05:00
0,0,0,0,0,0,2021-07-15 19:46:11-05:00
0,0,0,0,0,0,2021-07-15 20:00:25-05:00
0,0,0,0,0,0,2021-07-15 20:01:47-05:00
0,0,0,0,0,0,2021-07-15 20:06:13-05:00
0,0,0,0,0,0,2021-07-27 12:39:05-05:00
0,0,0,0,0,0,2021-07-27 12:39:33-05:00
0,0,0,0,0,0,2021-07-27 12:41:31-05:00
0,0,0,0,0,0,2021-07-27 12:43:56-05:00
1,1,0,0,0,0,2021-07-27 12:45:13-05:00
0,0,0,0,0,0,2021-07-27 12:49:30-05:00
1,2,0,0,0,0,2021-07-27 12:50:25-05:00
0,0,0,0,0,0,2021-07-27 12:51:47-05:00
0,0,0,0,0,0,2021-07-27 12:52:36-05:00
1,1,0,0,0,0,2021-07-27 12:53:09-05:00
0,0,0,0,0,0,2021-07-27 12:54:31-05:00
1,2,0,0,0,0,2021-07-27 12:56:11-05:00
1,1,0,0,0,0,2021-07-27 13:21:02-05:00
1,1,0,0,0,0,2021-07-27 13:21:37-05:00
0,0,0,0,0,0,2021-07-28 14:21:17-05:00
0,0,0,0,0,0,2021-07-28 14:22:56-05:00
0,0,0,0,0,0,2021-07-28 14:23:57-05:00
0,0,0,0,0,0,2021-07-28 14:43:13-05:00
0,0,0,0,0,0,2021-07-28 14:44:18-05:00
0,0,0,0,0,0,2021-07-28 14:45:02-05:00
3,3,0,0,0,0,2021-07-28 14:48:36-05:00
0,0,0,0,0,0,2021-07-28 15:04:53-05:00
1,1,0,0,0,0,2021-07-28 18:28:20-05:00
1,1,0,0,0,0,2021-07-28 18:41:02-05:00
1,2,0,0,0,0,2021-07-29 19:59:46-05:00
1,1,0,0,0,0,2021-07-29 20:24:37-05:00
2,2,0,0,0,0,2021-07-29 21:04:35-05:00
1,1,0,0,0,0,2021-07-29 22:13:48-05:00
0,0,0,0,0,0,2021-07-29 22:21:13-05:00
1,1,0,0,0,0,2021-07-29 22:31:41-05:00
0,2,0,0,0,0,2021-07-30 14:55:38-05:00
2,3,0,0,0,0,2021-07-30 15:27:30-05:00
1,1,0,0,0,0,2021-07-30 15:33:06-05:00
0,1,0,0,0,0,2021-07-30 15:45:29-05:00
1,3,0,0,0,0,2021-08-01 16:18:25-05:00
0,0,0,0,0,0,2021-08-01 16:21:20-05:00
1,2,0,0,0,0,2021-08-01 16:37:28-05:00
2,2,0,0,0,0,2021-08-01 17:03:44-05:00
0,0,0,0,0,0,2021-08-01 17:05:40-05:00
2,2,0,0,0,0,2021-08-01 17:09:06-05:00
0,0,0,0,0,0,2021-08-02 15:33:14-05:00
1,1,0,0,0,0,2021-08-05 15:33:17-05:00
0,0,0,0,0,0,2021-08-05 16:01:32-05:00
2,2,0,0,0,0,2021-08-05 16:17:11-05:00
2,2,0,0,0,0,2021-08-05 17:04:40-05:00
2,2,0,0,0,0,2021-08-05 17:15:09-05:00
0,0,0,0,0,0,2021-08-06 10:21:16-05:00
6,4,0,0,0,0,2021-08-06 15:42:57-05:00
0,3,0,0,0,0,2021-08-09 18:53:09-05:00
1,1,0,0,0,0,2021-08-09 22:02:59-05:00
0,0,0,0,0,0,2021-08-09 22:08:53-05:00
0,0,0,0,0,0,2021-08-09 22:13:14-05:00
1,1,0,0,0,0,2021-08-09 22:19:15-05:00
1,1,0,0,0,0,2021-08-09 22:32:16-05:00
1,1,0,0,0,0,2021-08-10 17:36:24-05:00
0,0,0,0,0,0,2021-08-10 17:37:41-05:00
0,0,0,0,0,0,2021-08-10 17:48:05-05:00
3,3,0,0,0,0,2021-08-10 18:03:24-05:00
1,1,0,0,0,0,2021-08-10 18:07:07-05:00
1,1,0,0,0,0,2021-08-10 18:08:40-05:00
0,0,0,0,0,0,2021-08-10 18:13:34-05:00
1,1,0,0,0,0,2021-08-11 16:14:24-05:00
0,1,0,0,0,0,2021-08-11 16:21:06-05:00
1,3,0,0,0,0,2021-08-11 16:55:52-05:00
1,1,0,0,0,0,2021-08-11 17:07:21-05:00
0,0,0,0,0,0,2021-08-11 17:08:40-05:00
4,4,0,0,0,0,2021-08-12 17:23:44-05:00
0,0,0,0,0,0,2021-08-12 19:02:48-05:00
3,3,0,0,0,0,2021-08-13 03:12:29+00:00
2,3,0,0,0,0,2021-08-12 22:46:51-05:00
0,0,0,0,0,0,2021-08-12 22:51:57-05:00
2,2,0,0,0,0,2021-08-12 23:00:00-05:00
0,0,0,0,0,0,2021-08-13 19:12:44-05:00
0,0,0,0,0,0,2021-08-13 19:13:14-05:00
0,0,0,0,0,0,2021-08-13 19:17:56-05:00
0,0,0,0,0,0,2021-08-13 19:19:57-05:00
1,0,0,0,0,0,2021-08-13 19:21:42-05:00
0,0,0,0,0,0,2021-08-13 19:26:28-05:00
1,1,0,0,0,0,2021-08-16 20:35:15-05:00
1,1,0,0,0,0,2021-08-16 20:44:08-05:00
1,1,0,0,0,0,2021-08-16 20:47:06-05:00
0,0,0,0,0,0,2021-08-16 20:48:41-05:00
1,1,0,0,0,0,2021-08-17 12:53:04-05:00
0,1,0,0,0,0,2021-08-17 12:56:27-05:00
2,2,0,0,0,0,2021-08-17 13:15:17-05:00
1,2,0,0,0,0,2021-08-17 13:26:47-05:00
1,1,0,0,0,0,2021-08-17 13:29:04-05:00
1,1,0,0,0,0,2021-08-17 16:56:21-05:00
0,0,0,0,0,0,2021-08-19 11:25:13-05:00
5,5,0,0,0,0,2021-08-19 11:52:23-05:00
1,1,0,0,0,0,2021-08-19 12:08:42-05:00
0,0,0,0,0,0,2021-08-19 12:30:38-05:00
0,0,0,0,0,0,2021-08-19 12:33:25-05:00
1,1,0,0,0,0,2021-08-20 11:48:21-05:00
1,1,0,0,0,0,2021-08-20 12:51:09-05:00
0,0,0,0,0,0,2021-08-23 13:34:42-05:00
0,0,0,0,0,0,2021-08-23 13:50:04-05:00
0,0,0,0,0,0,2021-08-23 16:42:00-05:00
1,1,0,0,0,0,2021-09-16 14:19:01-05:00
0,0,0,0,0,0,2021-09-16 14:30:08-05:00
0,0,0,0,0,0,2021-09-16 14:31:37-05:00
0,0,0,0,0,0,2021-09-16 14:44:11-05:00
0,0,0,0,0,0,2021-09-16 14:46:00-05:00
0,0,0,0,0,0,2021-09-16 14:47:22-05:00
0,2,0,0,0,0,2021-09-03 13:18:51-05:00
0,0,0,0,0,0,2021-09-16 17:33:23-05:00
0,0,0,0,0,0,2021-09-16 18:27:48-05:00
3,4,0,0,0,0,2021-09-17 20:31:25-05:00
0,0,0,0,0,0,2021-09-22 15:24:12-05:00
0,0,0,0,0,0,2021-09-22 15:24:41-05:00
0,0,0,0,0,0,2021-09-24 13:58:57-05:00
4,4,0,0,0,0,2021-09-24 14:18:42-05:00
5,7,0,0,0,0,2021-09-24 14:35:04-05:00
1,2,0,0,0,0,2021-09-24 14:37:24-05:00
0,0,0,0,0,0,2021-10-04 12:50:34-05:00
0,0,0,0,0,0,2021-10-12 16:02:03-05:00
5,7,0,0,0,0,2021-11-17 21:24:58+00:00
0,0,0,0,0,0,2021-11-22 16:24:45-06:00
0,1,0,0,0,0,2021-11-23 01:34:38+00:00
0,0,0,0,0,0,2021-11-23 01:46:07+00:00
0,1,0,0,0,0,2021-11-23 10:49:27-06:00
0,0,0,0,0,0,2021-11-23 11:23:54-06:00
0,0,0,0,0,0,2021-11-23 11:27:13-06:00
0,0,0,0,0,0,2021-11-23 11:28:36-06:00
0,0,0,0,0,0,2021-11-23 11:41:10-06:00
0,0,0,0,0,0,2021-11-23 15:01:15-06:00
0,1,0,0,0,0,2021-11-23 15:05:32-06:00
0,1,0,0,0,0,2021-11-23 15:15:59-06:00
0,1,0,0,0,0,2021-11-23 15:58:58-06:00
0,1,0,0,0,0,2021-11-23 16:47:33-06:00
0,0,0,0,0,0,2021-11-24 00:18:35-06:00
0,0,0,0,0,0,2021-11-24 00:20:03-06:00
0,0,0,0,0,0,2021-11-24 00:21:08-06:00
0,1,0,0,0,0,2021-11-30 00:53:07+00:00
0,0,0,0,0,0,2021-11-30 23:28:07+00:00
0,0,0,0,0,0,2021-12-02 10:35:10-06:00
0,1,0,0,0,0,2022-02-25 17:51:27-06:00
2,5,1,0,0,0,2022-03-04 17:16:48-06:00
1,3,1,0,0,0,2022-03-06 17:34:14-06:00
0,2,0,0,0,0,2022-03-06 18:38:45-06:00
1,5,0,0,0,0,2022-03-16 11:32:19-05:00
0,1,0,0,0,0,2022-03-16 17:14:00+00:00
0,1,0,0,0,0,2022-03-16 17:24:41+00:00
0,0,0,0,0,0,2022-03-18 18:25:54-05:00
8,15,0,2,0,0,2022-03-19 00:08:04+00:00
2,2,0,1,0,0,2022-03-19 00:17:01+00:00
0,0,0,0,0,0,2022-03-18 19:19:28-05:00
0,0,0,0,0,0,2022-03-21 13:35:16-05:00
1,1,0,0,0,0,2022-03-21 19:54:41+00:00
1,1,0,0,0,0,2022-03-21 20:16:12+00:00
0,0,0,0,0,0,2022-03-21 20:23:32+00:00
0,0,0,0,0,0,2022-03-25 10:15:33-05:00
0,0,0,0,0,0,2022-03-25 10:29:58-05:00
0,0,0,0,0,0,2022-04-20 20:06:16-05:00
0,0,0,0,0,0,2022-05-04 17:12:04-05:00
0,0,0,0,0,0,2022-05-04 17:12:39-05:00
1,1,0,0,0,0,2022-06-06 16:37:36+00:00
0,1,0,0,0,0,2022-06-06 19:34:17-05:00
0,1,0,0,0,0,2022-06-07 13:22:06-05:00
0,0,0,0,0,0,2022-06-07 14:35:27-05:00
1,1,0,0,0,0,2022-06-07 23:04:57-05:00
1,1,0,0,0,0,2022-06-08 10:40:54-05:00
0,0,0,0,0,0,2022-06-08 14:06:46-05:00
0,0,0,0,0,0,2022-06-16 16:40:42-05:00
0,0,0,0,0,0,2022-06-27 16:39:05-05:00
0,0,0,0,0,0,2022-06-27 16:40:09-05:00
