Acquisition,Preparation,Modeling,Training,Evaluation,Prediction,time
0,0,0,0,0,0,2017-08-24 12:53:23+03:00
0,1,0,0,1,0,2017-08-24 14:09:58+03:00
0,0,0,0,0,0,2017-08-24 14:23:03+03:00
0,0,0,0,0,0,2017-08-24 15:31:20+03:00
0,0,0,0,0,0,2017-08-24 15:48:13+03:00
0,1,0,0,0,0,2017-08-24 17:24:29+03:00
0,0,0,0,0,0,2017-08-24 18:07:59+03:00
0,1,0,0,0,0,2017-08-24 19:03:44+03:00
0,0,0,0,0,0,2017-08-24 19:08:03+03:00
0,0,0,0,0,0,2017-08-24 19:21:06+03:00
0,0,0,0,0,0,2017-08-24 19:24:40+03:00
0,1,0,0,0,0,2017-08-24 19:37:12+03:00
0,0,0,0,0,0,2017-08-24 19:58:50+03:00
0,0,0,0,0,0,2017-08-24 20:01:24+03:00
0,0,0,0,0,0,2017-08-24 20:39:00+03:00
0,0,0,0,0,0,2017-08-24 20:46:55+03:00
0,0,0,0,0,0,2017-08-24 20:47:01+03:00
0,0,0,0,0,0,2017-08-25 00:08:23+03:00
0,0,0,0,0,0,2017-08-25 00:15:41+03:00
0,1,0,0,0,0,2017-08-25 00:20:11+03:00
0,1,0,0,0,0,2017-08-25 00:30:41+03:00
0,0,0,0,0,0,2017-08-25 00:32:20+03:00
0,1,0,0,0,0,2017-08-25 00:34:55+03:00
0,2,0,0,0,0,2017-08-25 01:40:51+03:00
0,3,0,0,0,0,2017-08-25 02:03:34+03:00
0,0,0,0,0,0,2017-08-25 02:15:56+03:00
0,1,0,0,0,0,2017-08-25 02:36:23+03:00
0,1,0,0,0,0,2017-08-25 02:43:45+03:00
0,0,0,0,0,0,2017-08-25 02:43:55+03:00
0,0,0,0,0,0,2017-08-25 03:12:16+03:00
0,1,0,0,0,0,2017-08-25 03:13:14+03:00
0,0,0,0,0,0,2017-08-25 03:19:28+03:00
0,1,0,0,0,0,2017-08-25 03:48:30+03:00
0,1,0,0,0,0,2017-08-25 03:50:30+03:00
0,0,0,0,0,0,2017-08-25 03:51:10+03:00
0,1,0,0,0,0,2017-08-25 04:41:52+03:00
0,1,0,0,0,0,2017-08-25 04:43:12+03:00
0,0,0,0,0,0,2017-08-25 04:43:18+03:00
0,0,0,0,0,0,2017-08-25 04:54:09+03:00
0,1,0,0,0,0,2017-08-25 05:10:50+03:00
0,0,0,0,0,0,2017-08-25 05:11:02+03:00
0,1,0,0,0,0,2017-08-25 05:33:39+03:00
0,3,1,1,0,1,2017-08-25 05:50:34+03:00
0,1,0,0,0,0,2017-08-25 06:17:21+03:00
0,0,0,0,0,0,2017-08-25 06:17:43+03:00
0,1,0,0,0,0,2017-08-25 06:18:34+03:00
0,0,0,0,0,0,2017-08-25 06:18:41+03:00
0,0,0,0,0,0,2017-08-25 06:31:41+03:00
0,0,0,0,0,0,2017-08-25 06:36:41+03:00
0,0,0,0,1,0,2017-08-25 06:40:28+03:00
0,0,0,0,0,0,2017-08-25 06:40:44+03:00
0,1,0,0,0,0,2017-08-25 07:07:08+03:00
0,0,0,0,0,0,2017-08-25 07:09:27+03:00
0,0,0,0,0,0,2017-08-25 07:10:08+03:00
0,0,0,0,0,0,2017-08-25 07:10:24+03:00
0,0,0,0,0,0,2017-08-25 07:41:43+03:00
0,0,0,0,0,0,2017-08-25 08:05:09+03:00
0,0,0,0,0,0,2017-08-25 08:05:39+03:00
0,0,0,0,0,0,2017-08-25 08:06:59+03:00
0,1,0,0,0,0,2017-08-25 08:37:24+03:00
0,0,0,0,0,0,2017-08-25 08:49:23+03:00
0,0,0,0,0,0,2017-08-25 08:50:14+03:00
0,0,0,0,0,0,2017-08-25 17:01:58+03:00
0,0,0,0,0,0,2017-08-27 11:36:01+03:00
0,0,0,0,0,0,2018-02-20 19:40:57+02:00
0,0,0,0,0,0,2018-02-20 19:59:38+02:00
0,0,0,0,0,0,2018-02-20 20:03:47+02:00
0,0,0,0,0,0,2018-02-20 20:06:41+02:00
0,0,0,0,0,0,2018-02-20 20:13:06+02:00
0,0,0,0,0,0,2018-02-20 20:17:11+02:00
0,0,0,0,0,0,2018-02-20 20:18:36+02:00
0,0,0,0,0,0,2018-02-20 20:24:43+02:00
0,0,0,0,0,0,2018-02-20 20:29:08+02:00
0,0,0,0,0,0,2018-02-20 20:31:41+02:00
0,1,1,1,0,1,2018-02-20 20:37:10+02:00
0,0,0,0,1,0,2018-02-20 20:53:33+02:00
0,0,0,0,0,0,2018-02-20 21:14:53+02:00
