Acquisition,Preparation,Modeling,Training,Evaluation,Prediction,time
0,0,0,0,0,0,2020-06-23 10:46:23+08:00
0,0,0,0,0,0,2020-06-23 10:47:28+08:00
3,3,1,0,0,0,2020-06-23 10:56:18+08:00
4,5,3,0,1,0,2020-06-23 11:14:12+08:00
2,0,0,1,1,0,2020-06-23 13:42:57+08:00
0,1,0,0,0,0,2020-06-23 20:40:41+08:00
0,0,0,0,0,0,2020-06-23 21:24:07+08:00
2,4,0,0,0,0,2020-06-23 21:25:35+08:00
0,0,0,0,0,0,2020-06-23 21:26:47+08:00
0,3,0,0,0,0,2020-06-23 23:23:08+08:00
0,0,0,0,0,0,2020-06-23 23:30:19+08:00
2,0,0,1,1,0,2020-06-23 23:33:36+08:00
0,1,0,0,0,0,2020-06-23 23:41:07+08:00
0,0,0,0,0,0,2020-06-23 23:43:33+08:00
2,2,0,1,1,0,2020-06-24 12:26:16+08:00
0,0,0,0,0,0,2020-06-24 12:36:24+08:00
1,1,0,0,0,0,2020-06-24 00:07:52+08:00
0,1,0,0,0,0,2020-06-24 12:57:13+08:00
0,0,0,0,0,0,2020-06-24 13:16:44+08:00
1,3,0,1,1,0,2020-06-24 15:38:39+08:00
0,1,0,0,0,0,2020-06-24 15:59:39+08:00
0,0,0,0,0,0,2020-06-24 16:00:50+08:00
1,1,0,1,1,0,2020-06-24 16:24:17+08:00
0,0,0,0,0,0,2020-06-24 16:25:11+08:00
1,1,0,1,1,0,2020-06-24 16:26:24+08:00
0,0,0,0,0,0,2020-06-24 16:27:36+08:00
0,0,0,0,0,0,2020-06-24 08:39:37+00:00
0,0,0,0,0,0,2020-06-24 08:40:58+00:00
0,0,0,0,0,0,2020-06-24 16:41:51+08:00
2,2,0,0,0,0,2020-06-24 20:10:47+08:00
0,0,0,0,0,0,2020-06-24 20:11:46+08:00
1,1,0,0,0,0,2020-06-24 20:48:15+08:00
0,0,0,0,0,0,2020-06-24 20:49:54+08:00
1,1,0,1,1,0,2020-06-24 20:54:22+08:00
0,0,0,0,0,0,2020-06-24 20:56:44+08:00
0,1,0,0,0,0,2020-06-24 21:07:15+08:00
1,1,0,1,1,0,2020-06-24 21:08:49+08:00
0,0,0,0,0,0,2020-06-24 21:09:06+08:00
0,0,0,0,0,0,2020-06-24 21:10:55+08:00
0,0,0,0,0,0,2020-06-24 21:11:12+08:00
0,0,0,0,0,0,2020-06-24 21:13:39+08:00
0,0,0,0,0,0,2020-06-24 21:38:33+08:00
0,0,0,0,0,0,2020-06-24 21:40:38+08:00
0,1,0,0,0,0,2020-06-24 21:41:19+08:00
0,0,0,0,0,0,2020-06-24 21:42:56+08:00
0,1,0,0,0,0,2020-06-24 22:59:05+08:00
0,0,0,0,0,0,2020-06-24 23:03:05+08:00
0,0,0,0,0,0,2020-06-24 23:04:12+08:00
0,0,0,0,0,0,2020-06-24 23:06:47+08:00
2,3,0,1,2,0,2020-06-25 12:19:50+08:00
1,1,0,0,1,0,2020-06-25 12:22:00+08:00
0,0,0,0,0,0,2020-06-25 12:23:53+08:00
0,1,0,0,0,0,2020-06-25 12:24:37+08:00
1,2,0,1,1,0,2020-06-25 13:42:13+08:00
0,1,0,0,0,0,2020-06-25 14:05:11+08:00
0,1,0,0,0,0,2020-06-25 15:05:53+08:00
2,5,0,0,0,0,2020-06-25 16:36:16+08:00
0,1,0,0,0,0,2020-06-25 16:39:08+08:00
1,2,0,1,1,0,2020-06-25 18:01:04+08:00
1,2,0,1,1,0,2020-06-26 12:57:36+08:00
0,0,0,0,0,0,2020-06-26 13:06:10+08:00
0,0,0,0,0,0,2020-06-26 13:14:19+08:00
2,4,0,1,1,0,2020-06-26 13:16:00+08:00
0,1,0,0,0,0,2020-06-26 13:17:58+08:00
0,0,0,0,0,0,2020-06-26 13:18:07+08:00
0,0,0,0,0,0,2020-06-26 13:19:50+08:00
2,5,0,1,1,0,2020-06-26 13:50:35+08:00
0,0,0,0,0,0,2020-06-26 13:51:40+08:00
1,1,0,0,0,0,2020-06-26 13:53:10+08:00
0,0,0,0,0,0,2020-06-26 14:22:32+08:00
0,0,0,0,0,0,2020-06-26 14:23:24+08:00
3,3,1,0,0,0,2020-06-26 16:40:40+08:00
0,0,0,0,0,0,2020-06-26 16:45:34+08:00
2,6,0,1,1,1,2020-06-26 19:37:50+08:00
0,0,0,0,0,0,2020-06-26 19:38:55+08:00
1,2,1,1,1,1,2020-06-26 19:16:41+08:00
0,0,0,0,0,0,2020-06-26 19:43:06+08:00
3,3,1,1,2,1,2020-06-26 21:18:01+08:00
0,0,0,0,0,0,2020-06-26 21:19:22+08:00
2,2,1,1,1,1,2020-06-26 21:49:56+08:00
0,0,0,0,0,0,2020-06-26 21:54:33+08:00
0,0,0,0,0,0,2020-06-26 14:38:04+00:00
0,0,0,0,0,0,2020-06-26 22:38:46+08:00
1,1,1,1,1,1,2020-06-27 00:23:50+08:00
1,2,0,1,1,1,2020-06-27 13:31:37+08:00
0,0,0,0,0,0,2020-06-27 14:00:13+08:00
2,2,0,1,1,1,2020-06-27 14:24:40+08:00
0,0,0,0,0,0,2020-06-27 14:36:30+08:00
1,1,0,1,1,1,2020-06-27 15:49:20+08:00
0,0,0,0,0,0,2020-06-27 16:04:52+08:00
1,1,0,1,1,1,2020-06-27 16:39:50+08:00
0,0,0,0,0,0,2020-06-27 16:43:38+08:00
3,5,1,1,1,1,2020-06-27 22:01:38+08:00
