Acquisition,Preparation,Modeling,Training,Evaluation,Prediction,time
3,3,0,0,0,0,2021-06-30 22:39:02+09:00
2,2,0,1,0,0,2021-07-01 21:00:44+09:00
2,2,0,0,0,0,2021-07-02 07:54:00+09:00
0,0,0,0,0,0,2021-07-02 07:58:38+09:00
1,0,0,0,1,0,2021-07-03 00:58:27+09:00
1,0,0,0,1,0,2021-07-03 01:02:20+09:00
2,2,0,0,2,0,2021-07-04 11:27:03+09:00
2,2,0,2,0,0,2021-07-04 15:06:20+09:00
2,2,0,0,2,0,2021-07-05 21:56:04+09:00
1,1,0,0,1,0,2021-07-05 22:01:23+09:00
2,2,2,2,0,0,2021-07-07 19:12:18+09:00
2,2,0,0,1,0,2021-07-07 23:12:12+09:00
1,1,0,0,0,0,2021-07-07 23:26:28+09:00
0,0,0,0,0,0,2021-07-08 13:43:59+09:00
2,1,0,1,0,0,2021-07-08 15:21:26+09:00
1,1,0,1,0,0,2021-07-08 15:45:34+09:00
2,2,0,0,0,0,2021-07-18 08:59:03+09:00
2,3,0,0,0,0,2021-07-19 11:23:59+09:00
1,3,0,1,0,0,2021-07-21 09:46:10+09:00
1,2,0,1,1,0,2021-07-21 10:16:47+09:00
3,3,0,1,1,0,2021-07-21 11:10:30+09:00
1,1,0,0,0,0,2021-07-21 11:13:28+09:00
1,2,0,0,1,0,2021-07-21 12:03:48+09:00
1,2,1,1,0,1,2021-07-21 12:41:57+09:00
1,1,1,1,0,1,2021-07-23 09:14:54+09:00
1,1,1,1,0,1,2021-07-23 09:16:59+09:00
2,2,1,2,0,0,2021-07-23 11:13:01+09:00
2,2,2,2,0,0,2021-07-23 14:26:05+09:00
1,1,1,1,0,0,2021-07-23 14:29:06+09:00
2,2,2,2,0,0,2021-07-24 21:22:34+09:00
1,1,1,1,0,0,2021-07-24 21:47:37+09:00
2,2,2,2,0,0,2021-07-24 23:00:27+09:00
1,1,1,1,0,0,2021-07-24 23:03:24+09:00
2,2,2,2,0,0,2021-07-25 00:17:35+09:00
1,1,1,1,0,0,2021-07-25 00:50:12+09:00
3,3,3,3,0,0,2021-07-25 10:20:57+09:00
1,1,1,1,1,0,2021-07-25 10:30:27+09:00
2,2,2,2,0,0,2021-07-25 14:26:38+09:00
1,1,1,1,0,0,2021-07-25 15:11:41+09:00
2,2,2,2,0,0,2021-07-25 18:04:28+09:00
1,1,1,1,0,0,2021-07-25 18:37:38+09:00
2,2,2,2,0,0,2021-07-27 11:34:57+09:00
1,1,1,1,0,0,2021-07-27 12:02:31+09:00
2,2,2,2,0,1,2021-07-27 16:53:10+09:00
2,2,2,2,0,2,2021-07-27 18:11:53+09:00
0,0,0,0,0,0,2021-07-27 18:35:03+09:00
0,0,0,0,0,0,2021-07-27 18:36:19+09:00
0,2,0,1,0,0,2021-07-27 18:58:42+09:00
0,2,0,2,0,0,2021-07-27 19:54:53+09:00
0,0,0,0,0,0,2021-07-28 10:34:36+09:00
0,0,0,0,0,0,2021-07-28 10:53:17+09:00
0,0,0,1,1,1,2021-07-28 15:13:46+09:00
0,0,0,1,1,1,2021-07-28 15:28:57+09:00
0,0,0,0,0,0,2021-07-28 16:33:23+09:00
0,0,0,0,0,0,2021-07-28 16:36:45+09:00
0,0,1,1,1,1,2021-07-28 17:03:58+09:00
0,0,1,1,1,1,2021-07-28 17:08:59+09:00
0,0,0,0,0,0,2021-07-29 07:53:04+09:00
0,0,0,0,0,0,2021-07-29 08:42:50+09:00
0,0,1,1,1,1,2021-07-29 08:55:38+09:00
0,0,1,1,1,1,2021-07-29 08:58:20+09:00
0,0,0,0,0,0,2021-07-29 09:31:48+09:00
0,0,0,0,0,0,2021-07-29 09:39:09+09:00
0,0,1,1,1,1,2021-07-29 09:48:38+09:00
0,0,2,2,2,2,2021-07-29 11:38:21+09:00
0,0,0,0,0,0,2021-07-29 11:56:49+09:00
0,0,0,0,0,0,2021-07-29 12:03:28+09:00
0,0,1,1,1,1,2021-07-30 12:40:23+09:00
0,0,2,2,2,2,2021-07-30 16:22:32+09:00
0,0,1,1,1,1,2021-07-30 20:59:19+09:00
0,0,1,1,1,1,2021-07-30 21:09:27+09:00
0,0,1,1,1,1,2021-07-31 08:25:16+09:00
0,0,1,1,1,1,2021-07-31 08:29:28+09:00
1,1,1,1,0,1,2021-08-02 01:13:17+09:00
2,2,2,2,0,2,2021-08-02 01:31:28+09:00
2,2,2,2,0,2,2021-08-02 21:15:15+09:00
0,0,0,0,0,0,2021-08-02 21:27:58+09:00
2,2,2,2,0,2,2021-08-02 21:28:08+09:00
0,0,0,0,0,0,2021-08-02 23:02:09+09:00
0,0,0,0,0,0,2021-08-02 23:05:33+09:00
0,1,0,1,0,0,2021-08-02 23:11:09+09:00
0,1,0,1,0,0,2021-08-02 23:23:46+09:00
0,2,0,0,0,2,2021-08-02 23:37:18+09:00
0,1,0,0,0,1,2021-08-02 23:44:20+09:00
0,1,0,1,0,0,2021-08-03 21:52:54+09:00
0,2,0,2,0,0,2021-08-03 23:43:27+09:00
0,1,0,1,0,0,2021-08-03 23:45:08+09:00
0,2,2,2,2,2,2021-08-04 00:02:55+09:00
0,1,1,1,1,1,2021-08-04 00:04:50+09:00
0,2,2,2,0,0,2021-08-04 21:45:14+09:00
0,1,1,1,0,0,2021-08-04 21:49:25+09:00
0,2,2,2,0,0,2021-08-04 22:59:04+09:00
0,2,2,2,0,0,2021-08-04 23:01:21+09:00
0,2,2,2,0,0,2021-08-04 23:12:34+09:00
0,0,2,2,0,0,2021-08-05 00:06:11+09:00
0,0,1,1,0,0,2021-08-05 00:14:05+09:00
1,1,0,1,0,1,2021-08-29 00:46:59+09:00
0,0,0,0,0,0,2021-08-29 00:47:18+09:00
0,0,0,0,0,0,2021-10-25 19:25:24+09:00
0,0,0,0,0,0,2021-10-25 19:25:35+09:00
0,0,0,0,0,0,2021-10-25 19:26:23+09:00
0,0,0,0,0,0,2021-10-25 20:18:44+09:00
0,0,0,0,0,0,2021-10-25 20:20:31+09:00
