Acquisition,Preparation,Modeling,Training,Evaluation,Prediction,time
1,1,0,0,0,1,2021-03-19 16:32:15+01:00
1,2,1,1,0,1,2021-04-19 13:17:05+02:00
1,2,1,1,0,1,2021-04-19 19:01:39+02:00
1,1,1,1,0,1,2021-04-20 08:25:50+02:00
1,1,1,1,0,1,2021-04-20 20:13:17+02:00
1,1,1,1,0,1,2021-04-28 19:39:18+02:00
1,1,1,1,0,1,2021-04-28 21:43:35+02:00
1,1,1,1,0,1,2021-04-29 11:38:40+02:00
0,0,0,0,0,0,2021-04-29 11:51:37+02:00
1,1,1,1,0,1,2021-04-29 12:35:38+02:00
0,0,0,0,0,0,2021-04-29 12:35:47+02:00
1,1,1,1,0,1,2021-04-30 12:25:47+02:00
1,1,1,1,1,1,2021-04-30 15:22:39+02:00
0,0,0,0,0,0,2021-04-30 15:58:01+02:00
1,2,1,1,1,1,2021-05-05 09:47:41+02:00
1,1,1,1,1,1,2021-05-07 14:33:08+02:00
1,1,1,1,1,1,2021-05-08 20:55:58+02:00
1,1,1,1,1,1,2021-05-11 11:47:35+02:00
4,5,2,2,1,2,2021-05-20 19:38:17+02:00
4,4,1,1,1,2,2021-05-20 22:14:28+02:00
2,2,0,0,1,2,2021-05-20 22:20:00+02:00
1,1,0,1,0,0,2021-05-20 22:24:44+02:00
1,1,0,0,1,1,2021-05-20 22:31:04+02:00
1,1,0,0,1,1,2021-05-20 22:40:12+02:00
2,3,0,0,1,2,2021-05-21 09:45:22+02:00
0,0,0,0,0,0,2021-05-21 09:56:08+02:00
1,2,1,1,0,0,2021-05-21 10:16:22+02:00
0,0,0,0,0,0,2021-05-21 10:17:38+02:00
0,0,0,0,0,0,2021-05-21 10:21:34+02:00
6,8,4,1,3,3,2021-05-25 09:14:30+02:00
0,0,0,0,0,0,2021-05-25 09:18:14+02:00
1,1,1,0,0,0,2021-05-25 09:56:23+02:00
0,0,0,0,0,0,2021-05-25 09:58:15+02:00
1,1,1,0,0,1,2021-05-25 10:07:37+02:00
0,0,0,0,0,0,2021-05-25 12:37:58+02:00
0,0,0,0,0,0,2021-05-25 12:47:41+02:00
0,0,0,0,0,0,2021-05-25 12:57:35+02:00
1,1,1,0,0,1,2021-05-25 13:05:55+02:00
0,0,0,0,0,0,2021-05-25 13:06:13+02:00
0,0,0,0,0,0,2021-05-25 14:05:22+02:00
4,6,2,0,3,2,2021-05-25 14:14:12+02:00
0,0,0,0,0,0,2021-05-25 14:14:38+02:00
1,1,1,0,0,1,2021-05-25 15:24:23+02:00
2,4,3,0,1,1,2021-05-25 16:03:50+02:00
0,0,0,0,0,0,2021-05-25 16:03:53+02:00
5,8,3,1,1,4,2021-05-25 17:59:40+02:00
0,0,0,0,0,0,2021-05-25 19:23:38+02:00
5,7,3,0,3,4,2021-05-26 14:38:29+02:00
0,0,0,0,0,0,2021-05-26 14:38:32+02:00
2,2,0,0,0,2,2021-05-26 15:02:34+02:00
0,0,0,0,0,0,2021-05-26 21:38:06+02:00
0,0,0,0,0,0,2021-05-26 21:42:30+02:00
