Acquisition,Preparation,Modeling,Training,Evaluation,Prediction,time
2,2,1,0,0,1,2019-04-22 13:59:20-07:00
1,1,0,0,0,1,2019-04-23 19:54:10-07:00
2,2,1,0,0,1,2019-04-24 16:18:33-07:00
0,0,0,0,0,0,2019-04-24 16:19:42-07:00
0,1,1,1,0,0,2019-04-24 16:57:47-07:00
1,2,2,1,0,0,2019-04-25 00:56:04+00:00
1,2,1,0,0,0,2019-04-25 18:53:49-07:00
3,3,2,1,0,1,2019-04-27 10:36:01-07:00
1,1,1,0,0,0,2019-04-29 22:22:24+00:00
2,2,1,1,0,1,2019-04-29 22:40:57+00:00
1,1,1,1,0,0,2019-04-29 23:35:45+00:00
0,0,0,0,0,0,2019-04-29 23:38:08+00:00
1,1,1,1,0,0,2019-04-29 23:54:44+00:00
0,0,0,0,0,0,2019-04-30 00:01:20+00:00
3,6,4,1,1,0,2019-05-02 10:57:15-07:00
0,0,0,0,0,0,2019-05-02 11:14:20-07:00
0,0,0,0,0,0,2019-05-02 11:14:46-07:00
0,0,0,0,0,0,2019-05-02 11:32:54-07:00
0,0,0,0,0,0,2019-05-02 11:33:22-07:00
0,0,0,0,0,0,2019-05-02 21:14:11+00:00
1,1,1,0,1,0,2019-05-02 21:19:21+00:00
0,0,0,0,0,0,2019-05-02 21:21:01+00:00
1,1,1,1,0,0,2019-05-02 21:22:00+00:00
0,0,0,0,0,0,2019-05-02 19:47:13-07:00
0,0,0,0,0,0,2019-05-02 19:52:06-07:00
0,1,0,0,0,0,2019-05-03 13:09:55-07:00
1,1,1,1,0,0,2019-05-03 13:14:13-07:00
0,0,0,0,0,0,2019-05-03 13:17:35-07:00
0,0,0,0,0,0,2019-05-03 13:19:26-07:00
0,0,0,0,0,0,2019-05-03 13:22:12-07:00
0,0,0,0,0,0,2019-05-03 13:24:39-07:00
0,0,0,0,0,0,2019-05-03 13:27:03-07:00
1,3,2,0,1,0,2019-05-04 14:41:04-07:00
0,0,0,0,0,0,2019-05-04 15:39:42-07:00
0,0,0,0,0,0,2019-05-04 15:41:40-07:00
0,0,0,0,0,0,2019-05-04 15:53:53-07:00
0,0,0,0,0,0,2019-10-21 18:46:34+00:00
0,0,0,0,0,0,2019-10-22 22:37:59+00:00
0,0,0,0,0,0,2020-02-24 19:10:19+00:00
0,0,0,0,0,0,2020-02-25 19:15:57-08:00
0,0,0,0,0,0,2020-02-26 10:53:23+00:00
0,0,0,0,0,0,2020-02-26 10:53:36+00:00
0,0,0,0,0,0,2020-03-12 17:56:50+00:00
0,0,0,0,0,0,2020-03-31 02:50:13+00:00
0,0,0,0,0,0,2020-05-20 17:00:16+00:00
0,0,0,0,0,0,2020-10-27 21:42:20+00:00
0,0,0,0,0,0,2020-11-18 21:50:49+00:00
0,0,0,0,0,0,2021-01-07 22:56:47+00:00
0,0,0,0,0,0,2021-01-11 19:06:36-08:00
0,0,0,0,0,0,2021-01-11 19:09:56-08:00
0,0,0,0,0,0,2021-01-11 19:10:14-08:00
0,0,0,0,0,0,2021-01-11 19:10:32-08:00
0,0,0,0,0,0,2021-01-11 19:10:40-08:00
0,0,0,0,0,0,2021-01-11 19:10:50-08:00
0,0,0,0,0,0,2021-01-11 19:11:01-08:00
0,0,0,0,0,0,2021-01-11 19:11:11-08:00
0,0,0,0,0,0,2021-01-11 19:11:21-08:00
0,0,0,0,0,0,2021-01-11 19:11:30-08:00
0,0,0,0,0,0,2021-01-11 19:13:16-08:00
0,0,0,0,0,0,2021-01-11 19:15:32-08:00
0,0,0,0,0,0,2021-02-02 21:59:49+00:00
0,0,0,0,0,0,2021-02-08 20:29:50+00:00
0,0,0,0,0,0,2021-02-08 13:42:11-08:00
0,0,0,0,0,0,2021-02-08 13:42:23-08:00
0,0,0,0,0,0,2021-02-10 01:41:03+00:00
0,0,0,0,0,0,2021-02-12 10:58:19-08:00
0,0,0,0,0,0,2021-03-24 18:56:10+00:00
0,0,0,0,0,0,2021-03-25 22:37:01+00:00
0,0,0,0,0,0,2021-03-29 19:27:17+00:00
0,0,0,0,0,0,2021-03-31 19:00:22+00:00
0,0,0,0,0,0,2021-04-09 11:39:52-07:00
0,0,0,0,0,0,2021-04-09 11:40:12-07:00
0,0,0,0,0,0,2021-04-09 11:40:25-07:00
0,0,0,0,0,0,2021-04-09 11:40:37-07:00
0,0,0,0,0,0,2021-04-09 11:54:17-07:00
0,0,0,0,0,0,2021-04-20 18:07:39+00:00
0,0,0,0,0,0,2021-04-24 11:31:16-07:00
0,0,0,0,0,0,2021-04-29 18:49:59-07:00
