Acquisition,Preparation,Modeling,Training,Evaluation,Prediction,time
0,0,0,0,0,0,2013-08-06 11:58:07-07:00
0,0,0,0,0,0,2013-08-07 00:49:36-07:00
0,0,0,0,0,0,2013-08-07 12:13:34-07:00
0,0,0,0,0,0,2013-08-07 22:17:59-07:00
0,0,0,0,0,0,2013-08-08 00:13:44-07:00
0,0,0,0,0,0,2013-08-08 20:39:12-07:00
0,0,0,0,0,0,2013-08-09 14:13:41-07:00
0,1,2,2,0,0,2013-08-09 22:11:15-07:00
0,1,2,2,0,0,2013-08-09 22:36:54-07:00
0,1,1,2,0,0,2013-08-10 02:00:35-07:00
0,0,1,1,0,0,2013-08-10 12:01:24-07:00
0,1,1,2,0,0,2013-08-10 17:49:10-07:00
0,0,0,0,0,0,2013-08-13 01:37:57-07:00
1,3,2,3,0,0,2013-08-14 19:33:00-07:00
0,0,0,0,0,0,2013-08-15 01:14:13-07:00
1,2,0,2,0,0,2013-08-15 14:48:20-07:00
1,1,0,1,0,0,2013-08-15 15:40:45-07:00
1,1,0,1,0,0,2013-08-15 19:55:34-07:00
0,0,0,0,0,0,2013-08-15 20:35:55-07:00
0,0,0,0,0,0,2013-08-15 21:38:49-07:00
0,0,0,0,0,0,2013-08-15 22:11:19-07:00
1,1,1,0,0,0,2013-08-15 22:27:16-07:00
0,1,0,1,0,0,2013-08-16 00:01:55-07:00
0,1,0,1,0,0,2013-08-16 00:07:44-07:00
0,1,0,1,0,0,2013-08-16 00:14:36-07:00
0,1,0,1,0,0,2013-08-16 00:18:35-07:00
0,0,0,0,0,0,2013-08-16 00:57:27-07:00
0,0,0,0,0,0,2013-08-16 01:18:41-07:00
0,0,0,0,0,0,2013-08-16 01:38:08-07:00
0,0,0,0,0,0,2013-08-16 02:02:33-07:00
0,0,0,0,0,0,2013-08-16 14:03:28-07:00
0,0,0,0,0,0,2013-08-16 14:34:03-07:00
0,0,0,0,0,0,2013-08-16 14:44:16-07:00
0,0,0,0,0,0,2013-08-16 14:48:53-07:00
0,1,0,1,0,0,2013-08-17 23:54:12-07:00
0,0,0,0,0,0,2013-08-18 02:23:03-07:00
0,0,0,0,0,0,2013-08-18 18:11:04-07:00
1,3,1,1,0,0,2013-11-15 00:07:10-08:00
0,1,0,0,0,0,2013-11-15 02:19:49-08:00
0,1,0,1,0,0,2013-11-15 14:29:41-08:00
0,1,0,1,0,0,2013-11-15 16:53:20-08:00
0,0,0,0,0,0,2013-11-15 17:14:55-08:00
0,1,0,1,0,0,2013-11-15 22:22:17-08:00
0,1,0,1,0,0,2013-11-15 23:57:19-08:00
0,0,0,0,0,0,2013-11-16 13:43:52-08:00
0,0,0,0,0,0,2013-11-16 15:44:43-08:00
0,0,0,0,0,0,2013-11-16 16:22:01-08:00
0,1,0,1,0,0,2013-12-08 16:15:58-08:00
0,0,0,0,0,0,2013-12-08 17:43:17-08:00
0,0,0,0,0,0,2013-12-08 18:02:31-08:00
0,0,0,0,0,0,2013-12-08 19:21:58-08:00
1,0,0,0,0,0,2013-12-11 20:27:30-08:00
1,2,0,1,0,0,2013-12-11 21:40:06-08:00
0,0,0,0,0,0,2013-12-11 23:27:32-08:00
0,1,0,1,0,0,2013-12-12 21:23:25-08:00
0,1,0,1,0,0,2013-12-13 11:16:31-08:00
0,0,0,0,0,0,2013-12-13 18:59:03-08:00
0,1,0,1,0,0,2014-04-04 00:38:12-07:00
0,0,0,0,0,0,2014-04-04 00:38:50-07:00
0,0,0,0,0,0,2014-04-04 00:43:28-07:00
0,0,0,0,0,0,2014-04-04 01:32:04-07:00
