Acquisition,Preparation,Modeling,Training,Evaluation,Prediction,time
0,0,0,0,0,0,2019-10-02 11:46:38-05:00
4,5,0,0,0,0,2020-02-04 20:21:02-06:00
0,0,0,0,0,0,2020-02-05 14:27:03-06:00
0,1,0,0,0,0,2020-02-05 14:31:19-06:00
1,2,0,0,0,0,2020-02-05 23:30:31-06:00
0,0,0,0,0,0,2020-02-06 12:32:23-06:00
5,6,2,2,0,2,2020-02-07 10:56:02-06:00
0,0,0,0,0,0,2020-02-07 11:01:41-06:00
1,1,0,0,0,0,2020-02-07 11:05:37-06:00
1,1,1,1,0,1,2020-02-11 13:29:33-06:00
1,1,0,0,0,0,2020-02-12 09:46:54-06:00
1,1,0,0,0,0,2020-02-12 13:34:43-06:00
0,0,0,0,0,0,2020-02-13 11:19:07-06:00
1,1,0,0,1,0,2020-02-13 13:31:34-06:00
9,9,0,0,1,1,2020-02-13 17:48:11-06:00
0,0,0,0,0,0,2020-02-13 18:16:57-06:00
1,1,0,0,0,1,2020-02-13 19:07:30-06:00
0,0,0,0,0,0,2020-02-13 19:12:19-06:00
0,0,0,0,0,0,2020-02-13 20:43:59-06:00
0,0,0,0,0,0,2020-02-14 13:10:38-06:00
0,0,0,0,0,0,2020-02-14 13:10:59-06:00
2,3,2,2,0,2,2020-02-14 14:24:15-06:00
0,0,0,0,0,0,2020-02-14 15:05:07-06:00
0,0,0,0,0,0,2020-02-14 15:07:36-06:00
0,0,0,0,0,0,2020-02-14 16:00:42-06:00
0,0,0,0,0,0,2020-02-14 16:05:33-06:00
1,1,0,0,1,0,2020-02-14 17:16:39-06:00
0,0,0,0,0,0,2020-02-14 17:34:02-06:00
0,0,0,0,0,0,2020-02-14 18:26:59-06:00
0,0,0,0,0,0,2020-02-15 10:58:01-06:00
0,0,0,0,0,0,2020-03-03 17:53:04-06:00
0,0,0,0,0,0,2020-03-03 17:53:38-06:00
1,1,0,0,0,0,2020-03-06 15:26:51-06:00
0,0,0,0,0,0,2020-03-06 15:28:38-06:00
0,0,0,0,0,0,2020-03-06 15:45:23-06:00
0,0,0,0,0,0,2020-03-06 15:54:52-06:00
0,0,0,0,0,0,2020-03-08 15:52:05-05:00
0,0,0,0,0,0,2020-03-10 15:32:02-06:00
0,0,0,0,0,0,2020-03-10 15:38:56-06:00
0,0,0,0,0,0,2020-03-10 16:31:08-06:00
0,0,0,0,0,0,2020-03-11 12:54:37-05:00
0,0,0,0,0,0,2020-03-11 14:06:41-05:00
0,0,0,0,0,0,2020-03-11 16:15:48-05:00
1,1,0,0,0,1,2020-03-11 19:31:18-05:00
0,0,0,0,0,0,2020-03-11 19:31:50-05:00
0,0,0,0,0,0,2020-03-23 15:31:02-05:00
1,1,0,0,0,1,2020-03-23 17:47:41-05:00
1,1,0,0,0,1,2020-03-23 17:49:18-05:00
0,0,0,0,0,0,2020-03-23 17:50:31-05:00
3,3,0,0,0,3,2020-03-23 17:52:53-05:00
3,3,0,0,0,1,2020-03-25 11:44:24-05:00
1,1,0,0,0,0,2020-03-25 12:14:37-05:00
3,3,0,0,0,0,2020-03-25 13:50:42-05:00
2,2,0,0,0,0,2020-03-28 20:59:54-05:00
1,1,0,0,0,0,2020-03-28 21:54:23-05:00
3,4,0,0,0,0,2020-03-30 11:41:45-05:00
1,1,0,0,0,0,2020-04-01 11:03:14-05:00
1,2,0,0,0,0,2020-04-03 14:46:49-05:00
1,2,0,0,0,0,2020-04-07 21:28:14-05:00
1,1,0,0,0,0,2020-04-07 21:30:34-05:00
2,2,0,0,0,0,2020-04-08 14:39:24-05:00
1,1,0,0,0,0,2020-04-08 15:29:57-05:00
1,1,0,0,0,0,2020-04-09 12:54:10-05:00
1,1,0,0,0,0,2020-04-13 17:43:43-05:00
1,1,0,0,0,0,2020-04-30 17:28:02-05:00
0,0,0,0,0,0,2020-04-30 17:53:18-05:00
0,0,0,0,0,0,2020-04-30 17:54:18-05:00
